M omega,Re(tilde_Psi_4),Im(tilde_Psi_4)
-4.0,-6.140135837591409e-20,2.971407782328377e-21
-3.999,-6.220978215116474e-20,2.9852563035280862e-21
-3.998,-6.302884873169622e-20,2.9989293984296236e-21
-3.997,-6.385869818718986e-20,3.0124196945805753e-21
-3.996,-6.469947242981161e-20,3.025719650839888e-21
-3.995,-6.555131523842889e-20,3.038821554144063e-21
-3.994,-6.64143722831455e-20,3.051717516216462e-21
-3.993,-6.728879115015862e-20,3.064399470218771e-21
-3.992,-6.817472136694201e-20,3.0768591673436478e-21
-3.991,-6.907231442776011e-20,3.0890881733475837e-21
-3.99,-6.998172381951679e-20,3.1010778650229713e-21
-3.989,-7.090310504794359e-20,3.112819426608367e-21
-3.988,-7.183661566413176e-20,3.1243038461359203e-21
-3.987,-7.278241529141252e-20,3.135521911714918e-21
-3.986,-7.374066565259022e-20,3.1464642077503843e-21
-3.985,-7.471153059753298e-20,3.1571211110956496e-21
-3.984,-7.569517613112548e-20,3.1674827871377953e-21
-3.983,-7.66917704415887e-20,3.1775391858148534e-21
-3.982,-7.770148392917135e-20,3.187280037563629e-21
-3.981,-7.872448923521791e-20,3.1966948491969927e-21
-3.98,-7.976096127161818e-20,3.2057728997094708e-21
-3.979,-8.081107725064341e-20,3.214503236009945e-21
-3.978,-8.187501671517396e-20,3.2228746685802484e-21
-3.977,-8.295296156932375e-20,3.2308757670584355e-21
-3.976,-8.40450961094666e-20,3.2384948557454716e-21
-3.975,-8.515160705566975e-20,3.2457200090340765e-21
-3.974,-8.627268358353998e-20,3.2525390467584336e-21
-3.973,-8.740851735648754e-20,3.2589395294634527e-21
-3.972,-8.855930255841362e-20,3.264908753592258e-21
-3.971,-8.972523592682673e-20,3.2704337465905513e-21
-3.97,-9.090651678639358e-20,3.2755012619264685e-21
-3.969,-9.210334708293032e-20,3.280097774024546e-21
-3.968,-9.331593141783988e-20,3.284209473112368e-21
-3.967,-9.454447708300097e-20,3.2878222599784623e-21
-3.966,-9.578919409611515e-20,3.2909217406399737e-21
-3.965,-9.705029523651748e-20,3.2934932209186347e-21
-3.964,-9.832799608145719e-20,3.2955217009235155e-21
-3.963,-9.962251504285428e-20,3.2969918694390252e-21
-3.962,-1.0093407340453847e-19,3.297888098216599e-21
-3.961,-1.0226289535997672e-19,3.2981944361684877e-21
-3.96,-1.036092080504956e-19,3.2978946034620454e-21
-3.959,-1.0497324160400535e-19,3.2969719855128667e-21
-3.958,-1.0635522917423178e-19,3.295409626875128e-21
-3.957,-1.0775540698046295e-19,3.29319022502743e-21
-3.956,-1.0917401434781728e-19,3.2902961240524357e-21
-3.955,-1.1061129374803988e-19,3.2867093082085547e-21
-3.954,-1.1206749084083408e-19,3.282411395391909e-21
-3.953,-1.1354285451573509e-19,3.2773836304867767e-21
-3.952,-1.1503763693453302e-19,3.27160687860269e-21
-3.951,-1.165520935742524e-19,3.2650616181963255e-21
-3.95,-1.180864832706953e-19,3.257727934076309e-21
-3.949,-1.1964106826255573e-19,3.249585510289011e-21
-3.948,-1.212161142361127e-19,3.2406136228833865e-21
-3.947,-1.2281189037050933e-19,3.2307911325528908e-21
-3.946,-1.2442866938362593e-19,3.2200964771524487e-21
-3.945,-1.260667275785548e-19,3.208507664088445e-21
-3.944,-1.277263448906843e-19,3.1960022625796612e-21
-3.943,-1.2940780493540078e-19,3.1825573957870476e-21
-3.942,-1.3111139505641583e-19,3.1681497328101986e-21
-3.941,-1.3283740637472735e-19,3.1527554805483473e-21
-3.94,-1.3458613383822285e-19,3.1363503754236803e-21
-3.939,-1.3635787627193306e-19,3.118909674964723e-21
-3.938,-1.3815293642894464e-19,3.1004081492475167e-21
-3.937,-1.399716210419804e-19,3.080820072192276e-21
-3.936,-1.4181424087565607e-19,3.06011921271317e-21
-3.935,-1.4368111077942204e-19,3.0382788257188382e-21
-3.934,-1.4557254974119955e-19,3.015271642961217e-21
-3.933,-1.4748888094171984e-19,2.99106986373021e-21
-3.932,-1.494304318095761e-19,2.9656451453916907e-21
-3.931,-1.5139753407699692e-19,2.9389685937663052e-21
-3.93,-1.5339052383635124e-19,2.9110107533464783e-21
-3.929,-1.5540974159739387e-19,2.881741597349004e-21
-3.928,-1.5745553234526165e-19,2.8511305176005512e-21
-3.927,-1.5952824559923e-19,2.8191463142533748e-21
-3.926,-1.6162823547223956e-19,2.7857571853284786e-21
-3.925,-1.637558607312033e-19,2.7509307160834375e-21
-3.924,-1.659114848581042e-19,2.714633868202035e-21
-3.923,-1.6809547611189378e-19,2.6768329688028334e-21
-3.922,-1.7030820759120206e-19,2.637493699263743e-21
-3.921,-1.7255005729786954e-19,2.596581083859622e-21
-3.92,-1.7482140820131177e-19,2.554059478209866e-21
-3.919,-1.7712264830372785e-19,2.5098925575329378e-21
-3.918,-1.7945417070616342e-19,2.4640433047046965e-21
-3.917,-1.8181637367543948e-19,2.4164739981173724e-21
-3.916,-1.8420966071195853e-19,2.3671461993359554e-21
-3.915,-1.8663444061839942e-19,2.3160207405487383e-21
-3.914,-1.8909112756931216e-19,2.2630577118086853e-21
-3.913,-1.9158014118162531e-19,2.208216448062254e-21
-3.912,-1.9410190658607687e-19,2.1514555159622446e-21
-3.911,-1.9665685449958156e-19,2.0927327004611947e-21
-3.91,-1.9924542129854624e-19,2.032004991181783e-21
-3.909,-2.0186804909314632e-19,1.9692285685606503e-21
-3.908,-2.0452518580257503e-19,1.904358789761989e-21
-3.907,-2.0721728523127914e-19,1.837350174357199e-21
-3.906,-2.0994480714619326e-19,1.7681563897668406e-21
-3.905,-2.1270821735498636e-19,1.696730236461064e-21
-3.904,-2.1550798778533328e-19,1.6230236329146352e-21
-3.903,-2.1834459656522503e-19,1.546987600312606e-21
-3.902,-2.212185281043311e-19,1.4685722470026317e-21
-3.901,-2.241302731764279e-19,1.3877267526898593e-21
-3.9,-2.2708032900290693e-19,1.3043993523702563e-21
-3.899,-2.3006919933737697e-19,1.2185373199981838e-21
-3.898,-2.3309739455137473e-19,1.1300869518839462e-21
-3.897,-2.36165431721198e-19,1.0389935498169892e-21
-3.896,-2.392738347158765e-19,9.45201403910347e-22
-3.895,-2.42423134286295e-19,8.486537751618696e-22
-3.894,-2.4561386815548382e-19,7.4929287772769515e-22
-3.893,-2.4884658111009193e-19,6.470598609033544e-22
-3.892,-2.5212182509305827e-19,5.418947908078299e-22
-3.891,-2.554401592974969e-19,4.337366317658121e-22
-3.89,-2.588021502618113e-19,3.225232273833263e-22
-3.889,-2.6220837196605525e-19,2.0819128131182319e-22
-3.888,-2.6565940592955486e-19,9.067633769575279e-23
-3.887,-2.6915584130980956e-19,-3.00872387014378e-23
-3.886,-2.726982750026879e-19,-1.5416628269802193e-22
-3.885,-2.7628731174393605e-19,-2.816288492266448e-22
-3.884,-2.7992356421201484e-19,-4.1254423420421e-22
-3.883,-2.8360765313228395e-19,-5.46982995744384e-22
-3.882,-2.873402073825501e-19,-6.850169757181876e-22
-3.881,-2.9112186409999716e-19,-8.267193216682257e-22
-3.88,-2.9495326878951676e-19,-9.721645090821984e-22
-3.879,-2.9883507543345675e-19,-1.121428364031417e-21
-3.878,-3.0276794660280705e-19,-1.274588086180149e-21
-3.877,-3.0675255356984084e-19,-1.4317222721716926e-21
-3.876,-3.107895764222307e-19,-1.5929109393971893e-21
-3.875,-3.1487970417865843e-19,-1.7582355501532636e-21
-3.874,-3.190236349059389e-19,-1.9277790361946805e-21
-3.873,-3.2322207583767616e-19,-2.1016258236883098e-21
-3.872,-3.2747574349447417e-19,-2.2798618585747754e-21
-3.871,-3.3178536380571964e-19,-2.4625746323442797e-21
-3.87,-3.361516722329603e-19,-2.6498532082331836e-21
-3.869,-3.405754138948969e-19,-2.84178824784803e-21
-3.868,-3.4505734369401228e-19,-3.0384720382238045e-21
-3.867,-3.4959822644485713e-19,-3.239998519323329e-21
-3.866,-3.5419883700401504e-19,-3.446463311984791e-21
-3.865,-3.5885996040176836e-19,-3.657963746324529e-21
-3.864,-3.6358239197548744e-19,-3.8745988906022874e-21
-3.863,-3.6836693750476524e-19,-4.096469580556296e-21
-3.862,-3.7321441334832056e-19,-4.323678449215599e-21
-3.861,-3.781256465826929e-19,-4.556329957197234e-21
-3.86,-3.8310147514275184e-19,-4.7945304234959105e-21
-3.859,-3.881427479640455e-19,-5.038388056774019e-21
-3.858,-3.9325032512701133e-19,-5.2880129871598895e-21
-3.857,-3.9842507800307395e-19,-5.543517298562337e-21
-3.856,-4.0366788940265446e-19,-5.805015061509684e-21
-3.855,-4.089796537251162e-19,-6.072622366521551e-21
-3.854,-4.1436127711067264e-19,-6.346457358021847e-21
-3.853,-4.198136775942821e-19,-6.6266402688015256e-21
-3.852,-4.253377852615563e-19,-6.91329345503979e-21
-3.851,-4.3093454240670836e-19,-7.206541431892589e-21
-3.85,-4.366049036925666e-19,-7.50651090965736e-21
-3.849,-4.423498363126823e-19,-7.813330830523121e-21
-3.848,-4.481703201555572e-19,-8.127132405915175e-21
-3.847,-4.540673479710196e-19,-8.448049154443796e-21
-3.846,-4.600419255387767e-19,-8.776216940466443e-21
-3.845,-4.66095071839171e-19,-9.111774013273183e-21
-3.844,-4.722278192261705e-19,-9.454861046905152e-21
-3.843,-4.784412136026214e-19,-9.805621180616046e-21
-3.842,-4.847363145977924e-19,-1.0164200059986782e-20
-3.841,-4.911141957472416e-19,-1.0530745878703611e-20
-3.84,-4.975759446750344e-19,-1.0905409421010168e-20
-3.839,-5.041226632783458e-19,-1.1288344104844043e-20
-3.838,-5.107554679144749e-19,-1.1679706025668687e-20
-3.837,-5.174754895903068e-19,-1.2079654001011589e-20
-3.836,-5.2428387415425e-19,-1.248834961571983e-20
-3.835,-5.311817824906842e-19,-1.2905957267944339e-20
-3.834,-5.38170390716951e-19,-1.3332644215864277e-20
-3.833,-5.452508903829191e-19,-1.3768580625163227e-20
-3.832,-5.524244886731593e-19,-1.421393961726899e-20
-3.831,-5.59692408611762e-19,-1.4668897318368996e-20
-3.83,-5.670558892698334e-19,-1.5133632909213546e-20
-3.829,-5.745161859757025e-19,-1.560832867571922e-20
-3.828,-5.820745705278778e-19,-1.6093170060385052e-20
-3.827,-5.89732331410786e-19,-1.6588345714534254e-20
-3.826,-5.97490774013332e-19,-1.7094047551394398e-20
-3.825,-6.0535122085031515e-19,-1.7610470800029274e-20
-3.824,-6.133150117867388e-19,-1.8137814060135748e-20
-3.823,-6.213835042650527e-19,-1.8676279357719215e-20
-3.822,-6.295580735353649e-19,-1.9226072201661427e-20
-3.821,-6.378401128886613e-19,-1.978740164119468e-20
-3.82,-6.462310338930749e-19,-2.0360480324296567e-20
-3.819,-6.547322666332409e-19,-2.0945524557019747e-20
-3.818,-6.633452599527804e-19,-2.1542754363771357e-20
-3.817,-6.720714816999528e-19,-2.2152393548556957e-20
-3.816,-6.809124189765172e-19,-2.2774669757204104e-20
-3.815,-6.898695783898463e-19,-2.3409814540580922e-20
-3.814,-6.989444863083343e-19,-2.4058063418825187e-20
-3.813,-7.081386891201411e-19,-2.471965594659981e-20
-3.812,-7.174537534953174e-19,-2.5394835779390736e-20
-3.811,-7.268912666513543e-19,-2.6083850740863546e-20
-3.81,-7.364528366222019e-19,-2.6786952891295392e-20
-3.809,-7.461400925308018e-19,-2.7504398597098985e-20
-3.808,-7.559546848651806e-19,-2.8236448601455773e-20
-3.807,-7.658982857581486e-19,-2.898336809607564e-20
-3.806,-7.759725892706525e-19,-2.9745426794100633e-20
-3.805,-7.861793116788299e-19,-3.052289900417077e-20
-3.804,-7.965201917648112e-19,-3.1316063705669856e-20
-3.803,-8.069969911113208e-19,-3.21252046251699e-20
-3.802,-8.176114944001257e-19,-3.2950610314092766e-20
-3.801,-8.283655097143812e-19,-3.379257422760806e-20
-3.8,-8.392608688449247e-19,-3.465139480478653e-20
-3.799,-8.502994276005705e-19,-3.552737555002861e-20
-3.798,-8.61483066122455e-19,-3.642082511578791e-20
-3.797,-8.72813689202487e-19,-3.7332057386609914e-20
-3.796,-8.842932266059564e-19,-3.826139156450638e-20
-3.795,-8.959236333983538e-19,-3.920915225568616e-20
-3.794,-9.077068902764593e-19,-4.017566955866372e-20
-3.793,-9.196450039037509e-19,-4.116127915376669e-20
-3.792,-9.317400072501942e-19,-4.21663223940643e-20
-3.791,-9.439939599364667e-19,-4.31911463977388e-20
-3.79,-9.564089485826754e-19,-4.423610414192231e-20
-3.789,-9.689870871616266e-19,-4.530155455802195e-20
-3.788,-9.817305173567074e-19,-4.6387862628556335e-20
-3.787,-9.946414089244383e-19,-4.7495399485527e-20
-3.786,-1.0077219600617568e-18,-4.862454251034859e-20
-3.785,-1.0209743977780957e-18,-4.977567543536207e-20
-3.784,-1.0344009782723172e-18,-5.0949188446955535e-20
-3.783,-1.0480039873145653e-18,-5.2145478290317635e-20
-3.782,-1.0617857406331028e-18,-5.3364948375848955e-20
-3.781,-1.0757485843061947e-18,-5.460800888725708e-20
-3.78,-1.089894895159106e-18,-5.587507689136157e-20
-3.779,-1.1042270811662799e-18,-5.71665764496353e-20
-3.778,-1.118747581858763e-18,-5.848293873150916e-20
-3.777,-1.1334588687369461e-18,-5.982460212946752e-20
-3.776,-1.1483634456886913e-18,-6.119201237596219e-20
-3.775,-1.1634638494129115e-18,-6.258562266217298e-20
-3.774,-1.178762649848679e-18,-6.400589375864386e-20
-3.773,-1.1942624506099288e-18,-6.545329413782335e-20
-3.772,-1.2099658894258347e-18,-6.69283000985389e-20
-3.771,-1.2258756385869282e-18,-6.843139589243529e-20
-3.77,-1.2419944053970373e-18,-6.996307385240732e-20
-3.769,-1.2583249326311194e-18,-7.152383452305778e-20
-3.768,-1.274869998999066e-18,-7.311418679321201e-20
-3.767,-1.2916324196155551e-18,-7.473464803052103e-20
-3.766,-1.3086150464760327e-18,-7.638574421818539e-20
-3.765,-1.3258207689389006e-18,-7.806801009383269e-20
-3.764,-1.3432525142139911e-18,-7.978198929058206e-20
-3.763,-1.3609132478574142e-18,-8.152823448032945e-20
-3.762,-1.3788059742728534e-18,-8.330730751928809e-20
-3.761,-1.3969337372194004e-18,-8.511977959581892e-20
-3.76,-1.4152996203260102e-18,-8.696623138058656e-20
-3.759,-1.433906747612663e-18,-8.884725317907664e-20
-3.758,-1.452758284018321e-18,-9.076344508651092e-20
-3.757,-1.4718574359357673e-18,-9.271541714519751e-20
-3.756,-1.4912074517534175e-18,-9.47037895043536e-20
-3.755,-1.5108116224041927e-18,-9.672919258243886e-20
-3.754,-1.5306732819215491e-18,-9.879226723203852e-20
-3.753,-1.5507958080027522e-18,-1.0089366490733529e-19
-3.752,-1.5711826225794949e-18,-1.0303404783421003e-19
-3.751,-1.5918371923959502e-18,-1.0521408918301203e-19
-3.75,-1.6127630295943595e-18,-1.0743447324403985e-19
-3.749,-1.6339636923082504e-18,-1.0969589560577456e-19
-3.748,-1.655442785263386e-18,-1.1199906333590797e-19
-3.747,-1.6772039603865438e-18,-1.1434469516520877e-19
-3.746,-1.699250917422229e-18,-1.1673352167427051e-19
-3.745,-1.7215874045574203e-18,-1.1916628548318579e-19
-3.744,-1.7442172190544585e-18,-1.2164374144419153e-19
-3.743,-1.7671442078921787e-18,-1.2416665683733165e-19
-3.742,-1.790372268415395e-18,-1.26735811569183e-19
-3.741,-1.8139053489928475e-18,-1.293519983746922e-19
-3.74,-1.8377474496837184e-18,-1.3201602302217106e-19
-3.739,-1.8619026229128306e-18,-1.3472870452149923e-19
-3.738,-1.886374974154643e-18,-1.374908753355838e-19
-3.737,-1.9111686626261507e-18,-1.403033815951251e-19
-3.736,-1.936287901988813e-18,-1.4316708331674088e-19
-3.735,-1.9617369610596222e-18,-1.4608285462449923e-19
-3.734,-1.987520164531431e-18,-1.4905158397491354e-19
-3.733,-2.0136418937026618e-18,-1.5207417438545241e-19
-3.732,-2.04010658721652e-18,-1.5515154366661872e-19
-3.731,-2.0669187418098268e-18,-1.582846246576523e-19
-3.73,-2.0940829130716086e-18,-1.6147436546591276e-19
-3.729,-2.121603716211559e-18,-1.647217297099979e-19
-3.728,-2.149485826838508e-18,-1.680276967666561e-19
-3.727,-2.1777339817490242e-18,-1.713932620215505e-19
-3.726,-2.2063529797262835e-18,-1.7481943712393398e-19
-3.725,-2.235347682349339e-18,-1.7830725024529556e-19
-3.724,-2.26472301481292e-18,-1.818577463420385e-19
-3.723,-2.294483966757908e-18,-1.8547198742225253e-19
-3.722,-2.324635593112618e-18,-1.8915105281664286e-19
-3.721,-2.355183014945028e-18,-1.9289603945367955e-19
-3.72,-2.386131420326104e-18,-1.9670806213903248e-19
-3.719,-2.417486065204355e-18,-2.0058825383935697e-19
-3.718,-2.4492522742917736e-18,-2.0453776597049758e-19
-3.717,-2.4814354419613e-18,-2.085577686901771e-19
-3.716,-2.5140410331559666e-18,-2.1264945119523985e-19
-3.715,-2.5470745843098715e-18,-2.1681402202351921e-19
-3.714,-2.580541704281133e-18,-2.2105270936039996e-19
-3.713,-2.6144480752969827e-18,-2.253667613501474e-19
-3.712,-2.648799453911153e-18,-2.297574464120767e-19
-3.711,-2.6836016719737186e-18,-2.3422605356163573e-19
-3.71,-2.7188606376135542e-18,-2.387738927364779e-19
-3.709,-2.7545823362335723e-18,-2.4340229512759986e-19
-3.708,-2.7907728315189015e-18,-2.481126135156232e-19
-3.707,-2.8274382664581833e-18,-2.5290622261229743e-19
-3.706,-2.864584864378145e-18,-2.5778451940730523e-19
-3.705,-2.902218929991632e-18,-2.627489235204505e-19
-3.704,-2.940346850459264e-18,-2.6780087755931186e-19
-3.703,-2.978975096464901e-18,-2.729418474824448e-19
-3.702,-3.018110223305088e-18,-2.7817332296821803e-19
-3.701,-3.0577588719926707e-18,-2.8349681778936903e-19
-3.7,-3.097927770374752e-18,-2.8891387019336793e-19
-3.699,-3.1386237342651916e-18,-2.944260432886764e-19
-3.698,-3.1798536685918196e-18,-3.000349254369937e-19
-3.697,-3.2216245685585684e-18,-3.057421306515797e-19
-3.696,-3.2639435208227085e-18,-3.115492990017487e-19
-3.695,-3.306817704687387e-18,-3.174580970236282e-19
-3.694,-3.350254393309665e-18,-3.2347021813727767e-19
-3.693,-3.3942609549242543e-18,-3.295873830702651e-19
-3.692,-3.438844854083162e-18,-3.358113402877996e-19
-3.691,-3.484013652911436e-18,-3.421438664295203e-19
-3.69,-3.529775012379241e-18,-3.4858676675304303e-19
-3.689,-3.576136693590447e-18,-3.551418755843673e-19
-3.688,-3.6231065590879786e-18,-3.6181105677524986e-19
-3.687,-3.6706925741761085e-18,-3.68596204167649e-19
-3.686,-3.7189028082599394e-18,-3.754992420653491e-19
-3.685,-3.767745436202283e-18,-3.825221257128742e-19
-3.684,-3.817228739698166e-18,-3.8966684178180133e-19
-3.683,-3.867361108667193e-18,-3.969354088645878e-19
-3.682,-3.918151042663989e-18,-4.0432987797602475e-19
-3.681,-3.969607152306964e-18,-4.1185233306243567e-19
-3.68,-4.021738160725636e-18,-4.1950489151873584e-19
-3.679,-4.074552905026747e-18,-4.272897047134734e-19
-3.678,-4.1280603377794204e-18,-4.352089585219738e-19
-3.677,-4.182269528519595e-18,-4.4326487386771e-19
-3.676,-4.237189665274011e-18,-4.51459707272025e-19
-3.675,-4.2928300561039624e-18,-4.5979575141233345e-19
-3.674,-4.34920013066911e-18,-4.68275335688929e-19
-3.673,-4.406309441811582e-18,-4.769008268005339e-19
-3.672,-4.4641676671606544e-18,-4.85674629328717e-19
-3.671,-4.5227846107582414e-18,-4.945991863313211e-19
-3.67,-4.582170204705507e-18,-5.036769799450324e-19
-3.669,-4.642334510830832e-18,-5.129105319972336e-19
-3.668,-4.7032877223794356e-18,-5.223024046272807e-19
-3.667,-4.765040165724928e-18,-5.318552009173469e-19
-3.666,-4.827602302103067e-18,-5.415715655329797e-19
-3.665,-4.890984729368017e-18,-5.514541853735171e-19
-3.664,-4.9551981837713985e-18,-5.615057902325155e-19
-3.663,-5.020253541764416e-18,-5.717291534683384e-19
-3.662,-5.08616182182337e-18,-5.821270926850625e-19
-3.661,-5.152934186298851e-18,-5.927024704238566e-19
-3.66,-5.220581943288927e-18,-6.034581948649927e-19
-3.659,-5.289116548536619e-18,-6.143972205406517e-19
-3.658,-5.3585496073520055e-18,-6.255225490586854e-19
-3.657,-5.428892876559239e-18,-6.368372298375038e-19
-3.656,-5.500158266468831e-18,-6.483443608522533e-19
-3.655,-5.5723578428755055e-18,-6.600470893924614e-19
-3.654,-5.645503829081963e-18,-6.719486128313172e-19
-3.653,-5.719608607948888e-18,-6.840521794067678e-19
-3.652,-5.79468472397154e-18,-6.963610890146081e-19
-3.651,-5.870744885383267e-18,-7.088786940137458e-19
-3.65,-5.947801966286288e-18,-7.216084000438275e-19
-3.649,-6.025869008810108e-18,-7.345536668554119e-19
-3.648,-6.104959225297905e-18,-7.477180091528808e-19
-3.647,-6.18508600052126e-18,-7.611049974502811e-19
-3.646,-6.2662628939236e-18,-7.74718258940294e-19
-3.645,-6.348503641892712e-18,-7.885614783765287e-19
-3.644,-6.43182216006271e-18,-8.026383989693457e-19
-3.643,-6.51623254564584e-18,-8.169528232954104e-19
-3.642,-6.601749079794491e-18,-8.315086142211883e-19
-3.641,-6.688386229993827e-18,-8.463096958405922e-19
-3.64,-6.7761586524854075e-18,-8.613600544269935e-19
-3.639,-6.8650811947222184e-18,-8.766637393998184e-19
-3.638,-6.955168897855502e-18,-8.922248643059473e-19
-3.637,-7.046436999253807e-18,-9.080476078161418e-19
-3.636,-7.138900935054668e-18,-9.241362147367277e-19
-3.635,-7.232576342749342e-18,-9.404949970367639e-19
-3.634,-7.327479063801012e-18,-9.571283348909319e-19
-3.633,-7.423625146296911e-18,-9.740406777383825e-19
-3.632,-7.521030847634785e-18,-9.912365453577834e-19
-3.631,-7.61971263724415e-18,-1.0087205289588095e-18
-3.63,-7.719687199342785e-18,-1.0264972922903275e-18
-3.629,-7.820971435728908e-18,-1.0445715727655255e-18
-3.628,-7.92358246860952e-18,-1.0629481826042435e-18
-3.627,-8.02753764346535e-18,-1.0816320099927652e-18
-3.626,-8.132854531952889e-18,-1.1006280202613351e-18
-3.625,-8.239550934844004e-18,-1.119941257079669e-18
-3.624,-8.347644885003592e-18,-1.1395768436707274e-18
-3.623,-8.457154650405762e-18,-1.159539984043032e-18
-3.622,-8.568098737189084e-18,-1.1798359642417995e-18
-3.621,-8.680495892751338e-18,-1.2004701536191828e-18
-3.62,-8.794365108884348e-18,-1.2214480061239031e-18
-3.619,-8.909725624949348e-18,-1.2427750616105682e-18
-3.618,-9.026596931093455e-18,-1.2644569471689738e-18
-3.617,-9.144998771507741e-18,-1.2864993784736896e-18
-3.616,-9.26495114772747e-18,-1.3089081611542334e-18
-3.615,-9.386474321975012e-18,-1.3316891921861485e-18
-3.614,-9.509588820546001e-18,-1.3548484613032962e-18
-3.613,-9.634315437239309e-18,-1.378392052431684e-18
-3.612,-9.760675236831347e-18,-1.402326145145154e-18
-3.611,-9.888689558595336e-18,-1.4266570161432643e-18
-3.61,-1.001838001986606e-17,-1.4513910407516917e-18
-3.609,-1.0149768519650721e-17,-1.476534694445501e-18
-3.608,-1.0282877242286498e-17,-1.5020945543956222e-18
-3.607,-1.0417728661145365e-17,-1.528077301038887e-18
-3.606,-1.0554345542386835e-17,-1.5544897196719782e-18
-3.605,-1.0692750948759195e-17,-1.5813387020696522e-18
-3.604,-1.0832968243449892e-17,-1.6086312481276032e-18
-3.603,-1.0975021093985675e-17,-1.6363744675303345e-18
-3.602,-1.1118933476183154e-17,-1.6645755814444192e-18
-3.601,-1.1264729678150409e-17,-1.6932419242375293e-18
-3.6,-1.1412434304340312e-17,-1.7223809452236215e-18
-3.599,-1.1562072279656224e-17,-1.7520002104346742e-18
-3.598,-1.1713668853610744e-17,-1.7821074044193753e-18
-3.597,-1.1867249604538187e-17,-1.812710332069164e-18
-3.596,-1.2022840443861484e-17,-1.8438169204720424e-18
-3.595,-1.2180467620414199e-17,-1.8754352207945714e-18
-3.594,-1.234015772481838e-17,-1.9075734101924742e-18
-3.593,-1.2501937693918952e-17,-1.9402397937502806e-18
-3.592,-1.2665834815275378e-17,-1.973442806450448e-18
-3.591,-1.2831876731711337e-17,-2.0071910151723996e-18
-3.59,-1.300009144592314e-17,-2.0414931207219326e-18
-3.589,-1.317050732514767e-17,-2.076357959891451e-18
-3.588,-1.3343153105890574e-17,-2.1117945075514887e-18
-3.587,-1.3518057898715505e-17,-2.1478118787739907e-18
-3.586,-1.3695251193095207e-17,-2.1844193309878285e-18
-3.585,-1.387476286232519e-17,-2.2216262661670376e-18
-3.584,-1.405662316850086e-17,-2.259442233052267e-18
-3.583,-1.424086276755887e-17,-2.2978769294059396e-18
-3.582,-1.4427512714383535e-17,-2.336940204301625e-18
-3.581,-1.4616604467979154e-17,-2.3766420604481505e-18
-3.58,-1.4808169896709065e-17,-2.416992656548957e-18
-3.579,-1.5002241283602304e-17,-2.4580023096972404e-18
-3.578,-1.5198851331728726e-17,-2.4996814978074085e-18
-3.577,-1.5398033169643476e-17,-2.5420408620834033e-18
-3.576,-1.559982035690169e-17,-2.5850912095244385e-18
-3.575,-1.5804246889644336e-17,-2.628843515468714e-18
-3.574,-1.6011347206256075e-17,-2.673308926175679e-18
-3.573,-1.6221156193096144e-17,-2.718498761447422e-18
-3.572,-1.6433709190303078e-17,-2.7644245172897692e-18
-3.571,-1.664904199767435e-17,-2.8110978686136934e-18
-3.57,-1.686719088062177e-17,-2.8585306719776365e-18
-3.569,-1.7088192576203695e-17,-2.906734968371355e-18
-3.568,-1.7312084299234996e-17,-2.955722986041914e-18
-3.567,-1.7538903748475808e-17,-3.0055071433624625e-18
-3.566,-1.776868911290001e-17,-3.0561000517444284e-18
-3.565,-1.800147907804456e-17,-3.1075145185937844e-18
-3.564,-1.823731283244059e-17,-3.1597635503120456e-18
-3.563,-1.8476230074127442e-17,-3.2128603553426724e-18
-3.562,-1.8718271017250604e-17,-3.2668183472635496e-18
-3.561,-1.8963476398744667e-17,-3.321651147926242e-18
-3.56,-1.92118874851024e-17,-3.3773725906427197e-18
-3.559,-1.9463546079231002e-17,-3.4339967234202694e-18
-3.558,-1.9718494527396707e-17,-3.491537812245306e-18
-3.557,-1.9976775726258813e-17,-3.5500103444168254e-18
-3.556,-2.0238433129994314e-17,-3.6094290319302336e-18
-3.555,-2.0503510757514306e-17,-3.669808814912309e-18
-3.554,-2.077205319977329e-17,-3.731164865108067e-18
-3.553,-2.104410562717263e-17,-3.7935125894202956e-18
-3.552,-2.1319713797059297e-17,-3.856867633502553e-18
-3.551,-2.159892406132119e-17,-3.9212458854064344e-18
-3.55,-2.1881783374080206e-17,-3.9866634792839054e-18
-3.549,-2.216833929948435e-17,-4.053136799145538e-18
-3.548,-2.2458640019600143e-17,-4.120682482675479e-18
-3.547,-2.2752734342406595e-17,-4.1893174251039984e-18
-3.546,-2.3050671709892065e-17,-4.259058783138481e-18
-3.545,-2.3352502206255297e-17,-4.3299239789537374e-18
-3.544,-2.3658276566211992e-17,-4.401930704242514e-18
-3.543,-2.3968046183408237e-17,-4.475096924327103e-18
-3.542,-2.4281863118942193e-17,-4.549440882332975e-18
-3.541,-2.4599780109995367e-17,-4.624981103425341e-18
-3.54,-2.4921850578574934e-17,-4.701736399109612e-18
-3.539,-2.5248128640368492e-17,-4.779725871596679e-18
-3.538,-2.5578669113712678e-17,-4.858968918234007e-18
-3.537,-2.5913527528677135e-17,-4.93948523600351e-18
-3.536,-2.6252760136265257e-17,-5.0212948260872146e-18
-3.535,-2.6596423917733242e-17,-5.104417998501714e-18
-3.534,-2.6944576594028957e-17,-5.188875376802449e-18
-3.533,-2.729727663535212e-17,-5.274687902858849e-18
-3.532,-2.7654583270837366e-17,-5.3618768417014026e-18
-3.531,-2.801655649836179e-17,-5.450463786441714e-18
-3.53,-2.838325709447848e-17,-5.540470663266649e-18
-3.529,-2.8754746624477776e-17,-5.631919736507677e-18
-3.528,-2.9131087452577707e-17,-5.724833613786504e-18
-3.527,-2.951234275224543e-17,-5.8192352512381795e-18
-3.526,-2.989857651665126e-17,-5.915147958812793e-18
-3.525,-3.028985356925695e-17,-6.012595405656945e-18
-3.524,-3.068623957453999e-17,-6.111601625576191e-18
-3.523,-3.108780104885566e-17,-6.212191022579658e-18
-3.522,-3.149460537143854e-17,-6.31438837650805e-18
-3.521,-3.1906720795545345e-17,-6.418218848746303e-18
-3.52,-3.2324216459740765e-17,-6.523707988022134e-18
-3.519,-3.2747162399328235e-17,-6.6308817362917776e-18
-3.518,-3.317562955792746e-17,-6.739766434714201e-18
-3.517,-3.360968979920053e-17,-6.850388829715113e-18
-3.516,-3.404941591872854e-17,-6.962776079142117e-18
-3.515,-3.449488165604066e-17,-7.076955758512347e-18
-3.514,-3.494616170679752e-17,-7.192955867353988e-18
-3.513,-3.5403331735131e-17,-7.31080483564305e-18
-3.512,-3.586646838614227e-17,-7.430531530336834e-18
-3.511,-3.633564929856022e-17,-7.552165262005535e-18
-3.51,-3.681095311756223e-17,-7.67573579156341e-18
-3.509,-3.729245950775945e-17,-7.801273337101032e-18
-3.508,-3.7780249166348545e-17,-7.928808580820113e-18
-3.507,-3.827440383643216e-17,-8.058372676072416e-18
-3.506,-3.8775006320510167e-17,-8.189997254504333e-18
-3.505,-3.9282140494143917e-17,-8.323714433308659e-18
-3.504,-3.9795891319795647e-17,-8.459556822585204e-18
-3.503,-4.031634486084531e-17,-8.597557532811818e-18
-3.502,-4.08435882957871e-17,-8.737750182427503e-18
-3.501,-4.13777099326079e-17,-8.880168905529258e-18
-3.5,-4.1918799223349995e-17,-9.02484835968436e-18
-3.499,-4.246694677886044e-17,-9.171823733859798e-18
-3.498,-4.3022244383729366e-17,-9.321130756470578e-18
-3.497,-4.3584785011419704e-17,-9.472805703548717e-18
-3.496,-4.4154662839590733e-17,-9.626885407034644e-18
-3.495,-4.473197326561786e-17,-9.783407263192913e-18
-3.494,-4.5316812922311284e-17,-9.942409241153994e-18
-3.493,-4.590927969383583e-17,-1.0103929891584083e-17
-3.492,-4.650947273183479e-17,-1.0268008355484777e-17
-3.491,-4.711749247176008e-17,-1.043468437312459e-17
-3.49,-4.7733440649411576e-17,-1.0603998293104227e-17
-3.489,-4.835742031768814e-17,-1.077599108155763e-17
-3.488,-4.8989535863553065e-17,-1.0950704331490807e-17
-3.487,-4.9629893025216657e-17,-1.1128180272260479e-17
-3.486,-5.0278598909538724e-17,-1.1308461779194621e-17
-3.485,-5.093576200965378e-17,-1.149159238335703e-17
-3.484,-5.1601492222821727e-17,-1.1677616281458003e-17
-3.483,-5.2275900868506935e-17,-1.186657834591337e-17
-3.482,-5.29591007066886e-17,-1.2058524135053993e-17
-3.481,-5.365120595640531e-17,-1.2253499903488052e-17
-3.48,-5.43523323145368e-17,-1.2451552612618308e-17
-3.479,-5.50625969748259e-17,-1.2652729941316702e-17
-3.478,-5.578211864714371e-17,-1.285708029675858e-17
-3.477,-5.651101757700109e-17,-1.3064652825418947e-17
-3.476,-5.724941556530963e-17,-1.3275497424233108e-17
-3.475,-5.799743598839525e-17,-1.3489664751924189e-17
-3.474,-5.875520381826744e-17,-1.3707206240499962e-17
-3.473,-5.952284564314783e-17,-1.3928174106921514e-17
-3.472,-6.030048968826086e-17,-1.4152621364946287e-17
-3.471,-6.108826583689021e-17,-1.43806018371481e-17
-3.47,-6.188630565170428e-17,-1.461217016711674e-17
-3.469,-6.269474239635399e-17,-1.4847381831839818e-17
-3.468,-6.351371105734664e-17,-1.5086293154269557e-17
-3.467,-6.434334836619895e-17,-1.5328961316077273e-17
-3.466,-6.518379282187316e-17,-1.5575444370598346e-17
-3.465,-6.603518471349959e-17,-1.5825801255970442e-17
-3.464,-6.689766614338927e-17,-1.608009180846791e-17
-3.463,-6.777138105034044e-17,-1.6338376776035234e-17
-3.462,-6.865647523324254e-17,-1.6600717832022475e-17
-3.461,-6.95530963749814e-17,-1.6867177589125724e-17
-3.46,-7.046139406664971e-17,-1.713781961353556e-17
-3.459,-7.13815198320662e-17,-1.7412708439296638e-17
-3.458,-7.231362715260785e-17,-1.7691909582881487e-17
-3.457,-7.325787149235887e-17,-1.797548955798172e-17
-3.456,-7.421441032358046e-17,-1.8263515890519853e-17
-3.455,-7.518340315250548e-17,-1.855605713388501e-17
-3.454,-7.616501154546211e-17,-1.8853182884395828e-17
-3.453,-7.715939915533061e-17,-1.9154963796993893e-17
-3.452,-7.81667317483375e-17,-1.9461471601171163e-17
-3.451,-7.918717723119124e-17,-1.977277911713479e-17
-3.45,-8.022090567856395e-17,-2.0088960272212895e-17
-3.449,-8.126808936092339e-17,-2.041009011750483e-17
-3.448,-8.232890277271962e-17,-2.0736244844779544e-17
-3.447,-8.340352266093092e-17,-2.1067501803625735e-17
-3.446,-8.449212805397342e-17,-2.1403939518857494e-17
-3.445,-8.559490029097907e-17,-2.1745637708179227e-17
-3.444,-8.671202305144652e-17,-2.2092677300113676e-17
-3.443,-8.784368238526987e-17,-2.2445140452196943e-17
-3.442,-8.899006674314958e-17,-2.2803110569444443e-17
-3.441,-9.015136700739095e-17,-2.3166672323091795e-17
-3.44,-9.132777652309455e-17,-2.3535911669614722e-17
-3.439,-9.251949112974391e-17,-2.3910915870032065e-17
-3.438,-9.372670919319519e-17,-2.42917735094961e-17
-3.437,-9.49496316380741e-17,-2.4678574517174412e-17
-3.436,-9.618846198058517e-17,-2.5071410186427586e-17
-3.435,-9.74434063617385e-17,-2.5470373195287157e-17
-3.434,-9.871467358099925e-17,-2.587555762723818e-17
-3.433,-1.0000247513036532e-16,-2.628705899231094e-17
-3.432,-1.0130702522887846e-16,-2.6704974248486404e-17
-3.431,-1.0262854085757437e-16,-2.712940182341997e-17
-3.43,-1.0396724179487728e-16,-2.7560441636488268e-17
-3.429,-1.0532335065244462e-16,-2.799819512116377e-17
-3.428,-1.0669709291146745e-16,-2.8442765247722004e-17
-3.427,-1.0808869695943235e-16,-2.8894256546286367e-17
-3.426,-1.0949839412735067e-16,-2.935277513021539e-17
-3.425,-1.109264187274609e-16,-2.981842871983761e-17
-3.424,-1.123730080914102e-16,-3.029132666653916e-17
-3.423,-1.1383840260892107e-16,-3.0771579977209215e-17
-3.422,-1.1532284576694936e-16,-3.125930133904864e-17
-3.421,-1.1682658418933965e-16,-3.175460514474715e-17
-3.42,-1.1834986767698434e-16,-3.225760751803446e-17
-3.419,-1.1989294924849277e-16,-3.276842633961085e-17
-3.418,-1.2145608518137687e-16,-3.328718127346286e-17
-3.417,-1.2303953505375957e-16,-3.3813993793569666e-17
-3.416,-1.2464356178661298e-16,-3.434898721100601e-17
-3.415,-1.2626843168653234e-16,-3.4892286701447414e-17
-3.414,-1.2791441448905335e-16,-3.5444019333083685e-17
-3.413,-1.2958178340251883e-16,-3.6004314094946687e-17
-3.412,-1.312708151525021e-16,-3.65733019256585e-17
-3.411,-1.3298179002679415e-16,-3.7151115742606175e-17
-3.41,-1.3471499192096117e-16,-3.773789047154924e-17
-3.409,-1.3647070838448021e-16,-3.833376307666658e-17
-3.408,-1.3824923066745984e-16,-3.8938872591048875e-17
-3.407,-1.4005085376795316e-16,-3.955336014764337e-17
-3.406,-1.4187587647987082e-16,-4.0177369010657515e-17
-3.405,-1.437246014415014e-16,-4.081104460742829e-17
-3.404,-1.4559733518464665e-16,-4.1454534560764e-17
-3.403,-1.474943881843798e-16,-4.210798872176564e-17
-3.402,-1.4941607490943407e-16,-4.277155920313463e-17
-3.401,-1.5136271387322972e-16,-4.3445400412974365e-17
-3.4,-1.5333462768554763e-16,-4.412966908909267e-17
-3.399,-1.5533214310485724e-16,-4.482452433381249e-17
-3.398,-1.5735559109130755e-16,-4.553012764929851e-17
-3.397,-1.5940530686038869e-16,-4.624664297340697e-17
-3.396,-1.6148162993727337e-16,-4.697423671606675e-17
-3.395,-1.6358490421184603e-16,-4.771307779619911e-17
-3.394,-1.6571547799442866e-16,-4.846333767918444e-17
-3.393,-1.6787370407221182e-16,-4.922519041488367e-17
-3.392,-1.7005993976639985e-16,-4.999881267622281e-17
-3.391,-1.7227454699007913e-16,-5.0784383798348634e-17
-3.39,-1.7451789230681833e-16,-5.1582085818364123e-17
-3.389,-1.7679034699000997e-16,-5.2392103515652034e-17
-3.388,-1.7909228708296262e-16,-5.3214624452795304e-17
-3.387,-1.8142409345975266e-16,-5.404983901710303e-17
-3.386,-1.8378615188684588e-16,-5.4897940462750944e-17
-3.385,-1.8617885308549775e-16,-5.57591249535454e-17
-3.384,-1.8860259279494254e-16,-5.663359160632004e-17
-3.383,-1.9105777183638122e-16,-5.752154253497433e-17
-3.382,-1.935447961777776e-16,-5.842318289516368e-17
-3.381,-1.9606407699947355e-16,-5.933872092965023e-17
-3.38,-1.986160307606327e-16,-6.026836801432458e-17
-3.379,-2.0120107926652383e-16,-6.121233870490776e-17
-3.378,-2.0381964973665357e-16,-6.217085078434391e-17
-3.377,-2.0647217487375978e-16,-6.314412531089338e-17
-3.376,-2.0915909293367576e-16,-6.413238666693691e-17
-3.375,-2.118808477960765e-16,-6.513586260850095e-17
-3.374,-2.146378890361179e-16,-6.615478431551512e-17
-3.373,-2.1743067199697993e-16,-6.71893864428121e-17
-3.372,-2.2025965786332517e-16,-6.823990717188124e-17
-3.371,-2.2312531373568424e-16,-6.930658826338669e-17
-3.37,-2.260281127057794e-16,-7.038967511046133e-17
-3.369,-2.28968533932798e-16,-7.1489416792788e-17
-3.368,-2.319470627206283e-16,-7.260606613147927e-17
-3.367,-2.349641905960682e-16,-7.373987974476791e-17
-3.366,-2.380204153880208e-16,-7.489111810451946e-17
-3.365,-2.4111624130768777e-16,-7.606004559357931e-17
-3.364,-2.4425217902977315e-16,-7.724693056396641e-17
-3.363,-2.474287457747108e-16,-7.845204539592584e-17
-3.362,-2.506464653919275e-16,-7.967566655785328e-17
-3.361,-2.539058684441549e-16,-8.091807466710353e-17
-3.36,-2.572074922928035e-16,-8.217955455169666e-17
-3.359,-2.6055188118441166e-16,-8.346039531293448e-17
-3.358,-2.6393958633818285e-16,-8.476089038894089e-17
-3.357,-2.6737116603462523e-16,-8.608133761913953e-17
-3.356,-2.708471857053066e-16,-8.742203930968271e-17
-3.355,-2.743682180237391e-16,-8.87833022998451e-17
-3.354,-2.779348429974072e-16,-9.016543802939675e-17
-3.353,-2.8154764806095385e-16,-9.156876260696954e-17
-3.352,-2.852072281705385e-16,-9.299359687943162e-17
-3.351,-2.8891418589938183e-16,-9.444026650228477e-17
-3.35,-2.92669131534512e-16,-9.590910201109932e-17
-3.349,-2.9647268317472715e-16,-9.740043889400224e-17
-3.348,-3.0032546682978946e-16,-9.891461766523343e-17
-3.347,-3.042281165208658e-16,-1.0045198393978605e-16
-3.346,-3.0818127438223053e-16,-1.0201288850914677e-16
-3.345,-3.1218559076424613e-16,-1.0359768741815184e-16
-3.344,-3.162417243376375e-16,-1.0520674204297561e-16
-3.343,-3.2035034219907605e-16,-1.0684041917026767e-16
-3.342,-3.245121199780894e-16,-1.0849909107745585e-16
-3.341,-3.287277419453138e-16,-1.1018313561423175e-16
-3.34,-3.329979011221053e-16,-1.1189293628523634e-16
-3.339,-3.373232993915264e-16,-1.1362888233396308e-16
-3.338,-3.417046476107264e-16,-1.1539136882789633e-16
-3.337,-3.4614266572473076e-16,-1.1718079674490312e-16
-3.336,-3.506380828816587e-16,-1.1899757306089692e-16
-3.335,-3.5519163754938576e-16,-1.2084211083879121e-16
-3.334,-3.5980407763366913e-16,-1.2271482931876277e-16
-3.333,-3.6447616059775463e-16,-1.2461615400984274e-16
-3.332,-3.6920865358348274e-16,-1.2654651678285586e-16
-3.331,-3.740023335339126e-16,-1.285063559647268e-16
-3.33,-3.7885798731748305e-16,-1.3049611643417394e-16
-3.329,-3.837764118537291e-16,-1.3251624971881082e-16
-3.328,-3.8875841424057344e-16,-1.3456721409367588e-16
-3.327,-3.938048118832123e-16,-1.3664947468121099e-16
-3.326,-3.9891643262461555e-16,-1.3876350355271057e-16
-3.325,-4.040941148776604e-16,-1.4090977983126216e-16
-3.324,-4.0933870775891983e-16,-1.430887897962005e-16
-3.323,-4.146510712241248e-16,-1.4530102698909724e-16
-3.322,-4.200320762053226e-16,-1.4754699232130873e-16
-3.321,-4.2548260474975033e-16,-1.498271941831043e-16
-3.32,-4.3100355016044667e-16,-1.5214214855439856e-16
-3.319,-4.3659581713862134e-16,-1.544923791171109e-16
-3.318,-4.422603219278058e-16,-1.568784173691758e-16
-3.317,-4.479979924598056e-16,-1.593008027402284e-16
-3.316,-4.538097685024774e-16,-1.6176008270898937e-16
-3.315,-4.59696601809353e-16,-1.6425681292237426e-16
-3.314,-4.656594562711335e-16,-1.6679155731635206e-16
-3.313,-4.71699308069075e-16,-1.69364888238579e-16
-3.312,-4.7781714583029135e-16,-1.7197738657283293e-16
-3.311,-4.840139707849961e-16,-1.7462964186527493e-16
-3.31,-4.902907969257079e-16,-1.7732225245256476e-16
-3.309,-4.96648651168443e-16,-1.8005582559185692e-16
-3.308,-5.030885735159205e-16,-1.8283097759270499e-16
-3.307,-5.09611617222804e-16,-1.8564833395090204e-16
-3.306,-5.162188489630044e-16,-1.8850852948428514e-16
-3.305,-5.229113489990707e-16,-1.91412208470533e-16
-3.304,-5.296902113536928e-16,-1.9436002478698518e-16
-3.303,-5.365565439833429e-16,-1.97352642052513e-16
-3.302,-5.435114689540825e-16,-2.0039073377147142e-16
-3.301,-5.505561226195598e-16,-2.0347498347976285e-16
-3.3,-5.576916558012259e-16,-2.0660608489304304e-16
-3.299,-5.649192339707968e-16,-2.0978474205710057e-16
-3.298,-5.722400374349878e-16,-2.1301166950044176e-16
-3.297,-5.796552615225492e-16,-2.162875923891127e-16
-3.296,-5.871661167736309e-16,-2.196132466837913e-16
-3.295,-5.94773829131505e-16,-2.229893792991823e-16
-3.294,-6.02479640136674e-16,-2.264167482657488e-16
-3.293,-6.102848071233958e-16,-2.2989612289381426e-16
-3.292,-6.181906034186533e-16,-2.334282839400697e-16
-3.291,-6.261983185435993e-16,-2.3701402377652076e-16
-3.29,-6.34309258417507e-16,-2.406541465619101e-16
-3.289,-6.425247455642568e-16,-2.443494684156522e-16
-3.288,-6.508461193213896e-16,-2.4810081759431525e-16
-3.287,-6.592747360517592e-16,-2.519090346706891e-16
-3.286,-6.67811969357815e-16,-2.557749727154753e-16
-3.285,-6.764592102985467e-16,-2.5969949748163887e-16
-3.284,-6.85217867609124e-16,-2.6368348759145904e-16
-3.283,-6.940893679232648e-16,-2.6772783472631966e-16
-3.282,-7.030751559983632e-16,-2.718334438192774e-16
-3.281,-7.121766949434138e-16,-2.760012332504505e-16
-3.28,-7.213954664497636e-16,-2.802321350452663e-16
-3.279,-7.307329710247284e-16,-2.845270950756115e-16
-3.278,-7.4019072822810705e-16,-2.8888707326392623e-16
-3.277,-7.497702769116289e-16,-2.9331304379028424e-16
-3.276,-7.594731754613715e-16,-2.9780599530250433e-16
-3.275,-7.693010020431836e-16,-3.023669311293349e-16
-3.274,-7.792553548511498e-16,-3.0699686949675825e-16
-3.273,-7.893378523591354e-16,-3.1169684374745863e-16
-3.272,-7.995501335754469e-16,-3.1646790256350037e-16
-3.271,-8.098938583006481e-16,-3.2131111019226334e-16
-3.27,-8.203707073885684e-16,-3.262275466756821e-16
-3.269,-8.309823830105434e-16,-3.3121830808283735e-16
-3.268,-8.417306089229266e-16,-3.3628450674594816e-16
-3.267,-8.526171307379115e-16,-3.414272714998144e-16
-3.266,-8.636437161977059e-16,-3.466477479247597e-16
-3.265,-8.748121554520962e-16,-3.519470985931251e-16
-3.264,-8.861242613394469e-16,-3.573265033193658e-16
-3.263,-8.975818696711725e-16,-3.6278715941380273e-16
-3.262,-9.091868395197283e-16,-3.683302819400824e-16
-3.261,-9.20941053510159e-16,-3.7395710397639814e-16
-3.26,-9.328464181152514e-16,-3.796688768805284e-16
-3.259,-9.449048639543315e-16,-3.854668705587465e-16
-3.258,-9.57118346095755e-16,-3.9135237373865855e-16
-3.257,-9.694888443631294e-16,-3.973266942460266e-16
-3.256,-9.820183636453208e-16,-4.033911592856344e-16
-3.255,-9.947089342102821e-16,-4.0954711572625473e-16
-3.254,-1.007562612022759e-15,-4.157959303897777e-16
-3.253,-1.0205814790659102e-15,-4.2213899034456057e-16
-3.252,-1.033767643666899e-15,-4.2857770320306003e-16
-3.251,-1.0471232408264972e-15,-4.3511349742380905e-16
-3.25,-1.0606504325527522e-15,-4.417478226178015e-16
-3.249,-1.0743514081987674e-15,-4.484821498593485e-16
-3.248,-1.0882283848046455e-15,-4.55317972001471e-16
-3.247,-1.102283607443642e-15,-4.622568039958943e-16
-3.246,-1.1165193495725839e-15,-4.69300183217712e-16
-3.245,-1.130937913386602e-15,-4.764496697947859e-16
-3.244,-1.1455416301782303e-15,-4.837068469419516e-16
-3.243,-1.1603328607009257e-15,-4.910733213000987e-16
-3.242,-1.175313995537058e-15,-4.985507232801956e-16
-3.241,-1.1904874554704297e-15,-5.061407074123335e-16
-3.24,-1.2058556918633739e-15,-5.138449526998577e-16
-3.239,-1.2214211870384913e-15,-5.216651629786637e-16
-3.238,-1.2371864546650768e-15,-5.29603067281732e-16
-3.237,-1.2531540401502967e-15,-5.376604202089755e-16
-3.236,-1.2693265210351702e-15,-5.458390023024799e-16
-3.235,-1.2857065073954165e-15,-5.541406204272112e-16
-3.234,-1.3022966422472209e-15,-5.625671081572734e-16
-3.233,-1.3190996019579847e-15,-5.711203261677935e-16
-3.232,-1.3361180966621154e-15,-5.798021626325174e-16
-3.231,-1.3533548706819177e-15,-5.886145336271982e-16
-3.23,-1.3708127029536487e-15,-5.975593835388612e-16
-3.229,-1.3884944074587966e-15,-6.066386854810306e-16
-3.228,-1.4064028336606475e-15,-6.158544417150042e-16
-3.227,-1.4245408669462038e-15,-6.252086840772635e-16
-3.226,-1.4429114290735161e-15,-6.347034744131073e-16
-3.225,-1.4615174786244964e-15,-6.443409050166007e-16
-3.224,-1.4803620114632765e-15,-6.54123099076929e-16
-3.223,-1.4994480612001778e-15,-6.640522111312497e-16
-3.222,-1.518778699661362e-15,-6.741304275241369e-16
-3.221,-1.5383570373642261e-15,-6.843599668737128e-16
-3.22,-1.5581862239986173e-15,-6.947430805445645e-16
-3.219,-1.5782694489139287e-15,-7.052820531275415e-16
-3.218,-1.5986099416121558e-15,-7.159792029265362e-16
-3.217,-1.619210972246975e-15,-7.268368824523462e-16
-3.216,-1.6400758521289255e-15,-7.378574789237226e-16
-3.215,-1.6612079342367597e-15,-7.490434147757064e-16
-3.214,-1.682610613735041e-15,-7.603971481753595e-16
-3.213,-1.7042873284980613e-15,-7.719211735449965e-16
-3.212,-1.726241559640152e-15,-7.836180220930258e-16
-3.211,-1.7484768320524697e-15,-7.954902623525116e-16
-3.21,-1.7709967149463279e-15,-8.075405007275639e-16
-3.209,-1.793804822403157e-15,-8.197713820476753e-16
-3.208,-1.8169048139311695e-15,-8.321855901301149e-16
-3.207,-1.8403003950288087e-15,-8.447858483504977e-16
-3.206,-1.8639953177550683e-15,-8.575749202216473e-16
-3.205,-1.887993381306754e-15,-8.705556099808713e-16
-3.204,-1.9122984326027797e-15,-8.837307631857712e-16
-3.203,-1.936914366875576e-15,-8.971032673187094e-16
-3.202,-1.961845128269698e-15,-9.106760524000596e-16
-3.201,-1.9870947104477145e-15,-9.24452091610365e-16
-3.2,-2.0126671572034705e-15,-9.38434401921536e-16
-3.199,-2.038566563082808e-15,-9.52626044737215e-16
-3.198,-2.064797074011827e-15,-9.670301265424422e-16
-3.197,-2.091362887932793e-15,-9.81649799562756e-16
-3.196,-2.1182682554477578e-15,-9.964882624328637e-16
-3.195,-2.1455174804700083e-15,-1.0115487608750227e-15
-3.194,-2.1731149208834203e-15,-1.026834588387268e-15
-3.193,-2.2010649892098168e-15,-1.0423490869416338e-15
-3.192,-2.2293721532844273e-15,-1.0580956476925073e-15
-3.191,-2.2580409369395365e-15,-1.0740777116952648e-15
-3.19,-2.2870759206964293e-15,-1.0902987706353381e-15
-3.189,-2.316481742465721e-15,-1.1067623675678592e-15
-3.188,-2.3462630982561766e-15,-1.1234720976680375e-15
-3.187,-2.3764247428921203e-15,-1.1404316089924252e-15
-3.186,-2.4069714907395305e-15,-1.1576446032512245e-15
-3.185,-2.4379082164409315e-15,-1.1751148365917996e-15
-3.184,-2.4692398556591756e-15,-1.1928461203935528e-15
-3.183,-2.5009714058302314e-15,-1.210842322074327e-15
-3.182,-2.533107926925073e-15,-1.2291073659085053e-15
-3.181,-2.5656545422207868e-15,-1.247645233856971e-15
-3.18,-2.5986164390809982e-15,-1.2664599664091027e-15
-3.179,-2.6319988697457304e-15,-1.2855556634369748e-15
-3.178,-2.6658071521308063e-15,-1.304936485061942e-15
-3.177,-2.7000466706369034e-15,-1.3246066525337846e-15
-3.176,-2.7347228769683786e-15,-1.3445704491225944e-15
-3.175,-2.769841290961973e-15,-1.3648322210235878e-15
-3.174,-2.8054075014255194e-15,-1.3853963782750287e-15
-3.173,-2.8414271669867606e-15,-1.4062673956894522e-15
-3.172,-2.877906016952405e-15,-1.42744981379838e-15
-3.171,-2.9148498521775366e-15,-1.4489482398107208e-15
-3.17,-2.952264545945499e-15,-1.4707673485850538e-15
-3.169,-2.990156044858378e-15,-1.4929118836159945e-15
-3.168,-3.0285303697382073e-15,-1.515386658034845e-15
-3.167,-3.067393616539019e-15,-1.538196555624736e-15
-3.166,-3.1067519572698722e-15,-1.5613465318504662e-15
-3.165,-3.1466116409289785e-15,-1.5848416149032526e-15
-3.164,-3.1869789944490664e-15,-1.608686906760606e-15
-3.163,-3.227860423654102e-15,-1.632887584261549e-15
-3.162,-3.2692624142275085e-15,-1.6574489001973946e-15
-3.161,-3.3111915326920164e-15,-1.6823761844183147e-15
-3.16,-3.3536544274012768e-15,-1.7076748449559196e-15
-3.159,-3.396657829543375e-15,-1.7333503691620828e-15
-3.158,-3.4402085541563896e-15,-1.7594083248642418e-15
-3.157,-3.4843135011561283e-15,-1.785854361537414e-15
-3.156,-3.528979656376186e-15,-1.812694211493166e-15
-3.155,-3.574214092620471e-15,-1.8399336910857815e-15
-3.154,-3.620023970728338e-15,-1.8675787019358734e-15
-3.153,-3.6664165406524826e-15,-1.8956352321716913e-15
-3.152,-3.713399142549733e-15,-1.924109357688381e-15
-3.151,-3.760979207884902e-15,-1.9530072434254473e-15
-3.15,-3.809164260547845e-15,-1.98233514466269e-15
-3.149,-3.857961917983868e-15,-2.0120994083348726e-15
-3.148,-3.907379892337661e-15,-2.0423064743653927e-15
-3.147,-3.957425991610891e-15,-2.072962877019231e-15
-3.146,-4.0081081208336295e-15,-2.1040752462754525e-15
-3.145,-4.059434283249757e-15,-2.135650309219541e-15
-3.144,-4.111412581516531e-15,-2.1676948914558505e-15
-3.143,-4.164051218918455e-15,-2.2002159185404658e-15
-3.142,-4.217358500595628e-15,-2.233220417434762e-15
-3.141,-4.2713428347867385e-15,-2.2667155179799606e-15
-3.14,-4.326012734086874e-15,-2.3007084543929843e-15
-3.139,-4.38137681672031e-15,-2.3352065667839144e-15
-3.138,-4.437443807828457e-15,-2.3702173026953624e-15
-3.137,-4.4942225407731376e-15,-2.4057482186640704e-15
-3.136,-4.551721958455374e-15,-2.4418069818050572e-15
-3.135,-4.609951114649854e-15,-2.4784013714186338e-15
-3.134,-4.668919175355266e-15,-2.5155392806206178e-15
-3.133,-4.7286354201606794e-15,-2.5532287179960784e-15
-3.132,-4.7891092436281626e-15,-2.5914778092769495e-15
-3.131,-4.850350156691805e-15,-2.630294799043852e-15
-3.13,-4.912367788073359e-15,-2.669688052452473e-15
-3.129,-4.975171885714669e-15,-2.709666056984856e-15
-3.128,-5.038772318227088e-15,-2.7502374242259547e-15
-3.127,-5.1031790763580804e-15,-2.7914108916658162e-15
-3.126,-5.168402274475199e-15,-2.83319532452776e-15
-3.125,-5.2344521520676416e-15,-2.8755997176229216e-15
-3.124,-5.301339075265584e-15,-2.9186331972315468e-15
-3.123,-5.369073538377492e-15,-2.9623050230114086e-15
-3.122,-5.437666165445619e-15,-3.006624589933746e-15
-3.121,-5.507127711819897e-15,-3.051601430247109e-15
-3.12,-5.577469065750429e-15,-3.097245215469521e-15
-3.119,-5.648701249998792e-15,-3.14356575840935e-15
-3.118,-5.72083542346837e-15,-3.190573015215311e-15
-3.117,-5.793882882853929e-15,-3.2382770874560135e-15
-3.116,-5.8678550643106554e-15,-3.286688224229473e-15
-3.115,-5.942763545142874e-15,-3.33581682430302e-15
-3.114,-6.018620045512674e-15,-3.38567343828404e-15
-3.113,-6.095436430168666e-15,-3.4362687708219855e-15
-3.112,-6.173224710195095e-15,-3.4876136828421065e-15
-3.111,-6.251997044781553e-15,-3.5397191938113562e-15
-3.11,-6.3317657430135e-15,-3.592596484036928e-15
-3.109,-6.412543265683851e-15,-3.6462568969978936e-15
-3.108,-6.494342227125863e-15,-3.700711941710418e-15
-3.107,-6.577175397067543e-15,-3.755973295127021e-15
-3.106,-6.661055702507853e-15,-3.812052804570387e-15
-3.105,-6.7459962296149225e-15,-3.868962490202204e-15
-3.104,-6.832010225646547e-15,-3.926714547527541e-15
-3.103,-6.9191111008931944e-15,-3.985321349935271e-15
-3.102,-7.007312430643805e-15,-4.044795451275043e-15
-3.101,-7.096627957174607e-15,-4.105149588471346e-15
-3.1,-7.187071591761232e-15,-4.1663966841751795e-15
-3.099,-7.278657416714376e-15,-4.228549849453872e-15
-3.098,-7.371399687439286e-15,-4.29162238651959e-15
-3.097,-7.465312834519316e-15,-4.355627791497102e-15
-3.096,-7.560411465823844e-15,-4.42057975723134e-15
-3.095,-7.65671036864081e-15,-4.486492176135339e-15
-3.094,-7.754224511834154e-15,-4.553379143079133e-15
-3.093,-7.852969048026437e-15,-4.62125495832018e-15
-3.092,-7.952959315806905e-15,-4.690134130475925e-15
-3.091,-8.05421084196532e-15,-4.760031379539086e-15
-3.09,-8.156739343751791e-15,-4.830961639936289e-15
-3.089,-8.260560731162954e-15,-4.902940063630656e-15
-3.088,-8.36569110925474e-15,-4.975982023268987e-15
-3.087,-8.472146780482061e-15,-5.050103115374159e-15
-3.086,-8.579944247065706e-15,-5.1253191635833995e-15
-3.085,-8.689100213386733e-15,-5.20164622193308e-15
-3.084,-8.799631588408689e-15,-5.2791005781906994e-15
-3.083,-8.91155548812794e-15,-5.357698757234723e-15
-3.082,-9.024889238052442e-15,-5.43745752448297e-15
-3.081,-9.139650375709249e-15,-5.518393889370233e-15
-3.08,-9.2558566531811e-15,-5.600525108875836e-15
-3.079,-9.373526039672373e-15,-5.683868691101841e-15
-3.078,-9.492676724104775e-15,-5.768442398902625e-15
-3.077,-9.613327117743037e-15,-5.854264253566566e-15
-3.076,-9.735495856851009e-15,-5.94135253855057e-15
-3.075,-9.85920180537843e-15,-6.029725803268199e-15
-3.074,-9.984464057678762e-15,-6.119402866932163e-15
-3.073,-1.0111301941258384e-14,-6.210402822451955e-15
-3.072,-1.0239735019557527e-14,-6.3027450403874035e-15
-3.071,-1.036978309476327e-14,-6.396449172958947e-15
-3.07,-1.0501466210654965e-14,-6.491535158115442e-15
-3.069,-1.0634804655482448e-14,-6.588023223660312e-15
-3.068,-1.0769818964877374e-14,-6.685933891436882e-15
-3.067,-1.0906529924798061e-14,-6.785287981573733e-15
-3.066,-1.1044958574508195e-14,-6.886106616790931e-15
-3.065,-1.1185126209589774e-14,-6.9884112267680046e-15
-3.064,-1.1327054384990654e-14,-7.092223552574535e-15
-3.063,-1.1470764918107075e-14,-7.197565651164275e-15
-3.062,-1.1616279891901566e-14,-7.30445989993367e-15
-3.061,-1.1763621658056581e-14,-7.412929001345729e-15
-3.06,-1.1912812840164283e-14,-7.522995987620138e-15
-3.059,-1.206387633695285e-14,-7.634684225490614e-15
-3.058,-1.2216835325549707e-14,-7.748017421030389e-15
-3.057,-1.2371713264782077e-14,-7.863019624546841e-15
-3.056,-1.2528533898515265e-14,-7.97971523554625e-15
-3.055,-1.2687321259029065e-14,-8.098129007769651e-15
-3.054,-1.2848099670432725e-14,-8.218286054300824e-15
-3.053,-1.301089375211886e-14,-8.340211852747431e-15
-3.052,-1.3175728422256752e-14,-8.463932250496339e-15
-3.051,-1.3342628901325449e-14,-8.589473470044193e-15
-3.05,-1.3511620715687093e-14,-8.716862114404308e-15
-3.049,-1.3682729701200918e-14,-8.84612517259095e-15
-3.048,-1.3855982006878335e-14,-8.977290025182125e-15
-3.047,-1.403140409857956e-14,-9.110384449961974e-15
-3.046,-1.4209022762752228e-14,-9.245436627643931e-15
-3.045,-1.438886511021242e-14,-9.382475147675752e-15
-3.044,-1.457095857996861e-14,-9.521529014127618e-15
-3.043,-1.4755330943088895e-14,-9.662627651664471e-15
-3.042,-1.4942010306612092e-14,-9.805800911603775e-15
-3.041,-1.5131025117503046e-14,-9.951079078059925e-15
-3.04,-1.5322404166652717e-14,-1.0098492874176546e-14
-3.039,-1.5516176592923448e-14,-1.0248073468447894e-14
-3.038,-1.5712371887239947e-14,-1.0399852481130665e-14
-3.037,-1.591101989672644e-14,-1.0553861990747463e-14
-3.036,-1.6112150828890464e-14,-1.0710134540683249e-14
-3.035,-1.6315795255853857e-14,-1.0868703145876075e-14
-3.034,-1.6521984118631375e-14,-1.1029601299603464e-14
-3.033,-1.6730748731457453e-14,-1.1192862980365752e-14
-3.032,-1.6942120786161674e-14,-1.1358522658867818e-14
-3.031,-1.7156132356593353e-14,-1.1526615305100556e-14
-3.03,-1.737281590309586e-14,-1.1697176395523535e-14
-3.029,-1.7592204277031127e-14,-1.1870241920350245e-14
-3.028,-1.7814330725354903e-14,-1.2045848390937431e-14
-3.027,-1.803922889524326e-14,-1.222403284727995e-14
-3.026,-1.8266932838770936e-14,-1.2404832865612665e-14
-3.025,-1.849747701764197e-14,-1.2588286566120899e-14
-3.024,-1.8730896307973272e-14,-1.2774432620760966e-14
-3.023,-1.8967226005131604e-14,-1.2963310261192363e-14
-3.022,-1.9206501828624565e-14,-1.3154959286823197e-14
-3.021,-1.944875992704613e-14,-1.3349420072970437e-14
-3.02,-1.9694036883077278e-14,-1.3546733579136642e-14
-3.019,-1.9942369718542378e-14,-1.3746941357404794e-14
-3.018,-2.0193795899521753e-14,-1.3950085560952935e-14
-3.017,-2.044835334152116e-14,-1.4156208952690256e-14
-3.016,-2.0706080414698656e-14,-1.4365354914016423e-14
-3.015,-2.0967015949149498e-14,-1.4577567453705832e-14
-3.014,-2.1231199240249675e-14,-1.4792891216918583e-14
-3.013,-2.1498670054058637e-14,-1.501137149433997e-14
-3.012,-2.1769468632781862e-14,-1.5233054231450298e-14
-3.011,-2.204363570029385e-14,-1.5457986037926878e-14
-3.01,-2.232121246772219e-14,-1.568621419718005e-14
-3.009,-2.2602240639093277e-14,-1.5917786676025174e-14
-3.008,-2.2886762417040364e-14,-1.6152752134492466e-14
-3.007,-2.317482050857452e-14,-1.639115993577665e-14
-3.006,-2.346645813091921e-14,-1.6633060156328416e-14
-3.005,-2.376171901740904e-14,-1.6878503596089655e-14
-3.004,-2.406064742345343e-14,-1.7127541788874543e-14
-3.003,-2.436328813256577e-14,-1.73802270128985e-14
-3.002,-2.46696864624588e-14,-1.7636612301457164e-14
-3.001,-2.497988827120682e-14,-1.789675145375742e-14
-3.0,-2.5293939963475437e-14,-1.8160699045902736e-14
-2.999,-2.561188849681952e-14,-1.842851044203489e-14
-2.998,-2.5933781388050042e-14,-1.870024180563436e-14
-2.997,-2.6259666719670493e-14,-1.897595011098161e-14
-2.996,-2.658959314638358e-14,-1.9255693154781518e-14
-2.995,-2.692360990166889e-14,-1.9539529567953255e-14
-2.994,-2.726176680443224e-14,-1.9827518827588007e-14
-2.993,-2.7604114265727412e-14,-2.0119721269076823e-14
-2.992,-2.7950703295551007e-14,-2.041619809841106e-14
-2.991,-2.830158550971113e-14,-2.0717011404657846e-14
-2.99,-2.865681313677064e-14,-2.102222417261298e-14
-2.989,-2.901643902506571e-14,-2.1331900295633867e-14
-2.988,-2.938051664980039e-14,-2.164610458865497e-14
-2.987,-2.974910012021803e-14,-2.196490280138832e-14
-2.986,-3.0122244186850176e-14,-2.22883616317118e-14
-2.985,-3.0500004248843795e-14,-2.261654873924774e-14
-2.984,-3.088243636136758e-14,-2.2949532759134612e-14
-2.983,-3.126959724309808e-14,-2.328738331599444e-14
-2.982,-3.1661544283786445e-14,-2.363017103809877e-14
-2.981,-3.205833555190657e-14,-2.3977967571735984e-14
-2.98,-3.246002980238544e-14,-2.4330845595782748e-14
-2.979,-3.2866686484416434e-14,-2.4688878836482545e-14
-2.978,-3.3278365749356445e-14,-2.5052142082434154e-14
-2.977,-3.369512845870757e-14,-2.542071119979305e-14
-2.976,-3.411703619218421e-14,-2.579466314768876e-14
-2.975,-3.454415125586641e-14,-2.617407599386115e-14
-2.974,-3.497653669044025e-14,-2.6559028930518808e-14
-2.973,-3.5414256279526066e-14,-2.6949602290422582e-14
-2.972,-3.58573745580955e-14,-2.734587756319748e-14
-2.971,-3.630595682097801e-14,-2.774793741187614e-14
-2.97,-3.6760069131457844e-14,-2.815586568967716e-14
-2.969,-3.7219778329962316e-14,-2.856974745702152e-14
-2.968,-3.7685152042842156e-14,-2.8989668998790545e-14
-2.967,-3.815625869124488e-14,-2.9415717841828697e-14
-2.966,-3.86331675000821e-14,-2.984798277269481e-14
-2.965,-3.911594850709149e-14,-3.0286553855665034e-14
-2.964,-3.960467257199449e-14,-3.073152245099125e-14
-2.963,-4.009941138575052e-14,-3.1182981233418444e-14
-2.962,-4.060023747990858e-14,-3.1641024210964614e-14
-2.961,-4.1107224236057313e-14,-3.210574674396712e-14
-2.96,-4.1620445895374204e-14,-3.257724556439897e-14
-2.959,-4.2139977568275014e-14,-3.3055618795459026e-14
-2.958,-4.266589524416432e-14,-3.35409659714399e-14
-2.957,-4.319827580128807e-14,-3.403338805787743e-14
-2.956,-4.3737197016689064e-14,-3.453298747198573e-14
-2.955,-4.428273757626642e-14,-3.5039868103381907e-14
-2.954,-4.4834977084939844e-14,-3.555413533510425e-14
-2.953,-4.5393996076919684e-14,-3.6075896064928374e-14
-2.952,-4.595987602608384e-14,-3.660525872698522e-14
-2.951,-4.653269935646231e-14,-3.71423333136853e-14
-2.95,-4.711254945283053e-14,-3.7687231397953406e-14
-2.949,-4.7699510671412316e-14,-3.824006615577825e-14
-2.948,-4.829366835069358e-14,-3.880095238908131e-14
-2.947,-4.889510882234759e-14,-3.937000654890951e-14
-2.946,-4.950391942227299e-14,-3.994734675895619e-14
-2.945,-5.012018850174539e-14,-4.053309283941499e-14
-2.944,-5.074400543868369e-14,-4.112736633117134e-14
-2.943,-5.137546064903206e-14,-4.17302905203363e-14
-2.942,-5.2014645598258574e-14,-4.234199046312753e-14
-2.941,-5.266165281297166e-14,-4.2962593011102215e-14
-2.94,-5.331657589265519e-14,-4.3592226836747056e-14
-2.939,-5.397950952152346e-14,-4.423102245943008e-14
-2.938,-5.4650549480496946e-14,-4.4879112271719595e-14
-2.937,-5.5329792659299913e-14,-4.5536630566075215e-14
-2.936,-5.6017337068681036e-14,-4.6203713561916385e-14
-2.935,-5.671328185275792e-14,-4.688049943307352e-14
-2.934,-5.741772730148674e-14,-4.7567128335627195e-14
-2.933,-5.813077486325795e-14,-4.826374243614089e-14
-2.932,-5.885252715761921e-14,-4.897048594029264e-14
-2.931,-5.958308798812654e-14,-4.968750512191136e-14
-2.93,-6.032256235532495e-14,-5.0414948352423403e-14
-2.929,-6.107105646985935e-14,-5.115296613071509e-14
-2.928,-6.182867776571713e-14,-5.190171111341714e-14
-2.927,-6.259553491360329e-14,-5.26613381456168e-14
-2.926,-6.337173783444936e-14,-5.34320042920037e-14
-2.925,-6.415739771305716e-14,-5.421386886845556e-14
-2.924,-6.495262701187848e-14,-5.5007093474069776e-14
-2.923,-6.575753948493192e-14,-5.5811842023647305e-14
-2.922,-6.657225019185783e-14,-5.6628280780634987e-14
-2.921,-6.739687551211267e-14,-5.745657839053289e-14
-2.92,-6.823153315930374e-14,-5.829690591477304e-14
-2.919,-6.907634219566558e-14,-5.914943686507623e-14
-2.918,-6.993142304667903e-14,-6.00143472382936e-14
-2.917,-7.079689751583421e-14,-6.08918155517396e-14
-2.916,-7.167288879953846e-14,-6.178202287902352e-14
-2.915,-7.255952150217051e-14,-6.268515288638617e-14
-2.914,-7.345692165128198e-14,-6.360139186954917e-14
-2.913,-7.436521671294719e-14,-6.453092879108361e-14
-2.912,-7.528453560726288e-14,-6.547395531830578e-14
-2.911,-7.62150087239985e-14,-6.643066586170688e-14
-2.91,-7.715676793839849e-14,-6.740125761392453e-14
-2.909,-7.810994662713786e-14,-6.838593058926346e-14
-2.908,-7.907467968443188e-14,-6.938488766377309e-14
-2.907,-8.005110353830136e-14,-7.039833461588983e-14
-2.906,-8.103935616699447e-14,-7.142648016765188e-14
-2.905,-8.203957711556662e-14,-7.246953602649465e-14
-2.904,-8.305190751261905e-14,-7.352771692763473e-14
-2.903,-8.407649008719781e-14,-7.46012406770509e-14
-2.902,-8.511346918585417e-14,-7.569032819507021e-14
-2.901,-8.616299078986733e-14,-7.679520356056771e-14
-2.9,-8.722520253263119e-14,-7.791609405578845e-14
-2.899,-8.830025371720584e-14,-7.905323021180038e-14
-2.898,-8.938829533403527e-14,-8.020684585458679e-14
-2.897,-9.048948007883239e-14,-8.137717815178759e-14
-2.896,-9.160396237063252e-14,-8.256446766009799e-14
-2.895,-9.273189837001658e-14,-8.376895837333421e-14
-2.894,-9.387344599750524e-14,-8.499089777117513e-14
-2.893,-9.502876495212502e-14,-8.623053686858962e-14
-2.892,-9.619801673014773e-14,-8.748813026595881e-14
-2.891,-9.73813646440044e-14,-8.876393619990326e-14
-2.89,-9.85789738413747e-14,-9.005821659482468e-14
-2.889,-9.979101132445335e-14,-9.137123711517209e-14
-2.888,-1.0101764596939443e-13,-9.270326721844279e-14
-2.887,-1.0225904854593497e-13,-9.405458020892804e-14
-2.886,-1.0351539173719873e-13,-9.542545329221403e-14
-2.885,-1.0478685015968183e-13,-9.681616763044861e-14
-2.884,-1.0607360038342076e-13,-9.822700839838435e-14
-2.883,-1.0737582095234459e-13,-9.965826484020891e-14
-2.882,-1.0869369240481201e-13,-1.0111023032717345e-13
-2.881,-1.1002739729433476e-13,-1.025832024160304e-13
-2.88,-1.1137712021048835e-13,-1.0407748290829165e-13
-2.879,-1.1274304780001138e-13,-1.0559337791031878e-13
-2.878,-1.1412536878809455e-13,-1.0713119789425665e-13
-2.877,-1.1552427399986053e-13,-1.0869125775982234e-13
-2.876,-1.1693995638203573e-13,-1.1027387689696112e-13
-2.875,-1.1837261102481534e-13,-1.1187937924938163e-13
-2.874,-1.1982243518392246e-13,-1.1350809337898237e-13
-2.873,-1.2128962830286278e-13,-1.1516035253118203e-13
-2.872,-1.227743920353756e-13,-1.1683649470116608e-13
-2.871,-1.242769302680825e-13,-1.185368627010625e-13
-2.87,-1.2579744914333474e-13,-1.202618042280593e-13
-2.869,-1.273361570822604e-13,-1.220116719334772e-13
-2.868,-1.2889326480801242e-13,-1.237868234928106e-13
-2.867,-1.304689853692186e-13,-1.2558762167675016e-13
-2.866,-1.3206353416363464e-13,-1.2741443442320083e-13
-2.865,-1.3367712896200106e-13,-1.2926763491030916e-13
-2.864,-1.3530998993210548e-13,-1.3114760163051337e-13
-2.863,-1.369623396630509e-13,-1.3305471846563132e-13
-2.862,-1.386344031897312e-13,-1.3498937476299984e-13
-2.861,-1.4032640801751464e-13,-1.3695196541268053e-13
-2.86,-1.4203858414713684e-13,-1.3894289092574668e-13
-2.859,-1.4377116409980357e-13,-1.4096255751366639e-13
-2.858,-1.4552438294250486e-13,-1.4301137716879668e-13
-2.857,-1.4729847831354108e-13,-1.450897677460048e-13
-2.856,-1.490936904482621e-13,-1.4719815304543129e-13
-2.855,-1.5091026220502025e-13,-1.4933696289641175e-13
-2.854,-1.5274843909133824e-13,-1.5150663324257235e-13
-2.853,-1.5460846929029274e-13,-1.53707606228116e-13
-2.852,-1.564906036871144e-13,-1.559403302853154e-13
-2.851,-1.5839509589600573e-13,-1.5820526022322985e-13
-2.85,-1.603222022871766e-13,-1.6050285731766238e-13
-2.849,-1.6227218201409955e-13,-1.6283358940237493e-13
-2.848,-1.6424529704098435e-13,-1.6519793096157853e-13
-2.847,-1.6624181217047368e-13,-1.675963632237163e-13
-2.846,-1.682619950715598e-13,-1.700293742565572e-13
-2.845,-1.7030611630772366e-13,-1.7249745906361847e-13
-2.844,-1.723744493652968e-13,-1.7500111968193543e-13
-2.843,-1.7446727068204642e-13,-1.7754086528119701e-13
-2.842,-1.7658485967598511e-13,-1.8011721226426595e-13
-2.841,-1.7872749877440498e-13,-1.8273068436910297e-13
-2.84,-1.8089547344313732e-13,-1.8538181277211402e-13
-2.839,-1.8308907221603815e-13,-1.8807113619294068e-13
-2.838,-1.8530858672470045e-13,-1.9079920100071307e-13
-2.837,-1.8755431172839304e-13,-1.935665613217862e-13
-2.836,-1.8982654514422742e-13,-1.9637377914897948e-13
-2.835,-1.9212558807755212e-13,-1.9922142445234087e-13
-2.834,-1.944517448525756e-13,-2.0211007529145614e-13
-2.833,-1.968053230432181e-13,-2.0504031792932484e-13
-2.832,-1.9918663350419216e-13,-2.080127469478247e-13
-2.831,-2.015959904023128e-13,-2.1102796536478604e-13
-2.83,-2.040337112480375e-13,-2.1408658475269877e-13
-2.829,-2.0650011692723588e-13,-2.171892253590743e-13
-2.828,-2.089955317331896e-13,-2.2033651622848509e-13
-2.827,-2.115202833988226e-13,-2.235290953263053e-13
-2.826,-2.1407470312916163e-13,-2.2676760966417574e-13
-2.825,-2.1665912563402746e-13,-2.3005271542721676e-13
-2.824,-2.1927388916095639e-13,-2.333850781030136e-13
-2.823,-2.219193355283524e-13,-2.367653726123983e-13
-2.822,-2.2459581015886985e-13,-2.401942834420529e-13
-2.821,-2.2730366211302618e-13,-2.4367250477895934e-13
-2.82,-2.3004324412304523e-13,-2.4720074064672093e-13
-2.819,-2.328149126269301e-13,-2.5077970504378174e-13
-2.818,-2.3561902780276645e-13,-2.5441012208356987e-13
-2.817,-2.3845595360325414e-13,-2.580927261365908e-13
-2.816,-2.4132605779046903e-13,-2.6182826197449804e-13
-2.815,-2.4422971197085265e-13,-2.6561748491616776e-13
-2.814,-2.471672916304305e-13,-2.694611609758061e-13
-2.813,-2.5013917617025767e-13,-2.7336006701311524e-13
-2.812,-2.5314574894209174e-13,-2.773149908855488e-13
-2.811,-2.5618739728429174e-13,-2.8132673160268323e-13
-2.81,-2.5926451255794306e-13,-2.8539609948273565e-13
-2.809,-2.623774901832072e-13,-2.895239163112571e-13
-2.808,-2.655267296758951e-13,-2.937110155020312e-13
-2.807,-2.6871263468426435e-13,-2.9795824226020836e-13
-2.806,-2.719356130260376e-13,-3.022664537477066e-13
-2.805,-2.751960767256426e-13,-3.066365192509096e-13
-2.804,-2.7849444205167203e-13,-3.1106932035069426e-13
-2.803,-2.8183112955456173e-13,-3.155657510948189e-13
-2.802,-2.8520656410448647e-13,-3.20126718172705e-13
-2.801,-2.886211749294718e-13,-3.2475314109264573e-13
-2.8,-2.920753956537204e-13,-3.2944595236147313e-13
-2.799,-2.955696643361511e-13,-3.3420609766671965e-13
-2.798,-2.9910442350914996e-13,-3.3903453606130655e-13
-2.797,-3.0268012021753013e-13,-3.4393224015079474e-13
-2.796,-3.0629720605770037e-13,-3.4890019628323297e-13
-2.795,-3.099561372170389e-13,-3.539394047416391e-13
-2.794,-3.136573745134717e-13,-3.590508799391499e-13
-2.793,-3.174013834352521e-13,-3.64235650616877e-13
-2.792,-3.211886341809409e-13,-3.6949476004450536e-13
-2.791,-3.2501960169958265e-13,-3.748292662236716e-13
-2.79,-3.2889476573107834e-13,-3.8024024209416136e-13
-2.789,-3.3281461084674925e-13,-3.8572877574296274e-13
-2.788,-3.367796264900917e-13,-3.912959706162164e-13
-2.787,-3.407903070177183e-13,-3.9694294573410095e-13
-2.786,-3.448471517404837e-13,-4.0267083590869435e-13
-2.785,-3.4895066496479186e-13,-4.084807919648517e-13
-2.784,-3.5310135603408143e-13,-4.143739809641409e-13
-2.783,-3.5729973937048604e-13,-4.2035158643187797e-13
-2.782,-3.615463345166669e-13,-4.2641480858730403e-13
-2.781,-3.65841666177813e-13,-4.3256486457694793e-13
-2.78,-3.7018626426380657e-13,-4.3880298871121655e-13
-2.779,-3.745806639315492e-13,-4.451304327042583e-13
-2.778,-3.790254056274454e-13,-4.5154846591714344e-13
-2.777,-3.8352103513003915e-13,-4.580583756044076e-13
-2.776,-3.880681035927993e-13,-4.646614671640035e-13
-2.775,-3.9266716758705016e-13,-4.713590643907071e-13
-2.774,-3.973187891450417e-13,-4.781525097330275e-13
-2.773,-4.0202353580315616e-13,-4.850431645536657e-13
-2.772,-4.0678198064524514e-13,-4.920324093935722e-13
-2.771,-4.115947023460929e-13,-4.991216442396521e-13
-2.77,-4.164622852150004e-13,-5.063122887961674e-13
-2.769,-4.213853192394856e-13,-5.13605782759888e-13
-2.768,-4.263644001290935e-13,-5.210035860990398e-13
-2.767,-4.314001293593112e-13,-5.285071793361051e-13
-2.766,-4.3649311421558165e-13,-5.361180638345254e-13
-2.765,-4.4164396783741106e-13,-5.438377620893599e-13
-2.764,-4.4685330926256226e-13,-5.516678180219555e-13
-2.763,-4.5212176347132936e-13,-5.596097972786809e-13
-2.762,-4.574499614308861e-13,-5.6766528753378e-13
-2.761,-4.628385401397014e-13,-5.758358987964034e-13
-2.76,-4.682881426720155e-13,-5.841232637218714e-13
-2.759,-4.737994182223695e-13,-5.925290379272283e-13
-2.758,-4.793730221501799e-13,-6.010549003111462e-13
-2.757,-4.850096160243527e-13,-6.097025533782355e-13
-2.756,-4.907098676679273e-13,-6.184737235678257e-13
-2.755,-4.964744512027427e-13,-6.273701615872735e-13
-2.754,-5.023040470941186e-13,-6.363936427498616e-13
-2.753,-5.08199342195542e-13,-6.455459673173512e-13
-2.752,-5.141610297933506e-13,-6.548289608472495e-13
-2.751,-5.201898096514048e-13,-6.642444745448585e-13
-2.75,-5.26286388055738e-13,-6.737943856201673e-13
-2.749,-5.324514778591772e-13,-6.834805976496573e-13
-2.748,-5.386857985259216e-13,-6.933050409430826e-13
-2.747,-5.449900761760727e-13,-7.032696729152974e-13
-2.746,-5.513650436301029e-13,-7.133764784631958e-13
-2.745,-5.578114404532521e-13,-7.236274703478354e-13
-2.744,-5.643300129998441e-13,-7.340246895818128e-13
-2.743,-5.709215144575077e-13,-7.445702058219646e-13
-2.742,-5.775867048912949e-13,-7.552661177674646e-13
-2.741,-5.843263512876818e-13,-7.661145535633911e-13
-2.74,-5.911412275984409e-13,-7.771176712098372e-13
-2.739,-5.980321147843736e-13,-7.882776589766411e-13
-2.738,-6.04999800858888e-13,-7.995967358238104e-13
-2.737,-6.120450809314109e-13,-8.110771518277199e-13
-2.736,-6.191687572506199e-13,-8.227211886131582e-13
-2.735,-6.263716392474823e-13,-8.345311597913054e-13
-2.734,-6.336545435780849e-13,-8.465094114037188e-13
-2.733,-6.410182941662438e-13,-8.586583223724111e-13
-2.732,-6.484637222458762e-13,-8.709803049561018e-13
-2.731,-6.559916664031203e-13,-8.834778052127241e-13
-2.73,-6.636029726181889e-13,-8.961533034682755e-13
-2.729,-6.712984943069376e-13,-9.090093147920938e-13
-2.728,-6.790790923621362e-13,-9.22048389478648e-13
-2.727,-6.869456351944209e-13,-9.352731135359307e-13
-2.726,-6.948989987729153e-13,-9.486861091805426e-13
-2.725,-7.029400666654992e-13,-9.622900353395575e-13
-2.724,-7.11069730078709e-13,-9.760875881592607e-13
-2.723,-7.19288887897251e-13,-9.90081501520854e-13
-2.722,-7.275984467231078e-13,-1.004274547563219e-12
-2.721,-7.359993209142203e-13,-1.0186695372128373e-12
-2.72,-7.44492432622724e-13,-1.033269320720961e-12
-2.719,-7.530787118327197e-13,-1.0480767882081327e-12
-2.718,-7.617590963975589e-13,-1.0630948702161539e-12
-2.717,-7.705345320766217e-13,-1.0783265382676027e-12
-2.716,-7.794059725715648e-13,-1.0937748054330019e-12
-2.715,-7.883743795620202e-13,-1.1094427269057386e-12
-2.714,-7.974407227407186e-13,-1.125333400584846e-12
-2.713,-8.066059798480163e-13,-1.1414499676657433e-12
-2.712,-8.158711367058013e-13,-1.1577956132390522e-12
-2.711,-8.252371872507539e-13,-1.174373566897588e-12
-2.71,-8.347051335669377e-13,-1.191187103351644e-12
-2.709,-8.442759859176949e-13,-1.2082395430526739e-12
-2.708,-8.539507627768195e-13,-1.2255342528254898e-12
-2.707,-8.637304908589834e-13,-1.2430746465090885e-12
-2.706,-8.736162051493857e-13,-1.2608641856062224e-12
-2.705,-8.836089489325999e-13,-1.27890637994183e-12
-2.704,-8.937097738205885e-13,-1.29720478833045e-12
-2.703,-9.03919739779857e-13,-1.3157630192527363e-12
-2.702,-9.14239915157717e-13,-1.3345847315411945e-12
-2.701,-9.246713767076283e-13,-1.3536736350752678e-12
-2.7,-9.352152096135886e-13,-1.373033491485896e-12
-2.699,-9.458725075135391e-13,-1.3926681148696724e-12
-2.698,-9.566443725217533e-13,-1.4125813725127311e-12
-2.697,-9.67531915250176e-13,-1.4327771856244916e-12
-2.696,-9.785362548286784e-13,-1.4532595300813973e-12
-2.695,-9.896585189241948e-13,-1.4740324371807753e-12
-2.694,-1.0008998437587048e-12,-1.4950999944049602e-12
-2.693,-1.012261374126025e-12,-1.5164663461958135e-12
-2.692,-1.023744263407375e-12,-1.5381356947397825e-12
-2.691,-1.0353496735856747e-12,-1.560112300763635e-12
-2.69,-1.0470787752585411e-12,-1.5824004843410171e-12
-2.689,-1.05893274764994e-12,-1.6050046257099766e-12
-2.688,-1.0709127786204545e-12,-1.627929166101598e-12
-2.687,-1.0830200646761272e-12,-1.6511786085798992e-12
-2.686,-1.0952558109758362e-12,-1.674757518893141e-12
-2.685,-1.1076212313371621e-12,-1.6986705263366986e-12
-2.684,-1.1201175482406986e-12,-1.7229223246276528e-12
-2.683,-1.1327459928327648e-12,-1.7475176727912576e-12
-2.682,-1.1455078049264746e-12,-1.7724613960594385e-12
-2.681,-1.1584042330011115e-12,-1.7977583867814877e-12
-2.68,-1.1714365341997666e-12,-1.8234136053471155e-12
-2.679,-1.1846059743251869e-12,-1.849432081122022e-12
-2.678,-1.1979138278337864e-12,-1.875818913396161e-12
-2.677,-1.211361377827768e-12,-1.9025792723448574e-12
-2.676,-1.2249499160453057e-12,-1.9297184000029576e-12
-2.675,-1.2386807428487313e-12,-1.957241611252182e-12
-2.674,-1.2525551672106751e-12,-1.9851542948218533e-12
-2.673,-1.2665745066981024e-12,-2.0134619143031876e-12
-2.672,-1.2807400874541915e-12,-2.0421700091773156e-12
-2.671,-1.2950532441779937e-12,-2.0712841958572315e-12
-2.67,-1.309515320101819e-12,-2.100810168743841e-12
-2.669,-1.324127666966285e-12,-2.1307537012963064e-12
-2.668,-1.3388916449929698e-12,-2.1611206471168712e-12
-2.667,-1.3538086228546054e-12,-2.1919169410503655e-12
-2.666,-1.3688799776427489e-12,-2.2231486002985757e-12
-2.665,-1.3841070948328646e-12,-2.2548217255496882e-12
-2.664,-1.3994913682467534e-12,-2.2869425021229956e-12
-2.663,-1.4150342000122592e-12,-2.3195172011290787e-12
-2.662,-1.4307370005201856e-12,-2.352552180645662e-12
-2.661,-1.4466011883783503e-12,-2.386053886909355e-12
-2.66,-1.4626281903627065e-12,-2.4200288555234843e-12
-2.659,-1.4788194413654583e-12,-2.454483712682243e-12
-2.658,-1.4951763843400948e-12,-2.489425176411353e-12
-2.657,-1.5117004702432662e-12,-2.5248600578254794e-12
-2.656,-1.5283931579734253e-12,-2.5607952624026086e-12
-2.655,-1.545255914306153e-12,-2.597237791275611e-12
-2.654,-1.5622902138260892e-12,-2.634194742541229e-12
-2.653,-1.5794975388553858e-12,-2.6716733125867073e-12
-2.652,-1.5968793793785954e-12,-2.7096807974343074e-12
-2.651,-1.6144372329639131e-12,-2.748224594103938e-12
-2.65,-1.6321726046806823e-12,-2.7873122019941465e-12
-2.649,-1.6500870070130737e-12,-2.826951224281705e-12
-2.648,-1.6681819597698504e-12,-2.8671493693400494e-12
-2.647,-1.6864589899901205e-12,-2.9079144521768058e-12
-2.646,-1.7049196318449878e-12,-2.94925439589067e-12
-2.645,-1.723565426535002e-12,-2.991177233147887e-12
-2.644,-1.7423979221833074e-12,-3.03369110767859e-12
-2.643,-1.761418673724395e-12,-3.0768042757932646e-12
-2.642,-1.78062924278835e-12,-3.1205251079196015e-12
-2.641,-1.8000311975804951e-12,-3.1648620901600047e-12
-2.64,-1.8196261127563187e-12,-3.2098238258700304e-12
-2.639,-1.8394155692915843e-12,-3.2554190372580288e-12
-2.638,-1.8594011543475048e-12,-3.3016565670062755e-12
-2.637,-1.879584461130877e-12,-3.348545379913863e-12
-2.636,-1.8999670887490496e-12,-3.396094564561651e-12
-2.635,-1.9205506420596218e-12,-3.444313334999558e-12
-2.634,-1.94133673151474e-12,-3.4932110324564932e-12
-2.633,-1.962326972999879e-12,-3.542797127073218e-12
-2.632,-1.9835229876669816e-12,-3.5930812196584523e-12
-2.631,-2.0049264017618276e-12,-3.644073043468513e-12
-2.63,-2.026538846445508e-12,-3.6957824660108135e-12
-2.629,-2.048361957609869e-12,-3.748219490871518e-12
-2.628,-2.070397375686791e-12,-3.801394259567685e-12
-2.627,-2.0926467454511744e-12,-3.855317053424208e-12
-2.626,-2.115111715817482e-12,-3.909998295475887e-12
-2.625,-2.137793939629702e-12,-3.965448552394951e-12
-2.624,-2.160695073444591e-12,-4.021678536444383e-12
-2.623,-2.18381677730804e-12,-4.07869910745736e-12
-2.622,-2.207160714524422e-12,-4.136521274843175e-12
-2.621,-2.2307285514187667e-12,-4.195156199619964e-12
-2.62,-2.2545219570916014e-12,-4.2546151964746176e-12
-2.619,-2.2785426031663076e-12,-4.314909735850199e-12
-2.618,-2.3027921635288242e-12,-4.376051446061256e-12
-2.617,-2.327272314059539e-12,-4.4380521154373766e-12
-2.616,-2.3519847323571953e-12,-4.500923694495366e-12
-2.615,-2.3769310974546456e-12,-4.564678298140405e-12
-2.614,-2.4021130895262794e-12,-4.62932820789659e-12
-2.613,-2.4275323895869444e-12,-4.6948858741672125e-12
-2.612,-2.4531906791821807e-12,-4.761363918525189e-12
-2.611,-2.47908964006959e-12,-4.828775136034022e-12
-2.61,-2.505230953891142e-12,-4.897132497599688e-12
-2.609,-2.5316163018362363e-12,-4.966449152353868e-12
-2.608,-2.5582473642953196e-12,-5.036738430068913e-12
-2.607,-2.5851258205038625e-12,-5.108013843604974e-12
-2.606,-2.612253348176491e-12,-5.180289091389698e-12
-2.605,-2.639631623131074e-12,-5.2535780599309305e-12
-2.604,-2.667262318902548e-12,-5.32789482636284e-12
-2.603,-2.6951471063462712e-12,-5.403253661025907e-12
-2.602,-2.723287653230691e-12,-5.47966903008122e-12
-2.601,-2.751685623819098e-12,-5.557155598159507e-12
-2.6,-2.7803426784402484e-12,-5.635728231045383e-12
-2.599,-2.8092604730476166e-12,-5.715401998397236e-12
-2.598,-2.838440658767052e-12,-5.7961921765032475e-12
-2.597,-2.867884881432598e-12,-5.87811425107399e-12
-2.596,-2.897594781110231e-12,-5.961183920072086e-12
-2.595,-2.9275719916092735e-12,-6.045417096579417e-12
-2.594,-2.9578181399812298e-12,-6.13082991170235e-12
-2.593,-2.9883348460057856e-12,-6.2174387175154916e-12
-2.592,-3.0191237216637163e-12,-6.305260090044455e-12
-2.591,-3.0501863705964316e-12,-6.394310832288159e-12
-2.59,-3.081524387551892e-12,-6.48460797728115e-12
-2.589,-3.1131393578166195e-12,-6.5761687911964896e-12
-2.588,-3.1450328566335212e-12,-6.669010776489703e-12
-2.587,-3.177206448605242e-12,-6.763151675084349e-12
-2.586,-3.2096616870827553e-12,-6.858609471599723e-12
-2.585,-3.242400113538896e-12,-6.9554023966212505e-12
-2.584,-3.2754232569265346e-12,-7.0535489300141235e-12
-2.583,-3.3087326330210853e-12,-7.153067804280721e-12
-2.582,-3.342329743747037e-12,-7.2539780079624024e-12
-2.581,-3.3762160764881873e-12,-7.356298789086223e-12
-2.58,-3.4103931033812592e-12,-7.460049658657163e-12
-2.579,-3.4448622805925665e-12,-7.565250394196448e-12
-2.578,-3.4796250475773978e-12,-7.671921043326569e-12
-2.577,-3.5146828263217738e-12,-7.780081927403568e-12
-2.576,-3.5500370205662303e-12,-7.889753645197253e-12
-2.575,-3.5856890150112776e-12,-8.00095707661989e-12
-2.574,-3.621640174504171e-12,-8.113713386504058e-12
-2.573,-3.657891843206627e-12,-8.22804402843025e-12
-2.572,-3.694445343743115e-12,-8.343970748604886e-12
-2.571,-3.7313019763293414e-12,-8.46151558978938e-12
-2.57,-3.7684630178805405e-12,-8.580700895280896e-12
-2.569,-3.805929721099182e-12,-8.70154931294549e-12
-2.568,-3.8437033135416835e-12,-8.824083799304274e-12
-2.567,-3.8817849966637375e-12,-8.948327623673304e-12
-2.566,-3.920175944843825e-12,-9.074304372357867e-12
-2.565,-3.9588773043844925e-12,-9.202037952901866e-12
-2.564,-3.9978901924909765e-12,-9.331552598393017e-12
-2.563,-4.037215696226722e-12,-9.462872871824545e-12
-2.562,-4.076854871445356e-12,-9.596023670514134e-12
-2.561,-4.116808741698668e-12,-9.731030230580833e-12
-2.56,-4.15707829712013e-12,-9.867918131480679e-12
-2.559,-4.197664493283484e-12,-1.0006713300601763e-11
-2.558,-4.238568250035933e-12,-1.0147442017919519e-11
-2.557,-4.2797904503054305e-12,-1.0290130920712992e-11
-2.556,-4.321331938881593e-12,-1.0434807008342857e-11
-2.555,-4.363193521169716e-12,-1.0581497647091988e-11
-2.554,-4.405375961917388e-12,-1.0730230575069352e-11
-2.553,-4.447879983913191e-12,-1.0881033907178061e-11
-2.552,-4.490706266656937e-12,-1.1033936140148371e-11
-2.551,-4.533855445000916e-12,-1.1188966157636465e-11
-2.55,-4.5773281077616045e-12,-1.1346153235389854e-11
-2.549,-4.621124796301269e-12,-1.1505527046480237e-11
-2.548,-4.665246003078902e-12,-1.166711766660469e-11
-2.547,-4.709692170169909e-12,-1.1830955579456015e-11
-2.546,-4.754463687753965e-12,-1.1997071682163175e-11
-2.545,-4.799560892570424e-12,-1.2165497290802652e-11
-2.544,-4.844984066340699e-12,-1.2336264145981666e-11
-2.543,-4.890733434156961e-12,-1.2509404418494133e-11
-2.542,-4.9368091628365565e-12,-1.26849507150503e-11
-2.541,-4.983211359241479e-12,-1.2862936084080977e-11
-2.54,-5.0299400685622556e-12,-1.3043394021617327e-11
-2.539,-5.076995272565575e-12,-1.3226358477247133e-11
-2.538,-5.124376887804987e-12,-1.3411863860148534e-11
-2.537,-5.172084763793984e-12,-1.3599945045202205e-11
-2.536,-5.220118681140768e-12,-1.3790637379182951e-11
-2.535,-5.268478349643982e-12,-1.398397668703174e-11
-2.534,-5.317163406348694e-12,-1.4179999278209152e-11
-2.533,-5.36617341356189e-12,-1.4378741953131315e-11
-2.532,-5.4155078568267254e-12,-1.4580242009689313e-11
-2.531,-5.465166142854783e-12,-1.478453724985317e-11
-2.53,-5.5151475974155455e-12,-1.4991665986361395e-11
-2.529,-5.565451463182312e-12,-1.520166704949727e-11
-2.528,-5.616076897533739e-12,-1.541457979395285e-11
-2.527,-5.667022970310205e-12,-1.5630444105781866e-11
-2.526,-5.718288661524162e-12,-1.5849300409442592e-11
-2.525,-5.769872859023621e-12,-1.6071189674931824e-11
-2.524,-5.821774356107931e-12,-1.6296153425011112e-11
-2.523,-5.873991849094965e-12,-1.652423374252638e-11
-2.522,-5.9265239348388165e-12,-1.6755473277822118e-11
-2.521,-5.979369108197136e-12,-1.6989915256251332e-11
-2.52,-6.0325257594471424e-12,-1.7227603485782414e-11
-2.519,-6.085992171649408e-12,-1.7468582364704188e-11
-2.518,-6.139766517958457e-12,-1.7712896889430313e-11
-2.517,-6.193846858879203e-12,-1.79605926624043e-11
-2.516,-6.24823113946825e-12,-1.8211715900106405e-11
-2.515,-6.3029171864790535e-12,-1.8466313441163638e-11
-2.514,-6.357902705449922e-12,-1.8724432754564207e-11
-2.513,-6.413185277733826e-12,-1.8986121947977646e-11
-2.512,-6.4687623574689645e-12,-1.9251429776181987e-11
-2.511,-6.524631268489012e-12,-1.9520405649599277e-11
-2.51,-6.5807892011719605e-12,-1.9793099642940787e-11
-2.509,-6.6372332092264515e-12,-2.0069562503963285e-11
-2.508,-6.693960206414469e-12,-2.034984566233772e-11
-2.507,-6.750966963209247e-12,-2.063400123863176e-11
-2.506,-6.808250103387233e-12,-2.092208205340751e-11
-2.505,-6.865806100552913e-12,-2.121414163643593e-11
-2.504,-6.923631274595307e-12,-2.151023423602931e-11
-2.503,-6.981721788074897e-12,-2.181041482849334e-11
-2.502,-7.040073642539749e-12,-2.2114739127700137e-11
-2.501,-7.098682674769568e-12,-2.2423263594783872e-11
-2.5,-7.1575445529463766e-12,-2.2736045447960344e-11
-2.499,-7.2166547727505396e-12,-2.3053142672472174e-11
-2.498,-7.276008653380775e-12,-2.3374614030661043e-11
-2.497,-7.335601333496813e-12,-2.3700519072168625e-11
-2.496,-7.395427767083311e-12,-2.4030918144267734e-11
-2.495,-7.455482719233656e-12,-2.436587240232534e-11
-2.494,-7.515760761852182e-12,-2.4705443820399005e-11
-2.493,-7.576256269273407e-12,-2.5049695201968427e-11
-2.492,-7.636963413796772e-12,-2.539869019080374e-11
-2.491,-7.697876161135426e-12,-2.5752493281972203e-11
-2.49,-7.758988265777498e-12,-2.6111169832985036e-11
-2.489,-7.820293266258333e-12,-2.647478607508605e-11
-2.488,-7.881784480342124e-12,-2.684340912468385e-11
-2.487,-7.943455000111306e-12,-2.7217106994929326e-11
-2.486,-8.005297686962128e-12,-2.7595948607440264e-11
-2.485,-8.067305166504718e-12,-2.798000380417478e-11
-2.484,-8.129469823365989e-12,-2.8369343359455458e-11
-2.483,-8.191783795893637e-12,-2.8764038992146012e-11
-2.482,-8.254238970759534e-12,-2.916416337798231e-11
-2.481,-8.316826977460733e-12,-2.956979016205965e-11
-2.48,-8.37953918271628e-12,-2.998099397147816e-11
-2.479,-8.442366684758014e-12,-3.039785042814828e-11
-2.478,-8.505300307513525e-12,-3.0820436161758215e-11
-2.477,-8.568330594679313e-12,-3.1248828822905424e-11
-2.476,-8.631447803682328e-12,-3.168310709639392e-11
-2.475,-8.694641899527848e-12,-3.212335071469965e-11
-2.474,-8.757902548531774e-12,-3.25696404716058e-11
-2.473,-8.821219111935291e-12,-3.302205823601009e-11
-2.472,-8.884580639399881e-12,-3.348068696590629e-11
-2.471,-8.947975862380556e-12,-3.394561072254178e-11
-2.47,-9.011393187375249e-12,-3.44169146847536e-11
-2.469,-9.074820689048161e-12,-3.4894685163484834e-11
-2.468,-9.138246103224924e-12,-3.537900961648371e-11
-2.467,-9.201656819757304e-12,-3.5869976663187513e-11
-2.466,-9.265039875255231e-12,-3.636767609979354e-11
-2.465,-9.32838194568383e-12,-3.687219891451933e-11
-2.464,-9.391669338823115e-12,-3.738363730305451e-11
-2.463,-9.454887986588001e-12,-3.7902084684206406e-11
-2.462,-9.518023437206181e-12,-3.8427635715741924e-11
-2.461,-9.581060847251448e-12,-3.8960386310427846e-11
-2.46,-9.643984973529941e-12,-3.950043365227207e-11
-2.459,-9.706780164816807e-12,-4.0047876212968094e-11
-2.458,-9.769430353440683e-12,-4.0602813768545226e-11
-2.457,-9.831919046713386e-12,-4.116534741622691e-11
-2.456,-9.894229318202144e-12,-4.173557959149971e-11
-2.455,-9.95634379884169e-12,-4.231361408539534e-11
-2.454,-1.0018244667883413e-11,-4.289955606198848e-11
-2.453,-1.007991364367884e-11,-4.3493512076112663e-11
-2.452,-1.0141331974294556e-11,-4.409559009129706e-11
-2.451,-1.0202480427955695e-11,-4.4705899497926576e-11
-2.45,-1.0263339283315078e-11,-4.5324551131628135e-11
-2.449,-1.0323888319544989e-11,-4.595165729188553e-11
-2.448,-1.0384106806248596e-11,-4.6587331760885804e-11
-2.447,-1.0443973493187893e-11,-4.723168982259971e-11
-2.446,-1.050346659982507e-11,-4.788484828209917e-11
-2.445,-1.0562563804674112e-11,-4.8546925485114267e-11
-2.444,-1.0621242234459399e-11,-4.921804133783293e-11
-2.443,-1.0679478453078008e-11,-4.9898317326945846e-11
-2.442,-1.0737248450362407e-11,-5.0587876539939675e-11
-2.441,-1.079452763064011e-11,-5.128684368564137e-11
-2.44,-1.0851290801086877e-11,-5.199534511501659e-11
-2.439,-1.0907512159869941e-11,-5.2713508842225225e-11
-2.438,-1.0963165284077691e-11,-5.344146456593688e-11
-2.437,-1.1018223117432201e-11,-5.417934369090954e-11
-2.436,-1.107265795778094e-11,-5.4927279349834324e-11
-2.435,-1.1126441444363897e-11,-5.568540642544958e-11
-2.434,-1.1179544544852346e-11,-5.6453861572927305e-11
-2.433,-1.1231937542155373e-11,-5.7232783242535117e-11
-2.432,-1.128359002099027e-11,-5.8022311702577027e-11
-2.431,-1.1334470854212771e-11,-5.882258906261619e-11
-2.43,-1.138454818890312e-11,-5.963375929698286e-11
-2.429,-1.1433789432203824e-11,-6.045596826857094e-11
-2.428,-1.148216123690493e-11,-6.12893637529264e-11
-2.427,-1.1529629486772572e-11,-6.213409546263095e-11
-2.426,-1.157615928161645e-11,-6.299031507198436e-11
-2.425,-1.1621714922091896e-11,-6.385817624198892e-11
-2.424,-1.1666259894232017e-11,-6.473783464563934e-11
-2.423,-1.1709756853705434e-11,-6.562944799352194e-11
-2.422,-1.1752167609794977e-11,-6.653317605972624e-11
-2.421,-1.179345310909268e-11,-6.744918070807291e-11
-2.42,-1.1833573418906316e-11,-6.83776259186615e-11
-2.419,-1.1872487710372651e-11,-6.931867781474159e-11
-2.418,-1.1910154241272496e-11,-7.027250468991126e-11
-2.417,-1.1946530338542594e-11,-7.123927703564628e-11
-2.416,-1.1981572380479256e-11,-7.221916756916414e-11
-2.415,-1.2015235778628624e-11,-7.321235126162645e-11
-2.414,-1.2047474959358299e-11,-7.421900536668373e-11
-2.413,-1.2078243345105072e-11,-7.523930944936634e-11
-2.412,-1.2107493335293304e-11,-7.627344541532562e-11
-2.411,-1.213517628691852e-11,-7.732159754042908e-11
-2.41,-1.2161242494790628e-11,-7.838395250071366e-11
-2.409,-1.2185641171431084e-11,-7.946069940270118e-11
-2.408,-1.22083204266183e-11,-8.055202981408e-11
-2.407,-1.2229227246575396e-11,-8.165813779475691e-11
-2.406,-1.2248307472794427e-11,-8.27792199282837e-11
-2.405,-1.2265505780490988e-11,-8.39154753536623e-11
-2.404,-1.2280765656683116e-11,-8.506710579753288e-11
-2.403,-1.229402937788827e-11,-8.623431560674927e-11
-2.402,-1.2305237987432021e-11,-8.741731178134584e-11
-2.401,-1.231433127236209e-11,-8.861630400790031e-11
-2.4,-1.2321247739961162e-11,-8.983150469329708e-11
-2.399,-1.2325924593851879e-11,-9.106312899889504e-11
-2.398,-1.2328297709687255e-11,-9.231139487510503e-11
-2.397,-1.2328301610419698e-11,-9.357652309638088e-11
-2.396,-1.2325869441141666e-11,-9.485873729662892e-11
-2.395,-1.2320932943490916e-11,-9.61582640050407e-11
-2.394,-1.2313422429613165e-11,-9.74753326823532e-11
-2.393,-1.2303266755674903e-11,-9.881017575754168e-11
-2.392,-1.2290393294918904e-11,-1.0016302866494955e-10
-2.391,-1.2274727910254995e-11,-1.0153412988186045e-10
-2.39,-1.2256194926378383e-11,-1.0292372096651698e-10
-2.389,-1.223471710140782e-11,-1.0433204659659136e-10
-2.388,-1.2210215598035713e-11,-1.0575935460811269e-10
-2.387,-1.2182609954182189e-11,-1.0720589603485591e-10
-2.386,-1.2151818053144982e-11,-1.0867192514819753e-10
-2.385,-1.2117756093236866e-11,-1.1015769949744307e-10
-2.384,-1.2080338556902292e-11,-1.1166347995063156e-10
-2.383,-1.2039478179304669e-11,-1.13189530735822e-10
-2.382,-1.199508591637564e-11,-1.147361194828673e-10
-2.381,-1.1947070912317608e-11,-1.1630351726568065e-10
-2.38,-1.189534046655052e-11,-1.1789199864499997e-10
-2.379,-1.1839800000093895e-11,-1.1950184171165548e-10
-2.378,-1.1780353021374861e-11,-1.2113332813034615e-10
-2.377,-1.1716901091452858e-11,-1.2278674318393003e-10
-2.376,-1.1649343788651487e-11,-1.244623758182346e-10
-2.375,-1.1577578672587887e-11,-1.2616051868739203e-10
-2.374,-1.1501501247589818e-11,-1.2788146819970538e-10
-2.373,-1.1421004925490491e-11,-1.2962552456405135e-10
-2.372,-1.1335980987791056e-11,-1.3139299183682512e-10
-2.371,-1.1246318547180464e-11,-1.3318417796943327e-10
-2.37,-1.1151904508402272e-11,-1.349993948563403e-10
-2.369,-1.1052623528457825e-11,-1.3683895838367485e-10
-2.368,-1.0948357976135014e-11,-1.3870318847840146e-10
-2.367,-1.083898789085173e-11,-1.4059240915806376e-10
-2.366,-1.0724390940802895e-11,-1.4250694858110514e-10
-2.365,-1.0604442380399794e-11,-1.4444713909777302e-10
-2.364,-1.0479015006990299e-11,-1.4641331730161268e-10
-2.363,-1.0347979116848318e-11,-1.4840582408155693e-10
-2.362,-1.0211202460420702e-11,-1.5042500467461798e-10
-2.361,-1.0068550196819602e-11,-1.5247120871918726e-10
-2.36,-9.919884847548115e-12,-1.5454479030895002e-10
-2.359,-9.765066249446853e-12,-1.566461080474211e-10
-2.358,-9.603951506848875e-12,-1.5877552510310764e-10
-2.357,-9.436394942930249e-12,-1.6093340926530598e-10
-2.356,-9.26224805024327e-12,-1.631201330005389e-10
-2.355,-9.08135944041922e-12,-1.6533607350963962e-10
-2.354,-8.893574793027292e-12,-1.675816127854896e-10
-2.353,-8.698736803576134e-12,-1.6985713767141642e-10
-2.352,-8.496685130644231e-12,-1.7216303992025876e-10
-2.351,-8.287256342125169e-12,-1.7449971625410509e-10
-2.35,-8.07028386057355e-12,-1.76867568424713e-10
-2.349,-7.845597907637175e-12,-1.7926700327461592e-10
-2.348,-7.613025447560829e-12,-1.8169843279892438e-10
-2.347,-7.372390129746817e-12,-1.841622742078287e-10
-2.346,-7.12351223035715e-12,-1.8665894998981002e-10
-2.345,-6.866208592942059e-12,-1.8918888797556697e-10
-2.344,-6.600292568079264e-12,-1.917525214026651e-10
-2.343,-6.325573952008207e-12,-1.9435028898091618e-10
-2.342,-6.041858924243183e-12,-1.9698263495849467e-10
-2.341,-5.748949984149099e-12,-1.9965000918879857e-10
-2.34,-5.4466458864632956e-12,-2.0235286719806244e-10
-2.339,-5.134741575746639e-12,-2.0509167025372918e-10
-2.338,-4.813028119746837e-12,-2.078668854335889e-10
-2.337,-4.481292641656635e-12,-2.1067898569569192e-10
-2.336,-4.139318251249338e-12,-2.135284499490436e-10
-2.335,-3.786883974873777e-12,-2.1641576312508827e-10
-2.334,-3.423764684290612e-12,-2.1934141624999087e-10
-2.333,-3.049731024331544e-12,-2.2230590651772276e-10
-2.332,-2.664549339362773e-12,-2.2530973736396055e-10
-2.331,-2.2679815985337104e-12,-2.2835341854080511e-10
-2.33,-1.859785319791683e-12,-2.314374661923289e-10
-2.329,-1.4397134926430784e-12,-2.345624029309596e-10
-2.328,-1.0075144996410664e-12,-2.3772875791470784e-10
-2.327,-5.6293203657974e-13,-2.409370669252471e-10
-2.326,-1.0570503137420351e-13,-2.441878724468541e-10
-2.325,3.6443243839416905e-13,-2.4748172374621726e-10
-2.324,8.477512292884059e-13,-2.50819176953122e-10
-2.323,1.3445272172039576e-12,-2.542007951420209e-10
-2.322,1.8550413839558103e-12,-2.5762714841449654e-10
-2.321,2.3795799052867708e-12,-2.6109881398262627e-10
-2.32,2.9184342403193314e-12,-2.646163762532564e-10
-2.319,3.4719012224738725e-12,-2.681804269131944e-10
-2.318,4.040283151876297e-12,-2.7179156501532837e-10
-2.317,4.6238878892785506e-12,-2.7545039706568094e-10
-2.316,5.223028951515826e-12,-2.791575371114072e-10
-2.315,5.838025608524629e-12,-2.829136068297448e-10
-2.314,6.469202981946228e-12,-2.8671923561792534e-10
-2.313,7.116892145340397e-12,-2.905750606840547e-10
-2.312,7.781430226034736e-12,-2.9448172713897215e-10
-2.311,8.463160508635222e-12,-2.9843988808909655e-10
-2.31,9.162432540224072e-12,-3.024502047302683e-10
-2.309,9.879602237271316e-12,-3.065133464425962e-10
-2.308,1.0615031994286981e-11,-3.1062999088631756e-10
-2.307,1.1369090794241091e-11,-3.1480082409868166e-10
-2.306,1.2142154320779183e-11,-3.1902654059186404e-10
-2.305,1.2934605072261396e-11,-3.233078434519216e-10
-2.304,1.3746832477653635e-11,-3.2764544443879743e-10
-2.303,1.4579233014299765e-11,-3.32040064087384e-10
-2.302,1.5432210327604182e-11,-3.364924318096545e-10
-2.301,1.6306175352654585e-11,-3.4100328599787105e-10
-2.3,1.7201546437815195e-11,-3.4557337412887864e-10
-2.299,1.811874947032115e-11,-3.502034528694949e-10
-2.298,1.905821800390525e-11,-3.5489428818300445e-10
-2.297,2.002039338848867e-11,-3.5964665543676634e-10
-2.296,2.10057249019678e-11,-3.644613395109458e-10
-2.295,2.2014669884129782e-11,-3.6933913490837777e-10
-2.294,2.3047693872729853e-11,-3.742808458655719e-10
-2.293,2.4105270741764047e-11,-3.7928728646486996e-10
-2.292,2.518788284197139e-11,-3.8435928074776264e-10
-2.291,2.6296021143600147e-11,-3.894976628293772e-10
-2.29,2.743018538147324e-11,-3.9470327701414416e-10
-2.289,2.8590884202388508e-11,-3.999769779126531e-10
-2.288,2.977863531488994e-11,-4.05319630559707e-10
-2.287,3.0993965641446624e-11,-4.1073211053358436e-10
-2.286,3.223741147307664e-11,-4.1621530407651877e-10
-2.285,3.3509518626453775e-11,-4.217701082164054e-10
-2.284,3.481084260353532e-11,-4.273974308897443e-10
-2.283,3.6141948753750075e-11,-4.3309819106582903e-10
-2.282,3.750341243878588e-11,-4.3887331887219177e-10
-2.281,3.8895819200017e-11,-4.4472375572131294e-10
-2.28,4.031976492861194e-11,-4.5065045443860555e-10
-2.279,4.1775856038363e-11,-4.5665437939168423e-10
-2.278,4.326470964127967e-11,-4.627365066209274e-10
-2.277,4.478695372598819e-11,-4.688978239713435e-10
-2.276,4.634322733898063e-11,-4.751393312257495e-10
-2.275,4.793418076875725e-11,-4.814620402392725e-10
-2.274,4.9560475732906635e-11,-4.878669750751824e-10
-2.273,5.12227855681687e-11,-4.943551721420669e-10
-2.272,5.292179542352643e-11,-5.009276803323574e-10
-2.271,5.46582024563728e-11,-5.075855611622144e-10
-2.27,5.643271603180003e-11,-5.143298889127844e-10
-2.269,5.8246057925059e-11,-5.211617507728345e-10
-2.268,6.00989625272376e-11,-5.280822469827771e-10
-2.267,6.199217705420687e-11,-5.350924909800924e-10
-2.266,6.392646175888556e-11,-5.421936095461575e-10
-2.265,6.590259014687318e-11,-5.493867429544935e-10
-2.264,6.792134919550361e-11,-5.566730451204386e-10
-2.263,6.998353957637116e-11,-5.640536837522555e-10
-2.262,7.208997588138222e-11,-5.715298405036848e-10
-2.261,7.424148685238632e-11,-5.791027111279502e-10
-2.26,7.643891561444126e-11,-5.867735056332288e-10
-2.259,7.868311991276742e-11,-5.94543448439591e-10
-2.258,8.097497235344786e-11,-6.02413778537423e-10
-2.257,8.331536064793082e-11,-6.103857496473369e-10
-2.256,8.570518786139288e-11,-6.184606303815817e-10
-2.255,8.814537266502114e-11,-6.266397044069601e-10
-2.254,9.06368495922742e-11,-6.349242706092615e-10
-2.253,9.31805692991824e-11,-6.433156432592201e-10
-2.252,9.57774988287484e-11,-6.518151521800057e-10
-2.251,9.84286218795107e-11,-6.604241429162566e-10
-2.25,1.0113493907833277e-10,-6.691439769046623e-10
-2.249,1.0389746825748227e-10,-6.779760316461044e-10
-2.248,1.0671724473606506e-10,-6.869217008793639e-10
-2.247,1.0959532160588002e-10,-6.959823947564034e-10
-2.246,1.1253277002176154e-10,-7.051595400192311e-10
-2.245,1.1553067949647761e-10,-7.14454580178356e-10
-2.244,1.1859015820025226e-10,-7.238689756928401e-10
-2.243,1.2171233326498215e-10,-7.334042041519565e-10
-2.242,1.2489835109321844e-10,-7.430617604584615e-10
-2.241,1.2814937767198544e-10,-7.528431570134855e-10
-2.24,1.3146659889150934e-10,-7.627499239030522e-10
-2.239,1.348512208689306e-10,-7.727836090862327e-10
-2.238,1.3830447027707548e-10,-7.829457785849404e-10
-2.237,1.4182759467836258e-10,-7.932380166753742e-10
-2.236,1.4542186286392173e-10,-8.036619260811169e-10
-2.235,1.4908856519800335e-10,-8.142191281678934e-10
-2.234,1.528290139677584e-10,-8.249112631399975e-10
-2.233,1.5664454373846868e-10,-8.35739990238391e-10
-2.232,1.605365117143099e-10,-8.467069879404823e-10
-2.231,1.6450629810473053e-10,-8.578139541615891e-10
-2.23,1.6855530649652998e-10,-8.690626064580918e-10
-2.229,1.7268496423172226e-10,-8.804546822322815e-10
-2.228,1.7689672279127106e-10,-8.919919389389085e-10
-2.227,1.811920581847848e-10,-9.036761542934355e-10
-2.226,1.8557247134625987e-10,-9.155091264819997e-10
-2.225,1.900394885359634e-10,-9.274926743730897e-10
-2.224,1.9459466174854657e-10,-9.396286377309385e-10
-2.223,1.992395691274817e-10,-9.519188774306388e-10
-2.222,2.039758153859175e-10,-9.643652756749825e-10
-2.221,2.0880503223404812e-10,-9.769697362130283e-10
-2.22,2.137288788130929e-10,-9.897341845603992e-10
-2.219,2.1874904213598554e-10,-1.0026605682213154e-9
-2.218,2.2386723753487225e-10,-1.01575085691236e-9
-2.217,2.2908520911552043e-10,-1.0290070427879841e-9
-2.216,2.344047302187401e-10,-1.0424311406677502e-9
-2.215,2.3982760388892306e-10,-1.0560251882653164e-9
-2.214,2.4535566334980445e-10,-1.0697912464191615e-9
-2.213,2.5099077248755466e-10,-1.0837313993250514e-9
-2.212,2.567348263413099e-10,-1.097847754770249e-9
-2.211,2.6258975160125167e-10,-1.112142444369465e-9
-2.21,2.68557507114347e-10,-1.1266176238025484e-9
-2.209,2.746400843978626e-10,-1.1412754730539211e-9
-2.208,2.8083950816076874e-10,-1.1561181966537465e-9
-2.207,2.871578368331475e-10,-1.1711480239208391e-9
-2.206,2.935971631037267e-10,-1.186367209207306e-9
-2.205,3.001596144656557e-10,-1.2017780321449222e-9
-2.204,3.068473537706487e-10,-1.2173827978932327e-9
-2.203,3.1366257979161495e-10,-1.233183837389381e-9
-2.202,3.2060752779390424e-10,-1.249183507599658e-9
-2.201,3.2768447011529213e-10,-1.2653841917727675e-9
-2.2,3.3489571675483533e-10,-1.2817882996948006e-9
-2.199,3.4224361597072584e-10,-1.2983982679459175e-9
-2.198,3.4973055488727817e-10,-1.3152165601587272e-9
-2.197,3.573589601111816e-10,-1.332245667278359e-9
-2.196,3.651312983571556e-10,-1.349488107824218e-9
-2.195,3.730500770831445e-10,-1.3669464281534179e-9
-2.194,3.811178451351923e-10,-1.3846232027258818e-9
-2.193,3.8933719340213923e-10,-1.4025210343710993e-9
-2.192,3.9771075548028367e-10,-1.4206425545565347e-9
-2.191,4.062412083481554e-10,-1.4389904236576717e-9
-2.19,4.1493127305154766e-10,-1.4575673312296845e-9
-2.189,4.237837153989584e-10,-1.4763759962807236e-9
-2.188,4.3280134666759254e-10,-1.495419167546805e-9
-2.187,4.4198702432007896e-10,-1.5146996237682845e-9
-2.186,4.5134365273205896e-10,-1.5342201739679104e-9
-2.185,4.6087418393080434e-10,-1.5539836577304313e-9
-2.184,4.705816183450259e-10,-1.573992945483751e-9
-2.183,4.804690055660347e-10,-1.5942509387816078e-9
-2.182,4.905394451204224e-10,-1.6147605705877645e-9
-2.181,5.007960872544258e-10,-1.635524805561689e-9
-2.18,5.112421337301482e-10,-1.6565466403457079e-9
-2.179,5.218808386338075e-10,-1.6778291038536112e-9
-2.178,5.327155091961858e-10,-1.6993752575606886e-9
-2.177,5.437495066254586e-10,-1.7211881957951744e-9
-2.176,5.549862469525804e-10,-1.7432710460310803e-9
-2.175,5.664292018894122e-10,-1.7656269691823886e-9
-2.174,5.780818996997705e-10,-1.788259159898584e-9
-2.173,5.899479260835892e-10,-1.8111708468614976e-9
-2.172,6.020309250743804e-10,-1.834365293083435e-9
-2.171,6.143345999501873e-10,-1.8578457962065605e-9
-2.17,6.268627141582241e-10,-1.881615688803511e-9
-2.169,6.396190922534001e-10,-1.9056783386792027e-9
-2.168,6.526076208509269e-10,-1.9300371491738095e-9
-2.167,6.658322495932127e-10,-1.9546955594668696e-9
-2.166,6.792969921312486e-10,-1.979657044882493e-9
-2.165,6.930059271206954e-10,-2.004925117195632e-9
-2.164,7.069631992328811e-10,-2.0305033249393828e-9
-2.163,7.21173020180925e-10,-2.0563952537132702e-9
-2.162,7.356396697612031e-10,-2.08260452649249e-9
-2.161,7.503674969103765e-10,-2.1091348039380568e-9
-2.16,7.653609207782042e-10,-2.1359897847078232e-9
-2.159,7.806244318163674e-10,-2.1631732057683215e-9
-2.158,7.961625928835331e-10,-2.1906888427073868e-9
-2.157,8.119800403668908e-10,-2.2185405100475146e-9
-2.156,8.280814853203944e-10,-2.2467320615599045e-9
-2.155,8.444717146199514e-10,-2.2752673905791384e-9
-2.154,8.61155592135798e-10,-2.3041504303184478e-9
-2.153,8.781380599223068e-10,-2.3333851541855116e-9
-2.152,8.954241394254739e-10,-2.362975576098735e-9
-2.151,9.130189327083381e-10,-2.392925750803947e-9
-2.15,9.309276236945864e-10,-2.4232397741914677e-9
-2.149,9.491554794306034e-10,-2.453921783613478e-9
-2.148,9.677078513662289e-10,-2.4849759582016325e-9
-2.147,9.865901766544845e-10,-2.516406519184855e-9
-2.146,1.0058079794705446e-9,-2.548217730207248e-9
-2.145,1.0253668723502164e-9,-2.5804138976460506e-9
-2.144,1.0452725575482115e-9,-2.612999370929573e-9
-2.143,1.0655308284164855e-9,-2.6459785428550417e-9
-2.142,1.08614757080293e-9,-2.679355849906278e-9
-2.141,1.1071287644707041e-9,-2.713135772571132e-9
-2.14,1.1284804845384971e-9,-2.7473228356586015e-9
-2.139,1.1502089029420157e-9,-2.78192160861555e-9
-2.138,1.1723202899169963e-9,-2.816936705842942e-9
-2.137,1.194821015504046e-9,-2.852372787011515e-9
-2.136,1.217717551075614e-9,-2.888234557376797e-9
-2.135,1.2410164708854134e-9,-2.924526768093382e-9
-2.134,1.2647244536405988e-9,-2.9612542165283723e-9
-2.133,1.2888482840970243e-9,-2.9984217465738897e-9
-2.132,1.3133948546779056e-9,-3.036034248958565e-9
-2.131,1.3383711671162119e-9,-3.0740966615578987e-9
-2.13,1.3637843341211181e-9,-3.1126139697033964e-9
-2.129,1.3896415810688588e-9,-3.1515912064903708e-9
-2.128,1.41595024771832e-9,-3.1910334530843023e-9
-2.127,1.442717789951715e-9,-3.230945839025649e-9
-2.126,1.4699517815406956e-9,-3.2713335425329926e-9
-2.125,1.497659915938252e-9,-3.3122017908043977e-9
-2.124,1.5258500080967599e-9,-3.3535558603168754e-9
-2.123,1.5545299963125376e-9,-3.395401077123817e-9
-2.122,1.5837079440972862e-9,-3.4377428171502783e-9
-2.121,1.6133920420767775e-9,-3.480586506485986e-9
-2.12,1.6435906099171776e-9,-3.523937621675924e-9
-2.119,1.6743120982793806e-9,-3.567801690008379e-9
-2.118,1.7055650908017444e-9,-3.6121842898002877e-9
-2.117,1.7373583061116225e-9,-3.6570910506797602e-9
-2.116,1.7697005998660865e-9,-3.702527653865619e-9
-2.115,1.8026009668222444e-9,-3.748499832443808e-9
-2.114,1.8360685429375623e-9,-3.795013371640522e-9
-2.113,1.870112607500605e-9,-3.8420741090918864e-9
-2.112,1.9047425852926085e-9,-3.889687935110046e-9
-2.111,1.9399680487803206e-9,-3.937860792945466e-9
-2.11,1.975798720340522e-9,-3.986598679045309e-9
-2.109,2.01224447451668e-9,-4.0359076433076846e-9
-2.108,2.0493153403081658e-9,-4.085793789331619e-9
-2.107,2.087021503492483e-9,-4.136263274662535e-9
-2.106,2.1253733089809624e-9,-4.187322311033078e-9
-2.105,2.1643812632083786e-9,-4.238977164599085e-9
-2.104,2.2040560365569518e-9,-4.291234156170499e-9
-2.103,2.2444084658152065e-9,-4.344099661437037e-9
-2.102,2.285449556672161e-9,-4.3975801111883904e-9
-2.101,2.3271904862473264e-9,-4.451681991528766e-9
-2.1,2.369642605657012e-9,-4.506411844085537e-9
-2.099,2.412817442617417e-9,-4.561776266211785e-9
-2.098,2.456726704085025e-9,-4.617781911182521e-9
-2.097,2.5013822789347875e-9,-4.674435488384326e-9
-2.096,2.546796240676632e-9,-4.731743763498214e-9
-2.095,2.5929808502107914e-9,-4.789713558675428e-9
-2.094,2.6399485586225e-9,-4.8483517527059694e-9
-2.093,2.68771201001657e-9,-4.907665281179567e-9
-2.092,2.7362840443924058e-9,-4.967661136638853e-9
-2.091,2.785677700559982e-9,-5.028346368724465e-9
-2.09,2.8359062190973566e-9,-5.089728084311813e-9
-2.089,2.8869830453502627e-9,-5.1518134476392295e-9
-2.088,2.938921832474354e-9,-5.2146096804272105e-9
-2.087,2.991736444520676e-9,-5.27812406198848e-9
-2.086,3.045440959564938e-9,-5.342363929328553e-9
-2.085,3.1000496728811808e-9,-5.407336677236516e-9
-2.084,3.155577100160426e-9,-5.4730497583657e-9
-2.083,3.2120379807749186e-9,-5.53951068330394e-9
-2.082,3.2694472810885627e-9,-5.606727020633089e-9
-2.081,3.3278201978141726e-9,-5.674706396977455e-9
-2.08,3.387172161418164e-9,-5.74345649704083e-9
-2.079,3.4475188395733116e-9,-5.8129850636317536e-9
-2.078,3.5088761406602193e-9,-5.88329989767667e-9
-2.077,3.571260217318146e-9,-5.9544088582206015e-9
-2.076,3.6346874700458453e-9,-6.026319862414981e-9
-2.075,3.6991745508530767e-9,-6.0990408854922665e-9
-2.074,3.764738366963468e-9,-6.172579960726936e-9
-2.073,3.831396084569398e-9,-6.246945179382492e-9
-2.072,3.899165132639602e-9,-6.32214469064405e-9
-2.071,3.968063206780169e-9,-6.398186701536112e-9
-2.07,4.038108273149672e-9,-6.4750794768251105e-9
-2.069,4.109318572429107e-9,-6.5528313389062705e-9
-2.068,4.181712623847389e-9,-6.631450667674379e-9
-2.067,4.255309229263119e-9,-6.7109459003779916e-9
-2.066,4.330127477303363e-9,-6.79132553145663e-9
-2.065,4.406186747560201e-9,-6.872598112360501e-9
-2.064,4.483506714845779e-9,-6.95477225135226e-9
-2.063,4.56210735350666e-9,-7.0378566132903255e-9
-2.062,4.642008941798215e-9,-7.121859919393258e-9
-2.061,4.7232320663198606e-9,-7.206790946984684e-9
-2.06,4.805797626511928e-9,-7.292658529218253e-9
-2.059,4.88972683921496e-9,-7.379471554782098e-9
-2.058,4.9750412432922566e-9,-7.467238967582251e-9
-2.057,5.061762704316476e-9,-7.555969766404472e-9
-2.056,5.149913419321137e-9,-7.645673004553915e-9
-2.055,5.239515921617849e-9,-7.736357789472076e-9
-2.054,5.330593085680125e-9,-7.828033282330408e-9
-2.053,5.423168132094635e-9,-7.920708697600026e-9
-2.052,5.517264632580772e-9,-8.01439330259688e-9
-2.051,5.612906515079403e-9,-8.109096417001774e-9
-2.05,5.7101180689116954e-9,-8.204827412354595e-9
-2.049,5.808923950008929e-9,-8.301595711522092e-9
-2.048,5.909349186214187e-9,-8.39941078813856e-9
-2.047,6.011419182656851e-9,-8.498282166018737e-9
-2.046,6.115159727200843e-9,-8.598219418542209e-9
-2.045,6.2205969959675306e-9,-8.699232168008671e-9
-2.044,6.32775755893427e-9,-8.801330084963251e-9
-2.043,6.436668385609541e-9,-8.904522887491227e-9
-2.042,6.547356850785631e-9,-9.008820340481344e-9
-2.041,6.659850740369889e-9,-9.114232254857e-9
-2.04,6.7741782572955e-9,-9.220768486774483e-9
-2.039,6.890368027512823e-9,-9.328438936787518e-9
-2.038,7.008449106062283e-9,-9.43725354897725e-9
-2.037,7.128450983229867e-9,-9.547222310046885e-9
-2.036,7.250403590786243e-9,-9.658355248380128e-9
-2.035,7.3743373083105715e-9,-9.77066243306254e-9
-2.034,7.50028296960006e-9,-9.884153972864974e-9
-2.033,7.628271869166343e-9,-9.998840015188154e-9
-2.032,7.758335768819761e-9,-1.0114730744967514e-8
-2.031,7.890506904342658e-9,-1.0231836383537353e-8
-2.03,8.024817992252781e-9,-1.0350167187453351e-8
-2.029,8.161302236657928e-9,-1.0469733447272495e-8
-2.028,8.299993336202963e-9,-1.0590545486289411e-8
-2.027,8.440925491110342e-9,-1.0712613659228096e-8
-2.026,8.584133410315325e-9,-1.0835948350888046e-8
-2.025,8.729652318697026e-9,-1.0960559974743691e-8
-2.024,8.877517964406501e-9,-1.1086458971496122e-8
-2.023,9.027766626293054e-9,-1.1213655807575973e-8
-2.022,9.180435121429971e-9,-1.1342160973596382e-8
-2.021,9.33556081274093e-9,-1.1471984982754883e-8
-2.02,9.493181616728273e-9,-1.160313836918309e-8
-2.019,9.65333601130443e-9,-1.1735631686242979e-8
-2.018,9.816063043727735e-9,-1.1869475504768595e-8
-2.017,9.981402338643906e-9,-1.2004680411251936e-8
-2.016,1.0149394106234472e-8,-1.2141257005971788e-8
-2.015,1.0320079150473474e-8,-1.2279215901064239e-8
-2.014,1.0493498877493703e-8,-1.241856771853358e-8
-2.013,1.0669695304063848e-8,-1.2559323088202268e-8
-2.012,1.0848711066177869e-8,-1.270149264559861e-8
-2.011,1.1030589427757947e-8,-1.2845087029780813e-8
-2.01,1.1215374289472386e-8,-1.299011688109599e-8
-2.009,1.1403110197669847e-8,-1.3136592838872697e-8
-2.008,1.1593842353431302e-8,-1.328452553904558e-8
-2.007,1.1787616621741119e-8,-1.3433925611710622e-8
-2.006,1.198447954077869e-8,-1.35848036786095e-8
-2.005,1.2184478331332072e-8,-1.3737170350541547e-8
-2.004,1.2387660906335031e-8,-1.3891036224701693e-8
-2.003,1.2594075880529017e-8,-1.4046411881942868e-8
-2.002,1.28037725802515e-8,-1.42033078839612e-8
-2.001,1.3016801053352184e-8,-1.4361734770402352e-8
-2.0,1.3233212079238602e-8,-1.4521703055887367e-8
-1.999,1.3453057179052604e-8,-1.4683223226956241e-8
-1.998,1.3676388625979286e-8,-1.4846305738927529e-8
-1.997,1.3903259455689892e-8,-1.5010961012672174e-8
-1.996,1.4133723476920292e-8,-1.517719943129977e-8
-1.995,1.4367835282186549e-8,-1.5345031336755404e-8
-1.994,1.4605650258639247e-8,-1.5514467026325178e-8
-1.993,1.484722459905813e-8,-1.5685516749048537e-8
-1.992,1.5092615312988694e-8,-1.5858190702035425e-8
-1.991,1.5341880238022387e-8,-1.6032499026686267e-8
-1.99,1.5595078051222035e-8,-1.6208451804812815e-8
-1.989,1.5852268280694206e-8,-1.6386059054657707e-8
-1.988,1.6113511317310153e-8,-1.6565330726810738e-8
-1.987,1.637886842657706e-8,-1.6746276700019618e-8
-1.986,1.6648401760661292e-8,-1.6928906776893116e-8
-1.985,1.6922174370565394e-8,-1.71132306794943e-8
-1.984,1.7200250218460553e-8,-1.72992580448217e-8
-1.983,1.748269419017631e-8,-1.7486998420175983e-8
-1.982,1.7769572107849296e-8,-1.767646125840995e-8
-1.981,1.8060950742732717e-8,-1.7867655913059305e-8
-1.98,1.835689782816853e-8,-1.8060591633351903e-8
-1.979,1.8657482072723954e-8,-1.8255277559092934e-8
-1.978,1.896277317349429e-8,-1.8451722715423555e-8
-1.977,1.9272841829573847e-8,-1.8649936007450394e-8
-1.976,1.958775975569682e-8,-1.8849926214743326e-8
-1.975,1.990759969605003e-8,-1.9051701985698863e-8
-1.974,2.02324354382594e-8,-1.9255271831766465e-8
-1.973,2.0562341827552124e-8,-1.9460644121534997e-8
-1.972,2.0897394781096354e-8,-1.966782707467655e-8
-1.971,2.1237671302520476e-8,-1.9876828755744773e-8
-1.97,2.1583249496613824e-8,-2.00876570678248e-8
-1.969,2.1934208584210846e-8,-2.0300319746031824e-8
-1.968,2.229062891726072e-8,-2.051482435085531e-8
-1.967,2.2652591994084388e-8,-2.0731178261345798e-8
-1.966,2.3020180474821052e-8,-2.0949388668141133e-8
-1.965,2.3393478197066136e-8,-2.1169462566329025e-8
-1.964,2.3772570191702795e-8,-2.1391406748142615e-8
-1.963,2.4157542698928985e-8,-2.161522779548585e-8
-1.962,2.4548483184482212e-8,-2.184093207228527e-8
-1.961,2.4945480356064024e-8,-2.206852571666482e-8
-1.96,2.5348624179966354e-8,-2.229801463294019e-8
-1.959,2.5758005897901838e-8,-2.252940448342922e-8
-1.958,2.617371804404024e-8,-2.2762700680074733e-8
-1.957,2.659585446225311e-8,-2.2997908375876147e-8
-1.956,2.7024510323568884e-8,-2.323503245612615e-8
-1.955,2.7459782143840557e-8,-2.347407752944869e-8
-1.954,2.790176780162811e-8,-2.3715047918634402e-8
-1.953,2.835056655629796e-8,-2.3957947651269523e-8
-1.952,2.8806279066341572e-8,-2.420278045015439e-8
-1.951,2.92690074079155e-8,-2.444954972350742e-8
-1.95,2.973885509360511e-8,-2.4698258554950404e-8
-1.949,3.0215927091414215e-8,-2.494890969327102e-8
-1.948,3.07003298439829e-8,-2.5201505541958223e-8
-1.947,3.119217128803584e-8,-2.5456048148506136e-8
-1.946,3.1691560874063385e-8,-2.5712539193482136e-8
-1.945,3.219860958623768e-8,-2.5970979979354533e-8
-1.944,3.271342996256625e-8,-2.623137141907528e-8
-1.943,3.323613611528526e-8,-2.6493714024413134e-8
-1.942,3.376684375149486e-8,-2.675800789403244e-8
-1.941,3.430567019403898e-8,-2.7024252701312763e-8
-1.94,3.485273440263186e-8,-2.7292447681904484e-8
-1.939,3.54081569952338e-8,-2.7562591621015353e-8
-1.938,3.597206026967843e-8,-2.7834682840422903e-8
-1.937,3.6544568225553944e-8,-2.8108719185207635e-8
-1.936,3.7125806586340706e-8,-2.8384698010201673e-8
-1.935,3.77159028218076e-8,-2.866261616614756e-8
-1.934,3.831498617066961e-8,-2.894246998556178e-8
-1.933,3.892318766350905e-8,-2.92242552682975e-8
-1.932,3.95406401459628e-8,-2.9507967266800874e-8
-1.931,4.016747830217823e-8,-2.9793600671055232e-8
-1.93,4.0803838678539936e-8,-3.008114959320735e-8
-1.929,4.1449859707670115e-8,-3.037060755186988e-8
-1.928,4.210568173270476e-8,-3.0661967456093916e-8
-1.927,4.277144703184837e-8,-3.0955221589005624e-8
-1.926,4.3447299843209485e-8,-3.125036159110072e-8
-1.925,4.413338638991972e-8,-3.154737844319045e-8
-1.924,4.482985490553867e-8,-3.184626244899266e-8
-1.923,4.55368556597472e-8,-3.2147003217361467e-8
-1.922,4.625454098433175e-8,-3.244958964414878e-8
-1.921,4.698306529946198e-8,-3.275400989369108e-8
-1.92,4.772258514026444e-8,-3.306025137991443e-8
-1.919,4.847325918369467e-8,-3.336830074705082e-8
-1.918,4.923524827571037e-8,-3.3678143849958746e-8
-1.917,5.000871545874802e-8,-3.3989765734040793e-8
-1.916,5.079382599950557e-8,-3.430315061475083e-8
-1.915,5.159074741703374e-8,-3.461828185668349e-8
-1.914,5.239964951113835e-8,-3.493514195223816e-8
-1.913,5.3220704391096356e-8,-3.525371249984998e-8
-1.912,5.405408650468796e-8,-3.557397418177979e-8
-1.911,5.4899972667547406e-8,-3.58959067414553e-8
-1.91,5.575854209283499e-8,-3.6219488960355134e-8
-1.909,5.662997642123271e-8,-3.654469863442768e-8
-1.908,5.751445975126615e-8,-3.687151255003631e-8
-1.907,5.841217866995509e-8,-3.719990645942247e-8
-1.906,5.932332228379525e-8,-3.7529855055678006e-8
-1.905,6.024808225007383e-8,-3.786133194721788e-8
-1.904,6.118665280852107e-8,-3.8194309631744383e-8
-1.903,6.213923081330064e-8,-3.8528759469693785e-8
-1.902,6.310601576534098e-8,-3.8864651657156075e-8
-1.901,6.408720984501029e-8,-3.920195519825858e-8
-1.9,6.508301794513742e-8,-3.9540637877003755e-8
-1.899,6.609364770438135e-8,-3.988066622855154e-8
-1.898,6.71193095409513e-8,-4.0222005509936465e-8
-1.897,6.816021668668025e-8,-4.056461967020933e-8
-1.896,6.921658522145398e-8,-4.0908471319993516e-8
-1.895,7.028863410799803e-8,-4.125352170044539e-8
-1.894,7.137658522702518e-8,-4.1599730651608406e-8
-1.893,7.248066341274537e-8,-4.1947056580150167e-8
-1.892,7.360109648874065e-8,-4.229545642647161e-8
-1.891,7.473811530420742e-8,-4.264488563117735e-8
-1.89,7.589195377056804e-8,-4.299529810089587e-8
-1.889,7.706284889845432e-8,-4.3346646173438245e-8
-1.888,7.825104083506475e-8,-4.3698880582283834e-8
-1.887,7.945677290189797e-8,-4.4051950420381135e-8
-1.886,8.068029163286456e-8,-4.440580310325195e-8
-1.885,8.192184681277898e-8,-4.476038433138661e-8
-1.884,8.318169151623422e-8,-4.511563805191804e-8
-1.883,8.44600821468608e-8,-4.5471506419562113e-8
-1.882,8.575727847697239e-8,-4.582792975681149e-8
-1.881,8.707354368759989e-8,-4.618484651337015e-8
-1.88,8.840914440891602e-8,-4.6542193224815415e-8
-1.879,8.976435076105224e-8,-4.689990447047408e-8
-1.878,9.113943639530983e-8,-4.725791283049921e-8
-1.877,9.253467853576706e-8,-4.7616148842133763e-8
-1.876,9.395035802128418e-8,-4.797454095514706e-8
-1.875,9.538675934790779e-8,-4.833301548642993e-8
-1.874,9.68441707116765e-8,-4.869149657373408e-8
-1.873,9.832288405182934e-8,-4.9049906128541103e-8
-1.872,9.982319509441858e-8,-4.940816378804606e-8
-1.871,1.0134540339632826e-7,-4.97661868662408e-8
-1.87,1.028898123897002e-7,-5.012389030408139e-8
-1.869,1.0445672942676863e-7,-5.048118661872427e-8
-1.868,1.0604646582510476e-7,-5.0837985851815137e-8
-1.867,1.076593369132727e-7,-5.119419551681462e-8
-1.866,1.0929566207689784e-7,-5.154972054534429e-8
-1.865,1.1095576480514875e-7,-5.190446323253651e-8
-1.864,1.1263997273763369e-7,-5.225832318137123e-8
-1.863,1.1434861771171274e-7,-5.261119724598265e-8
-1.862,1.1608203581022636e-7,-5.296297947391832e-8
-1.861,1.1784056740964131e-7,-5.33135610473332e-8
-1.86,1.1962455722861443e-7,-5.366283022310053e-8
-1.859,1.2143435437697507e-7,-5.401067227182157e-8
-1.858,1.2327031240512698e-7,-5.4356969415715567e-8
-1.857,1.2513278935386936e-7,-5.4701600765371315e-8
-1.856,1.2702214780463833e-7,-5.5044442255341234e-8
-1.855,1.2893875493016833e-7,-5.538536657855858e-8
-1.854,1.3088298254557422e-7,-5.572424311955835e-8
-1.853,1.328552071598535e-7,-5.606093788648171e-8
-1.852,1.3485581002780928e-7,-5.6395313441844e-8
-1.851,1.368851772023931e-7,-5.67272288320455e-8
-1.85,1.3894369958746804e-7,-5.705653951560446e-8
-1.849,1.4103177299099105e-7,-5.738309729009086e-8
-1.848,1.4314979817861438e-7,-5.770675021773973e-8
-1.847,1.4529818092770548e-7,-5.802734254972214e-8
-1.846,1.4747733208178416e-7,-5.8344714649051614e-8
-1.845,1.496876676053765e-7,-5.865870291210376e-8
-1.844,1.5192960863928445e-7,-5.8969139688726015e-8
-1.843,1.5420358155626934e-7,-5.927585320091469e-8
-1.842,1.5651001801714887e-7,-5.957866746003558e-8
-1.841,1.5884935502730513e-7,-5.987740218256443e-8
-1.84,1.6122203499360263e-7,-6.017187270432309e-8
-1.839,1.6362850578171434e-7,-6.04618898931867e-8
-1.838,1.6606922077385344e-7,-6.074726006023713e-8
-1.837,1.6854463892690907e-7,-6.102778486933734e-8
-1.836,1.710552248309836e-7,-6.130326124510096e-8
-1.835,1.7360144876832853e-7,-6.15734812792311e-8
-1.834,1.76183786772677e-7,-6.18382321352021e-8
-1.833,1.7880272068896927e-7,-6.209729595125711e-8
-1.832,1.8145873823346863e-7,-6.23504497416947e-8
-1.831,1.8415233305426428e-7,-6.259746529641655e-8
-1.83,1.868840047921574e-7,-6.283810907870848e-8
-1.829,1.8965425914192715e-7,-6.307214212122624e-8
-1.828,1.9246360791397232e-7,-6.329931992015736e-8
-1.827,1.9531256909632474e-7,-6.351939232752985e-8
-1.826,1.9820166691702958e-7,-6.373210344163785e-8
-1.825,2.0113143190688856e-7,-6.393719149555451e-8
-1.824,2.0410240096256073e-7,-6.413438874370126e-8
-1.823,2.071151174100158e-7,-6.432342134644263e-8
-1.822,2.1017013106833463e-7,-6.450400925267535e-8
-1.821,2.132679983138516e-7,-6.467586608037954e-8
-1.82,2.1640928214463202e-7,-6.483869899509999e-8
-1.819,2.195945522452797e-7,-6.499220858632464e-8
-1.818,2.228243850520668e-7,-6.513608874172694e-8
-1.817,2.2609936381838045e-7,-6.527002651923847e-8
-1.816,2.2942007868047818e-7,-6.53937020169177e-8
-1.815,2.327871267235452e-7,-6.55067882405799e-8
-1.814,2.3620111204804574e-7,-6.560895096915344e-8
-1.813,2.3966264583636047e-7,-6.569984861772651e-8
-1.812,2.431723464197016e-7,-6.577913209824822e-8
-1.811,2.467308393452972e-7,-6.584644467784742e-8
-1.81,2.503387574438349e-7,-6.590142183473192e-8
-1.809,2.5399674089715713e-7,-6.594369111163062e-8
-1.808,2.5770543730619655e-7,-6.597287196674008e-8
-1.807,2.614655017591423e-7,-6.598857562213695e-8
-1.806,2.652775968998265e-7,-6.599040490961691e-8
-1.805,2.6914239299632037e-7,-6.59779541139201e-8
-1.804,2.7306056800972784e-7,-6.595080881330297e-8
-1.803,2.770328076631657e-7,-6.590854571741532e-8
-1.802,2.810598055109181e-7,-6.585073250244116e-8
-1.801,2.851422630077518e-7,-6.577692764346113e-8
-1.8,2.8928088957838126e-7,-6.568668024399417e-8
-1.799,2.934764026870674e-7,-6.557952986267474e-8
-1.798,2.977295279073385e-7,-6.545500633702218e-8
-1.797,3.020409989918173e-7,-6.531262960425745e-8
-1.796,3.0641155794213986e-7,-6.515190951912254e-8
-1.795,3.1084195507895125e-7,-6.497234566865653e-8
-1.794,3.1533294911196114e-7,-6.477342718388254e-8
-1.793,3.19885307210044e-7,-6.455463254835817e-8
-1.792,3.2449980507136587e-7,-6.431542940354244e-8
-1.791,3.291772269935209e-7,-6.40552743509307e-8
-1.79,3.339183659436595e-7,-6.377361275090901e-8
-1.789,3.38724023628589e-7,-6.346987851827838e-8
-1.788,3.4359501056482813e-7,-6.314349391439899e-8
-1.787,3.48532146148595e-7,-6.279386933590345e-8
-1.786,3.5353625872570867e-7,-6.2420403099928e-8
-1.785,3.5860818566138253e-7,-6.202248122580917e-8
-1.784,3.6374877340988857e-7,-6.159947721319353e-8
-1.783,3.6895887758406907e-7,-6.115075181650685e-8
-1.782,3.7423936302467424e-7,-6.067565281572876e-8
-1.781,3.7959110386950034e-7,-6.017351478341772e-8
-1.78,3.85014983622305e-7,-5.964365884793118e-8
-1.779,3.9051189522147393e-7,-5.908539245278437e-8
-1.778,3.9608274110841405e-7,-5.8498009112090826e-8
-1.777,4.017284332956449e-7,-5.7880788162027046e-8
-1.776,4.0744989343456215e-7,-5.7232994508262654e-8
-1.775,4.1324805288284486e-7,-5.6553878369297047e-8
-1.774,4.1912385277147656e-7,-5.584267501564251e-8
-1.773,4.250782440713516e-7,-5.509860450479312e-8
-1.772,4.3111218765943526e-7,-5.4320871411917974e-8
-1.771,4.3722665438444606e-7,-5.350866455621662e-8
-1.77,4.4342262513202864e-7,-5.266115672287354e-8
-1.769,4.4970109088938295e-7,-5.1777504380548e-8
-1.768,4.5606305280931624e-7,-5.085684739433469e-8
-1.767,4.6250952227368237e-7,-4.98983087341298e-8
-1.766,4.690415209561724e-7,-4.8900994178336296e-8
-1.765,4.7566008088441954e-7,-4.786399201284145e-8
-1.764,4.823662445013802e-7,-4.678637272519894e-8
-1.763,4.891610647259518e-7,-4.566718869394666e-8
-1.762,4.960456050127883e-7,-4.450547387299105e-8
-1.761,5.030209394112704e-7,-4.330024347098746e-8
-1.76,5.100881526235902e-7,-4.205049362564557e-8
-1.759,5.172483400619054e-7,-4.0755201072887765e-8
-1.758,5.245026079045191e-7,-3.941332281078772e-8
-1.757,5.318520731510398e-7,-3.8023795758215476e-8
-1.756,5.392978636764737e-7,-3.65855364081144e-8
-1.755,5.468411182842031e-7,-3.5097440475334655e-8
-1.754,5.544829867577999e-7,-3.355838253894685e-8
-1.753,5.622246299116234e-7,-3.19672156789586e-8
-1.752,5.700672196401532e-7,-3.032277110735597e-8
-1.751,5.78011938966001e-7,-2.8623857793390823e-8
-1.75,5.860599820865481e-7,-2.6869262083034036e-8
-1.749,5.942125544191535e-7,-2.5057747312513948e-8
-1.748,6.024708726448743e-7,-2.318805341585819e-8
-1.747,6.108361647506396e-7,-2.1258896526356278e-8
-1.746,6.193096700698192e-7,-1.9268968571859427e-8
-1.745,6.278926393211238e-7,-1.721693686383303e-8
-1.744,6.365863346457748e-7,-1.5101443680076367e-8
-1.743,6.453920296428787e-7,-1.2921105841023175e-8
-1.742,6.543110094029397e-7,-1.0674514279535732e-8
-1.741,6.633445705394425e-7,-8.360233604104153e-9
-1.74,6.724940212184373e-7,-5.976801655361657e-9
-1.739,6.817606811860535e-7,-3.5227290558256205e-9
-1.738,6.911458817938711e-7,-9.964987527732089e-10
-1.737,7.006509660220748e-7,1.6034344458405333e-9
-1.736,7.102772885003138e-7,4.278644342515258e-9
-1.735,7.200262155261906e-7,7.030733828482651e-9
-1.734,7.298991250812965e-7,9.86133536922361e-9
-1.733,7.398974068447143e-7,1.277211149732131e-8
-1.732,7.500224622039029e-7,1.576475531274724e-8
-1.731,7.60275704262879e-7,1.8840990990678188e-8
-1.73,7.706585578476065e-7,2.2002574296943303e-8
-1.729,7.811724595085061e-7,2.5251293111201152e-8
-1.728,7.918188575199915e-7,2.8588967957947906e-8
-1.727,8.025992118769382e-7,3.201745254545861e-8
-1.726,8.135149942879907e-7,3.553863431276463e-8
-1.725,8.245676881656063e-7,3.91544349847712e-8
-1.724,8.357587886127385e-7,4.286681113562032e-8
-1.723,8.470898024060545e-7,4.6677754760404834e-8
-1.722,8.585622479755833e-7,5.058929385534082e-8
-1.721,8.701776553806848e-7,5.460349300650647e-8
-1.72,8.819375662822318e-7,5.8722453987256284e-8
-1.719,8.93843533910892e-7,6.294831636442095e-8
-1.718,9.058971230313933e-7,6.728325811340374e-8
-1.717,9.180999099026572e-7,7.172949624228559e-8
-1.716,9.304534822336779e-7,7.628928742505212e-8
-1.715,9.42959439135026e-7,8.096492864405634e-8
-1.714,9.556193910658493e-7,8.575875784183252e-8
-1.713,9.684349597762447e-7,9.067315458237701e-8
-1.712,9.81407778244867e-7,9.571054072201328e-8
-1.711,9.945394906116434e-7,1.0087338108995919e-7
-1.71,1.0078317521054538e-6,1.0616418417871547e-7
-1.709,1.02128622896664e-6,1.115855028443957e-7
-1.708,1.0349045983641983e-6,1.1713993501711843e-7
-1.707,1.0486885483075091e-6,1.2283012442158394e-7
-1.706,1.0626397775524567e-6,1.2865876130795793e-7
-1.705,1.0767599955017836e-6,1.3462858319318686e-7
-1.704,1.091050922099527e-6,1.4074237561286906e-7
-1.703,1.1055142877193735e-6,1.4700297288380793e-7
-1.702,1.1201518330467738e-6,1.5341325887737375e-7
-1.701,1.1349653089546494e-6,1.5997616780380187e-7
-1.7,1.149956476372522e-6,1.666946850075559e-7
-1.699,1.165127106148891e-6,1.7357184777388516e-7
-1.698,1.1804789789066854e-6,1.8061074614670738e-7
-1.697,1.1960138848916058e-6,1.8781452375794717e-7
-1.696,1.2117336238131742e-6,1.95186378668463e-7
-1.695,1.2276400046783044e-6,2.027295642206957e-7
-1.694,1.2437348456171962e-6,2.104473899031718e-7
-1.693,1.2600199737013631e-6,2.183432222269973e-7
-1.692,1.2764972247535886e-6,2.264204856144766e-7
-1.691,1.2931684431496086e-6,2.3468266329999335e-7
-1.69,1.3100354816113105e-6,2.4313329824329024e-7
-1.689,1.3271002009912363e-6,2.517759940552857e-7
-1.688,1.344364470048173e-6,2.6061441593656584e-7
-1.687,1.3618301652136049e-6,2.696522916286917e-7
-1.686,1.379499170348807e-6,2.7889341237846075e-7
-1.685,1.3973733764923433e-6,2.883416339152647e-7
-1.684,1.4154546815977364e-6,2.9800087744168406e-7
-1.683,1.4337449902610675e-6,3.07875130637462e-7
-1.682,1.4522462134382613e-6,3.179684486770004e-7
-1.681,1.4709602681518055e-6,3.2828495526052034e-7
-1.68,1.4898890771866486e-6,3.388288436590326e-7
-1.679,1.5090345687750158e-6,3.4960437777326093e-7
-1.678,1.5283986762698767e-6,3.6061589320666374e-7
-1.677,1.5479833378067951e-6,3.7186779835269993e-7
-1.676,1.5677904959538804e-6,3.8336457549648385e-7
-1.675,1.5878220973495636e-6,3.951107819309764e-7
-1.674,1.6080800923279052e-6,4.071110510878583e-7
-1.673,1.6285664345311443e-6,4.193700936832331e-7
-1.672,1.6492830805091884e-6,4.3189269887830665e-7
-1.671,1.6702319893057402e-6,4.4468373545519114e-7
-1.67,1.6914151220307452e-6,4.5774815300798117e-7
-1.669,1.7128344414188517e-6,4.7109098314924947e-7
-1.668,1.7344919113735482e-6,4.847173407321115e-7
-1.667,1.7563894964966582e-6,4.986324250880065e-7
-1.666,1.7785291616028503e-6,5.128415212803421e-7
-1.665,1.800912871218822e-6,5.27350001374154e-7
-1.664,1.8235425890668072e-6,5.421633257219251e-7
-1.663,1.8464202775320525e-6,5.57287044265716e-7
-1.662,1.8695478971138972e-6,5.727267978557511e-7
-1.661,1.8929274058600873e-6,5.884883195856116e-7
-1.66,1.9165607587839465e-6,6.045774361441818e-7
-1.659,1.940449907264017e-6,6.210000691844943e-7
-1.658,1.9645967984257855e-6,6.377622367096235e-7
-1.657,1.9890033745050808e-6,6.548700544757737e-7
-1.656,2.0136715721927535e-6,6.723297374127046e-7
-1.655,2.038603321960207e-6,6.901476010616446e-7
-1.654,2.06380054736537e-6,7.083300630308328e-7
-1.653,2.0892651643386653e-6,7.268836444688352e-7
-1.652,2.1149990804485545e-6,7.458149715557791e-7
-1.651,2.141004194146193e-6,7.651307770126467e-7
-1.65,2.1672823939887525e-6,7.848379016287708e-7
-1.649,2.19383555784094e-6,8.049432958076726e-7
-1.648,2.2206655520542467e-6,8.254540211313809e-7
-1.647,2.247774230623436e-6,8.463772519433708e-7
-1.646,2.2751634343197913e-6,8.677202769502604e-7
-1.645,2.302834989800615e-6,8.89490500842399e-7
-1.644,2.3307907086944746e-6,9.116954459334828e-7
-1.643,2.3590323866616756e-6,9.343427538193298e-7
-1.642,2.3875618024294334e-6,9.574401870559447e-7
-1.641,2.416380716801211e-6,9.809956308570053e-7
-1.64,2.4454908716396676e-6,1.0050170948108942e-6
-1.639,2.4748939888226664e-6,1.029512714617404e-6
-1.638,2.504591769171773e-6,1.0544907538442401e-6
-1.637,2.5345858913526673e-6,1.0799596057034384e-6
-1.636,2.5648780107468754e-6,1.1059277948478204e-6
-1.635,2.595469758294233e-6,1.1324039791876024e-6
-1.634,2.626362739305459e-6,1.15939695172727e-6
-1.633,2.6575585322442272e-6,1.1869156424228304e-6
-1.632,2.689058687478099e-6,1.2149691200595532e-6
-1.631,2.7208647259976777e-6,1.2435665941503003e-6
-1.63,2.7529781381033294e-6,1.2727174168545537e-6
-1.629,2.7854003820588e-6,1.3024310849182338e-6
-1.628,2.818132882711055e-6,1.3327172416344094e-6
-1.627,2.85117703007565e-6,1.3635856788249884e-6
-1.626,2.8845341778869306e-6,1.395046338843479e-6
-1.625,2.9182056421123456e-6,1.4271093165989063e-6
-1.624,2.952192699430147e-6,1.4597848616009644e-6
-1.623,2.9864965856697366e-6,1.4930833800264812e-6
-1.622,3.021118494213908e-6,1.5270154368072678e-6
-1.621,3.056059574362215e-6,1.5615917577394194e-6
-1.62,3.0913209296546874e-6,1.5968232316141326e-6
-1.619,3.1269036161551054e-6,1.6327209123700946e-6
-1.618,3.1628086406930204e-6,1.6692960212674997e-6
-1.617,3.1990369590637055e-6,1.7065599490837379e-6
-1.616,3.2355894741851997e-6,1.7445242583308018e-6
-1.615,3.272467034211597e-6,1.7832006854944432e-6
-1.614,3.3096704306017156e-6,1.8226011432951132e-6
-1.613,3.347200396142273e-6,1.8627377229707104e-6
-1.612,3.385057602924669e-6,1.9036226965811525e-6
-1.611,3.4232426602744724e-6,1.9452685193347843e-6
-1.61,3.4617561126326833e-6,1.9876878319366283e-6
-1.609,3.500598437387837e-6,2.030893462958469e-6
-1.608,3.5397700426579916e-6,2.0748984312307717e-6
-1.607,3.5792712650216286e-6,2.119715948256404e-6
-1.606,3.619102367196476e-6,2.16535942064615e-6
-1.605,3.6592635356652616e-6,2.2118424525759705e-6
-1.604,3.6997548782473588e-6,2.2591788482659745e-6
-1.603,3.740576421615303e-6,2.3073826144810507e-6
-1.602,3.7817281087551193e-6,2.3564679630530943e-6
-1.601,3.823209796369382e-6,2.406449313424768e-6
-1.6,3.865021252221932e-6,2.457341295214713e-6
-1.599,3.907162152423127e-6,2.5091587508041207e-6
-1.598,3.949632078654521e-6,2.5619167379445718e-6
-1.597,3.992430515331806e-6,2.6156305323870286e-6
-1.596,4.035556846704866e-6,2.6703156305318615e-6
-1.595,4.0790103538937765e-6,2.7259877520997803e-6
-1.594,4.122790211859513e-6,2.782662842823524e-6
-1.593,4.166895486308191e-6,2.8403570771601582e-6
-1.592,4.211325130527568e-6,2.899086861023805e-6
-1.591,4.256077982154565e-6,2.958868834538638e-6
-1.59,4.301152759872527e-6,3.0197198748119357e-6
-1.589,4.346548060036923e-6,3.081657098726994e-6
-1.588,4.392262353228159e-6,3.14469786575568e-6
-1.587,4.4382939807301815e-6,3.2088597807903797e-6
-1.586,4.4846411509334945e-6,3.274160696995107e-6
-1.585,4.531301935661217e-6,3.340618718675494e-6
-1.584,4.578274266416778e-6,3.408252204167392e-6
-1.583,4.625555930551816e-6,3.477079768743777e-6
-1.582,4.673144567352847e-6,3.5471202875396607e-6
-1.581,4.721037664045223e-6,3.6183928984946594e-6
-1.58,4.769232551712897e-6,3.6909170053128866e-6
-1.579,4.817726401132474e-6,3.7647122804397967e-6
-1.578,4.86651621852001e-6,3.839798668055595e-6
-1.577,4.915598841189002e-6,3.916196387084812e-6
-1.576,4.964970933117992e-6,3.993925934221623e-6
-1.575,5.014628980426155e-6,4.073008086970459e-6
-1.574,5.064569286755263e-6,4.1534639067014494e-6
-1.573,5.11478796855636e-6,4.23531474172022e-6
-1.572,5.165280950279456e-6,4.318582230351522e-6
-1.571,5.216043959464551e-6,4.403288304036172e-6
-1.57,5.267072521732257e-6,4.489455190440753e-6
-1.569,5.318361955672248e-6,4.577105416579482e-6
-1.568,5.369907367627766e-6,4.666261811947669e-6
-1.567,5.4217036463743835e-6,4.756947511666115e-6
-1.566,5.473745457691173e-6,4.8491859596358105e-6
-1.565,5.526027238822434e-6,4.943000911702256e-6
-1.564,5.5785431928280925e-6,5.038416438828686e-6
-1.563,5.6312872828208495e-6,5.13545693027748e-6
-1.562,5.684253226088153e-6,5.234147096798985e-6
-1.561,5.737434488097014e-6,5.334511973826959e-6
-1.56,5.790824276379678e-6,5.436576924679811e-6
-1.559,5.84441553429813e-6,5.5403676437668045e-6
-1.558,5.898200934685372e-6,5.645910159798299e-6
-1.557,5.9521728733614126e-6,5.753230838999154e-6
-1.556,6.006323462521839e-6,5.8623563883243185e-6
-1.555,6.060644523996863e-6,5.9733138586756275e-6
-1.554,6.115127582378639e-6,6.086130648118784e-6
-1.553,6.169763858014701e-6,6.200834505099474e-6
-1.552,6.224544259865258e-6,6.317453531657515e-6
-1.551,6.279459378222121e-6,6.436016186637907e-6
-1.55,6.334499477286968e-6,6.5565512888976215e-6
-1.549,6.389654487606627e-6,6.679088020506908e-6
-1.548,6.444913998363053e-6,6.8036559299438745e-6
-1.547,6.5002672495156e-6,6.9302849352810485e-6
-1.546,6.555703123793213e-6,7.059005327362573e-6
-1.545,6.611210138534072e-6,7.189847772970674e-6
-1.544,6.6667764373702544e-6,7.322843317979954e-6
-1.543,6.722389781754898e-6,7.458023390498061e-6
-1.542,6.778037542329335e-6,7.595419803991195e-6
-1.541,6.833706690127656e-6,7.7350647603929e-6
-1.54,6.889383787616092e-6,7.876990853194513e-6
-1.539,6.9450549795646e-6,8.021231070515615e-6
-1.538,7.000705983748001e-6,8.167818798152749e-6
-1.537,7.056322081473976e-6,8.316787822604642e-6
-1.536,7.111888107935201e-6,8.468172334072108e-6
-1.535,7.167388442382875e-6,8.622006929430733e-6
-1.534,7.222806998118859e-6,8.778326615174408e-6
-1.533,7.278127212303588e-6,8.937166810327727e-6
-1.532,7.33333203557695e-6,9.098563349325156e-6
-1.531,7.3884039214891975e-6,9.262552484854893e-6
-1.53,7.443324815739028e-6,9.429170890665196e-6
-1.529,7.498076145215846e-6,9.598455664330961e-6
-1.528,7.552638806843257e-6,9.770444329978223e-6
-1.527,7.606993156220764e-6,9.945174840964203e-6
-1.526,7.661118996060628e-6,1.0122685582510439e-5
-1.525,7.714995564416816e-6,1.0303015374286508e-5
-1.524,7.768601522702922e-6,1.0486203472941716e-5
-1.523,7.821914943495924e-6,1.067228957458211e-5
-1.522,7.874913298122599e-6,1.0861313817190062e-5
-1.521,7.927573444025386e-6,1.1053316782983602e-5
-1.52,7.979871611904458e-6,1.1248339500712628e-5
-1.519,8.031783392632748e-6,1.1446423447888968e-5
-1.518,8.083283723940574e-6,1.1647610552947285e-5
-1.517,8.134346876866596e-6,1.1851943197333637e-5
-1.516,8.184946441971691e-6,1.2059464217518493e-5
-1.515,8.235055315312337e-6,1.2270216906930857e-5
-1.514,8.284645684170124e-6,1.2484245017810121e-5
-1.513,8.333689012533886e-6,1.2701592762972114e-5
-1.512,8.382156026330968e-6,1.2922304817485772e-5
-1.511,8.430016698404118e-6,1.3146426320256738e-5
-1.51,8.477240233230446e-6,1.3374002875514069e-5
-1.509,8.523795051378853e-6,1.3605080554196217e-5
-1.508,8.569648773702323e-6,1.3839705895232233e-5
-1.507,8.614768205261454e-6,1.4077925906714126e-5
-1.506,8.65911931897551e-6,1.4319788066956164e-5
-1.505,8.702667238997348e-6,1.45653403254368e-5
-1.504,8.74537622380845e-6,1.48146311036188e-5
-1.503,8.787209649030328e-6,1.5067709295643026e-5
-1.502,8.828129989948507e-6,1.5324624268891217e-5
-1.501,8.868098803745286e-6,1.5585425864412982e-5
-1.5,8.907076711437435e-6,1.585016439721214e-5
-1.499,8.945023379514973e-6,1.611889065638733e-5
-1.498,8.981897501277154e-6,1.6391655905121763e-5
-1.497,9.017656777861724e-6,1.6668511880516886e-5
-1.496,9.052257898963557e-6,1.694951079326443e-5
-1.495,9.085656523238687e-6,1.7234705327151422e-5
-1.494,9.117807258389793e-6,1.752414863839238e-5
-1.493,9.148663640929102e-6,1.7817894354782912e-5
-1.492,9.178178115614755e-6,1.811599657466873e-5
-1.491,9.20630201455655e-6,1.841850986572397e-5
-1.49,9.232985535987043e-6,1.8725489263532552e-5
-1.489,9.258177722693958e-6,1.9036990269966134e-5
-1.488,9.281826440109786e-6,1.9353068851352136e-5
-1.487,9.303878354054513e-6,1.9673781436425035e-5
-1.486,9.324278908127368e-6,1.9999184914054093e-5
-1.485,9.34297230074347e-6,2.032933663074041e-5
-1.484,9.359901461811234e-6,2.0664294387876104e-5
-1.483,9.375008029046441e-6,2.1004116438758152e-5
-1.482,9.388232323918794e-6,2.1348861485349436e-5
-1.481,9.399513327226821e-6,2.169858867477907e-5
-1.48,9.408788654297003e-6,2.2053357595574192e-5
-1.479,9.415994529802931e-6,2.2413228273615048e-5
-1.478,9.421065762200391e-6,2.2778261167805038e-5
-1.477,9.423935717774165e-6,2.3148517165447222e-5
-1.476,9.424536294292473e-6,2.352405757731857e-5
-1.475,9.422797894264852e-6,2.3904944132433062e-5
-1.474,9.418649397799383e-6,2.4291238972484472e-5
-1.473,9.412018135055114e-6,2.4683004645959582e-5
-1.472,9.402829858285587e-6,2.5080304101912197e-5
-1.471,9.391008713469357e-6,2.5483200683388276e-5
-1.47,9.376477211523446e-6,2.5891758120492148e-5
-1.469,9.35915619909563e-6,2.630604052308363e-5
-1.468,9.338964828931577e-6,2.6726112373095605e-5
-1.467,9.315820529812767e-6,2.715203851646139e-5
-1.466,9.289638976061248e-6,2.7583884154640943e-5
-1.465,9.260334056607246e-6,2.8021714835734837e-5
-1.464,9.227817843615716e-6,2.84655964451745e-5
-1.463,9.192000560667967e-6,2.8915595195977133e-5
-1.462,9.152790550494459e-6,2.9371777618553365e-5
-1.461,9.110094242255046e-6,2.983421055005545e-5
-1.46,9.063816118362837e-6,3.0302961123253612e-5
-1.459,9.01385868084801e-6,3.077809675492776e-5
-1.458,8.960122417257924e-6,3.125968513376164e-5
-1.457,8.902505766089905e-6,3.174779420772607e-5
-1.456,8.840905081753207e-6,3.2242492170937774e-5
-1.455,8.77521459905667e-6,3.274384744997996e-5
-1.454,8.705326397218661e-6,3.325192868967037e-5
-1.453,8.631130363395998e-6,3.376680473826247e-5
-1.452,8.552514155728596e-6,3.4288544632065014e-5
-1.451,8.4693631658967e-6,3.48172175794648e-5
-1.45,8.38156048118759e-6,3.5352892944337324e-5
-1.449,8.288986846068832e-6,3.589564022882954e-5
-1.448,8.191520623265155e-6,3.6445529055498725e-5
-1.447,8.089037754336204e-6,3.7002629148790996e-5
-1.446,7.981411719752492e-6,3.7567010315842854e-5
-1.445,7.868513498467007e-6,3.813874242658848e-5
-1.444,7.750211526980045e-6,3.871789539315563e-5
-1.443,7.626371657894958e-6,3.9304539148532014e-5
-1.442,7.49685711796268e-6,3.9898743624484286e-5
-1.441,7.361528465612965e-6,4.0500578728710904e-5
-1.44,7.2202435479704825e-6,4.111011432121006e-5
-1.439,7.072857457354041e-6,4.1727420189843364e-5
-1.438,6.919222487257367e-6,4.235256602507553e-5
-1.437,6.759188087810051e-6,4.2985621393870085e-5
-1.436,6.592600820717427e-6,4.362665571272051e-5
-1.435,6.419304313678366e-6,4.4275738219796e-5
-1.434,6.239139214280121e-6,4.493293794618044e-5
-1.433,6.05194314336958e-6,4.5598323686182925e-5
-1.432,5.857550647900501e-6,4.6271963966697594e-5
-1.431,5.655793153256493e-6,4.6953927015590236e-5
-1.43,5.4464989150497546e-6,4.7644280729088535e-5
-1.429,5.229492970395814e-6,4.834309263815253e-5
-1.428,5.004597088664755e-6,4.9050429873801214e-5
-1.427,4.7716297217096644e-6,4.9766359131370995e-5
-1.426,4.530405953573317e-6,5.049094663368095e-5
-1.425,4.2807374496743705e-6,5.122425809307961e-5
-1.424,4.0224324054746454e-6,5.1966358672347414e-5
-1.423,3.755295494629358e-6,5.2717312944428296e-5
-1.422,3.479127816622469e-6,5.347718485096378e-5
-1.421,3.193726843889661e-6,5.424603765960208e-5
-1.42,2.8988863684317602e-6,5.5023933920054245e-5
-1.419,2.5943964479217866e-6,5.5810935418869136e-5
-1.418,2.280043351309155e-6,5.6607103132898084e-5
-1.417,1.9556095039249403e-6,5.741249718141989e-5
-1.416,1.6208734320924922e-6,5.822717677689607e-5
-1.415,1.2756097072480859e-6,5.9051200174325725e-5
-1.414,9.19588889576712e-7,5.988462461916902e-5
-1.413,5.525774711685359e-7,6.072750629380744e-5
-1.412,1.7433781870199622e-7,6.157990026250854e-5
-1.411,-2.1537188434002317e-7,6.24418604148624e-5
-1.41,-6.167976959140426e-7,6.331343940765621e-5
-1.409,-1.0301899741124592e-6,6.419468860515304e-5
-1.408,-1.4558034363047363e-6,6.508565801773992e-5
-1.407,-1.8938972187148766e-6,6.598639623891024e-5
-1.406,-2.3447349364262057e-6,6.689695038054426e-5
-1.405,-2.8085847438039252e-6,6.781736600645133e-5
-1.404,-3.2857193953253147e-6,6.874768706413673e-5
-1.403,-3.776416306806871e-6,6.968795581475503e-5
-1.402,-4.28095761701703e-6,7.063821276121183e-5
-1.401,-4.799630249662506e-6,7.159849657437442e-5
-1.4,-5.3327259757355885e-6,7.256884401735179e-5
-1.399,-5.880541476209088e-6,7.354928986780338e-5
-1.398,-6.443378405064873e-6,7.453986683823547e-5
-1.397,-7.0215434526412566e-6,7.55406054942432e-5
-1.396,-7.615348409283711e-6,7.655153417065597e-5
-1.395,-8.22511022928261e-6,7.757267888554257e-5
-1.394,-8.85115109508092e-6,7.860406325203236e-5
-1.393,-9.49379848173391e-6,7.964570838790774e-5
-1.392,-1.0153385221602104e-5,8.06976328229223e-5
-1.391,-1.0830249569257844e-5,8.175985240379886e-5
-1.39,-1.1524735266584884e-5,8.283238019686012e-5
-1.389,-1.2237191608049517e-5,8.391522638824451e-5
-1.388,-1.2967973506120798e-5,8.500839818165884e-5
-1.387,-1.3717441556816392e-5,8.611189969361852e-5
-1.386,-1.448596210534957e-5,8.722573184612536e-5
-1.385,-1.527390731185182e-5,8.834989225673257e-5
-1.384,-1.6081655217144457e-5,8.948437512594505e-5
-1.383,-1.6909589808531483e-5,9.062917112190314e-5
-1.382,-1.7758101085584776e-5,9.178426726229652e-5
-1.381,-1.8627585125891586e-5,9.294964679345456e-5
-1.38,-1.9518444150732918e-5,9.412528906655837e-5
-1.379,-2.0431086590660337e-5,9.53111694109193e-5
-1.378,-2.1365927150937224e-5,9.650725900426758e-5
-1.377,-2.232338687680934e-5,9.771352473999389e-5
-1.376,-2.3303893218568056e-5,9.892992909128626e-5
-1.375,-2.4307880096368263e-5,0.00010015642997210352
-1.374,-2.5335787964761484e-5,0.00010139298059492566
-1.373,-2.6388063876903216e-5,0.00010263952932522108
-1.372,-2.7465161548391982e-5,0.00010389601953256924
-1.371,-2.856754142069597e-5,0.00010516238943837706
-1.37,-2.969567072412155e-5,0.00010643857196012602
-1.369,-3.085002354027619e-5,0.00010772449455208644
-1.368,-3.203108086397663e-5,0.00010902007904243455
-1.367,-3.323933066455138e-5,0.00011032524146670688
-1.366,-3.4475267946484734e-5,0.000111639891897526
-1.365,-3.573939480934766e-5,0.00011296393427053066
-1.364,-3.703222050695896e-5,0.0001142972662064425
-1.363,-3.835426150571807e-5,0.00011563977882920071
-1.362,-3.970604154204898e-5,0.00011699135658009539
-1.361,-4.1088091678892265e-5,0.0001183518770278292
-1.36,-4.250095036118066e-5,0.00011972121067443635
-1.359,-4.394516347023073e-5,0.00012109922075698717
-1.358,-4.5421284376981386e-5,0.00012248576304500536
-1.357,-4.6929873994007345e-5,0.0001238806856335248
-1.356,-4.8471500826233496e-5,0.00012528382873171155
-1.355,-5.0046741020273315e-5,0.00012669502444697596
-1.354,-5.165617841231219e-5,0.00012811409656449924
-1.353,-5.330040457445382e-5,0.0001295408603220981
-1.352,-5.4980018859445105e-5,0.00013097512218034993
-1.351,-5.669562844369217e-5,0.00013241667958790055
-1.35,-5.844784836847748e-5,0.00013386532074187633
-1.349,-6.023730157928492e-5,0.00013532082434332052
-1.348,-6.206461896313668e-5,0.00013678295934757412
-1.347,-6.393043938384298e-5,0.00013825148470952077
-1.346,-6.583540971506223e-5,0.00013972614912361364
-1.345,-6.778018487106592e-5,0.00014120669075860285
-1.344,-6.97654278350997e-5,0.0001426928369868805
-1.343,-7.179180968522802e-5,0.00014418430410836019
-1.342,-7.38600096175467e-5,0.0001456807970688073
-1.341,-7.597071496664378e-5,0.0001471820091725357
-1.34,-7.812462122318594e-5,0.00014868762178938614
-1.339,-8.032243204850305e-5,0.00015019730405590082
-1.338,-8.256485928604033e-5,0.00015171071257060904
-1.337,-8.485262296954335e-5,0.00015322749108333733
-1.336,-8.718645132783661e-5,0.00015474727017845752
-1.335,-8.956708078605293e-5,0.00015626966695198678
-1.334,-9.199525596316587e-5,0.00015779428468245144
-1.333,-9.447172966567339e-5,0.00015932071249542836
-1.332,-9.699726287727642e-5,0.0001608485250216757
-1.331,-9.957262474439088e-5,0.00016237728204876564
-1.33,-0.00010219859255732756,0.00016390652816613172
-1.329,-0.00010487595172696884,0.0001654357924034423
-1.328,-0.00010760549575676632,0.00016696458786221328
-1.327,-0.00011038802620987856,0.00016849241134057164
-1.326,-0.00011322435267126231,0.00017001874295108325
-1.325,-0.00011611529270452552,0.0001715430457315565
-1.324,-0.0001190616718033449,0.000173064765248736
-1.323,-0.00012206432333724484,0.00017458332919479883
-1.322,-0.00012512408849152862,0.0001760981469765676
-1.321,-0.00012824181620114727,0.00017760860929735454
-1.32,-0.00013141836307828468,0.00017911408773135155
-1.319,-0.00013465459333343168,0.00018061393429048212
-1.318,-0.00013795137868971515,0.00018210748098363103
-1.317,-0.00014130959829024162,0.00018359403936816967
-1.316,-0.000144730138598208,0.00018507290009369532
-1.315,-0.0001482138932895252,0.00018654333243790344
-1.314,-0.00015176176313769297,0.000188004583834514
-1.313,-0.00015537465589065758,0.00018945587939317383
-1.312,-0.00015905348613937565,0.00019089642141125845
-1.311,-0.00016279917517780034,0.00019232538887749845
-1.31,-0.00016661265085399818,0.0001937419369673573
-1.309,-0.00017049484741209634,0.00019514519653008954
-1.308,-0.0001744467053247526,0.0001965342735674097
-1.307,-0.00017846917111583084,0.0001979082487037055
-1.306,-0.00018256319717295733,0.0001992661766477301
-1.305,-0.0001867297415496231,0.000200607085645712
-1.304,-0.00019096976775648958,0.00020192997692582243
-1.303,-0.0001952842445415447,0.00020323382413394448
-1.302,-0.0001996741456587473,0.00020451757276069034
-1.301,-0.00020414044962478812,0.00020578013955961652
-1.3,-0.00020868413946358537,0.0002070204119565908
-1.299,-0.00021330620243812295,0.00020823724745026826
-1.298,-0.00021800762976922864,0.00020942947300363747
-1.297,-0.00022278941634087902,0.0002105958844266025
-1.296,-0.0002276525603916069,0.00021173524574957117
-1.295,-0.00023259806319157595,0.0002128462885880238
-1.294,-0.00023762692870487521,0.000213927711498043
-1.293,-0.0002427401632365753,0.00021497817932278953
-1.292,-0.0002479387750640754,0.0002159963225299152
-1.291,-0.0002532237740522578,0.00021698073653991006
-1.29,-0.0002585961712519554,0.00021792998104538708
-1.289,-0.0002640569784812224,0.00021884257932131397
-1.288,-0.00026960720788888785,0.00021971701752621016
-1.287,-0.0002752478714998567,0.0002205517439943325
-1.286,-0.00028097998074160966,0.0002213451685188825
-1.285,-0.00028680454595133914,0.0002220956616262759
-1.284,-0.0002927225758631445,0.00022280155384152335
-1.283,-0.00029873507707469456,0.00022346113494478125
-1.282,-0.0003048430534927515,0.0002240726532191405
-1.281,-0.00031104750575693314,0.0002246343146897313
-1.28,-0.00031734943064107686,0.0002251442823542333
-1.279,-0.00032374982043155203,0.00022560067540489042
-1.278,-0.0003302496622818501,0.00022600156844214278
-1.277,-0.0003368499375427672,0.0002263449906799993
-1.276,-0.00034355162106747554,0.00022662892514328832
-1.275,-0.000350355680490763,0.00022685130785693653
-1.274,-0.00035726307548170305,0.0002270100270274413
-1.273,-0.00036427475696899876,0.00022710292221671588
-1.272,-0.0003713916663382263,0.0002271277835085031
-1.271,-0.0003786147346001857,0.00022708235066756915
-1.27,-0.00038594488152954526,0.00022696431229190684
-1.269,-0.00039338301477294976,0.00022677130495819467
-1.268,-0.0004009300289257402,0.00022650091236077837
-1.267,-0.00040858680457641407,0.00022615066444445995
-1.266,-0.00041635420731793465,0.00022571803653140103
-1.265,-0.00042423308672497636,0.00022520044844246814
-1.264,-0.0004322242752961733,0.00022459526361337084
-1.263,-0.00044032858736041495,0.00022389978820596705
-1.262,-0.00044854681794621247,0.0002231112702151348
-1.261,-0.00045687974161313683,0.00022222689857163562
-1.26,-0.00046532811124430667,0.00022124380224142169
-1.259,-0.00047389265679888146,0.00022015904932186795
-1.258,-0.0004825740840234926,0.00021896964613543933
-1.257,-0.0004913730731215213,0.00021767253632133465
-1.256,-0.0005002902773791086,0.000216264599925681
-1.255,-0.0005093263217467583,0.00021474265249088692
-1.254,-0.0005184818013753697,0.0002131034441447972
-1.253,-0.0005277572801055131,0.00021134365869032989
-1.252,-0.0005371532889087348,0.00020945991269631455
-1.251,-0.0005466703242796532,0.0002074487545902911
-1.25,-0.0005563088465775855,0.00020530666375407112
-1.249,-0.0005660692783164145,0.00020303004962290682
-1.248,-0.000575952002401382,0.0002006152507891603
-1.247,-0.0005859573603114705,0.00019805853411141182
-1.246,-0.0005960856502260062,0.00019535609382999807
-1.245,-0.0006063371250940932,0.0001925040506900218
-1.244,-0.0006167119906454607,0.00018949845107293055
-1.243,-0.0006272104033412813,0.0001863352661378177
-1.242,-0.000637832468263491,0.00018301039097365988
-1.241,-0.0006485782369411157,0.0001795196437637658
-1.24,-0.0006594477051120858,0.00017585876496377663
-1.239,-0.0006704408104189916,0.00017202341649462618
-1.238,-0.0006815574300372105,0.0001680091809519382
-1.237,-0.0006927973782338107,0.00016381156083341276
-1.236,-0.0007041604038556104,0.00015942597778582988
-1.235,-0.0007156461877447522,0.0001548477718733776
-1.234,-0.0007272543400801237,0.00015007220086909578
-1.233,-0.0007389843976429371,0.0001450944395713131
-1.232,-0.0007508358210047568,0.00013990957914704515
-1.231,-0.000762807991636244,0.00013451262650441507
-1.23,-0.0007749002089348654,0.00012889850369625702
-1.229,-0.000787111687169799,0.00012306204735716374
-1.228,-0.0007994415523422473,0.00011699800817634656
-1.227,-0.0008118888389593556,0.00011070105040878618
-1.226,-0.000824452486719917,0.00010416575142726803
-1.225,-0.0008371313371100339,9.738660131801547e-5
-1.224,-0.0008499241299068936,9.0358002522759e-5
-1.223,-0.000862829499588809,8.307426953020895e-5
-1.222,-0.0008758459716496664,7.552962862003451e-5
-1.221,-0.0008889719588159201,6.77182176625915e-5
-1.22,-0.0009022057571642708,5.963408597778745e-5
-1.219,-0.0009155455421381691,5.127119425662405e-5
-1.218,-0.000928989364461287,4.2623414549114195e-5
-1.217,-0.0009425351459461107,3.368453032243455e-5
-1.216,-0.0009561806751958213,2.444823659334442e-5
-1.215,-0.0009699236031976441,1.490814013907773e-5
-1.214,-0.000983761438805869,5.0577597910983325e-6
-1.213,-0.0009976915441127718,-5.109473183701675e-6
-1.212,-0.0010117111297056963,-1.560021460958374e-5
-1.211,-0.0010258172498085925,-2.6421206831343746e-5
-1.21,-0.0010400067973063516,-3.757927804129937e-5
-1.209,-0.0010542764986503255,-4.908134149847185e-5
-1.208,-0.0010686229086434786,-6.093439463432315e-5
-1.207,-0.0010830424051036795,-7.314551803917406e-5
-1.206,-0.001097531183403714,-8.572187432318586e-5
-1.205,-0.0011120852508866858,-9.86707068455359e-5
-1.204,-0.001126700421155556,-0.00011199933830515784
-1.203,-0.0011413723082356738,-0.00012571516918614804
-1.202,-0.0011560963206092706,-0.00013982567605066195
-1.201,-0.0011708676551209964,-0.00015433840967183783
-1.2,-0.0011856812907537317,-0.00016926099299898972
-1.199,-0.0012005319822740391,-0.0001846011189470061
-1.198,-0.0012154142537467941,-0.00020036654800157822
-1.197,-0.0012303223919187037,-0.00021656510563155672
-1.196,-0.0012452504394706194,-0.00023320467949940543
-1.195,-0.0012601921881387603,-0.0002502932164603775
-1.194,-0.0012751411717051879,-0.00026783871934068945
-1.193,-0.001290090658858128,-0.00028584924348460815
-1.192,-0.0013050336459229947,-0.0003043328930599986
-1.191,-0.00131996284946527,-0.00032329781711149994
-1.19,-0.001334870698766701,-0.00034275220535011483
-1.189,-0.0013497493281766104,-0.0003627042836675994
-1.188,-0.0013645905693404918,-0.00038316230936364195
-1.187,-0.001379385943308435,-0.0004041345660734074
-1.186,-0.0013941266525263627,-0.00042562935838260735
-1.185,-0.001408803572713498,-0.00044765500611683554
-1.184,-0.0014234072446299751,-0.00047021983829147667
-1.183,-0.001437927865739013,-0.0004933321867080653
-1.182,-0.0014523552817686369,-0.0005170003791825344
-1.181,-0.001466678978178515,-0.0005412327323903505
-1.18,-0.0014808880715381104,-0.000566037544313093
-1.179,-0.0014949713008230313,-0.0005914230862705918
-1.178,-0.0015089170186371689,-0.0006173975945222934
-1.177,-0.0015227131823689875,-0.0006439692614210897
-1.176,-0.0015363473452911403,-0.0006711462261024073
-1.175,-0.0015498066476134502,-0.0006989365646909246
-1.174,-0.0015630778075002199,-0.0007273482800068679
-1.173,-0.0015761471120638026,-0.0007563892907534239
-1.172,-0.001589000408347408,-0.0007860674201664125
-1.171,-0.0016016230943112037,-0.0008163903841069838
-1.17,-0.0016140001098369455,-0.0008473657785777436
-1.169,-0.0016261159277675798,-0.0008790010666423725
-1.168,-0.0016379545449995729,-0.0009113035647284965
-1.167,-0.001649499473647072,-0.0009442804282932859
-1.166,-0.0016607337322984612,-0.0009779386368310135
-1.165,-0.0016716398373873747,-0.0010122849782016044
-1.164,-0.001682199794701843,-0.0010473260322590426
-1.163,-0.001692395091056913,-0.0010830681537584016
-1.162,-0.0017022066861578518,-0.0011195174545202068
-1.161,-0.0017116150046828887,-0.001156679784830855
-1.16,-0.0017205999286163836,-0.001194560714057897
-1.159,-0.001729140789865338,-0.0012331655104591546
-1.158,-0.0017372163631942737,-0.0012724991201648822
-1.157,-0.0017448048595157192,-0.0013125661453125327
-1.156,-0.001751883919575832,-0.001353370821314129
-1.155,-0.0017584306080770898,-0.0013949169932367998
-1.154,-0.0017644214082824568,-0.0014372080912777223
-1.153,-0.0017698322171480188,-0.0014802471053155272
-1.152,-0.00177463834103374,-0.0015240365585211912
-1.151,-0.0017788144920447616,-0.0015685784800125505
-1.15,-0.001782334785058499,-0.001613874376537871
-1.149,-0.0017851727354957236,-0.0016599252031753808
-1.148,-0.0017873012578968294,-0.0017067313330373412
-1.147,-0.0017886926653675511,-0.0017542925259691237
-1.146,-0.0017893186699615624,-0.0018026078962358732
-1.145,-0.0017891503840705802,-0.001851675879191691
-1.144,-0.0017881583228958637,-0.0019014941969288908
-1.143,-0.0017863124080782925,-0.0019520598229077818
-1.142,-0.001783581972567539,-0.002003368945570606
-1.141,-0.001779935766814183,-0.002055416930946773
-1.14,-0.0017753419663719663,-0.00210819828426035
-1.139,-0.0017697681810007004,-0.002161706610554953
-1.138,-0.0017631814653636256,-0.0022159345743557116
-1.137,-0.001755548331416246,-0.0022708738583929215
-1.136,-0.001746834762586801,-0.002326515121417306
-1.135,-0.001737006229851566,-0.00238284795514256
-1.134,-0.0017260277098110645,-0.002439860840357036
-1.133,-0.0017138637048759837,-0.00249754110225303
-1.132,-0.0017004782656741039,-0.0025558748650292592
-1.131,-0.001685835015791805,-0.002614847005829664
-1.13,-0.0016698971789656945,-0.002674441108089741
-1.129,-0.0016526276088415397,-0.0027346394143701797
-1.128,-0.0016339888214189535,-0.0027954227787666424
-1.127,-0.0016139430303011087,-0.002856770618994109
-1.126,-0.001592452184869106,-0.002918660868254308
-1.125,-0.0015694780115004165,-0.0029810699270053634
-1.124,-0.001544982057950013,-0.003043972614763902
-1.123,-0.0015189257410113326,-0.003107342122081468
-1.122,-0.0014912703975719934,-0.0031711499628491917
-1.121,-0.0014619773391761628,-0.0032353659270971877
-1.12,-0.001431007910201573,-0.0032999580344681458
-1.119,-0.0013983235497543114,-0.003364892488557927
-1.118,-0.0013638858573786132,-0.003430133632329709
-1.117,-0.0013276566626718692,-0.0034956439048222216
-1.116,-0.0012895980988868597,-0.003561383799386887
-1.115,-0.0012496726805937336,-0.003627311823703092
-1.114,-0.0012078433854634286,-0.0036933844618353274
-1.113,-0.0011640737402219628,-0.003759556138610465
-1.112,-0.0011183279108112534,-0.0038257791866078287
-1.111,-0.0010705707967767909,-0.003892003816068939
-1.11,-0.0010207681298854943,-0.003958178088047652
-1.109,-0.0009688865769584055,-0.004024247891134794
-1.108,-0.0009148938468824284,-0.0040901569221041545
-1.107,-0.0008587588017430958,-0.004155846670838648
-1.106,-0.0008004515719962796,-0.00422125640990646
-1.105,-0.0007399436755708598,-0.004286323189166811
-1.104,-0.0006772081407666133,-0.004350981835793473
-1.103,-0.0006122196327819985,-0.00441516496011107
-1.102,-0.0005449545836751237,-0.004478802967644339
-1.101,-0.00047539132552805517,-0.00454182407778362
-1.1,-0.0004035102265498099,-0.004604154349470684
-1.099,-0.0003292938298170156,-0.0046657177143074055
-1.098,-0.00025272699431340146,-0.004726436017485312
-1.097,-0.00017379703789020083,-0.004786229066926736
-1.096,-9.2493881729366e-5,-0.004845014691017566
-1.095,-8.81019585045244e-6,-0.004902708805297552
-1.094,7.725845483962451e-5,-0.004959225488456223
-1.093,0.00016571346449673172,-0.005014477067960719
-1.092,0.00025655304087429735,-0.005068374215615926
-1.091,0.00034977206106906364,-0.005120826053327015
-1.09,0.0004453619291449842,-0.005171740269299836
-1.089,0.0005433104363420752,-0.005221023244875196
-1.088,0.0006436016246150089,-0.005268580192149084
-1.087,0.0007462156542820695,-0.005314315302482148
-1.086,0.0008511286765982456,-0.005358131905948158
-1.085,0.0009583127120961796,-0.005399932641713092
-1.084,0.001067735535564863,-0.005439619639273636
-1.083,0.0011793605685577876,-0.00547709471041679
-1.082,0.0012931467803391477,-0.005512259551690897
-1.081,0.0014090485981880815,-0.005545015957103292
-1.08,0.0015270158279862324,-0.005575266040681056
-1.079,0.0016469935860125944,-0.005602912468449803
-1.078,0.0017689222428611236,-0.005627858699301213
-1.077,0.0018927373803804698,-0.005650009234134132
-1.076,0.0020183697625109904,-0.005669269872566848
-1.075,0.002145745320861538,-0.005685547976430612
-1.074,0.002274785155827079,-0.005698752739167344
-1.073,0.0024054055539977828,-0.005708795460168593
-1.072,0.0025375180225506153,-0.005715589823009238
-1.071,0.0026710293412457683,-0.005719052176449092
-1.07,0.002805841632572354,-0.005719101816999459
-1.069,0.0029418524505010596,-0.005715661271780955
-1.068,0.0030789548882060726,-0.005708656580334475
-1.067,0.00321703770501505,-0.005698017573990286
-1.066,0.0033559854727348145,-0.005683678151351611
-1.065,0.0034956787413824328,-0.00566557654841008
-1.064,0.003635994224227345,-0.0056436556017816575
-1.063,0.0037768050019210695,-0.005617863003534182
-1.062,0.003917980745357954,-0.0055881515460721514
-1.061,0.004059387956774539,-0.0055544793555515155
-1.06,0.00420089022845776,-0.00551681011231753
-1.059,0.004342348518294706,-0.005475113256892533
-1.058,0.004483621441260559,-0.0054293641800881014
-1.057,0.004624565575808019,-0.005379544395877417
-1.056,0.0047650357839926355,-0.00532564169573876
-1.055,0.004904885544045421,-0.0052676502832695
-1.054,0.0050439672939885825,-0.00520557088797129
-1.053,0.0051821327847834985,-0.005139410857220716
-1.052,0.005319233441403681,-0.005069184225564553
-1.051,0.005455120730140721,-0.004994911760613939
-1.05,0.005589646530379246,-0.004916620984956086
-1.049,0.005722663509018846,-0.00483434617365415
-1.048,0.005854025495677649,-0.004748128327064169
-1.047,0.005983587856784373,-0.004658015118860907
-1.046,0.006111207866653994,-0.004564060819330297
-1.045,0.006236745073646674,-0.004466326194153302
-1.044,0.006360061659530737,-0.004364878379072468
-1.043,0.006481022790207879,-0.0042597907309965734
-1.042,0.006599496956012331,-0.004151142656258665
-1.041,0.006715356299864724,-0.004039019416896798
-1.04,0.006828476931645226,-0.003923511915973196
-1.039,0.006938739227248236,-0.0038047164630848054
-1.038,0.007046028110891354,-0.0036827345213449473
-1.037,0.007150233319373288,-0.0035576724372305395
-1.036,0.007251249647107379,-0.003429641154791218
-1.035,0.007348977170897979,-0.0032987559158045455
-1.034,0.007443321453574419,-0.003165135947534728
-1.033,0.007534193725750076,-0.003028904139810207
-1.032,0.007621511045130338,-0.0028901867131779302
-1.031,0.007705196432951364,-0.0027491128799188263
-1.03,0.007785178987289818,-0.0026058144997201196
-1.029,0.007861393973140347,-0.0024604257317958956
-1.028,0.007933782889311193,-0.0023130826852282445
-1.027,0.008002293512337109,-0.0021639230692679636
-1.026,0.00806687991775163,-0.0020130858452870456
-1.025,0.008127502479196238,-0.001860710882015897
-1.024,0.008184127845970982,-0.001706938615627543
-1.023,0.008236728899748785,-0.0015519097161500635
-1.022,0.00828528469128303,-0.0013957647615984903
-1.021,0.0083297803580345,-0.0012386439211195973
-1.02,0.008370207023728867,-0.0010806866483388145
-1.019,0.008406561680929289,-0.0009220313859891989
-1.018,0.008438847057770212,-0.0007628152827893458
-1.017,0.00846707147004808,-0.0006031739234216374
-1.016,0.008491248659902483,-0.0004432410723455404
-1.015,0.008511397622347702,-0.0002831484320640109
-1.014,0.00852754242092977,-0.00012302541634554812
-1.013,0.008539711993788847,3.700106120886875e-5
-1.012,0.008547939951401256,0.00019680678297489388
-1.011,0.00855226436726071,0.0003562704073170657
-1.01,0.008552727562734843,0.0005152736327326824
-1.009,0.00854937588730176,0.0006737013461517845
-1.008,0.008542259495333,0.0008314417555077839
-1.007,0.008531432120544542,0.0009883865067769645
-1.006,0.008516950849187518,0.001144430785762063
-1.005,0.008498875892995663,0.0012994734049652003
-1.004,0.008477270362848085,0.001453416875958424
-1.003,0.008452200044044693,0.0016061674677160147
-1.002,0.008423733174028057,0.001757635251421514
-1.001,0.008391940223320455,0.001907734132304277
-1.0,0.008356893680379134,0.0020563818690953993
-0.999,0.008318667841006844,0.0022035000817213486
-0.998,0.008277338602889144,0.0023490142478758184
-0.997,0.008232983265765449,0.002492853689126552
-0.996,0.008185680337677585,0.002634951547224485
-0.995,0.008135509347678217,0.0027752447512879156
-0.994,0.008082550665322354,0.0029136739765349543
-0.993,0.008026885327208407,0.0030501835952335596
-0.992,0.007968594870781205,0.003184721620530558
-0.991,0.007907761175558338,0.0033172396438094828
-0.99,0.007844466311893096,0.003447692766212323
-0.989,0.007778792397342409,0.003576039524942735
-0.988,0.007710821460666578,0.003702241814948298
-0.987,0.007640635313449155,0.003826264806557404
-0.986,0.007568315429290231,0.003948076859622688
-0.985,0.0074939428304944865,0.004067649434697869
-0.984,0.007417597982146609,0.004184957001748797
-0.983,0.007339360693441002,0.004299976946872673
-0.982,0.007259310026110049,0.004412689477472138
-0.981,0.007177524209775346,0.004523077526303334
-0.98,0.007094080564029218,0.004631126654789539
-0.979,0.007009055427039333,0.004736824955964568
-0.978,0.006922524090457119,0.004840162957383139
-0.977,0.006834560740400944,0.004941133524308866
-0.976,0.00674523840427733,0.005039731763464704
-0.975,0.006654628903197789,0.005135954927605552
-0.974,0.006562802809745007,0.005229802321148447
-0.973,0.006469829410839888,0.0053212752070724775
-0.972,0.006375776675460288,0.005410376715278187
-0.971,0.006280711226962899,0.005497111752574927
-0.97,0.006184698319761677,0.005581486914444419
-0.969,0.006087801820119175,0.005663510398709611
-0.968,0.005990084190811039,0.005743191921219887
-0.967,0.005891606479428768,0.005820542633646761
-0.966,0.0057924283100912796,0.005895575043468353
-0.965,0.0056926078783419536,0.005968302936206177
-0.964,0.005592201949014464,0.006038741299964071
-0.963,0.005491265856857736,0.006106906252306491
-0.962,0.00538985350971777,0.006172814969501645
-0.961,0.005288017394081701,0.006236485618144356
-0.96,0.005185808582797321,0.006297937289163701
-0.959,0.005083276744789223,0.006357189934211669
-0.958,0.004980470156600755,0.00641426430442102
-0.957,0.004877435715599027,0.006469181891513345
-0.956,0.004774218954688187,0.006521964871231862
-0.955,0.004670864058384133,0.00657263604906777
-0.954,0.0045674138801116496,0.006621218808243904
-0.953,0.004463909960592632,0.006667737059915046
-0.952,0.004360392547201578,0.006712215195540386
-0.951,0.004256900614171859,0.006754678041380366
-0.95,0.004153471883543408,0.006795150815067366
-0.949,0.004050142846749348,0.006833659084197369
-0.948,0.003946948786745755,0.006870228726887908
-0.947,0.0038439238005951834,0.006904885894246091
-0.946,0.0037411008224207325,0.006937656974689422
-0.945,0.0036385116466533533,0.006968568560061346
-0.944,0.0035361869515007777,0.0069976474134829545
-0.943,0.0034341563225718102,0.007024920438882129
-0.942,0.0033324482765949176,0.00705041465214138
-0.941,0.0032310902851748926,0.007074157153805954
-0.94,0.0031301087985360493,0.007096175103294192
-0.939,0.003029529269204772,0.00711649569455277
-0.938,0.0029293761755884054,0.007135146133100223
-0.937,0.0028296730454113834,0.007152153614403068
-0.936,0.002730442478973193,0.007167545303529863
-0.935,0.0026317061721962205,0.007181348316029646
-0.934,0.0025334849394348,0.007193589699982441
-0.933,0.0024357987360198196,0.00720429641917076
-0.932,0.002338666680516099,0.007213495337322357
-0.931,0.002242107076672407,0.007221213203375907
-0.93,0.0021461374350464782,0.0072274766377226525
-0.929,0.0020507744942896877,0.007232312119378512
-0.928,0.001956034242078184,0.0072357459740426035
-0.927,0.0018619319356792804,0.00723780436299959
-0.926,0.001768482122143723,0.007238513272824721
-0.925,0.0016756986581161664,0.007237898505851906
-0.924,0.0015835947292577451,0.007235985671366596
-0.923,0.0014921828692760668,0.007232800177486719
-0.922,0.0014014749785592718,0.007228367223696269
-0.921,0.0013114823424120142,0.007222711793997633
-0.92,0.0012222156488923184,0.007215858650650024
-0.919,0.0011336850062492706,0.007207832328462796
-0.918,0.001045899959962416,0.0071986571296137
-0.917,0.0009588695093845584,0.0071883571189634305
-0.916,0.0008726021239903986,0.0071769561198390544
-0.915,0.0007871057592341246,0.007164477710260141
-0.914,0.0007023878720196586,0.007150945219582584
-0.913,0.0006184554357877986,0.007136381725536235
-0.912,0.0005353149552249737,0.007120810051633613
-0.911,0.00045297248059873507,0.007104252764927973
-0.91,0.0003714336217254801,0.0070867321741000825
-0.909,0.0002907035615762167,0.007068270327854062
-0.908,0.00021078706952644757,0.007048889013603556
-0.907,0.00013168851425648454,0.007028609756430471
-0.906,5.3411876308694785e-5,0.007007453818299394
-0.905,-2.4039239691660388e-5,0.00698544219751163
-0.904,-0.00010066159314520915,0.006962595628383661
-0.903,-0.00017645229590999238,0.006938934581135566
-0.902,-0.00025140880104877376,0.0069144792619757305
-0.901,-0.00032552889188513823,0.006889249613368873
-0.9,-0.0003988106713613557,0.006863265314475104
-0.899,-0.0004712525516909835,0.006836545781748404
-0.898,-0.0005428532442991942,0.006809110169683517
-0.897,-0.0006136117500438461,0.006780977371700871
-0.896,-0.0006835273497103579,0.006752166021159693
-0.895,-0.0007525995947735063,0.006722694492490051
-0.894,-0.0008208282984193363,0.006692580902435055
-0.893,-0.0008882135268204503,0.006661843111394948
-0.892,-0.0009547555906580333,0.0066304987248653
-0.891,-0.001020455036884067,0.006598565094961953
-0.89,-0.0010853126407172882,0.006566059322025785
-0.889,-0.0011493293978665573,0.006532998256300787
-0.888,-0.001212506516975415,0.006499398499679303
-0.887,-0.001274845412281726,0.006465276407508666
-0.886,-0.0013363476964864285,0.006430648090453805
-0.885,-0.0013970151738255353,0.006395529416410704
-0.884,-0.0014568498333396556,0.006359936012465954
-0.883,-0.0015158538423354398,0.006323883266897859
-0.882,-0.0015740295400334737,0.006287386331214908
-0.881,-0.001631379431397286,0.006250460122227643
-0.88,-0.0016879061811382577,0.006213119324150212
-0.879,-0.0017436126078913523,0.0061753783907281335
-0.878,-0.001798501678556724,0.006137251547389027
-0.877,-0.0018525765028023775,0.006098752793413261
-0.876,-0.0019058403277231943,0.0060598959041216725
-0.875,-0.0019582965326517573,0.006020694433077714
-0.874,-0.002009948624116536,0.0059811617143015255
-0.873,-0.00206080023094312,0.005941310864493636
-0.872,-0.002110855099494305,0.005901154785266132
-0.871,-0.0021601170890449594,0.005860706165379266
-0.87,-0.0022085901672877183,0.005819977482981666
-0.869,-0.002256278405965664,0.00577898100785237
-0.868,-0.0023031859766282697,0.005737728803643093
-0.867,-0.00234931714650699,0.005696232730119216
-0.866,-0.002394676274506995,0.005654504445398096
-0.865,-0.002439267807311643,0.005612555408183428
-0.864,-0.002483096275596406,0.0055703968799944315
-0.863,-0.0025261662903490445,0.005528039927388794
-0.862,-0.002568482539292938,0.005485495424178317
-0.861,-0.0026100497834105783,0.005442774053636356
-0.86,-0.002650872853564307,0.005399886310696148
-0.859,-0.002690956647211497,0.00535684250413928
-0.858,-0.002730306125211438,0.005313652758773521
-0.857,-0.002768926308721296,0.005270327017599369
-0.856,-0.0028068222761785857,0.005226875043964703
-0.855,-0.002843999160367681,0.005183306423706971
-0.854,-0.0028804621455679673,0.0051396305672823965
-0.853,-0.002916216464781314,0.005095856711881771
-0.852,-0.0029512673970366237,0.0050519939235323654
-0.851,-0.002985620264769284,0.005008051099185634
-0.85,-0.0030192804312734146,0.0049640369687903195
-0.849,-0.0030522532982248697,0.004919960097350691
-0.848,-0.003084544303273034,0.004875828886969625
-0.847,-0.003116158917699493,0.004831651578876279
-0.846,-0.0031471026441417353,0.004787436255438168
-0.845,-0.0031773810143800913,0.004743190842157432
-0.844,-0.00320699958718619,0.004698923109651137
-0.843,-0.0032359639462312415,0.004654640675615487
-0.842,-0.003264279698052532,0.0046103510067737954
-0.841,-0.003291952470076559,0.004566061420808148
-0.84,-0.003318987908697281,0.004521779088274654
-0.839,-0.0033453916774080104,0.004477511034502231
-0.838,-0.0033711694549855248,0.004433264141474868
-0.837,-0.00339632693372501,0.004389045149697341
-0.836,-0.0034208698177244984,0.004344860660044341
-0.835,-0.003444803821217507,0.004300717135593035
-0.834,-0.0034681346669526146,0.004256620903439019
-0.833,-0.003490868084618764,0.004212578156495718
-0.832,-0.003513009809315109,0.0041685949552772265
-0.831,-0.0035345655800642574,0.004124677229664622
-0.83,-0.0035555411383678087,0.004080830780655802
-0.829,-0.003575942226803108,0.0040370612820988735
-0.828,-0.0035957745876601687,0.003993374282409161
-0.827,-0.0036150439616177655,0.003949775206269875
-0.826,-0.0036337560864577014,0.003906269356316517
-0.825,-0.0036519166958163094,0.003862861914805077
-0.824,-0.0036695315179722616,0.0038195579452641112
-0.823,-0.003686606274669789,0.0037763623941307546
-0.822,-0.0037031466799764398,0.0037332800923707676
-0.821,-0.003719158439174539,0.00369031575708269
-0.82,-0.0037346472476855234,0.0036474739930861862
-0.819,-0.0037496187900263535,0.003604759294494679
-0.818,-0.0037640787387972384,0.003562176046272354
-0.817,-0.00377803275369991,0.0035197285257756276
-0.816,-0.0037914864805857237,0.003477420904279184
-0.815,-0.0038044455505328737,0.0034352572484866585
-0.814,-0.0038169155789520275,0.0033932415220260834
-0.813,-0.0038289021647197182,0.0033513775869301807
-0.812,-0.0038404108893388294,0.003309669205101607
-0.811,-0.0038514473161255463,0.0032681200397632532
-0.81,-0.003862016989422151,0.0032267336568936916
-0.809,-0.0038721254338350583,0.00318551352664788
-0.808,-0.003881778153497509,0.003144463024763217
-0.807,-0.0038909806313563522,0.003103585433951062
-0.806,-0.0038997383284823496,0.0030628839452738013
-0.805,-0.003908056683403479,0.0030223616595075873
-0.804,-0.003915941111460688,0.002982021588490833
-0.803,-0.003923397004185607,0.002941866656458576
-0.802,-0.003930429728699695,0.0029018997013628054
-0.801,-0.003937044627134351,0.0028621234761788605
-0.8,-0.003943247016071506,0.0028225406501979976
-0.799,-0.003949042186004222,0.0027831538103062284
-0.798,-0.00395443540081687,0.0027439654622495296
-0.797,-0.003959431897284409,0.002704978031885526
-0.796,-0.003964036884590367,0.0026661938664217463
-0.795,-0.003968255543863078,0.0026276152356405455
-0.794,-0.003972093027729783,0.0025892443331108064
-0.793,-0.0039755544598881745,0.0025510832773865044
-0.792,-0.003978644934695009,0.002513134113192243
-0.791,-0.003981369516771387,0.0024753988125958528
-0.79,-0.00398373324062434,0.0024378792761681556
-0.789,-0.003985741110284351,0.002400577334129984
-0.788,-0.003987398098958447,0.002363494747486561
-0.787,-0.003988709148698524,0.0023266332091493275
-0.786,-0.003989679170084551,0.002289994345045314
-0.785,-0.0039903130419223195,0.0022535797152141586
-0.784,-0.003990615610955424,0.0022173908148928534
-0.783,-0.003990591691591131,0.002181429075588323
-0.782,-0.003990246065639843,0.002145695866137922
-0.781,-0.003989583482067836,0.002110192493757947
-0.78,-0.003988608656762977,0.002074920205080253
-0.779,-0.003987326272313131,0.002039880187177066
-0.778,-0.003985740977796958,0.0020050735685740863
-0.777,-0.003983857388586826,0.0019705014202519655
-0.776,-0.003981680086163566,0.0019361647566362569
-0.775,-0.0039792136179427895,0.001902064536575917
-0.774,-0.00397646249711251,0.0018682016643104592
-0.773,-0.003973431202481809,0.0018345769904258402
-0.772,-0.003970124178340287,0.0018011913127991682
-0.771,-0.003966545834328059,0.0017680453775323244
-0.77,-0.003962700545316035,0.0017351398798745802
-0.769,-0.003958592651296263,0.001702475465134301
-0.768,-0.003954226457282091,0.0016700527295798193
-0.767,-0.003949606233217912,0.001637872221329565
-0.766,-0.0039447362138982835,0.001605934441231539
-0.765,-0.003939620598896181,0.0015742398437322126
-0.764,-0.00393426355250018,0.0015427888377349413
-0.763,-0.003928669203660348,0.0015115817874479724
-0.762,-0.003922841645942647,0.0014806190132221342
-0.761,-0.003916784937491627,0.00144990079237829
-0.76,-0.003910503101001222,0.0014194273600246369
-0.759,-0.003904000123693446,0.0013891989098639367
-0.758,-0.003897279957304796,0.001359215594990758
-0.757,-0.003890346518080174,0.0013294775286788116
-0.756,-0.0038832036867741428,0.0012999847851584646
-0.755,-0.0038758553086593256,0.00127073740038451
-0.754,-0.0038683051935417814,0.0012417353727942747
-0.753,-0.003860557115783173,0.0012129786640561495
-0.752,-0.0038526148143295555,0.0011844671998086143
-0.751,-0.0038444819927466196,0.0011562008703898485
-0.75,-0.003836162319261221,0.001128179531557995
-0.749,-0.003827659426809032,0.0011004030052021686
-0.748,-0.003818976913088159,0.0010728710800442785
-0.747,-0.003810118340618564,0.0010455835123317494
-0.746,-0.003801087236807142,0.0010185400265212176
-0.745,-0.0037918870940182943,0.0009917403159532799
-0.744,-0.003782521369649862,0.0009651840435183752
-0.743,-0.0037729934862142595,0.0009388708423138724
-0.742,-0.003763306831424677,0.0009128003162924466
-0.741,-0.003753464758286205,0.0008869720409018174
-0.74,-0.0037434705851917454,0.000861385563715926
-0.739,-0.0037333275960225744,0.0008360404050576293
-0.738,-0.0037230390402534217,0.0008109360586129843
-0.737,-0.0037126081330619413,0.0007860719920372019
-0.736,-0.0037020380554424388,0.0007614476475523413
-0.735,-0.0036913319543237398,0.0007370624425368238
-0.734,-0.003680492942691063,0.0007129157701068392
-0.733,-0.003669524099711791,0.000689006999689718
-0.732,-0.003658428470865012,0.0006653354775893462
-0.731,-0.003647209068074717,0.0006419005275436946
-0.73,-0.0036358688698465416,0.0006187014512745369
-0.729,-0.003624410821407939,0.0005957375290294283
-0.728,-0.00361283783485167,0.000573008020116021
-0.727,-0.0036011527892825133,0.0005505121634287846
-0.726,-0.0035893585309670776,0.0005282491779682077
-0.725,-0.003577457873486618,0.00050621826335255
-0.724,-0.00356545359789276,0.0004844186003222169
-0.723,-0.0035533484528660203,0.0004628493512368302
-0.722,-0.003541145154877033,0.000441509660565062
-0.721,-0.0035288463883503883,0.0004203986553673057
-0.72,-0.0035164548058309836,0.00039951544577125305
-0.719,-0.0035039730281527935,0.00037885912544044677
-0.718,-0.0034914036446099784,0.00035842877203587977
-0.717,-0.0034787492131302298,0.00033822344767070917
-0.716,-0.0034660122604502756,0.0003182421993581541
-0.715,-0.0034531952822934547,0.00029848405945264697
-0.714,-0.0034403007435492784,0.00027894804608430505
-0.713,-0.003427331078454897,0.00025963316358679136
-0.712,-0.003414288690778392,0.0002405384029186324
-0.711,-0.0034011759540038132,0.00022166274207805912
-0.71,-0.0033879952115178835,0.00020300514651143924
-0.709,-0.003374748776798301,0.00018456456951536642
-0.708,-0.003361438933603554,0.00016633995263247333
-0.707,-0.0033480679361641875,0.0001483302260410337
-0.706,-0.003334638009375444,0.0001305343089384194
-0.705,-0.003321151348991206,0.0001129511099184776
-0.704,-0.00330761012181918,9.557952734289219e-5
-0.703,-0.0032940164659172504,7.841844970659483e-5
-0.702,-0.003280372490790936,6.14667559972888e-5
-0.701,-0.0032666802775918884,4.4723316049149686e-5
-0.7,-0.0032529418793173716,2.81869908907662e-5
-0.699,-0.0032391593210106522,1.185663308738391e-5
-0.698,-0.0032253345999622516,-4.2689129224854684e-6
-0.697,-0.003211469685911993,-2.0190810496027167e-5
-0.696,-0.003197566521251788,-3.591023046059699e-5
-0.695,-0.00318362702122911,-5.14283507936441e-5
-0.694,-0.003169653074151093,-6.674635630802197e-5
-0.693,-0.0031556465415892056,-8.186543834262682e-5
-0.692,-0.003141609258584449,-9.678679445830339e-5
-0.691,-0.0031275430338530224,-0.00011151162813895804
-0.69,-0.003113449649992409,-0.00012604114849781994
-0.689,-0.0030993308636878343,-0.00014037656998879103
-0.688,-0.0030851884059190445,-0.0001545191121228262
-0.687,-0.0030710239821673613,-0.00016846999918928546
-0.686,-0.0030568392726229637,-0.00018223045998220003
-0.685,-0.0030426359323923583,-0.00019580172753139497
-0.684,-0.003028415591705984,-0.0002091850388384113
-0.683,-0.00301417985612592,-0.00022238163461717076
-0.682,-0.002999930306753641,-0.00023539275903932696
-0.681,-0.002985668500437798,-0.0002482196594842472
-0.68,-0.002971395969981961,-0.00026086358629356905
-0.679,-0.002957114224352308,-0.00027332579253027696
-0.678,-0.0029428247488852014,-0.00028560753374224436
-0.677,-0.002928529005494634,-0.0002977100677301859
-0.676,-0.0029142284328794923,-0.0003096346543199677
-0.675,-0.00289992444673061,-0.0003213825551392204
-0.674,-0.002885618439937576,-0.00033295503339820294
-0.673,-0.0028713117827952645,-0.0003443533536748641
-0.672,-0.002857005823210049,-0.00035557878170404975
-0.671,-0.002842701886905675,-0.00036663258417080324
-0.67,-0.0028284012776287593,-0.0003775160285077084
-0.669,-0.0028141052773538767,-0.00038823038269622377
-0.668,-0.0027998151464882198,-0.000398776915071957
-0.667,-0.0027855321240757916,-0.0004091568941338295
-0.666,-0.0027712574280011047,-0.0004193715883570821
-0.665,-0.002756992255192365,-0.0004294222660100708
-0.664,-0.002742737781824108,-0.0004393101949748053
-0.663,-0.002728495163519267,-0.00044903664257118066
-0.662,-0.0027142655355506416,-0.0004586028753848539
-0.661,-0.0027000500130417485,-0.0004680101590987184
-0.66,-0.0026858496911670283,-0.0004772597583279278
-0.659,-0.0026716656453513866,-0.0004863529364584234
-0.658,-0.0026574989314690437,-0.0004952909554889175
-0.657,-0.0026433505860416757,-0.0005040750758762876
-0.656,-0.0026292216264358257,-0.0005127065563843339
-0.655,-0.0026151130510595603,-0.0005211866539358575
-0.654,-0.0026010258395583563,-0.0005295166234680113
-0.653,-0.0025869609530101982,-0.0005376977177908809
-0.652,-0.0025729193341198654,-0.0005457311874492513
-0.651,-0.0025589019074123923,-0.0005536182805875145
-0.65,-0.002544909579425687,-0.0005613602428176755
-0.649,-0.002530943238902287,-0.0005689583170904141
-0.648,-0.002517003756980239,-0.0005764137435691585
-0.647,-0.0025030919873830874,-0.0005837277595071301
-0.646,-0.0024892087666089505,-0.000590901599127316
-0.645,-0.0024753549141186826,-0.0005979364935053302
-0.644,-0.0024615312325230944,-0.0006048336704551198
-0.643,-0.0024477385077692243,-0.0006115943544174776
-0.642,-0.002433977509325649,-0.0006182197663513196
-0.641,-0.002420248990366817,-0.0006247111236276883
-0.64,-0.0024065536879563985,-0.0006310696399264428
-0.639,-0.0023928923232296316,-0.0006372965251355948
-0.638,-0.002379265601574662,-0.0006433929852532537
-0.637,-0.0023656742128128614,-0.0006493602222921413
-0.636,-0.0023521188313781155,-0.0006551994341866396
-0.635,-0.0023386001164950707,-0.0006609118147023325
-0.634,-0.0023251187123563316,-0.0006664985533480045
-0.633,-0.002311675248298599,-0.0006719608352900612
-0.632,-0.002298270338977743,-0.0006772998412693331
-0.631,-0.0022849045845427943,-0.0006825167475202283
-0.63,-0.0022715785708088626,-0.0006876127256921974
-0.629,-0.002258292869428954,-0.0006925889427734752
-0.628,-0.002245048038064697,-0.0006974465610170658
-0.627,-0.0022318446205559644,-0.0007021867378689344
-0.626,-0.0022186831470893814,-0.0007068106258983728
-0.625,-0.00220556413436572,-0.0007113193727305054
-0.624,-0.002192488085766173,-0.0007157141209809001
-0.623,-0.0021794554915174967,-0.0007199960081922534
-0.622,-0.002166466828856026,-0.0007241661667731149
-0.621,-0.002153522562190553,-0.0007282257239386204
-0.62,-0.0021406231432640607,-0.0007321758016532004
-0.619,-0.0021277690113143182,-0.0007360175165752323
-0.618,-0.0021149605932333257,-0.0007397519800036066
-0.617,-0.002102198303725604,-0.000743380297826173
-0.616,-0.0020894825454653393,-0.0007469035704700394
-0.615,-0.00207681370925236,-0.0007503228928536897
-0.614,-0.0020641921741669637,-0.0007536393543408939
-0.613,-0.002051618307723576,-0.0007568540386963781
-0.612,-0.00203909246602325,-0.0007599680240432266
-0.611,-0.002026614993904999,-0.0007629823828219866
-0.61,-0.0020141862250959625,-0.0007658981817514474
-0.609,-0.002001806482360407,-0.0007687164817910642
-0.608,-0.0019894760776475546,-0.0007714383381050006
-0.607,-0.0019771953122382476,-0.0007740648000277608
-0.606,-0.00196496447689044,-0.0007765969110313837
-0.605,-0.0019527838519835191,-0.0007790357086941741
-0.604,-0.0019406537076614625,-0.0007813822246709411
-0.603,-0.0019285743039748197,-0.0007836374846647199
-0.602,-0.0019165458910215297,-0.0007858025083999503
-0.601,-0.0019045687090865683,-0.0007878783095970842
-0.6,-0.0018926429887804286,-0.0007898658959485998
-0.599,-0.0018807689511764363,-0.0007917662690963952
-0.598,-0.0018689468079469002,-0.0007935804246105362
-0.597,-0.001857176761498098,-0.0007953093519693363
-0.596,-0.0018454590051041023,-0.0007969540345407407
-0.595,-0.001833793723039447,-0.0007985154495649946
-0.594,-0.0018221810907106332,-0.0007999945681385688
-0.593,-0.0018106212747864836,-0.0008013923551993204
-0.592,-0.0017991144333273405,-0.0008027097695128669
-0.591,-0.0017876607159131148,-0.0008039477636601475
-0.59,-0.0017762602637701858,-0.000805107284026153
-0.589,-0.001764913209897157,-0.0008061892707897991
-0.588,-0.001753619679189469,-0.0008071946579149225
-0.587,-0.001742379788562873,-0.0008081243731423784
-0.586,-0.0017311936470757686,-0.0008089793379832162
-0.585,-0.0017200613560504096,-0.0008097604677129146
-0.584,-0.0017089830091929796,-0.0008104686713666541
-0.583,-0.0016979586927125436,-0.0008111048517356056
-0.582,-0.001686988485438877,-0.0008116699053642163
-0.581,-0.0016760724589391764,-0.0008121647225484716
-0.58,-0.0016652106776336585,-0.0008125901873351138
-0.579,-0.0016544031989100475,-0.0008129471775217984
-0.578,-0.001643650073236958,-0.0008132365646581674
-0.577,-0.0016329513442761763,-0.000813459214047822
-0.576,-0.0016223070489938458,-0.0008136159847511752
-0.575,-0.0016117172177705595,-0.000813707729589166
-0.574,-0.001601181874510366,-0.0008137352951478168
-0.573,-0.0015907010367486906,-0.0008136995217836161
-0.572,-0.0015802747157591817,-0.0008136012436297084
-0.571,-0.0015699029166594814,-0.0008134412886028743
-0.57,-0.001559585638515929,-0.0008132204784112829
-0.569,-0.0015493228744472018,-0.0008129396285630005
-0.568,-0.0015391146117268977,-0.0008125995483752362
-0.567,-0.0015289608318850654,-0.0008122010409843119
-0.566,-0.0015188615108086868,-0.0008117449033563363
-0.565,-0.001508816618841118,-0.0008112319262985694
-0.564,-0.0014988261208804935,-0.0008106628944714595
-0.563,-0.0014888899764770995,-0.0008100385864013404
-0.562,-0.0014790081399297216,-0.0008093597744937681
-0.561,-0.0014691805603809726,-0.0008086272250474876
-0.56,-0.001459407181911606,-0.0008078416982690098
-0.559,-0.0014496879436338224,-0.0008070039482877868
-0.558,-0.0014400227797835704,-0.0008061147231719698
-0.557,-0.0014304116198118543,-0.0008051747649447353
-0.556,-0.0014208543884750475,-0.0008041848096011657
-0.555,-0.0014113510059242237,-0.0008031455871256693
-0.554,-0.0014019013877935066,-0.0008020578215099278
-0.553,-0.0013925054452874487,-0.0008009222307713562
-0.552,-0.0013831630852674424,-0.0007997395269720616
-0.551,-0.0013738742103371693,-0.0007985104162382894
-0.55,-0.0013646387189270963,-0.0007972355987803414
-0.549,-0.001355456505378022,-0.0007959157689129558
-0.548,-0.0013463274600236822,-0.000794551615076134
-0.547,-0.001337251469272416,-0.0007931438198564039
-0.546,-0.0013282284156879071,-0.0007916930600085049
-0.545,-0.0013192581780689964,-0.000790200006477486
-0.544,-0.0013103406315285808,-0.000788665324421202
-0.543,-0.0013014756475715988,-0.0007870896732331977
-0.542,-0.001292663094172113,-0.0007854737065659685
-0.541,-0.0012839028358494929,-0.0007838180723545854
-0.54,-0.001275194733743708,-0.0007821234128406745
-0.539,-0.0012665386456897324,-0.0007803903645967386
-0.538,-0.001257934426291072,-0.000778619558550811
-0.537,-0.0012493819269924198,-0.0007768116200114304
-0.536,-0.001240880996151443,-0.0007749671686929274
-0.535,-0.0012324314791097113,-0.0007730868187410107
-0.534,-0.0012240332182627722,-0.0007711711787586446
-0.533,-0.0012156860531293788,-0.0007692208518322059
-0.532,-0.001207389820419877,-0.0007672364355579128
-0.531,-0.0011991443541037588,-0.0007652185220685137
-0.53,-0.0011909494854763889,-0.0007631676980602283
-0.529,-0.001182805043224909,-0.0007610845448199307
-0.528,-0.001174710853493329,-0.0007589696382525649
-0.527,-0.0011666667399468074,-0.0007568235489087855
-0.526,-0.001158672523835134,-0.0007546468420128124
-0.525,-0.0011507280240554134,-0.0007524400774904924
-0.524,-0.0011428330572139627,-0.0007502038099975584
-0.523,-0.0011349874376874252,-0.0007479385889480778
-0.522,-0.0011271909776831095,-0.0007456449585430826
-0.521,-0.0011194434872985575,-0.0007433234577993715
-0.52,-0.0011117447745803517,-0.0007409746205784768
-0.519,-0.0011040946455821638,-0.0007385989756157893
-0.518,-0.0010964929044220543,-0.0007361970465498311
-0.517,-0.0010889393533390283,-0.0007337693519516708
-0.516,-0.001081433792748853,-0.0007313164053544727
-0.515,-0.0010739760212991462,-0.000728838715283172
-0.514,-0.0010665658359237374,-0.0007263367852842702
-0.513,-0.0010592030318963125,-0.0007238111139557433
-0.512,-0.001051887402883347,-0.0007212621949770537
-0.511,-0.0010446187409963305,-0.0007186905171392631
-0.51,-0.0010373968368432957,-0.0007160965643752345
-0.509,-0.0010302214795796512,-0.0007134808157899224
-0.508,-0.001023092456958329,-0.0007108437456907387
-0.507,-0.0010160095553792508,-0.0007081858236179935
-0.506,-0.0010089725599381196,-0.0007055075143754006
-0.505,-0.0010019812544745442,-0.0007028092780606435
-0.504,-0.0009950354216194997,-0.000700091570095995
-0.503,-0.0009881348428421339,-0.0006973548412589853
-0.502,-0.0009812792984959218,-0.0006945995377131121
-0.501,-0.0009744685678641794,-0.0006918261010385872
-0.5,-0.0009677024292049362,-0.0006890349682631145
-0.499,-0.0009609806597951787,-0.0006862265718926922
-0.498,-0.0009543030359744668,-0.0006834013399424372
-0.497,-0.0009476693331879316,-0.0006805596959674226
-0.496,-0.0009410793260286587,-0.0006777020590935255
-0.495,-0.0009345327882794636,-0.0006748288440482794
-0.494,-0.0009280294929540668,-0.0006719404611917265
-0.493,-0.0009215692123376708,-0.000669037316547264
-0.492,-0.0009151517180269481,-0.0006661198118324815
-0.491,-0.0009087767809694454,-0.0006631883444899828
-0.49,-0.000902444171502408,-0.0006602433077181887
-0.489,-0.0008961536593910325,-0.0006572850905021166
-0.488,-0.000889905013866152,-0.0006543140776441308
-0.487,-0.0008836980036613599,-0.0006513306497946619
-0.486,-0.0008775323970495785,-0.0006483351834828874
-0.485,-0.0008714079618790771,-0.0006453280511473744
-0.484,-0.0008653244656089458,-0.0006423096211666746
-0.483,-0.0008592816753440307,-0.0006392802578898718
-0.482,-0.0008532793578693355,-0.0006362403216670771
-0.481,-0.0008473172796838951,-0.0006331901688798672
-0.48,-0.0008413952070341275,-0.0006301301519716615
-0.479,-0.0008355129059466683,-0.0006270606194780377
-0.478,-0.000829670142260694,-0.0006239819160569778
-0.477,-0.0008238666816597387,-0.0006208943825190442
-0.476,-0.0008181022897030099,-0.0006177983558574821
-0.475,-0.0008123767318562104,-0.0006146941692782431
-0.474,-0.0008066897735218674,-0.0006115821522299291
-0.473,-0.000801041180069179,-0.000608462630433652
-0.472,-0.0007954307168633791,-0.0006053359259128058
-0.471,-0.0007898581492946286,-0.0006022023570227492
-0.47,-0.0007843232428064368,-0.0005990622384803952
-0.469,-0.0007788257629236186,-0.0005959158813937044
-0.468,-0.000773365475279792,-0.0005927635932910796
-0.467,-0.0007679421456444208,-0.0005896056781506599
-0.466,-0.000762555539949409,-0.0005864424364295089
-0.465,-0.0007572054243152501,-0.000583274165092698
-0.464,-0.0007518915650767364,-0.0005801011576422789
-0.463,-0.0007466137288082346,-0.0005769237041461452
-0.462,-0.0007413716823485305,-0.0005737420912667796
-0.461,-0.0007361651928252499,-0.0005705566022898845
-0.46,-0.0007309940276788574,-0.0005673675171528935
-0.459,-0.0007258579546862414,-0.0005641751124733622
-0.458,-0.0007207567419838874,-0.0005609796615772355
-0.457,-0.0007156901580906449,-0.0005577814345269892
-0.456,-0.0007106579719300925,-0.0005545806981496453
-0.455,-0.0007056599528525066,-0.0005513777160646561
-0.454,-0.0007006958706564376,-0.0005481727487116582
-0.453,-0.0006957654956098963,-0.0005449660533780926
-0.452,-0.0006908685984711596,-0.0005417578842266902
-0.451,-0.0006860049505091942,-0.0005385484923228195
-0.45,-0.0006811743235237074,-0.0005353381256616961
-0.449,-0.0006763764898648263,-0.0005321270291954524
-0.448,-0.0006716112224524121,-0.000528915444860064
-0.447,-0.0006668782947950108,-0.0005257036116021335
-0.446,-0.0006621774810084478,-0.000522491765405529
-0.445,-0.0006575085558340684,-0.0005192801393178761
-0.444,-0.0006528712946566292,-0.0005160689634769013
-0.443,-0.0006482654735218437,-0.0005128584651366264
-0.442,-0.0006436908691535876,-0.0005096488686934121
-0.441,-0.000639147258970767,-0.0005064403957118499
-0.44,-0.0006346344211038529,-0.0005032332649504998
-0.439,-0.0006301521344110873,-0.0005000276923874735
-0.438,-0.000625700178494364,-0.0004968238912458636
-0.437,-0.0006212783337147876,-0.0004936220720190135
-0.436,-0.000616886381207916,-0.0004904224424956306
-0.435,-0.0006125241028986888,-0.0004872252077847414
-0.434,-0.0006081912815160462,-0.0004840305703404845
-0.433,-0.0006038877006072408,-0.00048083872998674475
-0.432,-0.0005996131445518495,-0.00047764988394162434
-0.431,-0.0005953673985754839,-0.0004744642268417515
-0.43,-0.0005911502487632073,-0.0004712819507664256
-0.429,-0.0005869614820726606,-0.00046810324526159786
-0.428,-0.0005828008863468986,-0.00046492829736368704
-0.427,-0.0005786682503269441,-0.0004617572916232289
-0.426,-0.0005745633636640595,-0.0004585904101283593
-0.425,-0.0005704860169317417,-0.0004554278325281302
-0.424,-0.0005664360016374434,-0.0004522697360556572
-0.423,-0.0005624131102340225,-0.0004491162955510993
-0.422,-0.0005584171361309263,-0.0004459676834844688
-0.421,-0.0005544478737051091,-0.0004428240699782726
-0.42,-0.0005505051183116922,-0.00043968562282998256
-0.419,-0.0005465886662943635,-0.00043655250753433557
-0.418,-0.0005426983149955251,-0.00043342488730546274
-0.417,-0.0005388338627661883,-0.0004303029230988472
-0.416,-0.0005349951089756223,-0.0004271867736331101
-0.415,-0.000531181854020756,-0.00042407659541162415
-0.414,-0.0005273938993353398,-0.0004209725427439554
-0.413,-0.000523631047398868,-0.0004178747677671316
-0.412,-0.000519893101745265,-0.00041478342046673814
-0.411,-0.0005161798669713395,-0.00041169864869784035
-0.41,-0.0005124911487450084,-0.00040862059820573256
-0.409,-0.0005088267538132936,-0.0004055494126465138
-0.408,-0.0005051864900100947,-0.0004024852336074891
-0.407,-0.0005015701662637411,-0.0003994282006273976
-0.406,-0.000497977592604324,-0.0003963784512164662
-0.405,-0.0004944085801708149,-0.00039333612087628944
-0.404,-0.0004908629412179686,-0.0003903013431195352
-0.403,-0.0004873404891230173,-0.000387274249489476
-0.402,-0.000483841038392157,-0.00038425496957934677
-0.401,-0.0004803644046668281,-0.0003812436310515275
-0.4,-0.00047691040472979404,-0.00037824035965655314
-0.399,-0.0004734788565110196,-0.000375245279251948
-0.398,-0.00047006957909335225,-0.0003722585118208877
-0.397,-0.00046668239271800796,-0.00036928017749068593
-0.396,-0.00046331711878986513,-0.00036631039455110864
-0.395,-0.000459973579882568,-0.00036334927947251393
-0.394,-0.00045665159974344244,-0.0003603969469238189
-0.393,-0.0004533510032982269,-0.0003574535097902934
-0.392,-0.00045007161665561966,-0.0003545190791911805
-0.391,-0.00044681326711164623,-0.00035159376449714455
-0.39,-0.00044357578315384736,-0.00034867767334754665
-0.389,-0.0004403589944652921,-0.00034577091166754773
-0.388,-0.00043716273192841555,-0.00034287358368504
-0.387,-0.00043398682762868604,-0.00033998579194740664
-0.386,-0.00043083111485810204,-0.0003371076373381102
-0.385,-0.00042769542811852134,-0.00033423921909311
-0.384,-0.0004245796031248256,-0.0003313806348171091
-0.383,-0.00042148347680792084,-0.000328531980499631
-0.382,-0.0004184068873175766,-0.00032569335053092655
-0.381,-0.00041534967402510637,-0.00032286483771771124
-0.38,-0.0004123116775258898,-0.00032004653329873394
-0.379,-0.00040929273964174017,-0.0003172385269601768
-0.378,-0.00040629270342311803,-0.00031444090685088717
-0.377,-0.00040331141315119295,-0.00031165375959744186
-0.376,-0.0004003487143397561,-0.00030887717031904467
-0.375,-0.0003974044537369842,-0.0003061112226422568
-0.374,-0.00039447847932705794,-0.0003033559987155615
-0.373,-0.00039157064033163536,-0.0003006115792237632
-0.372,-0.00038868078721118304,-0.00029787804340222166
-0.371,-0.00038580877166616615,-0.00029515546905092155
-0.37,-0.00038295444663809957,-0.0002924439325483784
-0.369,-0.0003801176663104607,-0.0002897435088653812
-0.368,-0.00037729828610946715,-0.0002870542715785725
-0.367,-0.0003744961627047196,-0.0002843762928838661
-0.366,-0.00037171115400971204,-0.00028170964360970416
-0.365,-0.0003689431191822107,-0.0002790543932301527
-0.364,-0.0003661919186245036,-0.0002764106098778375
-0.363,-0.00036345741398352137,-0.0002737783603567209
-0.362,-0.00036073946815083223,-0.00027115771015471905
-0.361,-0.00035803794526251075,-0.000268548723456162
-0.36,-0.0003553527106988836,-0.000265951463154096
-0.359,-0.00035268363108415256,-0.0002633659908624294
-0.358,-0.00035003057428589627,-0.0002607923669279226
-0.357,-0.00034739340941445295,-0.0002582306504420233
-0.356,-0.00034477200682218434,-0.0002556808992525467
-0.355,-0.0003421662381026224,-0.0002531431699752029
-0.354,-0.00033957597608950084,-0.0002506175180049709
-0.353,-0.0003370010948556718,-0.00024810399752732106
-0.352,-0.00033444146971190933,-0.00024560266152928614
-0.351,-0.00033189697720560087,-0.00024311356181038187
-0.35,-0.0003293674951193279,-0.0002406367489933785
-0.349,-0.0003268529024693368,-0.00023817227253492292
-0.348,-0.00032435307950390144,-0.00023572018073601334
-0.347,-0.0003218679077015779,-0.00023328052075232702
-0.346,-0.0003193972697693535,-0.00023085333860440162
-0.345,-0.0003169410496406901,-0.00022843867918767143
-0.344,-0.0003144991324734634,-0.00022603658628235918
-0.343,-0.0003120714046477991,-0.00022364710256322454
-0.342,-0.00030965775376380714,-0.00022127026960916968
-0.341,-0.00030725806863921435,-0.0002189061279127037
-0.34,-0.0003048722393068975,-0.00021655471688926587
-0.339,-0.0003025001570123168,-0.0002142160748864094
-0.338,-0.00030014171421085113,-0.00021189023919284625
-0.337,-0.0002977968045650363,-0.00020957724604735417
-0.336,-0.0002954653229417062,-0.00020727713064754664
-0.335,-0.00029314716540903933,-0.00020498992715850718
-0.334,-0.00029084222923350943,-0.00020271566872128843
-0.333,-0.0002885504128767433,-0.00020045438746127753
-0.332,-0.000286271615992285,-0.00019820611449642835
-0.331,-0.0002840057394222676,-0.00019597087994536205
-0.33,-0.0002817526851939942,-0.00019374871293533646
-0.329,-0.00027951235651642737,-0.00019153964161008584
-0.328,-0.0002772846577765892,-0.00018934369313753168
-0.327,-0.00027506949453587185,-0.00018716089371736586
-0.326,-0.00027286677352625956,-0.00018499126858850692
-0.325,-0.0002706764026464629,-0.00018283484203643083
-0.324,-0.0002684982909579659,-0.00018069163740037727
-0.323,-0.0002663323486809863,-0.00017856167708043223
-0.322,-0.00026417848719035057,-0.00017644498254448847
-0.321,-0.00026203661901128315,-0.0001743415743350845
-0.32,-0.0002599066578151111,-0.0001722514720761237
-0.319,-0.00025778851841488524,-0.00017017469447947402
-0.318,-0.000255682116760917,-0.00016811125935145029
-0.317,-0.00025358736993623323,-0.0001660611835991793
-0.316,-0.0002515041961519479,-0.0001640244832368496
-0.315,-0.0002494325147425529,-0.00016200117339184675
-0.314,-0.00024737224616112636,-0.00015999126831077538
-0.313,-0.0002453233119744615,-0.00015799478136536903
-0.312,-0.00024328563485811406,-0.00015601172505828935
-0.311,-0.00024125913859137084,-0.0001540421110288152
-0.31,-0.00023924374805213829,-0.0001520859500584237
-0.309,-0.00023723938921175238,-0.0001501432520762636
-0.308,-0.00023524598912971024,-0.00014821402616452305
-0.307,-0.00023326347594832355,-0.000146298280563692
-0.306,-0.00023129177888729443,-0.0001443960226777214
-0.305,-0.00022933082823821402,-0.00014250725907908013
-0.304,-0.00022738055535898448,-0.00014063199551371037
-0.303,-0.0002254408926681644,-0.00013877023690588377
-0.302,-0.0002235117736392382,-0.00013692198736295873
-0.301,-0.00022159313279480978,-0.00013508725018004044
-0.3,-0.00021968490570072096,-0.00013326602784454516
-0.299,-0.00021778702896009473,-0.00013145832204066973
-0.298,-0.0002158994402073041,-0.00012966413365376775
-0.297,-0.00021402207810186614,-0.00012788346277463393
-0.296,-0.00021215488232226252,-0.00012611630870369738
-0.295,-0.00021029779355968573,-0.00012436266995512614
-0.294,-0.0002084507535117123,-0.00012262254426084317
-0.293,-0.0002066137048759025,-0.00012089592857445611
-0.292,-0.0002047865913433273,-0.00011918281907510165
-0.291,-0.0002029693575920227,-0.00011748321117120601
-0.29,-0.00020116194928037153,-0.000115797099504163
-0.289,-0.0001993643130404132,-0.000114124477951931
-0.288,-0.0001975763964710815,-0.00011246533963255021
-0.287,-0.00019579814813137082,-0.00011081967690758171
-0.286,-0.0001940295175334308,-0.00010918748138546969
-0.285,-0.0001922704551355899,-0.00010756874392482819
-0.284,-0.00019052091233530785,-0.00010596345463765405
-0.283,-0.00018878084146205736,-0.00010437160289246725
-0.282,-0.00018705019577013537,-0.0001027931773173803
-0.281,-0.0001853289294314036,-0.000101228165803098
-0.28,-0.00018361699752795927,-9.967655550584922e-5
-0.279,-0.00018191435604473556,-9.813833285025205e-5
-0.278,-0.00018022096186203244,-9.661348353211398e-5
-0.277,-0.00017853677274797772,-9.510199252116837e-5
-0.276,-0.00017686174735091878,-9.360384406374908e-5
-0.275,-0.00017519584519174497,-9.211902168540441e-5
-0.274,-0.00017353902665614087,-9.064750819345235e-5
-0.273,-0.0001718912529867708,-8.918928567947822e-5
-0.272,-0.0001702524862753943,-8.774433552177653e-5
-0.271,-0.00016862268945491333,-8.63126383877387e-5
-0.27,-0.00016700182629135073,-8.489417423618804e-5
-0.269,-0.00016538986137576078,-8.34889223196636e-5
-0.268,-0.0001637867601160714,-8.20968611866547e-5
-0.267,-0.00016219248872885848,-8.071796868378754e-5
-0.266,-0.00016060701423105254,-7.935222195796555e-5
-0.265,-0.00015903030443157774,-7.799959745846529e-5
-0.264,-0.0001574623279229234,-7.666007093898925e-5
-0.263,-0.00015590305407264853,-7.533361745967752e-5
-0.262,-0.0001543524530148187,-7.402021138907985e-5
-0.261,-0.0001528104956413767,-7.271982640608966e-5
-0.26,-0.00015127715359344594,-7.14324355018419e-5
-0.259,-0.00014975239925256746,-7.015801098157645e-5
-0.258,-0.0001482362057318705,-6.889652446646859e-5
-0.257,-0.00014672854686717694,-6.764794689542837e-5
-0.256,-0.00014522939720803963,-6.641224852687073e-5
-0.255,-0.00014373873200871493,-6.51893989404578e-5
-0.254,-0.00014225652721906948,-6.397936703881559e-5
-0.253,-0.0001407827594754218,-6.278212104922634e-5
-0.252,-0.00013931740609131847,-6.159762852529867e-5
-0.251,-0.00013786044504824512,-6.042585634861718e-5
-0.25,-0.000136411854986273,-5.9266770730373245e-5
-0.249,-0.00013497161519464068,-5.8120337212978975e-5
-0.248,-0.00013353970560227153,-5.698652067166596e-5
-0.247,-0.00013211610676822693,-5.5865285316070786e-5
-0.246,-0.00013070079987209586,-5.475659469180911e-5
-0.245,-0.00012929376670432066,-5.36604116820401e-5
-0.244,-0.0001278949896564595,-5.25766985090232e-5
-0.243,-0.00012650445171138582,-5.1505416735668986e-5
-0.242,-0.0001251221364334251,-5.044652726708608e-5
-0.241,-0.00012374802795842873,-4.9399990352125996e-5
-0.24,-0.00012238211098378613,-4.8365765584927764e-5
-0.239,-0.00012102437075837482,-4.7343811906464346e-5
-0.238,-0.00011967479307244881,-4.63340876060927e-5
-0.237,-0.00011833336424746602,-4.5336550323109485e-5
-0.236,-0.00011700007112585467,-4.435115704831424e-5
-0.235,-0.00011567490106071925,-4.337786412558219e-5
-0.234,-0.00011435784190548632,-4.2416627253448436e-5
-0.233,-0.00011304888200349068,-4.14674014867057e-5
-0.232,-0.00011174801017750209,-4.053014123801742e-5
-0.231,-0.00011045521571919323,-3.960480027954843e-5
-0.23,-0.00010917048837854915,-3.869133174461497e-5
-0.229,-0.00010789381835321866,-3.7789688129356326e-5
-0.228,-0.00010662519627780827,-3.689982129442982e-5
-0.227,-0.00010536461321311905,-3.602168246673155e-5
-0.226,-0.000104112060635327,-3.51552222411446e-5
-0.225,-0.00010286753042510723,-3.4300390582316985e-5
-0.224,-0.00010163101485670299,-3.345713682647133e-5
-0.223,-0.0001004025065869394,-3.262540968324838e-5
-0.222,-9.918199864418315e-5,-3.180515723758643e-5
-0.221,-9.796948441724836e-5,-3.099632695163874e-5
-0.22,-9.676495764424928e-5,-3.0198865666731174e-5
-0.219,-9.55684124014006e-5,-2.9412719605361917e-5
-0.218,-9.437984309176597e-5,-2.8637834373245738e-5
-0.217,-9.319924443395534e-5,-2.7874154961404658e-5
-0.216,-9.202661145077192e-5,-2.712162574830731e-5
-0.215,-9.086193945780961e-5,-2.6380190502059102e-5
-0.214,-8.97052240520013e-5,-2.564979238264535e-5
-0.213,-8.855646110011924e-5,-2.493037394422955e-5
-0.212,-8.741564672722802e-5,-2.422187713750899e-5
-0.211,-8.62827773050911e-5,-2.3524243312129837e-5
-0.21,-8.515784944053172e-5,-2.2837413219163956e-5
-0.209,-8.404085996374915e-5,-2.2161327013649622e-5
-0.208,-8.293180591659107e-5,-2.149592425719834e-5
-0.207,-8.183068454078314e-5,-2.0841143920669984e-5
-0.206,-8.073749326611676e-5,-2.0196924386918523e-5
-0.205,-7.965222969859584e-5,-1.9563203453610488e-5
-0.204,-7.857489160854386e-5,-1.8939918336118463e-5
-0.203,-7.750547691867209e-5,-1.832700567049185e-5
-0.202,-7.64439836921103e-5,-1.7724401516507117e-5
-0.201,-7.539041012040076e-5,-1.7132041360799813e-5
-0.2,-7.434475451145705e-5,-1.654986012008058e-5
-0.199,-7.330701527748863e-5,-1.5977792144437464e-5
-0.198,-7.227719092289254e-5,-1.541577122072673e-5
-0.197,-7.125528003211345e-5,-1.486373057605452e-5
-0.196,-7.024128125747336e-5,-1.4321602881351586e-5
-0.195,-6.923519330697234e-5,-1.3789320255043359e-5
-0.194,-6.823701493206168e-5,-1.3266814266817697e-5
-0.193,-6.724674491539079e-5,-1.2754015941492528e-5
-0.192,-6.626438205852941e-5,-1.2250855762985707e-5
-0.191,-6.528992516966664e-5,-1.1757263678389367e-5
-0.19,-6.43233730512882e-5,-1.1273169102151058e-5
-0.189,-6.33647244878336e-5,-1.0798500920363934e-5
-0.188,-6.241397823333494e-5,-1.0333187495168313e-5
-0.187,-6.147113299903868e-5,-9.877156669266875e-6
-0.186,-6.0536187441012545e-5,-9.430335770555787e-6
-0.185,-5.960914014773883e-5,-8.992651616874047e-6
-0.184,-5.868998962769634e-5,-8.564030520873326e-6
-0.183,-5.777873429693252e-5,-8.144398295010597e-6
-0.182,-5.687537246662777e-5,-7.733680256665805e-6
-0.181,-5.5979902330653895e-5,-7.331801233386897e-6
-0.18,-5.5092321953128634e-5,-6.938685568264432e-6
-0.179,-5.421262925596833e-5,-6.554257125438071e-6
-0.178,-5.33408220064408e-5,-6.178439295737199e-6
-0.177,-5.247689780472062e-5,-5.811155002457922e-6
-0.176,-5.162085407144884e-5,-5.452326707278698e-6
-0.175,-5.077268803529959e-5,-5.101876416316839e-6
-0.174,-4.99323967205557e-5,-4.759725686328105e-6
-0.173,-4.90999769346957e-5,-4.425795631051625e-6
-0.172,-4.827542525599473e-5,-4.100006927702351e-6
-0.171,-4.7458738021141635e-5,-3.782279823613241e-6
-0.17,-4.6649911312874874e-5,-3.472534143029364e-6
-0.169,-4.5848940947639804e-5,-3.170689294056113e-6
-0.168,-4.5055822463269915e-5,-2.8766642757636676e-6
-0.167,-4.427055110669475e-5,-2.5903776854498787e-6
-0.166,-4.349312182167723e-5,-2.3117477260636943e-6
-0.165,-4.27235292365832e-5,-2.0406922137912484e-6
-0.164,-4.196176765218607e-5,-1.777128585806713e-6
-0.163,-4.120783102950952e-5,-1.5209739081900009e-6
-0.162,-4.046171297771112e-5,-1.2721448840133707e-6
-0.161,-3.972340674201018e-5,-1.0305578615989898e-6
-0.16,-3.8992905191662635e-5,-7.961288429494662e-7
-0.159,-3.827020080798647e-5,-5.687734923533565e-7
-0.158,-3.7555285672440715e-5,-3.4840714516761665e-7
-0.157,-3.684815145476145e-5,-1.349448167789532e-7
-0.156,-3.614878940115817e-5,7.169878825400644e-8
-0.155,-3.545719032257403e-5,2.7160926687582573e-7
-0.154,-3.477334458301339e-5,4.648725080247863e-7
-0.153,-3.409724208794045e-5,6.515746829369926e-7
-0.152,-3.342887227275244e-5,8.318022352622485e-7
-0.151,-3.276822409133133e-5,1.0056418709899331e-6
-0.15,-3.2115286004677705e-5,1.1731805481831355e-6
-0.149,-3.147004596963086e-5,1.3345054665193487e-6
-0.148,-3.083249142767899e-5,1.4897040566360544e-6
-0.147,-3.020260929386358e-5,1.6388639692795735e-6
-0.146,-2.9580385945782123e-5,1.7820730642555979e-6
-0.145,-2.896580721269341e-5,1.9194193991798572e-6
-0.144,-2.835885836472964e-5,2.0509912180274257e-6
-0.143,-2.775952410221974e-5,2.176876939479208e-6
-0.142,-2.7167788545128394e-5,2.297165145064209e-6
-0.141,-2.658363522261528e-5,2.4119445670962155e-6
-0.14,-2.6007047062719177e-5,2.5213040764036043e-6
-0.139,-2.5438006382171616e-5,2.6253326698510033e-6
-0.138,-2.487649487634492e-5,2.724119457651625e-6
-0.137,-2.4322493609339484e-5,2.817753650469122e-6
-0.136,-2.377598300421529e-5,2.9063245463078947e-6
-0.135,-2.3236942833372714e-5,2.9899215171908196e-6
-0.134,-2.270535220908778e-5,3.0686339956234547e-6
-0.133,-2.2181189574207105e-5,3.1425514608438285e-6
-0.132,-2.1664432693007886e-5,3.211763424856989e-6
-0.131,-2.1155058642228338e-5,3.2763594182535704e-6
-0.13,-2.065304380227412e-5,3.3364289758116927e-6
-0.129,-2.0158363848606384e-5,3.3920616218816026e-6
-0.128,-1.9670993743317123e-5,3.4433468555525238e-6
-0.127,-1.9190907726897694e-5,3.490374135601284e-6
-0.126,-1.8718079310206354e-5,3.5332328652223563e-6
-0.125,-1.8252481266640883e-5,3.5720123765390457e-6
-0.124,-1.7794085624522378e-5,3.6068019148956373e-6
-0.123,-1.7342863659696417e-5,3.6376906229304238e-6
-0.122,-1.6898785888357947e-5,3.6647675244296083e-6
-0.121,-1.646182206010626e-5,3.6881215079622e-6
-0.12,-1.6031941151236642e-5,3.707841310296097e-6
-0.119,-1.560911135827526e-5,3.7240154995956804e-6
-0.118,-1.5193300091764069e-5,3.73673245840133e-6
-0.117,-1.4784473970302538e-5,3.7460803663914026e-6
-0.116,-1.4382598814853188e-5,3.7521471829273133e-6
-0.115,-1.3987639643317954e-5,3.755020629382495e-6
-0.114,-1.3599560665392564e-5,3.754788171256117e-6
-0.113,-1.3218325277706213e-5,3.7515370000725894e-6
-0.112,-1.2843896059253917e-5,3.7453540150679946e-6
-0.111,-1.2476234767129038e-5,3.7363258046647304e-6
-0.11,-1.2115302332563625e-5,3.724538627735785e-6
-0.109,-1.1761058857284275e-5,3.7100783946602135e-6
-0.108,-1.1413463610191387e-5,3.693030648171523e-6
-0.107,-1.1072475024369745e-5,3.6734805440008388e-6
-0.106,-1.0738050694438545e-5,3.6515128313168616e-6
-0.105,-1.0410147374249042e-5,3.627211832964819e-6
-0.104,-1.0088720974938151e-5,3.6006614255067445e-6
-0.103,-9.773726563346448e-6,3.5719450190656167e-6
-0.102,-9.465118360809121e-6,3.5411455369760597e-6
-0.101,-9.16284974232857e-6,3.5083453952444825e-6
-0.1,-8.866873236137472e-6,3.4736264818217354e-6
-0.099,-8.577140523661229e-6,3.4370701356915455e-6
-0.098,-8.29360243988888e-6,3.3987571257781948e-6
-0.097,-8.016208974161656e-6,3.3587676296771204e-6
-0.096,-7.744909271388493e-6,3.317181212212312e-6
-0.095,-7.479651633697971e-6,3.2740768038246166e-6
-0.094,-7.2203835225362105e-6,3.2295326787952745e-6
-0.093,-6.967051561220495e-6,3.1836264333092513e-6
-0.092,-6.719601537958403e-6,3.1364349633631637e-6
-0.091,-6.477978409342468e-6,3.088034442522848e-6
-0.09,-6.2421263043304365e-6,3.038500299535878e-6
-0.089,-6.011988528721409e-6,2.9879071958045858e-6
-0.088,-5.787507570138212e-6,2.936329002725436e-6
-0.087,-5.568625103526541e-6,2.883838778900856e-6
-0.086,-5.355281997181526e-6,2.8305087472299295e-6
-0.085,-5.147418319312534e-6,2.776410271884653e-6
-0.084,-4.944973345157133e-6,2.7216138351787572e-6
-0.083,-4.747885564655326e-6,2.666189014336417e-6
-0.082,-4.556092690695279e-6,2.610204458168495e-6
-0.081,-4.369531667941929e-6,2.5537278636643e-6
-0.08,-4.188138682260003e-6,2.496825952507192e-6
-0.079,-4.011849170743129e-6,2.43956444752272e-6
-0.078,-3.840597832360883e-6,2.382008049068347e-6
-0.077,-3.674318639235752e-6,2.3242204113742104e-6
-0.076,-3.5129448485621676e-6,2.2662641188447314e-6
-0.075,-3.3564090151799292e-6,2.208200662331339e-6
-0.074,-3.204643004814468e-6,2.1500904153869475e-6
-0.073,-3.0575780079966098e-6,2.091992610513297e-6
-0.072,-2.9151445546746316e-6,2.033965315412697e-6
-0.071,-2.777272529531591e-6,1.976065409256188e-6
-0.07,-2.643891188021087e-6,1.918348558980611e-6
-0.069,-2.5149291731347817e-6,1.8608691956275811e-6
-0.068,-2.3903145329151983e-6,1.8036804907378635e-6
-0.067,-2.2699747387275068e-6,1.7468343328152052e-6
-0.066,-2.1538367043041875e-6,1.6903813038742087e-6
-0.065,-2.041826805576677e-6,1.6343706560874219e-6
-0.064,-1.933870901308297e-6,1.5788502885474083e-6
-0.063,-1.8298943545429798e-6,1.52386672416018e-6
-0.062,-1.7298220548845219e-6,1.46946508668702e-6
-0.061,-1.633578441621335e-6,1.4156890779523828e-6
-0.06,-1.5410875277118816e-6,1.3625809552362582e-6
-0.059,-1.4522729246462458e-6,1.3101815088701028e-6
-0.058,-1.3670578681995382e-6,1.258530040056193e-6
-0.057,-1.2853652450931034e-6,1.207664338931034e-6
-0.056,-1.2071176205797862e-6,1.1576206628942732e-6
-0.055,-1.132237266969807e-6,1.1084337152254167e-6
-0.054,-1.0606461931141093e-6,1.060136624011531e-6
-0.053,-9.922661748623822e-7,1.0127609214100369e-6
-0.052,-9.27018786513307e-7,9.663365232716746e-7
-0.051,-8.648254332749604e-7,9.20891709149728e-7
-0.05,-8.056073847537044e-7,8.764531027226553e-7
-0.049,-7.49285809490327e-7,8.33045652658391e-7
-0.048,-6.957818105626637e-7,7.906926139497492e-7
-0.047,-6.450164622744265e-7,7.494155297515839e-7
-0.046,-5.969108479505102e-7,7.092342137516573e-7
-0.045,-5.513860988596351e-7,6.701667331085283e-7
-0.044,-5.083634342858205e-7,6.322293919912056e-7
-0.043,-4.677642027708855e-7,5.954367157568326e-7
-0.042,-4.295099245509368e-7,5.598014358042743e-7
-0.041,-3.935223352106412e-7,5.25334475143181e-7
-0.04,-3.597234305800102e-7,4.920449347199061e-7
-0.039,-3.280355128994437e-7,4.5994008054358705e-7
-0.038,-2.983812382799171e-7,4.290253316577363e-7
-0.037,-2.7068366548645747e-7,3.9930424900488504e-7
-0.036,-2.44866306074462e-7,3.7077852523415764e-7
-0.035,-2.2085317590999095e-7,3.43447975504168e-7
-0.034,-1.985688481069362e-7,3.1731052933632384e-7
-0.033,-1.7793850741596303e-7,2.9236222357653374e-7
-0.032,-1.5888800610237792e-7,2.6859719652645157e-7
-0.031,-1.4134392135263546e-7,2.4600768330879436e-7
-0.03,-1.2523361425211133e-7,2.2458401253496802e-7
-0.029,-1.1048529038009863e-7,2.0431460434726358e-7
-0.028,-9.702806207180661e-8,1.851859699122931e-7
-0.027,-8.479201240154199e-8,1.6718271244717165e-7
-0.026,-7.370826094634545e-8,1.5028752986527855e-7
-0.025,-6.370903139527315e-8,1.3448121913432325e-7
-0.024,-5.472772107642276e-8,1.1974268244598818e-7
-0.023,-4.669897248191169e-8,1.0604893530372338e-7
-0.022,-3.955874688058372e-8,9.337511664346032e-8
-0.021,-3.3244400119576334e-8,8.169450111124475e-8
-0.02,-2.7694760729445283e-8,7.097851363225996e-8
-0.019,-2.2850210463856e-8,6.119674641765329e-8
-0.018,-1.8652767424616584e-8,5.231697856929685e-8
-0.017,-1.5046171946972538e-8,4.430519845847876e-8
-0.016,-1.1975975449845788e-8,3.7125629073023017e-8
-0.015,-9.389632492754026e-9,3.07407565490959e-8
-0.014,-7.2365963277915754e-9,2.5111362129798957e-8
-0.013,-5.468418294506574e-9,2.019655782366609e-8
-0.012,-4.038851482357693e-9,1.5953826073859224e-8
-0.011,-2.903959186361862e-9,1.2339063795241105e-8
-0.01,-2.0222288165432268e-9,9.306631194486972e-9
-0.009,-1.3546921062313464e-9,6.809405862159966e-9
-0.008,-8.65052722582632e-10,4.798842721445313e-9
-0.007,-5.198227553803121e-10,3.2250405456036575e-9
-0.006,-2.884701174476555e-10,2.0368159305404172e-9
-0.005,-1.435797611309217e-10,1.1817858560966675e-9
-0.004,-6.103305618293457e-11,6.064603361535719e-10
-0.003,-2.0212242724617066e-11,2.563472334588929e-10
-0.002,-4.2419563705765715e-12,7.607229504459805e-11
-0.001,-2.916410356074815e-13,9.519343034551402e-12
0.0,0.0,0.0
0.001,-2.916410356074815e-13,-9.519343034551402e-12
0.002,-4.2419563705765715e-12,-7.607229504459805e-11
0.003,-2.0212242724617066e-11,-2.563472334588929e-10
0.004,-6.103305618293457e-11,-6.064603361535719e-10
0.005,-1.435797611309217e-10,-1.1817858560966675e-9
0.006,-2.884701174476555e-10,-2.0368159305404172e-9
0.007,-5.198227553803121e-10,-3.2250405456036575e-9
0.008,-8.65052722582632e-10,-4.798842721445313e-9
0.009,-1.3546921062313464e-9,-6.809405862159966e-9
0.01,-2.0222288165432268e-9,-9.306631194486972e-9
0.011,-2.903959186361862e-9,-1.2339063795241105e-8
0.012,-4.038851482357693e-9,-1.5953826073859224e-8
0.013,-5.468418294506574e-9,-2.019655782366609e-8
0.014,-7.2365963277915754e-9,-2.5111362129798957e-8
0.015,-9.389632492754026e-9,-3.07407565490959e-8
0.016,-1.1975975449845788e-8,-3.7125629073023017e-8
0.017,-1.5046171946972538e-8,-4.430519845847876e-8
0.018,-1.8652767424616584e-8,-5.231697856929685e-8
0.019,-2.2850210463856e-8,-6.119674641765329e-8
0.02,-2.7694760729445283e-8,-7.097851363225996e-8
0.021,-3.3244400119576334e-8,-8.169450111124475e-8
0.022,-3.955874688058372e-8,-9.337511664346032e-8
0.023,-4.669897248191169e-8,-1.0604893530372338e-7
0.024,-5.472772107642276e-8,-1.1974268244598818e-7
0.025,-6.370903139527315e-8,-1.3448121913432325e-7
0.026,-7.370826094634545e-8,-1.5028752986527855e-7
0.027,-8.479201240154199e-8,-1.6718271244717165e-7
0.028,-9.702806207180661e-8,-1.851859699122931e-7
0.029,-1.1048529038009863e-7,-2.0431460434726358e-7
0.03,-1.2523361425211133e-7,-2.2458401253496802e-7
0.031,-1.4134392135263546e-7,-2.4600768330879436e-7
0.032,-1.5888800610237792e-7,-2.6859719652645157e-7
0.033,-1.7793850741596303e-7,-2.9236222357653374e-7
0.034,-1.985688481069362e-7,-3.1731052933632384e-7
0.035,-2.2085317590999095e-7,-3.43447975504168e-7
0.036,-2.44866306074462e-7,-3.7077852523415764e-7
0.037,-2.7068366548645747e-7,-3.9930424900488504e-7
0.038,-2.983812382799171e-7,-4.290253316577363e-7
0.039,-3.280355128994437e-7,-4.5994008054358705e-7
0.04,-3.597234305800102e-7,-4.920449347199061e-7
0.041,-3.935223352106412e-7,-5.25334475143181e-7
0.042,-4.295099245509368e-7,-5.598014358042743e-7
0.043,-4.677642027708855e-7,-5.954367157568326e-7
0.044,-5.083634342858205e-7,-6.322293919912056e-7
0.045,-5.513860988596351e-7,-6.701667331085283e-7
0.046,-5.969108479505102e-7,-7.092342137516573e-7
0.047,-6.450164622744265e-7,-7.494155297515839e-7
0.048,-6.957818105626637e-7,-7.906926139497492e-7
0.049,-7.49285809490327e-7,-8.33045652658391e-7
0.05,-8.056073847537044e-7,-8.764531027226553e-7
0.051,-8.648254332749604e-7,-9.20891709149728e-7
0.052,-9.27018786513307e-7,-9.663365232716746e-7
0.053,-9.922661748623822e-7,-1.0127609214100369e-6
0.054,-1.0606461931141093e-6,-1.060136624011531e-6
0.055,-1.132237266969807e-6,-1.1084337152254167e-6
0.056,-1.2071176205797862e-6,-1.1576206628942732e-6
0.057,-1.2853652450931034e-6,-1.207664338931034e-6
0.058,-1.3670578681995382e-6,-1.258530040056193e-6
0.059,-1.4522729246462458e-6,-1.3101815088701028e-6
0.06,-1.5410875277118816e-6,-1.3625809552362582e-6
0.061,-1.633578441621335e-6,-1.4156890779523828e-6
0.062,-1.7298220548845219e-6,-1.46946508668702e-6
0.063,-1.8298943545429798e-6,-1.52386672416018e-6
0.064,-1.933870901308297e-6,-1.5788502885474083e-6
0.065,-2.041826805576677e-6,-1.6343706560874219e-6
0.066,-2.1538367043041875e-6,-1.6903813038742087e-6
0.067,-2.2699747387275068e-6,-1.7468343328152052e-6
0.068,-2.3903145329151983e-6,-1.8036804907378635e-6
0.069,-2.5149291731347817e-6,-1.8608691956275811e-6
0.07,-2.643891188021087e-6,-1.918348558980611e-6
0.071,-2.777272529531591e-6,-1.976065409256188e-6
0.072,-2.9151445546746316e-6,-2.033965315412697e-6
0.073,-3.0575780079966098e-6,-2.091992610513297e-6
0.074,-3.204643004814468e-6,-2.1500904153869475e-6
0.075,-3.3564090151799292e-6,-2.208200662331339e-6
0.076,-3.5129448485621676e-6,-2.2662641188447314e-6
0.077,-3.674318639235752e-6,-2.3242204113742104e-6
0.078,-3.840597832360883e-6,-2.382008049068347e-6
0.079,-4.011849170743129e-6,-2.43956444752272e-6
0.08,-4.188138682260003e-6,-2.496825952507192e-6
0.081,-4.369531667941929e-6,-2.5537278636643e-6
0.082,-4.556092690695279e-6,-2.610204458168495e-6
0.083,-4.747885564655326e-6,-2.666189014336417e-6
0.084,-4.944973345157133e-6,-2.7216138351787572e-6
0.085,-5.147418319312534e-6,-2.776410271884653e-6
0.086,-5.355281997181526e-6,-2.8305087472299295e-6
0.087,-5.568625103526541e-6,-2.883838778900856e-6
0.088,-5.787507570138212e-6,-2.936329002725436e-6
0.089,-6.011988528721409e-6,-2.9879071958045858e-6
0.09,-6.2421263043304365e-6,-3.038500299535878e-6
0.091,-6.477978409342468e-6,-3.088034442522848e-6
0.092,-6.719601537958403e-6,-3.1364349633631637e-6
0.093,-6.967051561220495e-6,-3.1836264333092513e-6
0.094,-7.2203835225362105e-6,-3.2295326787952745e-6
0.095,-7.479651633697971e-6,-3.2740768038246166e-6
0.096,-7.744909271388493e-6,-3.317181212212312e-6
0.097,-8.016208974161656e-6,-3.3587676296771204e-6
0.098,-8.29360243988888e-6,-3.3987571257781948e-6
0.099,-8.577140523661229e-6,-3.4370701356915455e-6
0.1,-8.866873236137472e-6,-3.4736264818217354e-6
0.101,-9.16284974232857e-6,-3.5083453952444825e-6
0.102,-9.465118360809121e-6,-3.5411455369760597e-6
0.103,-9.773726563346448e-6,-3.5719450190656167e-6
0.104,-1.0088720974938151e-5,-3.6006614255067445e-6
0.105,-1.0410147374249042e-5,-3.627211832964819e-6
0.106,-1.0738050694438545e-5,-3.6515128313168616e-6
0.107,-1.1072475024369745e-5,-3.6734805440008388e-6
0.108,-1.1413463610191387e-5,-3.693030648171523e-6
0.109,-1.1761058857284275e-5,-3.7100783946602135e-6
0.11,-1.2115302332563625e-5,-3.724538627735785e-6
0.111,-1.2476234767129038e-5,-3.7363258046647304e-6
0.112,-1.2843896059253917e-5,-3.7453540150679946e-6
0.113,-1.3218325277706213e-5,-3.7515370000725894e-6
0.114,-1.3599560665392564e-5,-3.754788171256117e-6
0.115,-1.3987639643317954e-5,-3.755020629382495e-6
0.116,-1.4382598814853188e-5,-3.7521471829273133e-6
0.117,-1.4784473970302538e-5,-3.7460803663914026e-6
0.118,-1.5193300091764069e-5,-3.73673245840133e-6
0.119,-1.560911135827526e-5,-3.7240154995956804e-6
0.12,-1.6031941151236642e-5,-3.707841310296097e-6
0.121,-1.646182206010626e-5,-3.6881215079622e-6
0.122,-1.6898785888357947e-5,-3.6647675244296083e-6
0.123,-1.7342863659696417e-5,-3.6376906229304238e-6
0.124,-1.7794085624522378e-5,-3.6068019148956373e-6
0.125,-1.8252481266640883e-5,-3.5720123765390457e-6
0.126,-1.8718079310206354e-5,-3.5332328652223563e-6
0.127,-1.9190907726897694e-5,-3.490374135601284e-6
0.128,-1.9670993743317123e-5,-3.4433468555525238e-6
0.129,-2.0158363848606384e-5,-3.3920616218816026e-6
0.13,-2.065304380227412e-5,-3.3364289758116927e-6
0.131,-2.1155058642228338e-5,-3.2763594182535704e-6
0.132,-2.1664432693007886e-5,-3.211763424856989e-6
0.133,-2.2181189574207105e-5,-3.1425514608438285e-6
0.134,-2.270535220908778e-5,-3.0686339956234547e-6
0.135,-2.3236942833372714e-5,-2.9899215171908196e-6
0.136,-2.377598300421529e-5,-2.9063245463078947e-6
0.137,-2.4322493609339484e-5,-2.817753650469122e-6
0.138,-2.487649487634492e-5,-2.724119457651625e-6
0.139,-2.5438006382171616e-5,-2.6253326698510033e-6
0.14,-2.6007047062719177e-5,-2.5213040764036043e-6
0.141,-2.658363522261528e-5,-2.4119445670962155e-6
0.142,-2.7167788545128394e-5,-2.297165145064209e-6
0.143,-2.775952410221974e-5,-2.176876939479208e-6
0.144,-2.835885836472964e-5,-2.0509912180274257e-6
0.145,-2.896580721269341e-5,-1.9194193991798572e-6
0.146,-2.9580385945782123e-5,-1.7820730642555979e-6
0.147,-3.020260929386358e-5,-1.6388639692795735e-6
0.148,-3.083249142767899e-5,-1.4897040566360544e-6
0.149,-3.147004596963086e-5,-1.3345054665193487e-6
0.15,-3.2115286004677705e-5,-1.1731805481831355e-6
0.151,-3.276822409133133e-5,-1.0056418709899331e-6
0.152,-3.342887227275244e-5,-8.318022352622485e-7
0.153,-3.409724208794045e-5,-6.515746829369926e-7
0.154,-3.477334458301339e-5,-4.648725080247863e-7
0.155,-3.545719032257403e-5,-2.7160926687582573e-7
0.156,-3.614878940115817e-5,-7.169878825400644e-8
0.157,-3.684815145476145e-5,1.349448167789532e-7
0.158,-3.7555285672440715e-5,3.4840714516761665e-7
0.159,-3.827020080798647e-5,5.687734923533565e-7
0.16,-3.8992905191662635e-5,7.961288429494662e-7
0.161,-3.972340674201018e-5,1.0305578615989898e-6
0.162,-4.046171297771112e-5,1.2721448840133707e-6
0.163,-4.120783102950952e-5,1.5209739081900009e-6
0.164,-4.196176765218607e-5,1.777128585806713e-6
0.165,-4.27235292365832e-5,2.0406922137912484e-6
0.166,-4.349312182167723e-5,2.3117477260636943e-6
0.167,-4.427055110669475e-5,2.5903776854498787e-6
0.168,-4.5055822463269915e-5,2.8766642757636676e-6
0.169,-4.5848940947639804e-5,3.170689294056113e-6
0.17,-4.6649911312874874e-5,3.472534143029364e-6
0.171,-4.7458738021141635e-5,3.782279823613241e-6
0.172,-4.827542525599473e-5,4.100006927702351e-6
0.173,-4.90999769346957e-5,4.425795631051625e-6
0.174,-4.99323967205557e-5,4.759725686328105e-6
0.175,-5.077268803529959e-5,5.101876416316839e-6
0.176,-5.162085407144884e-5,5.452326707278698e-6
0.177,-5.247689780472062e-5,5.811155002457922e-6
0.178,-5.33408220064408e-5,6.178439295737199e-6
0.179,-5.421262925596833e-5,6.554257125438071e-6
0.18,-5.5092321953128634e-5,6.938685568264432e-6
0.181,-5.5979902330653895e-5,7.331801233386897e-6
0.182,-5.687537246662777e-5,7.733680256665805e-6
0.183,-5.777873429693252e-5,8.144398295010597e-6
0.184,-5.868998962769634e-5,8.564030520873326e-6
0.185,-5.960914014773883e-5,8.992651616874047e-6
0.186,-6.0536187441012545e-5,9.430335770555787e-6
0.187,-6.147113299903868e-5,9.877156669266875e-6
0.188,-6.241397823333494e-5,1.0333187495168313e-5
0.189,-6.33647244878336e-5,1.0798500920363934e-5
0.19,-6.43233730512882e-5,1.1273169102151058e-5
0.191,-6.528992516966664e-5,1.1757263678389367e-5
0.192,-6.626438205852941e-5,1.2250855762985707e-5
0.193,-6.724674491539079e-5,1.2754015941492528e-5
0.194,-6.823701493206168e-5,1.3266814266817697e-5
0.195,-6.923519330697234e-5,1.3789320255043359e-5
0.196,-7.024128125747336e-5,1.4321602881351586e-5
0.197,-7.125528003211345e-5,1.486373057605452e-5
0.198,-7.227719092289254e-5,1.541577122072673e-5
0.199,-7.330701527748863e-5,1.5977792144437464e-5
0.2,-7.434475451145705e-5,1.654986012008058e-5
0.201,-7.539041012040076e-5,1.7132041360799813e-5
0.202,-7.64439836921103e-5,1.7724401516507117e-5
0.203,-7.750547691867209e-5,1.832700567049185e-5
0.204,-7.857489160854386e-5,1.8939918336118463e-5
0.205,-7.965222969859584e-5,1.9563203453610488e-5
0.206,-8.073749326611676e-5,2.0196924386918523e-5
0.207,-8.183068454078314e-5,2.0841143920669984e-5
0.208,-8.293180591659107e-5,2.149592425719834e-5
0.209,-8.404085996374915e-5,2.2161327013649622e-5
0.21,-8.515784944053172e-5,2.2837413219163956e-5
0.211,-8.62827773050911e-5,2.3524243312129837e-5
0.212,-8.741564672722802e-5,2.422187713750899e-5
0.213,-8.855646110011924e-5,2.493037394422955e-5
0.214,-8.97052240520013e-5,2.564979238264535e-5
0.215,-9.086193945780961e-5,2.6380190502059102e-5
0.216,-9.202661145077192e-5,2.712162574830731e-5
0.217,-9.319924443395534e-5,2.7874154961404658e-5
0.218,-9.437984309176597e-5,2.8637834373245738e-5
0.219,-9.55684124014006e-5,2.9412719605361917e-5
0.22,-9.676495764424928e-5,3.0198865666731174e-5
0.221,-9.796948441724836e-5,3.099632695163874e-5
0.222,-9.918199864418315e-5,3.180515723758643e-5
0.223,-0.0001004025065869394,3.262540968324838e-5
0.224,-0.00010163101485670299,3.345713682647133e-5
0.225,-0.00010286753042510723,3.4300390582316985e-5
0.226,-0.000104112060635327,3.51552222411446e-5
0.227,-0.00010536461321311905,3.602168246673155e-5
0.228,-0.00010662519627780827,3.689982129442982e-5
0.229,-0.00010789381835321866,3.7789688129356326e-5
0.23,-0.00010917048837854915,3.869133174461497e-5
0.231,-0.00011045521571919323,3.960480027954843e-5
0.232,-0.00011174801017750209,4.053014123801742e-5
0.233,-0.00011304888200349068,4.14674014867057e-5
0.234,-0.00011435784190548632,4.2416627253448436e-5
0.235,-0.00011567490106071925,4.337786412558219e-5
0.236,-0.00011700007112585467,4.435115704831424e-5
0.237,-0.00011833336424746602,4.5336550323109485e-5
0.238,-0.00011967479307244881,4.63340876060927e-5
0.239,-0.00012102437075837482,4.7343811906464346e-5
0.24,-0.00012238211098378613,4.8365765584927764e-5
0.241,-0.00012374802795842873,4.9399990352125996e-5
0.242,-0.0001251221364334251,5.044652726708608e-5
0.243,-0.00012650445171138582,5.1505416735668986e-5
0.244,-0.0001278949896564595,5.25766985090232e-5
0.245,-0.00012929376670432066,5.36604116820401e-5
0.246,-0.00013070079987209586,5.475659469180911e-5
0.247,-0.00013211610676822693,5.5865285316070786e-5
0.248,-0.00013353970560227153,5.698652067166596e-5
0.249,-0.00013497161519464068,5.8120337212978975e-5
0.25,-0.000136411854986273,5.9266770730373245e-5
0.251,-0.00013786044504824512,6.042585634861718e-5
0.252,-0.00013931740609131847,6.159762852529867e-5
0.253,-0.0001407827594754218,6.278212104922634e-5
0.254,-0.00014225652721906948,6.397936703881559e-5
0.255,-0.00014373873200871493,6.51893989404578e-5
0.256,-0.00014522939720803963,6.641224852687073e-5
0.257,-0.00014672854686717694,6.764794689542837e-5
0.258,-0.0001482362057318705,6.889652446646859e-5
0.259,-0.00014975239925256746,7.015801098157645e-5
0.26,-0.00015127715359344594,7.14324355018419e-5
0.261,-0.0001528104956413767,7.271982640608966e-5
0.262,-0.0001543524530148187,7.402021138907985e-5
0.263,-0.00015590305407264853,7.533361745967752e-5
0.264,-0.0001574623279229234,7.666007093898925e-5
0.265,-0.00015903030443157774,7.799959745846529e-5
0.266,-0.00016060701423105254,7.935222195796555e-5
0.267,-0.00016219248872885848,8.071796868378754e-5
0.268,-0.0001637867601160714,8.20968611866547e-5
0.269,-0.00016538986137576078,8.34889223196636e-5
0.27,-0.00016700182629135073,8.489417423618804e-5
0.271,-0.00016862268945491333,8.63126383877387e-5
0.272,-0.0001702524862753943,8.774433552177653e-5
0.273,-0.0001718912529867708,8.918928567947822e-5
0.274,-0.00017353902665614087,9.064750819345235e-5
0.275,-0.00017519584519174497,9.211902168540441e-5
0.276,-0.00017686174735091878,9.360384406374908e-5
0.277,-0.00017853677274797772,9.510199252116837e-5
0.278,-0.00018022096186203244,9.661348353211398e-5
0.279,-0.00018191435604473556,9.813833285025205e-5
0.28,-0.00018361699752795927,9.967655550584922e-5
0.281,-0.0001853289294314036,0.000101228165803098
0.282,-0.00018705019577013537,0.0001027931773173803
0.283,-0.00018878084146205736,0.00010437160289246725
0.284,-0.00019052091233530785,0.00010596345463765405
0.285,-0.0001922704551355899,0.00010756874392482819
0.286,-0.0001940295175334308,0.00010918748138546969
0.287,-0.00019579814813137082,0.00011081967690758171
0.288,-0.0001975763964710815,0.00011246533963255021
0.289,-0.0001993643130404132,0.000114124477951931
0.29,-0.00020116194928037153,0.000115797099504163
0.291,-0.0002029693575920227,0.00011748321117120601
0.292,-0.0002047865913433273,0.00011918281907510165
0.293,-0.0002066137048759025,0.00012089592857445611
0.294,-0.0002084507535117123,0.00012262254426084317
0.295,-0.00021029779355968573,0.00012436266995512614
0.296,-0.00021215488232226252,0.00012611630870369738
0.297,-0.00021402207810186614,0.00012788346277463393
0.298,-0.0002158994402073041,0.00012966413365376775
0.299,-0.00021778702896009473,0.00013145832204066973
0.3,-0.00021968490570072096,0.00013326602784454516
0.301,-0.00022159313279480978,0.00013508725018004044
0.302,-0.0002235117736392382,0.00013692198736295873
0.303,-0.0002254408926681644,0.00013877023690588377
0.304,-0.00022738055535898448,0.00014063199551371037
0.305,-0.00022933082823821402,0.00014250725907908013
0.306,-0.00023129177888729443,0.0001443960226777214
0.307,-0.00023326347594832355,0.000146298280563692
0.308,-0.00023524598912971024,0.00014821402616452305
0.309,-0.00023723938921175238,0.0001501432520762636
0.31,-0.00023924374805213829,0.0001520859500584237
0.311,-0.00024125913859137084,0.0001540421110288152
0.312,-0.00024328563485811406,0.00015601172505828935
0.313,-0.0002453233119744615,0.00015799478136536903
0.314,-0.00024737224616112636,0.00015999126831077538
0.315,-0.0002494325147425529,0.00016200117339184675
0.316,-0.0002515041961519479,0.0001640244832368496
0.317,-0.00025358736993623323,0.0001660611835991793
0.318,-0.000255682116760917,0.00016811125935145029
0.319,-0.00025778851841488524,0.00017017469447947402
0.32,-0.0002599066578151111,0.0001722514720761237
0.321,-0.00026203661901128315,0.0001743415743350845
0.322,-0.00026417848719035057,0.00017644498254448847
0.323,-0.0002663323486809863,0.00017856167708043223
0.324,-0.0002684982909579659,0.00018069163740037727
0.325,-0.0002706764026464629,0.00018283484203643083
0.326,-0.00027286677352625956,0.00018499126858850692
0.327,-0.00027506949453587185,0.00018716089371736586
0.328,-0.0002772846577765892,0.00018934369313753168
0.329,-0.00027951235651642737,0.00019153964161008584
0.33,-0.0002817526851939942,0.00019374871293533646
0.331,-0.0002840057394222676,0.00019597087994536205
0.332,-0.000286271615992285,0.00019820611449642835
0.333,-0.0002885504128767433,0.00020045438746127753
0.334,-0.00029084222923350943,0.00020271566872128843
0.335,-0.00029314716540903933,0.00020498992715850718
0.336,-0.0002954653229417062,0.00020727713064754664
0.337,-0.0002977968045650363,0.00020957724604735417
0.338,-0.00030014171421085113,0.00021189023919284625
0.339,-0.0003025001570123168,0.0002142160748864094
0.34,-0.0003048722393068975,0.00021655471688926587
0.341,-0.00030725806863921435,0.0002189061279127037
0.342,-0.00030965775376380714,0.00022127026960916968
0.343,-0.0003120714046477991,0.00022364710256322454
0.344,-0.0003144991324734634,0.00022603658628235918
0.345,-0.0003169410496406901,0.00022843867918767143
0.346,-0.0003193972697693535,0.00023085333860440162
0.347,-0.0003218679077015779,0.00023328052075232702
0.348,-0.00032435307950390144,0.00023572018073601334
0.349,-0.0003268529024693368,0.00023817227253492292
0.35,-0.0003293674951193279,0.0002406367489933785
0.351,-0.00033189697720560087,0.00024311356181038187
0.352,-0.00033444146971190933,0.00024560266152928614
0.353,-0.0003370010948556718,0.00024810399752732106
0.354,-0.00033957597608950084,0.0002506175180049709
0.355,-0.0003421662381026224,0.0002531431699752029
0.356,-0.00034477200682218434,0.0002556808992525467
0.357,-0.00034739340941445295,0.0002582306504420233
0.358,-0.00035003057428589627,0.0002607923669279226
0.359,-0.00035268363108415256,0.0002633659908624294
0.36,-0.0003553527106988836,0.000265951463154096
0.361,-0.00035803794526251075,0.000268548723456162
0.362,-0.00036073946815083223,0.00027115771015471905
0.363,-0.00036345741398352137,0.0002737783603567209
0.364,-0.0003661919186245036,0.0002764106098778375
0.365,-0.0003689431191822107,0.0002790543932301527
0.366,-0.00037171115400971204,0.00028170964360970416
0.367,-0.0003744961627047196,0.0002843762928838661
0.368,-0.00037729828610946715,0.0002870542715785725
0.369,-0.0003801176663104607,0.0002897435088653812
0.37,-0.00038295444663809957,0.0002924439325483784
0.371,-0.00038580877166616615,0.00029515546905092155
0.372,-0.00038868078721118304,0.00029787804340222166
0.373,-0.00039157064033163536,0.0003006115792237632
0.374,-0.00039447847932705794,0.0003033559987155615
0.375,-0.0003974044537369842,0.0003061112226422568
0.376,-0.0004003487143397561,0.00030887717031904467
0.377,-0.00040331141315119295,0.00031165375959744186
0.378,-0.00040629270342311803,0.00031444090685088717
0.379,-0.00040929273964174017,0.0003172385269601768
0.38,-0.0004123116775258898,0.00032004653329873394
0.381,-0.00041534967402510637,0.00032286483771771124
0.382,-0.0004184068873175766,0.00032569335053092655
0.383,-0.00042148347680792084,0.000328531980499631
0.384,-0.0004245796031248256,0.0003313806348171091
0.385,-0.00042769542811852134,0.00033423921909311
0.386,-0.00043083111485810204,0.0003371076373381102
0.387,-0.00043398682762868604,0.00033998579194740664
0.388,-0.00043716273192841555,0.00034287358368504
0.389,-0.0004403589944652921,0.00034577091166754773
0.39,-0.00044357578315384736,0.00034867767334754665
0.391,-0.00044681326711164623,0.00035159376449714455
0.392,-0.00045007161665561966,0.0003545190791911805
0.393,-0.0004533510032982269,0.0003574535097902934
0.394,-0.00045665159974344244,0.0003603969469238189
0.395,-0.000459973579882568,0.00036334927947251393
0.396,-0.00046331711878986513,0.00036631039455110864
0.397,-0.00046668239271800796,0.00036928017749068593
0.398,-0.00047006957909335225,0.0003722585118208877
0.399,-0.0004734788565110196,0.000375245279251948
0.4,-0.00047691040472979404,0.00037824035965655314
0.401,-0.0004803644046668281,0.0003812436310515275
0.402,-0.000483841038392157,0.00038425496957934677
0.403,-0.0004873404891230173,0.000387274249489476
0.404,-0.0004908629412179686,0.0003903013431195352
0.405,-0.0004944085801708149,0.00039333612087628944
0.406,-0.000497977592604324,0.0003963784512164662
0.407,-0.0005015701662637411,0.0003994282006273976
0.408,-0.0005051864900100947,0.0004024852336074891
0.409,-0.0005088267538132936,0.0004055494126465138
0.41,-0.0005124911487450084,0.00040862059820573256
0.411,-0.0005161798669713395,0.00041169864869784035
0.412,-0.000519893101745265,0.00041478342046673814
0.413,-0.000523631047398868,0.0004178747677671316
0.414,-0.0005273938993353398,0.0004209725427439554
0.415,-0.000531181854020756,0.00042407659541162415
0.416,-0.0005349951089756223,0.0004271867736331101
0.417,-0.0005388338627661883,0.0004303029230988472
0.418,-0.0005426983149955251,0.00043342488730546274
0.419,-0.0005465886662943635,0.00043655250753433557
0.42,-0.0005505051183116922,0.00043968562282998256
0.421,-0.0005544478737051091,0.0004428240699782726
0.422,-0.0005584171361309263,0.0004459676834844688
0.423,-0.0005624131102340225,0.0004491162955510993
0.424,-0.0005664360016374434,0.0004522697360556572
0.425,-0.0005704860169317417,0.0004554278325281302
0.426,-0.0005745633636640595,0.0004585904101283593
0.427,-0.0005786682503269441,0.0004617572916232289
0.428,-0.0005828008863468986,0.00046492829736368704
0.429,-0.0005869614820726606,0.00046810324526159786
0.43,-0.0005911502487632073,0.0004712819507664256
0.431,-0.0005953673985754839,0.0004744642268417515
0.432,-0.0005996131445518495,0.00047764988394162434
0.433,-0.0006038877006072408,0.00048083872998674475
0.434,-0.0006081912815160462,0.0004840305703404845
0.435,-0.0006125241028986888,0.0004872252077847414
0.436,-0.000616886381207916,0.0004904224424956306
0.437,-0.0006212783337147876,0.0004936220720190135
0.438,-0.000625700178494364,0.0004968238912458636
0.439,-0.0006301521344110873,0.0005000276923874735
0.44,-0.0006346344211038529,0.0005032332649504998
0.441,-0.000639147258970767,0.0005064403957118499
0.442,-0.0006436908691535876,0.0005096488686934121
0.443,-0.0006482654735218437,0.0005128584651366264
0.444,-0.0006528712946566292,0.0005160689634769013
0.445,-0.0006575085558340684,0.0005192801393178761
0.446,-0.0006621774810084478,0.000522491765405529
0.447,-0.0006668782947950108,0.0005257036116021335
0.448,-0.0006716112224524121,0.000528915444860064
0.449,-0.0006763764898648263,0.0005321270291954524
0.45,-0.0006811743235237074,0.0005353381256616961
0.451,-0.0006860049505091942,0.0005385484923228195
0.452,-0.0006908685984711596,0.0005417578842266902
0.453,-0.0006957654956098963,0.0005449660533780926
0.454,-0.0007006958706564376,0.0005481727487116582
0.455,-0.0007056599528525066,0.0005513777160646561
0.456,-0.0007106579719300925,0.0005545806981496453
0.457,-0.0007156901580906449,0.0005577814345269892
0.458,-0.0007207567419838874,0.0005609796615772355
0.459,-0.0007258579546862414,0.0005641751124733622
0.46,-0.0007309940276788574,0.0005673675171528935
0.461,-0.0007361651928252499,0.0005705566022898845
0.462,-0.0007413716823485305,0.0005737420912667796
0.463,-0.0007466137288082346,0.0005769237041461452
0.464,-0.0007518915650767364,0.0005801011576422789
0.465,-0.0007572054243152501,0.000583274165092698
0.466,-0.000762555539949409,0.0005864424364295089
0.467,-0.0007679421456444208,0.0005896056781506599
0.468,-0.000773365475279792,0.0005927635932910796
0.469,-0.0007788257629236186,0.0005959158813937044
0.47,-0.0007843232428064368,0.0005990622384803952
0.471,-0.0007898581492946286,0.0006022023570227492
0.472,-0.0007954307168633791,0.0006053359259128058
0.473,-0.000801041180069179,0.000608462630433652
0.474,-0.0008066897735218674,0.0006115821522299291
0.475,-0.0008123767318562104,0.0006146941692782431
0.476,-0.0008181022897030099,0.0006177983558574821
0.477,-0.0008238666816597387,0.0006208943825190442
0.478,-0.000829670142260694,0.0006239819160569778
0.479,-0.0008355129059466683,0.0006270606194780377
0.48,-0.0008413952070341275,0.0006301301519716615
0.481,-0.0008473172796838951,0.0006331901688798672
0.482,-0.0008532793578693355,0.0006362403216670771
0.483,-0.0008592816753440307,0.0006392802578898718
0.484,-0.0008653244656089458,0.0006423096211666746
0.485,-0.0008714079618790771,0.0006453280511473744
0.486,-0.0008775323970495785,0.0006483351834828874
0.487,-0.0008836980036613599,0.0006513306497946619
0.488,-0.000889905013866152,0.0006543140776441308
0.489,-0.0008961536593910325,0.0006572850905021166
0.49,-0.000902444171502408,0.0006602433077181887
0.491,-0.0009087767809694454,0.0006631883444899828
0.492,-0.0009151517180269481,0.0006661198118324815
0.493,-0.0009215692123376708,0.000669037316547264
0.494,-0.0009280294929540668,0.0006719404611917265
0.495,-0.0009345327882794636,0.0006748288440482794
0.496,-0.0009410793260286587,0.0006777020590935255
0.497,-0.0009476693331879316,0.0006805596959674226
0.498,-0.0009543030359744668,0.0006834013399424372
0.499,-0.0009609806597951787,0.0006862265718926922
0.5,-0.0009677024292049362,0.0006890349682631145
0.501,-0.0009744685678641794,0.0006918261010385872
0.502,-0.0009812792984959218,0.0006945995377131121
0.503,-0.0009881348428421339,0.0006973548412589853
0.504,-0.0009950354216194997,0.000700091570095995
0.505,-0.0010019812544745442,0.0007028092780606435
0.506,-0.0010089725599381196,0.0007055075143754006
0.507,-0.0010160095553792508,0.0007081858236179935
0.508,-0.001023092456958329,0.0007108437456907387
0.509,-0.0010302214795796512,0.0007134808157899224
0.51,-0.0010373968368432957,0.0007160965643752345
0.511,-0.0010446187409963305,0.0007186905171392631
0.512,-0.001051887402883347,0.0007212621949770537
0.513,-0.0010592030318963125,0.0007238111139557433
0.514,-0.0010665658359237374,0.0007263367852842702
0.515,-0.0010739760212991462,0.000728838715283172
0.516,-0.001081433792748853,0.0007313164053544727
0.517,-0.0010889393533390283,0.0007337693519516708
0.518,-0.0010964929044220543,0.0007361970465498311
0.519,-0.0011040946455821638,0.0007385989756157893
0.52,-0.0011117447745803517,0.0007409746205784768
0.521,-0.0011194434872985575,0.0007433234577993715
0.522,-0.0011271909776831095,0.0007456449585430826
0.523,-0.0011349874376874252,0.0007479385889480778
0.524,-0.0011428330572139627,0.0007502038099975584
0.525,-0.0011507280240554134,0.0007524400774904924
0.526,-0.001158672523835134,0.0007546468420128124
0.527,-0.0011666667399468074,0.0007568235489087855
0.528,-0.001174710853493329,0.0007589696382525649
0.529,-0.001182805043224909,0.0007610845448199307
0.53,-0.0011909494854763889,0.0007631676980602283
0.531,-0.0011991443541037588,0.0007652185220685137
0.532,-0.001207389820419877,0.0007672364355579128
0.533,-0.0012156860531293788,0.0007692208518322059
0.534,-0.0012240332182627722,0.0007711711787586446
0.535,-0.0012324314791097113,0.0007730868187410107
0.536,-0.001240880996151443,0.0007749671686929274
0.537,-0.0012493819269924198,0.0007768116200114304
0.538,-0.001257934426291072,0.000778619558550811
0.539,-0.0012665386456897324,0.0007803903645967386
0.54,-0.001275194733743708,0.0007821234128406745
0.541,-0.0012839028358494929,0.0007838180723545854
0.542,-0.001292663094172113,0.0007854737065659685
0.543,-0.0013014756475715988,0.0007870896732331977
0.544,-0.0013103406315285808,0.000788665324421202
0.545,-0.0013192581780689964,0.000790200006477486
0.546,-0.0013282284156879071,0.0007916930600085049
0.547,-0.001337251469272416,0.0007931438198564039
0.548,-0.0013463274600236822,0.000794551615076134
0.549,-0.001355456505378022,0.0007959157689129558
0.55,-0.0013646387189270963,0.0007972355987803414
0.551,-0.0013738742103371693,0.0007985104162382894
0.552,-0.0013831630852674424,0.0007997395269720616
0.553,-0.0013925054452874487,0.0008009222307713562
0.554,-0.0014019013877935066,0.0008020578215099278
0.555,-0.0014113510059242237,0.0008031455871256693
0.556,-0.0014208543884750475,0.0008041848096011657
0.557,-0.0014304116198118543,0.0008051747649447353
0.558,-0.0014400227797835704,0.0008061147231719698
0.559,-0.0014496879436338224,0.0008070039482877868
0.56,-0.001459407181911606,0.0008078416982690098
0.561,-0.0014691805603809726,0.0008086272250474876
0.562,-0.0014790081399297216,0.0008093597744937681
0.563,-0.0014888899764770995,0.0008100385864013404
0.564,-0.0014988261208804935,0.0008106628944714595
0.565,-0.001508816618841118,0.0008112319262985694
0.566,-0.0015188615108086868,0.0008117449033563363
0.567,-0.0015289608318850654,0.0008122010409843119
0.568,-0.0015391146117268977,0.0008125995483752362
0.569,-0.0015493228744472018,0.0008129396285630005
0.57,-0.001559585638515929,0.0008132204784112829
0.571,-0.0015699029166594814,0.0008134412886028743
0.572,-0.0015802747157591817,0.0008136012436297084
0.573,-0.0015907010367486906,0.0008136995217836161
0.574,-0.001601181874510366,0.0008137352951478168
0.575,-0.0016117172177705595,0.000813707729589166
0.576,-0.0016223070489938458,0.0008136159847511752
0.577,-0.0016329513442761763,0.000813459214047822
0.578,-0.001643650073236958,0.0008132365646581674
0.579,-0.0016544031989100475,0.0008129471775217984
0.58,-0.0016652106776336585,0.0008125901873351138
0.581,-0.0016760724589391764,0.0008121647225484716
0.582,-0.001686988485438877,0.0008116699053642163
0.583,-0.0016979586927125436,0.0008111048517356056
0.584,-0.0017089830091929796,0.0008104686713666541
0.585,-0.0017200613560504096,0.0008097604677129146
0.586,-0.0017311936470757686,0.0008089793379832162
0.587,-0.001742379788562873,0.0008081243731423784
0.588,-0.001753619679189469,0.0008071946579149225
0.589,-0.001764913209897157,0.0008061892707897991
0.59,-0.0017762602637701858,0.000805107284026153
0.591,-0.0017876607159131148,0.0008039477636601475
0.592,-0.0017991144333273405,0.0008027097695128669
0.593,-0.0018106212747864836,0.0008013923551993204
0.594,-0.0018221810907106332,0.0007999945681385688
0.595,-0.001833793723039447,0.0007985154495649946
0.596,-0.0018454590051041023,0.0007969540345407407
0.597,-0.001857176761498098,0.0007953093519693363
0.598,-0.0018689468079469002,0.0007935804246105362
0.599,-0.0018807689511764363,0.0007917662690963952
0.6,-0.0018926429887804286,0.0007898658959485998
0.601,-0.0019045687090865683,0.0007878783095970842
0.602,-0.0019165458910215297,0.0007858025083999503
0.603,-0.0019285743039748197,0.0007836374846647199
0.604,-0.0019406537076614625,0.0007813822246709411
0.605,-0.0019527838519835191,0.0007790357086941741
0.606,-0.00196496447689044,0.0007765969110313837
0.607,-0.0019771953122382476,0.0007740648000277608
0.608,-0.0019894760776475546,0.0007714383381050006
0.609,-0.002001806482360407,0.0007687164817910642
0.61,-0.0020141862250959625,0.0007658981817514474
0.611,-0.002026614993904999,0.0007629823828219866
0.612,-0.00203909246602325,0.0007599680240432266
0.613,-0.002051618307723576,0.0007568540386963781
0.614,-0.0020641921741669637,0.0007536393543408939
0.615,-0.00207681370925236,0.0007503228928536897
0.616,-0.0020894825454653393,0.0007469035704700394
0.617,-0.002102198303725604,0.000743380297826173
0.618,-0.0021149605932333257,0.0007397519800036066
0.619,-0.0021277690113143182,0.0007360175165752323
0.62,-0.0021406231432640607,0.0007321758016532004
0.621,-0.002153522562190553,0.0007282257239386204
0.622,-0.002166466828856026,0.0007241661667731149
0.623,-0.0021794554915174967,0.0007199960081922534
0.624,-0.002192488085766173,0.0007157141209809001
0.625,-0.00220556413436572,0.0007113193727305054
0.626,-0.0022186831470893814,0.0007068106258983728
0.627,-0.0022318446205559644,0.0007021867378689344
0.628,-0.002245048038064697,0.0006974465610170658
0.629,-0.002258292869428954,0.0006925889427734752
0.63,-0.0022715785708088626,0.0006876127256921974
0.631,-0.0022849045845427943,0.0006825167475202283
0.632,-0.002298270338977743,0.0006772998412693331
0.633,-0.002311675248298599,0.0006719608352900612
0.634,-0.0023251187123563316,0.0006664985533480045
0.635,-0.0023386001164950707,0.0006609118147023325
0.636,-0.0023521188313781155,0.0006551994341866396
0.637,-0.0023656742128128614,0.0006493602222921413
0.638,-0.002379265601574662,0.0006433929852532537
0.639,-0.0023928923232296316,0.0006372965251355948
0.64,-0.0024065536879563985,0.0006310696399264428
0.641,-0.002420248990366817,0.0006247111236276883
0.642,-0.002433977509325649,0.0006182197663513196
0.643,-0.0024477385077692243,0.0006115943544174776
0.644,-0.0024615312325230944,0.0006048336704551198
0.645,-0.0024753549141186826,0.0005979364935053302
0.646,-0.0024892087666089505,0.000590901599127316
0.647,-0.0025030919873830874,0.0005837277595071301
0.648,-0.002517003756980239,0.0005764137435691585
0.649,-0.002530943238902287,0.0005689583170904141
0.65,-0.002544909579425687,0.0005613602428176755
0.651,-0.0025589019074123923,0.0005536182805875145
0.652,-0.0025729193341198654,0.0005457311874492513
0.653,-0.0025869609530101982,0.0005376977177908809
0.654,-0.0026010258395583563,0.0005295166234680113
0.655,-0.0026151130510595603,0.0005211866539358575
0.656,-0.0026292216264358257,0.0005127065563843339
0.657,-0.0026433505860416757,0.0005040750758762876
0.658,-0.0026574989314690437,0.0004952909554889175
0.659,-0.0026716656453513866,0.0004863529364584234
0.66,-0.0026858496911670283,0.0004772597583279278
0.661,-0.0027000500130417485,0.0004680101590987184
0.662,-0.0027142655355506416,0.0004586028753848539
0.663,-0.002728495163519267,0.00044903664257118066
0.664,-0.002742737781824108,0.0004393101949748053
0.665,-0.002756992255192365,0.0004294222660100708
0.666,-0.0027712574280011047,0.0004193715883570821
0.667,-0.0027855321240757916,0.0004091568941338295
0.668,-0.0027998151464882198,0.000398776915071957
0.669,-0.0028141052773538767,0.00038823038269622377
0.67,-0.0028284012776287593,0.0003775160285077084
0.671,-0.002842701886905675,0.00036663258417080324
0.672,-0.002857005823210049,0.00035557878170404975
0.673,-0.0028713117827952645,0.0003443533536748641
0.674,-0.002885618439937576,0.00033295503339820294
0.675,-0.00289992444673061,0.0003213825551392204
0.676,-0.0029142284328794923,0.0003096346543199677
0.677,-0.002928529005494634,0.0002977100677301859
0.678,-0.0029428247488852014,0.00028560753374224436
0.679,-0.002957114224352308,0.00027332579253027696
0.68,-0.002971395969981961,0.00026086358629356905
0.681,-0.002985668500437798,0.0002482196594842472
0.682,-0.002999930306753641,0.00023539275903932696
0.683,-0.00301417985612592,0.00022238163461717076
0.684,-0.003028415591705984,0.0002091850388384113
0.685,-0.0030426359323923583,0.00019580172753139497
0.686,-0.0030568392726229637,0.00018223045998220003
0.687,-0.0030710239821673613,0.00016846999918928546
0.688,-0.0030851884059190445,0.0001545191121228262
0.689,-0.0030993308636878343,0.00014037656998879103
0.69,-0.003113449649992409,0.00012604114849781994
0.691,-0.0031275430338530224,0.00011151162813895804
0.692,-0.003141609258584449,9.678679445830339e-5
0.693,-0.0031556465415892056,8.186543834262682e-5
0.694,-0.003169653074151093,6.674635630802197e-5
0.695,-0.00318362702122911,5.14283507936441e-5
0.696,-0.003197566521251788,3.591023046059699e-5
0.697,-0.003211469685911993,2.0190810496027167e-5
0.698,-0.0032253345999622516,4.2689129224854684e-6
0.699,-0.0032391593210106522,-1.185663308738391e-5
0.7,-0.0032529418793173716,-2.81869908907662e-5
0.701,-0.0032666802775918884,-4.4723316049149686e-5
0.702,-0.003280372490790936,-6.14667559972888e-5
0.703,-0.0032940164659172504,-7.841844970659483e-5
0.704,-0.00330761012181918,-9.557952734289219e-5
0.705,-0.003321151348991206,-0.0001129511099184776
0.706,-0.003334638009375444,-0.0001305343089384194
0.707,-0.0033480679361641875,-0.0001483302260410337
0.708,-0.003361438933603554,-0.00016633995263247333
0.709,-0.003374748776798301,-0.00018456456951536642
0.71,-0.0033879952115178835,-0.00020300514651143924
0.711,-0.0034011759540038132,-0.00022166274207805912
0.712,-0.003414288690778392,-0.0002405384029186324
0.713,-0.003427331078454897,-0.00025963316358679136
0.714,-0.0034403007435492784,-0.00027894804608430505
0.715,-0.0034531952822934547,-0.00029848405945264697
0.716,-0.0034660122604502756,-0.0003182421993581541
0.717,-0.0034787492131302298,-0.00033822344767070917
0.718,-0.0034914036446099784,-0.00035842877203587977
0.719,-0.0035039730281527935,-0.00037885912544044677
0.72,-0.0035164548058309836,-0.00039951544577125305
0.721,-0.0035288463883503883,-0.0004203986553673057
0.722,-0.003541145154877033,-0.000441509660565062
0.723,-0.0035533484528660203,-0.0004628493512368302
0.724,-0.00356545359789276,-0.0004844186003222169
0.725,-0.003577457873486618,-0.00050621826335255
0.726,-0.0035893585309670776,-0.0005282491779682077
0.727,-0.0036011527892825133,-0.0005505121634287846
0.728,-0.00361283783485167,-0.000573008020116021
0.729,-0.003624410821407939,-0.0005957375290294283
0.73,-0.0036358688698465416,-0.0006187014512745369
0.731,-0.003647209068074717,-0.0006419005275436946
0.732,-0.003658428470865012,-0.0006653354775893462
0.733,-0.003669524099711791,-0.000689006999689718
0.734,-0.003680492942691063,-0.0007129157701068392
0.735,-0.0036913319543237398,-0.0007370624425368238
0.736,-0.0037020380554424388,-0.0007614476475523413
0.737,-0.0037126081330619413,-0.0007860719920372019
0.738,-0.0037230390402534217,-0.0008109360586129843
0.739,-0.0037333275960225744,-0.0008360404050576293
0.74,-0.0037434705851917454,-0.000861385563715926
0.741,-0.003753464758286205,-0.0008869720409018174
0.742,-0.003763306831424677,-0.0009128003162924466
0.743,-0.0037729934862142595,-0.0009388708423138724
0.744,-0.003782521369649862,-0.0009651840435183752
0.745,-0.0037918870940182943,-0.0009917403159532799
0.746,-0.003801087236807142,-0.0010185400265212176
0.747,-0.003810118340618564,-0.0010455835123317494
0.748,-0.003818976913088159,-0.0010728710800442785
0.749,-0.003827659426809032,-0.0011004030052021686
0.75,-0.003836162319261221,-0.001128179531557995
0.751,-0.0038444819927466196,-0.0011562008703898485
0.752,-0.0038526148143295555,-0.0011844671998086143
0.753,-0.003860557115783173,-0.0012129786640561495
0.754,-0.0038683051935417814,-0.0012417353727942747
0.755,-0.0038758553086593256,-0.00127073740038451
0.756,-0.0038832036867741428,-0.0012999847851584646
0.757,-0.003890346518080174,-0.0013294775286788116
0.758,-0.003897279957304796,-0.001359215594990758
0.759,-0.003904000123693446,-0.0013891989098639367
0.76,-0.003910503101001222,-0.0014194273600246369
0.761,-0.003916784937491627,-0.00144990079237829
0.762,-0.003922841645942647,-0.0014806190132221342
0.763,-0.003928669203660348,-0.0015115817874479724
0.764,-0.00393426355250018,-0.0015427888377349413
0.765,-0.003939620598896181,-0.0015742398437322126
0.766,-0.0039447362138982835,-0.001605934441231539
0.767,-0.003949606233217912,-0.001637872221329565
0.768,-0.003954226457282091,-0.0016700527295798193
0.769,-0.003958592651296263,-0.001702475465134301
0.77,-0.003962700545316035,-0.0017351398798745802
0.771,-0.003966545834328059,-0.0017680453775323244
0.772,-0.003970124178340287,-0.0018011913127991682
0.773,-0.003973431202481809,-0.0018345769904258402
0.774,-0.00397646249711251,-0.0018682016643104592
0.775,-0.0039792136179427895,-0.001902064536575917
0.776,-0.003981680086163566,-0.0019361647566362569
0.777,-0.003983857388586826,-0.0019705014202519655
0.778,-0.003985740977796958,-0.0020050735685740863
0.779,-0.003987326272313131,-0.002039880187177066
0.78,-0.003988608656762977,-0.002074920205080253
0.781,-0.003989583482067836,-0.002110192493757947
0.782,-0.003990246065639843,-0.002145695866137922
0.783,-0.003990591691591131,-0.002181429075588323
0.784,-0.003990615610955424,-0.0022173908148928534
0.785,-0.0039903130419223195,-0.0022535797152141586
0.786,-0.003989679170084551,-0.002289994345045314
0.787,-0.003988709148698524,-0.0023266332091493275
0.788,-0.003987398098958447,-0.002363494747486561
0.789,-0.003985741110284351,-0.002400577334129984
0.79,-0.00398373324062434,-0.0024378792761681556
0.791,-0.003981369516771387,-0.0024753988125958528
0.792,-0.003978644934695009,-0.002513134113192243
0.793,-0.0039755544598881745,-0.0025510832773865044
0.794,-0.003972093027729783,-0.0025892443331108064
0.795,-0.003968255543863078,-0.0026276152356405455
0.796,-0.003964036884590367,-0.0026661938664217463
0.797,-0.003959431897284409,-0.002704978031885526
0.798,-0.00395443540081687,-0.0027439654622495296
0.799,-0.003949042186004222,-0.0027831538103062284
0.8,-0.003943247016071506,-0.0028225406501979976
0.801,-0.003937044627134351,-0.0028621234761788605
0.802,-0.003930429728699695,-0.0029018997013628054
0.803,-0.003923397004185607,-0.002941866656458576
0.804,-0.003915941111460688,-0.002982021588490833
0.805,-0.003908056683403479,-0.0030223616595075873
0.806,-0.0038997383284823496,-0.0030628839452738013
0.807,-0.0038909806313563522,-0.003103585433951062
0.808,-0.003881778153497509,-0.003144463024763217
0.809,-0.0038721254338350583,-0.00318551352664788
0.81,-0.003862016989422151,-0.0032267336568936916
0.811,-0.0038514473161255463,-0.0032681200397632532
0.812,-0.0038404108893388294,-0.003309669205101607
0.813,-0.0038289021647197182,-0.0033513775869301807
0.814,-0.0038169155789520275,-0.0033932415220260834
0.815,-0.0038044455505328737,-0.0034352572484866585
0.816,-0.0037914864805857237,-0.003477420904279184
0.817,-0.00377803275369991,-0.0035197285257756276
0.818,-0.0037640787387972384,-0.003562176046272354
0.819,-0.0037496187900263535,-0.003604759294494679
0.82,-0.0037346472476855234,-0.0036474739930861862
0.821,-0.003719158439174539,-0.00369031575708269
0.822,-0.0037031466799764398,-0.0037332800923707676
0.823,-0.003686606274669789,-0.0037763623941307546
0.824,-0.0036695315179722616,-0.0038195579452641112
0.825,-0.0036519166958163094,-0.003862861914805077
0.826,-0.0036337560864577014,-0.003906269356316517
0.827,-0.0036150439616177655,-0.003949775206269875
0.828,-0.0035957745876601687,-0.003993374282409161
0.829,-0.003575942226803108,-0.0040370612820988735
0.83,-0.0035555411383678087,-0.004080830780655802
0.831,-0.0035345655800642574,-0.004124677229664622
0.832,-0.003513009809315109,-0.0041685949552772265
0.833,-0.003490868084618764,-0.004212578156495718
0.834,-0.0034681346669526146,-0.004256620903439019
0.835,-0.003444803821217507,-0.004300717135593035
0.836,-0.0034208698177244984,-0.004344860660044341
0.837,-0.00339632693372501,-0.004389045149697341
0.838,-0.0033711694549855248,-0.004433264141474868
0.839,-0.0033453916774080104,-0.004477511034502231
0.84,-0.003318987908697281,-0.004521779088274654
0.841,-0.003291952470076559,-0.004566061420808148
0.842,-0.003264279698052532,-0.0046103510067737954
0.843,-0.0032359639462312415,-0.004654640675615487
0.844,-0.00320699958718619,-0.004698923109651137
0.845,-0.0031773810143800913,-0.004743190842157432
0.846,-0.0031471026441417353,-0.004787436255438168
0.847,-0.003116158917699493,-0.004831651578876279
0.848,-0.003084544303273034,-0.004875828886969625
0.849,-0.0030522532982248697,-0.004919960097350691
0.85,-0.0030192804312734146,-0.0049640369687903195
0.851,-0.002985620264769284,-0.005008051099185634
0.852,-0.0029512673970366237,-0.0050519939235323654
0.853,-0.002916216464781314,-0.005095856711881771
0.854,-0.0028804621455679673,-0.0051396305672823965
0.855,-0.002843999160367681,-0.005183306423706971
0.856,-0.0028068222761785857,-0.005226875043964703
0.857,-0.002768926308721296,-0.005270327017599369
0.858,-0.002730306125211438,-0.005313652758773521
0.859,-0.002690956647211497,-0.00535684250413928
0.86,-0.002650872853564307,-0.005399886310696148
0.861,-0.0026100497834105783,-0.005442774053636356
0.862,-0.002568482539292938,-0.005485495424178317
0.863,-0.0025261662903490445,-0.005528039927388794
0.864,-0.002483096275596406,-0.0055703968799944315
0.865,-0.002439267807311643,-0.005612555408183428
0.866,-0.002394676274506995,-0.005654504445398096
0.867,-0.00234931714650699,-0.005696232730119216
0.868,-0.0023031859766282697,-0.005737728803643093
0.869,-0.002256278405965664,-0.00577898100785237
0.87,-0.0022085901672877183,-0.005819977482981666
0.871,-0.0021601170890449594,-0.005860706165379266
0.872,-0.002110855099494305,-0.005901154785266132
0.873,-0.00206080023094312,-0.005941310864493636
0.874,-0.002009948624116536,-0.0059811617143015255
0.875,-0.0019582965326517573,-0.006020694433077714
0.876,-0.0019058403277231943,-0.0060598959041216725
0.877,-0.0018525765028023775,-0.006098752793413261
0.878,-0.001798501678556724,-0.006137251547389027
0.879,-0.0017436126078913523,-0.0061753783907281335
0.88,-0.0016879061811382577,-0.006213119324150212
0.881,-0.001631379431397286,-0.006250460122227643
0.882,-0.0015740295400334737,-0.006287386331214908
0.883,-0.0015158538423354398,-0.006323883266897859
0.884,-0.0014568498333396556,-0.006359936012465954
0.885,-0.0013970151738255353,-0.006395529416410704
0.886,-0.0013363476964864285,-0.006430648090453805
0.887,-0.001274845412281726,-0.006465276407508666
0.888,-0.001212506516975415,-0.006499398499679303
0.889,-0.0011493293978665573,-0.006532998256300787
0.89,-0.0010853126407172882,-0.006566059322025785
0.891,-0.001020455036884067,-0.006598565094961953
0.892,-0.0009547555906580333,-0.0066304987248653
0.893,-0.0008882135268204503,-0.006661843111394948
0.894,-0.0008208282984193363,-0.006692580902435055
0.895,-0.0007525995947735063,-0.006722694492490051
0.896,-0.0006835273497103579,-0.006752166021159693
0.897,-0.0006136117500438461,-0.006780977371700871
0.898,-0.0005428532442991942,-0.006809110169683517
0.899,-0.0004712525516909835,-0.006836545781748404
0.9,-0.0003988106713613557,-0.006863265314475104
0.901,-0.00032552889188513823,-0.006889249613368873
0.902,-0.00025140880104877376,-0.0069144792619757305
0.903,-0.00017645229590999238,-0.006938934581135566
0.904,-0.00010066159314520915,-0.006962595628383661
0.905,-2.4039239691660388e-5,-0.00698544219751163
0.906,5.3411876308694785e-5,-0.007007453818299394
0.907,0.00013168851425648454,-0.007028609756430471
0.908,0.00021078706952644757,-0.007048889013603556
0.909,0.0002907035615762167,-0.007068270327854062
0.91,0.0003714336217254801,-0.0070867321741000825
0.911,0.00045297248059873507,-0.007104252764927973
0.912,0.0005353149552249737,-0.007120810051633613
0.913,0.0006184554357877986,-0.007136381725536235
0.914,0.0007023878720196586,-0.007150945219582584
0.915,0.0007871057592341246,-0.007164477710260141
0.916,0.0008726021239903986,-0.0071769561198390544
0.917,0.0009588695093845584,-0.0071883571189634305
0.918,0.001045899959962416,-0.0071986571296137
0.919,0.0011336850062492706,-0.007207832328462796
0.92,0.0012222156488923184,-0.007215858650650024
0.921,0.0013114823424120142,-0.007222711793997633
0.922,0.0014014749785592718,-0.007228367223696269
0.923,0.0014921828692760668,-0.007232800177486719
0.924,0.0015835947292577451,-0.007235985671366596
0.925,0.0016756986581161664,-0.007237898505851906
0.926,0.001768482122143723,-0.007238513272824721
0.927,0.0018619319356792804,-0.00723780436299959
0.928,0.001956034242078184,-0.0072357459740426035
0.929,0.0020507744942896877,-0.007232312119378512
0.93,0.0021461374350464782,-0.0072274766377226525
0.931,0.002242107076672407,-0.007221213203375907
0.932,0.002338666680516099,-0.007213495337322357
0.933,0.0024357987360198196,-0.00720429641917076
0.934,0.0025334849394348,-0.007193589699982441
0.935,0.0026317061721962205,-0.007181348316029646
0.936,0.002730442478973193,-0.007167545303529863
0.937,0.0028296730454113834,-0.007152153614403068
0.938,0.0029293761755884054,-0.007135146133100223
0.939,0.003029529269204772,-0.00711649569455277
0.94,0.0031301087985360493,-0.007096175103294192
0.941,0.0032310902851748926,-0.007074157153805954
0.942,0.0033324482765949176,-0.00705041465214138
0.943,0.0034341563225718102,-0.007024920438882129
0.944,0.0035361869515007777,-0.0069976474134829545
0.945,0.0036385116466533533,-0.006968568560061346
0.946,0.0037411008224207325,-0.006937656974689422
0.947,0.0038439238005951834,-0.006904885894246091
0.948,0.003946948786745755,-0.006870228726887908
0.949,0.004050142846749348,-0.006833659084197369
0.95,0.004153471883543408,-0.006795150815067366
0.951,0.004256900614171859,-0.006754678041380366
0.952,0.004360392547201578,-0.006712215195540386
0.953,0.004463909960592632,-0.006667737059915046
0.954,0.0045674138801116496,-0.006621218808243904
0.955,0.004670864058384133,-0.00657263604906777
0.956,0.004774218954688187,-0.006521964871231862
0.957,0.004877435715599027,-0.006469181891513345
0.958,0.004980470156600755,-0.00641426430442102
0.959,0.005083276744789223,-0.006357189934211669
0.96,0.005185808582797321,-0.006297937289163701
0.961,0.005288017394081701,-0.006236485618144356
0.962,0.00538985350971777,-0.006172814969501645
0.963,0.005491265856857736,-0.006106906252306491
0.964,0.005592201949014464,-0.006038741299964071
0.965,0.0056926078783419536,-0.005968302936206177
0.966,0.0057924283100912796,-0.005895575043468353
0.967,0.005891606479428768,-0.005820542633646761
0.968,0.005990084190811039,-0.005743191921219887
0.969,0.006087801820119175,-0.005663510398709611
0.97,0.006184698319761677,-0.005581486914444419
0.971,0.006280711226962899,-0.005497111752574927
0.972,0.006375776675460288,-0.005410376715278187
0.973,0.006469829410839888,-0.0053212752070724775
0.974,0.006562802809745007,-0.005229802321148447
0.975,0.006654628903197789,-0.005135954927605552
0.976,0.00674523840427733,-0.005039731763464704
0.977,0.006834560740400944,-0.004941133524308866
0.978,0.006922524090457119,-0.004840162957383139
0.979,0.007009055427039333,-0.004736824955964568
0.98,0.007094080564029218,-0.004631126654789539
0.981,0.007177524209775346,-0.004523077526303334
0.982,0.007259310026110049,-0.004412689477472138
0.983,0.007339360693441002,-0.004299976946872673
0.984,0.007417597982146609,-0.004184957001748797
0.985,0.0074939428304944865,-0.004067649434697869
0.986,0.007568315429290231,-0.003948076859622688
0.987,0.007640635313449155,-0.003826264806557404
0.988,0.007710821460666578,-0.003702241814948298
0.989,0.007778792397342409,-0.003576039524942735
0.99,0.007844466311893096,-0.003447692766212323
0.991,0.007907761175558338,-0.0033172396438094828
0.992,0.007968594870781205,-0.003184721620530558
0.993,0.008026885327208407,-0.0030501835952335596
0.994,0.008082550665322354,-0.0029136739765349543
0.995,0.008135509347678217,-0.0027752447512879156
0.996,0.008185680337677585,-0.002634951547224485
0.997,0.008232983265765449,-0.002492853689126552
0.998,0.008277338602889144,-0.0023490142478758184
0.999,0.008318667841006844,-0.0022035000817213486
1.0,0.008356893680379134,-0.0020563818690953993
1.001,0.008391940223320455,-0.001907734132304277
1.002,0.008423733174028057,-0.001757635251421514
1.003,0.008452200044044693,-0.0016061674677160147
1.004,0.008477270362848085,-0.001453416875958424
1.005,0.008498875892995663,-0.0012994734049652003
1.006,0.008516950849187518,-0.001144430785762063
1.007,0.008531432120544542,-0.0009883865067769645
1.008,0.008542259495333,-0.0008314417555077839
1.009,0.00854937588730176,-0.0006737013461517845
1.01,0.008552727562734843,-0.0005152736327326824
1.011,0.00855226436726071,-0.0003562704073170657
1.012,0.008547939951401256,-0.00019680678297489388
1.013,0.008539711993788847,-3.700106120886875e-5
1.014,0.00852754242092977,0.00012302541634554812
1.015,0.008511397622347702,0.0002831484320640109
1.016,0.008491248659902483,0.0004432410723455404
1.017,0.00846707147004808,0.0006031739234216374
1.018,0.008438847057770212,0.0007628152827893458
1.019,0.008406561680929289,0.0009220313859891989
1.02,0.008370207023728867,0.0010806866483388145
1.021,0.0083297803580345,0.0012386439211195973
1.022,0.00828528469128303,0.0013957647615984903
1.023,0.008236728899748785,0.0015519097161500635
1.024,0.008184127845970982,0.001706938615627543
1.025,0.008127502479196238,0.001860710882015897
1.026,0.00806687991775163,0.0020130858452870456
1.027,0.008002293512337109,0.0021639230692679636
1.028,0.007933782889311193,0.0023130826852282445
1.029,0.007861393973140347,0.0024604257317958956
1.03,0.007785178987289818,0.0026058144997201196
1.031,0.007705196432951364,0.0027491128799188263
1.032,0.007621511045130338,0.0028901867131779302
1.033,0.007534193725750076,0.003028904139810207
1.034,0.007443321453574419,0.003165135947534728
1.035,0.007348977170897979,0.0032987559158045455
1.036,0.007251249647107379,0.003429641154791218
1.037,0.007150233319373288,0.0035576724372305395
1.038,0.007046028110891354,0.0036827345213449473
1.039,0.006938739227248236,0.0038047164630848054
1.04,0.006828476931645226,0.003923511915973196
1.041,0.006715356299864724,0.004039019416896798
1.042,0.006599496956012331,0.004151142656258665
1.043,0.006481022790207879,0.0042597907309965734
1.044,0.006360061659530737,0.004364878379072468
1.045,0.006236745073646674,0.004466326194153302
1.046,0.006111207866653994,0.004564060819330297
1.047,0.005983587856784373,0.004658015118860907
1.048,0.005854025495677649,0.004748128327064169
1.049,0.005722663509018846,0.00483434617365415
1.05,0.005589646530379246,0.004916620984956086
1.051,0.005455120730140721,0.004994911760613939
1.052,0.005319233441403681,0.005069184225564553
1.053,0.0051821327847834985,0.005139410857220716
1.054,0.0050439672939885825,0.00520557088797129
1.055,0.004904885544045421,0.0052676502832695
1.056,0.0047650357839926355,0.00532564169573876
1.057,0.004624565575808019,0.005379544395877417
1.058,0.004483621441260559,0.0054293641800881014
1.059,0.004342348518294706,0.005475113256892533
1.06,0.00420089022845776,0.00551681011231753
1.061,0.004059387956774539,0.0055544793555515155
1.062,0.003917980745357954,0.0055881515460721514
1.063,0.0037768050019210695,0.005617863003534182
1.064,0.003635994224227345,0.0056436556017816575
1.065,0.0034956787413824328,0.00566557654841008
1.066,0.0033559854727348145,0.005683678151351611
1.067,0.00321703770501505,0.005698017573990286
1.068,0.0030789548882060726,0.005708656580334475
1.069,0.0029418524505010596,0.005715661271780955
1.07,0.002805841632572354,0.005719101816999459
1.071,0.0026710293412457683,0.005719052176449092
1.072,0.0025375180225506153,0.005715589823009238
1.073,0.0024054055539977828,0.005708795460168593
1.074,0.002274785155827079,0.005698752739167344
1.075,0.002145745320861538,0.005685547976430612
1.076,0.0020183697625109904,0.005669269872566848
1.077,0.0018927373803804698,0.005650009234134132
1.078,0.0017689222428611236,0.005627858699301213
1.079,0.0016469935860125944,0.005602912468449803
1.08,0.0015270158279862324,0.005575266040681056
1.081,0.0014090485981880815,0.005545015957103292
1.082,0.0012931467803391477,0.005512259551690897
1.083,0.0011793605685577876,0.00547709471041679
1.084,0.001067735535564863,0.005439619639273636
1.085,0.0009583127120961796,0.005399932641713092
1.086,0.0008511286765982456,0.005358131905948158
1.087,0.0007462156542820695,0.005314315302482148
1.088,0.0006436016246150089,0.005268580192149084
1.089,0.0005433104363420752,0.005221023244875196
1.09,0.0004453619291449842,0.005171740269299836
1.091,0.00034977206106906364,0.005120826053327015
1.092,0.00025655304087429735,0.005068374215615926
1.093,0.00016571346449673172,0.005014477067960719
1.094,7.725845483962451e-5,0.004959225488456223
1.095,-8.81019585045244e-6,0.004902708805297552
1.096,-9.2493881729366e-5,0.004845014691017566
1.097,-0.00017379703789020083,0.004786229066926736
1.098,-0.00025272699431340146,0.004726436017485312
1.099,-0.0003292938298170156,0.0046657177143074055
1.1,-0.0004035102265498099,0.004604154349470684
1.101,-0.00047539132552805517,0.00454182407778362
1.102,-0.0005449545836751237,0.004478802967644339
1.103,-0.0006122196327819985,0.00441516496011107
1.104,-0.0006772081407666133,0.004350981835793473
1.105,-0.0007399436755708598,0.004286323189166811
1.106,-0.0008004515719962796,0.00422125640990646
1.107,-0.0008587588017430958,0.004155846670838648
1.108,-0.0009148938468824284,0.0040901569221041545
1.109,-0.0009688865769584055,0.004024247891134794
1.11,-0.0010207681298854943,0.003958178088047652
1.111,-0.0010705707967767909,0.003892003816068939
1.112,-0.0011183279108112534,0.0038257791866078287
1.113,-0.0011640737402219628,0.003759556138610465
1.114,-0.0012078433854634286,0.0036933844618353274
1.115,-0.0012496726805937336,0.003627311823703092
1.116,-0.0012895980988868597,0.003561383799386887
1.117,-0.0013276566626718692,0.0034956439048222216
1.118,-0.0013638858573786132,0.003430133632329709
1.119,-0.0013983235497543114,0.003364892488557927
1.12,-0.001431007910201573,0.0032999580344681458
1.121,-0.0014619773391761628,0.0032353659270971877
1.122,-0.0014912703975719934,0.0031711499628491917
1.123,-0.0015189257410113326,0.003107342122081468
1.124,-0.001544982057950013,0.003043972614763902
1.125,-0.0015694780115004165,0.0029810699270053634
1.126,-0.001592452184869106,0.002918660868254308
1.127,-0.0016139430303011087,0.002856770618994109
1.128,-0.0016339888214189535,0.0027954227787666424
1.129,-0.0016526276088415397,0.0027346394143701797
1.13,-0.0016698971789656945,0.002674441108089741
1.131,-0.001685835015791805,0.002614847005829664
1.132,-0.0017004782656741039,0.0025558748650292592
1.133,-0.0017138637048759837,0.00249754110225303
1.134,-0.0017260277098110645,0.002439860840357036
1.135,-0.001737006229851566,0.00238284795514256
1.136,-0.001746834762586801,0.002326515121417306
1.137,-0.001755548331416246,0.0022708738583929215
1.138,-0.0017631814653636256,0.0022159345743557116
1.139,-0.0017697681810007004,0.002161706610554953
1.14,-0.0017753419663719663,0.00210819828426035
1.141,-0.001779935766814183,0.002055416930946773
1.142,-0.001783581972567539,0.002003368945570606
1.143,-0.0017863124080782925,0.0019520598229077818
1.144,-0.0017881583228958637,0.0019014941969288908
1.145,-0.0017891503840705802,0.001851675879191691
1.146,-0.0017893186699615624,0.0018026078962358732
1.147,-0.0017886926653675511,0.0017542925259691237
1.148,-0.0017873012578968294,0.0017067313330373412
1.149,-0.0017851727354957236,0.0016599252031753808
1.15,-0.001782334785058499,0.001613874376537871
1.151,-0.0017788144920447616,0.0015685784800125505
1.152,-0.00177463834103374,0.0015240365585211912
1.153,-0.0017698322171480188,0.0014802471053155272
1.154,-0.0017644214082824568,0.0014372080912777223
1.155,-0.0017584306080770898,0.0013949169932367998
1.156,-0.001751883919575832,0.001353370821314129
1.157,-0.0017448048595157192,0.0013125661453125327
1.158,-0.0017372163631942737,0.0012724991201648822
1.159,-0.001729140789865338,0.0012331655104591546
1.16,-0.0017205999286163836,0.001194560714057897
1.161,-0.0017116150046828887,0.001156679784830855
1.162,-0.0017022066861578518,0.0011195174545202068
1.163,-0.001692395091056913,0.0010830681537584016
1.164,-0.001682199794701843,0.0010473260322590426
1.165,-0.0016716398373873747,0.0010122849782016044
1.166,-0.0016607337322984612,0.0009779386368310135
1.167,-0.001649499473647072,0.0009442804282932859
1.168,-0.0016379545449995729,0.0009113035647284965
1.169,-0.0016261159277675798,0.0008790010666423725
1.17,-0.0016140001098369455,0.0008473657785777436
1.171,-0.0016016230943112037,0.0008163903841069838
1.172,-0.001589000408347408,0.0007860674201664125
1.173,-0.0015761471120638026,0.0007563892907534239
1.174,-0.0015630778075002199,0.0007273482800068679
1.175,-0.0015498066476134502,0.0006989365646909246
1.176,-0.0015363473452911403,0.0006711462261024073
1.177,-0.0015227131823689875,0.0006439692614210897
1.178,-0.0015089170186371689,0.0006173975945222934
1.179,-0.0014949713008230313,0.0005914230862705918
1.18,-0.0014808880715381104,0.000566037544313093
1.181,-0.001466678978178515,0.0005412327323903505
1.182,-0.0014523552817686369,0.0005170003791825344
1.183,-0.001437927865739013,0.0004933321867080653
1.184,-0.0014234072446299751,0.00047021983829147667
1.185,-0.001408803572713498,0.00044765500611683554
1.186,-0.0013941266525263627,0.00042562935838260735
1.187,-0.001379385943308435,0.0004041345660734074
1.188,-0.0013645905693404918,0.00038316230936364195
1.189,-0.0013497493281766104,0.0003627042836675994
1.19,-0.001334870698766701,0.00034275220535011483
1.191,-0.00131996284946527,0.00032329781711149994
1.192,-0.0013050336459229947,0.0003043328930599986
1.193,-0.001290090658858128,0.00028584924348460815
1.194,-0.0012751411717051879,0.00026783871934068945
1.195,-0.0012601921881387603,0.0002502932164603775
1.196,-0.0012452504394706194,0.00023320467949940543
1.197,-0.0012303223919187037,0.00021656510563155672
1.198,-0.0012154142537467941,0.00020036654800157822
1.199,-0.0012005319822740391,0.0001846011189470061
1.2,-0.0011856812907537317,0.00016926099299898972
1.201,-0.0011708676551209964,0.00015433840967183783
1.202,-0.0011560963206092706,0.00013982567605066195
1.203,-0.0011413723082356738,0.00012571516918614804
1.204,-0.001126700421155556,0.00011199933830515784
1.205,-0.0011120852508866858,9.86707068455359e-5
1.206,-0.001097531183403714,8.572187432318586e-5
1.207,-0.0010830424051036795,7.314551803917406e-5
1.208,-0.0010686229086434786,6.093439463432315e-5
1.209,-0.0010542764986503255,4.908134149847185e-5
1.21,-0.0010400067973063516,3.757927804129937e-5
1.211,-0.0010258172498085925,2.6421206831343746e-5
1.212,-0.0010117111297056963,1.560021460958374e-5
1.213,-0.0009976915441127718,5.109473183701675e-6
1.214,-0.000983761438805869,-5.0577597910983325e-6
1.215,-0.0009699236031976441,-1.490814013907773e-5
1.216,-0.0009561806751958213,-2.444823659334442e-5
1.217,-0.0009425351459461107,-3.368453032243455e-5
1.218,-0.000928989364461287,-4.2623414549114195e-5
1.219,-0.0009155455421381691,-5.127119425662405e-5
1.22,-0.0009022057571642708,-5.963408597778745e-5
1.221,-0.0008889719588159201,-6.77182176625915e-5
1.222,-0.0008758459716496664,-7.552962862003451e-5
1.223,-0.000862829499588809,-8.307426953020895e-5
1.224,-0.0008499241299068936,-9.0358002522759e-5
1.225,-0.0008371313371100339,-9.738660131801547e-5
1.226,-0.000824452486719917,-0.00010416575142726803
1.227,-0.0008118888389593556,-0.00011070105040878618
1.228,-0.0007994415523422473,-0.00011699800817634656
1.229,-0.000787111687169799,-0.00012306204735716374
1.23,-0.0007749002089348654,-0.00012889850369625702
1.231,-0.000762807991636244,-0.00013451262650441507
1.232,-0.0007508358210047568,-0.00013990957914704515
1.233,-0.0007389843976429371,-0.0001450944395713131
1.234,-0.0007272543400801237,-0.00015007220086909578
1.235,-0.0007156461877447522,-0.0001548477718733776
1.236,-0.0007041604038556104,-0.00015942597778582988
1.237,-0.0006927973782338107,-0.00016381156083341276
1.238,-0.0006815574300372105,-0.0001680091809519382
1.239,-0.0006704408104189916,-0.00017202341649462618
1.24,-0.0006594477051120858,-0.00017585876496377663
1.241,-0.0006485782369411157,-0.0001795196437637658
1.242,-0.000637832468263491,-0.00018301039097365988
1.243,-0.0006272104033412813,-0.0001863352661378177
1.244,-0.0006167119906454607,-0.00018949845107293055
1.245,-0.0006063371250940932,-0.0001925040506900218
1.246,-0.0005960856502260062,-0.00019535609382999807
1.247,-0.0005859573603114705,-0.00019805853411141182
1.248,-0.000575952002401382,-0.0002006152507891603
1.249,-0.0005660692783164145,-0.00020303004962290682
1.25,-0.0005563088465775855,-0.00020530666375407112
1.251,-0.0005466703242796532,-0.0002074487545902911
1.252,-0.0005371532889087348,-0.00020945991269631455
1.253,-0.0005277572801055131,-0.00021134365869032989
1.254,-0.0005184818013753697,-0.0002131034441447972
1.255,-0.0005093263217467583,-0.00021474265249088692
1.256,-0.0005002902773791086,-0.000216264599925681
1.257,-0.0004913730731215213,-0.00021767253632133465
1.258,-0.0004825740840234926,-0.00021896964613543933
1.259,-0.00047389265679888146,-0.00022015904932186795
1.26,-0.00046532811124430667,-0.00022124380224142169
1.261,-0.00045687974161313683,-0.00022222689857163562
1.262,-0.00044854681794621247,-0.0002231112702151348
1.263,-0.00044032858736041495,-0.00022389978820596705
1.264,-0.0004322242752961733,-0.00022459526361337084
1.265,-0.00042423308672497636,-0.00022520044844246814
1.266,-0.00041635420731793465,-0.00022571803653140103
1.267,-0.00040858680457641407,-0.00022615066444445995
1.268,-0.0004009300289257402,-0.00022650091236077837
1.269,-0.00039338301477294976,-0.00022677130495819467
1.27,-0.00038594488152954526,-0.00022696431229190684
1.271,-0.0003786147346001857,-0.00022708235066756915
1.272,-0.0003713916663382263,-0.0002271277835085031
1.273,-0.00036427475696899876,-0.00022710292221671588
1.274,-0.00035726307548170305,-0.0002270100270274413
1.275,-0.000350355680490763,-0.00022685130785693653
1.276,-0.00034355162106747554,-0.00022662892514328832
1.277,-0.0003368499375427672,-0.0002263449906799993
1.278,-0.0003302496622818501,-0.00022600156844214278
1.279,-0.00032374982043155203,-0.00022560067540489042
1.28,-0.00031734943064107686,-0.0002251442823542333
1.281,-0.00031104750575693314,-0.0002246343146897313
1.282,-0.0003048430534927515,-0.0002240726532191405
1.283,-0.00029873507707469456,-0.00022346113494478125
1.284,-0.0002927225758631445,-0.00022280155384152335
1.285,-0.00028680454595133914,-0.0002220956616262759
1.286,-0.00028097998074160966,-0.0002213451685188825
1.287,-0.0002752478714998567,-0.0002205517439943325
1.288,-0.00026960720788888785,-0.00021971701752621016
1.289,-0.0002640569784812224,-0.00021884257932131397
1.29,-0.0002585961712519554,-0.00021792998104538708
1.291,-0.0002532237740522578,-0.00021698073653991006
1.292,-0.0002479387750640754,-0.0002159963225299152
1.293,-0.0002427401632365753,-0.00021497817932278953
1.294,-0.00023762692870487521,-0.000213927711498043
1.295,-0.00023259806319157595,-0.0002128462885880238
1.296,-0.0002276525603916069,-0.00021173524574957117
1.297,-0.00022278941634087902,-0.0002105958844266025
1.298,-0.00021800762976922864,-0.00020942947300363747
1.299,-0.00021330620243812295,-0.00020823724745026826
1.3,-0.00020868413946358537,-0.0002070204119565908
1.301,-0.00020414044962478812,-0.00020578013955961652
1.302,-0.0001996741456587473,-0.00020451757276069034
1.303,-0.0001952842445415447,-0.00020323382413394448
1.304,-0.00019096976775648958,-0.00020192997692582243
1.305,-0.0001867297415496231,-0.000200607085645712
1.306,-0.00018256319717295733,-0.0001992661766477301
1.307,-0.00017846917111583084,-0.0001979082487037055
1.308,-0.0001744467053247526,-0.0001965342735674097
1.309,-0.00017049484741209634,-0.00019514519653008954
1.31,-0.00016661265085399818,-0.0001937419369673573
1.311,-0.00016279917517780034,-0.00019232538887749845
1.312,-0.00015905348613937565,-0.00019089642141125845
1.313,-0.00015537465589065758,-0.00018945587939317383
1.314,-0.00015176176313769297,-0.000188004583834514
1.315,-0.0001482138932895252,-0.00018654333243790344
1.316,-0.000144730138598208,-0.00018507290009369532
1.317,-0.00014130959829024162,-0.00018359403936816967
1.318,-0.00013795137868971515,-0.00018210748098363103
1.319,-0.00013465459333343168,-0.00018061393429048212
1.32,-0.00013141836307828468,-0.00017911408773135155
1.321,-0.00012824181620114727,-0.00017760860929735454
1.322,-0.00012512408849152862,-0.0001760981469765676
1.323,-0.00012206432333724484,-0.00017458332919479883
1.324,-0.0001190616718033449,-0.000173064765248736
1.325,-0.00011611529270452552,-0.0001715430457315565
1.326,-0.00011322435267126231,-0.00017001874295108325
1.327,-0.00011038802620987856,-0.00016849241134057164
1.328,-0.00010760549575676632,-0.00016696458786221328
1.329,-0.00010487595172696884,-0.0001654357924034423
1.33,-0.00010219859255732756,-0.00016390652816613172
1.331,-9.957262474439088e-5,-0.00016237728204876564
1.332,-9.699726287727642e-5,-0.0001608485250216757
1.333,-9.447172966567339e-5,-0.00015932071249542836
1.334,-9.199525596316587e-5,-0.00015779428468245144
1.335,-8.956708078605293e-5,-0.00015626966695198678
1.336,-8.718645132783661e-5,-0.00015474727017845752
1.337,-8.485262296954335e-5,-0.00015322749108333733
1.338,-8.256485928604033e-5,-0.00015171071257060904
1.339,-8.032243204850305e-5,-0.00015019730405590082
1.34,-7.812462122318594e-5,-0.00014868762178938614
1.341,-7.597071496664378e-5,-0.0001471820091725357
1.342,-7.38600096175467e-5,-0.0001456807970688073
1.343,-7.179180968522802e-5,-0.00014418430410836019
1.344,-6.97654278350997e-5,-0.0001426928369868805
1.345,-6.778018487106592e-5,-0.00014120669075860285
1.346,-6.583540971506223e-5,-0.00013972614912361364
1.347,-6.393043938384298e-5,-0.00013825148470952077
1.348,-6.206461896313668e-5,-0.00013678295934757412
1.349,-6.023730157928492e-5,-0.00013532082434332052
1.35,-5.844784836847748e-5,-0.00013386532074187633
1.351,-5.669562844369217e-5,-0.00013241667958790055
1.352,-5.4980018859445105e-5,-0.00013097512218034993
1.353,-5.330040457445382e-5,-0.0001295408603220981
1.354,-5.165617841231219e-5,-0.00012811409656449924
1.355,-5.0046741020273315e-5,-0.00012669502444697596
1.356,-4.8471500826233496e-5,-0.00012528382873171155
1.357,-4.6929873994007345e-5,-0.0001238806856335248
1.358,-4.5421284376981386e-5,-0.00012248576304500536
1.359,-4.394516347023073e-5,-0.00012109922075698717
1.36,-4.250095036118066e-5,-0.00011972121067443635
1.361,-4.1088091678892265e-5,-0.0001183518770278292
1.362,-3.970604154204898e-5,-0.00011699135658009539
1.363,-3.835426150571807e-5,-0.00011563977882920071
1.364,-3.703222050695896e-5,-0.0001142972662064425
1.365,-3.573939480934766e-5,-0.00011296393427053066
1.366,-3.4475267946484734e-5,-0.000111639891897526
1.367,-3.323933066455138e-5,-0.00011032524146670688
1.368,-3.203108086397663e-5,-0.00010902007904243455
1.369,-3.085002354027619e-5,-0.00010772449455208644
1.37,-2.969567072412155e-5,-0.00010643857196012602
1.371,-2.856754142069597e-5,-0.00010516238943837706
1.372,-2.7465161548391982e-5,-0.00010389601953256924
1.373,-2.6388063876903216e-5,-0.00010263952932522108
1.374,-2.5335787964761484e-5,-0.00010139298059492566
1.375,-2.4307880096368263e-5,-0.00010015642997210352
1.376,-2.3303893218568056e-5,-9.892992909128626e-5
1.377,-2.232338687680934e-5,-9.771352473999389e-5
1.378,-2.1365927150937224e-5,-9.650725900426758e-5
1.379,-2.0431086590660337e-5,-9.53111694109193e-5
1.38,-1.9518444150732918e-5,-9.412528906655837e-5
1.381,-1.8627585125891586e-5,-9.294964679345456e-5
1.382,-1.7758101085584776e-5,-9.178426726229652e-5
1.383,-1.6909589808531483e-5,-9.062917112190314e-5
1.384,-1.6081655217144457e-5,-8.948437512594505e-5
1.385,-1.527390731185182e-5,-8.834989225673257e-5
1.386,-1.448596210534957e-5,-8.722573184612536e-5
1.387,-1.3717441556816392e-5,-8.611189969361852e-5
1.388,-1.2967973506120798e-5,-8.500839818165884e-5
1.389,-1.2237191608049517e-5,-8.391522638824451e-5
1.39,-1.1524735266584884e-5,-8.283238019686012e-5
1.391,-1.0830249569257844e-5,-8.175985240379886e-5
1.392,-1.0153385221602104e-5,-8.06976328229223e-5
1.393,-9.49379848173391e-6,-7.964570838790774e-5
1.394,-8.85115109508092e-6,-7.860406325203236e-5
1.395,-8.22511022928261e-6,-7.757267888554257e-5
1.396,-7.615348409283711e-6,-7.655153417065597e-5
1.397,-7.0215434526412566e-6,-7.55406054942432e-5
1.398,-6.443378405064873e-6,-7.453986683823547e-5
1.399,-5.880541476209088e-6,-7.354928986780338e-5
1.4,-5.3327259757355885e-6,-7.256884401735179e-5
1.401,-4.799630249662506e-6,-7.159849657437442e-5
1.402,-4.28095761701703e-6,-7.063821276121183e-5
1.403,-3.776416306806871e-6,-6.968795581475503e-5
1.404,-3.2857193953253147e-6,-6.874768706413673e-5
1.405,-2.8085847438039252e-6,-6.781736600645133e-5
1.406,-2.3447349364262057e-6,-6.689695038054426e-5
1.407,-1.8938972187148766e-6,-6.598639623891024e-5
1.408,-1.4558034363047363e-6,-6.508565801773992e-5
1.409,-1.0301899741124592e-6,-6.419468860515304e-5
1.41,-6.167976959140426e-7,-6.331343940765621e-5
1.411,-2.1537188434002317e-7,-6.24418604148624e-5
1.412,1.7433781870199622e-7,-6.157990026250854e-5
1.413,5.525774711685359e-7,-6.072750629380744e-5
1.414,9.19588889576712e-7,-5.988462461916902e-5
1.415,1.2756097072480859e-6,-5.9051200174325725e-5
1.416,1.6208734320924922e-6,-5.822717677689607e-5
1.417,1.9556095039249403e-6,-5.741249718141989e-5
1.418,2.280043351309155e-6,-5.6607103132898084e-5
1.419,2.5943964479217866e-6,-5.5810935418869136e-5
1.42,2.8988863684317602e-6,-5.5023933920054245e-5
1.421,3.193726843889661e-6,-5.424603765960208e-5
1.422,3.479127816622469e-6,-5.347718485096378e-5
1.423,3.755295494629358e-6,-5.2717312944428296e-5
1.424,4.0224324054746454e-6,-5.1966358672347414e-5
1.425,4.2807374496743705e-6,-5.122425809307961e-5
1.426,4.530405953573317e-6,-5.049094663368095e-5
1.427,4.7716297217096644e-6,-4.9766359131370995e-5
1.428,5.004597088664755e-6,-4.9050429873801214e-5
1.429,5.229492970395814e-6,-4.834309263815253e-5
1.43,5.4464989150497546e-6,-4.7644280729088535e-5
1.431,5.655793153256493e-6,-4.6953927015590236e-5
1.432,5.857550647900501e-6,-4.6271963966697594e-5
1.433,6.05194314336958e-6,-4.5598323686182925e-5
1.434,6.239139214280121e-6,-4.493293794618044e-5
1.435,6.419304313678366e-6,-4.4275738219796e-5
1.436,6.592600820717427e-6,-4.362665571272051e-5
1.437,6.759188087810051e-6,-4.2985621393870085e-5
1.438,6.919222487257367e-6,-4.235256602507553e-5
1.439,7.072857457354041e-6,-4.1727420189843364e-5
1.44,7.2202435479704825e-6,-4.111011432121006e-5
1.441,7.361528465612965e-6,-4.0500578728710904e-5
1.442,7.49685711796268e-6,-3.9898743624484286e-5
1.443,7.626371657894958e-6,-3.9304539148532014e-5
1.444,7.750211526980045e-6,-3.871789539315563e-5
1.445,7.868513498467007e-6,-3.813874242658848e-5
1.446,7.981411719752492e-6,-3.7567010315842854e-5
1.447,8.089037754336204e-6,-3.7002629148790996e-5
1.448,8.191520623265155e-6,-3.6445529055498725e-5
1.449,8.288986846068832e-6,-3.589564022882954e-5
1.45,8.38156048118759e-6,-3.5352892944337324e-5
1.451,8.4693631658967e-6,-3.48172175794648e-5
1.452,8.552514155728596e-6,-3.4288544632065014e-5
1.453,8.631130363395998e-6,-3.376680473826247e-5
1.454,8.705326397218661e-6,-3.325192868967037e-5
1.455,8.77521459905667e-6,-3.274384744997996e-5
1.456,8.840905081753207e-6,-3.2242492170937774e-5
1.457,8.902505766089905e-6,-3.174779420772607e-5
1.458,8.960122417257924e-6,-3.125968513376164e-5
1.459,9.01385868084801e-6,-3.077809675492776e-5
1.46,9.063816118362837e-6,-3.0302961123253612e-5
1.461,9.110094242255046e-6,-2.983421055005545e-5
1.462,9.152790550494459e-6,-2.9371777618553365e-5
1.463,9.192000560667967e-6,-2.8915595195977133e-5
1.464,9.227817843615716e-6,-2.84655964451745e-5
1.465,9.260334056607246e-6,-2.8021714835734837e-5
1.466,9.289638976061248e-6,-2.7583884154640943e-5
1.467,9.315820529812767e-6,-2.715203851646139e-5
1.468,9.338964828931577e-6,-2.6726112373095605e-5
1.469,9.35915619909563e-6,-2.630604052308363e-5
1.47,9.376477211523446e-6,-2.5891758120492148e-5
1.471,9.391008713469357e-6,-2.5483200683388276e-5
1.472,9.402829858285587e-6,-2.5080304101912197e-5
1.473,9.412018135055114e-6,-2.4683004645959582e-5
1.474,9.418649397799383e-6,-2.4291238972484472e-5
1.475,9.422797894264852e-6,-2.3904944132433062e-5
1.476,9.424536294292473e-6,-2.352405757731857e-5
1.477,9.423935717774165e-6,-2.3148517165447222e-5
1.478,9.421065762200391e-6,-2.2778261167805038e-5
1.479,9.415994529802931e-6,-2.2413228273615048e-5
1.48,9.408788654297003e-6,-2.2053357595574192e-5
1.481,9.399513327226821e-6,-2.169858867477907e-5
1.482,9.388232323918794e-6,-2.1348861485349436e-5
1.483,9.375008029046441e-6,-2.1004116438758152e-5
1.484,9.359901461811234e-6,-2.0664294387876104e-5
1.485,9.34297230074347e-6,-2.032933663074041e-5
1.486,9.324278908127368e-6,-1.9999184914054093e-5
1.487,9.303878354054513e-6,-1.9673781436425035e-5
1.488,9.281826440109786e-6,-1.9353068851352136e-5
1.489,9.258177722693958e-6,-1.9036990269966134e-5
1.49,9.232985535987043e-6,-1.8725489263532552e-5
1.491,9.20630201455655e-6,-1.841850986572397e-5
1.492,9.178178115614755e-6,-1.811599657466873e-5
1.493,9.148663640929102e-6,-1.7817894354782912e-5
1.494,9.117807258389793e-6,-1.752414863839238e-5
1.495,9.085656523238687e-6,-1.7234705327151422e-5
1.496,9.052257898963557e-6,-1.694951079326443e-5
1.497,9.017656777861724e-6,-1.6668511880516886e-5
1.498,8.981897501277154e-6,-1.6391655905121763e-5
1.499,8.945023379514973e-6,-1.611889065638733e-5
1.5,8.907076711437435e-6,-1.585016439721214e-5
1.501,8.868098803745286e-6,-1.5585425864412982e-5
1.502,8.828129989948507e-6,-1.5324624268891217e-5
1.503,8.787209649030328e-6,-1.5067709295643026e-5
1.504,8.74537622380845e-6,-1.48146311036188e-5
1.505,8.702667238997348e-6,-1.45653403254368e-5
1.506,8.65911931897551e-6,-1.4319788066956164e-5
1.507,8.614768205261454e-6,-1.4077925906714126e-5
1.508,8.569648773702323e-6,-1.3839705895232233e-5
1.509,8.523795051378853e-6,-1.3605080554196217e-5
1.51,8.477240233230446e-6,-1.3374002875514069e-5
1.511,8.430016698404118e-6,-1.3146426320256738e-5
1.512,8.382156026330968e-6,-1.2922304817485772e-5
1.513,8.333689012533886e-6,-1.2701592762972114e-5
1.514,8.284645684170124e-6,-1.2484245017810121e-5
1.515,8.235055315312337e-6,-1.2270216906930857e-5
1.516,8.184946441971691e-6,-1.2059464217518493e-5
1.517,8.134346876866596e-6,-1.1851943197333637e-5
1.518,8.083283723940574e-6,-1.1647610552947285e-5
1.519,8.031783392632748e-6,-1.1446423447888968e-5
1.52,7.979871611904458e-6,-1.1248339500712628e-5
1.521,7.927573444025386e-6,-1.1053316782983602e-5
1.522,7.874913298122599e-6,-1.0861313817190062e-5
1.523,7.821914943495924e-6,-1.067228957458211e-5
1.524,7.768601522702922e-6,-1.0486203472941716e-5
1.525,7.714995564416816e-6,-1.0303015374286508e-5
1.526,7.661118996060628e-6,-1.0122685582510439e-5
1.527,7.606993156220764e-6,-9.945174840964203e-6
1.528,7.552638806843257e-6,-9.770444329978223e-6
1.529,7.498076145215846e-6,-9.598455664330961e-6
1.53,7.443324815739028e-6,-9.429170890665196e-6
1.531,7.3884039214891975e-6,-9.262552484854893e-6
1.532,7.33333203557695e-6,-9.098563349325156e-6
1.533,7.278127212303588e-6,-8.937166810327727e-6
1.534,7.222806998118859e-6,-8.778326615174408e-6
1.535,7.167388442382875e-6,-8.622006929430733e-6
1.536,7.111888107935201e-6,-8.468172334072108e-6
1.537,7.056322081473976e-6,-8.316787822604642e-6
1.538,7.000705983748001e-6,-8.167818798152749e-6
1.539,6.9450549795646e-6,-8.021231070515615e-6
1.54,6.889383787616092e-6,-7.876990853194513e-6
1.541,6.833706690127656e-6,-7.7350647603929e-6
1.542,6.778037542329335e-6,-7.595419803991195e-6
1.543,6.722389781754898e-6,-7.458023390498061e-6
1.544,6.6667764373702544e-6,-7.322843317979954e-6
1.545,6.611210138534072e-6,-7.189847772970674e-6
1.546,6.555703123793213e-6,-7.059005327362573e-6
1.547,6.5002672495156e-6,-6.9302849352810485e-6
1.548,6.444913998363053e-6,-6.8036559299438745e-6
1.549,6.389654487606627e-6,-6.679088020506908e-6
1.55,6.334499477286968e-6,-6.5565512888976215e-6
1.551,6.279459378222121e-6,-6.436016186637907e-6
1.552,6.224544259865258e-6,-6.317453531657515e-6
1.553,6.169763858014701e-6,-6.200834505099474e-6
1.554,6.115127582378639e-6,-6.086130648118784e-6
1.555,6.060644523996863e-6,-5.9733138586756275e-6
1.556,6.006323462521839e-6,-5.8623563883243185e-6
1.557,5.9521728733614126e-6,-5.753230838999154e-6
1.558,5.898200934685372e-6,-5.645910159798299e-6
1.559,5.84441553429813e-6,-5.5403676437668045e-6
1.56,5.790824276379678e-6,-5.436576924679811e-6
1.561,5.737434488097014e-6,-5.334511973826959e-6
1.562,5.684253226088153e-6,-5.234147096798985e-6
1.563,5.6312872828208495e-6,-5.13545693027748e-6
1.564,5.5785431928280925e-6,-5.038416438828686e-6
1.565,5.526027238822434e-6,-4.943000911702256e-6
1.566,5.473745457691173e-6,-4.8491859596358105e-6
1.567,5.4217036463743835e-6,-4.756947511666115e-6
1.568,5.369907367627766e-6,-4.666261811947669e-6
1.569,5.318361955672248e-6,-4.577105416579482e-6
1.57,5.267072521732257e-6,-4.489455190440753e-6
1.571,5.216043959464551e-6,-4.403288304036172e-6
1.572,5.165280950279456e-6,-4.318582230351522e-6
1.573,5.11478796855636e-6,-4.23531474172022e-6
1.574,5.064569286755263e-6,-4.1534639067014494e-6
1.575,5.014628980426155e-6,-4.073008086970459e-6
1.576,4.964970933117992e-6,-3.993925934221623e-6
1.577,4.915598841189002e-6,-3.916196387084812e-6
1.578,4.86651621852001e-6,-3.839798668055595e-6
1.579,4.817726401132474e-6,-3.7647122804397967e-6
1.58,4.769232551712897e-6,-3.6909170053128866e-6
1.581,4.721037664045223e-6,-3.6183928984946594e-6
1.582,4.673144567352847e-6,-3.5471202875396607e-6
1.583,4.625555930551816e-6,-3.477079768743777e-6
1.584,4.578274266416778e-6,-3.408252204167392e-6
1.585,4.531301935661217e-6,-3.340618718675494e-6
1.586,4.4846411509334945e-6,-3.274160696995107e-6
1.587,4.4382939807301815e-6,-3.2088597807903797e-6
1.588,4.392262353228159e-6,-3.14469786575568e-6
1.589,4.346548060036923e-6,-3.081657098726994e-6
1.59,4.301152759872527e-6,-3.0197198748119357e-6
1.591,4.256077982154565e-6,-2.958868834538638e-6
1.592,4.211325130527568e-6,-2.899086861023805e-6
1.593,4.166895486308191e-6,-2.8403570771601582e-6
1.594,4.122790211859513e-6,-2.782662842823524e-6
1.595,4.0790103538937765e-6,-2.7259877520997803e-6
1.596,4.035556846704866e-6,-2.6703156305318615e-6
1.597,3.992430515331806e-6,-2.6156305323870286e-6
1.598,3.949632078654521e-6,-2.5619167379445718e-6
1.599,3.907162152423127e-6,-2.5091587508041207e-6
1.6,3.865021252221932e-6,-2.457341295214713e-6
1.601,3.823209796369382e-6,-2.406449313424768e-6
1.602,3.7817281087551193e-6,-2.3564679630530943e-6
1.603,3.740576421615303e-6,-2.3073826144810507e-6
1.604,3.6997548782473588e-6,-2.2591788482659745e-6
1.605,3.6592635356652616e-6,-2.2118424525759705e-6
1.606,3.619102367196476e-6,-2.16535942064615e-6
1.607,3.5792712650216286e-6,-2.119715948256404e-6
1.608,3.5397700426579916e-6,-2.0748984312307717e-6
1.609,3.500598437387837e-6,-2.030893462958469e-6
1.61,3.4617561126326833e-6,-1.9876878319366283e-6
1.611,3.4232426602744724e-6,-1.9452685193347843e-6
1.612,3.385057602924669e-6,-1.9036226965811525e-6
1.613,3.347200396142273e-6,-1.8627377229707104e-6
1.614,3.3096704306017156e-6,-1.8226011432951132e-6
1.615,3.272467034211597e-6,-1.7832006854944432e-6
1.616,3.2355894741851997e-6,-1.7445242583308018e-6
1.617,3.1990369590637055e-6,-1.7065599490837379e-6
1.618,3.1628086406930204e-6,-1.6692960212674997e-6
1.619,3.1269036161551054e-6,-1.6327209123700946e-6
1.62,3.0913209296546874e-6,-1.5968232316141326e-6
1.621,3.056059574362215e-6,-1.5615917577394194e-6
1.622,3.021118494213908e-6,-1.5270154368072678e-6
1.623,2.9864965856697366e-6,-1.4930833800264812e-6
1.624,2.952192699430147e-6,-1.4597848616009644e-6
1.625,2.9182056421123456e-6,-1.4271093165989063e-6
1.626,2.8845341778869306e-6,-1.395046338843479e-6
1.627,2.85117703007565e-6,-1.3635856788249884e-6
1.628,2.818132882711055e-6,-1.3327172416344094e-6
1.629,2.7854003820588e-6,-1.3024310849182338e-6
1.63,2.7529781381033294e-6,-1.2727174168545537e-6
1.631,2.7208647259976777e-6,-1.2435665941503003e-6
1.632,2.689058687478099e-6,-1.2149691200595532e-6
1.633,2.6575585322442272e-6,-1.1869156424228304e-6
1.634,2.626362739305459e-6,-1.15939695172727e-6
1.635,2.595469758294233e-6,-1.1324039791876024e-6
1.636,2.5648780107468754e-6,-1.1059277948478204e-6
1.637,2.5345858913526673e-6,-1.0799596057034384e-6
1.638,2.504591769171773e-6,-1.0544907538442401e-6
1.639,2.4748939888226664e-6,-1.029512714617404e-6
1.64,2.4454908716396676e-6,-1.0050170948108942e-6
1.641,2.416380716801211e-6,-9.809956308570053e-7
1.642,2.3875618024294334e-6,-9.574401870559447e-7
1.643,2.3590323866616756e-6,-9.343427538193298e-7
1.644,2.3307907086944746e-6,-9.116954459334828e-7
1.645,2.302834989800615e-6,-8.89490500842399e-7
1.646,2.2751634343197913e-6,-8.677202769502604e-7
1.647,2.247774230623436e-6,-8.463772519433708e-7
1.648,2.2206655520542467e-6,-8.254540211313809e-7
1.649,2.19383555784094e-6,-8.049432958076726e-7
1.65,2.1672823939887525e-6,-7.848379016287708e-7
1.651,2.141004194146193e-6,-7.651307770126467e-7
1.652,2.1149990804485545e-6,-7.458149715557791e-7
1.653,2.0892651643386653e-6,-7.268836444688352e-7
1.654,2.06380054736537e-6,-7.083300630308328e-7
1.655,2.038603321960207e-6,-6.901476010616446e-7
1.656,2.0136715721927535e-6,-6.723297374127046e-7
1.657,1.9890033745050808e-6,-6.548700544757737e-7
1.658,1.9645967984257855e-6,-6.377622367096235e-7
1.659,1.940449907264017e-6,-6.210000691844943e-7
1.66,1.9165607587839465e-6,-6.045774361441818e-7
1.661,1.8929274058600873e-6,-5.884883195856116e-7
1.662,1.8695478971138972e-6,-5.727267978557511e-7
1.663,1.8464202775320525e-6,-5.57287044265716e-7
1.664,1.8235425890668072e-6,-5.421633257219251e-7
1.665,1.800912871218822e-6,-5.27350001374154e-7
1.666,1.7785291616028503e-6,-5.128415212803421e-7
1.667,1.7563894964966582e-6,-4.986324250880065e-7
1.668,1.7344919113735482e-6,-4.847173407321115e-7
1.669,1.7128344414188517e-6,-4.7109098314924947e-7
1.67,1.6914151220307452e-6,-4.5774815300798117e-7
1.671,1.6702319893057402e-6,-4.4468373545519114e-7
1.672,1.6492830805091884e-6,-4.3189269887830665e-7
1.673,1.6285664345311443e-6,-4.193700936832331e-7
1.674,1.6080800923279052e-6,-4.071110510878583e-7
1.675,1.5878220973495636e-6,-3.951107819309764e-7
1.676,1.5677904959538804e-6,-3.8336457549648385e-7
1.677,1.5479833378067951e-6,-3.7186779835269993e-7
1.678,1.5283986762698767e-6,-3.6061589320666374e-7
1.679,1.5090345687750158e-6,-3.4960437777326093e-7
1.68,1.4898890771866486e-6,-3.388288436590326e-7
1.681,1.4709602681518055e-6,-3.2828495526052034e-7
1.682,1.4522462134382613e-6,-3.179684486770004e-7
1.683,1.4337449902610675e-6,-3.07875130637462e-7
1.684,1.4154546815977364e-6,-2.9800087744168406e-7
1.685,1.3973733764923433e-6,-2.883416339152647e-7
1.686,1.379499170348807e-6,-2.7889341237846075e-7
1.687,1.3618301652136049e-6,-2.696522916286917e-7
1.688,1.344364470048173e-6,-2.6061441593656584e-7
1.689,1.3271002009912363e-6,-2.517759940552857e-7
1.69,1.3100354816113105e-6,-2.4313329824329024e-7
1.691,1.2931684431496086e-6,-2.3468266329999335e-7
1.692,1.2764972247535886e-6,-2.264204856144766e-7
1.693,1.2600199737013631e-6,-2.183432222269973e-7
1.694,1.2437348456171962e-6,-2.104473899031718e-7
1.695,1.2276400046783044e-6,-2.027295642206957e-7
1.696,1.2117336238131742e-6,-1.95186378668463e-7
1.697,1.1960138848916058e-6,-1.8781452375794717e-7
1.698,1.1804789789066854e-6,-1.8061074614670738e-7
1.699,1.165127106148891e-6,-1.7357184777388516e-7
1.7,1.149956476372522e-6,-1.666946850075559e-7
1.701,1.1349653089546494e-6,-1.5997616780380187e-7
1.702,1.1201518330467738e-6,-1.5341325887737375e-7
1.703,1.1055142877193735e-6,-1.4700297288380793e-7
1.704,1.091050922099527e-6,-1.4074237561286906e-7
1.705,1.0767599955017836e-6,-1.3462858319318686e-7
1.706,1.0626397775524567e-6,-1.2865876130795793e-7
1.707,1.0486885483075091e-6,-1.2283012442158394e-7
1.708,1.0349045983641983e-6,-1.1713993501711843e-7
1.709,1.02128622896664e-6,-1.115855028443957e-7
1.71,1.0078317521054538e-6,-1.0616418417871547e-7
1.711,9.945394906116434e-7,-1.0087338108995919e-7
1.712,9.81407778244867e-7,-9.571054072201328e-8
1.713,9.684349597762447e-7,-9.067315458237701e-8
1.714,9.556193910658493e-7,-8.575875784183252e-8
1.715,9.42959439135026e-7,-8.096492864405634e-8
1.716,9.304534822336779e-7,-7.628928742505212e-8
1.717,9.180999099026572e-7,-7.172949624228559e-8
1.718,9.058971230313933e-7,-6.728325811340374e-8
1.719,8.93843533910892e-7,-6.294831636442095e-8
1.72,8.819375662822318e-7,-5.8722453987256284e-8
1.721,8.701776553806848e-7,-5.460349300650647e-8
1.722,8.585622479755833e-7,-5.058929385534082e-8
1.723,8.470898024060545e-7,-4.6677754760404834e-8
1.724,8.357587886127385e-7,-4.286681113562032e-8
1.725,8.245676881656063e-7,-3.91544349847712e-8
1.726,8.135149942879907e-7,-3.553863431276463e-8
1.727,8.025992118769382e-7,-3.201745254545861e-8
1.728,7.918188575199915e-7,-2.8588967957947906e-8
1.729,7.811724595085061e-7,-2.5251293111201152e-8
1.73,7.706585578476065e-7,-2.2002574296943303e-8
1.731,7.60275704262879e-7,-1.8840990990678188e-8
1.732,7.500224622039029e-7,-1.576475531274724e-8
1.733,7.398974068447143e-7,-1.277211149732131e-8
1.734,7.298991250812965e-7,-9.86133536922361e-9
1.735,7.200262155261906e-7,-7.030733828482651e-9
1.736,7.102772885003138e-7,-4.278644342515258e-9
1.737,7.006509660220748e-7,-1.6034344458405333e-9
1.738,6.911458817938711e-7,9.964987527732089e-10
1.739,6.817606811860535e-7,3.5227290558256205e-9
1.74,6.724940212184373e-7,5.976801655361657e-9
1.741,6.633445705394425e-7,8.360233604104153e-9
1.742,6.543110094029397e-7,1.0674514279535732e-8
1.743,6.453920296428787e-7,1.2921105841023175e-8
1.744,6.365863346457748e-7,1.5101443680076367e-8
1.745,6.278926393211238e-7,1.721693686383303e-8
1.746,6.193096700698192e-7,1.9268968571859427e-8
1.747,6.108361647506396e-7,2.1258896526356278e-8
1.748,6.024708726448743e-7,2.318805341585819e-8
1.749,5.942125544191535e-7,2.5057747312513948e-8
1.75,5.860599820865481e-7,2.6869262083034036e-8
1.751,5.78011938966001e-7,2.8623857793390823e-8
1.752,5.700672196401532e-7,3.032277110735597e-8
1.753,5.622246299116234e-7,3.19672156789586e-8
1.754,5.544829867577999e-7,3.355838253894685e-8
1.755,5.468411182842031e-7,3.5097440475334655e-8
1.756,5.392978636764737e-7,3.65855364081144e-8
1.757,5.318520731510398e-7,3.8023795758215476e-8
1.758,5.245026079045191e-7,3.941332281078772e-8
1.759,5.172483400619054e-7,4.0755201072887765e-8
1.76,5.100881526235902e-7,4.205049362564557e-8
1.761,5.030209394112704e-7,4.330024347098746e-8
1.762,4.960456050127883e-7,4.450547387299105e-8
1.763,4.891610647259518e-7,4.566718869394666e-8
1.764,4.823662445013802e-7,4.678637272519894e-8
1.765,4.7566008088441954e-7,4.786399201284145e-8
1.766,4.690415209561724e-7,4.8900994178336296e-8
1.767,4.6250952227368237e-7,4.98983087341298e-8
1.768,4.5606305280931624e-7,5.085684739433469e-8
1.769,4.4970109088938295e-7,5.1777504380548e-8
1.77,4.4342262513202864e-7,5.266115672287354e-8
1.771,4.3722665438444606e-7,5.350866455621662e-8
1.772,4.3111218765943526e-7,5.4320871411917974e-8
1.773,4.250782440713516e-7,5.509860450479312e-8
1.774,4.1912385277147656e-7,5.584267501564251e-8
1.775,4.1324805288284486e-7,5.6553878369297047e-8
1.776,4.0744989343456215e-7,5.7232994508262654e-8
1.777,4.017284332956449e-7,5.7880788162027046e-8
1.778,3.9608274110841405e-7,5.8498009112090826e-8
1.779,3.9051189522147393e-7,5.908539245278437e-8
1.78,3.85014983622305e-7,5.964365884793118e-8
1.781,3.7959110386950034e-7,6.017351478341772e-8
1.782,3.7423936302467424e-7,6.067565281572876e-8
1.783,3.6895887758406907e-7,6.115075181650685e-8
1.784,3.6374877340988857e-7,6.159947721319353e-8
1.785,3.5860818566138253e-7,6.202248122580917e-8
1.786,3.5353625872570867e-7,6.2420403099928e-8
1.787,3.48532146148595e-7,6.279386933590345e-8
1.788,3.4359501056482813e-7,6.314349391439899e-8
1.789,3.38724023628589e-7,6.346987851827838e-8
1.79,3.339183659436595e-7,6.377361275090901e-8
1.791,3.291772269935209e-7,6.40552743509307e-8
1.792,3.2449980507136587e-7,6.431542940354244e-8
1.793,3.19885307210044e-7,6.455463254835817e-8
1.794,3.1533294911196114e-7,6.477342718388254e-8
1.795,3.1084195507895125e-7,6.497234566865653e-8
1.796,3.0641155794213986e-7,6.515190951912254e-8
1.797,3.020409989918173e-7,6.531262960425745e-8
1.798,2.977295279073385e-7,6.545500633702218e-8
1.799,2.934764026870674e-7,6.557952986267474e-8
1.8,2.8928088957838126e-7,6.568668024399417e-8
1.801,2.851422630077518e-7,6.577692764346113e-8
1.802,2.810598055109181e-7,6.585073250244116e-8
1.803,2.770328076631657e-7,6.590854571741532e-8
1.804,2.7306056800972784e-7,6.595080881330297e-8
1.805,2.6914239299632037e-7,6.59779541139201e-8
1.806,2.652775968998265e-7,6.599040490961691e-8
1.807,2.614655017591423e-7,6.598857562213695e-8
1.808,2.5770543730619655e-7,6.597287196674008e-8
1.809,2.5399674089715713e-7,6.594369111163062e-8
1.81,2.503387574438349e-7,6.590142183473192e-8
1.811,2.467308393452972e-7,6.584644467784742e-8
1.812,2.431723464197016e-7,6.577913209824822e-8
1.813,2.3966264583636047e-7,6.569984861772651e-8
1.814,2.3620111204804574e-7,6.560895096915344e-8
1.815,2.327871267235452e-7,6.55067882405799e-8
1.816,2.2942007868047818e-7,6.53937020169177e-8
1.817,2.2609936381838045e-7,6.527002651923847e-8
1.818,2.228243850520668e-7,6.513608874172694e-8
1.819,2.195945522452797e-7,6.499220858632464e-8
1.82,2.1640928214463202e-7,6.483869899509999e-8
1.821,2.132679983138516e-7,6.467586608037954e-8
1.822,2.1017013106833463e-7,6.450400925267535e-8
1.823,2.071151174100158e-7,6.432342134644263e-8
1.824,2.0410240096256073e-7,6.413438874370126e-8
1.825,2.0113143190688856e-7,6.393719149555451e-8
1.826,1.9820166691702958e-7,6.373210344163785e-8
1.827,1.9531256909632474e-7,6.351939232752985e-8
1.828,1.9246360791397232e-7,6.329931992015736e-8
1.829,1.8965425914192715e-7,6.307214212122624e-8
1.83,1.868840047921574e-7,6.283810907870848e-8
1.831,1.8415233305426428e-7,6.259746529641655e-8
1.832,1.8145873823346863e-7,6.23504497416947e-8
1.833,1.7880272068896927e-7,6.209729595125711e-8
1.834,1.76183786772677e-7,6.18382321352021e-8
1.835,1.7360144876832853e-7,6.15734812792311e-8
1.836,1.710552248309836e-7,6.130326124510096e-8
1.837,1.6854463892690907e-7,6.102778486933734e-8
1.838,1.6606922077385344e-7,6.074726006023713e-8
1.839,1.6362850578171434e-7,6.04618898931867e-8
1.84,1.6122203499360263e-7,6.017187270432309e-8
1.841,1.5884935502730513e-7,5.987740218256443e-8
1.842,1.5651001801714887e-7,5.957866746003558e-8
1.843,1.5420358155626934e-7,5.927585320091469e-8
1.844,1.5192960863928445e-7,5.8969139688726015e-8
1.845,1.496876676053765e-7,5.865870291210376e-8
1.846,1.4747733208178416e-7,5.8344714649051614e-8
1.847,1.4529818092770548e-7,5.802734254972214e-8
1.848,1.4314979817861438e-7,5.770675021773973e-8
1.849,1.4103177299099105e-7,5.738309729009086e-8
1.85,1.3894369958746804e-7,5.705653951560446e-8
1.851,1.368851772023931e-7,5.67272288320455e-8
1.852,1.3485581002780928e-7,5.6395313441844e-8
1.853,1.328552071598535e-7,5.606093788648171e-8
1.854,1.3088298254557422e-7,5.572424311955835e-8
1.855,1.2893875493016833e-7,5.538536657855858e-8
1.856,1.2702214780463833e-7,5.5044442255341234e-8
1.857,1.2513278935386936e-7,5.4701600765371315e-8
1.858,1.2327031240512698e-7,5.4356969415715567e-8
1.859,1.2143435437697507e-7,5.401067227182157e-8
1.86,1.1962455722861443e-7,5.366283022310053e-8
1.861,1.1784056740964131e-7,5.33135610473332e-8
1.862,1.1608203581022636e-7,5.296297947391832e-8
1.863,1.1434861771171274e-7,5.261119724598265e-8
1.864,1.1263997273763369e-7,5.225832318137123e-8
1.865,1.1095576480514875e-7,5.190446323253651e-8
1.866,1.0929566207689784e-7,5.154972054534429e-8
1.867,1.076593369132727e-7,5.119419551681462e-8
1.868,1.0604646582510476e-7,5.0837985851815137e-8
1.869,1.0445672942676863e-7,5.048118661872427e-8
1.87,1.028898123897002e-7,5.012389030408139e-8
1.871,1.0134540339632826e-7,4.97661868662408e-8
1.872,9.982319509441858e-8,4.940816378804606e-8
1.873,9.832288405182934e-8,4.9049906128541103e-8
1.874,9.68441707116765e-8,4.869149657373408e-8
1.875,9.538675934790779e-8,4.833301548642993e-8
1.876,9.395035802128418e-8,4.797454095514706e-8
1.877,9.253467853576706e-8,4.7616148842133763e-8
1.878,9.113943639530983e-8,4.725791283049921e-8
1.879,8.976435076105224e-8,4.689990447047408e-8
1.88,8.840914440891602e-8,4.6542193224815415e-8
1.881,8.707354368759989e-8,4.618484651337015e-8
1.882,8.575727847697239e-8,4.582792975681149e-8
1.883,8.44600821468608e-8,4.5471506419562113e-8
1.884,8.318169151623422e-8,4.511563805191804e-8
1.885,8.192184681277898e-8,4.476038433138661e-8
1.886,8.068029163286456e-8,4.440580310325195e-8
1.887,7.945677290189797e-8,4.4051950420381135e-8
1.888,7.825104083506475e-8,4.3698880582283834e-8
1.889,7.706284889845432e-8,4.3346646173438245e-8
1.89,7.589195377056804e-8,4.299529810089587e-8
1.891,7.473811530420742e-8,4.264488563117735e-8
1.892,7.360109648874065e-8,4.229545642647161e-8
1.893,7.248066341274537e-8,4.1947056580150167e-8
1.894,7.137658522702518e-8,4.1599730651608406e-8
1.895,7.028863410799803e-8,4.125352170044539e-8
1.896,6.921658522145398e-8,4.0908471319993516e-8
1.897,6.816021668668025e-8,4.056461967020933e-8
1.898,6.71193095409513e-8,4.0222005509936465e-8
1.899,6.609364770438135e-8,3.988066622855154e-8
1.9,6.508301794513742e-8,3.9540637877003755e-8
1.901,6.408720984501029e-8,3.920195519825858e-8
1.902,6.310601576534098e-8,3.8864651657156075e-8
1.903,6.213923081330064e-8,3.8528759469693785e-8
1.904,6.118665280852107e-8,3.8194309631744383e-8
1.905,6.024808225007383e-8,3.786133194721788e-8
1.906,5.932332228379525e-8,3.7529855055678006e-8
1.907,5.841217866995509e-8,3.719990645942247e-8
1.908,5.751445975126615e-8,3.687151255003631e-8
1.909,5.662997642123271e-8,3.654469863442768e-8
1.91,5.575854209283499e-8,3.6219488960355134e-8
1.911,5.4899972667547406e-8,3.58959067414553e-8
1.912,5.405408650468796e-8,3.557397418177979e-8
1.913,5.3220704391096356e-8,3.525371249984998e-8
1.914,5.239964951113835e-8,3.493514195223816e-8
1.915,5.159074741703374e-8,3.461828185668349e-8
1.916,5.079382599950557e-8,3.430315061475083e-8
1.917,5.000871545874802e-8,3.3989765734040793e-8
1.918,4.923524827571037e-8,3.3678143849958746e-8
1.919,4.847325918369467e-8,3.336830074705082e-8
1.92,4.772258514026444e-8,3.306025137991443e-8
1.921,4.698306529946198e-8,3.275400989369108e-8
1.922,4.625454098433175e-8,3.244958964414878e-8
1.923,4.55368556597472e-8,3.2147003217361467e-8
1.924,4.482985490553867e-8,3.184626244899266e-8
1.925,4.413338638991972e-8,3.154737844319045e-8
1.926,4.3447299843209485e-8,3.125036159110072e-8
1.927,4.277144703184837e-8,3.0955221589005624e-8
1.928,4.210568173270476e-8,3.0661967456093916e-8
1.929,4.1449859707670115e-8,3.037060755186988e-8
1.93,4.0803838678539936e-8,3.008114959320735e-8
1.931,4.016747830217823e-8,2.9793600671055232e-8
1.932,3.95406401459628e-8,2.9507967266800874e-8
1.933,3.892318766350905e-8,2.92242552682975e-8
1.934,3.831498617066961e-8,2.894246998556178e-8
1.935,3.77159028218076e-8,2.866261616614756e-8
1.936,3.7125806586340706e-8,2.8384698010201673e-8
1.937,3.6544568225553944e-8,2.8108719185207635e-8
1.938,3.597206026967843e-8,2.7834682840422903e-8
1.939,3.54081569952338e-8,2.7562591621015353e-8
1.94,3.485273440263186e-8,2.7292447681904484e-8
1.941,3.430567019403898e-8,2.7024252701312763e-8
1.942,3.376684375149486e-8,2.675800789403244e-8
1.943,3.323613611528526e-8,2.6493714024413134e-8
1.944,3.271342996256625e-8,2.623137141907528e-8
1.945,3.219860958623768e-8,2.5970979979354533e-8
1.946,3.1691560874063385e-8,2.5712539193482136e-8
1.947,3.119217128803584e-8,2.5456048148506136e-8
1.948,3.07003298439829e-8,2.5201505541958223e-8
1.949,3.0215927091414215e-8,2.494890969327102e-8
1.95,2.973885509360511e-8,2.4698258554950404e-8
1.951,2.92690074079155e-8,2.444954972350742e-8
1.952,2.8806279066341572e-8,2.420278045015439e-8
1.953,2.835056655629796e-8,2.3957947651269523e-8
1.954,2.790176780162811e-8,2.3715047918634402e-8
1.955,2.7459782143840557e-8,2.347407752944869e-8
1.956,2.7024510323568884e-8,2.323503245612615e-8
1.957,2.659585446225311e-8,2.2997908375876147e-8
1.958,2.617371804404024e-8,2.2762700680074733e-8
1.959,2.5758005897901838e-8,2.252940448342922e-8
1.96,2.5348624179966354e-8,2.229801463294019e-8
1.961,2.4945480356064024e-8,2.206852571666482e-8
1.962,2.4548483184482212e-8,2.184093207228527e-8
1.963,2.4157542698928985e-8,2.161522779548585e-8
1.964,2.3772570191702795e-8,2.1391406748142615e-8
1.965,2.3393478197066136e-8,2.1169462566329025e-8
1.966,2.3020180474821052e-8,2.0949388668141133e-8
1.967,2.2652591994084388e-8,2.0731178261345798e-8
1.968,2.229062891726072e-8,2.051482435085531e-8
1.969,2.1934208584210846e-8,2.0300319746031824e-8
1.97,2.1583249496613824e-8,2.00876570678248e-8
1.971,2.1237671302520476e-8,1.9876828755744773e-8
1.972,2.0897394781096354e-8,1.966782707467655e-8
1.973,2.0562341827552124e-8,1.9460644121534997e-8
1.974,2.02324354382594e-8,1.9255271831766465e-8
1.975,1.990759969605003e-8,1.9051701985698863e-8
1.976,1.958775975569682e-8,1.8849926214743326e-8
1.977,1.9272841829573847e-8,1.8649936007450394e-8
1.978,1.896277317349429e-8,1.8451722715423555e-8
1.979,1.8657482072723954e-8,1.8255277559092934e-8
1.98,1.835689782816853e-8,1.8060591633351903e-8
1.981,1.8060950742732717e-8,1.7867655913059305e-8
1.982,1.7769572107849296e-8,1.767646125840995e-8
1.983,1.748269419017631e-8,1.7486998420175983e-8
1.984,1.7200250218460553e-8,1.72992580448217e-8
1.985,1.6922174370565394e-8,1.71132306794943e-8
1.986,1.6648401760661292e-8,1.6928906776893116e-8
1.987,1.637886842657706e-8,1.6746276700019618e-8
1.988,1.6113511317310153e-8,1.6565330726810738e-8
1.989,1.5852268280694206e-8,1.6386059054657707e-8
1.99,1.5595078051222035e-8,1.6208451804812815e-8
1.991,1.5341880238022387e-8,1.6032499026686267e-8
1.992,1.5092615312988694e-8,1.5858190702035425e-8
1.993,1.484722459905813e-8,1.5685516749048537e-8
1.994,1.4605650258639247e-8,1.5514467026325178e-8
1.995,1.4367835282186549e-8,1.5345031336755404e-8
1.996,1.4133723476920292e-8,1.517719943129977e-8
1.997,1.3903259455689892e-8,1.5010961012672174e-8
1.998,1.3676388625979286e-8,1.4846305738927529e-8
1.999,1.3453057179052604e-8,1.4683223226956241e-8
2.0,1.3233212079238602e-8,1.4521703055887367e-8
2.001,1.3016801053352184e-8,1.4361734770402352e-8
2.002,1.28037725802515e-8,1.42033078839612e-8
2.003,1.2594075880529017e-8,1.4046411881942868e-8
2.004,1.2387660906335031e-8,1.3891036224701693e-8
2.005,1.2184478331332072e-8,1.3737170350541547e-8
2.006,1.198447954077869e-8,1.35848036786095e-8
2.007,1.1787616621741119e-8,1.3433925611710622e-8
2.008,1.1593842353431302e-8,1.328452553904558e-8
2.009,1.1403110197669847e-8,1.3136592838872697e-8
2.01,1.1215374289472386e-8,1.299011688109599e-8
2.011,1.1030589427757947e-8,1.2845087029780813e-8
2.012,1.0848711066177869e-8,1.270149264559861e-8
2.013,1.0669695304063848e-8,1.2559323088202268e-8
2.014,1.0493498877493703e-8,1.241856771853358e-8
2.015,1.0320079150473474e-8,1.2279215901064239e-8
2.016,1.0149394106234472e-8,1.2141257005971788e-8
2.017,9.981402338643906e-9,1.2004680411251936e-8
2.018,9.816063043727735e-9,1.1869475504768595e-8
2.019,9.65333601130443e-9,1.1735631686242979e-8
2.02,9.493181616728273e-9,1.160313836918309e-8
2.021,9.33556081274093e-9,1.1471984982754883e-8
2.022,9.180435121429971e-9,1.1342160973596382e-8
2.023,9.027766626293054e-9,1.1213655807575973e-8
2.024,8.877517964406501e-9,1.1086458971496122e-8
2.025,8.729652318697026e-9,1.0960559974743691e-8
2.026,8.584133410315325e-9,1.0835948350888046e-8
2.027,8.440925491110342e-9,1.0712613659228096e-8
2.028,8.299993336202963e-9,1.0590545486289411e-8
2.029,8.161302236657928e-9,1.0469733447272495e-8
2.03,8.024817992252781e-9,1.0350167187453351e-8
2.031,7.890506904342658e-9,1.0231836383537353e-8
2.032,7.758335768819761e-9,1.0114730744967514e-8
2.033,7.628271869166343e-9,9.998840015188154e-9
2.034,7.50028296960006e-9,9.884153972864974e-9
2.035,7.3743373083105715e-9,9.77066243306254e-9
2.036,7.250403590786243e-9,9.658355248380128e-9
2.037,7.128450983229867e-9,9.547222310046885e-9
2.038,7.008449106062283e-9,9.43725354897725e-9
2.039,6.890368027512823e-9,9.328438936787518e-9
2.04,6.7741782572955e-9,9.220768486774483e-9
2.041,6.659850740369889e-9,9.114232254857e-9
2.042,6.547356850785631e-9,9.008820340481344e-9
2.043,6.436668385609541e-9,8.904522887491227e-9
2.044,6.32775755893427e-9,8.801330084963251e-9
2.045,6.2205969959675306e-9,8.699232168008671e-9
2.046,6.115159727200843e-9,8.598219418542209e-9
2.047,6.011419182656851e-9,8.498282166018737e-9
2.048,5.909349186214187e-9,8.39941078813856e-9
2.049,5.808923950008929e-9,8.301595711522092e-9
2.05,5.7101180689116954e-9,8.204827412354595e-9
2.051,5.612906515079403e-9,8.109096417001774e-9
2.052,5.517264632580772e-9,8.01439330259688e-9
2.053,5.423168132094635e-9,7.920708697600026e-9
2.054,5.330593085680125e-9,7.828033282330408e-9
2.055,5.239515921617849e-9,7.736357789472076e-9
2.056,5.149913419321137e-9,7.645673004553915e-9
2.057,5.061762704316476e-9,7.555969766404472e-9
2.058,4.9750412432922566e-9,7.467238967582251e-9
2.059,4.88972683921496e-9,7.379471554782098e-9
2.06,4.805797626511928e-9,7.292658529218253e-9
2.061,4.7232320663198606e-9,7.206790946984684e-9
2.062,4.642008941798215e-9,7.121859919393258e-9
2.063,4.56210735350666e-9,7.0378566132903255e-9
2.064,4.483506714845779e-9,6.95477225135226e-9
2.065,4.406186747560201e-9,6.872598112360501e-9
2.066,4.330127477303363e-9,6.79132553145663e-9
2.067,4.255309229263119e-9,6.7109459003779916e-9
2.068,4.181712623847389e-9,6.631450667674379e-9
2.069,4.109318572429107e-9,6.5528313389062705e-9
2.07,4.038108273149672e-9,6.4750794768251105e-9
2.071,3.968063206780169e-9,6.398186701536112e-9
2.072,3.899165132639602e-9,6.32214469064405e-9
2.073,3.831396084569398e-9,6.246945179382492e-9
2.074,3.764738366963468e-9,6.172579960726936e-9
2.075,3.6991745508530767e-9,6.0990408854922665e-9
2.076,3.6346874700458453e-9,6.026319862414981e-9
2.077,3.571260217318146e-9,5.9544088582206015e-9
2.078,3.5088761406602193e-9,5.88329989767667e-9
2.079,3.4475188395733116e-9,5.8129850636317536e-9
2.08,3.387172161418164e-9,5.74345649704083e-9
2.081,3.3278201978141726e-9,5.674706396977455e-9
2.082,3.2694472810885627e-9,5.606727020633089e-9
2.083,3.2120379807749186e-9,5.53951068330394e-9
2.084,3.155577100160426e-9,5.4730497583657e-9
2.085,3.1000496728811808e-9,5.407336677236516e-9
2.086,3.045440959564938e-9,5.342363929328553e-9
2.087,2.991736444520676e-9,5.27812406198848e-9
2.088,2.938921832474354e-9,5.2146096804272105e-9
2.089,2.8869830453502627e-9,5.1518134476392295e-9
2.09,2.8359062190973566e-9,5.089728084311813e-9
2.091,2.785677700559982e-9,5.028346368724465e-9
2.092,2.7362840443924058e-9,4.967661136638853e-9
2.093,2.68771201001657e-9,4.907665281179567e-9
2.094,2.6399485586225e-9,4.8483517527059694e-9
2.095,2.5929808502107914e-9,4.789713558675428e-9
2.096,2.546796240676632e-9,4.731743763498214e-9
2.097,2.5013822789347875e-9,4.674435488384326e-9
2.098,2.456726704085025e-9,4.617781911182521e-9
2.099,2.412817442617417e-9,4.561776266211785e-9
2.1,2.369642605657012e-9,4.506411844085537e-9
2.101,2.3271904862473264e-9,4.451681991528766e-9
2.102,2.285449556672161e-9,4.3975801111883904e-9
2.103,2.2444084658152065e-9,4.344099661437037e-9
2.104,2.2040560365569518e-9,4.291234156170499e-9
2.105,2.1643812632083786e-9,4.238977164599085e-9
2.106,2.1253733089809624e-9,4.187322311033078e-9
2.107,2.087021503492483e-9,4.136263274662535e-9
2.108,2.0493153403081658e-9,4.085793789331619e-9
2.109,2.01224447451668e-9,4.0359076433076846e-9
2.11,1.975798720340522e-9,3.986598679045309e-9
2.111,1.9399680487803206e-9,3.937860792945466e-9
2.112,1.9047425852926085e-9,3.889687935110046e-9
2.113,1.870112607500605e-9,3.8420741090918864e-9
2.114,1.8360685429375623e-9,3.795013371640522e-9
2.115,1.8026009668222444e-9,3.748499832443808e-9
2.116,1.7697005998660865e-9,3.702527653865619e-9
2.117,1.7373583061116225e-9,3.6570910506797602e-9
2.118,1.7055650908017444e-9,3.6121842898002877e-9
2.119,1.6743120982793806e-9,3.567801690008379e-9
2.12,1.6435906099171776e-9,3.523937621675924e-9
2.121,1.6133920420767775e-9,3.480586506485986e-9
2.122,1.5837079440972862e-9,3.4377428171502783e-9
2.123,1.5545299963125376e-9,3.395401077123817e-9
2.124,1.5258500080967599e-9,3.3535558603168754e-9
2.125,1.497659915938252e-9,3.3122017908043977e-9
2.126,1.4699517815406956e-9,3.2713335425329926e-9
2.127,1.442717789951715e-9,3.230945839025649e-9
2.128,1.41595024771832e-9,3.1910334530843023e-9
2.129,1.3896415810688588e-9,3.1515912064903708e-9
2.13,1.3637843341211181e-9,3.1126139697033964e-9
2.131,1.3383711671162119e-9,3.0740966615578987e-9
2.132,1.3133948546779056e-9,3.036034248958565e-9
2.133,1.2888482840970243e-9,2.9984217465738897e-9
2.134,1.2647244536405988e-9,2.9612542165283723e-9
2.135,1.2410164708854134e-9,2.924526768093382e-9
2.136,1.217717551075614e-9,2.888234557376797e-9
2.137,1.194821015504046e-9,2.852372787011515e-9
2.138,1.1723202899169963e-9,2.816936705842942e-9
2.139,1.1502089029420157e-9,2.78192160861555e-9
2.14,1.1284804845384971e-9,2.7473228356586015e-9
2.141,1.1071287644707041e-9,2.713135772571132e-9
2.142,1.08614757080293e-9,2.679355849906278e-9
2.143,1.0655308284164855e-9,2.6459785428550417e-9
2.144,1.0452725575482115e-9,2.612999370929573e-9
2.145,1.0253668723502164e-9,2.5804138976460506e-9
2.146,1.0058079794705446e-9,2.548217730207248e-9
2.147,9.865901766544845e-10,2.516406519184855e-9
2.148,9.677078513662289e-10,2.4849759582016325e-9
2.149,9.491554794306034e-10,2.453921783613478e-9
2.15,9.309276236945864e-10,2.4232397741914677e-9
2.151,9.130189327083381e-10,2.392925750803947e-9
2.152,8.954241394254739e-10,2.362975576098735e-9
2.153,8.781380599223068e-10,2.3333851541855116e-9
2.154,8.61155592135798e-10,2.3041504303184478e-9
2.155,8.444717146199514e-10,2.2752673905791384e-9
2.156,8.280814853203944e-10,2.2467320615599045e-9
2.157,8.119800403668908e-10,2.2185405100475146e-9
2.158,7.961625928835331e-10,2.1906888427073868e-9
2.159,7.806244318163674e-10,2.1631732057683215e-9
2.16,7.653609207782042e-10,2.1359897847078232e-9
2.161,7.503674969103765e-10,2.1091348039380568e-9
2.162,7.356396697612031e-10,2.08260452649249e-9
2.163,7.21173020180925e-10,2.0563952537132702e-9
2.164,7.069631992328811e-10,2.0305033249393828e-9
2.165,6.930059271206954e-10,2.004925117195632e-9
2.166,6.792969921312486e-10,1.979657044882493e-9
2.167,6.658322495932127e-10,1.9546955594668696e-9
2.168,6.526076208509269e-10,1.9300371491738095e-9
2.169,6.396190922534001e-10,1.9056783386792027e-9
2.17,6.268627141582241e-10,1.881615688803511e-9
2.171,6.143345999501873e-10,1.8578457962065605e-9
2.172,6.020309250743804e-10,1.834365293083435e-9
2.173,5.899479260835892e-10,1.8111708468614976e-9
2.174,5.780818996997705e-10,1.788259159898584e-9
2.175,5.664292018894122e-10,1.7656269691823886e-9
2.176,5.549862469525804e-10,1.7432710460310803e-9
2.177,5.437495066254586e-10,1.7211881957951744e-9
2.178,5.327155091961858e-10,1.6993752575606886e-9
2.179,5.218808386338075e-10,1.6778291038536112e-9
2.18,5.112421337301482e-10,1.6565466403457079e-9
2.181,5.007960872544258e-10,1.635524805561689e-9
2.182,4.905394451204224e-10,1.6147605705877645e-9
2.183,4.804690055660347e-10,1.5942509387816078e-9
2.184,4.705816183450259e-10,1.573992945483751e-9
2.185,4.6087418393080434e-10,1.5539836577304313e-9
2.186,4.5134365273205896e-10,1.5342201739679104e-9
2.187,4.4198702432007896e-10,1.5146996237682845e-9
2.188,4.3280134666759254e-10,1.495419167546805e-9
2.189,4.237837153989584e-10,1.4763759962807236e-9
2.19,4.1493127305154766e-10,1.4575673312296845e-9
2.191,4.062412083481554e-10,1.4389904236576717e-9
2.192,3.9771075548028367e-10,1.4206425545565347e-9
2.193,3.8933719340213923e-10,1.4025210343710993e-9
2.194,3.811178451351923e-10,1.3846232027258818e-9
2.195,3.730500770831445e-10,1.3669464281534179e-9
2.196,3.651312983571556e-10,1.349488107824218e-9
2.197,3.573589601111816e-10,1.332245667278359e-9
2.198,3.4973055488727817e-10,1.3152165601587272e-9
2.199,3.4224361597072584e-10,1.2983982679459175e-9
2.2,3.3489571675483533e-10,1.2817882996948006e-9
2.201,3.2768447011529213e-10,1.2653841917727675e-9
2.202,3.2060752779390424e-10,1.249183507599658e-9
2.203,3.1366257979161495e-10,1.233183837389381e-9
2.204,3.068473537706487e-10,1.2173827978932327e-9
2.205,3.001596144656557e-10,1.2017780321449222e-9
2.206,2.935971631037267e-10,1.186367209207306e-9
2.207,2.871578368331475e-10,1.1711480239208391e-9
2.208,2.8083950816076874e-10,1.1561181966537465e-9
2.209,2.746400843978626e-10,1.1412754730539211e-9
2.21,2.68557507114347e-10,1.1266176238025484e-9
2.211,2.6258975160125167e-10,1.112142444369465e-9
2.212,2.567348263413099e-10,1.097847754770249e-9
2.213,2.5099077248755466e-10,1.0837313993250514e-9
2.214,2.4535566334980445e-10,1.0697912464191615e-9
2.215,2.3982760388892306e-10,1.0560251882653164e-9
2.216,2.344047302187401e-10,1.0424311406677502e-9
2.217,2.2908520911552043e-10,1.0290070427879841e-9
2.218,2.2386723753487225e-10,1.01575085691236e-9
2.219,2.1874904213598554e-10,1.0026605682213154e-9
2.22,2.137288788130929e-10,9.897341845603992e-10
2.221,2.0880503223404812e-10,9.769697362130283e-10
2.222,2.039758153859175e-10,9.643652756749825e-10
2.223,1.992395691274817e-10,9.519188774306388e-10
2.224,1.9459466174854657e-10,9.396286377309385e-10
2.225,1.900394885359634e-10,9.274926743730897e-10
2.226,1.8557247134625987e-10,9.155091264819997e-10
2.227,1.811920581847848e-10,9.036761542934355e-10
2.228,1.7689672279127106e-10,8.919919389389085e-10
2.229,1.7268496423172226e-10,8.804546822322815e-10
2.23,1.6855530649652998e-10,8.690626064580918e-10
2.231,1.6450629810473053e-10,8.578139541615891e-10
2.232,1.605365117143099e-10,8.467069879404823e-10
2.233,1.5664454373846868e-10,8.35739990238391e-10
2.234,1.528290139677584e-10,8.249112631399975e-10
2.235,1.4908856519800335e-10,8.142191281678934e-10
2.236,1.4542186286392173e-10,8.036619260811169e-10
2.237,1.4182759467836258e-10,7.932380166753742e-10
2.238,1.3830447027707548e-10,7.829457785849404e-10
2.239,1.348512208689306e-10,7.727836090862327e-10
2.24,1.3146659889150934e-10,7.627499239030522e-10
2.241,1.2814937767198544e-10,7.528431570134855e-10
2.242,1.2489835109321844e-10,7.430617604584615e-10
2.243,1.2171233326498215e-10,7.334042041519565e-10
2.244,1.1859015820025226e-10,7.238689756928401e-10
2.245,1.1553067949647761e-10,7.14454580178356e-10
2.246,1.1253277002176154e-10,7.051595400192311e-10
2.247,1.0959532160588002e-10,6.959823947564034e-10
2.248,1.0671724473606506e-10,6.869217008793639e-10
2.249,1.0389746825748227e-10,6.779760316461044e-10
2.25,1.0113493907833277e-10,6.691439769046623e-10
2.251,9.84286218795107e-11,6.604241429162566e-10
2.252,9.57774988287484e-11,6.518151521800057e-10
2.253,9.31805692991824e-11,6.433156432592201e-10
2.254,9.06368495922742e-11,6.349242706092615e-10
2.255,8.814537266502114e-11,6.266397044069601e-10
2.256,8.570518786139288e-11,6.184606303815817e-10
2.257,8.331536064793082e-11,6.103857496473369e-10
2.258,8.097497235344786e-11,6.02413778537423e-10
2.259,7.868311991276742e-11,5.94543448439591e-10
2.26,7.643891561444126e-11,5.867735056332288e-10
2.261,7.424148685238632e-11,5.791027111279502e-10
2.262,7.208997588138222e-11,5.715298405036848e-10
2.263,6.998353957637116e-11,5.640536837522555e-10
2.264,6.792134919550361e-11,5.566730451204386e-10
2.265,6.590259014687318e-11,5.493867429544935e-10
2.266,6.392646175888556e-11,5.421936095461575e-10
2.267,6.199217705420687e-11,5.350924909800924e-10
2.268,6.00989625272376e-11,5.280822469827771e-10
2.269,5.8246057925059e-11,5.211617507728345e-10
2.27,5.643271603180003e-11,5.143298889127844e-10
2.271,5.46582024563728e-11,5.075855611622144e-10
2.272,5.292179542352643e-11,5.009276803323574e-10
2.273,5.12227855681687e-11,4.943551721420669e-10
2.274,4.9560475732906635e-11,4.878669750751824e-10
2.275,4.793418076875725e-11,4.814620402392725e-10
2.276,4.634322733898063e-11,4.751393312257495e-10
2.277,4.478695372598819e-11,4.688978239713435e-10
2.278,4.326470964127967e-11,4.627365066209274e-10
2.279,4.1775856038363e-11,4.5665437939168423e-10
2.28,4.031976492861194e-11,4.5065045443860555e-10
2.281,3.8895819200017e-11,4.4472375572131294e-10
2.282,3.750341243878588e-11,4.3887331887219177e-10
2.283,3.6141948753750075e-11,4.3309819106582903e-10
2.284,3.481084260353532e-11,4.273974308897443e-10
2.285,3.3509518626453775e-11,4.217701082164054e-10
2.286,3.223741147307664e-11,4.1621530407651877e-10
2.287,3.0993965641446624e-11,4.1073211053358436e-10
2.288,2.977863531488994e-11,4.05319630559707e-10
2.289,2.8590884202388508e-11,3.999769779126531e-10
2.29,2.743018538147324e-11,3.9470327701414416e-10
2.291,2.6296021143600147e-11,3.894976628293772e-10
2.292,2.518788284197139e-11,3.8435928074776264e-10
2.293,2.4105270741764047e-11,3.7928728646486996e-10
2.294,2.3047693872729853e-11,3.742808458655719e-10
2.295,2.2014669884129782e-11,3.6933913490837777e-10
2.296,2.10057249019678e-11,3.644613395109458e-10
2.297,2.002039338848867e-11,3.5964665543676634e-10
2.298,1.905821800390525e-11,3.5489428818300445e-10
2.299,1.811874947032115e-11,3.502034528694949e-10
2.3,1.7201546437815195e-11,3.4557337412887864e-10
2.301,1.6306175352654585e-11,3.4100328599787105e-10
2.302,1.5432210327604182e-11,3.364924318096545e-10
2.303,1.4579233014299765e-11,3.32040064087384e-10
2.304,1.3746832477653635e-11,3.2764544443879743e-10
2.305,1.2934605072261396e-11,3.233078434519216e-10
2.306,1.2142154320779183e-11,3.1902654059186404e-10
2.307,1.1369090794241091e-11,3.1480082409868166e-10
2.308,1.0615031994286981e-11,3.1062999088631756e-10
2.309,9.879602237271316e-12,3.065133464425962e-10
2.31,9.162432540224072e-12,3.024502047302683e-10
2.311,8.463160508635222e-12,2.9843988808909655e-10
2.312,7.781430226034736e-12,2.9448172713897215e-10
2.313,7.116892145340397e-12,2.905750606840547e-10
2.314,6.469202981946228e-12,2.8671923561792534e-10
2.315,5.838025608524629e-12,2.829136068297448e-10
2.316,5.223028951515826e-12,2.791575371114072e-10
2.317,4.6238878892785506e-12,2.7545039706568094e-10
2.318,4.040283151876297e-12,2.7179156501532837e-10
2.319,3.4719012224738725e-12,2.681804269131944e-10
2.32,2.9184342403193314e-12,2.646163762532564e-10
2.321,2.3795799052867708e-12,2.6109881398262627e-10
2.322,1.8550413839558103e-12,2.5762714841449654e-10
2.323,1.3445272172039576e-12,2.542007951420209e-10
2.324,8.477512292884059e-13,2.50819176953122e-10
2.325,3.6443243839416905e-13,2.4748172374621726e-10
2.326,-1.0570503137420351e-13,2.441878724468541e-10
2.327,-5.6293203657974e-13,2.409370669252471e-10
2.328,-1.0075144996410664e-12,2.3772875791470784e-10
2.329,-1.4397134926430784e-12,2.345624029309596e-10
2.33,-1.859785319791683e-12,2.314374661923289e-10
2.331,-2.2679815985337104e-12,2.2835341854080511e-10
2.332,-2.664549339362773e-12,2.2530973736396055e-10
2.333,-3.049731024331544e-12,2.2230590651772276e-10
2.334,-3.423764684290612e-12,2.1934141624999087e-10
2.335,-3.786883974873777e-12,2.1641576312508827e-10
2.336,-4.139318251249338e-12,2.135284499490436e-10
2.337,-4.481292641656635e-12,2.1067898569569192e-10
2.338,-4.813028119746837e-12,2.078668854335889e-10
2.339,-5.134741575746639e-12,2.0509167025372918e-10
2.34,-5.4466458864632956e-12,2.0235286719806244e-10
2.341,-5.748949984149099e-12,1.9965000918879857e-10
2.342,-6.041858924243183e-12,1.9698263495849467e-10
2.343,-6.325573952008207e-12,1.9435028898091618e-10
2.344,-6.600292568079264e-12,1.917525214026651e-10
2.345,-6.866208592942059e-12,1.8918888797556697e-10
2.346,-7.12351223035715e-12,1.8665894998981002e-10
2.347,-7.372390129746817e-12,1.841622742078287e-10
2.348,-7.613025447560829e-12,1.8169843279892438e-10
2.349,-7.845597907637175e-12,1.7926700327461592e-10
2.35,-8.07028386057355e-12,1.76867568424713e-10
2.351,-8.287256342125169e-12,1.7449971625410509e-10
2.352,-8.496685130644231e-12,1.7216303992025876e-10
2.353,-8.698736803576134e-12,1.6985713767141642e-10
2.354,-8.893574793027292e-12,1.675816127854896e-10
2.355,-9.08135944041922e-12,1.6533607350963962e-10
2.356,-9.26224805024327e-12,1.631201330005389e-10
2.357,-9.436394942930249e-12,1.6093340926530598e-10
2.358,-9.603951506848875e-12,1.5877552510310764e-10
2.359,-9.765066249446853e-12,1.566461080474211e-10
2.36,-9.919884847548115e-12,1.5454479030895002e-10
2.361,-1.0068550196819602e-11,1.5247120871918726e-10
2.362,-1.0211202460420702e-11,1.5042500467461798e-10
2.363,-1.0347979116848318e-11,1.4840582408155693e-10
2.364,-1.0479015006990299e-11,1.4641331730161268e-10
2.365,-1.0604442380399794e-11,1.4444713909777302e-10
2.366,-1.0724390940802895e-11,1.4250694858110514e-10
2.367,-1.083898789085173e-11,1.4059240915806376e-10
2.368,-1.0948357976135014e-11,1.3870318847840146e-10
2.369,-1.1052623528457825e-11,1.3683895838367485e-10
2.37,-1.1151904508402272e-11,1.349993948563403e-10
2.371,-1.1246318547180464e-11,1.3318417796943327e-10
2.372,-1.1335980987791056e-11,1.3139299183682512e-10
2.373,-1.1421004925490491e-11,1.2962552456405135e-10
2.374,-1.1501501247589818e-11,1.2788146819970538e-10
2.375,-1.1577578672587887e-11,1.2616051868739203e-10
2.376,-1.1649343788651487e-11,1.244623758182346e-10
2.377,-1.1716901091452858e-11,1.2278674318393003e-10
2.378,-1.1780353021374861e-11,1.2113332813034615e-10
2.379,-1.1839800000093895e-11,1.1950184171165548e-10
2.38,-1.189534046655052e-11,1.1789199864499997e-10
2.381,-1.1947070912317608e-11,1.1630351726568065e-10
2.382,-1.199508591637564e-11,1.147361194828673e-10
2.383,-1.2039478179304669e-11,1.13189530735822e-10
2.384,-1.2080338556902292e-11,1.1166347995063156e-10
2.385,-1.2117756093236866e-11,1.1015769949744307e-10
2.386,-1.2151818053144982e-11,1.0867192514819753e-10
2.387,-1.2182609954182189e-11,1.0720589603485591e-10
2.388,-1.2210215598035713e-11,1.0575935460811269e-10
2.389,-1.223471710140782e-11,1.0433204659659136e-10
2.39,-1.2256194926378383e-11,1.0292372096651698e-10
2.391,-1.2274727910254995e-11,1.0153412988186045e-10
2.392,-1.2290393294918904e-11,1.0016302866494955e-10
2.393,-1.2303266755674903e-11,9.881017575754168e-11
2.394,-1.2313422429613165e-11,9.74753326823532e-11
2.395,-1.2320932943490916e-11,9.61582640050407e-11
2.396,-1.2325869441141666e-11,9.485873729662892e-11
2.397,-1.2328301610419698e-11,9.357652309638088e-11
2.398,-1.2328297709687255e-11,9.231139487510503e-11
2.399,-1.2325924593851879e-11,9.106312899889504e-11
2.4,-1.2321247739961162e-11,8.983150469329708e-11
2.401,-1.231433127236209e-11,8.861630400790031e-11
2.402,-1.2305237987432021e-11,8.741731178134584e-11
2.403,-1.229402937788827e-11,8.623431560674927e-11
2.404,-1.2280765656683116e-11,8.506710579753288e-11
2.405,-1.2265505780490988e-11,8.39154753536623e-11
2.406,-1.2248307472794427e-11,8.27792199282837e-11
2.407,-1.2229227246575396e-11,8.165813779475691e-11
2.408,-1.22083204266183e-11,8.055202981408e-11
2.409,-1.2185641171431084e-11,7.946069940270118e-11
2.41,-1.2161242494790628e-11,7.838395250071366e-11
2.411,-1.213517628691852e-11,7.732159754042908e-11
2.412,-1.2107493335293304e-11,7.627344541532562e-11
2.413,-1.2078243345105072e-11,7.523930944936634e-11
2.414,-1.2047474959358299e-11,7.421900536668373e-11
2.415,-1.2015235778628624e-11,7.321235126162645e-11
2.416,-1.1981572380479256e-11,7.221916756916414e-11
2.417,-1.1946530338542594e-11,7.123927703564628e-11
2.418,-1.1910154241272496e-11,7.027250468991126e-11
2.419,-1.1872487710372651e-11,6.931867781474159e-11
2.42,-1.1833573418906316e-11,6.83776259186615e-11
2.421,-1.179345310909268e-11,6.744918070807291e-11
2.422,-1.1752167609794977e-11,6.653317605972624e-11
2.423,-1.1709756853705434e-11,6.562944799352194e-11
2.424,-1.1666259894232017e-11,6.473783464563934e-11
2.425,-1.1621714922091896e-11,6.385817624198892e-11
2.426,-1.157615928161645e-11,6.299031507198436e-11
2.427,-1.1529629486772572e-11,6.213409546263095e-11
2.428,-1.148216123690493e-11,6.12893637529264e-11
2.429,-1.1433789432203824e-11,6.045596826857094e-11
2.43,-1.138454818890312e-11,5.963375929698286e-11
2.431,-1.1334470854212771e-11,5.882258906261619e-11
2.432,-1.128359002099027e-11,5.8022311702577027e-11
2.433,-1.1231937542155373e-11,5.7232783242535117e-11
2.434,-1.1179544544852346e-11,5.6453861572927305e-11
2.435,-1.1126441444363897e-11,5.568540642544958e-11
2.436,-1.107265795778094e-11,5.4927279349834324e-11
2.437,-1.1018223117432201e-11,5.417934369090954e-11
2.438,-1.0963165284077691e-11,5.344146456593688e-11
2.439,-1.0907512159869941e-11,5.2713508842225225e-11
2.44,-1.0851290801086877e-11,5.199534511501659e-11
2.441,-1.079452763064011e-11,5.128684368564137e-11
2.442,-1.0737248450362407e-11,5.0587876539939675e-11
2.443,-1.0679478453078008e-11,4.9898317326945846e-11
2.444,-1.0621242234459399e-11,4.921804133783293e-11
2.445,-1.0562563804674112e-11,4.8546925485114267e-11
2.446,-1.050346659982507e-11,4.788484828209917e-11
2.447,-1.0443973493187893e-11,4.723168982259971e-11
2.448,-1.0384106806248596e-11,4.6587331760885804e-11
2.449,-1.0323888319544989e-11,4.595165729188553e-11
2.45,-1.0263339283315078e-11,4.5324551131628135e-11
2.451,-1.0202480427955695e-11,4.4705899497926576e-11
2.452,-1.0141331974294556e-11,4.409559009129706e-11
2.453,-1.007991364367884e-11,4.3493512076112663e-11
2.454,-1.0018244667883413e-11,4.289955606198848e-11
2.455,-9.95634379884169e-12,4.231361408539534e-11
2.456,-9.894229318202144e-12,4.173557959149971e-11
2.457,-9.831919046713386e-12,4.116534741622691e-11
2.458,-9.769430353440683e-12,4.0602813768545226e-11
2.459,-9.706780164816807e-12,4.0047876212968094e-11
2.46,-9.643984973529941e-12,3.950043365227207e-11
2.461,-9.581060847251448e-12,3.8960386310427846e-11
2.462,-9.518023437206181e-12,3.8427635715741924e-11
2.463,-9.454887986588001e-12,3.7902084684206406e-11
2.464,-9.391669338823115e-12,3.738363730305451e-11
2.465,-9.32838194568383e-12,3.687219891451933e-11
2.466,-9.265039875255231e-12,3.636767609979354e-11
2.467,-9.201656819757304e-12,3.5869976663187513e-11
2.468,-9.138246103224924e-12,3.537900961648371e-11
2.469,-9.074820689048161e-12,3.4894685163484834e-11
2.47,-9.011393187375249e-12,3.44169146847536e-11
2.471,-8.947975862380556e-12,3.394561072254178e-11
2.472,-8.884580639399881e-12,3.348068696590629e-11
2.473,-8.821219111935291e-12,3.302205823601009e-11
2.474,-8.757902548531774e-12,3.25696404716058e-11
2.475,-8.694641899527848e-12,3.212335071469965e-11
2.476,-8.631447803682328e-12,3.168310709639392e-11
2.477,-8.568330594679313e-12,3.1248828822905424e-11
2.478,-8.505300307513525e-12,3.0820436161758215e-11
2.479,-8.442366684758014e-12,3.039785042814828e-11
2.48,-8.37953918271628e-12,2.998099397147816e-11
2.481,-8.316826977460733e-12,2.956979016205965e-11
2.482,-8.254238970759534e-12,2.916416337798231e-11
2.483,-8.191783795893637e-12,2.8764038992146012e-11
2.484,-8.129469823365989e-12,2.8369343359455458e-11
2.485,-8.067305166504718e-12,2.798000380417478e-11
2.486,-8.005297686962128e-12,2.7595948607440264e-11
2.487,-7.943455000111306e-12,2.7217106994929326e-11
2.488,-7.881784480342124e-12,2.684340912468385e-11
2.489,-7.820293266258333e-12,2.647478607508605e-11
2.49,-7.758988265777498e-12,2.6111169832985036e-11
2.491,-7.697876161135426e-12,2.5752493281972203e-11
2.492,-7.636963413796772e-12,2.539869019080374e-11
2.493,-7.576256269273407e-12,2.5049695201968427e-11
2.494,-7.515760761852182e-12,2.4705443820399005e-11
2.495,-7.455482719233656e-12,2.436587240232534e-11
2.496,-7.395427767083311e-12,2.4030918144267734e-11
2.497,-7.335601333496813e-12,2.3700519072168625e-11
2.498,-7.276008653380775e-12,2.3374614030661043e-11
2.499,-7.2166547727505396e-12,2.3053142672472174e-11
2.5,-7.1575445529463766e-12,2.2736045447960344e-11
2.501,-7.098682674769568e-12,2.2423263594783872e-11
2.502,-7.040073642539749e-12,2.2114739127700137e-11
2.503,-6.981721788074897e-12,2.181041482849334e-11
2.504,-6.923631274595307e-12,2.151023423602931e-11
2.505,-6.865806100552913e-12,2.121414163643593e-11
2.506,-6.808250103387233e-12,2.092208205340751e-11
2.507,-6.750966963209247e-12,2.063400123863176e-11
2.508,-6.693960206414469e-12,2.034984566233772e-11
2.509,-6.6372332092264515e-12,2.0069562503963285e-11
2.51,-6.5807892011719605e-12,1.9793099642940787e-11
2.511,-6.524631268489012e-12,1.9520405649599277e-11
2.512,-6.4687623574689645e-12,1.9251429776181987e-11
2.513,-6.413185277733826e-12,1.8986121947977646e-11
2.514,-6.357902705449922e-12,1.8724432754564207e-11
2.515,-6.3029171864790535e-12,1.8466313441163638e-11
2.516,-6.24823113946825e-12,1.8211715900106405e-11
2.517,-6.193846858879203e-12,1.79605926624043e-11
2.518,-6.139766517958457e-12,1.7712896889430313e-11
2.519,-6.085992171649408e-12,1.7468582364704188e-11
2.52,-6.0325257594471424e-12,1.7227603485782414e-11
2.521,-5.979369108197136e-12,1.6989915256251332e-11
2.522,-5.9265239348388165e-12,1.6755473277822118e-11
2.523,-5.873991849094965e-12,1.652423374252638e-11
2.524,-5.821774356107931e-12,1.6296153425011112e-11
2.525,-5.769872859023621e-12,1.6071189674931824e-11
2.526,-5.718288661524162e-12,1.5849300409442592e-11
2.527,-5.667022970310205e-12,1.5630444105781866e-11
2.528,-5.616076897533739e-12,1.541457979395285e-11
2.529,-5.565451463182312e-12,1.520166704949727e-11
2.53,-5.5151475974155455e-12,1.4991665986361395e-11
2.531,-5.465166142854783e-12,1.478453724985317e-11
2.532,-5.4155078568267254e-12,1.4580242009689313e-11
2.533,-5.36617341356189e-12,1.4378741953131315e-11
2.534,-5.317163406348694e-12,1.4179999278209152e-11
2.535,-5.268478349643982e-12,1.398397668703174e-11
2.536,-5.220118681140768e-12,1.3790637379182951e-11
2.537,-5.172084763793984e-12,1.3599945045202205e-11
2.538,-5.124376887804987e-12,1.3411863860148534e-11
2.539,-5.076995272565575e-12,1.3226358477247133e-11
2.54,-5.0299400685622556e-12,1.3043394021617327e-11
2.541,-4.983211359241479e-12,1.2862936084080977e-11
2.542,-4.9368091628365565e-12,1.26849507150503e-11
2.543,-4.890733434156961e-12,1.2509404418494133e-11
2.544,-4.844984066340699e-12,1.2336264145981666e-11
2.545,-4.799560892570424e-12,1.2165497290802652e-11
2.546,-4.754463687753965e-12,1.1997071682163175e-11
2.547,-4.709692170169909e-12,1.1830955579456015e-11
2.548,-4.665246003078902e-12,1.166711766660469e-11
2.549,-4.621124796301269e-12,1.1505527046480237e-11
2.55,-4.5773281077616045e-12,1.1346153235389854e-11
2.551,-4.533855445000916e-12,1.1188966157636465e-11
2.552,-4.490706266656937e-12,1.1033936140148371e-11
2.553,-4.447879983913191e-12,1.0881033907178061e-11
2.554,-4.405375961917388e-12,1.0730230575069352e-11
2.555,-4.363193521169716e-12,1.0581497647091988e-11
2.556,-4.321331938881593e-12,1.0434807008342857e-11
2.557,-4.2797904503054305e-12,1.0290130920712992e-11
2.558,-4.238568250035933e-12,1.0147442017919519e-11
2.559,-4.197664493283484e-12,1.0006713300601763e-11
2.56,-4.15707829712013e-12,9.867918131480679e-12
2.561,-4.116808741698668e-12,9.731030230580833e-12
2.562,-4.076854871445356e-12,9.596023670514134e-12
2.563,-4.037215696226722e-12,9.462872871824545e-12
2.564,-3.9978901924909765e-12,9.331552598393017e-12
2.565,-3.9588773043844925e-12,9.202037952901866e-12
2.566,-3.920175944843825e-12,9.074304372357867e-12
2.567,-3.8817849966637375e-12,8.948327623673304e-12
2.568,-3.8437033135416835e-12,8.824083799304274e-12
2.569,-3.805929721099182e-12,8.70154931294549e-12
2.57,-3.7684630178805405e-12,8.580700895280896e-12
2.571,-3.7313019763293414e-12,8.46151558978938e-12
2.572,-3.694445343743115e-12,8.343970748604886e-12
2.573,-3.657891843206627e-12,8.22804402843025e-12
2.574,-3.621640174504171e-12,8.113713386504058e-12
2.575,-3.5856890150112776e-12,8.00095707661989e-12
2.576,-3.5500370205662303e-12,7.889753645197253e-12
2.577,-3.5146828263217738e-12,7.780081927403568e-12
2.578,-3.4796250475773978e-12,7.671921043326569e-12
2.579,-3.4448622805925665e-12,7.565250394196448e-12
2.58,-3.4103931033812592e-12,7.460049658657163e-12
2.581,-3.3762160764881873e-12,7.356298789086223e-12
2.582,-3.342329743747037e-12,7.2539780079624024e-12
2.583,-3.3087326330210853e-12,7.153067804280721e-12
2.584,-3.2754232569265346e-12,7.0535489300141235e-12
2.585,-3.242400113538896e-12,6.9554023966212505e-12
2.586,-3.2096616870827553e-12,6.858609471599723e-12
2.587,-3.177206448605242e-12,6.763151675084349e-12
2.588,-3.1450328566335212e-12,6.669010776489703e-12
2.589,-3.1131393578166195e-12,6.5761687911964896e-12
2.59,-3.081524387551892e-12,6.48460797728115e-12
2.591,-3.0501863705964316e-12,6.394310832288159e-12
2.592,-3.0191237216637163e-12,6.305260090044455e-12
2.593,-2.9883348460057856e-12,6.2174387175154916e-12
2.594,-2.9578181399812298e-12,6.13082991170235e-12
2.595,-2.9275719916092735e-12,6.045417096579417e-12
2.596,-2.897594781110231e-12,5.961183920072086e-12
2.597,-2.867884881432598e-12,5.87811425107399e-12
2.598,-2.838440658767052e-12,5.7961921765032475e-12
2.599,-2.8092604730476166e-12,5.715401998397236e-12
2.6,-2.7803426784402484e-12,5.635728231045383e-12
2.601,-2.751685623819098e-12,5.557155598159507e-12
2.602,-2.723287653230691e-12,5.47966903008122e-12
2.603,-2.6951471063462712e-12,5.403253661025907e-12
2.604,-2.667262318902548e-12,5.32789482636284e-12
2.605,-2.639631623131074e-12,5.2535780599309305e-12
2.606,-2.612253348176491e-12,5.180289091389698e-12
2.607,-2.5851258205038625e-12,5.108013843604974e-12
2.608,-2.5582473642953196e-12,5.036738430068913e-12
2.609,-2.5316163018362363e-12,4.966449152353868e-12
2.61,-2.505230953891142e-12,4.897132497599688e-12
2.611,-2.47908964006959e-12,4.828775136034022e-12
2.612,-2.4531906791821807e-12,4.761363918525189e-12
2.613,-2.4275323895869444e-12,4.6948858741672125e-12
2.614,-2.4021130895262794e-12,4.62932820789659e-12
2.615,-2.3769310974546456e-12,4.564678298140405e-12
2.616,-2.3519847323571953e-12,4.500923694495366e-12
2.617,-2.327272314059539e-12,4.4380521154373766e-12
2.618,-2.3027921635288242e-12,4.376051446061256e-12
2.619,-2.2785426031663076e-12,4.314909735850199e-12
2.62,-2.2545219570916014e-12,4.2546151964746176e-12
2.621,-2.2307285514187667e-12,4.195156199619964e-12
2.622,-2.207160714524422e-12,4.136521274843175e-12
2.623,-2.18381677730804e-12,4.07869910745736e-12
2.624,-2.160695073444591e-12,4.021678536444383e-12
2.625,-2.137793939629702e-12,3.965448552394951e-12
2.626,-2.115111715817482e-12,3.909998295475887e-12
2.627,-2.0926467454511744e-12,3.855317053424208e-12
2.628,-2.070397375686791e-12,3.801394259567685e-12
2.629,-2.048361957609869e-12,3.748219490871518e-12
2.63,-2.026538846445508e-12,3.6957824660108135e-12
2.631,-2.0049264017618276e-12,3.644073043468513e-12
2.632,-1.9835229876669816e-12,3.5930812196584523e-12
2.633,-1.962326972999879e-12,3.542797127073218e-12
2.634,-1.94133673151474e-12,3.4932110324564932e-12
2.635,-1.9205506420596218e-12,3.444313334999558e-12
2.636,-1.8999670887490496e-12,3.396094564561651e-12
2.637,-1.879584461130877e-12,3.348545379913863e-12
2.638,-1.8594011543475048e-12,3.3016565670062755e-12
2.639,-1.8394155692915843e-12,3.2554190372580288e-12
2.64,-1.8196261127563187e-12,3.2098238258700304e-12
2.641,-1.8000311975804951e-12,3.1648620901600047e-12
2.642,-1.78062924278835e-12,3.1205251079196015e-12
2.643,-1.761418673724395e-12,3.0768042757932646e-12
2.644,-1.7423979221833074e-12,3.03369110767859e-12
2.645,-1.723565426535002e-12,2.991177233147887e-12
2.646,-1.7049196318449878e-12,2.94925439589067e-12
2.647,-1.6864589899901205e-12,2.9079144521768058e-12
2.648,-1.6681819597698504e-12,2.8671493693400494e-12
2.649,-1.6500870070130737e-12,2.826951224281705e-12
2.65,-1.6321726046806823e-12,2.7873122019941465e-12
2.651,-1.6144372329639131e-12,2.748224594103938e-12
2.652,-1.5968793793785954e-12,2.7096807974343074e-12
2.653,-1.5794975388553858e-12,2.6716733125867073e-12
2.654,-1.5622902138260892e-12,2.634194742541229e-12
2.655,-1.545255914306153e-12,2.597237791275611e-12
2.656,-1.5283931579734253e-12,2.5607952624026086e-12
2.657,-1.5117004702432662e-12,2.5248600578254794e-12
2.658,-1.4951763843400948e-12,2.489425176411353e-12
2.659,-1.4788194413654583e-12,2.454483712682243e-12
2.66,-1.4626281903627065e-12,2.4200288555234843e-12
2.661,-1.4466011883783503e-12,2.386053886909355e-12
2.662,-1.4307370005201856e-12,2.352552180645662e-12
2.663,-1.4150342000122592e-12,2.3195172011290787e-12
2.664,-1.3994913682467534e-12,2.2869425021229956e-12
2.665,-1.3841070948328646e-12,2.2548217255496882e-12
2.666,-1.3688799776427489e-12,2.2231486002985757e-12
2.667,-1.3538086228546054e-12,2.1919169410503655e-12
2.668,-1.3388916449929698e-12,2.1611206471168712e-12
2.669,-1.324127666966285e-12,2.1307537012963064e-12
2.67,-1.309515320101819e-12,2.100810168743841e-12
2.671,-1.2950532441779937e-12,2.0712841958572315e-12
2.672,-1.2807400874541915e-12,2.0421700091773156e-12
2.673,-1.2665745066981024e-12,2.0134619143031876e-12
2.674,-1.2525551672106751e-12,1.9851542948218533e-12
2.675,-1.2386807428487313e-12,1.957241611252182e-12
2.676,-1.2249499160453057e-12,1.9297184000029576e-12
2.677,-1.211361377827768e-12,1.9025792723448574e-12
2.678,-1.1979138278337864e-12,1.875818913396161e-12
2.679,-1.1846059743251869e-12,1.849432081122022e-12
2.68,-1.1714365341997666e-12,1.8234136053471155e-12
2.681,-1.1584042330011115e-12,1.7977583867814877e-12
2.682,-1.1455078049264746e-12,1.7724613960594385e-12
2.683,-1.1327459928327648e-12,1.7475176727912576e-12
2.684,-1.1201175482406986e-12,1.7229223246276528e-12
2.685,-1.1076212313371621e-12,1.6986705263366986e-12
2.686,-1.0952558109758362e-12,1.674757518893141e-12
2.687,-1.0830200646761272e-12,1.6511786085798992e-12
2.688,-1.0709127786204545e-12,1.627929166101598e-12
2.689,-1.05893274764994e-12,1.6050046257099766e-12
2.69,-1.0470787752585411e-12,1.5824004843410171e-12
2.691,-1.0353496735856747e-12,1.560112300763635e-12
2.692,-1.023744263407375e-12,1.5381356947397825e-12
2.693,-1.012261374126025e-12,1.5164663461958135e-12
2.694,-1.0008998437587048e-12,1.4950999944049602e-12
2.695,-9.896585189241948e-13,1.4740324371807753e-12
2.696,-9.785362548286784e-13,1.4532595300813973e-12
2.697,-9.67531915250176e-13,1.4327771856244916e-12
2.698,-9.566443725217533e-13,1.4125813725127311e-12
2.699,-9.458725075135391e-13,1.3926681148696724e-12
2.7,-9.352152096135886e-13,1.373033491485896e-12
2.701,-9.246713767076283e-13,1.3536736350752678e-12
2.702,-9.14239915157717e-13,1.3345847315411945e-12
2.703,-9.03919739779857e-13,1.3157630192527363e-12
2.704,-8.937097738205885e-13,1.29720478833045e-12
2.705,-8.836089489325999e-13,1.27890637994183e-12
2.706,-8.736162051493857e-13,1.2608641856062224e-12
2.707,-8.637304908589834e-13,1.2430746465090885e-12
2.708,-8.539507627768195e-13,1.2255342528254898e-12
2.709,-8.442759859176949e-13,1.2082395430526739e-12
2.71,-8.347051335669377e-13,1.191187103351644e-12
2.711,-8.252371872507539e-13,1.174373566897588e-12
2.712,-8.158711367058013e-13,1.1577956132390522e-12
2.713,-8.066059798480163e-13,1.1414499676657433e-12
2.714,-7.974407227407186e-13,1.125333400584846e-12
2.715,-7.883743795620202e-13,1.1094427269057386e-12
2.716,-7.794059725715648e-13,1.0937748054330019e-12
2.717,-7.705345320766217e-13,1.0783265382676027e-12
2.718,-7.617590963975589e-13,1.0630948702161539e-12
2.719,-7.530787118327197e-13,1.0480767882081327e-12
2.72,-7.44492432622724e-13,1.033269320720961e-12
2.721,-7.359993209142203e-13,1.0186695372128373e-12
2.722,-7.275984467231078e-13,1.004274547563219e-12
2.723,-7.19288887897251e-13,9.90081501520854e-13
2.724,-7.11069730078709e-13,9.760875881592607e-13
2.725,-7.029400666654992e-13,9.622900353395575e-13
2.726,-6.948989987729153e-13,9.486861091805426e-13
2.727,-6.869456351944209e-13,9.352731135359307e-13
2.728,-6.790790923621362e-13,9.22048389478648e-13
2.729,-6.712984943069376e-13,9.090093147920938e-13
2.73,-6.636029726181889e-13,8.961533034682755e-13
2.731,-6.559916664031203e-13,8.834778052127241e-13
2.732,-6.484637222458762e-13,8.709803049561018e-13
2.733,-6.410182941662438e-13,8.586583223724111e-13
2.734,-6.336545435780849e-13,8.465094114037188e-13
2.735,-6.263716392474823e-13,8.345311597913054e-13
2.736,-6.191687572506199e-13,8.227211886131582e-13
2.737,-6.120450809314109e-13,8.110771518277199e-13
2.738,-6.04999800858888e-13,7.995967358238104e-13
2.739,-5.980321147843736e-13,7.882776589766411e-13
2.74,-5.911412275984409e-13,7.771176712098372e-13
2.741,-5.843263512876818e-13,7.661145535633911e-13
2.742,-5.775867048912949e-13,7.552661177674646e-13
2.743,-5.709215144575077e-13,7.445702058219646e-13
2.744,-5.643300129998441e-13,7.340246895818128e-13
2.745,-5.578114404532521e-13,7.236274703478354e-13
2.746,-5.513650436301029e-13,7.133764784631958e-13
2.747,-5.449900761760727e-13,7.032696729152974e-13
2.748,-5.386857985259216e-13,6.933050409430826e-13
2.749,-5.324514778591772e-13,6.834805976496573e-13
2.75,-5.26286388055738e-13,6.737943856201673e-13
2.751,-5.201898096514048e-13,6.642444745448585e-13
2.752,-5.141610297933506e-13,6.548289608472495e-13
2.753,-5.08199342195542e-13,6.455459673173512e-13
2.754,-5.023040470941186e-13,6.363936427498616e-13
2.755,-4.964744512027427e-13,6.273701615872735e-13
2.756,-4.907098676679273e-13,6.184737235678257e-13
2.757,-4.850096160243527e-13,6.097025533782355e-13
2.758,-4.793730221501799e-13,6.010549003111462e-13
2.759,-4.737994182223695e-13,5.925290379272283e-13
2.76,-4.682881426720155e-13,5.841232637218714e-13
2.761,-4.628385401397014e-13,5.758358987964034e-13
2.762,-4.574499614308861e-13,5.6766528753378e-13
2.763,-4.5212176347132936e-13,5.596097972786809e-13
2.764,-4.4685330926256226e-13,5.516678180219555e-13
2.765,-4.4164396783741106e-13,5.438377620893599e-13
2.766,-4.3649311421558165e-13,5.361180638345254e-13
2.767,-4.314001293593112e-13,5.285071793361051e-13
2.768,-4.263644001290935e-13,5.210035860990398e-13
2.769,-4.213853192394856e-13,5.13605782759888e-13
2.77,-4.164622852150004e-13,5.063122887961674e-13
2.771,-4.115947023460929e-13,4.991216442396521e-13
2.772,-4.0678198064524514e-13,4.920324093935722e-13
2.773,-4.0202353580315616e-13,4.850431645536657e-13
2.774,-3.973187891450417e-13,4.781525097330275e-13
2.775,-3.9266716758705016e-13,4.713590643907071e-13
2.776,-3.880681035927993e-13,4.646614671640035e-13
2.777,-3.8352103513003915e-13,4.580583756044076e-13
2.778,-3.790254056274454e-13,4.5154846591714344e-13
2.779,-3.745806639315492e-13,4.451304327042583e-13
2.78,-3.7018626426380657e-13,4.3880298871121655e-13
2.781,-3.65841666177813e-13,4.3256486457694793e-13
2.782,-3.615463345166669e-13,4.2641480858730403e-13
2.783,-3.5729973937048604e-13,4.2035158643187797e-13
2.784,-3.5310135603408143e-13,4.143739809641409e-13
2.785,-3.4895066496479186e-13,4.084807919648517e-13
2.786,-3.448471517404837e-13,4.0267083590869435e-13
2.787,-3.407903070177183e-13,3.9694294573410095e-13
2.788,-3.367796264900917e-13,3.912959706162164e-13
2.789,-3.3281461084674925e-13,3.8572877574296274e-13
2.79,-3.2889476573107834e-13,3.8024024209416136e-13
2.791,-3.2501960169958265e-13,3.748292662236716e-13
2.792,-3.211886341809409e-13,3.6949476004450536e-13
2.793,-3.174013834352521e-13,3.64235650616877e-13
2.794,-3.136573745134717e-13,3.590508799391499e-13
2.795,-3.099561372170389e-13,3.539394047416391e-13
2.796,-3.0629720605770037e-13,3.4890019628323297e-13
2.797,-3.0268012021753013e-13,3.4393224015079474e-13
2.798,-2.9910442350914996e-13,3.3903453606130655e-13
2.799,-2.955696643361511e-13,3.3420609766671965e-13
2.8,-2.920753956537204e-13,3.2944595236147313e-13
2.801,-2.886211749294718e-13,3.2475314109264573e-13
2.802,-2.8520656410448647e-13,3.20126718172705e-13
2.803,-2.8183112955456173e-13,3.155657510948189e-13
2.804,-2.7849444205167203e-13,3.1106932035069426e-13
2.805,-2.751960767256426e-13,3.066365192509096e-13
2.806,-2.719356130260376e-13,3.022664537477066e-13
2.807,-2.6871263468426435e-13,2.9795824226020836e-13
2.808,-2.655267296758951e-13,2.937110155020312e-13
2.809,-2.623774901832072e-13,2.895239163112571e-13
2.81,-2.5926451255794306e-13,2.8539609948273565e-13
2.811,-2.5618739728429174e-13,2.8132673160268323e-13
2.812,-2.5314574894209174e-13,2.773149908855488e-13
2.813,-2.5013917617025767e-13,2.7336006701311524e-13
2.814,-2.471672916304305e-13,2.694611609758061e-13
2.815,-2.4422971197085265e-13,2.6561748491616776e-13
2.816,-2.4132605779046903e-13,2.6182826197449804e-13
2.817,-2.3845595360325414e-13,2.580927261365908e-13
2.818,-2.3561902780276645e-13,2.5441012208356987e-13
2.819,-2.328149126269301e-13,2.5077970504378174e-13
2.82,-2.3004324412304523e-13,2.4720074064672093e-13
2.821,-2.2730366211302618e-13,2.4367250477895934e-13
2.822,-2.2459581015886985e-13,2.401942834420529e-13
2.823,-2.219193355283524e-13,2.367653726123983e-13
2.824,-2.1927388916095639e-13,2.333850781030136e-13
2.825,-2.1665912563402746e-13,2.3005271542721676e-13
2.826,-2.1407470312916163e-13,2.2676760966417574e-13
2.827,-2.115202833988226e-13,2.235290953263053e-13
2.828,-2.089955317331896e-13,2.2033651622848509e-13
2.829,-2.0650011692723588e-13,2.171892253590743e-13
2.83,-2.040337112480375e-13,2.1408658475269877e-13
2.831,-2.015959904023128e-13,2.1102796536478604e-13
2.832,-1.9918663350419216e-13,2.080127469478247e-13
2.833,-1.968053230432181e-13,2.0504031792932484e-13
2.834,-1.944517448525756e-13,2.0211007529145614e-13
2.835,-1.9212558807755212e-13,1.9922142445234087e-13
2.836,-1.8982654514422742e-13,1.9637377914897948e-13
2.837,-1.8755431172839304e-13,1.935665613217862e-13
2.838,-1.8530858672470045e-13,1.9079920100071307e-13
2.839,-1.8308907221603815e-13,1.8807113619294068e-13
2.84,-1.8089547344313732e-13,1.8538181277211402e-13
2.841,-1.7872749877440498e-13,1.8273068436910297e-13
2.842,-1.7658485967598511e-13,1.8011721226426595e-13
2.843,-1.7446727068204642e-13,1.7754086528119701e-13
2.844,-1.723744493652968e-13,1.7500111968193543e-13
2.845,-1.7030611630772366e-13,1.7249745906361847e-13
2.846,-1.682619950715598e-13,1.700293742565572e-13
2.847,-1.6624181217047368e-13,1.675963632237163e-13
2.848,-1.6424529704098435e-13,1.6519793096157853e-13
2.849,-1.6227218201409955e-13,1.6283358940237493e-13
2.85,-1.603222022871766e-13,1.6050285731766238e-13
2.851,-1.5839509589600573e-13,1.5820526022322985e-13
2.852,-1.564906036871144e-13,1.559403302853154e-13
2.853,-1.5460846929029274e-13,1.53707606228116e-13
2.854,-1.5274843909133824e-13,1.5150663324257235e-13
2.855,-1.5091026220502025e-13,1.4933696289641175e-13
2.856,-1.490936904482621e-13,1.4719815304543129e-13
2.857,-1.4729847831354108e-13,1.450897677460048e-13
2.858,-1.4552438294250486e-13,1.4301137716879668e-13
2.859,-1.4377116409980357e-13,1.4096255751366639e-13
2.86,-1.4203858414713684e-13,1.3894289092574668e-13
2.861,-1.4032640801751464e-13,1.3695196541268053e-13
2.862,-1.386344031897312e-13,1.3498937476299984e-13
2.863,-1.369623396630509e-13,1.3305471846563132e-13
2.864,-1.3530998993210548e-13,1.3114760163051337e-13
2.865,-1.3367712896200106e-13,1.2926763491030916e-13
2.866,-1.3206353416363464e-13,1.2741443442320083e-13
2.867,-1.304689853692186e-13,1.2558762167675016e-13
2.868,-1.2889326480801242e-13,1.237868234928106e-13
2.869,-1.273361570822604e-13,1.220116719334772e-13
2.87,-1.2579744914333474e-13,1.202618042280593e-13
2.871,-1.242769302680825e-13,1.185368627010625e-13
2.872,-1.227743920353756e-13,1.1683649470116608e-13
2.873,-1.2128962830286278e-13,1.1516035253118203e-13
2.874,-1.1982243518392246e-13,1.1350809337898237e-13
2.875,-1.1837261102481534e-13,1.1187937924938163e-13
2.876,-1.1693995638203573e-13,1.1027387689696112e-13
2.877,-1.1552427399986053e-13,1.0869125775982234e-13
2.878,-1.1412536878809455e-13,1.0713119789425665e-13
2.879,-1.1274304780001138e-13,1.0559337791031878e-13
2.88,-1.1137712021048835e-13,1.0407748290829165e-13
2.881,-1.1002739729433476e-13,1.025832024160304e-13
2.882,-1.0869369240481201e-13,1.0111023032717345e-13
2.883,-1.0737582095234459e-13,9.965826484020891e-14
2.884,-1.0607360038342076e-13,9.822700839838435e-14
2.885,-1.0478685015968183e-13,9.681616763044861e-14
2.886,-1.0351539173719873e-13,9.542545329221403e-14
2.887,-1.0225904854593497e-13,9.405458020892804e-14
2.888,-1.0101764596939443e-13,9.270326721844279e-14
2.889,-9.979101132445335e-14,9.137123711517209e-14
2.89,-9.85789738413747e-14,9.005821659482468e-14
2.891,-9.73813646440044e-14,8.876393619990326e-14
2.892,-9.619801673014773e-14,8.748813026595881e-14
2.893,-9.502876495212502e-14,8.623053686858962e-14
2.894,-9.387344599750524e-14,8.499089777117513e-14
2.895,-9.273189837001658e-14,8.376895837333421e-14
2.896,-9.160396237063252e-14,8.256446766009799e-14
2.897,-9.048948007883239e-14,8.137717815178759e-14
2.898,-8.938829533403527e-14,8.020684585458679e-14
2.899,-8.830025371720584e-14,7.905323021180038e-14
2.9,-8.722520253263119e-14,7.791609405578845e-14
2.901,-8.616299078986733e-14,7.679520356056771e-14
2.902,-8.511346918585417e-14,7.569032819507021e-14
2.903,-8.407649008719781e-14,7.46012406770509e-14
2.904,-8.305190751261905e-14,7.352771692763473e-14
2.905,-8.203957711556662e-14,7.246953602649465e-14
2.906,-8.103935616699447e-14,7.142648016765188e-14
2.907,-8.005110353830136e-14,7.039833461588983e-14
2.908,-7.907467968443188e-14,6.938488766377309e-14
2.909,-7.810994662713786e-14,6.838593058926346e-14
2.91,-7.715676793839849e-14,6.740125761392453e-14
2.911,-7.62150087239985e-14,6.643066586170688e-14
2.912,-7.528453560726288e-14,6.547395531830578e-14
2.913,-7.436521671294719e-14,6.453092879108361e-14
2.914,-7.345692165128198e-14,6.360139186954917e-14
2.915,-7.255952150217051e-14,6.268515288638617e-14
2.916,-7.167288879953846e-14,6.178202287902352e-14
2.917,-7.079689751583421e-14,6.08918155517396e-14
2.918,-6.993142304667903e-14,6.00143472382936e-14
2.919,-6.907634219566558e-14,5.914943686507623e-14
2.92,-6.823153315930374e-14,5.829690591477304e-14
2.921,-6.739687551211267e-14,5.745657839053289e-14
2.922,-6.657225019185783e-14,5.6628280780634987e-14
2.923,-6.575753948493192e-14,5.5811842023647305e-14
2.924,-6.495262701187848e-14,5.5007093474069776e-14
2.925,-6.415739771305716e-14,5.421386886845556e-14
2.926,-6.337173783444936e-14,5.34320042920037e-14
2.927,-6.259553491360329e-14,5.26613381456168e-14
2.928,-6.182867776571713e-14,5.190171111341714e-14
2.929,-6.107105646985935e-14,5.115296613071509e-14
2.93,-6.032256235532495e-14,5.0414948352423403e-14
2.931,-5.958308798812654e-14,4.968750512191136e-14
2.932,-5.885252715761921e-14,4.897048594029264e-14
2.933,-5.813077486325795e-14,4.826374243614089e-14
2.934,-5.741772730148674e-14,4.7567128335627195e-14
2.935,-5.671328185275792e-14,4.688049943307352e-14
2.936,-5.6017337068681036e-14,4.6203713561916385e-14
2.937,-5.5329792659299913e-14,4.5536630566075215e-14
2.938,-5.4650549480496946e-14,4.4879112271719595e-14
2.939,-5.397950952152346e-14,4.423102245943008e-14
2.94,-5.331657589265519e-14,4.3592226836747056e-14
2.941,-5.266165281297166e-14,4.2962593011102215e-14
2.942,-5.2014645598258574e-14,4.234199046312753e-14
2.943,-5.137546064903206e-14,4.17302905203363e-14
2.944,-5.074400543868369e-14,4.112736633117134e-14
2.945,-5.012018850174539e-14,4.053309283941499e-14
2.946,-4.950391942227299e-14,3.994734675895619e-14
2.947,-4.889510882234759e-14,3.937000654890951e-14
2.948,-4.829366835069358e-14,3.880095238908131e-14
2.949,-4.7699510671412316e-14,3.824006615577825e-14
2.95,-4.711254945283053e-14,3.7687231397953406e-14
2.951,-4.653269935646231e-14,3.71423333136853e-14
2.952,-4.595987602608384e-14,3.660525872698522e-14
2.953,-4.5393996076919684e-14,3.6075896064928374e-14
2.954,-4.4834977084939844e-14,3.555413533510425e-14
2.955,-4.428273757626642e-14,3.5039868103381907e-14
2.956,-4.3737197016689064e-14,3.453298747198573e-14
2.957,-4.319827580128807e-14,3.403338805787743e-14
2.958,-4.266589524416432e-14,3.35409659714399e-14
2.959,-4.2139977568275014e-14,3.3055618795459026e-14
2.96,-4.1620445895374204e-14,3.257724556439897e-14
2.961,-4.1107224236057313e-14,3.210574674396712e-14
2.962,-4.060023747990858e-14,3.1641024210964614e-14
2.963,-4.009941138575052e-14,3.1182981233418444e-14
2.964,-3.960467257199449e-14,3.073152245099125e-14
2.965,-3.911594850709149e-14,3.0286553855665034e-14
2.966,-3.86331675000821e-14,2.984798277269481e-14
2.967,-3.815625869124488e-14,2.9415717841828697e-14
2.968,-3.7685152042842156e-14,2.8989668998790545e-14
2.969,-3.7219778329962316e-14,2.856974745702152e-14
2.97,-3.6760069131457844e-14,2.815586568967716e-14
2.971,-3.630595682097801e-14,2.774793741187614e-14
2.972,-3.58573745580955e-14,2.734587756319748e-14
2.973,-3.5414256279526066e-14,2.6949602290422582e-14
2.974,-3.497653669044025e-14,2.6559028930518808e-14
2.975,-3.454415125586641e-14,2.617407599386115e-14
2.976,-3.411703619218421e-14,2.579466314768876e-14
2.977,-3.369512845870757e-14,2.542071119979305e-14
2.978,-3.3278365749356445e-14,2.5052142082434154e-14
2.979,-3.2866686484416434e-14,2.4688878836482545e-14
2.98,-3.246002980238544e-14,2.4330845595782748e-14
2.981,-3.205833555190657e-14,2.3977967571735984e-14
2.982,-3.1661544283786445e-14,2.363017103809877e-14
2.983,-3.126959724309808e-14,2.328738331599444e-14
2.984,-3.088243636136758e-14,2.2949532759134612e-14
2.985,-3.0500004248843795e-14,2.261654873924774e-14
2.986,-3.0122244186850176e-14,2.22883616317118e-14
2.987,-2.974910012021803e-14,2.196490280138832e-14
2.988,-2.938051664980039e-14,2.164610458865497e-14
2.989,-2.901643902506571e-14,2.1331900295633867e-14
2.99,-2.865681313677064e-14,2.102222417261298e-14
2.991,-2.830158550971113e-14,2.0717011404657846e-14
2.992,-2.7950703295551007e-14,2.041619809841106e-14
2.993,-2.7604114265727412e-14,2.0119721269076823e-14
2.994,-2.726176680443224e-14,1.9827518827588007e-14
2.995,-2.692360990166889e-14,1.9539529567953255e-14
2.996,-2.658959314638358e-14,1.9255693154781518e-14
2.997,-2.6259666719670493e-14,1.897595011098161e-14
2.998,-2.5933781388050042e-14,1.870024180563436e-14
2.999,-2.561188849681952e-14,1.842851044203489e-14
3.0,-2.5293939963475437e-14,1.8160699045902736e-14
3.001,-2.497988827120682e-14,1.789675145375742e-14
3.002,-2.46696864624588e-14,1.7636612301457164e-14
3.003,-2.436328813256577e-14,1.73802270128985e-14
3.004,-2.406064742345343e-14,1.7127541788874543e-14
3.005,-2.376171901740904e-14,1.6878503596089655e-14
3.006,-2.346645813091921e-14,1.6633060156328416e-14
3.007,-2.317482050857452e-14,1.639115993577665e-14
3.008,-2.2886762417040364e-14,1.6152752134492466e-14
3.009,-2.2602240639093277e-14,1.5917786676025174e-14
3.01,-2.232121246772219e-14,1.568621419718005e-14
3.011,-2.204363570029385e-14,1.5457986037926878e-14
3.012,-2.1769468632781862e-14,1.5233054231450298e-14
3.013,-2.1498670054058637e-14,1.501137149433997e-14
3.014,-2.1231199240249675e-14,1.4792891216918583e-14
3.015,-2.0967015949149498e-14,1.4577567453705832e-14
3.016,-2.0706080414698656e-14,1.4365354914016423e-14
3.017,-2.044835334152116e-14,1.4156208952690256e-14
3.018,-2.0193795899521753e-14,1.3950085560952935e-14
3.019,-1.9942369718542378e-14,1.3746941357404794e-14
3.02,-1.9694036883077278e-14,1.3546733579136642e-14
3.021,-1.944875992704613e-14,1.3349420072970437e-14
3.022,-1.9206501828624565e-14,1.3154959286823197e-14
3.023,-1.8967226005131604e-14,1.2963310261192363e-14
3.024,-1.8730896307973272e-14,1.2774432620760966e-14
3.025,-1.849747701764197e-14,1.2588286566120899e-14
3.026,-1.8266932838770936e-14,1.2404832865612665e-14
3.027,-1.803922889524326e-14,1.222403284727995e-14
3.028,-1.7814330725354903e-14,1.2045848390937431e-14
3.029,-1.7592204277031127e-14,1.1870241920350245e-14
3.03,-1.737281590309586e-14,1.1697176395523535e-14
3.031,-1.7156132356593353e-14,1.1526615305100556e-14
3.032,-1.6942120786161674e-14,1.1358522658867818e-14
3.033,-1.6730748731457453e-14,1.1192862980365752e-14
3.034,-1.6521984118631375e-14,1.1029601299603464e-14
3.035,-1.6315795255853857e-14,1.0868703145876075e-14
3.036,-1.6112150828890464e-14,1.0710134540683249e-14
3.037,-1.591101989672644e-14,1.0553861990747463e-14
3.038,-1.5712371887239947e-14,1.0399852481130665e-14
3.039,-1.5516176592923448e-14,1.0248073468447894e-14
3.04,-1.5322404166652717e-14,1.0098492874176546e-14
3.041,-1.5131025117503046e-14,9.951079078059925e-15
3.042,-1.4942010306612092e-14,9.805800911603775e-15
3.043,-1.4755330943088895e-14,9.662627651664471e-15
3.044,-1.457095857996861e-14,9.521529014127618e-15
3.045,-1.438886511021242e-14,9.382475147675752e-15
3.046,-1.4209022762752228e-14,9.245436627643931e-15
3.047,-1.403140409857956e-14,9.110384449961974e-15
3.048,-1.3855982006878335e-14,8.977290025182125e-15
3.049,-1.3682729701200918e-14,8.84612517259095e-15
3.05,-1.3511620715687093e-14,8.716862114404308e-15
3.051,-1.3342628901325449e-14,8.589473470044193e-15
3.052,-1.3175728422256752e-14,8.463932250496339e-15
3.053,-1.301089375211886e-14,8.340211852747431e-15
3.054,-1.2848099670432725e-14,8.218286054300824e-15
3.055,-1.2687321259029065e-14,8.098129007769651e-15
3.056,-1.2528533898515265e-14,7.97971523554625e-15
3.057,-1.2371713264782077e-14,7.863019624546841e-15
3.058,-1.2216835325549707e-14,7.748017421030389e-15
3.059,-1.206387633695285e-14,7.634684225490614e-15
3.06,-1.1912812840164283e-14,7.522995987620138e-15
3.061,-1.1763621658056581e-14,7.412929001345729e-15
3.062,-1.1616279891901566e-14,7.30445989993367e-15
3.063,-1.1470764918107075e-14,7.197565651164275e-15
3.064,-1.1327054384990654e-14,7.092223552574535e-15
3.065,-1.1185126209589774e-14,6.9884112267680046e-15
3.066,-1.1044958574508195e-14,6.886106616790931e-15
3.067,-1.0906529924798061e-14,6.785287981573733e-15
3.068,-1.0769818964877374e-14,6.685933891436882e-15
3.069,-1.0634804655482448e-14,6.588023223660312e-15
3.07,-1.0501466210654965e-14,6.491535158115442e-15
3.071,-1.036978309476327e-14,6.396449172958947e-15
3.072,-1.0239735019557527e-14,6.3027450403874035e-15
3.073,-1.0111301941258384e-14,6.210402822451955e-15
3.074,-9.984464057678762e-15,6.119402866932163e-15
3.075,-9.85920180537843e-15,6.029725803268199e-15
3.076,-9.735495856851009e-15,5.94135253855057e-15
3.077,-9.613327117743037e-15,5.854264253566566e-15
3.078,-9.492676724104775e-15,5.768442398902625e-15
3.079,-9.373526039672373e-15,5.683868691101841e-15
3.08,-9.2558566531811e-15,5.600525108875836e-15
3.081,-9.139650375709249e-15,5.518393889370233e-15
3.082,-9.024889238052442e-15,5.43745752448297e-15
3.083,-8.91155548812794e-15,5.357698757234723e-15
3.084,-8.799631588408689e-15,5.2791005781906994e-15
3.085,-8.689100213386733e-15,5.20164622193308e-15
3.086,-8.579944247065706e-15,5.1253191635833995e-15
3.087,-8.472146780482061e-15,5.050103115374159e-15
3.088,-8.36569110925474e-15,4.975982023268987e-15
3.089,-8.260560731162954e-15,4.902940063630656e-15
3.09,-8.156739343751791e-15,4.830961639936289e-15
3.091,-8.05421084196532e-15,4.760031379539086e-15
3.092,-7.952959315806905e-15,4.690134130475925e-15
3.093,-7.852969048026437e-15,4.62125495832018e-15
3.094,-7.754224511834154e-15,4.553379143079133e-15
3.095,-7.65671036864081e-15,4.486492176135339e-15
3.096,-7.560411465823844e-15,4.42057975723134e-15
3.097,-7.465312834519316e-15,4.355627791497102e-15
3.098,-7.371399687439286e-15,4.29162238651959e-15
3.099,-7.278657416714376e-15,4.228549849453872e-15
3.1,-7.187071591761232e-15,4.1663966841751795e-15
3.101,-7.096627957174607e-15,4.105149588471346e-15
3.102,-7.007312430643805e-15,4.044795451275043e-15
3.103,-6.9191111008931944e-15,3.985321349935271e-15
3.104,-6.832010225646547e-15,3.926714547527541e-15
3.105,-6.7459962296149225e-15,3.868962490202204e-15
3.106,-6.661055702507853e-15,3.812052804570387e-15
3.107,-6.577175397067543e-15,3.755973295127021e-15
3.108,-6.494342227125863e-15,3.700711941710418e-15
3.109,-6.412543265683851e-15,3.6462568969978936e-15
3.11,-6.3317657430135e-15,3.592596484036928e-15
3.111,-6.251997044781553e-15,3.5397191938113562e-15
3.112,-6.173224710195095e-15,3.4876136828421065e-15
3.113,-6.095436430168666e-15,3.4362687708219855e-15
3.114,-6.018620045512674e-15,3.38567343828404e-15
3.115,-5.942763545142874e-15,3.33581682430302e-15
3.116,-5.8678550643106554e-15,3.286688224229473e-15
3.117,-5.793882882853929e-15,3.2382770874560135e-15
3.118,-5.72083542346837e-15,3.190573015215311e-15
3.119,-5.648701249998792e-15,3.14356575840935e-15
3.12,-5.577469065750429e-15,3.097245215469521e-15
3.121,-5.507127711819897e-15,3.051601430247109e-15
3.122,-5.437666165445619e-15,3.006624589933746e-15
3.123,-5.369073538377492e-15,2.9623050230114086e-15
3.124,-5.301339075265584e-15,2.9186331972315468e-15
3.125,-5.2344521520676416e-15,2.8755997176229216e-15
3.126,-5.168402274475199e-15,2.83319532452776e-15
3.127,-5.1031790763580804e-15,2.7914108916658162e-15
3.128,-5.038772318227088e-15,2.7502374242259547e-15
3.129,-4.975171885714669e-15,2.709666056984856e-15
3.13,-4.912367788073359e-15,2.669688052452473e-15
3.131,-4.850350156691805e-15,2.630294799043852e-15
3.132,-4.7891092436281626e-15,2.5914778092769495e-15
3.133,-4.7286354201606794e-15,2.5532287179960784e-15
3.134,-4.668919175355266e-15,2.5155392806206178e-15
3.135,-4.609951114649854e-15,2.4784013714186338e-15
3.136,-4.551721958455374e-15,2.4418069818050572e-15
3.137,-4.4942225407731376e-15,2.4057482186640704e-15
3.138,-4.437443807828457e-15,2.3702173026953624e-15
3.139,-4.38137681672031e-15,2.3352065667839144e-15
3.14,-4.326012734086874e-15,2.3007084543929843e-15
3.141,-4.2713428347867385e-15,2.2667155179799606e-15
3.142,-4.217358500595628e-15,2.233220417434762e-15
3.143,-4.164051218918455e-15,2.2002159185404658e-15
3.144,-4.111412581516531e-15,2.1676948914558505e-15
3.145,-4.059434283249757e-15,2.135650309219541e-15
3.146,-4.0081081208336295e-15,2.1040752462754525e-15
3.147,-3.957425991610891e-15,2.072962877019231e-15
3.148,-3.907379892337661e-15,2.0423064743653927e-15
3.149,-3.857961917983868e-15,2.0120994083348726e-15
3.15,-3.809164260547845e-15,1.98233514466269e-15
3.151,-3.760979207884902e-15,1.9530072434254473e-15
3.152,-3.713399142549733e-15,1.924109357688381e-15
3.153,-3.6664165406524826e-15,1.8956352321716913e-15
3.154,-3.620023970728338e-15,1.8675787019358734e-15
3.155,-3.574214092620471e-15,1.8399336910857815e-15
3.156,-3.528979656376186e-15,1.812694211493166e-15
3.157,-3.4843135011561283e-15,1.785854361537414e-15
3.158,-3.4402085541563896e-15,1.7594083248642418e-15
3.159,-3.396657829543375e-15,1.7333503691620828e-15
3.16,-3.3536544274012768e-15,1.7076748449559196e-15
3.161,-3.3111915326920164e-15,1.6823761844183147e-15
3.162,-3.2692624142275085e-15,1.6574489001973946e-15
3.163,-3.227860423654102e-15,1.632887584261549e-15
3.164,-3.1869789944490664e-15,1.608686906760606e-15
3.165,-3.1466116409289785e-15,1.5848416149032526e-15
3.166,-3.1067519572698722e-15,1.5613465318504662e-15
3.167,-3.067393616539019e-15,1.538196555624736e-15
3.168,-3.0285303697382073e-15,1.515386658034845e-15
3.169,-2.990156044858378e-15,1.4929118836159945e-15
3.17,-2.952264545945499e-15,1.4707673485850538e-15
3.171,-2.9148498521775366e-15,1.4489482398107208e-15
3.172,-2.877906016952405e-15,1.42744981379838e-15
3.173,-2.8414271669867606e-15,1.4062673956894522e-15
3.174,-2.8054075014255194e-15,1.3853963782750287e-15
3.175,-2.769841290961973e-15,1.3648322210235878e-15
3.176,-2.7347228769683786e-15,1.3445704491225944e-15
3.177,-2.7000466706369034e-15,1.3246066525337846e-15
3.178,-2.6658071521308063e-15,1.304936485061942e-15
3.179,-2.6319988697457304e-15,1.2855556634369748e-15
3.18,-2.5986164390809982e-15,1.2664599664091027e-15
3.181,-2.5656545422207868e-15,1.247645233856971e-15
3.182,-2.533107926925073e-15,1.2291073659085053e-15
3.183,-2.5009714058302314e-15,1.210842322074327e-15
3.184,-2.4692398556591756e-15,1.1928461203935528e-15
3.185,-2.4379082164409315e-15,1.1751148365917996e-15
3.186,-2.4069714907395305e-15,1.1576446032512245e-15
3.187,-2.3764247428921203e-15,1.1404316089924252e-15
3.188,-2.3462630982561766e-15,1.1234720976680375e-15
3.189,-2.316481742465721e-15,1.1067623675678592e-15
3.19,-2.2870759206964293e-15,1.0902987706353381e-15
3.191,-2.2580409369395365e-15,1.0740777116952648e-15
3.192,-2.2293721532844273e-15,1.0580956476925073e-15
3.193,-2.2010649892098168e-15,1.0423490869416338e-15
3.194,-2.1731149208834203e-15,1.026834588387268e-15
3.195,-2.1455174804700083e-15,1.0115487608750227e-15
3.196,-2.1182682554477578e-15,9.964882624328637e-16
3.197,-2.091362887932793e-15,9.81649799562756e-16
3.198,-2.064797074011827e-15,9.670301265424422e-16
3.199,-2.038566563082808e-15,9.52626044737215e-16
3.2,-2.0126671572034705e-15,9.38434401921536e-16
3.201,-1.9870947104477145e-15,9.24452091610365e-16
3.202,-1.961845128269698e-15,9.106760524000596e-16
3.203,-1.936914366875576e-15,8.971032673187094e-16
3.204,-1.9122984326027797e-15,8.837307631857712e-16
3.205,-1.887993381306754e-15,8.705556099808713e-16
3.206,-1.8639953177550683e-15,8.575749202216473e-16
3.207,-1.8403003950288087e-15,8.447858483504977e-16
3.208,-1.8169048139311695e-15,8.321855901301149e-16
3.209,-1.793804822403157e-15,8.197713820476753e-16
3.21,-1.7709967149463279e-15,8.075405007275639e-16
3.211,-1.7484768320524697e-15,7.954902623525116e-16
3.212,-1.726241559640152e-15,7.836180220930258e-16
3.213,-1.7042873284980613e-15,7.719211735449965e-16
3.214,-1.682610613735041e-15,7.603971481753595e-16
3.215,-1.6612079342367597e-15,7.490434147757064e-16
3.216,-1.6400758521289255e-15,7.378574789237226e-16
3.217,-1.619210972246975e-15,7.268368824523462e-16
3.218,-1.5986099416121558e-15,7.159792029265362e-16
3.219,-1.5782694489139287e-15,7.052820531275415e-16
3.22,-1.5581862239986173e-15,6.947430805445645e-16
3.221,-1.5383570373642261e-15,6.843599668737128e-16
3.222,-1.518778699661362e-15,6.741304275241369e-16
3.223,-1.4994480612001778e-15,6.640522111312497e-16
3.224,-1.4803620114632765e-15,6.54123099076929e-16
3.225,-1.4615174786244964e-15,6.443409050166007e-16
3.226,-1.4429114290735161e-15,6.347034744131073e-16
3.227,-1.4245408669462038e-15,6.252086840772635e-16
3.228,-1.4064028336606475e-15,6.158544417150042e-16
3.229,-1.3884944074587966e-15,6.066386854810306e-16
3.23,-1.3708127029536487e-15,5.975593835388612e-16
3.231,-1.3533548706819177e-15,5.886145336271982e-16
3.232,-1.3361180966621154e-15,5.798021626325174e-16
3.233,-1.3190996019579847e-15,5.711203261677935e-16
3.234,-1.3022966422472209e-15,5.625671081572734e-16
3.235,-1.2857065073954165e-15,5.541406204272112e-16
3.236,-1.2693265210351702e-15,5.458390023024799e-16
3.237,-1.2531540401502967e-15,5.376604202089755e-16
3.238,-1.2371864546650768e-15,5.29603067281732e-16
3.239,-1.2214211870384913e-15,5.216651629786637e-16
3.24,-1.2058556918633739e-15,5.138449526998577e-16
3.241,-1.1904874554704297e-15,5.061407074123335e-16
3.242,-1.175313995537058e-15,4.985507232801956e-16
3.243,-1.1603328607009257e-15,4.910733213000987e-16
3.244,-1.1455416301782303e-15,4.837068469419516e-16
3.245,-1.130937913386602e-15,4.764496697947859e-16
3.246,-1.1165193495725839e-15,4.69300183217712e-16
3.247,-1.102283607443642e-15,4.622568039958943e-16
3.248,-1.0882283848046455e-15,4.55317972001471e-16
3.249,-1.0743514081987674e-15,4.484821498593485e-16
3.25,-1.0606504325527522e-15,4.417478226178015e-16
3.251,-1.0471232408264972e-15,4.3511349742380905e-16
3.252,-1.033767643666899e-15,4.2857770320306003e-16
3.253,-1.0205814790659102e-15,4.2213899034456057e-16
3.254,-1.007562612022759e-15,4.157959303897777e-16
3.255,-9.947089342102821e-16,4.0954711572625473e-16
3.256,-9.820183636453208e-16,4.033911592856344e-16
3.257,-9.694888443631294e-16,3.973266942460266e-16
3.258,-9.57118346095755e-16,3.9135237373865855e-16
3.259,-9.449048639543315e-16,3.854668705587465e-16
3.26,-9.328464181152514e-16,3.796688768805284e-16
3.261,-9.20941053510159e-16,3.7395710397639814e-16
3.262,-9.091868395197283e-16,3.683302819400824e-16
3.263,-8.975818696711725e-16,3.6278715941380273e-16
3.264,-8.861242613394469e-16,3.573265033193658e-16
3.265,-8.748121554520962e-16,3.519470985931251e-16
3.266,-8.636437161977059e-16,3.466477479247597e-16
3.267,-8.526171307379115e-16,3.414272714998144e-16
3.268,-8.417306089229266e-16,3.3628450674594816e-16
3.269,-8.309823830105434e-16,3.3121830808283735e-16
3.27,-8.203707073885684e-16,3.262275466756821e-16
3.271,-8.098938583006481e-16,3.2131111019226334e-16
3.272,-7.995501335754469e-16,3.1646790256350037e-16
3.273,-7.893378523591354e-16,3.1169684374745863e-16
3.274,-7.792553548511498e-16,3.0699686949675825e-16
3.275,-7.693010020431836e-16,3.023669311293349e-16
3.276,-7.594731754613715e-16,2.9780599530250433e-16
3.277,-7.497702769116289e-16,2.9331304379028424e-16
3.278,-7.4019072822810705e-16,2.8888707326392623e-16
3.279,-7.307329710247284e-16,2.845270950756115e-16
3.28,-7.213954664497636e-16,2.802321350452663e-16
3.281,-7.121766949434138e-16,2.760012332504505e-16
3.282,-7.030751559983632e-16,2.718334438192774e-16
3.283,-6.940893679232648e-16,2.6772783472631966e-16
3.284,-6.85217867609124e-16,2.6368348759145904e-16
3.285,-6.764592102985467e-16,2.5969949748163887e-16
3.286,-6.67811969357815e-16,2.557749727154753e-16
3.287,-6.592747360517592e-16,2.519090346706891e-16
3.288,-6.508461193213896e-16,2.4810081759431525e-16
3.289,-6.425247455642568e-16,2.443494684156522e-16
3.29,-6.34309258417507e-16,2.406541465619101e-16
3.291,-6.261983185435993e-16,2.3701402377652076e-16
3.292,-6.181906034186533e-16,2.334282839400697e-16
3.293,-6.102848071233958e-16,2.2989612289381426e-16
3.294,-6.02479640136674e-16,2.264167482657488e-16
3.295,-5.94773829131505e-16,2.229893792991823e-16
3.296,-5.871661167736309e-16,2.196132466837913e-16
3.297,-5.796552615225492e-16,2.162875923891127e-16
3.298,-5.722400374349878e-16,2.1301166950044176e-16
3.299,-5.649192339707968e-16,2.0978474205710057e-16
3.3,-5.576916558012259e-16,2.0660608489304304e-16
3.301,-5.505561226195598e-16,2.0347498347976285e-16
3.302,-5.435114689540825e-16,2.0039073377147142e-16
3.303,-5.365565439833429e-16,1.97352642052513e-16
3.304,-5.296902113536928e-16,1.9436002478698518e-16
3.305,-5.229113489990707e-16,1.91412208470533e-16
3.306,-5.162188489630044e-16,1.8850852948428514e-16
3.307,-5.09611617222804e-16,1.8564833395090204e-16
3.308,-5.030885735159205e-16,1.8283097759270499e-16
3.309,-4.96648651168443e-16,1.8005582559185692e-16
3.31,-4.902907969257079e-16,1.7732225245256476e-16
3.311,-4.840139707849961e-16,1.7462964186527493e-16
3.312,-4.7781714583029135e-16,1.7197738657283293e-16
3.313,-4.71699308069075e-16,1.69364888238579e-16
3.314,-4.656594562711335e-16,1.6679155731635206e-16
3.315,-4.59696601809353e-16,1.6425681292237426e-16
3.316,-4.538097685024774e-16,1.6176008270898937e-16
3.317,-4.479979924598056e-16,1.593008027402284e-16
3.318,-4.422603219278058e-16,1.568784173691758e-16
3.319,-4.3659581713862134e-16,1.544923791171109e-16
3.32,-4.3100355016044667e-16,1.5214214855439856e-16
3.321,-4.2548260474975033e-16,1.498271941831043e-16
3.322,-4.200320762053226e-16,1.4754699232130873e-16
3.323,-4.146510712241248e-16,1.4530102698909724e-16
3.324,-4.0933870775891983e-16,1.430887897962005e-16
3.325,-4.040941148776604e-16,1.4090977983126216e-16
3.326,-3.9891643262461555e-16,1.3876350355271057e-16
3.327,-3.938048118832123e-16,1.3664947468121099e-16
3.328,-3.8875841424057344e-16,1.3456721409367588e-16
3.329,-3.837764118537291e-16,1.3251624971881082e-16
3.33,-3.7885798731748305e-16,1.3049611643417394e-16
3.331,-3.740023335339126e-16,1.285063559647268e-16
3.332,-3.6920865358348274e-16,1.2654651678285586e-16
3.333,-3.6447616059775463e-16,1.2461615400984274e-16
3.334,-3.5980407763366913e-16,1.2271482931876277e-16
3.335,-3.5519163754938576e-16,1.2084211083879121e-16
3.336,-3.506380828816587e-16,1.1899757306089692e-16
3.337,-3.4614266572473076e-16,1.1718079674490312e-16
3.338,-3.417046476107264e-16,1.1539136882789633e-16
3.339,-3.373232993915264e-16,1.1362888233396308e-16
3.34,-3.329979011221053e-16,1.1189293628523634e-16
3.341,-3.287277419453138e-16,1.1018313561423175e-16
3.342,-3.245121199780894e-16,1.0849909107745585e-16
3.343,-3.2035034219907605e-16,1.0684041917026767e-16
3.344,-3.162417243376375e-16,1.0520674204297561e-16
3.345,-3.1218559076424613e-16,1.0359768741815184e-16
3.346,-3.0818127438223053e-16,1.0201288850914677e-16
3.347,-3.042281165208658e-16,1.0045198393978605e-16
3.348,-3.0032546682978946e-16,9.891461766523343e-17
3.349,-2.9647268317472715e-16,9.740043889400224e-17
3.35,-2.92669131534512e-16,9.590910201109932e-17
3.351,-2.8891418589938183e-16,9.444026650228477e-17
3.352,-2.852072281705385e-16,9.299359687943162e-17
3.353,-2.8154764806095385e-16,9.156876260696954e-17
3.354,-2.779348429974072e-16,9.016543802939675e-17
3.355,-2.743682180237391e-16,8.87833022998451e-17
3.356,-2.708471857053066e-16,8.742203930968271e-17
3.357,-2.6737116603462523e-16,8.608133761913953e-17
3.358,-2.6393958633818285e-16,8.476089038894089e-17
3.359,-2.6055188118441166e-16,8.346039531293448e-17
3.36,-2.572074922928035e-16,8.217955455169666e-17
3.361,-2.539058684441549e-16,8.091807466710353e-17
3.362,-2.506464653919275e-16,7.967566655785328e-17
3.363,-2.474287457747108e-16,7.845204539592584e-17
3.364,-2.4425217902977315e-16,7.724693056396641e-17
3.365,-2.4111624130768777e-16,7.606004559357931e-17
3.366,-2.380204153880208e-16,7.489111810451946e-17
3.367,-2.349641905960682e-16,7.373987974476791e-17
3.368,-2.319470627206283e-16,7.260606613147927e-17
3.369,-2.28968533932798e-16,7.1489416792788e-17
3.37,-2.260281127057794e-16,7.038967511046133e-17
3.371,-2.2312531373568424e-16,6.930658826338669e-17
3.372,-2.2025965786332517e-16,6.823990717188124e-17
3.373,-2.1743067199697993e-16,6.71893864428121e-17
3.374,-2.146378890361179e-16,6.615478431551512e-17
3.375,-2.118808477960765e-16,6.513586260850095e-17
3.376,-2.0915909293367576e-16,6.413238666693691e-17
3.377,-2.0647217487375978e-16,6.314412531089338e-17
3.378,-2.0381964973665357e-16,6.217085078434391e-17
3.379,-2.0120107926652383e-16,6.121233870490776e-17
3.38,-1.986160307606327e-16,6.026836801432458e-17
3.381,-1.9606407699947355e-16,5.933872092965023e-17
3.382,-1.935447961777776e-16,5.842318289516368e-17
3.383,-1.9105777183638122e-16,5.752154253497433e-17
3.384,-1.8860259279494254e-16,5.663359160632004e-17
3.385,-1.8617885308549775e-16,5.57591249535454e-17
3.386,-1.8378615188684588e-16,5.4897940462750944e-17
3.387,-1.8142409345975266e-16,5.404983901710303e-17
3.388,-1.7909228708296262e-16,5.3214624452795304e-17
3.389,-1.7679034699000997e-16,5.2392103515652034e-17
3.39,-1.7451789230681833e-16,5.1582085818364123e-17
3.391,-1.7227454699007913e-16,5.0784383798348634e-17
3.392,-1.7005993976639985e-16,4.999881267622281e-17
3.393,-1.6787370407221182e-16,4.922519041488367e-17
3.394,-1.6571547799442866e-16,4.846333767918444e-17
3.395,-1.6358490421184603e-16,4.771307779619911e-17
3.396,-1.6148162993727337e-16,4.697423671606675e-17
3.397,-1.5940530686038869e-16,4.624664297340697e-17
3.398,-1.5735559109130755e-16,4.553012764929851e-17
3.399,-1.5533214310485724e-16,4.482452433381249e-17
3.4,-1.5333462768554763e-16,4.412966908909267e-17
3.401,-1.5136271387322972e-16,4.3445400412974365e-17
3.402,-1.4941607490943407e-16,4.277155920313463e-17
3.403,-1.474943881843798e-16,4.210798872176564e-17
3.404,-1.4559733518464665e-16,4.1454534560764e-17
3.405,-1.437246014415014e-16,4.081104460742829e-17
3.406,-1.4187587647987082e-16,4.0177369010657515e-17
3.407,-1.4005085376795316e-16,3.955336014764337e-17
3.408,-1.3824923066745984e-16,3.8938872591048875e-17
3.409,-1.3647070838448021e-16,3.833376307666658e-17
3.41,-1.3471499192096117e-16,3.773789047154924e-17
3.411,-1.3298179002679415e-16,3.7151115742606175e-17
3.412,-1.312708151525021e-16,3.65733019256585e-17
3.413,-1.2958178340251883e-16,3.6004314094946687e-17
3.414,-1.2791441448905335e-16,3.5444019333083685e-17
3.415,-1.2626843168653234e-16,3.4892286701447414e-17
3.416,-1.2464356178661298e-16,3.434898721100601e-17
3.417,-1.2303953505375957e-16,3.3813993793569666e-17
3.418,-1.2145608518137687e-16,3.328718127346286e-17
3.419,-1.1989294924849277e-16,3.276842633961085e-17
3.42,-1.1834986767698434e-16,3.225760751803446e-17
3.421,-1.1682658418933965e-16,3.175460514474715e-17
3.422,-1.1532284576694936e-16,3.125930133904864e-17
3.423,-1.1383840260892107e-16,3.0771579977209215e-17
3.424,-1.123730080914102e-16,3.029132666653916e-17
3.425,-1.109264187274609e-16,2.981842871983761e-17
3.426,-1.0949839412735067e-16,2.935277513021539e-17
3.427,-1.0808869695943235e-16,2.8894256546286367e-17
3.428,-1.0669709291146745e-16,2.8442765247722004e-17
3.429,-1.0532335065244462e-16,2.799819512116377e-17
3.43,-1.0396724179487728e-16,2.7560441636488268e-17
3.431,-1.0262854085757437e-16,2.712940182341997e-17
3.432,-1.0130702522887846e-16,2.6704974248486404e-17
3.433,-1.0000247513036532e-16,2.628705899231094e-17
3.434,-9.871467358099925e-17,2.587555762723818e-17
3.435,-9.74434063617385e-17,2.5470373195287157e-17
3.436,-9.618846198058517e-17,2.5071410186427586e-17
3.437,-9.49496316380741e-17,2.4678574517174412e-17
3.438,-9.372670919319519e-17,2.42917735094961e-17
3.439,-9.251949112974391e-17,2.3910915870032065e-17
3.44,-9.132777652309455e-17,2.3535911669614722e-17
3.441,-9.015136700739095e-17,2.3166672323091795e-17
3.442,-8.899006674314958e-17,2.2803110569444443e-17
3.443,-8.784368238526987e-17,2.2445140452196943e-17
3.444,-8.671202305144652e-17,2.2092677300113676e-17
3.445,-8.559490029097907e-17,2.1745637708179227e-17
3.446,-8.449212805397342e-17,2.1403939518857494e-17
3.447,-8.340352266093092e-17,2.1067501803625735e-17
3.448,-8.232890277271962e-17,2.0736244844779544e-17
3.449,-8.126808936092339e-17,2.041009011750483e-17
3.45,-8.022090567856395e-17,2.0088960272212895e-17
3.451,-7.918717723119124e-17,1.977277911713479e-17
3.452,-7.81667317483375e-17,1.9461471601171163e-17
3.453,-7.715939915533061e-17,1.9154963796993893e-17
3.454,-7.616501154546211e-17,1.8853182884395828e-17
3.455,-7.518340315250548e-17,1.855605713388501e-17
3.456,-7.421441032358046e-17,1.8263515890519853e-17
3.457,-7.325787149235887e-17,1.797548955798172e-17
3.458,-7.231362715260785e-17,1.7691909582881487e-17
3.459,-7.13815198320662e-17,1.7412708439296638e-17
3.46,-7.046139406664971e-17,1.713781961353556e-17
3.461,-6.95530963749814e-17,1.6867177589125724e-17
3.462,-6.865647523324254e-17,1.6600717832022475e-17
3.463,-6.777138105034044e-17,1.6338376776035234e-17
3.464,-6.689766614338927e-17,1.608009180846791e-17
3.465,-6.603518471349959e-17,1.5825801255970442e-17
3.466,-6.518379282187316e-17,1.5575444370598346e-17
3.467,-6.434334836619895e-17,1.5328961316077273e-17
3.468,-6.351371105734664e-17,1.5086293154269557e-17
3.469,-6.269474239635399e-17,1.4847381831839818e-17
3.47,-6.188630565170428e-17,1.461217016711674e-17
3.471,-6.108826583689021e-17,1.43806018371481e-17
3.472,-6.030048968826086e-17,1.4152621364946287e-17
3.473,-5.952284564314783e-17,1.3928174106921514e-17
3.474,-5.875520381826744e-17,1.3707206240499962e-17
3.475,-5.799743598839525e-17,1.3489664751924189e-17
3.476,-5.724941556530963e-17,1.3275497424233108e-17
3.477,-5.651101757700109e-17,1.3064652825418947e-17
3.478,-5.578211864714371e-17,1.285708029675858e-17
3.479,-5.50625969748259e-17,1.2652729941316702e-17
3.48,-5.43523323145368e-17,1.2451552612618308e-17
3.481,-5.365120595640531e-17,1.2253499903488052e-17
3.482,-5.29591007066886e-17,1.2058524135053993e-17
3.483,-5.2275900868506935e-17,1.186657834591337e-17
3.484,-5.1601492222821727e-17,1.1677616281458003e-17
3.485,-5.093576200965378e-17,1.149159238335703e-17
3.486,-5.0278598909538724e-17,1.1308461779194621e-17
3.487,-4.9629893025216657e-17,1.1128180272260479e-17
3.488,-4.8989535863553065e-17,1.0950704331490807e-17
3.489,-4.835742031768814e-17,1.077599108155763e-17
3.49,-4.7733440649411576e-17,1.0603998293104227e-17
3.491,-4.711749247176008e-17,1.043468437312459e-17
3.492,-4.650947273183479e-17,1.0268008355484777e-17
3.493,-4.590927969383583e-17,1.0103929891584083e-17
3.494,-4.5316812922311284e-17,9.942409241153994e-18
3.495,-4.473197326561786e-17,9.783407263192913e-18
3.496,-4.4154662839590733e-17,9.626885407034644e-18
3.497,-4.3584785011419704e-17,9.472805703548717e-18
3.498,-4.3022244383729366e-17,9.321130756470578e-18
3.499,-4.246694677886044e-17,9.171823733859798e-18
3.5,-4.1918799223349995e-17,9.02484835968436e-18
3.501,-4.13777099326079e-17,8.880168905529258e-18
3.502,-4.08435882957871e-17,8.737750182427503e-18
3.503,-4.031634486084531e-17,8.597557532811818e-18
3.504,-3.9795891319795647e-17,8.459556822585204e-18
3.505,-3.9282140494143917e-17,8.323714433308659e-18
3.506,-3.8775006320510167e-17,8.189997254504333e-18
3.507,-3.827440383643216e-17,8.058372676072416e-18
3.508,-3.7780249166348545e-17,7.928808580820113e-18
3.509,-3.729245950775945e-17,7.801273337101032e-18
3.51,-3.681095311756223e-17,7.67573579156341e-18
3.511,-3.633564929856022e-17,7.552165262005535e-18
3.512,-3.586646838614227e-17,7.430531530336834e-18
3.513,-3.5403331735131e-17,7.31080483564305e-18
3.514,-3.494616170679752e-17,7.192955867353988e-18
3.515,-3.449488165604066e-17,7.076955758512347e-18
3.516,-3.404941591872854e-17,6.962776079142117e-18
3.517,-3.360968979920053e-17,6.850388829715113e-18
3.518,-3.317562955792746e-17,6.739766434714201e-18
3.519,-3.2747162399328235e-17,6.6308817362917776e-18
3.52,-3.2324216459740765e-17,6.523707988022134e-18
3.521,-3.1906720795545345e-17,6.418218848746303e-18
3.522,-3.149460537143854e-17,6.31438837650805e-18
3.523,-3.108780104885566e-17,6.212191022579658e-18
3.524,-3.068623957453999e-17,6.111601625576191e-18
3.525,-3.028985356925695e-17,6.012595405656945e-18
3.526,-2.989857651665126e-17,5.915147958812793e-18
3.527,-2.951234275224543e-17,5.8192352512381795e-18
3.528,-2.9131087452577707e-17,5.724833613786504e-18
3.529,-2.8754746624477776e-17,5.631919736507677e-18
3.53,-2.838325709447848e-17,5.540470663266649e-18
3.531,-2.801655649836179e-17,5.450463786441714e-18
3.532,-2.7654583270837366e-17,5.3618768417014026e-18
3.533,-2.729727663535212e-17,5.274687902858849e-18
3.534,-2.6944576594028957e-17,5.188875376802449e-18
3.535,-2.6596423917733242e-17,5.104417998501714e-18
3.536,-2.6252760136265257e-17,5.0212948260872146e-18
3.537,-2.5913527528677135e-17,4.93948523600351e-18
3.538,-2.5578669113712678e-17,4.858968918234007e-18
3.539,-2.5248128640368492e-17,4.779725871596679e-18
3.54,-2.4921850578574934e-17,4.701736399109612e-18
3.541,-2.4599780109995367e-17,4.624981103425341e-18
3.542,-2.4281863118942193e-17,4.549440882332975e-18
3.543,-2.3968046183408237e-17,4.475096924327103e-18
3.544,-2.3658276566211992e-17,4.401930704242514e-18
3.545,-2.3352502206255297e-17,4.3299239789537374e-18
3.546,-2.3050671709892065e-17,4.259058783138481e-18
3.547,-2.2752734342406595e-17,4.1893174251039984e-18
3.548,-2.2458640019600143e-17,4.120682482675479e-18
3.549,-2.216833929948435e-17,4.053136799145538e-18
3.55,-2.1881783374080206e-17,3.9866634792839054e-18
3.551,-2.159892406132119e-17,3.9212458854064344e-18
3.552,-2.1319713797059297e-17,3.856867633502553e-18
3.553,-2.104410562717263e-17,3.7935125894202956e-18
3.554,-2.077205319977329e-17,3.731164865108067e-18
3.555,-2.0503510757514306e-17,3.669808814912309e-18
3.556,-2.0238433129994314e-17,3.6094290319302336e-18
3.557,-1.9976775726258813e-17,3.5500103444168254e-18
3.558,-1.9718494527396707e-17,3.491537812245306e-18
3.559,-1.9463546079231002e-17,3.4339967234202694e-18
3.56,-1.92118874851024e-17,3.3773725906427197e-18
3.561,-1.8963476398744667e-17,3.321651147926242e-18
3.562,-1.8718271017250604e-17,3.2668183472635496e-18
3.563,-1.8476230074127442e-17,3.2128603553426724e-18
3.564,-1.823731283244059e-17,3.1597635503120456e-18
3.565,-1.800147907804456e-17,3.1075145185937844e-18
3.566,-1.776868911290001e-17,3.0561000517444284e-18
3.567,-1.7538903748475808e-17,3.0055071433624625e-18
3.568,-1.7312084299234996e-17,2.955722986041914e-18
3.569,-1.7088192576203695e-17,2.906734968371355e-18
3.57,-1.686719088062177e-17,2.8585306719776365e-18
3.571,-1.664904199767435e-17,2.8110978686136934e-18
3.572,-1.6433709190303078e-17,2.7644245172897692e-18
3.573,-1.6221156193096144e-17,2.718498761447422e-18
3.574,-1.6011347206256075e-17,2.673308926175679e-18
3.575,-1.5804246889644336e-17,2.628843515468714e-18
3.576,-1.559982035690169e-17,2.5850912095244385e-18
3.577,-1.5398033169643476e-17,2.5420408620834033e-18
3.578,-1.5198851331728726e-17,2.4996814978074085e-18
3.579,-1.5002241283602304e-17,2.4580023096972404e-18
3.58,-1.4808169896709065e-17,2.416992656548957e-18
3.581,-1.4616604467979154e-17,2.3766420604481505e-18
3.582,-1.4427512714383535e-17,2.336940204301625e-18
3.583,-1.424086276755887e-17,2.2978769294059396e-18
3.584,-1.405662316850086e-17,2.259442233052267e-18
3.585,-1.387476286232519e-17,2.2216262661670376e-18
3.586,-1.3695251193095207e-17,2.1844193309878285e-18
3.587,-1.3518057898715505e-17,2.1478118787739907e-18
3.588,-1.3343153105890574e-17,2.1117945075514887e-18
3.589,-1.317050732514767e-17,2.076357959891451e-18
3.59,-1.300009144592314e-17,2.0414931207219326e-18
3.591,-1.2831876731711337e-17,2.0071910151723996e-18
3.592,-1.2665834815275378e-17,1.973442806450448e-18
3.593,-1.2501937693918952e-17,1.9402397937502806e-18
3.594,-1.234015772481838e-17,1.9075734101924742e-18
3.595,-1.2180467620414199e-17,1.8754352207945714e-18
3.596,-1.2022840443861484e-17,1.8438169204720424e-18
3.597,-1.1867249604538187e-17,1.812710332069164e-18
3.598,-1.1713668853610744e-17,1.7821074044193753e-18
3.599,-1.1562072279656224e-17,1.7520002104346742e-18
3.6,-1.1412434304340312e-17,1.7223809452236215e-18
3.601,-1.1264729678150409e-17,1.6932419242375293e-18
3.602,-1.1118933476183154e-17,1.6645755814444192e-18
3.603,-1.0975021093985675e-17,1.6363744675303345e-18
3.604,-1.0832968243449892e-17,1.6086312481276032e-18
3.605,-1.0692750948759195e-17,1.5813387020696522e-18
3.606,-1.0554345542386835e-17,1.5544897196719782e-18
3.607,-1.0417728661145365e-17,1.528077301038887e-18
3.608,-1.0282877242286498e-17,1.5020945543956222e-18
3.609,-1.0149768519650721e-17,1.476534694445501e-18
3.61,-1.001838001986606e-17,1.4513910407516917e-18
3.611,-9.888689558595336e-18,1.4266570161432643e-18
3.612,-9.760675236831347e-18,1.402326145145154e-18
3.613,-9.634315437239309e-18,1.378392052431684e-18
3.614,-9.509588820546001e-18,1.3548484613032962e-18
3.615,-9.386474321975012e-18,1.3316891921861485e-18
3.616,-9.26495114772747e-18,1.3089081611542334e-18
3.617,-9.144998771507741e-18,1.2864993784736896e-18
3.618,-9.026596931093455e-18,1.2644569471689738e-18
3.619,-8.909725624949348e-18,1.2427750616105682e-18
3.62,-8.794365108884348e-18,1.2214480061239031e-18
3.621,-8.680495892751338e-18,1.2004701536191828e-18
3.622,-8.568098737189084e-18,1.1798359642417995e-18
3.623,-8.457154650405762e-18,1.159539984043032e-18
3.624,-8.347644885003592e-18,1.1395768436707274e-18
3.625,-8.239550934844004e-18,1.119941257079669e-18
3.626,-8.132854531952889e-18,1.1006280202613351e-18
3.627,-8.02753764346535e-18,1.0816320099927652e-18
3.628,-7.92358246860952e-18,1.0629481826042435e-18
3.629,-7.820971435728908e-18,1.0445715727655255e-18
3.63,-7.719687199342785e-18,1.0264972922903275e-18
3.631,-7.61971263724415e-18,1.0087205289588095e-18
3.632,-7.521030847634785e-18,9.912365453577834e-19
3.633,-7.423625146296911e-18,9.740406777383825e-19
3.634,-7.327479063801012e-18,9.571283348909319e-19
3.635,-7.232576342749342e-18,9.404949970367639e-19
3.636,-7.138900935054668e-18,9.241362147367277e-19
3.637,-7.046436999253807e-18,9.080476078161418e-19
3.638,-6.955168897855502e-18,8.922248643059473e-19
3.639,-6.8650811947222184e-18,8.766637393998184e-19
3.64,-6.7761586524854075e-18,8.613600544269935e-19
3.641,-6.688386229993827e-18,8.463096958405922e-19
3.642,-6.601749079794491e-18,8.315086142211883e-19
3.643,-6.51623254564584e-18,8.169528232954104e-19
3.644,-6.43182216006271e-18,8.026383989693457e-19
3.645,-6.348503641892712e-18,7.885614783765287e-19
3.646,-6.2662628939236e-18,7.74718258940294e-19
3.647,-6.18508600052126e-18,7.611049974502811e-19
3.648,-6.104959225297905e-18,7.477180091528808e-19
3.649,-6.025869008810108e-18,7.345536668554119e-19
3.65,-5.947801966286288e-18,7.216084000438275e-19
3.651,-5.870744885383267e-18,7.088786940137458e-19
3.652,-5.79468472397154e-18,6.963610890146081e-19
3.653,-5.719608607948888e-18,6.840521794067678e-19
3.654,-5.645503829081963e-18,6.719486128313172e-19
3.655,-5.5723578428755055e-18,6.600470893924614e-19
3.656,-5.500158266468831e-18,6.483443608522533e-19
3.657,-5.428892876559239e-18,6.368372298375038e-19
3.658,-5.3585496073520055e-18,6.255225490586854e-19
3.659,-5.289116548536619e-18,6.143972205406517e-19
3.66,-5.220581943288927e-18,6.034581948649927e-19
3.661,-5.152934186298851e-18,5.927024704238566e-19
3.662,-5.08616182182337e-18,5.821270926850625e-19
3.663,-5.020253541764416e-18,5.717291534683384e-19
3.664,-4.9551981837713985e-18,5.615057902325155e-19
3.665,-4.890984729368017e-18,5.514541853735171e-19
3.666,-4.827602302103067e-18,5.415715655329797e-19
3.667,-4.765040165724928e-18,5.318552009173469e-19
3.668,-4.7032877223794356e-18,5.223024046272807e-19
3.669,-4.642334510830832e-18,5.129105319972336e-19
3.67,-4.582170204705507e-18,5.036769799450324e-19
3.671,-4.5227846107582414e-18,4.945991863313211e-19
3.672,-4.4641676671606544e-18,4.85674629328717e-19
3.673,-4.406309441811582e-18,4.769008268005339e-19
3.674,-4.34920013066911e-18,4.68275335688929e-19
3.675,-4.2928300561039624e-18,4.5979575141233345e-19
3.676,-4.237189665274011e-18,4.51459707272025e-19
3.677,-4.182269528519595e-18,4.4326487386771e-19
3.678,-4.1280603377794204e-18,4.352089585219738e-19
3.679,-4.074552905026747e-18,4.272897047134734e-19
3.68,-4.021738160725636e-18,4.1950489151873584e-19
3.681,-3.969607152306964e-18,4.1185233306243567e-19
3.682,-3.918151042663989e-18,4.0432987797602475e-19
3.683,-3.867361108667193e-18,3.969354088645878e-19
3.684,-3.817228739698166e-18,3.8966684178180133e-19
3.685,-3.767745436202283e-18,3.825221257128742e-19
3.686,-3.7189028082599394e-18,3.754992420653491e-19
3.687,-3.6706925741761085e-18,3.68596204167649e-19
3.688,-3.6231065590879786e-18,3.6181105677524986e-19
3.689,-3.576136693590447e-18,3.551418755843673e-19
3.69,-3.529775012379241e-18,3.4858676675304303e-19
3.691,-3.484013652911436e-18,3.421438664295203e-19
3.692,-3.438844854083162e-18,3.358113402877996e-19
3.693,-3.3942609549242543e-18,3.295873830702651e-19
3.694,-3.350254393309665e-18,3.2347021813727767e-19
3.695,-3.306817704687387e-18,3.174580970236282e-19
3.696,-3.2639435208227085e-18,3.115492990017487e-19
3.697,-3.2216245685585684e-18,3.057421306515797e-19
3.698,-3.1798536685918196e-18,3.000349254369937e-19
3.699,-3.1386237342651916e-18,2.944260432886764e-19
3.7,-3.097927770374752e-18,2.8891387019336793e-19
3.701,-3.0577588719926707e-18,2.8349681778936903e-19
3.702,-3.018110223305088e-18,2.7817332296821803e-19
3.703,-2.978975096464901e-18,2.729418474824448e-19
3.704,-2.940346850459264e-18,2.6780087755931186e-19
3.705,-2.902218929991632e-18,2.627489235204505e-19
3.706,-2.864584864378145e-18,2.5778451940730523e-19
3.707,-2.8274382664581833e-18,2.5290622261229743e-19
3.708,-2.7907728315189015e-18,2.481126135156232e-19
3.709,-2.7545823362335723e-18,2.4340229512759986e-19
3.71,-2.7188606376135542e-18,2.387738927364779e-19
3.711,-2.6836016719737186e-18,2.3422605356163573e-19
3.712,-2.648799453911153e-18,2.297574464120767e-19
3.713,-2.6144480752969827e-18,2.253667613501474e-19
3.714,-2.580541704281133e-18,2.2105270936039996e-19
3.715,-2.5470745843098715e-18,2.1681402202351921e-19
3.716,-2.5140410331559666e-18,2.1264945119523985e-19
3.717,-2.4814354419613e-18,2.085577686901771e-19
3.718,-2.4492522742917736e-18,2.0453776597049758e-19
3.719,-2.417486065204355e-18,2.0058825383935697e-19
3.72,-2.386131420326104e-18,1.9670806213903248e-19
3.721,-2.355183014945028e-18,1.9289603945367955e-19
3.722,-2.324635593112618e-18,1.8915105281664286e-19
3.723,-2.294483966757908e-18,1.8547198742225253e-19
3.724,-2.26472301481292e-18,1.818577463420385e-19
3.725,-2.235347682349339e-18,1.7830725024529556e-19
3.726,-2.2063529797262835e-18,1.7481943712393398e-19
3.727,-2.1777339817490242e-18,1.713932620215505e-19
3.728,-2.149485826838508e-18,1.680276967666561e-19
3.729,-2.121603716211559e-18,1.647217297099979e-19
3.73,-2.0940829130716086e-18,1.6147436546591276e-19
3.731,-2.0669187418098268e-18,1.582846246576523e-19
3.732,-2.04010658721652e-18,1.5515154366661872e-19
3.733,-2.0136418937026618e-18,1.5207417438545241e-19
3.734,-1.987520164531431e-18,1.4905158397491354e-19
3.735,-1.9617369610596222e-18,1.4608285462449923e-19
3.736,-1.936287901988813e-18,1.4316708331674088e-19
3.737,-1.9111686626261507e-18,1.403033815951251e-19
3.738,-1.886374974154643e-18,1.374908753355838e-19
3.739,-1.8619026229128306e-18,1.3472870452149923e-19
3.74,-1.8377474496837184e-18,1.3201602302217106e-19
3.741,-1.8139053489928475e-18,1.293519983746922e-19
3.742,-1.790372268415395e-18,1.26735811569183e-19
3.743,-1.7671442078921787e-18,1.2416665683733165e-19
3.744,-1.7442172190544585e-18,1.2164374144419153e-19
3.745,-1.7215874045574203e-18,1.1916628548318579e-19
3.746,-1.699250917422229e-18,1.1673352167427051e-19
3.747,-1.6772039603865438e-18,1.1434469516520877e-19
3.748,-1.655442785263386e-18,1.1199906333590797e-19
3.749,-1.6339636923082504e-18,1.0969589560577456e-19
3.75,-1.6127630295943595e-18,1.0743447324403985e-19
3.751,-1.5918371923959502e-18,1.0521408918301203e-19
3.752,-1.5711826225794949e-18,1.0303404783421003e-19
3.753,-1.5507958080027522e-18,1.0089366490733529e-19
3.754,-1.5306732819215491e-18,9.879226723203852e-20
3.755,-1.5108116224041927e-18,9.672919258243886e-20
3.756,-1.4912074517534175e-18,9.47037895043536e-20
3.757,-1.4718574359357673e-18,9.271541714519751e-20
3.758,-1.452758284018321e-18,9.076344508651092e-20
3.759,-1.433906747612663e-18,8.884725317907664e-20
3.76,-1.4152996203260102e-18,8.696623138058656e-20
3.761,-1.3969337372194004e-18,8.511977959581892e-20
3.762,-1.3788059742728534e-18,8.330730751928809e-20
3.763,-1.3609132478574142e-18,8.152823448032945e-20
3.764,-1.3432525142139911e-18,7.978198929058206e-20
3.765,-1.3258207689389006e-18,7.806801009383269e-20
3.766,-1.3086150464760327e-18,7.638574421818539e-20
3.767,-1.2916324196155551e-18,7.473464803052103e-20
3.768,-1.274869998999066e-18,7.311418679321201e-20
3.769,-1.2583249326311194e-18,7.152383452305778e-20
3.77,-1.2419944053970373e-18,6.996307385240732e-20
3.771,-1.2258756385869282e-18,6.843139589243529e-20
3.772,-1.2099658894258347e-18,6.69283000985389e-20
3.773,-1.1942624506099288e-18,6.545329413782335e-20
3.774,-1.178762649848679e-18,6.400589375864386e-20
3.775,-1.1634638494129115e-18,6.258562266217298e-20
3.776,-1.1483634456886913e-18,6.119201237596219e-20
3.777,-1.1334588687369461e-18,5.982460212946752e-20
3.778,-1.118747581858763e-18,5.848293873150916e-20
3.779,-1.1042270811662799e-18,5.71665764496353e-20
3.78,-1.089894895159106e-18,5.587507689136157e-20
3.781,-1.0757485843061947e-18,5.460800888725708e-20
3.782,-1.0617857406331028e-18,5.3364948375848955e-20
3.783,-1.0480039873145653e-18,5.2145478290317635e-20
3.784,-1.0344009782723172e-18,5.0949188446955535e-20
3.785,-1.0209743977780957e-18,4.977567543536207e-20
3.786,-1.0077219600617568e-18,4.862454251034859e-20
3.787,-9.946414089244383e-19,4.7495399485527e-20
3.788,-9.817305173567074e-19,4.6387862628556335e-20
3.789,-9.689870871616266e-19,4.530155455802195e-20
3.79,-9.564089485826754e-19,4.423610414192231e-20
3.791,-9.439939599364667e-19,4.31911463977388e-20
3.792,-9.317400072501942e-19,4.21663223940643e-20
3.793,-9.196450039037509e-19,4.116127915376669e-20
3.794,-9.077068902764593e-19,4.017566955866372e-20
3.795,-8.959236333983538e-19,3.920915225568616e-20
3.796,-8.842932266059564e-19,3.826139156450638e-20
3.797,-8.72813689202487e-19,3.7332057386609914e-20
3.798,-8.61483066122455e-19,3.642082511578791e-20
3.799,-8.502994276005705e-19,3.552737555002861e-20
3.8,-8.392608688449247e-19,3.465139480478653e-20
3.801,-8.283655097143812e-19,3.379257422760806e-20
3.802,-8.176114944001257e-19,3.2950610314092766e-20
3.803,-8.069969911113208e-19,3.21252046251699e-20
3.804,-7.965201917648112e-19,3.1316063705669856e-20
3.805,-7.861793116788299e-19,3.052289900417077e-20
3.806,-7.759725892706525e-19,2.9745426794100633e-20
3.807,-7.658982857581486e-19,2.898336809607564e-20
3.808,-7.559546848651806e-19,2.8236448601455773e-20
3.809,-7.461400925308018e-19,2.7504398597098985e-20
3.81,-7.364528366222019e-19,2.6786952891295392e-20
3.811,-7.268912666513543e-19,2.6083850740863546e-20
3.812,-7.174537534953174e-19,2.5394835779390736e-20
3.813,-7.081386891201411e-19,2.471965594659981e-20
3.814,-6.989444863083343e-19,2.4058063418825187e-20
3.815,-6.898695783898463e-19,2.3409814540580922e-20
3.816,-6.809124189765172e-19,2.2774669757204104e-20
3.817,-6.720714816999528e-19,2.2152393548556957e-20
3.818,-6.633452599527804e-19,2.1542754363771357e-20
3.819,-6.547322666332409e-19,2.0945524557019747e-20
3.82,-6.462310338930749e-19,2.0360480324296567e-20
3.821,-6.378401128886613e-19,1.978740164119468e-20
3.822,-6.295580735353649e-19,1.9226072201661427e-20
3.823,-6.213835042650527e-19,1.8676279357719215e-20
3.824,-6.133150117867388e-19,1.8137814060135748e-20
3.825,-6.0535122085031515e-19,1.7610470800029274e-20
3.826,-5.97490774013332e-19,1.7094047551394398e-20
3.827,-5.89732331410786e-19,1.6588345714534254e-20
3.828,-5.820745705278778e-19,1.6093170060385052e-20
3.829,-5.745161859757025e-19,1.560832867571922e-20
3.83,-5.670558892698334e-19,1.5133632909213546e-20
3.831,-5.59692408611762e-19,1.4668897318368996e-20
3.832,-5.524244886731593e-19,1.421393961726899e-20
3.833,-5.452508903829191e-19,1.3768580625163227e-20
3.834,-5.38170390716951e-19,1.3332644215864277e-20
3.835,-5.311817824906842e-19,1.2905957267944339e-20
3.836,-5.2428387415425e-19,1.248834961571983e-20
3.837,-5.174754895903068e-19,1.2079654001011589e-20
3.838,-5.107554679144749e-19,1.1679706025668687e-20
3.839,-5.041226632783458e-19,1.1288344104844043e-20
3.84,-4.975759446750344e-19,1.0905409421010168e-20
3.841,-4.911141957472416e-19,1.0530745878703611e-20
3.842,-4.847363145977924e-19,1.0164200059986782e-20
3.843,-4.784412136026214e-19,9.805621180616046e-21
3.844,-4.722278192261705e-19,9.454861046905152e-21
3.845,-4.66095071839171e-19,9.111774013273183e-21
3.846,-4.600419255387767e-19,8.776216940466443e-21
3.847,-4.540673479710196e-19,8.448049154443796e-21
3.848,-4.481703201555572e-19,8.127132405915175e-21
3.849,-4.423498363126823e-19,7.813330830523121e-21
3.85,-4.366049036925666e-19,7.50651090965736e-21
3.851,-4.3093454240670836e-19,7.206541431892589e-21
3.852,-4.253377852615563e-19,6.91329345503979e-21
3.853,-4.198136775942821e-19,6.6266402688015256e-21
3.854,-4.1436127711067264e-19,6.346457358021847e-21
3.855,-4.089796537251162e-19,6.072622366521551e-21
3.856,-4.0366788940265446e-19,5.805015061509684e-21
3.857,-3.9842507800307395e-19,5.543517298562337e-21
3.858,-3.9325032512701133e-19,5.2880129871598895e-21
3.859,-3.881427479640455e-19,5.038388056774019e-21
3.86,-3.8310147514275184e-19,4.7945304234959105e-21
3.861,-3.781256465826929e-19,4.556329957197234e-21
3.862,-3.7321441334832056e-19,4.323678449215599e-21
3.863,-3.6836693750476524e-19,4.096469580556296e-21
3.864,-3.6358239197548744e-19,3.8745988906022874e-21
3.865,-3.5885996040176836e-19,3.657963746324529e-21
3.866,-3.5419883700401504e-19,3.446463311984791e-21
3.867,-3.4959822644485713e-19,3.239998519323329e-21
3.868,-3.4505734369401228e-19,3.0384720382238045e-21
3.869,-3.405754138948969e-19,2.84178824784803e-21
3.87,-3.361516722329603e-19,2.6498532082331836e-21
3.871,-3.3178536380571964e-19,2.4625746323442797e-21
3.872,-3.2747574349447417e-19,2.2798618585747754e-21
3.873,-3.2322207583767616e-19,2.1016258236883098e-21
3.874,-3.190236349059389e-19,1.9277790361946805e-21
3.875,-3.1487970417865843e-19,1.7582355501532636e-21
3.876,-3.107895764222307e-19,1.5929109393971893e-21
3.877,-3.0675255356984084e-19,1.4317222721716926e-21
3.878,-3.0276794660280705e-19,1.274588086180149e-21
3.879,-2.9883507543345675e-19,1.121428364031417e-21
3.88,-2.9495326878951676e-19,9.721645090821984e-22
3.881,-2.9112186409999716e-19,8.267193216682257e-22
3.882,-2.873402073825501e-19,6.850169757181876e-22
3.883,-2.8360765313228395e-19,5.46982995744384e-22
3.884,-2.7992356421201484e-19,4.1254423420421e-22
3.885,-2.7628731174393605e-19,2.816288492266448e-22
3.886,-2.726982750026879e-19,1.5416628269802193e-22
3.887,-2.6915584130980956e-19,3.00872387014378e-23
3.888,-2.6565940592955486e-19,-9.067633769575279e-23
3.889,-2.6220837196605525e-19,-2.0819128131182319e-22
3.89,-2.588021502618113e-19,-3.225232273833263e-22
3.891,-2.554401592974969e-19,-4.337366317658121e-22
3.892,-2.5212182509305827e-19,-5.418947908078299e-22
3.893,-2.4884658111009193e-19,-6.470598609033544e-22
3.894,-2.4561386815548382e-19,-7.4929287772769515e-22
3.895,-2.42423134286295e-19,-8.486537751618696e-22
3.896,-2.392738347158765e-19,-9.45201403910347e-22
3.897,-2.36165431721198e-19,-1.0389935498169892e-21
3.898,-2.3309739455137473e-19,-1.1300869518839462e-21
3.899,-2.3006919933737697e-19,-1.2185373199981838e-21
3.9,-2.2708032900290693e-19,-1.3043993523702563e-21
3.901,-2.241302731764279e-19,-1.3877267526898593e-21
3.902,-2.212185281043311e-19,-1.4685722470026317e-21
3.903,-2.1834459656522503e-19,-1.546987600312606e-21
3.904,-2.1550798778533328e-19,-1.6230236329146352e-21
3.905,-2.1270821735498636e-19,-1.696730236461064e-21
3.906,-2.0994480714619326e-19,-1.7681563897668406e-21
3.907,-2.0721728523127914e-19,-1.837350174357199e-21
3.908,-2.0452518580257503e-19,-1.904358789761989e-21
3.909,-2.0186804909314632e-19,-1.9692285685606503e-21
3.91,-1.9924542129854624e-19,-2.032004991181783e-21
3.911,-1.9665685449958156e-19,-2.0927327004611947e-21
3.912,-1.9410190658607687e-19,-2.1514555159622446e-21
3.913,-1.9158014118162531e-19,-2.208216448062254e-21
3.914,-1.8909112756931216e-19,-2.2630577118086853e-21
3.915,-1.8663444061839942e-19,-2.3160207405487383e-21
3.916,-1.8420966071195853e-19,-2.3671461993359554e-21
3.917,-1.8181637367543948e-19,-2.4164739981173724e-21
3.918,-1.7945417070616342e-19,-2.4640433047046965e-21
3.919,-1.7712264830372785e-19,-2.5098925575329378e-21
3.92,-1.7482140820131177e-19,-2.554059478209866e-21
3.921,-1.7255005729786954e-19,-2.596581083859622e-21
3.922,-1.7030820759120206e-19,-2.637493699263743e-21
3.923,-1.6809547611189378e-19,-2.6768329688028334e-21
3.924,-1.659114848581042e-19,-2.714633868202035e-21
3.925,-1.637558607312033e-19,-2.7509307160834375e-21
3.926,-1.6162823547223956e-19,-2.7857571853284786e-21
3.927,-1.5952824559923e-19,-2.8191463142533748e-21
3.928,-1.5745553234526165e-19,-2.8511305176005512e-21
3.929,-1.5540974159739387e-19,-2.881741597349004e-21
3.93,-1.5339052383635124e-19,-2.9110107533464783e-21
3.931,-1.5139753407699692e-19,-2.9389685937663052e-21
3.932,-1.494304318095761e-19,-2.9656451453916907e-21
3.933,-1.4748888094171984e-19,-2.99106986373021e-21
3.934,-1.4557254974119955e-19,-3.015271642961217e-21
3.935,-1.4368111077942204e-19,-3.0382788257188382e-21
3.936,-1.4181424087565607e-19,-3.06011921271317e-21
3.937,-1.399716210419804e-19,-3.080820072192276e-21
3.938,-1.3815293642894464e-19,-3.1004081492475167e-21
3.939,-1.3635787627193306e-19,-3.118909674964723e-21
3.94,-1.3458613383822285e-19,-3.1363503754236803e-21
3.941,-1.3283740637472735e-19,-3.1527554805483473e-21
3.942,-1.3111139505641583e-19,-3.1681497328101986e-21
3.943,-1.2940780493540078e-19,-3.1825573957870476e-21
3.944,-1.277263448906843e-19,-3.1960022625796612e-21
3.945,-1.260667275785548e-19,-3.208507664088445e-21
3.946,-1.2442866938362593e-19,-3.2200964771524487e-21
3.947,-1.2281189037050933e-19,-3.2307911325528908e-21
3.948,-1.212161142361127e-19,-3.2406136228833865e-21
3.949,-1.1964106826255573e-19,-3.249585510289011e-21
3.95,-1.180864832706953e-19,-3.257727934076309e-21
3.951,-1.165520935742524e-19,-3.2650616181963255e-21
3.952,-1.1503763693453302e-19,-3.27160687860269e-21
3.953,-1.1354285451573509e-19,-3.2773836304867767e-21
3.954,-1.1206749084083408e-19,-3.282411395391909e-21
3.955,-1.1061129374803988e-19,-3.2867093082085547e-21
3.956,-1.0917401434781728e-19,-3.2902961240524357e-21
3.957,-1.0775540698046295e-19,-3.29319022502743e-21
3.958,-1.0635522917423178e-19,-3.295409626875128e-21
3.959,-1.0497324160400535e-19,-3.2969719855128667e-21
3.96,-1.036092080504956e-19,-3.2978946034620454e-21
3.961,-1.0226289535997672e-19,-3.2981944361684877e-21
3.962,-1.0093407340453847e-19,-3.297888098216599e-21
3.963,-9.962251504285428e-20,-3.2969918694390252e-21
3.964,-9.832799608145719e-20,-3.2955217009235155e-21
3.965,-9.705029523651748e-20,-3.2934932209186347e-21
3.966,-9.578919409611515e-20,-3.2909217406399737e-21
3.967,-9.454447708300097e-20,-3.2878222599784623e-21
3.968,-9.331593141783988e-20,-3.284209473112368e-21
3.969,-9.210334708293032e-20,-3.280097774024546e-21
3.97,-9.090651678639358e-20,-3.2755012619264685e-21
3.971,-8.972523592682673e-20,-3.2704337465905513e-21
3.972,-8.855930255841362e-20,-3.264908753592258e-21
3.973,-8.740851735648754e-20,-3.2589395294634527e-21
3.974,-8.627268358353998e-20,-3.2525390467584336e-21
3.975,-8.515160705566975e-20,-3.2457200090340765e-21
3.976,-8.40450961094666e-20,-3.2384948557454716e-21
3.977,-8.295296156932375e-20,-3.2308757670584355e-21
3.978,-8.187501671517396e-20,-3.2228746685802484e-21
3.979,-8.081107725064341e-20,-3.214503236009945e-21
3.98,-7.976096127161818e-20,-3.2057728997094708e-21
3.981,-7.872448923521791e-20,-3.1966948491969927e-21
3.982,-7.770148392917135e-20,-3.187280037563629e-21
3.983,-7.66917704415887e-20,-3.1775391858148534e-21
3.984,-7.569517613112548e-20,-3.1674827871377953e-21
3.985,-7.471153059753298e-20,-3.1571211110956496e-21
3.986,-7.374066565259022e-20,-3.1464642077503843e-21
3.987,-7.278241529141252e-20,-3.135521911714918e-21
3.988,-7.183661566413176e-20,-3.1243038461359203e-21
3.989,-7.090310504794359e-20,-3.112819426608367e-21
3.99,-6.998172381951679e-20,-3.1010778650229713e-21
3.991,-6.907231442776011e-20,-3.0890881733475837e-21
3.992,-6.817472136694201e-20,-3.0768591673436478e-21
3.993,-6.728879115015862e-20,-3.064399470218771e-21
3.994,-6.64143722831455e-20,-3.051717516216462e-21
3.995,-6.555131523842889e-20,-3.038821554144063e-21
3.996,-6.469947242981161e-20,-3.025719650839888e-21
3.997,-6.385869818718986e-20,-3.0124196945805753e-21
3.998,-6.302884873169622e-20,-2.9989293984296236e-21
3.999,-6.220978215116474e-20,-2.9852563035280862e-21
4.0,-6.140135837591409e-20,-2.971407782328377e-21
