M omega,Re(tilde_Psi_4),Im(tilde_Psi_4)
-4.0,1.492033653108197e-20,9.234789048938157e-21
-3.999,1.5101845581385678e-20,9.35309902722311e-21
-3.998,1.5285559060749952e-20,9.472923310289302e-21
-3.997,1.5471503693356157e-20,9.59428126253577e-21
-3.996,1.5659706526715414e-20,9.717192495757679e-21
-3.995,1.585019493557189e-20,9.84167687230408e-21
-3.994,1.60429966258531e-20,9.967754508275927e-21
-3.993,1.623813963866777e-20,1.0095445776764858e-20
-3.992,1.6435652354351835e-20,1.02247713111333e-20
-3.991,1.6635563496563193e-20,1.0355752008336385e-20
-3.99,1.6837902136425728e-20,1.0488409032286231e-20
-3.989,1.7042697696723232e-20,1.0622763817259117e-20
-3.988,1.7249979956143855e-20,1.0758838071346104e-20
-3.987,1.7459779053575623e-20,1.0896653779947663e-20
-3.986,1.7672125492453698e-20,1.103623320931284e-20
-3.985,1.788705014515995e-20,1.1177598910123577e-20
-3.984,1.810458425747553e-20,1.1320773721124707e-20
-3.983,1.8324759453087006e-20,1.1465780772800251e-20
-3.982,1.8547607738146776e-20,1.1612643491096577e-20
-3.981,1.8773161505888356e-20,1.1761385601193037e-20
-3.98,1.9001453541297238e-20,1.1912031131320667e-20
-3.979,1.9232517025837958e-20,1.206460441662959e-20
-3.978,1.9466385542238076e-20,1.2219130103105715e-20
-3.977,1.9703093079329727e-20,1.2375633151537368e-20
-3.976,1.9942674036949436e-20,1.253413884153251e-20
-3.975,2.018516323089692e-20,1.2694672775587151e-20
-3.974,2.0430595897953564e-20,1.2857260883205647e-20
-3.973,2.0679007700961278e-20,1.3021929425073516e-20
-3.972,2.0930434733962486e-20,1.3188704997283453e-20
-3.971,2.118491352740198e-20,1.3357614535615226e-20
-3.97,2.144248105339134e-20,1.352868531987012e-20
-3.969,2.1703174731036722e-20,1.3701944978260656e-20
-3.968,2.196703243183074e-20,1.387742149185625e-20
-3.967,2.2234092485109235e-20,1.4055143199085547e-20
-3.966,2.25043936835737e-20,1.4235138800296172e-20
-3.965,2.2777975288880124e-20,1.4417437362372568e-20
-3.964,2.3054877037295096e-20,1.460206832341274e-20
-3.963,2.333513914541996e-20,1.4789061497464572e-20
-3.962,2.36188023159838e-20,1.4978447079322556e-20
-3.961,2.3905907743706148e-20,1.5170255649385637e-20
-3.96,2.4196497121230202e-20,1.536451817857699e-20
-3.959,2.4490612645127398e-20,1.5561266033326515e-20
-3.958,2.478829702197424e-20,1.576053098061682e-20
-3.957,2.5089593474502195e-20,1.5962345193093537e-20
-3.956,2.5394545747821568e-20,1.616674125424077e-20
-3.955,2.5703198115720233e-20,1.637375216362251e-20
-3.954,2.6015595387038118e-20,1.6583411342190858e-20
-3.953,2.6331782912118333e-20,1.679575263766189e-20
-3.952,2.6651806589335923e-20,1.701081032996005e-20
-3.951,2.6975712871705085e-20,1.722861913673195e-20
-3.95,2.730354877356587e-20,1.7449214218930406e-20
-3.949,2.763536187735126e-20,1.7672631186469683e-20
-3.948,2.797120034043568e-20,1.7898906103952775e-20
-3.947,2.831111290206574e-20,1.8128075496471714e-20
-3.946,2.8655148890374454e-20,1.8360176355481774e-20
-3.945,2.900335822947965e-20,1.8595246144750552e-20
-3.944,2.935579144666784e-20,1.883332280638286e-20
-3.943,2.9712499679664375e-20,1.9074444766922404e-20
-3.942,3.007353468399103e-20,1.9318650943531207e-20
-3.941,3.0438948840412066e-20,1.9565980750247797e-20
-3.94,3.080879516246973e-20,1.9816474104325143e-20
-3.939,3.118312730411041e-20,2.0070171432649346e-20
-3.938,3.1561999567402435e-20,2.0327113678240144e-20
-3.937,3.1945466910346594e-20,2.0587342306834237e-20
-3.936,3.2333584954780613e-20,2.085089931355251e-20
-3.935,3.2726409994378556e-20,2.1117827229652212e-20
-3.934,3.312399900274643e-20,2.138816912936518e-20
-3.933,3.3526409641615065e-20,2.1661968636823197e-20
-3.932,3.3933700269131407e-20,2.193926993307159e-20
-3.931,3.434592994824952e-20,2.2220117763172197e-20
-3.93,3.47631584552224e-20,2.2504557443396852e-20
-3.929,3.518544628819577e-20,2.2792634868512512e-20
-3.928,3.5612854675905234e-20,2.3084396519159215e-20
-3.927,3.604544558647786e-20,2.3379889469322043e-20
-3.926,3.648328173633956e-20,2.36791613938983e-20
-3.925,3.692642659922944e-20,2.3982260576361083e-20
-3.924,3.73749444153225e-20,2.428923591652051e-20
-3.923,3.782890020046191e-20,2.460013693838383e-20
-3.922,3.828835975550219e-20,2.491501379811567e-20
-3.921,3.875338967576466e-20,2.5233917292099715e-20
-3.92,3.9224057360606413e-20,2.555689886510308e-20
-3.919,3.9700431023104317e-20,2.5884010618544715e-20
-3.918,4.0182579699855244e-20,2.621530531886912e-20
-3.917,4.067057326089411e-20,2.6550836406026783e-20
-3.916,4.116448241973096e-20,2.6890658002062633e-20
-3.915,4.166437874350862e-20,2.7234824919813894e-20
-3.914,4.2170334663282384e-20,2.758339267171878e-20
-3.913,4.2682423484423095e-20,2.7936417478737365e-20
-3.912,4.320071939714521e-20,2.829395627938614e-20
-3.911,4.372529748716125e-20,2.865606673888763e-20
-3.91,4.4256233746464237e-20,2.902280725843656e-20
-3.909,4.479360508423954e-20,2.939423698458411e-20
-3.908,4.5337489337907817e-20,2.977041581874166e-20
-3.907,4.588796528430048e-20,3.015140442680562e-20
-3.906,4.6445112650969406e-20,3.053726424890483e-20
-3.905,4.700901212763236e-20,3.092805750927218e-20
-3.904,4.7579745377755905e-20,3.132384722624197e-20
-3.903,4.8157395050277273e-20,3.172469722237451e-20
-3.902,4.874204479146707e-20,3.213067213470983e-20
-3.901,4.933377925693426e-20,3.2541837425151904e-20
-3.9,4.9932684123775365e-20,3.295825939098515e-20
-3.899,5.053884610286941e-20,3.338000517552491e-20
-3.898,5.1152352951320513e-20,3.380714277890355e-20
-3.897,5.177329348504976e-20,3.423974106899399e-20
-3.896,5.240175759153824e-20,3.4677869792472276e-20
-3.895,5.303783624272303e-20,3.512159958602116e-20
-3.894,5.368162150804789e-20,3.557100198767628e-20
-3.893,5.433320656767065e-20,3.60261494483169e-20
-3.892,5.499268572582905e-20,3.648711534330297e-20
-3.891,5.566015442436694e-20,3.695397398426039e-20
-3.89,5.633570925642285e-20,3.742680063101642e-20
-3.889,5.701944798028275e-20,3.7905671503687014e-20
-3.888,5.771146953339908e-20,3.839066379491814e-20
-3.887,5.841187404657792e-20,3.888185568228299e-20
-3.886,5.91207628583364e-20,3.937932634083706e-20
-3.885,5.98382385294324e-20,3.988315595583314e-20
-3.884,6.056440485756848e-20,4.0393425735598154e-20
-3.883,6.12993668922722e-20,4.09102179245741e-20
-3.882,6.20432309499551e-20,4.1433615816524955e-20
-3.881,6.279610462915207e-20,4.196370376791179e-20
-3.88,6.355809682594371e-20,4.250056721143825e-20
-3.879,6.432931774956361e-20,4.304429266976844e-20
-3.878,6.510987893819278e-20,4.359496776941956e-20
-3.877,6.589989327494359e-20,4.415268125483142e-20
-3.876,6.66994750040353e-20,4.4717523002615077e-20
-3.875,6.750873974716374e-20,4.528958403598298e-20
-3.874,6.832780452006713e-20,4.586895653936275e-20
-3.873,6.915678774929061e-20,4.6455733873197154e-20
-3.872,6.999580928915186e-20,4.7050010588932434e-20
-3.871,7.084499043891009e-20,4.76518824441975e-20
-3.87,7.170445396014087e-20,4.8261446418176434e-20
-3.869,7.257432409431933e-20,4.887880072717665e-20
-3.868,7.345472658061416e-20,4.9504044840395334e-20
-3.867,7.434578867389498e-20,5.01372794958866e-20
-3.866,7.524763916295542e-20,5.0778606716731904e-20
-3.865,7.616040838895494e-20,5.14281298274164e-20
-3.864,7.708422826408145e-20,5.2085953470413735e-20
-3.863,7.801923229043781e-20,5.275218362298202e-20
-3.862,7.89655555791547e-20,5.3426927614173637e-20
-3.861,7.992333486973241e-20,5.411029414206156e-20
-3.86,8.089270854961475e-20,5.480239329118503e-20
-3.859,8.187381667399731e-20,5.550333655021732e-20
-3.858,8.286680098587317e-20,5.621323682985839e-20
-3.857,8.387180493631893e-20,5.693220848095533e-20
-3.856,8.48889737050238e-20,5.766036731285351e-20
-3.855,8.591845422106462e-20,5.83978306119813e-20
-3.854,8.696039518392995e-20,5.914471716067144e-20
-3.853,8.801494708479599e-20,5.990114725622191e-20
-3.852,8.908226222805744e-20,6.066724273019947e-20
-3.851,9.016249475311638e-20,6.144312696798901e-20
-3.85,9.125580065643216e-20,6.222892492859159e-20
-3.849,9.236233781383545e-20,6.302476316467463e-20
-3.848,9.348226600310961e-20,6.383076984287727e-20
-3.847,9.461574692684264e-20,6.464707476437411e-20
-3.846,9.576294423555282e-20,6.54738093857009e-20
-3.845,9.692402355109136e-20,6.631110683984506e-20
-3.844,9.809915249032534e-20,6.715910195760485e-20
-3.843,9.928850068910442e-20,6.801793128922032e-20
-3.842,1.0049223982651452e-19,6.888773312627954e-20
-3.841,1.0171054364942199e-19,6.976864752390369e-20
-3.84,1.0294358799731175e-19,7.06608163232146e-20
-3.839,1.041915508274228e-19,7.156438317408804e-20
-3.838,1.0545461224018496e-19,7.247949355819683e-20
-3.837,1.0673295450495983e-19,7.340629481234704e-20
-3.836,1.0802676208609043e-19,7.434493615211126e-20
-3.835,1.093362216692623e-19,7.529556869576273e-20
-3.834,1.1066152218818072e-19,7.62583454885139e-20
-3.833,1.1200285485156671e-19,7.723342152706361e-20
-3.832,1.1336041317047699e-19,7.822095378445659e-20
-3.831,1.1473439298595023e-19,7.922110123525936e-20
-3.83,1.1612499249698495e-19,8.023402488105651e-20
-3.829,1.1753241228885185e-19,8.125988777627146e-20
-3.828,1.189568553617453e-19,8.229885505431568e-20
-3.827,1.2039852715977765e-19,8.335109395407098e-20
-3.826,1.218576356003208e-19,8.44167738467084e-20
-3.825,1.2333439110369862e-19,8.549606626284868e-20
-3.824,1.2482900662323504e-19,8.658914492006828e-20
-3.823,1.263416976756617e-19,8.769618575075526e-20
-3.822,1.2787268237188925e-19,8.881736693031983e-20
-3.821,1.2942218144814727e-19,8.995286890576375e-20
-3.82,1.3099041829749656e-19,9.110287442461325e-20
-3.819,1.3257761900171857e-19,9.226756856422015e-20
-3.818,1.3418401236358645e-19,9.344713876143585e-20
-3.817,1.3580982993952212e-19,9.464177484266272e-20
-3.816,1.374553060726442e-19,9.585166905428805e-20
-3.815,1.3912067792621128e-19,9.707701609350511e-20
-3.814,1.4080618551746511e-19,9.831801313952644e-20
-3.813,1.4251207175187892e-19,9.957485988519416e-20
-3.812,1.4423858245781533e-19,1.008477585689926e-19
-3.811,1.459859664215988e-19,1.0213691400746812e-19
-3.81,1.477544754230075e-19,1.0344253362806148e-19
-3.809,1.495443642711901e-19,1.0476482750235782e-19
-3.808,1.5135589084101159e-19,1.0610400837975978e-19
-3.807,1.5318931610983415e-19,1.0746029172158894e-19
-3.806,1.5504490419473792e-19,1.0883389573562112e-19
-3.805,1.5692292239018659e-19,1.1022504141106104e-19
-3.804,1.588236412061438e-19,1.1163395255396197e-19
-3.803,1.6074733440664495e-19,1.1306085582309584e-19
-3.802,1.626942790488306e-19,1.1450598076627987e-19
-3.801,1.646647555224463e-19,1.1596955985716512e-19
-3.8,1.666590475898148e-19,1.1745182853249317e-19
-3.799,1.6867744242628618e-19,1.1895302522982667e-19
-3.798,1.7072023066117156e-19,1.2047339142575987e-19
-3.797,1.7278770641916623e-19,1.2201317167461532e-19
-3.796,1.7488016736226778e-19,1.2357261364763258e-19
-3.795,1.7699791473219553e-19,1.251519681726556e-19
-3.794,1.791412533933169e-19,1.267514892743249e-19
-3.793,1.813104918760869e-19,1.2837143421478104e-19
-3.792,1.8350594242100674e-19,1.3001206353488562e-19
-3.791,1.8572792102310803e-19,1.3167364109596689e-19
-3.79,1.8797674747696835e-19,1.3335643412209607e-19
-3.789,1.9025274542226503e-19,1.3506071324290169e-19
-3.788,1.9255624238987312e-19,1.3678675253692815e-19
-3.787,1.9488756984851438e-19,1.385348295755461e-19
-3.786,1.9724706325196354e-19,1.4030522546742098e-19
-3.785,1.9963506208681877e-19,1.4209822490354746e-19
-3.784,2.0205190992084272e-19,1.439141162028564e-19
-3.783,2.044979544518813e-19,1.45753191358402e-19
-3.782,2.0697354755736677e-19,1.4761574608413626e-19
-3.781,2.094790453444124e-19,1.4950207986227846e-19
-3.78,2.120148082005053e-19,1.5141249599128687e-19
-3.779,2.14581200844805e-19,1.5334730163444085e-19
-3.778,2.1717859238005477e-19,1.5530680786904042e-19
-3.777,2.1980735634511283e-19,1.572913297362318e-19
-3.776,2.224678707681114e-19,1.5930118629146658e-19
-3.775,2.2516051822024997e-19,1.6133670065560234e-19
-3.774,2.2788568587023173e-19,1.6339820006665336e-19
-3.773,2.306437655393496e-19,1.6548601593219942e-19
-3.772,2.3343515375723042e-19,1.6760048388246076e-19
-3.771,2.3626025181824455e-19,1.6974194382404839e-19
-3.77,2.391194658385891e-19,1.7191073999439754e-19
-3.769,2.4201320681405287e-19,1.741072210168935e-19
-3.768,2.4494189067847087e-19,1.763317399566983e-19
-3.767,2.479059383628768e-19,1.7858465437728743e-19
-3.766,2.5090577585536153e-19,1.808663263977052e-19
-3.765,2.539418342616466e-19,1.8317712275054843e-19
-3.764,2.570145498663804e-19,1.8551741484068707e-19
-3.763,2.601243641951662e-19,1.8788757880473182e-19
-3.762,2.6327172407733053e-19,1.9028799557125755e-19
-3.761,2.66457081709441e-19,1.9271905092179263e-19
-3.76,2.696808947195819e-19,1.9518113555258366e-19
-3.759,2.72943626232397e-19,1.976746451371455e-19
-3.758,2.762457449349085e-19,2.0019998038960651e-19
-3.757,2.795877251431222e-19,2.0275754712885932e-19
-3.756,2.8297004686942604e-19,2.0534775634352693e-19
-3.755,2.863931958907944e-19,2.079710242577552e-19
-3.754,2.89857663817805e-19,2.1062777239784122e-19
-3.753,2.933639481644803e-19,2.1331842765970933e-19
-3.752,2.9691255241896123e-19,2.1604342237724452e-19
-3.751,3.0050398611502495e-19,2.188031943914948e-19
-3.75,3.0413876490445506e-19,2.215981871207534e-19
-3.749,3.0781741063027583e-19,2.2442884963153136e-19
-3.748,3.115404514008594e-19,2.2729563671043325e-19
-3.747,3.153084216649174e-19,2.3019900893694587e-19
-3.746,3.1912186228738683e-19,2.3313943275715243e-19
-3.745,3.2298132062622105e-19,2.3611738055838393e-19
-3.744,3.268873506100969e-19,2.3913333074481946e-19
-3.743,3.3084051281704796e-19,2.421877678140474e-19
-3.742,3.348413745540363e-19,2.452811824345998e-19
-3.741,3.388905099374725e-19,2.484140715244726e-19
-3.74,3.4298849997469603e-19,2.515869383306435e-19
-3.739,3.471359326464275e-19,2.5480029250960106e-19
-3.738,3.5133340299020336e-19,2.5805465020889687e-19
-3.737,3.55581513184806e-19,2.613505341497348e-19
-3.736,3.5988087263570004e-19,2.6468847371060974e-19
-3.735,3.6423209806148734e-19,2.6806900501200933e-19
-3.734,3.6863581358139252e-19,2.7149267100219243e-19
-3.733,3.730926508037914e-19,2.7496002154405783e-19
-3.732,3.776032489157948e-19,2.7847161350311694e-19
-3.731,3.8216825477389993e-19,2.8202801083658464e-19
-3.73,3.867883229957223e-19,2.8562978468360236e-19
-3.729,3.914641160528209e-19,2.8927751345660804e-19
-3.728,3.9619630436462976e-19,2.9297178293386694e-19
-3.727,4.009855663935086e-19,2.967131863531788e-19
-3.726,4.0583258874092653e-19,3.005023245067758e-19
-3.725,4.1073806624479163e-19,3.0433980583742616e-19
-3.724,4.1570270207794005e-19,3.0822624653575977e-19
-3.723,4.207272078477991e-19,3.1216227063883016e-19
-3.722,4.258123036972373e-19,3.1614851012992905e-19
-3.721,4.3095871840661616e-19,3.2018560503966935e-19
-3.72,4.361671894970575e-19,3.24274203548353e-19
-3.719,4.414384633349411e-19,3.2841496208963918e-19
-3.718,4.467732952376472e-19,3.3260854545553018e-19
-3.717,4.52172449580558e-19,3.368556269026913e-19
-3.716,4.576366999053345e-19,3.411568882601218e-19
-3.715,4.631668290294821e-19,3.455130200381938e-19
-3.714,4.687636291572216e-19,3.4992472153907684e-19
-3.713,4.744279019916803e-19,3.5439270096856584e-19
-3.712,4.80160458848419e-19,3.589176755493295e-19
-3.711,4.859621207703116e-19,3.6350037163559783e-19
-3.71,4.918337186437914e-19,3.681415248293071e-19
-3.709,4.977760933164826e-19,3.728418800977204e-19
-3.708,5.037900957162314e-19,3.7760219189254234e-19
-3.707,5.098765869715553e-19,3.8242322427054776e-19
-3.706,5.160364385335252e-19,3.873057510157426e-19
-3.705,5.222705322990992e-19,3.9225055576307687e-19
-3.704,5.285797607359239e-19,3.972584321237298e-19
-3.703,5.349650270086222e-19,4.0233018381198616e-19
-3.702,5.414272451065832e-19,4.0746662477372496e-19
-3.701,5.479673399732731e-19,4.1266857931654015e-19
-3.7,5.545862476370864e-19,4.179368822415149e-19
-3.699,5.6128491534375235e-19,4.2327237897666934e-19
-3.698,5.680643016903185e-19,4.2867592571210415e-19
-3.697,5.749253767607285e-19,4.341483895368607e-19
-3.696,5.818691222630119e-19,4.3969064857752e-19
-3.695,5.888965316681077e-19,4.45303592138562e-19
-3.694,5.96008610350339e-19,4.509881208445083e-19
-3.693,6.032063757295589e-19,4.567451467838702e-19
-3.692,6.104908574149871e-19,4.62575593654926e-19
-3.691,6.1786309735075855e-19,4.684803969133485e-19
-3.69,6.253241499632021e-19,4.744605039217097e-19
-3.689,6.328750823098723e-19,4.805168741008835e-19
-3.688,6.405169742303529e-19,4.866504790833712e-19
-3.687,6.482509184988542e-19,4.928623028685755e-19
-3.686,6.560780209786253e-19,4.991533419800464e-19
-3.685,6.639994007782026e-19,5.05524605624724e-19
-3.684,6.720161904095166e-19,5.119771158542042e-19
-3.683,6.801295359478778e-19,5.185119077280532e-19
-3.682,6.883405971938665e-19,5.251300294791955e-19
-3.681,6.966505478371458e-19,5.318325426814027e-19
-3.68,7.050605756222236e-19,5.386205224189103e-19
-3.679,7.135718825161842e-19,5.45495057458187e-19
-3.678,7.221856848784143e-19,5.52457250421888e-19
-3.677,7.309032136323467e-19,5.595082179650152e-19
-3.676,7.397257144392457e-19,5.666490909533162e-19
-3.675,7.486544478740573e-19,5.738810146439483e-19
-3.674,7.576906896033502e-19,5.812051488684371e-19
-3.673,7.668357305653714e-19,5.886226682179588e-19
-3.672,7.760908771522418e-19,5.961347622309745e-19
-3.671,7.854574513943162e-19,6.037426355832489e-19
-3.67,7.949367911467353e-19,6.114475082802809e-19
-3.669,8.045302502781932e-19,6.192506158521779e-19
-3.668,8.142391988619483e-19,6.271532095510053e-19
-3.667,8.240650233691039e-19,6.351565565506422e-19
-3.666,8.340091268641845e-19,6.432619401491736e-19
-3.665,8.4407292920303575e-19,6.514706599738544e-19
-3.664,8.542578672330757e-19,6.5978403218867475e-19
-3.663,8.64565394995924e-19,6.682033897045617e-19
-3.662,8.749969839324384e-19,6.767300823922496e-19
-3.661,8.855541230901864e-19,6.853654772978534e-19
-3.66,8.962383193333814e-19,6.941109588611798e-19
-3.659,9.070510975553112e-19,7.0296792913680925e-19
-3.658,9.1799400089329e-19,7.119378080179857e-19
-3.657,9.290685909461622e-19,7.210220334633493e-19
-3.656,9.402764479943901e-19,7.30222061726547e-19
-3.655,9.516191712227527e-19,7.395393675887591e-19
-3.654,9.63098378945691e-19,7.4897544459417785e-19
-3.653,9.747157088353264e-19,7.585318052884755e-19
-3.652,9.864728181521888e-19,7.682099814602998e-19
-3.651,9.983713839786797e-19,7.780115243858364e-19
-3.65,1.0104131034553112e-18,7.879380050764749e-19
-3.649,1.0225996940197448e-18,7.979910145296193e-19
-3.648,1.0349328936486706e-18,8.081721639826842e-19
-3.647,1.047414461102555e-18,8.184830851703124e-19
-3.646,1.060046176173295e-18,8.289254305848614e-19
-3.645,1.0728298399348085e-18,8.395008737401931e-19
-3.644,1.0857672749966022e-18,8.502111094388155e-19
-3.643,1.0988603257603445e-18,8.610578540424136e-19
-3.642,1.1121108586794849e-18,8.720428457458141e-19
-3.641,1.1255207625219527e-18,8.8316784485443e-19
-3.64,1.1390919486359728e-18,8.944346340652243e-19
-3.639,1.152826351219035e-18,9.058450187512424e-19
-3.638,1.1667259275900526e-18,9.17400827249755e-19
-3.637,1.1807926584647515e-18,9.291039111540586e-19
-3.636,1.1950285482343238e-18,9.409561456089799e-19
-3.635,1.2094356252473875e-18,9.529594296101315e-19
-3.634,1.2240159420952895e-18,9.651156863069653e-19
-3.633,1.2387715759007926e-18,9.774268633096723e-19
-3.632,1.2537046286101855e-18,9.898949329999789e-19
-3.631,1.268817227288857e-18,1.002521892845886e-18
-3.63,1.2841115244203743e-18,1.0153097657204045e-18
-3.629,1.2995896982091078e-18,1.0282606002243352e-18
-3.628,1.3152539528864432e-18,1.0413764710131456e-18
-3.627,1.3311065190206252e-18,1.054659479127995e-18
-3.626,1.3471496538302718e-18,1.0681117523309609e-18
-3.625,1.3633856415016078e-18,1.0817354454445199e-18
-3.624,1.3798167935094557e-18,1.0955327406953368e-18
-3.623,1.3964454489420336e-18,1.1095058480624163e-18
-3.622,1.4132739748296006e-18,1.1236570056296741e-18
-3.621,1.4303047664769982e-18,1.1379884799429804e-18
-3.62,1.4475402478001323e-18,1.1525025663717359e-18
-3.619,1.4649828716664421e-18,1.1672015894750356e-18
-3.618,1.4826351202394027e-18,1.1820879033724797e-18
-3.617,1.5004995053271107e-18,1.1971638921196881e-18
-3.616,1.518578568735e-18,1.2124319700885835e-18
-3.615,1.536874882622733e-18,1.2278945823524958e-18
-3.614,1.5553910498653251e-18,1.2435542050761565e-18
-3.613,1.5741297044185412e-18,1.2594133459106398e-18
-3.612,1.5930935116886248e-18,1.2754745443933162e-18
-3.611,1.6122851689064033e-18,1.29174037235288e-18
-3.61,1.6317074055058263e-18,1.3082134343195162e-18
-3.609,1.6513629835069847e-18,1.3248963679402717e-18
-3.608,1.6712546979036673e-18,1.3417918443996978e-18
-3.607,1.6913853770555059e-18,1.3589025688458272e-18
-3.606,1.7117578830847636e-18,1.3762312808215586e-18
-3.605,1.7323751122778221e-18,1.393780754701512e-18
-3.604,1.75323999549142e-18,1.4115538001344283e-18
-3.603,1.774355498563704e-18,1.429553262491181e-18
-3.602,1.7957246227301426e-18,1.4477820233184709e-18
-3.601,1.8173504050443656e-18,1.4662430007982785e-18
-3.6,1.8392359188039826e-18,1.4849391502131438e-18
-3.599,1.8613842739814454e-18,1.5038734644173496e-18
-3.598,1.883798617660004e-18,1.5230489743140814e-18
-3.597,1.906482134474827e-18,1.5424687493386423e-18
-3.596,1.9294380470593404e-18,1.5621358979477956e-18
-3.595,1.952669616496846e-18,1.5820535681153171e-18
-3.594,1.976180142777487e-18,1.6022249478338322e-18
-3.593,1.9999729652606163e-18,1.6226532656230196e-18
-3.592,2.02405146314264e-18,1.643341791044262e-18
-3.591,2.0484190559303913e-18,1.664293835221824e-18
-3.59,2.0730792039201053e-18,1.6855127513706421e-18
-3.589,2.0980354086820605e-18,1.7070019353308085e-18
-3.588,2.1232912135509512e-18,1.7287648261088357e-18
-3.587,2.148850204122063e-18,1.7508049064257846e-18
-3.586,2.1747160087533103e-18,1.7731257032723485e-18
-3.585,2.2008922990732176e-18,1.7957307884709722e-18
-3.584,2.2273827904949024e-18,1.8186237792451072e-18
-3.583,2.2541912427361402e-18,1.8418083387956826e-18
-3.582,2.2813214603455738e-18,1.8652881768848876e-18
-3.581,2.3087772932351485e-18,1.889067050427362e-18
-3.58,2.336562637218839e-18,1.9131487640888793e-18
-3.579,2.3646814345577456e-18,1.9375371708926273e-18
-3.578,2.393137674511635e-18,1.9622361728331743e-18
-3.577,2.421935393896999e-18,1.987249721498226e-18
-3.576,2.4510786776517086e-18,2.012581818698262e-18
-3.575,2.4805716594063443e-18,2.0382365171041626e-18
-3.574,2.5104185220622744e-18,2.0642179208929193e-18
-3.573,2.540623498376569e-18,2.0905301864015327e-18
-3.572,2.57119087155382e-18,2.1171775227892062e-18
-3.571,2.602124975844962e-18,2.1441641927079347e-18
-3.57,2.6334301971531572e-18,2.171494512981596e-18
-3.569,2.6651109736468498e-18,2.199172855293657e-18
-3.568,2.6971717963800536e-18,2.227203646883598e-18
-3.567,2.7296172099199724e-18,2.255591371252168e-18
-3.566,2.7624518129820328e-18,2.2843405688755836e-18
-3.565,2.7956802590724143e-18,2.3134558379287847e-18
-3.564,2.8293072571381723e-18,2.3429418350178587e-18
-3.563,2.8633375722250363e-18,2.372803275921753e-18
-3.562,2.8977760261429766e-18,2.403044936343394e-18
-3.561,2.932627498139631e-18,2.4336716526703253e-18
-3.56,2.9678969255816815e-18,2.4646883227449933e-18
-3.559,3.003589304644276e-18,2.4960999066448005e-18
-3.558,3.0397096910085916e-18,2.527911427472044e-18
-3.557,3.0762632005676285e-18,2.560127972153874e-18
-3.556,3.1132550101403403e-18,2.5927546922523922e-18
-3.555,3.150690358194189e-18,2.6257968047850217e-18
-3.554,3.1885745455762326e-18,2.659259593055277e-18
-3.553,3.2269129362528366e-18,2.6931484074940647e-18
-3.552,3.26571095805812e-18,2.7274686665116554e-18
-3.551,3.3049741034512285e-18,2.7622258573604493e-18
-3.55,3.344707930282547e-18,2.7974255370086846e-18
-3.549,3.3849180625689515e-18,2.833073333025219e-18
-3.548,3.425610191278208e-18,2.8691749444755283e-18
-3.547,3.4667900751226237e-18,2.9057361428290655e-18
-3.546,3.508463541362063e-18,2.942762772878117e-18
-3.545,3.550636486616434e-18,2.9802607536683127e-18
-3.544,3.593314877687762e-18,3.0182360794409244e-18
-3.543,3.636504752391952e-18,3.0566948205871166e-18
-3.542,3.680212220400368e-18,3.095643124614285e-18
-3.541,3.724443464091333e-18,3.135087217124651e-18
-3.54,3.769204739411671e-18,3.1750334028062554e-18
-3.539,3.814502376748407e-18,3.2154880664365146e-18
-3.538,3.860342781810747e-18,3.256457673898498e-18
-3.537,3.906732436522451e-18,3.2979487732100848e-18
-3.536,3.953677899924735e-18,3.339967995566165e-18
-3.535,4.001185809089807e-18,3.3825220563940518e-18
-3.534,4.049262880045175e-18,3.425617756422268e-18
-3.533,4.097915908708858e-18,3.4692619827628782e-18
-3.532,4.147151771835599e-18,3.513461710007542e-18
-3.531,4.19697742797425e-18,3.558224001337453e-18
-3.53,4.2473999184364295e-18,3.603556009647346e-18
-3.529,4.29842636827659e-18,3.649464978683755e-18
-3.528,4.3500639872836434e-18,3.695958244197685e-18
-3.527,4.4023200709842614e-18,3.743043235111902e-18
-3.526,4.455202001658e-18,3.790727474703011e-18
-3.525,4.5087172493643786e-18,3.839018581798513e-18
-3.524,4.562873372982063e-18,3.8879242719890325e-18
-3.523,4.617678021260285e-18,3.9374523588559084e-18
-3.522,4.673138933882642e-18,3.987610755214339e-18
-3.521,4.729263942543433e-18,4.0384074743722775e-18
-3.52,4.786060972036664e-18,4.089850631405285e-18
-3.519,4.843538041357876e-18,4.141948444447534e-18
-3.518,4.901703264818953e-18,4.194709235999168e-18
-3.517,4.960564853176047e-18,4.248141434250233e-18
-3.516,5.0201311147707894e-18,4.3022535744213776e-18
-3.515,5.0804104566849294e-18,4.357054300121547e-18
-3.514,5.141411385908573e-18,4.412552364722874e-18
-3.513,5.203142510522163e-18,4.468756632752991e-18
-3.512,5.26561254089238e-18,4.5256760813049845e-18
-3.511,5.328830290882108e-18,4.583319801465214e-18
-3.51,5.392804679074646e-18,4.641696999759216e-18
-3.509,5.457544730012326e-18,4.700816999615935e-18
-3.508,5.523059575449694e-18,4.760689242850493e-18
-3.507,5.58935845562145e-18,4.821323291165756e-18
-3.506,5.6564507205252974e-18,4.88272882767292e-18
-3.505,5.724345831219877e-18,4.9449156584313536e-18
-3.504,5.793053361137985e-18,5.00789371400796e-18
-3.503,5.862582997415222e-18,5.07167305105628e-18
-3.502,5.932944542234277e-18,5.136263853915615e-18
-3.501,6.004147914185017e-18,5.2016764362303916e-18
-3.5,6.076203149640571e-18,5.2679212425900465e-18
-3.499,6.1491204041496004e-18,5.3350088501896896e-18
-3.498,6.222909953844932e-18,5.402949970511793e-18
-3.497,6.2975821968687544e-18,5.471755451029191e-18
-3.496,6.373147654814576e-18,5.541436276929644e-18
-3.495,6.449616974186124e-18,5.612003572862252e-18
-3.494,6.5270009278733954e-18,5.683468604705991e-18
-3.493,6.605310416646065e-18,5.755842781360638e-18
-3.492,6.68455647066443e-18,5.829137656560398e-18
-3.491,6.764750251008126e-18,5.903364930710486e-18
-3.49,6.8459030512227985e-18,5.978536452746981e-18
-3.489,6.928026298884948e-18,6.0546642220202284e-18
-3.488,7.011131557185167e-18,6.1317603902021014e-18
-3.487,7.095230526529973e-18,6.209837263217418e-18
-3.486,7.18033504616246e-18,6.288907303199815e-18
-3.485,7.266457095801985e-18,6.368983130472394e-18
-3.484,7.353608797303127e-18,6.4500775255534545e-18
-3.483,7.441802416334107e-18,6.5322034311876236e-18
-3.482,7.531050364074944e-18,6.615373954402712e-18
-3.481,7.621365198935538e-18,6.699602368592613e-18
-3.48,7.712759628293931e-18,6.7849021156265844e-18
-3.479,7.805246510254981e-18,6.8712868079852344e-18
-3.478,7.898838855429683e-18,6.958770230923565e-18
-3.477,7.993549828735372e-18,7.047366344661395e-18
-3.476,8.089392751217069e-18,7.13708928660153e-18
-3.475,8.186381101890202e-18,7.227953373576013e-18
-3.474,8.28452851960495e-18,7.319973104120828e-18
-3.473,8.383848804932479e-18,7.413163160779392e-18
-3.472,8.484355922073296e-18,7.507538412435225e-18
-3.471,8.586064000788018e-18,7.603113916674151e-18
-3.47,8.688987338350783e-18,7.699904922176415e-18
-3.469,8.793140401525574e-18,7.797926871139075e-18
-3.468,8.898537828565747e-18,7.897195401729078e-18
-3.467,9.005194431237002e-18,7.99772635056739e-18
-3.466,9.113125196864081e-18,8.099535755244569e-18
-3.465,9.222345290401492e-18,8.202639856868198e-18
-3.464,9.332870056528484e-18,8.307055102642567e-18
-3.463,9.444715021768631e-18,8.412798148481011e-18
-3.462,9.557895896634241e-18,8.51988586165132e-18
-3.461,9.672428577795919e-18,8.62833532345464e-18
-3.46,9.788329150277573e-18,8.738163831938303e-18
-3.459,9.905613889677144e-18,8.849388904642966e-18
-3.458,1.0024299264413378e-17,8.96202828138456e-18
-3.457,1.0144401937998924e-17,9.076099927071442e-18
-3.456,1.0265938771340084e-17,9.191622034557206e-18
-3.455,1.0388926825063518e-17,9.30861302752961e-18
-3.454,1.0513383361870199e-17,9.427091563436079e-18
-3.453,1.0639325848916974e-17,9.54707653644622e-18
-3.452,1.076677196022602e-17,9.668587080451868e-18
-3.451,1.0895739579122524e-17,9.791642572105073e-18
-3.45,1.1026246800700929e-17,9.916262633894556e-18
-3.449,1.1158311934320081e-17,1.0042467137261116e-17
-3.448,1.1291953506127573e-17,1.0170276205752445e-17
-3.447,1.1427190261613691e-17,1.0299710218217897e-17
-3.446,1.1564041168195244e-17,1.0430789812043665e-17
-3.445,1.170252541782967e-17,1.0563535886428944e-17
-3.444,1.1842662429659738e-17,1.0697969605703515e-17
-3.443,1.1984471852689236e-17,1.0834112402687348e-17
-3.442,1.212797356848996e-17,1.0971985982092709e-17
-3.441,1.2273187693940416e-17,1.1111612323969328e-17
-3.44,1.2420134583996576e-17,1.1253013687193171e-17
-3.439,1.2568834834495056e-17,1.1396212612999355e-17
-3.438,1.2719309284989115e-17,1.1541231928559775e-17
-3.437,1.2871579021617834e-17,1.1688094750606012e-17
-3.436,1.3025665380008884e-17,1.1836824489098088e-17
-3.435,1.3181589948215245e-17,1.1987444850939633e-17
-3.434,1.3339374569686297e-17,1.213997984374008e-17
-3.433,1.3499041346273666e-17,1.2294453779624463e-17
-3.432,1.3660612641272233e-17,1.2450891279091424e-17
-3.431,1.3824111082496719e-17,1.260931727492003e-17
-3.43,1.398955956539425e-17,1.2769757016126043e-17
-3.429,1.4156981256193334e-17,1.2932236071968228e-17
-3.428,1.4326399595089645e-17,1.3096780336005373e-17
-3.427,1.4497838299469093e-17,1.3263416030204624e-17
-3.426,1.4671321367168542e-17,1.3432169709101818e-17
-3.425,1.484687307977467e-17,1.3603068264014442e-17
-3.424,1.5024518005961415e-17,1.3776138927307902e-17
-3.423,1.520428100486639e-17,1.3951409276715764e-17
-3.422,1.5386187229506798e-17,1.4128907239714658e-17
-3.421,1.5570262130235267e-17,1.430866109795454e-17
-3.42,1.575653145823605e-17,1.449069949174497e-17
-3.419,1.5945021269062117e-17,1.4675051424598198e-17
-3.418,1.6135757926213546e-17,1.4861746267829683e-17
-3.417,1.6328768104757735e-17,1.505081376521682e-17
-3.416,1.6524078794991912e-17,1.524228403771662e-17
-3.415,1.6721717306148424e-17,1.5436187588243053e-17
-3.414,1.692171127014331e-17,1.5632555306504833e-17
-3.413,1.7124088645368644e-17,1.5831418473904402e-17
-3.412,1.73288777205292e-17,1.6032808768498867e-17
-3.411,1.7536107118523884e-17,1.6236758270023728e-17
-3.41,1.7745805800372502e-17,1.644329946498011e-17
-3.409,1.7958003069188392e-17,1.6652465251786368e-17
-3.408,1.8172728574197414e-17,1.686428894599486e-17
-3.407,1.839001231480386e-17,1.7078804285574686e-17
-3.406,1.8609884644703847e-17,1.7296045436261243e-17
-3.405,1.883237627604668e-17,1.751604699697348e-17
-3.404,1.9057518283644817e-17,1.773884400529963e-17
-3.403,1.9285342109232958e-17,1.7964471943052327e-17
-3.402,1.9515879565776803e-17,1.819296674189402e-17
-3.401,1.9749162841832123e-17,1.8424364789033488e-17
-3.4,1.9985224505954654e-17,1.8658702932994427e-17
-3.399,2.022409751116146e-17,1.8896018489456985e-17
-3.398,2.0465815199444324e-17,1.9136349247173172e-17
-3.397,2.0710411306335766e-17,1.9379733473957085e-17
-3.396,2.095791996552836e-17,1.9626209922750875e-17
-3.395,2.1208375713547853e-17,1.987581783776744e-17
-3.394,2.146181349448083e-17,2.012859696071079e-17
-3.393,2.1718268664757477e-17,2.0384587537075074e-17
-3.392,2.1977776997990103e-17,2.0643830322523262e-17
-3.391,2.224037468986807e-17,2.0906366589346485e-17
-3.39,2.250609836310978e-17,2.1172238133005054e-17
-3.389,2.2774985072472378e-17,2.1441487278752194e-17
-3.388,2.3047072309819835e-17,2.1714156888341523e-17
-3.387,2.3322398009250102e-17,2.1990290366819357e-17
-3.386,2.3601000552281988e-17,2.2269931669402882e-17
-3.385,2.388291877310248e-17,2.255312530844531e-17
-3.384,2.4168191963875204e-17,2.2839916360489086e-17
-3.383,2.4456859880110706e-17,2.3130350473408274e-17
-3.382,2.474896274609929e-17,2.342447387364127e-17
-3.381,2.504454126040714e-17,2.3722333373514915e-17
-3.38,2.5343636601436443e-17,2.4023976378661256e-17
-3.379,2.564629043305024e-17,2.4329450895528036e-17
-3.378,2.5952544910262813e-17,2.4638805538984142e-17
-3.377,2.6262442684996268e-17,2.4952089540021237e-17
-3.376,2.6576026911904185e-17,2.52693527535527e-17
-3.375,2.6893341254263017e-17,2.5590645666311205e-17
-3.374,2.7214429889932074e-17,2.591601940484611e-17
-3.373,2.7539337517382888e-17,2.6245525743621978e-17
-3.372,2.78681093617987e-17,2.657921711321942e-17
-3.371,2.820079118124498e-17,2.6917146608639643e-17
-3.37,2.853742927291168e-17,2.725936799771398e-17
-3.369,2.887807047942813e-17,2.7605935729619696e-17
-3.368,2.922276219525143e-17,2.795690494350343e-17
-3.367,2.95715523731291e-17,2.831233147721369e-17
-3.366,2.992448953063689e-17,2.8672271876143623e-17
-3.365,3.0281622756792676e-17,2.9036783402185716e-17
-3.364,3.06430017187472e-17,2.9405924042799493e-17
-3.363,3.1008676668552674e-17,2.977975252019396e-17
-3.362,3.1378698450009976e-17,3.015832830062604e-17
-3.361,3.1753118505595574e-17,3.0541711603816546e-17
-3.36,3.2131988883468834e-17,3.092996341248517e-17
-3.359,3.251536224456089e-17,3.132314548200595e-17
-3.358,3.290329186974581e-17,3.1721320350184795e-17
-3.357,3.329583166709513e-17,3.212455134716053e-17
-3.356,3.369303617921671e-17,3.253290260543115e-17
-3.355,3.4094960590678767e-17,3.2946439070006675e-17
-3.354,3.450166073552029e-17,3.3365226508690396e-17
-3.353,3.4913193104848543e-17,3.378933152248999e-17
-3.352,3.5329614854524916e-17,3.4218821556160246e-17
-3.351,3.5750983812940016e-17,3.4653764908878954e-17
-3.35,3.6177358488879014e-17,3.5094230745057736e-17
-3.349,3.660879807947836e-17,3.554028910528952e-17
-3.348,3.704536247827485e-17,3.599201091743424e-17
-3.347,3.748711228334817e-17,3.6449468007844717e-17
-3.346,3.793410880555787e-17,3.6912733112734334e-17
-3.345,3.83864140768761e-17,3.738187988968833e-17
-3.344,3.884409085881688e-17,3.7856982929320595e-17
-3.343,3.9307202650963303e-17,3.8338117767077676e-17
-3.342,3.977581369959366e-17,3.8825360895191976e-17
-3.341,4.0249989006407604e-17,3.931878977478593e-17
-3.34,4.072979433735359e-17,3.981848284812917e-17
-3.339,4.1215296231558704e-17,4.032451955105045e-17
-3.338,4.1706562010362036e-17,4.083698032550648e-17
-3.337,4.220365978645288e-17,4.1355946632309474e-17
-3.336,4.2706658473114844e-17,4.1881500964015516e-17
-3.335,4.321562779357715e-17,4.241372685797574e-17
-3.334,4.373063829047442e-17,4.2952708909552387e-17
-3.333,4.4251761335416036e-17,4.349853278550182e-17
-3.332,4.4779069138666485e-17,4.4051285237526554e-17
-3.331,4.531263475893787e-17,4.4611054115998544e-17
-3.33,4.5852532113295973e-17,4.517792838385577e-17
-3.329,4.6398835987180987e-17,4.575199813067437e-17
-3.328,4.695162204454449e-17,4.633335458691856e-17
-3.327,4.751096683810377e-17,4.6922090138370455e-17
-3.326,4.807694781971501e-17,4.751829834074229e-17
-3.325,4.864964335086655e-17,4.812207393447305e-17
-3.324,4.9229132713293755e-17,4.873351285971211e-17
-3.323,4.981549611971675e-17,4.935271227149209e-17
-3.322,5.040881472470257e-17,4.997977055509326e-17
-3.321,5.100917063565299e-17,5.0614787341602134e-17
-3.32,5.161664692391964e-17,5.125786352366645e-17
-3.319,5.223132763604772e-17,5.190910127144918e-17
-3.318,5.2853297805149914e-17,5.256860404878401e-17
-3.317,5.348264346241191e-17,5.323647662953483e-17
-3.316,5.411945164873106e-17,5.391282511416187e-17
-3.315,5.4763810426489765e-17,5.4597756946496947e-17
-3.314,5.5415808891464977e-17,5.5291380930730685e-17
-3.313,5.607553718487559e-17,5.599380724861412e-17
-3.312,5.674308650556909e-17,5.670514747687759e-17
-3.311,5.741854912234923e-17,5.742551460486959e-17
-3.31,5.810201838644622e-17,5.815502305241833e-17
-3.309,5.879358874413117e-17,5.889378868791879e-17
-3.308,5.949335574947632e-17,5.964192884664828e-17
-3.307,6.020141607726285e-17,6.039956234931312e-17
-3.306,6.091786753603787e-17,6.116680952082959e-17
-3.305,6.164280908132236e-17,6.194379220934199e-17
-3.304,6.237634082897172e-17,6.27306338054808e-17
-3.303,6.311856406869076e-17,6.352745926186398e-17
-3.302,6.386958127770479e-17,6.433439511284454e-17
-3.301,6.462949613458871e-17,6.515156949450733e-17
-3.3,6.53984135332559e-17,6.597911216491839e-17
-3.299,6.617643959710854e-17,6.681715452462987e-17
-3.298,6.696368169335155e-17,6.766582963744385e-17
-3.297,6.776024844747171e-17,6.852527225143825e-17
-3.296,6.8566249757884e-17,6.939561882025824e-17
-3.295,6.938179681074707e-17,7.027700752467632e-17
-3.294,7.020700209494973e-17,7.116957829442469e-17
-3.293,7.104197941727039e-17,7.20734728303031e-17
-3.292,7.18868439177116e-17,7.298883462656587e-17
-3.291,7.27417120850114e-17,7.391580899359143e-17
-3.29,7.360670177233375e-17,7.485454308083796e-17
-3.289,7.448193221314001e-17,7.580518590008897e-17
-3.288,7.536752403724347e-17,7.676788834899211e-17
-3.287,7.62635992870491e-17,7.774280323489509e-17
-3.286,7.717028143398063e-17,7.873008529898259e-17
-3.285,7.808769539509709e-17,7.972989124071768e-17
-3.284,7.901596754990085e-17,8.074237974259174e-17
-3.283,7.995522575733967e-17,8.17677114951868e-17
-3.282,8.090559937300451e-17,8.280604922255415e-17
-3.281,8.186721926652584e-17,8.385755770791322e-17
-3.28,8.284021783917026e-17,8.492240381967483e-17
-3.279,8.382472904164001e-17,8.600075653779278e-17
-3.278,8.482088839207764e-17,8.709278698044813e-17
-3.277,8.582883299427798e-17,8.819866843107001e-17
-3.276,8.684870155611009e-17,8.931857636569766e-17
-3.275,8.788063440815136e-17,9.045268848068749e-17
-3.274,8.892477352253614e-17,9.160118472077003e-17
-3.273,8.998126253202166e-17,9.276424730746072e-17
-3.272,9.105024674927327e-17,9.394206076782927e-17
-3.271,9.21318731863719e-17,9.513481196363207e-17
-3.27,9.322629057454601e-17,9.63426901208121e-17
-3.269,9.433364938413071e-17,9.756588685937111e-17
-3.268,9.545410184475664e-17,9.880459622361876e-17
-3.267,9.658780196577111e-17,1.0005901471280328e-16
-3.266,9.773490555689434e-17,1.0132934131212873e-16
-3.265,9.889557024911324e-17,1.0261577752416351e-16
-3.264,1.0006995551581566e-16,1.0391852740064514e-16
-3.263,1.0125822269416776e-16,1.0523779757468634e-16
-3.262,1.0246053500673714e-16,1.0657379729338738e-16
-3.261,1.036770575833647e-16,1.079267384508598e-16
-3.26,1.049079574832881e-16,1.0929683562166693e-16
-3.259,1.0615340371751942e-16,1.1068430609468599e-16
-3.258,1.0741356727148013e-16,1.1208936990739762e-16
-3.257,1.0868862112789631e-16,1.1351224988060776e-16
-3.256,1.0997874028995695e-16,1.1495317165360769e-16
-3.255,1.1128410180473836e-16,1.164123637197774e-16
-3.254,1.1260488478689776e-16,1.1789005746263833e-16
-3.253,1.1394127044263908e-16,1.1938648719236049e-16
-3.252,1.152934420939541e-16,1.2090189018273044e-16
-3.251,1.16661585203142e-16,1.224365067085854e-16
-3.25,1.1804588739761046e-16,1.239905800837193e-16
-3.249,1.1944653849496164e-16,1.2556435669926742e-16
-3.248,1.2086373052836614e-16,1.271580860625746e-16
-3.247,1.222976577722283e-16,1.2877202083655408e-16
-3.246,1.23748516768146e-16,1.304064168795426e-16
-3.245,1.252165063511686e-16,1.3206153328565802e-16
-3.244,1.267018276763561e-16,1.3373763242566612e-16
-3.243,1.2820468424564297e-16,1.3543497998836253e-16
-3.242,1.2972528193501038e-16,1.3715384502247688e-16
-3.241,1.3126382902197002e-16,1.38894499979105e-16
-3.24,1.3282053621336316e-16,1.406572207546765e-16
-3.239,1.343956166734786e-16,1.42442286734464e-16
-3.238,1.3598928605249297e-16,1.4424998083664116e-16
-3.237,1.3760176251523715e-16,1.4608058955689616e-16
-3.236,1.3923326677029257e-16,1.4793440301360775e-16
-3.235,1.4088402209942082e-16,1.4981171499359105e-16
-3.234,1.4255425438733078e-16,1.517128229984199e-16
-3.233,1.442441921517867e-16,1.5363802829133367e-16
-3.232,1.4595406657406146e-16,1.55587635944735e-16
-3.231,1.4768411152973852e-16,1.5756195488828693e-16
-3.23,1.494345636198668e-16,1.5956129795761593e-16
-3.229,1.5120566220247244e-16,1.6158598194362946e-16
-3.228,1.5299764942443145e-16,1.6363632764245487e-16
-3.227,1.548107702537072e-16,1.6571265990600818e-16
-3.226,1.5664527251195711e-16,1.6781530769320016e-16
-3.225,1.585014069075126e-16,1.6994460412178826e-16
-3.224,1.6037942706873653e-16,1.721008865208818e-16
-3.223,1.6227958957776237e-16,1.7428449648410944e-16
-3.222,1.6420215400461944e-16,1.7649577992345658e-16
-3.221,1.6614738294174875e-16,1.7873508712378173e-16
-3.22,1.681155420389134e-16,1.8100277279801967e-16
-3.219,1.701069000385087e-16,1.8329919614308086e-16
-3.218,1.7212172881127562e-16,1.8562472089645526e-16
-3.217,1.7416030339242328e-16,1.879797153935296e-16
-3.216,1.7622290201816379e-16,1.9036455262562725e-16
-3.215,1.7830980616266525e-16,1.9277961029877944e-16
-3.214,1.8042130057542696e-16,1.9522527089323747e-16
-3.213,1.8255767331908175e-16,1.977019217237347e-16
-3.212,1.847192158076304e-16,2.0020995500050838e-16
-3.211,1.8690622284511294e-16,2.027497678910902e-16
-3.21,1.8911899266472152e-16,2.0532176258287596e-16
-3.209,1.913578269683604e-16,2.0792634634648338e-16
-3.208,1.9362303096665756e-16,2.1056393159990872e-16
-3.207,1.9591491341943313e-16,2.1323493597349172e-16
-3.206,1.9823378667663023e-16,2.1593978237569924e-16
-3.205,2.0057996671971264e-16,2.1867889905973804e-16
-3.204,2.0295377320353545e-16,2.214527196910066e-16
-3.203,2.0535552949869328e-16,2.242616834153974e-16
-3.202,2.0778556273435192e-16,2.271062349284596e-16
-3.201,2.1024420384156858e-16,2.2998682454543295e-16
-3.2,2.1273178759710654e-16,2.329039082721648e-16
-3.199,2.1524865266774922e-16,2.358579478769202e-16
-3.198,2.1779514165512006e-16,2.3884941096309665e-16
-3.197,2.2037160114101327e-16,2.418787710428557e-16
-3.196,2.2297838173324147e-16,2.4494650761168156e-16
-3.195,2.2561583811200595e-16,2.480531062238794e-16
-3.194,2.2828432907679573e-16,2.511990585690247e-16
-3.193,2.309842175938207e-16,2.5438486254937615e-16
-3.192,2.337158708439857e-16,2.576110223582632e-16
-3.191,2.3647966027141086e-16,2.608780485594615e-16
-3.19,2.39275961632505e-16,2.6418645816756837e-16
-3.189,2.4210515504559753e-16,2.675367747293906e-16
-3.188,2.4496762504113624e-16,2.709295284063575e-16
-3.187,2.4786376061245584e-16,2.743652560579723e-16
-3.186,2.5079395526712547e-16,2.778445013263146e-16
-3.185,2.5375860707887983e-16,2.8136781472160726e-16
-3.184,2.5675811874014205e-16,2.8493575370886113e-16
-3.183,2.597928976151438e-16,2.885488827956113e-16
-3.182,2.6286335579365026e-16,2.922077736207581e-16
-3.181,2.6596991014529583e-16,2.959130050445274e-16
-3.18,2.691129823745383e-16,2.9966516323956393e-16
-3.179,2.7229299907623785e-16,3.034648417831717e-16
-3.178,2.755103917918681e-16,3.073126417507162e-16
-3.177,2.7876559706636626e-16,3.112091718102035e-16
-3.176,2.8205905650562955e-16,3.151550483180493e-16
-3.175,2.853912168346653e-16,3.1915089541605535e-16
-3.174,2.887625299564016e-16,3.231973451296064e-16
-3.173,2.921734530111664e-16,3.2729503746710383e-16
-3.172,2.956244484368425e-16,3.314446205206517e-16
-3.171,2.9911598402970547e-16,3.356467505680106e-16
-3.17,3.0264853300595316e-16,3.399020921758352e-16
-3.169,3.062225740639331e-16,3.442113183042119e-16
-3.168,3.098385914470773e-16,3.48575110412513e-16
-3.167,3.134970750075508e-16,3.529941585665834e-16
-3.166,3.1719852027062315e-16,3.5746916154727722e-16
-3.165,3.209434284997703e-16,3.6200082696036073e-16
-3.164,3.2473230676251497e-16,3.6658987134779936e-16
-3.163,3.2856566799701444e-16,3.712370203004457e-16
-3.162,3.3244403107940306e-16,3.759430085721462e-16
-3.161,3.3636792089189936e-16,3.8070858019528477e-16
-3.16,3.403378683916846e-16,3.855344885977807e-16
-3.159,3.44354410680563e-16,3.9042149672155977e-16
-3.158,3.4841809107541113e-16,3.9537037714251667e-16
-3.157,3.5252945917942613e-16,4.0038191219198774e-16
-3.156,3.5668907095418126e-16,4.0545689407975274e-16
-3.155,3.6089748879249783e-16,4.105961250185853e-16
-3.154,3.651552815921427e-16,4.1580041735037073e-16
-3.153,3.6946302483036073e-16,4.2107059367381206e-16
-3.152,3.738213006392511e-16,4.2640748697374287e-16
-3.151,3.7823069788199737e-16,4.3181194075206844e-16
-3.15,3.8269181222996027e-16,4.3728480916035455e-16
-3.149,3.8720524624064347e-16,4.428269571340857e-16
-3.148,3.917716094365417e-16,4.484392605286123e-16
-3.147,3.9639151838488095e-16,4.541226062568103e-16
-3.146,4.0106559677826093e-16,4.598778924284719e-16
-3.145,4.0579447551621e-16,4.657060284914512e-16
-3.144,4.1057879278766195e-16,4.716079353745868e-16
-3.143,4.154191941543663e-16,4.775845456324223e-16
-3.142,4.2031633263524085e-16,4.836368035917484e-16
-3.141,4.2527086879167843e-16,4.897656654999887e-16
-3.14,4.3028347081381734e-16,4.959720996754541e-16
-3.139,4.353548146077872e-16,5.022570866594863e-16
-3.138,4.4048558388394034e-16,5.086216193705174e-16
-3.137,4.456764702460799e-16,5.150667032600666e-16
-3.136,4.509281732816956e-16,5.215933564707016e-16
-3.135,4.562414006532196e-16,5.282026099959856e-16
-3.134,4.616168681903108e-16,5.348955078424386e-16
-3.133,4.670552999831833e-16,5.416731071935355e-16
-3.132,4.725574284769858e-16,5.485364785757682e-16
-3.131,4.781239945672488e-16,5.554867060267965e-16
-3.13,4.837557476964064e-16,5.62524887265715e-16
-3.129,4.894534459514084e-16,5.696521338654624e-16
-3.128,4.952178561624329e-16,5.76869571427399e-16
-3.127,5.01049754002712e-16,5.841783397580815e-16
-3.126,5.069499240894841e-16,5.915795930482608e-16
-3.125,5.129191600860827e-16,5.990745000541325e-16
-3.124,5.18958264805177e-16,6.066642442808667e-16
-3.123,5.25068050313176e-16,6.14350024168447e-16
-3.122,5.312493380358084e-16,6.221330532798467e-16
-3.121,5.37502958864892e-16,6.300145604915732e-16
-3.12,5.438297532663065e-16,6.379957901866073e-16
-3.119,5.502305713891814e-16,6.460780024497717e-16
-3.118,5.567062731763131e-16,6.542624732655545e-16
-3.117,5.632577284758262e-16,6.625504947184228e-16
-3.116,5.698858171540904e-16,6.709433751956549e-16
-3.115,5.765914292099088e-16,6.794424395927231e-16
-3.114,5.833754648899905e-16,6.880490295212607e-16
-3.113,5.902388348057229e-16,6.967645035196438e-16
-3.112,5.971824600512564e-16,7.055902372662216e-16
-3.111,6.042072723229176e-16,7.145276237952282e-16
-3.11,6.113142140399654e-16,7.235780737154101e-16
-3.109,6.185042384667035e-16,7.327430154314023e-16
-3.108,6.257783098359661e-16,7.420238953678894e-16
-3.107,6.331374034739914e-16,7.51422178196584e-16
-3.106,6.405825059266968e-16,7.609393470660608e-16
-3.105,6.48114615087374e-16,7.705769038344796e-16
-3.104,6.557347403258175e-16,7.803363693052352e-16
-3.103,6.634439026189026e-16,7.902192834655698e-16
-3.102,6.712431346826301e-16,8.002272057281865e-16
-3.101,6.791334811056524e-16,8.103617151758992e-16
-3.1,6.871159984842989e-16,8.2062441080936025e-16
-3.099,6.951917555591152e-16,8.310169117979012e-16
-3.098,7.03361833352935e-16,8.415408577335275e-16
-3.097,7.116273253105004e-16,8.521979088881077e-16
-3.096,7.199893374396469e-16,8.629897464737937e-16
-3.095,7.284489884540728e-16,8.739180729067171e-16
-3.094,7.370074099177071e-16,8.849846120739993e-16
-3.093,7.456657463906975e-16,8.96191109604118e-16
-3.092,7.544251555770319e-16,9.07539333140673e-16
-3.091,7.632868084738156e-16,9.190310726195937e-16
-3.09,7.722518895222187e-16,9.306681405498293e-16
-3.089,7.813215967601156e-16,9.42452372297569e-16
-3.088,7.904971419764319e-16,9.543856263740345e-16
-3.087,7.997797508672201e-16,9.664697847268882e-16
-3.086,8.091706631934816e-16,9.787067530353063e-16
-3.085,8.186711329407541e-16,9.910984610087588e-16
-3.084,8.2828242848048565e-16,1.0036468626895452e-15
-3.083,8.380058327332123e-16,1.016353936759133e-15
-3.082,8.478426433335612e-16,1.0292216868483448e-15
-3.081,8.577941727970983e-16,1.0422521418514458e-15
-3.08,8.678617486890414e-16,1.0554473562441757e-15
-3.079,8.780467137948578e-16,1.0688094104057792e-15
-3.078,8.883504262927691e-16,1.082340410945083e-15
-3.077,8.987742599281833e-16,1.09604249103067e-15
-3.076,9.093196041900732e-16,1.1099178107252013e-15
-3.075,9.19987864489327e-16,1.123968557323942e-15
-3.074,9.30780462339088e-16,1.138196945697538e-15
-3.073,9.416988355371083e-16,1.1526052186391006e-15
-3.072,9.527444383501378e-16,1.1671956472156526e-15
-3.071,9.639187417003683e-16,1.1819705311239894e-15
-3.07,9.752232333539612e-16,1.1969321990510115e-15
-3.069,9.86659418111674e-16,1.2120830090385837e-15
-3.068,9.982288180016144e-16,1.2274253488529796e-15
-3.067,1.0099329724741432e-15,1.2429616363589652e-15
-3.066,1.021773438598949e-15,1.2586943198985836e-15
-3.065,1.0337517912643184e-15,1.2746258786746982e-15
-3.064,1.0458696233786282e-15,1.2907588231393531e-15
-3.063,1.0581285460740794e-15,1.3070956953870133e-15
-3.062,1.0705301889127022e-15,1.323639069552743e-15
-3.061,1.0830762000946532e-15,1.3403915522153875e-15
-3.06,1.0957682466688315e-15,1.357355782805818e-15
-3.059,1.1086080147458397e-15,1.3745344340203042e-15
-3.058,1.1215972097133128e-15,1.3919302122390804e-15
-3.057,1.1347375564536439e-15,1.409545857950167e-15
-3.056,1.1480307995641302e-15,1.427384146178517e-15
-3.055,1.161478703579568e-15,1.4454478869205501e-15
-3.054,1.1750830531973205e-15,1.463739925584147e-15
-3.053,1.1888456535048902e-15,1.4822631434341661e-15
-3.052,1.2027683302100156e-15,1.5010204580435585e-15
-3.051,1.2168529298733282e-15,1.5200148237501465e-15
-3.05,1.231101320143591e-15,1.539249232119138e-15
-3.049,1.2455153899955508e-15,1.5587267124114502e-15
-3.048,1.2600970499704304e-15,1.5784503320579127e-15
-3.047,1.2748482324190892e-15,1.598423197139427e-15
-3.046,1.2897708917478837e-15,1.618648452873153e-15
-3.045,1.3048670046672555e-15,1.6391292841048028e-15
-3.044,1.3201385704430748e-15,1.6598689158071129e-15
-3.043,1.3355876111507732e-15,1.6808706135845774e-15
-3.042,1.3512161719322937e-15,1.7021376841845171e-15
-3.041,1.3670263212558866e-15,1.723673476014566e-15
-3.04,1.3830201511787877e-15,1.7454813796666535e-15
-3.039,1.3991997776128043e-15,1.7675648284475663e-15
-3.038,1.4155673405928437e-15,1.78992729891617e-15
-3.037,1.432125004548415e-15,1.8125723114273757e-15
-3.036,1.448874958578138e-15,1.835503430682934e-15
-3.035,1.465819416727289e-15,1.858724266289145e-15
-3.034,1.4829606182684182e-15,1.8822384733215693e-15
-3.033,1.5003008279850733e-15,1.9060497528968238e-15
-3.032,1.517842336458659e-15,1.9301618527515597e-15
-3.031,1.5355874603584703e-15,1.954578567828706e-15
-3.03,1.553538542734931e-15,1.9793037408710694e-15
-3.029,1.5716979533160749e-15,2.004341263022388e-15
-3.028,1.590068088807302e-15,2.0296950744359257e-15
-3.027,1.6086513731944466e-15,2.0553691648907075e-15
-3.026,1.6274502580501924e-15,2.081367574415487e-15
-3.025,1.6464672228438714e-15,2.1076943939205446e-15
-3.024,1.6657047752546835e-15,2.1343537658374163e-15
-3.023,1.6851654514883718e-15,2.16134988476665e-15
-3.022,1.7048518165973924e-15,2.188686998133689e-15
-3.021,1.7247664648046172e-15,2.2163694068529872e-15
-3.02,1.7449120198306048e-15,2.24440146600046e-15
-3.019,1.765291135224482e-15,2.2727875854943677e-15
-3.018,1.7859064946984706e-15,2.30153223078475e-15
-3.017,1.806760812466102e-15,2.3306399235515026e-15
-3.016,1.827856833584158e-15,2.3601152424112214e-15
-3.015,1.8491973342983775e-15,2.3899628236329078e-15
-3.014,1.870785122392971e-15,2.420187361862658e-15
-3.013,1.892623037543982e-15,2.4507936108574443e-15
-3.012,1.914713951676537e-15,2.481786384228099e-15
-3.011,1.9370607693260302e-15,2.5131705561916234e-15
-3.01,1.959666428003276e-15,2.5449510623329325e-15
-3.009,1.9825338985636827e-15,2.5771329003761545e-15
-3.008,2.0056661855804805e-15,2.6097211309656106e-15
-3.007,2.029066327722057e-15,2.642720878456585e-15
-3.006,2.0527373981334356e-15,2.67613733171602e-15
-3.005,2.0766825048219446e-15,2.709975744933251e-15
-3.004,2.100904791047127e-15,2.7442414384409122e-15
-3.003,2.1254074357149277e-15,2.77893979954614e-15
-3.002,2.1501936537762074e-15,2.8140762833721978e-15
-3.001,2.1752666966296345e-15,2.849656413710662e-15
-3.0,2.200629852528993e-15,2.8856857838842917e-15
-2.999,2.22628644699496e-15,2.9221700576207213e-15
-2.998,2.2522398432314004e-15,2.959114969937113e-15
-2.997,2.2784934425462216e-15,2.9965263280358993e-15
-2.996,2.305050684776845e-15,3.0344100122117612e-15
-2.995,2.3319150487203366e-15,3.07277197676998e-15
-2.994,2.359090052568251e-15,3.111618250956304e-15
-2.993,2.386579254346235e-15,3.1509549398984775e-15
-2.992,2.4143862523584492e-15,3.190788225559573e-15
-2.991,2.4425146856368473e-15,3.2311243677032783e-15
-2.99,2.470968234395376e-15,3.2719697048712897e-15
-2.989,2.499750620489143e-15,3.3133306553729537e-15
-2.988,2.528865607878604e-15,3.3552137182873243e-15
-2.987,2.5583170030988277e-15,3.3976254744777764e-15
-2.986,2.5881086557338884e-15,3.4405725876193453e-15
-2.985,2.6182444588964413e-15,3.4840618052389425e-15
-2.984,2.6487283497125393e-15,3.528099959768614e-15
-2.983,2.67956430981174e-15,3.572693969612001e-15
-2.982,2.7107563658225703e-15,3.617850840224171e-15
-2.981,2.7423085898733894e-15,3.663577665204983e-15
-2.98,2.774225100098727e-15,3.709881627406163e-15
-2.979,2.8065100611511365e-15,3.756770000052249e-15
-2.978,2.8391676847186346e-15,3.804250147875593e-15
-2.977,2.8722022300477797e-15,3.8523295282655884e-15
-2.976,2.905618004472454e-15,3.901015692432296e-15
-2.975,2.9394193639484027e-15,3.950316286584663e-15
-2.974,2.973610713593599e-15,4.000239053123502e-15
-2.973,3.008196508234493e-15,4.050791831849423e-15
-2.972,3.043181252958204e-15,4.1019825611859064e-15
-2.971,3.0785695036707255e-15,4.153819279417699e-15
-2.97,3.1143658676612023e-15,4.2063101259447346e-15
-2.969,3.150575004172342e-15,4.259463342551763e-15
-2.968,3.1872016249770334e-15,4.3132872746938936e-15
-2.967,3.2242504949612285e-15,4.3677903727982425e-15
-2.966,3.2617264327131594e-15,4.4229811935818945e-15
-2.965,3.2996343111189565e-15,4.4788684013863746e-15
-2.964,3.337979057964735e-15,4.535460769528848e-15
-2.963,3.3767656565452155e-15,4.592767181670237e-15
-2.962,3.4159991462789534e-15,4.650796633200492e-15
-2.961,3.4556846233302415e-15,4.70955823264121e-15
-2.96,3.495827241237758e-15,4.769061203065828e-15
-2.959,3.536432211550029e-15,4.82931488353761e-15
-2.958,3.577504804467785e-15,4.8903287305656434e-15
-2.957,3.619050349493271e-15,4.952112319579081e-15
-2.956,3.661074236086592e-15,5.014675346419848e-15
-2.955,3.703581914329175e-15,5.078027628854048e-15
-2.954,3.746578895594397e-15,5.142179108102296e-15
-2.953,3.7900707532254845e-15,5.207139850389233e-15
-2.952,3.834063123220745e-15,5.272920048512432e-15
-2.951,3.878561704926201e-15,5.339530023430971e-15
-2.95,3.923572261735724e-15,5.406980225873888e-15
-2.949,3.969100621798729e-15,5.475281237968795e-15
-2.948,4.015152678735517e-15,5.544443774890873e-15
-2.947,4.061734392360344e-15,5.614478686532536e-15
-2.946,4.108851789412301e-15,5.6853969591939895e-15
-2.945,4.1565109642940744e-15,5.75720971729497e-15
-2.944,4.20471807981869e-15,5.829928225107915e-15
-2.943,4.253479367964305e-15,5.903563888512836e-15
-2.942,4.302801130637136e-15,5.97812825677417e-15
-2.941,4.352689740442623e-15,6.053633024339873e-15
-2.94,4.40315164146489e-15,6.13009003266305e-15
-2.939,4.454193350054613e-15,6.207511272046384e-15
-2.938,4.505821455625368e-15,6.28590888350966e-15
-2.937,4.558042621458552e-15,6.365295160680678e-15
-2.936,4.610863585516966e-15,6.44568255170983e-15
-2.935,4.66429116126715e-15,6.5270836612086506e-15
-2.934,4.718332238510567e-15,6.609511252212639e-15
-2.933,4.772993784223716e-15,6.6929782481686465e-15
-2.932,4.828282843407275e-15,6.777497734947148e-15
-2.931,4.884206539944365e-15,6.8630829628797e-15
-2.93,4.9407720774680425e-15,6.949747348821908e-15
-2.929,4.997986740238085e-15,7.037504478242205e-15
-2.928,5.055857894027203e-15,7.12636810733679e-15
-2.927,5.114392987016752e-15,7.21635216517102e-15
-2.926,5.173599550702049e-15,7.307470755847624e-15
-2.925,5.233485200807398e-15,7.399738160702042e-15
-2.924,5.294057638210918e-15,7.493168840525233e-15
-2.923,5.355324649879282e-15,7.587777437814319e-15
-2.922,5.4172941098124595e-15,7.683578779051382e-15
-2.921,5.47997397999858e-15,7.780587877010778e-15
-2.92,5.543372311379006e-15,7.878819933095335e-15
-2.919,5.607497244823737e-15,7.978290339701776e-15
-2.918,5.67235701211724e-15,8.079014682615738e-15
-2.917,5.737959936954813e-15,8.181008743436773e-15
-2.916,5.804314435949603e-15,8.284288502033677e-15
-2.915,5.8714290196503755e-15,8.38887013903055e-15
-2.914,5.939312293570147e-15,8.494770038323951e-15
-2.913,6.007972959225807e-15,8.602004789631559e-15
-2.912,6.077419815188817e-15,8.710591191072705e-15
-2.911,6.147661758147128e-15,8.820546251781204e-15
-2.91,6.218707783978409e-15,8.931887194550856e-15
-2.909,6.290566988834723e-15,9.044631458514058e-15
-2.908,6.363248570238743e-15,9.158796701853913e-15
-2.907,6.436761828191658e-15,9.274400804550267e-15
-2.906,6.511116166292858e-15,9.391461871160105e-15
-2.905,6.586321092871537e-15,9.509998233632705e-15
-2.904,6.662386222130339e-15,9.63002845416002e-15
-2.903,6.739321275301148e-15,9.75157132806271e-15
-2.902,6.817136081813177e-15,9.874645886712261e-15
-2.901,6.895840580473452e-15,9.999271400489654e-15
-2.9,6.975444820659844e-15,1.0125467381781043e-14
-2.899,7.0559589635267555e-15,1.0253253588010889e-14
-2.898,7.137393283223605e-15,1.0382650024713023e-14
-2.897,7.219758168126234e-15,1.0513676948640122e-14
-2.896,7.303064122081367e-15,1.0646354870912067e-14
-2.895,7.387321765664261e-15,1.0780704560203656e-14
-2.894,7.472541837449685e-15,1.0916747045972197e-14
-2.893,7.558735195296343e-15,1.1054503621725442e-14
-2.892,7.6459128176449e-15,1.1193995848330386e-14
-2.891,7.734085804829747e-15,1.133524555736344e-14
-2.89,7.823265380404631e-15,1.1478274854502484e-14
-2.889,7.913462892482297e-15,1.162310612296132e-14
-2.888,8.00468981508829e-15,1.1769762026967089e-14
-2.887,8.09695774952906e-15,1.1918265515281124e-14
-2.886,8.1902784257745e-15,1.2068639824763844e-14
-2.885,8.284663703855088e-15,1.2220908483984203e-14
-2.884,8.38012557527375e-15,1.2375095316874253e-14
-2.883,8.476676164432633e-15,1.2531224446429395e-14
-2.882,8.574327730074887e-15,1.2689320298454874e-14
-2.881,8.673092666741666e-15,1.284940760535911e-14
-2.88,8.77298350624445e-15,1.3011511409994434e-14
-2.879,8.87401291915287e-15,1.3175657069545824e-14
-2.878,8.976193716298193e-15,1.3341870259468252e-14
-2.877,9.079538850292614e-15,1.3510176977473227e-14
-2.876,9.184061417064512e-15,1.3680603547565162e-14
-2.875,9.28977465740985e-15,1.3853176624128186e-14
-2.874,9.396691958559854e-15,1.4027923196064014e-14
-2.873,9.504826855765168e-15,1.420487059098154e-14
-2.872,9.614193033896604e-15,1.438404647943876e-14
-2.871,9.724804329062708e-15,1.4565478879237725e-14
-2.87,9.836674730244267e-15,1.4749196159773127e-14
-2.869,9.949818380945944e-15,1.493522704643524e-14
-2.868,1.0064249580865218e-14,1.512360062506786e-14
-2.867,1.0179982787578794e-14,1.5314346346481953e-14
-2.866,1.0297032618246651e-14,1.5507494031025664e-14
-2.865,1.0415413851333921e-14,1.570307387321145e-14
-2.864,1.053514142835077e-14,1.590111644640099e-14
-2.863,1.0656230455610443e-14,1.6101652707548646e-14
-2.862,1.0778696206005692e-14,1.6304714002004143e-14
-2.861,1.0902554120803731e-14,1.651033206837527e-14
-2.86,1.1027819811459929e-14,1.6718539043451293e-14
-2.859,1.1154509061450408e-14,1.6929367467187883e-14
-2.858,1.1282637828123758e-14,1.7142850287754292e-14
-2.857,1.141222224457202e-14,1.7359020866643576e-14
-2.856,1.1543278621521188e-14,1.7577912983846624e-14
-2.855,1.1675823449241349e-14,1.7799560843090818e-14
-2.854,1.180987339947673e-14,1.802399907714411e-14
-2.853,1.1945445327395781e-14,1.8251262753185322e-14
-2.852,1.2082556273561553e-14,1.8481387378241534e-14
-2.851,1.2221223465922524e-14,1.8714408904693342e-14
-2.85,1.2361464321824104e-14,1.8950363735848864e-14
-2.849,1.2503296450041007e-14,1.9189288731587357e-14
-2.848,1.264673765283071e-14,1.9431221214073288e-14
-2.847,1.279180592800819e-14,1.967619897354173e-14
-2.846,1.2938519471042168e-14,1.9924260274156032e-14
-2.845,1.3086896677173045e-14,2.017544385993857e-14
-2.844,1.3236956143552777e-14,2.0429788960775565e-14
-2.843,1.3388716671406868e-14,2.0687335298496865e-14
-2.842,1.3542197268218735e-14,2.0948123093031605e-14
-2.841,1.3697417149936634e-14,2.1212193068640717e-14
-2.84,1.385439574320338e-14,2.1479586460227238e-14
-2.839,1.4013152687609086e-14,2.1750345019725378e-14
-2.838,1.4173707837967149e-14,2.202451102256934e-14
-2.837,1.4336081266613694e-14,2.230212727424286e-14
-2.836,1.4500293265730723e-14,2.2583237116910522e-14
-2.835,1.4666364349693198e-14,2.2867884436131792e-14
-2.834,1.483431525744027e-14,2.3156113667658888e-14
-2.833,1.500416695487093e-14,2.3447969804319433e-14
-2.832,1.5175940637264262e-14,2.3743498402985052e-14
-2.831,1.5349657731724604e-14,2.404274559162687e-14
-2.83,1.552533989965181e-14,2.43457580764591e-14
-2.829,1.570300903923686e-14,2.4652583149171723e-14
-2.828,1.588268728798309e-14,2.4963268694253454e-14
-2.827,1.6064397025253284e-14,2.527786319640604e-14
-2.826,1.624816087484284e-14,2.5596415748051084e-14
-2.825,1.6434001707579317e-14,2.5918976056930507e-14
-2.824,1.6621942643948583e-14,2.6245594453801847e-14
-2.823,1.6812007056747824e-14,2.6576321900229554e-14
-2.822,1.7004218573765693e-14,2.6911209996473466e-14
-2.821,1.719860108048983e-14,2.7250310989475698e-14
-2.82,1.7395178722842052e-14,2.7593677780947172e-14
-2.819,1.7593975909941425e-14,2.7941363935554976e-14
-2.818,1.7795017316895562e-14,2.8293423689211886e-14
-2.817,1.799832788762035e-14,2.8649911957469246e-14
-2.816,1.8203932837688397e-14,2.9010884344014554e-14
-2.815,1.841185765720651e-14,2.9376397149275e-14
-2.814,1.8622128113722418e-14,2.9746507379128315e-14
-2.813,1.883477025516109e-14,3.0121272753722245e-14
-2.812,1.904981041279085e-14,3.0500751716404025e-14
-2.811,1.9267275204219665e-14,3.0885003442761176e-14
-2.81,1.948719153642181e-14,3.1274087849775045e-14
-2.809,1.9709586608795248e-14,3.16680656050885e-14
-2.808,1.9934487916250004e-14,3.206699813638915e-14
-2.807,2.0161923252327826e-14,3.247094764090957e-14
-2.806,2.0391920712353423e-14,3.2879977095045993e-14
-2.805,2.0624508696617595e-14,3.329415026409688e-14
-2.804,2.0859715913592553e-14,3.3713531712122925e-14
-2.803,2.109757138317971e-14,3.413818681192998e-14
-2.802,2.1338104439990285e-14,3.4568181755176403e-14
-2.801,2.1581344736659003e-14,3.500358356260644e-14
-2.8,2.1827322247191214e-14,3.544446009441113e-14
-2.799,2.2076067270343753e-14,3.589088006071836e-14
-2.798,2.2327610433039832e-14,3.6342913032213677e-14
-2.797,2.2581982693818315e-14,3.68006294508935e-14
-2.796,2.2839215346317677e-14,3.7264100640952285e-14
-2.795,2.3099340022794975e-14,3.7733398819805465e-14
-2.794,2.3362388697680175e-14,3.820859710924965e-14
-2.793,2.3628393691166135e-14,3.868976954676204e-14
-2.792,2.3897387672834617e-14,3.9176991096940494e-14
-2.791,2.416940366531861e-14,3.96703376630863e-14
-2.79,2.4444475048001375e-14,4.0169886098931156e-14
-2.789,2.4722635560752466e-14,4.0675714220510344e-14
-2.788,2.5003919307701152e-14,4.118790081818381e-14
-2.787,2.5288360761047535e-14,4.1706525668807005e-14
-2.786,2.5575994764911734e-14,4.2231669548053386e-14
-2.785,2.5866856539221482e-14,4.276341424289043e-14
-2.784,2.6160981683638487e-14,4.3301842564211027e-14
-2.783,2.6458406181523942e-14,4.384703835962233e-14
-2.782,2.675916640394347e-14,4.4399086526393774e-14
-2.781,2.7063299113712002e-14,4.49580730245665e-14
-2.78,2.7370841469478786e-14,4.552408489022601e-14
-2.779,2.7681831029853043e-14,4.6097210248940146e-14
-2.778,2.7996305757570558e-14,4.6677538329364465e-14
-2.777,2.83143040237016e-14,4.726515947701703e-14
-2.776,2.8635864611900583e-14,4.7860165168224764e-14
-2.775,2.8961026722697774e-14,4.8462648024243506e-14
-2.774,2.9289829977833526e-14,4.9072701825553886e-14
-2.773,2.962231442463535e-14,4.969042152633522e-14
-2.772,2.9958520540438207e-14,5.031590326911966e-14
-2.771,3.029848923704856e-14,5.0949244399628766e-14
-2.77,3.06422618652523e-14,5.159054348179491e-14
-2.769,3.0989880219367285e-14,5.223990031296957e-14
-2.768,3.13413865418406e-14,5.28974159393211e-14
-2.767,3.16968235278911e-14,5.3563192671424123e-14
-2.766,3.2056234330197656e-14,5.4237334100043035e-14
-2.765,3.2419662563633386e-14,5.4919945112111995e-14
-2.764,3.2787152310046456e-14,5.561113190691382e-14
-2.763,3.315874812308769e-14,5.631100201246031e-14
-2.762,3.353449503308557e-14,5.701966430207643e-14
-2.761,3.3914438551968967e-14,5.773722901119095e-14
-2.76,3.429862467823797e-14,5.846380775433604e-14
-2.759,3.468709990198345e-14,5.919951354235847e-14
-2.758,3.507991120995551e-14,5.994446079984499e-14
-2.757,3.54771060906815e-14,6.069876538276459e-14
-2.756,3.5878732539633904e-14,6.146254459633031e-14
-2.755,3.6284839064448596e-14,6.223591721308331e-14
-2.754,3.6695474690193855e-14,6.301900349120198e-14
-2.753,3.7110688964690644e-14,6.381192519303888e-14
-2.752,3.753053196388462e-14,6.461480560388832e-14
-2.751,3.7955054297270226e-14,6.542776955098747e-14
-2.75,3.838430711336745e-14,6.625094342275386e-14
-2.749,3.881834210525163e-14,6.70844551882622e-14
-2.748,3.925721151613679e-14,6.792843441696356e-14
-2.747,3.970096814501301e-14,6.878301229864979e-14
-2.746,4.0149665352338244e-14,6.964832166366636e-14
-2.745,4.06033570657851e-14,7.052449700337664e-14
-2.744,4.106209778604303e-14,7.141167449088062e-14
-2.743,4.1525942592676473e-14,7.230999200199147e-14
-2.742,4.199494715003935e-14,7.321958913647294e-14
-2.741,4.246916771324648e-14,7.414060723954087e-14
-2.74,4.29486611342023e-14,7.507318942363219e-14
-2.739,4.3433484867687574e-14,7.601748059044459e-14
-2.738,4.3923696977504326e-14,7.697362745325024e-14
-2.737,4.4419356142679755e-14,7.79417785594871e-14
-2.736,4.492052166372946e-14,7.892208431363104e-14
-2.735,4.5427253468980564e-14,7.991469700035239e-14
-2.734,4.593961212095523e-14,8.091977080796044e-14
-2.733,4.645765882281508e-14,8.193746185213946e-14
-2.732,4.698145542486702e-14,8.296792819997973e-14
-2.731,4.751106443113104e-14,8.401132989430741e-14
-2.73,4.804654900597046e-14,8.506782897831683e-14
-2.729,4.85879729807852e-14,8.61375895205091e-14
-2.728,4.9135400860768506e-14,8.722077763994055e-14
-2.727,4.9688897831727844e-14,8.831756153178512e-14
-2.726,5.0248529766970287e-14,8.942811149321458e-14
-2.725,5.081436323425315e-14,9.055259994960015e-14
-2.724,5.138646550280019e-14,9.169120148104013e-14
-2.723,5.196490455038415e-14,9.284409284921686e-14
-2.722,5.2549749070476015e-14,9.401145302458783e-14
-2.721,5.3141068479461635e-14,9.519346321391427e-14
-2.72,5.373893292392623e-14,9.639030688813231e-14
-2.719,5.434341328800739e-14,9.760216981057002e-14
-2.718,5.4954581200817024e-14,9.882924006551541e-14
-2.717,5.557250904393298e-14,1.0007170808713918e-13
-2.716,5.619726995896077e-14,1.0132976668877701e-13
-2.715,5.682893785516603e-14,1.0260361109257541e-13
-2.714,5.746758741717835e-14,1.0389343895950617e-13
-2.713,5.811329411276691e-14,1.0519945041975346e-13
-2.712,5.876613420068868e-14,1.065218481034785e-13
-2.711,5.942618473860957e-14,1.0786083717196643e-13
-2.71,6.009352359109939e-14,1.0921662534916002e-13
-2.709,6.076822943770092e-14,1.1058942295358506e-13
-2.708,6.145038178107392e-14,1.1197944293067234e-13
-2.707,6.214006095521448e-14,1.1338690088548099e-13
-2.706,6.283734813375057e-14,1.148120151158283e-13
-2.705,6.354232533831406e-14,1.1625500664583089e-13
-2.704,6.425507544699018e-14,1.1771609925986258e-13
-2.703,6.497568220284475e-14,1.1919551953693366e-13
-2.702,6.570423022252995e-14,1.2069349688549747e-13
-2.701,6.644080500496917e-14,1.2221026357868865e-13
-2.7,6.718549294012161e-14,1.2374605478999943e-13
-2.699,6.793838131782727e-14,1.2530110862939855e-13
-2.698,6.869955833673287e-14,1.2687566617989873e-13
-2.697,6.94691131132994e-14,1.2846997153457804e-13
-2.696,7.024713569089205e-14,1.3008427183406093e-13
-2.695,7.103371704895278e-14,1.3171881730446449e-13
-2.694,7.182894911225662e-14,1.3337386129581584e-13
-2.693,7.263292476025216e-14,1.3504966032094628e-13
-2.692,7.344573783648666e-14,1.3674647409486807e-13
-2.691,7.426748315811683e-14,1.3846456557464034e-13
-2.69,7.509825652550565e-14,1.4020420099972936e-13
-2.689,7.593815473190596e-14,1.4196564993286984e-13
-2.688,7.678727557323147e-14,1.4374918530143348e-13
-2.687,7.764571785791585e-14,1.455550834393106e-13
-2.686,7.851358141686071e-14,1.4738362412931165e-13
-2.685,7.939096711347274e-14,1.4923509064609482e-13
-2.684,8.027797685379121e-14,1.5110976979962623e-13
-2.683,8.117471359670603e-14,1.530079519791794e-13
-2.682,8.208128136426727e-14,1.5492993119788064e-13
-2.681,8.299778525208692e-14,1.5687600513780685e-13
-2.68,8.392433143983324e-14,1.5884647519564314e-13
-2.679,8.486102720181869e-14,1.6084164652890647e-13
-2.678,8.580798091768198e-14,1.6286182810274296e-13
-2.677,8.67653020831649e-14,1.649073327373055e-13
-2.676,8.773310132098475e-14,1.6697847715571902e-13
-2.675,8.871149039180286e-14,1.690755820326407e-13
-2.674,8.970058220529012e-14,1.7119897204342241e-13
-2.673,9.070049083129e-14,1.733489759138829e-13
-2.672,9.171133151107995e-14,1.7552592647069712e-13
-2.671,9.273322066873164e-14,1.7773016069241044e-13
-2.67,9.3766275922571e-14,1.7996201976108552e-13
-2.669,9.481061609673861e-14,1.8222184911458945e-13
-2.668,9.586636123285111e-14,1.8450999849952922e-13
-2.667,9.693363260176449e-14,1.868268220248436e-13
-2.666,9.801255271543974e-14,1.8917267821605928e-13
-2.665,9.910324533891188e-14,1.9154793007021976e-13
-2.664,1.0020583550236265e-13,1.9395294511149512e-13
-2.663,1.0132044951329808e-13,1.963880954474811e-13
-2.662,1.024472149688312e-13,1.9885375782619604e-13
-2.661,1.035862607680708e-13,2.0135031369378447e-13
-2.66,1.0473771712461713e-13,2.038781492529355e-13
-2.659,1.0590171557916473e-13,2.064376555220257e-13
-2.658,1.070783890122138e-13,2.090292283949945e-13
-2.657,1.0826787165689024e-13,2.1165326870196209e-13
-2.656,1.0947029911187533e-13,2.1431018227059795e-13
-2.655,1.106858083544459e-13,2.1700037998825028e-13
-2.654,1.119145377536253e-13,2.1972427786484503e-13
-2.653,1.1315662708344637e-13,2.2248229709656439e-13
-2.652,1.1441221753632678e-13,2.2527486413031403e-13
-2.651,1.1568145173655763e-13,2.281024107289894e-13
-2.65,1.1696447375390587e-13,2.3096537403755004e-13
-2.649,1.182614291173316e-13,2.3386419664991314e-13
-2.648,1.1957246482882048e-13,2.36799326676675e-13
-2.647,1.208977293773324e-13,2.3977121781367183e-13
-2.646,1.2223737275286685e-13,2.4278032941138964e-13
-2.645,1.2359154646064597e-13,2.458271265452335e-13
-2.644,1.2496040353541559e-13,2.4891208008666784e-13
-2.643,1.263440985558656e-13,2.5203566677523693e-13
-2.642,1.2774278765916955e-13,2.551983692914776e-13
-2.641,1.2915662855564505e-13,2.5840067633073527e-13
-2.64,1.3058578054353506e-13,2.616430826778932e-13
-2.639,1.3203040452391102e-13,2.649260892830277e-13
-2.638,1.3349066301569867e-13,2.6825020333799993e-13
-2.637,1.349667201708268e-13,2.7161593835399556e-13
-2.636,1.364587417895003e-13,2.7502381424002496e-13
-2.635,1.3796689533559774e-13,2.7847435738239503e-13
-2.634,1.3949134995219416e-13,2.819681007251645e-13
-2.633,1.410322764772102e-13,2.855055838515955e-13
-2.632,1.4258984745918786e-13,2.890873530666132e-13
-2.631,1.4416423717319364e-13,2.927139614802862e-13
-2.63,1.4575562163685006e-13,2.963859690923399e-13
-2.629,1.4736417862649584e-13,3.0010394287771584e-13
-2.628,1.4899008769347578e-13,3.038684568731902e-13
-2.627,1.506335301805607e-13,3.076800922650638e-13
-2.626,1.5229468923849853e-13,3.115394374779374e-13
-2.625,1.5397374984269669e-13,3.1544708826458547e-13
-2.624,1.5567089881003707e-13,3.1940364779694183e-13
-2.623,1.5738632481582367e-13,3.234097267582112e-13
-2.622,1.5912021841086406e-13,3.274659434361202e-13
-2.621,1.6087277203868494e-13,3.3157292381732205e-13
-2.62,1.6264418005288272e-13,3.357313016829689e-13
-2.619,1.6443463873460976e-13,3.399417187054669e-13
-2.618,1.6624434631019664e-13,3.442048245464274e-13
-2.617,1.6807350296891142e-13,3.4852127695583003e-13
-2.616,1.699223108808565e-13,3.528917418724124e-13
-2.615,1.717909742150034e-13,3.573168935253012e-13
-2.614,1.7367969915736653e-13,3.6179741453689975e-13
-2.613,1.7558869392931618e-13,3.663339960270487e-13
-2.612,1.775181688060316e-13,3.7092733771847397e-13
-2.611,1.7946833613509463e-13,3.755781480435392e-13
-2.61,1.8143941035522455e-13,3.802871442523176e-13
-2.609,1.8343160801515476e-13,3.85055052522e-13
-2.608,1.8544514779265176e-13,3.898826080676563e-13
-2.607,1.8748025051367716e-13,3.9477055525436475e-13
-2.606,1.8953713917169312e-13,3.9971964771072897e-13
-2.605,1.9161603894711187e-13,4.04730648443797e-13
-2.604,1.9371717722688996e-13,4.098043299554012e-13
-2.603,1.9584078362426753e-13,4.1494147435993633e-13
-2.602,1.979870899986535e-13,4.201428735035928e-13
-2.601,2.001563304756565e-13,4.2540932908506414e-13
-2.6,2.0234874146726317e-13,4.3074165277774523e-13
-2.599,2.0456456169216314e-13,4.3614066635344156e-13
-2.598,2.0680403219622204e-13,4.4160720180760655e-13
-2.597,2.0906739637310248e-13,4.471421014861264e-13
-2.596,2.1135489998503389e-13,4.527462182136715e-13
-2.595,2.1366679118373138e-13,4.584204154236337e-13
-2.594,2.1600332053146402e-13,4.641655672896684e-13
-2.593,2.1836474102227338e-13,4.699825588588622e-13
-2.592,2.2075130810334223e-13,4.758722861865452e-13
-2.591,2.2316327969651402e-13,4.818356564727687e-13
-2.59,2.2560091621996388e-13,4.878735882004682e-13
-2.589,2.2806448061002065e-13,4.939870112753334e-13
-2.588,2.3055423834314134e-13,5.001768671674059e-13
-2.587,2.330704574580375e-13,5.064441090544236e-13
-2.586,2.3561340857795437e-13,5.127897019669383e-13
-2.585,2.3818336493310277e-13,5.192146229352224e-13
-2.584,2.407806023832444e-13,5.257198611379916e-13
-2.583,2.4340539944043033e-13,5.323064180529625e-13
-2.582,2.460580372918936e-13,5.389753076092699e-13
-2.581,2.487387998230954e-13,5.457275563417649e-13
-2.58,2.5144797364092564e-13,5.52564203547219e-13
-2.579,2.5418584809705805e-13,5.594863014424554e-13
-2.578,2.569527153114597e-13,5.664949153244325e-13
-2.577,2.5974887019605513e-13,5.735911237323032e-13
-2.576,2.625746104785457e-13,5.807760186114752e-13
-2.575,2.6543023672638407e-13,5.880507054796945e-13
-2.574,2.6831605237090295e-13,5.9541630359518e-13
-2.573,2.7123236373160034e-13,6.028739461268317e-13
-2.572,2.741794800405789e-13,6.104247803265406e-13
-2.571,2.7715771346714124e-13,6.180699677036232e-13
-2.57,2.801673791425403e-13,6.258106842014092e-13
-2.569,2.832087951848851e-13,6.336481203760075e-13
-2.568,2.8628228272420167e-13,6.415834815772776e-13
-2.567,2.893881659276492e-13,6.496179881320336e-13
-2.566,2.925267720248912e-13,6.577528755295078e-13
-2.565,2.956984313336217e-13,6.659893946091025e-13
-2.564,2.989034772852463e-13,6.743288117504569e-13
-2.563,3.0214224645071774e-13,6.827724090658586e-13
-2.562,3.05415078566526e-13,6.913214845950281e-13
-2.561,3.0872231656084237e-13,6.999773525023048e-13
-2.56,3.1206430657981797e-13,7.087413432762652e-13
-2.559,3.1544139801403524e-13,7.176148039318023e-13
-2.558,3.188539435251131e-13,7.265990982146965e-13
-2.557,3.223022990724651e-13,7.356956068087085e-13
-2.556,3.2578682394020973e-13,7.449057275452262e-13
-2.555,3.293078807642333e-13,7.54230875615495e-13
-2.554,3.3286583555940404e-13,7.636724837854648e-13
-2.553,3.3646105774693747e-13,7.732320026132857e-13
-2.552,3.400939201819125e-13,7.829109006694834e-13
-2.551,3.4376479918093734e-13,7.927106647598493e-13
-2.55,3.474740745499647e-13,8.026328001510771e-13
-2.549,3.5122212961225596e-13,8.126788307991801e-13
-2.548,3.550093512364934e-13,8.228502995807229e-13
-2.547,3.588361298650392e-13,8.331487685269034e-13
-2.546,3.627028595423417e-13,8.435758190605176e-13
-2.545,3.6660993794348645e-13,8.54133052235845e-13
-2.544,3.7055776640289305e-13,8.648220889814893e-13
-2.543,3.7454674994315486e-13,8.756445703462099e-13
-2.542,3.7857729730402244e-13,8.866021577477829e-13
-2.541,3.8264982097152837e-13,8.976965332249263e-13
-2.54,3.8676473720725326e-13,9.089293996923296e-13
-2.539,3.9092246607773116e-13,9.203024811988225e-13
-2.538,3.9512343148399396e-13,9.318175231887254e-13
-2.537,3.993680611912526e-13,9.43476292766416e-13
-2.536,4.036567868587149e-13,9.552805789641563e-13
-2.535,4.0799004406953803e-13,9.672321930132155e-13
-2.534,4.123682723609142e-13,9.793329686183316e-13
-2.533,4.1679191525428826e-13,9.91584762235553e-13
-2.532,4.2126142028570647e-13,1.0039894533535004e-12
-2.531,4.257772390362932e-13,1.0165489447780901e-12
-2.53,4.303398271628556e-13,1.029265162920763e-12
-2.529,4.34949644428614e-13,1.0421400580902623e-12
-2.528,4.39607154734056e-13,1.0551756047880007e-12
-2.527,4.443128261479122e-13,1.068373802007064e-12
-2.526,4.4906713093825367e-13,1.081736673534894e-12
-2.525,4.538705456037061e-13,1.0952662682596969e-12
-2.524,4.587235509047813e-13,1.1089646604806211e-12
-2.523,4.636266318953228e-13,1.1228339502217523e-12
-2.522,4.685802779540635e-13,1.136876263549972e-12
-2.521,4.735849828162929e-13,1.1510937528967268e-12
-2.52,4.786412446056331e-13,1.1654885973837539e-12
-2.519,4.83749565865919e-13,1.1800630031528183e-12
-2.518,4.889104535931815e-13,1.1948192036995008e-12
-2.517,4.94124419267732e-13,1.209759460211095e-12
-2.516,4.993919788863432e-13,1.2248860619086592e-12
-2.515,5.047136529945263e-13,1.2402013263932741e-12
-2.514,5.100899667188996e-13,1.2557075999965608e-12
-2.513,5.155214497996475e-13,1.271407258135506e-12
-2.512,5.210086366230651e-13,1.2873027056716547e-12
-2.511,5.265520662541867e-13,1.3033963772747136e-12
-2.51,5.321522824694951e-13,1.3196907377906302e-12
-2.509,5.378098337897075e-13,1.336188282614194e-12
-2.508,5.435252735126362e-13,1.352891538066218e-12
-2.507,5.492991597461182e-13,1.3698030617753591e-12
-2.506,5.551320554410142e-13,1.386925443064629e-12
-2.505,5.610245284242686e-13,1.4042613033426567e-12
-2.504,5.669771514320315e-13,1.4218132964997597e-12
-2.503,5.729905021428348e-13,1.4395841093088832e-12
-2.502,5.790651632108213e-13,1.4575764618314639e-12
-2.501,5.852017222990225e-13,1.475793107828284e-12
-2.5,5.914007721126787e-13,1.494236835175371e-12
-2.499,5.976629104326001e-13,1.5129104662850082e-12
-2.498,6.039887401485628e-13,1.5318168585319175e-12
-2.497,6.10378869292736e-13,1.5509589046846767e-12
-2.496,6.168339110731354e-13,1.5703395333424377e-12
-2.495,6.233544839070979e-13,1.5899617093770075e-12
-2.494,6.299412114547734e-13,1.6098284343803595e-12
-2.493,6.365947226526291e-13,1.6299427471176413e-12
-2.492,6.43315651746959e-13,1.6503077239857436e-12
-2.491,6.50104638327397e-13,1.6709264794775034e-12
-2.49,6.569623273604242e-13,1.691802166651604e-12
-2.489,6.63889369222869e-13,1.7129379776082459e-12
-2.488,6.708864197353905e-13,1.7343371439706587e-12
-2.487,6.779541401959427e-13,1.7560029373725216e-12
-2.486,6.850931974132113e-13,1.7779386699513692e-12
-2.485,6.923042637400188e-13,1.8001476948480534e-12
-2.484,6.995880171066899e-13,1.822633406712336e-12
-2.483,7.069451410543727e-13,1.845399242214685e-12
-2.482,7.143763247683079e-13,1.868448680564354e-12
-2.481,7.218822631110397e-13,1.8917852440338177e-12
-2.48,7.294636566555625e-13,1.9154124984896434e-12
-2.479,7.37121211718394e-13,1.939334053929875e-12
-2.478,7.448556403925707e-13,1.9635535650280115e-12
-2.477,7.526676605805563e-13,1.9880747316836605e-12
-2.476,7.605579960270561e-13,2.012901299579942e-12
-2.475,7.685273763517298e-13,2.0380370607477346e-12
-2.474,7.765765370817951e-13,2.06348585413684e-12
-2.473,7.847062196845133e-13,2.0892515661941534e-12
-2.472,7.929171715995503e-13,2.1153381314489253e-12
-2.471,8.012101462712019e-13,2.1417495331051987e-12
-2.47,8.095859031804781e-13,2.1684898036415125e-12
-2.469,8.180452078770347e-13,2.195563025417959e-12
-2.468,8.265888320109451e-13,2.22297333129068e-12
-2.467,8.352175533643027e-13,2.2507249052339033e-12
-2.466,8.439321558826434e-13,2.2788219829695985e-12
-2.465,8.527334297061804e-13,2.3072688526048546e-12
-2.464,8.616221712008397e-13,2.3360698552770695e-12
-2.463,8.705991829890883e-13,2.3652293858070465e-12
-2.462,8.796652739805426e-13,2.3947518933600948e-12
-2.461,8.888212594023478e-13,2.4246418821152343e-12
-2.46,8.980679608293177e-13,2.4549039119425956e-12
-2.459,9.074062062138235e-13,2.4855425990891253e-12
-2.458,9.168368299154206e-13,2.51656261687269e-12
-2.457,9.263606727302011e-13,2.547968696384683e-12
-2.456,9.35978581919863e-13,2.579765627201242e-12
-2.455,9.456914112404796e-13,2.6119582581031735e-12
-2.454,9.555000209709621e-13,2.644551497804702e-12
-2.453,9.654052779411991e-13,2.6775503156911374e-12
-2.452,9.75408055559862e-13,2.7109597425655816e-12
-2.451,9.855092338418627e-13,2.7447848714047785e-12
-2.45,9.95709699435451e-13,2.779030858124217e-12
-2.449,1.006010345648938e-12,2.813702922352606e-12
-2.448,1.0164120724770296e-12,2.848806348215827e-12
-2.447,1.0269157866267604e-12,2.884346485130489e-12
-2.446,1.0375224015430103e-12,2.920328748607193e-12
-2.445,1.0482328374335875e-12,2.956758621063634e-12
-2.444,1.0590480212938688e-12,2.993641652647651e-12
-2.443,1.0699688869309756e-12,3.0309834620703512e-12
-2.442,1.0809963749874732e-12,3.068789737449432e-12
-2.441,1.0921314329645783e-12,3.107066237162821e-12
-2.44,1.103375015244855e-12,3.145818790712762e-12
-2.439,1.1147280831143857e-12,3.1850532996004717e-12
-2.438,1.1261916047843985e-12,3.2247757382114996e-12
-2.437,1.1377665554123354e-12,3.264992154711919e-12
-2.436,1.1494539171223397e-12,3.305708671955478e-12
-2.435,1.1612546790251505e-12,3.3469314884018484e-12
-2.434,1.1731698372373805e-12,3.388666879046107e-12
-2.433,1.1852003949001618e-12,3.4309211963595793e-12
-2.432,1.1973473621971386e-12,3.473700871242195e-12
-2.431,1.2096117563717888e-12,3.5170124139864847e-12
-2.43,1.2219946017440525e-12,3.5608624152533644e-12
-2.429,1.2344969297262508e-12,3.605257547059849e-12
-2.428,1.2471197788382694e-12,3.650204563778845e-12
-2.427,1.2598641947219902e-12,3.6957103031511595e-12
-2.426,1.2727312301549468e-12,3.741781687309883e-12
-2.425,1.2857219450631821e-12,3.788425723817291e-12
-2.424,1.298837406533288e-12,3.835649506714418e-12
-2.423,1.3120786888236011e-12,3.883460217583461e-12
-2.422,1.325446873374533e-12,3.931865126623159e-12
-2.421,1.3389430488180115e-12,3.980871593737318e-12
-2.42,1.3525683109860089e-12,4.030487069636633e-12
-2.419,1.3663237629181296e-12,4.080719096953971e-12
-2.418,1.3802105148682378e-12,4.131575311373274e-12
-2.417,1.394229684310093e-12,4.183063442772264e-12
-2.416,1.408382395941973e-12,4.235191316379086e-12
-2.415,1.4226697816902535e-12,4.287966853943095e-12
-2.414,1.4370929807119198e-12,4.341398074919928e-12
-2.413,1.4516531393959821e-12,4.3954930976710545e-12
-2.412,1.466351411363766e-12,4.450260140677972e-12
-2.411,1.4811889574680498e-12,4.505707523771221e-12
-2.41,1.49616694579102e-12,4.561843669374411e-12
-2.409,1.511286551641013e-12,4.618677103763428e-12
-2.408,1.5265489575480164e-12,4.676216458341012e-12
-2.407,1.5419553532578948e-12,4.734470470926897e-12
-2.406,1.5575069357253118e-12,4.793447987063689e-12
-2.405,1.573204909105314e-12,4.853157961338678e-12
-2.404,1.5890504847435459e-12,4.913609458721794e-12
-2.403,1.6050448811650615e-12,4.9748116559198695e-12
-2.402,1.621189324061698e-12,5.0367738427474354e-12
-2.401,1.6374850462779794e-12,5.099505423514236e-12
-2.4,1.653933287795511e-12,5.163015918429674e-12
-2.399,1.6705352957158335e-12,5.227314965024375e-12
-2.398,1.6872923242416958e-12,5.292412319589107e-12
-2.397,1.7042056346567126e-12,5.35831785863123e-12
-2.396,1.721276495303367e-12,5.4250415803489196e-12
-2.395,1.7385061815593191e-12,5.492593606123356e-12
-2.394,1.755895975811985e-12,5.560984182029119e-12
-2.393,1.77344716743134e-12,5.630223680362982e-12
-2.392,1.7911610527409108e-12,5.700322601191355e-12
-2.391,1.8090389349869123e-12,5.771291573916581e-12
-2.39,1.8270821243054873e-12,5.843141358862328e-12
-2.389,1.8452919376880067e-12,5.9158828488783056e-12
-2.388,1.8636696989443848e-12,5.989527070964523e-12
-2.387,1.8822167386643663e-12,6.064085187915359e-12
-2.386,1.900934394176741e-12,6.139568499983647e-12
-2.385,1.919824009506436e-12,6.215988446565044e-12
-2.384,1.9388869353294408e-12,6.293356607902912e-12
-2.383,1.958124528925518e-12,6.371684706813975e-12
-2.382,1.9775381541286505e-12,6.450984610434986e-12
-2.381,1.997129181275172e-12,6.5312683319906715e-12
-2.38,2.0168989871495358e-12,6.612548032583205e-12
-2.379,2.036848954927665e-12,6.694836023003475e-12
-2.378,2.056980474117839e-12,6.778144765564397e-12
-2.377,2.0772949404990507e-12,6.862486875956555e-12
-2.376,2.097793756056795e-12,6.9478751251264315e-12
-2.375,2.1184783289162203e-12,7.034322441177499e-12
-2.374,2.1393500732725963e-12,7.121841911294449e-12
-2.373,2.1604104093190332e-12,7.2104467836908494e-12
-2.372,2.181660763171401e-12,7.300150469580489e-12
-2.371,2.2031025667903823e-12,7.390966545172726e-12
-2.37,2.2247372579006065e-12,7.482908753692108e-12
-2.369,2.2465662799067947e-12,7.575991007422555e-12
-2.368,2.2685910818068603e-12,7.670227389776437e-12
-2.367,2.2908131181018995e-12,7.76563215738878e-12
-2.366,2.3132338487030043e-12,7.862219742236984e-12
-2.365,2.335854738834833e-12,7.9600047537863e-12
-2.364,2.3586772589358777e-12,8.059001981161404e-12
-2.363,2.3817028845553476e-12,8.159226395344366e-12
-2.362,2.4049330962466115e-12,8.260693151399368e-12
-2.361,2.4283693794571215e-12,8.363417590724448e-12
-2.36,2.4520132244147475e-12,8.467415243330624e-12
-2.359,2.4758661260104506e-12,8.572701830148727e-12
-2.358,2.4999295836772203e-12,8.679293265364268e-12
-2.357,2.5242051012651976e-12,8.78720565878068e-12
-2.356,2.5486941869129123e-12,8.896455318211283e-12
-2.355,2.57339835291455e-12,9.007058751900315e-12
-2.354,2.598319115583173e-12,9.11903267097337e-12
-2.353,2.6234579951098123e-12,9.232393991917622e-12
-2.352,2.6488165154183506e-12,9.347159839092159e-12
-2.351,2.674396204016107e-12,9.463347547268823e-12
-2.35,2.7001985918400464e-12,9.58097466420391e-12
-2.349,2.7262252130985155e-12,9.700058953241097e-12
-2.348,2.7524776051084294e-12,9.820618395945973e-12
-2.347,2.7789573081278102e-12,9.942671194772575e-12
-2.346,2.805665865183588e-12,1.0066235775762282e-11
-2.345,2.832604821894575e-12,1.0191330791275482e-11
-2.344,2.859775726289512e-12,1.0317975122756395e-11
-2.343,2.887180128620097e-12,1.0446187883531462e-11
-2.342,2.9148195811688954e-12,1.0575988421641685e-11
-2.341,2.9426956380520307e-12,1.0707396322709346e-11
-2.34,2.970809855016557e-12,1.0840431412839514e-11
-2.339,2.9991637892324115e-12,1.0975113761556746e-11
-2.338,3.0277589990788365e-12,1.1111463684777433e-11
-2.337,3.056597043925172e-12,1.124950174781818e-11
-2.336,3.0856794839059054e-12,1.13892487684407e-11
-2.335,3.11500787968987e-12,1.1530725819933623e-11
-2.334,3.1445837922434802e-12,1.1673954234231679e-11
-2.333,3.1744087825878882e-12,1.1818955605072716e-11
-2.332,3.204484411549951e-12,1.1965751791192989e-11
-2.331,3.234812239506884e-12,1.2114364919561182e-11
-2.33,3.2653938261244837e-12,1.2264817388651651e-11
-2.329,3.296230730088801e-12,1.2417131871757326e-11
-2.328,3.3273245088311363e-12,1.2571331320342783e-11
-2.327,3.3586767182462336e-12,1.2727438967437931e-11
-2.326,3.390288912403545e-12,1.2885478331072851e-11
-2.325,3.422162643251435e-12,1.3045473217754225e-11
-2.324,3.4542994603141922e-12,1.3207447725983908e-11
-2.323,3.486700910381718e-12,1.3371426249820107e-11
-2.322,3.519368537191744e-12,1.3537433482481706e-11
-2.321,3.5523038811044563e-12,1.3705494419996247e-11
-2.32,3.5855084787693692e-12,1.3875634364892086e-11
-2.319,3.618983862784315e-12,1.404787892993526e-11
-2.318,3.652731561346398e-12,1.4222254041911604e-11
-2.317,3.686753097894768e-12,1.4398785945454654e-11
-2.316,3.721049990745061e-12,1.457750120691989e-11
-2.315,3.7556237527153495e-12,1.475842671830589e-11
-2.314,3.7904758907434554e-12,1.4941589701222905e-11
-2.313,3.825607905495459e-12,1.5127017710909508e-11
-2.312,3.861021290965245e-12,1.5314738640297828e-11
-2.311,3.89671753406492e-12,1.5504780724127955e-11
-2.31,3.932698114205943e-12,1.569717254311215e-11
-2.309,3.9689645028707895e-12,1.589194302814942e-11
-2.308,4.005518163174975e-12,1.6089121464591063e-11
-2.307,4.042360549419284e-12,1.6288737496557824e-11
-2.306,4.0794931066319935e-12,1.6490821131309234e-11
-2.305,4.1169172701009415e-12,1.66954027436658e-11
-2.304,4.154634464895235e-12,1.6902513080484678e-11
-2.303,4.192646105376426e-12,1.7112183265189403e-11
-2.302,4.230953594698948e-12,1.732444480235445e-11
-2.301,4.269558324299645e-12,1.7539329582345138e-11
-2.3,4.308461673376168e-12,1.7756869886013657e-11
-2.299,4.347665008354064e-12,1.7977098389451836e-11
-2.298,4.387169682342336e-12,1.8200048168801314e-11
-2.297,4.426977034577292e-12,1.842575270512187e-11
-2.296,4.467088389854436e-12,1.865424588931852e-11
-2.295,4.5075050579482355e-12,1.8885562027128173e-11
-2.294,4.548228333019506e-12,1.9119735844166485e-11
-2.293,4.589259493010219e-12,1.9356802491035676e-11
-2.292,4.630599799025506e-12,1.959679754849403e-11
-2.291,4.6722504947026226e-12,1.9839757032687795e-11
-2.29,4.71421280556665e-12,2.0085717400446272e-11
-2.289,4.756487938372698e-12,2.0334715554640805e-11
-2.288,4.799077080434373e-12,2.0586788849608462e-11
-2.287,4.841981398938263e-12,2.0841975096641167e-11
-2.286,4.885202040244201e-12,2.1100312569541093e-11
-2.285,4.928740129171051e-12,2.1361840010243068e-11
-2.284,4.9725967682677674e-12,2.162659663450481e-11
-2.283,5.016773037069469e-12,2.1894622137665828e-11
-2.282,5.061269991338262e-12,2.2165956700475785e-11
-2.281,5.1060886622885464e-12,2.2440640994993134e-11
-2.28,5.151230055796543e-12,2.271871619055491e-11
-2.279,5.196695151593753e-12,2.3000223959818517e-11
-2.278,5.24248490244408e-12,2.328520648487631e-11
-2.277,5.288600233304329e-12,2.3573706463443964e-11
-2.276,5.335042040467791e-12,2.386576711512338e-11
-2.275,5.381811190690626e-12,2.41614321877411e-11
-2.274,5.428908520300735e-12,2.4460745963763114e-11
-2.273,5.476334834288831e-12,2.476375326678695e-11
-2.272,5.524090905381399e-12,2.5070499468111995e-11
-2.271,5.572177473095223e-12,2.5381030493388973e-11
-2.27,5.620595242773176e-12,2.5695392829349517e-11
-2.269,5.669344884600943e-12,2.6013633530616794e-11
-2.268,5.718427032604347e-12,2.6335800226598166e-11
-2.267,5.7678422836269565e-12,2.6661941128460814e-11
-2.266,5.8175911962876194e-12,2.6992105036191403e-11
-2.265,5.867674289917602e-12,2.7326341345740696e-11
-2.264,5.918092043476956e-12,2.7664700056254195e-11
-2.263,5.968844894449791e-12,2.8007231777389797e-11
-2.262,6.0199332377180635e-12,2.8353987736723516e-11
-2.261,6.071357424413536e-12,2.8705019787244346e-11
-2.26,6.123117760747525e-12,2.9060380414939258e-11
-2.259,6.175214506818064e-12,2.942012274646949e-11
-2.258,6.227647875394097e-12,2.978430055693915e-11
-2.257,6.280418030676312e-12,3.015296827775726e-11
-2.256,6.3335250870342226e-12,3.052618100459435e-11
-2.255,6.38696910771909e-12,3.090399450543476e-11
-2.254,6.440750103552278e-12,3.1286465228725686e-11
-2.253,6.494868031588637e-12,3.167365031162426e-11
-2.252,6.549322793754476e-12,3.206560758834375e-11
-2.251,6.6041142354597096e-12,3.2462395598600026e-11
-2.25,6.6592421441837456e-12,3.28640735961596e-11
-2.249,6.714706248034657e-12,3.327070155749032e-11
-2.248,6.770506214281213e-12,3.368234019051604e-11
-2.247,6.8266416478572846e-12,3.409905094347643e-11
-2.246,6.883112089838192e-12,3.452089601389322e-11
-2.245,6.9399170158885e-12,3.494793835764415e-11
-2.244,6.997055834680799e-12,3.538024169814582e-11
-2.243,7.054527886284979e-12,3.58178705356469e-11
-2.242,7.112332440527502e-12,3.6260890156632804e-11
-2.241,7.170468695320184e-12,3.670936664334333e-11
-2.24,7.228935774957969e-12,3.716336688340452e-11
-2.239,7.287732728385177e-12,3.7622958579576106e-11
-2.238,7.346858527429713e-12,3.8088210259615917e-11
-2.237,7.406312065004689e-12,3.8559191286262645e-11
-2.236,7.466092153276938e-12,3.903597186733838e-11
-2.235,7.526197521801852e-12,3.951862306597232e-11
-2.234,7.586626815623997e-12,4.0007216810947085e-11
-2.233,7.647378593342939e-12,4.050182590716911e-11
-2.232,7.708451325143695e-12,4.10025240462646e-11
-2.231,7.769843390791248e-12,4.1509385817302507e-11
-2.23,7.831553077588498e-12,4.2022486717646036e-11
-2.229,7.893578578297085e-12,4.254190316393421e-11
-2.228,7.95591798902044e-12,4.30677125031951e-11
-2.227,8.01856930704847e-12,4.359999302409213e-11
-2.226,8.081530428663215e-12,4.4138823968305194e-11
-2.225,8.14479914690487e-12,4.4684285542048075e-11
-2.224,8.208373149297492e-12,4.5236458927723855e-11
-2.223,8.272250015533761e-12,4.579542629571988e-11
-2.222,8.336427215118084e-12,4.6361270816344e-11
-2.221,8.400902104967404e-12,4.6934076671903664e-11
-2.22,8.465671926968995e-12,4.751392906892971e-11
-2.219,8.530733805494543e-12,4.81009142505464e-11
-2.218,8.596084744869811e-12,4.869511950898955e-11
-2.217,8.66172162679915e-12,4.929663319827441e-11
-2.216,8.727641207744132e-12,4.9905544747015203e-11
-2.215,8.793840116255546e-12,5.052194467139793e-11
-2.214,8.860314850258016e-12,5.114592458830842e-11
-2.213,8.927061774286443e-12,5.1777577228617417e-11
-2.212,8.994077116673522e-12,5.241699645062445e-11
-2.211,9.061356966687515e-12,5.306427725366254e-11
-2.21,9.128897271619477e-12,5.3719515791865494e-11
-2.209,9.196693833819135e-12,5.4382809388099854e-11
-2.208,9.26474230767856e-12,5.5054256548063244e-11
-2.207,9.333038196562813e-12,5.5733956974551285e-11
-2.206,9.401576849686688e-12,5.6422011581894996e-11
-2.205,9.470353458936699e-12,5.711852251057058e-11
-2.204,9.539363055637416e-12,5.782359314198386e-11
-2.203,9.608600507261256e-12,5.85373281134312e-11
-2.202,9.67806051408081e-12,5.925983333323909e-11
-2.201,9.74773760576281e-12,5.999121599608465e-11
-2.2,9.81762613790275e-12,6.073158459849882e-11
-2.199,9.887720288499252e-12,6.148104895455476e-11
-2.198,9.958014054367185e-12,6.223972021174347e-11
-2.197,1.0028501247488556e-11,6.300771086703889e-11
-2.196,1.0099175491300181e-11,6.378513478315455e-11
-2.195,1.0170030216917122e-11,6.457210720499438e-11
-2.194,1.024105865929086e-11,6.536874477629958e-11
-2.193,1.031225385330116e-11,6.617516555649411e-11
-2.192,1.0383608629780558e-11,6.699148903773106e-11
-2.191,1.045511561147042e-11,6.781783616214222e-11
-2.19,1.052676720890745e-11,6.86543293392934e-11
-2.189,1.0598555616239556e-11,6.950109246384767e-11
-2.188,1.0670472806969945e-11,7.035825093343924e-11
-2.187,1.0742510529628294e-11,7.122593166676027e-11
-2.186,1.0814660303367853e-11,7.210426312186316e-11
-2.185,1.088691341348728e-11,7.299337531468091e-11
-2.184,1.0959260906876039e-11,7.389339983776808e-11
-2.183,1.103169358738212e-11,7.480446987926491e-11
-2.182,1.1104202011100864e-11,7.572672024208724e-11
-2.181,1.1176776481583629e-11,7.666028736334498e-11
-2.18,1.124940704496505e-11,7.760530933399166e-11
-2.179,1.132208348500757e-11,7.856192591870784e-11
-2.178,1.1394795318061965e-11,7.953027857602123e-11
-2.177,1.1467531787942507e-11,8.051051047866609e-11
-2.176,1.154028186071543e-11,8.150276653418494e-11
-2.175,1.1613034219399333e-11,8.250719340577526e-11
-2.174,1.168577725857612e-11,8.352393953338416e-11
-2.173,1.1758499078911064e-11,8.455315515505383e-11
-2.172,1.1831187481580571e-11,8.559499232852088e-11
-2.171,1.1903829962606189e-11,8.66496049530723e-11
-2.17,1.1976413707093372e-11,8.771714879166133e-11
-2.169,1.2048925583373529e-11,8.879778149328603e-11
-2.168,1.2121352137047795e-11,8.989166261563386e-11
-2.167,1.2193679584931025e-11,9.099895364799522e-11
-2.166,1.2265893808894403e-11,9.21198180344491e-11
-2.165,1.2337980349605113e-11,9.325442119732423e-11
-2.164,1.2409924400161425e-11,9.440293056093874e-11
-2.163,1.248171079962157e-11,9.55655155756216e-11
-2.162,1.2553324026424752e-11,9.674234774201937e-11
-2.161,1.262474819170258e-11,9.793360063569126e-11
-2.16,1.2695967032479234e-11,9.913944993199624e-11
-2.159,1.2766963904758607e-11,1.0036007343127529e-10
-2.158,1.2837721776496667e-11,1.0159565108433239e-10
-2.157,1.290822322045724e-11,1.0284636501821787e-10
-2.156,1.2978450406949395e-11,1.0411239956231738e-10
-2.155,1.3048385096444588e-11,1.0539394127475028e-10
-2.154,1.311800863207169e-11,1.06691178969081e-10
-2.153,1.3187301931987997e-11,1.0800430374134691e-10
-2.152,1.3256245481624277e-11,1.0933350899740667e-10
-2.151,1.3324819325801927e-11,1.1067899048061254e-10
-2.15,1.339300306072021e-11,1.1204094629981044e-10
-2.149,1.3460775825811588e-11,1.1341957695767194e-10
-2.148,1.3528116295463075e-11,1.1481508537936157e-10
-2.147,1.3595002670601551e-11,1.1622767694154364e-10
-2.146,1.3661412670140923e-11,1.1765755950173256e-10
-2.145,1.3727323522288963e-11,1.1910494342799054e-10
-2.144,1.3792711955711697e-11,1.2057004162897673e-10
-2.143,1.3857554190553098e-11,1.2205306958435207e-10
-2.142,1.392182592930786e-11,1.235542453755437e-10
-2.141,1.3985502347544984e-11,1.250737897168735e-10
-2.14,1.4048558084479851e-11,1.2661192598705447e-10
-2.139,1.4110967233392472e-11,1.281688802610601e-10
-2.138,1.4172703331889492e-11,1.2974488134236988e-10
-2.137,1.4233739352007602e-11,1.3134016079559653e-10
-2.136,1.4294047690155839e-11,1.3295495297949859e-10
-2.135,1.4353600156894347e-11,1.3458949508038319e-10
-2.134,1.441236796654705e-11,1.3624402714590338e-10
-2.133,1.4470321726645694e-11,1.3791879211925494e-10
-2.132,1.4527431427202643e-11,1.3961403587377674e-10
-2.131,1.4583666429809812e-11,1.4133000724796003e-10
-2.13,1.4638995456561065e-11,1.4306695808087086e-10
-2.129,1.4693386578795348e-11,1.4482514324799056e-10
-2.128,1.474680720565781e-11,1.4660482069747966e-10
-2.127,1.479922407247614e-11,1.4840625148686907e-10
-2.126,1.4850603228949242e-11,1.502296998201848e-10
-2.125,1.4900910027145405e-11,1.5207543308551018e-10
-2.124,1.495010910930705e-11,1.5394372189299116e-10
-2.123,1.4998164395459043e-11,1.5583484011328995e-10
-2.122,1.5045039070817645e-11,1.5774906491649174e-10
-2.121,1.5090695572996954e-11,1.5968667681147027e-10
-2.12,1.5135095579009854e-11,1.6164795968571709e-10
-2.119,1.5178199992060195e-11,1.6363320084564036e-10
-2.118,1.5219968928123144e-11,1.6564269105733827e-10
-2.117,1.526036170231039e-11,1.6767672458785274e-10
-2.116,1.5299336815016937e-11,1.6973559924690894e-10
-2.115,1.5336851937846167e-11,1.7181961642914626e-10
-2.114,1.5372863899309792e-11,1.7392908115684647e-10
-2.113,1.5407328670299238e-11,1.760643021231647e-10
-2.112,1.5440201349325e-11,1.782255917358692e-10
-2.111,1.5471436147520445e-11,1.8041326616159566e-10
-2.11,1.5500986373406446e-11,1.8262764537062228e-10
-2.109,1.5528804417413242e-11,1.8486905318217101e-10
-2.108,1.555484173615581e-11,1.8713781731024204e-10
-2.107,1.557904883645901e-11,1.8943426940998666e-10
-2.106,1.560137525912872e-11,1.9175874512462537e-10
-2.105,1.5621769562465065e-11,1.9411158413291743e-10
-2.104,1.564017930551387e-11,1.96493130197188e-10
-2.103,1.565655103105233e-11,1.9890373121191956e-10
-2.102,1.5670830248304912e-11,2.0134373925291403e-10
-2.101,1.568296141538533e-11,2.0381351062703213e-10
-2.1,1.5692887921460544e-11,2.0631340592251662e-10
-2.099,1.5700552068632465e-11,2.088437900599065e-10
-2.098,1.5705895053533186e-11,2.1140503234354832e-10
-2.097,1.570885694862936e-11,2.1399750651371236e-10
-2.096,1.5709376683231322e-11,2.1662159079931956e-10
-2.095,1.5707392024202542e-11,2.1927766797128757e-10
-2.094,1.570283955636482e-11,2.2196612539650165e-10
-2.093,1.569565466259466e-11,2.2468735509241888e-10
-2.092,1.5685771503606208e-11,2.2744175378231205e-10
-2.091,1.5673122997415926e-11,2.3022972295116102e-10
-2.09,1.5657640798484284e-11,2.3305166890219906e-10
-2.089,1.5639255276529607e-11,2.359080028141215e-10
-2.088,1.5617895495009057e-11,2.3879914079896423e-10
-2.087,1.5593489189261854e-11,2.417255039606602e-10
-2.086,1.556596274430954e-11,2.446875184542813e-10
-2.085,1.553524117230822e-11,2.4768561554597364e-10
-2.084,1.5501248089647506e-11,2.50720231673594e-10
-2.083,1.5463905693690822e-11,2.53791808508056e-10
-2.082,1.542313473915176e-11,2.5690079301539393e-10
-2.081,1.5378854514100978e-11,2.600476375195517e-10
-2.08,1.533098281559806e-11,2.632327997659067e-10
-2.079,1.52794359249428e-11,2.664567429855358e-10
-2.078,1.5224128582540123e-11,2.6971993596023266e-10
-2.077,1.5164973962372896e-11,2.7302285308828433e-10
-2.076,1.510188364607674e-11,2.76365974451017e-10
-2.075,1.5034767596610874e-11,2.797497858801179e-10
-2.074,1.4963534131518984e-11,2.8317477902574446e-10
-2.073,1.4888089895773914e-11,2.8664145142542777e-10
-2.072,1.480833983420003e-11,2.901503065737806e-10
-2.071,1.472418716346689e-11,2.9370185399301873e-10
-2.07,1.463553334364783e-11,2.9729660930430537e-10
-2.069,1.454227804933699e-11,3.009350942999273e-10
-2.068,1.4444319140318132e-11,3.046178370163127e-10
-2.067,1.4341552631778627e-11,3.083453718079009e-10
-2.066,1.4233872664061786e-11,3.121182394218724e-10
-2.065,1.4121171471950646e-11,3.1593698707375013e-10
-2.064,1.4003339353476254e-11,3.1980216852388174e-10
-2.063,1.3880264638243344e-11,3.2371434415481237e-10
-2.062,1.3751833655266229e-11,3.2767408104955855e-10
-2.061,1.3617930700307613e-11,3.3168195307079396e-10
-2.06,1.347843800271292e-11,3.357385409409561e-10
-2.059,1.3333235691732647e-11,3.39844432323286e-10
-2.058,1.318220176232513e-11,3.4400022190381026e-10
-2.057,1.3025212040431977e-11,3.4820651147427723e-10
-2.056,1.286214014771836e-11,3.524639100160571e-10
-2.055,1.2692857465770215e-11,3.567730337850181e-10
-2.054,1.2517233099740263e-11,3.6113450639738886e-10
-2.053,1.2335133841434713e-11,3.6554895891661887e-10
-2.052,1.2146424131832304e-11,3.70017029941248e-10
-2.051,1.1950966023027322e-11,3.7453936569379686e-10
-2.05,1.1748619139588002e-11,3.7911662011068924e-10
-2.049,1.153924063932169e-11,3.8374945493321876e-10
-2.048,1.1322685173437966e-11,3.884385397995713e-10
-2.047,1.1098804846100812e-11,3.931845523379155e-10
-2.046,1.0867449173360792e-11,3.9798817826057296e-10
-2.045,1.0628465041458067e-11,4.0285011145928126e-10
-2.044,1.0381696664486947e-11,4.077710541015609e-10
-2.043,1.0126985541412534e-11,4.1275171672820047e-10
-2.042,9.864170412429895e-12,4.1779281835187077e-10
-2.041,9.593087214656044e-12,4.2289508655688226e-10
-2.04,9.313569037144883e-12,4.2805925760009787e-10
-2.039,9.025446075215124e-12,4.332860765130149e-10
-2.038,8.728545584081034e-12,4.385762972050283e-10
-2.037,8.42269183177574e-12,4.4393068256789046e-10
-2.036,8.107706051356662e-12,4.493500045813786e-10
-2.035,7.783406392382482e-12,4.5483504442018564e-10
-2.034,7.449607871650936e-12,4.603865925620475e-10
-2.033,7.1061223231865375e-12,4.660054488971203e-10
-2.032,6.7527583474671886e-12,4.716924228386229e-10
-2.031,6.389321259878482e-12,4.77448333434757e-10
-2.03,6.015613038384336e-12,4.832740094819226e-10
-2.029,5.631432270402444e-12,4.891702896392393e-10
-2.028,5.236574098872835e-12,4.951380225443909e-10
-2.027,4.830830167507712e-12,5.01178066930809e-10
-2.026,4.413988565210529e-12,5.072912917462071e-10
-2.025,3.985833769652112e-12,5.13478576272484e-10
-2.024,3.546146589991458e-12,5.197408102470105e-10
-2.023,3.0947041087286575e-12,5.260788939853142e-10
-2.022,2.6312796226772173e-12,5.324937385051804e-10
-2.021,2.1556425830428703e-12,5.389862656521823e-10
-2.02,1.6675585345957818e-12,5.455574082266587e-10
-2.019,1.1667890539228659e-12,5.522081101121545e-10
-2.018,6.530916867467459e-13,5.589393264053408e-10
-2.017,1.2621988429769156e-13,5.657520235474311e-10
-2.016,-4.1407706127532397e-13,5.726471794571103e-10
-2.015,-9.680540824685041e-13,5.796257836649935e-10
-2.014,-1.5359704029763035e-12,5.866888374496327e-10
-2.013,-2.1180896052481553e-12,5.938373539750866e-10
-2.012,-2.714679699063523e-12,6.010723584300742e-10
-2.011,-3.3260131911401457e-12,6.083948881687264e-10
-2.01,-3.95236715579057e-12,6.158059928529567e-10
-2.009,-4.594023306642268e-12,6.233067345964669e-10
-2.008,-5.251268069436865e-12,6.308981881104074e-10
-2.007,-5.924392655924217e-12,6.385814408507103e-10
-2.006,-6.6136931388673e-12,6.463575931671135e-10
-2.005,-7.319470528174111e-12,6.542277584538955e-10
-2.004,-8.042030848173007e-12,6.621930633023399e-10
-2.003,-8.781685216048118e-12,6.702546476549477e-10
-2.002,-9.538749921451755e-12,6.7841366496142e-10
-2.001,-1.0313546507310935e-11,6.866712823364262e-10
-2.0,-1.1106401851845398e-11,6.95028680719183e-10
-1.999,-1.1917648251814731e-11,7.034870550348595e-10
-1.998,-1.2747623507012512e-11,7.120476143578324e-10
-1.997,-1.359667100602555e-11,7.207115820768098e-10
-1.996,-1.4465139813276651e-11,7.294801960618458e-10
-1.995,-1.5353384757369528e-11,7.383547088332656e-10
-1.994,-1.6261766520754785e-11,7.473363877325236e-10
-1.993,-1.719065173073613e-11,7.564265150950155e-10
-1.992,-1.8140413051836324e-11,7.656263884248659e-10
-1.991,-1.9111429279542502e-11,7.749373205717145e-10
-1.99,-2.0104085435450967e-11,7.84360639909521e-10
-1.989,-2.1118772863831686e-11,7.938976905174134e-10
-1.988,-2.2155889329633086e-11,8.035498323626015e-10
-1.987,-2.3215839117948033e-11,8.133184414853779e-10
-1.986,-2.4299033134962117e-11,8.232049101862304e-10
-1.985,-2.540588901040576e-11,8.332106472150897e-10
-1.984,-2.653683120153186e-11,8.433370779627349e-10
-1.983,-2.7692291098641108e-11,8.535856446543812e-10
-1.982,-2.88727071321773e-11,8.639578065454742e-10
-1.981,-3.00785248814154e-11,8.74455040119716e-10
-1.98,-3.131019718476534e-11,8.850788392893454e-10
-1.979,-3.256818425171494e-11,8.958307155976995e-10
-1.978,-3.3852953776435605e-11,9.067121984240818e-10
-1.977,-3.516498105307484e-11,9.1772483519096e-10
-1.976,-3.6504749092759883e-11,9.288701915735225e-10
-1.975,-3.787274874233719e-11,9.401498517116165e-10
-1.974,-3.926947880487288e-11,9.515654184240976e-10
-1.973,-4.0695446161939365e-11,9.631185134256124e-10
-1.972,-4.2151165897714114e-11,9.748107775458478e-10
-1.971,-4.363716142491657e-11,9.866438709512659e-10
-1.97,-4.515396461260966e-11,9.986194733693611e-10
-1.969,-4.670211591589293e-11,1.0107392843154586e-9
-1.968,-4.828216450751435e-11,1.0230050233220881e-9
-1.967,-4.9894668411428504e-11,1.0354184301709583e-9
-1.966,-5.154019463832924e-11,1.0479812651275627e-9
-1.965,-5.321931932318504e-11,1.0606953091784422e-9
-1.964,-5.4932627864806024e-11,1.0735623642711394e-9
-1.963,-5.6680715067471744e-11,1.0865842535568666e-9
-1.962,-5.846418528464947e-11,1.0997628216359253e-9
-1.961,-6.028365256483287e-11,1.1130999348059013e-9
-1.96,-6.213974079953168e-11,1.1265974813126682e-9
-1.959,-6.403308387344314e-11,1.1402573716042312e-9
-1.958,-6.596432581683661e-11,1.1540815385874394e-9
-1.957,-6.793412096018309e-11,1.1680719378876018e-9
-1.956,-6.994313409106184e-11,1.1822305481110331e-9
-1.955,-7.19920406133767e-11,1.1965593711105697e-9
-1.954,-7.40815267089154e-11,1.2110604322540796e-9
-1.953,-7.621228950128534e-11,1.225735780696004e-9
-1.952,-7.838503722225975e-11,1.2405874896519643e-9
-1.951,-8.060048938056901e-11,1.2556176566764631e-9
-1.95,-8.285937693317211e-11,1.2708284039437198e-9
-1.949,-8.516244245904345e-11,1.2862218785316674e-9
-1.948,-8.751044033551143e-11,1.3018002527091516e-9
-1.947,-8.990413691718504e-11,1.3175657242263644e-9
-1.946,-9.234431071750547e-11,1.333520516608544e-9
-1.945,-9.483175259296048e-11,1.349666879452985e-9
-1.944,-9.736726592999942e-11,1.3660070887293846e-9
-1.943,-9.995166683468743e-11,1.3825434470835702e-9
-1.942,-1.0258578432513822e-10,1.3992782841446384e-9
-1.941,-1.0527046052676483e-10,1.4162139568355472e-9
-1.94,-1.0800655087038878e-10,1.4333528496871951e-9
-1.939,-1.1079492429324835e-10,1.450697375156028e-9
-1.938,-1.1363646344294727e-10,1.4682499739452092e-9
-1.937,-1.16532064884386e-10,1.4860131153293956e-9
-1.936,-1.1948263930971787e-10,1.5039892974831517e-9
-1.935,-1.2248911175137328e-10,1.52218104781305e-9
-1.934,-1.2555242179819588e-10,1.540590923293489e-9
-1.933,-1.2867352381473478e-10,1.5592215108062761e-9
-1.932,-1.3185338716373783e-10,1.5780754274840101e-9
-1.931,-1.350929964318918e-10,1.5971553210573086e-9
-1.93,-1.3839335165885518e-10,1.6164638702059199e-9
-1.929,-1.4175546856963098e-10,1.6360037849137618e-9
-1.928,-1.4518037881032669e-10,1.6557778068279284e-9
-1.927,-1.486691301873498e-10,1.6757887096217106e-9
-1.926,-1.5222278691008746e-10,1.6960392993616687e-9
-1.925,-1.5584242983712017e-10,1.716532414878806e-9
-1.924,-1.5952915672601924e-10,1.7372709281438838e-9
-1.923,-1.632840824867796e-10,1.758257744646924e-9
-1.922,-1.6710833943893875e-10,1.7794958037809423e-9
-1.921,-1.7100307757243503e-10,1.8009880792299605e-9
-1.92,-1.7496946481225754e-10,1.8227375793613413e-9
-1.919,-1.790086872869421e-10,1.8447473476224925e-9
-1.918,-1.8312194960096736e-10,1.867020462941987e-9
-1.917,-1.8731047511110684e-10,1.889560040135148e-9
-1.916,-1.9157550620679236e-10,1.9123692303141443e-9
-1.915,-1.9591830459454634e-10,1.935451221302645e-9
-1.914,-2.0034015158654017e-10,1.9588092380550818e-9
-1.913,-2.0484234839333743e-10,1.9824465430805718e-9
-1.912,-2.0942621642088082e-10,2.0063664368715428e-9
-1.911,-2.1409309757178343e-10,2.0305722583371197e-9
-1.91,-2.1884435455098463e-10,2.055067385241316e-9
-1.909,-2.2368137117583285e-10,2.0798552346460865e-9
-1.908,-2.2860555269065767e-10,2.104939263359288e-9
-1.907,-2.3361832608589453e-10,2.1303229683876065e-9
-1.906,-2.3872114042182684e-10,2.1560098873944973e-9
-1.905,-2.4391546715701017e-10,2.182003599163193e-9
-1.904,-2.4920280048144547e-10,2.2083077240648387e-9
-1.903,-2.545846576545673e-10,2.2349259245317986e-9
-1.902,-2.6006257934811617e-10,2.261861905536199e-9
-1.901,-2.6563812999396325e-10,2.2891194150737535e-9
-1.9,-2.7131289813695756e-10,2.3167022446529366e-9
-1.899,-2.7708849679286645e-10,2.3446142297895527e-9
-1.898,-2.8296656381148126e-10,2.372859250506763e-9
-1.897,-2.8894876224496087e-10,2.4014412318406256e-9
-1.896,-2.9503678072148727e-10,2.430364144351211e-9
-1.895,-3.012323338243076e-10,2.4596320046393437e-9
-1.894,-3.0753716247623865e-10,2.489248875869037e-9
-1.893,-3.139530343297114e-10,2.5192188682956784e-9
-1.892,-3.2048174416243246e-10,2.5495461398000216e-9
-1.891,-3.271251142787421e-10,2.580234896428057e-9
-1.89,-3.3388499491674966e-10,2.611289392936807e-9
-1.889,-3.407632646613263e-10,2.6427139333461236e-9
-1.888,-3.477618308630383e-10,2.6745128714965412e-9
-1.887,-3.548826300631046e-10,2.7066906116132503e-9
-1.886,-3.621276284244626e-10,2.7392516088762594e-9
-1.885,-3.6949882216902843e-10,2.7722003699968065e-9
-1.884,-3.769982380212391e-10,2.8055414538000845e-9
-1.883,-3.846279336579638e-10,2.8392794718143513e-9
-1.882,-3.923899981648746e-10,2.873419088866485e-9
-1.881,-4.0028655249936707e-10,2.9079650236840594e-9
-1.88,-4.083197499601224e-10,2.9429220495039955e-9
-1.879,-4.1649177666340476e-10,2.9782949946878713e-9
-1.878,-4.2480485202618746e-10,3.0140887433439513e-9
-1.877,-4.3326122925620494e-10,3.050308235956003e-9
-1.876,-4.418631958490263e-10,3.0869584700189795e-9
-1.875,-4.506130740922501e-10,3.124044500681632e-9
-1.874,-4.595132215769188e-10,3.1615714413961263e-9
-1.873,-4.685660317162556e-10,3.199544464574738e-9
-1.872,-4.777739342718242e-10,3.237968802253695e-9
-1.871,-4.871393958872177e-10,3.276849746764248e-9
-1.87,-4.9666492062938e-10,3.3161926514110336e-9
-1.869,-5.063530505376677e-10,3.356002931157816e-9
-1.868,-5.162063661807594e-10,3.3962860633206776e-9
-1.867,-5.262274872215255e-10,3.437047588268734e-9
-1.866,-5.36419072989964e-10,3.478293110132456e-9
-1.865,-5.467838230643217e-10,3.5200282975196693e-9
-1.864,-5.573244778605093e-10,3.5622588842393205e-9
-1.863,-5.680438192299304e-10,3.60499067003308e-9
-1.862,-5.789446710658399e-10,3.6482295213148675e-9
-1.861,-5.900298999183507e-10,3.6919813719183774e-9
-1.86,-6.01302415618211e-10,3.736252223852693e-9
-1.859,-6.127651719094727e-10,3.781048148066061e-9
-1.858,-6.244211670911761e-10,3.826375285217923e-9
-1.857,-6.362734446681768e-10,3.872239846459272e-9
-1.856,-6.483250940112407e-10,3.91864811422144e-9
-1.855,-6.605792510265378e-10,3.965606443013379e-9
-1.854,-6.730390988346665e-10,4.01312126022754e-9
-1.853,-6.857078684593376e-10,4.061199066954432e-9
-1.852,-6.985888395258565e-10,4.10984643880594e-9
-1.851,-7.116853409695387e-10,4.159070026747507e-9
-1.85,-7.25000751754195e-10,4.208876557939257e-9
-1.849,-7.385385016008293e-10,4.259272836586156e-9
-1.848,-7.523020717266892e-10,4.310265744797298e-9
-1.847,-7.662949955948149e-10,4.361862243454414e-9
-1.846,-7.805208596742298e-10,4.414069373089689e-9
-1.845,-7.949833042109242e-10,4.466894254772992e-9
-1.844,-8.09686024009779e-10,4.5203440910086e-9
-1.843,-8.246327692275828e-10,4.574426166641522e-9
-1.842,-8.398273461772972e-10,4.6291478497735176e-9
-1.841,-8.552736181437243e-10,4.6845165926889054e-9
-1.84,-8.709755062107368e-10,4.740539932790256e-9
-1.839,-8.869369901002298e-10,4.797225493544078e-9
-1.838,-9.031621090229577e-10,4.854580985436588e-9
-1.837,-9.196549625414209e-10,4.912614206939671e-9
-1.836,-9.364197114449684e-10,4.971333045487131e-9
-1.835,-9.534605786372874e-10,5.030745478461327e-9
-1.834,-9.7078185003645e-10,5.090859574190322e-9
-1.833,-9.88387875487692e-10,5.151683492955609e-9
-1.832,-1.0062830696890986e-9,5.213225488010563e-9
-1.831,-1.0244719131303797e-9,5.275493906609697e-9
-1.83,-1.0429589530449087e-9,5.338497191048833e-9
-1.829,-1.061748804375217e-9,5.402243879716308e-9
-1.828,-1.0808461507521238e-9,5.466742608155313e-9
-1.827,-1.100255745487692e-9,5.532002110137474e-9
-1.826,-1.1199824125822042e-9,5.598031218747798e-9
-1.825,-1.1400310477453455e-9,5.664838867481083e-9
-1.824,-1.1604066194317986e-9,5.732434091349911e-9
-1.823,-1.181114169891442e-9,5.800826028004335e-9
-1.822,-1.2021588162343591e-9,5.870023918863381e-9
-1.821,-1.2235457515108585e-9,5.94003711025847e-9
-1.82,-1.245280245806715e-9,6.010875054588887e-9
-1.819,-1.267367647353842e-9,6.082547311489412e-9
-1.818,-1.2898133836566055e-9,6.155063549010226e-9
-1.817,-1.3126229626339982e-9,6.228433544809219e-9
-1.816,-1.33580197377789e-9,6.302667187356815e-9
-1.815,-1.3593560893275792e-9,6.377774477153444e-9
-1.814,-1.383291065460867e-9,6.4537655279597725e-9
-1.813,-1.4076127435018828e-9,6.5306505680398275e-9
-1.812,-1.432327051145895e-9,6.608439941417127e-9
-1.811,-1.4574400037013329e-9,6.687144109143952e-9
-1.81,-1.4829577053492671e-9,6.766773650583892e-9
-1.809,-1.5088863504205804e-9,6.847339264707768e-9
-1.808,-1.535232224691077e-9,6.928851771403095e-9
-1.807,-1.562001706694774e-9,7.011322112797182e-9
-1.806,-1.5892012690556291e-9,7.094761354594029e-9
-1.805,-1.6168374798379532e-9,7.179180687425128e-9
-1.804,-1.6449170039157688e-9,7.2645914282143255e-9
-1.803,-1.6734466043613718e-9,7.351005021556853e-9
-1.802,-1.7024331438533628e-9,7.438433041112692e-9
-1.801,-1.7318835861044126e-9,7.526887191014384e-9
-1.8,-1.761804997309036e-9,7.616379307289432e-9
-1.799,-1.7922045476116453e-9,7.706921359297449e-9
-1.798,-1.8230895125951642e-9,7.79852545118215e-9
-1.797,-1.8544672747904843e-9,7.891203823338385e-9
-1.796,-1.886345325207047e-9,7.984968853894306e-9
-1.795,-1.9187312648848443e-9,8.07983306020884e-9
-1.794,-1.9516328064681296e-9,8.175809100384601e-9
-1.793,-1.9850577758011375e-9,8.272909774796386e-9
-1.792,-2.0190141135461133e-9,8.371148027635406e-9
-1.791,-2.0535098768239567e-9,8.470536948469404e-9
-1.79,-2.0885532408777914e-9,8.57108977381878e-9
-1.789,-2.1241525007597752e-9,8.67281988874893e-9
-1.788,-2.1603160730414644e-9,8.775740828478881e-9
-1.787,-2.197052497548059e-9,8.87986628000642e-9
-1.786,-2.2343704391168535e-9,8.985210083749875e-9
-1.785,-2.2722786893802226e-9,9.091786235206652e-9
-1.784,-2.3107861685734846e-9,9.199608886628754e-9
-1.783,-2.3499019273679696e-9,9.308692348715362e-9
-1.782,-2.38963514872965e-9,9.41905109232272e-9
-1.781,-2.4299951498036743e-9,9.530699750191394e-9
-1.78,-2.47099138382516e-9,9.643653118691147e-9
-1.779,-2.512633442056608e-9,9.757926159583535e-9
-1.778,-2.5549310557522904e-9,9.873534001802403e-9
-1.777,-2.5978940981499986e-9,9.990491943252459e-9
-1.776,-2.6415325864905033e-9,1.0108815452626073e-8
-1.775,-2.685856684065121e-9,1.0228520171238476e-8
-1.774,-2.7308767022917628e-9,1.0349621914881522e-8
-1.773,-2.7766031028198536e-9,1.0472136675696178e-8
-1.772,-2.823046499664518e-9,1.0596080624063928e-8
-1.771,-2.870217661370429e-9,1.0721470110517242e-8
-1.77,-2.9181275132057223e-9,1.0848321667669294e-8
-1.769,-2.9667871393863924e-9,1.097665201216309e-8
-1.768,-3.0162077853315764e-9,1.1106478046640207e-8
-1.767,-3.06640085995015e-9,1.1237816861729282e-8
-1.766,-3.117377937959063e-9,1.1370685738054456e-8
-1.765,-3.1691507622338435e-9,1.1505102148263941e-8
-1.764,-3.2217312461917095e-9,1.1641083759078882e-8
-1.763,-3.275131476207729e-9,1.1778648433362707e-8
-1.762,-3.3293637140644793e-9,1.1917814232211148e-8
-1.761,-3.3844403994356635e-9,1.2058599417063089e-8
-1.76,-3.440374152404136e-9,1.220102245183247e-8
-1.759,-3.497177776014818e-9,1.2345102005061384e-8
-1.758,-3.554864258862959e-9,1.2490856952094586e-8
-1.757,-3.6134467777182433e-9,1.2638306377275594e-8
-1.756,-3.6729387001852123e-9,1.2787469576164559e-8
-1.755,-3.7333535874005e-9,1.2938366057778115e-8
-1.754,-3.794705196767389e-9,1.3091015546851375e-8
-1.753,-3.857007484728169e-9,1.3245437986122284e-8
-1.752,-3.920274609574849e-9,1.3401653538638518e-8
-1.751,-3.984520934298699e-9,1.3559682590087112e-8
-1.75,-4.049761029479179e-9,1.3719545751147041e-8
-1.749,-4.1160096762127754e-9,1.3881263859864907e-8
-1.748,-4.183281869082284e-9,1.4044857984053982e-8
-1.747,-4.2515928191670915e-9,1.4210349423716749e-8
-1.746,-4.3209579570950095e-9,1.4377759713491204e-8
-1.745,-4.3913929361362194e-9,1.4547110625121067e-8
-1.744,-4.4629136353398984e-9,1.4718424169950123e-8
-1.743,-4.5355361627141054e-9,1.4891722601440917e-8
-1.742,-4.609276858449512e-9,1.506702841771797e-8
-1.741,-4.684152298187567e-9,1.5244364364135772e-8
-1.74,-4.760179296333694e-9,1.5423753435871677e-8
-1.739,-4.83737490941614e-9,1.5605218880544022e-8
-1.738,-4.9157564394910724e-9,1.5788784200855573e-8
-1.737,-4.995341437594566e-9,1.5974473157262575e-8
-1.736,-5.076147707242107e-9,1.6162309770669584e-8
-1.735,-5.1581933079762456e-9,1.6352318325150314e-8
-1.734,-5.241496558963061e-9,1.6544523370694702e-8
-1.733,-5.326076042638083e-9,1.67389497259824e-8
-1.732,-5.411950608402349e-9,1.6935622481182922e-8
-1.731,-5.4991393763692605e-9,1.7134567000782664e-8
-1.73,-5.587661741162926e-9,1.7335808926439006e-8
-1.729,-5.67753737576869e-9,1.753937417986171e-8
-1.728,-5.768786235436541e-9,1.7745288965721848e-8
-1.727,-5.861428561638113e-9,1.7953579774588474e-8
-1.726,-5.955484886078009e-9,1.8164273385893263e-8
-1.725,-6.0509760347601564e-9,1.8377396870923336e-8
-1.724,-6.14792313210996e-9,1.85929775958425e-8
-1.723,-6.246347605152984e-9,1.881104322474113e-8
-1.722,-6.346271187750921e-9,1.9031621722714904e-8
-1.721,-6.447715924895636e-9,1.9254741358972625e-8
-1.72,-6.550704177062045e-9,1.948043070997339e-8
-1.719,-6.655258624620623e-9,1.9708718662593258e-8
-1.718,-6.761402272310347e-9,1.9939634417321732e-8
-1.717,-6.869158453772883e-9,2.0173207491488222e-8
-1.716,-6.97855083614883e-9,2.0409467722518758e-8
-1.715,-7.089603424736862e-9,2.0648445271223153e-8
-1.714,-7.202340567716609e-9,2.0890170625112888e-8
-1.713,-7.316786960936122e-9,2.1134674601749903e-8
-1.712,-7.432967652764803e-9,2.138198835212658e-8
-1.711,-7.55090804901266e-9,2.1632143364077112e-8
-1.71,-7.670633917916782e-9,2.18851714657205e-8
-1.709,-7.792171395195943e-9,2.214110482893546e-8
-1.708,-7.915546989174213e-9,2.2399975972867375e-8
-1.707,-8.040787585974555e-9,2.2661817767467668e-8
-1.706,-8.16792045478327e-9,2.2926663437065695e-8
-1.705,-8.296973253186317e-9,2.3194546563973506e-8
-1.704,-8.427974032578397e-9,2.3465501092123634e-8
-1.703,-8.560951243645813e-9,2.3739561330740212e-8
-1.702,-8.695933741924094e-9,2.4016761958043615e-8
-1.701,-8.83295079343134e-9,2.4297138024988878e-8
-1.7,-8.972032080378354e-9,2.458072495903817e-8
-1.699,-9.11320770695654e-9,2.4867558567967477e-8
-1.698,-9.256508205204626e-9,2.5157675043707848e-8
-1.697,-9.401964540955255e-9,2.5451110966221348e-8
-1.696,-9.549608119862513e-9,2.574790330741202e-8
-1.695,-9.699470793511472e-9,2.6048089435072066e-8
-1.694,-9.851584865610826e-9,2.6351707116863517e-8
-1.693,-1.0005983098269753e-8,2.665879452433562e-8
-1.692,-1.0162698718360094e-8,2.6969390236978163e-8
-1.691,-1.0321765423965013e-8,2.728353324631104e-8
-1.69,-1.0483217390915259e-8,2.7601262960010242e-8
-1.689,-1.0647089279414214e-8,2.7922619206070525e-8
-1.688,-1.0813416240752908e-8,2.8247642237005057e-8
-1.687,-1.0982233924116185e-8,2.8576372734082196e-8
-1.686,-1.1153578483481233e-8,2.8908851811599713e-8
-1.685,-1.1327486584609711e-8,2.9245121021196672e-8
-1.684,-1.150399541213471e-8,2.9585222356203233e-8
-1.683,-1.1683142676743809e-8,2.992919825602856e-8
-1.682,-1.1864966622459499e-8,3.027709161058717e-8
-1.681,-1.2049506034018263e-8,3.062894576476388e-8
-1.68,-1.2236800244349629e-8,3.098480452291768e-8
-1.679,-1.2426889142156511e-8,3.1344712153424634e-8
-1.678,-1.261981317959818e-8,3.1708713393260206e-8
-1.677,-1.281561338007724e-8,3.207685345262118e-8
-1.676,-1.3014331346131953e-8,3.24491780195874e-8
-1.675,-1.3216009267435355e-8,3.2825733264823544e-8
-1.674,-1.3420689928902521e-8,3.32065658463213e-8
-1.673,-1.3628416718907455e-8,3.359172291418202e-8
-1.672,-1.3839233637611028e-8,3.3981252115440174e-8
-1.671,-1.4053185305401443e-8,3.4375201598927855e-8
-1.67,-1.4270316971448705e-8,3.477362002018048e-8
-1.669,-1.4490674522374615e-8,3.517655654638407e-8
-1.668,-1.4714304491039794e-8,3.558406086136414e-8
-1.667,-1.494125406544931e-8,3.599618317061663e-8
-1.666,-1.5171571097778433e-8,3.641297420638099e-8
-1.665,-1.5405304113520142e-8,3.683448523275564e-8
-1.664,-1.5642502320755968e-8,3.726076805085612e-8
-1.663,-1.5883215619551797e-8,3.7691875004016075e-8
-1.662,-1.6127494611480296e-8,3.8127858983031303e-8
-1.661,-1.63753906092716e-8,3.856877343144717e-8
-1.66,-1.6626955646593998e-8,3.901467235088948e-8
-1.659,-1.6882242487966267e-8,3.946561030643914e-8
-1.658,-1.7141304638803432e-8,3.9921642432050804e-8
-1.657,-1.7404196355597707e-8,4.038282443601561e-8
-1.656,-1.767097265623634e-8,4.0849212606468396e-8
-1.655,-1.7941689330458254e-8,4.132086381693945e-8
-1.654,-1.8216402950451215e-8,4.1797835531951135e-8
-1.653,-1.849517088159142e-8,4.2280185812659445e-8
-1.652,-1.8778051293327395e-8,4.276797332254082e-8
-1.651,-1.9065103170210025e-8,4.32612573331244e-8
-1.65,-1.9356386323070723e-8,4.376009772976982e-8
-1.649,-1.9651961400349603e-8,4.42645550174909e-8
-1.648,-1.9951889899575675e-8,4.477469032682523e-8
-1.647,-2.0256234179001036e-8,4.529056541975004e-8
-1.646,-2.056505746939105e-8,4.5812242695644394e-8
-1.645,-2.0878423885972643e-8,4.633978519729792e-8
-1.644,-2.1196398440542644e-8,4.6873256616966326e-8
-1.643,-2.1519047053738418e-8,4.7412721302473774e-8
-1.642,-2.1846436567472816e-8,4.7958244263362346e-8
-1.641,-2.2178634757535604e-8,4.850989117708879e-8
-1.64,-2.251571034636359e-8,4.906772839526863e-8
-1.639,-2.285773301598161e-8,4.9631822949967865e-8
-1.638,-2.3204773421116613e-8,5.0202242560042395e-8
-1.637,-2.355690320248715e-8,5.077905563752533e-8
-1.636,-2.3914195000270456e-8,5.1362331294062314e-8
-1.635,-2.427672246774958e-8,5.195213934739499e-8
-1.634,-2.4644560285142768e-8,5.254855032789281e-8
-1.633,-2.5017784173617597e-8,5.3151635485133274e-8
-1.632,-2.5396470909492193e-8,5.376146679453067e-8
-1.631,-2.5780698338625992e-8,5.4378116964013593e-8
-1.63,-2.6170545391002516e-8,5.5001659440751164e-8
-1.629,-2.6566092095506678e-8,5.5632168417928245e-8
-1.628,-2.69674195948991e-8,5.626971884156962e-8
-1.627,-2.7374610160990066e-8,5.691438641741328e-8
-1.626,-2.7787747210015668e-8,5.756624761783296e-8
-1.625,-2.820691531821878e-8,5.822537968880996e-8
-1.624,-2.863220023763753e-8,5.889186065695428e-8
-1.623,-2.9063688912103978e-8,5.956576933657529e-8
-1.622,-2.9501469493455658e-8,6.024718533680187e-8
-1.621,-2.994563135796287e-8,6.093618906875208e-8
-1.62,-3.039626512297439e-8,6.163286175275259e-8
-1.619,-3.085346266378456e-8,6.233728542560763e-8
-1.618,-3.1317317130724474e-8,6.304954294791773e-8
-1.617,-3.178792296648031e-8,6.37697180114482e-8
-1.616,-3.2265375923641706e-8,6.449789514654733e-8
-1.615,-3.274977308248306e-8,6.523415972961442e-8
-1.614,-3.324121286898095e-8,6.597859799061752e-8
-1.613,-3.373979507307054e-8,6.6731297020661e-8
-1.612,-3.4245620867144255e-8,6.749234477960284e-8
-1.611,-3.4758792824795626e-8,6.82618301037217e-8
-1.61,-3.527941493981171e-8,6.903984271343364e-8
-1.609,-3.580759264541715e-8,6.982647322105858e-8
-1.608,-3.6343432833773125e-8,7.062181313863627e-8
-1.607,-3.688704387573459e-8,7.142595488579192e-8
-1.606,-3.743853564086898e-8,7.223899179765121e-8
-1.605,-3.799801951773991e-8,7.306101813280481e-8
-1.604,-3.8565608434459144e-8,7.389212908132206e-8
-1.603,-3.914141687951039e-8,7.473242077281393e-8
-1.602,-3.9725560922848385e-8,7.55819902845451e-8
-1.601,-4.031815823727682e-8,7.644093564959489e-8
-1.6,-4.091932812010865e-8,7.730935586506703e-8
-1.599,-4.1529191515112504e-8,7.818735090034814e-8
-1.598,-4.2147871034748815e-8,7.907502170541463e-8
-1.597,-4.277549098269939e-8,7.997247021918794e-8
-1.596,-4.3412177376694225e-8,8.087979937793789e-8
-1.595,-4.4058057971639353e-8,8.179711312373391e-8
-1.594,-4.47132622830496e-8,8.272451641294406e-8
-1.593,-4.537792161079017e-8,8.366211522478132e-8
-1.592,-4.6052169063130985e-8,8.461001656989729e-8
-1.591,-4.6736139581117816e-8,8.55683284990226e-8
-1.59,-4.742996996326428e-8,8.65371601116543e-8
-1.589,-4.8133798890568774e-8,8.751662156478915e-8
-1.588,-4.884776695186051e-8,8.850682408170343e-8
-1.587,-4.957201666947891e-8,8.950787996077818e-8
-1.586,-5.030669252529053e-8,9.051990258436981e-8
-1.585,-5.105194098704797e-8,9.154300642772595e-8
-1.584,-5.180791053509496e-8,9.257730706794555e-8
-1.583,-5.2574751689422194e-8,9.362292119298365e-8
-1.582,-5.3352617037078346e-8,9.467996661069955e-8
-1.581,-5.414166125994072e-8,9.574856225794859e-8
-1.58,-5.494204116285026e-8,9.68288282097168e-8
-1.579,-5.5753915702115464e-8,9.792088568829791e-8
-1.578,-5.657744601438991e-8,9.902485707251241e-8
-1.577,-5.741279544592821e-8,1.0014086590696791e-7
-1.576,-5.826012958222512e-8,1.0126903691136048e-7
-1.575,-5.911961627804281e-8,1.024094959898163e-7
-1.574,-5.999142568783108e-8,1.0356237024027293e-7
-1.573,-6.087573029654562e-8,1.047277879638999e-7
-1.572,-6.177270495086934e-8,1.0590587867455764e-7
-1.571,-6.268252689084191e-8,1.0709677310829433e-7
-1.57,-6.360537578190263e-8,1.0830060323287997e-7
-1.569,-6.454143374735192e-8,1.0951750225737675e-7
-1.568,-6.549088540123679e-8,1.1074760464174539e-7
-1.567,-6.645391788166551e-8,1.1199104610648628e-7
-1.566,-6.743072088455716e-8,1.1324796364231494e-7
-1.565,-6.842148669783118e-8,1.1451849551987083e-7
-1.564,-6.942641023604304e-8,1.1580278129945875e-7
-1.563,-7.044568907547105e-8,1.17100961840822e-7
-1.562,-7.147952348966061e-8,1.1841317931294616e-7
-1.561,-7.252811648543115e-8,1.1973957720389307e-7
-1.56,-7.359167383935197e-8,1.2108030033066348e-7
-1.559,-7.467040413469283e-8,1.224354948490878e-7
-1.558,-7.576451879885508e-8,1.2380530826374382e-7
-1.557,-7.687423214128966e-8,1.2518988943790022e-7
-1.556,-7.799976139190792e-8,1.2658938860348506e-7
-1.555,-7.914132673999155e-8,1.2800395737107784e-7
-1.554,-8.029915137360792e-8,1.2943374873992429e-7
-1.553,-8.147346151953705e-8,1.3087891710797243e-7
-1.552,-8.26644864837169e-8,1.3233961828192888e-7
-1.551,-8.38724586922132e-8,1.3381600948733407e-7
-1.55,-8.509761373272065e-8,1.3530824937865516e-7
-1.549,-8.634019039660205e-8,1.3681649804939516e-7
-1.548,-8.760043072147207e-8,1.3834091704221715e-7
-1.547,-8.887858003433268e-8,1.39881669359082e-7
-1.546,-9.017488699526684e-8,1.4143891947139813e-7
-1.545,-9.148960364169782e-8,1.4301283333018198e-7
-1.544,-9.282298543322093e-8,1.446035783762277e-7
-1.543,-9.417529129701493e-8,1.4621132355028403e-7
-1.542,-9.554678367384046e-8,1.4783623930323747e-7
-1.541,-9.693772856463272e-8,1.4947849760629963e-7
-1.54,-9.834839557769576e-8,1.5113827196119702e-7
-1.539,-9.977905797650615e-8,1.5281573741036172e-7
-1.538,-1.012299927281333e-7,1.5451107054712125e-7
-1.537,-1.0270148055228443e-7,1.5622444952588543e-7
-1.536,-1.0419380597098177e-7,1.579560540723287e-7
-1.535,-1.0570725735887995e-7,1.5970606549356558e-7
-1.534,-1.0724212699423148e-7,1.6147466668831786e-7
-1.533,-1.0879871111050858e-7,1.6326204215707084e-7
-1.532,-1.1037730994868927e-7,1.6506837801221686e-7
-1.531,-1.1197822781021608e-7,1.668938619881841e-7
-1.53,-1.1360177311063585e-7,1.68738683451548e-7
-1.529,-1.1524825843392889e-7,1.7060303341112353e-7
-1.528,-1.1691800058753612e-7,1.724871045280358e-7
-1.527,-1.1861132065809296e-7,1.7439109112576634e-7
-1.526,-1.203285440678785e-7,1.7631518920017318e-7
-1.525,-1.2207000063198908e-7,1.782595964294819e-7
-1.524,-1.2383602461624488e-7,1.8022451218424493e-7
-1.523,-1.2562695479583913e-7,1.8221013753726703e-7
-1.522,-1.2744313451473848e-7,1.8421667527349365e-7
-1.521,-1.2928491174584433e-7,1.862443298998598e-7
-1.52,-1.3115263915192422e-7,1.8829330765509672e-7
-1.519,-1.3304667414732293e-7,1.9036381651949287e-7
-1.518,-1.3496737896046277e-7,1.9245606622460708e-7
-1.517,-1.3691512069714305e-7,1.9457026826293022e-7
-1.516,-1.3889027140464802e-7,1.967066358974927e-7
-1.515,-1.4089320813667406e-7,1.988653841714143e-7
-1.514,-1.429243130190853e-7,2.0104672991739328e-7
-1.513,-1.449839733165086e-7,2.0325089176713175e-7
-1.512,-1.4707258149977768e-7,2.05478090160693e-7
-1.511,-1.491905353142371e-7,2.077285473557885e-7
-1.51,-1.5133823784891658e-7,2.1000248743699e-7
-1.509,-1.5351609760658622e-7,2.1230013632486385e-7
-1.508,-1.557245285747036e-7,2.146217217850232e-7
-1.507,-1.5796395029726351e-7,2.1696747343709484e-7
-1.506,-1.6023478794756146e-7,2.193376227635964e-7
-1.505,-1.6253747240188194e-7,2.2173240311871998e-7
-1.504,-1.6487244031412323e-7,2.2415204973701848e-7
-1.503,-1.6724013419136938e-7,2.2659679974199e-7
-1.502,-1.696410024704218e-7,2.2906689215455638e-7
-1.501,-1.720754995953015e-7,2.3156256790143143e-7
-1.5,-1.7454408609573404e-7,2.3408406982337437e-7
-1.499,-1.7704722866662927e-7,2.3663164268332416e-7
-1.498,-1.7958540024856775e-7,2.392055331744097e-7
-1.497,-1.8215908010930622e-7,2.418059899278313e-7
-1.496,-1.847687539263144e-7,2.444332635206093e-7
-1.495,-1.8741491387035575e-7,2.4708760648319325e-7
-1.494,-1.9009805869012482e-7,2.4976927330692827e-7
-1.493,-1.928186937979538e-7,2.5247852045137255e-7
-1.492,-1.9557733135660157e-7,2.5521560635146094e-7
-1.491,-1.983744903671382e-7,2.57980791424509e-7
-1.49,-2.012106967579378e-7,2.6077433807705235e-7
-1.489,-2.0408648347479375e-7,2.6359651071151567e-7
-1.488,-2.0700239057216943e-7,2.6644757573270515e-7
-1.487,-2.0995896530559814e-7,2.6932780155411896e-7
-1.486,-2.1295676222524634e-7,2.7223745860406986e-7
-1.485,-2.15996343270654e-7,2.751768193316132e-7
-1.484,-2.1907827786666608e-7,2.7814615821227485e-7
-1.483,-2.2220314302057013e-7,2.8114575175357185e-7
-1.482,-2.2537152342045347e-7,2.8417587850032036e-7
-1.481,-2.2858401153479568e-7,2.8723681903972275e-7
-1.48,-2.3184120771331027e-7,2.9032885600622867e-7
-1.479,-2.3514372028905126e-7,2.934522740861621e-7
-1.478,-2.3849216568179935e-7,2.966073600221074e-7
-1.477,-2.418871685027431e-7,2.997944026170477e-7
-1.476,-2.453293616604708e-7,3.030136927382478e-7
-1.475,-2.488193864682883e-7,3.0626552332087404e-7
-1.474,-2.5235789275287904e-7,3.0955018937134386e-7
-1.473,-2.5594553896432205e-7,3.1286798797039665e-7
-1.472,-2.5958299228748425e-7,3.1621921827587866e-7
-1.471,-2.632709287548032e-7,3.196041815252329e-7
-1.47,-2.670100333604769e-7,3.2302318103768655e-7
-1.469,-2.7080100017607765e-7,3.2647652221612684e-7
-1.468,-2.7464453246760645e-7,3.2996451254865715e-7
-1.467,-2.7854134281400544e-7,3.33487461609824e-7
-1.466,-2.824921532271452e-7,3.370456810615068e-7
-1.465,-2.864976952733049e-7,3.406394846534596e-7
-1.464,-2.9055871019616273e-7,3.4426918822349765e-7
-1.463,-2.946759490413139e-7,3.4793510969731736e-7
-1.462,-2.9885017278233556e-7,3.5163756908794046e-7
-1.461,-3.0308215244841565e-7,3.553768884947731e-7
-1.46,-3.073726692535646e-7,3.591533921022689e-7
-1.459,-3.117225147274286e-7,3.629674061781858e-7
-1.458,-3.1613249084772354e-7,3.6681925907142665e-7
-1.457,-3.2060341017430745e-7,3.7070928120945203e-7
-1.456,-3.251360959849124e-7,3.746378050952553e-7
-1.455,-3.2973138241255434e-7,3.786051653038876e-7
-1.454,-3.3439011458464015e-7,3.826116984785223e-7
-1.453,-3.391131487637929e-7,3.86657743326047e-7
-1.452,-3.439013524904148e-7,3.90743640612171e-7
-1.451,-3.4875560472700774e-7,3.948697331560369e-7
-1.45,-3.536767960042729e-7,3.9903636582432257e-7
-1.449,-3.586658285690094e-7,4.0324388552482295e-7
-1.448,-3.6372361653383295e-7,4.074926411994974e-7
-1.447,-3.688510860287368e-7,4.117829838169698e-7
-1.446,-3.740491753545144e-7,4.16115266364469e-7
-1.445,-3.7931883513806753e-7,4.2048984383919486e-7
-1.444,-3.846610284896202e-7,4.2490707323909705e-7
-1.443,-3.9007673116186134e-7,4.293673135530522e-7
-1.442,-3.955669317110378e-7,4.3387092575042495e-7
-1.441,-4.0113263166002137e-7,4.384182727699985e-7
-1.44,-4.0677484566337115e-7,4.4300971950826004e-7
-1.439,-4.1249460167441576e-7,4.4764563280702514e-7
-1.438,-4.182929411143776e-7,4.5232638144038675e-7
-1.437,-4.241709190435631e-7,4.570523361009719e-7
-1.436,-4.301296043346427e-7,4.618238693854913e-7
-1.435,-4.3617007984804466e-7,4.666413557795644e-7
-1.434,-4.4229344260948665e-7,4.7150517164180425e-7
-1.433,-4.485008039896699e-7,4.7641569518714433e-7
-1.432,-4.547932898861605e-7,4.81373306469391e-7
-1.431,-4.6117204090748313e-7,4.863783873629831e-7
-1.43,-4.6763821255945197e-7,4.914313215439419e-7
-1.429,-4.741929754337649e-7,4.965324944699913e-7
-1.428,-4.808375153988863e-7,5.016822933598329e-7
-1.427,-4.875730337932448e-7,5.068811071715525e-7
-1.426,-4.94400747620772e-7,5.121293265801439e-7
-1.425,-5.013218897488094e-7,5.17427343954126e-7
-1.424,-5.083377091084091e-7,5.227755533312356e-7
-1.423,-5.15449470897057e-7,5.281743503931752e-7
-1.422,-5.226584567838445e-7,5.336241324393949e-7
-1.421,-5.299659651171168e-7,5.391252983598863e-7
-1.42,-5.373733111346268e-7,5.446782486069691e-7
-1.419,-5.448818271762204e-7,5.502833851660468e-7
-1.418,-5.52492862899085e-7,5.559411115253094e-7
-1.417,-5.602077854955857e-7,5.616518326443612e-7
-1.416,-5.68027979913723e-7,5.6741595492175e-7
-1.415,-5.759548490802382e-7,5.732338861613741e-7
-1.414,-5.839898141263963e-7,5.791060355377437e-7
-1.413,-5.921343146164778e-7,5.850328135600717e-7
-1.412,-6.003898087790082e-7,5.910146320351697e-7
-1.411,-6.087577737407576e-7,5.970519040291234e-7
-1.41,-6.172397057635378e-7,6.03145043827722e-7
-1.409,-6.258371204838321e-7,6.092944668956153e-7
-1.408,-6.345515531552861e-7,6.155005898341719e-7
-1.407,-6.433845588940927e-7,6.217638303380115e-7
-1.406,-6.52337712927303e-7,6.280846071501832e-7
-1.405,-6.614126108440948e-7,6.344633400159626e-7
-1.404,-6.706108688500333e-7,6.409004496352377e-7
-1.403,-6.799341240243533e-7,6.473963576134564e-7
-1.402,-6.893840345803006e-7,6.539514864111038e-7
-1.401,-6.989622801285623e-7,6.605662592916812e-7
-1.4,-7.086705619438225e-7,6.672411002681543e-7
-1.399,-7.18510603234476e-7,6.739764340478407e-7
-1.398,-7.284841494155352e-7,6.807726859757044e-7
-1.397,-7.385929683847654e-7,6.876302819760247e-7
-1.396,-7.488388508020822e-7,6.945496484924067e-7
-1.395,-7.592236103722485e-7,7.015312124261007e-7
-1.394,-7.697490841309053e-7,7.085754010725952e-7
-1.393,-7.804171327339729e-7,7.15682642056449e-7
-1.392,-7.912296407504593e-7,7.228533632643286e-7
-1.391,-8.021885169587128e-7,7.300879927762122e-7
-1.39,-8.132956946461541e-7,7.373869587947268e-7
-1.389,-8.245531319125281e-7,7.447506895725796e-7
-1.388,-8.359628119767116e-7,7.521796133380445e-7
-1.387,-8.475267434871144e-7,7.596741582184695e-7
-1.386,-8.592469608357143e-7,7.672347521617601e-7
-1.385,-8.711255244757627e-7,7.748618228558043e-7
-1.384,-8.831645212432015e-7,7.825557976457946e-7
-1.383,-8.953660646818301e-7,7.90317103449409e-7
-1.382,-9.077322953722629e-7,7.981461666698049e-7
-1.381,-9.202653812647153e-7,8.060434131063887e-7
-1.38,-9.329675180156631e-7,8.14009267863313e-7
-1.379,-9.458409293284121e-7,8.220441552556591e-7
-1.378,-9.5888786729762e-7,8.301484987132601e-7
-1.377,-9.721106127578147e-7,8.38322720682119e-7
-1.376,-9.855114756359478e-7,8.465672425233739e-7
-1.375,-9.990927953080268e-7,8.548824844097648e-7
-1.374,-1.0128569409598697e-6,8.632688652195534e-7
-1.373,-1.0268063119520229e-6,8.717268024278452e-7
-1.372,-1.0409433381888883e-6,8.802567119952683e-7
-1.371,-1.0552704804921005e-6,8.888590082539529e-7
-1.37,-1.069790230978201e-6,8.97534103790765e-7
-1.369,-1.0845051134406509e-6,9.062824093277389e-7
-1.368,-1.0994176837362312e-6,9.151043335996564e-7
-1.367,-1.1145305301758695e-6,9.240002832287184e-7
-1.366,-1.1298462739199462e-6,9.329706625962539e-7
-1.365,-1.1453675693781188e-6,9.420158737114107e-7
-1.364,-1.1610971046137167e-6,9.511363160767701e-7
-1.363,-1.1770376017527491e-6,9.603323865508284e-7
-1.362,-1.193191817397574e-6,9.696044792072866e-7
-1.361,-1.2095625430452762e-6,9.789529851910873e-7
-1.36,-1.226152605510804e-6,9.883782925711395e-7
-1.359,-1.242964867354906e-6,9.978807861896678e-7
-1.358,-1.2600022273169254e-6,1.0074608475081247e-6
-1.357,-1.2772676207524925e-6,1.0171188544496004e-6
-1.356,-1.294764020076172e-6,1.0268551812376669e-6
-1.355,-1.312494435209107e-6,1.036670198231588e-6
-1.354,-1.330461914031716e-6,1.0465642717578306e-6
-1.353,-1.3486695428414901e-6,1.0565377639378066e-6
-1.352,-1.3671204468159414e-6,1.0665910325117773e-6
-1.351,-1.385817790480753e-6,1.0767244306588492e-6
-1.35,-1.404764778183185e-6,1.0869383068129898e-6
-1.349,-1.4239646545707837e-6,1.0972330044749885e-6
-1.348,-1.4434207050754495e-6,1.1076088620202927e-6
-1.347,-1.463136256402915e-6,1.1180662125026376e-6
-1.346,-1.4831146770276844e-6,1.1286053834533986e-6
-1.345,-1.5033593776934921e-6,1.1392266966765846e-6
-1.344,-1.5238738119193275e-6,1.1499304680393955e-6
-1.343,-1.5446614765110842e-6,1.16071700725826e-6
-1.342,-1.5657259120788891e-6,1.1715866176802773e-6
-1.341,-1.5870707035601596e-6,1.1825395960599718e-6
-1.34,-1.6086994807484525e-6,1.1935762323312844e-6
-1.339,-1.6306159188281518e-6,1.2046968093747075e-6
-1.338,-1.652823738915056e-6,1.2159016027794818e-6
-1.337,-1.6753267086029206e-6,1.2271908806007603e-6
-1.336,-1.6981286425160087e-6,1.2385649031116562e-6
-1.335,-1.7212334028677107e-6,1.2500239225500753e-6
-1.334,-1.7446449000252867e-6,1.2615681828602466e-6
-1.333,-1.768367093080791e-6,1.2731979194288508e-6
-1.332,-1.792403990428236e-6,1.2849133588156548e-6
-1.331,-1.8167596503470515e-6,1.2967147184785493e-6
-1.33,-1.841438181591902e-6,1.3086022064928967e-6
-1.329,-1.8664437439889154e-6,1.3205760212650805e-6
-1.328,-1.8917805490383862e-6,1.3326363512401605e-6
-1.327,-1.9174528605240105e-6,1.3447833746035237e-6
-1.326,-1.9434649951287125e-6,1.3570172589764295e-6
-1.325,-1.9698213230571236e-6,1.369338161105337e-6
-1.324,-1.996526268664772e-6,1.3817462265449094e-6
-1.323,-2.023584311094046e-6,1.3942415893345792e-6
-1.322,-2.0509999849169897e-6,1.4068243716685657e-6
-1.321,-2.0787778807849917e-6,1.4194946835592268e-6
-1.32,-2.106922646085433e-6,1.4322526224936304e-6
-1.319,-2.135438985605347e-6,1.4450982730832228e-6
-1.318,-2.164331662202163e-6,1.4580317067064813e-6
-1.317,-2.1936054974815873e-6,1.4710529811444183e-6
-1.316,-2.223265372482691e-6,1.4841621402088214e-6
-1.315,-2.253316228370261e-6,1.497359213363098e-6
-1.314,-2.283763067134482e-6,1.5106442153355978e-6
-1.313,-2.3146109522980113e-6,1.524017145725281e-6
-1.312,-2.3458650096305058e-6,1.5374779885996026e-6
-1.311,-2.3775304278706733e-6,1.5510267120844754e-6
-1.31,-2.4096124594559013e-6,1.564663267946175e-6
-1.309,-2.442116421259537e-6,1.5783875911650505e-6
-1.308,-2.475047695335877e-6,1.592199599500896e-6
-1.307,-2.5084117296729318e-6,1.606099193049842e-6
-1.306,-2.5422140389530314e-6,1.62008625379262e-6
-1.305,-2.5764602053213357e-6,1.6341606451340515e-6
-1.304,-2.611155879162314e-6,1.6483222114336148e-6
-1.303,-2.6463067798842614e-6,1.66257077752693e-6
-1.302,-2.6819186967119115e-6,1.6769061482380144e-6
-1.301,-2.7179974894872173e-6,1.6913281078821459e-6
-1.3,-2.754549089478365e-6,1.7058364197591754e-6
-1.299,-2.791579500197077e-6,1.7204308256371278e-6
-1.298,-2.829094798224285e-6,1.735111045225923e-6
-1.297,-2.8671011340442263e-6,1.7498767756410518e-6
-1.296,-2.905604732887033e-6,1.7647276908570348e-6
-1.295,-2.944611895579883e-6,1.7796634411504938e-6
-1.294,-2.9841289994067776e-6,1.7946836525326551e-6
-1.293,-3.0241624989770054e-6,1.809787926171113e-6
-1.292,-3.064718927102366e-6,1.8249758378006653e-6
-1.291,-3.10580489568322e-6,1.8402469371230428e-6
-1.29,-3.1474270966034214e-6,1.8556007471953416e-6
-1.289,-3.189592302634211e-6,1.8710367638069706e-6
-1.288,-3.2323073683471277e-6,1.8865544548449207e-6
-1.287,-3.275579231036006e-6,1.9021532596471613e-6
-1.286,-3.319414911648127e-6,1.9178325883439616e-6
-1.285,-3.3638215157245894e-6,1.9335918211869405e-6
-1.284,-3.4088062343499574e-6,1.949430307865636e-6
-1.283,-3.454376345111266e-6,1.9653473668113874e-6
-1.282,-3.500539213066432e-6,1.981342284488316e-6
-1.281,-3.5473022917221518e-6,1.9974143146711976e-6
-1.28,-3.594673124021338e-6,2.0135626777100018e-6
-1.279,-3.642659343340165e-6,2.0297865597808764e-6
-1.278,-3.69126867449479e-6,2.046085112123359e-6
-1.277,-3.74050893475781e-6,2.0624574502635803e-6
-1.276,-3.7903880348845186e-6,2.078902653223235e-6
-1.275,-3.84091398014903e-6,2.095419762714076e-6
-1.274,-3.892094871390327e-6,2.112007782317704e-6
-1.273,-3.943938906068306e-6,2.1286656766504023e-6
-1.272,-3.9964543793298655e-6,2.145392370512771e-6
-1.271,-4.049649685085121e-6,2.1621867480239185e-6
-1.27,-4.103533317093787e-6,2.179047651739948e-6
-1.269,-4.158113870061809e-6,2.1959738817564862e-6
-1.268,-4.213400040748278e-6,2.212964194794992e-6
-1.267,-4.269400629082721e-6,2.23001730327258e-6
-1.266,-4.326124539292799e-6,2.247131874355092e-6
-1.265,-4.383580781042489e-6,2.2643065289931373e-6
-1.264,-4.441778470580801e-6,2.2815398409408293e-6
-1.263,-4.500726831901085e-6,2.298830335756939e-6
-1.262,-4.560435197910999e-6,2.316176489788172e-6
-1.261,-4.620913011613176e-6,2.333576729134286e-6
-1.26,-4.682169827296659e-6,2.35102942859475e-6
-1.259,-4.744215311739156e-6,2.368532910596651e-6
-1.258,-4.807059245420164e-6,2.3860854441035375e-6
-1.257,-4.870711523745024e-6,2.4036852435049023e-6
-1.256,-4.935182158279952e-6,2.4213304674859797e-6
-1.255,-5.000481277998098e-6,2.4390192178775532e-6
-1.254,-5.066619130536695e-6,2.4567495384854414e-6
-1.253,-5.1336060834653265e-6,2.474519413899341e-6
-1.252,-5.2014526255653814e-6,2.4923267682806923e-6
-1.251,-5.2701693681207325e-6,2.5101694641292372e-6
-1.25,-5.3397670462196875e-6,2.528045301027917e-6
-1.249,-5.410256520068259e-6,2.5459520143657777e-6
-1.248,-5.4816487763147965e-6,2.5638872740385175e-6
-1.247,-5.553954929386017e-6,2.58184868312633e-6
-1.246,-5.627186222834491e-6,2.599833776548678e-6
-1.245,-5.701354030697608e-6,2.617840019695628e-6
-1.244,-5.776469858868066e-6,2.6358648070353763e-6
-1.243,-5.852545346475921e-6,2.653905460697586e-6
-1.242,-5.929592267282238e-6,2.6719592290321536e-6
-1.241,-6.007622531084371e-6,2.6900232851430145e-6
-1.24,-6.086648185132899e-6,2.708094725396593e-6
-1.239,-6.166681415560264e-6,2.726170567904494e-6
-1.238,-6.247734548821128e-6,2.744247750980034e-6
-1.237,-6.329820053144477e-6,2.7623231315681947e-6
-1.236,-6.412950539997503e-6,2.7803934836485823e-6
-1.235,-6.497138765561278e-6,2.7984554966109707e-6
-1.234,-6.582397632218254e-6,2.8165057736029915e-6
-1.233,-6.668740190051593e-6,2.8345408298495405e-6
-1.232,-6.7561796383563584e-6,2.8525570909434537e-6
-1.231,-6.844729327162572e-6,2.8705508911070022e-6
-1.23,-6.93440275877015e-6,2.8885184714237555e-6
-1.229,-7.025213589295741e-6,2.9064559780403423e-6
-1.228,-7.11717563023145e-6,2.924359460337646e-6
-1.227,-7.210302850015482e-6,2.9422248690709567e-6
-1.226,-7.30460937561468e-6,2.9600480544785957e-6
-1.225,-7.400109494118978e-6,2.977824764358523e-6
-1.224,-7.496817654347757e-6,2.9955506421124327e-6
-1.223,-7.594748468468098e-6,3.0132212247568304e-6
-1.222,-7.693916713624933e-6,3.030831940900583e-6
-1.221,-7.79433733358306e-6,3.0483781086884185e-6
-1.22,-7.89602544038104e-6,3.06585493370986e-6
-1.219,-7.99899631599693e-6,3.0832575068730453e-6
-1.218,-8.103265414025842e-6,3.1005808022429075e-6
-1.217,-8.208848361369309e-6,3.117819674843156e-6
-1.216,-8.315760959936411e-6,3.1349688584215094e-6
-1.215,-8.424019188356671e-6,3.15202296317761e-6
-1.214,-8.533639203704616e-6,3.1689764734530565e-6
-1.213,-8.644637343236053e-6,3.185823745382963e-6
-1.212,-8.757030126135926e-6,3.2025590045084718e-6
-1.211,-8.870834255277786e-6,3.219176343349605e-6
-1.21,-8.98606661899477e-6,3.2356697189378686e-6
-1.209,-9.102744292862055e-6,3.252032950307984e-6
-1.208,-9.220884541490736e-6,3.2682597159481282e-6
-1.207,-9.34050482033304e-6,3.2843435512080547e-6
-1.206,-9.46162277749883e-6,3.3002778456644554e-6
-1.205,-9.584256255583314e-6,3.3160558404429116e-6
-1.204,-9.708423293505893e-6,3.3316706254957848e-6
-1.203,-9.834142128360036e-6,3.347115136835372e-6
-1.202,-9.961431197274149e-6,3.362382153721661e-6
-1.201,-1.009030913928327e-5,3.377464295803992e-6
-1.2,-1.022079479721158e-5,3.3923540202159354e-6
-1.199,-1.0352907219565532e-5,3.407043618622686e-6
-1.198,-1.0486665662437571e-5,3.4215252142202544e-6
-1.197,-1.0622089591420282e-5,3.4357907586857366e-6
-1.196,-1.0759198683530853e-5,3.449832029077929e-6
-1.195,-1.0898012829145737e-5,3.4636406246875474e-6
-1.194,-1.1038552133945376e-5,3.477207963836291e-6
-1.193,-1.1180836920868836e-5,3.490525280624001e-6
-1.192,-1.1324887732078225e-5,3.5035836216231257e-6
-1.191,-1.1470725330932717e-5,3.5163738425197247e-6
-1.19,-1.1618370703972052e-5,3.5288866047001997e-6
-1.189,-1.1767845062909328e-5,3.541112371782967e-6
-1.188,-1.1919169846632893e-5,3.553041406094239e-6
-1.187,-1.2072366723217202e-5,3.5646637650870984e-6
-1.186,-1.2227457591942404e-5,3.575969297703026e-6
-1.185,-1.2384464585322487e-5,3.5869476406750297e-6
-1.184,-1.254341007114177e-5,3.5975882147715177e-6
-1.183,-1.2704316654499533e-5,3.607880220980043e-6
-1.182,-1.2867207179862546e-5,3.6178126366300405e-6
-1.181,-1.3032104733125298e-5,3.6273742114536534e-6
-1.18,-1.3199032643677651e-5,3.6365534635837526e-6
-1.179,-1.3368014486479715e-5,3.6453386754882216e-6
-1.178,-1.3539074084143637e-5,3.6537178898395836e-6
-1.177,-1.3712235509022071e-5,3.661678905319023e-6
-1.176,-1.3887523085303057e-5,3.6692092723538507e-6
-1.175,-1.4064961391110987e-5,3.676296288787439e-6
-1.174,-1.4244575260613414e-5,3.6829269954806583e-6
-1.173,-1.4426389786133348e-5,3.6890881718438057e-6
-1.172,-1.4610430320266742e-5,3.694766331298036e-6
-1.171,-1.4796722478004868e-5,3.6999477166652675e-6
-1.17,-1.4985292138861182e-5,3.704618295485533e-6
-1.169,-1.5176165449002395e-5,3.70876375526073e-6
-1.168,-1.5369368823383328e-5,3.712369498623715e-6
-1.167,-1.5564928947885237e-5,3.715420638431666e-6
-1.166,-1.5762872781457162e-5,3.717901992782628e-6
-1.165,-1.5963227558259944e-5,3.7197980799541486e-6
-1.164,-1.6166020789812486e-5,3.721093113262877e-6
-1.163,-1.6371280267139828e-5,3.7217709958440124e-6
-1.162,-1.657903406292261e-5,3.7218153153494543e-6
-1.161,-1.678931053364745e-5,3.7212093385634953e-6
-1.16,-1.7002138321757806e-5,3.719936005934893e-6
-1.159,-1.7217546357804818e-5,3.717977926024129e-6
-1.158,-1.7435563862597627e-5,3.7153173698646614e-6
-1.157,-1.765622034935269e-5,3.7119362652369474e-6
-1.156,-1.7879545625841566e-5,3.7078161908540163e-6
-1.155,-1.810556979653658e-5,3.7029383704573374e-6
-1.154,-1.8334323264753895e-5,3.6972836668217304e-6
-1.153,-1.8565836734793346e-5,3.690832575668036e-6
-1.152,-1.8800141214074494e-5,3.6835652194822602e-6
-1.151,-1.9037268015268254e-5,3.6754613412398802e-6
-1.15,-1.9277248758423513e-5,3.6665002980339897e-6
-1.149,-1.9520115373088083e-5,3.656661054605948e-6
-1.148,-1.976590010042332e-5,3.6459221767771698e-6
-1.147,-2.0014635495311727e-5,3.6342618247806905e-6
-1.146,-2.0266354428456875e-5,3.6216577464911137e-6
-1.145,-2.052109008847489e-5,3.608087270551541e-6
-1.144,-2.0778875983976806e-5,3.593527299396051e-6
-1.143,-2.1039745945640983e-5,3.5779543021663076e-6
-1.142,-2.1303734128274856e-5,3.5613443075208194e-6
-1.141,-2.1570875012865186e-5,3.543672896335396e-6
-1.14,-2.1841203408616017e-5,3.524915194293297e-6
-1.139,-2.211475445497348e-5,3.5050458643635794e-6
-1.138,-2.2391563623636572e-5,3.4840390991661003e-6
-1.137,-2.2671666720553065e-5,3.461868613221651e-6
-1.136,-2.295509988789958e-5,3.438507635085646e-6
-1.135,-2.3241899606044914e-5,3.4139288993638e-6
-1.134,-2.3532102695495683e-5,3.3881046386081823e-6
-1.133,-2.3825746318823242e-5,3.3610065750920482e-6
-1.132,-2.4122867982570947e-5,3.3326059124618027e-6
-1.131,-2.442350553914062e-5,3.3028733272644484e-6
-1.13,-2.4727697188657276e-5,3.271778960348846e-6
-1.129,-2.5035481480810913e-5,3.2392924081391006e-6
-1.128,-2.5346897316674304e-5,3.2053827137783573e-6
-1.127,-2.5661983950495636e-5,3.1700183581412906e-6
-1.126,-2.598078099146481e-5,3.133167250713529e-6
-1.125,-2.630332840545221e-5,3.094796720336258e-6
-1.124,-2.6629666516718674e-5,3.0548735058142105e-6
-1.123,-2.6959836009595437e-5,3.013363746385243e-6
-1.122,-2.7293877930132744e-5,2.970232972049674e-6
-1.121,-2.7631833687715766e-5,2.925446093757535e-6
-1.12,-2.7973745056646493e-5,2.8789673934518807e-6
-1.119,-2.831965417769019e-5,2.830760513966264e-6
-1.118,-2.866960355958499e-5,2.7807884487744805e-6
-1.117,-2.9023636080513154e-5,2.729013531590652e-6
-1.116,-2.9381794989532502e-5,2.675397425817714e-6
-1.115,-2.9744123907966453e-5,2.619901113842333e-6
-1.114,-3.0110666830751138e-5,2.56248488617428e-6
-1.113,-3.0481468127737947e-5,2.5031083304282422e-6
-1.112,-3.0856572544949836e-5,2.441730320146065e-6
-1.111,-3.1236025205789784e-5,2.37830900345736e-6
-1.11,-3.161987161219952e-5,2.312801791576428e-6
-1.109,-3.200815764576695e-5,2.245165347133399e-6
-1.108,-3.240092956878024e-5,2.1753555723374907e-6
-1.107,-3.2798234025226925e-5,2.1033275969702445e-6
-1.106,-3.320011804173591e-5,2.0290357662066044e-6
-1.105,-3.360662902846067e-5,1.9524336282616567e-6
-1.104,-3.4017814779901374e-5,1.8734739218608441e-6
-1.103,-3.44337234756642e-5,1.7921085635314403e-6
-1.102,-3.485440368115546e-5,1.7082886347130542e-6
-1.101,-3.527990434820862e-5,1.621964368684905e-6
-1.1,-3.571027481564196e-5,1.5330851373075976e-6
-1.099,-3.614556480974454e-5,1.4415994375770982e-6
-1.098,-3.658582444468842e-5,1.347454877988594e-6
-1.097,-3.7031104222864515e-5,1.2505981647078992e-6
-1.096,-3.748145503513995e-5,1.1509750875480456e-6
-1.095,-3.793692816103427e-5,1.0485305057486793e-6
-1.094,-3.839757526881218e-5,9.432083335558615e-7
-1.093,-3.8863448415490067e-5,8.349515255998494e-7
-1.092,-3.93346000467539e-5,7.237020620684156e-7
-1.091,-3.981108299678567e-5,6.094009336732412e-7
-1.09,-4.029295048799567e-5,4.919881264068975e-7
-1.089,-4.078025613065795e-5,3.714026060879104e-7
-1.088,-4.127305392244586e-5,2.475823026913813e-7
-1.087,-4.177139824786501e-5,1.2046409446261846e-7
-1.086,-4.227534387758047e-5,-1.0016208188789695e-8
-1.085,-4.278494596763524e-5,-1.4392387901704593e-7
-1.084,-4.3300260058556926e-5,-2.8132529249296837e-7
-1.083,-4.3821342074349274e-5,-4.222879405841949e-7
-1.082,-4.434824832136551e-5,-5.668804497654159e-7
-1.081,-4.488103548706e-5,-7.151725982613016e-7
-1.08,-4.54197606386149e-5,-8.672353335248128e-7
-1.079,-4.5964481221438324e-5,-1.0231407899535993e-6
-1.078,-4.651525505753043e-5,-1.1829623068472115e-6
-1.077,-4.7072140343713883e-5,-1.346774446607872e-6
-1.076,-4.76351956497249e-5,-1.5146530131875666e-6
-1.075,-4.8204479916161175e-5,-1.6866750707842389e-6
-1.074,-4.8780052452282715e-5,-1.8629189627898861e-6
-1.073,-4.9361972933661754e-5,-2.0434643309933765e-6
-1.072,-4.995030139967767e-5,-2.228392135040819e-6
-1.071,-5.05450982508527e-5,-2.4177846721563426e-6
-1.07,-5.114642424602438e-5,-2.6117255971261523e-6
-1.069,-5.1754340499350333e-5,-2.8102999425487456e-6
-1.068,-5.2368908477141026e-5,-3.013594139354197e-6
-1.067,-5.299018999451605e-5,-3.221696037595424e-6
-1.066,-5.361824721187926e-5,-3.4346949275143707e-6
-1.065,-5.4253142631208246e-5,-3.6526815608860564e-6
-1.064,-5.489493909215322e-5,-3.875748172643452e-6
-1.063,-5.554369976794052e-5,-4.103988502786164e-6
-1.062,-5.619948816107577e-5,-4.337497818575916e-6
-1.061,-5.6862368098841574e-5,-4.576372937021825e-6
-1.06,-5.75324037285846e-5,-4.820712247658502e-6
-1.059,-5.820965951278673e-5,-5.070615735619997e-6
-1.058,-5.8894200223914904e-5,-5.326185005012624e-6
-1.057,-5.9586090939044166e-5,-5.5875233025897275e-6
-1.056,-6.028539703424819e-5,-5.854735541731447e-6
-1.055,-6.0992184178751645e-5,-6.127928326732541e-6
-1.054,-6.170651832883854e-5,-6.407209977401364e-6
-1.053,-6.242846572151048e-5,-6.692690553973075e-6
-1.052,-6.315809286788873e-5,-6.984481882340168e-6
-1.051,-6.38954665463541e-5,-7.282697579603437e-6
-1.05,-6.464065379541789e-5,-7.587453079946466e-6
-1.049,-6.53937219063177e-5,-7.898865660836773e-6
-1.048,-6.615473841533152e-5,-8.217054469556708e-6
-1.047,-6.692377109580305e-5,-8.542140550067221e-6
-1.046,-6.770088794987173e-5,-8.874246870207645e-6
-1.045,-6.848615719990015e-5,-9.213498349234573e-6
-1.044,-6.927964727959184e-5,-9.56002188570299e-6
-1.043,-7.008142682479213e-5,-9.913946385692757e-6
-1.042,-7.089156466396452e-5,-1.0275402791383557e-5
-1.041,-7.171012980833501e-5,-1.0644524109981452e-5
-1.04,-7.253719144169659e-5,-1.1021445443000107e-5
-1.039,-7.33728189098661e-5,-1.1406304015899846e-5
-1.038,-7.42170817097852e-5,-1.1799239208087562e-5
-1.037,-7.507004947825733e-5,-1.220039258328065e-5
-1.036,-7.59317919803122e-5,-1.260990792023797e-5
-1.035,-7.680237909718935e-5,-1.3027931243860937e-5
-1.034,-7.768188081393189e-5,-1.3454610856667812e-5
-1.033,-7.857036720658163e-5,-1.3890097370644172e-5
-1.032,-7.94679084289665e-5,-1.4334543739472644e-5
-1.031,-8.037457469907086e-5,-1.4788105291144869e-5
-1.03,-8.129043628497953e-5,-1.52509397609587e-5
-1.029,-8.221556349038567e-5,-1.572320732490358e-5
-1.028,-8.315002663965268e-5,-1.6205070633437062e-5
-1.027,-8.40938960624204e-5,-1.669669484565537e-5
-1.026,-8.5047242077745e-5,-1.7198247663860893e-5
-1.025,-8.601013497776251e-5,-1.770989936852949e-5
-1.024,-8.698264501086517e-5,-1.823182285368039e-5
-1.023,-8.796484236437981e-5,-1.876419366265155e-5
-1.022,-8.895679714673745e-5,-1.930719002428316e-5
-1.021,-8.995857936912242e-5,-1.9860992889512073e-5
-1.02,-9.097025892659024e-5,-2.0425785968379815e-5
-1.019,-9.199190557864183e-5,-2.1001755767456804e-5
-1.018,-9.302358892924276e-5,-2.1589091627685422e-5
-1.017,-9.406537840627509e-5,-2.2187985762644428e-5
-1.016,-9.511734324040957e-5,-2.2798633297237237e-5
-1.015,-9.617955244338551e-5,-2.3421232306806517e-5
-1.014,-9.725207478568568e-5,-2.4055983856677476e-5
-1.013,-9.833497877359292e-5,-2.470309204213217e-5
-1.012,-9.942833262561534e-5,-2.53627640288171e-5
-1.011,-0.00010053220424826642,-2.603521009358629e-5
-1.01,-0.00010164666121118621,-2.672064366578201e-5
-1.009,-0.00010277177072158959,-2.7419281368955156e-5
-1.008,-0.00010390759959802708,-2.8131343063027305e-5
-1.007,-0.00010505421424344383,-2.8857051886896355e-5
-1.006,-0.00010621168061752155,-2.9596634301487537e-5
-1.005,-0.0001073800642082885,-3.0350320133251582e-5
-1.004,-0.00010855943000298195,-3.111834261811166e-5
-1.003,-0.00010974984245814725,-3.1900938445860636e-5
-1.002,-0.00011095136546895773,-3.269834780501015e-5
-1.001,-0.00011216406233773871,-3.351081442809279e-5
-1.0,-0.00011338799574167942,-3.433858563741868e-5
-0.999,-0.00011462322769971541,-3.518191239128756e-5
-0.998,-0.00011586981953856453,-3.604104933065738e-5
-0.997,-0.0001171278318578987,-3.6916254826270386e-5
-0.996,-0.00011839732449463365,-3.780779102623732e-5
-0.995,-0.00011967835648631828,-3.871592390408049e-5
-0.994,-0.00012097098603360514,-3.9640923307236134e-5
-0.993,-0.00012227527046178318,-4.0583063006016556e-5
-0.992,-0.0001235912661813533,-4.1542620743032045e-5
-0.991,-0.00012491902864762724,-4.251987828307286e-5
-0.99,-0.00012625861231932984,-4.3515121463451e-5
-0.989,-0.0001276100706161842,-4.4528640244801604e-5
-0.988,-0.00012897345587545932,-4.5560728762343506e-5
-0.987,-0.00013034881930745849,-4.6611685377598294e-5
-0.986,-0.00013173621094992813,-4.768181273056716e-5
-0.985,-0.0001331356796213638,-4.877141779236444e-5
-0.984,-0.00013454727287319233,-4.9880811918306814e-5
-0.983,-0.00013597103694080683,-5.101031090145652e-5
-0.982,-0.00013740701669343164,-5.216023502661728e-5
-0.981,-0.0001388552555827937,-5.3330909124780854e-5
-0.98,-0.00014031579559057689,-5.4522662628022335e-5
-0.979,-0.00014178867717463427,-5.573582962484177e-5
-0.978,-0.00014327393921393424,-5.6970748915949646e-5
-0.977,-0.00014477161895221506,-5.822776407049348e-5
-0.976,-0.00014628175194032208,-5.95072234827223e-5
-0.975,-0.00014780437197720189,-6.080948042908594e-5
-0.974,-0.00014933951104952652,-6.213489312576529e-5
-0.973,-0.00015088719926992117,-6.348382478662978e-5
-0.972,-0.00015244746481376728,-6.485664368161791e-5
-0.971,-0.00015402033385455394,-6.62537231955361e-5
-0.97,-0.00015560583049774817,-6.767544188727135e-5
-0.969,-0.00015720397671315617,-6.912218354941242e-5
-0.968,-0.0001588147922657454,-7.059433726827384e-5
-0.967,-0.00016043829464489754,-7.209229748431726e-5
-0.966,-0.00016207449899206257,-7.361646405296367e-5
-0.965,-0.0001637234180267823,-7.516724230578997e-5
-0.964,-0.0001653850619710519,-7.674504311210297e-5
-0.963,-0.00016705943847198783,-7.835028294088331e-5
-0.962,-0.00016874655252276918,-7.998338392309161e-5
-0.961,-0.00017044640638181932,-8.164477391432857e-5
-0.96,-0.00017215899949019428,-8.333488655784047e-5
-0.959,-0.0001738843283871433,-8.505416134786073e-5
-0.958,-0.0001756223866238072,-8.680304369327816e-5
-0.957,-0.00017737316467501832,-8.858198498162164e-5
-0.956,-0.00017913664984916684,-9.039144264335086e-5
-0.955,-0.00018091282619609605,-9.223188021644183e-5
-0.954,-0.00018270167441298982,-9.410376741125561e-5
-0.953,-0.00018450317174821413,-9.600758017567816e-5
-0.952,-0.00018631729190307422,-9.794380076051845e-5
-0.951,-0.00018814400493144805,-9.991291778515155e-5
-0.95,-0.0001899832771372565,-0.00010191542630339288
-0.949,-0.0001918350709697295,-0.00010395182786958888
-0.948,-0.0001936993449164274,-0.00010602263060490907
-0.947,-0.0001955760533939751,-0.00010812834926382361
-0.946,-0.00019746514663646734,-0.00011026950530074992
-0.945,-0.00019936657058150097,-0.00011244662693685084
-0.944,-0.00020128026675379112,-0.00011466024922696692
-0.943,-0.00020320617214632624,-0.00011691091412666365
-0.942,-0.00020514421909901675,-0.00011919917055937441
-0.941,-0.00020709433517479128,-0.00012152557448361899
-0.94,-0.00020905644303309383,-0.0001238906889602764
-0.939,-0.00021103046030073407,-0.00012629508421989035
-0.938,-0.00021301629944004262,-0.00012873933772998444
-0.937,-0.0002150138676142824,-0.0001312240342623636
-0.936,-0.00021702306655026579,-0.00013374976596037706
-0.935,-0.00021904379239812765,-0.0001363171324061176
-0.934,-0.00022107593558820198,-0.00013892674068753037
-0.933,-0.0002231193806849508,-0.0001415792054654042
-0.932,-0.0002251740062378916,-0.00014427514904021642
-0.931,-0.00022723968462946996,-0.00014701520141880217
-0.93,-0.0002293162819198224,-0.00014980000038081724
-0.929,-0.00023140365768837412,-0.00015263019154496298
-0.928,-0.00023350166487221514,-0.00015550642843494008
-0.927,-0.0002356101496011978,-0.00015842937254509747
-0.926,-0.0002377289510296973,-0.00016139969340574084
-0.925,-0.00023985790116497655,-0.00016441806864806433
-0.924,-0.00024199682469209553,-0.00016748518406866747
-0.923,-0.00024414553879530414,-0.00017060173369361838
-0.922,-0.0002463038529758573,-0.00017376841984202254
-0.921,-0.00024847156886618923,-0.00017698595318905503
-0.92,-0.0002506484800403847,-0.00018025505282841343
-0.919,-0.00025283437182088063,-0.00018357644633414577
-0.918,-0.00025502902108133545,-0.00018695086982180764
-0.917,-0.0002572321960455979,-0.00019037906800890012
-0.916,-0.000259443656082709,-0.00019386179427453932
-0.915,-0.0002616631514978688,-0.00019739981071830576
-0.914,-0.00026389042331929923,-0.00020099388821822093
-0.913,-0.0002661252030809322,-0.00020464480648779617
-0.912,-0.00026836721260085244,-0.0002083533541320971
-0.911,-0.00027061616375542334,-0.00021212032870276544
-0.91,-0.0002728717582490218,-0.00021594653675193775
-0.909,-0.0002751336873793089,-0.00021983279388499823
-0.908,-0.00027740163179796164,-0.00022377992481210224
-0.907,-0.0002796752612667881,-0.0002277887633984027
-0.906,-0.00028195423440915144,-0.00023186015271291202
-0.905,-0.00028423819845662236,-0.00023599494507592773
-0.904,-0.0002865267889907828,-0.00024019400210494908
-0.903,-0.0002888196296800994,-0.00024445819475900913
-0.902,-0.0002911163320117868,-0.0002487884033813444
-0.901,-0.0002934164950185775,-0.00025318551774032144
-0.9,-0.00029571970500031665,-0.0002576504370685378
-0.899,-0.00029802553524029565,-0.0002621840701000118
-0.898,-0.0003003335457162412,-0.0002667873351053723
-0.897,-0.0003026432828058726,-0.0002714611599249584
-0.896,-0.0003049542789869399,-0.0002762064819997339
-0.895,-0.0003072660525316556,-0.00028102424839992156
-0.894,-0.0003095781071954293,-0.0002859154158512551
-0.893,-0.000311889931899816,-0.00029088095075874824
-0.892,-0.0003142010004095864,-0.00029592182922787277
-0.891,-0.00031651077100382664,-0.0003010390370830375
-0.89,-0.0003188186861409744,-0.00030623356988325505
-0.889,-0.0003211241721176969,-0.0003115064329348798
-0.888,-0.0003234266387215157,-0.00031685864130129776
-0.887,-0.00032572547887708134,-0.00032229121980944457
-0.886,-0.00032802006828600174,-0.0003278052030530246
-0.885,-0.00033030976506012456,-0.00033340163539229996
-0.884,-0.000332593909348176,-0.00033908157095031386
-0.883,-0.0003348718229556546,-0.00034484607360541045
-0.882,-0.0003371428089578801,-0.00035069621697990584
-0.881,-0.0003394061513060945,-0.0003566330844247643
-0.88,-0.0003416611144265134,-0.00036265776900012644
-0.879,-0.0003439069428122238,-0.00036877137345153255
-0.878,-0.00034614286060782325,-0.0003749750101816805
-0.877,-0.00034836807118669645,-0.0003812698012175505
-0.876,-0.00035058175672082227,-0.0003876568781727266
-0.875,-0.00035278307774300443,-0.0003941373822047382
-0.874,-0.00035497117270141945,-0.0004007124639672387
-0.873,-0.0003571451575063727,-0.0004073832835568364
-0.872,-0.0003593041250691542,-0.00041415101045438245
-0.871,-0.0003614471448328852,-0.00042101682346051936
-0.87,-0.0003635732622952449,-0.0004279819106252846
-0.869,-0.0003656814985229678,-0.00043504746917155977
-0.868,-0.0003677708496580004,-0.0004422147054121475
-0.867,-0.00036984028641520614,-0.00044948483466025464
-0.866,-0.0003718887535715069,-0.0004568590811331508
-0.865,-0.0003739151694463495,-0.0004643386778487669
-0.864,-0.00037591842537338483,-0.00047192486651498924
-0.863,-0.0003778973851632482,-0.0004796188974114004
-0.862,-0.0003798508845573274,-0.00048742202926320714
-0.861,-0.0003817777306724072,-0.0004953355291070913
-0.86,-0.000383676701436078,-0.0005033606721487102
-0.859,-0.00038554654501279635,-0.0005114987416115647
-0.858,-0.0003873859792204857,-0.0005197510285769473
-0.857,-0.00038919369093756646,-0.00052811883181467
-0.856,-0.00039096833550030376,-0.0005366034576042678
-0.855,-0.00039270853609036315,-0.0005452062195463599
-0.854,-0.00039441288311246485,-0.0005539284383638475
-0.853,-0.00039607993356202703,-0.0005627714416926097
-0.852,-0.00039770821038269107,-0.0005717365638613578
-0.851,-0.0003992962018136217,-0.0005808251456602915
-0.85,-0.0004008423607264765,-0.0005900385340981946
-0.849,-0.000402345103951941,-0.000599378082147594
-0.848,-0.0004038028115957266,-0.000608845148477599
-0.847,-0.0004052138263439306,-0.0006184410971740225
-0.846,-0.0004065764527576595,-0.0006281672974463756
-0.845,-0.00040788895655681886,-0.0006380251233213186
-0.844,-0.00040914956389297456,-0.0006480159533221337
-0.843,-0.00041035646061119525,-0.0006581411701337765
-0.842,-0.00041150779150078443,-0.0006684021602530489
-0.841,-0.0004126016595348181,-0.0006788003136234235
-0.84,-0.0004136361250984035,-0.0006893370232540358
-0.839,-0.00041460920520558004,-0.0007000136848223452
-0.838,-0.0004155188727047874,-0.0007108316962599561
-0.837,-0.00041636305547282734,-0.0007217924573210693
-0.836,-0.0004171396355972536,-0.0007328973691330237
-0.835,-0.0004178464485471271,-0.000744147833728372
-0.834,-0.0004184812823320777,-0.0007555452535579165
-0.833,-0.0004190418766496219,-0.0007670910309841161
-0.832,-0.00041952592202068936,-0.0007787865677542587
-0.831,-0.00041993105891331744,-0.0007906332644527751
-0.83,-0.00042025487685448204,-0.0008026325199320561
-0.829,-0.0004204949135300357,-0.0008147857307211103
-0.828,-0.000420648653872736,-0.0008270942904113874
-0.827,-0.00042071352913835186,-0.0008395595890190699
-0.826,-0.0004206869159698457,-0.0008521830123231162
-0.825,-0.00042056613544963755,-0.0008649659411783196
-0.824,-0.0004203484521399674,-0.0008779097508026238
-0.823,-0.00042003107311138177,-0.0008910158100379198
-0.822,-0.0004196111469593813,-0.0009042854805835207
-0.821,-0.0004190857628092786,-0.0009177201162014938
-0.82,-0.0004184519493093255,-0.0009313210618930029
-0.819,-0.0004177066736121847,-0.0009450896530447939
-0.818,-0.0004168468403448319,-0.0009590272145449278
-0.817,-0.0004158692905669903,-0.0009731350598668446
-0.816,-0.000414770800718214,-0.0009874144901208155
-0.815,-0.0004135480815537536,-0.0010018667930718117
-0.814,-0.0004121977770693532,-0.0010164932421227967
-0.813,-0.00041071646341514777,-0.001031295095262416
-0.812,-0.0004091006477988472,-0.0010462735939760364
-0.811,-0.00040734676737841396,-0.0010614299621190498
-0.81,-0.0004054511881444639,-0.0010767654047513396
-0.809,-0.00040341020379263916,-0.0010922811069317634
-0.808,-0.0004012200345862292,-0.0011079782324714873
-0.807,-0.0003988768262093381,-0.001123857922644967
-0.806,-0.0003963766486109241,-0.001139921294857347
-0.805,-0.0003937154948400648,-0.0011561694412670048
-0.804,-0.00039088927987282967,-0.001172603427361949
-0.803,-0.0003878938394311738,-0.0011892242904887288
-0.802,-0.000384724928794298,-0.0012060330383324937
-0.801,-0.0003813782216029541,-0.001223030647346794
-0.8,-0.0003778493086572125,-0.0012402180611316817
-0.799,-0.00037413369670824314,-0.0012575961887586367
-0.798,-0.0003702268072447042,-0.0012751659030407988
-0.797,-0.0003661239752743725,-0.001292928038746954
-0.796,-0.0003618204481016942,-0.001310883390757679
-0.795,-0.00035731138410198044,-0.0013290327121620118
-0.794,-0.0003525918514930217,-0.0013473767122929756
-0.793,-0.00034765682710494444,-0.0013659160547002363
-0.792,-0.0003425011951491888,-0.0013846513550581422
-0.791,-0.0003371197459875408,-0.0014035831790073414
-0.79,-0.0003315071749022133,-0.0014227120399281368
-0.789,-0.0003256580808680306,-0.0014420383966436917
-0.788,-0.0003195669653278383,-0.001461562651051156
-0.787,-0.00031322823097232723,-0.0014812851456787377
-0.786,-0.0003066361805255327,-0.0015012061611667004
-0.785,-0.00029978501553734615,-0.0015213259136702207
-0.784,-0.0002926688351844545,-0.0015416445521819963
-0.783,-0.0002852816350812068,-0.0015621621557724461
-0.782,-0.00027761730610199273,-0.0015828787307453015
-0.781,-0.00026966963321681193,-0.0016037942077063373
-0.78,-0.000261432294341805,-0.0016249084385429509
-0.779,-0.0002528988592066211,-0.0016462211933122451
-0.778,-0.00024406278824059857,-0.0016677321570352287
-0.777,-0.00023491743147984828,-0.0016894409263947024
-0.776,-0.00022545602749744238,-0.0017113470063343536
-0.775,-0.00021567170235903258,-0.0017334498065565318
-0.774,-0.000205557468606349,-0.0017557486379161475
-0.773,-0.00019510622427116212,-0.0017782427087080768
-0.772,-0.00018431075192242895,-0.0018009311208454252
-0.771,-0.00017316371774948967,-0.0018238128659259568
-0.77,-0.0001616576706843321,-0.0018468868211839577
-0.769,-0.00014978504156609943,-0.0018701517453247668
-0.768,-0.00013753814235118296,-0.0018936062742391656
-0.767,-0.00012490916537241369,-0.0019172489165947926
-0.766,-0.00011189018265104787,-0.001941078049301712
-0.765,-9.847314526542991e-5,-0.0019650919128492384
-0.764,-8.464988278041373e-5,-0.0019892886065110984
-0.763,-7.041210274182842e-5,-0.0020136660834159793
-0.762,-5.575139024048971e-5,-0.0020382221454805084
-0.761,-4.0659207550481865e-5,-0.0020629544382016864
-0.76,-2.512689384666836e-5,-0.002087860445305785
-0.759,-9.145665006633154e-6,-0.002112937483250728
-0.758,7.293386497492216e-6,-0.002138182695578964
-0.757,2.41992916115964e-5,-0.002163593047117852
-0.756,4.158120461055638e-5,-0.0021891653180245987
-0.755,5.94484029013255e-5,-0.0022148960976728065
-0.754,7.781028671156313e-5,-0.002240781778377712
-0.753,9.667637865691808e-5,-0.002266818548957253
-0.752,0.00011605632317975626,-0.002293002388126136
-0.751,0.0001359598858517889,-0.002319329057720133
-0.75,0.00015639695253271064,-0.0023457940957479183
-0.749,0.0001773775283765967,-0.002372392809267827
-0.748,0.00019891173667743544,-0.0023991202670870203
-0.747,0.00022100981754478468,-0.002425971292280639
-0.746,0.0002436821264001409,-0.0024529404545286667
-0.745,0.00026693913228419407,-0.0024800220622683516
-0.744,0.0002907914159647129,-0.0025072101546601997
-0.743,0.00031524966783436125,-0.0025344984933657238
-0.742,0.00034032468558728917,-0.0025618805541353386
-0.741,0.00036602737166286866,-0.0025893495182049983
-0.74,0.00039236873044445767,-0.002616898263500422
-0.739,0.00041935986520057455,-0.0026445193556480172
-0.738,0.00044701197475534787,-0.0026722050387919046
-0.737,0.0004753363498745764,-0.002699947226216761
-0.736,0.0005043443693531903,-0.002727737490776562
-0.735,0.000534047495789344,-0.002755567055129672
-0.734,0.000564457271029801,-0.002783426781781163
-0.733,0.0005955853112706853,-0.002811307162933676
-0.732,0.000627443301797075,-0.0028391983101486596
-0.731,0.0006600429913443094,-0.002867089943820321
-0.73,0.0006933961860632546,-0.002894971382465225
-0.729,0.0007275147430711484,-0.0029228315318310886
-0.728,0.0007624105635690044,-0.0029506588738289897
-0.727,0.000798095585505911,-0.0029784414552939363
-0.726,0.0008345817757699082,-0.0030061668765795097
-0.725,0.0008718811218844722,-0.003033822279993144
-0.724,0.0009100056231889768,-0.0030613943380794865
-0.723,0.0009489672814808483,-0.003088869241760246
-0.722,0.00098877809109647,-0.003116232688339969
-0.721,0.001029450028407248,-0.0031434698693882644
-0.72,0.0010709950407066058,-0.0031705654585101883
-0.719,0.001113425034463047,-0.0031975035990177295
-0.718,0.001156751862913809,-0.0032242678915166702
-0.717,0.0012009873129730406,-0.0032508413814245182
-0.716,0.0012461430914278591,-0.0032772065464366975
-0.715,0.0012922308103951053,-0.003303345283959775
-0.714,0.0013392619720111042,-0.003329238898532207
-0.713,0.0013872479523262744,-0.003354868089254852
-0.712,0.0014361999843760002,-0.0033802129372554083
-0.711,0.0014861291403988203,-0.003405252893212913
-0.71,0.0015370463131726742,-0.0034299667649705626
-0.709,0.0015889621964397054,-0.0034543327052673108
-0.708,0.0016418872643899649,-0.0034783281996210555
-0.707,0.0016958317501742754,-0.0035019300543986578
-0.706,0.001750805623416541,-0.0035251143851106194
-0.705,0.0018068185666959143,-0.003547856604970934
-0.704,0.001863879950969476,-0.003570131413765443
-0.703,0.0019219988099064631,-0.003591912787074981
-0.702,0.0019811838131055973,-0.003613173965902637
-0.701,0.002041443238167746,-0.003633887446757683
-0.7,0.0021027849415969947,-0.0036540249722520225
-0.699,0.00216521632850425,-0.0036735575222684395
-0.698,0.0022287443210887233,-0.0036924553057635172
-0.697,0.002293375325874115,-0.00371068775327175
-0.696,0.002359115199678009,-0.003728223510181163
-0.695,0.0024259692142949447,-0.003745030430854657
-0.694,0.0024939420198758573,-0.0037610755736752735
-0.693,0.0025630376069891115,-0.003776325197097664
-0.692,0.0026332592673511835,-0.0037907447567921983
-0.691,0.002704609553218233,-0.0038042989039723694
-0.69,0.002777090235433339,-0.0038169514850004277
-0.689,0.0028507022601280928,-0.003828665542370476
-0.688,0.0029254457040815635,-0.003839403317172583
-0.687,0.0030013197287444005,-0.003849126253145778
-0.686,0.00307832253294103,-0.0038577950024320773
-0.685,0.0031564513042685706,-0.003865369433147904
-0.684,0.003235702169217259,-0.003871808638893395
-0.683,0.0033160701420438385,-0.003877070950324112
-0.682,0.003397549072436582,-0.003881113948913493
-0.681,0.0034801315920183814,-0.00388389448303805
-0.68,0.003563809059742657,-0.0038853686865207133
-0.679,0.0036485715062457734,-0.00388549199977084
-0.678,0.0037344075772291667,-0.003884219193662151
-0.677,0.0038213044759545004,-0.0038815043962922573
-0.676,0.003909247904945943,-0.0038773011227693174
-0.675,0.003998222007005003,-0.003871562308172776
-0.674,0.004088209305655374,-0.00386424034383591
-0.673,0.004179190645147822,-0.0038552871170980537
-0.672,0.004271145130168383,-0.003844654054673773
-0.671,0.004364050065406927,-0.0038322921697848318
-0.67,0.004457880895157503,-0.003818152113198485
-0.669,0.004552611143136785,-0.003802184228312336
-0.668,0.004648212352722333,-0.0037843386104216233
-0.667,0.004744654027828193,-0.003764565170299274
-0.666,0.004841903574651615,-0.0037428137022123007
-0.665,0.004939926244541181,-0.0037190339564899754
-0.664,0.005038685078253432,-0.0036931757167496864
-0.663,0.005138140851882009,-0.0036651888818752983
-0.662,0.005238252024760286,-0.003635023552830155
-0.661,0.005338974689655401,-0.0036026301243724987
-0.66,0.005440262525588273,-0.0035679593817248994
-0.659,0.005542066753630579,-0.0035309626022313233
-0.658,0.005644336096045516,-0.0034915916620155323
-0.657,0.005747016739154367,-0.0034497991476326348
-0.656,0.00585005230032526,-0.0034055384726817137
-0.655,0.005953383799493763,-0.003358763999321527
-0.654,0.006056949635637019,-0.0033094311646032657
-0.653,0.0061606855686336575,-0.003257496611504323
-0.652,0.0062645247069505385,-0.0032029183245149175
-0.651,0.006368397501604263,-0.003145655769595371
-0.65,0.006472231746849997,-0.003085670038285801
-0.649,0.006575952588052335,-0.0030229239957122013
-0.648,0.006679482537192354,-0.0029573824321933407
-0.647,0.0067827414964614,-0.002889012218111823
-0.646,0.006885646790385301,-0.00281778246167023
-0.645,0.006988113206912301,-0.002743664669109666
-0.644,0.007090053047883821,-0.002666632906923564
-0.643,0.007191376189288972,-0.0025866639655545264
-0.642,0.007291990151681277,-0.0025037375240166432
-0.641,0.007391800181109169,-0.002417836314840478
-0.64,0.007490709340880345,-0.002328946288693149
-0.639,0.007588618614443751,-0.0022370567779821217
-0.638,0.0076854270196318845,-0.0021421606587088767
-0.637,0.007781031734460001,-0.0020442545097980923
-0.636,0.00787532823462785,-0.0019433387690898577
-0.635,0.007968210442813633,-0.0018394178851472802
-0.634,0.008059570889789234,-0.001732500464000233
-0.633,0.00814930088732034,-0.0016225994099184839
-0.632,0.008237290712745404,-0.0015097320592846431
-0.631,0.008323429805053423,-0.0013939203066198425
-0.63,0.008407606972202955,-0.0012751907218033877
-0.629,0.008489710609343773,-0.0011535746575223715
-0.628,0.008569628927518832,-0.0010291083459889163
-0.627,0.008647250192338314,-0.0009018329839718211
-0.626,0.008722462972029962,-0.0007717948052063762
-0.625,0.008795156394181707,-0.0006390451392713352
-0.624,0.008865220410404231,-0.0005036404560558477
-0.623,0.008932546068053764,-0.0003656423949817615
-0.622,0.008997025788069652,-0.000225117778198276
-0.621,0.009058553647898412,-8.213860702649532e-5
-0.62,0.009117025668396657,6.321795899904089e-5
-0.619,0.009172340103530805,0.00021086964106646443
-0.618,0.009224397731622693,0.0003607290984881277
-0.617,0.009273102146828112,0.0005127040049604949
-0.616,0.009318360049480891,0.0006666971439728053
-0.615,0.009360081533889503,0.0008226065235455562
-0.614,0.009398180372136852,0.000980325510364336
-0.613,0.009432574292408109,0.0011397429832537683
-0.612,0.00946318525035661,0.0013007435058113236
-0.611,0.009489939692014712,0.0014632075178926003
-0.61,0.009512768806765541,0.0016270115455095766
-0.609,0.009531608768913145,0.0017920284285725535
-0.608,0.009546400966422943,0.0019581275657763702
-0.607,0.009557092215451536,0.0021251751758033497
-0.606,0.009563634959344935,0.0022930345738907286
-0.605,0.00956598745085664,0.0024615664626904043
-0.604,0.009564113916421625,0.0026306292362351215
-0.603,0.00955798470141822,0.002800079295719008
-0.602,0.009547576395456649,0.0029697713757029596
-0.601,0.009532871936849631,0.0031395588792679655
-0.6,0.009513860695545747,0.0033092942205631146
-0.599,0.009490538533939333,0.0034788291731307265
-0.598,0.00946290784510994,0.0036480152223396464
-0.597,0.009430977568188639,0.003816703920219854
-0.596,0.009394763180696116,0.003984747240967729
-0.595,0.009354286667847172,0.004151997935381886
-0.594,0.009309576468966147,0.004318309882494615
-0.593,0.009260667401306662,0.004483538436683548
-0.592,0.009207600561715074,0.004647540768582107
-0.591,0.009150423206718834,0.004810176198155031
-0.59,0.00908918861175704,0.00497130651836639
-0.589,0.009023955910399459,0.005130796307941117
-0.588,0.008954789914520957,0.005288513231806426
-0.587,0.008881760916509494,0.005444328327895435
-0.586,0.008804944474686488,0.005598116279100766
-0.585,0.008724421183207718,0.005749755669279627
-0.584,0.008640276427790253,0.005899129222332472
-0.583,0.008552600128675609,0.006046124023503558
-0.582,0.00846148647229114,0.006190631722181971
-0.581,0.008367033633110319,0.0063325487156147345
-0.58,0.00826934348723813,0.006471776313077868
-0.579,0.00816852131926022,0.006608220880185422
-0.578,0.008064675523894341,0.006741793963149242
-0.577,0.007957917303970049,0.006872412392932174
-0.576,0.007848360366238469,0.006999998369363497
-0.575,0.0077361206164787075,0.007124479525406379
-0.574,0.007621315855322048,0.0072457889718822365
-0.573,0.007504065476160263,0.007363865323064951
-0.572,0.0073844901664411955,0.007478652703658524
-0.571,0.007262711613584127,0.007590100737763933
-0.57,0.007138852216670515,0.00769816452052458
-0.569,0.007013034804983364,0.007802804573214101
-0.568,0.006885382364381969,0.007903986782595449
-0.567,0.006756017772409004,0.008001682325435784
-0.566,0.006625063542934994,0.008095867579107902
-0.565,0.006492641581052017,0.008186524019245798
-0.564,0.006358872948835091,0.008273638105449626
-0.563,0.0062238776424968344,0.008357201156054195
-0.562,0.00608777438136955,0.008437209212985547
-0.561,0.005950680409059651,0.008513662897732466
-0.56,0.005812711307032825,0.008586567259454671
-0.559,0.005673980820805322,0.008655931616237221
-0.558,0.005534600698837523,0.00872176939048217
-0.557,0.0053946805441511805,0.008784097939404125
-0.556,0.00525432767862151,0.00884293838156686
-0.555,0.0051136470198301165,0.008898315420364095
-0.554,0.004972740970304675,0.008950257165309523
-0.553,0.004831709318916473,0.008998794951959958
-0.552,0.004690649154157444,0.00904396316125142
-0.551,0.004549654788974208,0.009085799038981936
-0.55,0.004408817696797759,0.009124342516127062
-0.549,0.00426822645837378,0.009159636030625482
-0.548,0.004127966718969941,0.009191724351222626
-0.547,0.003988121155512741,0.009220654403910835
-0.546,0.0038487694531873632,0.009246475101455388
-0.545,0.003709988291019269,0.009269237176447205
-0.544,0.003571851335945721,0.00928899301827539
-0.543,0.003434429244878725,0.009305796514366532
-0.542,0.0032977896742578117,0.009319702895992795
-0.541,0.003161997296591285,0.009330768588907794
-0.54,0.003027113823487812,0.00933905106902795
-0.539,0.0028931980346861637,0.009344608723337913
-0.538,0.0027603058125993153,0.009347500716161566
-0.537,0.0026284901818996306,0.009347786860905238
-0.536,0.00249780135368428,0.009345527497347295
-0.535,0.0023682867737740503,0.009340783374517903
-0.534,0.0022399911747141084,0.009333615539184832
-0.533,0.0021129566310617797,0.009324085229935488
-0.532,0.001987222617563849,0.00931225377682185
-0.531,0.0018628260698440018,0.009298182506513788
-0.53,0.001739801447239672,0.009281932652887096
-0.529,0.001618180797446527,0.009263565272955479
-0.528,0.001497993822647984,0.009243141168040689
-0.527,0.0013792679468263161,0.009220720810061726
-0.526,0.0012620283839710111,0.009196364272812686
-0.525,0.001146298206918901,0.009170131168089013
-0.524,0.001032098416579159,0.009142080586513801
-0.523,0.0009194480113144081,0.009112271042909152
-0.522,0.0008083640562668848,0.009080760426052225
-0.521,0.0006988617524357441,0.009047605952651675
-0.52,0.0005909545053281548,0.009012864125377244
-0.519,0.0004846539930227627,0.008976590694773598
-0.518,0.0003799702334993592,0.00893884062488857
-0.517,0.00027691165110316966,0.008899668062446174
-0.516,0.00017548514202603944,0.008859126309395548
-0.515,7.569613869994769e-5,0.008817267798668595
-0.514,-2.2451326989290658e-5,0.008774144072981325
-0.513,-0.000118954561748563,0.008729805766516593
-0.512,-0.0002138121502536649,0.008684302589329267
-0.511,-0.0003070238959143022,0.008637683314318424
-0.51,-0.0003985907630774064,0.008589995766615248
-0.509,-0.0004885148207093378,0.008541286815239553
-0.508,-0.0005767991875892598,0.008491602366882425
-0.507,-0.0006634479790383011,0.0084409873616772
-0.506,-0.0007484662552020684,0.008389485770825867
-0.505,-0.0008318599708975872,0.00833714059595296
-0.504,-0.0009136359270298287,0.008283993870064088
-0.503,-0.000993801723577581,0.008230086659991299
-0.502,-0.0010723657141435293,0.008175459070212592
-0.501,-0.0011493369620589888,0.008120150247937986
-0.5,-0.0012247251980297628,0.008064198389359513
-0.499,-0.0012985407793060482,0.00800764074696758
-0.498,-0.0013707946503561544,0.007950513637840929
-0.497,-0.0014414983050210232,0.007892852452822278
-0.496,-0.0015106637501240906,0.007834691666496406
-0.495,-0.001578303470508929,0.007776064847891939
-0.494,-0.0016444303954752763,0.007717004671832639
-0.493,-0.0017090578665825333,0.007657542930868188
-0.492,-0.0017721996067885145,0.0075977105477186705
-0.491,-0.0018338696908901996,0.007537537588170946
-0.49,-0.001894082517232388,0.007477053274368973
-0.489,-0.0019528527806495365,0.007416285998443819
-0.488,-0.002010195446605592,0.007355263336432695
-0.487,-0.0020661257264963533,0.007294012062439707
-0.486,-0.0021206590540787415,0.007232558162994287
-0.485,-0.0021738110629913577,0.00717092685156638
-0.484,-0.002225597565330816,0.007109142583200381
-0.483,-0.0022760345312485605,0.007047229069232653
-0.482,-0.002325138069533185,0.006985209292060121
-0.481,-0.002372924409143687,0.006923105519929939
-0.48,-0.002419409881659551,0.0068609393217226484
-0.479,-0.002464610904614096,0.006798731581703495
-0.478,-0.00250854396567814,0.006736502514218701
-0.477,-0.0025512256076616452,0.006674271678315525
-0.476,-0.0025926724143017304,0.0066120579922668045
-0.475,-0.0026329009968061342,0.006549879747982488
-0.474,-0.0026719279811219746,0.006487754625292324
-0.473,-0.002709769995900417,0.006425699706085449
-0.472,-0.002746443661128657,0.0063637314882940684
-0.471,-0.0027819655774014226,0.006301865899709847
-0.47,-0.0028163523158050196,0.006240118311622837
-0.469,-0.0028496204083877453,0.006178503552274051
-0.468,-0.0028817863391913372,0.006117035920113831
-0.467,-0.002912866535818907,0.006055729196859262
-0.466,-0.002942877361515659,0.005994596660344791
-0.465,-0.002971835107739462,0.00593365109716116
-0.464,-0.0029997559871991664,0.005872904815078533
-0.463,-0.0030266561273393296,0.005812369655250513
-0.462,-0.003052551564250787,0.00575205700419642
-0.461,-0.0030774582369872726,0.005691977805559863
-0.46,-0.0031013919822690333,0.005632142571642242
-0.459,-0.003124368529555101,0.005572561394710347
-0.458,-0.0031464034964666207,0.005513243958077759
-0.457,-0.003167512384544305,0.005454199546960168
-0.456,-0.003187710575323771,0.0053954370591051985
-0.455,-0.0032070133267131777,0.005336965015197662
-0.454,-0.0032254357696582187,0.005278791569041539
-0.453,-0.003242992905080141,0.005220924517520294
-0.452,-0.003259699601073071,0.005163371310337381
-0.451,-0.003275570590347504,0.005106139059539105
-0.45,-0.003290620467907389,0.005049234548822183
-0.449,-0.0033048636889487634,0.00499266424262855
-0.448,-0.0033183145669684524,0.004936434295030182
-0.447,-0.0033309872720718218,0.0048805505584067835
-0.446,-0.003342895829469085,0.004825018591919402
-0.445,-0.003354054118150129,0.00476984366978309
-0.444,-0.0033644758697282807,0.004715030789341872
-0.443,-0.00337417466744387,0.0046605846789493244
-0.442,-0.0033831639453188664,0.004606509805658191
-0.441,-0.003391456987454279,0.004552810382722456
-0.44,-0.00339906692746238,0.004499490376915395
-0.439,-0.0034060067480261996,0.004446553515667112
-0.438,-0.003412289280579098,0.004394003294025135
-0.437,-0.0034179272050975443,0.004341842981441596
-0.436,-0.003422933050000588,0.004290075628390615
-0.435,-0.0034273191921497946,0.004238704072819391
-0.434,-0.003431097856943747,0.004187730946436603
-0.433,-0.0034342811185014725,0.004137158680841625
-0.432,-0.0034368808999294567,0.004086989513498078
-0.431,-0.0034389089736671552,0.004037225493555202
-0.43,-0.003440376961906167,0.003987868487520498
-0.429,-0.0034412963370784788,0.00393892018478706
-0.428,-0.003441678422409418,0.003890382103018953
-0.427,-0.0034415343925311634,0.0038422555933979954
-0.426,-0.0034408752741528943,0.0037945418457352
-0.425,-0.0034397119467838235,0.00374724189345013
-0.424,-0.003438055143505588,0.0037003566184213377
-0.423,-0.0034359154517906274,0.0036538867557110283
-0.422,-0.0034333033143633617,0.0036078328981670156
-0.421,-0.003430229030101146,0.0035621955009049943
-0.42,-0.0034267027549721375,0.0035169748856740883
-0.419,-0.003422734503007357,0.0034721712451085867
-0.418,-0.00341833414730437,0.0034277846468687098
-0.417,-0.0034135114210601548,0.003383815037673193
-0.416,-0.003408275918630843,0.0033402622472264274
-0.415,-0.0034026370966161504,0.003297125992042816
-0.414,-0.0033966042749664313,0.0032544058791709705
-0.413,-0.003390186638110394,0.003212101409820296
-0.412,-0.0033833932361016323,0.003170211982892457
-0.411,-0.003376232985782218,0.003128736898420174
-0.41,-0.003368714671961698,0.0030876753609157155
-0.409,-0.0033608469486099395,0.0030470264826314253
-0.408,-0.003352638340062331,0.00300678928673454
-0.407,-0.003344097242235959,0.0029669627103985174
-0.406,-0.00333523192385543,0.002927545607813029
-0.405,-0.0033260505276870964,0.0028885367531147235
-0.404,-0.0033165610717805155,0.0028499348432408076
-0.403,-0.0033067714507160275,0.00281173850070745
-0.402,-0.003296689436857411,0.0027739462763149494
-0.401,-0.003286322681608632,0.0027365566517815665
-0.4,-0.003275678716673754,0.0026995680423078706
-0.399,-0.003264764955319139,0.002662978799073397
-0.398,-0.0032535886936371156,0.0026267872116673713
-0.397,-0.0032421571118103312,0.0025909915104552015
-0.396,-0.003230477275376077,0.0025555898688824096
-0.395,-0.003218556136489877,0.002520580405717606
-0.394,-0.003206400535187721,0.0024859611872360948
-0.393,-0.003194017200646313,0.0024517302293456285
-0.392,-0.0031814127524407874,0.0024178854996558157
-0.391,-0.003168593701799343,0.002384424919492619
-0.39,-0.0031555664528543073,0.002351346365859367
-0.389,-0.003142337303889154,0.0023186476733456415
-0.388,-0.0031289124485810384,0.002286326635985389
-0.387,-0.0031152979772384403,0.0022543810090655415
-0.386,-0.0031014998780335297,0.0022228085108864245
-0.385,-0.0030875240382288935,0.0021916068244751726
-0.384,-0.003073376245398294,0.002160773599253355
-0.383,-0.0030590621886411404,0.002130306452659971
-0.382,-0.003044587459790388,0.002100202971730951
-0.381,-0.003029957554613588,0.0020704607146362643
-0.38,-0.0030151778740068413,0.002041077212175702
-0.379,-0.0030002537251814215,0.002012049969234382
-0.378,-0.0029851903228428458,0.0019833764661989868
-0.377,-0.0029699927903622,0.001955054160335726
-0.376,-0.0029546661609395277,0.001927080487130975
-0.375,-0.002939215378759112,0.0018994528615955348
-0.374,-0.0029236453001364997,0.001872168679533412
-0.373,-0.0029079606946571103,0.0018452253187760102
-0.372,-0.0028921662463063137,0.0018186201403825903
-0.371,-0.00287626655459084,0.0017923504898078389
-0.37,-0.0028602661356514248,0.0017664136980373574
-0.369,-0.0028441694233665785,0.0017408070826918699
-0.368,-0.0028279807704474015,0.0017155279491009175
-0.367,-0.0028117044495233525,0.0016905735913467924
-0.366,-0.0027953446542189073,0.0016659412932794456
-0.365,-0.0027789055002210346,0.0016416283295030783
-0.364,-0.002762391026337445,0.0016176319663351103
-0.363,-0.0027458051955455477,0.001593949462738205
-0.362,-0.002729151896032087,0.0015705780712260043
-0.361,-0.0027124349422234144,0.0015475150387432152
-0.36,-0.002695658075806367,0.0015247576075206755
-0.359,-0.0026788249667397328,0.0015023030159060024
-0.358,-0.0026619392142562754,0.0014801484991704159
-0.357,-0.0026450043478553156,0.0014582912902923206
-0.356,-0.002628023828285849,0.001436728620718198
-0.355,-0.002611001048520206,0.0014154577211013656
-0.354,-0.0025939393347182444,0.0013944758220191332
-0.353,-0.002576841947182085,0.0013737801546688754
-0.352,-0.0025597120813013966,0.0013533679515435307
-0.351,-0.00254255286848924,0.001333236447087019
-0.35,-0.0025253673771084835,0.0013133828783300613
-0.349,-0.002508158613388813,0.0012938044855068714
-0.348,-0.0024909295223343557,0.0012744985126531755
-0.347,-0.002473682988621932,0.0012554622081860113
-0.346,-0.002456421837489979,0.0012366928254657374
-0.345,-0.0024391488356181558,0.0012181876233406832
-0.344,-0.0024218666919976727,0.0011999438666748501
-0.343,-0.0024045780587923743,0.0011819588268590713
-0.342,-0.00238728553219061,0.001164229782306024
-0.341,-0.002369991653247929,0.0011467540189294791
-0.34,-0.0023526989087206416,0.001129528830608167
-0.339,-0.002335409731890282,0.0011125515196346216
-0.338,-0.0023181265033790184,0.0010958193971493666
-0.337,-0.002300851551956052,0.0010793297835607902
-0.336,-0.0022835871553350505,0.00106308000895105
-0.335,-0.00226633554096266,0.0010470674134683425
-0.334,-0.0022490988867981464,0.0010312893477058636
-0.333,-0.002231879322084211,0.0010157431730677753
-0.332,-0.0022146789281090283,0.001000426262122491
-0.331,-0.0021974997389595653,0.0009853359989435845
-0.33,-0.0021803437422662202,0.0009704697794386128
-0.329,-0.0021632128799388434,0.000955825011666151
-0.328,-0.0021461090488941884,0.0009413991161413136
-0.327,-0.0021290341017748474,0.000927189526130044
-0.326,-0.0021119898476597266,0.00091319368793244
-0.325,-0.0020949780527661143,0.000899409061155379
-0.324,-0.002078000441143398,0.0008858331189747016
-0.323,-0.0020610586953584875,0.0008724633483872046
-0.322,-0.002044154457172999,0.0008592972504526911
-0.321,-0.0020272893282122567,0.0008463323405263159
-0.32,-0.0020104648706261706,0.0008335661484814647
-0.319,-0.001993682607742047,0.0008209962189233944
-0.318,-0.0019769440247093904,0.000808620111393861
-0.317,-0.0019602505691367535,0.0007964354005669545
-0.316,-0.0019436036517206969,0.0007844396764363554
-0.315,-0.0019270046468669094,0.0007726305444942246
-0.314,-0.0019104548933035616,0.0007610056259019291
-0.313,-0.0018939556946869361,0.0007495625576528085
-0.312,-0.0018775083201994051,0.000738298992727176
-0.311,-0.001861114005139809,0.0007272126002397474
-0.31,-0.001844773951506297,0.0007163010655796853
-0.309,-0.0018284893285716885,0.0007055620905434439
-0.308,-0.001812261273451417,0.0006949933934605932
-0.307,-0.0017960908916641125,0.0006845927093127978
-0.306,-0.0017799792576848844,0.0006743577898461249
-0.305,-0.0017639274154913644,0.0006642864036768474
-0.304,-0.0017479363791025682,0.000654376336390908
-0.303,-0.001732007133110634,0.0006446253906372048
-0.302,-0.0017161406332055025,0.0006350313862148578
-0.301,-0.0017003378066925904,0.0006255921601546073
-0.3,-0.001684599553003523,0.0006163055667944976
-0.299,-0.001668926744199981,0.0006071694778499935
-0.298,-0.0016533202254707235,0.0005981817824786721
-0.297,-0.0016377808156218439,0.0005893403873396325
-0.296,-0.0016223093075603183,0.0005806432166477622
-0.295,-0.0016069064687709068,0.000572088212222993
-0.294,-0.0015915730417864619,0.0005636733335346815
-0.293,-0.0015763097446517078,0.0005553965577412416
-0.292,-0.0015611172713805447,0.0005472558797251555
-0.291,-0.0015459962924069379,0.0005392493121234885
-0.29,-0.0015309474550294485,0.0005313748853540269
-0.289,-0.0015159713838494662,0.0005236306476371593
-0.288,-0.0015010686812031958,0.0005160146650136149
-0.287,-0.001486239927587461,0.0005085250213581747
-0.286,-0.0014714856820793787,0.0005011598183894637
-0.285,-0.0014568064827499617,0.0004939171756759354
-0.284,-0.0014422028470717054,0.000486795230638152
-0.283,-0.0014276752723202163,0.0004797921385474665
-0.282,-0.0014132242359699368,0.000472906072521205
-0.281,-0.0013988501960840235,0.0004661352235144523
-0.28,-0.0013845535916984326,0.000459477800308534
-0.279,-0.0013703348432002696,0.0004529320294962928
-0.278,-0.001356194352700457,0.00044649615546425015
-0.277,-0.0013421325044007757,0.0004401684403717441
-0.276,-0.0013281496649553332,0.00043394716412713274
-0.275,-0.0013142461838265135,0.0004278306243611489
-0.274,-0.0013004223936354628,0.0004218171363974918
-0.273,-0.001286678610507164,0.00041590503322073714
-0.272,-0.001273015134410154,0.0004100926654416482
-0.271,-0.0012594322494909353,0.0004043784012599653
-0.27,-0.0012459302244031362,0.0003987606264247521
-0.269,-0.0012325093126314714,0.00039323774419237385
-0.268,-0.001219169752810554,0.000387808175282181
-0.267,-0.0012059117690386124,0.0003824703578299707
-0.266,-0.001192735571186163,0.0003772227473392965
-0.265,-0.0011796413551996877,0.0003720638166306942
-0.264,-0.0011666293034003714,0.00036699205578889256
-0.263,-0.0011536995847779448,0.00036200597210807236
-0.262,-0.001140852355279687,0.00035710409003523975
-0.261,-0.0011280877580946366,0.00035228495111177475
-0.26,-0.0011154059239330562,0.00034754711391321683
-0.259,-0.00110280697130121,0.0003428891539873468
-0.258,-0.0010902910067714904,0.00033830966379062264
-0.257,-0.0010778581252479536,0.0003338072526230266
-0.256,-0.0010655084102273045,0.00032938054656137813
-0.255,-0.0010532419340553833,0.0003250281883911667
-0.254,-0.001041058758179199,0.0003207488375369576
-0.253,-0.0010289589333945593,0.00031654116999142045
-0.252,-0.00101694250008934,0.0003124038782430324
-0.251,-0.001005009488482446,0.0003083356712025025
-0.25,-0.0009931599188585042,0.00030433527412796613
-0.249,-0.0009813938017983399,0.000300401428548995
-0.248,-0.000969711138405277,0.00029653289218946766
-0.247,-0.0009581119205273116,0.00029272843888934465
-0.246,-0.0009465961309752017,0.00028898685852538997
-0.245,-0.0009351637437365178,0.00028530695693088185
-0.244,-0.0009238147241856996,0.0002816875558143513
-0.243,-0.0009125490292901618,0.00027812749267738915
-0.242,-0.0009013666078124931,0.0002746256207315591
-0.241,-0.0008902674005087925,0.0002711808088144535
-0.24,-0.0008792513403231838,0.00026779194130492856
-0.239,-0.0008683183525785535,0.0002644579180375534
-0.238,-0.0008574683551635528,0.00026117765421630767
-0.237,-0.0008467012587159061,0.0002579500803275595
-0.236,-0.0008360169668020685,0.00025477414205235673
-0.235,-0.0008254153760932728,0.00025164880017806263
-0.234,-0.0008148963765380068,0.00024857303050936503
-0.233,-0.0008044598515309642,0.0002455458237786895
-0.232,-0.0007941056780785054,0.00024256618555604318
-0.231,-0.0007838337269606724,0.00023963313615831862
-0.23,-0.0007736438628897959,0.00023674571055808203
-0.229,-0.0007635359446657333,0.00023390295829187304
-0.228,-0.0007535098253277791,0.0002311039433680401
-0.227,-0.0007435653523032843,0.00022834774417413535
-0.226,-0.0007337023675530261,0.00022563345338389243
-0.225,-0.0007239207077133637,0.00022296017786380929
-0.224,-0.0007142202042352193,0.00022032703857935727
-0.223,-0.000704600683519924,0.00021773317050083772
-0.222,-0.000695061967051962,0.00021517772250890556
-0.221,-0.0006856038715286549,0.00021265985729977918
-0.22,-0.0006762262089868198,0.0002101787512901551
-0.219,-0.0006669287869264391,0.00020773359452184534
-0.218,-0.0006577114084313791,0.00020532359056615372
-0.217,-0.000648573872287192,0.0002029479564280085
-0.216,-0.0006395159730960384,0.00020060592244986594
-0.215,-0.000630537501388766,0.00019829673221540033
-0.214,-0.0006216382437341784,0.00019601964245299434
-0.213,-0.0006128179828455313,0.00019377392293904355
-0.212,-0.0006040764976842888,0.00019155885640108802
-0.211,-0.0005954135635611764,0.00018937373842078286
-0.21,-0.0005868289522345637,0.00018721787733672025
-0.209,-0.000578322432006211,0.000185090594147113
-0.208,-0.0005698937678144147,0.00018299122241235088
-0.207,-0.0005615427213245843,0.00018091910815743912
-0.206,-0.0005532690510172846,0.00017887360977432868
-0.205,-0.0005450725122737765,0.00017685409792414663
-0.204,-0.0005369528574590895,0.00017485995543933507
-0.203,-0.000528909836002658,0.00017289057722570612
-0.202,-0.0005209431944765551,0.00017094537016441988
-0.201,-0.0005130526766713554,0.00016902375301389196
-0.2,-0.0005052380236696592,0.00016712515631163666
-0.199,-0.0004974989739173102,0.00016524902227605097
-0.198,-0.0004898352632923381,0.0001633948047081448
-0.197,-0.00048224662517165905,0.00016156196889322133
-0.196,-0.00047473279049556317,0.00015974999150251197
-0.195,-0.00046729348783002196,0.0001579583604947692
-0.194,-0.00045992844342684675,0.00015618657501781998
-0.193,-0.000452637381281728,0.00015443414531008315
-0.192,-0.00044542002319018743,0.00015270059260205193
-0.191,-0.0004382760888014725,0.00015098544901774382
-0.19,-0.00043120529567042455,0.00014928825747611893
-0.189,-0.0004242073593073505,0.0001476085715924674
-0.188,-0.00041728199322592813,0.0001459459555797665
-0.187,-0.00041042890898917566,0.00014429998415000722
-0.186,-0.0004036478162535144,0.00014267024241549004
-0.185,-0.0003969384228109557,0.00014105632579008862
-0.184,-0.0003903004346294403,0.00013945783989048084
-0.183,-0.0003837335558913615,0.00013787440043734497
-0.182,-0.00037723748903029954,0.00013630563315651922
-0.181,-0.00037081193476599814,0.00013475117368012243
-0.18,-0.00036445659213761204,0.00013321066744763292
-0.179,-0.0003581711585352545,0.00013168376960692255
-0.178,-0.00035195532972987387,0.0001301701449152426
-0.177,-0.00034580879990148903,0.00012866946764015773
-0.176,-0.00033973126166581116,0.0001271814214604239
-0.175,-0.00033372240609928284,0.0001257056993668057
-0.174,-0.0003277819227625612,0.00012424200356282874
-0.173,-0.000321909499722476,0.00012279004536546175
-0.172,-0.00031610482357248955,0.0001213495451057231
-0.171,-0.0003103675794516886,0.00011992023202920644
-0.17,-0.00030469745106233667,0.00011850184419651905
-0.169,-0.0002990941206860148,0.00011709412838362719
-0.168,-0.00029355726919838056,0.00011569683998210175
-0.167,-0.0002880865760825733,0.00011430974289925759
-0.166,-0.00028268171944129453,0.00011293260945817953
-0.165,-0.0002773423760075923,0.00011156522029762786
-0.164,-0.0002720682211543782,0.00011020736427181587
-0.163,-0.0002668589289027062,0.00010885883835005182
-0.162,-0.0002617141719288413,0.00010751944751623716
-0.161,-0.0002566336215701478,0.00010618900466821321
-0.16,-0.00025161694782982577,0.00010486733051694786
-0.159,-0.00024666381938052425,0.00010355425348555353
-0.158,-0.00024177390356686134,0.00010224960960812798
-0.157,-0.00023694686640687905,0.00010095324242840886
-0.156,-0.00023218237259246328,9.966500289823284e-5
-0.155,-0.0002274800854887575,9.838474927579027e-5
-0.154,-0.00022283966713259983,9.711234702366566e-5
-0.153,-0.00021826077823001324,9.584766870665468e-5
-0.152,-0.00021374307815277824,9.459059388934749e-5
-0.151,-0.000209286224934118,9.334100903346912e-5
-0.15,-0.00020488987526352597,9.209880739496629e-5
-0.149,-0.0002005536844807658,9.086388892083089e-5
-0.148,-0.0001962773065690741,8.96361601456498e-5
-0.147,-0.00019206039414759632,8.841553408787051e-5
-0.146,-0.00018790259846308632,8.720193014577238e-5
-0.145,-0.00018380356938090057,8.599527399313262e-5
-0.144,-0.00017976295537531765,8.479549747457674e-5
-0.143,-0.00017578040351921482,8.360253850060243e-5
-0.142,-0.00017185555947313216,8.241634094226633e-5
-0.141,-0.00016798806747375701,8.123685452552276e-5
-0.14,-0.00016417757032185956,8.006403472520357e-5
-0.139,-0.00016042370936971244,7.88978426586282e-5
-0.138,-0.00015672612450802644,7.773824497883314e-5
-0.137,-0.00015308445415243463,7.658521376740959e-5
-0.136,-0.00014949833522955866,7.54387264269387e-5
-0.135,-0.0001459674031626896,7.429876557301327e-5
-0.134,-0.00014249129185711724,7.316531892583504e-5
-0.133,-0.000139069633685142,7.203837920137668e-5
-0.132,-0.0001357020594708027,7.091794400209763e-5
-0.131,-0.00013238819847435573,6.980401570720307e-5
-0.13,-0.00012912767837653974,6.86966013624352e-5
-0.129,-0.00012592012526266137,6.759571256938623e-5
-0.128,-0.0001227651636065376,6.650136537432253e-5
-0.127,-0.00011966241625433048,6.541358015650941e-5
-0.126,-0.0001166115044083109,6.43323815160263e-5
-0.125,-0.00011361204761058795,6.325779816106192e-5
-0.124,-0.00011066366372684124,6.218986279467968e-5
-0.123,-0.00010776596893009345,6.112861200104294e-5
-0.122,-0.00010491857768456189,6.0074086131090874e-5
-0.121,-0.00010212110272962683,5.9026329187654844e-5
-0.12,-9.937315506395615e-5,5.798538871000648e-5
-0.119,-9.667434392982573e-5,5.695131565782775e-5
-0.118,-9.402427679767538e-5,5.592416429459452e-5
-0.117,-9.142255935094115e-5,5.490399207036473e-5
-0.116,-8.8868795471205e-5,5.389085950396272e-5
-0.115,-8.636258722370319e-5,5.288483006455182e-5
-0.114,-8.390353484323616e-5,5.188597005258706e-5
-0.113,-8.149123672052202e-5,5.089434848014074e-5
-0.112,-7.912528938903753e-5,4.9910036950593526e-5
-0.111,-7.680528751239025e-5,4.893310953768438e-5
-0.11,-7.453082387226661e-5,4.7963642663912756e-5
-0.109,-7.230148935700111e-5,4.700171497828712e-5
-0.108,-7.011687295081252e-5,4.604740723341415e-5
-0.107,-6.797656172375383e-5,4.510080216192338e-5
-0.106,-6.588014082242302e-5,4.4161984352222704e-5
-0.105,-6.382719346148283e-5,4.323104012358036e-5
-0.104,-6.18173009160383e-5,4.2308057400529814e-5
-0.103,-5.9850042514921343e-5,4.139312558659433e-5
-0.102,-5.792499563493288e-5,4.048633543732858e-5
-0.101,-5.6041735696093483e-5,3.958777893267541e-5
-0.1,-5.4199836157954346e-5,3.869754914863621e-5
-0.099,-5.23988685170214e-5,3.781574012825427e-5
-0.098,-5.063840230534609e-5,3.694244675191104e-5
-0.097,-4.891800509033719e-5,3.607776460693595e-5
-0.096,-4.7237242475849046e-5,3.5221789856531147e-5
-0.095,-4.559567810460256e-5,3.4374619108013336e-5
-0.094,-4.3992873661995974e-5,3.3536349280375814e-5
-0.093,-4.242838888136375e-5,3.27070774711744e-5
-0.092,-4.0901781550742655e-5,3.188690082274201e-5
-0.091,-3.941260752120524e-5,3.107591638773762e-5
-0.09,-3.7960420716821945e-5,3.027422099403607e-5
-0.089,-3.654477314631419e-5,2.948191110896649e-5
-0.088,-3.5165214916461776e-5,2.869908270290785e-5
-0.087,-3.3821294247329193e-5,2.7925831112251535e-5
-0.086,-3.251255748937655e-5,2.7162250901741744e-5
-0.085,-3.123854914252201e-5,2.6408435726205837e-5
-0.084,-2.9998811877223822e-5,2.5664478191687975e-5
-0.083,-2.879288655765144e-5,2.4930469716000653e-5
-0.082,-2.76203122670163e-5,2.420650038871009e-5
-0.081,-2.6480626335134355e-5,2.3492658830572876e-5
-0.08,-2.537336436829371e-5,2.278903205244269e-5
-0.079,-2.4298060281502206e-5,2.209570531366749e-5
-0.078,-2.3254246333191154e-5,2.1412761979999088e-5
-0.077,-2.2241453162453013e-5,2.0740283381038776e-5
-0.076,-2.12592098288923e-5,2.007834866724432e-5
-0.075,-2.0307043855170577e-5,1.9427034666525525e-5
-0.074,-1.9384481272328098e-5,1.8786415740457342e-5
-0.073,-1.8491046667966298e-5,1.8156563640141606e-5
-0.072,-1.762626323737711e-5,1.753754736175038e-5
-0.071,-1.678965283770686e-5,1.6929433001786173e-5
-0.07,-1.5980736045244396e-5,1.633228361209642e-5
-0.069,-1.5199032215925096e-5,1.5746159054681967e-5
-0.068,-1.4444059549144207e-5,1.5171115856341821e-5
-0.067,-1.3715335154975323e-5,1.460720706319883e-5
-0.066,-1.301237512489174e-5,1.4054482095153746e-5
-0.065,-1.2334694606090779e-5,1.3512986600317826e-5
-0.064,-1.1681807879523482e-5,1.2982762309477035e-5
-0.063,-1.1053228441734502e-5,1.246384689064401e-5
-0.062,-1.044846909061951e-5,1.195627380375707e-5
-0.061,-9.86704201521017e-6,1.1460072155588898e-5
-0.06,-9.308458889599347e-6,1.0975266554931037e-5
-0.059,-8.772230971122242e-6,1.0501876968123979e-5
-0.058,-8.257869202912055e-6,1.0039918575006462e-5
-0.057,-7.764884320951999e-6,9.58940162536163e-6
-0.056,-7.292786965748786e-6,9.150331295941898e-6
-0.055,-6.841087798756232e-6,8.722707548158896e-6
-0.054,-6.409297623681261e-6,8.30652498652938e-6
-0.053,-5.996927512808536e-6,7.901772717973096e-6
-0.052,-5.603488938484003e-6,7.5084342120635884e-6
-0.051,-5.228493909902025e-6,7.126487162338495e-6
-0.05,-4.871455115345368e-6,6.7559033487815995e-6
-0.049,-4.531886070032255e-6,6.396648501594947e-6
-0.048,-4.20930126972988e-6,6.048682166385773e-6
-0.047,-3.903216350299412e-6,5.711957570899778e-6
-0.046,-3.6131482533434704e-6,5.386421493439454e-6
-0.045,-3.3386153981334516e-6,5.07201413311377e-6
-0.044,-3.0791378600010067e-6,4.768668982073651e-6
-0.043,-2.834237555385359e-6,4.476312699896222e-6
-0.042,-2.6034384337362007e-6,4.194864990289982e-6
-0.041,-2.3862666764805605e-6,3.924238480302774e-6
-0.04,-2.182250903271496e-6,3.66433860222485e-6
-0.039,-1.990922385746712e-6,3.415063478390443e-6
-0.038,-1.8118152690364357e-6,3.176303809093153e-6
-0.037,-1.644466801272158e-6,2.9479427638432518e-6
-0.036,-1.4884175713613645e-6,2.729855876208735e-6
-0.035,-1.3432117553082466e-6,2.521910942496746e-6
-0.034,-1.208397371376854e-6,2.3239679245479628e-6
-0.033,-1.0835265444114168e-6,2.135878856933824e-6
-0.032,-9.681557796489034e-7,1.9574877588651914e-6
-0.031,-8.618462463816415e-7,1.7886305511414351e-6
-0.03,-7.641640718533472e-7,1.6291349784911218e-6
-0.029,-6.746806458006805e-7,1.478820537679792e-6
-0.028,-5.92972936085011e-7,1.3374984117869323e-6
-0.027,-5.186238158960809e-7,1.2049714110835874e-6
-0.026,-4.5122240305153917e-7,1.0810339209744215e-6
-0.025,-3.903644119648407e-7,9.654718575039505e-7
-0.024,-3.35652518910005e-7,8.580626309666257e-7
-0.023,-2.866967412767044e-7,7.58575118205135e-7
-0.022,-2.431148315850007e-7,6.667696442314919e-7
-0.021,-2.04532687118153e-7,5.823979738621621e-7
-0.02,-1.7058477613731193e-7,5.052033141228382e-7
-0.019,-1.4091458176749732e-7,4.3492032825199045e-7
-0.018,-1.1517506479509238e-7,3.712751622168373e-7
-0.017,-9.302914679983662e-8,3.139854847532518e-7
-0.016,-7.415021526782544e-8,2.627605420553334e-7
-0.015,-5.8222652608295275e-8,2.1730122837481743e-7
-0.014,-4.4942391342407155e-8,1.7730017395026358e-7
-0.013,-3.40174981697492e-8,1.4244185187785493e-7
-0.012,-2.5168790180472024e-8,1.1240270576886428e-7
-0.011,-1.8130487215300658e-8,8.68513003261436e-8
-0.01,-1.2650905352937762e-8,6.544849733134639e-8
-0.009,-8.493197833338617e-9,4.784765999205443e-8
-0.008,-5.436151578764845e-9,3.369488919236352e-8
-0.007,-3.275050137984095e-9,2.2629295981654307e-8
-0.006,-1.8226178475564018e-9,1.4283315720358021e-8
-0.005,-9.100661876993068e-10,8.28307084072757e-9
-0.004,-3.8827350838903724e-10,4.2487914661034945e-9
-0.003,-1.2914743226897404e-10,1.7953067301971465e-9
-0.002,-2.7255043909451692e-11,5.326257768056361e-10
-0.001,-1.8890445964277285e-12,6.663923035711435e-11
0.0,0.0,0.0
0.001,-1.8890837124650427e-12,-6.664056311719899e-11
0.002,-2.7256176870023483e-11,-5.326470800750604e-10
0.003,-1.2915550594855627e-10,-1.7954144284722627e-9
0.004,-3.883059392471258e-10,-4.249131257972598e-9
0.005,-9.101613713672314e-10,-8.28389873058305e-9
0.006,-1.8228469511887928e-9,-1.4285028496385624e-8
0.007,-3.2755310865193558e-9,-2.2632461060047428e-8
0.008,-5.437065079951346e-9,-3.370027376056106e-8
0.009,-8.494805308207711e-9,-4.785625939369488e-8
0.01,-1.26535686538252e-8,-6.546156264361118e-8
0.011,-1.8134690025081112e-8,-8.687036508680421e-8
0.012,-2.517516099572994e-8,-1.1242961181600129e-7
0.013,-3.4026834777949454e-8,-1.42478774270111e-7
0.014,-4.495568670923994e-8,-1.7734964493978688e-7
0.015,-5.82411220965707e-8,-2.1736616040885715e-7
0.016,-7.417532511380208e-8,-2.6284424978585197e-7
0.017,-9.306264377683797e-8,-3.1409170603698085e-7
0.018,-1.1521900699780632e-7,-3.7140807809097703e-7
0.019,-1.4097137045354863e-7,-4.350845818732748e-7
0.02,-1.7065718856560822e-7,-5.054040286599909e-7
0.021,-2.0462391032617866e-7,-5.826407693338804e-7
0.022,-2.432284970497068e-7,-6.670606532840352e-7
0.023,-2.8683696040594713e-7,-7.589210008253815e-7
0.024,-3.3582391931364325e-7,-8.58470588128112e-7
0.025,-3.9057217445663237e-7,-9.659496437449326e-7
0.026,-4.514722993348958e-7,-1.081589855908411e-6
0.027,-5.189222468885587e-7,-1.2056143898441235e-6
0.028,-5.933269708381485e-7,-1.3382379144095678e-6
0.029,-6.750980609734461e-7,-1.479666637425398e-6
0.03,-7.646533916990397e-7,-1.6300983491156659e-6
0.031,-8.62416783209606e-7,-1.7897224731183596e-6
0.032,-9.68817674723877e-7,-1.9587201245674284e-6
0.033,-1.0842908092547277e-6,-2.137264174783315e-6
0.034,-1.2092759294350427e-6,-2.3255193221413495e-6
0.035,-1.3442174839559893e-6,-2.5236421687166055e-6
0.036,-1.4895643442068388e-6,-2.7317813023304237e-6
0.037,-1.6457695307342067e-6,-2.950077383648036e-6
0.038,-1.8132899491640795e-6,-3.1786632379988934e-6
0.039,-1.9925861352526957e-6,-3.417663951611628e-6
0.04,-2.1841220087526732e-6,-3.667196971974276e-6
0.041,-2.3883646357990015e-6,-3.9273722120476256e-6
0.042,-2.6057839995359548e-6,-4.198292158075493e-6
0.043,-2.8368527787208233e-6,-4.480051980750475e-6
0.044,-3.0820461340538494e-6,-4.772739649507447e-6
0.045,-3.3418415019960023e-6,-5.076436049729811e-6
0.046,-3.6167183958474204e-6,-5.391215102665386e-6
0.047,-3.907158213869599e-6,-5.717143887859916e-6
0.048,-4.213644054243809e-6,-6.0542827679265664e-6
0.049,-4.5366605366668785e-6,-6.402685515479481e-6
0.05,-4.876693630393501e-6,-6.762399442068601e-6
0.051,-5.234230488541589e-6,-7.133465528961512e-6
0.052,-5.609759288484096e-6,-7.515918559626166e-6
0.053,-6.003769078157108e-6,-7.909787253775888e-6
0.054,-6.416749628119956e-6,-8.315094402845275e-6
0.055,-6.84919128920867e-6,-8.731857006772331e-6
0.056,-7.3015848556293196e-6,-9.160086411968622e-6
0.057,-7.774421433342663e-6,-9.599788450365215e-6
0.058,-8.268192313596139e-6,-1.0050963579427986e-5
0.059,-8.783388851463568e-6,-1.051360702304124e-5
0.06,-9.320502349257016e-6,-1.0987708913163801e-5
0.061,-9.880023944679173e-6,-1.1473254432166589e-5
0.062,-1.0462444503588211e-5,-1.197022395576538e-5
0.063,-1.1068254517250645e-5,-1.247859319646688e-5
0.064,-1.1697944003960947e-5,-1.2998333347450424e-5
0.065,-1.2352002414909882e-5,-1.3529411226811657e-5
0.066,-1.3030918544186485e-5,-1.4071789422098394e-5
0.067,-1.373518044280151e-5,-1.462542643507245e-5
0.068,-1.4465275336622896e-5,-1.5190276826634758e-5
0.069,-1.5221689548116408e-5,-1.5766291361854427e-5
0.07,-1.6004908421787176e-5,-1.6353417155045503e-5
0.071,-1.681541625322022e-5,-1.695159781483829e-5
0.072,-1.7653696221620352e-5,-1.7560773589194986e-5
0.073,-1.85202303257542e-5,-1.8180881510322086e-5
0.074,-1.9415499323199026e-5,-1.881185553943479e-5
0.075,-2.0339982672805313e-5,-1.9453626711331033e-5
0.076,-2.1294158480281937e-5,-2.01061232787353e-5
0.077,-2.2278503446814686e-5,-2.076927085637474e-5
0.078,-2.3293492820630827e-5,-2.1442992564752122e-5
0.079,-2.4339600351424117e-5,-2.21272091735826e-5
0.08,-2.5417298247556464e-5,-2.282183924486305e-5
0.081,-2.65270571359541e-5,-2.352679927554486e-5
0.082,-2.766934602461774e-5,-2.4242003839782837e-5
0.083,-2.8844632267667865e-5,-2.4967365730734777e-5
0.084,-3.005338153284765e-5,-2.570279610188791e-5
0.085,-3.12960577714077e-5,-2.6448204607890135e-5
0.086,-3.257312319029815e-5,-2.7203499544865485e-5
0.087,-3.388503822659497e-5,-2.7968587990194915e-5
0.088,-3.5232261524088935e-5,-2.874337594174477e-5
0.089,-3.6615249911966766e-5,-2.9527768456526948e-5
0.09,-3.8034458385515386e-5,-3.0321669788775837e-5
0.091,-3.949034008878156e-5,-3.1124983527428664e-5
0.092,-4.098334629912017e-5,-3.193761273299694e-5
0.093,-4.251392641356581e-5,-3.2759460073817947e-5
0.094,-4.4082527936963395e-5,-3.3590427961676393e-5
0.095,-4.568959647179464e-5,-3.443041868678736e-5
0.096,-4.73355757096384e-5,-3.527933455213283e-5
0.097,-4.9020907424203874e-5,-3.61370780071449e-5
0.098,-5.0746031465876696e-5,-3.700355178073011e-5
0.099,-5.251138575771913e-5,-3.787865901362965e-5
0.1,-5.431740629286622e-5,-3.876230339011188e-5
0.101,-5.616452713326119e-5,-3.965438926899365e-5
0.102,-5.805318040967379e-5,-4.055482181398821e-5
0.103,-5.998379632294675e-5,-4.146350712337828e-5
0.104,-6.195680314641588e-5,-4.238035235901326e-5
0.105,-6.39726272294506e-5,-4.330526587463061e-5
0.106,-6.603169300206245e-5,-4.423815734350191e-5
0.107,-6.813442298052968e-5,-4.5178937885404925e-5
0.108,-7.028123777398736e-5,-4.6127520192923405e-5
0.109,-7.247255609193268e-5,-4.708381865707717e-5
0.11,-7.470879475259628e-5,-4.804774949228545e-5
0.111,-7.699036869213098e-5,-4.901923086066701e-5
0.112,-7.931769097457008e-5,-4.999818299568123e-5
0.113,-8.169117280250813e-5,-5.0984528325114585e-5
0.114,-8.411122352845777e-5,-5.197819159341765e-5
0.115,-8.657825066683683e-5,-5.297909998339799e-5
0.116,-8.909265990654055e-5,-5.398718323727504e-5
0.117,-9.165485512405471e-5,-5.5002373777103025e-5
0.118,-9.426523839706547e-5,-5.6024606824568755e-5
0.119,-9.6924210018523e-5,-5.705382052017132e-5
0.12,-9.963216851111619e-5,-5.8089956041791014e-5
0.121,-0.00010238951064211637,-5.913295772265519e-5
0.122,-0.00010519663143854844,-6.018277316870913e-5
0.123,-0.00010805392420264873,-6.123935337540007e-5
0.124,-0.000110961780527569,-6.23026528438831e-5
0.125,-0.00011392059031328661,-6.337262969665759e-5
0.126,-0.00011693074178268181,-6.444924579264328e-5
0.127,-0.0001199926214977427,-6.553246684170526e-5
0.128,-0.0001231066143758601,-6.662226251863723e-5
0.129,-0.00012627310370617382,-6.771860657661281e-5
0.13,-0.0001294924711659329,-6.882147696011464e-5
0.131,-0.00013276509683683325,-6.993085591735116e-5
0.132,-0.0001360913592212952,-7.104673011217137e-5
0.133,-0.00013947163525864544,-7.216909073548768e-5
0.134,-0.00014290630034116702,-7.32979336162172e-5
0.135,-0.00014639572832998214,-7.443325933175207e-5
0.136,-0.00014994029157073277,-7.557507331796927e-5
0.137,-0.00015354036090902394,-7.67233859787905e-5
0.138,-0.0001571963057055957,-7.787821279530303e-5
0.139,-0.00016090849385118968,-7.903957443445209e-5
0.14,-0.000164677291781076,-8.020749685731564e-5
0.141,-0.000168503064489208,-8.13820114269725e-5
0.142,-0.00017238617554197078,-8.256315501597444e-5
0.143,-0.00017632698709149134,-8.375097011343327e-5
0.144,-0.00018032585988847738,-8.494550493173388e-5
0.145,-0.00018438315329455282,-8.614681351288378e-5
0.146,-0.00018849922529405784,-8.735495583451026e-5
0.147,-0.00019267443250528147,-8.856999791551591e-5
0.148,-0.00019690913019109564,-8.979201192140314e-5
0.149,-0.000201203672268959,-9.102107626927858e-5
0.15,-0.00020555841132025978,-9.22572757325479e-5
0.151,-0.00020997369859896618,-9.350070154531173e-5
0.152,-0.00021444988403955442,-9.475145150647312e-5
0.153,-0.00021898731626418338,-9.600963008356694e-5
0.154,-0.0002235863425890857,-9.727534851632177e-5
0.155,-0.00022824730903014506,-9.854872491996408e-5
0.156,-0.0002329705603076299,-9.982988438827542e-5
0.157,-0.00023775643985005353,-0.00010111895909641193
0.158,-0.00024260528979713094,-0.00010241608840349664
0.159,-0.0002475174510018028,-0.00010372141895499398
0.16,-0.0002524932630312972,-0.00010503510478487598
0.161,-0.00025753306416719993,-0.00010635730741759003
0.162,-0.00026263719140450344,-0.00010768819596983701
0.163,-0.0002678059804496064,-0.00010902794725216916
0.164,-0.000273039765717234,-0.0001103767458704165
0.165,-0.00027833888032625015,-0.00011173478432695069
0.166,-0.00028370365609433295,-0.00011310226312179469
0.167,-0.0002891344235314845,-0.00011447939085358672
0.168,-0.00029463151183234626,-0.00011586638432040665
0.169,-0.0003001952488672908,-0.00011726346862047266
0.17,-0.0003058259611722625,-0.00011867087725271603
0.171,-0.0003115239739373368,-0.00012008885221724138
0.172,-0.0003172896109939708,-0.00012151764411567983
0.173,-0.0003231231948009162,-0.00012295751225144182
0.174,-0.00032902504642876544,-0.00012440872472987657
0.175,-0.00033499548554310316,-0.0001258715585583445
0.176,-0.00034103483038623394,-0.00012734629974620908
0.177,-0.0003471433977574579,-0.00012883324340475378
0.178,-0.0003533215029918654,-0.00013033269384702995
0.179,-0.0003595694599376225,-0.00013184496468764112
0.18,-0.00036588758093171757,-0.00013337037894246866
0.181,-0.00037227617677414166,-0.0001349092691283435
0.182,-0.0003787355567004727,-0.00013646197736266893
0.183,-0.00038526602835283537,-0.00013802885546299778
0.184,-0.00039186789774920707,-0.00013961026504656873
0.185,-0.000398541469251042,-0.00014120657762980464
0.186,-0.00040528704552918345,-0.00014281817472777642
0.187,-0.00041210492752803533,-0.000144445447953635
0.188,-0.00041899541442796414,-0.00014608879911801417
0.189,-0.00042595880360590154,-0.00014774864032840627
0.19,-0.0004329953905941189,-0.00014942539408851238
0.191,-0.0004401054690371428,-0.00015111949339756853
0.192,-0.00044728933064678444,-0.00015283138184964902
0.193,-0.00045454726515524983,-0.00015456151373294705
0.194,-0.0004618795602663042,-0.00015631035412903342
0.195,-0.0004692865016044585,-0.0001580783790120925
0.196,-0.0004767683726621487,-0.00015986607534813535
0.197,-0.0004843254547448776,-0.00016167394119418876
0.198,-0.0004919580269142885,-0.00016350248579745846
0.199,-0.0004996663659291401,-0.00016535222969446523
0.2,-0.0005074507461841531,-0.0001672237048101508
0.201,-0.0005153114396466955,-0.00016911745455695126
0.202,-0.0005232487157912775,-0.00017103403393383456
0.203,-0.0005312628415318238,-0.00017297400962529815
0.204,-0.0005393540811516927,-0.0001749379601003228
0.205,-0.0005475226962314089,-0.00017692647571127763
0.206,-0.0005557689455740802,-0.0001789401587927714
0.207,-0.0005640930851284653,-0.0001809796237604441
0.208,-0.0005724953679096596,-0.0001830454972096924
0.209,-0.0005809760439173692,-0.00018513841801432295
0.21,-0.000589535360051737,-0.00018725903742512512
0.211,-0.0005981735600266924,-0.00018940801916835637
0.212,-0.0006068908842807873,-0.00019158603954413098
0.213,-0.0006156875698854889,-0.00019379378752470386
0.214,-0.0006245638504508937,-0.0001960319648526392
0.215,-0.0006335199560288302,-0.0001983012861388546
0.216,-0.000642556113013315,-0.00020060247896052898
0.217,-0.0006516725440383312,-0.00020293628395886412
0.218,-0.0006608694678728902,-0.0002053034549366866
0.219,-0.0006701470993133483,-0.00020770475895587852
0.22,-0.000679505649072937,-0.00021014097643462341
0.221,-0.0006889453236684764,-0.0002126129012444534
0.222,-0.0006984663253042359,-0.00021512134080708316
0.223,-0.000708068851752904,-0.0002176671161910156
0.224,-0.0007177530962336338,-0.00022025106220790322
0.225,-0.0007275192472871287,-0.00022287402750864848
0.226,-0.0007373674886477293,-0.00022553687467922643
0.227,-0.000747297999112467,-0.0002282404803362107
0.228,-0.0007573109524070473,-0.00023098573522198492
0.229,-0.0007674065170487245,-0.00023377354429961997
0.23,-0.0007775848562060319,-0.00023660482684739615
0.231,-0.0007878461275553283,-0.0002394805165529503
0.232,-0.0007981904831341249,-0.00024240156160702518
0.233,-0.000808618069191151,-0.0002453689247967993
0.234,-0.0008191290260331245,-0.00024838358359877296
0.235,-0.000829723487868184,-0.0002514465302711875
0.236,-0.0008404015826459464,-0.00025455877194595084
0.237,-0.000851163431894149,-0.00025772133072004595
0.238,-0.0008620091505518373,-0.0002609352437463931
0.239,-0.0008729388467990584,-0.00026420156332413933
0.24,-0.0008839526218830183,-0.0002675213569883472
0.241,-0.0008950505699406655,-0.00027089570759905184
0.242,-0.0009062327778176565,-0.0002743257134296574
0.243,-0.0009174993248836653,-0.0002778124882546405
0.244,-0.0009288502828439925,-0.0002813571614365291
0.245,-0.0009402857155474344,-0.0002849608780121236
0.246,-0.0009518056787903692,-0.00028862479877792447
0.247,-0.0009634102201170172,-0.0002923501003747339
0.248,-0.0009750993786158342,-0.0002961379753713923
0.249,-0.0009868731847119923,-0.000299989632347614
0.25,-0.0009987316599559075,-0.0003039062959758837
0.251,-0.0010106748168077692,-0.0003078892071023732
0.252,-0.0010227026584180272,-0.000311939622826839
0.253,-0.001034815178403793,-0.00031605881658145824
0.254,-0.0010470123606211095,-0.0003202480782085607
0.255,-0.0010592941789330473,-0.0003245087140372125
0.256,-0.0010716605969735768,-0.00032884204695860615
0.257,-0.001084111567907177,-0.00033324941650021147
0.258,-0.0010966470341841304,-0.0003377321788986386
0.259,-0.0011092669272914604,-0.0003422917071711651
0.26,-0.0011219711674994644,-0.0003469293911858768
0.261,-0.001134759663603794,-0.0003516466377303706
0.262,-0.0011476323126630385,-0.00035644487057896735
0.263,-0.0011605889997317617,-0.0003613255305583799
0.264,-0.0011736295975889456,-0.0003662900756117814
0.265,-0.0011867539664617926,-0.00037133998086121695
0.266,-0.0011999619537448377,-0.0003764767386683005
0.267,-0.0012132533937143234,-0.0003817018586931371
0.268,-0.001226628107237787,-0.0003870168679514095
0.269,-0.0012400859014788114,-0.00039242331086956694
0.27,-0.0012536265695968914,-0.00039792274933805156
0.271,-0.0012672498904423624,-0.00040351676276249653
0.272,-0.0012809556282463474,-0.00040920694811282985
0.273,-0.0012947435323056634,-0.0004149949199702136
0.274,-0.0013086133366626462,-0.00042088231057174917
0.275,-0.0013225647597798352,-0.0004268707698528763
0.276,-0.00133659750420947,-0.0004329619654873915
0.277,-0.0013507112562577486,-0.00043915758292501113
0.278,-0.001364905685643792,-0.0004454593254264015
0.279,-0.001379180445153268,-0.0004518689140955969
0.28,-0.0013935351702866164,-0.0004583880879097253
0.281,-0.0014079694789018282,-0.00046501860374595767
0.282,-0.0014224829708517218,-0.00047176223640559803
0.283,-0.001437075227615668,-0.00047862077863522663
0.284,-0.0014517458119257041,-0.00048559604114480764
0.285,-0.0014664942673869902,-0.0004926898526226719
0.286,-0.00148132011809255,-0.000499904059747281
0.287,-0.0014962228682322426,-0.000507240527195679
0.288,-0.0015112020016959122,-0.0005147011376485341
0.289,-0.0015262569816706605,-0.0005222877917916731
0.29,-0.0015413872502321882,-0.0005300024083140053
0.291,-0.0015565922279301488,-0.0005378469239017344
0.292,-0.0015718713133674614,-0.0005458232932287515
0.293,-0.001587223882773527,-0.0005539334889431019
0.294,-0.0016026492895712926,-0.0005621795016494158
0.295,-0.0016181468639381066,-0.0005705633398871884
0.296,-0.0016337159123603127,-0.0005790870301047964
0.297,-0.0016493557171815226,-0.0005877526166291308
0.298,-0.0016650655361445143,-0.0005965621616307276
0.299,-0.0016808446019266979,-0.0006055177450842727
0.3,-0.0016966921216690955,-0.0006146214647243539
0.301,-0.0017126072764987736,-0.0006238754359963337
0.302,-0.0017285892210446773,-0.000633281792002211
0.303,-0.0017446370829468066,-0.0006428426834413351
0.304,-0.001760749962358676,-0.0006525602785458403
0.305,-0.0017769269314430068,-0.0006624367630106544
0.306,-0.001793167033860588,-0.0006724743399179433
0.307,-0.001809469284252254,-0.0006826752296558428
0.308,-0.0018258326677139216,-0.0006930416698313285
0.309,-0.0018422561392646244,-0.0007035759151770717
0.31,-0.0018587386233074965,-0.0007142802374521252
0.311,-0.0018752790130836384,-0.0007251569253362779
0.312,-0.0018918761701188177,-0.000736208284317918
0.313,-0.0019085289236629396,-0.0007474366365752364
0.314,-0.001925236070122236,-0.0007588443208506002
0.315,-0.001941996372484115,-0.000770433692317923
0.316,-0.0019588085597346113,-0.0007822071224428544
0.317,-0.0019756713262683847,-0.0007941669988356067
0.318,-0.0019925833312912106,-0.0008063157250962331
0.319,-0.002009543198214901,-0.0008186557206521679
0.32,-0.0020265495140446062,-0.0008311894205878351
0.321,-0.002043600828758438,-0.0008439192754661274
0.322,-0.0020606956546793606,-0.0008568477511415513
0.323,-0.0020778324658392907,-0.000869977328564834
0.324,-0.0020950096973353575,-0.0008833105035787793
0.325,-0.002112225744678262,-0.0008968497867051537
0.326,-0.0021294789631326827,-0.0009105977029223874
0.327,-0.0021467676670496815,-0.0009245567914338569
0.328,-0.0021640901291910394,-0.0009387296054265246
0.329,-0.0021814445800454906,-0.0009531187118196937
0.33,-0.0021988292071367837,-0.0009677266910036403
0.331,-0.002216242154323528,-0.0009825561365678743
0.332,-0.0022336815210907725,-0.000997609655018776
0.333,-0.002251145361833265,-0.0010128898654863487
0.334,-0.002268631685130341,-0.001028399399419828
0.335,-0.0022861384530123963,-0.0010441409002718692
0.336,-0.0023036635802188904,-0.0010601170231710443
0.337,-0.002321204933447837,-0.0010763304345823585
0.338,-0.0023387603305967336,-0.0010927838119555036
0.339,-0.0023563275399948813,-0.0011094798433605455
0.34,-0.002373904279627057,-0.001126421227110746
0.341,-0.0023914882163484858,-0.0011436106713722091
0.342,-0.0024090769650910804,-0.0011610508937600322
0.343,-0.002426668088060897,-0.0011787446209206391
0.344,-0.002444259093926774,-0.00119669458809996
0.345,-0.0024618474370001163,-0.001214903538697121
0.346,-0.0024794305164057787,-0.0012333742238032897
0.347,-0.002497005675244027,-0.0012521094017253268
0.348,-0.00251457019974353,-0.0012711118374938708
0.349,-0.002532121318405361,-0.001290384302355486
0.35,-0.002549656201137971,-0.0013099295732484893
0.351,-0.002567171958383109,-0.0013297504322620625
0.352,-0.0025846656402326684,-0.0013498496660782492
0.353,-0.002602134235536425,-0.0013702300653964223
0.354,-0.002619574671000655,-0.0013908944243398009
0.355,-0.0026369838102776144,-0.0014118455398435842
0.356,-0.002654358453045856,-0.0014330862110242585
0.357,-0.002671695334081381,-0.0014546192385296232
0.358,-0.0026889911223196093,-0.001476447423869069
0.359,-0.002706242419908163,-0.001498573568723633
0.36,-0.0027234457612504656,-0.0015210004742353387
0.361,-0.002740597612040146,-0.0015437309402753206
0.362,-0.002757694368286266,-0.001566767764690219
0.363,-0.0027747323553293686,-0.0015901137425263167
0.364,-0.0027917078268483663,-0.0016137716652308745
0.365,-0.002808616963858283,-0.0016377443198301149
0.366,-0.0028254558736988777,-0.0016620344880832808
0.367,-0.002842220589014172,-0.0016866449456121853
0.368,-0.0028589070667229145,-0.0017115784610056556
0.369,-0.002875511186980027,-0.0017368377948982527
0.37,-0.0028920287521290713,-0.0017624256990226386
0.371,-0.00290845548564579,-0.0017883449152349428
0.372,-0.0029247870310727796,-0.0018145981745124598
0.373,-0.0029410189509453625,-0.001841188195923002
0.374,-0.0029571467257087287,-0.001868117685565199
0.375,-0.0029731657526264315,-0.0018953893354790345
0.376,-0.0029890713446803214,-0.0019230058225258692
0.377,-0.0030048587294620264,-0.0019509698072372062
0.378,-0.0030205230480560754,-0.001979283932631408
0.379,-0.003036059353914793,-0.0020079508229975717
0.38,-0.003051462611725091,-0.0020369730826457423
0.381,-0.0030667276962672955,-0.002066353294622616
0.382,-0.0030818493912661634,-0.0020960940193918707
0.383,-0.0030968223882342563,-0.002126197793478232
0.384,-0.0031116412853078447,-0.0021566671280743624
0.385,-0.0031263005860755404,-0.002187504507609634
0.386,-0.0031407946983998607,-0.002218712388279816
0.387,-0.003155117933231949,-0.0022502931965366945
0.388,-0.003169264503419692,-0.0022822493275365943
0.389,-0.0031832285225094903,-0.002314583143546767
0.39,-0.00319700400354196,-0.0023472969723085657
0.391,-0.0032105848578418586,-0.002380393105356295
0.392,-0.003223964893802553,-0.002413873796290616
0.393,-0.0032371378156653666,-0.002447741259005324
0.394,-0.0032500972222941705,-0.0024819976658663084
0.395,-0.003262836605945601,-0.0025166451458414636
0.396,-0.0032753493510353127,-0.0025516857825802785
0.397,-0.0032876287329007157,-0.0025871216124418125
0.398,-0.0032996679165606525,-0.0026229546224697123
0.399,-0.003311459955472522,-0.002659186748312907
0.4,-0.003322997790287372,-0.0026958198720905577
0.401,-0.003334274247603533,-0.0027328558201998284
0.402,-0.003345282038719385,-0.002770296361064969
0.403,-0.003356013758385896,-0.0028081432028262024
0.404,-0.00336646188355961,-0.002846397990966825
0.405,-0.0033766187721568025,-0.0028850623058769244
0.406,-0.0033864766618095653,-0.002924137660352039
0.407,-0.0033960276686246242,-0.002963625497025075
0.408,-0.00340526378594576,-0.003003527185729722
0.409,-0.003414176883120724,-0.0030438440207935795
0.41,-0.0034227587042736304,-0.003084577218259145
0.411,-0.003431000867083832,-0.0031257279130307886
0.412,-0.0034388948615723665,-0.0031672971559457597
0.413,-0.00344643204889712,-0.003209285910767246
0.414,-0.0034536036601579157,-0.003251695051097443
0.415,-0.0034604007952128107,-0.0032945253572085357
0.416,-0.003466814421506963,-0.003337777512789459
0.417,-0.003472835372915494,-0.003381452101606226
0.418,-0.003478454348601874,-0.003425549604073578
0.419,-0.003483661911893428,-0.0034700703937356457
0.42,-0.003488448489175655,-0.0035150147336532587
0.421,-0.003492804368807165,-0.0035603827726954835
0.422,-0.0034967197000571027,-0.003606174541732912
0.423,-0.003500184492067081,-0.003652389949730166
0.424,-0.0035031886128397112,-0.0036990287797350314
0.425,-0.0035057217882559708,-0.00374609068476157
0.426,-0.003507773601123754,-0.0037935751835645013
0.427,-0.00350933349026008,-0.003841481656302095
0.428,-0.0035103907496095766,-0.003889809340084755
0.429,-0.003510934527402,-0.003938557324406411
0.43,-0.003510953825351689,-0.003987724546455791
0.431,-0.003510437497902025,-0.004037309786304586
0.432,-0.0035093742515181214,-0.004087311661969458
0.433,-0.0035077526440311503,-0.004137728624344809
0.434,-0.0035055610840378816,-0.0041885589520031415
0.435,-0.003502787830359217,-0.004239800745859847
0.436,-0.0034994209915616813,-0.004291451923699144
0.437,-0.0034954485255460637,-0.004343510214557898
0.438,-0.003490858239207597,-0.004395973152963985
0.439,-0.0034856377881723175,-0.004448838073025839
0.44,-0.0034797746766144586,-0.004502102102369748
0.441,-0.0034732562571600147,-0.004555762155921507
0.442,-0.003466069730881842,-0.004609814929528923
0.443,-0.003458202147391964,-0.00466425689342171
0.444,-0.0034496404050370156,-0.004719084285505272
0.445,-0.0034403712512030746,-0.004774293104484856
0.446,-0.0034303812827364325,-0.004829879102816564
0.447,-0.003419656946487187,-0.004885837779481724
0.448,-0.003408184539982873,-0.004942164372581123
0.449,-0.00339595021223972,-0.004998853851745629
0.45,-0.0033829399647194707,-0.0050559009103597645
0.451,-0.0033691396524400986,-0.005113299957594845
0.452,-0.003354534985249162,-0.005171045110248344
0.453,-0.0033391115292689347,-0.005229130184386212
0.454,-0.0033228547085229153,-0.005287548686784975
0.455,-0.0033057498067537313,-0.005346293806170523
0.456,-0.003287781969442965,-0.0054053584042506354
0.457,-0.003268936206043875,-0.005464735006538386
0.458,-0.0032491973924385228,-0.005524415792963784
0.459,-0.0032285502736313135,-0.005584392588271115
0.46,-0.0032069794666915205,-0.005644656852199707
0.461,-0.0031844694639579047,-0.005705199669446028
0.462,-0.003161004636519138,-0.005766011739405286
0.463,-0.003136569237984315,-0.005827083365690977
0.464,-0.003111147408558481,-0.005888404445431154
0.465,-0.003084723179438712,-0.005949964458340494
0.466,-0.003057280477546956,-0.006011752455567655
0.467,-0.003028803130616509,-0.006073757048317803
0.468,-0.002999274872649694,-0.006135966396250659
0.469,-0.002968679349765006,-0.0061983681956548995
0.47,-0.002937000126452734,-0.006260949667400307
0.471,-0.002904220692258787,-0.006323697544669628
0.472,-0.002870324468917223,-0.006386598060472758
0.473,-0.002835294817952743,-0.006449636934946588
0.474,-0.002799115048775194,-0.006512799362444544
0.475,-0.002761768427288925,-0.00657606999842074
0.476,-0.0027232381850406306,-0.006639432946114489
0.477,-0.0026835075289301387,-0.006702871743041903
0.478,-0.002642559651509408,-0.006766369347302317
0.479,-0.0026003777418958218,-0.006829908123708381
0.48,-0.002556944997326674,-0.006893469829749849
0.481,-0.0025122446353825693,-0.0069570356014023475
0.482,-0.0024662599069082526,-0.007020585938793777
0.483,-0.0024189741096601845,-0.00708410069174244
0.484,-0.0023703706027109585,-0.007147559045182534
0.485,-0.002320432821641408,-0.007210939504494325
0.486,-0.002269144294551988,-0.007274219880758028
0.487,-0.00221648865892571,-0.007337377275952341
0.488,-0.0021624496793755748,-0.007400388068120529
0.489,-0.0021070112663100567,-0.007463227896529098
0.49,-0.002050157495550755,-0.007525871646846274
0.491,-0.001991872628936825,-0.00758829343636995
0.492,-0.0019321411359512338,-0.0076504665993371666
0.493,-0.0018709477164042191,-0.007712363672349911
0.494,-0.0018082773242095948,-0.007773956379954729
0.495,-0.0017441151922896918,-0.007835215620416608
0.496,-0.001678446858644753,-0.007896111451730631
0.497,-0.0016112581936225123,-0.007956613077918147
0.498,-0.001542535428423447,-0.008016688835657529
0.499,-0.0014722651848767929,-0.008076306181303164
0.5,-0.0014004345065218471,-0.00813543167834996
0.501,-0.001327030891028314,-0.008194030985404503
0.502,-0.001252042323988483,-0.008252068844727956
0.503,-0.0011754573141128277,-0.00830950907141996
0.504,-0.001097264929859163,-0.008366314543317026
0.505,-0.0010174548375237828,-0.008422447191683375
0.506,-0.000936017340820996,-0.00847786799277668
0.507,-0.0008529434219751449,-0.008532536960375897
0.508,-0.0007682247843465455,-0.008586413139363109
0.509,-0.0006818538966097536,-0.00863945460045627
0.51,-0.0005938240384991589,-0.008691618436194645
0.511,-0.0005041293481330842,-0.008742860758283896
0.512,-0.0004127648709233019,-0.008793136696412775
0.513,-0.00031972661007215625,-0.008842400398658646
0.514,-0.0002250115786542505,-0.008890605033604117
0.515,-0.00012861785327391965,-0.00893770279429226
0.516,-3.05446292834167e-5,-0.008983644904152944
0.517,6.920772246012486e-5,-0.009028381625037857
0.518,0.00017063759732835284,-0.009071862267506585
0.519,0.00027374209718347166,-0.009114035203510888
0.52,0.00037851696921435674,-0.009154847881628795
0.521,0.00048495654340263684,-0.009194246845004292
0.522,0.0005930536686844666,-0.009232177752152388
0.523,0.0007027996478845073,-0.009268585400792768
0.524,0.0008141841715101474,-0.00930341375487834
0.525,0.0009271952505062366,-0.009336605974987568
0.526,0.001041819148083576,-0.009368104452251376
0.527,0.0011580403107481127,-0.009397850845986764
0.528,0.0012758412986722152,-0.009425786125209747
0.529,0.0013952027155645459,-0.009451850614199979
0.53,0.001516103138210883,-0.00947598404228812
0.531,0.0016385190458747415,-0.009498125598034783
0.532,0.0017624247497637717,-0.009518213987966427
0.533,0.0018877923227856254,-0.009536187500028987
0.534,0.0020145915298352083,-0.009551984071914021
0.535,0.002142789758873937,-0.009565541364404717
0.536,0.0022723519530806796,-0.009576796839880176
0.537,0.0024032405443734097,-0.009585687846105724
0.538,0.002535415388620134,-0.009592151705424646
0.539,0.0026688337028772237,-0.009596125809452486
0.54,0.0028034500050127848,-0.00959754771935885
0.541,0.0029392160560919533,-0.009596355271803402
0.542,0.0030760808059198687,-0.009592486690572376
0.543,0.0032139903421563405,-0.009585880703939353
0.544,0.003352887843433716,-0.00957647666774917
0.545,0.003492713536925929,-0.00956421469419676
0.546,0.0036334046608319623,-0.00954903578624311
0.547,0.0037748954322507308,-0.009530881977578813
0.548,0.003917117020936407,-0.009509696478011413
0.549,0.004059997529433243,-0.009485423824116275
0.55,0.0042034619800966734,-0.009458010034951999
0.551,0.0043474323095126065,-0.009427402772600459
0.552,0.004491827370829092,-0.009393551507248632
0.553,0.004636562944513638,-0.009356407686484563
0.554,0.004781551758045023,-0.009315924908433252
0.555,0.0049267035150403074,-0.009272059098310328
0.556,0.005071924934305459,-0.009224768687922094
0.557,0.005217119799281464,-0.009174014797590512
0.558,0.005362189018336553,-0.009119761419930992
0.559,0.005507030696329168,-0.009061975604860086
0.56,0.005651540217835189,-0.009000627645159593
0.561,0.005795610342396628,-0.00893569126187384
0.562,0.005939131312107323,-0.00886714378876823
0.563,0.006081990971804018,-0.008794966355030466
0.564,0.0062240749020785885,-0.00871914406535133
0.565,0.006365266565269068,-0.008639666176480437
0.566,0.006505447464523624,-0.00855652626931449
0.567,0.006644497315962854,-0.008469722415541796
0.568,0.006782294233892036,-0.008379257337838028
0.569,0.006918714928936395,-0.008285138562584775
0.57,0.007053634918889614,-0.008187378564065345
0.571,0.007186928751979043,-0.008085994899081704
0.572,0.007318470242160919,-0.00798101033093346
0.573,0.007448132715966074,-0.007872452941704581
0.574,0.007575789270321716,-0.007760356231816748
0.575,0.007701313040678721,-0.007644759205830405
0.576,0.00782457747867738,-0.0075257064435058155
0.577,0.007945456638488502,-0.007403248155177312
0.578,0.00806382547087233,-0.007277440220544448
0.579,0.008179560123905692,-0.0071483442100440595
0.58,0.008292538249239513,-0.007016027388037377
0.581,0.008402639312665047,-0.006880562697125965
0.582,0.008509744907689297,-0.006742028722999376
0.583,0.008613739070749036,-0.006600509639315328
0.584,0.00871450859662967,-0.006456095132219628
0.585,0.008811943352601066,-0.006308880304227149
0.586,0.008905936589738112,-0.006158965557306184
0.587,0.008996385249860444,-0.00600645645513553
0.588,0.009083190266503855,-0.0058514635646355895
0.589,0.009166256858326404,-0.005694102277010501
0.59,0.00924549481335561,-0.0055344926086766015
0.591,0.00932081876249967,-0.005372758982591896
0.592,0.009392148440775933,-0.00520902999064048
0.593,0.009459408934753622,-0.005043438137863349
0.594,0.009522530914765378,-0.004876119569461424
0.595,0.009581450850512941,-0.0047072137816263505
0.596,0.009636111208776195,-0.004536863317378244
0.597,0.00968646063203091,-0.004365213448705633
0.598,0.00973245409688836,-0.004192411846410045
0.599,0.009774053051388445,-0.004018608239154667
0.6,0.009811225530306006,-0.0038439540633021622
0.601,0.009843946247766543,-0.0036686021052
0.602,0.009872196666610997,-0.003492706137631596
0.603,0.00989596504409839,-0.003316420552197524
0.604,0.00991524645368829,-0.0031398999894223924
0.605,0.009930042782800705,-0.002963298968399375
0.606,0.009940362706607553,-0.0027867715177855874
0.607,0.009946221638065526,-0.002610470809947587
0.608,0.009947641654553564,-0.0024345488000273806
0.609,0.009944651401627444,-0.002259155871655861
0.61,0.00993728597454786,-0.002084440490983144
0.611,0.00992558677837525,-0.0019105488706245633
0.612,0.009909601367553292,-0.0017376246450379958
0.613,0.009889383266022119,-0.0015658085587538023
0.614,0.009864991769010942,-0.0013952381687741219
0.615,0.009836491727756984,-0.0012260475623448194
0.616,0.009803953318482534,-0.0010583670911824316
0.617,0.009767451797034235,-0.0008923231231113655
0.618,0.009727067240647697,-0.0007280378119348602
0.619,0.009682884278346179,-0.0005656288862282572
0.62,0.009634991811514301,-0.00040520945760642244
0.621,0.009583482726206533,-0.00024688784888013724
0.622,0.009528453598756004,-9.07674423803096e-5
0.623,0.009470004396242298,6.30534514047353e-5
0.624,0.00940823817335787,0.00021448170486361085
0.625,0.009343260767182336,0.00036342946407784583
0.626,0.00927518049133282,0.0005098142196489382
0.627,0.009204107830907733,0.0006535588578787502
0.628,0.009130155139581684,0.0007945916927508621
0.629,0.00905343634014176,0.0009328464792577342
0.63,0.008974066629681155,0.0010682624087071295
0.631,0.008892162190586125,0.0012007840867208062
0.632,0.008807839908367565,0.0013303614947087514
0.633,0.00872121709730028,0.0014569499356630303
0.634,0.008632411234742099,0.001580509965166661
0.635,0.008541539704912558,0.0017010073085548475
0.636,0.008448719552817823,0.0018184127651986242
0.637,0.00835406724891559,0.001932702100904725
0.638,0.008257698465022006,0.002043855929440668
0.639,0.008159727861872695,0.0021518595842010407
0.64,0.008060268888662495,0.002256702981030287
0.641,0.007959433594804282,0.0023583804732094345
0.642,0.007857332454066515,0.0024568906995997572
0.643,0.007754074201172615,0.0025522364269159096
0.644,0.007649765680873129,0.0026444243870752224
0.645,0.007544511709434285,0.0027334651105392223
0.646,0.0074384149484241335,0.0028193727565286623
0.647,0.007331575790620185,0.002902164940955007
0.648,0.007224092257810382,0.0029818625628700505
0.649,0.0071160599102123925,0.003058489630191657
0.65,0.00700757176719453,0.0031320730854181317
0.651,0.006898718238945115,0.0032026426319969282
0.652,0.006789587068705518,0.0032702305619657294
0.653,0.006680263285155422,0.003334871585435964
0.654,0.006570829164516796,0.00339660266244081
0.655,0.00646136420192542,0.003455462837622178
0.656,0.00635194509160534,0.0035114930781843363
0.657,0.006242645715372104,0.003564736115496055
0.658,0.006133537138984747,0.003615236290678657
0.659,0.006024687615863982,0.0036630394044743987
0.66,0.005916162597694654,0.0037081925716483523
0.661,0.0058080247514339,0.003750744080137548
0.662,0.005700333982252394,0.0037907432551237464
0.663,0.0055931474619442655,0.0038282403281708387
0.664,0.005486519662351423,0.003863286311534693
0.665,0.0053805023933599675,0.003895932877722219
0.666,0.005275144845039759,0.003926232244347586
0.667,0.005170493633512874,0.003954237064306893
0.668,0.005066592850152367,0.003980000321268072
0.669,0.004963484113729301,0.004003575230450481
0.67,0.004861206625143131,0.004025015144648342
0.671,0.004759797224388194,0.004044373465433881
0.672,0.00465929044942694,0.004061703559459753
0.673,0.004559718596658643,0.004077058679765785
0.674,0.004461111782690416,0.004090491891982419
0.675,0.004363498007135352,0.004102056005312184
0.676,0.0042669032161804215,0.004111803508161079
0.677,0.0041713513666842466,0.0041197865082838155
0.678,0.004076864490582012,0.004126056677300273
0.679,0.003983462759391448,0.004130665199435269
0.68,0.0038911645486300293,0.00413366272432966
0.681,0.0037999865019691355,0.0041350993237678066
0.682,0.003709943594966009,0.00413502445216448
0.683,0.0036210491982287566,0.004133486910653221
0.684,0.0035333151398834464,0.004130534814617968
0.685,0.0034467517672254998,0.004126215564510273
0.686,0.0033613680074500445,0.004120575819795653
0.687,0.0032771714273677256,0.004113661475874419
0.688,0.003194168292023606,0.0041055176438246355
0.689,0.0031123636221472863,0.0040961886328176695
0.69,0.003031761250372204,0.004085717935059957
0.691,0.0029523638761712935,0.004074148213118141
0.692,0.0028741731194647452,0.004061521289488543
0.693,0.0027971895728636036,0.004047878138275987
0.694,0.0027214128525203255,0.004033258878851218
0.695,0.002646841647564255,0.00401770277136054
0.696,0.0025734737681062693,0.004001248213965836
0.697,0.0025013061918026207,0.00398393274169766
0.698,0.0024303351089732784,0.003965793026808756
0.699,0.0023605559662749037,0.003946864880519984
0.7,0.00229196350893294,0.003927183256055277
0.701,0.002224551821541266,0.0039067822528668725
0.702,0.002158314367441409,0.003885695121956605
0.703,0.002093244026696481,0.003863954272203582
0.704,0.002029333132677856,0.0038415912776129492
0.705,0.0019665735072850834,0.0038186368854048235
0.706,0.0019049564948217534,0.0037951210248666615
0.707,0.001844472994551922,0.003771072816896486
0.708,0.0017851134919633681,0.0037465205841683753
0.709,0.0017268680887653556,0.0037214918618555
0.71,0.0016697265316497464,0.0036960134088497546
0.711,0.0016136782398452902,0.0036701112194206294
0.712,0.0015587123314956897,0.0036438105352594756
0.713,0.0015048176488926487,0.003617135857858644
0.714,0.0014519827825955527,0.003590110961178212
0.715,0.0014001960944697313,0.003562758904556074
0.716,0.0013494457396754185,0.0035351020458201303
0.717,0.0012997196876395757,0.0035071620545641057
0.718,0.0012510057420426774,0.0034789599255512266
0.719,0.0012032915598524088,0.0034505159922125195
0.72,0.0011565646694359716,0.0034218499402089305
0.721,0.0011108124877823868,0.003392980821028768
0.722,0.0010660223368657796,0.0033639270655941526
0.723,0.001022181459180199,0.0033347064978522245
0.724,0.0009792770324760101,0.0033053363483288205
0.725,0.0009372961837273681,0.0032758332676241725
0.726,0.0008962260023596815,0.0032462133398319343
0.727,0.0008560535527653756,0.0032164920958644696
0.728,0.0008167658861356068,0.003186684526668896
0.729,0.0007783500516349274,0.0031568050963198266
0.73,0.0007407931069452082,0.003126867754976109
0.731,0.0007040821282044375,0.0030968859516901544
0.732,0.0006682042193653029,0.003066872647059635
0.733,0.0006331465209977587,0.003036840325712464
0.734,0.0005988962185590573,0.0030068010086169994
0.735,0.0005654405501540156,0.002976766265210417
0.736,0.0005327668138075699,0.0029467472253390855
0.737,0.000500862374270962,0.0029167545910056374
0.738,0.0004697146693822018,0.0028867986479182224
0.739,0.0004393112160007471,0.0028568892768381453
0.74,0.0004096396155356652,0.0028270359647227894
0.741,0.00038068755908585546,0.002797247815661335
0.742,0.0003524428322102552,0.002767533561601384
0.743,0.0003248933193452953,0.002737901572865114
0.744,0.0002980270078862362,0.002708359868454099
0.745,0.00027183199194838963,0.0026789161261423756
0.746,0.0002462964758236239,0.0026495776923577503
0.747,0.00022140877714695327,0.0026203515918517325
0.748,0.00019715732978743775,0.0025912445371588126
0.749,0.00017353068647705204,0.0025622629378461354
0.75,0.00015051752119063882,0.0025334129095548946
0.751,0.0001281066312895283,0.0025047002828350474
0.752,0.00010628693944089184,0.002476130611775169
0.753,8.504749532439761e-5,0.002447709182429499
0.754,6.437747713725395e-5,0.0024194410210443963
0.755,4.426619290825717e-5,0.002391330902086616
0.756,2.4703081631009858e-5,0.0023633833560759493
0.757,5.677714226038624e-6,0.002335602677224915
0.758,-1.2820205658881309e-5,0.0023079929308882975
0.759,-3.0800841001293376e-5,0.002280557960825438
0.76,-4.827422090100972e-5,0.002253301396278261
0.761,-6.525024021331239e-5,0.002226226658868096
0.762,-8.173865931063763e-5,0.002199336969314423
0.763,-9.774910396532545e-5,0.0021726353539787122
0.764,-0.00011329106534635258,0.0021461246512365626
0.765,-0.00012837390012329167,0.0021198075176813978
0.766,-0.00014300683067104935,0.0020936864341629716
0.767,-0.00015719894536923558,0.0020677637116639697
0.768,-0.0001709591989903031,0.0020420414970179876
0.769,-0.00018429641317087102,0.002016521778472179
0.77,-0.00019721927696091131,0.0019912063910978426
0.771,-0.00020973634744572933,0.0019660970220522233
0.772,-0.00022185605043591332,0.0019411952156947784
0.773,-0.00023358668122066024,0.0019165023785611295
0.774,-0.0002449364053801076,0.0018920197841979158
0.775,-0.0002559132596525156,0.0018677485778617136
0.776,-0.0002665251528523475,0.0018436897810851698
0.777,-0.00027677986683549184,0.001819844296113454
0.778,-0.00028668505750805795,0.0017962129102140974
0.779,-0.0002962482558753542,0.0017727962998632465
0.78,-0.000305476869127831,0.0017495950348113205
0.781,-0.0003143781817609328,0.0017266095820310079
0.782,-0.00032295935672596056,0.0017038403095505032
0.783,-0.00033122743660919635,0.001681287490174831
0.784,-0.00033918934483668264,0.001658951305098057
0.785,-0.00034685188690218675,0.0016368318474091386
0.786,-0.00035422175161601123,0.0016149291254941162
0.787,-0.00036130551237243346,0.0015932430663372983
0.788,-0.00036810962843367883,0.0015717735187240395
0.789,-0.0003746404462284427,0.001550520256347661
0.79,-0.00038090420066308597,0.001529482980823016
0.791,-0.00038690701644373166,0.0015086613246091418
0.792,-0.00039265490940758666,0.0014880548538433998
0.793,-0.0003981537878619089,0.0014676630710894463
0.794,-0.0004034094539291271,0.0014474854180013292
0.795,-0.00040842760489670683,0.001427521277905955
0.796,-0.00041321383457043593,0.0014077699783061205
0.797,-0.00041777363462988155,0.001388230793306253
0.798,-0.00042211239598484283,0.0013689029459629542
0.799,-0.00042623541013169316,0.0013497856105623956
0.8,-0.00043014787050857427,0.0013308779148265642
0.801,-0.0004338548738484654,0.0013121789420503073
0.802,-0.0004373614215292127,0.0012936877331710863
0.803,-0.0004406724209196605,0.0012754032887732918
0.804,-0.00044379268672108135,0.0012573245710289392
0.805,-0.00044672694230315287,0.0012394505055765104
0.806,-0.0004494798210337782,0.0012217799833396667
0.807,-0.0004520558676020963,0.0012043118622875179
0.808,-0.000454459539334069,0.0011870449691380818
0.809,-0.00045669520750007725,0.0011699781010065392
0.81,-0.00045876715861399754,0.001153110026999837
0.811,-0.0004606795957232678,0.0011364394897591587
0.812,-0.0004624366396894884,0.0011199652069517414
0.813,-0.00046404233045913907,0.0011036858727134806
0.814,-0.00046550062832402306,0.0010876001590437237
0.815,-0.0004668154151710826,0.0010717067171536194
0.816,-0.00046799049572125923,0.001056004178769356
0.817,-0.0004690295987570983,0.001040491157391579
0.818,-0.00046993637833882534,0.001025166249512255
0.819,-0.00047071441500864616,0.0010100280357902046
0.82,-0.0004713672169830462,0.000995075082186504
0.821,-0.0004718982213328865,0.000980305941060913
0.822,-0.0004723107951511161,0.0009657191522304676
0.823,-0.0004726082367079397,0.0009513132439913329
0.824,-0.000472793776593298,0.000937086734104991
0.825,-0.00047287057884653805,0.000923038130749807
0.826,-0.0004728417420731646,0.0009091659334389846
0.827,-0.00047271030054858335,0.000895468633905903
0.828,-0.00047247922530875835,0.0008819447169577889
0.829,-0.00047215142522772264,0.0008685926612986631
0.83,-0.00047172974808189347,0.0008554109403224659
0.831,-0.00047121698160115637,0.0008423980228772462
0.832,-0.00047061585450669437,0.0008295523740012729
0.833,-0.0004699290375355495,0.0008168724556319041
0.834,-0.00046915914445191503,0.0008043567272880257
0.835,-0.0004683087330451659,0.0007920036467268496
0.836,-0.000467380306114645,0.0007798116705758395
0.837,-0.00046637631244123056,0.0007677792549405102
0.838,-0.0004652991477457201,0.0007559048559888278
0.839,-0.00046415115563407176,0.0007441869305129141
0.84,-0.0004629346285295528,0.0007326239364687433
0.841,-0.00046165180859185053,0.0007212143334944972
0.842,-0.000460304888623209,0.0007099565834082259
0.843,-0.00045889601296165804,0.0006988491506854472
0.844,-0.0004574272783614095,0.000687890502917293
0.845,-0.0004559007348604988,0.0006770791112498017
0.846,-0.00045431838663575504,0.0006664134508049329
0.847,-0.000452682192845188,0.0006558920010838678
0.848,-0.0004509940684578833,0.0006455132463531416
0.849,-0.00044925588507150244,0.0006352756760141383
0.85,-0.00044746947171748515,0.0006251777849564653
0.851,-0.0004456366156540585,0.0006152180738957085
0.852,-0.0004437590631471562,0.0006053950496960556
0.853,-0.0004418385202393574,0.000595707225678261
0.854,-0.00043987665350695484,0.0005861531219134125
0.855,-0.0004378750908052647,0.0005767312655029476
0.856,-0.0004358354220022937,0.0005674401908453534
0.857,-0.0004337591997008795,0.000558278439889972
0.858,-0.00043164793994942234,0.0005492445623783219
0.859,-0.0004295031229413275,0.0005403371160733339
0.86,-0.0004273261937032803,0.0005315546669768889
0.861,-0.00042511856277247466,0.0005228957895360331
0.862,-0.00042288160686291805,0.0005143590668382359
0.863,-0.0004206166695209379,0.000505943090796047
0.864,-0.0004183250617700124,0.0004976464623214945
0.865,-0.00041600806274505193,0.0004894677914905628
0.866,-0.0004136669203162553,0.00048140569769807186
0.867,-0.00041130285170266835,0.00047345880980327636
0.868,-0.00040891704407556857,0.00046562576626649074
0.869,-0.0004065106551518045,0.0004579052152770381
0.87,-0.00040408481377721367,0.0004502958148728129
0.871,-0.00040164062050024644,0.0004427962330517383
0.872,-0.00039917914813592166,0.0004354051478753914
0.873,-0.000396701442320239,0.0004281212475650615
0.874,-0.0003942085220551741,0.0004209432305904989
0.875,-0.00039170138024438117,0.0004138698057516044
0.876,-0.00038918098421972746,0.00040689969225330194
0.877,-0.00038664827625878393,0.00040003161977383053
0.878,-0.00038410417409339543,0.0003932643285266846
0.879,-0.000381549571409453,0.00038659656931642393
0.88,-0.00037898533833799085,0.00038002710358857057
0.881,-0.00037641232193772936,0.0003735547034738005
0.882,-0.00037383134666918444,0.00036717815182663456
0.883,-0.0003712432148604638,0.0003608962422588259
0.884,-0.00036864870716486834,0.00035470777916763466
0.885,-0.00036604858301041794,0.0003486115777591774
0.886,-0.0003634435810414179,0.00034260646406702983
0.887,-0.00036083441955218264,0.00033669127496626
0.888,-0.0003582217969130328,0.00033086485818306063
0.889,-0.0003556063919886787,0.00032512607230014576
0.89,-0.00035298886454910547,0.0003194737867580725
0.891,-0.00035036985567306995,0.00031390688185264204
0.892,-0.00034774998814432245,0.0003084242487285321
0.893,-0.0003451298668406633,0.00030302478936930553
0.894,-0.0003425100791159421,0.0002977074165839379
0.895,-0.0003398911951751098,0.0002924710539900015
0.896,-0.00033727376844242825,0.00028731463599363877
0.897,-0.00033465833592294527,0.0002822371077664554
0.898,-0.00033204541855733825,0.00027723742521945763
0.899,-0.0003294355215702307,0.0002723145549741567
0.9,-0.00032682913481208375,0.00026746747433095745
0.901,-0.0003242267330947646,0.00026269517123494605
0.902,-0.0003216287765208905,0.00025799664423918796
0.903,-0.0003190357108070496,0.0002533709024656435
0.904,-0.0003164479676009935,0.0002488169655638053
0.905,-0.0003138659647929006,0.0002443338636671591
0.906,-0.0003112901068208049,0.00023992063734756523
0.907,-0.00030872078497028366,0.0002355763375676564
0.908,-0.0003061583776684983,0.00023130002563134363
0.909,-0.0003036032507726802,0.00022709077313251932
0.91,-0.0003010557578531511,0.00022294766190204368
0.911,-0.0002985162404709699,0.000218869783953099
0.912,-0.0002959850284502917,0.0002148562414249917
0.913,-0.00029346244014552905,0.00021090614652548165
0.914,-0.0002909487827033994,0.0002070186214717141
0.915,-0.0002884443523199453,0.00020319279842982807
0.916,-0.0002859494344926104,0.0001994278194533127
0.917,-0.00028346430426745437,0.00019572283642018
0.918,-0.00028098922648158846,0.00019207701096902123
0.919,-0.00027852445600091204,0.00018848951443401122
0.92,-0.00027607023795322966,0.00018495952777892357
0.921,-0.0002736268079568267,0.00018148624153021642
0.922,-0.00027119439234458173,0.0001780688557092483
0.923,-0.00026877320838369,0.00017470657976367986
0.924,-0.00026636346449107525,0.00017139863249811653
0.925,-0.0002639653604445621,0.00016814424200404496
0.926,-0.0002615790875898829,0.00016494264558911454
0.927,-0.0002592048290435903,0.000161793089705813
0.928,-0.00025684275989194734,0.00015869482987958448
0.929,-0.00025449304738586363,0.00015564713063643564
0.93,-0.00025215585113194715,0.00015264926543007468
0.931,-0.0002498313232797396,0.00014970051656862648
0.932,-0.0002475196087052014,0.00014680017514096482
0.933,-0.00024522084519051234,0.00014394754094270283
0.934,-0.0002429351636002534,0.00014114192240187917
0.935,-0.00024066268805403223,0.0001383826365043784
0.936,-0.00023840353609561602,0.000135669008719121
0.937,-0.00023615781885863362,0.00013300037292305784
0.938,-0.0002339256412289074,0.000130376071326003
0.939,-0.0002317071020034753,0.00012779545439533675
0.94,-0.0002295022940463618,0.00012525788078061027
0.941,-0.0002273113044411563,0.00012276271723808192
0.942,-0.00022513421464045584,0.00012030933855521377
0.943,-0.000222971100612229,0.00011789712747515681
0.944,-0.0002208220329831557,0.00011552547462125079
0.945,-0.00021868707717899856,0.00011319377842156519
0.946,-0.00021656629356205863,0.00011090144503350573
0.947,-0.0002144597375657689,0.00010864788826851024
0.948,-0.00021236745982647766,0.00010643252951685696
0.949,-0.00021028950631247258,0.00010425479767260716
0.95,-0.00020822591845029656,0.0001021141290587032
0.951,-0.00020617673324840421,0.00010000996735224236
0.952,-0.0002041419834182084,9.794176350994586e-5
0.953,-0.00020212169749256464,9.590897569384174e-5
0.954,-0.00020011589994174038,9.391106919717951e-5
0.955,-0.00019812461128691618,9.194751637059368e-5
0.956,-0.0001961478482112639,9.001779654853257e-5
0.957,-0.00019418562366864736,8.812139597596806e-5
0.958,-0.0001922379469899894,8.625780773540144e-5
0.959,-0.00019030482398734903,8.442653167417958e-5
0.96,-0.00018838625705575135,8.262707433213509e-5
0.961,-0.00018648224527281244,8.085894886956371e-5
0.962,-0.00018459278449620042,7.912167499555126e-5
0.963,-0.0001827178674589736,7.741477889666212e-5
0.964,-0.00018085748386283563,7.57377931660005e-5
0.965,-0.00017901162046934693,7.409025673265532e-5
0.966,-0.00017718026118913115,7.247171479153891e-5
0.967,-0.00017536338716911488,7.088171873362921e-5
0.968,-0.00017356097687783764,6.931982607662477e-5
0.969,-0.00017177300618886922,6.778560039602116e-5
0.97,-0.00016999944846237045,6.627861125661715e-5
0.971,-0.00016824027462483267,6.479843414445836e-5
0.972,-0.0001664954532470314,6.334465039922594e-5
0.973,-0.00016476495062022774,6.191684714707681e-5
0.974,-0.00016304873083065218,6.051461723394248e-5
0.975,-0.00016134675583230298,5.9137559159292185e-5
0.976,-0.00015965898551809264,5.7785277010366193e-5
0.977,-0.00015798537778937365,5.64573803968847e-5
0.978,-0.0001563258886238759,5.515348438623719e-5
0.979,-0.0001546804721420856,5.3873209439156946e-5
0.98,-0.00015304908067209738,5.2616181345885085e-5
0.981,-0.00015143166481296802,5.138203116282793e-5
0.982,-0.0001498281734966025,5.017039514971153e-5
0.983,-0.00014823855404820017,4.898091470723657e-5
0.984,-0.00014666275224529005,4.7813236315236766e-5
0.985,-0.00014510071237538278,4.666701147134352e-5
0.986,-0.00014355237729226636,4.5541896630159323e-5
0.987,-0.00014201768847097314,4.4437553142942035e-5
0.988,-0.00014049658606144389,4.3353647197802176e-5
0.989,-0.00013898900894091513,4.2289849760414786e-5
0.99,-0.00013749489476505507,4.1245836515247414e-5
0.991,-0.00013601418001787328,4.022128780730543e-5
0.992,-0.00013454680006042856,3.921588858439575e-5
0.993,-0.00013309268917835912,3.822932833990969e-5
0.994,-0.00013165178062825894,3.726130105612556e-5
0.995,-0.00013022400668292314,3.6311505148031496e-5
0.996,-0.00012880929867548592,3.537964340766856e-5
0.997,-0.00012740758704247272,3.4465422948994305e-5
0.998,-0.00012601880136578917,3.3568555153266444e-5
0.999,-0.00012464287041366842,3.268875561494651e-5
1.0,-0.0001232797221805977,3.182574408812283e-5
1.001,-0.00012192928392624545,3.097924443345221e-5
1.002,-0.00012059148221340922,3.014898456561953e-5
1.003,-0.00011926624294500459,2.933469640131432e-5
1.004,-0.00011795349140011464,2.85361158077231e-5
1.005,-0.00011665315226911966,2.775298255153639e-5
1.006,-0.00011536514968792581,2.698504024846891e-5
1.007,-0.00011408940727131164,2.6232036313291518e-5
1.008,-0.00011282584814541069,2.5493721910373295e-5
1.009,-0.00011157439497934814,2.4769851904732016e-5
1.01,-0.00011033497001604929,2.4060184813591158e-5
1.011,-0.00010910749510223708,2.3364482758441535e-5
1.012,-0.00010789189171763575,2.2682511417605507e-5
1.013,-0.00010668808100339729,2.2014039979301607e-5
1.014,-0.00010549598378976709,2.1358841095207345e-5
1.015,-0.00010431552062300488,2.0716690834517904e-5
1.016,-0.00010314661179157666,2.0087368638498297e-5
1.017,-0.00010198917735163337,1.9470657275526477e-5
1.018,-0.00010084313715179102,1.8866342796624916e-5
1.019,-9.970841085722776e-5,1.8274214491477915e-5
1.02,-9.858491797311207e-5,1.7694064844932026e-5
1.021,-9.747257786737662e-5,1.712568949397678e-5
1.022,-9.637130979285196e-5,1.6568887185202894e-5
1.023,-9.528103290877362e-5,1.602345973273508e-5
1.024,-9.420166630167642e-5,1.5489211976636487e-5
1.025,-9.313312900568917e-5,1.4965951741781809e-5
1.026,-9.207534002224281e-5,1.4453489797195998e-5
1.027,-9.102821833920481e-5,1.395163981585547e-5
1.028,-8.999168294945235e-5,1.3460218334948704e-5
1.029,-8.896565286889671e-5,1.2979044716593015e-5
1.03,-8.795004715397072e-5,1.2507941109004322e-5
1.031,-8.694478491859143e-5,1.2046732408116624e-5
1.032,-8.594978535060927e-5,1.159524621964791e-5
1.033,-8.49649677277554e-5,1.1153312821609187e-5
1.034,-8.399025143309823e-5,1.0720765127253277e-5
1.035,-8.302555597002014e-5,1.0297438648459998e-5
1.036,-8.207080097672512e-5,9.883171459554339e-6
1.037,-8.112590624028799e-5,9.477804161554198e-6
1.038,-8.019079171025522e-5,9.081179846844255e-6
1.039,-7.926537751180791e-5,8.6931440642725e-6
1.04,-7.834958395849654e-5,8.31354478466594e-6
1.041,-7.744333156455726e-5,7.942232366762004e-6
1.042,-7.654654105681949e-5,7.579059523552129e-6
1.043,-7.565913338621393e-5,7.2238812890339954e-6
1.044,-7.478102973889025e-5,6.876554985368909e-6
1.045,-7.391215154695362e-5,6.536940190440774e-6
1.046,-7.305242049882854e-5,6.204898705813112e-6
1.047,-7.220175854925894e-5,5.8802945250805806e-6
1.048,-7.136008792895296e-5,5.5629938026114435e-6
1.049,-7.052733115388045e-5,5.252864822677417e-6
1.05,-6.970341103423179e-5,4.949777968967358e-6
1.051,-6.888825068304552e-5,4.653605694481208e-6
1.052,-6.808177352451297e-5,4.364222491800659e-6
1.053,-6.728390330196736e-5,4.081504863732968e-6
1.054,-6.649456408556491e-5,3.8053312943243798e-6
1.055,-6.571368027966532e-5,3.5355822202395985e-6
1.056,-6.494117662991889e-5,3.272140002503775e-6
1.057,-6.41769782300672e-5,3.0148888986034677e-6
1.058,-6.342101052846437e-5,2.7637150349430492e-6
1.059,-6.267319933432578e-5,2.5185063796530387e-6
1.06,-6.193347082371054e-5,2.2791527157468482e-6
1.061,-6.12017515452447e-5,2.045545614622438e-6
1.062,-6.047796842559107e-5,1.817578409905396e-6
1.063,-5.976204877467241e-5,1.5951461716299575e-6
1.064,-5.905392029065356e-5,1.3781456807545004e-6
1.065,-5.8353511064688956e-5,1.1664754040080592e-6
1.066,-5.766074958544117e-5,9.600354690644242e-7
1.067,-5.697556474337624e-5,7.587276400403915e-7
1.068,-5.629788583484145e-5,5.624552933147617e-7
1.069,-5.562764256593106e-5,3.7112339366468627e-7
1.07,-5.496476505614539e-5,1.8463847071598607e-7
1.071,-5.430918384184853e-5,2.908595704079557e-9
1.072,-5.366082987952979e-5,-1.741566414578248e-7
1.073,-5.301963454887415e-5,-3.466461548065978e-7
1.074,-5.238552965564634e-5,-5.146473846564292e-7
1.075,-5.1758447434393804e-5,-6.782463196287285e-7
1.076,-5.11383205509729e-5,-8.37527518387956e-7
1.077,-5.052508210490335e-5,-9.925741310866374e-7
1.078,-4.9918665631555177e-5,-1.143467920522791e-6
1.079,-4.9319005104172856e-5,-1.2902892830129811e-6
1.08,-4.8726034935740824e-5,-1.433117268984185e-6
1.081,-4.8139689980694786e-5,-1.5720296032876453e-6
1.082,-4.7559905536482885e-5,-1.7071027052378563e-6
1.083,-4.698661734498087e-5,-1.838411708379808e-6
1.084,-4.6419761593765236e-5,-1.966030479987596e-6
1.085,-4.585927491724836e-5,-2.090031640297479e-6
1.086,-4.5305094397679256e-5,-2.2104865814784438e-6
1.087,-4.4757157566013905e-5,-2.3274654863433153e-6
1.088,-4.4215402402658717e-5,-2.4410373468034317e-6
1.089,-4.367976733809072e-5,-2.5512699820698715e-6
1.09,-4.3150191253358025e-5,-2.6582300566042026e-6
1.091,-4.262661348046399e-5,-2.7619830978217054e-6
1.092,-4.210897380263836e-5,-2.8625935135499857e-6
1.093,-4.159721245449883e-5,-2.9601246092458827e-6
1.094,-4.109127012210609e-5,-3.0546386049735413e-6
1.095,-4.0591087942915535e-5,-3.1461966521465098e-6
1.096,-4.009660750562881e-5,-3.234858850036683e-6
1.097,-3.960777084994798e-5,-3.3206842620528986e-6
1.098,-3.9124520466235567e-5,-3.40373093179197e-6
1.099,-3.8646799295082977e-5,-3.4840558988649063e-6
1.1,-3.817455072679039e-5,-3.561715214501057e-6
1.101,-3.7707718600760795e-5,-3.636763956932885e-6
1.102,-3.7246247204810715e-5,-3.709256246564059e-6
1.103,-3.679008127440047e-5,-3.7792452609235154e-6
1.104,-3.6339165991786314e-5,-3.846783249408136e-6
1.105,-3.5893446985097146e-5,-3.911921547816644e-6
1.106,-3.5452870327338104e-5,-3.9747105926773135e-6
1.107,-3.5017382535323486e-5,-4.035199935372046e-6
1.108,-3.458693056854134e-5,-4.093438256059368e-6
1.109,-3.416146182795202e-5,-4.149473377398846e-6
1.11,-3.374092415472285e-5,-4.2033522780794265e-6
1.111,-3.332526582890121e-5,-4.255121106154156e-6
1.112,-3.2914435568028074e-5,-4.3048251921837305e-6
1.113,-3.2508382525694085e-5,-4.352509062191292e-6
1.114,-3.2107056290040245e-5,-4.398216450430862e-6
1.115,-3.1710406882205174e-5,-4.441990311971793e-6
1.116,-3.131838475472087e-5,-4.4838728351015756e-6
1.117,-3.0930940789858835e-5,-4.523905453549329e-6
1.118,-3.0548026297928495e-5,-4.562128858532275e-6
1.119,-3.0169593015529652e-5,-4.598583010627474e-6
1.12,-2.9795593103760666e-5,-4.633307151471071e-6
1.121,-2.942597914638426e-5,-4.666339815287284e-6
1.122,-2.9060704147952443e-5,-4.697718840249343e-6
1.123,-2.8699721531892286e-5,-4.727481379674562e-6
1.124,-2.8342985138554107e-5,-4.755663913055702e-6
1.125,-2.799044922322366e-5,-4.782302256930763e-6
1.126,-2.7642068454099777e-5,-4.807431575593328e-6
1.127,-2.7297797910239023e-5,-4.831086391645533e-6
1.128,-2.6957593079468772e-5,-4.853300596395754e-6
1.129,-2.6621409856270065e-5,-4.874107460103039e-6
1.13,-2.6289204539631755e-5,-4.893539642070326e-6
1.131,-2.59609338308771e-5,-4.911629200588431e-6
1.132,-2.5636554831464287e-5,-4.92840760273281e-6
1.133,-2.5316025040762042e-5,-4.943905734015027e-6
1.134,-2.499930235380159e-5,-4.958153907890894e-6
1.135,-2.4686345059006234e-5,-4.971181875127163e-6
1.136,-2.4377111835899625e-5,-4.983018833028704e-6
1.137,-2.4071561752794008e-5,-4.9936934345280054e-6
1.138,-2.3769654264459422e-5,-5.00323379713887e-6
1.139,-2.347134920977504e-5,-5.011667511776129e-6
1.14,-2.3176606809363695e-5,-5.019021651443184e-6
1.141,-2.2885387663210583e-5,-5.025322779789164e-6
1.142,-2.2597652748267206e-5,-5.030596959537472e-6
1.143,-2.2313363416041487e-5,-5.034869760787455e-6
1.144,-2.2032481390175052e-5,-5.0381662691909405e-6
1.145,-2.175496876400859e-5,-5.04051109400534e-6
1.146,-2.1480787998136175e-5,-5.041928376024999e-6
1.147,-2.120990191794948e-5,-5.042441795392471e-6
1.148,-2.0942273711172688e-5,-5.042074579291364e-6
1.149,-2.0677866925388954e-5,-5.040849509522374e-6
1.15,-2.041664546555925e-5,-5.038788929964133e-6
1.151,-2.015857359153433e-5,-5.035914753920445e-6
1.152,-1.9903615915560628e-5,-5.032248471355493e-6
1.153,-1.9651737399780806e-5,-5.027811156018554e-6
1.154,-1.9402903353729695e-5,-5.0226234724597775e-6
1.155,-1.9157079431826303e-5,-5.016705682938515e-6
1.156,-1.8914231630862608e-5,-5.010077654225719e-6
1.157,-1.8674326287489775e-5,-5.00275886430188e-6
1.158,-1.843733007570245e-5,-4.994768408951956e-6
1.159,-1.820321000432175e-5,-4.986125008258755e-6
1.16,-1.7971933414477575e-5,-4.976847012996167e-6
1.161,-1.7743467977090804e-5,-4.966952410923685e-6
1.162,-1.7517781690355967e-5,-4.9564588329835734e-6
1.163,-1.7294842877224946e-5,-4.945383559402079e-6
1.164,-1.7074620182892227e-5,-4.933743525696029e-6
1.165,-1.6857082572282248e-5,-4.921555328586154e-6
1.166,-1.664219932753934e-5,-4.9088352318184624e-6
1.167,-1.642994004552072e-5,-4.895599171894972e-6
1.168,-1.6220274635293084e-5,-4.881862763715077e-6
1.169,-1.6013173315633178e-5,-4.867641306128834e-6
1.17,-1.580860661253285e-5,-4.852949787403421e-6
1.171,-1.5606545356708983e-5,-4.837802890604006e-6
1.172,-1.540696068111873e-5,-4.822214998890257e-6
1.173,-1.5209824018480489e-5,-4.806200200729681e-6
1.174,-1.5015107098800957e-5,-4.789772295029031e-6
1.175,-1.4822781946908662e-5,-4.772944796184898e-6
1.176,-1.4632820879994353e-5,-4.755730939054709e-6
1.177,-1.4445196505158575e-5,-4.738143683849241e-6
1.178,-1.4259881716966795e-5,-4.7201957209478e-6
1.179,-1.407684969501237e-5,-4.701899475637179e-6
1.18,-1.3896073901487718e-5,-4.683267112775509e-6
1.181,-1.3717528078763968e-5,-4.6643105413820716e-6
1.182,-1.3541186246979383e-5,-4.645041419154174e-6
1.183,-1.3367022701636863e-5,-4.625471156912136e-6
1.184,-1.3195012011210775e-5,-4.6056109229734255e-6
1.185,-1.3025129014763387e-5,-4.585471647457002e-6
1.186,-1.285734881957116e-5,-4.565064026518869e-6
1.187,-1.2691646798761122e-5,-4.5443985265198445e-6
1.188,-1.2527998588957604e-5,-4.523485388126555e-6
1.189,-1.2366380087939492e-5,-4.5023346303466174e-6
1.19,-1.2206767452308278e-5,-4.48095605449899e-6
1.191,-1.204913709516708e-5,-4.459359248120436e-6
1.192,-1.1893465683810826e-5,-4.437553588809057e-6
1.193,-1.173973013742782e-5,-4.415548248005804e-6
1.194,-1.158790762481284e-5,-4.393352194714903e-6
1.195,-1.1437975562091956e-5,-4.370974199164089e-6
1.196,-1.1289911610459242e-5,-4.348422836405546e-6
1.197,-1.1143693673925514e-5,-4.3257064898584265e-6
1.198,-1.0999299897079268e-5,-4.30283335479383e-6
1.199,-1.0856708662859955e-5,-4.2798114417630915e-6
1.2,-1.0715898590343724e-5,-4.256648579970214e-6
1.201,-1.0576848532541764e-5,-4.2333524205893085e-6
1.202,-1.0439537574211365e-5,-4.209930440027832e-6
1.203,-1.0303945029679834e-5,-4.1863899431364535e-6
1.204,-1.0170050440681331e-5,-4.162738066366343e-6
1.205,-1.0037833574206789e-5,-4.138981780874676e-6
1.206,-9.907274420366947e-6,-4.115127895579126e-6
1.207,-9.778353190268663e-6,-4.091183060162114e-6
1.208,-9.651050313904516e-6,-4.067153768025588e-6
1.209,-9.525346438055836e-6,-4.043046359197047e-6
1.21,-9.40122242420921e-6,-4.018867023187581e-6
1.211,-9.27865934648654e-6,-3.994621801802629e-6
1.212,-9.157638489588698e-6,-3.97031659190619e-6
1.213,-9.038141346752896e-6,-3.945957148139168e-6
1.214,-8.920149617723732e-6,-3.9215490855925806e-6
1.215,-8.803645206738059e-6,-3.897097882436289e-6
1.216,-8.688610220523645e-6,-3.872608882503948e-6
1.217,-8.575026966311723e-6,-3.848087297834828e-6
1.218,-8.462877949863422e-6,-3.823538211173175e-6
1.219,-8.352145873510139e-6,-3.7989665784257646e-6
1.22,-8.24281363420787e-6,-3.7743772310782785e-6
1.221,-8.134864321605524e-6,-3.749774878571137e-6
1.222,-8.028281216127245e-6,-3.725164110635419e-6
1.223,-7.923047787068748e-6,-3.7005493995894732e-6
1.224,-7.819147690707697e-6,-3.6759351025968307e-6
1.225,-7.716564768428118e-6,-3.6513254638860132e-6
1.226,-7.6152830448588665e-6,-3.626724616932828e-6
1.227,-7.5152867260261346e-6,-3.602136586605724e-6
1.228,-7.416560197520023e-6,-3.577565291274787e-6
1.229,-7.3190880226751495e-6,-3.553014544884931e-6
1.23,-7.22285494076529e-6,-3.528488058993847e-6
1.231,-7.127845865212066e-6,-3.5039894447752516e-6
1.232,-7.034045881807622e-6,-3.47952221498798e-6
1.233,-6.941440246951326e-6,-3.455089785911446e-6
1.234,-6.850014385900438e-6,-3.4306954792480102e-6
1.235,-6.759753891034738e-6,-3.4063425239927528e-6
1.236,-6.670644520135099e-6,-3.3820340582711743e-6
1.237,-6.582672194675956e-6,-3.357773131145324e-6
1.238,-6.495822998131674e-6,-3.3335627043888457e-6
1.239,-6.4100831742967495e-6,-3.309405654231433e-6
1.24,-6.325439125619844e-6,-3.2853047730731734e-6
1.241,-6.241877411551591e-6,-3.2612627711692543e-6
1.242,-6.1593847469061535e-6,-3.237282278285499e-6
1.243,-6.077948000236485e-6,-3.2133658453251917e-6
1.244,-5.997554192223258e-6,-3.189515945927644e-6
1.245,-5.918190494077415e-6,-3.1657349780389513e-6
1.246,-5.839844225956293e-6,-3.1420252654553787e-6
1.247,-5.762502855393283e-6,-3.118389059339809e-6
1.248,-5.686153995740973e-6,-3.094828539711684e-6
1.249,-5.610785404627721e-6,-3.071345816910853e-6
1.25,-5.536384982427608e-6,-3.0479429330357514e-6
1.251,-5.462940770743724e-6,-3.0246218633563163e-6
1.252,-5.3904409509047275e-6,-3.0013845177020347e-6
1.253,-5.318873842474622e-6,-2.978232741825534e-6
1.254,-5.248227901775692e-6,-2.9551683187420967e-6
1.255,-5.17849172042455e-6,-2.9321929700454833e-6
1.256,-5.109654023881217e-6,-2.9093083572004537e-6
1.257,-5.041703670011192e-6,-2.8865160828123502e-6
1.258,-4.974629647660446e-6,-2.863817691874115e-6
1.259,-4.908421075243265e-6,-2.8412146729911063e-6
1.26,-4.843067199342894e-6,-2.818708459584071e-6
1.261,-4.778557393324906e-6,-2.7963004310706173e-6
1.262,-4.714881155963243e-6,-2.7739919140255547e-6
1.263,-4.65202811007884e-6,-2.7517841833204173e-6
1.264,-4.589988001190789e-6,-2.7296784632425286e-6
1.265,-4.528750696179959e-6,-2.707675928593929e-6
1.266,-4.468306181965007e-6,-2.6857777057704943e-6
1.267,-4.408644564190712e-6,-2.66398487382157e-6
1.268,-4.349756065928556e-6,-2.6422984654904345e-6
1.269,-4.291631026389489e-6,-2.6207194682359085e-6
1.27,-4.234259899648798e-6,-2.5992488252354104e-6
1.271,-4.177633253383008e-6,-2.5778874363697723e-6
1.272,-4.121741767618751e-6,-2.556636159190103e-6
1.273,-4.066576233493517e-6,-2.535495809867001e-6
1.274,-4.012127552028217e-6,-2.5144671641223985e-6
1.275,-3.958386732911498e-6,-2.4935509581443348e-6
1.276,-3.905344893295699e-6,-2.472747889484923e-6
1.277,-3.852993256604418e-6,-2.4520586179417993e-6
1.278,-3.8013231513515777e-6,-2.431483766423324e-6
1.279,-3.750326009971932e-6,-2.4110239217977985e-6
1.28,-3.6999933676629315e-6,-2.390679635726968e-6
1.281,-3.6503168612378736e-6,-2.370451425484065e-6
1.282,-3.6012882279902555e-6,-2.3503397747566548e-6
1.283,-3.5528993045692577e-6,-2.330345134434531e-6
1.284,-3.505142025866281e-6,-2.3104679233829114e-6
1.285,-3.45800842391245e-6,-2.2907085292011774e-6
1.286,-3.411490626787021e-6,-2.271067308967401e-6
1.287,-3.365580857536601e-6,-2.251544589968893e-6
1.288,-3.320271433105107e-6,-2.232140670419005e-6
1.289,-3.2755547632743916e-6,-2.2128558201604207e-6
1.29,-3.2314233496154435e-6,-2.1936902813551597e-6
1.291,-3.1878697844500994e-6,-2.1746442691615113e-6
1.292,-3.1448867498231782e-6,-2.1557179723981283e-6
1.293,-3.1024670164849655e-6,-2.136911554195488e-6
1.294,-3.060603442883963e-6,-2.118225152634938e-6
1.295,-3.0192889741698357e-6,-2.0996588813755336e-6
1.296,-2.9785166412064643e-6,-2.0812128302688726e-6
1.297,-2.938279559595036e-6,-2.062887065962137e-6
1.298,-2.8985709287070917e-6,-2.044681632489527e-6
1.299,-2.859384030727447e-6,-2.0265965518523033e-6
1.3,-2.820712229706917e-6,-2.0086318245876117e-6
1.301,-2.7825489706247597e-6,-1.9907874303262983e-6
1.302,-2.744887778460765e-6,-1.9730633283398865e-6
1.303,-2.7077222572769087e-6,-1.955459458076915e-6
1.304,-2.6710460893084963e-6,-1.9379757396888086e-6
1.305,-2.634853034064716e-6,-1.920612074545465e-6
1.306,-2.599136927438525e-6,-1.9033683457407332e-6
1.307,-2.5638916808257987e-6,-1.8862444185879559e-6
1.308,-2.5291112802536503e-6,-1.8692401411057483e-6
1.309,-2.4947897855178623e-6,-1.8523553444941788e-6
1.31,-2.46092132932934e-6,-1.8355898436015195e-6
1.311,-2.4275001164695185e-6,-1.8189434373817268e-6
1.312,-2.394520422954642e-6,-1.802415909342814e-6
1.313,-2.361976595208846e-6,-1.7860070279862724e-6
1.314,-2.329863049245962e-6,-1.7697165472376973e-6
1.315,-2.298174269859967e-6,-1.753544206868769e-6
1.316,-2.2669048098240155e-6,-1.7374897329107416e-6
1.317,-2.236049289097962e-6,-1.7215528380595873e-6
1.318,-2.2056023940443165e-6,-1.7057332220729385e-6
1.319,-2.175558876652544e-6,-1.6900305721589746e-6
1.32,-2.1459135537716487e-6,-1.6744445633573935e-6
1.321,-2.1166613063509584e-6,-1.6589748589126037e-6
1.322,-2.08779707868904e-6,-1.6436211106392777e-6
1.323,-2.0593158776906785e-6,-1.628382959280397e-6
1.324,-2.0312127721318355e-6,-1.6132600348579228e-6
1.325,-2.0034828919325293e-6,-1.5982519570162233e-6
1.326,-1.976121427437554e-6,-1.583358335358382e-6
1.327,-1.949123628704972e-6,-1.5685787697755165e-6
1.328,-1.922484804802305e-6,-1.5539128507692292e-6
1.329,-1.8962003231103624e-6,-1.5393601597673126e-6
1.33,-1.8702656086346203e-6,-1.5249202694328293e-6
1.331,-1.8446761433240992e-6,-1.5105927439666838e-6
1.332,-1.8194274653976605e-6,-1.4963771394038017e-6
1.333,-1.7945151686776538e-6,-1.4822730039030328e-6
1.334,-1.7699349019308507e-6,-1.4682798780308867e-6
1.335,-1.7456823682165936e-6,-1.454397295039215e-6
1.336,-1.721753324242091e-6,-1.440624781136945e-6
1.337,-1.6981435797247958e-6,-1.426961855755976e-6
1.338,-1.6748489967617957e-6,-1.413408031811339e-6
1.339,-1.6518654892061516e-6,-1.399962815955727e-6
1.34,-1.6291890220501164e-6,-1.3866257088284936e-6
1.341,-1.6068156108151698e-6,-1.3733962052992245e-6
1.342,-1.5847413209488031e-6,-1.3602737947059765e-6
1.343,-1.5629622672279892e-6,-1.347257961088283e-6
1.344,-1.541474613169272e-6,-1.3343481834150202e-6
1.345,-1.5202745704454158e-6,-1.3215439358072275e-6
1.346,-1.4993583983085443e-6,-1.308844687755976e-6
1.347,-1.4787224030197117e-6,-1.2962499043353718e-6
1.348,-1.458362937284841e-6,-1.2837590464107892e-6
1.349,-1.4382763996969661e-6,-1.2713715708424145e-6
1.35,-1.4184592341847182e-6,-1.2590869306841925e-6
1.351,-1.3989079294669931e-6,-1.2469045753782557e-6
1.352,-1.3796190185137404e-6,-1.2348239509449242e-6
1.353,-1.3605890780128102e-6,-1.222844500168354e-6
1.354,-1.3418147278428033e-6,-1.2109656627779168e-6
1.355,-1.3232926305518583e-6,-1.19918687562539e-6
1.356,-1.3050194908423221e-6,-1.1875075728580342e-6
1.357,-1.2869920550612415e-6,-1.1759271860876357e-6
1.358,-1.2692071106966192e-6,-1.1644451445555893e-6
1.359,-1.2516614858793741e-6,-1.1530608752940946e-6
1.36,-1.2343520488909532e-6,-1.1417738032835398e-6
1.361,-1.2172757076765306e-6,-1.1305833516061434e-6
1.362,-1.2004294093637452e-6,-1.1194889415959258e-6
1.363,-1.1838101397869133e-6,-1.1084899929850783e-6
1.364,-1.1674149230166676e-6,-1.0975859240467993e-6
1.365,-1.1512408208949597e-6,-1.0867761517346631e-6
1.366,-1.135284932575378e-6,-1.0760600918185882e-6
1.367,-1.1195443940687229e-6,-1.065437159017469e-6
1.368,-1.104016377793785e-6,-1.0549067671285357e-6
1.369,-1.0886980921332759e-6,-1.0444683291535034e-6
1.37,-1.0735867809948534e-6,-1.0341212574215722e-6
1.371,-1.0586797233771945e-6,-1.0238649637093407e-6
1.372,-1.0439742329410583e-6,-1.013698859357689e-6
1.373,-1.0294676575852902e-6,-1.0036223553856927e-6
1.374,-1.0151573790277159e-6,-9.936348626016227e-7
1.375,-1.0010408123908725e-6,-9.837357917110883e-7
1.376,-9.871154057925271e-7,-9.739245534223816e-7
1.377,-9.733786399409335e-7,-9.642005585490712e-7
1.378,-9.598280277347757e-7,-9.545632181099067e-7
1.379,-9.464611138677507e-7,-9.4501194342608e-7
1.38,-9.332754744377394e-7,-9.355461462158989e-7
1.381,-9.202687165605204e-7,-9.261652386869237e-7
1.382,-9.074384779879747e-7,-9.168686336256139e-7
1.383,-8.947824267307375e-7,-9.076557444845378e-7
1.384,-8.822982606852475e-7,-8.985259854671908e-7
1.385,-8.699837072651471e-7,-8.894787716104712e-7
1.386,-8.578365230369882e-7,-8.805135188648582e-7
1.387,-8.458544933601977e-7,-8.716296441723407e-7
1.388,-8.340354320312542e-7,-8.6282656554214e-7
1.389,-8.22377180932036e-7,-8.541037021242696e-7
1.39,-8.108776096822899e-7,-8.454604742809795e-7
1.391,-7.995346152961819e-7,-8.368963036561229e-7
1.392,-7.883461218428804e-7,-8.284106132424903e-7
1.393,-7.773100801111334e-7,-8.200028274471519e-7
1.394,-7.66424467277793e-7,-8.116723721548475e-7
1.395,-7.556872865802466e-7,-8.034186747894647e-7
1.396,-7.450965669927104e-7,-7.952411643736441e-7
1.397,-7.346503629063457e-7,-7.871392715865506e-7
1.398,-7.243467538131539e-7,-7.791124288198474e-7
1.399,-7.141838439936115e-7,-7.711600702319097e-7
1.4,-7.041597622080011e-7,-7.632816318003166e-7
1.401,-6.942726613914022e-7,-7.554765513726537e-7
1.402,-6.845207183522973e-7,-7.477442687156646e-7
1.403,-6.749021334747567e-7,-7.400842255627832e-7
1.404,-6.654151304241618e-7,-7.324958656600828e-7
1.405,-6.560579558564271e-7,-7.249786348106741e-7
1.406,-6.468288791306842e-7,-7.17531980917584e-7
1.407,-6.377261920253874e-7,-7.101553540251503e-7
1.408,-6.287482084578043e-7,-7.028482063589597e-7
1.409,-6.198932642068553e-7,-6.956099923643635e-7
1.41,-6.111597166392607e-7,-6.884401687435997e-7
1.411,-6.025459444389642e-7,-6.813381944915514e-7
1.412,-5.94050347339791e-7,-6.743035309301714e-7
1.413,-5.856713458613092e-7,-6.673356417416013e-7
1.414,-5.774073810478551e-7,-6.60433993000014e-7
1.415,-5.692569142106888e-7,-6.535980532022061e-7
1.416,-5.612184266732459e-7,-6.468272932969688e-7
1.417,-5.532904195194481e-7,-6.401211867132634e-7
1.418,-5.454714133450412e-7,-6.334792093872271e-7
1.419,-5.377599480119246e-7,-6.269008397880368e-7
1.42,-5.301545824054396e-7,-6.20385558942654e-7
1.421,-5.226538941945826e-7,-6.139328504594761e-7
1.422,-5.152564795951105e-7,-6.075422005509202e-7
1.423,-5.079609531355068e-7,-6.01213098054961e-7
1.424,-5.007659474257734e-7,-5.949450344556486e-7
1.425,-4.936701129290185e-7,-5.887375039026262e-7
1.426,-4.866721177358085e-7,-5.825900032296747e-7
1.427,-4.797706473412518e-7,-5.76502031972301e-7
1.428,-4.729644044247835e-7,-5.704730923843978e-7
1.429,-4.6625210863262144e-7,-5.645026894539907e-7
1.43,-4.5963249636286203e-7,-5.585903309180976e-7
1.431,-4.5310432055318594e-7,-5.527355272767191e-7
1.432,-4.4666635047114446e-7,-5.469377918059806e-7
1.433,-4.4031737150699645e-7,-5.411966405704461e-7
1.434,-4.3405618496906703e-7,-5.355115924346226e-7
1.435,-4.278816078815988e-7,-5.298821690736754e-7
1.436,-4.217924727850678e-7,-5.243078949833716e-7
1.437,-4.1578762753893436e-7,-5.187882974892711e-7
1.438,-4.098659351268029e-7,-5.133229067551829e-7
1.439,-4.0402627346396143e-7,-5.079112557909047e-7
1.44,-3.982675352072736e-7,-5.025528804592628e-7
1.441,-3.925886275673971e-7,-4.972473194824688e-7
1.442,-3.8698847212330006e-7,-4.91994114447812e-7
1.443,-3.8146600463905036e-7,-4.867928098127006e-7
1.444,-3.760201748828505e-7,-4.816429529090708e-7
1.445,-3.706499464482925e-7,-4.7654409394717816e-7
1.446,-3.6535429657780754e-7,-4.71495786018786e-7
1.447,-3.6013221598828313e-7,-4.6649758509976807e-7
1.448,-3.5498270869882515e-7,-4.6154905005213863e-7
1.449,-3.499047918606379e-7,-4.5664974262552475e-7
1.45,-3.44897495588998e-7,-4.517992274580961e-7
1.451,-3.399598627972982e-7,-4.4699707207696516e-7
1.452,-3.350909490331364e-7,-4.422428468980726e-7
1.453,-3.3028982231642633e-7,-4.3753612522557e-7
1.454,-3.255555629795059e-7,-4.3287648325071497e-7
1.455,-3.208872635092203e-7,-4.282635000502895e-7
1.456,-3.162840283909567e-7,-4.236967575845563e-7
1.457,-3.11744973954607e-7,-4.1917584069476403e-7
1.458,-3.0726922822243655e-7,-4.1470033710021456e-7
1.459,-3.0285593075883697e-7,-4.102698373949037e-7
1.46,-2.9850423252193956e-7,-4.058839350437477e-7
1.461,-2.942132957170687e-7,-4.0154222637840594e-7
1.462,-2.899822936520127e-7,-3.97244310592713e-7
1.463,-2.8581041059409117e-7,-3.9298978973772854e-7
1.464,-2.816968416289978e-7,-3.887782687164186e-7
1.465,-2.7764079252139653e-7,-3.846093552779763e-7
1.466,-2.736414795772522e-7,-3.8048266001179477e-7
1.467,-2.6969812950787325e-7,-3.7639779634110044e-7
1.468,-2.6580997929564764e-7,-3.723543805162578e-7
1.469,-2.6197627606145103e-7,-3.683520316077555e-7
1.47,-2.581962769337077e-7,-3.643903714988823e-7
1.471,-2.544692489190848e-7,-3.604690248781036e-7
1.472,-2.507944687748e-7,-3.5658761923114675e-7
1.473,-2.4717122288252357e-7,-3.5274578483280447e-7
1.474,-2.435988071238566e-7,-3.4894315473846525e-7
1.475,-2.4007652675736484e-7,-3.451793647753793e-7
1.476,-2.3660369629715179e-7,-3.414540535336685e-7
1.477,-2.3317963939295078e-7,-3.377668623570885e-7
1.478,-2.29803688711719e-7,-3.3411743533355124e-7
1.479,-2.2647518582071532e-7,-3.3050541928541587e-7
1.48,-2.2319348107204368e-7,-3.2693046375955553e-7
1.481,-2.1995793348864498e-7,-3.233922210172079e-7
1.482,-2.1676791065172016e-7,-3.198903460236168e-7
1.483,-2.1362278858956667e-7,-3.164244964374722e-7
1.484,-2.105219516678122e-7,-3.129943326001556e-7
1.485,-2.0746479248102808e-7,-3.095995175247981e-7
1.486,-2.044507117457064e-7,-3.062397168851575e-7
1.487,-2.0147911819458417e-7,-3.029145990043216e-7
1.488,-1.9854942847229795e-7,-2.996238348432438e-7
1.489,-1.956610670323537e-7,-2.963670979891178e-7
1.49,-1.9281346603539522e-7,-2.9314406464359725e-7
1.491,-1.9000606524875596e-7,-2.899544136108668e-7
1.492,-1.8723831194727846e-7,-2.867978262855704e-7
1.493,-1.8450966081538622e-7,-2.8367398664060255e-7
1.494,-1.8181957385039266e-7,-2.805825812147685e-7
1.495,-1.7916752026703268e-7,-2.77523299100319e-7
1.496,-1.7655297640320108e-7,-2.7449583193036436e-7
1.497,-1.7397542562688435e-7,-2.714998738661746e-7
1.498,-1.714343582442703e-7,-2.6853512158436933e-7
1.499,-1.6892927140902196e-7,-2.656012742640037e-7
1.5,-1.6645966903270118e-7,-2.626980335735546e-7
1.501,-1.6402506169632802e-7,-2.598251036578123e-7
1.502,-1.6162496656306245e-7,-2.569821911246827e-7
1.503,-1.5925890729199406e-7,-2.5416900503190413e-7
1.504,-1.5692641395302673e-7,-2.5138525687368365e-7
1.505,-1.5462702294284487e-7,-2.4863066056725726e-7
1.506,-1.523602769019478e-7,-2.459049324393785e-7
1.507,-1.5012572463273955e-7,-2.4320779121273926e-7
1.508,-1.4792292101866064e-7,-2.405389579923275e-7
1.509,-1.457514269443498e-7,-2.378981562517255e-7
1.51,-1.4361080921682246e-7,-2.3528511181935272e-7
1.511,-1.4150064048765374e-7,-2.3269955286465738e-7
1.512,-1.3942049917615373e-7,-2.3014120988426e-7
1.513,-1.3736996939352276e-7,-2.2760981568805323e-7
1.514,-1.3534864086797453e-7,-2.2510510538526083e-7
1.515,-1.3335610887081553e-7,-2.2262681637046002e-7
1.516,-1.313919741434687e-7,-2.201746883095701e-7
1.517,-1.2945584282542985e-7,-2.1774846312581103e-7
1.518,-1.2754732638314526e-7,-2.1534788498563473e-7
1.519,-1.2566604153979933e-7,-2.1297270028463302e-7
1.52,-1.238116102060007e-7,-2.106226576334245e-7
1.521,-1.2198365941135625e-7,-2.0829750784352394e-7
1.522,-1.2018182123692152e-7,-2.05997003913197e-7
1.523,-1.1840573274851694e-7,-2.0372090101330267e-7
1.524,-1.166550359308995e-7,-2.0146895647312726e-7
1.525,-1.1492937762277854e-7,-1.9924092976621148e-7
1.526,-1.13228409452666e-7,-1.9703658249617405e-7
1.527,-1.1155178777555026e-7,-1.9485567838253417e-7
1.528,-1.0989917361038358e-7,-1.9269798324653528e-7
1.529,-1.0827023257837309e-7,-1.9056326499697283e-7
1.53,-1.0666463484206522e-7,-1.8845129361602803e-7
1.531,-1.0508205504521396e-7,-1.8636184114511031e-7
1.532,-1.0352217225342282e-7,-1.8429468167071052e-7
1.533,-1.0198466989555134e-7,-1.8224959131026706e-7
1.534,-1.0046923570587634e-7,-1.8022634819804724e-7
1.535,-9.897556166699859e-8,-1.7822473247104575e-7
1.536,-9.750334395348569e-8,-1.7624452625490242e-7
1.537,-9.605228287624186e-8,-1.7428551364984112e-7
1.538,-9.46220828275957e-8,-1.7234748071663172e-7
1.539,-9.321245222709704e-8,-1.7043021546257717e-7
1.54,-9.182310346801362e-8,-1.6853350782752713e-7
1.541,-9.045375286451953e-8,-1.6665714966992015e-7
1.542,-8.91041205995661e-8,-1.6480093475285622e-7
1.543,-8.777393067342724e-8,-1.629646587302009e-7
1.544,-8.646291085291034e-8,-1.6114811913272312e-7
1.545,-8.51707926212248e-8,-1.593511153542679e-7
1.546,-8.38973111284998e-8,-1.575734486379656e-7
1.547,-8.264220514294299e-8,-1.55814922062479e-7
1.548,-8.140521700263239e-8,-1.540753405282901e-7
1.549,-8.018609256793338e-8,-1.523545107440273e-7
1.55,-7.898458117453294e-8,-1.5065224121283483e-7
1.551,-7.78004355870834e-8,-1.4896834221878576e-7
1.552,-7.66334119534481e-8,-1.473026258133391e-7
1.553,-7.548326975954135e-8,-1.4565490580184328e-7
1.554,-7.434977178475517e-8,-1.4402499773008627e-7
1.555,-7.323268405796556e-8,-1.4241271887089387e-7
1.556,-7.213177581411082e-8,-1.4081788821077732e-7
1.557,-7.104681945133493e-8,-1.3924032643663097e-7
1.558,-6.997759048868865e-8,-1.3767985592248138e-7
1.559,-6.892386752438146e-8,-1.3613630071628857e-7
1.56,-6.788543219457741e-8,-1.3460948652680042e-7
1.561,-6.686206913272779e-8,-1.3309924071046124e-7
1.562,-6.585356592943414e-8,-1.3160539225837532e-7
1.563,-6.48597130928347e-8,-1.3012777178332615e-7
1.564,-6.388030400950774e-8,-1.286662115068525e-7
1.565,-6.291513490588525e-8,-1.272205452463816e-7
1.566,-6.196400481017048e-8,-1.2579060840242083e-7
1.567,-6.102671551475306e-8,-1.2437623794580794e-7
1.568,-6.010307153911519e-8,-1.229772724050211e-7
1.569,-5.919288009322297e-8,-1.2159355185354894e-7
1.57,-5.8295951041396395e-8,-1.2022491789732174e-7
1.571,-5.741209686665221e-8,-1.1887121366220386e-7
1.572,-5.65411326355135e-8,-1.1753228378154823e-7
1.573,-5.568287596328004e-8,-1.1620797438381358e-7
1.574,-5.4837146979753676e-8,-1.148981330802447e-7
1.575,-5.400376829541288e-8,-1.1360260895261635e-7
1.576,-5.3182564968030744e-8,-1.1232125254104133e-7
1.577,-5.237336446973082e-8,-1.1105391583184302e-7
1.578,-5.157599665447524e-8,-1.0980045224549302e-7
1.579,-5.0790293725979496e-8,-1.085607166246142e-7
1.58,-5.0016090206048664e-8,-1.0733456522204946e-7
1.581,-4.9253222903329446e-8,-1.0612185568899676e-7
1.582,-4.8501530882472894e-8,-1.0492244706321059e-7
1.583,-4.7760855433702505e-8,-1.0373619975727025e-7
1.584,-4.7031040042782594e-8,-1.0256297554691539e-7
1.585,-4.631193036138167e-8,-1.0140263755944883e-7
1.586,-4.560337417782595e-8,-1.0025505026220716e-7
1.587,-4.490522138823789e-8,-9.912007945109916e-8
1.588,-4.421732396805488e-8,-9.799759223921252e-8
1.589,-4.353953594392323e-8,-9.688745704548884e-8
1.59,-4.2871713365962556e-8,-9.578954358346713e-8
1.591,-4.221371428039599e-8,-9.470372285009616e-8
1.592,-4.156539870254136e-8,-9.36298671146157e-8
1.593,-4.09266285901588e-8,-9.256784990750663e-8
1.594,-4.0297267817150177e-8,-9.151754600951039e-8
1.595,-3.9677182147605904e-8,-9.047883144071758e-8
1.596,-3.906623921019454e-8,-8.945158344972601e-8
1.597,-3.846430847289087e-8,-8.843568050286812e-8
1.598,-3.787126121803813e-8,-8.743100227350794e-8
1.599,-3.728697051774001e-8,-8.643742963140761e-8
1.6,-3.671131120957824e-8,-8.545484463216352e-8
1.601,-3.614415987265156e-8,-8.448313050671201e-8
1.602,-3.5585394803931944e-8,-8.352217165090485e-8
1.603,-3.5034895994933945e-8,-8.257185361515415e-8
1.604,-3.4492545108693234e-8,-8.163206309414709e-8
1.605,-3.39582254570502e-8,-8.070268791663016e-8
1.606,-3.3431821978234814e-8,-7.978361703526297e-8
1.607,-3.29132212147488e-8,-7.887474051654161e-8
1.608,-3.2402311291541254e-8,-7.797594953079143e-8
1.609,-3.189898189447399e-8,-7.708713634222926e-8
1.61,-3.140312424907283e-8,-7.620819429909495e-8
1.611,-3.0914631099561147e-8,-7.533901782385202e-8
1.612,-3.043339668817197e-8,-7.447950240345764e-8
1.613,-2.995931673473518e-8,-7.362954457970147e-8
1.614,-2.9492288416536048e-8,-7.278904193961336e-8
1.615,-2.9032210348441782e-8,-7.195789310594008e-8
1.616,-2.857898256329248e-8,-7.113599772769036e-8
1.617,-2.8132506492553126e-8,-7.032325647074869e-8
1.618,-2.7692684947223264e-8,-6.951957100855729e-8
1.619,-2.7259422099000928e-8,-6.872484401286636e-8
1.62,-2.683262346169763e-8,-6.793897914455226e-8
1.621,-2.641219587290105e-8,-6.716188104450369e-8
1.622,-2.599804747588231e-8,-6.639345532457528e-8
1.623,-2.5590087701744563e-8,-6.563360855860886e-8
1.624,-2.5188227251809822e-8,-6.488224827352189e-8
1.625,-2.479237808024092e-8,-6.413928294046302e-8
1.626,-2.440245337689551e-8,-6.34046219660344e-8
1.627,-2.4018367550409148e-8,-6.267817568358075e-8
1.628,-2.3640036211504408e-8,-6.19598553445448e-8
1.629,-2.3267376156523152e-8,-6.124957310988886e-8
1.63,-2.2900305351178978e-8,-6.054724204158246e-8
1.631,-2.253874291452706e-8,-5.98527760941556e-8
1.632,-2.2182609103148445e-8,-5.916609010631754e-8
1.633,-2.1831825295546137e-8,-5.848709979264078e-8
1.634,-2.1486313976750066e-8,-5.781572173531002e-8
1.635,-2.1145998723128318e-8,-5.7151873375935824e-8
1.636,-2.0810804187401908e-8,-5.6495473007432727e-8
1.637,-2.0480656083860384e-8,-5.5846439765961525e-8
1.638,-2.015548117377574e-8,-5.520469362293548e-8
1.639,-1.983520725101194e-8,-5.457015537709013e-8
1.64,-1.9519763127827555e-8,-5.394274664661646e-8
1.641,-1.9209078620868995e-8,-5.3322389861357136e-8
1.642,-1.8903084537351787e-8,-5.270900825506552e-8
1.643,-1.86017126614275e-8,-5.210252585772716e-8
1.644,-1.830489574073382e-8,-5.1502867487943496e-8
1.645,-1.8012567473125454e-8,-5.090995874537742e-8
1.646,-1.7724662493583423e-8,-5.032372600326045e-8
1.647,-1.7441116361300422e-8,-4.974409640096121e-8
1.648,-1.7161865546939985e-8,-4.917099783661487e-8
1.649,-1.688684742006709e-8,-4.860435895981325e-8
1.65,-1.661600023674803e-8,-4.8044109164355317e-8
1.651,-1.6349263127317298e-8,-4.749017858105771e-8
1.652,-1.6086576084309266e-8,-4.694249807062499e-8
1.653,-1.5827879950552542e-8,-4.640099921657933e-8
1.654,-1.5573116407424813e-8,-4.586561431824929e-8
1.655,-1.5322227963266133e-8,-4.5336276383817295e-8
1.656,-1.5075157941948483e-8,-4.48129191234257e-8
1.657,-1.4831850471599624e-8,-4.429547694234082e-8
1.658,-1.4592250473479166e-8,-4.3783884934174876e-8
1.659,-1.4356303651004867e-8,-4.327807887416529e-8
1.66,-1.4123956478927173e-8,-4.2777995212511225e-8
1.661,-1.3895156192650053e-8,-4.2283571067766847e-8
1.662,-1.36698507776962e-8,-4.1794744220291084e-8
1.663,-1.3447988959314672e-8,-4.1311453105753493e-8
1.664,-1.3229520192229139e-8,-4.083363680869595e-8
1.665,-1.3014394650524825e-8,-4.036123505614978e-8
1.666,-1.2802563217672362e-8,-3.9894188211308046e-8
1.667,-1.2593977476686706e-8,-3.9432437267252536e-8
1.668,-1.238858970041937e-8,-3.89759238407353e-8
1.669,-1.2186352841982171e-8,-3.852459016601422e-8
1.67,-1.1987220525300794e-8,-3.807837908874237e-8
1.671,-1.1791147035796415e-8,-3.763723405991079e-8
1.672,-1.159808731119371e-8,-3.720109912984436e-8
1.673,-1.1407996932453592e-8,-3.6769918942250394e-8
1.674,-1.122083211482898e-8,-3.6343638728319647e-8
1.675,-1.1036549699042011e-8,-3.592220430087937e-8
1.676,-1.0855107142581069e-8,-3.5505562048598085e-8
1.677,-1.0676462511116043e-8,-3.5093658930241745e-8
1.678,-1.050057447003024e-8,-3.4686442468980873e-8
1.679,-1.0327402276067428e-8,-3.428386074674848e-8
1.68,-1.0156905769092445e-8,-3.388586239864822e-8
1.681,-9.989045363963905e-9,-3.349239660741265e-8
1.682,-9.823782042517483e-9,-3.310341309791106e-8
1.683,-9.661077345658318e-9,-3.271886213170671e-8
1.684,-9.5008933655611e-9,-3.2338694501662977e-8
1.685,-9.343192737976381e-9,-3.1962861526598165e-8
1.686,-9.18793863464172e-9,-3.1591315045988634e-8
1.687,-9.035094755796254e-9,-3.122400741471983e-8
1.688,-8.884625322797327e-9,-3.086089149788501e-8
1.689,-8.736495070837822e-9,-3.0501920665631165e-8
1.69,-8.590669241762825e-9,-3.014704878805195e-8
1.691,-8.447113576984349e-9,-2.979623023012716e-8
1.692,-8.305794310492762e-9,-2.9449419846708526e-8
1.693,-8.166678161963654e-9,-2.91065729775514e-8
1.694,-8.029732329958876e-9,-2.876764544239204e-8
1.695,-7.894924485220472e-9,-2.843259353607018e-8
1.696,-7.762222764056288e-9,-2.8101374023696483e-8
1.697,-7.631595761816011e-9,-2.777394413586463e-8
1.698,-7.503012526456459e-9,-2.7450261563907633e-8
1.699,-7.376442552194899e-9,-2.71302844551981e-8
1.7,-7.251855773249235e-9,-2.6813971408492073e-8
1.701,-7.12922255766391e-9,-2.650128146931618e-8
1.702,-7.0085137012203484e-9,-2.6192174125397676e-8
1.703,-6.889700421430844e-9,-2.5886609302137135e-8
1.704,-6.772754351614747e-9,-2.558454735812342e-8
1.705,-6.657647535055863e-9,-2.5285949080690608e-8
1.706,-6.544352419239979e-9,-2.4990775681516565e-8
1.707,-6.4328418501714295e-9,-2.469898879226285e-8
1.708,-6.323089066767658e-9,-2.441055046025557e-8
1.709,-6.215067695330719e-9,-2.412542314420699e-8
1.71,-6.108751744094693e-9,-2.384356970997741e-8
1.711,-6.004115597847997e-9,-2.3564953426377163e-8
1.712,-5.9011340126295804e-9,-2.3289537961008278e-8
1.713,-5.799782110498021e-9,-2.3017287376145593e-8
1.714,-5.70003537437254e-9,-2.274816612465694e-8
1.715,-5.6018696429449676e-9,-2.2482139045962132e-8
1.716,-5.5052611056617055e-9,-2.2219171362030405e-8
1.717,-5.410186297774754e-9,-2.1959228673416046e-8
1.718,-5.3166220954608655e-9,-2.1702276955331863e-8
1.719,-5.2245457110079115e-9,-2.1448282553760202e-8
1.72,-5.1339346880675596e-9,-2.1197212181601233e-8
1.721,-5.0447668969733685e-9,-2.094903291485815e-8
1.722,-4.957020530123418e-9,-2.070371218885902e-8
1.723,-4.870674097426609e-9,-2.0461217794515002e-8
1.724,-4.785706421811769e-9,-2.0221517874614546e-8
1.725,-4.7020966347987256e-9,-1.9984580920153392e-8
1.726,-4.619824172130508e-9,-1.975037576669999e-8
1.727,-4.538868769465846e-9,-1.9518871590796087e-8
1.728,-4.459210458131166e-9,-1.9290037906392144e-8
1.729,-4.380829560931278e-9,-1.9063844561317366e-8
1.73,-4.303706688017945e-9,-1.8840261733783986e-8
1.731,-4.227822732815582e-9,-1.861925992892554e-8
1.732,-4.153158868003285e-9,-1.840080997536886e-8
1.733,-4.0796965415524536e-9,-1.8184883021839483e-8
1.734,-4.00741747281923e-9,-1.797145053380018e-8
1.735,-3.936303648691039e-9,-1.7760484290122384e-8
1.736,-3.866337319786482e-9,-1.755195637979014e-8
1.737,-3.79750099670786e-9,-1.7345839198636413e-8
1.738,-3.729777446345633e-9,-1.7142105446111348e-8
1.739,-3.6631496882340874e-9,-1.6940728122082344e-8
1.74,-3.597600990957541e-9,-1.6741680523665552e-8
1.741,-3.533114868606382e-9,-1.6544936242088604e-8
1.742,-3.46967507728228e-9,-1.635046915958426e-8
1.743,-3.4072656116518988e-9,-1.6158253446314725e-8
1.744,-3.34587070154845e-9,-1.5968263557326344e-8
1.745,-3.285474808620441e-9,-1.5780474229534456e-8
1.746,-3.226062623026981e-9,-1.559486047873811e-8
1.747,-3.1676190601790033e-9,-1.5411397596664354e-8
1.748,-3.110129257525794e-9,-1.5230061148041935e-8
1.749,-3.0535785713861965e-9,-1.5050826967704015e-8
1.75,-2.9979525738239005e-9,-1.4873671157719774e-8
1.751,-2.943237049566204e-9,-1.4698570084554568e-8
1.752,-2.8894179929656634e-9,-1.4525500376258404e-8
1.753,-2.8364816050040488e-9,-1.4354438919682506e-8
1.754,-2.784414290338025e-9,-1.4185362857723685e-8
1.755,-2.7332026543859983e-9,-1.401824958659629e-8
1.756,-2.6828335004555555e-9,-1.3853076753131498e-8
1.757,-2.6332938269109598e-9,-1.3689822252103667e-8
1.758,-2.584570824380142e-9,-1.3528464223583542e-8
1.759,-2.5366518730006607e-9,-1.3368981050318056e-8
1.76,-2.489524539704092e-9,-1.3211351355136488e-8
1.761,-2.443176575538331e-9,-1.305555399838274e-8
1.762,-2.397595913027285e-9,-1.2901568075373508e-8
1.763,-2.352770663567447e-9,-1.274937291388209e-8
1.764,-2.3086891148608543e-9,-1.2598948071647613e-8
1.765,-2.2653397283839213e-9,-1.2450273333909454e-8
1.766,-2.2227111368916718e-9,-1.2303328710966602e-8
1.767,-2.1807921419568764e-9,-1.2158094435761762e-8
1.768,-2.139571711543625e-9,-1.201455096148994e-8
1.769,-2.099038977614861e-9,-1.1872678959231332e-8
1.77,-2.059183233773408e-9,-1.1732459315608231e-8
1.771,-2.0199939329360446e-9,-1.15938731304658e-8
1.772,-1.98146068504016e-9,-1.145690171457643e-8
1.773,-1.943573254782552e-9,-1.1321526587367501e-8
1.774,-1.9063215593899307e-9,-1.1187729474672324e-8
1.775,-1.869695666420685e-9,-1.1055492306504039e-8
1.776,-1.833685791597491e-9,-1.0924797214852256e-8
1.777,-1.7982822966703377e-9,-1.0795626531502255e-8
1.778,-1.7634756873095504e-9,-1.0667962785876475e-8
1.779,-1.7292566110284044e-9,-1.0541788702898158e-8
1.78,-1.6956158551349225e-9,-1.0417087200876882e-8
1.781,-1.6625443447124527e-9,-1.0293841389415814e-8
1.782,-1.6300331406286355e-9,-1.017203456734044e-8
1.783,-1.598073437572368e-9,-1.0051650220648636e-8
1.784,-1.5666565621183837e-9,-9.93267202048179e-9
1.785,-1.5357739708190625e-9,-9.81508382111687e-9
1.786,-1.5054172483231057e-9,-9.698869657979158e-9
1.787,-1.4755781055206981e-9,-9.58401374567552e-9
1.788,-1.446248377714799e-9,-9.470500476047962e-9
1.789,-1.4174200228181997e-9,-9.358314416247332e-9
1.79,-1.3890851195759944e-9,-9.247440306826931e-9
1.791,-1.3612358658131142e-9,-9.137863059855871e-9
1.792,-1.3338645767065797e-9,-9.029567757051987e-9
1.793,-1.30696368308213e-9,-8.922539647934104e-9
1.794,-1.2805257297348968e-9,-8.816764147993494e-9
1.795,-1.2545433737737866e-9,-8.71222683688432e-9
1.796,-1.2290093829892473e-9,-8.60891345663289e-9
1.797,-1.2039166342440991e-9,-8.506809909865562e-9
1.798,-1.1792581118871048e-9,-8.405902258055082e-9
1.799,-1.1550269061889742e-9,-8.306176719785206e-9
1.8,-1.1312162118004852e-9,-8.207619669033418e-9
1.801,-1.1078193262324226e-9,-8.110217633471583e-9
1.802,-1.0848296483570294e-9,-8.01395729278434e-9
1.803,-1.062240676930675e-9,-7.91882547700507e-9
1.804,-1.0400460091374454e-9,-7.8248091648693e-9
1.805,-1.018239339153371e-9,-7.731895482185305e-9
1.806,-9.968144567309998e-10,-7.640071700221822e-9
1.807,-9.757652458040392e-10,-7.549325234112645e-9
1.808,-9.550856831117896e-10,-7.459643641277968e-9
1.809,-9.347698368430908e-10,-7.371014619862315e-9
1.81,-9.148118652995166e-10,-7.283426007188865e-9
1.811,-8.952060155775476e-10,-7.196865778230058e-9
1.812,-8.759466222694611e-10,-7.111322044094274e-9
1.813,-8.570281061826774e-10,-7.026783050528462e-9
1.814,-8.384449730773076e-10,-6.943237176436553e-9
1.815,-8.201918124216505e-10,-6.8606729324134836e-9
1.816,-8.02263296165389e-10,-6.7790789592947144e-9
1.817,-7.846541775302411e-10,-6.698444026721046e-9
1.818,-7.673592898178233e-10,-6.618757031718623e-9
1.819,-7.50373545234486e-10,-6.540006997293936e-9
1.82,-7.336919337328879e-10,-6.462183071043716e-9
1.821,-7.173095218700746e-10,-6.385274523779538e-9
1.822,-7.01221451681832e-10,-6.309270748166998e-9
1.823,-6.854229395730906e-10,-6.234161257379336e-9
1.824,-6.699092752241546e-10,-6.159935683765335e-9
1.825,-6.54675820512538e-10,-6.086583777531375e-9
1.826,-6.39718008450189e-10,-6.0140954054374824e-9
1.827,-6.250313421358892e-10,-5.942460549507261e-9
1.828,-6.106113937226167e-10,-5.871669305751532e-9
1.829,-5.964538033996634e-10,-5.801711882905577e-9
1.83,-5.825542783893029e-10,-5.732578601179835e-9
1.831,-5.689085919578038e-10,-5.664259891023906e-9
1.832,-5.55512582440591e-10,-5.59674629190376e-9
1.833,-5.423621522813557e-10,-5.530028451091982e-9
1.834,-5.2945326708492e-10,-5.464097122470951e-9
1.835,-5.167819546836657e-10,-5.398943165348801e-9
1.836,-5.043443042173351e-10,-5.3345575432880595e-9
1.837,-4.921364652260199e-10,-5.270931322946807e-9
1.838,-4.801546467561519e-10,-5.208055672932256e-9
1.839,-4.68395116479316e-10,-5.145921862666612e-9
1.84,-4.568541998237032e-10,-5.084521261265088e-9
1.841,-4.455282791180305e-10,-5.023845336425966e-9
1.842,-4.3441379274775025e-10,-4.963885653332565e-9
1.843,-4.2350723432337924e-10,-4.90463387356701e-9
1.844,-4.128051518607762e-10,-4.846081754035666e-9
1.845,-4.02304146973202e-10,-4.788221145906137e-9
1.846,-3.9200087407499635e-10,-4.731043993555701e-9
1.847,-3.8189203959670887e-10,-4.6745423335310575e-9
1.848,-3.71974401211524e-10,-4.618708293519298e-9
1.849,-3.6224476707282095e-10,-4.5635340913299535e-9
1.85,-3.5269999506271354e-10,-4.509012033888026e-9
1.851,-3.433369920514149e-10,-4.455134516237892e-9
1.852,-3.341527131672757e-10,-4.4018940205579525e-9
1.853,-3.2514416107734593e-10,-4.349283115185934e-9
1.854,-3.163083852783128e-10,-4.297294453654724e-9
1.855,-3.0764248139766833e-10,-4.2459207737386335e-9
1.856,-2.9914359050496386e-10,-4.1951548965099855e-9
1.857,-2.908088984330088e-10,-4.1449897254059104e-9
1.858,-2.8263563510887446e-10,-4.095418245305262e-9
1.859,-2.7462107389456473e-10,-4.046433521615526e-9
1.86,-2.66762530937218e-10,-3.998028699369648e-9
1.861,-2.5905736452870555e-10,-3.950197002332646e-9
1.862,-2.5150297447449487e-10,-3.9029317321179334e-9
1.863,-2.4409680147164693e-10,-3.8562262673132385e-9
1.864,-2.3683632649581903e-10,-3.8100740626160225e-9
1.865,-2.2971907019714602e-10,-3.764468647978301e-9
1.866,-2.2274259230487517e-10,-3.7194036277607696e-9
1.867,-2.15904491040631e-10,-3.674872679896141e-9
1.868,-2.0920240254018825e-10,-3.630869555061588e-9
1.869,-2.0263400028363319e-10,-3.5873880758602105e-9
1.87,-1.961969945337948e-10,-3.544422136011426e-9
1.871,-1.8988913178282897e-10,-3.5019656995501882e-9
1.872,-1.8370819420684053e-10,-3.4600128000349496e-9
1.873,-1.7765199912842992e-10,-3.4185575397642718e-9
1.874,-1.7171839848705198e-10,-3.3775940890019916e-9
1.875,-1.6590527831707668e-10,-3.337116685210861e-9
1.876,-1.6021055823344304e-10,-3.297119632294564e-9
1.877,-1.546321909247984e-10,-3.25759729984803e-9
1.878,-1.491681616540175e-10,-3.2185441224159523e-9
1.879,-1.4381648776599654e-10,-3.1799545987594266e-9
1.88,-1.3857521820261964e-10,-3.1418232911306275e-9
1.881,-1.3344243302479555e-10,-3.1041448245554362e-9
1.882,-1.284162429414649e-10,-3.0669138861239337e-9
1.883,-1.2349478884547888e-10,-3.030125224288684e-9
1.884,-1.1867624135625213e-10,-2.9937736481707182e-9
1.885,-1.139588003690933e-10,-2.9578540268731415e-9
1.886,-1.0934069461111921e-10,-2.9223612888022855e-9
1.887,-1.048201812036586e-10,-2.8872904209963213e-9
1.888,-1.0039554523105343e-10,-2.8526364684612583e-9
1.889,-9.606509931576701e-11,-2.818394533514252e-9
1.89,-9.182718319970924e-11,-2.7845597751341365e-9
1.891,-8.76801633316905e-11,-2.7511274083191165e-9
1.892,-8.362243246091728e-11,-2.7180927034515345e-9
1.893,-7.965240923644324e-11,-2.6854509856696406e-9
1.894,-7.576853781249143e-11,-2.6531976342462923e-9
1.895,-7.196928745956356e-11,-2.6213280819745114e-9
1.896,-6.825315218125442e-11,-2.5898378145598217e-9
1.897,-6.461865033668981e-11,-2.5587223700193e-9
1.898,-6.106432426850804e-11,-2.5279773380872664e-9
1.899,-5.758873993630596e-11,-2.497598359627543e-9
1.9,-5.4190486555471464e-11,-2.4675811260522174e-9
1.901,-5.086817624132583e-11,-2.4379213787468277e-9
1.902,-4.7620443658499994e-11,-2.4086149085019223e-9
1.903,-4.4445945675470096e-11,-2.3796575549509023e-9
1.904,-4.134336102417856e-11,-2.351045206014101e-9
1.905,-3.831138996466817e-11,-2.32277379734902e-9
1.906,-3.5348753954657427e-11,-2.2948393118066588e-9
1.907,-3.2454195323986554e-11,-2.267237778893884e-9
1.908,-2.962647695386455e-11,-2.239965274241754e-9
1.909,-2.6864381960848564e-11,-2.213017919079753e-9
1.91,-2.4166713385487874e-11,-2.1863918797158635e-9
1.911,-2.1532293885565735e-11,-2.1600833670224126e-9
1.912,-1.8959965433873196e-11,-2.1340886359276382e-9
1.913,-1.6448589020449997e-11,-2.1084039849129042e-9
1.914,-1.3997044359228534e-11,-2.0830257555155145e-9
1.915,-1.1604229599017732e-11,-2.0579503318370547e-9
1.916,-9.269061038764632e-12,-2.0331741400572117e-9
1.917,-6.990472847032284e-12,-2.0086936479530075e-9
1.918,-4.767416785633463e-12,-1.984505364423391e-9
1.919,-2.5988619373605195e-12,-1.960605839019126e-9
1.92,-4.83794437752551e-13,-1.9369916614779264e-9
1.921,1.5787827891581171e-12,-1.913659461264774e-9
1.922,3.5898502911773375e-12,-1.890605907117368e-9
1.923,5.550372344414822e-12,-1.86782770659665e-9
1.924,7.461297205939703e-12,-1.8453216056423475e-9
1.925,9.323557362680793e-12,-1.8230843881334864e-9
1.926,1.1138069776625616e-11,-1.8011128754538123e-9
1.927,1.2905736126371463e-11,-1.7794039260620748e-9
1.928,1.462744304508107e-11,-1.757954435067117e-9
1.929,1.630406235489471e-11,-1.7367613338077206e-9
1.93,1.7936451297849752e-11,-1.715821589437155e-9
1.931,1.9525452763358104e-11,-1.6951322045123767e-9
1.932,2.1071895512291164e-11,-1.674690216587836e-9
1.933,2.2576594397721246e-11,-1.6544926978138303e-9
1.934,2.404035058236776e-11,-1.6345367545393652e-9
1.935,2.546395175279572e-11,-1.6148195269194675e-9
1.936,2.6848172330413532e-11,-1.5953381885269046e-9
1.937,2.8193773679316316e-11,-1.5760899459682622e-9
1.938,2.950150431102033e-11,-1.5570720385043334e-9
1.939,3.077210008613353e-11,-1.5382817376747697e-9
1.94,3.2006284413006596e-11,-1.5197163469269523e-9
1.941,3.320476844340808e-11,-1.501373201249033e-9
1.942,3.4368251265266785e-11,-1.4832496668071019e-9
1.943,3.549742009252394e-11,-1.4653431405864365e-9
1.944,3.659295045213699e-11,-1.447651050036788e-9
1.945,3.765550636827625e-11,-1.4301708527216603e-9
1.946,3.8685740543755274e-11,-1.4129000359715367e-9
1.947,3.9684294538734955e-11,-1.3958361165410153e-9
1.948,4.0651798946741e-11,-1.3789766402698065e-9
1.949,4.158887356803376e-11,-1.3623191817475512e-9
1.95,4.2496127580368874e-11,-1.3458613439824196e-9
1.951,4.337415970718669e-11,-1.3296007580734487e-9
1.952,4.422355838326779e-11,-1.3135350828865745e-9
1.953,4.5044901917891506e-11,-1.297662004734324e-9
1.954,4.583875865553372e-11,-1.2819792370591226e-9
1.955,4.660568713413987e-11,-1.2664845201201774e-9
1.956,4.734623624100831e-11,-1.2511756206839015e-9
1.957,4.806094536631898e-11,-1.2360503317178342e-9
1.958,4.8750344554341625e-11,-1.221106472088024e-9
1.959,4.941495465235743e-11,-1.2063418862598333e-9
1.96,5.005528745732738e-11,-1.1917544440021282e-9
1.961,5.067184586034025e-11,-1.177342040094817e-9
1.962,5.1265123988872706e-11,-1.163102594039699e-9
1.963,5.183560734689328e-11,-1.149034049774589e-9
1.964,5.238377295284194e-11,-1.1351343753906775e-9
1.965,5.2910089475516156e-11,-1.1214015628530996e-9
1.966,5.341501736789411e-11,-1.107833627724665e-9
1.967,5.389900899892524e-11,-1.094428608892725e-9
1.968,5.436250878331788e-11,-1.0811845682991372e-9
1.969,5.4805953309353263e-11,-1.0680995906732933e-9
1.97,5.5229771464754804e-11,-1.055171783268177e-9
1.971,5.5634384560641244e-11,-1.0423992755994204e-9
1.972,5.602020645359159e-11,-1.0297802191873222e-9
1.973,5.6387643665849686e-11,-1.0173127873017984e-9
1.974,5.6737095503695626e-11,-1.0049951747102298e-9
1.975,5.7068954174010916e-11,-9.928255974281784e-10
1.976,5.7383604899063945e-11,-9.808022924729365e-10
1.977,5.7681426029541893e-11,-9.689235176198802e-10
1.978,5.7962789155854806e-11,-9.571875511615948e-10
1.979,5.82280592177373e-11,-9.455926916697427e-10
1.98,5.847759461217295e-11,-9.341372577596411e-10
1.981,5.871174729966584e-11,-9.228195878575232e-10
1.982,5.893086290888402e-11,-9.116380399704479e-10
1.983,5.913528083969839e-11,-9.005909914588341e-10
1.984,5.932533436464092e-11,-8.896768388115866e-10
1.985,5.950135072880549e-11,-8.788939974237868e-10
1.986,5.966365124821423e-11,-8.682409013769181e-10
1.987,5.981255140667202e-11,-8.577160032215999e-10
1.988,5.994836095113159e-11,-8.473177737628006e-10
1.989,6.007138398559096e-11,-8.370447018475021e-10
1.99,6.018191906354517e-11,-8.268952941547903e-10
1.991,6.028025927901353e-11,-8.168680749883417e-10
1.992,6.03666923561634e-11,-8.069615860712825e-10
1.993,6.044150073755146e-11,-7.971743863433911e-10
1.994,6.050496167100268e-11,-7.875050517606196e-10
1.995,6.055734729514738e-11,-7.779521750969079e-10
1.996,6.059892472363616e-11,-7.685143657482646e-10
1.997,6.062995612805221e-11,-7.591902495390895e-10
1.998,6.065069881954051e-11,-7.499784685307134e-10
1.999,6.066140532917284e-11,-7.408776808321288e-10
2.0,6.06623234870673e-11,-7.318865604128891e-10
2.001,6.065369650028099e-11,-7.230037969181499e-10
2.002,6.063576302949385e-11,-7.142280954858304e-10
2.003,6.0608757264502e-11,-7.055581765658702e-10
2.004,6.057290899853783e-11,-6.969927757415575e-10
2.005,6.052844370143456e-11,-6.885306435529073e-10
2.006,6.047558259165249e-11,-6.801705453220637e-10
2.007,6.041454270718374e-11,-6.719112609807081e-10
2.008,6.03455369753523e-11,-6.637515848994453e-10
2.009,6.026877428152576e-11,-6.556903257191503e-10
2.01,6.018445953675514e-11,-6.477263061842508e-10
2.011,6.009279374435846e-11,-6.398583629779244e-10
2.012,5.999397406546427e-11,-6.320853465591895e-10
2.013,5.988819388353025e-11,-6.244061210018689e-10
2.014,5.977564286785244e-11,-6.168195638354026e-10
2.015,5.965650703608017e-11,-6.093245658874934e-10
2.016,5.953096881575144e-11,-6.019200311285604e-10
2.017,5.939920710486347e-11,-5.94604876517982e-10
2.018,5.926139733149298e-11,-5.873780318521094e-10
2.019,5.911771151248018e-11,-5.802384396140278e-10
2.02,5.89683183111908e-11,-5.731850548250485e-10
2.021,5.881338309436963e-11,-5.662168448979102e-10
2.022,5.865306798809962e-11,-5.593327894916724e-10
2.023,5.848753193287953e-11,-5.525318803682786e-10
2.024,5.831693073783372e-11,-5.458131212507754e-10
2.025,5.8141417134066897e-11,-5.391755276831627e-10
2.026,5.796114082717677e-11,-5.326181268918628e-10
2.027,5.777624854893723e-11,-5.261399576487847e-10
2.028,5.758688410816454e-11,-5.197400701359703e-10
2.029,5.739318844077893e-11,-5.134175258118001e-10
2.03,5.719529965907353e-11,-5.071713972787451e-10
2.031,5.6993353100202745e-11,-5.010007681526443e-10
2.032,5.678748137390179e-11,-4.949047329334919e-10
2.033,5.6577814409448954e-11,-4.888823968777168e-10
2.034,5.636447950188204e-11,-4.829328758719383e-10
2.035,5.614760135748031e-11,-4.770552963081792e-10
2.036,5.592730213852289e-11,-4.71248794960523e-10
2.037,5.570370150733472e-11,-4.6551251886319554e-10
2.038,5.547691666963075e-11,-4.5984562519005723e-10
2.039,5.5247062417168955e-11,-4.542472811354892e-10
2.04,5.5014251169722816e-11,-4.487166637966572e-10
2.041,5.477859301638331e-11,-4.43252960057138e-10
2.042,5.4540195756200854e-11,-4.37855366471893e-10
2.043,5.429916493817695e-11,-4.325230891535733e-10
2.044,5.4055603900615646e-11,-4.272553436601414e-10
2.045,5.380961380984431e-11,-4.220513548837949e-10
2.046,5.356129369831348e-11,-4.1691035694117653e-10
2.047,5.331074050208512e-11,-4.1183159306485675e-10
2.048,5.305804909771861e-11,-4.0681431549607423e-10
2.049,5.2803312338563616e-11,-4.018577853787198e-10
2.05,5.2546621090468986e-11,-3.969612726545494e-10
2.051,5.228806426691637e-11,-3.9212405595961317e-10
2.052,5.2027728863587494e-11,-3.8734542252188517e-10
2.053,5.176569999237369e-11,-3.826246680600819e-10
2.054,5.1502060914836125e-11,-3.7796109668365466e-10
2.055,5.1236893075125214e-11,-3.733540207939429e-10
2.056,5.097027613236741e-11,-3.688027609864758e-10
2.057,5.070228799252757e-11,-3.6430664595440787e-10
2.058,5.043300483975485e-11,-3.5986501239307706e-10
2.059,5.0162501167220087e-11,-3.554772049056713e-10
2.06,4.9890849807452446e-11,-3.511425759099915e-10
2.061,4.9618121962183015e-11,-3.468604855462988e-10
2.062,4.934438723170287e-11,-3.4263030158623254e-10
2.063,4.9069713643743057e-11,-3.384513993427882e-10
2.064,4.879416768188396e-11,-3.343231615813419e-10
2.065,4.8517814313501067e-11,-3.302449784317108e-10
2.066,4.824071701725441e-11,-3.2621624730123576e-10
2.067,4.7962937810128715e-11,-3.22236372788877e-10
2.068,4.7684537274031035e-11,-3.1830476660030886e-10
2.069,4.7405574581952844e-11,-3.144208474640036e-10
2.07,4.7126107523703185e-11,-3.105840410482927e-10
2.071,4.6846192531219536e-11,-3.067937798793941e-10
2.072,4.6565884703462914e-11,-3.0304950326039463e-10
2.073,4.6285237830903616e-11,-2.993506571911769e-10
2.074,4.600430441960391e-11,-2.956966942892792e-10
2.075,4.5723135714903955e-11,-2.9208707371167837e-10
2.076,4.5441781724717034e-11,-2.8852126107748467e-10
2.077,4.516029124244017e-11,-2.8499872839153833e-10
2.078,4.487871186948611e-11,-2.8151895396889773e-10
2.079,4.459709003744244e-11,-2.7808142236020825e-10
2.08,4.431547102986381e-11,-2.7468562427794237e-10
2.081,4.403389900370269e-11,-2.7133105652350097e-10
2.082,4.3752417010384584e-11,-2.6801722191516563e-10
2.083,4.3471067016532906e-11,-2.6474362921689214e-10
2.084,4.318988992434925e-11,-2.6150979306793597e-10
2.085,4.2908925591654217e-11,-2.5831523391330007e-10
2.086,4.2628212851594184e-11,-2.5515947793499487e-10
2.087,4.234778953201916e-11,-2.520420569841023e-10
2.088,4.2067692474536956e-11,-2.489625085136334e-10
2.089,4.178795755324857e-11,-2.4592037551217155e-10
2.09,4.150861969316989e-11,-2.42915206438291e-10
2.091,4.1229712888344594e-11,-2.3994655515574347e-10
2.092,4.0951270219653e-11,-2.370139808694017e-10
2.093,4.0673323872321706e-11,-2.3411704806195393e-10
2.094,4.039590515313866e-11,-2.3125532643133815e-10
2.095,4.0119044507378335e-11,-2.2842839082890944e-10
2.096,3.9842771535441415e-11,-2.2563582119833097e-10
2.097,3.956711500921366e-11,-2.228772025151805e-10
2.098,3.929210288814824e-11,-2.2015212472726463e-10
2.099,3.901776233507582e-11,-2.1746018269563184e-10
2.1,3.874411973174692e-11,-2.148009761362768e-10
2.101,3.847120069411046e-11,-2.1217410956252815e-10
2.102,3.8199030087332886e-11,-2.0957919222811107e-10
2.103,3.792763204056182e-11,-2.070158380708778e-10
2.104,3.765702996143831e-11,-2.0448366565719775e-10
2.105,3.738724655036171e-11,-2.0198229812699984e-10
2.106,3.711830381451096e-11,-1.9951136313945946e-10
2.107,3.685022308162623e-11,-1.970704928193228e-10
2.108,3.658302501355469e-11,-1.9465932370386097e-10
2.109,3.6316729619564117e-11,-1.9227749669044643e-10
2.11,3.6051356269428024e-11,-1.8992465698474536e-10
2.111,3.5786923706285963e-11,-1.8760045404951777e-10
2.112,3.5523450059282534e-11,-1.853045415540192e-10
2.113,3.526095285598862e-11,-1.8303657732399654e-10
2.114,3.499944903460833e-11,-1.8079622329227133e-10
2.115,3.4738954955975055e-11,-1.7858314544990355e-10
2.116,3.447948641533993e-11,-1.763970137979297e-10
2.117,3.422105865395612e-11,-1.7423750229966758e-10
2.118,3.396368637046211e-11,-1.7210428883358214e-10
2.119,3.3707383732067205e-11,-1.699970551467055e-10
2.12,3.3452164385542415e-11,-1.6791548680860458e-10
2.121,3.319804146801989e-11,-1.6585927316589034e-10
2.122,3.294502761760382e-11,-1.6382810729726205e-10
2.123,3.2693134983795996e-11,-1.6182168596908055e-10
2.124,3.2442375237738895e-11,-1.598397095914644e-10
2.125,3.219275958227918e-11,-1.5788188217490273e-10
2.126,3.194429876185464e-11,-1.5594791128737878e-10
2.127,3.169700307220728e-11,-1.540375080119985e-10
2.128,3.1450882369925345e-11,-1.5215038690511784e-10
2.129,3.120594608181721e-11,-1.5028626595496354e-10
2.13,3.096220321411956e-11,-1.4844486654074108e-10
2.131,3.07196623615428e-11,-1.466259133922247e-10
2.132,3.047833171615617e-11,-1.448291345498235e-10
2.133,3.023821907611515e-11,-1.430542613251181e-10
2.134,2.999933185423382e-11,-1.4130102826186286e-10
2.135,2.976167708640452e-11,-1.3956917309744743e-10
2.136,2.952526143986747e-11,-1.3785843672481324e-10
2.137,2.929009122133254e-11,-1.3616856315481873e-10
2.138,2.905617238495586e-11,-1.3449929947904885e-10
2.139,2.8823510540173355e-11,-1.3285039583306317e-10
2.14,2.8592110959393706e-11,-1.312216053600777e-10
2.141,2.8361978585552956e-11,-1.296126841750754e-10
2.142,2.8133118039533004e-11,-1.2802339132934024e-10
2.143,2.7905533627446254e-11,-1.264534887754101e-10
2.144,2.767922934778854e-11,-1.2490274133244335e-10
2.145,2.745420889846253e-11,-1.2337091665199456e-10
2.146,2.723047568367369e-11,-1.2185778518419445e-10
2.147,2.7008032820700923e-11,-1.2036312014432922e-10
2.148,2.6786883146543895e-11,-1.188866974798151e-10
2.149,2.6567029224449122e-11,-1.1742829583756287e-10
2.15,2.634847335031675e-11,-1.1598769653172816e-10
2.151,2.6131217558990017e-11,-1.1456468351184313e-10
2.152,2.5915263630429356e-11,-1.1315904333132485e-10
2.153,2.570061309577295e-11,-1.1177056511635601e-10
2.154,2.548726724328571e-11,-1.1039904053513373e-10
2.155,2.5275227124198442e-11,-1.0904426376748219e-10
2.156,2.5064493558439048e-11,-1.077060314748246e-10
2.157,2.485506714025755e-11,-1.0638414277051062e-10
2.158,2.4646948243746658e-11,-1.0507839919049489e-10
2.159,2.4440137028259653e-11,-1.0378860466436255e-10
2.16,2.423463344372727e-11,-1.0251456548669786e-10
2.161,2.4030437235875237e-11,-1.0125609028879177e-10
2.162,2.3827547951344167e-11,-1.0001299001068448e-10
2.163,2.362596494271336e-11,-9.878507787353918e-11
2.164,2.34256873734302e-11,-9.7572169352343e-11
2.165,2.3226714222646612e-11,-9.63740821489313e-11
2.166,2.3029044289964258e-11,-9.519063616533182e-11
2.167,2.2832676200089863e-11,-9.402165347742442e-11
2.168,2.2637608407402285e-11,-9.286695830891321e-11
2.169,2.2443839200432737e-11,-9.172637700560725e-11
2.17,2.2251366706259642e-11,-9.059973801000596e-11
2.171,2.2060188894819547e-11,-8.94868718361862e-11
2.172,2.1870303583135515e-11,-8.838761104498687e-11
2.173,2.1681708439464367e-11,-8.730179021948813e-11
2.174,2.1494400987364163e-11,-8.622924594078129e-11
2.175,2.1308378609683225e-11,-8.516981676402633e-11
2.176,2.112363855247209e-11,-8.412334319479347e-11
2.177,2.0940177928819616e-11,-8.308966766568556e-11
2.178,2.0757993722614604e-11,-8.206863451323794e-11
2.179,2.0577082792234126e-11,-8.106008995509257e-11
2.18,2.039744187415986e-11,-8.006388206744314e-11
2.181,2.0219067586523613e-11,-7.907986076274803e-11
2.182,2.0041956432583256e-11,-7.810787776770812e-11
2.183,1.986610480413025e-11,-7.714778660150592e-11
2.184,1.9691508984829935e-11,-7.619944255430344e-11
2.185,1.9518165153495704e-11,-7.526270266599555e-11
2.186,1.934606938729823e-11,-7.433742570521567e-11
2.187,1.917521766491084e-11,-7.342347214859118e-11
2.188,1.9005605869592098e-11,-7.252070416024527e-11
2.189,1.883722979220674e-11,-7.162898557154261e-11
2.19,1.8670085134185955e-11,-7.074818186107579e-11
2.191,1.8504167510428094e-11,-6.987816013488977e-11
2.192,1.833947245214082e-11,-6.901878910694152e-11
2.193,1.8175995409625708e-11,-6.816993907979223e-11
2.194,1.8013731755006286e-11,-6.7331481925529e-11
2.195,1.7852676784900515e-11,-6.650329106691378e-11
2.196,1.769282572303863e-11,-6.568524145875651e-11
2.197,1.7534173722827327e-11,-6.487720956950997e-11
2.198,1.7376715869861225e-11,-6.407907336308376e-11
2.199,1.7220447184382477e-11,-6.329071228087475e-11
2.2,1.7065362623689497e-11,-6.25120072240116e-11
2.201,1.691145708449563e-11,-6.174284053581054e-11
2.202,1.675872540523869e-11,-6.098309598444029e-11
2.203,1.6607162368342184e-11,-6.023265874579337e-11
2.204,1.6456762702429086e-11,-5.949141538656151e-11
2.205,1.630752108448901e-11,-5.87592538475127e-11
2.206,1.6159432141999566e-11,-5.8036063426967545e-11
2.207,1.601249045500272e-11,-5.7321734764472536e-11
2.208,1.586669055813697e-11,-5.661615982466797e-11
2.209,1.5722026942626083e-11,-5.591923188134812e-11
2.21,1.5578494058225194e-11,-5.523084550171155e-11
2.211,1.543608631512499e-11,-5.4550896530799145e-11
2.212,1.5294798085814758e-11,-5.387928207611782e-11
2.213,1.5154623706904975e-11,-5.3215900492447563e-11
2.214,1.5015557480910237e-11,-5.256065136682982e-11
2.215,1.4877593677993152e-11,-5.1913435503734825e-11
2.216,1.4740726537669942e-11,-5.1274154910406125e-11
2.217,1.4604950270478436e-11,-5.06427127823798e-11
2.218,1.44702590596091e-11,-5.001901348917669e-11
2.219,1.433664706249981e-11,-4.940296256016531e-11
2.22,1.4204108412394964e-11,-4.879446667059356e-11
2.221,1.4072637219869635e-11,-4.8193433627787273e-11
2.222,1.394222757431934e-11,-4.759977235751353e-11
2.223,1.3812873545416095e-11,-4.7013392890506854e-11
2.224,1.3684569184531316e-11,-4.643420634915632e-11
2.225,1.3557308526126223e-11,-4.586212493435178e-11
2.226,1.343108558911028e-11,-4.529706191248715e-11
2.227,1.3305894378168297e-11,-4.473893160261908e-11
2.228,1.318172888505674e-11,-4.418764936377905e-11
2.229,1.3058583089869819e-11,-4.3643131582437116e-11
2.23,1.2936450962275912e-11,-4.3105295660115524e-11
2.231,1.281532646272486e-11,-4.257406000115041e-11
2.232,1.2695203543626665e-11,-4.2049344000599824e-11
2.233,1.257607615050213e-11,-4.153106803229635e-11
2.234,1.2457938223105953e-11,-4.101915343704264e-11
2.235,1.234078369652278e-11,-4.0513522510948096e-11
2.236,1.2224606502236708e-11,-4.001409849390512e-11
2.237,1.2109400569174763e-11,-3.952080555820324e-11
2.238,1.1995159824724795e-11,-3.903356879727943e-11
2.239,1.18818781957283e-11,-3.8552314214603115e-11
2.24,1.1769549609448621e-11,-3.8076968712694157e-11
2.241,1.1658167994514974e-11,-3.760746008227232e-11
2.242,1.1547727281842802e-11,-3.714371699153666e-11
2.243,1.1438221405530829e-11,-3.6685668975573175e-11
2.244,1.1329644303735326e-11,-3.623324642588944e-11
2.245,1.1221989919521956e-11,-3.5786380580074445e-11
2.246,1.1115252201695672e-11,-3.5345003511582326e-11
2.247,1.1009425105609043e-11,-3.49090481196385e-11
2.248,1.0904502593949446e-11,-3.447844811926668e-11
2.249,1.0800478637505522e-11,-3.4053138031435406e-11
2.25,1.0697347215913266e-11,-3.363305317332266e-11
2.251,1.0595102318382179e-11,-3.3218129648697126e-11
2.252,1.0493737944401836e-11,-3.280830433841475e-11
2.253,1.0393248104429252e-11,-3.2403514891029216e-11
2.254,1.0293626820557426e-11,-3.2003699713515025e-11
2.255,1.0194868127165414e-11,-3.160879796210173e-11
2.256,1.0096966071550295e-11,-3.1218749533218153e-11
2.257,9.999914714541378e-12,-3.083349505454517e-11
2.258,9.903708131096993e-12,-3.04529758761758e-11
2.259,9.808340410884221e-12,-3.0077134061881376e-11
2.26,9.713805658841869e-12,-2.970591238048246e-11
2.261,9.620097995727045e-12,-2.933925429732328e-11
2.262,9.527211558645636e-12,-2.8977103965848532e-11
2.263,9.435140501567024e-12,-2.8619406219281186e-11
2.264,9.343878995823331e-12,-2.826610656240025e-11
2.265,9.253421230593512e-12,-2.7917151163417197e-11
2.266,9.163761413372603e-12,-2.7572486845949905e-11
2.267,9.074893770426398e-12,-2.7232061081093004e-11
2.268,8.986812547231869e-12,-2.6895821979583387e-11
2.269,8.8995120089036e-12,-2.6563718284059862e-11
2.27,8.812986440606527e-12,-2.6235699361415718e-11
2.271,8.727230147955246e-12,-2.5911715195243187e-11
2.272,8.642237457400166e-12,-2.559171637836865e-11
2.273,8.558002716600789e-12,-2.527565410547755e-11
2.274,8.474520294786356e-12,-2.4963480165827892e-11
2.275,8.391784583104121e-12,-2.465514693605135e-11
2.276,8.309789994955521e-12,-2.435060737304084e-11
2.277,8.22853096632048e-12,-2.4049815006923625e-11
2.278,8.148001956070081e-12,-2.375272393411887e-11
2.279,8.068197446267869e-12,-2.3459288810478687e-11
2.28,7.98911194246e-12,-2.3169464844511597e-11
2.281,7.91073997395449e-12,-2.2883207790687545e-11
2.282,7.83307609408975e-12,-2.2600473942823386e-11
2.283,7.756114880492695e-12,-2.2321220127547945e-11
2.284,7.679850935326584e-12,-2.2045403697845676e-11
2.285,7.604278885528837e-12,-2.1772982526678015e-11
2.286,7.529393383039052e-12,-2.1503915000681434e-11
2.287,7.455189105017404e-12,-2.1238160013941376e-11
2.288,7.381660754053636e-12,-2.0975676961841083e-11
2.289,7.308803058366871e-12,-2.0716425734984452e-11
2.29,7.236610771996399e-12,-2.0460366713192065e-11
2.291,7.165078674983671e-12,-2.0207460759569462e-11
2.292,7.094201573545666e-12,-1.995766921464686e-11
2.293,7.0239743002398295e-12,-1.9710953890589406e-11
2.294,6.95439171412077e-12,-1.946727706547716e-11
2.295,6.885448700888878e-12,-1.9226601477653952e-11
2.296,6.817140173031068e-12,-1.898889032014433e-11
2.297,6.749461069953797e-12,-1.8754107235137724e-11
2.298,6.682406358108545e-12,-1.852221630853908e-11
2.299,6.615971031109913e-12,-1.8293182064585135e-11
2.3,6.5501501098465225e-12,-1.8066969460525572e-11
2.301,6.484938642584847e-12,-1.784354388136826e-11
2.302,6.420331705066174e-12,-1.7622871134687835e-11
2.303,6.3563244005968236e-12,-1.7404917445496822e-11
2.304,6.292911860131782e-12,-1.7189649451178626e-11
2.305,6.230089242351921e-12,-1.6977034196481577e-11
2.306,6.167851733734916e-12,-1.6767039128573326e-11
2.307,6.106194548620049e-12,-1.6559632092154896e-11
2.308,6.045112929266999e-12,-1.6354781324633627e-11
2.309,5.984602145908792e-12,-1.6152455451354367e-11
2.31,5.9246574967990236e-12,-1.5952623480888153e-11
2.311,5.865274308253512e-12,-1.575525480037773e-11
2.312,5.8064479346864895e-12,-1.556031917093923e-11
2.313,5.7481737586414834e-12,-1.5367786723119333e-11
2.314,5.690447190817001e-12,-1.517762795240721e-11
2.315,5.633263670087147e-12,-1.498981371480067e-11
2.316,5.576618663517304e-12,-1.4804315222425784e-11
2.317,5.520507666374979e-12,-1.4621104039209403e-11
2.318,5.464926202135955e-12,-1.4440152076603886e-11
2.319,5.4098698224858465e-12,-1.4261431589363467e-11
2.32,5.3553341073171875e-12,-1.4084915171371594e-11
2.321,5.301314664722149e-12,-1.3910575751518666e-11
2.322,5.247807130981008e-12,-1.3738386589629538e-11
2.323,5.1948071705464714e-12,-1.3568321272440216e-11
2.324,5.142310476023955e-12,-1.3400353709623144e-11
2.325,5.090312768147934e-12,-1.3234458129860494e-11
2.326,5.0388097957544526e-12,-1.3070609076964908e-11
2.327,4.9877973357499006e-12,-1.2908781406047096e-11
2.328,4.937271193076157e-12,-1.2748950279729735e-11
2.329,4.887227200672185e-12,-1.2591091164407132e-11
2.33,4.837661219432187e-12,-1.2435179826550085e-11
2.331,4.788569138160404e-12,-1.2281192329055386e-11
2.332,4.7399468735226486e-12,-1.2129105027639484e-11
2.333,4.6917903699946654e-12,-1.1978894567275701e-11
2.334,4.6440955998074045e-12,-1.183053787867456e-11
2.335,4.5968585628892905e-12,-1.1684012174806631e-11
2.336,4.550075286805573e-12,-1.153929494746746e-11
2.337,4.503741826694844e-12,-1.1396363963884e-11
2.338,4.457854265202798e-12,-1.1255197263362119e-11
2.339,4.412408712413313e-12,-1.1115773153974623e-11
2.34,4.367401305776936e-12,-1.0978070209289377e-11
2.341,4.322828210036842e-12,-1.0842067265136975e-11
2.342,4.2786856171523494e-12,-1.0707743416417537e-11
2.343,4.2349697462200535e-12,-1.057507801394614e-11
2.344,4.19167684339266e-12,-1.0444050661336409e-11
2.345,4.148803181795581e-12,-1.0314641211921839e-11
2.346,4.10634506144137e-12,-1.0186829765714366e-11
2.347,4.064298809142056e-12,-1.0060596666399763e-11
2.348,4.022660778419443e-12,-9.93592249836939e-12
2.349,3.981427349413452e-12,-9.812788083787896e-12
2.35,3.940594928788544e-12,-9.691174479696421e-12
2.351,3.9001599496383155e-12,-9.571062975150855e-12
2.352,3.860118871388307e-12,-9.452435088394782e-12
2.353,3.820468179697087e-12,-9.335272564066631e-12
2.354,3.781204386355679e-12,-9.219557370440678e-12
2.355,3.742324029185379e-12,-9.105271696701448e-12
2.356,3.703823671934026e-12,-8.992397950251153e-12
2.357,3.6656999041707775e-12,-8.880918754049732e-12
2.358,3.627949341179436e-12,-8.770816943987128e-12
2.359,3.590568623850404e-12,-8.662075566287411e-12
2.36,3.5535544185712844e-12,-8.554677874944345e-12
2.361,3.5169034171162075e-12,-8.448607329188051e-12
2.362,3.4806123365339118e-12,-8.343847590982355e-12
2.363,3.4446779190346455e-12,-8.240382522552486e-12
2.364,3.409096931875917e-12,-8.138196183942745e-12
2.365,3.3738661672471595e-12,-8.037272830603771e-12
2.366,3.3389824421533415e-12,-7.937596911009069e-12
2.367,3.304442598297573e-12,-7.839153064300443e-12
2.368,3.2702435019627506e-12,-7.741926117961977e-12
2.369,3.2363820438922845e-12,-7.645901085522221e-12
2.37,3.202855139169948e-12,-7.551063164284248e-12
2.371,3.169659727098889e-12,-7.45739773308326e-12
2.372,3.1367927710798473e-12,-7.36489035007137e-12
2.373,3.1042512584886132e-12,-7.273526750529286e-12
2.374,3.0720322005527645e-12,-7.18329284470452e-12
2.375,3.0401326322277263e-12,-7.094174715675849e-12
2.376,3.0085496120721795e-12,-7.006158617243677e-12
2.377,2.9772802221228632e-12,-6.919230971846007e-12
2.378,2.9463215677688004e-12,-6.833378368499703e-12
2.379,2.915670777624983e-12,-6.748587560766745e-12
2.38,2.885325003405548e-12,-6.664845464745165e-12
2.381,2.8552814197964814e-12,-6.5821391570843815e-12
2.382,2.8255372243278747e-12,-6.500455873024622e-12
2.383,2.7960896372457735e-12,-6.419783004460158e-12
2.384,2.766935901383641e-12,-6.340108098026054e-12
2.385,2.7380732820334725e-12,-6.261418853208152e-12
2.386,2.7094990668165834e-12,-6.1837031204760105e-12
2.387,2.681210565554106e-12,-6.106948899438525e-12
2.388,2.653205110137218e-12,-6.031144337021942e-12
2.389,2.6254800543971304e-12,-5.956277725670022e-12
2.39,2.598032773974863e-12,-5.882337501566054e-12
2.391,2.5708606661908336e-12,-5.809312242876484e-12
2.392,2.5439611499142804e-12,-5.737190668015875e-12
2.393,2.517331665432552e-12,-5.665961633932963e-12
2.394,2.490969674320279e-12,-5.5956141344175355e-12
2.395,2.46487265930846e-12,-5.526137298427884e-12
2.396,2.4390381241534733e-12,-5.457520388438602e-12
2.397,2.4134635935060515e-12,-5.389752798808448e-12
2.398,2.3881466127802245e-12,-5.322824054168063e-12
2.399,2.3630847480222665e-12,-5.2567238078272915e-12
2.4,2.338275585779657e-12,-5.191441840201856e-12
2.401,2.313716732970083e-12,-5.126968057259172e-12
2.402,2.289405816750499e-12,-5.0632924889830655e-12
2.403,2.2653404843862624e-12,-5.000405287857154e-12
2.404,2.2415184031203654e-12,-4.93829672736668e-12
2.405,2.2179372600427842e-12,-4.876957200518568e-12
2.406,2.1945947619599562e-12,-4.816377218379478e-12
2.407,2.171488635264407e-12,-4.756547408631655e-12
2.408,2.1486166258045457e-12,-4.697458514146342e-12
2.409,2.1259764987546378e-12,-4.6391013915745494e-12
2.41,2.1035660384849825e-12,-4.581467009954981e-12
2.411,2.0813830484322984e-12,-4.524546449338893e-12
2.412,2.0594253509703398e-12,-4.468330899431693e-12
2.413,2.0376907872807576e-12,-4.412811658251073e-12
2.414,2.0161772172242143e-12,-4.357980130801472e-12
2.415,1.9948825192117757e-12,-4.303827827764682e-12
2.416,1.9738045900765825e-12,-4.250346364206386e-12
2.417,1.952941344945823e-12,-4.197527458298454e-12
2.418,1.932290717113015e-12,-4.145362930056787e-12
2.419,1.911850657910613e-12,-4.093844700094536e-12
2.42,1.8916191365829478e-12,-4.0429647883905035e-12
2.421,1.8715941401595138e-12,-3.992715313072545e-12
2.422,1.851773673328616e-12,-3.943088489215786e-12
2.423,1.832155758311384e-12,-3.894076627655479e-12
2.424,1.8127384347361661e-12,-3.845672133814324e-12
2.425,1.7935197595133136e-12,-3.79786750654407e-12
2.426,1.7744978067103661e-12,-3.750655336981238e-12
2.427,1.7556706674276443e-12,-3.70402830741678e-12
2.428,1.7370364496742633e-12,-3.657979190179509e-12
2.429,1.7185932782445739e-12,-3.612500846533148e-12
2.43,1.7003392945950397e-12,-3.567586225586807e-12
2.431,1.6822726567215616e-12,-3.523228363218748e-12
2.432,1.6643915390372524e-12,-3.4794203810132645e-12
2.433,1.6466941322506774e-12,-3.4361554852105236e-12
2.434,1.6291786432445599e-12,-3.3934269656692043e-12
2.435,1.6118432949549665e-12,-3.351228194841791e-12
2.436,1.5946863262509736e-12,-3.309552626762355e-12
2.437,1.5777059918148262e-12,-3.2683937960466786e-12
2.438,1.5609005620225933e-12,-3.2277453169045784e-12
2.439,1.5442683228253265e-12,-3.1876008821642646e-12
2.44,1.5278075756307292e-12,-3.1479542623086056e-12
2.441,1.5115166371853409e-12,-3.1087993045231462e-12
2.442,1.495393839457243e-12,-3.0701299317557363e-12
2.443,1.4794375295192912e-12,-3.031940141787633e-12
2.444,1.4636460694328807e-12,-2.9942240063159348e-12
2.445,1.4480178361322483e-12,-2.9569756700472085e-12
2.446,1.4325512213093153e-12,-2.9201893498021777e-12
2.447,1.4172446312990787e-12,-2.8838593336313367e-12
2.448,1.4020964869655527e-12,-2.847979979941352e-12
2.449,1.387105223588265e-12,-2.812545716632134e-12
2.45,1.3722692907493128e-12,-2.77755104024443e-12
2.451,1.3575871522209818e-12,-2.742990515117831e-12
2.452,1.343057285853932e-12,-2.7088587725590505e-12
2.453,1.328678183465954e-12,-2.6751505100203608e-12
2.454,1.3144483507312977e-12,-2.6418604902880548e-12
2.455,1.3003663070705793e-12,-2.6089835406808205e-12
2.456,1.2864305855412667e-12,-2.5765145522579007e-12
2.457,1.2726397327287477e-12,-2.5444484790369234e-12
2.458,1.2589923086379834e-12,-2.5127803372212825e-12
2.459,1.2454868865857487e-12,-2.4815052044369573e-12
2.46,1.2321220530934634e-12,-2.4506182189786483e-12
2.461,1.2188964077806142e-12,-2.4201145790651255e-12
2.462,1.205808563258772e-12,-2.3899895421036726e-12
2.463,1.192857145026204e-12,-2.3602384239635123e-12
2.464,1.1800407913630843e-12,-2.3308565982581144e-12
2.465,1.1673581532273028e-12,-2.301839495636268e-12
2.466,1.1548078941508766e-12,-2.2731826030818174e-12
2.467,1.1423886901369613e-12,-2.2448814632219563e-12
2.468,1.1300992295574667e-12,-2.2169316736439724e-12
2.469,1.1179382130512769e-12,-2.189328886220344e-12
2.47,1.1059043534230762e-12,-2.162068806442084e-12
2.471,1.0939963755427792e-12,-2.1351471927602336e-12
2.472,1.0822130162455702e-12,-2.108559855935406e-12
2.473,1.070553024232549e-12,-2.0823026583952782e-12
2.474,1.0590151599719835e-12,-2.056371513599942e-12
2.475,1.0475981956011737e-12,-2.030762385415011e-12
2.476,1.0363009148289212e-12,-2.0054712874923957e-12
2.477,1.0251221128386097e-12,-1.9804942826586466e-12
2.478,1.0140605961918935e-12,-1.9558274823107817e-12
2.479,1.0031151827329952e-12,-1.9314670458194974e-12
2.48,9.92284701493612e-13,-1.907409179939684e-12
2.481,9.815679925984318e-13,-1.8836501382281464e-12
2.482,9.709639071712548e-13,-1.8601862204684504e-12
2.483,9.60471307241727e-13,-1.837013772102802e-12
2.484,9.500890656526776e-13,-1.814129183670881e-12
2.485,9.398160659680659e-13,-1.7915288902555348e-12
2.486,9.296512023815326e-13,-1.769209370935259e-12
2.487,9.195933796255583e-13,-1.7471671482433742e-12
2.488,9.096415128812257e-13,-1.7253987876338227e-12
2.489,8.997945276885858e-13,-1.7039008969535012e-12
2.49,8.900513598576282e-13,-1.6826701259210527e-12
2.491,8.804109553798518e-13,-1.6617031656120361e-12
2.492,8.708722703404377e-13,-1.640996747950399e-12
2.493,8.61434270831021e-13,-1.6205476452061736e-12
2.494,8.520959328630618e-13,-1.6003526694993221e-12
2.495,8.428562422818129e-13,-1.5804086723096576e-12
2.496,8.33714194680884e-13,-1.560712543992763e-12
2.497,8.246687953173996e-13,-1.5412612133018386e-12
2.498,8.157190590277512e-13,-1.5220516469154036e-12
2.499,8.068640101439396e-13,-1.503080848970782e-12
2.5,7.981026824105083e-13,-1.4843458606033e-12
2.501,7.894341189020651e-13,-1.4658437594911296e-12
2.502,7.808573719413895e-13,-1.447571659405704e-12
2.503,7.723715030181263e-13,-1.4295267097676419e-12
2.504,7.639755827080616e-13,-1.4117060952081106e-12
2.505,7.556686905929803e-13,-1.394107035135562e-12
2.506,7.474499151811026e-13,-1.3767267833077785e-12
2.507,7.393183538280996e-13,-1.3595626274091595e-12
2.508,7.312731126586826e-13,-1.3426118886331891e-12
2.509,7.233133064887675e-13,-1.3258719212700194e-12
2.51,7.154380587482094e-13,-1.3093401122991074e-12
2.511,7.076465014041082e-13,-1.293013880986844e-12
2.512,6.999377748846805e-13,-1.2768906784891157e-12
2.513,6.923110280036967e-13,-1.2609679874587343e-12
2.514,6.847654178854819e-13,-1.2452433216576826e-12
2.515,6.77300109890477e-13,-1.2297142255741096e-12
2.516,6.699142775413585e-13,-1.2143782740440229e-12
2.517,6.626071024497142e-13,-1.1992330718776178e-12
2.518,6.553777742432741e-13,-1.1842762534901888e-12
2.519,6.482254904936907e-13,-1.1695054825375647e-12
2.52,6.411494566448708e-13,-1.1549184515560168e-12
2.521,6.34148885941853e-13,-1.1405128816065793e-12
2.522,6.272229993602291e-13,-1.126286521923734e-12
2.523,6.203710255361084e-13,-1.112237149568402e-12
2.524,6.135922006966214e-13,-1.0983625690851936e-12
2.525,6.068857685909594e-13,-1.084660612163858e-12
2.526,6.0025098042195e-13,-1.071129137304891e-12
2.527,5.936870947781629e-13,-1.0577660294892402e-12
2.528,5.871933775665466e-13,-1.0445691998520647e-12
2.529,5.807691019455906e-13,-1.0315365853604965e-12
2.53,5.744135482590123e-13,-1.0186661484953554e-12
2.531,5.681260039699651e-13,-1.0059558769367694e-12
2.532,5.61905763595766e-13,-9.934037832536527e-13
2.533,5.557521286431381e-13,-9.810079045969945e-13
2.534,5.496644075439689e-13,-9.687663023969113e-13
2.535,5.436419155915763e-13,-9.566770620634173e-13
2.536,5.376839748774858e-13,-9.447382926908678e-13
2.537,5.317899142287115e-13,-9.329481267660307e-13
2.538,5.259590691455398e-13,-9.2130471987974e-13
2.539,5.201907817398141e-13,-9.098062504420899e-13
2.54,5.144844006737154e-13,-8.984509194011262e-13
2.541,5.088392810990389e-13,-8.872369499649902e-13
2.542,5.03254784596961e-13,-8.761625873274733e-13
2.543,4.977302791182958e-13,-8.652260983969441e-13
2.544,4.922651389242383e-13,-8.544257715286011e-13
2.545,4.8685874452759e-13,-8.437599162600158e-13
2.546,4.815104826344655e-13,-8.332268630499222e-13
2.547,4.762197460864776e-13,-8.228249630202147e-13
2.548,4.709859338033963e-13,-8.125525877011143e-13
2.549,4.658084507262805e-13,-8.024081287794667e-13
2.55,4.606867077610794e-13,-7.923899978501298e-13
2.551,4.556201217226995e-13,-7.824966261704171e-13
2.552,4.5060811527953674e-13,-7.727264644175565e-13
2.553,4.456501168984679e-13,-7.630779824491304e-13
2.554,4.4074556079030166e-13,-7.535496690664578e-13
2.555,4.358938868556837e-13,-7.441400317808842e-13
2.556,4.31094540631455e-13,-7.348475965829432e-13
2.557,4.263469732374593e-13,-7.256709077143559e-13
2.558,4.216506413237975e-13,-7.1660852744283e-13
2.559,4.170050070185262e-13,-7.076590358396291e-13
2.56,4.124095378757968e-13,-6.988210305598738e-13
2.561,4.078637068244335e-13,-6.900931266255451e-13
2.562,4.0336699211694616e-13,-6.81473956211153e-13
2.563,3.989188772789765e-13,-6.729621684320419e-13
2.564,3.9451885105917323e-13,-6.64556429135297e-13
2.565,3.9016640737949507e-13,-6.562554206932222e-13
2.566,3.8586104528593736e-13,-6.480578417993567e-13
2.567,3.8160226889967996e-13,-6.399624072669997e-13
2.568,3.773895873686542e-13,-6.31967847830213e-13
2.569,3.7322251481952524e-13,-6.2407290994727e-13
2.57,3.6910057031008726e-13,-6.162763556065221e-13
2.571,3.650232777820691e-13,-6.085769621346529e-13
2.572,3.6099016601434696e-13,-6.0097352200729e-13
2.573,3.5700076857656206e-13,-5.934648426619465e-13
2.574,3.530546237831395e-13,-5.860497463132646e-13
2.575,3.491512746477068e-13,-5.787270697705291e-13
2.576,3.4529026883790807e-13,-5.714956642574289e-13
2.577,3.414711586306122e-13,-5.643543952340335e-13
2.578,3.3769350086751127e-13,-5.573021422209615e-13
2.579,3.339568569111075e-13,-5.503377986257108e-13
2.58,3.3026079260108496e-13,-5.434602715711274e-13
2.581,3.266048782110639e-13,-5.366684817259833e-13
2.582,3.229886884057353e-13,-5.299613631376406e-13
2.583,3.1941180219837145e-13,-5.233378630667743e-13
2.584,3.1587380290871254e-13,-5.167969418241286e-13
2.585,3.123742781212231e-13,-5.103375726092839e-13
2.586,3.089128196437187e-13,-5.039587413514068e-13
2.587,3.0548902346635846e-13,-4.97659446551961e-13
2.588,3.0210248972100107e-13,-4.914386991293545e-13
2.589,2.9875282264092207e-13,-4.852955222654989e-13
2.59,2.9543963052088915e-13,-4.792289512542579e-13
2.591,2.9216252567759353e-13,-4.732380333517619e-13
2.592,2.889211244104336e-13,-4.673218276285649e-13
2.593,2.8571504696264993e-13,-4.614794048236226e-13
2.594,2.8254391748280723e-13,-4.557098472000678e-13
2.595,2.7940736398662194e-13,-4.500122484027629e-13
2.596,2.763050183191323e-13,-4.4438571331760517e-13
2.597,2.7323651611720853e-13,-4.38829357932566e-13
2.598,2.7020149677240023e-13,-4.3334230920044113e-13
2.599,2.6719960339411873e-13,-4.279237049032916e-13
2.6,2.64230482773152e-13,-4.2257269351855384e-13
2.601,2.61293785345509e-13,-4.172884340868001e-13
2.602,2.5838916515659145e-13,-4.120700960811268e-13
2.603,2.555162798256906e-13,-4.0691685927815297e-13
2.604,2.526747905108055e-13,-4.018279136306071e-13
2.605,2.498643618737821e-13,-3.968024591414845e-13
2.606,2.470846620457686e-13,-3.9183970573975503e-13
2.607,2.4433536259298627e-13,-3.869388731576021e-13
2.608,2.416161384828122e-13,-3.820991908091749e-13
2.609,2.389266680501724e-13,-3.773198976708344e-13
2.61,2.3626663296424174e-13,-3.726002421628753e-13
2.611,2.336357181954496e-13,-3.679394820327059e-13
2.612,2.3103361198278784e-13,-3.633368842394678e-13
2.613,2.284600058014189e-13,-3.5879172484007724e-13
2.614,2.2591459433058178e-13,-3.5430328887667203e-13
2.615,2.2339707542179415e-13,-3.498708702654451e-13
2.616,2.2090715006734647e-13,-3.454937716868492e-13
2.617,2.1844452236908788e-13,-3.4117130447715464e-13
2.618,2.1600889950750003e-13,-3.3690278852134425e-13
2.619,2.1359999171105718e-13,-3.326875521473292e-13
2.62,2.112175122258702e-13,-3.2852493202146837e-13
2.621,2.088611772856119e-13,-3.2441427304537723e-13
2.622,2.065307060817219e-13,-3.20354928254008e-13
2.623,2.0422582073388823e-13,-3.1634625871498754e-13
2.624,2.0194624626080377e-13,-3.1238763342919666e-13
2.625,1.9969171055119515e-13,-3.084784292325748e-13
2.626,1.9746194433512195e-13,-3.0461803069913714e-13
2.627,1.9525668115554384e-13,-3.0080583004518667e-13
2.628,1.9307565734015366e-13,-2.9704122703470887e-13
2.629,1.9091861197347406e-13,-2.9332362888593284e-13
2.63,1.887852868692157e-13,-2.8965245017904526e-13
2.631,1.8667542654289455e-13,-2.8602711276504287e-13
2.632,1.8458877818470667e-13,-2.8244704567570987e-13
2.633,1.825250916326577e-13,-2.789116850347054e-13
2.634,1.804841193459453e-13,-2.7542047396974854e-13
2.635,1.784656163785925e-13,-2.7197286252588694e-13
2.636,1.764693403533296e-13,-2.6856830757983563e-13
2.637,1.7449505143572272e-13,-2.652062727553726e-13
2.638,1.7254251230854677e-13,-2.6188622833977944e-13
2.639,1.70611488146401e-13,-2.5860765120131197e-13
2.64,1.687017465905649e-13,-2.553700247076909e-13
2.641,1.6681305772409247e-13,-2.5217283864559733e-13
2.642,1.6494519404714287e-13,-2.490155891411629e-13
2.643,1.6309793045254543e-13,-2.4589777858144095e-13
2.644,1.6127104420159694e-13,-2.4281891553684715e-13
2.645,1.594643149000895e-13,-2.397785146845579e-13
2.646,1.576775244745664e-13,-2.367760967328543e-13
2.647,1.5591045714880507e-13,-2.338111883464e-13
2.648,1.5416289942052386e-13,-2.308833220724423e-13
2.649,1.5243464003831194e-13,-2.2799203626792385e-13
2.65,1.5072546997877952e-13,-2.2513687502749472e-13
2.651,1.49035182423927e-13,-2.2231738811241358e-13
2.652,1.4736357273873106e-13,-2.1953313088032667e-13
2.653,1.4571043844894551e-13,-2.1678366421591417e-13
2.654,1.440755792191156e-13,-2.140685544623932e-13
2.655,1.4245879683080326e-13,-2.1138737335386665e-13
2.656,1.4085989516102208e-13,-2.0873969794850798e-13
2.657,1.392786801608798e-13,-2.0612511056257093e-13
2.658,1.3771495983442664e-13,-2.035431987052149e-13
2.659,1.361685442177075e-13,-2.0099355501413516e-13
2.66,1.3463924535801663e-13,-1.9847577719198842e-13
2.661,1.3312687729335262e-13,-1.9598946794360387e-13
2.662,1.3163125603207192e-13,-1.9353423491396995e-13
2.663,1.3015219953273973e-13,-1.911096906269875e-13
2.664,1.2868952768417557e-13,-1.8871545242497968e-13
2.665,1.2724306228569282e-13,-1.8635114240894925e-13
2.666,1.2581262702752961e-13,-1.8401638737957425e-13
2.667,1.243980474714701e-13,-1.8171081877893303e-13
2.668,1.229991510316539e-13,-1.7943407263294922e-13
2.669,1.2161576695557254e-13,-1.7718578949454828e-13
2.67,1.2024772630525046e-13,-1.7496561438751653e-13
2.671,1.1889486193860997e-13,-1.7277319675105418e-13
2.672,1.1755700849101754e-13,-1.7060819038501383e-13
2.673,1.162340023570105e-13,-1.684702533958157e-13
2.674,1.1492568167220217e-13,-1.663590481430318e-13
2.675,1.1363188629536377e-13,-1.6427424118663018e-13
2.676,1.1235245779068198e-13,-1.622155032348717e-13
2.677,1.1108723941018998e-13,-1.6018250909285077e-13
2.678,1.098360760763708e-13,-1.581749376116726e-13
2.679,1.0859881436493133e-13,-1.5619247163825873e-13
2.68,1.0737530248774534e-13,-1.5423479796577333e-13
2.681,1.0616539027596422e-13,-1.5230160728466253e-13
2.682,1.0496892916329358e-13,-1.5039259413429927e-13
2.683,1.0378577216943457e-13,-1.485074568552262e-13
2.684,1.0261577388368818e-13,-1.4664589754198916e-13
2.685,1.0145879044872105e-13,-1.4480762199655423e-13
2.686,1.0031467954449156e-13,-1.4299233968230076e-13
2.687,9.918330037233434e-14,-1.4119976367858357e-13
2.688,9.80645136392021e-14,-1.3942961063585743e-13
2.689,9.695818154206322e-14,-1.3768160073135637e-13
2.69,9.586416775245366e-14,-1.3595545762532157e-13
2.691,9.478233740118167e-14,-1.3425090841777063e-13
2.692,9.371255706318417e-14,-1.3256768360580184e-13
2.693,9.265469474253324e-14,-1.3090551704142657e-13
2.694,9.160861985759115e-14,-1.292641458899237e-13
2.695,9.057420322631305e-14,-1.2764331058870914e-13
2.696,8.955131705169542e-14,-1.2604275480671434e-13
2.697,8.853983490736931e-14,-1.2446222540426767e-13
2.698,8.753963172333689e-14,-1.2290147239347223e-13
2.699,8.655058377184996e-14,-1.21360248899074e-13
2.7,8.557256865342916e-14,-1.1983831111981427e-13
2.701,8.460546528302261e-14,-1.183354182902607e-13
2.702,8.364915387630249e-14,-1.1685133264311055e-13
2.703,8.270351593609853e-14,-1.1538581937196057e-13
2.704,8.176843423896706e-14,-1.1393864659453798e-13
2.705,8.08437928218942e-14,-1.1250958531638653e-13
2.706,7.992947696913208e-14,-1.11098409395002e-13
2.707,7.902537319916696e-14,-1.0970489550441194e-13
2.708,7.813136925181766e-14,-1.0832882310019382e-13
2.709,7.724735407546349e-14,-1.0696997438492647e-13
2.71,7.637321781440021e-14,-1.0562813427406908e-13
2.711,7.550885179632281e-14,-1.0430309036226296e-13
2.712,7.465414851993413e-14,-1.029946328900505e-13
2.713,7.380900164267792e-14,-1.0170255471100622e-13
2.714,7.297330596859521e-14,-1.0042665125927503e-13
2.715,7.214695743630297e-14,-9.91667205175124e-14
2.716,7.132985310709373e-14,-9.792256298522172e-14
2.717,7.052189115315508e-14,-9.669398164748373e-14
2.718,6.9722970845908e-14,-9.548078194407341e-14
2.719,6.893299254446274e-14,-9.428277173895931e-14
2.72,6.815185768419127e-14,-9.30997612901808e-14
2.721,6.737946876541511e-14,-9.193156322009847e-14
2.722,6.661572934220747e-14,-9.077799248601304e-14
2.723,6.586054401130873e-14,-8.963886635114836e-14
2.724,6.511381840115386e-14,-8.851400435599386e-14
2.725,6.437545916101115e-14,-8.740322829000217e-14
2.726,6.364537395023078e-14,-8.63063621636373e-14
2.727,6.292347142760254e-14,-8.522323218076933e-14
2.728,6.220966124082135e-14,-8.415366671141104e-14
2.729,6.15038540160597e-14,-8.309749626479253e-14
2.73,6.080596134764608e-14,-8.20545534627694e-14
2.731,6.011589578784811e-14,-8.102467301356069e-14
2.732,5.943357083675973e-14,-8.000769168581203e-14
2.733,5.875890093229102e-14,-7.900344828298058e-14
2.734,5.809180144026013e-14,-7.801178361803719e-14
2.735,5.743218864458594e-14,-7.703254048848237e-14
2.736,5.677997973758073e-14,-7.60655636516718e-14
2.737,5.613509281034178e-14,-7.51106998004478e-14
2.738,5.549744684324099e-14,-7.416779753907288e-14
2.739,5.48669616965116e-14,-7.323670735946174e-14
2.74,5.424355810093095e-14,-7.231728161770775e-14
2.741,5.362715764859852e-14,-7.140937451090069e-14
2.742,5.301768278380825e-14,-7.051284205423176e-14
2.743,5.241505679401411e-14,-6.96275420583827e-14
2.744,5.1819203800888306e-14,-6.875333410719494e-14
2.745,5.123004875147089e-14,-6.789007953561609e-14
2.746,5.0647517409410135e-14,-6.703764140791954e-14
2.747,5.007153634629267e-14,-6.619588449619448e-14
2.748,4.9502032933062537e-14,-6.536467525910243e-14
2.749,4.893893533152833e-14,-6.45438818208975e-14
2.75,4.8382172485957476e-14,-6.373337395070665e-14
2.751,4.78316741147569e-14,-6.293302304206708e-14
2.752,4.7287370702239207e-14,-6.214270209271742e-14
2.753,4.674919349047348e-14,-6.136228568463957e-14
2.754,4.6217074471219985e-14,-6.059164996434821e-14
2.755,4.569094637794784e-14,-5.983067262342467e-14
2.756,4.517074267793493e-14,-5.907923287929252e-14
2.757,4.4656397564449195e-14,-5.833721145623153e-14
2.758,4.4147845949010583e-14,-5.760449056662719e-14
2.759,4.364502345373272e-14,-5.688095389245294e-14
2.76,4.3147866403743704e-14,-5.616648656698219e-14
2.761,4.265631181968511e-14,-5.5460975156727205e-14
2.762,4.2170297410288465e-14,-5.476430764360213e-14
2.763,4.1689761565028486e-14,-5.4076373407307425e-14
2.764,4.1214643346852256e-14,-5.339706320793286e-14
2.765,4.074488248498361e-14,-5.272626916877641e-14
2.766,4.0280419367802036e-14,-5.2063884759376436e-14
2.767,3.982119503579526e-14,-5.140980477875445e-14
2.768,3.9367151174584885e-14,-5.0763925338865864e-14
2.769,3.891823010802432e-14,-5.0126143848256133e-14
2.77,3.8474374791368234e-14,-4.949635899591986e-14
2.771,3.8035528804512964e-14,-4.88744707353602e-14
2.772,3.7601636345306974e-14,-4.826038026884616e-14
2.773,3.7172642222930885e-14,-4.7653990031865366e-14
2.774,3.674849185134622e-14,-4.705520367776984e-14
2.775,3.6329131242812264e-14,-4.646392606261243e-14
2.776,3.591450700147035e-14,-4.588006323017144e-14
2.777,3.550456631699489e-14,-4.53035223971613e-14
2.778,3.509925695831046e-14,-4.4734211938626844e-14
2.779,3.469852726737436e-14,-4.41720413735189e-14
2.78,3.4302326153023927e-14,-4.361692135044908e-14
2.781,3.391060308488795e-14,-4.306876363362145e-14
2.782,3.352330808736162e-14,-4.2527481088938894e-14
2.783,3.314039173364431e-14,-4.1992987670282065e-14
2.784,3.2761805139839556e-14,-4.1465198405958713e-14
2.785,3.238749995911669e-14,-4.094402938532136e-14
2.786,3.201742837593343e-14,-4.042939774555117e-14
2.787,3.1651543100318876e-14,-3.992122165860598e-14
2.788,3.1289797362216217e-14,-3.94194203183305e-14
2.789,3.093214490588469e-14,-3.892391392772657e-14
2.79,3.057853998436004e-14,-3.843462368638163e-14
2.791,3.022893735397305e-14,-3.795147177805331e-14
2.792,2.988329226892541e-14,-3.747438135840829e-14
2.793,2.954156047592246e-14,-3.7003276542913535e-14
2.794,2.920369820886218e-14,-3.6538082394877907e-14
2.795,2.886966218357984e-14,-3.607872491364241e-14
2.796,2.853940959264789e-14,-3.562513102291717e-14
2.797,2.8212898100230268e-14,-3.517722855926335e-14
2.798,2.7890085836990876e-14,-3.473494626071817e-14
2.799,2.757093139505546e-14,-3.4298213755561316e-14
2.8,2.7255393823026457e-14,-3.386696155122094e-14
2.801,2.6943432621050233e-14,-3.3441121023317555e-14
2.802,2.663500773593624e-14,-3.3020624404844056e-14
2.803,2.633007955632746e-14,-3.260540477548028e-14
2.804,2.602860890792174e-14,-3.219539605104032e-14
2.805,2.5730557048743417e-14,-3.1790532973051087e-14
2.806,2.5435885664464753e-14,-3.1390751098460326e-14
2.807,2.5144556863776675e-14,-3.0995986789472636e-14
2.808,2.485653317380833e-14,-3.06061772035118e-14
2.809,2.4571777535594923e-14,-3.0221260283307956e-14
2.81,2.4290253299593397e-14,-2.984117474710794e-14
2.811,2.4011924221245426e-14,-2.946586007900738e-14
2.812,2.3736754456587267e-14,-2.9095256519402996e-14
2.813,2.3464708557905987e-14,-2.87293050555636e-14
2.814,2.3195751469441582e-14,-2.8367947412318347e-14
2.815,2.292984852313453e-14,-2.801112604286075e-14
2.816,2.2666965434418336e-14,-2.7658784119667085e-14
2.817,2.240706829805654e-14,-2.7310865525527704e-14
2.818,2.2150123584023852e-14,-2.6967314844689893e-14
2.819,2.189609813343083e-14,-2.6628077354110868e-14
2.82,2.1644959154491757e-14,-2.6293099014819583e-14
2.821,2.1396674218535232e-14,-2.5962326463385938e-14
2.822,2.1151211256057043e-14,-2.5635707003496132e-14
2.823,2.0908538552814882e-14,-2.5313188597632763e-14
2.824,2.066862474596451e-14,-2.499471985885845e-14
2.825,2.0431438820236902e-14,-2.4680250042701648e-14
2.826,2.0196950104155958e-14,-2.4369729039143382e-14
2.827,1.9965128266296412e-14,-2.4063107364703706e-14
2.828,1.973594331158147e-14,-2.3760336154626577e-14
2.829,1.9509365577619784e-14,-2.3461367155161962e-14
2.83,1.9285365731081385e-14,-2.316615271594399e-14
2.831,1.9063914764112147e-14,-2.2874645782463898e-14
2.832,1.884498399078638e-14,-2.258679988863666e-14
2.833,1.8628545043597198e-14,-2.2302569149460104e-14
2.834,1.841456986998423e-14,-2.2021908253765346e-14
2.835,1.820303072889831e-14,-2.1744772457057485e-14
2.836,1.799390018740278e-14,-2.1471117574445337e-14
2.837,1.778715111731099e-14,-2.1200899973659183e-14
2.838,1.758275669185965e-14,-2.0934076568155418e-14
2.839,1.7380690382417678e-14,-2.0670604810306995e-14
2.84,1.718092595523012e-14,-2.0410442684678634e-14
2.841,1.698343746819686e-14,-2.015354870138573e-14
2.842,1.6788199267685672e-14,-1.9899881889535897e-14
2.843,1.659518598537935e-14,-1.96494017907522e-14
2.844,1.6404372535156482e-14,-1.940206845277695e-14
2.845,1.621573411000559e-14,-1.915784242315515e-14
2.846,1.602924617897221e-14,-1.8916684742996574e-14
2.847,1.5844884484138683e-14,-1.8678556940815487e-14
2.848,1.5662625037636172e-14,-1.8443421026447068e-14
2.849,1.5482444118688742e-14,-1.8211239485039575e-14
2.85,1.5304318270688993e-14,-1.79819752711213e-14
2.851,1.5128224298305074e-14,-1.7755591802741405e-14
2.852,1.4954139264618643e-14,-1.7532052955683692e-14
2.853,1.4782040488293506e-14,-1.7311323057752453e-14
2.854,1.461190554077461e-14,-1.7093366883129445e-14
2.855,1.4443712243517045e-14,-1.687814964680115e-14
2.856,1.4277438665244793e-14,-1.666563699905542e-14
2.857,1.4113063119238864e-14,-1.6455795020046675e-14
2.858,1.3950564160654549e-14,-1.6248590214428766e-14
2.859,1.3789920583867464e-14,-1.604398950605469e-14
2.86,1.3631111419848095e-14,-1.5841960232742327e-14
2.861,1.3474115933564558e-14,-1.5642470141105352e-14
2.862,1.3318913621413252e-14,-1.5445487381448546e-14
2.863,1.316548420867714e-14,-1.5250980502726683e-14
2.864,1.3013807647011347e-14,-1.505891844756622e-14
2.865,1.2863864111955828e-14,-1.4869270547348983e-14
2.866,1.271563400047476e-14,-1.468200651735712e-14
2.867,1.2569097928522453e-14,-1.4497096451978512e-14
2.868,1.2424236728635433e-14,-1.431451081997195e-14
2.869,1.2281031447550484e-14,-1.4134220459791256e-14
2.87,1.213946334384833e-14,-1.39561965749677e-14
2.871,1.199951388562271e-14,-1.3780410729549929e-14
2.872,1.1861164748174593e-14,-1.360683484360072e-14
2.873,1.1724397811731226e-14,-1.3435441188749838e-14
2.874,1.1589195159189814e-14,-1.3266202383802323e-14
2.875,1.1455539073885518e-14,-1.3099091390401486e-14
2.876,1.1323412037383554e-14,-1.2934081508745962e-14
2.877,1.1192796727295118e-14,-1.277114637336013e-14
2.878,1.1063676015116907e-14,-1.2610259948917249e-14
2.879,1.0936032964093956e-14,-1.2451396526114645e-14
2.88,1.080985082710559e-14,-1.2294530717600312e-14
2.881,1.0685113044574208e-14,-1.2139637453950279e-14
2.882,1.0561803242396671e-14,-1.1986691979696107e-14
2.883,1.0439905229898081e-14,-1.1835669849401922e-14
2.884,1.0319402997807676e-14,-1.1686546923790329e-14
2.885,1.0200280716256628e-14,-1.1539299365916621e-14
2.886,1.0082522732797518e-14,-1.139390363739069e-14
2.887,9.966113570445253e-15,-1.125033649464602e-14
2.888,9.851037925739196e-15,-1.110857498525521e-14
2.889,9.737280666826282e-15,-1.0968596444291416e-14
2.89,9.62482683156492e-15,-1.0830378490735167e-14
2.891,9.513661625649431e-15,-1.0693899023925976e-14
2.892,9.403770420754833e-15,-1.0559136220058195e-14
2.893,9.29513875270174e-15,-1.0426068528720556e-14
2.894,9.187752319641157e-15,-1.0294674669478876e-14
2.895,9.081596980258998e-15,-1.0164933628501348e-14
2.896,8.976658752000066e-15,-1.003682465522595e-14
2.897,8.872923809311328e-15,-9.910327259069373e-15
2.898,8.770378481904267e-15,-9.785421206177022e-15
2.899,8.669009253036106e-15,-9.662086516213535e-15
2.9,8.56880275780971e-15,-9.540303459193332e-15
2.901,8.469745781491964e-15,-9.420052552350688e-15
2.902,8.371825257850442e-15,-9.30131455704885e-15
2.903,8.275028267508147e-15,-9.18407047572771e-15
2.904,8.179342036316166e-15,-9.068301548889535e-15
2.905,8.084753933744017e-15,-8.953989252122314e-15
2.906,7.991251471287522e-15,-8.84111529316022e-15
2.907,7.89882230089401e-15,-8.729661608980754e-15
2.908,7.807454213404671e-15,-8.61961036293809e-15
2.909,7.717135137013869e-15,-8.510943941932195e-15
2.91,7.627853135745248e-15,-8.403644953613255e-15
2.911,7.539596407944442e-15,-8.297696223620983e-15
2.912,7.452353284788212e-15,-8.193080792858374e-15
2.913,7.366112228809843e-15,-8.089781914799468e-15
2.914,7.280861832440628e-15,-7.987783052830708e-15
2.915,7.196590816567247e-15,-7.88706787762548e-15
2.916,7.113288029104904e-15,-7.787620264551398e-15
2.917,7.030942443586027e-15,-7.68942429110995e-15
2.918,6.949543157764389e-15,-7.592464234408103e-15
2.919,6.869079392234449e-15,-7.496724568661444e-15
2.92,6.789540489065802e-15,-7.402189962728494e-15
2.921,6.710915910452525e-15,-7.308845277675781e-15
2.922,6.6331952373772985e-15,-7.216675564373327e-15
2.923,6.5563681682901235e-15,-7.125666061120113e-15
2.924,6.480424517801487e-15,-7.035802191299204e-15
2.925,6.405354215389821e-15,-6.947069561062136e-15
2.926,6.331147304123101e-15,-6.859453957042204e-15
2.927,6.2577939393944305e-15,-6.7729413440962964e-15
2.928,6.185284387671465e-15,-6.687517863074919e-15
2.929,6.113609025259531e-15,-6.603169828620054e-15
2.93,6.042758337078281e-15,-6.519883726990509e-15
2.931,5.9727229154517554e-15,-6.4376462139144184e-15
2.932,5.903493458911695e-15,-6.356444112468554e-15
2.933,5.835060771013965e-15,-6.276264410984109e-15
2.934,5.7674157591679625e-15,-6.197094260978632e-15
2.935,5.700549433478842e-15,-6.118920975113784e-15
2.936,5.63445290560245e-15,-6.041732025178587e-15
2.937,5.569117387612813e-15,-5.965515040097866e-15
2.938,5.504534190882052e-15,-5.89025780396555e-15
2.939,5.44069472497259e-15,-5.815948254102538e-15
2.94,5.3775904965415145e-15,-5.742574479138809e-15
2.941,5.3152131082569764e-15,-5.670124717119497e-15
2.942,5.25355425772648e-15,-5.598587353634602e-15
2.943,5.192605736436953e-15,-5.527950919972073e-15
2.944,5.132359428706453e-15,-5.458204091293945e-15
2.945,5.072807310647404e-15,-5.389335684835265e-15
2.946,5.013941449141217e-15,-5.321334658125509e-15
2.947,4.9557540008241965e-15,-5.2541901072322155e-15
2.948,4.898237211084588e-15,-5.187891265026554e-15
2.949,4.841383413070663e-15,-5.122427499470567e-15
2.95,4.7851850267097165e-15,-5.057788311925796e-15
2.951,4.729634557737858e-15,-4.993963335483041e-15
2.952,4.6747245967404815e-15,-4.930942333312991e-15
2.953,4.620447818203302e-15,-4.868715197037452e-15
2.954,4.56679697957384e-15,-4.807271945120923e-15
2.955,4.513764920333237e-15,-4.746602721282273e-15
2.956,4.461344561078312e-15,-4.686697792926255e-15
2.957,4.409528902613717e-15,-4.627547549594626e-15
2.958,4.358311025054103e-15,-4.5691425014366114e-15
2.959,4.307684086936193e-15,-4.511473277698483e-15
2.96,4.257641324340629e-15,-4.454530625232015e-15
2.961,4.208176050023522e-15,-4.398305407021572e-15
2.962,4.159281652557567e-15,-4.342788600729608e-15
2.963,4.110951595482643e-15,-4.287971297260335e-15
2.964,4.063179416465787e-15,-4.2338446993413486e-15
2.965,4.0159587264704345e-15,-4.180400120122976e-15
2.966,3.9692832089348405e-15,-4.1276289817951285e-15
2.967,3.923146618959568e-15,-4.075522814221441e-15
2.968,3.877542782503951e-15,-4.0240732535904856e-15
2.969,3.8324655955914395e-15,-3.973272041083837e-15
2.97,3.787909023523721e-15,-3.923111021560794e-15
2.971,3.74386710010353e-15,-3.8735821422595356e-15
2.972,3.700333926866048e-15,-3.824677451514514e-15
2.973,3.6573036723188075e-15,-3.776389097489883e-15
2.974,3.614770571189992e-15,-3.728709326928757e-15
2.975,3.5727289236850645e-15,-3.6816304839181054e-15
2.976,3.5311730947516062e-15,-3.6351450086690915e-15
2.977,3.4900975133523075e-15,-3.5892454363126524e-15
2.978,3.4494966717459897e-15,-3.543924395710145e-15
2.979,3.409365124776599e-15,-3.499174608278857e-15
2.98,3.3696974891700674e-15,-3.4549888868322028e-15
2.981,3.330488442838963e-15,-3.411360134434423e-15
2.982,3.2917327241948442e-15,-3.368281343269602e-15
2.983,3.253425131468233e-15,-3.325745593524831e-15
2.984,3.2155605220361226e-15,-3.2837460522873323e-15
2.985,3.178133811756943e-15,-3.242275972455377e-15
2.986,3.1411399743128974e-15,-3.2013286916628243e-15
2.987,3.1045740405595903e-15,-3.1608976312171045e-15
2.988,3.0684310978828747e-15,-3.1209762950504894e-15
2.989,3.0327062895628273e-15,-3.0815582686844745e-15
2.99,2.997394814144786e-15,-3.0426372182071158e-15
2.991,2.962491924817366e-15,-3.004206889263155e-15
2.992,2.927992928797379e-15,-2.966261106056778e-15
2.993,2.8938931867215844e-15,-2.9287937703668465e-15
2.994,2.860188112045191e-15,-2.8917988605744426e-15
2.995,2.8268731704470423e-15,-2.8552704307025866e-15
2.996,2.79394387924141e-15,-2.8192026094679583e-15
2.997,2.7613958067963197e-15,-2.7835895993444842e-15
2.998,2.7292245719583458e-15,-2.7484256756386405e-15
2.999,2.6974258434837956e-15,-2.7137051855763202e-15
3.0,2.6659953394762204e-15,-2.679422547401129e-15
3.001,2.6349288268301808e-15,-2.645572249483955e-15
3.002,2.6042221206811967e-15,-2.6121488494436877e-15
3.003,2.5738710838618184e-15,-2.579146973278931e-15
3.004,2.543871626363748e-15,-2.5465613145105823e-15
3.005,2.514219704805949e-15,-2.5143866333351422e-15
3.006,2.48491132190867e-15,-2.482617755788615e-15
3.007,2.4559425259733326e-15,-2.451249572920873e-15
3.008,2.4273094103682037e-15,-2.4202770399803535e-15
3.009,2.3990081130197984e-15,-2.389695175608955e-15
3.01,2.3710348159099476e-15,-2.3594990610470124e-15
3.011,2.34338574457847e-15,-2.329683839348219e-15
3.012,2.316057167631383e-15,-2.3002447146043733e-15
3.013,2.2890453962545973e-15,-2.2711769511798303e-15
3.014,2.262346783733032e-15,-2.242475872955533e-15
3.015,2.2359577249750903e-15,-2.214136862582505e-15
3.016,2.2098746560424368e-15,-2.1861553607446863e-15
3.017,2.184094053685023e-15,-2.1585268654310002e-15
3.018,2.1586124348812955e-15,-2.1312469312165227e-15
3.019,2.1334263563835385e-15,-2.1043111685526606e-15
3.02,2.1085324142682853e-15,-2.0777152430662063e-15
3.021,2.0839272434917516e-15,-2.0514548748671717e-15
3.022,2.0596075174502308e-15,-2.0255258378652867e-15
3.023,2.035569947545396e-15,-1.9999239590950504e-15
3.024,2.011811282754459e-15,-1.9746451180492376e-15
3.025,1.9883283092051276e-15,-1.949685246020747e-15
3.026,1.965117849755314e-15,-1.9250403254526876e-15
3.027,1.942176763577538e-15,-1.900706389296604e-15
3.028,1.9195019457479732e-15,-1.8766795203787385e-15
3.029,1.89709032684009e-15,-1.8529558507742256e-15
3.03,1.874938872522838e-15,-1.829531561189123e-15
3.031,1.8530445831633234e-15,-1.8064028803501823e-15
3.032,1.831404493433928e-15,-1.7835660844022586e-15
3.033,1.8100156719238252e-15,-1.7610174963132673e-15
3.034,1.78887522075484e-15,-1.738753485286593e-15
3.035,1.767980275201607e-15,-1.7167704661808554e-15
3.036,1.7473280033159803e-15,-1.6950648989369424e-15
3.037,1.7269156055556475e-15,-1.6736332880122198e-15
3.038,1.7067403144169e-15,-1.6524721818218254e-15
3.039,1.6867993940715165e-15,-1.6315781721869614e-15
3.04,1.6670901400077121e-15,-1.6109478937900977e-15
3.041,1.647609878675109e-15,-1.5905780236369971e-15
3.042,1.6283559671336854e-15,-1.5704652805254807e-15
3.043,1.609325792706656e-15,-1.550606424520846e-15
3.044,1.5905167726372443e-15,-1.5309982564378571e-15
3.045,1.5719263537493006e-15,-1.5116376173292241e-15
3.046,1.5535520121117246e-15,-1.4925213879804885e-15
3.047,1.5353912527066516e-15,-1.4736464884112381e-15
3.048,1.517441609101358e-15,-1.4550098773825703e-15
3.049,1.4997006431238475e-15,-1.4366085519107246e-15
3.05,1.4821659445420768e-15,-1.4184395467868105e-15
3.051,1.4648351307467796e-15,-1.4004999341025502e-15
3.052,1.4477058464378492e-15,-1.3827868227819662e-15
3.053,1.4307757633142424e-15,-1.365297358118934e-15
3.054,1.414042579767363e-15,-1.3480287213205297e-15
3.055,1.3975040205778877e-15,-1.3309781290561012e-15
3.056,1.3811578366159969e-15,-1.314142833011988e-15
3.057,1.3650018045449712e-15,-1.2975201194518208e-15
3.058,1.3490337265281181e-15,-1.2811073087823322e-15
3.059,1.3332514299389903e-15,-1.2649017551246067e-15
3.06,1.3176527670748607e-15,-1.2489008458907063e-15
3.061,1.3022356148734163e-15,-1.233102001365599e-15
3.062,1.286997874632637e-15,-1.2175026742943287e-15
3.063,1.2719374717338236e-15,-1.2021003494743586e-15
3.064,1.2570523553677393e-15,-1.1868925433530237e-15
3.065,1.242340498263831e-15,-1.1718768036300289e-15
3.066,1.2277998964224955e-15,-1.1570507088649288e-15
3.067,1.2134285688503574e-15,-1.142411868089528e-15
3.068,1.1992245572985263e-15,-1.1279579204251403e-15
3.069,1.185185926003797e-15,-1.1136865347046438e-15
3.07,1.1713107614327648e-15,-1.0995954090992759e-15
3.071,1.1575971720288183e-15,-1.0856822707501045e-15
3.072,1.1440432879619817e-15,-1.0719448754041208e-15
3.073,1.1306472608815744e-15,-1.0583810070548932e-15
3.074,1.1174072636716535e-15,-1.0449884775877268e-15
3.075,1.1043214902092137e-15,-1.0317651264292703e-15
3.076,1.0913881551251077e-15,-1.018708820201518e-15
3.077,1.0786054935676623e-15,-1.0058174523801477e-15
3.078,1.0659717609689576e-15,-9.930889429571436e-16
3.079,1.053485232813739e-15,-9.805212381076493e-16
3.08,1.0411442044109353e-15,-9.681123098609976e-16
3.081,1.0289469906677515e-15,-9.558601557758653e-16
3.082,1.0168919258663086e-15,-9.437627986195016e-16
3.083,1.0049773634428023e-15,-9.31818286050979e-16
3.084,9.93201675769153e-16,-9.200246903084163e-16
3.085,9.815632539371171e-16,-9.083801079001228e-16
3.086,9.700605075448352e-16,-8.96882659299618e-16
3.087,9.586918644857888e-16,-8.855304886444734e-16
3.088,9.474557707401361e-16,-8.743217634389343e-16
3.089,9.363506901684072e-16,-8.632546742602678e-16
3.09,9.253751043075237e-16,-8.523274344687973e-16
3.091,9.145275121691239e-16,-8.415382799215708e-16
3.092,9.038064300401637e-16,-8.308854686896232e-16
3.093,8.932103912857714e-16,-8.203672807787826e-16
3.094,8.82737946154326e-16,-8.0998201785398095e-16
3.095,8.723876615847399e-16,-7.997280029670212e-16
3.096,8.621581210159186e-16,-7.896035802877598e-16
3.097,8.520479241983722e-16,-7.796071148386623e-16
3.098,8.420556870079573e-16,-7.697369922326872e-16
3.099,8.32180041261723e-16,-7.599916184144596e-16
3.1,8.224196345358399e-16,-7.503694194046914e-16
3.101,8.1277312998558615e-16,-7.408688410478073e-16
3.102,8.032392061673703e-16,-7.314883487627385e-16
3.103,7.938165568627667e-16,-7.222264272968417e-16
3.104,7.845038909045405e-16,-7.130815804829066e-16
3.105,7.752999320046413e-16,-7.040523309992114e-16
3.106,7.662034185841433e-16,-6.9513722013259e-16
3.107,7.57213103605109e-16,-6.863348075444712e-16
3.108,7.483277544043564e-16,-6.776436710398546e-16
3.109,7.395461525291071e-16,-6.690624063391843e-16
3.11,7.308670935744958e-16,-6.605896268530867e-16
3.111,7.222893870229191e-16,-6.522239634599342e-16
3.112,7.138118560852028e-16,-6.439640642862005e-16
3.113,7.054333375435699e-16,-6.358085944895726e-16
3.114,6.971526815963845e-16,-6.277562360447847e-16
3.115,6.889687517046577e-16,-6.198056875321401e-16
3.116,6.808804244402894e-16,-6.119556639286865e-16
3.117,6.728865893360328e-16,-6.042048964020143e-16
3.118,6.649861487371565e-16,-5.9655213210664e-16
3.119,6.571780176547899e-16,-5.889961339829484e-16
3.12,6.494611236209301e-16,-5.815356805586562e-16
3.121,6.418344065450933e-16,-5.741695657527691e-16
3.122,6.342968185725911e-16,-5.668965986819994e-16
3.123,6.268473239444144e-16,-5.597156034696131e-16
3.124,6.194848988587068e-16,-5.526254190566774e-16
3.125,6.122085313338084e-16,-5.456248990156772e-16
3.126,6.050172210728547e-16,-5.387129113664722e-16
3.127,5.97909979329911e-16,-5.318883383945633e-16
3.128,5.908858287776265e-16,-5.251500764716421e-16
3.129,5.839438033763899e-16,-5.184970358783918e-16
3.13,5.77082948244971e-16,-5.119281406295146e-16
3.131,5.703023195326302e-16,-5.054423283009548e-16
3.132,5.636009842926806e-16,-4.990385498592915e-16
3.133,5.56978020357486e-16,-4.927157694932736e-16
3.134,5.504325162148777e-16,-4.864729644474709e-16
3.135,5.439635708859766e-16,-4.803091248580123e-16
3.136,5.375702938044016e-16,-4.742232535903885e-16
3.137,5.312518046968519e-16,-4.682143660792907e-16
3.138,5.250072334650451e-16,-4.6228149017046e-16
3.139,5.18835720068998e-16,-4.564236659645243e-16
3.14,5.127364144116332e-16,-4.506399456627955e-16
3.141,5.067084762246983e-16,-4.449293934150027e-16
3.142,5.007510749559815e-16,-4.392910851689398e-16
3.143,4.948633896578097e-16,-4.3372410852199896e-16
3.144,4.890446088768152e-16,-4.282275625745709e-16
3.145,4.832939305449553e-16,-4.2280055778528493e-16
3.146,4.776105618717719e-16,-4.1744221582806846e-16
3.147,4.719937192378772e-16,-4.1215166945100117e-16
3.148,4.664426280896508e-16,-4.069280623369426e-16
3.149,4.609565228351352e-16,-4.017705489659099e-16
3.15,4.555346467411162e-16,-3.966782944791854e-16
3.151,4.501762518313745e-16,-3.916504745451298e-16
3.152,4.448805987860964e-16,-3.866862752266827e-16
3.153,4.396469568424282e-16,-3.817848928505264e-16
3.154,4.3447460369616423e-16,-3.7694553387789403e-16
3.155,4.293628254045542e-16,-3.7216741477700067e-16
3.156,4.243109162902171e-16,-3.6744976189707724e-16
3.157,4.193181788461498e-16,-3.627918113439869e-16
3.158,4.14383923641818e-16,-3.581928088574044e-16
3.159,4.0950746923031683e-16,-3.536520096895385e-16
3.16,4.046881420565896e-16,-3.4916867848537834e-16
3.161,3.999252763666922e-16,-3.447420891644447e-16
3.162,3.952182141180922e-16,-3.4037152480402675e-16
3.163,3.905663048909898e-16,-3.3605627752388637e-16
3.164,3.859689058006505e-16,-3.3179564837241107e-16
3.165,3.8142538141073653e-16,-3.2758894721419797e-16
3.166,3.7693510364762736e-16,-3.2343549261904997e-16
3.167,3.7249745171571676e-16,-3.193346117523675e-16
3.168,3.6811181201367637e-16,-3.152856402669171e-16
3.169,3.637775780516743e-16,-3.1128792219596103e-16
3.17,3.594941503695383e-16,-3.073408098477293e-16
3.171,3.5526093645585223e-16,-3.034436637012187e-16
3.172,3.5107735066797666e-16,-2.9959585230330087e-16
3.173,3.469428141529814e-16,-2.9579675216712415e-16
3.174,3.4285675476948085e-16,-2.920457476717921e-16
3.175,3.3881860701036173e-16,-2.883422309633035e-16
3.176,3.348278119263929e-16,-2.8468560185673684e-16
3.177,3.3088381705070754e-16,-2.8107526773966505e-16
3.178,3.2698607632414743e-16,-2.77510643476784e-16
3.179,3.2313405002146017e-16,-2.7399115131574025e-16
3.18,3.193272046783393e-16,-2.7051622079414203e-16
3.181,3.1556501301929784e-16,-2.670852886477401e-16
3.182,3.118469538863659e-16,-2.636977987197623e-16
3.183,3.081725121686028e-16,-2.603532018713882e-16
3.184,3.0454117873241525e-16,-2.5705095589334936e-16
3.185,3.009524503526713e-16,-2.53790525418641e-16
3.186,2.97405829644602e-16,-2.5057138183633117e-16
3.187,2.9390082499648134e-16,-2.473930032064534e-16
3.188,2.9043695050307607e-16,-2.4425487417597e-16
3.189,2.8701372589985647e-16,-2.4115648589579154e-16
3.19,2.8363067649795886e-16,-2.3809733593884013e-16
3.191,2.80287333119893e-16,-2.3507692821914274e-16
3.192,2.7698323203598376e-16,-2.3209477291194195e-16
3.193,2.737179149015406e-16,-2.291503863748119e-16
3.194,2.704909286947455e-16,-2.262432910697653e-16
3.195,2.673018256552518e-16,-2.2337301548634085e-16
3.196,2.6415016322348547e-16,-2.2053909406565756e-16
3.197,2.6103550398064106e-16,-2.1774106712542416e-16
3.198,2.579574155893646e-16,-2.1497848078589195e-16
3.199,2.5491547073511555e-16,-2.122508868967387e-16
3.2,2.519092470681994e-16,-2.0955784296487225e-16
3.201,2.489383271464652e-16,-2.0689891208314225e-16
3.202,2.4600229837865776e-16,-2.0427366285994848e-16
3.203,2.4310075296842e-16,-2.0168166934973459e-16
3.204,2.402332878589357e-16,-1.9912251098435635e-16
3.205,2.3739950467820664e-16,-1.965957725053129e-16
3.206,2.345990096849567e-16,-1.9410104389683073e-16
3.207,2.318314137151558e-16,-1.9163792031978932e-16
3.208,2.290963321291564e-16,-1.8920600204647815e-16
3.209,2.263933847594358e-16,-1.868048943961743e-16
3.21,2.2372219585893755e-16,-1.8443420767153063e-16
3.211,2.2108239405000484e-16,-1.8209355709576422e-16
3.212,2.1847361227389924e-16,-1.7978256275063518e-16
3.213,2.158954877408984e-16,-1.775008495152055e-16
3.214,2.1334766188096552e-16,-1.7524804700536877e-16
3.215,2.1082978029498503e-16,-1.7302378951414053e-16
3.216,2.08341492706557e-16,-1.7082771595269992e-16
3.217,2.0588245291434474e-16,-1.6865946979217332e-16
3.218,2.0345231874496902e-16,-1.6651869900615044e-16
3.219,2.0105075200644247e-16,-1.6440505601392366e-16
3.22,1.9867741844213836e-16,-1.6231819762444192e-16
3.221,1.9633198768528771e-16,-1.6025778498096954e-16
3.222,1.9401413321399827e-16,-1.5822348350644173e-16
3.223,1.9172353230678986e-16,-1.5621496284950768e-16
3.224,1.894598659986403e-16,-1.5423189683125263e-16
3.225,1.8722281903753546e-16,-1.5227396339259067e-16
3.226,1.850120798415185e-16,-1.503408445423193e-16
3.227,1.8282734045623207e-16,-1.4843222630582818e-16
3.228,1.8066829651294817e-16,-1.4654779867445292e-16
3.229,1.7853464718707975e-16,-1.446872555554669e-16
3.23,1.7642609515716917e-16,-1.428502947227021e-16
3.231,1.7434234656434737e-16,-1.4103661776779162e-16
3.232,1.7228311097225903e-16,-1.3924593005202593e-16
3.233,1.7024810132744795e-16,-1.3747794065881513e-16
3.234,1.6823703392019777e-16,-1.3573236234674965e-16
3.235,1.6624962834582241e-16,-1.3400891150325172e-16
3.236,1.6428560746640173e-16,-1.323073080988104e-16
3.237,1.6234469737295662e-16,-1.3062727564179277e-16
3.238,1.6042662734805912e-16,-1.2896854113382383e-16
3.239,1.5853112982887226e-16,-1.2733083502572842e-16
3.24,1.5665794037061476e-16,-1.2571389117402746e-16
3.241,1.54806797610446e-16,-1.2411744679798238e-16
3.242,1.529774432317662e-16,-1.2254124243717981e-16
3.243,1.5116962192892697e-16,-1.2098502190965082e-16
3.244,1.4938308137234807e-16,-1.1944853227051717e-16
3.245,1.476175721740352e-16,-1.1793152377115833e-16
3.246,1.4587284785349453e-16,-1.1643374981889276e-16
3.247,1.441486648040394e-16,-1.1495496693716667e-16
3.248,1.4244478225948467e-16,-1.1349493472624423e-16
3.249,1.407609622612243e-16,-1.1205341582439285e-16
3.25,1.3909696962568783e-16,-1.1063017586955703e-16
3.251,1.3745257191217157e-16,-1.0922498346151509e-16
3.252,1.358275393910398e-16,-1.0783761012451228e-16
3.253,1.3422164501229214e-16,-1.0646783027036458e-16
3.254,1.3263466437449305e-16,-1.0511542116202715e-16
3.255,1.310663756940586e-16,-1.0378016287762164e-16
3.256,1.2951655977489734e-16,-1.0246183827491646e-16
3.257,1.279849999784005e-16,-1.0116023295625451e-16
3.258,1.26471482193778e-16,-9.987513523392265e-17
3.259,1.249757948087361e-16,-9.860633609595723e-17
3.26,1.2349772868049278e-16,-9.735362917238054e-17
3.261,1.2203707710712712e-16,-9.611681070186238e-17
3.262,1.2059363579925867e-16,-9.489567949880158e-17
3.263,1.191672028520534e-16,-9.369003692082226e-17
3.264,1.1775757871755182e-16,-9.249968683667951e-17
3.265,1.1636456617731655e-16,-9.132443559456932e-17
3.266,1.149879703153948e-16,-9.01640919908378e-17
3.267,1.1362759849159256e-16,-8.901846723908453e-17
3.268,1.1228326031505712e-16,-8.788737493965521e-17
3.269,1.109547676181638e-16,-8.677063104951858e-17
3.27,1.0964193443070416e-16,-8.566805385252293e-17
3.271,1.083445769543716e-16,-8.457946393002729e-17
3.272,1.0706251353754138e-16,-8.350468413190271e-17
3.273,1.0579556465034135e-16,-8.244353954789878e-17
3.274,1.0454355286001041e-16,-8.139585747937115e-17
3.275,1.0330630280654118e-16,-8.036146741136503e-17
3.276,1.0208364117860355e-16,-7.934020098505062e-17
3.277,1.0087539668974627e-16,-7.833189197050592e-17
3.278,9.968140005487297e-17,-7.733637623984226e-17
3.279,9.850148396698968e-17,-7.635349174066876e-17
3.28,9.733548307422078e-17,-7.538307846989103e-17
3.281,9.618323395709024e-17,-7.442497844784007e-17
3.282,9.5044575106065e-17,-7.347903569272727e-17
3.283,9.391934689935773e-17,-7.254509619542124e-17
3.284,9.280739158098583e-17,-7.162300789454263e-17
3.285,9.170855323908376e-17,-7.071262065187276e-17
3.286,9.062267778446576e-17,-6.981378622807218e-17
3.287,8.954961292943632e-17,-6.892635825870536e-17
3.288,8.848920816684516e-17,-6.805019223056745e-17
3.289,8.74413147493843e-17,-6.718514545830945e-17
3.29,8.640578566912422e-17,-6.633107706135809e-17
3.291,8.538247563728651e-17,-6.548784794112654e-17
3.292,8.43712410642501e-17,-6.465532075851241e-17
3.293,8.337194003978862e-17,-6.383335991167943e-17
3.294,8.238443231353611e-17,-6.302183151411916e-17
3.295,8.140857927567847e-17,-6.222060337298929e-17
3.296,8.044424393786816e-17,-6.142954496772498e-17
3.297,7.949129091435934e-17,-6.064852742891988e-17
3.298,7.854958640336132e-17,-5.98774235174734e-17
3.299,7.761899816860734e-17,-5.911610760400077e-17
3.3,7.66993955211367e-17,-5.836445564850287e-17
3.301,7.579064930128732e-17,-5.762234518029218e-17
3.302,7.489263186089671e-17,-5.6889655278172e-17
3.303,7.400521704570873e-17,-5.616626655086544e-17
3.304,7.31282801779838e-17,-5.5452061117691237e-17
3.305,7.226169803931035e-17,-5.474692258948328e-17
3.306,7.1405348853615e-17,-5.4050736049750606e-17
3.307,7.055911227036941e-17,-5.336338803607505e-17
3.308,6.972286934799138e-17,-5.268476652174344e-17
3.309,6.889650253743799e-17,-5.20147608976114e-17
3.31,6.807989566598869e-17,-5.135326195419589e-17
3.311,6.727293392121597e-17,-5.070016186399352e-17
3.312,6.647550383514165e-17,-5.0055354164021916e-17
3.313,6.56874932685765e-17,-4.9418733738581186e-17
3.314,6.49087913956412e-17,-4.8790196802232846e-17
3.315,6.413928868846647e-17,-4.816964088299339e-17
3.316,6.337887690207032e-17,-4.755696480573983e-17
3.317,6.262744905941052e-17,-4.695206867582453e-17
3.318,6.188489943661004e-17,-4.63548538628967e-17
3.319,6.115112354835364e-17,-4.5765222984927947e-17
3.32,6.042601813345366e-17,-4.5183079892439335e-17
3.321,5.970948114058289e-17,-4.460832965292737e-17
3.322,5.900141171417285e-17,-4.4040878535486433e-17
3.323,5.830171018047525e-17,-4.3480633995625244e-17
3.324,5.76102780337852e-17,-4.292750466027476e-17
3.325,5.69270179228238e-17,-4.238140031298529e-17
3.326,5.625183363727871e-17,-4.184223187931028e-17
3.327,5.558463009450056e-17,-4.1309911412374535e-17
3.328,5.492531332635369e-17,-4.078435207862446e-17
3.329,5.427379046621919e-17,-4.0265468143758103e-17
3.33,5.362996973614867e-17,-3.975317495883272e-17
3.331,5.2993760434166874e-17,-3.9247388946547565e-17
3.332,5.236507292172161e-17,-3.8748027587699786e-17
3.333,5.17438186112791e-17,-3.82550094078112e-17
3.334,5.112990995406324e-17,-3.776825396392378e-17
3.335,5.052326042793699e-17,-3.728768183156181e-17
3.336,4.9923784525424375e-17,-3.681321459185843e-17
3.337,4.9331397741871305e-17,-3.6344774818844785e-17
3.338,4.874601656374387e-17,-3.588228606689941e-17
3.339,4.8167558457062244e-17,-3.5425672858356096e-17
3.34,4.7595941855968857e-17,-3.4974860671268065e-17
3.341,4.703108615142916e-17,-3.452977592732659e-17
3.342,4.647291168006354e-17,-3.409034597993206e-17
3.343,4.592133971310877e-17,-3.36564991024156e-17
3.344,4.537629244550762e-17,-3.322816447640931e-17
3.345,4.483769298512507e-17,-3.280527218036332e-17
3.346,4.4305465342089675e-17,-3.23877531782077e-17
3.347,4.37795344182587e-17,-3.197553930815755e-17
3.348,4.3259825996805497e-17,-3.1568563271659313e-17
3.349,4.2746266731927815e-17,-3.1166758622476667e-17
3.35,4.223878413867558e-17,-3.077005975591408e-17
3.351,4.173730658289678e-17,-3.037840189817651e-17
3.352,4.124176327130016e-17,-2.999172109586331e-17
3.353,4.0752084241633244e-17,-2.960995420559477e-17
3.354,4.026820035297449e-17,-2.923303888376967e-17
3.355,3.979004327613818e-17,-2.8860913576452004e-17
3.356,3.9317545484190795e-17,-2.84935175093855e-17
3.357,3.885064024307751e-17,-2.8130790678134096e-17
3.358,3.838926160235764e-17,-2.777267383834693e-17
3.359,3.7933344386047704e-17,-2.7419108496146222e-17
3.36,3.748282418357093e-17,-2.7070036898636496e-17
3.361,3.703763734081186e-17,-2.6725402024533633e-17
3.362,3.659772095127496e-17,-2.6385147574912238e-17
3.363,3.616301284734604e-17,-2.6049217964069798e-17
3.364,3.5733451591655114e-17,-2.5717558310506226e-17
3.365,3.53089764685398e-17,-2.539011442801728e-17
3.366,3.488952747560787e-17,-2.5066832816900423e-17
3.367,3.4475045315397936e-17,-2.4747660655271752e-17
3.368,3.4065471387137065e-17,-2.443254579049256e-17
3.369,3.366074777859428e-17,-2.412143673070413e-17
3.37,3.326081725802874e-17,-2.381428263646947e-17
3.371,3.286562326623162e-17,-2.3511033312520558e-17
3.372,3.24751099086605e-17,-2.32116391996098e-17
3.373,3.2089221947665244e-17,-2.2916051366464432e-17
3.374,3.170790479480435e-17,-2.2624221501842478e-17
3.375,3.133110450325065e-17,-2.2336101906689053e-17
3.376,3.095876776028538e-17,-2.2051645486391745e-17
3.377,3.0590841879879534e-17,-2.177080574313376e-17
3.378,3.0227274795361633e-17,-2.1493536768343698e-17
3.379,2.986801505217073e-17,-2.1219793235240643e-17
3.38,2.951301180069379e-17,-2.0949530391473446e-17
3.381,2.9162214789186424e-17,-2.068270405185295e-17
3.382,2.881557435677602e-17,-2.0419270591176023e-17
3.383,2.8473041426546335e-17,-2.0159186937140255e-17
3.384,2.8134567498702544e-17,-1.9902410563348105e-17
3.385,2.780010464381592e-17,-1.964889948239946e-17
3.386,2.746960549614712e-17,-1.939861223907142e-17
3.387,2.7143023247047228e-17,-1.9151507903584265e-17
3.388,2.6820311638435637e-17,-1.890754606495246e-17
3.389,2.650142495635389e-17,-1.8666686824419673e-17
3.39,2.6186318024594567e-17,-1.8428890788976733e-17
3.391,2.5874946198404428e-17,-1.8194119064961456e-17
3.392,2.5567265358260833e-17,-1.7962333251739357e-17
3.393,2.5263231903720725e-17,-1.7733495435464177e-17
3.394,2.496280274734121e-17,-1.7507568182917253e-17
3.395,2.466593530867102e-17,-1.7284514535424712e-17
3.396,2.4372587508311936e-17,-1.7064298002851535e-17
3.397,2.4082717762049435e-17,-1.6846882557671503e-17
3.398,2.379628497505172e-17,-1.6632232629112054e-17
3.399,2.3513248536136357e-17,-1.6420313097373142e-17
3.4,2.323356831210374e-17,-1.6211089287919143e-17
3.401,2.295720464213658e-17,-1.6004526965842883e-17
3.402,2.2684118332264696e-17,-1.580059233030088e-17
3.403,2.241427064989432e-17,-1.5599252009018925e-17
3.404,2.2147623318401182e-17,-1.5400473052867082e-17
3.405,2.1884138511786632e-17,-1.5204222930503235e-17
3.406,2.1623778849396062e-17,-1.501046952308435e-17
3.407,2.1366507390698933e-17,-1.4819181119044568e-17
3.408,2.1112287630129645e-17,-1.463032640893928e-17
3.409,2.0861083491988602e-17,-1.444387448035437e-17
3.41,2.0612859325402722e-17,-1.4259794812879814e-17
3.411,2.036757989934473e-17,-1.407805727314679e-17
3.412,2.0125210397710567e-17,-1.3898632109927512e-17
3.413,1.9885716414454205e-17,-1.372148994929702e-17
3.414,1.9649063948779206e-17,-1.3546601789856096e-17
3.415,1.9415219400386423e-17,-1.3373938998014592e-17
3.416,1.918414956477711e-17,-1.320347330333435e-17
3.417,1.8955821628610853e-17,-1.3035176793931012e-17
3.418,1.8730203165117668e-17,-1.2869021911933941e-17
3.419,1.8507262129563655e-17,-1.2704981449003545e-17
3.42,1.828696685476955e-17,-1.2543028541905249e-17
3.421,1.8069286046681584e-17,-1.238313666813945e-17
3.422,1.7854188779994076e-17,-1.2225279641626684e-17
3.423,1.7641644493823072e-17,-1.2069431608447367e-17
3.424,1.7431622987430535e-17,-1.1915567042635389e-17
3.425,1.722409441599844e-17,-1.1763660742024875e-17
3.426,1.7019029286452193e-17,-1.1613687824149486e-17
3.427,1.6816398453332848e-17,-1.1465623722193527e-17
3.428,1.6616173114717498e-17,-1.1319444180994288e-17
3.429,1.6418324808187334e-17,-1.1175125253094896e-17
3.43,1.6222825406842764e-17,-1.10326432948471e-17
3.431,1.6029647115365108e-17,-1.0891974962563321e-17
3.432,1.5838762466124257e-17,-1.075309720871736e-17
3.433,1.565014431533183e-17,-1.0615987278193154e-17
3.434,1.546376583923926e-17,-1.048062270458096e-17
3.435,1.5279600530380285e-17,-1.0346981306520373e-17
3.436,1.509762219385737e-17,-1.0215041184089612e-17
3.437,1.4917804943671478e-17,-1.0084780715240427e-17
3.438,1.474012319909477e-17,-9.956178552278133e-18
3.439,1.456455168108567e-17,-9.829213618386133e-18
3.44,1.4391065408745826e-17,-9.703865104194403e-18
3.441,1.4219639695818495e-17,-9.580112464391379e-18
3.442,1.405025014722784e-17,-9.457935414378692e-18
3.443,1.3882872655658685e-17,-9.337313926968205e-18
3.444,1.3717483398176263e-17,-9.218228229120844e-18
3.445,1.3554058832885463e-17,-9.10065879872666e-18
3.446,1.3392575695629144e-17,-8.98458636142563e-18
3.447,1.3233010996725054e-17,-8.86999188746866e-18
3.448,1.3075342017740907e-17,-8.756856588618302e-18
3.449,1.2919546308307155e-17,-8.645161915088675e-18
3.45,1.2765601682967056e-17,-8.53488955252409e-18
3.451,1.2613486218063563e-17,-8.426021419015893e-18
3.452,1.2463178248662633e-17,-8.318539662157057e-18
3.453,1.2314656365512515e-17,-8.212426656134025e-18
3.454,1.216789941203862e-17,-8.107664998855339e-18
3.455,1.2022886481373531e-17,-8.004237509116608e-18
3.456,1.1879596913421768e-17,-7.902127223801339e-18
3.457,1.1738010291958894e-17,-7.801317395117166e-18
3.458,1.1598106441764557e-17,-7.701791487867069e-18
3.459,1.1459865425789085e-17,-7.603533176755104e-18
3.46,1.1323267542353232e-17,-7.506526343726223e-18
3.461,1.1188293322380703e-17,-7.410755075339752e-18
3.462,1.1054923526663059e-17,-7.316203660176115e-18
3.463,1.0923139143156639e-17,-7.222856586276342e-18
3.464,1.0792921384311122e-17,-7.13069853861401e-18
3.465,1.0664251684429353e-17,-7.039714396599149e-18
3.466,1.0537111697058088e-17,-6.949889231613746e-18
3.467,1.0411483292409276e-17,-6.8612083045784275e-18
3.468,1.0287348554811534e-17,-6.7736570635499395e-18
3.469,1.0164689780191472e-17,-6.68722114134903e-18
3.47,1.004348947358449e-17,-6.60188635321835e-18
3.471,9.923730346674742e-18,-6.517638694509995e-18
3.472,9.805395315363907e-18,-6.434464338402311e-18
3.473,9.688467497368416e-18,-6.352349633645595e-18
3.474,9.572930209844851e-18,-6.271281102336337e-18
3.475,9.45876696704313e-18,-6.1912454377196095e-18
3.476,9.345961477987193e-18,-6.112229502019298e-18
3.477,9.234497644182864e-18,-6.034220324295775e-18
3.478,9.124359557352555e-18,-5.957205098330696e-18
3.479,9.015531497196518e-18,-5.8811711805385745e-18
3.48,8.907997929180317e-18,-5.8061060879047794e-18
3.481,8.801743502348244e-18,-5.731997495949645e-18
3.482,8.696753047162334e-18,-5.6588332367183455e-18
3.483,8.593011573366725e-18,-5.586601296796217e-18
3.484,8.490504267877033e-18,-5.515289815349203e-18
3.485,8.389216492694472e-18,-5.444887082189103e-18
3.486,8.289133782844417e-18,-5.375381535863323e-18
3.487,8.19024184433913e-18,-5.306761761768794e-18
3.488,8.092526552164383e-18,-5.2390164902897856e-18
3.489,7.995973948289655e-18,-5.1721345949592814e-18
3.49,7.900570239701685e-18,-5.106105090643639e-18
3.491,7.806301796461065e-18,-5.040917131750231e-18
3.492,7.713155149781627e-18,-4.976560010457783e-18
3.493,7.621116990132345e-18,-4.9130231549691105e-18
3.494,7.530174165361501e-18,-4.850296127785986e-18
3.495,7.440313678842846e-18,-4.7883686240058465e-18
3.496,7.351522687643501e-18,-4.727230469640068e-18
3.497,7.263788500713355e-18,-4.666871619953534e-18
3.498,7.177098577095692e-18,-4.607282157825232e-18
3.499,7.091440524158807e-18,-4.5484522921296065e-18
3.5,7.006802095848373e-18,-4.490372356138411e-18
3.501,6.923171190960306e-18,-4.4330328059427976e-18
3.502,6.840535851433895e-18,-4.376424218895391e-18
3.503,6.758884260664956e-18,-4.3205372920720854e-18
3.504,6.678204741838781e-18,-4.26536284075333e-18
3.505,6.59848575628265e-18,-4.210891796924643e-18
3.506,6.519715901837671e-18,-4.157115207796118e-18
3.507,6.441883911249734e-18,-4.104024234340678e-18
3.508,6.364978650579346e-18,-4.05161014985085e-18
3.509,6.288989117630127e-18,-3.99986433851381e-18
3.51,6.2139044403957576e-18,-3.9487782940044836e-18
3.511,6.139713875525155e-18,-3.89834361809646e-18
3.512,6.0664068068056655e-18,-3.848552019290508e-18
3.513,5.99397274366406e-18,-3.7993953114604586e-18
3.514,5.92240131968514e-18,-3.7508654125162405e-18
3.515,5.851682291147724e-18,-3.702954343083856e-18
3.516,5.78180553557783e-18,-3.65565422520207e-18
3.517,5.7127610503188525e-18,-3.608957281035619e-18
3.518,5.6445389511185165e-18,-3.562855831604711e-18
3.519,5.577129470732441e-18,-3.5173422955306305e-18
3.52,5.5105229575440904e-18,-3.472409187797225e-18
3.521,5.444709874200945e-18,-3.4280491185280883e-18
3.522,5.379680796266684e-18,-3.3842547917792356e-18
3.523,5.315426410889205e-18,-3.341019004347072e-18
3.524,5.251937515484284e-18,-3.2983346445914644e-18
3.525,5.1892050164347105e-18,-3.2561946912737263e-18
3.526,5.127219927804694e-18,-3.214592212409323e-18
3.527,5.065973370069383e-18,-3.1735203641351177e-18
3.528,5.005456568859311e-18,-3.1329723895909635e-18
3.529,4.945660853719588e-18,-3.0929416178154753e-18
3.53,4.88657765688369e-18,-3.053421462655786e-18
3.531,4.8281985120616395e-18,-3.014405421691122e-18
3.532,4.770515053242437e-18,-2.9758870751700186e-18
3.533,4.713519013510574e-18,-2.937860084961e-18
3.534,4.657202223876441e-18,-2.9003181935165606e-18
3.535,4.601556612120499e-18,-2.8632552228502733e-18
3.536,4.546574201651026e-18,-2.8266650735268602e-18
3.537,4.4922471103753025e-18,-2.790541723665063e-18
3.538,4.438567549584054e-18,-2.7548792279531504e-18
3.539,4.385527822849024e-18,-2.719671716676903e-18
3.54,4.333120324933498e-18,-2.6849133947599173e-18
3.541,4.281337540715644e-18,-2.6505985408160695e-18
3.542,4.230172044124513e-18,-2.6167215062139964e-18
3.543,4.179616497088545e-18,-2.5832767141534264e-18
3.544,4.129663648496452e-18,-2.550258658753221e-18
3.545,4.0803063331703134e-18,-2.5176619041509766e-18
3.546,4.031537470850752e-18,-2.485481083614037e-18
3.547,3.983350065194048e-18,-2.453710898661776e-18
3.548,3.935737202781049e-18,-2.4223461181990054e-18
3.549,3.888692052137737e-18,-2.391381577660368e-18
3.55,3.842207862767319e-18,-2.3608121781655775e-18
3.551,3.796277964193706e-18,-2.330632885685368e-18
3.552,3.750895765016246e-18,-2.300838730218013e-18
3.553,3.706054751975575e-18,-2.2714248049762884e-18
3.554,3.661748489030463e-18,-2.2423862655847413e-18
3.555,3.617970616445524e-18,-2.213718329287135e-18
3.556,3.574714849889662e-18,-2.1854162741639425e-18
3.557,3.531974979545122e-18,-2.1574754383597615e-18
3.558,3.489744869227033e-18,-2.1298912193205255e-18
3.559,3.4480184555133104e-18,-2.1026590730403824e-18
3.56,3.4067897468848016e-18,-2.0757745133181286e-18
3.561,3.366052822875551e-18,-2.049233111023064e-18
3.562,3.325801833233069e-18,-2.0230304933701607e-18
3.563,3.2860309970884877e-18,-1.997162343204423e-18
3.564,3.2467346021364853e-18,-1.9716243982943162e-18
3.565,3.2079070038248654e-18,-1.946412450634162e-18
3.566,3.169542624553678e-18,-1.921522345755375e-18
3.567,3.1316359528837726e-18,-1.896949982046438e-18
3.568,3.09418154275467e-18,-1.8726913100814963e-18
3.569,3.0571740127116447e-18,-1.848742331957469e-18
3.57,3.0206080451419077e-18,-1.8250991006395676e-18
3.571,2.984478385519788e-18,-1.801757719315113e-18
3.572,2.9487798416608038e-18,-1.778714340755549e-18
3.573,2.913507282984518e-18,-1.7559651666865472e-18
3.574,2.878655639786078e-18,-1.7335064471660988e-18
3.575,2.8442199025163358e-18,-1.7113344799704979e-18
3.576,2.8101951210704494e-18,-1.6894456099881088e-18
3.577,2.776576404084866e-18,-1.6678362286208252e-18
3.578,2.7433589182425844e-18,-1.6465027731931206e-18
3.579,2.710537887586607e-18,-1.6254417263685935e-18
3.58,2.6781085928414795e-18,-1.6046496155739153e-18
3.581,2.646066370742824e-18,-1.5841230124300836e-18
3.582,2.614406613374776e-18,-1.563858532190891e-18
3.583,2.583124767515227e-18,-1.5438528331885174e-18
3.584,2.5522163339887833e-18,-1.5241026162861536e-18
3.585,2.5216768670273524e-18,-1.5046046243375713e-18
3.586,2.491501973638267e-18,-1.4853556416535477e-18
3.587,2.461687312979851e-18,-1.4663524934750588e-18
3.588,2.4322285957443554e-18,-1.447592045453157e-18
3.589,2.4031215835481586e-18,-1.4290712031354472e-18
3.59,2.374362088329163e-18,-1.4107869114590784e-18
3.591,2.3459459717512914e-18,-1.3927361542501671e-18
3.592,2.3178691446160075e-18,-1.3749159537295727e-18
3.593,2.2901275662807726e-18,-1.3573233700249434e-18
3.594,2.2627172440843617e-18,-1.3399555006889529e-18
3.595,2.2356342327789528e-18,-1.3228094802236513e-18
3.596,2.2088746339689172e-18,-1.3058824796108493e-18
3.597,2.1824345955562254e-18,-1.2891717058484637e-18
3.598,2.156310311192395e-18,-1.2726744014927447e-18
3.599,2.1304980197369025e-18,-1.2563878442063123e-18
3.6,2.104994004721981e-18,-1.2403093463119299e-18
3.601,2.0797945938237336e-18,-1.2244362543519375e-18
3.602,2.0548961583394847e-18,-1.2087659486532782e-18
3.603,2.0302951126712944e-18,-1.1932958428980446e-18
3.604,2.0059879138155706e-18,-1.1780233836994739e-18
3.605,1.9819710608586978e-18,-1.1629460501833259e-18
3.606,1.958241094478619e-18,-1.1480613535745725e-18
3.607,1.934794596452299e-18,-1.133366836789334e-18
3.608,1.9116281891689977e-18,-1.1188600740319934e-18
3.609,1.8887385351492864e-18,-1.104538670397425e-18
3.61,1.866122336569744e-18,-1.0904002614782717e-18
3.611,1.8437763347932564e-18,-1.0764425129772067e-18
3.612,1.8216973099048644e-18,-1.0626631203241168e-18
3.613,1.7998820802530866e-18,-1.0490598082981452e-18
3.614,1.778327501996657e-18,-1.035630330654532e-18
3.615,1.7570304686566135e-18,-1.0223724697561903e-18
3.616,1.735987910673672e-18,-1.0092840362099614e-18
3.617,1.7151967949708257e-18,-9.963628685074854e-19
3.618,1.6946541245211108e-18,-9.836068326706321e-19
3.619,1.6743569379204708e-18,-9.710138219014318e-19
3.62,1.6543023089656667e-18,-9.58581756236452e-19
3.621,1.63448734623717e-18,-9.46308582205561e-19
3.622,1.6149091926869804e-18,-9.341922724950233e-19
3.623,1.5955650252313112e-18,-9.222308256148729e-19
3.624,1.576452054348083e-18,-9.104222655705099e-19
3.625,1.5575675236791734e-18,-8.987646415384665e-19
3.626,1.5389087096373612e-18,-8.87256027546289e-19
3.627,1.5204729210179146e-18,-8.758945221564858e-19
3.628,1.5022574986147657e-18,-8.646782481544863e-19
3.629,1.4842598148412195e-18,-8.53605352240565e-19
3.63,1.466477273355143e-18,-8.426740047256737e-19
3.631,1.4489073086885808e-18,-8.318823992311397e-19
3.632,1.4315473858817467e-18,-8.212287523921746e-19
3.633,1.4143950001213398e-18,-8.107113035651499e-19
3.634,1.397447676383133e-18,-8.003283145385885e-19
3.635,1.3807029690787841e-18,-7.900780692478277e-19
3.636,1.3641584617068201e-18,-7.799588734933047e-19
3.637,1.347811766507746e-18,-7.699690546624202e-19
3.638,1.331660524123228e-18,-7.6010696145493465e-19
3.639,1.315702403259305e-18,-7.503709636118513e-19
3.64,1.2999351003535797e-18,-7.407594516477434e-19
3.641,1.284356339246343e-18,-7.3127083658648e-19
3.642,1.2689638708555849e-18,-7.219035497003097e-19
3.643,1.2537554728558474e-18,-7.126560422522566e-19
3.644,1.2387289493608725e-18,-7.035267852417898e-19
3.645,1.2238821306100014e-18,-6.945142691537228e-19
3.646,1.2092128726582814e-18,-6.856170037103015e-19
3.647,1.1947190570702355e-18,-6.76833517626443e-19
3.648,1.1803985906172523e-18,-6.681623583680822e-19
3.649,1.166249404978554e-18,-6.596020919135881e-19
3.65,1.1522694564457e-18,-6.511513025182116e-19
3.651,1.1384567256305824e-18,-6.428085924815252e-19
3.652,1.1248092171768772e-18,-6.345725819178168e-19
3.653,1.1113249594749056e-18,-6.264419085294006e-19
3.654,1.0980020043798671e-18,-6.184152273828085e-19
3.655,1.0848384269334054e-18,-6.104912106878237e-19
3.656,1.0718323250884667e-18,-6.026685475793225e-19
3.657,1.0589818194374125e-18,-5.9494594390188745e-19
3.658,1.0462850529433473e-18,-5.873221219971571e-19
3.659,1.0337401906746252e-18,-5.797958204938775e-19
3.66,1.0213454195424959e-18,-5.723657941006216e-19
3.661,1.009098948041855e-18,-5.650308134011416e-19
3.662,9.969990059950597e-19,-5.577896646523225e-19
3.663,9.850438442987767e-19,-5.506411495847024e-19
3.664,9.732317346738243e-19,-5.435840852055278e-19
3.665,9.615609694179742e-19,-5.36617303604311e-19
3.666,9.500298611616776e-19,-5.297396517608595e-19
3.667,9.386367426266829e-19,-5.229499913557435e-19
3.668,9.27379966387508e-19,-5.162471985831724e-19
3.669,9.162579046357364e-19,-5.096301639662506e-19
3.67,9.052689489471018e-19,-5.030977921745785e-19
3.671,8.94411510051329e-19,-4.966490018441742e-19
3.672,8.836840176047e-19,-4.902827253996819e-19
3.673,8.730849199653097e-19,-4.83997908878841e-19
3.674,8.626126839709836e-19,-4.777935117591857e-19
3.675,8.522657947198232e-19,-4.716685067869467e-19
3.676,8.420427553533491e-19,-4.656218798081289e-19
3.677,8.319420868422109e-19,-4.596526296017347e-19
3.678,8.219623277744348e-19,-4.53759767715108e-19
3.679,8.12102034146177e-19,-4.479423183013706e-19
3.68,8.023597791549546e-19,-4.4219931795892545e-19
3.681,7.927341529953254e-19,-4.365298155729998e-19
3.682,7.832237626569852e-19,-4.3093287215920214e-19
3.683,7.73827231725257e-19,-4.2540756070906863e-19
3.684,7.645432001839429e-19,-4.1995296603757253e-19
3.685,7.553703242205088e-19,-4.1456818463257195e-19
3.686,7.463072760335781e-19,-4.0925232450617186e-19
3.687,7.373527436427038e-19,-4.0400450504797567e-19
3.688,7.285054307003943e-19,-3.9882385688020233e-19
3.689,7.1976405630636485e-19,-3.9370952171464534e-19
3.69,7.111273548239894e-19,-3.8866065221145057e-19
3.691,7.025940756989267e-19,-3.836764118396893e-19
3.692,6.941629832798942e-19,-3.787559747397043e-19
3.693,6.858328566415653e-19,-3.7389852558720574e-19
3.694,6.776024894095652e-19,-3.691032594590952e-19
3.695,6.694706895875382e-19,-3.6436938170099604e-19
3.696,6.614362793862662e-19,-3.5969610779646766e-19
3.697,6.534980950548098e-19,-3.550826632378831e-19
3.698,6.456549867136505e-19,-3.5052828339894854e-19
3.699,6.379058181898108e-19,-3.460322134088436e-19
3.7,6.30249466853927e-19,-3.4159370802796254e-19
3.701,6.226848234592528e-19,-3.3721203152523487e-19
3.702,6.152107919825714e-19,-3.3288645755700716e-19
3.703,6.078262894669921e-19,-3.2861626904746394e-19
3.704,6.005302458666103e-19,-3.2440075807057034e-19
3.705,5.933216038930086e-19,-3.2023922573351534e-19
3.706,5.861993188635769e-19,-3.16130982061638e-19
3.707,5.791623585516307e-19,-3.1207534588481684e-19
3.708,5.722097030383056e-19,-3.080716447253044e-19
3.709,5.653403445662078e-19,-3.0411921468698812e-19
3.71,5.58553287394799e-19,-3.0021740034606005e-19
3.711,5.518475476574958e-19,-2.963655546430769e-19
3.712,5.452221532204636e-19,-2.9256303877639322e-19
3.713,5.38676143543084e-19,-2.8880922209694994e-19
3.714,5.322085695400769e-19,-2.8510348200440123e-19
3.715,5.2581849344525685e-19,-2.8144520384456283e-19
3.716,5.1950498867690615e-19,-2.778337808081645e-19
3.717,5.132671397047424e-19,-2.7426861383089103e-19
3.718,5.071040419184651e-19,-2.7074911149469425e-19
3.719,5.010148014978605e-19,-2.672746899303607e-19
3.72,4.949985352844469e-19,-2.6384477272131905e-19
3.721,4.890543706546418e-19,-2.6045879080867085e-19
3.722,4.831814453944348e-19,-2.5711618239742985e-19
3.723,4.773789075755446e-19,-2.538163928639539e-19
3.724,4.716459154330468e-19,-2.505588746645548e-19
3.725,4.659816372444529e-19,-2.4734308724527073e-19
3.726,4.603852512102223e-19,-2.4416849695278675e-19
3.727,4.548559453356938e-19,-2.410345769464888e-19
3.728,4.4939291731441605e-19,-2.3794080711163644e-19
3.729,4.439953744128632e-19,-2.348866739736407e-19
3.73,4.386625333565172e-19,-2.318716706134323e-19
3.731,4.3339362021730295e-19,-2.2889529658390724e-19
3.732,4.281878703023579e-19,-2.259570578274353e-19
3.733,4.2304452804412215e-19,-2.2305646659441823e-19
3.734,4.1796284689173206e-19,-2.201930413628844e-19
3.735,4.129420892037035e-19,-2.1736630675910677e-19
3.736,4.0798152614188777e-19,-2.1457579347923084e-19
3.737,4.0308043756668635e-19,-2.1182103821190018e-19
3.738,3.9823811193350927e-19,-2.0910158356186654e-19
3.739,3.934538461904622e-19,-2.0641697797457219e-19
3.74,3.8872694567724793e-19,-2.0376677566169203e-19
3.741,3.8405672402526746e-19,-2.0115053652762348e-19
3.742,3.7944250305890767e-19,-1.9856782609691185e-19
3.743,3.7488361269799978e-19,-1.9601821544259952e-19
3.744,3.7037939086143625e-19,-1.9350128111548689e-19
3.745,3.659291833719317e-19,-1.9101660507429404e-19
3.746,3.615323438619144e-19,-1.8856377461671104e-19
3.747,3.5718823368053523e-19,-1.8614238231132605e-19
3.748,3.528962218017802e-19,-1.8375202593041991e-19
3.749,3.4865568473367457e-19,-1.813923083836161e-19
3.75,3.4446600642856456e-19,-1.790628376523755e-19
3.751,3.403265781944644e-19,-1.7676322672532486e-19
3.752,3.3623679860745633e-19,-1.744930935344086e-19
3.753,3.321960734251307e-19,-1.7225206089185352e-19
3.754,3.2820381550105374e-19,-1.7003975642793574e-19
3.755,3.242594447002516e-19,-1.6785581252954022e-19
3.756,3.203623878156975e-19,-1.656998662795023e-19
3.757,3.1651207848579126e-19,-1.6357155939672162e-19
3.758,3.1270795711281877e-19,-1.6147053817703844e-19
3.759,3.0894947078237967e-19,-1.5939645343486262e-19
3.76,3.0523607318377256e-19,-1.5734896044554608e-19
3.761,3.015672245313255e-19,-1.553277188884887e-19
3.762,2.979423914866612e-19,-1.5333239279096881e-19
3.763,2.9436104708188578e-19,-1.5136265047268888e-19
3.764,2.9082267064368963e-19,-1.4941816449102731e-19
3.765,2.873267477183504e-19,-1.4749861158698727e-19
3.766,2.8387276999762684e-19,-1.4560367263183397e-19
3.767,2.80460235245533e-19,-1.437330325744114e-19
3.768,2.770886472259827e-19,-1.4188638038912997e-19
3.769,2.737575156312935e-19,-1.4006340902461643e-19
3.77,2.704663560115405e-19,-1.3826381535301782e-19
3.771,2.672146897047493e-19,-1.3648730011995107e-19
3.772,2.640020437679188e-19,-1.3473356789508986e-19
3.773,2.6082795090886346e-19,-1.3300232702338105e-19
3.774,2.5769194941886607e-19,-1.3129328957688213e-19
3.775,2.5459358310613007e-19,-1.2960617130721227e-19
3.776,2.515324012300237e-19,-1.2794069159860898e-19
3.777,2.48507958436105e-19,-1.2629657342158254e-19
3.778,2.455198146919199e-19,-1.2467354328716085e-19
3.779,2.4256753522356246e-19,-1.2307133120171712e-19
3.78,2.3965069045298997e-19,-1.2148967062237276e-19
3.781,2.367688559360832e-19,-1.1992829841296856e-19
3.782,2.3392161230144235e-19,-1.1838695480059663e-19
3.783,2.311085451899114e-19,-1.1686538333268597e-19
3.784,2.2832924519482096e-19,-1.1536333083463482e-19
3.785,2.255833078029416e-19,-1.1388054736798268e-19
3.786,2.2287033333613965e-19,-1.124167861891153e-19
3.787,2.2018992689372617e-19,-1.1097180370849548e-19
3.788,2.175416982954918e-19,-1.0954535945041357e-19
3.789,2.149252620254187e-19,-1.081372160132506e-19
3.79,2.123402371760623e-19,-1.0674713903024754e-19
3.791,2.0978624739359392e-19,-1.0537489713077472e-19
3.792,2.0726292082349725e-19,-1.0402026190209435e-19
3.793,2.0476989005691068e-19,-1.0268300785161048e-19
3.794,2.023067920776077e-19,-1.0136291236959979e-19
3.795,1.9987326820960783e-19,-1.0005975569241736e-19
3.796,1.974689640654109e-19,-9.877332086617123e-20
3.797,1.9509352949484687e-19,-9.750339371085976e-20
3.798,1.9274661853453406e-19,-9.62497627849661e-20
3.799,1.904278893579388e-19,-9.501221935050366e-20
3.8,1.8813700422602893e-19,-9.379055733850719e-20
3.801,1.858736294385145e-19,-9.258457331496343e-20
3.802,1.8363743528566852e-19,-9.139406644717605e-20
3.803,1.8142809600072075e-19,-9.021883847055922e-20
3.804,1.792452897128182e-19,-8.905869365585425e-20
3.805,1.7708869840054498e-19,-8.79134387767642e-20
3.806,1.749580078459954e-19,-8.678288307800079e-20
3.807,1.7285290758939348e-19,-8.566683824373879e-20
3.808,1.7077309088425245e-19,-8.456511836647212e-20
3.809,1.6871825465306792e-19,-8.34775399162673e-20
3.81,1.6668809944353809e-19,-8.240392171040839e-20
3.811,1.646823293853053e-19,-8.134408488342913e-20
3.812,1.6270065214721217e-19,-8.029785285752689e-20
3.813,1.6074277889506632e-19,-7.926505131335382e-20
3.814,1.588084242499083e-19,-7.824550816118025e-20
3.815,1.5689730624677553e-19,-7.723905351242575e-20
3.816,1.5500914629395768e-19,-7.624551965155303e-20
3.817,1.5314366913273664e-19,-7.52647410083201e-20
3.818,1.5130060279760583e-19,-7.429655413038629e-20
3.819,1.4947967857696322e-19,-7.33407976562673e-20
3.82,1.4768063097427204e-19,-7.239731228863518e-20
3.821,1.45903197669684e-19,-7.146594076795864e-20
3.822,1.4414711948211947e-19,-7.054652784647939e-20
3.823,1.4241214033179881e-19,-6.963892026252033e-20
3.824,1.406980072032202e-19,-6.874296671512122e-20
3.825,1.3900447010857804e-19,-6.785851783899781e-20
3.826,1.37331282051617e-19,-6.698542617982014e-20
3.827,1.356781989919163e-19,-6.612354616980617e-20
3.828,1.3404497980959976e-19,-6.527273410362655e-20
3.829,1.324313862704654e-19,-6.443284811461658e-20
3.83,1.3083718299153087e-19,-6.360374815129151e-20
3.831,1.2926213740698903e-19,-6.278529595416139e-20
3.832,1.2770601973456882e-19,-6.197735503284143e-20
3.833,1.2616860294229693e-19,-6.117979064345436e-20
3.834,1.2464966271565538e-19,-6.039246976632089e-20
3.835,1.2314897742513014e-19,-5.961526108393466e-20
3.836,1.2166632809414633e-19,-5.884803495921819e-20
3.837,1.2020149836738546e-19,-5.809066341405591e-20
3.838,1.1875427447947992e-19,-5.734302010810122e-20
3.839,1.1732444522408052e-19,-5.660498031785361e-20
3.84,1.159118019232924e-19,-5.587642091600276e-20
3.841,1.145161383974752e-19,-5.515722035103605e-20
3.842,1.1313725093540283e-19,-5.444725862710615e-20
3.843,1.1177493826477897e-19,-5.374641728415539e-20
3.844,1.1042900152310372e-19,-5.305457937829365e-20
3.845,1.0909924422888733e-19,-5.237162946242655e-20
3.846,1.0778547225320716e-19,-5.1697453567130686e-20
3.847,1.0648749379160317e-19,-5.103193918177286e-20
3.848,1.0520511933630872e-19,-5.0374975235870125e-20
3.849,1.03938161648812e-19,-4.9726452080687625e-20
3.85,1.0268643573274448e-19,-4.908626147107116e-20
3.851,1.0144975880709261e-19,-4.845429654751153e-20
3.852,1.002279502797286e-19,-4.783045181843766e-20
3.853,9.90208317212567e-20,-4.721462314273562e-20
3.854,9.78282268391713e-20,-4.6606707712490716e-20
3.855,9.664996145232281e-20,-4.600660403594963e-20
3.856,9.548586346568824e-20,-4.541421192070009e-20
3.857,9.433576284544207e-20,-4.4829432457064977e-20
3.858,9.319949159432467e-20,-4.4252168001708447e-20
3.859,9.207688372730407e-20,-4.368232216145111e-20
3.86,9.096777524752802e-20,-4.311979977729177e-20
3.861,8.987200412256265e-20,-4.256450690863304e-20
3.862,8.878941026091443e-20,-4.2016350817708196e-20
3.863,8.771983548883205e-20,-4.1475239954206786e-20
3.864,8.666312352738486e-20,-4.0941083940096394e-20
3.865,8.561911996981458e-20,-4.0413793554638093e-20
3.866,8.458767225915708e-20,-3.9893280719593116e-20
3.867,8.356862966613103e-20,-3.9379458484618316e-20
3.868,8.256184326729012e-20,-3.887224101284796e-20
3.869,8.156716592343584e-20,-3.837154356665959e-20
3.87,8.058445225828767e-20,-3.787728249362145e-20
3.871,7.961355863740774e-20,-3.738937521261934e-20
3.872,7.86543431473766e-20,-3.690774020016048e-20
3.873,7.770666557521761e-20,-3.643229697685219e-20
3.874,7.677038738806645e-20,-3.5962966094053095e-20
3.875,7.584537171308338e-20,-3.5499669120694794e-20
3.876,7.493148331760485e-20,-3.504232863027166e-20
3.877,7.4028588589532e-20,-3.45908681879967e-20
3.878,7.313655551795306e-20,-3.414521233812142e-20
3.879,7.225525367399684e-20,-3.370528659141747e-20
3.88,7.138455419191467e-20,-3.3271017412818124e-20
3.881,7.052432975038796e-20,-3.28423322092175e-20
3.882,6.967445455405885e-20,-3.241915931742555e-20
3.883,6.883480431528106e-20,-3.2001427992276756e-20
3.884,6.800525623608857e-20,-3.158906839489069e-20
3.885,6.718568899037942e-20,-3.1182011581082404e-20
3.886,6.637598270631195e-20,-3.0780189489920754e-20
3.887,6.557601894891123e-20,-3.038353493243288e-20
3.888,6.4785680702883e-20,-2.999198158045278e-20
3.889,6.400485235563257e-20,-2.960546395561233e-20
3.89,6.323341968048645e-20,-2.9223917418472875e-20
3.891,6.247126982011418e-20,-2.8847278157795497e-20
3.892,6.1718291270148e-20,-2.847548317994837e-20
3.893,6.097437386299794e-20,-2.8108470298449307e-20
3.894,6.023940875186013e-20,-2.774617812364187e-20
3.895,5.95132883949159e-20,-2.738854605250326e-20
3.896,5.879590653971957e-20,-2.7035514258582406e-20
3.897,5.808715820777242e-20,-2.6687023682066485e-20
3.898,5.738693967928091e-20,-2.634301601997431e-20
3.899,5.66951484780968e-20,-2.600343371647496e-20
3.9,5.601168335683693e-20,-2.5668219953330016e-20
3.901,5.53364442821808e-20,-2.533731864045787e-20
3.902,5.466933242034349e-20,-2.5010674406618537e-20
3.903,5.401025012272207e-20,-2.468823259021741e-20
3.904,5.33591009117134e-20,-2.4369939230226495e-20
3.905,5.271578946670115e-20,-2.4055741057221548e-20
3.906,5.208022161021019e-20,-2.3745585484533745e-20
3.907,5.1452304294226236e-20,-2.3439420599514303e-20
3.908,5.083194558667887e-20,-2.3137195154910706e-20
3.909,5.0219054658085936e-20,-2.2838858560353088e-20
3.91,4.961354176835738e-20,-2.254436087394932e-20
3.911,4.9015318253756684e-20,-2.2253652793987486e-20
3.912,4.842429651401801e-20,-2.1966685650744342e-20
3.913,4.784038999961712e-20,-2.1683411398398408e-20
3.914,4.726351319919438e-20,-2.1403782607046346e-20
3.915,4.6693581627127896e-20,-2.1127752454821353e-20
3.916,4.613051181125508e-20,-2.085527472011223e-20
3.917,4.5574221280740864e-20,-2.0586303773881807e-20
3.918,4.5024628554090805e-20,-2.032079457208358e-20
3.919,4.4481653127307326e-20,-2.0058702648175163e-20
3.92,4.394521546218744e-20,-1.9799984105727405e-20
3.921,4.3415236974760264e-20,-1.9544595611127944e-20
3.922,4.289164002386261e-20,-1.929249438637797e-20
3.923,4.237434789985106e-20,-1.9043638201981012e-20
3.924,4.186328481344887e-20,-1.8797985369922615e-20
3.925,4.135837588472611e-20,-1.855549473673967e-20
3.926,4.085954713221147e-20,-1.8316125676678342e-20
3.927,4.0366725462134075e-20,-1.807983808493939e-20
3.928,3.987983865779391e-20,-1.7846592371009825e-20
3.929,3.9398815369059166e-20,-1.7616349452079748e-20
3.93,3.8923585101989126e-20,-1.7389070746543344e-20
3.931,3.8454078208581004e-20,-1.7164718167582888e-20
3.932,3.799022587663927e-20,-1.6943254116834774e-20
3.933,3.753196011976607e-20,-1.672464147813646e-20
3.934,3.707921376747124e-20,-1.6508843611353345e-20
3.935,3.6631920455400454e-20,-1.6295824346284534e-20
3.936,3.619001461568021e-20,-1.608554797664646e-20
3.937,3.575343146737812e-20,-1.5877979254133445e-20
3.938,3.5322107007077284e-20,-1.567308338255413e-20
3.939,3.4895977999563255e-20,-1.5470826012042874e-20
3.94,3.4474981968622296e-20,-1.5271173233345106e-20
3.941,3.405905718794966e-20,-1.5074091572175768e-20
3.942,3.3648142672166497e-20,-1.487954798364981e-20
3.943,3.324217816794412e-20,-1.4687509846783927e-20
3.944,3.2841104145234413e-20,-1.449794495906853e-20
3.945,3.2444861788604993e-20,-1.4310821531109138e-20
3.946,3.205339298867799e-20,-1.4126108181336242e-20
3.947,3.1666640333671154e-20,-1.3943773930782824e-20
3.948,3.1284547101040067e-20,-1.3763788197928594e-20
3.949,3.090705724922029e-20,-1.3586120793610175e-20
3.95,3.053411540946822e-20,-1.3410741915996346e-20
3.951,3.016566687779947e-20,-1.3237622145627506e-20
3.952,2.9801657607023654e-20,-1.3066732440518577e-20
3.953,2.944203419887441e-20,-1.2898044131324502e-20
3.954,2.908674389623348e-20,-1.2731528916567567e-20
3.955,2.8735734575447796e-20,-1.2567158857925728e-20
3.956,2.8388954738738426e-20,-1.2404906375581182e-20
3.957,2.804635350670026e-20,-1.2244744243628429e-20
3.958,2.770788061089143e-20,-1.2086645585541016e-20
3.959,2.737348638651127e-20,-1.193058386969628e-20
3.96,2.704312176516594e-20,-1.1776532904957286e-20
3.961,2.671673826772045e-20,-1.1624466836311277e-20
3.962,2.639428799723625e-20,-1.1474360140563889e-20
3.963,2.6075723631993236e-20,-1.1326187622088436e-20
3.964,2.5760998418595235e-20,-1.117992440862953e-20
3.965,2.5450066165157937e-20,-1.1035545947160396e-20
3.966,2.514288123457829e-20,-1.0893027999793143e-20
3.967,2.4839398537884425e-20,-1.0752346639741346e-20
3.968,2.4539573527665104e-20,-1.0613478247334258e-20
3.969,2.4243362191577757e-20,-1.047639950608201e-20
3.97,2.395072104593419e-20,-1.0341087398791114e-20
3.971,2.3661607129363005e-20,-1.0207519203729673e-20
3.972,2.3375977996547853e-20,-1.0075672490841616e-20
3.973,2.3093791712040558e-20,-9.94552511800937e-21
3.974,2.281500684414831e-20,-9.817055227364333e-21
3.975,2.2539582458893924e-20,-9.690241241644526e-21
3.976,2.2267478114048417e-20,-9.565061860598859e-21
3.977,2.199865385323494e-20,-9.44149605743737e-21
3.978,2.1733070200103262e-20,-9.319523075326883e-21
3.979,2.1470688152573973e-20,-9.199122423931496e-21
3.98,2.1211469177151528e-20,-9.080273875997319e-21
3.981,2.095537520330536e-20,-8.9629574639809e-21
3.982,2.0702368617918215e-20,-8.847153476720791e-21
3.983,2.0452412259800933e-20,-8.732842456151697e-21
3.984,2.0205469414272845e-20,-8.620005194060648e-21
3.985,1.9961503807807047e-20,-8.508622728884688e-21
3.986,1.9720479602739753e-20,-8.398676342549532e-21
3.987,1.948236139204294e-20,-8.290147557348658e-21
3.988,1.9247114194159592e-20,-8.183018132862347e-21
3.989,1.9014703447900717e-20,-8.077270062916134e-21
3.99,1.8785095007403476e-20,-7.972885572578177e-21
3.991,1.8558255137149623e-20,-7.86984711519505e-21
3.992,1.83341505070436e-20,-7.76813736946546e-21
3.993,1.811274818754952e-20,-7.667739236551418e-21
3.994,1.7894015644886383e-20,-7.568635837226365e-21
3.995,1.767792073628078e-20,-7.4708105090598e-21
3.996,1.7464431705276456e-20,-7.374246803637942e-21
3.997,1.7253517177099994e-20,-7.278928483819936e-21
3.998,1.7045146154081988e-20,-7.184839521029209e-21
3.999,1.6839288011133036e-20,-7.091964092579458e-21
4.0,1.663591249127389e-20,-7.000286579034875e-21
