M omega,Re(tilde_Psi_4),Im(tilde_Psi_4)
-4.0,-2.788707137871315e-20,2.952491341156025e-20
-3.999,-2.8247247291147273e-20,2.988434487968485e-20
-3.998,-2.8612073020862274e-20,3.024813831583114e-20
-3.997,-2.898160856696598e-20,3.061634646623876e-20
-3.996,-2.9355914702345604e-20,3.098902271234015e-20
-3.995,-2.9735052983640794e-20,3.1366221078373146e-20
-3.994,-3.011908576134506e-20,3.1747996239084295e-20
-3.993,-3.050807619003733e-20,3.213440352752399e-20
-3.992,-3.0902088238745333e-20,3.252549894293449e-20
-3.991,-3.130118670144235e-20,3.292133915873187e-20
-3.99,-3.170543720767928e-20,3.332198153058316e-20
-3.989,-3.211490623335355e-20,3.37274841045796e-20
-3.988,-3.2529661111616766e-20,3.4137905625507335e-20
-3.987,-3.2949770043922816e-20,3.4553305545216545e-20
-3.986,-3.33753021112183e-20,3.4973744031090336e-20
-3.985,-3.380632728527706e-20,3.539928197461441e-20
-3.984,-3.424291644018064e-20,3.582998100004881e-20
-3.983,-3.468514136394668e-20,3.6265903473202955e-20
-3.982,-3.5133074770307007e-20,3.670711251031508e-20
-3.981,-3.5586790310637437e-20,3.7153671987037424e-20
-3.98,-3.604636258604119e-20,3.76056465475284e-20
-3.979,-3.651186715958794e-20,3.8063101613652953e-20
-3.978,-3.698338056871045e-20,3.8526103394292416e-20
-3.977,-3.746098033776087e-20,3.899471889476523e-20
-3.976,-3.794474499072875e-20,3.9469015926359666e-20
-3.975,-3.843475406412278e-20,3.9949063115980095e-20
-3.974,-3.8931088120018443e-20,4.043492991590793e-20
-3.973,-3.943382875927369e-20,4.0926686613678775e-20
-3.972,-3.994305863491482e-20,4.142440434207702e-20
-3.971,-4.045886146569463e-20,4.192815508924935e-20
-3.97,-4.098132204982532e-20,4.243801170893855e-20
-3.969,-4.151052627888804e-20,4.2954047930839036e-20
-3.968,-4.2046561151921735e-20,4.3476338371075463e-20
-3.967,-4.2589514789693244e-20,4.400495854280606e-20
-3.966,-4.313947644915127e-20,4.453998486695193e-20
-3.965,-4.369653653806637e-20,4.5081494683054e-20
-3.964,-4.426078662985953e-20,4.562956626025896e-20
-3.963,-4.483231947862162e-20,4.6184278808435883e-20
-3.962,-4.5411229034326264e-20,4.6745712489424904e-20
-3.961,-4.5997610458238555e-20,4.7313948428419667e-20
-3.96,-4.659156013852223e-20,4.7889068725484956e-20
-3.959,-4.719317570604773e-20,4.84711564672113e-20
-3.958,-4.780255605040384e-20,4.9060295738507953e-20
-3.957,-4.8419801336115454e-20,4.96565716345361e-20
-3.956,-4.904501301907015e-20,5.026007027278373e-20
-3.955,-4.9678293863156295e-20,5.087087880528402e-20
-3.954,-5.03197479571153e-20,5.148908543097884e-20
-3.953,-5.0969480731610897e-20,5.211477940822907e-20
-3.952,-5.162759897651814e-20,5.274805106747353e-20
-3.951,-5.229421085843504e-20,5.338899182403823e-20
-3.95,-5.296942593841958e-20,5.4037694191097704e-20
-3.949,-5.3653355189955136e-20,5.469425179279025e-20
-3.948,-5.434611101714718e-20,5.535875937748887e-20
-3.947,-5.504780727315425e-20,5.603131283122974e-20
-3.946,-5.575855927885611e-20,5.671200919130013e-20
-3.945,-5.647848384176241e-20,5.740094665998751e-20
-3.944,-5.720769927516462e-20,5.809822461849192e-20
-3.943,-5.794632541753453e-20,5.880394364100336e-20
-3.942,-5.869448365217257e-20,5.95182055089463e-20
-3.941,-5.945229692710898e-20,6.024111322539311e-20
-3.94,-6.021988977526119e-20,6.097277102964857e-20
-3.939,-6.099738833485064e-20,6.171328441200736e-20
-3.938,-6.178492037008254e-20,6.246276012868658e-20
-3.937,-6.258261529209171e-20,6.322130621693539e-20
-3.936,-6.339060418015809e-20,6.398903201032388e-20
-3.935,-6.420901980319536e-20,6.476604815421316e-20
-3.934,-6.503799664151618e-20,6.555246662140903e-20
-3.933,-6.587767090887748e-20,6.634840072800107e-20
-3.932,-6.672818057480969e-20,6.715396514938962e-20
-3.931,-6.758966538723323e-20,6.796927593650273e-20
-3.93,-6.846226689536623e-20,6.879445053220536e-20
-3.929,-6.934612847292704e-20,6.962960778790294e-20
-3.928,-7.024139534163539e-20,7.047486798034187e-20
-3.927,-7.114821459501608e-20,7.133035282860897e-20
-3.926,-7.206673522250897e-20,7.219618551133243e-20
-3.925,-7.299710813388946e-20,7.307249068408653e-20
-3.924,-7.393948618400304e-20,7.395939449700254e-20
-3.923,-7.489402419781837e-20,7.485702461258826e-20
-3.922,-7.586087899580279e-20,7.576551022375857e-20
-3.921,-7.684020941962433e-20,7.668498207207958e-20
-3.92,-7.783217635818461e-20,7.76155724662288e-20
-3.919,-7.883694277398674e-20,7.855741530067392e-20
-3.918,-7.985467372984256e-20,7.951064607457273e-20
-3.917,-8.088553641592366e-20,8.04754019108968e-20
-3.916,-8.19297001771605e-20,8.145182157578159e-20
-3.915,-8.298733654099411e-20,8.244004549810553e-20
-3.914,-8.405861924548504e-20,8.344021578930084e-20
-3.913,-8.514372426778393e-20,8.445247626339888e-20
-3.912,-8.624282985296855e-20,8.547697245731262e-20
-3.911,-8.735611654325197e-20,8.651385165135918e-20
-3.91,-8.848376720756654e-20,8.756326289002502e-20
-3.909,-8.962596707152858e-20,8.862535700297705e-20
-3.908,-9.078290374778873e-20,8.970028662632196e-20
-3.907,-9.195476726677284e-20,9.078820622411728e-20
-3.906,-9.314175010781842e-20,9.188927211013668e-20
-3.905,-9.434404723071177e-20,9.30036424698927e-20
-3.904,-9.556185610763098e-20,9.413147738291993e-20
-3.903,-9.679537675549987e-20,9.527293884532153e-20
-3.902,-9.804481176875838e-20,9.642819079258249e-20
-3.901,-9.931036635255448e-20,9.759739912265235e-20
-3.9,-1.005922483563634e-19,9.878073171930092e-20
-3.899,-1.0189066830803915e-19,9.997835847574992e-20
-3.898,-1.032058394483045e-19,1.0119045131858404e-19
-3.897,-1.0453797776568452e-19,1.0241718423194429e-19
-3.896,-1.0588730203188971e-19,1.0365873328200748e-19
-3.895,-1.0725403383765439e-19,1.0491527664175469e-19
-3.894,-1.0863839762903615e-19,1.0618699461603247e-19
-3.893,-1.1004062074418242e-19,1.0747406966690995e-19
-3.892,-1.1146093345057005e-19,1.0877668643933549e-19
-3.891,-1.128995689827241e-19,1.1009503178709633e-19
-3.89,-1.1435676358042166e-19,1.1142929479908466e-19
-3.889,-1.1583275652738766e-19,1.1277966682587408e-19
-3.888,-1.1732779019048806e-19,1.1414634150660943e-19
-3.887,-1.1884211005942757e-19,1.1552951479621442e-19
-3.886,-1.20375964786958e-19,1.1692938499292016e-19
-3.885,-1.2192960622960395e-19,1.1834615276611871e-19
-3.884,-1.2350328948891235e-19,1.197800211845453e-19
-3.883,-1.2509727295323287e-19,1.2123119574479303e-19
-3.882,-1.267118183400355e-19,1.2269988440016416e-19
-3.881,-1.2834719073877295e-19,1.2418629758986155e-19
-3.88,-1.3000365865429414e-19,1.2569064826852474e-19
-3.879,-1.3168149405081624e-19,1.2721315193611413e-19
-3.878,-1.3338097239646259e-19,1.2875402666814778e-19
-3.877,-1.351023727083732e-19,1.3031349314629467e-19
-3.876,-1.3684597759839594e-19,1.318917746893289e-19
-3.875,-1.3861207331936513e-19,1.3348909728444858e-19
-3.874,-1.4040094981197576e-19,1.3510568961896412e-19
-3.873,-1.422129007522605e-19,1.3674178311235996e-19
-3.872,-1.4404822359967742e-19,1.3839761194873433e-19
-3.871,-1.459072196458164e-19,1.4007341310962114e-19
-3.87,-1.4779019406373196e-19,1.417694264071988e-19
-3.869,-1.4969745595791061e-19,1.4348589451789021e-19
-3.868,-1.5162931841488108e-19,1.4522306301635878e-19
-3.867,-1.535860985544754e-19,1.4698118040990467e-19
-3.866,-1.5556811758174936e-19,1.4876049817326655e-19
-3.865,-1.5757570083957085e-19,1.5056127078383288e-19
-3.864,-1.5960917786188446e-19,1.5238375575726815e-19
-3.863,-1.6166888242766136e-19,1.5422821368355844e-19
-3.862,-1.63755152615543e-19,1.560949082634815e-19
-3.861,-1.658683308591874e-19,1.5798410634550616e-19
-3.86,-1.6800876400332784e-19,1.5989607796312597e-19
-3.859,-1.7017680336055188e-19,1.6183109637263264e-19
-3.858,-1.7237280476881117e-19,1.637894380913335e-19
-3.857,-1.7459712864967054e-19,1.6577138293621927e-19
-3.856,-1.768501400673065e-19,1.6777721406308627e-19
-3.855,-1.791322087882643e-19,1.6980721800611938e-19
-3.854,-1.8144370934198366e-19,1.7186168471794034e-19
-3.853,-1.8378502108210281e-19,1.7394090761012724e-19
-3.852,-1.8615652824855093e-19,1.7604518359421069e-19
-3.851,-1.8855862003043916e-19,1.7817481312315176e-19
-3.85,-1.909916906297604e-19,1.803301002333081e-19
-3.849,-1.934561393259082e-19,1.8251135258689318e-19
-3.848,-1.9595237054102541e-19,1.847188815149347e-19
-3.847,-1.9848079390619322e-19,1.869530020607382e-19
-3.846,-2.010418243284713e-19,1.8921403302386125e-19
-3.845,-2.0363588205880002e-19,1.915022970046045e-19
-3.844,-2.0626339276077595e-19,1.938181204490258e-19
-3.843,-2.0892478758031158e-19,1.9616183369448285e-19
-3.842,-2.1162050321619094e-19,1.9853377101571116e-19
-3.841,-2.1435098199153233e-19,2.0093427067144317e-19
-3.84,-2.1711667192617014e-19,2.0336367495157496e-19
-3.839,-2.1991802680996707e-19,2.0582233022488701e-19
-3.838,-2.227555062770696e-19,2.0831058698732514e-19
-3.837,-2.256295758811173e-19,2.1082879991084856e-19
-3.836,-2.2854070717142033e-19,2.1337732789285134e-19
-3.835,-2.3148937777011547e-19,2.1595653410616399e-19
-3.834,-2.344760714503146e-19,2.185667860496419e-19
-3.833,-2.3750127821525796e-19,2.212084555993479e-19
-3.832,-2.4056549437848507e-19,2.238819190603346e-19
-3.831,-2.436692226450364e-19,2.2658755721903554e-19
-3.83,-2.46812972193699e-19,2.293257553962696e-19
-3.829,-2.4999725876030966e-19,2.320969035008687e-19
-3.828,-2.532226047221291e-19,2.34901396083933e-19
-3.827,-2.564895391833007e-19,2.3773963239372374e-19
-3.826,-2.597985980614081e-19,2.40612016431199e-19
-3.825,-2.631503241751456e-19,2.4351895700620106e-19
-3.824,-2.665452673331155e-19,2.464608677943019e-19
-3.823,-2.6998398442376724e-19,2.49438167394316e-19
-3.822,-2.7346703950649253e-19,2.5245127938648666e-19
-3.821,-2.769950039038918e-19,2.5550063239135396e-19
-3.82,-2.8056845629522647e-19,2.5858666012931366e-19
-3.819,-2.84187982811073e-19,2.617098014808727e-19
-3.818,-2.878541771291931e-19,2.648705005476116e-19
-3.817,-2.9156764057163714e-19,2.680692067138603e-19
-3.816,-2.9532898220309496e-19,2.7130637470909697e-19
-3.815,-2.9913881893051165e-19,2.745824646710773e-19
-3.814,-3.0299777560398337e-19,2.7789794220970296e-19
-3.813,-3.069064851189503e-19,2.812532784716382e-19
-3.812,-3.108655885197032e-19,2.846489502056825e-19
-3.811,-3.148757351042204e-19,2.880854398289091e-19
-3.81,-3.1893758253035224e-19,2.9156323549357676e-19
-3.809,-3.2305179692337055e-19,2.950828311548255e-19
-3.808,-3.272190529849003e-19,2.9864472663916393e-19
-3.807,-3.314400341032517e-19,3.022494277137579e-19
-3.806,-3.3571543246517004e-19,3.058974461565299e-19
-3.805,-3.4004594916902203e-19,3.0958929982707863e-19
-3.804,-3.444322943394369e-19,3.133255127384275e-19
-3.803,-3.4887518724342093e-19,3.171066151296127e-19
-3.802,-3.533753564079644e-19,3.2093314353911963e-19
-3.801,-3.5793353973915974e-19,3.2480564087917813e-19
-3.8,-3.6255048464285114e-19,3.2872465651092627e-19
-3.799,-3.672269481468343e-19,3.326907463204525e-19
-3.798,-3.719636970246267e-19,3.3670447279572664e-19
-3.797,-3.7676150792082895e-19,3.407664051044298e-19
-3.796,-3.816211674780965e-19,3.4487711917269373e-19
-3.795,-3.8654347246574377e-19,3.4903719776475986e-19
-3.794,-3.915292299100007e-19,3.5324723056356914e-19
-3.793,-3.965792572259432e-19,3.57507814252293e-19
-3.792,-4.0169438235111884e-19,3.6181955259681623e-19
-3.791,-4.0687544388089025e-19,3.661830565291833e-19
-3.79,-4.121232912055172e-19,3.7059894423201895e-19
-3.789,-4.174387846490005e-19,3.750678412239338e-19
-3.788,-4.2282279560971e-19,3.795903804459274e-19
-3.787,-4.282762067028196e-19,3.8416720234879934e-19
-3.786,-4.337999119045725e-19,3.887989549815803e-19
-3.785,-4.393948166984007e-19,3.9348629408099516e-19
-3.784,-4.450618382229208e-19,3.982298831619696e-19
-3.783,-4.508019054218331e-19,4.0303039360919244e-19
-3.782,-4.566159591957452e-19,4.0788850476974577e-19
-3.781,-4.6250495255594775e-19,4.128049040468155e-19
-3.78,-4.68469850780165e-19,4.177802869944944e-19
-3.779,-4.745116315703066e-19,4.2281535741369054e-19
-3.778,-4.806312852122474e-19,4.2791082744915333e-19
-3.777,-4.868298147376584e-19,4.33067417687631e-19
-3.776,-4.931082360879185e-19,4.382858572571715e-19
-3.775,-4.994675782801308e-19,4.435668839275807e-19
-3.774,-5.059088835752731e-19,4.489112442120511e-19
-3.773,-5.124332076485078e-19,4.543196934699736e-19
-3.772,-5.190416197616802e-19,4.597929960109485e-19
-3.771,-5.257352029380331e-19,4.653319252000054e-19
-3.77,-5.325150541391655e-19,4.709372635640507e-19
-3.769,-5.393822844442648e-19,4.766098028995525e-19
-3.768,-5.463380192316421e-19,4.823503443814807e-19
-3.767,-5.533833983625986e-19,4.881596986735136e-19
-3.766,-5.605195763676552e-19,4.9403868603952805e-19
-3.765,-5.677477226351729e-19,4.999881364563869e-19
-3.764,-5.750690216023979e-19,5.06008889728038e-19
-3.763,-5.824846729489597e-19,5.121017956009411e-19
-3.762,-5.89995891792855e-19,5.182677138808377e-19
-3.761,-5.976039088889494e-19,5.245075145508778e-19
-3.76,-6.053099708300289e-19,5.308220778911209e-19
-3.759,-6.131153402504333e-19,5.372122945994269e-19
-3.758,-6.210212960323063e-19,5.436790659137511e-19
-3.757,-6.290291335144935e-19,5.502233037358622e-19
-3.756,-6.371401647041253e-19,5.568459307564963e-19
-3.755,-6.453557184909157e-19,5.635478805819671e-19
-3.754,-6.536771408642146e-19,5.703300978622455e-19
-3.753,-6.621057951328482e-19,5.771935384205282e-19
-3.752,-6.706430621477821e-19,5.841391693843105e-19
-3.751,-6.792903405276442e-19,5.911679693179818e-19
-3.75,-6.880490468871459e-19,5.9828092835696035e-19
-3.749,-6.969206160684342e-19,6.054790483433858e-19
-3.748,-7.059065013754172e-19,6.127633429633859e-19
-3.747,-7.150081748110983e-19,6.201348378859385e-19
-3.746,-7.242271273179587e-19,6.27594570903342e-19
-3.745,-7.335648690214262e-19,6.351435920733189e-19
-3.744,-7.430229294764718e-19,6.427829638627654e-19
-3.743,-7.526028579173728e-19,6.505137612931703e-19
-3.742,-7.623062235106827e-19,6.5833707208771915e-19
-3.741,-7.721346156114511e-19,6.662539968201053e-19
-3.74,-7.82089644022732e-19,6.7426564906506615e-19
-3.739,-7.921729392584268e-19,6.823731555506637e-19
-3.738,-8.023861528095006e-19,6.905776563123317e-19
-3.737,-8.12730957413618e-19,6.988803048487069e-19
-3.736,-8.232090473282413e-19,7.072822682792668e-19
-3.735,-8.338221386072351e-19,7.157847275037933e-19
-3.734,-8.445719693810228e-19,7.243888773636841e-19
-3.733,-8.554603001403407e-19,7.330959268051325e-19
-3.732,-8.664889140236353e-19,7.419070990441961e-19
-3.731,-8.776596171081506e-19,7.508236317337781e-19
-3.73,-8.889742387047534e-19,7.598467771325412e-19
-3.729,-9.004346316565438e-19,7.689778022757764e-19
-3.728,-9.120426726412996e-19,7.782179891482501e-19
-3.727,-9.23800262477804e-19,7.875686348590511e-19
-3.726,-9.357093264361062e-19,7.970310518184607e-19
-3.725,-9.477718145517662e-19,8.066065679168686e-19
-3.724,-9.59989701944132e-19,8.162965267057587e-19
-3.723,-9.723649891387054e-19,8.261022875807877e-19
-3.722,-9.848997023936457e-19,8.360252259669806e-19
-3.721,-9.975958940304636e-19,8.460667335060682e-19
-3.72,-1.0104556427689633e-18,8.56228218245988e-19
-3.719,-1.0234810540664819e-18,8.665111048325783e-19
-3.718,-1.0366742604614853e-18,8.769168347034843e-19
-3.717,-1.050037421921575e-18,8.874468662843071e-19
-3.716,-1.0635727261959614e-18,8.981026751870174e-19
-3.715,-1.0772823891724628e-18,9.08885754410661e-19
-3.714,-1.0911686552390865e-18,9.19797614544383e-19
-3.713,-1.1052337976502515e-18,9.308397839727944e-19
-3.712,-1.1194801188977129e-18,9.420138090837126e-19
-3.711,-1.1339099510862465e-18,9.533212544782961e-19
-3.71,-1.1485256563141563e-18,9.64763703183608e-19
-3.709,-1.1633296270586662e-18,9.763427568676296e-19
-3.708,-1.1783242865662585e-18,9.880600360567559e-19
-3.707,-1.1935120892480223e-18,9.999171803558004e-19
-3.706,-1.2088955210800766e-18,1.0119158486705358e-18
-3.705,-1.2244771000091322e-18,1.024057719432803e-18
-3.704,-1.2402593763632607e-18,1.0363444908282138e-18
-3.703,-1.2562449332679336e-18,1.0487778810264794e-18
-3.702,-1.272436387067402e-18,1.061359628414393e-18
-3.701,-1.2888363877514845e-18,1.0740914918314992e-18
-3.7,-1.3054476193878323e-18,1.0869752508084758e-18
-3.699,-1.3222728005597428e-18,1.1000127058082635e-18
-3.698,-1.33931468480959e-18,1.1132056784699743e-18
-3.697,-1.356576061087948e-18,1.126556011855606e-18
-3.696,-1.3740597542084773e-18,1.1400655706995993e-18
-3.695,-1.3917686253086483e-18,1.153736241661268e-18
-3.694,-1.4097055723163773e-18,1.167569933580134e-18
-3.693,-1.4278735304226527e-18,1.1815685777341998e-18
-3.692,-1.4462754725602226e-18,1.1957341281011971e-18
-3.691,-1.4649144098884287e-18,1.2100685616228349e-18
-3.69,-1.4837933922842595e-18,1.2245738784720926e-18
-3.689,-1.5029155088397057e-18,1.2392521023235832e-18
-3.688,-1.5222838883654966e-18,1.2541052806270286e-18
-3.687,-1.5419016999013014e-18,1.2691354848838755e-18
-3.686,-1.5617721532324767e-18,1.2843448109270937e-18
-3.685,-1.5818984994134438e-18,1.2997353792041895e-18
-3.684,-1.6022840312977824e-18,1.3153093350634696e-18
-3.683,-1.6229320840751253e-18,1.3310688490435952e-18
-3.682,-1.6438460358149428e-18,1.3470161171664622e-18
-3.681,-1.6650293080173012e-18,1.3631533612334441e-18
-3.68,-1.6864853661706923e-18,1.3794828291250372e-18
-3.679,-1.708217720317015e-18,1.3960067951039455e-18
-3.678,-1.7302299256238094e-18,1.4127275601216448e-18
-3.677,-1.7525255829638296e-18,1.429647452128465e-18
-3.676,-1.775108339502054e-18,1.4467688263872304e-18
-3.675,-1.7979818892902263e-18,1.4640940657904984e-18
-3.674,-1.8211499738690204e-18,1.4816255811814365e-18
-3.673,-1.844616382877938e-18,1.4993658116783793e-18
-3.672,-1.8683849546730215e-18,1.5173172250031074e-18
-3.671,-1.8924595769524976e-18,1.5354823178128893e-18
-3.67,-1.916844187390443e-18,1.553863616036329e-18
-3.669,-1.9415427742785818e-18,1.5724636752130627e-18
-3.668,-1.9665593771763124e-18,1.5912850808373474e-18
-3.667,-1.9918980875690763e-18,1.6103304487055853e-18
-3.666,-2.017563049535168e-18,1.6296024252678294e-18
-3.665,-2.0435584604211026e-18,1.649103687983313e-18
-3.664,-2.0698885715256422e-18,1.6688369456800517e-18
-3.663,-2.0965576887926e-18,1.688804938918559e-18
-3.662,-2.123570173512526e-18,1.7090104403597266e-18
-3.661,-2.1509304430333985e-18,1.7294562551369154e-18
-3.66,-2.1786429714804252e-18,1.750145221232299e-18
-3.659,-2.2067122904850814e-18,1.7710802098575184e-18
-3.658,-2.235142989923495e-18,1.7922641258386825e-18
-3.657,-2.2639397186643046e-18,1.813699908005778e-18
-3.656,-2.2931071853261054e-18,1.835390529586525e-18
-3.655,-2.322650159044614e-18,1.8573389986047396e-18
-3.654,-2.352573470249669e-18,1.879548358283244e-18
-3.653,-2.382882011452195e-18,1.902021687451383e-18
-3.652,-2.4135807380412652e-18,1.924762100957194e-18
-3.651,-2.4446746690913766e-18,1.9477727500842867e-18
-3.65,-2.4761688881800865e-18,1.971056822973479e-18
-3.649,-2.5080685442161296e-18,1.99461754504925e-18
-3.648,-2.540378852278154e-18,2.0184581794510603e-18
-3.647,-2.573105094464216e-18,2.042582027469593e-18
-3.646,-2.6062526207521646e-18,2.066992428987971e-18
-3.645,-2.6398268498710614e-18,2.0916927629280115e-18
-3.644,-2.6738332701837735e-18,2.1166864477015674e-18
-3.643,-2.7082774405808822e-18,2.1419769416670147e-18
-3.642,-2.7431649913860568e-18,2.1675677435909453e-18
-3.641,-2.7785016252730334e-18,2.1934623931151233e-18
-3.64,-2.8142931181943554e-18,2.21966447122876e-18
-3.639,-2.850545320322018e-18,2.2461776007461718e-18
-3.638,-2.8872641570001758e-18,2.2730054467898807e-18
-3.637,-2.924455629710064e-18,2.300151717279212e-18
-3.636,-2.9621258170472917e-18,2.3276201634244616e-18
-3.635,-3.0002808757116654e-18,2.355414580226684e-18
-3.634,-3.0389270415097e-18,2.383538806983173e-18
-3.633,-3.0780706303699866e-18,2.4119967277986908e-18
-3.632,-3.1177180393715737e-18,2.4407922721025175e-18
-3.631,-3.1578757477855336e-18,2.4699294151713784e-18
-3.63,-3.1985503181298836e-18,2.499412178658321e-18
-3.629,-3.2397483972380265e-18,2.529244631127604e-18
-3.628,-3.2814767173408916e-18,2.559430888595669e-18
-3.627,-3.323742097162946e-18,2.5899751150782557e-18
-3.626,-3.3665514430322545e-18,2.6208815231437413e-18
-3.625,-3.409911750004774e-18,2.6521543744727595e-18
-3.624,-3.4538301030030514e-18,2.6837979804241795e-18
-3.623,-3.498313677969526e-18,2.7158167026075122e-18
-3.622,-3.5433697430346075e-18,2.7482149534618124e-18
-3.621,-3.589005659699735e-18,2.7809971968411564e-18
-3.62,-3.63522888403559e-18,2.8141679486067588e-18
-3.619,-3.682046967895673e-18,2.8477317772258133e-18
-3.618,-3.729467560145436e-18,2.8816933043771206e-18
-3.617,-3.777498407907164e-18,2.91605720556359e-18
-3.616,-3.8261473578208164e-18,2.9508282107316826e-18
-3.615,-3.875422357321023e-18,2.986011104897878e-18
-3.614,-3.925331455930452e-18,3.0216107287822416e-18
-3.613,-3.9758828065697495e-18,3.0576319794491685e-18
-3.612,-4.027084666884267e-18,3.0940798109553906e-18
-3.611,-4.078945400587794e-18,3.1309592350053192e-18
-3.61,-4.131473478823513e-18,3.16827532161381e-18
-3.609,-4.184677481542386e-18,3.206033199776431e-18
-3.608,-4.238566098899216e-18,3.2442380581473183e-18
-3.607,-4.2931481326665914e-18,3.2828951457247006e-18
-3.606,-4.348432497666953e-18,3.32200977254418e-18
-3.605,-4.404428223223009e-18,3.3615873103798562e-18
-3.604,-4.461144454626739e-18,3.4016331934533745e-18
-3.603,-4.518590454627217e-18,3.4421529191509966e-18
-3.602,-4.576775604937501e-18,3.4831520487487725e-18
-3.601,-4.635709407760835e-18,3.5246362081459055e-18
-3.6,-4.695401487336397e-18,3.566611088606411e-18
-3.599,-4.7558615915048634e-18,3.609082447509139e-18
-3.598,-4.81709959329402e-18,3.65205610910628e-18
-3.597,-4.879125492524702e-18,3.695537965290431e-18
-3.596,-4.941949417437297e-18,3.7395339763703075e-18
-3.595,-5.005581626339097e-18,3.784050171855229e-18
-3.594,-5.0700325092727475e-18,3.829092651248443e-18
-3.593,-5.1353125897060774e-18,3.874667584849394e-18
-3.592,-5.201432526243577e-18,3.920781214565054e-18
-3.591,-5.268403114359798e-18,3.967439854730384e-18
-3.59,-5.336235288154962e-18,4.014649892938053e-18
-3.589,-5.404940122133065e-18,4.062417790877506e-18
-3.588,-5.474528833002747e-18,4.110750085183479e-18
-3.587,-5.545012781501243e-18,4.159653388294078e-18
-3.586,-5.616403474241695e-18,4.2091343893185174e-18
-3.585,-5.6887125655841204e-18,4.259199854914626e-18
-3.584,-5.761951859530359e-18,4.309856630176231e-18
-3.583,-5.836133311643281e-18,4.361111639530529e-18
-3.582,-5.9112690309905856e-18,4.4129718876455435e-18
-3.581,-5.9873712821134936e-18,4.465444460347801e-18
-3.58,-6.064452487020653e-18,4.518536525550317e-18
-3.579,-6.1425252272075935e-18,4.57225533419101e-18
-3.578,-6.221602245702032e-18,4.626608221181676e-18
-3.577,-6.301696449135384e-18,4.681602606367609e-18
-3.576,-6.382820909840803e-18,4.7372459954980105e-18
-3.575,-6.464988867978088e-18,4.793545981207293e-18
-3.574,-6.5482137336858066e-18,4.850510244007401e-18
-3.573,-6.6325090892609806e-18,4.908146553291271e-18
-3.572,-6.717888691366684e-18,4.966462768347551e-18
-3.571,-6.804366473267912e-18,5.025466839386699e-18
-3.57,-6.891956547096085e-18,5.085166808578601e-18
-3.569,-6.980673206142549e-18,5.145570811101808e-18
-3.568,-7.070530927181445e-18,5.206687076204551e-18
-3.567,-7.161544372822326e-18,5.2685239282776285e-18
-3.566,-7.253728393892903e-18,5.331089787939334e-18
-3.565,-7.347098031852285e-18,5.394393173132517e-18
-3.564,-7.441668521235147e-18,5.458442700233944e-18
-3.563,-7.537455292127162e-18,5.5232470851760685e-18
-3.562,-7.634473972672161e-18,5.58881514458136e-18
-3.561,-7.732740391611368e-18,5.655155796909326e-18
-3.56,-7.83227058085516e-18,5.72227806361636e-18
-3.559,-7.933080778087753e-18,5.7901910703285675e-18
-3.558,-8.035187429405227e-18,5.858904048027695e-18
-3.557,-8.138607191987344e-18,5.9284263342503214e-18
-3.556,-8.243356936803553e-18,5.998767374300448e-18
-3.555,-8.349453751353646e-18,6.069936722475629e-18
-3.554,-8.456914942443504e-18,6.1419440433068025e-18
-3.553,-8.565758038996373e-18,6.214799112811957e-18
-3.552,-8.676000794900129e-18,6.288511819763799e-18
-3.551,-8.787661191890995e-18,6.363092166971554e-18
-3.55,-8.900757442474169e-18,6.438550272577081e-18
-3.549,-9.015307992881841e-18,6.514896371365432e-18
-3.548,-9.131331526069079e-18,6.592140816090024e-18
-3.547,-9.248846964748051e-18,6.670294078812587e-18
-3.546,-9.367873474461097e-18,6.749366752258034e-18
-3.545,-9.48843046669314e-18,6.829369551184438e-18
-3.544,-9.61053760202391e-18,6.910313313768248e-18
-3.543,-9.734214793320548e-18,6.992209003004944e-18
-3.542,-9.859482208971047e-18,7.075067708125268e-18
-3.541,-9.98636027615909e-18,7.158900646027229e-18
-3.54,-1.0114869684180802e-17,7.243719162724016e-18
-3.539,-1.0245031387803939e-17,7.329534734808036e-18
-3.538,-1.037686661067008e-17,7.416358970931212e-18
-3.537,-1.051039684874036e-17,7.50420361330174e-18
-3.536,-1.0645643873785295e-17,7.593080539197473e-18
-3.535,-1.0782629736919266e-17,7.683001762496122e-18
-3.534,-1.0921376772180242e-17,7.773979435222439e-18
-3.533,-1.1061907600155306e-17,7.866025849112579e-18
-3.532,-1.1204245131652578e-17,7.959153437195833e-18
-3.531,-1.1348412571420118e-17,8.053374775393889e-18
-3.53,-1.1494433421912435e-17,8.148702584137852e-18
-3.529,-1.164233148710517e-17,8.245149730003177e-18
-3.528,-1.17921308763586e-17,8.342729227362731e-18
-3.527,-1.1943856008330582e-17,8.441454240058178e-18
-3.526,-1.2097531614939551e-17,8.54133808308986e-18
-3.525,-1.2253182745378236e-17,8.642394224325421e-18
-3.524,-1.2410834770178717e-17,8.74463628622732e-18
-3.523,-1.2570513385329504e-17,8.848078047599477e-18
-3.522,-1.2732244616445288e-17,8.95273344535324e-18
-3.521,-1.2896054822990023e-17,9.058616576292887e-18
-3.52,-1.3061970702554058e-17,9.165741698920866e-18
-3.519,-1.3230019295185977e-17,9.274123235262999e-18
-3.518,-1.3400227987779852e-17,9.383775772713834e-18
-3.517,-1.357262451851863e-17,9.49471406590241e-18
-3.516,-1.3747236981374348e-17,9.606953038578601e-18
-3.515,-1.3924093830665942e-17,9.720507785520304e-18
-3.514,-1.4103223885675327e-17,9.835393574461655e-18
-3.513,-1.4284656335322543e-17,9.951625848042533e-18
-3.512,-1.44684207429007e-17,1.0069220225779564e-17
-3.511,-1.4654547050871485e-17,1.0188192506058845e-17
-3.51,-1.4843065585722015e-17,1.0308558668150646e-17
-3.509,-1.5034007062883804e-17,1.0430334874246292e-17
-3.508,-1.522740259171464e-17,1.0553537471517503e-17
-3.507,-1.5423283680544205e-17,1.0678182994198385e-17
-3.506,-1.5621682241784188e-17,1.0804288165690359e-17
-3.505,-1.5822630597103797e-17,1.0931869900690236e-17
-3.504,-1.6026161482671433e-17,1.106094530734171e-17
-3.503,-1.623230805446341e-17,1.1191531689410503e-17
-3.502,-1.6441103893640558e-17,1.1323646548483425e-17
-3.501,-1.6652583011993602e-17,1.1457307586191597e-17
-3.5,-1.6866779857458157e-17,1.1592532706458096e-17
-3.499,-1.7083729319700264e-17,1.1729340017770277e-17
-3.498,-1.7303466735773347e-17,1.1867747835477051e-17
-3.497,-1.7526027895847492e-17,1.200777468411136e-17
-3.496,-1.7751449049012022e-17,1.2149439299738138e-17
-3.495,-1.797976690915223e-17,1.229276063232802e-17
-3.494,-1.8211018660901272e-17,1.2437757848157055e-17
-3.493,-1.8445241965668184e-17,1.2584450332232751e-17
-3.492,-1.8682474967742923e-17,1.2732857690746657e-17
-3.491,-1.8922756300479512e-17,1.288299975355383e-17
-3.49,-1.9166125092558215e-17,1.3034896576679433e-17
-3.489,-1.941262097432779e-17,1.318856844485276e-17
-3.488,-1.9662284084228795e-17,1.3344035874068994e-17
-3.487,-1.9915155075299068e-17,1.3501319614178957e-17
-3.486,-2.0171275121762318e-17,1.366044065150719e-17
-3.485,-2.0430685925700982e-17,1.382142021149863e-17
-3.484,-2.0693429723814372e-17,1.3984279761394192e-17
-3.483,-2.0959549294263224e-17,1.4149041012935575e-17
-3.482,-2.122908796360172e-17,1.43157259250996e-17
-3.481,-2.1502089613798153e-17,1.448435670686235e-17
-3.48,-2.1778598689345313e-17,1.4654955819993504e-17
-3.479,-2.205866020446177e-17,1.482754598188109e-17
-3.478,-2.234231975038519e-17,1.5002150168387064e-17
-3.477,-2.2629623502758904e-17,1.517879161673398e-17
-3.476,-2.292061822911284e-17,1.5357493828423103e-17
-3.475,-2.321535129644013e-17,1.553828057218428e-17
-3.474,-2.3513870678870502e-17,1.5721175886957938e-17
-3.473,-2.381622496544177e-17,1.5906204084909488e-17
-3.472,-2.4122463367970636e-17,1.6093389754476537e-17
-3.471,-2.44326357290241e-17,1.6282757763449198e-17
-3.47,-2.4746792529992707e-17,1.6474333262083896e-17
-3.469,-2.5064984899267008e-17,1.6668141686250965e-17
-3.468,-2.5387264620518474e-17,1.686420876061645e-17
-3.467,-2.571368414108627e-17,1.706256050185841e-17
-3.466,-2.604429658047115e-17,1.7263223221918133e-17
-3.465,-2.6379155738937952e-17,1.7466223531286603e-17
-3.464,-2.6718316106227944e-17,1.76715883423266e-17
-3.463,-2.7061832870382576e-17,1.7879344872630772e-17
-3.462,-2.7409761926679906e-17,1.8089520648416114e-17
-3.461,-2.776215988668525e-17,1.830214350795517e-17
-3.46,-2.811908408741747e-17,1.8517241605044385e-17
-3.459,-2.848059260063234e-17,1.8734843412509966e-17
-3.458,-2.884674424222458e-17,1.8954977725751677e-17
-3.457,-2.921759858174994e-17,1.9177673666324902e-17
-3.456,-2.959321595206901e-17,1.940296068556145e-17
-3.455,-2.997365745911418e-17,1.9630868568229443e-17
-3.454,-3.035898499178139e-17,1.9861427436232712e-17
-3.453,-3.0749261231948253e-17,2.009466775235014e-17
-3.452,-3.114454966462015e-17,2.03306203240153e-17
-3.451,-3.154491458820595e-17,2.056931630713689e-17
-3.45,-3.195042112492493e-17,2.08107872099603e-17
-3.449,-3.236113523134675e-17,2.1055064896970808e-17
-3.448,-3.2777123709065934e-17,2.1302181592838802e-17
-3.447,-3.3198454215512746e-17,2.1552169886407457e-17
-3.446,-3.362519527490221e-17,2.180506273472331e-17
-3.445,-3.405741628932285e-17,2.206089346711022e-17
-3.444,-3.44951875499672e-17,2.2319695789287057e-17
-3.443,-3.493858024850562e-17,2.2581503787529696e-17
-3.442,-3.5387666488605484e-17,2.284635193287767e-17
-3.441,-3.584251929759739e-17,2.3114275085386e-17
-3.44,-3.630321263829043e-17,2.3385308498422658e-17
-3.439,-3.676982142093832e-17,2.3659487823012097e-17
-3.438,-3.724242151535832e-17,2.393684911222536e-17
-3.437,-3.772108976320497e-17,2.4217428825617254e-17
-3.436,-3.8205903990400523e-17,2.4501263833711005e-17
-3.435,-3.869694301972409e-17,2.4788391422530975e-17
-3.434,-3.919428668356158e-17,2.507884929818386e-17
-3.433,-3.969801583681842e-17,2.537267559148887e-17
-3.432,-4.0208212369997164e-17,2.5669908862657473e-17
-3.431,-4.072495922244207e-17,2.5970588106023077e-17
-3.43,-4.124834039575277e-17,2.627475275482128e-17
-3.429,-4.177844096736925e-17,2.6582442686021136e-17
-3.428,-4.2315347104330225e-17,2.6893698225207985e-17
-3.427,-4.285914607720717e-17,2.7208560151518353e-17
-3.426,-4.340992627421631e-17,2.752706970262747e-17
-3.425,-4.3967777215510653e-17,2.7849268579789937e-17
-3.424,-4.453278956765461e-17,2.8175198952934084e-17
-3.423,-4.510505515828327e-17,2.850490346581055e-17
-3.422,-4.5684666990948903e-17,2.8838425241195637e-17
-3.421,-4.6271719260156954e-17,2.917580788615003e-17
-3.42,-4.686630736659393e-17,2.951709549733341e-17
-3.419,-4.74685279325497e-17,2.9862332666375503e-17
-3.418,-4.807847881753669e-17,3.021156448530422e-17
-3.417,-4.869625913410834e-17,3.0564836552031343e-17
-3.416,-4.9321969263879545e-17,3.092219497589648e-17
-3.415,-4.9955710873751557e-17,3.128368638326975e-17
-3.414,-5.0597586932343916e-17,3.164935792321387e-17
-3.413,-5.124770172663617e-17,3.2019257273206223e-17
-3.412,-5.190616087882193e-17,3.2393432644921464e-17
-3.411,-5.257307136337803e-17,3.277193279007539e-17
-3.41,-5.324854152435152e-17,3.315480700633054e-17
-3.409,-5.393268109286729e-17,3.354210514326427e-17
-3.408,-5.4625601204859077e-17,3.393387760839987e-17
-3.407,-5.532741441902672e-17,3.433017537330133e-17
-3.406,-5.603823473502264e-17,3.4731049979732507e-17
-3.405,-5.675817761187027e-17,3.5136553545881175e-17
-3.404,-5.748735998661758e-17,3.5546738772648765e-17
-3.403,-5.822590029322863e-17,3.5961658950006315e-17
-3.402,-5.897391848171602e-17,3.638136796341741e-17
-3.401,-5.973153603751767e-17,3.680592030032871e-17
-3.4,-6.049887600112061e-17,3.723537105672873e-17
-3.399,-6.127606298793528e-17,3.766977594377561e-17
-3.398,-6.20632232084233e-17,3.8109191294494537e-17
-3.397,-6.286048448848207e-17,3.855367407054546e-17
-3.396,-6.366797629008936e-17,3.9003281869061886e-17
-3.395,-6.448582973221137e-17,3.9458072929561405e-17
-3.394,-6.531417761197738e-17,3.9918106140928676e-17
-3.393,-6.615315442612463e-17,4.038344104847154e-17
-3.392,-6.70028963927166e-17,4.085413786105112e-17
-3.391,-6.786354147313846e-17,4.133025745828643e-17
-3.39,-6.873522939437307e-17,4.181186139783447e-17
-3.389,-6.961810167156096e-17,4.229901192274634e-17
-3.388,-7.051230163084826e-17,4.2791771968900255e-17
-3.387,-7.141797443252584e-17,4.329020517251217e-17
-3.386,-7.233526709446374e-17,4.379437587772477e-17
-3.385,-7.326432851584439e-17,4.430434914427565e-17
-3.384,-7.420530950119848e-17,4.482019075524539e-17
-3.383,-7.515836278474736e-17,4.534196722488634e-17
-3.382,-7.612364305505603e-17,4.586974580653297e-17
-3.381,-7.710130698000022e-17,4.640359450059442e-17
-3.38,-7.809151323205215e-17,4.6943582062630283e-17
-3.379,-7.909442251388849e-17,4.748977801151021e-17
-3.378,-8.011019758432499e-17,4.80422526376583e-17
-3.377,-8.113900328458177e-17,4.860107701138308e-17
-3.376,-8.21810065648835e-17,4.9166322991293835e-17
-3.375,-8.323637651139868e-17,4.973806323280423e-17
-3.374,-8.430528437352256e-17,5.031637119672401e-17
-3.373,-8.538790359150769e-17,5.090132115793962e-17
-3.372,-8.648440982444693e-17,5.14929882141847e-17
-3.371,-8.759498097861308e-17,5.2091448294901186e-17
-3.37,-8.871979723615985e-17,5.269677817019206e-17
-3.369,-8.985904108418878e-17,5.330905545986647e-17
-3.368,-9.101289734418654e-17,5.3928358642578236e-17
-3.367,-9.218155320183767e-17,5.455476706505857e-17
-3.366,-9.336519823721719e-17,5.5188360951443975e-17
-3.365,-9.45640244553682e-17,5.58292214127002e-17
-3.364,-9.577822631726913e-17,5.647743045614319e-17
-3.363,-9.700800077119578e-17,5.713307099505792e-17
-3.362,-9.825354728448306e-17,5.779622685841618e-17
-3.361,-9.951506787569154e-17,5.846698280069407e-17
-3.36,-1.0079276714718401e-16,5.914542451179037e-17
-3.359,-1.0208685231811716e-16,5.983163862704653e-17
-3.358,-1.0339753325785376e-16,6.052571273736943e-17
-3.357,-1.0472502251980065e-16,6.122773539945785e-17
-3.356,-1.0606953537567795e-16,6.193779614613352e-17
-3.355,-1.0743128985022493e-16,6.265598549677797e-17
-3.354,-1.0881050675634817e-16,6.338239496787585e-17
-3.353,-1.1020740973071768e-16,6.411711708366623e-17
-3.352,-1.116222252698164e-16,6.486024538690228e-17
-3.351,-1.1305518276644932e-16,6.561187444972098e-17
-3.35,-1.1450651454671744e-16,6.637209988462341e-17
-3.349,-1.1597645590746317e-16,6.71410183555669e-17
-3.348,-1.1746524515419253e-16,6.79187275891702e-17
-3.347,-1.1897312363948078e-16,6.870532638603234e-17
-3.346,-1.2050033580186708e-16,6.950091463216675e-17
-3.345,-1.2204712920524473e-16,7.030559331055132e-17
-3.344,-1.2361375457875344e-16,7.111946451279574e-17
-3.343,-1.2520046585717947e-16,7.194263145092701e-17
-3.342,-1.2680752022187062e-16,7.277519846929448e-17
-3.341,-1.2843517814217227e-16,7.361727105659532e-17
-3.34,-1.3008370341739153e-16,7.446895585802157e-17
-3.339,-1.317533632192954e-16,7.533036068753015e-17
-3.338,-1.334444281351509e-16,7.620159454023654e-17
-3.337,-1.3515717221131268e-16,7.708276760493367e-17
-3.336,-1.3689187299736645e-16,7.797399127673704e-17
-3.335,-1.386488115908341e-16,7.887537816985716e-17
-3.334,-1.4042827268244862e-16,7.978704213050061e-17
-3.333,-1.4223054460200525e-16,8.070909824990084e-17
-3.332,-1.4405591936479679e-16,8.164166287748e-17
-3.331,-1.4590469271864013e-16,8.258485363414283e-17
-3.33,-1.4777716419150166e-16,8.353878942570397e-17
-3.329,-1.4967363713972923e-16,8.450359045645e-17
-3.328,-1.5159441879689816e-16,8.547937824283711e-17
-3.327,-1.5353982032327918e-16,8.646627562732606e-17
-3.326,-1.555101568559365e-16,8.746440679235536e-17
-3.325,-1.575057475594634e-16,8.847389727445409e-17
-3.324,-1.5952691567736408e-16,8.949487397849565e-17
-3.323,-1.6157398858408964e-16,9.052746519209361e-17
-3.322,-1.636472978377363e-16,9.157180060014106e-17
-3.321,-1.6574717923341492e-16,9.262801129949463e-17
-3.32,-1.678739728572996e-16,9.369622981380477e-17
-3.319,-1.7002802314136468e-16,9.47765901084932e-17
-3.318,-1.7220967891881806e-16,9.586922760587926e-17
-3.317,-1.744192934802407e-16,9.697427920045616e-17
-3.316,-1.7665722463044034e-16,9.809188327431881e-17
-3.315,-1.7892383474602907e-16,9.922217971274433e-17
-3.314,-1.8121949083373374e-16,1.0036530991992668e-16
-3.313,-1.8354456458944847e-16,1.0152141683486691e-16
-3.312,-1.8589943245803891e-16,1.0269064494742023e-16
-3.311,-1.8828447569390753e-16,1.0387314031450146e-16
-3.31,-1.907000804223297e-16,1.0506905057645017e-16
-3.309,-1.9314663770157056e-16,1.0627852497355699e-16
-3.308,-1.95624543585792e-16,1.0750171436275245e-16
-3.307,-1.9813419918876067e-16,1.0873877123445989e-16
-3.306,-2.0067601074836635e-16,1.0998984972961384e-16
-3.305,-2.0325038969196136e-16,1.1125510565684518e-16
-3.304,-2.0585775270253152e-16,1.12534696509835e-16
-3.303,-2.0849852178570904e-16,1.1382878148483794e-16
-3.302,-2.111731243376379e-16,1.151375214983772e-16
-3.301,-2.1388199321370294e-16,1.1646107920511242e-16
-3.3,-2.1662556679813334e-16,1.1779961901588156e-16
-3.299,-2.194042890744914e-16,1.1915330711591922e-16
-3.298,-2.222186096970585e-16,1.2052231148325198e-16
-3.297,-2.25068984063129e-16,1.2190680190727284e-16
-3.296,-2.2795587338622356e-16,1.2330695000749628e-16
-3.295,-2.3087974477023446e-16,1.2472292925249518e-16
-3.294,-2.338410712845135e-16,1.261549149790216e-16
-3.293,-2.368403320399152e-16,1.2760308441131268e-16
-3.292,-2.398780122658077e-16,1.2906761668058348e-16
-3.291,-2.4295460338806233e-16,1.3054869284470802e-16
-3.29,-2.4607060310803595e-16,1.3204649590809064e-16
-3.289,-2.4922651548255745e-16,1.3356121084172878e-16
-3.288,-2.5242285100493163e-16,1.3509302460346927e-16
-3.287,-2.556601266869732e-16,1.3664212615845942e-16
-3.286,-2.589388661420841e-16,1.3820870649979467e-16
-3.285,-2.622595996693875e-16,1.3979295866936464e-16
-3.284,-2.6562286433893135e-16,1.4139507777889895e-16
-3.283,-2.690292040779757e-16,1.4301526103121482e-16
-3.282,-2.724791697583771e-16,1.4465370774166778e-16
-3.281,-2.7597331928508412e-16,1.463106193598075e-16
-3.28,-2.795122176857584e-16,1.4798619949124034e-16
-3.279,-2.8309643720153443e-16,1.496806539197004e-16
-3.278,-2.8672655737893456e-16,1.5139419062933047e-16
-3.277,-2.9040316516295097e-16,1.5312701982717527e-16
-3.276,-2.9412685499131265e-16,1.5487935396588816e-16
-3.275,-2.978982288899497e-16,1.5665140776665321e-16
-3.274,-3.0171789656967147e-16,1.5844339824232476e-16
-3.273,-3.0558647552407417e-16,1.6025554472078557e-16
-3.272,-3.0950459112869253e-16,1.6208806886852614e-16
-3.271,-3.134728767414119e-16,1.6394119471444642e-16
-3.27,-3.1749197380415697e-16,1.6581514867388189e-16
-3.269,-3.2156253194587277e-16,1.6771015957285594e-16
-3.268,-3.256852090868145e-16,1.6962645867256024e-16
-3.267,-3.2986067154416325e-16,1.7156427969406514e-16
-3.266,-3.340895941389836e-16,1.7352385884326148e-16
-3.265,-3.3837266030454067e-16,1.7550543483603644e-16
-3.264,-3.4271056219599396e-16,1.7750924892368453e-16
-3.263,-3.4710400080148483e-16,1.7953554491855592e-16
-3.262,-3.515536860546358e-16,1.8158456921994434e-16
-3.261,-3.5606033694847944e-16,1.836565708402156e-16
-3.26,-3.6062468165083494e-16,1.8575180143117964e-16
-3.259,-3.6524745762115073e-16,1.8787051531070713e-16
-3.258,-3.6992941172883146e-16,1.9001296948959318e-16
-3.257,-3.746713003730687e-16,1.9217942369866976e-16
-3.256,-3.794738896041939e-16,1.9437014041616886e-16
-3.255,-3.843379552465733e-16,1.9658538489533832e-16
-3.254,-3.892642830230639e-16,1.988254251923124e-16
-3.253,-3.9425366868105077e-16,2.0109053219423878e-16
-3.252,-3.993069181200852e-16,2.0338097964766436e-16
-3.251,-4.0442484752114427e-16,2.0569704418718142e-16
-3.25,-4.096082834775327e-16,2.0803900536433655e-16
-3.249,-4.1485806312744705e-16,2.1040714567680385e-16
-3.248,-4.2017503428822374e-16,2.12801750597825e-16
-3.247,-4.255600555922925e-16,2.1522310860591764e-16
-3.246,-4.310139966248562e-16,2.1767151121485447e-16
-3.245,-4.365377380633194e-16,2.2014725300391494e-16
-3.244,-4.42132171818488e-16,2.2265063164841165e-16
-3.243,-4.477982011775611e-16,2.2518194795049326e-16
-3.242,-4.535367409489399e-16,2.277415058702264e-16
-3.241,-4.593487176088749e-16,2.303296125569581e-16
-3.24,-4.652350694499751e-16,2.3294657838096135e-16
-3.239,-4.711967467316031e-16,2.355927169653653e-16
-3.238,-4.772347118321802e-16,2.3826834521837275e-16
-3.237,-4.833499394034248e-16,2.4097378336576657e-16
-3.236,-4.895434165265491e-16,2.437093549837071e-16
-3.235,-4.958161428704398e-16,2.464753870318233e-16
-3.234,-5.021691308518449e-16,2.492722098865986e-16
-3.233,-5.086034057975971e-16,2.5210015737505485e-16
-3.232,-5.151200061088939e-16,2.5495956680873547e-16
-3.231,-5.21719983427664e-16,2.578507790179901e-16
-3.23,-5.284044028050467e-16,2.6077413838656364e-16
-3.229,-5.351743428720081e-16,2.6372999288649047e-16
-3.228,-5.420308960121238e-16,2.667186941132974e-16
-3.227,-5.489751685365548e-16,2.697405973215161e-16
-3.226,-5.560082808612438e-16,2.7279606146050845e-16
-3.225,-5.631313676863605e-16,2.7588544921060574e-16
-3.224,-5.703455781780245e-16,2.7900912701956505e-16
-3.223,-5.776520761523339e-16,2.821674651393437e-16
-3.222,-5.850520402617302e-16,2.853608376631949e-16
-3.221,-5.925466641837267e-16,2.885896225630865e-16
-3.22,-6.001371568120334e-16,2.918542017274444e-16
-3.219,-6.078247424501054e-16,2.951549609992239e-16
-3.218,-6.156106610071486e-16,2.9849229021430977e-16
-3.217,-6.234961681966117e-16,3.018665832402485e-16
-3.216,-6.314825357371957e-16,3.05278238015314e-16
-3.215,-6.395710515564157e-16,3.08727656587909e-16
-3.214,-6.477630199967427e-16,3.122152451563049e-16
-3.213,-6.560597620243628e-16,3.1574141410872155e-16
-3.212,-6.644626154405833e-16,3.193065780637493e-16
-3.211,-6.729729350959207e-16,3.2291115591111585e-16
-3.21,-6.815920931069048e-16,3.265555708527991e-16
-3.209,-6.903214790756326e-16,3.3024025044448947e-16
-3.208,-6.991625003121067e-16,3.339656266374026e-16
-3.207,-7.0811658205939395e-16,3.3773213582044544e-16
-3.206,-7.171851677216404e-16,3.4154021886273723e-16
-3.205,-7.263697190949763e-16,3.453903211564879e-16
-3.204,-7.356717166013513e-16,3.4928289266023594e-16
-3.203,-7.45092659525334e-16,3.532183879424478e-16
-3.202,-7.546340662539144e-16,3.5719726622548084e-16
-3.201,-7.642974745193479e-16,3.6121999142991223e-16
-3.2,-7.740844416450775e-16,3.652870322192355e-16
-3.199,-7.839965447947749e-16,3.6939886204492725e-16
-3.198,-7.940353812245394e-16,3.7355595919188595e-16
-3.197,-8.042025685382935e-16,3.777588068242446e-16
-3.196,-8.144997449464171e-16,3.8200789303155997e-16
-3.195,-8.249285695276608e-16,3.863037108753797e-16
-3.194,-8.354907224943786e-16,3.906467584361901e-16
-3.193,-8.46187905461124e-16,3.950375388607462e-16
-3.192,-8.5702184171665e-16,3.9947656040978623e-16
-3.191,-8.679942764993573e-16,4.0396433650613216e-16
-3.19,-8.791069772762339e-16,4.085013857831794e-16
-3.189,-8.903617340253302e-16,4.1308823213377615e-16
-3.188,-9.017603595218142e-16,4.177254047594958e-16
-3.187,-9.13304689627652e-16,4.2241343822030334e-16
-3.186,-9.249965835849597e-16,4.271528724846181e-16
-3.185,-9.368379243130732e-16,4.3194425297977514e-16
-3.184,-9.48830618709382e-16,4.367881306428862e-16
-3.183,-9.609765979539752e-16,4.416850619721035e-16
-3.182,-9.732778178181481e-16,4.466356090782868e-16
-3.181,-9.857362589768182e-16,4.51640339737077e-16
-3.18,-9.983539273248987e-16,4.566998274413769e-16
-3.179,-1.0111328542976807e-15,4.618146514542416e-16
-3.178,-1.0240750971952752e-15,4.669853968621807e-16
-3.177,-1.0371827395111647e-15,4.72212654628873e-16
-3.176,-1.050457891264917e-15,4.774970216492967e-16
-3.175,-1.0639026893391145e-15,4.828391008042753e-16
-3.174,-1.0775192978205502e-15,4.882395010154434e-16
-3.173,-1.0913099083457478e-15,4.936988373006308e-16
-3.172,-1.1052767404508558e-15,4.992177308296698e-16
-3.171,-1.1194220419259747e-15,5.047968089806245e-16
-3.17,-1.1337480891739724e-15,5.104367053964464e-16
-3.169,-1.1482571875738429e-15,5.161380600420553e-16
-3.168,-1.1629516718486665e-15,5.219015192618494e-16
-3.167,-1.1778339064382316e-15,5.277277358376442e-16
-3.166,-1.1929062858763732e-15,5.336173690470427e-16
-3.165,-1.2081712351730907e-15,5.395710847222383e-16
-3.164,-1.223631210201504e-15,5.455895553092518e-16
-3.163,-1.239288698089709e-15,5.516734599276026e-16
-3.162,-1.2551462176175943e-15,5.578234844304188e-16
-3.161,-1.2712063196186834e-15,5.64040321464983e-16
-3.16,-1.2874715873870626e-15,5.7032467053371865e-16
-3.159,-1.3039446370894606e-15,5.766772380556168e-16
-3.158,-1.3206281181825466e-15,5.830987374281038e-16
-3.157,-1.337524713835509e-15,5.895898890893526e-16
-3.156,-1.354637141357984e-15,5.961514205810379e-16
-3.155,-1.3719681526334007e-15,6.027840666115356e-16
-3.154,-1.3895205345578114e-15,6.094885691195688e-16
-3.153,-1.4072971094842754e-15,6.16265677338301e-16
-3.152,-1.4253007356728683e-15,6.231161478598757e-16
-3.151,-1.4435343077463846e-15,6.300407447004068e-16
-3.15,-1.4620007571518092e-15,6.370402393654168e-16
-3.149,-1.4807030526276275e-15,6.441154109157257e-16
-3.148,-1.4996442006770488e-15,6.512670460337911e-16
-3.147,-1.5188272460472193e-15,6.584959390905003e-16
-3.146,-1.538255272214496e-15,6.658028922124125e-16
-3.145,-1.5579314018758625e-15,6.731887153494564e-16
-3.144,-1.5778587974465622e-15,6.806542263430789e-16
-3.143,-1.598040661564026e-15,6.882002509948482e-16
-3.142,-1.6184802375981759e-15,6.958276231355103e-16
-3.141,-1.6391808101681851e-15,7.035371846944997e-16
-3.14,-1.660145705665773e-15,7.113297857699046e-16
-3.139,-1.6813782927851212e-15,7.192062846988858e-16
-3.138,-1.702881983059492e-15,7.27167548128551e-16
-3.137,-1.724660231404633e-15,7.352144510872824e-16
-3.136,-1.746716536669057e-15,7.433478770565191e-16
-3.135,-1.7690544421912785e-15,7.515687180429937e-16
-3.134,-1.7916775363641e-15,7.598778746514222e-16
-3.133,-1.814589453206031e-15,7.682762561576479e-16
-3.132,-1.837793872939939e-15,7.767647805822378e-16
-3.131,-1.8612945225790087e-15,7.853443747645317e-16
-3.13,-1.8850951765201183e-15,7.94015974437143e-16
-3.129,-1.909199657144715e-15,8.027805243009111e-16
-3.128,-1.9336118354272884e-15,8.116389781003034e-16
-3.127,-1.9583356315515334e-15,8.205922986992672e-16
-3.126,-1.9833750155343093e-15,8.296414581575302e-16
-3.125,-2.0087340078574813e-15,8.387874378073475e-16
-3.124,-2.0344166801077515e-15,8.480312283306962e-16
-3.123,-2.060427155624577e-15,8.573738298369131e-16
-3.122,-2.086769610156279e-15,8.668162519407771e-16
-3.121,-2.113448272524444e-15,8.76359513841033e-16
-3.12,-2.14046742529672e-15,8.860046443993551e-16
-3.119,-2.1678314054681212e-15,8.957526822197508e-16
-3.118,-2.195544605150939e-15,9.056046757283984e-16
-3.117,-2.2236114722733693e-15,9.155616832539218e-16
-3.116,-2.252036511286976e-15,9.256247731080966e-16
-3.115,-2.280824283883087e-15,9.357950236669857e-16
-3.114,-2.3099794097182424e-15,9.46073523452505e-16
-3.113,-2.3395065671488163e-15,9.564613712144114e-16
-3.112,-2.3694104939749102e-15,9.669596760127167e-16
-3.111,-2.3996959881936516e-15,9.775695573005177e-16
-3.11,-2.4303679087620063e-15,9.882921450072474e-16
-3.109,-2.461431176369228e-15,9.991285796223364e-16
-3.108,-2.4928907742190652e-15,1.0100800122792868e-15
-3.107,-2.5247517488218504e-15,1.0211476048401534e-15
-3.106,-2.55701921079659e-15,1.0323325299804273e-15
-3.105,-2.589698335683191e-15,1.0436359712743212e-15
-3.104,-2.6227943647649393e-15,1.055059123280449e-15
-3.103,-2.6563126059013713e-15,1.0666031916278993e-15
-3.102,-2.6902584343716604e-15,1.0782693931026952e-15
-3.101,-2.7246372937286537e-15,1.0900589557346387e-15
-3.1,-2.759454696663696e-15,1.1019731188845336e-15
-3.099,-2.7947162258823694e-15,1.1140131333317822e-15
-3.098,-2.830427534991295e-15,1.1261802613623522e-15
-3.097,-2.866594349396129e-15,1.1384757768571076e-15
-3.096,-2.9032224672108933e-15,1.1509009653804972e-15
-3.095,-2.940317760178795e-15,1.1634571242695981e-15
-3.094,-2.977886174604658e-15,1.176145562723506e-15
-3.093,-3.0159337322991365e-15,1.1889676018930677e-15
-3.092,-3.054466531534839e-15,1.2019245749709478e-15
-3.091,-3.093490748014527e-15,1.215017827282027e-15
-3.09,-3.1330126358515287e-15,1.2282487163741214e-15
-3.089,-3.173038528562531e-15,1.2416186121090176e-15
-3.088,-3.2135748400728965e-15,1.2551288967538176e-15
-3.087,-3.2546280657346734e-15,1.2687809650725854e-15
-3.086,-3.2962047833574466e-15,1.282576224418286e-15
-3.085,-3.3383116542521982e-15,1.2965160948250138e-15
-3.084,-3.3809554242883426e-15,1.3106020091004957e-15
-3.083,-3.424142924964094e-15,1.324835412918868e-15
-3.082,-3.467881074490344e-15,1.3392177649137127e-15
-3.081,-3.5121768788882062e-15,1.3537505367713466e-15
-3.08,-3.557037433100417e-15,1.3684352133243564e-15
-3.079,-3.602469922116747e-15,1.3832732926453653e-15
-3.078,-3.6484816221136165e-15,1.3982662861410278e-15
-3.077,-3.69507990160808e-15,1.4134157186462368e-15
-3.076,-3.742272222626372e-15,1.4287231285185373e-15
-3.075,-3.790066141887186e-15,1.4441900677327334e-15
-3.074,-3.838469311999881e-15,1.4598181019756807e-15
-3.073,-3.887489482677796e-15,1.4756088107412486e-15
-3.072,-3.937134501966866e-15,1.491563787425446e-15
-3.071,-3.987412317489737e-15,1.507684639421696e-15
-3.07,-4.038330977705556e-15,1.5239729882162467e-15
-3.069,-4.089898633185659e-15,1.5404304694837083e-15
-3.068,-4.142123537905336e-15,1.5570587331827017e-15
-3.067,-4.195014050551882e-15,1.5738594436516066e-15
-3.066,-4.248578635849143e-15,1.5908342797043952e-15
-3.065,-4.302825865898755e-15,1.6079849347265367e-15
-3.064,-4.3577644215382946e-15,1.6253131167709614e-15
-3.063,-4.413403093716547e-15,1.642820548654066e-15
-3.062,-4.469750784886105e-15,1.6605089680517489e-15
-3.061,-4.526816510413532e-15,1.6783801275954552e-15
-3.06,-4.584609400007285e-15,1.6964357949682223e-15
-3.059,-4.6431386991636364e-15,1.7146777530007047e-15
-3.058,-4.7024137706308236e-15,1.7331077997671619e-15
-3.057,-4.7624440958916426e-15,1.7517277486813957e-15
-3.056,-4.8232392766647245e-15,1.7705394285926162e-15
-3.055,-4.884809036424731e-15,1.78954468388122e-15
-3.054,-4.9471632219417e-15,1.8087453745544613e-15
-3.053,-5.010311804839785e-15,1.8281433763419995e-15
-3.052,-5.074264883175638e-15,1.8477405807913003e-15
-3.051,-5.13903268303667e-15,1.867538895362874e-15
-3.05,-5.2046255601594425e-15,1.8875402435253293e-15
-3.049,-5.271054001568454e-15,1.907746564850222e-15
-3.048,-5.3383286272355596e-15,1.928159815106675e-15
-3.047,-5.4064601917602925e-15,1.9487819663557562e-15
-3.046,-5.475459586071353e-15,1.969615007044577e-15
-3.045,-5.545337839149517e-15,1.9906609421001084e-15
-3.044,-5.616106119772251e-15,2.01192179302267e-15
-3.043,-5.6877757382802835e-15,2.0333995979790866e-15
-3.042,-5.760358148366436e-15,2.0550964118954766e-15
-3.041,-5.833864948886962e-15,2.0770143065496496e-15
-3.04,-5.908307885695699e-15,2.099155370663091e-15
-3.039,-5.983698853501316e-15,2.121521709992503e-15
-3.038,-6.060049897747929e-15,2.1441154474208783e-15
-3.037,-6.137373216519406e-15,2.1669387230480764e-15
-3.036,-6.21568116246763e-15,2.189993694280877e-15
-3.035,-6.2949862447650394e-15,2.2132825359224796e-15
-3.034,-6.3753011310817435e-15,2.2368074402614224e-15
-3.033,-6.456638649587518e-15,2.260570617159887e-15
-3.032,-6.539011790979003e-15,2.2845742941413608e-15
-3.031,-6.622433710532398e-15,2.308820716477626e-15
-3.03,-6.706917730182007e-15,2.3333121472750426e-15
-3.029,-6.7924773406249174e-15,2.3580508675600863e-15
-3.028,-6.879126203452177e-15,2.3830391763641226e-15
-3.027,-6.9668781533067744e-15,2.408279390807367e-15
-3.026,-7.055747200068772e-15,2.4337738461820033e-15
-3.025,-7.145747531067933e-15,2.4595248960344275e-15
-3.024,-7.236893513324172e-15,2.4855349122465728e-15
-3.023,-7.3291996958162e-15,2.511806285116284e-15
-3.022,-7.422680811778692e-15,2.5383414234367024e-15
-3.021,-7.517351781028365e-15,2.5651427545746182e-15
-3.02,-7.613227712319285e-15,2.592212724547757e-15
-3.019,-7.710323905727825e-15,2.619553798100952e-15
-3.018,-7.808655855067588e-15,2.6471684587811676e-15
-3.017,-7.908239250334713e-15,2.675059209011326e-15
-3.016,-8.00908998018392e-15,2.703228570162898e-15
-3.015,-8.111224134435697e-15,2.731679082627209e-15
-3.014,-8.214658006614999e-15,2.760413305885418e-15
-3.013,-8.319408096521864e-15,2.7894338185771242e-15
-3.012,-8.425491112834356e-15,2.81874321856755e-15
-3.011,-8.53292397574421e-15,2.848344123013255e-15
-3.01,-8.641723819625626e-15,2.8782391684263335e-15
-3.009,-8.751907995737593e-15,2.908431010737037e-15
-3.008,-8.86349407496018e-15,2.9389223253547847e-15
-3.007,-8.976499850565227e-15,2.9697158072274924e-15
-3.006,-9.090943341021836e-15,3.0008141708991815e-15
-3.005,-9.206842792837129e-15,3.0322201505658043e-15
-3.004,-9.324216683432703e-15,3.0639365001292313e-15
-3.003,-9.443083724057223e-15,3.0959659932493485e-15
-3.002,-9.563462862735601e-15,3.1283114233941994e-15
-3.001,-9.68537328725525e-15,3.1609756038881186e-15
-3.0,-9.808834428189823e-15,3.1939613679577946e-15
-2.999,-9.933865961960961e-15,3.2272715687761965e-15
-2.998,-1.006048781393849e-14,3.260909079504308e-15
-2.997,-1.0188720161579552e-14,3.2948767933306005e-15
-2.996,-1.0318583437607178e-14,3.329177623508182e-15
-2.995,-1.0450098333228765e-14,3.3638145033895504e-15
-2.994,-1.0583285801394985e-14,3.3987903864588914e-15
-2.993,-1.0718167060099604e-14,3.4341082463618426e-15
-2.992,-1.0854763595720753e-14,3.4697710769326593e-15
-2.991,-1.0993097166404132e-14,3.5057818922187076e-15
-2.99,-1.1133189805488713e-14,3.5421437265022094e-15
-2.989,-1.1275063824975435e-14,3.578859634319168e-15
-2.988,-1.141874181903945e-14,3.615932690475392e-15
-2.987,-1.1564246667586456e-14,3.6533659900595475e-15
-2.986,-1.1711601539853684e-14,3.691162648453152e-15
-2.985,-1.1860829898056059e-14,3.729325801337427e-15
-2.984,-1.2011955501078148e-14,3.767858604696939e-15
-2.983,-1.216500240821242e-14,3.8067642348199295e-15
-2.982,-1.2319994982944441e-14,3.846045888295252e-15
-2.981,-1.2476957896785549e-14,3.885706782005842e-15
-2.98,-1.2635916133153633e-14,3.925750153118605e-15
-2.979,-1.2796894991302594e-14,3.966179259070657e-15
-2.978,-1.2959920090301123e-14,4.0069973775518044e-15
-2.977,-1.3125017373061376e-14,4.048207806483183e-15
-2.976,-1.3292213110418197e-14,4.089813863991949e-15
-2.975,-1.3461533905259514e-14,4.131818888381933e-15
-2.974,-1.363300669670854e-14,4.1742262381001475e-15
-2.973,-1.3806658764358424e-14,4.217039291699054e-15
-2.972,-1.3982517732560024e-14,4.260261447794476e-15
-2.971,-1.4160611574763444e-14,4.3038961250190655e-15
-2.97,-1.434096861791401e-14,4.347946761971197e-15
-2.969,-1.4523617546903384e-14,4.392416817159196e-15
-2.968,-1.4708587409076485e-14,4.43730976894078e-15
-2.967,-1.4895907618794895e-14,4.482629115457597e-15
-2.966,-1.508560796205751e-14,4.5283783745647514e-15
-2.965,-1.52777186011791e-14,4.574561083755189e-15
-2.964,-1.5472270079527505e-14,4.6211808000788346e-15
-2.963,-1.566929332632024e-14,4.668241100056341e-15
-2.962,-1.5868819661481197e-14,4.715745579587338e-15
-2.961,-1.6070880800558224e-14,4.763697853853047e-15
-2.96,-1.6275508859702333e-14,4.812101557213128e-15
-2.959,-1.6482736360709302e-14,4.860960343096642e-15
-2.958,-1.6692596236124464e-14,4.910277883886966e-15
-2.957,-1.6905121834411433e-14,4.960057870800551e-15
-2.956,-1.7120346925185632e-14,5.010304013759365e-15
-2.955,-1.733830570451333e-14,5.061020041256884e-15
-2.954,-1.7559032800277127e-14,5.112209700217487e-15
-2.953,-1.7782563277608603e-14,5.1638767558491e-15
-2.952,-1.8008932644389033e-14,5.216024991488953e-15
-2.951,-1.8238176856819013e-14,5.268658208442269e-15
-2.95,-1.8470332325057803e-14,5.321780225813765e-15
-2.949,-1.8705435918933354e-14,5.375394880331769e-15
-2.948,-1.8943524973723765e-14,5.429506026164822e-15
-2.947,-1.9184637296011218e-14,5.484117534730575e-15
-2.946,-1.9428811169609126e-14,5.5392332944968275e-15
-2.945,-1.9676085361563562e-14,5.594857210774532e-15
-2.944,-1.992649912822978e-14,5.65099320550259e-15
-2.943,-2.018009222142482e-14,5.707645217024255e-15
-2.942,-2.0436904894657122e-14,5.764817199854985e-15
-2.941,-2.0696977909434134e-14,5.822513124441521e-15
-2.94,-2.0960352541648835e-14,5.880736976912044e-15
-2.939,-2.122707058804623e-14,5.939492758817197e-15
-2.938,-2.1497174372770718e-14,5.99878448686178e-15
-2.937,-2.1770706753995447e-14,6.058616192626926e-15
-2.936,-2.2047711130634565e-14,6.118991922282553e-15
-2.935,-2.2328231449139504e-14,6.179915736289891e-15
-2.934,-2.261231221038026e-14,6.241391709093865e-15
-2.933,-2.2899998476612763e-14,6.303423928805135e-15
-2.932,-2.3191335878533428e-14,6.366016496871569e-15
-2.931,-2.3486370622421916e-14,6.429173527738933e-15
-2.93,-2.3785149497373265e-14,6.492899148500562e-15
-2.929,-2.408771988262044e-14,6.5571974985358085e-15
-2.928,-2.4394129754948487e-14,6.62207272913701e-15
-2.927,-2.4704427696201385e-14,6.687529003124756e-15
-2.926,-2.501866290088278e-14,6.7535704944512105e-15
-2.925,-2.533688518385174e-14,6.820201387791239e-15
-2.924,-2.5659144988114726e-14,6.887425878121102e-15
-2.923,-2.598549339271499e-14,6.955248170284458e-15
-2.922,-2.6315982120720592e-14,7.023672478545403e-15
-2.921,-2.6650663547312254e-14,7.092703026128321e-15
-2.92,-2.6989590707972318e-14,7.16234404474423e-15
-2.919,-2.7332817306776053e-14,7.232599774103396e-15
-2.918,-2.7680397724786565e-14,7.303474461413912e-15
-2.917,-2.8032387028554642e-14,7.374972360865968e-15
-2.916,-2.8388840978724768e-14,7.44709773310153e-15
-2.915,-2.8749816038748714e-14,7.51985484466914e-15
-2.914,-2.911536938370795e-14,7.593247967463507e-15
-2.913,-2.9485558909246324e-14,7.667281378149661e-15
-2.912,-2.9860443240614265e-14,7.741959357571272e-15
-2.911,-3.0240081741826024e-14,7.817286190142892e-15
-2.91,-3.062453452493125e-14,7.893266163225779e-15
-2.909,-3.1013862459402366e-14,7.969903566486969e-15
-2.908,-3.1408127181639204e-14,8.04720269124128e-15
-2.907,-3.18073911045923e-14,8.125167829775922e-15
-2.906,-3.221171742750636e-14,8.203803274657346e-15
-2.905,-3.262117014578539e-14,8.283113318020019e-15
-2.904,-3.303581406098099e-14,8.363102250836746e-15
-2.903,-3.345571479090535e-14,8.443774362170201e-15
-2.902,-3.388093877987042e-14,8.525133938405281e-15
-2.901,-3.431155330905501e-14,8.607185262461948e-15
-2.9,-3.474762650700116e-14,8.689932612988132e-15
-2.899,-3.51892273602416e-14,8.77338026353237e-15
-2.898,-3.5636425724059775e-14,8.857532481695733e-15
-2.897,-3.608929233338416e-14,8.942393528262702e-15
-2.896,-3.654789881381853e-14,9.02796765631053e-15
-2.895,-3.70123176928098e-14,9.114259110296741e-15
-2.894,-3.748262241095524e-14,9.201272125124296e-15
-2.893,-3.7958887333450724e-14,9.28901092518404e-15
-2.892,-3.844118776168179e-14,9.377479723373969e-15
-2.891,-3.892959994495925e-14,9.466682720094907e-15
-2.89,-3.942420109240121e-14,9.556624102222126e-15
-2.889,-3.992506938496321e-14,9.647308042052457e-15
-2.888,-4.043228398761847e-14,9.738738696226444e-15
-2.887,-4.094592506168991e-14,9.830920204625051e-15
-2.886,-4.146607377733598e-14,9.923856689240475e-15
-2.885,-4.199281232619221e-14,1.0017552253020536e-14
-2.884,-4.252622393417021e-14,1.0112010978686196e-14
-2.883,-4.306639287441636e-14,1.0207236927521677e-14
-2.882,-4.3613404480431945e-14,1.0303234138136673e-14
-2.881,-4.4167345159356814e-14,1.0400006625200143e-14
-2.88,-4.472830240541861e-14,1.0497558378145149e-14
-2.879,-4.5296364813549587e-14,1.0595893359844204e-14
-2.878,-4.58716220931731e-14,1.0695015505254608e-14
-2.877,-4.6454165082161884e-14,1.0794928720033159e-14
-2.876,-4.7044085760970176e-14,1.0895636879119743e-14
-2.875,-4.764147726694198e-14,1.0997143825289188e-14
-2.874,-4.824643390879748e-14,1.1099453367670805e-14
-2.873,-4.885905118129997e-14,1.120256928023503e-14
-2.872,-4.947942578010537e-14,1.1306495300246564e-14
-2.871,-5.010765561679676e-14,1.1411235126683388e-14
-2.87,-5.0743839834106063e-14,1.151679241862104e-14
-2.869,-5.13880788213253e-14,1.1623170793581524e-14
-2.868,-5.2040474229909745e-14,1.173037382584618e-14
-2.867,-5.270112898927529e-14,1.1838405044731908e-14
-2.866,-5.337014732279251e-14,1.1947267932830024e-14
-2.865,-5.4047634763979775e-14,1.2056965924207115e-14
-2.864,-5.4733698172897965e-14,1.2167502402567185e-14
-2.863,-5.5428445752749194e-14,1.22788806993744e-14
-2.862,-5.613198706668211e-14,1.23911040919357e-14
-2.861,-5.68444330548063e-14,1.2504175801442597e-14
-2.86,-5.756589605141848e-14,1.2618098990971379e-14
-2.859,-5.829648980244288e-14,1.2732876763440998e-14
-2.858,-5.90363294830887e-14,1.284851215952788e-14
-2.857,-5.978553171572718e-14,1.2965008155536884e-14
-2.856,-6.054421458799108e-14,1.308236766122761e-14
-2.855,-6.131249767109917e-14,1.3200593517595286e-14
-2.854,-6.209050203840879e-14,1.33196884946054e-14
-2.853,-6.28783502841989e-14,1.3439655288881264e-14
-2.852,-6.367616654268692e-14,1.3560496521343672e-14
-2.851,-6.448407650728184e-14,1.3682214734801786e-14
-2.85,-6.530220745007679e-14,1.3804812391494407e-14
-2.849,-6.61306882415839e-14,1.3928291870580745e-14
-2.848,-6.696964937071446e-14,1.4052655465579765e-14
-2.847,-6.781922296500751e-14,1.417790538175725e-14
-2.846,-6.867954281110963e-14,1.4304043733459618e-14
-2.845,-6.955074437550955e-14,1.4431072541393568e-14
-2.844,-7.043296482553012e-14,1.45589937298506e-14
-2.843,-7.132634305058124e-14,1.4687809123875432e-14
-2.842,-7.22310196836769e-14,1.4817520446377368e-14
-2.841,-7.314713712321943e-14,1.4948129315183516e-14
-2.84,-7.407483955505432e-14,1.507963724003298e-14
-2.839,-7.501427297479917e-14,1.5212045619510853e-14
-2.838,-7.596558521044975e-14,1.5345355737921066e-14
-2.837,-7.69289259452669e-14,1.5479568762096943e-14
-2.836,-7.790444674094769e-14,1.561468573814844e-14
-2.835,-7.889230106108415e-14,1.5750707588144927e-14
-2.834,-7.989264429491342e-14,1.5887635106732393e-14
-2.833,-8.090563378136255e-14,1.6025468957683952e-14
-2.832,-8.193142883339202e-14,1.6164209670382473e-14
-2.831,-8.297019076264115e-14,1.6303857636234174e-14
-2.83,-8.402208290437967e-14,1.6444413105011972e-14
-2.829,-8.508727064276869e-14,1.6585876181127367e-14
-2.828,-8.616592143643534e-14,1.6728246819829643e-14
-2.827,-8.725820484436458e-14,1.687152482333112e-14
-2.826,-8.836429255211241e-14,1.701570983685719e-14
-2.825,-8.948435839834407e-14,1.7160801344619797e-14
-2.824,-9.061857840170167e-14,1.7306798665713145e-14
-2.823,-9.176713078800488e-14,1.745370094993017e-14
-2.822,-9.293019601778908e-14,1.76015071734985e-14
-2.821,-9.410795681418505e-14,1.775021613473452e-14
-2.82,-9.530059819114422e-14,1.7899826449614073e-14
-2.819,-9.650830748201407e-14,1.8050336547258453e-14
-2.818,-9.773127436846773e-14,1.820174466533418e-14
-2.817,-9.896969090979216e-14,1.83540488453651e-14
-2.816,-1.0022375157253948e-13,1.850724692795534e-14
-2.815,-1.0149365326054576e-13,1.8661336547921566e-14
-2.814,-1.0277959534532189e-13,1.8816315129333004e-14
-2.813,-1.0408177969682098e-13,1.8972179880457655e-14
-2.812,-1.0540041071458711e-13,1.912892778861314e-14
-2.811,-1.0673569535928992e-13,1.9286555614920506e-14
-2.81,-1.0808784318465e-13,1.9445059888959372e-14
-2.809,-1.094570663697596e-13,1.960443690332274e-14
-2.808,-1.1084357975180383e-13,1.9764682708069793e-14
-2.807,-1.1224760085918709e-13,1.9925793105074897e-14
-2.806,-1.1366934994506965e-13,2.0087763642271116e-14
-2.805,-1.151090500213197e-13,2.0250589607786426e-14
-2.804,-1.1656692689288565e-13,2.041426602397081e-14
-2.803,-1.1804320919259396e-13,2.0578787641312424e-14
-2.802,-1.1953812841637795e-13,2.0744148932240947e-14
-2.801,-1.2105191895894252e-13,2.0910344084816198e-14
-2.8,-1.2258481814987024e-13,2.1077366996300152e-14
-2.799,-1.241370662901746e-13,2.124521126661032e-14
-2.798,-1.2570890668930523e-13,2.1413870191652562e-14
-2.797,-1.2730058570261126e-13,2.1583336756531293e-14
-2.796,-1.2891235276926818e-13,2.1753603628634998e-14
-2.795,-1.305444604506737e-13,2.192466315059504e-14
-2.794,-1.3219716446931889e-13,2.2096507333115547e-14
-2.793,-1.3387072374813982e-13,2.226912784767234e-14
-2.792,-1.3556540045035616e-13,2.2442516019078593e-14
-2.791,-1.3728146001980219e-13,2.26166628179151e-14
-2.79,-1.3901917122175665e-13,2.2791558852822846e-14
-2.789,-1.407788061842775e-13,2.2967194362655592e-14
-2.788,-1.4256064044004753e-13,2.3143559208490172e-14
-2.787,-1.443649529687373e-13,2.332064286549209e-14
-2.786,-1.461920262398918e-13,2.3498434414634082e-14
-2.785,-1.4804214625634705e-13,2.3676922534265122e-14
-2.784,-1.4991560259818333e-13,2.3856095491527465e-14
-2.783,-1.518126884672214e-13,2.4035941133619163e-14
-2.782,-1.5373370073206868e-13,2.4216446878899532e-14
-2.781,-1.5567893997372183e-13,2.439759970783492e-14
-2.78,-1.576487105317326e-13,2.4579386153782215e-14
-2.779,-1.5964332055094406e-13,2.4761792293607323e-14
-2.778,-1.6166308202880403e-13,2.4944803738135977e-14
-2.777,-1.6370831086326269e-13,2.512840562243406e-14
-2.776,-1.657793269012617e-13,2.5312582595914657e-14
-2.775,-1.6787645398782204e-13,2.5497318812268947e-14
-2.774,-1.7000002001573784e-13,2.568259791921812e-14
-2.773,-1.721503569758836e-13,2.5868403048083276e-14
-2.772,-1.743278010081425e-13,2.60547168031704e-14
-2.771,-1.7653269245296292e-13,2.624152125096731e-14
-2.77,-1.7876537590355175e-13,2.6428797909149574e-14
-2.769,-1.8102620025871118e-13,2.6616527735392173e-14
-2.768,-1.833155187763276e-13,2.6804691115983822e-14
-2.767,-1.8563368912752054e-13,2.699326785424064e-14
-2.766,-1.8798107345145924e-13,2.7182237158715948e-14
-2.765,-1.9035803841085557e-13,2.7371577631202842e-14
-2.764,-1.9276495524814126e-13,2.756126725452614e-14
-2.763,-1.9520219984233785e-13,2.7751283380120293e-14
-2.762,-1.9767015276662783e-13,2.794160271538979e-14
-2.761,-2.0016919934663567e-13,2.8132201310848435e-14
-2.76,-2.0269972971942731e-13,2.8323054547034e-14
-2.759,-2.0526213889323673e-13,2.8514137121194515e-14
-2.758,-2.0785682680792876e-13,2.8705423033742524e-14
-2.757,-2.104841983962071e-13,2.889688557447357e-14
-2.756,-2.1314466364557646e-13,2.908849730854496e-14
-2.755,-2.1583863766106794e-13,2.9280230062211103e-14
-2.754,-2.1856654072873768e-13,2.94720549083113e-14
-2.753,-2.2132879837994712e-13,2.9663942151506095e-14
-2.752,-2.2412584145643538e-13,2.9855861313258065e-14
-2.751,-2.2695810617619295e-13,3.0047781116552934e-14
-2.75,-2.298260342001465e-13,3.023966947035677e-14
-2.749,-2.3273007269966484e-13,3.0431493453805084e-14
-2.748,-2.356706744248959e-13,3.062321930011943e-14
-2.747,-2.3864829777394507e-13,3.0814812380247145e-14
-2.746,-2.416634068629051e-13,3.100623718621972e-14
-2.745,-2.4471647159674745e-13,3.119745731422536e-14
-2.744,-2.478079677410868e-13,3.138843544739106e-14
-2.743,-2.5093837699482785e-13,3.1579133338269483e-14
-2.742,-2.541081870637063e-13,3.176951179102603e-14
-2.741,-2.5731789173473454e-13,3.195953064332115e-14
-2.74,-2.605679909515629e-13,3.214914874788304e-14
-2.739,-2.6385899089076794e-13,3.233832395376583e-14
-2.738,-2.6719140403907895e-13,3.25270130872881e-14
-2.737,-2.705657492715537e-13,3.271517193264666e-14
-2.736,-2.739825519307158e-13,3.2902755212200415e-14
-2.735,-2.774423439066647e-13,3.308971656641897e-14
-2.734,-2.8094566371817067e-13,3.32760085334907e-14
-2.733,-2.8449305659476597e-13,3.3461582528584715e-14
-2.732,-2.880850745598455e-13,3.364638882276132e-14
-2.731,-2.917222765147882e-13,3.3830376521525254e-14
-2.73,-2.954052283241121e-13,3.401349354301609e-14
-2.729,-2.9913450290167545e-13,3.419568659582993e-14
-2.728,-3.0291068029793703e-13,3.437690115646659e-14
-2.727,-3.067343477882876e-13,3.45570814463962e-14
-2.726,-3.106060999624669e-13,3.473617040873936e-14
-2.725,-3.145265388150777e-13,3.491410968455443e-14
-2.724,-3.184962738372124e-13,3.509083958872597e-14
-2.723,-3.225159221092031e-13,3.526629908544777e-14
-2.722,-3.265861083945112e-13,3.544042576329419e-14
-2.721,-3.3070746523476893e-13,3.561315580987325e-14
-2.72,-3.348806330459875e-13,3.5784423986054654e-14
-2.719,-3.391062602159453e-13,3.5954163599766335e-14
-2.718,-3.4338500320277124e-13,3.612230647935235e-14
-2.717,-3.47717526634738e-13,3.6288782946485374e-14
-2.716,-3.5210450341127826e-13,3.6453521788626755e-14
-2.715,-3.5654661480524073e-13,3.6616450231026797e-14
-2.714,-3.610445505664e-13,3.6777493908258164e-14
-2.713,-3.655990090262353e-13,3.6936576835275016e-14
-2.712,-3.7021069720399407e-13,3.7093621377990264e-14
-2.711,-3.748803309140559e-13,3.7248548223363455e-14
-2.71,-3.7960863487461205e-13,3.7401276348991535e-14
-2.709,-3.843963428176773e-13,3.755172299219462e-14
-2.708,-3.892441976004497e-13,3.769980361858883e-14
-2.707,-3.9415295131803463e-13,3.7845431890138144e-14
-2.706,-3.991233654175503e-13,3.7988519632677e-14
-2.705,-4.0415621081363056e-13,3.812897680289538e-14
-2.704,-4.0925226800534256e-13,3.8266711454777885e-14
-2.703,-4.144123271945363e-13,3.840162970548824e-14
-2.702,-4.1963718840564333e-13,3.8533635700690474e-14
-2.701,-4.24927661606942e-13,3.8662631579298026e-14
-2.7,-4.3028456683330774e-13,3.8788517437641634e-14
-2.699,-4.357087343104651e-13,3.89111912930471e-14
-2.698,-4.412010045807612e-13,3.903054904681345e-14
-2.697,-4.4676222863047776e-13,3.9146484446582316e-14
-2.696,-4.523932680187012e-13,3.925888904808884e-14
-2.695,-4.580949950077694e-13,3.9367652176284443e-14
-2.694,-4.638682926953135e-13,3.9472660885821764e-14
-2.693,-4.697140551479156e-13,3.957379992089158e-14
-2.692,-4.756331875364004e-13,3.967095167440178e-14
-2.691,-4.816266062727815e-13,3.976399614648794e-14
-2.69,-4.876952391488815e-13,3.985281090234525e-14
-2.689,-4.938400254766471e-13,3.993727102937098e-14
-2.688,-5.000619162301794e-13,4.0017249093606935e-14
-2.687,-5.063618741894998e-13,4.009261509547084e-14
-2.686,-5.127408740860717e-13,4.0163236424765676e-14
-2.685,-5.191999027501026e-13,4.0228977814955595e-14
-2.684,-5.25739959259643e-13,4.028970129669715e-14
-2.683,-5.32362055091508e-13,4.034526615061413e-14
-2.682,-5.390672142740428e-13,4.039552885930427e-14
-2.681,-5.45856473541751e-13,4.0440343058565933e-14
-2.68,-5.527308824918145e-13,4.0479559487832536e-14
-2.679,-5.596915037425211e-13,4.0513025939802586e-14
-2.678,-5.667394130936277e-13,4.0540587209252674e-14
-2.677,-5.738756996886806e-13,4.056208504102078e-14
-2.676,-5.811014661793155e-13,4.0577358077147155e-14
-2.675,-5.884178288915638e-13,4.058624180315951e-14
-2.674,-5.958259179941867e-13,4.058856849348941e-14
-2.673,-6.033268776690629e-13,4.0584167156006354e-14
-2.672,-6.109218662836548e-13,4.0572863475655894e-14
-2.671,-6.186120565655778e-13,4.0554479757187915e-14
-2.67,-6.263986357792974e-13,4.0528834866961007e-14
-2.669,-6.342828059049818e-13,4.0495744173808645e-14
-2.668,-6.422657838195336e-13,4.045501948895271e-14
-2.667,-6.503488014798285e-13,4.040646900494959e-14
-2.666,-6.585331061081865e-13,4.034989723365389e-14
-2.665,-6.668199603801037e-13,4.0285104943184744e-14
-2.664,-6.752106426142707e-13,4.021188909387914e-14
-2.663,-6.837064469649055e-13,4.013004277321676e-14
-2.662,-6.923086836164297e-13,4.003935512970052e-14
-2.661,-7.010186789805143e-13,3.993961130567658e-14
-2.66,-7.098377758955257e-13,3.9830592369077586e-14
-2.659,-7.187673338283992e-13,3.97120752440726e-14
-2.658,-7.278087290789702e-13,3.958383264060681e-14
-2.657,-7.369633549867914e-13,3.9445632982814e-14
-2.656,-7.462326221404685e-13,3.929724033628444e-14
-2.655,-7.556179585895404e-13,3.9138414334170604e-14
-2.654,-7.651208100589398e-13,3.896891010211285e-14
-2.653,-7.747426401660595e-13,3.878847818196699e-14
-2.652,-7.844849306404613e-13,3.859686445431531e-14
-2.651,-7.943491815462548e-13,3.8393810059742446e-14
-2.65,-8.043369115071805e-13,3.8179051318857037e-14
-2.649,-8.144496579344293e-13,3.795231965104013e-14
-2.648,-8.246889772572301e-13,3.771334149190067e-14
-2.647,-8.350564451562414e-13,3.7461838209418345e-14
-2.646,-8.455536567997772e-13,3.719752601875365e-14
-2.645,-8.561822270829035e-13,3.6920115895704864e-14
-2.644,-8.669437908694389e-13,3.6629313488791074e-14
-2.643,-8.778400032368954e-13,3.632481902994048e-14
-2.642,-8.888725397243917e-13,3.6006327243762394e-14
-2.641,-9.000430965835789e-13,3.567352725538154e-14
-2.64,-9.113533910326104e-13,3.5326102496812526e-14
-2.639,-9.228051615131958e-13,3.496373061185229e-14
-2.638,-9.344001679507737e-13,3.458608335946787e-14
-2.637,-9.461401920178424e-13,3.4192826515656595e-14
-2.636,-9.58027037400484e-13,3.378361977375533e-14
-2.635,-9.700625300681233e-13,3.335811664317521e-14
-2.634,-9.822485185465567e-13,3.291596434653781e-14
-2.633,-9.945868741942935e-13,3.245680371518852e-14
-2.632,-1.0070794914822475e-12,3.198026908306222e-14
-2.631,-1.019728288276818e-12,3.1485988178876416e-14
-2.63,-1.0325352061264044e-12,3.0973582016626245e-14
-2.629,-1.0455022105513905e-12,3.044266478435554e-14
-2.628,-1.0586312913376447e-12,2.989284373117781e-14
-2.627,-1.0719244628335746e-12,2.9323719052520555e-14
-2.626,-1.0853837642507804e-12,2.873488377356578e-14
-2.625,-1.0990112599683502e-12,2.8125923630859552e-14
-2.624,-1.112809039840839e-12,2.7496416952062643e-14
-2.623,-1.1267792195099774e-12,2.6845934533814107e-14
-2.622,-1.140923940720153e-12,2.6174039517679195e-14
-2.621,-1.1552453716377112e-12,2.5480287264152552e-14
-2.62,-1.1697457071741192e-12,2.4764225224687222e-14
-2.619,-1.1844271693130394e-12,2.4025392811719553e-14
-2.618,-1.1992920074413626e-12,2.3263321266659695e-14
-2.617,-1.214342498684241e-12,2.247753352581682e-14
-2.616,-1.2295809482441763e-12,2.1667544084227907e-14
-2.615,-1.2450096897442066e-12,2.0832858857358304e-14
-2.614,-1.260631085575242e-12,1.997297504064193e-14
-2.613,-1.276447527247599e-12,1.908738096682847e-14
-2.612,-1.292461435746784e-12,1.8175555961104383e-14
-2.611,-1.308675261893574e-12,1.723697019395416e-14
-2.61,-1.3250914867084498e-12,1.6271084531727673e-14
-2.609,-1.3417126217804303e-12,1.5277350384879006e-14
-2.608,-1.3585412096403606e-12,1.4255209553841636e-14
-2.607,-1.3755798241387093e-12,1.3204094072504335e-14
-2.606,-1.3928310708279252e-12,1.2123426049251566e-14
-2.605,-1.410297587349411e-12,1.1012617505531755e-14
-2.604,-1.4279820438251665e-12,9.871070211916094e-15
-2.603,-1.4458871432541583e-12,8.698175521610165e-15
-2.602,-1.4640156219134706e-12,7.493314201379998e-15
-2.601,-1.4823702497642966e-12,6.255856259853636e-15
-2.6,-1.5009538308628247e-12,4.985160773158772e-15
-2.599,-1.5197692037760812e-12,3.680575707856336e-15
-2.598,-1.538819242002784e-12,2.341437741129432e-15
-2.597,-1.5581068543992732e-12,9.670720781863295e-16
-2.596,-1.5776349856105701e-12,-4.4320773316431103e-16
-2.595,-1.597406616506636e-12,-1.8900999908084677e-15
-2.594,-1.6174247646238819e-12,-3.3743150295351295e-15
-2.593,-1.637692484612e-12,-4.896575415201733e-15
-2.592,-1.658212868686175e-12,-6.4576161419010334e-15
-2.591,-1.6789890470847408e-12,-8.058184832174427e-15
-2.59,-1.7000241885323483e-12,-9.699041940317396e-15
-2.589,-1.7213215007087058e-12,-1.1380960958823425e-14
-2.588,-1.742884230722963e-12,-1.3104728628013418e-14
-2.587,-1.7647156655938024e-12,-1.4871145148898313e-14
-2.586,-1.7868191327353051e-12,-1.6681024399323334e-14
-2.585,-1.8091980004486634e-12,-1.8535194153442953e-14
-2.584,-1.831855678419803e-12,-2.0434496304576478e-14
-2.583,-1.8547956182229933e-12,-2.2379787091494728e-14
-2.582,-1.8780213138305055e-12,-2.4371937328189218e-14
-2.581,-1.9015363021284043e-12,-2.6411832637175827e-14
-2.58,-1.92534416343853e-12,-2.8500373686385785e-14
-2.579,-1.949448522046758e-12,-3.063847642969762e-14
-2.578,-1.9738530467376e-12,-3.2827072351164355e-14
-2.577,-1.9985614513352294e-12,-3.5067108712991203e-14
-2.576,-2.023577495251001e-12,-3.7359548807319674e-14
-2.575,-2.0489049840375435e-12,-3.9705372211874915e-14
-2.574,-2.074547769949505e-12,-4.210557504953389e-14
-2.573,-2.100509752511028e-12,-4.4561170251872873e-14
-2.572,-2.1267948790900297e-12,-4.707318782675354e-14
-2.571,-2.1534071454793778e-12,-4.9642675130007876e-14
-2.57,-2.1803505964850305e-12,-5.2270697141282914e-14
-2.569,-2.207629326521235e-12,-5.495833674410726e-14
-2.568,-2.2352474802128582e-12,-5.770669501024228e-14
-2.567,-2.2632092530049387e-12,-6.051689148838168e-14
-2.566,-2.291518891779545e-12,-6.339006449726416e-14
-2.565,-2.3201806954800245e-12,-6.632737142326484e-14
-2.564,-2.3491990157427305e-12,-6.932998902253195e-14
-2.563,-2.378578257536316e-12,-7.239911372773642e-14
-2.562,-2.408322879808685e-12,-7.553596195950288e-14
-2.561,-2.438437396141686e-12,-7.874177044259165e-14
-2.56,-2.468926375413645e-12,-8.201779652690213e-14
-2.559,-2.4997944424698283e-12,-8.536531851336943e-14
-2.558,-2.531046278800926e-12,-8.878563598482645e-14
-2.557,-2.562686623229653e-12,-9.228007014190561e-14
-2.556,-2.5947202726055608e-12,-9.584996414405447e-14
-2.555,-2.6271520825081623e-12,-9.949668345574128e-14
-2.554,-2.6599869679584584e-12,-1.0322161619792756e-13
-2.553,-2.6932299041389704e-12,-1.070261735048854e-13
-2.552,-2.7268859271223814e-12,-1.1091178988643889e-13
-2.551,-2.7609601346088786e-12,-1.1487992359570997e-13
-2.55,-2.7954576866723058e-12,-1.1893205700245022e-13
-2.549,-2.8303838065152304e-12,-1.23069696972041e-13
-2.548,-2.865743781233021e-12,-1.2729437525024628e-13
-2.547,-2.9015429625870517e-12,-1.3160764885380286e-13
-2.546,-2.9377867677871324e-12,-1.3601110046693442e-13
-2.545,-2.9744806802832773e-12,-1.4050633884387704e-13
-2.544,-3.0116302505669203e-12,-1.4509499921750489e-13
-2.543,-3.0492410969816857e-12,-1.497787437141463e-13
-2.542,-3.087318906543828e-12,-1.5455926177468178e-13
-2.541,-3.125869435772458e-12,-1.594382705820163e-13
-2.54,-3.1648985115296585e-12,-1.6441751549502056e-13
-2.539,-3.2044120318706196e-12,-1.694987704890361e-13
-2.538,-3.2444159669038984e-12,-1.7468383860304145e-13
-2.537,-3.284916359661929e-12,-1.799745523935775e-13
-2.536,-3.325919326981901e-12,-1.8537277439553167e-13
-2.535,-3.3674310603971253e-12,-1.908803975898819e-13
-2.534,-3.4094578270390118e-12,-1.9649934587850343e-13
-2.533,-3.4520059705497845e-12,-2.0223157456614176e-13
-2.532,-3.4950819120060556e-12,-2.0807907084965793e-13
-2.531,-3.5386921508533876e-12,-2.1404385431465288e-13
-2.53,-3.5828432658519705e-12,-2.2012797743957947e-13
-2.529,-3.627541916033548e-12,-2.2633352610745264e-13
-2.528,-3.672794841669717e-12,-2.32662620125269e-13
-2.527,-3.718608865251734e-12,-2.391174137512498e-13
-2.526,-3.764990892481975e-12,-2.457000962300218e-13
-2.525,-3.811947913277164e-12,-2.524128923358529e-13
-2.524,-3.859487002783522e-12,-2.5925806292406107e-13
-2.523,-3.907615322403972e-12,-2.662379054907165e-13
-2.522,-3.956340120837538e-12,-2.7335475474075834e-13
-2.521,-4.0056687351310835e-12,-2.8061098316465055e-13
-2.52,-4.055608591743527e-12,-2.880090016237012e-13
-2.519,-4.106167207622691e-12,-2.9555125994417297e-13
-2.518,-4.157352191294912e-12,-3.032402475203135e-13
-2.517,-4.209171243967584e-12,-3.110784939264365e-13
-2.516,-4.261632160644768e-12,-3.1906856953818665e-13
-2.515,-4.314742831256022e-12,-3.272130861631219e-13
-2.514,-4.368511241798615e-12,-3.3551469768075125e-13
-2.513,-4.422945475493268e-12,-3.4397610069216497e-13
-2.512,-4.478053713953583e-12,-3.5260003517939877e-13
-2.511,-4.533844238369325e-12,-3.6138928517467416e-13
-2.51,-4.59032543070371e-12,-3.7034667943965927e-13
-2.509,-4.6475057749048615e-12,-3.7947509215489736e-13
-2.508,-4.705393858131607e-12,-3.887774436195511e-13
-2.507,-4.763998371993773e-12,-3.982567009616141e-13
-2.506,-4.823328113807147e-12,-4.079158788587423e-13
-2.505,-4.883391987863283e-12,-4.177580402698608e-13
-2.504,-4.944199006714317e-12,-4.277862971777032e-13
-2.503,-5.005758292472962e-12,-4.380038113424439e-13
-2.502,-5.06807907812787e-12,-4.484137950665842e-13
-2.501,-5.131170708874526e-12,-4.590195119712578e-13
-2.5,-5.195042643461863e-12,-4.698242777841222e-13
-2.499,-5.259704455554771e-12,-4.808314611390031e-13
-2.498,-5.325165835112699e-12,-4.920444843874675e-13
-2.497,-5.391436589784505e-12,-5.034668244224946e-13
-2.496,-5.45852664631979e-12,-5.151020135144247e-13
-2.495,-5.526446051996848e-12,-5.269536401593631e-13
-2.494,-5.5952049760674765e-12,-5.390253499402214e-13
-2.493,-5.664813711218806e-12,-5.513208464005799e-13
-2.492,-5.7352826750523645e-12,-5.638438919315582e-13
-2.491,-5.806622411580561e-12,-5.765983086718834e-13
-2.49,-5.8788435927408064e-12,-5.895879794213476e-13
-2.489,-5.9519570199274546e-12,-6.028168485678507e-13
-2.488,-6.025973625541787e-12,-6.162889230282253e-13
-2.487,-6.100904474560232e-12,-6.300082732030433e-13
-2.486,-6.176760766121047e-12,-6.439790339456111e-13
-2.485,-6.253553835129652e-12,-6.582054055453549e-13
-2.484,-6.33129515388286e-12,-6.726916547258094e-13
-2.483,-6.409996333712182e-12,-6.874421156574201e-13
-2.482,-6.48966912664647e-12,-7.024611909853743e-13
-2.481,-6.570325427094079e-12,-7.177533528726805e-13
-2.48,-6.6519772735448e-12,-7.333231440587167e-13
-2.479,-6.734636850291777e-12,-7.491751789334719e-13
-2.478,-6.818316489173646e-12,-7.6531414462771e-13
-2.477,-6.903028671337113e-12,-7.817448021192852e-13
-2.476,-6.98878602902023e-12,-7.984719873558452e-13
-2.475,-7.075601347356574e-12,-8.155006123941588e-13
-2.474,-7.1634875662006e-12,-8.328356665563087e-13
-2.473,-7.252457781974388e-12,-8.504822176029956e-13
-2.472,-7.342525249536037e-12,-8.684454129241995e-13
-2.471,-7.433703384069953e-12,-8.867304807474513e-13
-2.47,-7.526005762999287e-12,-9.053427313639694e-13
-2.469,-7.619446127920763e-12,-9.242875583729196e-13
-2.468,-7.714038386562157e-12,-9.435704399440617e-13
-2.467,-7.8097966147627e-12,-9.631969400990474e-13
-2.466,-7.906735058476639e-12,-9.831727100116417e-13
-2.465,-8.00486813580025e-12,-1.0035034893271393e-12
-2.464,-8.104210439022543e-12,-1.0241951075012553e-12
-2.463,-8.204776736699948e-12,-1.045253485158771e-12
-2.462,-8.306581975755248e-12,-1.06668463547222e-12
-2.461,-8.40964128360104e-12,-1.0884946655609073e-12
-2.46,-8.513969970287991e-12,-1.1106897779105506e-12
-2.459,-8.619583530678187e-12,-1.1332762718138445e-12
-2.458,-8.72649764664385e-12,-1.1562605448322506e-12
-2.457,-8.834728189291712e-12,-1.1796490942793176e-12
-2.456,-8.944291221213345e-12,-1.203448518725845e-12
-2.455,-9.055202998761734e-12,-1.2276655195272018e-12
-2.454,-9.167479974354394e-12,-1.252306902373125e-12
-2.453,-9.281138798803334e-12,-1.2773795788603183e-12
-2.452,-9.396196323672157e-12,-1.302890568088181e-12
-2.451,-9.512669603660652e-12,-1.3288469982780006e-12
-2.45,-9.630575899017105e-12,-1.3552561084159488e-12
-2.449,-9.749932677978741e-12,-1.3821252499202217e-12
-2.448,-9.87075761924054e-12,-1.409461888332673e-12
-2.447,-9.993068614452773e-12,-1.4372736050352948e-12
-2.446,-1.0116883770747613e-11,-1.4655680989919e-12
-2.445,-1.0242221413295091e-11,-1.494353188515374e-12
-2.444,-1.036910008788878e-11,-1.5236368130608585e-12
-2.443,-1.0497538563561516e-11,-1.553427035045248e-12
-2.442,-1.0627555835231507e-11,-1.583732041693367e-12
-2.441,-1.0759171126379161e-11,-1.6145601469112238e-12
-2.44,-1.0892403891755002e-11,-1.6459197931867207e-12
-2.439,-1.1027273820118984e-11,-1.6778195535182204e-12
-2.438,-1.1163800837011618e-11,-1.7102681333713676e-12
-2.437,-1.1302005107557203e-11,-1.7432743726645719e-12
-2.436,-1.1441907039299573e-11,-1.7768472477835656e-12
-2.435,-1.1583527285070706e-11,-1.8109958736254493e-12
-2.434,-1.1726886745892564e-11,-1.8457295056726558e-12
-2.433,-1.1872006573912538e-11,-1.881057542097255e-12
-2.432,-1.2018908175372887e-11,-1.9169895258960414e-12
-2.431,-1.2167613213614537e-11,-1.9535351470568403e-12
-2.43,-1.231814361211563e-11,-1.990704244756486e-12
-2.429,-1.2470521557565241e-11,-2.028506809590923e-12
-2.428,-1.262476950297259e-11,-2.0669529858378903e-12
-2.427,-1.2780910170812228e-11,-2.106053073752661e-12
-2.426,-1.2938966556205555e-11,-2.145817531897304e-12
-2.425,-1.3098961930139064e-11,-2.1862569795039555e-12
-2.424,-1.3260919842719766e-11,-2.2273821988725793e-12
-2.423,-1.3424864126468179e-11,-2.2692041378037203e-12
-2.422,-1.3590818899649312e-11,-2.311733912066743e-12
-2.421,-1.3758808569642064e-11,-2.354982807904068e-12
-2.42,-1.3928857836347486e-11,-2.3989622845719214e-12
-2.419,-1.4100991695636301e-11,-2.443683976918119e-12
-2.418,-1.427523544283617e-11,-2.489159697997415e-12
-2.417,-1.4451614676259106e-11,-2.5354014417249513e-12
-2.416,-1.4630155300769502e-11,-2.582421385568361e-12
-2.415,-1.481088353139323e-11,-2.6302318932790615e-12
-2.414,-1.499382589696826e-11,-2.678845517663317e-12
-2.413,-1.5179009243837254e-11,-2.728275003393625e-12
-2.412,-1.536646073958263e-11,-2.7785332898610087e-12
-2.411,-1.555620787680453e-11,-2.8296335140688013e-12
-2.41,-1.5748278476942197e-11,-2.881589013568508e-12
-2.409,-1.5942700694139258e-11,-2.934413329438355e-12
-2.408,-1.6139503019153328e-11,-2.9881202093051277e-12
-2.407,-1.6338714283310516e-11,-3.0427236104099245e-12
-2.406,-1.6540363662505297e-11,-3.0982377027184404e-12
-2.405,-1.674448068124621e-11,-3.1546768720764285e-12
-2.404,-1.6951095216747957e-11,-3.212055723410978e-12
-2.403,-1.716023750307039e-11,-3.270389083978258e-12
-2.402,-1.7371938135304884e-11,-3.3296920066584017e-12
-2.401,-1.758622807380864e-11,-3.3899797732981877e-12
-2.4,-1.7803138648487474e-11,-3.451267898102212e-12
-2.399,-1.8022701563127566e-11,-3.513572131073236e-12
-2.398,-1.8244948899776755e-11,-3.5769084615024108e-12
-2.397,-1.8469913123175937e-11,-3.64129312151009e-12
-2.396,-1.869762708524106e-11,-3.706742589637952e-12
-2.395,-1.892812402959634e-11,-3.773273594493159e-12
-2.394,-1.9161437596159217e-11,-3.8409031184452925e-12
-2.393,-1.939760182577766e-11,-3.909648401376828e-12
-2.392,-1.9636651164920338e-11,-3.979526944487892e-12
-2.391,-1.9878620470420308e-11,-4.050556514156087e-12
-2.39,-2.0123545014272754e-11,-4.122755145852163e-12
-2.389,-2.0371460488487403e-11,-4.196141148112332e-12
-2.388,-2.06224030099962e-11,-4.270733106568024e-12
-2.387,-2.0876409125616864e-11,-4.34654988803391e-12
-2.386,-2.1133515817072907e-11,-4.423610644655012e-12
-2.385,-2.139376050607079e-11,-4.5019348181137436e-12
-2.384,-2.1657181059434773e-11,-4.5815421438977314e-12
-2.383,-2.1923815794300143e-11,-4.66245265562928e-12
-2.382,-2.2193703483365458e-11,-4.744686689457353e-12
-2.381,-2.246688336020438e-11,-4.828264888512966e-12
-2.38,-2.274339512463788e-11,-4.913208207428877e-12
-2.379,-2.3023278948167313e-11,-4.999537916924502e-12
-2.378,-2.3306575479469185e-11,-5.087275608456966e-12
-2.377,-2.3593325849952154e-11,-5.17644319893924e-12
-2.376,-2.3883571679377043e-11,-5.267062935526309e-12
-2.375,-2.417735508154047e-11,-5.359157400470332e-12
-2.374,-2.4474718670022833e-11,-5.452749516045778e-12
-2.373,-2.477570556400138e-11,-5.547862549545528e-12
-2.372,-2.508035939412897e-11,-5.644520118348943e-12
-2.371,-2.5388724308479337e-11,-5.742746195062924e-12
-2.37,-2.5700844978559545e-11,-5.84256511273699e-12
-2.369,-2.6016766605390344e-11,-5.944001570153438e-12
-2.368,-2.6336534925655177e-11,-6.047080637193616e-12
-2.367,-2.66601962179186e-11,-6.1518277602814224e-12
-2.366,-2.698779730891483e-11,-6.2582687679051025e-12
-2.365,-2.731938557990721e-11,-6.366429876218448e-12
-2.364,-2.765500897311934e-11,-6.476337694722535e-12
-2.363,-2.7994715998238648e-11,-6.588019232029132e-12
-2.362,-2.833855573899321e-11,-6.7015019017069296e-12
-2.361,-2.8686577859802546e-11,-6.8168135282117665e-12
-2.36,-2.903883261250327e-11,-6.933982352902038e-12
-2.359,-2.9395370843150335e-11,-7.053037040140484e-12
-2.358,-2.975624399889473e-11,-7.174006683483593e-12
-2.357,-3.0121504134938404e-11,-7.296920811959833e-12
-2.356,-3.0491203921567283e-11,-7.421809396437989e-12
-2.355,-3.0865396651263256e-11,-7.548702856086857e-12
-2.354,-3.1244136245895835e-11,-7.67763206492761e-12
-2.353,-3.1627477263994533e-11,-7.8086283584801e-12
-2.352,-3.20154749081027e-11,-7.941723540504482e-12
-2.351,-3.240818503221365e-11,-8.076949889839438e-12
-2.35,-3.2805664149290163e-11,-8.21434016733841e-12
-2.349,-3.320796943886798e-11,-8.353927622905209e-12
-2.348,-3.361515875474444e-11,-8.495746002630394e-12
-2.347,-3.402729063275295e-11,-8.63982955602984e-12
-2.346,-3.444442429862439e-11,-8.786213043386959e-12
-2.345,-3.4866619675936245e-11,-8.934931743199984e-12
-2.344,-3.529393739415049e-11,-9.086021459735866e-12
-2.343,-3.5726438796741046e-11,-9.239518530692194e-12
-2.342,-3.616418594941197e-11,-9.395459834968759e-12
-2.341,-3.660724164840708e-11,-9.553882800550213e-12
-2.34,-3.705566942891224e-11,-9.714825412501455e-12
-2.339,-3.7509533573551046e-11,-9.87832622107728e-12
-2.338,-3.796889912097515e-11,-1.0044424349947938e-11
-2.337,-3.8433831874549974e-11,-1.021315950454219e-11
-2.336,-3.890439841113706e-11,-1.0384571980509558e-11
-2.335,-3.938066608997386e-11,-1.0558702672303406e-11
-2.334,-3.986270306165215e-11,-1.0735593081886569e-11
-2.333,-4.035057827719606e-11,-1.0915285327561245e-11
-2.332,-4.084436149724075e-11,-1.10978221529249e-11
-2.331,-4.1344123301312776e-11,-1.1283246935953954e-11
-2.33,-4.1849935097213294e-11,-1.147160369821702e-11
-2.329,-4.2361869130505115e-11,-1.1662937114219568e-11
-2.328,-4.287999849410471e-11,-1.1857292520881788e-11
-2.327,-4.3404397137980265e-11,-1.2054715927151575e-11
-2.326,-4.3935139878956966e-11,-1.2255254023754513e-11
-2.325,-4.4472302410630506e-11,-1.245895419308276e-11
-2.324,-4.5015961313390046e-11,-1.2665864519224827e-11
-2.323,-4.5566194064551796e-11,-1.2876033798138162e-11
-2.322,-4.612307904860423e-11,-1.3089511547966608e-11
-2.321,-4.6686695567566256e-11,-1.3306348019504713e-11
-2.32,-4.725712385145944e-11,-1.352659420681097e-11
-2.319,-4.7834445068895497e-11,-1.3750301857972082e-11
-2.318,-4.841874133778018e-11,-1.3977523486020326e-11
-2.317,-4.9010095736134914e-11,-1.420831238000623e-11
-2.316,-4.960859231303726e-11,-1.4442722616228659e-11
-2.315,-5.0214316099681504e-11,-1.4680809069624554e-11
-2.314,-5.082735312056063e-11,-1.492262742532057e-11
-2.313,-5.1447790404770885e-11,-1.516823419034883e-11
-2.312,-5.207571599744027e-11,-1.5417686705529143e-11
-2.311,-5.271121897128215e-11,-1.5671043157519962e-11
-2.31,-5.3354389438275355e-11,-1.5928362591040498e-11
-2.309,-5.400531856147204e-11,-1.618970492126632e-11
-2.308,-5.4664098566934595e-11,-1.6455130946400904e-11
-2.307,-5.5330822755803e-11,-1.6724702360425584e-11
-2.306,-5.60055855164939e-11,-1.6998481766030402e-11
-2.305,-5.668848233703279e-11,-1.7276532687728326e-11
-2.304,-5.7379609817520656e-11,-1.7558919585155503e-11
-2.303,-5.807906568273644e-11,-1.784570786656004e-11
-2.302,-5.878694879487677e-11,-1.8136963902481994e-11
-2.301,-5.95033591664343e-11,-1.8432755039627233e-11
-2.3,-6.022839797321613e-11,-1.8733149614937866e-11
-2.299,-6.096216756750358e-11,-1.9038216969861995e-11
-2.298,-6.170477149135508e-11,-1.934802746482553e-11
-2.297,-6.245631449005331e-11,-1.9662652493908942e-11
-2.296,-6.321690252569812e-11,-1.9982164499731758e-11
-2.295,-6.398664279094694e-11,-2.030663698854773e-11
-2.294,-6.476564372290383e-11,-2.063614454555357e-11
-2.293,-6.5554015017159e-11,-2.0970762850414274e-11
-2.292,-6.635186764198004e-11,-2.1310568693008017e-11
-2.291,-6.715931385265659e-11,-2.165563998939369e-11
-2.29,-6.797646720599998e-11,-2.200605579800415e-11
-2.289,-6.880344257499926e-11,-2.2361896336068384e-11
-2.288,-6.964035616363533e-11,-2.2723242996265704e-11
-2.287,-7.048732552185475e-11,-2.3090178363615234e-11
-2.286,-7.134446956070478e-11,-2.346278623260397e-11
-2.285,-7.221190856763122e-11,-2.3841151624556702e-11
-2.284,-7.308976422194093e-11,-2.4225360805251166e-11
-2.283,-7.397815961043033e-11,-2.4615501302781866e-11
-2.282,-7.487721924318174e-11,-2.5011661925675976e-11
-2.281,-7.57870690695293e-11,-2.5413932781264845e-11
-2.28,-7.670783649419593e-11,-2.5822405294314652e-11
-2.279,-7.76396503936033e-11,-2.6237172225919828e-11
-2.278,-7.858264113235626e-11,-2.665832769266284e-11
-2.277,-7.95369405799037e-11,-2.708596718604409e-11
-2.276,-8.050268212737748e-11,-2.752018759218565e-11
-2.275,-8.148000070461111e-11,-2.7961087211812653e-11
-2.274,-8.246903279734013e-11,-2.8408765780516123e-11
-2.273,-8.346991646458597e-11,-2.8863324489301244e-11
-2.272,-8.448279135622475e-11,-2.932486600542498e-11
-2.271,-8.550779873074356e-11,-2.979349449352701e-11
-2.27,-8.654508147318514e-11,-3.026931563705812e-11
-2.269,-8.759478411328372e-11,-3.075243666001017e-11
-2.268,-8.865705284379316e-11,-3.1242966348951686e-11
-2.267,-8.973203553900981e-11,-3.1741015075373514e-11
-2.266,-9.081988177349153e-11,-3.224669481834865e-11
-2.265,-9.192074284097525e-11,-3.2760119187510706e-11
-2.264,-9.303477177349467e-11,-3.328140344635534e-11
-2.263,-9.416212336070011e-11,-3.381066453586921e-11
-2.262,-9.530295416938257e-11,-3.434802109849088e-11
-2.261,-9.645742256320396e-11,-3.4893593502408387e-11
-2.26,-9.762568872263536e-11,-3.544750386619795e-11
-2.259,-9.880791466510557e-11,-3.60098760838088e-11
-2.258,-1.0000426426536175e-10,-3.65808358498986e-11
-2.257,-1.0121490327604419e-10,-3.716051068552456e-11
-2.256,-1.0243999934847764e-10,-3.7749029964195036e-11
-2.255,-1.0367972205368067e-10,-3.834652493828661e-11
-2.254,-1.0493424290359578e-10,-3.895312876583171e-11
-2.253,-1.0620373537254188e-10,-3.956897653768184e-11
-2.252,-1.0748837491889154e-10,-4.019420530505172e-11
-2.251,-1.0878833900697512e-10,-4.082895410744946e-11
-2.25,-1.1010380712921389e-10,-4.147336400099818e-11
-2.249,-1.1143496082848421e-10,-4.212757808715437e-11
-2.248,-1.1278198372071534e-10,-4.27917415418287e-11
-2.247,-1.141450615177226e-10,-4.346600164491446e-11
-2.246,-1.1552438205027846e-10,-4.415050781022962e-11
-2.245,-1.1692013529142372e-10,-4.4845411615877984e-11
-2.244,-1.1833251338002103e-10,-4.555086683503524e-11
-2.243,-1.1976171064455289e-10,-4.626702946716585e-11
-2.242,-1.2120792362716672e-10,-4.699405776967662e-11
-2.241,-1.2267135110796913e-10,-4.773211229001304e-11
-2.24,-1.2415219412957163e-10,-4.8481355898204386e-11
-2.239,-1.2565065602189047e-10,-4.9241953819863876e-11
-2.238,-1.2716694242720254e-10,-5.001407366965008e-11
-2.237,-1.2870126132545995e-10,-5.07978854851959e-11
-2.236,-1.30253823059866e-10,-5.159356176151167e-11
-2.235,-1.3182484036271412e-10,-5.2401277485868717e-11
-2.234,-1.3341452838149315e-10,-5.3221210173170157e-11
-2.233,-1.3502310470526083e-10,-5.405353990181553e-11
-2.232,-1.366507893912882e-10,-5.4898449350066075e-11
-2.231,-1.3829780499197722e-10,-5.575612383291757e-11
-2.23,-1.3996437658205434e-10,-5.6626751339487584e-11
-2.229,-1.416507317860426e-10,-5.751052257092442e-11
-2.228,-1.4335710080601427e-10,-5.840763097884464e-11
-2.227,-1.4508371644962729e-10,-5.93182728043067e-11
-2.226,-1.4683081415844775e-10,-6.024264711732781e-11
-2.225,-1.485986320365608e-10,-6.118095585695174e-11
-2.224,-1.503874108794731e-10,-6.213340387187471e-11
-2.223,-1.52197394203309e-10,-6.310019896163762e-11
-2.222,-1.5402882827430336e-10,-6.408155191839179e-11
-2.221,-1.5588196213859353e-10,-6.50776765692464e-11
-2.22,-1.5775704765231328e-10,-6.60887898192056e-11
-2.219,-1.596543395119914e-10,-6.711511169470324e-11
-2.218,-1.6157409528525746e-10,-6.815686538774343e-11
-2.217,-1.6351657544185782e-10,-6.921427730065537e-11
-2.216,-1.6548204338498436e-10,-7.028757709147068e-11
-2.215,-1.6747076548291883e-10,-7.137699771993185e-11
-2.214,-1.6948301110099563e-10,-7.248277549414039e-11
-2.213,-1.715190526338857e-10,-7.360515011785356e-11
-2.212,-1.735791655382046e-10,-7.47443647384384e-11
-2.211,-1.7566362836544733e-10,-7.590066599549206e-11
-2.21,-1.7777272279525276e-10,-7.707430407013769e-11
-2.209,-1.7990673366900106e-10,-7.826553273500502e-11
-2.208,-1.8206594902374627e-10,-7.947460940490489e-11
-2.207,-1.8425066012648737e-10,-8.070179518820746e-11
-2.206,-1.864611615087809e-10,-8.194735493893345e-11
-2.205,-1.8869775100169759e-10,-8.321155730956839e-11
-2.204,-1.9096072977112652e-10,-8.449467480460951e-11
-2.203,-1.932504023534293e-10,-8.579698383485549e-11
-2.202,-1.9556707669144766e-10,-8.711876477244909e-11
-2.201,-1.979110641708672e-10,-8.846030200668287e-11
-2.2,-2.0028267965694052e-10,-8.982188400057871e-11
-2.199,-2.026822415315726e-10,-9.12038033482512e-11
-2.198,-2.0511007173077163e-10,-9.260635683306614e-11
-2.197,-2.0756649578246836e-10,-9.402984548660443e-11
-2.196,-2.1005184284470707e-10,-9.547457464844286e-11
-2.195,-2.1256644574421102e-10,-9.694085402676253e-11
-2.194,-2.1511064101532605e-10,-9.842899775979639e-11
-2.193,-2.176847689393449e-10,-9.993932447812717e-11
-2.192,-2.2028917358421588e-10,-1.0147215736784759e-10
-2.191,-2.2292420284463865e-10,-1.0302782423459406e-10
-2.19,-2.2559020848255063e-10,-1.0460665756846636e-10
-2.189,-2.2828754616800727e-10,-1.0620899460984493e-10
-2.188,-2.3101657552045882e-10,-1.0783517741611809e-10
-2.187,-2.3377766015042787e-10,-1.0948555292933171e-10
-2.186,-2.3657116770158983e-10,-1.1116047304477365e-10
-2.185,-2.393974698932604e-10,-1.1286029468050583e-10
-2.184,-2.4225694256329284e-10,-1.1458537984785678e-10
-2.183,-2.451499657113887e-10,-1.1633609572288771e-10
-2.182,-2.48076923542825e-10,-1.1811281471884526e-10
-2.181,-2.510382045126015e-10,-1.1991591455961448e-10
-2.18,-2.540342013700108e-10,-1.2174577835418545e-10
-2.179,-2.570653112036357e-10,-1.2360279467214744e-10
-2.178,-2.601319354867758e-10,-1.2548735762022456e-10
-2.177,-2.632344801233081e-10,-1.2739986691986675e-10
-2.176,-2.6637335549398377e-10,-1.2934072798591094e-10
-2.175,-2.695489765031656e-10,-1.3131035200632639e-10
-2.174,-2.7276176262600814e-10,-1.3330915602305917e-10
-2.173,-2.760121379560861e-10,-1.353375630139907e-10
-2.172,-2.793005312534717e-10,-1.373960019760253e-10
-2.171,-2.826273759932669e-10,-1.394849080093222e-10
-2.17,-2.859931104145926e-10,-1.4160472240268735e-10
-2.169,-2.8939817757003837e-10,-1.4375589272014084e-10
-2.168,-2.928430253755768e-10,-1.4593887288867597e-10
-2.167,-2.9632810666094526e-10,-1.4815412328722573e-10
-2.166,-2.998538792204992e-10,-1.504021108368535e-10
-2.165,-3.0342080586453975e-10,-1.5268330909218406e-10
-2.164,-3.0702935447112e-10,-1.5499819833409214e-10
-2.163,-3.106799980383326e-10,-1.5734726566366515e-10
-2.162,-3.1437321473708315e-10,-1.597310050974575e-10
-2.161,-3.1810948796435174e-10,-1.6214991766405385e-10
-2.16,-3.2188930639694734e-10,-1.646045115019593e-10
-2.159,-3.257131640457581e-10,-1.6709530195883392e-10
-2.158,-3.2958156031050053e-10,-1.6962281169209016e-10
-2.157,-3.334950000349725e-10,-1.7218757077087144e-10
-2.156,-3.3745399356281217e-10,-1.7479011677943064e-10
-2.155,-3.414590567937671e-10,-1.774309949219272e-10
-2.154,-3.4551071124047757e-10,-1.8011075812866197e-10
-2.153,-3.4960948408577644e-10,-1.8282996716376968e-10
-2.152,-3.537559082405103e-10,-1.8558919073438787e-10
-2.151,-3.5795052240188494e-10,-1.8838900560132295e-10
-2.15,-3.621938711123389e-10,-1.9122999669123306e-10
-2.149,-3.6648650481894824e-10,-1.9411275721034854e-10
-2.148,-3.708289799333668e-10,-1.9703788875975027e-10
-2.147,-3.752218588923049e-10,-2.0000600145222745e-10
-2.146,-3.796657102185508e-10,-2.0301771403073555e-10
-2.145,-3.841611085825372e-10,-2.060736539884762e-10
-2.144,-3.8870863486445794e-10,-2.091744576906211e-10
-2.143,-3.933088762169374e-10,-2.1232077049770133e-10
-2.142,-3.979624261282561e-10,-2.1551324689068545e-10
-2.141,-4.026698844861371e-10,-2.1875255059776823e-10
-2.14,-4.0743185764209553e-10,-2.220393547228935e-10
-2.139,-4.122489584763553e-10,-2.253743418760344e-10
-2.138,-4.171218064633368e-10,-2.2875820430525427e-10
-2.137,-4.2205102773771887e-10,-2.3219164403057267e-10
-2.136,-4.2703725516107795e-10,-2.356753729796602e-10
-2.135,-4.3208112838910943e-10,-2.392101131253872e-10
-2.134,-4.3718329393943294e-10,-2.4279659662525073e-10
-2.133,-4.423444052599863e-10,-2.4643556596270554e-10
-2.132,-4.475651227980111e-10,-2.50127774090424e-10
-2.131,-4.5284611406963337e-10,-2.5387398457551127e-10
-2.13,-4.5818805373004296e-10,-2.57674971746702e-10
-2.129,-4.635916236442749e-10,-2.615315208435647e-10
-2.128,-4.690575129585962e-10,-2.654444281677411e-10
-2.127,-4.745864181725015e-10,-2.694145012362474e-10
-2.126,-4.801790432113206e-10,-2.7344255893686557e-10
-2.125,-4.858360994994424e-10,-2.775294316856519e-10
-2.124,-4.915583060341561e-10,-2.816759615865918e-10
-2.123,-4.973463894601167e-10,-2.858830025934297e-10
-2.122,-5.032010841444339e-10,-2.9015142067370205e-10
-2.121,-5.091231322523911e-10,-2.9448209397500434e-10
-2.12,-5.151132838237954e-10,-2.988759129935211e-10
-2.119,-5.211722968499634e-10,-3.033337807448491e-10
-2.118,-5.273009373513448e-10,-3.078566129371454e-10
-2.117,-5.334999794557877e-10,-3.124453381466294e-10
-2.116,-5.397702054774482e-10,-3.1710089799547285e-10
-2.115,-5.461124059963477e-10,-3.218242473321073e-10
-2.114,-5.525273799385809e-10,-3.26616354413983e-10
-2.113,-5.59015934657177e-10,-3.31478201092811e-10
-2.112,-5.655788860136187e-10,-3.364107830023221e-10
-2.111,-5.722170584600186e-10,-3.414151097485755e-10
-2.11,-5.789312851219598e-10,-3.4649220510285263e-10
-2.109,-5.857224078820014e-10,-3.5164310719716884e-10
-2.108,-5.925912774638509e-10,-3.568688687224389e-10
-2.107,-5.995387535172091e-10,-3.621705571293316e-10
-2.106,-6.065657047032862e-10,-3.6754925483184894e-10
-2.105,-6.136730087809965e-10,-3.730060594136666e-10
-2.104,-6.2086155269383e-10,-3.7854208383727197e-10
-2.103,-6.281322326574054e-10,-3.841584566559373e-10
-2.102,-6.354859542477077e-10,-3.898563222285658e-10
-2.101,-6.429236324900109e-10,-3.956368409374485e-10
-2.1,-6.504461919484898e-10,-4.0150118940897106e-10
-2.099,-6.580545668165228e-10,-4.074505607373091e-10
-2.098,-6.657497010076863e-10,-4.134861647111528e-10
-2.097,-6.735325482474465e-10,-4.196092280434996e-10
-2.096,-6.814040721655464e-10,-4.2582099460455764e-10
-2.095,-6.893652463890935e-10,-4.321227256577986e-10
-2.094,-6.974170546363484e-10,-4.385157000992052e-10
-2.093,-7.055604908112162e-10,-4.4500121469975194e-10
-2.092,-7.137965590984435e-10,-4.515805843511656e-10
-2.091,-7.221262740595213e-10,-4.582551423150061e-10
-2.09,-7.305506607292974e-10,-4.6502624047511367e-10
-2.089,-7.390707547132978e-10,-4.718952495934658e-10
-2.088,-7.476876022857594e-10,-4.788635595694898e-10
-2.087,-7.564022604883762e-10,-4.859325797028766e-10
-2.086,-7.65215797229759e-10,-4.931037389599425e-10
-2.085,-7.741292913856105e-10,-5.003784862435837e-10
-2.084,-7.831438328996165e-10,-5.077582906668758e-10
-2.083,-7.922605228850553e-10,-5.152446418303611e-10
-2.082,-8.014804737271235e-10,-5.228390501030761e-10
-2.081,-8.108048091859831e-10,-5.305430469073678e-10
-2.08,-8.202346645005261e-10,-5.383581850075478e-10
-2.079,-8.297711864928611e-10,-5.462860388024368e-10
-2.078,-8.394155336735188e-10,-5.543282046218491e-10
-2.077,-8.491688763473805e-10,-5.624863010270701e-10
-2.076,-8.590323967203255e-10,-5.707619691153799e-10
-2.075,-8.690072890066014e-10,-5.791568728286751e-10
-2.074,-8.790947595369152e-10,-5.876726992662441e-10
-2.073,-8.892960268672443e-10,-5.9631115900175e-10
-2.072,-8.996123218883702e-10,-6.050739864044773e-10
-2.071,-9.100448879361298e-10,-6.139629399648974e-10
-2.07,-9.205949809023885e-10,-6.229798026246112e-10
-2.069,-9.312638693467303e-10,-6.321263821107257e-10
-2.068,-9.42052834608867e-10,-6.414045112747229e-10
-2.067,-9.529631709217634e-10,-6.508160484358804e-10
-2.066,-9.639961855254783e-10,-6.603628777293042e-10
-2.065,-9.75153198781719e-10,-6.700469094586333e-10
-2.064,-9.864355442891097e-10,-6.798700804534776e-10
-2.063,-9.97844568999169e-10,-6.898343544316528e-10
-2.062,-1.009381633332997e-9,-6.999417223662742e-10
-2.061,-1.0210481112986698e-9,-7.101942028577725e-10
-2.06,-1.0328453906093372e-9,-7.205938425108981e-10
-2.059,-1.0447748728020227e-9,-7.311427163167785e-10
-2.058,-1.0568379733571238e-9,-7.418429280400944e-10
-2.057,-1.0690361218186064e-9,-7.526966106114436e-10
-2.056,-1.0813707619148952e-9,-7.637059265249585e-10
-2.055,-1.0938433516804526e-9,-7.748730682412479e-10
-2.054,-1.1064553635780435e-9,-7.862002585957319e-10
-2.053,-1.1192082846216838e-9,-7.976897512124412e-10
-2.052,-1.1321036165002677e-9,-8.093438309233521e-10
-2.051,-1.145142875701869e-9,-8.211648141933293e-10
-2.05,-1.1583275936387128e-9,-8.331550495507511e-10
-2.049,-1.1716593167728123e-9,-8.453169180238902e-10
-2.048,-1.1851396067422662e-9,-8.57652833583126e-10
-2.047,-1.1987700404882127e-9,-8.701652435890645e-10
-2.046,-1.2125522103824309e-9,-8.828566292466435e-10
-2.045,-1.226487724355588e-9,-8.957295060653002e-10
-2.044,-1.240578206026125e-9,-9.087864243252822e-10
-2.043,-1.2548252948297728e-9,-9.220299695501805e-10
-2.042,-1.2692306461496953e-9,-9.354627629857664e-10
-2.041,-1.283795931447249e-9,-9.490874620852155e-10
-2.04,-1.2985228383933566e-9,-9.629067610007992e-10
-2.039,-1.3134130710004817e-9,-9.769233910821332e-10
-2.038,-1.3284683497552027e-9,-9.911401213810629e-10
-2.037,-1.3436904117513708e-9,-1.0055597591632753e-9
-2.036,-1.3590810108238518e-9,-1.0201851504267262e-9
-2.035,-1.3746419176828361e-9,-1.0350191804269676e-9
-2.034,-1.3903749200487115e-9,-1.0500647742094683e-9
-2.033,-1.406281822787488e-9,-1.065324897149019e-9
-2.032,-1.4223644480467662e-9,-1.0808025554963108e-9
-2.031,-1.4386246353922358e-9,-1.0965007969317838e-9
-2.03,-1.4550642419446996e-9,-1.11242271112684e-9
-2.029,-1.471685142517604e-9,-1.1285714303125129e-9
-2.028,-1.4884892297550737e-9,-1.1449501298556955e-9
-2.027,-1.505478414270431e-9,-1.1615620288430213e-9
-2.026,-1.5226546247851927e-9,-1.1784103906724988e-9
-2.025,-1.5400198082685294e-9,-1.195498523653002e-9
-2.024,-1.5575759300771765e-9,-1.2128297816117144e-9
-2.023,-1.57532497409578e-9,-1.2304075645096342e-9
-2.022,-1.5932689428776677e-9,-1.2482353190652438e-9
-2.021,-1.6114098577860278e-9,-1.2663165393864466e-9
-2.02,-1.629749759135483e-9,-1.2846547676108843e-9
-2.019,-1.6482907063340414e-9,-1.3032535945547361e-9
-2.018,-1.667034778025413e-9,-1.322116660370115e-9
-2.017,-1.6859840722316714e-9,-1.3412476552111706e-9
-2.016,-1.7051407064962472e-9,-1.3606503199090104e-9
-2.015,-1.7245068180272334e-9,-1.3803284466555546e-9
-2.014,-1.7440845638409864e-9,-1.4002858796964394e-9
-2.013,-1.763876120906005e-9,-1.4205265160330863e-9
-2.012,-1.7838836862870664e-9,-1.441054306134055e-9
-2.011,-1.8041094772896022e-9,-1.4618732546558006e-9
-2.01,-1.824555731604293e-9,-1.4829874211729555e-9
-2.009,-1.8452247074518609e-9,-1.5044009209182599e-9
-2.008,-1.86611868372804e-9,-1.5261179255322656e-9
-2.007,-1.887239960148702e-9,-1.5481426638229364e-9
-2.006,-1.9085908573951165e-9,-1.5704794225352778e-9
-2.005,-1.9301737172593192e-9,-1.5931325471311187e-9
-2.004,-1.9519909027895685e-9,-1.6161064425791814e-9
-2.003,-1.974044798435864e-9,-1.6394055741555707e-9
-2.002,-1.996337810195503e-9,-1.6630344682548123e-9
-2.001,-2.018872365758647e-9,-1.6869977132115846e-9
-2.0,-2.0416509146538757e-9,-1.711299960133271e-9
-1.999,-2.064675928393699e-9,-1.7359459237434811e-9
-1.998,-2.0879499006200004e-9,-1.760940383236676e-9
-1.997,-2.1114753472493784e-9,-1.7862881831440415e-9
-1.996,-2.1352548066183675e-9,-1.8119942342107553e-9
-1.995,-2.159290839628498e-9,-1.838063514284793e-9
-1.994,-2.183586029891166e-9,-1.864501069217419e-9
-1.993,-2.20814298387229e-9,-1.891312013775518e-9
-1.992,-2.2329643310367098e-9,-1.9185015325659113e-9
-1.991,-2.2580527239923035e-9,-1.946074880971817e-9
-1.99,-2.2834108386337827e-9,-1.974037386101608e-9
-1.989,-2.3090413742861367e-9,-2.0023944477500223e-9
-1.988,-2.3349470538476823e-9,-2.0311515393719923e-9
-1.987,-2.3611306239326904e-9,-2.0603142090692438e-9
-1.986,-2.3875948550135457e-9,-2.089888080589839e-9
-1.985,-2.414342541562405e-9,-2.1198788543408217e-9
-1.984,-2.441376502192309e-9,-2.1502923084141308e-9
-1.983,-2.4686995797977152e-9,-2.181134299625962e-9
-1.982,-2.4963146416944042e-9,-2.2124107645697344e-9
-1.981,-2.524224579758715e-9,-2.2441277206828487e-9
-1.98,-2.5524323105660767e-9,-2.2762912673274037e-9
-1.979,-2.580940775528775e-9,-2.3089075868850544e-9
-1.978,-2.609752941032927e-9,-2.3419829458661896e-9
-1.977,-2.6388717985745996e-9,-2.3755236960336127e-9
-1.976,-2.668300364895036e-9,-2.409536275540906e-9
-1.975,-2.6980416821149353e-9,-2.444027210085672e-9
-1.974,-2.72809881786774e-9,-2.4790031140778373e-9
-1.973,-2.7584748654318693e-9,-2.5144706918232073e-9
-1.972,-2.7891729438618615e-9,-2.5504367387224726e-9
-1.971,-2.8201961981183575e-9,-2.586908142485859e-9
-1.97,-2.8515477991968766e-9,-2.6238918843636158e-9
-1.969,-2.883230944255331e-9,-2.6613950403925553e-9
-1.968,-2.9152488567402124e-9,-2.699424782658831e-9
-1.967,-2.947604786511403e-9,-2.7379883805771766e-9
-1.966,-2.9803020099655423e-9,-2.7770932021868006e-9
-1.965,-3.013343830157888e-9,-2.816746715464155e-9
-1.964,-3.0467335769226157e-9,-2.856956489652792e-9
-1.963,-3.0804746069914853e-9,-2.897730196610521e-9
-1.962,-3.1145703041108093e-9,-2.939075612174084e-9
-1.961,-3.149024079156659e-9,-2.9810006175415797e-9
-1.96,-3.1838393702482377e-9,-3.0235132006728463e-9
-1.959,-3.219019642859348e-9,-3.0666214577080453e-9
-1.958,-3.254568389927886e-9,-3.11033359440466e-9
-1.957,-3.2904891319632862e-9,-3.1546579275931567e-9
-1.956,-3.3267854171518394e-9,-3.1996028866515318e-9
-1.955,-3.3634608214598144e-9,-3.245177014998989e-9
-1.954,-3.4005189487342923e-9,-3.291388971608985e-9
-1.953,-3.43796343080165e-9,-3.3382475325418885e-9
-1.952,-3.4757979275635933e-9,-3.385761592497502e-9
-1.951,-3.5140261270906698e-9,-3.4339401663876878e-9
-1.95,-3.5526517457131674e-9,-3.4827923909293625e-9
-1.949,-3.5916785281093158e-9,-3.532327526258106e-9
-1.948,-3.631110247390698e-9,-3.5825549575626486e-9
-1.947,-3.670950705184784e-9,-3.633484196740498e-9
-1.946,-3.711203731714492e-9,-3.685124884074972e-9
-1.945,-3.7518731858746804e-9,-3.7374867899339005e-9
-1.944,-3.792962955305476e-9,-3.790579816490274e-9
-1.943,-3.834476956462341e-9,-3.8444139994651136e-9
-1.942,-3.876419134682768e-9,-3.898999509892834e-9
-1.941,-3.918793464249513e-9,-3.95434665590939e-9
-1.94,-3.961603948450254e-9,-4.010465884563479e-9
-1.939,-4.004854619633556e-9,-4.0673677836511085e-9
-1.938,-4.048549539261068e-9,-4.125063083573793e-9
-1.937,-4.092692797955786e-9,-4.183562659220698e-9
-1.936,-4.1372885155463205e-9,-4.242877531875024e-9
-1.935,-4.1823408411070186e-9,-4.303018871144918e-9
-1.934,-4.227853952993827e-9,-4.363997996919246e-9
-1.933,-4.273832058875786e-9,-4.425826381348509e-9
-1.932,-4.32027939576202e-9,-4.488515650851238e-9
-1.931,-4.367200230024091e-9,-4.552077588146159e-9
-1.93,-4.414598857413604e-9,-4.6165241343104805e-9
-1.929,-4.46247960307492e-9,-4.681867390864599e-9
-1.928,-4.510846821552842e-9,-4.748119621883574e-9
-1.927,-4.559704896795133e-9,-4.815293256135684e-9
-1.926,-4.609058242149747e-9,-4.8834008892484125e-9
-1.925,-4.658911300356597e-9,-4.952455285902208e-9
-1.924,-4.7092685435337395e-9,-5.022469382052346e-9
-1.923,-4.760134473157815e-9,-5.093456287179258e-9
-1.922,-4.811513620038602e-9,-5.165429286567665e-9
-1.921,-4.8634105442875085e-9,-5.238401843614887e-9
-1.92,-4.915829835279876e-9,-5.312387602168674e-9
-1.919,-4.968776111610902e-9,-5.387400388894942e-9
-1.918,-5.022254021045035e-9,-5.463454215675758e-9
-1.917,-5.076268240458673e-9,-5.540563282037973e-9
-1.916,-5.13082347577599e-9,-5.618741977612863e-9
-1.915,-5.185924461897712e-9,-5.698004884627173e-9
-1.914,-5.241575962622685e-9,-5.778366780425938e-9
-1.913,-5.297782770562022e-9,-5.8598426400274794e-9
-1.912,-5.354549707045673e-9,-5.942447638710983e-9
-1.911,-5.4118816220212166e-9,-6.0261971546370335e-9
-1.91,-5.469783393944676e-9,-6.111106771501538e-9
-1.909,-5.528259929663182e-9,-6.197192281223425e-9
-1.908,-5.587316164289256e-9,-6.284469686666559e-9
-1.907,-5.646957061066542e-9,-6.372955204396259e-9
-1.906,-5.707187611226749e-9,-6.4626652674708765e-9
-1.905,-5.768012833837615e-9,-6.553616528268842e-9
-1.904,-5.829437775641666e-9,-6.64582586135162e-9
-1.903,-5.891467510885552e-9,-6.7393103663630136e-9
-1.902,-5.954107141139739e-9,-6.8340873709652615e-9
-1.901,-6.0173617951083266e-9,-6.930174433812377e-9
-1.9,-6.081236628428758e-9,-7.0275893475611844e-9
-1.899,-6.1457368234611845e-9,-7.1263501419205104e-9
-1.898,-6.2108675890672524e-9,-7.226475086739003e-9
-1.897,-6.276634160378052e-9,-7.327982695132036e-9
-1.896,-6.3430417985509824e-9,-7.4308917266481875e-9
-1.895,-6.410095790515291e-9,-7.535221190475768e-9
-1.894,-6.477801448705997e-9,-7.640990348689885e-9
-1.893,-6.546164110785974e-9,-7.748218719540537e-9
-1.892,-6.615189139355879e-9,-7.856926080782239e-9
-1.891,-6.684881921651684e-9,-7.96713247304568e-9
-1.89,-6.755247869229517e-9,-8.078858203251915e-9
-1.889,-6.826292417637527e-9,-8.19212384806963e-9
-1.888,-6.8980210260744824e-9,-8.306950257415968e-9
-1.887,-6.9704391770348076e-9,-8.423358558001478e-9
-1.886,-7.043552375939755e-9,-8.541370156919692e-9
-1.885,-7.117366150754406e-9,-8.661006745281884e-9
-1.884,-7.191886051590184e-9,-8.782290301897566e-9
-1.883,-7.2671176502925615e-9,-8.905243097001231e-9
-1.882,-7.343066540013641e-9,-9.02988769602597e-9
-1.881,-7.419738334769271e-9,-9.156246963424453e-9
-1.88,-7.497138668980364e-9,-9.2843440665379e-9
-1.879,-7.57527319699807e-9,-9.414202479513588e-9
-1.878,-7.654147592612464e-9,-9.545845987271496e-9
-1.877,-7.733767548544378e-9,-9.679298689520662e-9
-1.876,-7.814138775920026e-9,-9.814585004825863e-9
-1.875,-7.89526700372804e-9,-9.951729674725215e-9
-1.874,-7.977157978258565e-9,-1.00907577678993e-8
-1.873,-8.059817462523997e-9,-1.0231694684392442e-8
-1.872,-8.143251235660998e-9,-1.0374566159886756e-8
-1.871,-8.22746509231338e-9,-1.0519398270029598e-8
-1.87,-8.312464841995461e-9,-1.0666217434815058e-8
-1.869,-8.398256308435475e-9,-1.0815050423020138e-8
-1.868,-8.484845328898612e-9,-1.0965924356696257e-8
-1.867,-8.572237753489277e-9,-1.1118866715716778e-8
-1.866,-8.660439444432123e-9,-1.1273905342381168e-8
-1.865,-8.749456275331404e-9,-1.1431068446076523e-8
-1.864,-8.839294130408225e-9,-1.1590384607997096e-8
-1.863,-8.929958903715202e-9,-1.1751882785922541e-8
-1.862,-9.021456498328098e-9,-1.1915592319055561e-8
-1.861,-9.113792825513908e-9,-1.2081542932919661e-8
-1.86,-9.206973803874976e-9,-1.2249764744317738e-8
-1.859,-9.301005358468595e-9,-1.2420288266352193e-8
-1.858,-9.395893419901606e-9,-1.2593144413507329e-8
-1.857,-9.491643923399517e-9,-1.2768364506794745e-8
-1.856,-9.588262807849567e-9,-1.294598027896249e-8
-1.855,-9.685756014817251e-9,-1.3126023879768701e-8
-1.854,-9.784129487535743e-9,-1.3308527881320525e-8
-1.853,-9.883389169867693e-9,-1.3493525283479053e-8
-1.852,-9.983541005238806e-9,-1.3681049519331071e-8
-1.851,-1.0084590935542673e-8,-1.3871134460728398e-8
-1.85,-1.0186544900016252e-8,-1.4063814423895616e-8
-1.849,-1.0289408834085418e-8,-1.4259124175106983e-8
-1.848,-1.0393188668179993e-8,-1.4457098936433337e-8
-1.847,-1.0497890326517633e-8,-1.4657774391559847e-8
-1.846,-1.0603519725855958e-8,-1.4861186691675377e-8
-1.845,-1.071008277421231e-8,-1.5067372461434355e-8
-1.844,-1.0817585369550467e-8,-1.5276368804991974e-8
-1.843,-1.0926033398433694e-8,-1.5488213312113567e-8
-1.842,-1.1035432734643447e-8,-1.570294406435904e-8
-1.841,-1.1145789237763047e-8,-1.5920599641343237e-8
-1.84,-1.1257108751725671e-8,-1.6141219127073096e-8
-1.839,-1.1369397103325931e-8,-1.636484211636253e-8
-1.838,-1.1482660100694319e-8,-1.6591508721325885e-8
-1.837,-1.1596903531733848e-8,-1.6821259577950924e-8
-1.836,-1.1712133162518084e-8,-1.705413585275224e-8
-1.835,-1.1828354735649875e-8,-1.729017924950606e-8
-1.834,-1.1945573968579984e-8,-1.7529432016067318e-8
-1.833,-1.2063796551884855e-8,-1.7771936951270004e-8
-1.832,-1.2183028147502747e-8,-1.8017737411911734e-8
-1.831,-1.2303274386927386e-8,-1.8266877319823502e-8
-1.83,-1.2424540869358371e-8,-1.8519401169025607e-8
-1.829,-1.2546833159807467e-8,-1.8775354032970732e-8
-1.828,-1.2670156787159957e-8,-1.903478157187518e-8
-1.827,-1.2794517242190185e-8,-1.92977300401393e-8
-1.826,-1.291991997553042e-8,-1.9564246293858104e-8
-1.825,-1.304637039559216e-8,-1.983437779842309e-8
-1.824,-1.3173873866438952e-8,-2.010817263621637e-8
-1.823,-1.3302435705609829e-8,-2.0385679514398075e-8
-1.822,-1.3432061181892406e-8,-2.066694777278823e-8
-1.821,-1.3562755513044713e-8,-2.0952027391843996e-8
-1.82,-1.3694523863464764e-8,-2.1240969000733542e-8
-1.819,-1.3827371341806902e-8,-2.1533823885507542e-8
-1.818,-1.3961302998543905e-8,-2.1830643997369415e-8
-1.817,-1.4096323823473844e-8,-2.2131481961045467e-8
-1.816,-1.4232438743170653e-8,-2.2436391083256055e-8
-1.815,-1.4369652618377348e-8,-2.2745425361288873e-8
-1.814,-1.450797024134085e-8,-2.3058639491675576e-8
-1.813,-1.4647396333087282e-8,-2.337608887897287e-8
-1.812,-1.4787935540636688e-8,-2.369782964464927e-8
-1.811,-1.4929592434155976e-8,-2.4023918636078678e-8
-1.81,-1.5072371504049024e-8,-2.4354413435642038e-8
-1.809,-1.521627715798269e-8,-2.4689372369938235e-8
-1.808,-1.536131371784763e-8,-2.502885451910547e-8
-1.807,-1.5507485416652655e-8,-2.5372919726254406e-8
-1.806,-1.5654796395351445e-8,-2.5721628607014235e-8
-1.805,-1.5803250699600324e-8,-2.6075042559193004e-8
-1.804,-1.595285227644591e-8,-2.6433223772553487e-8
-1.803,-1.6103604970941257e-8,-2.6796235238705802e-8
-1.802,-1.6255512522689245e-8,-2.7164140761118176e-8
-1.801,-1.6408578562311874e-8,-2.753700496524709e-8
-1.8,-1.6562806607844086e-8,-2.7914893308788208e-8
-1.799,-1.6718200061050785e-8,-2.8297872092049342e-8
-1.798,-1.6874762203665572e-8,-2.8686008468446862e-8
-1.797,-1.703249619354989e-8,-2.9079370455126933e-8
-1.796,-1.7191405060771016e-8,-2.947802694371287e-8
-1.795,-1.7351491703597515e-8,-2.988204771118011e-8
-1.794,-1.751275888441061e-8,-3.0291503430860125e-8
-1.793,-1.767520922552998e-8,-3.070646568357473e-8
-1.792,-1.7838845204952422e-8,-3.11270069689022e-8
-1.791,-1.8003669152001793e-8,-3.1553200716576694e-8
-1.79,-1.8169683242888707e-8,-3.198512129802233e-8
-1.789,-1.833688949617825e-8,-3.2422844038023516e-8
-1.788,-1.8505289768164156e-8,-3.2866445226532944e-8
-1.787,-1.867488574814775e-8,-3.3316002130618747e-8
-1.786,-1.8845678953619893e-8,-3.3771593006552374e-8
-1.785,-1.901767072534429e-8,-3.4233297112038694e-8
-1.784,-1.9190862222340324e-8,-3.4701194718589834e-8
-1.783,-1.9365254416763652e-8,-3.517536712404436e-8
-1.782,-1.9540848088682752e-8,-3.5655896665233384e-8
-1.781,-1.9717643820749565e-8,-3.6142866730795084e-8
-1.78,-1.9895641992762335e-8,-3.6636361774139354e-8
-1.779,-2.0074842776118765e-8,-3.713646732656411e-8
-1.778,-2.0255246128157528e-8,-3.7643270010525e-8
-1.777,-2.0436851786386144e-8,-3.815685755305993e-8
-1.776,-2.0619659262593272e-8,-3.86773187993704e-8
-1.775,-2.08036678368433e-8,-3.9204743726560987e-8
-1.774,-2.098887655135123e-8,-3.973922345753888e-8
-1.773,-2.11752842042357e-8,-4.0280850275075134e-8
-1.772,-2.1362889343148054e-8,-4.082971763602926e-8
-1.771,-2.1551690258775216e-8,-4.138592018573902e-8
-1.77,-2.1741684978214226e-8,-4.194955377257709e-8
-1.769,-2.1932871258216148e-8,-4.252071546267639e-8
-1.768,-2.2125246578297094e-8,-4.3099503554825803e-8
-1.767,-2.231880813371399e-8,-4.368601759553824e-8
-1.766,-2.251355282830282e-8,-4.428035839429258e-8
-1.765,-2.2709477267176848e-8,-4.488262803895164e-8
-1.764,-2.2906577749282465e-8,-4.549292991135775e-8
-1.763,-2.3104850259810124e-8,-4.611136870310795e-8
-1.762,-2.3304290462457905e-8,-4.673805043151057e-8
-1.761,-2.350489369154511e-8,-4.7373082455725235e-8
-1.76,-2.370665494397332e-8,-4.8016573493087987e-8
-1.759,-2.3909568871032244e-8,-4.8668633635623644e-8
-1.758,-2.4113629770047738e-8,-4.932937436674724e-8
-1.757,-2.43188315758692e-8,-4.999890857815646e-8
-1.756,-2.4525167852193614e-8,-5.067735058691716e-8
-1.755,-2.4732631782723452e-8,-5.136481615274382e-8
-1.754,-2.4941216162155502e-8,-5.206142249547704e-8
-1.753,-2.5150913386997823e-8,-5.276728831276e-8
-1.752,-2.536171544621176e-8,-5.348253379791606e-8
-1.751,-2.5573613911676146e-8,-5.420728065802932e-8
-1.75,-2.5786599928470555e-8,-5.4941652132230503e-8
-1.749,-2.6000664204974526e-8,-5.568577301018993e-8
-1.748,-2.6215797002779694e-8,-5.6439769650819966e-8
-1.747,-2.6431988126411506e-8,-5.720377000118882e-8
-1.746,-2.6649226912857415e-8,-5.7977903615648014e-8
-1.745,-2.6867502220898142e-8,-5.876230167517556e-8
-1.744,-2.7086802420238737e-8,-5.9557097006936984e-8
-1.743,-2.7307115380436005e-8,-6.036242410406653e-8
-1.742,-2.7528428459618858e-8,-6.117841914567057e-8
-1.741,-2.775072849299806e-8,-6.200522001705551e-8
-1.74,-2.7974001781161835e-8,-6.28429663301824e-8
-1.739,-2.8198234078153683e-8,-6.369179944435062e-8
-1.738,-2.842341057932876e-8,-6.455186248711259e-8
-1.737,-2.8649515908985072e-8,-6.542330037542219e-8
-1.736,-2.887653410776565e-8,-6.630625983701879e-8
-1.735,-2.910444861982793e-8,-6.72008894320496e-8
-1.734,-2.933324227977636e-8,-6.810733957493226e-8
-1.733,-2.956289729935427e-8,-6.902576255646028e-8
-1.732,-2.9793395253890987e-8,-6.995631256615369e-8
-1.731,-3.002471706850007e-8,-7.089914571485715e-8
-1.73,-3.0256843004024496e-8,-7.185442005758788e-8
-1.729,-3.048975264272457e-8,-7.282229561663611e-8
-1.728,-3.0723424873704294e-8,-7.380293440492005e-8
-1.727,-3.095783787807175e-8,-7.479650044959825e-8
-1.726,-3.1192969113829145e-8,-7.58031598159414e-8
-1.725,-3.1428795300487956e-8,-7.68230806314664e-8
-1.724,-3.1665292403404616e-8,-7.785643311033495e-8
-1.723,-3.190243561783214e-8,-7.890338957801924e-8
-1.722,-3.2140199352682876e-8,-7.996412449623734e-8
-1.721,-3.237855721399768e-8,-8.103881448816057e-8
-1.72,-3.261748198811663e-8,-8.212763836389585e-8
-1.719,-3.2856945624546264e-8,-8.323077714624504e-8
-1.718,-3.309691921851844e-8,-8.434841409674435e-8
-1.717,-3.333737299323563e-8,-8.548073474198604e-8
-1.716,-3.3578276281797485e-8,-8.662792690022534e-8
-1.715,-3.3819597508803495e-8,-8.779018070827493e-8
-1.714,-3.406130417162628e-8,-8.896768864868979e-8
-1.713,-3.430336282135016e-8,-9.016064557724507e-8
-1.712,-3.454573904336957e-8,-9.136924875070958e-8
-1.711,-3.4788397437641527e-8,-9.25936978549176e-8
-1.71,-3.503130159858673e-8,-9.383419503314179e-8
-1.709,-3.5274414094633315e-8,-9.509094491476981e-8
-1.708,-3.551769644739757e-8,-9.63641546442874e-8
-1.707,-3.576110911049552e-8,-9.76540339105707e-8
-1.706,-3.600461144797949e-8,-9.896079497649057e-8
-1.705,-3.624816171239345e-8,-1.0028465270883154e-7
-1.704,-3.6491717022440886e-8,-1.0162582460852845e-7
-1.703,-3.6735233340259e-8,-1.0298453084122318e-7
-1.702,-3.697866544829267e-8,-1.043609942681447e-7
-1.701,-3.722196692576181e-8,-1.0575544047731485e-7
-1.7,-3.746509012471542e-8,-1.071680978150831e-7
-1.699,-3.770798614566563e-8,-1.0859919741799262e-7
-1.698,-3.7950604812795015e-8,-1.1004897324498114e-7
-1.697,-3.8192894648730076e-8,-1.1151766210991879e-7
-1.696,-3.8434802848874095e-8,-1.1300550371448637e-7
-1.695,-3.8676275255292025e-8,-1.1451274068139651e-7
-1.694,-3.891725633014034e-8,-1.1603961858796096e-7
-1.693,-3.915768912863438e-8,-1.1758638600000659e-7
-1.692,-3.939751527154579e-8,-1.1915329450614328e-7
-1.691,-3.9636674917222446e-8,-1.207405987523865e-7
-1.69,-3.987510673312327e-8,-1.2234855647713737e-7
-1.689,-4.011274786685995e-8,-1.2397742854652362e-7
-1.688,-4.034953391673786e-8,-1.2562747899010372e-7
-1.687,-4.058539890178794e-8,-1.2729897503693778e-7
-1.686,-4.082027523128151e-8,-1.2899218715202755e-7
-1.685,-4.105409367371968e-8,-1.307073890731293e-7
-1.684,-4.128678332528889e-8,-1.3244485784794163e-7
-1.683,-4.1518271577774195e-8,-1.34204873871672e-7
-1.682,-4.1748484085921394e-8,-1.3598772092498425e-7
-1.681,-4.197734473423945e-8,-1.377936862123309e-7
-1.68,-4.220477560323411e-8,-1.3962306040067248e-7
-1.679,-4.24306969350637e-8,-1.4147613765858724e-7
-1.678,-4.265502709860789e-8,-1.4335321569577437e-7
-1.677,-4.287768255394015e-8,-1.452545958029533e-7
-1.676,-4.309857781619433e-8,-1.4718058289216275e-7
-1.675,-4.331762541881578e-8,-1.4913148553746167e-7
-1.674,-4.3534735876187236e-8,-1.5110761601603602e-7
-1.673,-4.374981764561965e-8,-1.5310929034971358e-7
-1.672,-4.3962777088697717e-8,-1.551368283468903e-7
-1.671,-4.4173518431970075e-8,-1.571905536448712e-7
-1.67,-4.438194372697374e-8,-1.5927079375262836e-7
-1.669,-4.458795280958224e-8,-1.6137788009397962e-7
-1.668,-4.4791443258666815e-8,-1.6351214805119054e-7
-1.667,-4.499231035405984e-8,-1.6567393700900284e-7
-1.666,-4.51904470338095e-8,-1.6786359039909217e-7
-1.665,-4.538574385071452e-8,-1.700814557449584e-7
-1.664,-4.557808892812767e-8,-1.723278847072511e-7
-1.663,-4.576736791501655e-8,-1.7460323312953367e-7
-1.662,-4.5953463940269986e-8,-1.7690786108448826e-7
-1.661,-4.613625756623823e-8,-1.792421329205656e-7
-1.66,-4.631562674149496e-8,-1.8160641730908152e-7
-1.659,-4.649144675280885e-8,-1.840010872917638e-7
-1.658,-4.666359017631241e-8,-1.8642652032875224e-7
-1.657,-4.6831926827855594e-8,-1.888830983470543e-7
-1.656,-4.6996323712531295e-8,-1.9137120778946015e-7
-1.655,-4.715664497335998e-8,-1.9389123966391897e-7
-1.654,-4.731275183912027e-8,-1.9644358959338012e-7
-1.653,-4.746450257131221e-8,-1.990286578661018e-7
-1.652,-4.761175241023971e-8,-2.0164684948642983e-7
-1.651,-4.7754353520198524e-8,-2.042985742260497e-7
-1.65,-4.7892154933755766e-8,-2.069842466757144e-7
-1.649,-4.802500249510706e-8,-2.097042862974509e-7
-1.648,-4.815273880249684e-8,-2.1245911747724815e-7
-1.647,-4.8275203149687413e-8,-2.15249169578229e-7
-1.646,-4.839223146646202e-8,-2.1807487699430916e-7
-1.645,-4.850365625814701e-8,-2.209366792043454e-7
-1.644,-4.860930654413791e-8,-2.2383502082677606e-7
-1.643,-4.870900779541413e-8,-2.2677035167475617e-7
-1.642,-4.880258187102661e-8,-2.297431268117899e-7
-1.641,-4.888984695354264e-8,-2.3275380660786277e-7
-1.64,-4.8970617483431855e-8,-2.3580285679607642e-7
-1.639,-4.904470409237703e-8,-2.3889074852978793e-7
-1.638,-4.911191353549324e-8,-2.420179584402566e-7
-1.637,-4.917204862243868e-8,-2.451849686948003e-7
-1.636,-4.922490814739995e-8,-2.483922670554638e-7
-1.635,-4.9270286817934866e-8,-2.5164034693820147e-7
-1.634,-4.930797518265507e-8,-2.549297074725764e-7
-1.633,-4.933775955773081e-8,-2.582608535619789e-7
-1.632,-4.9359421952199913e-8,-2.6163429594436493e-7
-1.631,-4.937273999206266e-8,-2.6505055125351865e-7
-1.63,-4.937748684314406e-8,-2.6851014208083966e-7
-1.629,-4.9373431132704834e-8,-2.720135970376574e-7
-1.628,-4.936033686978187e-8,-2.7556145081807483e-7
-1.627,-4.933796336423911e-8,-2.7915424426234325e-7
-1.626,-4.9306065144509025e-8,-2.8279252442076966e-7
-1.625,-4.926439187400497e-8,-2.864768446181591e-7
-1.624,-4.92126882661842e-8,-2.902077645187933e-7
-1.623,-4.9150693998241146e-8,-2.9398585019194744e-7
-1.622,-4.9078143623410175e-8,-2.9781167417794614e-7
-1.621,-4.8994766481856855e-8,-3.01685815554761e-7
-1.62,-4.8900286610136393e-8,-3.0560886000515074e-7
-1.619,-4.879442264919763e-8,-3.0958139988434447e-7
-1.618,-4.8676887750910636e-8,-3.1360403428827133e-7
-1.617,-4.854738948309568e-8,-3.176773691223353e-7
-1.616,-4.840562973303109e-8,-3.218020171707384e-7
-1.615,-4.825130460941699e-8,-3.259785981663519e-7
-1.614,-4.80841043427719e-8,-3.302077388611371e-7
-1.613,-4.790371318423851e-8,-3.344900730971163e-7
-1.612,-4.7709809302774895e-8,-3.3882624187789496e-7
-1.611,-4.7502064680706975e-8,-3.4321689344073525e-7
-1.61,-4.728014500761763e-8,-3.47662683329182e-7
-1.609,-4.7043709572547696e-8,-3.521642744662412e-7
-1.608,-4.679241115448354e-8,-3.567223372281114e-7
-1.607,-4.652589591110574e-8,-3.6133754951846853e-7
-1.606,-4.6243803265772886e-8,-3.660105968433033e-7
-1.605,-4.594576579271422e-8,-3.707421723863128e-7
-1.604,-4.5631409100404514e-8,-3.755329770848446e-7
-1.603,-4.53003517130941e-8,-3.8038371970639373e-7
-1.602,-4.495220495046675e-8,-3.85295116925652e-7
-1.601,-4.4586572805397536e-8,-3.9026789340210993e-7
-1.6,-4.420305181978252e-8,-3.9530278185820883e-7
-1.599,-4.380123095841188e-8,-4.0040052315804423e-7
-1.598,-4.3380691480857276e-8,-4.055618663866184e-7
-1.597,-4.294100681134431e-8,-4.1078756892964106e-7
-1.596,-4.248174240658029e-8,-4.160783965538778e-7
-1.595,-4.200245562150707e-8,-4.214351234880437e-7
-1.594,-4.1502695572948514e-8,-4.268585325042412e-7
-1.593,-4.098200300112147e-8,-4.323494149999405e-7
-1.592,-4.0439910128978946e-8,-4.379085710805005e-7
-1.591,-3.9875940519353566e-8,-4.4353680964222777e-7
-1.59,-3.928960892986909e-8,-4.492349484559722e-7
-1.589,-3.868042116558721e-8,-4.5500381425125586e-7
-1.588,-3.804787392935653e-8,-4.6084424280093336e-7
-1.587,-3.739145466983002e-8,-4.667570790063799e-7
-1.586,-3.6710641427116984e-8,-4.7274317698320505e-7
-1.585,-3.600490267603485e-8,-4.788034001474882e-7
-1.584,-3.527369716692596e-8,-4.849386213025323e-7
-1.583,-3.451647376400374e-8,-4.911497227261331e-7
-1.582,-3.373267128119225e-8,-4.974375962583583e-7
-1.581,-3.2921718315422905e-8,-5.038031433898349e-7
-1.58,-3.208303307735111e-8,-5.102472753505376e-7
-1.579,-3.121602321945565e-8,-5.16770913199076e-7
-1.578,-3.0320085661482664e-8,-5.233749879124748e-7
-1.577,-2.9394606413195976e-8,-5.300604404764417e-7
-1.576,-2.84389603943946e-8,-5.368282219761181e-7
-1.575,-2.7452511252158106e-8,-5.436792936873067e-7
-1.574,-2.643461117527972e-8,-5.506146271681706e-7
-1.573,-2.538460070584667e-8,-5.576352043513972e-7
-1.572,-2.4301808547926645e-8,-5.647420176368205e-7
-1.571,-2.3185551373318756e-8,-5.719360699844957e-7
-1.57,-2.20351336243268e-8,-5.792183750082184e-7
-1.569,-2.0849847313512075e-8,-5.865899570694813e-7
-1.568,-1.9628971820382413e-8,-5.940518513718609e-7
-1.567,-1.8371773684973566e-8,-6.016051040558258e-7
-1.566,-1.707750639827846e-8,-6.092507722939592e-7
-1.565,-1.5745410189479243e-8,-6.169899243865858e-7
-1.564,-1.4374711809936517e-8,-6.248236398577952e-7
-1.563,-1.2964624313889443e-8,-6.327530095518518e-7
-1.562,-1.151434683581992e-8,-6.407791357299818e-7
-1.561,-1.0023064364433315e-8,-6.489031321675269e-7
-1.56,-8.489947513207699e-9,-6.571261242514554e-7
-1.559,-6.914152287462802e-9,-6.65449249078218e-7
-1.558,-5.294819847899393e-9,-6.738736555519391e-7
-1.557,-3.6310762705590467e-9,-6.824005044829302e-7
-1.556,-1.9220323031536515e-9,-6.910309686865147e-7
-1.555,-1.6678311771335836e-10,-6.997662330821518e-7
-1.554,1.6355919404990088e-9,-7.086074947928444e-7
-1.553,3.486029607859722e-9,-7.175559632448206e-7
-1.552,5.385482961095426e-9,-7.266128602674738e-7
-1.551,7.334921679887928e-9,-7.357794201935454e-7
-1.55,9.335332313427212e-9,-7.450568899595397e-7
-1.549,1.1387718550968089e-8,-7.544465292063505e-7
-1.548,1.3493101496446582e-8,-7.639496103800881e-7
-1.547,1.565251994721292e-8,-7.735674188330885e-7
-1.546,1.7867030676938653e-8,-7.833012529250874e-7
-1.545,2.0137708722756228e-8,-7.931524241245443e-7
-1.544,2.2465647676690046e-8,-8.031222571100957e-7
-1.543,2.485195998143876e-8,-8.132120898721219e-7
-1.542,2.7297777230569418e-8,-8.234232738144067e-7
-1.541,2.98042504731847e-8,-8.337571738558712e-7
-1.54,3.237255052312535e-8,-8.442151685323619e-7
-1.539,3.500386827277072e-8,-8.547986500984714e-7
-1.538,3.769941501150095e-8,-8.655090246293717e-7
-1.537,4.046042274888544e-8,-8.763477121226369e-7
-1.536,4.3288144542662646e-8,-8.873161466000342e-7
-1.535,4.618385483157743e-8,-8.984157762092586e-7
-1.534,4.914884977314286e-8,-9.09648063325588e-7
-1.533,5.218444758639409e-8,-9.21014484653434e-7
-1.532,5.5291988899702964e-8,-9.325165313277637e-7
-1.531,5.8472837103722785e-8,-9.441557090153656e-7
-1.53,6.17283787095335e-8,-9.559335380159328e-7
-1.529,6.506002371205835e-8,-9.67851553362938e-7
-1.528,6.846920595882425e-8,-9.799113049242687e-7
-1.527,7.195738352413859e-8,-9.921143575025962e-7
-1.526,7.552603908875617e-8,-1.004462290935449e-6
-1.525,7.917668032511143e-8,-1.016956700194956e-6
-1.524,8.291084028819097e-8,-1.0295991954872343e-6
-1.523,8.67300778121234e-8,-1.0423914023513818e-6
-1.522,9.063597791256364e-8,-1.0553349617580498e-6
-1.521,9.463015219495023e-8,-1.068431530207553e-6
-1.52,9.871423926871507e-8,-1.0816827798274898e-6
-1.519,1.0288990516752556e-7,-1.0950903984698303e-6
-1.518,1.0715884377564079e-7,-1.1086560898074398e-6
-1.517,1.1152277726046382e-7,-1.122381573429999e-6
-1.516,1.1598345651137319e-7,-1.1362685849392793e-6
-1.515,1.2054266158491808e-7,-1.1503188760437383e-6
-1.514,1.2520220215646218e-7,-1.1645342146523905e-6
-1.513,1.299639179783625e-7,-1.1789163849679138e-6
-1.512,1.348296793447705e-7,-1.1934671875789474e-6
-1.511,1.398013875631435e-7,-1.2081884395515385e-6
-1.51,1.4488097543255614e-7,-1.2230819745196929e-6
-1.509,1.500704077289018e-7,-1.23814964277498e-6
-1.508,1.5537168169707564e-7,-1.2533933113551502e-6
-1.507,1.607868275502316e-7,-1.2688148641317115e-6
-1.506,1.6631790897620714e-7,-1.2844162018964183e-6
-1.505,1.7196702365121007e-7,-1.3001992424466204e-6
-1.504,1.7773630376086337e-7,-1.31616592066942e-6
-1.503,1.8362791652870475e-7,-1.3323181886245833e-6
-1.502,1.8964406475223905e-7,-1.348658015626153e-6
-1.501,1.9578698734664226e-7,-1.365187388322703e-6
-1.5,2.0205895989621767e-7,-1.3819083107761815e-6
-1.499,2.084622952137053e-7,-1.3988228045392804e-6
-1.498,2.1499934390754713e-7,-1.415932908731272e-6
-1.497,2.2167249495721173e-7,-1.433240680112253e-6
-1.496,2.2848417629668327e-7,-1.4507481931557289e-6
-1.495,2.354368554062206e-7,-1.4684575401194786e-6
-1.494,2.4253303991249393e-7,-1.4863708311146299e-6
-1.493,2.4977527819720724e-7,-1.5044901941728783e-6
-1.492,2.571661600143158e-7,-1.5228177753117836e-6
-1.491,2.647083171159504e-7,-1.5413557385980674e-6
-1.49,2.72404423887159e-7,-1.5601062662088446e-6
-1.489,2.802571979895802e-7,-1.5790715584907116e-6
-1.488,2.882694010141628e-7,-1.5982538340166154e-6
-1.487,2.964438391430459e-7,-1.617655329640428e-6
-1.486,3.047833638207189e-7,-1.637278300549145e-6
-1.485,3.132908724345773e-7,-1.6571250203126266e-6
-1.484,3.219693090049951e-7,-1.6771977809308e-6
-1.483,3.3082166488503444e-7,-1.697498892878237e-6
-1.482,3.398509794699142e-7,-1.7180306851460204e-6
-1.481,3.4906034091636126e-7,-1.7387955052808089e-6
-1.48,3.584528868719692e-7,-1.7597957194210132e-6
-1.479,3.6803180521469e-7,-1.7810337123299865e-6
-1.478,3.778003348025865e-7,-1.8025118874261367e-6
-1.477,3.877617662339741e-7,-1.8242326668098638e-6
-1.476,3.9791944261808173e-7,-1.8461984912872216e-6
-1.475,4.0827676035636365e-7,-1.8684118203902038e-6
-1.474,4.1883716993459393e-7,-1.89087513239355e-6
-1.473,4.296041767258794e-7,-1.9135909243279672e-6
-1.472,4.40581341804724e-7,-1.9365617119896567e-6
-1.471,4.5177228277228435e-7,-1.9597900299460384e-6
-1.47,4.6318067459295155e-7,-1.9832784315375554e-6
-1.469,4.748102504424016e-7,-2.0070294888754507e-6
-1.468,4.866648025672535e-7,-2.03104579283539e-6
-1.467,4.987481831564782e-7,-2.055329953046815e-6
-1.466,5.11064305224702e-7,-2.0798845978779053e-6
-1.465,5.236171435075502e-7,-2.10471237441602e-6
-1.464,5.364107353691756e-7,-2.129815948443491e-6
-1.463,5.494491817221236e-7,-2.15519800440864e-6
-1.462,5.627366479596786e-7,-2.1808612453918837e-6
-1.461,5.762773649008469e-7,-2.206808393066787e-6
-1.46,5.90075629748126e-7,-2.2330421876559333e-6
-1.459,6.041358070582145e-7,-2.259565387881462e-6
-1.458,6.184623297258185e-7,-2.286380770910127e-6
-1.457,6.330596999807103e-7,-2.3134911322927363e-6
-1.456,6.479324903981983e-7,-2.3408992858978106e-6
-1.455,6.630853449231673e-7,-2.3686080638393163e-6
-1.454,6.7852297990785e-7,-2.3966203163983025e-6
-1.453,6.942501851634927e-7,-2.424938911938296e-6
-1.452,7.102718250260798e-7,-2.4535667368142758e-6
-1.451,7.265928394362801e-7,-2.4825066952750665e-6
-1.45,7.432182450337851e-7,-2.511761709358979e-6
-1.449,7.601531362662054e-7,-2.5413347187825196e-6
-1.448,7.77402686512696e-7,-2.5712286808219933e-6
-1.447,7.94972149222481e-7,-2.601446570187816e-6
-1.446,8.128668590684527e-7,-2.6319913788913512e-6
-1.445,8.310922331160156e-7,-2.66286611610408e-6
-1.444,8.496537720073556e-7,-2.694073808008912e-6
-1.443,8.685570611613077e-7,-2.7256174976434414e-6
-1.442,8.878077719890032e-7,-2.75750024473494e-6
-1.441,9.074116631254759e-7,-2.7897251255268894e-6
-1.44,9.27374581677409e-7,-2.8222952325968407e-6
-1.439,9.477024644872057e-7,-2.8552136746653813e-6
-1.438,9.684013394135677e-7,-2.888483576396e-6
-1.437,9.894773266287684e-7,-2.9221080781856195e-6
-1.436,1.0109366399328083e-6,-2.9560903359455786e-6
-1.435,1.0327855880846403e-6,-2.9904335208728203e-6
-1.434,1.0550305761506556e-6,-3.0251408192110607e-6
-1.433,1.0776781068706237e-6,-3.0602154320016915e-6
-1.432,1.1007347820412779e-6,-3.095660574824172e-6
-1.431,1.1242073039177393e-6,-3.131479477525662e-6
-1.43,1.148102476632981e-6,-3.167675383939636e-6
-1.429,1.172427207635523e-6,-3.2042515515932234e-6
-1.428,1.197188509145561e-6,-3.241211251403003e-6
-1.427,1.222393499629728e-6,-3.2785577673589874e-6
-1.426,1.248049405294691e-6,-3.316294396196517e-6
-1.425,1.2741635615997822e-6,-3.3544244470557833e-6
-1.424,1.3007434147888755e-6,-3.392951241128694e-6
-1.423,1.3277965234417063e-6,-3.43187811129279e-6
-1.422,1.3553305600448475e-6,-3.4712084017319104e-6
-1.421,1.3833533125825459e-6,-3.510945467543309e-6
-1.42,1.4118726861476304e-6,-3.551092674330908e-6
-1.419,1.440896704572702e-6,-3.5916533977843695e-6
-1.418,1.4704335120818176e-6,-3.632631023243675e-6
-1.417,1.5004913749628807e-6,-3.674028945248869e-6
-1.416,1.5310786832609521e-6,-3.7158505670746463e-6
-1.415,1.5622039524926994e-6,-3.7580993002494326e-6
-1.414,1.593875825382198e-6,-3.8007785640586196e-6
-1.413,1.6261030736183027e-6,-3.84389178503159e-6
-1.412,1.6588945996338112e-6,-3.8874423964121835e-6
-1.411,1.6922594384066342e-6,-3.9314338376122295e-6
-1.41,1.7262067592831995e-6,-3.9758695536477705e-6
-1.409,1.7607458678243055e-6,-4.0207529945576035e-6
-1.408,1.7958862076736532e-6,-4.066087614803743e-6
-1.407,1.831637362449275e-6,-4.1118768726534075e-6
-1.406,1.8680090576580892e-6,-4.158124229542139e-6
-1.405,1.905011162633805e-6,-4.204833149417629e-6
-1.404,1.942653692498403e-6,-4.252007098063849e-6
-1.403,1.9809468101474194e-6,-4.2996495424050315e-6
-1.402,2.0199008282592645e-6,-4.347763949789112e-6
-1.401,2.059526211328799e-6,-4.39635378725014e-6
-1.4,2.099833577725403e-6,-4.445422520749243e-6
-1.399,2.1408337017757666e-6,-4.494973614393671e-6
-1.398,2.1825375158716296e-6,-4.545010529633456e-6
-1.397,2.2249561126027045e-6,-4.595536724435209e-6
-1.396,2.2681007469150187e-6,-4.646555652432575e-6
-1.395,2.311982838294897e-6,-4.698070762052842e-6
-1.394,2.3566139729788295e-6,-4.7500854956192176e-6
-1.393,2.4020059061894513e-6,-4.802603288428241e-6
-1.392,2.448170564397867e-6,-4.8556275678018246e-6
-1.391,2.495120047612557e-6,-4.909161752113391e-6
-1.39,2.5428666316950964e-6,-4.963209249787558e-6
-1.389,2.591422770702923e-6,-5.017773458272826e-6
-1.388,2.640801099259388e-6,-5.072857762986714e-6
-1.387,2.691014434951315e-6,-5.128465536232761e-6
-1.386,2.7420757807543216e-6,-5.184600136088819e-6
-1.385,2.7939983274861108e-6,-5.24126490526605e-6
-1.384,2.846795456287987e-6,-5.298463169938013e-6
-1.383,2.9004807411348188e-6,-5.356198238539241e-6
-1.382,2.955067951373685e-6,-5.414473400532681e-6
-1.381,3.0105710542914334e-6,-5.473291925145354e-6
-1.38,3.067004217711389e-6,-5.532657060071598e-6
-1.379,3.124381812619435e-6,-5.592572030143233e-6
-1.378,3.182718415819706e-6,-5.6530400359659805e-6
-1.377,3.2420288126201145e-6,-5.714064252521449e-6
-1.376,3.302327999547946e-6,-5.775647827734002e-6
-1.375,3.363631187095743e-6,-5.8377938810017936e-6
-1.374,3.4259538024977126e-6,-5.900505501691266e-6
-1.373,3.4893114925368753e-6,-5.963785747594355e-6
-1.372,3.5537201263831845e-6,-6.027637643347692e-6
-1.371,3.619195798462835e-6,-6.092064178813011e-6
-1.37,3.6857548313589837e-6,-6.157068307418026e-6
-1.369,3.7534137787440995e-6,-6.222652944456956e-6
-1.368,3.822189428344163e-6,-6.288820965349941e-6
-1.367,3.892098804934928e-6,-6.355575203860503e-6
-1.366,3.963159173370457e-6,-6.4229184502702515e-6
-1.365,4.035388041644153e-6,-6.490853449509978e-6
-1.364,4.108803163982474e-6,-6.559382899246296e-6
-1.363,4.183422543971558e-6,-6.628509447922949e-6
-1.362,4.259264437716961e-6,-6.698235692755908e-6
-1.361,4.336347357036685e-6,-6.76856417768136e-6
-1.36,4.4146900726877245e-6,-6.8394973912556674e-6
-1.359,4.494311617626309e-6,-6.911037764506373e-6
-1.358,4.5752312903020355e-6,-6.983187668733304e-6
-1.357,4.657468657986083e-6,-7.055949413258803e-6
-1.356,4.74104356013369e-6,-7.129325243126132e-6
-1.355,4.82597611178108e-6,-7.203317336745018e-6
-1.354,4.912286706977003e-6,-7.277927803483357e-6
-1.353,4.99999602224908e-6,-7.3531586812040355e-6
-1.352,5.089125020105108e-6,-7.429011933745824e-6
-1.351,5.179694952569489e-6,-7.505489448347273e-6
-1.35,5.271727364754955e-6,-7.582593033012535e-6
-1.349,5.365244098469722e-6,-7.660324413818013e-6
-1.348,5.460267295860248e-6,-7.738685232158705e-6
-1.347,5.556819403089716e-6,-7.817677041933122e-6
-1.346,5.6549231740523935e-6,-7.897301306665603e-6
-1.345,5.754601674123998e-6,-7.977559396564877e-6
-1.344,5.85587828394819e-6,-8.05845258551764e-6
-1.343,5.958776703259329e-6,-8.139982048015974e-6
-1.342,6.063320954741577e-6,-8.222148856017328e-6
-1.341,6.169535387924495e-6,-8.304953975735835e-6
-1.34,6.2774446831151954e-6,-8.388398264363684e-6
-1.339,6.3870738553671675e-6,-8.472482466721229e-6
-1.338,6.498448258485853e-6,-8.557207211834533e-6
-1.337,6.61159358907104e-6,-8.64257300943901e-6
-1.336,6.726535890596165e-6,-8.72858024640778e-6
-1.335,6.843301557524556e-6,-8.815229183103364e-6
-1.334,6.961917339462697e-6,-8.902519949651328e-6
-1.333,7.08241034535053e-6,-8.990452542134402e-6
-1.332,7.204808047688845e-6,-9.079026818705665e-6
-1.331,7.3291382868037775e-6,-9.168242495619282e-6
-1.33,7.455429275148419e-6,-9.25809914317732e-6
-1.329,7.583709601641556e-6,-9.348596181591097e-6
-1.328,7.714008236043513e-6,-9.439732876755513e-6
-1.327,7.846354533369102e-6,-9.53150833593481e-6
-1.326,7.98077823833762e-6,-9.623921503358135e-6
-1.325,8.117309489859886e-6,-9.716971155723285e-6
-1.324,8.255978825562217e-6,-9.81065589760699e-6
-1.323,8.396817186347332e-6,-9.904974156780062e-6
-1.322,8.53985592099205e-6,-9.999924179425672e-6
-1.321,8.685126790781717e-6,-1.0095504025259062e-5
-1.32,8.832661974181254e-6,-1.0191711562546911e-5
-1.319,8.982494071542677e-6,-1.0288544463024567e-5
-1.318,9.134656109848998e-6,-1.0386000196709341e-5
-1.317,9.289181547494295e-6,-1.0484076026608013e-5
-1.316,9.446104279099838e-6,-1.0582769003316668e-5
-1.315,9.605458640366044e-6,-1.0682075959510983e-5
-1.314,9.767279412960085e-6,-1.0781993504325018e-5
-1.313,9.931601829438912e-6,-1.0882518017616538e-5
-1.312,1.0098461578207473e-5,-1.0983645644116905e-5
-1.311,1.0267894808511861e-5,-1.1085372287463496e-5
-1.31,1.0439938135467108e-5,-1.1187693604112601e-5
-1.309,1.0614628645119349e-5,-1.1290604997130698e-5
-1.308,1.079200389954204e-5,-1.1394101609862036e-5
-1.307,1.097210194196587e-5,-1.1498178319470307e-5
-1.306,1.1154961301942049e-5,-1.1602829730352291e-5
-1.305,1.1340621000538554e-5,-1.1708050167421228e-5
-1.304,1.1529120555568972e-5,-1.1813833669257644e-5
-1.303,1.1720499986853482e-5,-1.1920173981125416e-5
-1.302,1.1914799821511545e-5,-1.2027064547850694e-5
-1.301,1.2112061099285828e-5,-1.213449850656135e-5
-1.3,1.2312325377896865e-5,-1.2242468679284592e-5
-1.299,1.2515634738427932e-5,-1.2350967565400275e-5
-1.298,1.2722031790739565e-5,-1.2459987333947495e-5
-1.297,1.293155967891319e-5,-1.2569519815781937e-5
-1.296,1.314426208672321e-5,-1.2679556495581467e-5
-1.295,1.336018324313694e-5,-1.2790088503697387e-5
-1.294,1.3579367927841724e-5,-1.2901106607848753e-5
-1.293,1.3801861476798528e-5,-1.301260120465711e-5
-1.292,1.4027709787821303e-5,-1.3124562311018947e-5
-1.291,1.4256959326181324e-5,-1.3236979555313185e-5
-1.29,1.448965713023576e-5,-1.3349842168440886e-5
-1.289,1.4725850817079596e-5,-1.3463138974694425e-5
-1.288,1.4965588588220107e-5,-1.3576858382453259e-5
-1.287,1.5208919235272918e-5,-1.3690988374703417e-5
-1.286,1.5455892145678778e-5,-1.3805516499377787e-5
-1.285,1.570655730844004e-5,-1.3920429859514222e-5
-1.284,1.596096531987585e-5,-1.4035715103228494e-5
-1.283,1.621916738939498e-5,-1.415135841349898e-5
-1.282,1.6481215345285258e-5,-1.4267345497760068e-5
-1.281,1.674716164051839e-5,-1.438366157730107e-5
-1.28,1.7017059358569072e-5,-1.4500291376467505e-5
-1.279,1.7290962219247093e-5,-1.461721911166153e-5
-1.278,1.756892458454128e-5,-1.4734428480138213e-5
-1.277,1.7851001464473825e-5,-1.4851902648594371e-5
-1.276,1.8137248522963757e-5,-1.4969624241546582e-5
-1.275,1.84277220836981e-5,-1.5087575329494996e-5
-1.274,1.872247913600924e-5,-1.520573741686946e-5
-1.273,1.9021577340757033e-5,-1.532409142975447e-5
-1.272,1.932507503621408e-5,-1.5442617703389424e-5
-1.271,1.9633031243952517e-5,-1.556129596944051e-5
-1.27,1.9945505674730702e-5,-1.56801053430407e-5
-1.269,2.026255873437803e-5,-1.579902430959404e-5
-1.268,2.0584251529676107e-5,-1.591803071134057e-5
-1.267,2.0910645874234437e-5,-1.6037101733678054e-5
-1.266,2.1241804294358706e-5,-1.6156213891236675e-5
-1.265,2.157779003490969e-5,-1.627534301370284e-5
-1.264,2.1918667065150776e-5,-1.639446423138809e-5
-1.263,2.2264500084581976e-5,-1.6513551960539184e-5
-1.262,2.2615354528758255e-5,-1.6632579888385282e-5
-1.261,2.297129657508997e-5,-1.675152095791813e-5
-1.26,2.3332393148623092e-5,-1.6870347352401094e-5
-1.259,2.369871192779683e-5,-1.698903047960287e-5
-1.258,2.4070321350176224e-5,-1.710754095575159e-5
-1.257,2.4447290618157135e-5,-1.7225848589205e-5
-1.256,2.482968970464108e-5,-1.7343922363832403e-5
-1.255,2.5217589358677193e-5,-1.746173042210391e-5
-1.254,2.561106111106854e-5,-1.7579240047882493e-5
-1.253,2.601017727993995e-5,-1.7696417648914447e-5
-1.252,2.6415010976264443e-5,-1.7813228739013496e-5
-1.251,2.6825636109345165e-5,-1.7929637919934064e-5
-1.25,2.7242127392249803e-5,-1.8045608862928948e-5
-1.249,2.7664560347194218e-5,-1.816110428998665e-5
-1.248,2.8093011310872005e-5,-1.8276085954743566e-5
-1.247,2.85275574397266e-5,-1.8390514623066182e-5
-1.246,2.8968276715162433e-5,-1.8504350053298368e-5
-1.245,2.9415247948691515e-5,-1.8617550976168767e-5
-1.244,2.9868550787011817e-5,-1.8730075074353264e-5
-1.243,3.0328265717013576e-5,-1.884187896168745e-5
-1.242,3.079447407070963e-5,-1.8952918162023927e-5
-1.241,3.126725803008583e-5,-1.9063147087729268e-5
-1.24,3.174670063186728e-5,-1.9172519017815327e-5
-1.239,3.223288577219628e-5,-1.928098607569963e-5
-1.238,3.272589821121751e-5,-1.938849920658943e-5
-1.237,3.322582357756603e-5,-1.9495008154484014e-5
-1.236,3.3732748372753445e-5,-1.9600461438789738e-5
-1.235,3.424675997544754e-5,-1.970480633054229e-5
-1.234,3.476794664564048e-5,-1.9807988828230487e-5
-1.233,3.52963975287006e-5,-1.990995363321601e-5
-1.232,3.583220265930269e-5,-2.001064412474331e-5
-1.231,3.637545296523139e-5,-2.011000233453391e-5
-1.23,3.6926240271052435e-5,-2.0207968920959235e-5
-1.229,3.748465730164609e-5,-2.03044831427861e-5
-1.228,3.805079768559711e-5,-2.0399482832488874e-5
-1.227,3.8624755958435344e-5,-2.0492904369122267e-5
-1.226,3.920662756572105e-5,-2.0584682650748746e-5
-1.225,3.979650886596866e-5,-2.0674751066414346e-5
-1.224,4.039449713340271e-5,-2.0763041467666748e-5
-1.223,4.100069056053951e-5,-2.0849484139609357e-5
-1.222,4.161518826058777e-5,-2.0934007771485027e-5
-1.221,4.223809026966144e-5,-2.101653942678317e-5
-1.22,4.2869497548797754e-5,-2.1097004512863714e-5
-1.219,4.350951198577322e-5,-2.1175326750091502e-5
-1.218,4.415823639671033e-5,-2.12514281404746e-5
-1.217,4.481577452746725e-5,-2.1325228935799896e-5
-1.216,4.548223105480288e-5,-2.139664760525936e-5
-1.215,4.61577115873093e-5,-2.1465600802560292e-5
-1.214,4.6842322666103475e-5,-2.1532003332512814e-5
-1.213,4.753617176526977e-5,-2.159576811708774e-5
-1.212,4.823936729204491e-5,-2.1656806160938075e-5
-1.211,4.895201858673639e-5,-2.171502651637718e-5
-1.21,4.967423592236557e-5,-2.177033624780665e-5
-1.209,5.0406130504026075e-5,-2.1822640395586944e-5
-1.208,5.11478144679481e-5,-2.1871841939343684e-5
-1.207,5.1899400880259075e-5,-2.1917841760702564e-5
-1.206,5.266100373543058e-5,-2.1960538605445698e-5
-1.205,5.3432737954401524e-5,-2.1999829045082243e-5
-1.204,5.4214719382367125e-5,-2.2035607437826067e-5
-1.203,5.5007064786223055e-5,-2.2067765888973218e-5
-1.202,5.580989185165383e-5,-2.2096194210671802e-5
-1.201,5.662331917985433e-5,-2.2120779881077074e-5
-1.2,5.7447466283872916e-5,-2.2141408002884177e-5
-1.199,5.828245358456457e-5,-2.2157961261231277e-5
-1.198,5.9128402406141876e-5,-2.217031988096551e-5
-1.197,5.998543497131183e-5,-2.217836158326434e-5
-1.196,6.085367439598558e-5,-2.2181961541604774e-5
-1.195,6.173324468354858e-5,-2.21809923370729e-5
-1.194,6.262427071867769e-5,-2.217532391300615e-5
-1.193,6.352687826069194e-5,-2.2164823528960754e-5
-1.192,6.444119393642305e-5,-2.2149355713996728e-5
-1.191,6.536734523259162e-5,-2.212878221927273e-5
-1.19,6.630546048767464e-5,-2.2102961969943206e-5
-1.189,6.725566888324924e-5,-2.2071751016350098e-5
-1.188,6.821810043479797e-5,-2.2035002484501474e-5
-1.187,6.919288598195978e-5,-2.1992566525829357e-5
-1.186,7.018015717821098e-5,-2.1944290266219106e-5
-1.185,7.118004647996005e-5,-2.1890017754302605e-5
-1.184,7.219268713503965e-5,-2.1829589909007602e-5
-1.183,7.321821317057882e-5,-2.1762844466355502e-5
-1.182,7.425675938023818e-5,-2.168961592549991e-5
-1.181,7.530846131079024e-5,-2.1609735493998268e-5
-1.18,7.637345524802685e-5,-2.152303103230896e-5
-1.179,7.745187820197491e-5,-2.1429326997506164e-5
-1.178,7.854386789140189e-5,-2.132844438620494e-5
-1.177,7.964956272759119e-5,-2.122020067668889e-5
-1.176,8.0769101797368e-5,-2.1104409770232855e-5
-1.175,8.1902624845355e-5,-2.098088193161317e-5
-1.174,8.305027225543731e-5,-2.0849423728797932e-5
-1.173,8.42121850314157e-5,-2.0709837971809914e-5
-1.172,8.538850477682597e-5,-2.0561923650754685e-5
-1.171,8.657937367390268e-5,-2.040547587300668e-5
-1.17,8.77849344616645e-5,-2.02402857995459e-5
-1.169,8.900533041309797e-5,-2.006614058043809e-5
-1.168,9.024070531141607e-5,-1.9882823289451255e-5
-1.167,9.149120342536752e-5,-1.9690112857801483e-5
-1.166,9.275696948357188e-5,-1.9487784007021144e-5
-1.165,9.403814864785548e-5,-1.9275607180942566e-5
-1.164,9.533488648556217e-5,-1.905334847679048e-5
-1.163,9.664732894081264e-5,-1.882076957537656e-5
-1.162,9.797562230468541e-5,-1.8577627670389515e-5
-1.161,9.931991318429189e-5,-1.8323675396774367e-5
-1.16,0.00010068034847071747,-1.805866075819459e-5
-1.159,0.00010205707530579998,-1.778232705357099e-5
-1.158,0.00010345024104771599,-1.749441280269134e-5
-1.157,0.00010485999323534531,-1.7194651670884944e-5
-1.156,0.00010628647955138282,-1.6882772392756435e-5
-1.155,0.00010772984778416652,-1.6558498694973337e-5
-1.154,0.00010919024578818987,-1.6221549218102078e-5
-1.153,0.00011066782144326579,-1.5871637437487354e-5
-1.152,0.0001121627226123091,-1.550847158316991e-5
-1.151,0.00011367509709770338,-1.513175455883809e-5
-1.15,0.00011520509259621754,-1.4741183859808675e-5
-1.149,0.00011675285665243669,-1.4336451490032783e-5
-1.148,0.00011831853661067122,-1.3917243878122894e-5
-1.147,0.00011990227956530697,-1.3483241792397266e-5
-1.146,0.00012150423230955897,-1.303412025493835e-5
-1.145,0.0001231245412825902,-1.2569548454662036e-5
-1.144,0.0001247633525149561,-1.2089189659394945e-5
-1.143,0.00012642081157233473,-1.1592701126957214e-5
-1.142,0.00012809706349750167,-1.1079734015248643e-5
-1.141,0.00012979225275050783,-1.0549933291336334e-5
-1.14,0.00013150652314701771,-1.0002937639542408e-5
-1.139,0.0001332400177947645,-9.438379368530678e-6
-1.138,0.00013499287902807736,-8.855884317391625e-6
-1.137,0.0001367652483404365,-8.255071760725393e-6
-1.136,0.00013855726631500852,-7.635554312722988e-6
-1.135,0.00014036907255311607,-6.9969378302462715e-6
-1.134,0.00014220080560059295,-6.338821314907869e-6
-1.133,0.00014405260287197598,-5.660796814152542e-6
-1.132,0.00014592460057248356,-4.962449321342143e-6
-1.131,0.0001478169336177294,-4.24335667484674e-6
-1.13,0.00014972973555112007,-3.503089456145124e-6
-1.129,0.0001516631384588826,-2.741210886938418e-6
-1.128,0.00015361727288266855,-1.957276725281151e-6
-1.127,0.0001555922677296783,-1.1508351607347722e-6
-1.126,0.00015758825018025068,-3.214267085492163e-7
-1.125,0.00015960534559285905,5.314158971211832e-7
-1.124,0.00016164367740645607,1.4081678109604397e-6
-1.123,0.0001637033670401072,2.309312185184606e-6
-1.122,0.00016578453378985198,3.235340279177935e-6
-1.121,0.0001678872947227309,4.186751570062262e-6
-1.12,0.0001700117645679149,5.164053864189534e-6
-1.119,0.0001721580556048725,6.167763409546582e-6
-1.118,0.00017432627754850906,7.198405009060348e-6
-1.117,0.00017651653743121118,8.25651213479087e-6
-1.116,0.00017872893948172762,9.342627042998403e-6
-1.115,0.00018096358500081718,1.0457300890070055e-5
-1.114,0.00018322057223359284,1.1601093849290314e-5
-1.113,0.00018549999623848948,1.2774575228438814e-5
-1.112,0.00018780194875278152,1.3978323588197548e-5
-1.111,0.00019012651805457557,1.5212926861348693e-5
-1.11,0.00019247378882120142,1.6478982472742942e-5
-1.109,0.00019484384198392336,1.7777097460017124e-5
-1.108,0.00019723675457889283,1.9107888595038583e-5
-1.107,0.00019965259959426072,2.047198250605251e-5
-1.106,0.0002020914458133678,2.1870015800507064e-5
-1.105,0.0002045533576539288,2.3302635188529793e-5
-1.104,0.00020703839500312474,2.4770497607027295e-5
-1.103,0.00020954661304851667,2.6274270344378722e-5
-1.102,0.00021207806210469214,2.781463116569208e-5
-1.101,0.00021463278743555377,2.9392268438590742e-5
-1.1,0.0002172108290721588,3.1007881259495895e-5
-1.099,0.0002198122216260151,3.2662179580369e-5
-1.098,0.00022243699409773933,3.4355884335876506e-5
-1.097,0.00022508516968097964,3.6089727570937254e-5
-1.096,0.00022775676556150462,3.786445256861122e-5
-1.095,0.00023045179271135766,3.968081397828606e-5
-1.094,0.00023317025567797526,4.153957794411619e-5
-1.093,0.00023591215236816424,4.344152223366682e-5
-1.092,0.00023867747382683307,4.538743636671325e-5
-1.091,0.0002414662040103687,4.737812174414366e-5
-1.09,0.0002442783195545502,4.941439177691108e-5
-1.089,0.0002471137895368871,5.149707201497804e-5
-1.088,0.0002499725752332695,5.362700027619476e-5
-1.087,0.00025285462986881406,5.580502677504943e-5
-1.086,0.00025575989836279007,5.8032014251226226e-5
-1.085,0.00025868831706750406,6.0308838097904207e-5
-1.084,0.0002616398135010241,6.26363864897273e-5
-1.083,0.0002646143060736189,6.501556051037271e-5
-1.082,0.00026761170380778707,6.744727427964225e-5
-1.081,0.0002706319060517493,6.993245507999755e-5
-1.08,0.0002736748021862736,7.24720434824576e-5
-1.079,0.00027674027132470195,7.506699347177296e-5
-1.078,0.0002798281820060461,7.771827257078826e-5
-1.077,0.0002829383918810143,8.042686196390086e-5
-1.076,0.0002860707473908329,8.319375661951941e-5
-1.075,0.00028922508343872234,8.601996541142336e-5
-1.074,0.0002924012230538844,8.890651123891938e-5
-1.073,0.0002955989770478571,9.185443114568756e-5
-1.072,0.00029881814366309006,9.486477643720566e-5
-1.071,0.00030205850821359085,9.793861279663559e-5
-1.07,0.0003053198427174926,0.00010107702039905168
-1.069,0.0003086019055213873,0.00010428109402388608
-1.068,0.0003119044409162709,0.00010755194316546157
-1.067,0.00031522717874494106,0.00011089069214147756
-1.066,0.0003185698340006874,0.00011429848019930958
-1.065,0.00032193210641711224,0.00011777646161997802
-1.064,0.0003253136800489159,0.00012132580581963592
-1.063,0.0003287142228434805,0.00012494769744842042
-1.062,0.00033213338620308175,0.00012864333648650688
-1.061,0.0003355708045375578,0.0001324139383371985
-1.06,0.00033902609480726054,0.00013626073391687858
-1.059,0.00034249885605611304,0.00014018496974164572
-1.058,0.0003459886689345949,0.00014418790801044677
-1.057,0.00034949509521247426,0.00014827082668451448
-1.056,0.0003530176772811034,0.00015243501956291113
-1.055,0.0003565559376450927,0.00015668179635397133
-1.054,0.0003601093784031754,0.00016101248274243032
-1.053,0.00036367748071807317,0.00016542842045201683
-1.052,0.000367259704275171,0.00016993096730328093
-1.051,0.000370855486729807,0.00017452149726642028
-1.05,0.0003744642431429812,0.00017920140050885897
-1.049,0.00037808536540528503,0.00018397208343732527
-1.048,0.00038171822164885164,0.00018883496873416518
-1.047,0.0003853621556471244,0.00019379149538762034
-1.046,0.0003890164862022401,0.00019884311871578843
-1.045,0.00039268050651982046,0.0002039913103839755
-1.044,0.0003963534835709649,0.000209237558415139
-1.043,0.0004000346574412344,0.00021458336719311003
-1.042,0.00040372324066641625,0.0002200302574582732
-1.041,0.00040741841755485673,0.0002255797662953708
-1.04,0.0004111193434961478,0.00023123344711308702
-1.039,0.00041482514425595247,0.00023699286961505615
-1.038,0.0004185349152567522,0.00024285961976192716
-1.037,0.00042224772084429896,0.0002488352997241032
-1.036,0.0004259625935395527,0.0002549215278247641
-1.035,0.0004296785332758849,0.00026111993847276345
-1.034,0.00043339450662132804,0.0002674321820849822
-1.033,0.00043710944598565024,0.00027385992499770267
-1.032,0.00044082224881203267,0.0002804048493665553
-1.031,0.0004445317767531302,0.00028706865305457377
-1.03,0.0004482368548312917,0.00029385304950788017
-1.029,0.00045193627058272024,0.0003007597676185038
-1.028,0.0004556287731853513,0.00030779055157382335
-1.027,0.0004593130725702291,0.00031494716069210377
-1.026,0.000462987838516161,0.00032223136924358143
-1.025,0.0004666516997274328,0.00032964496625653445
-1.024,0.00047030324289436693,0.00033718975530775563
-1.023,0.00047394101173650876,0.00034486755429682665
-1.022,0.00047756350602822797,0.00035268019520357197
-1.021,0.0004811691806065247,0.00036062952382805196
-1.02,0.0004847564443608313,0.00036871739951243205
-1.019,0.0004883236592046064,0.0003769456948440446
-1.018,0.0004918691390285187,0.00038531629533893774
-1.017,0.0004953911486350238,0.00039383109910518085
-1.016,0.0004988879026541415,0.00040249201648517646
-1.015,0.0005023575644402453,0.0004113009696762
-1.014,0.0005057982449496813,0.0004202598923283661
-1.013,0.0005092080015990405,0.00042937072911919513
-1.012,0.000512584837103915,0.00043863543530392403
-1.011,0.0005159266982979751,0.0004480559762406819
-1.01,0.0005192314749322113,0.00045763432688962025
-1.009,0.0005224969984541979,0.000467372471285059
-1.008,0.0005257210407672379,0.00047727240197968196
-1.007,0.000528901312969265,0.00048733611945978066
-1.006,0.0005320354640713849,0.0004975656315305184
-1.005,0.0005351210796959527,0.0005079629526701505
-1.004,0.0005381556807540944,0.0005185301033521051
-1.003,0.0005411367221025944,0.0005292691093337947
-1.002,0.0005440615911800867,0.0005401820009109912
-1.001,0.0005469276066224998,0.0005512708121365644
-1.0,0.0005497320168577281,0.0005625375800023434
-0.999,0.0005524719986795144,0.0005739843435828239
-0.998,0.0005551446558005507,0.0005856131431394043
-0.997,0.0005577470173848266,0.0005974260191837932
-0.996,0.0005602760365592716,0.0006094250114991898
-0.995,0.0005627285889047682,0.000621612158117795
-0.994,0.0005651014709266301,0.0006339894942531694
-0.993,0.0005673913985046745,0.0006465590511859054
-0.992,0.0005695950053230383,0.0006593228551010408
-0.991,0.0005717088412799267,0.0006722829258755874
-0.99,0.0005737293708775051,0.000685441275814505
-0.989,0.0005756529715921911,0.0006987999083333984
-0.988,0.000577475932225629,0.0007123608165861659
-0.987,0.0005791944512366755,0.0007261259820357752
-0.986,0.000580804635054764,0.0007400973729662898
-0.985,0.0005823024963750561,0.0007542769429342133
-0.984,0.0005836839524358411,0.0007686666291571668
-0.983,0.0005849448232786864,0.0007832683508378527
-0.982,0.0005860808299919004,0.0007980840074212061
-0.981,0.0005870875929379179,0.000813115476782569
-0.98,0.0005879606299652824,0.0008283646133446706
-0.979,0.0005886953546059586,0.0008438332461211262
-0.978,0.0005892870742587701,0.0008595231766841129
-0.977,0.0005897309883598353,0.00087543617705381
-0.976,0.0005900221865409367,0.0008915739875071328
-0.975,0.0005901556467768441,0.0009079383143032169
-0.974,0.0005901262335226884,0.0009245308273230493
-0.973,0.0005899286958425721,0.0009413531576205699
-0.972,0.0005895576655306882,0.0009584068948825012
-0.971,0.0005890076552263209,0.0009756935847940933
-0.97,0.0005882730565241982,0.0009932147263079028
-0.969,0.0005873481380817714,0.001010971768812651
-0.968,0.000586227043725113,0.0010289661091991385
-0.967,0.0005849037905552378,0.001047199088820119
-0.966,0.0005833722670567801,0.0010656719903409642
-0.965,0.0005816262312110844,0.001084386034477882
-0.964,0.000579659308615913,0.0011033423766203736
-0.963,0.0005774649906141104,0.0011225421033345462
-0.962,0.0005750366324337206,0.0011419862287438288
-0.961,0.0005723674513422138,0.0011616756907835595
-0.96,0.000569450524817643,0.0011816113473258564
-0.959,0.0005662787887397327,0.0012017939721710978
-0.958,0.0005628450356040823,0.001222224250902287
-0.957,0.0005591419127628643,0.0012429027765985003
-0.956,0.0005551619206956012,0.0012638300454035525
-0.955,0.0005508974113138169,0.0012850064519459613
-0.954,0.0005463405863035864,0.0013064322846062246
-0.953,0.0005414834955102384,0.0013281077206273699
-0.952,0.0005363180353697177,0.0013500328210646873
-0.951,0.0005308359473913659,0.0013722075255705043
-0.95,0.000525028816697154,0.001394631647009819
-0.949,0.0005188880706226815,0.0014173048659025702
-0.948,0.0005124049773855524,0.0014402267246882872
-0.947,0.0005055706448270469,0.001463396621808839
-0.946,0.0004983760192333321,0.0014868138056049797
-0.945,0.0004908118842427919,0.0015104773680223779
-0.944,0.0004828688598464068,0.0015343862381228138
-0.943,0.0004745374014884847,0.0015585391753962306
-0.942,0.0004658077992754231,0.0015829347628693526
-0.941,0.00045667017730058643,0.0016075714000065968
-0.94,0.00044711449309379407,0.001632447295399062
-0.939,0.0004371305372043492,0.0016575604592374159
-0.938,0.00042670793292698894,0.0016829086955645858
-0.937,0.0004158361361806024,0.0017084895943042322
-0.936,0.00040450443555005027,0.001734300523061091
-0.935,0.00039270195250192317,0.0017603386186893937
-0.934,0.00038041764178559843,0.001786600778625713
-0.933,0.0003676402920314973,0.0018130836519827465
-0.932,0.000354358526559005,0.0018397836304007386
-0.931,0.00034056080440709546,0.001866696838653457
-0.93,0.0003262354216013026,0.0018938191250058736
-0.929,0.00031137051267129777,0.001921146051320981
-0.928,0.00029595405243397125,0.001948672882913467
-0.927,0.00027997385805757176,0.0019763945781483146
-0.926,0.00026341759142313405,0.002004305777782765
-0.925,0.00024627276180011725,0.0020324007940504887
-0.924,0.00022852672885389025,0.002060673599487276
-0.923,0.00021016670600342688,0.00208911781549804
-0.922,0.00019117976414832083,0.0021177267006654826
-0.921,0.0001715528357849896,0.0021464931388013725
-0.92,0.0001512727195327129,0.002175409626742018
-0.919,0.00013032608509093733,0.0022044682618902454
-0.918,0.00010869947865008006,0.002233660729506938
-0.917,8.637932877887174e-5,0.0022629782897560526
-0.916,6.335195281209578e-5,0.002292411764507885
-0.915,3.960356376340247e-5,0.002321951523906378
-0.914,1.5120277788700175e-5,0.002351587472707264
-0.913,-1.0111877773550744e-5,0.0023813090363949897
-0.912,-3.610695575799603e-5,0.0024111051470875663
-0.911,-6.287907989604062e-5,0.0024409642292397816
-0.91,-9.044243487873945e-5,0.002470874185156612
-0.909,-0.00011881125572938474,0.0025008223803301348
-0.908,-0.00014799981645548618,0.002530795628614849
-0.907,-0.00017802241794910445,0.0025607801772579825
-0.906,-0.0002088933751037966,0.0025907616918031708
-0.905,-0.0002406270031157676,0.002620725240887808
-0.904,-0.0002732376029362077,0.0026506552809563854
-0.903,-0.0003067394458412327,0.0026805356409143047
-0.902,-0.00034114675708534685,0.0027103495067489053
-0.901,-0.0003764736986039227,0.0027400794061468734
-0.9,-0.0004127343507298486,0.0027697071931397166
-0.899,-0.00044994269288924554,0.0027992140328116856
-0.898,-0.0004881125832410103,0.002828580386107307
-0.897,-0.0005272577372249132,0.0028577859947786738
-0.896,-0.0005673917049830828,0.00288680986651571
-0.895,-0.0006085278476199545,0.0029156302603058734
-0.894,-0.0006506793122661702,0.0029442246720731455
-0.893,-0.0006938590059124925,0.0029725698206496693
-0.892,-0.0007380795679805749,0.003000641634137074
-0.891,-0.0007833533415984084,0.0030284152367183155
-0.89,-0.0008296923435494782,0.0030558649359848132
-0.889,-0.0008771082328661204,0.003082964210847724
-0.888,-0.0009256122780392943,0.0031096857001063952
-0.887,-0.0009752153228190009,0.0031360011917513386
-0.886,-0.0010259277505818994,0.0031618816130834886
-0.885,-0.0010777594472453358,0.0031872970217360175
-0.884,-0.0011307197627100011,0.0032122165976895675
-0.883,-0.0011848174708168407,0.0032366086363764123
-0.882,-0.001240060727807616,0.003260440542973773
-0.881,-0.001296457029282757,0.0032836788279912215
-0.88,-0.0013540131656548029,0.0033062891042618513
-0.879,-0.001412735176100885,0.0033282360854515825
-0.878,-0.0014726283010233513,0.0033494835862056273
-0.877,-0.0015336969330337936,0.003369994524055691
-0.876,-0.0015959445664824612,0.003389730923215924
-0.875,-0.00165937374556231,0.003408653920399911
-0.874,-0.0017239860110248055,0.0034267237727950333
-0.873,-0.0017897818455530497,0.0034438998683343496
-0.872,-0.0018567606178468883,0.0034601407384096386
-0.871,-0.0019249205254843484,0.003475404073172355
-0.87,-0.00199425853663411,0.0034896467395719817
-0.869,-0.0020647703307046824,0.0035028248022834466
-0.868,-0.0021364502380275983,0.003514893547676946
-0.867,-0.0022092911786841776,0.0035258075109845456
-0.866,-0.0022832846005983246,0.003535520506818236
-0.865,-0.002358420417031302,0.003543985663193684
-0.864,-0.0024346869436285183,0.003551155459212569
-0.863,-0.002512070835183008,0.00355698176655414
-0.862,-0.002590557022295431,0.003561415894923301
-0.861,-0.0026701286481260558,0.003564408641598091
-0.86,-0.0027507670054502105,0.0035659103452137762
-0.859,-0.0028324514742450696,0.0035658709439137996
-0.858,-0.002915159460052275,0.0035642400379894737
-0.857,-0.002998866333377688,0.0035609669571204697
-0.856,-0.003083545370406454,0.0035560008323167226
-0.855,-0.00316916769532836,0.003549290672649338
-0.854,-0.0032557022245851296,0.0035407854468432775
-0.853,-0.0033431156133675913,0.0035304341697880493
-0.852,-0.003431372204706525,0.003518185994004173
-0.851,-0.0035204339815161742,0.0035039903060828984
-0.85,-0.0036102605219637835,0.003487796828094368
-0.849,-0.0037008089585518792,0.003469555723935201
-0.848,-0.0037920339413121335,0.0034492177105603073
-0.847,-0.003883887605520338,0.0034267341740155813
-0.846,-0.003976319544351037,0.003402057290158088
-0.845,-0.0040692767868974866,0.003375140149918424
-0.844,-0.004162703781987588,0.0033459368889262346
-0.843,-0.004256542388229044,0.003314402821284478
-0.842,-0.004350731870716965,0.0032804945772410927
-0.841,-0.004445208904834236,0.003244170244468394
-0.84,-0.004539907587568977,0.0032053895126210228
-0.839,-0.004634759456764037,0.0031641138208027652
-0.838,-0.004729693518700613,0.003120306507531378
-0.837,-0.004824636284401352,0.003073932962748913
-0.836,-0.004919511815017721,0.003024960781383329
-0.835,-0.005014241776641675,0.002973359917925687
-0.834,-0.005108745504852695,0.0029191028414463937
-0.833,-0.005202940079277993,0.002862164690434174
-0.832,-0.005296740408405936,0.002802523426803139
-0.831,-0.005390059324850695,0.002740159988376976
-0.83,-0.005482807691219602,0.002675058439125357
-0.829,-0.005574894516683944,0.002607206116396674
-0.828,-0.005666227084298992,0.0025365937743636446
-0.827,-0.005756711089060114,0.002463215722874708
-0.826,-0.0058462507866193,0.002387069960884966
-0.825,-0.005934749152520337,0.002308158303626178
-0.824,-0.006022108051741934,0.002226486502666513
-0.823,-0.006108228418266495,0.002142064358007815
-0.822,-0.006193010444318637,0.00205490582137147
-0.821,-0.006276353778842426,0.00196502908983397
-0.82,-0.006358157734710342,0.0018724566889902494
-0.819,-0.006438321504080871,0.0017772155448470713
-0.818,-0.00651674438124595,0.0016793370436804175
-0.817,-0.006593325992235268,0.0015788570791300236
-0.816,-0.0066679665303722045,0.0014758160858509958
-0.815,-0.006740566996906937,0.0013702590590967687
-0.814,-0.006811029445786736,0.00126223555966936
-0.813,-0.0068792572315625935,0.0011517997037417212
-0.812,-0.006945155259375777,0.0010390101371326149
-0.811,-0.007008630235918673,0.0009239299936964225
-0.81,-0.0070695909202219175,0.0008066268375780655
-0.809,-0.007127948373085198,0.0006871725891761653
-0.808,-0.007183616203942784,0.0005656434347549314
-0.807,-0.007236510813937436,0.00044211971974624447
-0.806,-0.0072865516339683176,0.00031668582588710017
-0.805,-0.007333661356480242,0.0001894300324430254
-0.804,-0.007377766159773418,6.044436187427143e-5
-0.803,-0.007418795923634805,-7.017558959254007e-5
-0.802,-0.007456684435124473,-0.00020233083592017406
-0.801,-0.0074913695833927554,-0.0003359191990748297
-0.8,-0.007522793542456356,-0.0004708355199309927
-0.799,-0.007550902940923542,-0.0006069718814059009
-0.798,-0.0075756490177296765,-0.0007442178428744291
-0.797,-0.007596987763023972,-0.0008824606848338845
-0.796,-0.007614880043435873,-0.001021585662714489
-0.795,-0.00762929171104399,-0.001161476268666042
-0.794,-0.007640193695471093,-0.00130201450009514
-0.793,-0.0076475620786344845,-0.0014430811336810009
-0.792,-0.00765137815179083,-0.0015845560035619038
-0.791,-0.007651628454627281,-0.0017263182823589033
-0.79,-0.007648304796265268,-0.0018682467636890255
-0.789,-0.007641404258158483,-0.002010220144816746
-0.788,-0.0076309291789811865,-0.0021521173081001346
-0.787,-0.007616887121715816,-0.0022938175999064757
-0.786,-0.007599290823259,-0.0024352011057011203
-0.785,-0.007578158126971119,-0.002576148920052423
-0.784,-0.00755351189869588,-0.0027165434103442456
-0.783,-0.007525379926871613,-0.0028562684730451004
-0.782,-0.007493794807444768,-0.002995209781448745
-0.781,-0.007458793814377205,-0.0031332550238741667
-0.78,-0.00742041875661208,-0.0032702941313924217
-0.779,-0.007378715822427629,-0.0034062194942328897
-0.778,-0.007333735412163683,-0.0035409261661110236
-0.777,-0.007285531960352057,-0.0036743120558127835
-0.776,-0.00723416374831871,-0.00380627810546643
-0.775,-0.007179692708352972,-0.003936728455029378
-0.774,-0.007122184220557027,-0.004065570592615248
-0.773,-0.007061706903497584,-0.004192715490383211
-0.772,-0.006998332399781402,-0.0043180777258072945
-0.771,-0.006932135157667536,-0.004441575588236569
-0.77,-0.006863192209812261,-0.004563131170747428
-0.769,-0.006791582950218094,-0.00468267044737558
-0.768,-0.006717388910426845,-0.004800123335897498
-0.767,-0.006640693535958737,-0.00491542374640814
-0.766,-0.006561581963956085,-0.005028509616013465
-0.765,-0.006480140802941459,-0.005139322930022151
-0.764,-0.006396457915547452,-0.005247809730080738
-0.763,-0.0063106222050187885,-0.005353920109749878
-0.762,-0.0062227234062282935,-0.005457608198066536
-0.761,-0.006132851881886906,-0.00555883213167752
-0.76,-0.006041098424565123,-0.005657554016163975
-0.759,-0.005947554065079604,-0.005753739877204297
-0.758,-0.005852309887734911,-0.005847359602244579
-0.757,-0.005755456852846853,-0.005938386873361449
-0.756,-0.005657085626911401,-0.006026799092012108
-0.755,-0.005557286420721955,-0.006112577296371029
-0.754,-0.005456148835678362,-0.006195706071952246
-0.753,-0.005353761718473911,-0.006276173456211037
-0.752,-0.005250213024291844,-0.006353970837809301
-0.751,-0.0051455896885909715,-0.006429092851215453
-0.75,-0.005039977507511121,-0.006501537267292797
-0.749,-0.0049334610268833325,-0.006571304880510189
-0.748,-0.0048261234397873306,-0.0066383993933860855
-0.747,-0.004718046492559694,-0.0067028272987519275
-0.746,-0.004609310399120517,-0.006764597760393817
-0.745,-0.004499993763454189,-0.0068237224926028
-0.744,-0.00439017351005106,-0.006880215639134288
-0.743,-0.004279924822091408,-0.0069340936520464426
-0.742,-0.004169321087130872,-0.006985375170856064
-0.741,-0.00405843385002758,-0.007034080902418993
-0.74,-0.003947332772835188,-0.00708023350191044
-0.739,-0.003836085601373007,-0.007123857455249293
-0.738,-0.0037247581381740624,-0.00716497896327953
-0.737,-0.003613414221504185,-0.007203625827991554
-0.736,-0.0035021157101398966,-0.00723982734103672
-0.735,-0.003390922473589753,-0.0072736141747597564
-0.734,-0.0032798923874427476,-0.007305018275946211
-0.733,-0.0031690813335282057,-0.007334072762455656
-0.732,-0.0030585432045741267,-0.007360811822886246
-0.731,-0.0029483299130549636,-0.007385270619392292
-0.73,-0.0028384914039252447,-0.007407485193754039
-0.729,-0.0027290756709420294,-0.0074274923767775995
-0.728,-0.0026201287762868267,-0.007445329701083229
-0.727,-0.0025116948732061177,-0.007461035317321724
-0.726,-0.002403816231398904,-0.007474647913841636
-0.725,-0.0022965332648895763,-0.007486206639814366
-0.724,-0.0021898845621347814,-0.007495751031809786
-0.723,-0.0020839069181237267,-0.0075033209438019775
-0.722,-0.001978635368242393,-0.007508956480572876
-0.721,-0.0018741032236833284,-0.0075126979344709265
-0.72,-0.0017703421081940209,-0.00751458572547243
-0.719,-0.0016673819959681468,-0.007514660344484869
-0.718,-0.0015652512504952646,-0.007512962299824124
-0.717,-0.001463976664195663,-0.007509532066791186
-0.716,-0.001363583498678046,-0.007504410040268495
-0.715,-0.0012640955254684845,-0.007497636490251471
-0.714,-0.0011655350670695557,-0.007489251520227038
-0.713,-0.0010679230382187803,-0.007479295028307911
-0.712,-0.0009712789872253435,-0.007467806671029085
-0.711,-0.0008756211372735974,-0.007454825829711257
-0.71,-0.0007809664275910048,-0.007440391579294804
-0.709,-0.0006873305543869552,-0.007424542659547323
-0.708,-0.000594728011477268,-0.007407317448547636
-0.707,-0.0005031721305171915,-0.00738875393834948
-0.706,-0.00041267512077328866,-0.0073688897127287935
-0.705,-0.00032324810837179753,-0.007347761926919536
-0.704,-0.00023490117496784705,-0.007325407289244373
-0.703,-0.00014764339578630917,-0.007301862044548095
-0.702,-6.148287699108983e-5,-0.0072771619593435515
-0.701,2.3573207654699862e-5,-0.007251342308581863
-0.7,0.0001075185808699754,-0.007224437863960913
-0.699,0.0001903478267056783,-0.007196482883688442
-0.698,0.00027205635618633315,-0.007167511103618551
-0.697,0.0003526403737617097,-0.00713755572968294
-0.696,0.00043209684458321237,-0.007106649431540839
-0.695,0.0005104234626159988,-0.007074824337374265
-0.694,0.0005876186195945027,-0.0070421120297579085
-0.693,0.0006636813748259823,-0.007008543542535703
-0.692,0.0007386114258439262,-0.0069741493586388086
-0.691,0.0008124090799106152,-0.006938959408782479
-0.69,0.0008850752263658247,-0.006903003070981946
-0.689,0.0009566113098165823,-0.0068663091708301
-0.688,0.001027019304161013,-0.00682890598248239
-0.687,0.0010963016874376331,-0.0067908212302968795
-0.686,0.0011644614174899576,-0.00675208209107995
-0.685,0.0012315019084349673,-0.006712715196890568
-0.684,0.0012974270079228168,-0.00667274663835842
-0.683,0.0013622409751741513,-0.006632201968473549
-0.682,0.0014259484597805268,-0.006591106206807359
-0.681,0.0014885544812526783,-0.00654948384412705
-0.68,0.0015500644093007516,-0.006507358847367625
-0.679,0.001610483944830091,-0.006464754664927641
-0.678,0.0016698191016357585,-0.006421694232256863
-0.677,0.001728076188778624,-0.0063781999777057785
-0.676,0.001785261793625623,-0.006334293828608818
-0.675,0.0018413827655366088,-0.006289997217574775
-0.674,0.0018964462001801268,-0.0062453310889596155
-0.673,0.001950459424460394,-0.006200315905498419
-0.672,0.0020034299820377963,-0.006154971655074717
-0.671,0.002055365619425277,-0.006109317857606898
-0.67,0.0021062742726431155,-0.006063373572032748
-0.669,0.002156164054414737,-0.006017157403374462
-0.668,0.002205043241886409,-0.005970687509867722
-0.667,0.0022529202648538835,-0.00592398161013959
-0.666,0.0022998036944793096,-0.005877056990421061
-0.665,0.00234570223248202,-0.005829930511781216
-0.664,0.0023906247007870803,-0.005782618617370847
-0.663,0.002434580031615827,-0.005735137339664418
-0.662,0.002477577258002928,-0.005687502307690069
-0.661,0.0025196255047248675,-0.005639728754238242
-0.66,0.0025607339796250893,-0.0055918315230402554
-0.659,0.0026009119653214166,-0.005543825075908933
-0.658,0.0026401688112817115,-0.005495723499834053
-0.657,0.0026785139262541346,-0.0054475405140260655
-0.656,0.0027159567710387162,-0.00539928947690212
-0.655,0.0027525068515873476,-0.0053509833930090265
-0.654,0.0027881737124196655,-0.00530263491987831
-0.653,0.0028229669303426767,-0.0052542563748090325
-0.652,0.0028568961084623518,-0.005205859741574499
-0.651,0.0028899708704757795,-0.0051574566770494394
-0.65,0.0029222008552328344,-0.005109058517754637
-0.649,0.0029535957115566828,-0.005060676286316369
-0.648,0.0029841650933127976,-0.005012320697838383
-0.647,0.0030139186547165036,-0.004964002166184448
-0.646,0.003042866045869414,-0.004915730810169843
-0.645,0.0030710169085154688,-0.004867516459660409
-0.644,0.0030983808720075907,-0.004819368661578073
-0.643,0.0031249675494763153,-0.004771296685811974
-0.642,0.0031507865341920613,-0.0047233095310345655
-0.641,0.0031758473961129943,-0.00467541593042226
-0.64,0.0032001596786107693,-0.004627624357280367
-0.639,0.0032237328953666905,-0.004579943030572276
-0.638,0.0032465765274311297,-0.004532379920352951
-0.637,0.0032687000204393163,-0.004484942753107008
-0.636,0.003290112781976865,-0.004437639016991702
-0.635,0.003310824179088678,-0.004390475966985363
-0.634,0.0033308435359250977,-0.004343460629941843
-0.633,0.003350180131519431,-0.0042965998095516895
-0.632,0.003368843197691199,-0.004249900091210841
-0.631,0.0033868419170696882,-0.0042033678467976975
-0.63,0.003404185421232604,-0.004157009239359523
-0.629,0.003420882788954824,-0.004110830227709175
-0.628,0.00343694304456247,-0.00406483657093322
-0.627,0.0034523751563876955,-0.0040190338328125585
-0.626,0.003467188035319781,-0.003973427386156708
-0.625,0.0034813905334483185,-0.003928022417052923
-0.624,0.003494991442794428,-0.0038828239290314
-0.623,0.003507999494126122,-0.003837836747147799
-0.622,0.003520423355854106,-0.003793065521984366
-0.621,0.0035322716330044406,-0.0037485147335709376
-0.62,0.003543552866264657,-0.003704188695227153
-0.619,0.0035542755311000524,-0.003660091557327164
-0.618,0.0035644480369370333,-0.0036162273109881875
-0.617,0.0035740787264105073,-0.0035725997916842213
-0.616,0.00358317587467245,-0.00352921268278625
-0.615,0.003591747688758902,-0.0034860695190302767
-0.614,0.0035998023070127577,-0.0034431736899144952
-0.613,0.0036073477985598327,-0.0034005284430269366
-0.612,0.0036143921628357953,-0.0033581368873048904
-0.611,0.003620943329161655,-0.0033160019962274073
-0.61,0.0036270091563656045,-0.003274126610942182
-0.609,0.0036325974324490948,-0.003232513443328087
-0.608,0.003637715874295129,-0.0031911650789946348
-0.607,0.0036423721274168406,-0.0031500839802196113
-0.606,0.0036465737657444997,-0.003109272488826131
-0.605,0.0036503282914491855,-0.0030687328290003243
-0.604,0.0036536431348014272,-0.0030284671100508647
-0.603,0.0036565256540631963,-0.0029884773291115317
-0.602,0.003658983135411696,-0.002948765373787965
-0.601,0.003661022792893476,-0.002909333024749772
-0.6,0.003662651768407442,-0.0028701819582691124
-0.599,0.003663877131715417,-0.0028313137487068793
-0.598,0.0036647058804789483,-0.0027927298709475635
-0.597,0.003665144940321122,-0.00275443170278388
-0.596,0.0036652011649122036,-0.0027164205272522048
-0.595,0.003664881336077961,-0.0026786975349198604
-0.594,0.0036641921639295905,-0.0026412638261252602
-0.593,0.003663140287014206,-0.0026041204131719083
-0.592,0.003661732272484893,-0.0025672682224772256
-0.591,0.0036599746162893866,-0.002530708096677161
-0.59,0.0036578737433764523,-0.002494440796687517
-0.589,0.003655436007919109,-0.0024584670037229076
-0.588,0.003652667693553857,-0.0024227873212742473
-0.587,0.0036495750136351143,-0.0023874022770456393
-0.586,0.0036461641115040993,-0.0023523123248515294
-0.585,0.0036424410607714336,-0.002317517846474962
-0.584,0.003638411865612761,-0.002283019153487755
-0.583,0.0036340824610767183,-0.002248816489033401
-0.582,0.003629458713404617,-0.0022149100295734787
-0.581,0.0036245464203612213,-0.0021812998865983384
-0.58,0.0036193513115760426,-0.0021479861083028144
-0.579,0.003613879048894581,-0.002114968681227697
-0.578,0.0036081352267389806,-0.00208224753186768
-0.577,0.003602125372477583,-0.0020498225282464784
-0.576,0.0035958549468028873,-0.0020176934814598105
-0.575,0.003589329344117442,-0.0019858601471869036
-0.574,0.003582553892927216,-0.0019543222271711774
-0.573,0.0035755338562420184,-0.001923079370670746
-0.572,0.003568274431982549,-0.0018921311758793573
-0.571,0.0035607807533936824,-0.0018614771913183824
-0.57,0.003553057889463604,-0.0018311169172004426
-0.569,0.003545110845348433,-0.0018010498067652628
-0.568,0.003536944562801979,-0.0017712752675883106
-0.567,0.0035285639206103026,-0.0017417926628627792
-0.566,0.00351997373503075,-0.001712601312655455
-0.565,0.003511178760235156,-0.0016837004951369935
-0.564,0.0035021836887569224,-0.001655089447787128
-0.563,0.003492993151941683,-0.001626767368575306
-0.562,0.0034836117204012796,-0.001598733417117253
-0.561,0.0034740439044707995,-0.0015709867158079404
-0.56,0.0034642941546684093,-0.0015435263509314297
-0.559,0.003454366862157753,-0.0015163513737480512
-0.558,0.003444266359212679,-0.0014894608015593672
-0.557,0.0034339969196840784,-0.0014628536187513562
-0.556,0.0034235627594686132,-0.0014365287778162477
-0.555,0.003412968036979143,-0.0014104852003534267
-0.554,0.0034022168536166396,-0.0013847217780498168
-0.553,0.00339131325424341,-0.0013592373736401402
-0.552,0.003380261227657445,-0.0013340308218474494
-0.551,0.0033690647070677144,-0.0013091009303043074
-0.55,0.0033577275705702534,-0.001284446480454997
-0.549,0.003346253641624864,-0.0012600662284391164
-0.548,0.0033346466895322895,-0.0012359589059569261
-0.547,0.0033229104299117105,-0.0012121232211167923
-0.546,0.003311048525178417,-0.0011885578592650671
-0.545,0.003299064585021522,-0.0011652614837987458
-0.544,0.00328696216688159,-0.001142232736961221
-0.543,0.0032747447764280425,-0.0011194702406214596
-0.542,0.0032624158680362317,-0.0010969725970369107
-0.541,0.0032499788452640577,-0.001074738389600455
-0.54,0.003237437061328021,-0.0010527661835716933
-0.539,0.003224793819578601,-0.001031054526792866
-0.538,0.0032120523739748554,-0.0010096019503896964
-0.537,0.003199215929558148,-0.0009884069694574302
-0.536,0.0031862876429249,-0.000967468083732357
-0.535,0.0031732706226982785,-0.0009467837782490748
-0.534,0.003160167929998734,-0.0009263525239837656
-0.533,0.0031469825789133027,-0.0009061727784837407
-0.532,0.0031337175369635854,-0.0008862429864835078
-0.531,0.0031203757255723373,-0.0008665615805076092
-0.53,0.003106960020528582,-0.0008471269814604737
-0.529,0.0030934732524511826,-0.000827937599203521
-0.528,0.0030799182072508025,-0.0008089918331197516
-0.527,0.0030662976265901864,-0.0007902880726660522
-0.526,0.0030526142083426963,-0.0007718246979134391
-0.525,0.0030388706070490494,-0.0007536000800754627
-0.524,0.0030250694343721893,-0.0007356125820249851
-0.523,0.0030112132595502385,-0.0007178605587995459
-0.522,0.002997304609847482,-0.0007003423580955206
-0.521,0.002983345971003326,-0.0006830563207512788
-0.52,0.002969339787679178,-0.0006660007812195364
-0.519,0.0029552884639032152,-0.0006491740680291038
-0.518,0.00294119436351298,-0.0006325745042362177
-0.517,0.002927059810595766,-0.0006162004078656469
-0.516,0.002912887089926759,-0.0006000500923417566
-0.515,0.0028986784474048805,-0.0005841218669097139
-0.514,0.0028844360904863083,-0.0005684140370470105
-0.513,0.0028701621886156273,-0.0005529249048654796
-0.512,0.0028558588736545877,-0.0005376527695039783
-0.511,0.002841528240308426,-0.0005225959275119034
-0.51,0.002827172346549725,-0.0005077526732237064
-0.509,0.0028127932140397834,-0.0004931212991245714
-0.508,0.002798392828547459,-0.00047870009620741403
-0.507,0.002783973140365471,-0.00046448735432135966
-0.506,0.0027695360647241214,-0.00045048136251185335
-0.505,0.0027550834822024266,-0.0004366804093525547
-0.504,0.002740617239136623,-0.0004230827832691649
-0.503,0.002726139148026033,-0.000409686772855333
-0.502,0.0027116509879362696,-0.00039649066718078403
-0.501,0.0026971545048997602,-0.00038349275609181083
-0.5,0.002682651412313567,-0.0003706913305042677
-0.499,0.002668143391334498,-0.00035808468268920253
-0.498,0.0026536320912714803,-0.00034567110655126063
-0.497,0.0026391191299751913,-0.0003334488978999926
-0.496,0.002624606094224926,-0.00032141635471419523
-0.495,0.0026100945401126945,-0.0003095717773994126
-0.494,0.0025955859934245324,-0.0002979134690387224
-0.493,0.0025810819500190194,-0.0002864397356369305
-0.492,0.0025665838762029872,-0.0002751488863582948
-0.491,0.0025520932091044187,-0.0002640392337578965
-0.49,0.0025376113570425214,-0.00025310909400677665
-0.489,0.002523139699894974,-0.00024235678711095188
-0.488,0.0025086795894623333,-0.00023178063712442324
-0.487,0.0024942323498296027,-0.00022137897235628842
-0.486,0.0024797992777249533,-0.00021115012557206754
-0.485,0.002465381642875593,-0.00020109243418934907
-0.484,0.002450980688360784,-0.00019120424046786263
-0.483,0.002436597630961999,-0.00018148389169408177
-0.482,0.0024222336615102257,-0.00017192974036045954
-0.481,0.002407889945230403,-0.0001625401443393977
-0.48,0.002393567622083001,-0.0001533134670520477
-0.479,0.0023792678071027414,-0.00014424807763204202
-0.478,0.002364991590734453,-0.0001353423510842507
-0.477,0.00235074003916607,-0.00012659466843865772
-0.476,0.0023365141946587744,-0.00011800341689945024
-0.475,0.0023223150758742797,-0.00010956698998941136
-0.474,0.002308143678199264,-0.00010128378768970665
-0.473,0.002294000974066955,-9.31522165751526e-5
-0.472,0.002279887913275868,-8.517068994505394e-5
-0.471,0.0022658054233057018,-7.733762794969526e-5
-0.47,0.0022517544096304007,-6.965145771257121e-5
-0.469,0.0022377357560283873,-6.211061344843802e-5
-0.468,0.0022237503248899635,-5.471353657726764e-5
-0.467,0.0022097989575219014,-4.7458675834185035e-5
-0.466,0.002195882474449215,-4.034448737546707e-5
-0.465,0.0021820016757141307,-3.336943488068093e-5
-0.464,0.002168157341172258,-2.6531989651038284e-5
-0.463,0.002154350230785973,-1.983063070404038e-5
-0.462,0.002140581084915016,-1.3263844864488027e-5
-0.461,0.002126850624604321,-6.830126851929208e-6
-0.46,0.0021131595518690777,-5.279793646159434e-7
-0.459,0.002099508549977041,5.644086839959171e-6
-0.458,0.0020858982837280923,1.1687552867877398e-5
-0.457,0.00207232939973107,1.7603891614891074e-5
-0.456,0.0020588025266778704,2.3394567695736465e-5
-0.455,0.002045318275614839,2.906103737659624e-5
-0.454,0.002031877240211455,3.4604748510646534e-5
-0.453,0.0020184799970263227,4.002714047662473e-5
-0.452,0.0020051271057704868,4.5329644120354994e-5
-0.451,0.0019918191095680726,5.051368169916959e-5
-0.45,0.0019785565352142733,5.558066682916527e-5
-0.449,0.001965339893430689,6.053200443523459e-5
-0.448,0.001952169679118037,6.536909070381332e-5
-0.447,0.0019390463716062354,7.00933130382859e-5
-0.446,0.001925970434901886,7.470605001699184e-5
-0.445,0.00191294231793316,7.920867135377705e-5
-0.444,0.001899962454792102,8.360253786103466e-5
-0.443,0.0018870312649743688,8.788900141518114e-5
-0.442,0.001874149153616411,9.206940492451414e-5
-0.441,0.001861316511730118,9.614508229939974e-5
-0.44,0.0018485337164349342,0.00010011735842473683
-0.439,0.0018358011311874654,0.00010398754913464844
-0.438,0.0018231191060085845,0.00010775696118934933
-0.437,0.0018104879777080577,0.00011142689225414103
-0.436,0.0017979080701066988,0.00011499863088048566
-0.435,0.001785379694256071,0.00011847345648911103
-0.434,0.0017729031486557495,0.00012185263935510019
-0.433,0.00176047871946816,0.0001251374405949192
-0.432,0.0017481066807310073,0.00012832911215533802
-0.431,0.0017357872945673112,0.00013142889680419978
-0.43,0.001723520811393063,0.00013443802812299473
-0.429,0.0017113074701225184,0.0001373577305011958
-0.428,0.0016991474983711443,0.00014018921913231332
-0.427,0.0016870411126562307,0.00014293370001162726
-0.426,0.0016749885185951894,0.00014559236993555598
-0.425,0.0016629899111015494,0.00014816641650262154
-0.424,0.001651045474578667,0.00015065701811597148
-0.423,0.001639155383111169,0.00015306534398741846
-0.422,0.0016273198006541408,0.0001553925541429596
-0.421,0.0016155388812200773,0.0001576397994297375
-0.42,0.0016038127690636132,0.00015980822152440643
-0.419,0.001592141598864047,0.0001618989529428671
-0.418,0.0015805254959056767,0.0001639131170513342
-0.417,0.0015689645762559622,0.00016585182807870208
-0.416,0.0015574589469415302,0.00016771619113017337
-0.415,0.0015460087061220395,0.00016950730220211723
-0.414,0.0015346139432619204,0.0001712262481981238
-0.413,0.0015232747393000069,0.00017287410694622182
-0.412,0.0015119911668170754,0.00017445194721722761
-0.411,0.0015007632902013103,0.00017596082874419365
-0.41,0.0014895911658117066,0.00017740180224292586
-0.409,0.0014784748421394311,0.00017877590943353875
-0.408,0.0014674143599671572,0.000180084183063019
-0.407,0.0014564097525263863,0.00018132764692876748
-0.406,0.001445461045652777,0.00018250731590309152
-0.405,0.001434568257939495,0.0001836241959586181
-0.404,0.0014237314008886002,0.00018467928419460116
-0.403,0.0014129504790604895,0.00018567356886409477
-0.402,0.0014022254902214073,0.0001866080294019658
-0.401,0.0013915564254890452,0.00018748363645371951
-0.4,0.0013809432694762412,0.00018830135190511238
-0.399,0.0013703860004328,0.00018906212891252615
-0.398,0.0013598845903854463,0.0001897669119340791
-0.397,0.0013494390052759292,0.00019041663676144907
-0.396,0.0013390492050972932,0.0001910122305523847
-0.395,0.001328715144028331,0.00019155461186388131
-0.394,0.0013184367705662363,0.0001920446906859981
-0.393,0.0013082140276574694,0.00019248336847629385
-0.392,0.0012980468528268534,0.00019287153819485915
-0.391,0.0012879351783049154,0.00019321008433992296
-0.39,0.0012778789311534914,0.0001934998829840122
-0.389,0.0012678780333896058,0.00019374180181064348
-0.388,0.001257932402107645,0.00019393670015152562
-0.387,0.001248041949599839,0.00019408542902425396
-0.386,0.0012382065834750662,0.00019418883117047525
-0.385,0.0012284262067759984,0.00019424774109450462
-0.384,0.0012187007180945993,0.000194262985102375
-0.383,0.0012090300116859931,0.00019423538134130062
-0.382,0.0011994139775807178,0.000194165739839536
-0.381,0.0011898525016953792,0.00019405486254661265
-0.38,0.0011803454659417181,0.00019390354337393554
-0.379,0.001170892748334111,0.0001937125682357226
-0.378,0.0011614942230955127,0.0001934827150902697
-0.377,0.0011521497607618594,0.00019321475398152507
-0.376,0.0011428592282849476,0.00019290944708095676
-0.375,0.0011336224891338013,0.00019256754872969687
-0.374,0.0011244394033945438,0.00019218980548094767
-0.373,0.0011153098278687856,0.0001917769561426337
-0.372,0.0011062336161705491,0.0001913297318202854
-0.371,0.001097210618821737,0.0001908488559601392
-0.37,0.0010882406833461636,0.0001903350443924403
-0.369,0.0010793236543621615,0.00018978900537493376
-0.368,0.001070459373673778,0.00018921143963653004
-0.367,0.001061647680360576,0.00018860304042113215
-0.366,0.00105288841086605,0.00018796449353161086
-0.365,0.001044181399084677,0.0001872964773739151
-0.364,0.00103552647644761,0.00018659966300130538
-0.363,0.0010269234720070319,0.00018587471415869758
-0.362,0.0010183722125191798,0.00018512228732710533
-0.361,0.001009872522526058,0.00018434303176816913
-0.36,0.0010014242244358476,0.00018353758956876097
-0.359,0.0009930271386020299,0.00018270659568565286
-0.358,0.0009846810834012352,0.00018185067799023877
-0.357,0.0009763858753098302,0.00018097045731329904
-0.356,0.000968141328979257,0.00018006654748979685
-0.355,0.0009599472573101372,0.0001791395554036967
-0.354,0.0009518034715251528,0.00017819008103279468
-0.353,0.0009437097812407176,0.00017721871749355115
-0.352,0.000935665994537451,0.00017622605108591632
-0.351,0.0009276719180294671,0.00017521266133813893
-0.35,0.0009197273569324914,0.00017417912105155016
-0.349,0.0009118321151308172,0.00017312599634531272
-0.348,0.0009039859952431144,0.0001720538467011274
-0.347,0.0008961887986871019,0.00017096322500788857
-0.346,0.0008884403257430969,0.00016985467760628019
-0.345,0.0008807403756164517,0.00016872874433330489
-0.344,0.0008730887464988905,0.00016758595856673788
-0.343,0.0008654852356287583,0.0001664268472694989
-0.342,0.0008579296393501918,0.00016525193103393397
-0.341,0.0008504217531712264,0.00016406172412600068
-0.34,0.0008429613718208482,0.00016285673452934993
-0.339,0.0008355482893050041,0.0001616374639892967
-0.338,0.0008281822989615797,0.0001604044080566746
-0.337,0.0008208631935143578,0.00015915805613156672
-0.336,0.000813590765125967,0.00015789889150690702
-0.335,0.0008063648054498321,0.0001566273914119468
-0.334,0.0007991851056811367,0.00015534402705557953
-0.333,0.000792051456606809,0.0001540492636695192
-0.332,0.0007849636486545414,0.00015274356055132633
-0.331,0.0007779214719408541,0.00015142737110727643
-0.33,0.0007709247163182136,0.00015010114289506623
-0.329,0.0007639731714212156,0.00014876531766635183
-0.328,0.0007570666267118434,0.00014742033140911518
-0.327,0.0007502048715238112,0.0001460666143898531
-0.326,0.0007433876951060032,0.0001447045911955853
-0.325,0.000736614886665017,0.00014333468077567672
-0.324,0.0007298862354068223,0.00014195729648346984
-0.323,0.0007232015305775444,0.00014057284611772354
-0.322,0.000716560561503382,0.000139181731963854
-0.321,0.0007099631176296678,0.00013778435083497447
-0.32,0.0007034089885590842,0.00013638109411273015
-0.319,0.0006968979640890392,0.00013497234778792467
-0.318,0.0006904298342482159,0.00013355849250093506
-0.317,0.0006840043893323019,0.00013213990358191201
-0.316,0.0006776214199389087,0.00013071695109076245
-0.315,0.000671280717001691,0.00012928999985691145
-0.314,0.0006649820718236713,0.0001278594095188411
-0.313,0.0006587252761097838,0.00012642553456340298
-0.312,0.0006525101219986415,0.00012498872436490297
-0.311,0.0006463364020935376,0.0001235493232239545
-0.31,0.0006402039094926891,0.00012210767040609955
-0.309,0.0006341124378187311,0.00012066410018019417
-0.308,0.000628061781247469,0.00011921894185655711
-0.307,0.0006220517345358996,0.00011777251982487952
-0.306,0.0006160820930495052,0.00011632515359189395
-0.305,0.0006101526527888323,0.00011487715781880104
-0.304,0.0006042632104153613,0.00011342884235845259
-0.303,0.0005984135632766743,0.00011198051229228902
-0.302,0.000592603509430931,0.00011053246796703072
-0.301,0.0005868328476706573,0.00010908500503112141
-0.3,0.0005811013775458577,0.00010763841447092275
-0.299,0.0005754088993864558,0.00010619298264665929
-0.298,0.0005697552143240722,0.00010474899132811258
-0.297,0.0005641401243131467,0.00010330671773006404
-0.296,0.000558563432151412,0.00010186643454748554
-0.295,0.0005530249414997259,0.00010042840999047745
-0.294,0.0005475244569012693,9.899290781895349e-5
-0.293,0.000542061783800117,9.756018737707202e-5
-0.292,0.0005366367285591876,9.613050362741357e-5
-0.291,0.000531249098477581,9.470410718490426e-5
-0.29,0.0005258987018073084,9.32812443504853e-5
-0.289,0.0005205853477694215,9.18621571445282e-5
-0.288,0.0005153088465695503,9.0447083339996e-5
-0.287,0.0005100690094128519,8.903625649535076e-5
-0.286,0.0005048656485183802,8.762990598720729e-5
-0.285,0.0004996985771328804,8.622825704273364e-5
-0.284,0.0004945676095440166,8.483153077179898e-5
-0.283,0.0004894725610930375,8.343994419886884e-5
-0.282,0.00048441324818688635,8.205371029464891e-5
-0.281,0.0004793894883097622,8.067303800747766e-5
-0.28,0.00047440110003413733,7.929813229446878e-5
-0.279,0.00046944790303123736,7.7929194152404e-5
-0.278,0.00046452971808099,7.656642064837763e-5
-0.277,0.00045964636708144805,7.521000495019339e-5
-0.276,0.0004547976730576923,7.386013635651483e-5
-0.275,0.00044998346017022033,7.251700032677043e-5
-0.274,0.00044520355372282624,7.118077851081462e-5
-0.273,0.0004404577801699777,6.985164877834601e-5
-0.272,0.00043574596712369495,6.852978524808403e-5
-0.271,0.0004310679433599375,6.72153583167058e-5
-0.27,0.00042642353882450416,6.590853468754433e-5
-0.269,0.0004218125846384511,6.460947739904983e-5
-0.268,0.0004172349131030337,6.331834585301576e-5
-0.267,0.00041269035770417727,6.203529584257132e-5
-0.266,0.0004081787531164809,6.0760479579942125e-5
-0.265,0.0004036999352067612,5.9494045723980994e-5
-0.264,0.0003992537410371393,5.823613940747061e-5
-0.263,0.00039484000886767654,5.698690226420026e-5
-0.262,0.00039045857815856464,5.5746472455818443e-5
-0.261,0.0003861092895718735,5.451498469846365e-5
-0.26,0.00038179198497286285,5.329257028917537e-5
-0.259,0.00037750650743086187,5.207935713208759e-5
-0.258,0.0003732527012197214,5.087546976440705e-5
-0.257,0.00036903041181784367,4.968102938217865e-5
-0.256,0.0003648394859077936,4.849615386584037e-5
-0.255,0.00036067977137549704,4.732095780557019e-5
-0.254,0.0003565511173090296,4.615555252642753e-5
-0.253,0.0003524533739970009,4.500004611329181e-5
-0.252,0.00034838639292653875,4.3854543435600736e-5
-0.251,0.0003443500267808771,4.271914617189101e-5
-0.25,0.0003403441294365529,4.159395283414433e-5
-0.249,0.00033636855596021534,4.04790587919412e-5
-0.248,0.0003324231626050519,3.937455629642582e-5
-0.247,0.00032850780680683593,3.828053450408459e-5
-0.246,0.00032462234717959914,3.7197079500341385e-5
-0.245,0.0003207666435109336,3.6124274322972665e-5
-0.244,0.0003169405567569274,3.506219898534531e-5
-0.243,0.0003131439490367372,3.401093049948048e-5
-0.242,0.0003093766836268034,3.29705428989466e-5
-0.241,0.0003056386249547095,3.1941107261584676e-5
-0.24,0.0003019296385926923,3.092269173206923e-5
-0.239,0.0002982495912508043,2.9915361544308235e-5
-0.238,0.000294598350769734,2.8919179043685326e-5
-0.237,0.00029097578611328765,2.7934203709147783e-5
-0.236,0.0002873817673605351,2.6960492175143722e-5
-0.235,0.0002838161656976255,2.599809825341199e-5
-0.234,0.00028027885340927474,2.50470729546284e-5
-0.233,0.00027676970386992996,2.410746450991181e-5
-0.232,0.00027328859153461394,2.3179318392193788e-5
-0.231,0.0002698353919294533,2.2262677337455504e-5
-0.23,0.00026640998164189446,2.135758136583564e-5
-0.229,0.00026301223831061085,2.046406780261305e-5
-0.228,0.0002596420406151054,1.9582171299068056e-5
-0.227,0.00025629926826501093,1.871192385322621e-5
-0.226,0.000252983801989094,1.7853354830488464e-5
-0.225,0.00024969552352396374,1.70064909841517e-5
-0.224,0.00024643431560249094,1.6171356475823627e-5
-0.223,0.00024320006194194008,1.5347972895736044e-5
-0.222,0.0002399926472318184,1.4536359282960638e-5
-0.221,0.00023681195712144538,1.3736532145531343e-5
-0.22,0.0002336578782072465,1.2948505480477478e-5
-0.219,0.0002305302980197744,1.2172290793771857e-5
-0.218,0.00022742910501046177,1.1407897120198097e-5
-0.217,0.000224354188538109,1.0655331043141405e-5
-0.216,0.00022130543885511025,9.91459671430718e-6
-0.215,0.0002182827470934221,9.185695873371732e-6
-0.214,0.00021528600525027753,8.46862786756957e-6
-0.213,0.0002123151061736497,7.763389671221633e-6
-0.212,0.0002093699435474686,7.069975905208946e-6
-0.211,0.00020645041187659438,6.388378856396191e-6
-0.21,0.00020355640647155122,5.718588497009727e-6
-0.209,0.00020068782343302496,5.06059250397461e-6
-0.208,0.00019784455963612875,4.414376278215224e-6
-0.207,0.0001950265127144397,3.779922963924137e-6
-0.206,0.000192233581043811,3.1572134678038566e-6
-0.205,0.0001894656637259627,2.5462264782861646e-6
-0.204,0.00018672266057185506,1.9469384847337645e-6
-0.203,0.00018400447208484833,1.3593237966289884e-6
-0.202,0.00018131099944365263,7.833545627543472e-7
-0.201,0.00017864214448507184,2.1900079036974076e-7
-0.2,0.0001759978096865453,-3.3376963560883834e-7
-0.199,0.00017337789814849118,-8.749909334242341e-7
-0.198,0.00017078231357645548,-1.404699405281798e-6
-0.197,0.0001682109602630706,-1.922933418136878e-6
-0.196,0.00016566374306982732,-2.42973338446118e-6
-0.195,0.00016314056740866442,-2.9251417429830298e-6
-0.194,0.00016064133922337971,-3.4092029393965407e-6
-0.193,0.0001581659649708669,-3.881963407034665e-6
-0.192,0.00015571435160218212,-4.343471547501091e-6
-0.191,0.00015328640654344432,-4.793777711255925e-6
-0.19,0.00015088203767657393,-5.2329341781500566e-6
-0.189,0.00014850115331987388,-5.660995137903137e-6
-0.188,0.0001461436622084573,-6.078016670520006e-6
-0.187,0.00014380947347452633,-6.484056726640463e-6
-0.186,0.0001414984966275063,-6.879175107817194e-6
-0.185,0.00013921064153404007,-7.263433446716699e-6
-0.184,0.00013694581839784648,-7.63689518723802e-6
-0.183,0.00013470393773944806,-7.999625564544062e-6
-0.182,0.0001324849103757725,-8.351691585000297e-6
-0.181,0.000130288647399632,-8.69316200601561e-6
-0.18,0.00012811506015908633,-9.024107315780057e-6
-0.179,0.00012596406023669335,-9.344599712894263e-6
-0.178,0.0001238355594286527,-9.654713085885217e-6
-0.177,0.00012172946972384695,-9.954522992603189e-6
-0.176,0.00011964570328278602,-1.0244106639494485e-5
-0.175,0.00011758417241645903,-1.0523542860744769e-5
-0.174,0.00011554478956509972,-1.0792912097287662e-5
-0.173,0.00011352746727686995,-1.1052296375673327e-5
-0.172,0.00011153211818646717,-1.1301779286791744e-5
-0.171,0.00010955865499366081,-1.1541445964445418e-5
-0.17,0.00010760699044176362,-1.1771383063766172e-5
-0.169,0.00010567703729604307,-1.1991678739470809e-5
-0.168,0.00010376870832207875,-1.2202422623950292e-5
-0.167,0.00010188191626407164,-1.2403705805187227e-5
-0.166,0.00010001657382311085,-1.2595620804496347e-5
-0.165,9.817259363540404e-5,-1.2778261554082732e-5
-0.164,9.634988825047749e-5,-1.2951723374412557e-5
-0.163,9.454837010935198e-5,-1.3116102951391084e-5
-0.162,9.276795152270076e-5,-1.3271498313342716e-5
-0.161,9.10085446489961e-5,-1.3418008807787884e-5
-0.16,8.927006147265069e-5,-1.3555735078011596e-5
-0.159,8.75524137821607e-5,-1.3684779039418476e-5
-0.158,8.58555131482571e-5,-1.3805243855669152e-5
-0.157,8.417927090207213e-5,-1.3917233914592864e-5
-0.156,8.252359811332774e-5,-1.4020854803871225e-5
-0.155,8.088840556855322e-5,-1.4116213286488045e-5
-0.154,7.92736037493392e-5,-1.4203417275940188e-5
-0.153,7.767910281063514e-5,-1.4282575811204491e-5
-0.152,7.610481255909803e-5,-1.4353799031455743e-5
-0.151,7.455064243149964e-5,-1.4417198150530822e-5
-0.15,7.301650147320017e-5,-1.4472885431134113e-5
-0.149,7.150229831669618e-5,-1.4520974158779337e-5
-0.148,7.000794116025049e-5,-1.4561578615463028e-5
-0.147,6.853333774661265e-5,-1.4594814053064894e-5
-0.146,6.707839534183774e-5,-1.4620796666470383e-5
-0.145,6.564302071421244e-5,-1.4639643566410793e-5
-0.144,6.422712011329638e-5,-1.4651472752016376e-5
-0.143,6.283059924908795e-5,-1.4656403083077887e-5
-0.142,6.145336327132324e-5,-1.4654554252012152e-5
-0.141,6.0095316748917134e-5,-1.4646046755527247e-5
-0.14,5.875636364955582e-5,-1.4631001865982972e-5
-0.139,5.743640731945002e-5,-1.4609541602442399e-5
-0.138,5.613535046325854e-5,-1.4581788701410306e-5
-0.137,5.4853095124191725e-5,-1.4547866587254433e-5
-0.136,5.35895426643048e-5,-1.4507899342305561e-5
-0.135,5.234459374499111e-5,-1.4462011676632505e-5
-0.134,5.111814830768542e-5,-1.4410328897488211e-5
-0.133,4.99101055547878e-5,-1.4352976878423247e-5
-0.132,4.872036393081857e-5,-1.4290082028063077e-5
-0.131,4.7548821103815176e-5,-1.4221771258545608e-5
-0.13,4.639537394698197e-5,-1.414817195361563e-5
-0.129,4.525991852060394e-5,-1.4069411936372854e-5
-0.128,4.414235005423597e-5,-1.3985619436670425e-5
-0.127,4.3042562929178985e-5,-1.3896923058160833e-5
-0.126,4.196045066125493e-5,-1.3803451744986377e-5
-0.125,4.089590588389242e-5,-1.3705334748111387e-5
-0.124,3.984882033153539e-5,-1.3602701591293589e-5
-0.123,3.8819084823387045e-5,-1.3495682036692164e-5
-0.122,3.780658924750181e-5,-1.3384406050110145e-5
-0.121,3.681122254523809e-5,-1.3269003765869032e-5
-0.12,3.583287269608492e-5,-1.3149605451313607e-5
-0.119,3.4871426702875865e-5,-1.3026341470945146e-5
-0.118,3.39267705774036e-5,-1.2899342250181363e-5
-0.117,3.299878932644904e-5,-1.2768738238741653e-5
-0.116,3.208736693823901e-5,-1.2634659873656352e-5
-0.115,3.119238636934664e-5,-1.2497237541898956e-5
-0.114,3.0313729532049133e-5,-1.2356601542640442e-5
-0.113,2.945127728215749e-5,-1.2212882049125035e-5
-0.112,2.8604909407333363e-5,-1.206620907016701e-5
-0.111,2.777450461590817e-5,-1.1916712411268325e-5
-0.11,2.6959940526220108e-5,-1.176452163535715e-5
-0.109,2.616109365648479e-5,-1.1609766023147556e-5
-0.108,2.5377839415215608e-5,-1.1452574533120933e-5
-0.107,2.461005209221017e-5,-1.1293075761129953e-5
-0.106,2.3857604850119425e-5,-1.1131397899626138e-5
-0.105,2.3120369716616357e-5,-1.0967668696512456e-5
-0.104,2.2398217577181516e-5,-1.080201541362254e-5
-0.103,2.1691018168522777e-5,-1.0634564784828575e-5
-0.102,2.099864007264718e-5,-1.046544297378008e-5
-0.101,2.0320950711602907e-5,-1.0294775531276232e-5
-0.1,1.9657816342909786e-5,-1.0122687352274665e-5
-0.099,1.900910205569705e-5,-9.949302632540046e-6
-0.098,1.8374671767567287e-5,-9.774744824936092e-6
-0.097,1.7754388222206027e-5,-9.599136595365058e-6
-0.096,1.7148112987756544e-5,-9.422599778359122e-6
-0.095,1.6555706455979876e-5,-9.245255332328476e-6
-0.094,1.597702784222043e-5,-9.067223294471383e-6
-0.093,1.5411935186197794e-5,-8.888622735351843e-6
-0.092,1.4860285353645764e-5,-8.709571713150994e-6
-0.091,1.4321934038820014e-5,-8.530187227598791e-6
-0.09,1.3796735767896054e-5,-8.350585173593051e-6
-0.089,1.3284543903279612e-5,-8.170880294513351e-6
-0.088,1.2785210648851881e-5,-7.99118613523785e-6
-0.087,1.2298587056172461e-5,-7.811614994871608e-6
-0.086,1.1824523031663225e-5,-7.632277879195505e-6
-0.085,1.1362867344796697e-5,-7.453284452845445e-6
-0.084,1.0913467637312963e-5,-7.274742991232121e-6
-0.083,1.0476170433489525e-5,-7.09676033221219e-6
-0.082,1.0050821151488894e-5,-6.919441827522377e-6
-0.081,9.637264115809189e-6,-6.742891293988627e-6
-0.08,9.235342570863399e-6,-6.567210964523157e-6
-0.079,8.84489869571343e-6,-6.392501438922876e-6
-0.078,8.46577361998546e-6,-6.2188616344834485e-6
-0.077,8.09780744099365e-6,-6.0463887364439605e-6
-0.076,7.740839242099659e-6,-5.8751781482779446e-6
-0.075,7.39470711233594e-6,-5.70532344184733e-6
-0.074,7.059248167321235e-6,-5.536916307436713e-6
-0.073,6.7342985714972355e-6,-5.370046503686183e-6
-0.072,6.419693561715862e-6,-5.204801807441894e-6
-0.071,6.115267472207123e-6,-5.04126796354442e-6
-0.07,5.820853760958116e-6,-4.879528634575979e-6
-0.069,5.5362850375342166e-6,-4.719665350588562e-6
-0.068,5.2613930923741345e-6,-4.5617574588360585e-6
-0.067,4.996008927591062e-6,-4.405882073534562e-6
-0.066,4.7399627893127855e-6,-4.252114025676158e-6
-0.065,4.493084201594226e-6,-4.100525812922666e-6
-0.064,4.25520200193655e-6,-3.9511875496070245e-6
-0.063,4.026144378447656e-6,-3.804166916871291e-6
-0.062,3.805738908679538e-6,-3.659529112971527e-6
-0.061,3.5938126001787635e-6,-3.5173368037812375e-6
-0.06,3.3901919327870487e-6,-3.377650073526453e-6
-0.059,3.1947029027297094e-6,-3.24052637578705e-6
-0.058,3.0071710685305847e-6,-3.1060204848004662e-6
-0.057,2.827421598792893e-6,-2.974184447105595e-6
-0.056,2.6552793218863853e-6,-2.845067533566366e-6
-0.055,2.4905687775820997e-6,-2.718716191816279e-6
-0.054,2.3331142706770318e-6,-2.5951739991670565e-6
-0.053,2.1827399266520786e-6,-2.47448161602651e-6
-0.052,2.0392697494077277e-6,-2.3566767398727982e-6
-0.051,1.902527681123152e-6,-2.241794059834379e-6
-0.05,1.7723376642856062e-6,-2.129865211927246e-6
-0.049,1.6485237059383762e-6,-2.020918735003406e-6
-0.048,1.5309099441969372e-6,-1.9149800274670624e-6
-0.047,1.419320717084514e-6,-1.8120713048176156e-6
-0.046,1.3135806337398667e-6,-1.7122115580813589e-6
-0.045,1.2135146480518879e-6,-1.6154165131967142e-6
-0.044,1.1189481347774914e-6,-1.521698591420939e-6
-0.043,1.0297069682013365e-6,-1.4310668708295458e-6
-0.042,9.456176033981499e-7,-1.3435270489831626e-6
-0.041,8.665071601608475e-7,-1.2590814068402747e-6
-0.04,7.922035096602929e-7,-1.177728773998237e-6
-0.039,7.225353639054421e-7,-1.0994644953491532e-6
-0.038,6.573323680758019e-7,-1.0242803992417094e-6
-0.037,5.964251958016439e-7,-9.521647672448552e-7
-0.036,5.396456474712923e-7,-8.831023056143724e-7
-0.035,4.868267516491104e-7,-8.170741185689061e-7
-0.034,4.378028696925986e-7,-7.540576834879808e-7
-0.033,3.92409803662365e-7,-6.940268281509532e-7
-0.032,3.504849076247263e-7,-6.369517101427994e-7
-0.031,3.118672024534413e-7,-5.827987985601727e-7
-0.03,2.7639749424469726e-7,-5.315308581593664e-7
-0.029,2.43918496468109e-7,-4.831069360967645e-7
-0.028,2.142749559863264e-7,-4.3748235142214865e-7
-0.027,1.8731378308709837e-7,-3.9460868749599365e-7
-0.026,1.6288418568456708e-7,-3.5443378751372946e-7
-0.025,1.4083780786149047e-7,-3.1690175333307796e-7
-0.024,1.2102887294140992e-7,-2.8195294781515037e-7
-0.023,1.033143312999852e-7,-2.4952400090627086e-7
-0.022,8.755401314842929e-8,-2.1954781970575765e-7
-0.021,7.361078654997086e-8,-1.9195360278548297e-7
-0.02,6.135072096354688e-8,-1.6666685905038796e-7
-0.019,5.064325664876025e-8,-1.4360943145577292e-7
-0.018,4.136138031419226e-8,-1.2269952592778148e-7
-0.017,3.338180744962753e-8,-1.0385174586889696e-7
-0.016,2.6585171854547378e-8,-8.697713267153947e-8
-0.015,2.0856222964322684e-8,-7.198321271139206e-8
-0.014,1.6084031687306585e-8,-5.877405134972039e-8
-0.013,1.216220560805882e-8,-4.7250314543121374e-8
-0.012,8.989114595010336e-9,-3.730933874314539e-8
-0.011,6.468128090701886e-9,-2.8845209871647382e-8
-0.01,4.5078656827561594e-9,-2.1748852286975614e-8
-0.009,3.022462990020411e-9,-1.5908128820523152e-8
-0.008,1.931855508158587e-9,-1.1207953176627264e-8
-0.007,1.1620839371829179e-9,-7.530416272690892e-9
-0.006,6.456258244580264e-10,-4.754928485026304e-9
-0.005,3.2176040302554286e-10,-2.758380317108513e-9
-0.004,1.369768852222977e-10,-1.4153248243444886e-9
-0.003,4.544248930108199e-11,-5.981864144438626e-10
-0.002,9.558374486096936e-12,-1.775028309783355e-10
-0.001,6.592942834907677e-13,-2.2211328410954635e-11
0.0,0.0,0.0
0.001,6.593624398144366e-13,2.2213549588851128e-11
0.002,9.560357511111616e-12,1.7753833126282086e-10
0.003,4.5456664257357464e-11,5.983658562526906e-10
0.004,1.3703396154154049e-10,1.4158908473652236e-9
0.005,3.219282578341022e-10,2.7597590431946868e-9
0.006,6.460305485150675e-10,4.757779958228432e-9
0.007,1.1629348682016637e-9,7.535683670382972e-9
0.008,1.933473983289247e-9,1.1216910651399686e-8
0.009,3.025314584643631e-9,1.59224278509462e-8
0.01,4.512595727571393e-9,2.177056643034591e-8
0.011,6.475600277615738e-9,2.8876877824435724e-8
0.012,9.000452496772187e-9,3.735400562569277e-8
0.013,1.2178836948252475e-8,4.731157133458945e-8
0.014,1.6107735206991535e-8,5.885607240767497e-8
0.015,2.088917773985091e-8,7.209079131788564e-8
0.016,2.6630008928217366e-8,8.711571455431107e-8
0.017,3.34416636411257e-8,1.0402746065243904e-7
0.018,4.143995408639285e-8,1.2291921647462295e-7
0.019,5.0744865906540905e-8,1.438806810634653e-7
0.02,6.148036266892764e-8,1.669980164744145e-7
0.021,7.377419804117585e-8,1.923538050626866e-7
0.022,8.77577350544619e-8,2.2002701275693872e-7
0.023,1.0356577194604544e-7,2.500929579003752e-7
0.024,1.213363741440045e-7,2.8262328528097833e-7
0.025,1.4121071201542094e-7,3.1768594500771837e-7
0.026,1.63332904047154e-7,3.553451759199817e-7
0.027,1.8784986516802928e-7,3.9566149324390213e-7
0.028,2.1491115995441937e-7,4.3869168023245144e-7
0.029,2.44668860489074e-7,4.844887835465697e-7
0.03,2.772774086666674e-7,5.331021121527226e-7
0.031,3.128934827596446e-7,5.845772395284065e-7
0.032,3.5167586807518156e-7,6.389560089815684e-7
0.033,3.937853315489244e-7,6.962765419029044e-7
0.034,4.3938450013402605e-7,7.565732487817316e-7
0.035,4.886377428551856e-7,8.198768428267784e-7
0.036,5.417110564071712e-7,8.862143560429176e-7
0.037,5.987719541858877e-7,9.556091576237172e-7
0.038,6.59989358647617e-7,1.0280809745277862e-6
0.039,7.25533496898749e-7,1.1036459141143431e-6
0.04,7.95575799424272e-7,1.1823164887202984e-6
0.041,8.702888018685918e-7,1.2641016420674864e-6
0.042,9.498460497869939e-7,1.3490067773945611e-6
0.043,1.0344220062903243e-6,1.437033787213525e-6
0.044,1.1241919625093053e-6,1.5281810845959474e-6
0.045,1.2193319508083688e-6,1.622443635898662e-6
0.046,1.3200186606820462e-6,1.7198129948431632e-6
0.047,1.4264293572698025e-6,1.8202773378670748e-6
0.048,1.5387418024278357e-6,1.92382150066995e-6
0.049,1.6571341782987319e-6,2.030427015879321e-6
0.05,1.7817850133220845e-6,2.1400721517663606e-6
0.051,1.9128731106311878e-6,2.2527319519437595e-6
0.052,2.0505774787827996e-6,2.36837827598149e-6
0.053,2.195077264768681e-6,2.4869798408790226e-6
0.054,2.346551689259237e-6,2.608502263335307e-6
0.055,2.505179984031072e-6,2.7329081027604095e-6
0.056,2.671141331531668e-6,2.860156904975203e-6
0.057,2.8446148065356962e-6,2.990205246547801e-6
0.058,3.0257793198487075e-6,3.123006779717692e-6
0.059,3.214813564015083e-6,3.258512277860634e-6
0.06,3.4118959609882258e-6,3.396669681449388e-6
0.061,3.617204611721993e-6,3.5374241444673078e-6
0.062,3.830917247643337e-6,3.6807180812336295e-6
0.063,4.053211183967059e-6,3.826491213601068e-6
0.064,4.284263274814432e-6,3.974680618488005e-6
0.065,4.524249870098313e-6,4.12522077570917e-6
0.066,4.7733467741381495e-6,4.278043616070223e-6
0.067,5.031729205969027e-6,4.433078569693171e-6
0.068,5.299571761309692e-6,4.590252614540911e-6
0.069,5.577048376155119e-6,4.74949032511059e-6
0.07,5.864332291959929e-6,4.910713921266734e-6
0.071,6.1615960223795645e-6,5.073843317186388e-6
0.072,6.469011321536789e-6,5.238796170389668e-6
0.073,6.786749153781681e-6,5.4054879308303144e-6
0.074,7.1149796649138575e-6,5.5738318900219095e-6
0.075,7.453872154836261e-6,5.743739230176527e-6
0.076,7.80359505161036e-6,5.9151190733335645e-6
0.077,8.1643158868832e-6,6.087878530457549e-6
0.078,8.536201272657193e-6,6.261922750484596e-6
0.079,8.919416879374112e-6,6.437154969298181e-6
0.08,9.314127415285187e-6,6.613476558615718e-6
0.081,9.720496607079732e-6,6.790787074768313e-6
0.082,1.0138687181745165e-5,6.968984307356896e-6
0.083,1.0568860849631751e-5,7.147964327768678e-6
0.084,1.101117828869587e-5,7.327621537538702e-6
0.085,1.146579912989599e-5,7.507848716541963e-6
0.086,1.1932881943716055e-5,7.688537071002268e-6
0.087,1.241258422779127e-5,7.86957628130475e-6
0.088,1.2905062395611846e-5,8.050854549599544e-6
0.089,1.3410471766280526e-5,8.232258647184833e-6
0.09,1.39289665553002e-5,8.413673961658047e-6
0.091,1.4460699866368247e-5,8.594984543824627e-6
0.092,1.5005823684154692e-5,8.776073154354336e-6
0.093,1.556448886804153e-5,8.956821310175631e-6
0.094,1.613684514680107e-5,9.137109330599193e-6
0.095,1.67230411141914e-5,9.3168163831622e-6
0.096,1.732322422544749e-5,9.495820529185458e-6
0.097,1.7937540794646794e-5,9.673998769035957e-6
0.098,1.856613599292849e-5,9.85122708708792e-6
0.099,1.9209153847545996e-5,1.0027380496375873e-5
0.1,1.986673724173247e-5,1.0202333082933671e-5
0.101,2.0539027915359654e-5,1.0375958049813874e-5
0.102,2.1226166466370415e-5,1.0548127760782249e-5
0.103,2.1928292352965913e-5,1.0718713783682616e-5
0.104,2.2645543896528507e-5,1.088758693346758e-5
0.105,2.3378058285261815e-5,1.1054617314891128e-5
0.106,2.412597157852972e-5,1.1219674364859367e-5
0.107,2.4889418711876313e-5,1.1382626894436089e-5
0.108,2.566853350270919e-5,1.1543343130500126e-5
0.109,2.646344865662863e-5,1.1701690757051834e-5
0.11,2.7274295774385673e-5,1.1857536956166329e-5
0.111,2.8101205359452182e-5,1.2010748448591393e-5
0.112,2.8944306826186443e-5,1.2161191533988323e-5
0.113,2.9803728508578006e-5,1.2308732130814183e-5
0.114,3.067959766955578e-5,1.2453235815844283e-5
0.115,3.1572040510843644e-5,1.2594567863333928e-5
0.116,3.2481182183348116e-5,1.2732593283818741e-5
0.117,3.3407146798062896e-5,1.2867176862553124e-5
0.118,3.435005743747527e-5,1.2998183197586648e-5
0.119,3.5310036167459705e-5,1.3125476737478401e-5
0.12,3.6287204049644186e-5,1.3248921818649558e-5
0.121,3.728168115423499e-5,1.3368382702374599e-5
0.122,3.829358657328603e-5,1.348372361141191e-5
0.123,3.9323038434398936e-5,1.3594808766274594e-5
0.124,4.037015391484038e-5,1.3701502421142569e-5
0.125,4.143504925606336e-5,1.3803668899417233e-5
0.126,4.2517839778619344e-5,1.3901172628920115e-5
0.127,4.361863989744851e-5,1.399387817673712e-5
0.128,4.4737563137535324e-5,1.4081650283710155e-5
0.129,4.587472214991719e-5,1.4164353898578076e-5
0.13,4.703022872803384e-5,1.4241854211769058e-5
0.131,4.820419382440554e-5,1.4314016688846615e-5
0.132,4.93967275676283e-5,1.4380707103611694e-5
0.133,5.0607939279674525e-5,1.4441791570863338e-5
0.134,5.183793749348763e-5,1.4497136578820622e-5
0.135,5.308682997085956e-5,1.4546609021208616e-5
0.136,5.435472372058009e-5,1.459007622901134e-5
0.137,5.5641725016847114e-5,1.4627406001894694e-5
0.138,5.694793941792734e-5,1.465846663930258e-5
0.139,5.827347178505693e-5,1.4683126971229417e-5
0.14,5.961842630157174e-5,1.4701256388672466e-5
0.141,6.098290649225718e-5,1.4712724873767407e-5
0.142,6.236701524290772e-5,1.4717403029610755e-5
0.143,6.377085482008628e-5,1.4715162109772755e-5
0.144,6.519452689107397e-5,1.4705874047504535e-5
0.145,6.663813254400077e-5,1.4689411484643328e-5
0.146,6.810177230814776e-5,1.4665647800219707e-5
0.147,6.958554617441217e-5,1.4634457138770794e-5
0.148,7.108955361592575e-5,1.4595714438363568e-5
0.149,7.261389360881831e-5,1.4549295458332361e-5
0.15,7.415866465311731e-5,1.449507680673479e-5
0.151,7.572396479377527e-5,1.4432935967530397e-5
0.152,7.730989164181666e-5,1.4362751327486326e-5
0.153,7.89165423955959e-5,1.4284402202814435e-5
0.154,8.054401386215873e-5,1.4197768865544321e-5
0.155,8.219240247869873e-5,1.4102732569636724e-5
0.156,8.386180433410137e-5,1.3999175576841912e-5
0.157,8.555231519056803e-5,1.388698118230762e-5
0.158,8.726403050531226e-5,1.3766033739941213e-5
0.159,8.899704545232107e-5,1.3636218687530757e-5
0.16,9.075145494417402e-5,1.3497422571629728e-5
0.161,9.252735365391277e-5,1.3349533072210142e-5
0.162,9.432483603695433e-5,1.31924390270889e-5
0.163,9.61439963530409e-5,1.3026030456132208e-5
0.164,9.798492868821975e-5,1.2850198585242894e-5
0.165,9.984772697684623e-5,1.2664835870135593e-5
0.166,0.00010173248502360352,1.2469836019904655e-5
0.167,0.00010363929652553271,1.2265094020389775e-5
0.168,0.00010556825509406664,1.205050615734429e-5
0.169,0.00010751945427706156,1.1825970039411157e-5
0.17,0.00010949298758082035,1.1591384620911591e-5
0.171,0.0001114889484921011,1.1346650224451448e-5
0.172,0.0001135074305001055,1.1091668563350329e-5
0.173,0.00011554852711844085,1.0826342763898523e-5
0.174,0.0001176123319070501,1.0550577387446821e-5
0.175,0.00011969893849410424,1.0264278452334306e-5
0.176,0.00012180844059785152,9.967353455659174e-6
0.177,0.00012394093204841797,9.65971139489774e-6
0.178,0.00012609650680955376,9.341262789376657e-6
0.179,0.00012827525900032026,9.011919701603532e-6
0.18,0.00013047728291671248,8.671595758460973e-6
0.181,0.00013270267305321158,8.320206172269246e-6
0.182,0.00013495152412426275,7.957667761722602e-6
0.183,0.00013722393108567304,7.583898972704413e-6
0.184,0.00013951998915592446,7.1988198989862195e-6
0.185,0.00014183979383739753,6.802352302815776e-6
0.186,0.00014418344093750023,6.394419635399228e-6
0.187,0.00014655102658969776,5.974947057282481e-6
0.188,0.00014894264727443877,5.5438614586368715e-6
0.189,0.0001513583998399728,5.101091479454201e-6
0.19,0.0001537983815230549,4.646567529656227e-6
0.191,0.00015626268996953282,4.180221809123639e-6
0.192,0.00015875142325481238,3.7019883276496014e-6
0.193,0.00016126467990419636,3.2118029248228712e-6
0.194,0.0001638025589130932,2.7096032898455356e-6
0.195,0.00016636515976709048,2.195328981290367e-6
0.196,0.0001689525824618897,1.6689214468027957e-6
0.197,0.00017156492752309763,1.1303240427524765e-6
0.198,0.0001742022960258705,5.794820538394157e-7
0.199,0.00017686478961440657,1.6342712659599237e-8
0.2,0.0001795525105212836,-5.591447807649467e-7
0.201,0.00018226556158663644,-1.1470292394867564e-6
0.202,0.00018500404627717166,-1.7473574701592995e-6
0.203,0.00018776806870501468,-2.360174253584258e-6
0.204,0.00019055773364638558,-2.985522325274862e-6
0.205,0.00019337314656010015,-3.6234423560304604e-6
0.206,0.0001962144136058919,-4.273972932517519e-6
0.207,0.00019908164166255145,-4.937150537852274e-6
0.208,0.00020197493834587954,-5.613009532180278e-6
0.209,0.00020489441202645005,-6.3015821332481165e-6
0.21,0.0002078401718471788,-7.002898396962585e-6
0.211,0.00021081232774069542,-7.716986197932649e-6
0.212,0.00021381099044651345,-8.443871209989528e-6
0.213,0.000216836271527996,-9.183576886680297e-6
0.214,0.000219888283389113,-9.936124441730378e-6
0.215,0.00022296713929098616,-1.070153282947038e-5
0.216,0.00022607295336821867,-1.1479818725222734e-5
0.217,0.00022920584064500544,-1.2270996505643606e-5
0.218,0.0002323659170510208,-1.3075078229015618e-5
0.219,0.0002355532994370798,-1.3892073615486926e-5
0.22,0.00023876810559056997,-1.4721990027252218e-5
0.221,0.00024201045425064935,-1.556483244867127e-5
0.222,0.00024528046512320813,-1.642060346632068e-5
0.223,0.0002485782588955896,-1.728930324897447e-5
0.224,0.0002519039572510675,-1.8170929527509272e-5
0.225,0.0002552576828830761,-1.9065477574729798e-5
0.226,0.0002586395595091889,-1.997294018511044e-5
0.227,0.00026204971188484365,-2.0893307654448763e-5
0.228,0.00026548826581680935,-2.1826567759426737e-5
0.229,0.00026895534817639166,-2.2772705737075613e-5
0.23,0.0002724510869123739,-2.3731704264140356e-5
0.231,0.00027597561106368915,-2.470354343633958e-5
0.232,0.0002795290507718212,-2.568820074751696e-5
0.233,0.00028311153729292956,-2.668565106868021e-5
0.234,0.0002867232030096959,-2.769586662692363e-5
0.235,0.0002903641814428879,-2.8718816984230347e-5
0.236,0.00029403460726263697,-2.9754469016150418e-5
0.237,0.0002977346162994271,-3.0802786890350935e-5
0.238,0.0003014643455547894,-3.1863732045034416e-5
0.239,0.0003052239332117014,-3.2937263167221664e-5
0.24,0.0003090135186446846,-3.4023336170895465e-5
0.241,0.00031283324242959906,-3.512190417500148e-5
0.242,0.00031668324635313006,-3.62329174813026e-5
0.243,0.0003205636734219635,-3.7356323552083386e-5
0.244,0.0003244746678716463,-3.8492066987700865e-5
0.245,0.00032841637517512837,-3.964008950397835e-5
0.246,0.00033238894205098223,-4.080032990943878e-5
0.247,0.0003363925164712962,-4.197272408237412e-5
0.248,0.0003404272476692379,-4.315720494774762e-5
0.249,0.00034449328614628426,-4.435370245392552e-5
0.25,0.0003485907836791135,-4.556214354923487e-5
0.251,0.00035271989332615614,-4.678245215834447e-5
0.252,0.0003568807694338007,-4.8014549158465526e-5
0.253,0.00036107356764224983,-4.925835235536905e-5
0.254,0.00036529844489102377,-5.051377645921685e-5
0.255,0.0003695555594241061,-5.178073306020312e-5
0.256,0.000373845070794729,-5.305913060400366e-5
0.257,0.0003781671398697925,-5.434887436702979e-5
0.258,0.00038252192883391514,-5.5649866431484e-5
0.259,0.0003869096011931106,-5.6962005660214675e-5
0.26,0.00039133032177808693,-5.8285187671366954e-5
0.261,0.00039578425674716405,-5.961930481282707e-5
0.262,0.00040027157358880477,-6.096424613645755e-5
0.263,0.00040479244112375597,-6.231989737212051e-5
0.264,0.00040934702950679437,-6.368614090148659e-5
0.265,0.00041393551022807397,-6.506285573162706e-5
0.266,0.00041855805611406915,-6.644991746838643e-5
0.267,0.00042321484132811036,-6.784719828953344e-5
0.268,0.000427906041370507,-6.925456691768777e-5
0.269,0.0004326318330782533,-7.067188859302056e-5
0.27,0.00043739239462431244,-7.209902504572606e-5
0.271,0.00044218790551647444,-7.353583446826267e-5
0.272,0.0004470185465957825,-7.498217148736087e-5
0.273,0.0004518845000345244,-7.643788713579629e-5
0.274,0.0004567859493337821,-7.790282882392574e-5
0.275,0.00046172307932053667,-7.937684031098428e-5
0.276,0.0004666960761443224,-8.085976167614158e-5
0.277,0.0004717051272734255,-8.235142928931553e-5
0.278,0.0004767504214906223,-8.385167578174161e-5
0.279,0.0004818321488884518,-8.536033001629609e-5
0.28,0.00048695050086401773,-8.687721705757169e-5
0.281,0.0004921056701133143,-8.840215814170383e-5
0.282,0.0004972978506250711,-8.993497064594636e-5
0.283,0.0005025272376741112,-9.147546805799491e-5
0.284,0.0005077940278142177,-9.302345994505697e-5
0.285,0.0005130984188705019,-9.457875192266701e-5
0.286,0.00051844060993127,-9.614114562324565e-5
0.287,0.0005238208013393802,-9.771043866440173e-5
0.288,0.0005292391946830861,-9.928642461697607e-5
0.289,0.0005346959927863599,-0.00010086889297282605
0.29,0.0005401913996986909,-0.00010245762911235005
0.291,0.0005457256206843513,-0.0001040524142717508
0.292,0.0005512988622111257,-0.0001056530255100371
0.293,0.0005569113319384962,-0.00010725923567576288
0.294,0.0005625632387052794,-0.0001088708133735033
0.295,0.0005682547925167064,-0.00011048752293006705
0.296,0.0005739862045309425,-0.00011210912436044469
0.297,0.0005797576870450379,-0.0001137353733334924
0.298,0.0005855694534803044,-0.00011536602113735092
0.299,0.0005914217183671119,-0.0001170008146445995
0.3,0.0005973146973290969,-0.0001186394962771447
0.301,0.0006032486070667776,-0.000120281803970844
0.302,0.0006092236653405691,-0.00012192747113986414
0.303,0.0006152400909531908,-0.00012357622664077464
0.304,0.0006212981037314601,-0.00012522779473637624
0.305,0.0006273979245074662,-0.00012688189505926506
0.306,0.0006335397750991147,-0.00012853824257513246
0.307,0.0006397238782900395,-0.0001301965475458014
0.308,0.0006459504578088711,-0.0001318565154919997
0.309,0.0006522197383078572,-0.00013351784715587094
0.31,0.0006585319453408272,-0.00013518023846322387
0.311,0.0006648873053404917,-0.00013684338048552093
0.312,0.0006712860455950733,-0.00013850695940160728
0.313,0.0006777283942242575,-0.00014017065645918102
0.314,0.0006842145801544577,-0.000141834147936006
0.315,0.0006907448330933878,-0.00014349710510086852
0.316,0.0006973193835039315,-0.00014515919417427907
0.317,0.0007039384625773045,-0.00014682007628892102
0.318,0.0007106023022054979,-0.00014847940744984752
0.319,0.0007173111349529977,-0.00015013683849442834
0.32,0.0007240651940277703,-0.00015179201505204892
0.321,0.0007308647132515073,-0.00015344457750356282
0.322,0.0007377099270291207,-0.0001550941609405005
0.323,0.0007446010703174793,-0.00015674039512403583
0.324,0.0007515383785933799,-0.00015838290444371314
0.325,0.0007585220878207434,-0.00016002130787593708
0.326,0.0007655524344170268,-0.00016165521894222784
0.327,0.0007726296552188442,-0.00016328424566724423
0.328,0.0007797539874467855,-0.00016490799053657773
0.329,0.0007869256686694267,-0.00016652605045432026
0.33,0.0007941449367665211,-0.00016813801670040858
0.331,0.0008014120298913618,-0.00016974347488774897
0.332,0.0008087271864323087,-0.00017134200491912495
0.333,0.0008160906449734691,-0.0001729331809438918
0.334,0.0008235026442545218,-0.00017451657131446153
0.335,0.0008309634231296781,-0.000176091738542582
0.336,0.000838473220525767,-0.00017765823925541374
0.337,0.0008460322753994378,-0.00017921562415140914
0.338,0.0008536408266934677,-0.00018076343795599755
0.339,0.000861299113292168,-0.00018230121937708096
0.34,0.0008690073739758754,-0.0001838285010603447
0.341,0.0008767658473745211,-0.00018534480954438782
0.342,0.0008845747719202664,-0.00018684966521567752
0.343,0.0008924343857991957,-0.00018834258226333337
0.344,0.000900344926902055,-0.00018982306863374567
0.345,0.0009083066327740275,-0.00019129062598503358
0.346,0.0009163197405635346,-0.0001927447496413484
0.347,0.0009243844869700521,-0.0001941849285470277
0.348,0.0009325011081909313,-0.0001956106452206057
0.349,0.0009406698398672147,-0.00019702137570868643
0.35,0.0009488909170284337,-0.0001984165895396852
0.351,0.0009571645740363802,-0.00019979574967744513
0.352,0.0009654910445278382,-0.0002011583124747351
0.353,0.0009738705613562675,-0.00020250372762663544
0.354,0.000982303356532425,-0.00020383143812381882
0.355,0.0009907896611639157,-0.00020514088020573298
0.356,0.0009993297053936588,-0.0002064314833136926
0.357,0.0010079237183372607,-0.00020770267004388774
0.358,0.0010165719280192814,-0.0002089538561003166
0.359,0.0010252745613083824,-0.00021018445024765037
0.36,0.0010340318438513466,-0.00021139385426403802
0.361,0.0010428440000059555,-0.00021258146289385963
0.362,0.0010517112527727154,-0.00021374666380043642
0.363,0.0010606338237254165,-0.00021488883751870624
0.364,0.001069611932940517,-0.00021600735740787345
0.365,0.0010786457989253367,-0.0002171015896040423
0.366,0.0010877356385450509,-0.00021817089297284303
0.367,0.0010968816669484683,-0.0002192146190620603
0.368,0.001106084097492587,-0.00022023211205427374
0.369,0.0011153431416659068,-0.00022122270871952093
0.37,0.0011246590090104969,-0.0002221857383679922
0.371,0.001134031907042794,-0.00022312052280276898
0.372,0.001143462041173129,-0.00022402637627261522
0.373,0.0011529496146239619,-0.00022490260542483388
0.374,0.0011624948283468167,-0.000225748509258199
0.375,0.0011720978809378997,-0.00022656337907597514
0.376,0.0011817589685523917,-0.00022734649843903615
0.377,0.0011914782848173986,-0.00022809714311909478
0.378,0.001201256020743548,-0.00022881458105205574
0.379,0.0012110923646352185,-0.00022949807229150494
0.38,0.0012209875019993889,-0.00023014686896234712
0.381,0.0012309416154530923,-0.0002307602152146056
0.382,0.0012409548846294641,-0.0002313373471773972
0.383,0.0012510274860823682,-0.0002318774929130961
0.384,0.0012611595931895884,-0.00023237987237170046
0.385,0.0012713513760545718,-0.00023284369734541627
0.386,0.001281603001406711,-0.00023326817142347276
0.387,0.001291914632500149,-0.00023365248994718454
0.388,0.001302286429011095,-0.00023399583996527504
0.389,0.0013127185469336373,-0.00023429740018947751
0.39,0.0013232111384740373,-0.0002345563409504286
0.391,0.0013337643519434924,-0.00023477182415387123
0.392,0.0013443783316493538,-0.00023494300323718262
0.393,0.0013550532177847828,-0.00023506902312624495
0.394,0.001365789146316834,-0.00023514902019267485
0.395,0.0013765862488729502,-0.00023518212221143012
0.396,0.0013874446526258534,-0.0002351674483188104
0.397,0.0013983644801768198,-0.00023510410897087107
0.398,0.0014093458494373226,-0.00023499120590226774
0.399,0.0014203888735090286,-0.00023482783208555097
0.4,0.0014314936605621354,-0.00023461307169093
0.401,0.0014426603137120313,-0.0002343460000465252
0.402,0.0014538889308942679,-0.00023402568359912916
0.403,0.0014651796047378276,-0.00023365117987549666
0.404,0.0014765324224366705,-0.0002332215374441843
0.405,0.0014879474656195508,-0.00023273579587796076
0.406,0.0014994248102180826,-0.0002321929857168094
0.407,0.001510964526333043,-0.00023159212843154483
0.408,0.001522566678098898,-0.00023093223638806577
0.409,0.0015342313235465355,-0.000230212312812267
0.41,0.0015459585144641914,-0.0002294313517556335
0.411,0.0015577482962565524,-0.00022858833806154005
0.412,0.0015696007078020236,-0.00022768224733228073
0.413,0.001581515781308142,-0.0002267120458968522
0.414,0.001593493542165127,-0.0002256766907795158
0.415,0.0016055340087975443,-0.00022457512966916397
0.416,0.0016176371925140799,-0.00022340630088951623
0.417,0.0016298030973553974,-0.00022216913337017125
0.418,0.001642031719940073,-0.0002208625466185415
0.419,0.001654323049308588,-0.00021948545069269768
0.42,0.0016666770667653683,-0.0002180367461751505
0.421,0.0016790937457188506,-0.00021651532414759765
0.422,0.0016915730515195662,-0.00021492006616666488
0.423,0.0017041149412962246,-0.00021324984424066988
0.424,0.0017167193637897835,-0.0002115035208074388
0.425,0.0017293862591854878,-0.00020967994871320524
0.426,0.0017421155589428688,-0.00020777797119262236
0.427,0.0017549071856236824,-0.00020579642184991915
0.428,0.001767761052717777,-0.00020373412464123254
0.429,0.001780677064466874,-0.00020158989385814756
0.43,0.0017936551156862456,-0.0001993625341124778
0.431,0.001806695091584281,-0.0001970508403223202
0.432,0.001819796867579919,-0.0001946535976994171
0.433,0.0018329603091179394,-0.0001921695817378603
0.434,0.001846185271482095,-0.00018959755820417245
0.435,0.0018594715996060737,-0.00018693628312880018
0.436,0.0018728191278822727,-0.00018418450279905635
0.437,0.0018862276799683742,-0.00018134095375354692
0.438,0.0018996970685917097,-0.00017840436277812065
0.439,0.0019132270953513943,-0.00017537344690337882
0.44,0.0019268175505182232,-0.0001722469134037838
0.441,0.0019404682128323144,-0.00016902345979840546
0.442,0.001954178849298483,-0.00016570177385334537
0.443,0.0019679492149793395,-0.0001622805335858788
0.444,0.00198177905278609,-0.00015875840727035568
0.445,0.001995668093267037,-0.00015513405344590267
0.446,0.002009616054393756,-0.0001514061209259677
0.447,0.0020236226413449464,-0.00014757324880975095
0.448,0.0020376875462879375,-0.00014363406649556542
0.449,0.002051810448157839,-0.00013958719369617167
0.45,0.0020659910124343245,-0.00013543124045613153
0.451,0.0020802288909160397,-0.00013116480717122712
0.452,0.0020945237214926144,-0.0001267864846099909
0.453,0.002108875127914278,-0.0001222948539373948
0.454,0.00212328271955906,-0.0001176884867407455
0.455,0.002137746091197567,-0.00011296594505783535
0.456,0.002152264822755326,-0.00010812578140739783
0.457,0.0021668384790726834,-0.00010316653882191793
0.458,0.002181466609662246,-9.808675088284844e-5
0.459,0.0021961487484638614,-9.288494175828378e-5
0.46,0.002210884413597121,-8.7559626243144e-5
0.461,0.002225673107111382,-8.210930980192227e-5
0.462,0.0022405143147332897,-7.653248861404983e-5
0.463,0.002255407505611807,-7.082764962193359e-5
0.464,0.0022703521320607276,-6.499327058172202e-5
0.465,0.002285347629298672,-5.9027820116855865e-5
0.466,0.0023003934151865557,-5.2929757774461365e-5
0.467,0.0023154888899625287,-4.6697534084644095e-5
0.468,0.0023306334359743663,-4.032959062274268e-5
0.469,0.0023458264174093177,-3.382436007460256e-5
0.47,0.0023610671800213985,-2.718026630493051e-5
0.471,0.0023763550508561207,-2.0395724428792104e-5
0.472,0.002391689337972659,-1.3469140886314594e-5
0.473,0.002407069330163447,-6.398913520659092e-6
0.474,0.0024224942966711896,8.165683406733807e-7
0.475,0.002437963486903305,8.178923801136403e-6
0.476,0.0024534761301437734,1.5689780306966653e-5
0.477,0.0024690314352624008,2.3350773555478907e-5
0.478,0.0024846285904214925,3.116354739975904e-5
0.479,0.0025002667627799288,3.912975374968553e-5
0.48,0.0025159450981946485,4.7251052469208996e-5
0.481,0.0025316627209195307,5.5529111269818185e-5
0.482,0.00254741873330168,6.396560560011997e-5
0.483,0.002563212215475112,7.25622185314596e-5
0.484,0.0025790422250518397,8.132064063950674e-5
0.485,0.0025949077968103556,9.024256988173139e-5
0.486,0.0026108079423815263,9.932971147069293e-5
0.487,0.002626741649931879,0.00010858377774306446
0.488,0.0026427078838443035,0.00011800648802431324
0.489,0.0026587055843961586,0.00012759956848895713
0.49,0.0026747336674347896,0.00013736475201631585
0.491,0.0026907910240504688,0.00014730377804167435
0.492,0.0027068765202467497,0.00015741839240277487
0.493,0.0027229889966082573,0.0001677103471815526
0.494,0.0027391272679659026,0.00017818140054102943
0.495,0.0027552901230595466,0.00018883331655727772
0.496,0.0027714763241981064,0.00019966786504636632
0.497,0.0027876846069171206,0.0002106868213861989
0.498,0.002803913679633784,0.00022189196633315322
0.499,0.0028201622232994516,0.0002332850858334295
0.5,0.002836428891049637,0.0002448679708290141
0.501,0.0028527123078515076,0.0002566424170581635
0.502,0.0028690110701488896,0.0002686102248503125
0.503,0.0028853237455048015,0.0002807731989153086
0.504,0.0029016488722415257,0.0002931331481268742
0.505,0.0029179849590782367,0.00030569188530019564
0.506,0.0029343304847661987,0.00031845122696353746
0.507,0.002950683897721555,0.0003314129931237789
0.508,0.0029670436156557217,0.0003445790070257671
0.509,0.002983408025203411,0.0003579510949053818
0.51,0.002999775481548298,0.0003715310857362035
0.511,0.0030161443080463594,0.0003853208109696752
0.512,0.0030325127958469003,0.00039932210426864794
0.513,0.003048879203511297,0.00041353680123419736
0.514,0.003065241756629478,0.0004279667391255972
0.515,0.003081598647434174,0.0004426137565733344
0.516,0.003097948034412955,0.0004574796932850488
0.517,0.0031142880419180907,0.00047256638974427814
0.518,0.0031306167597742658,0.0004878756869018883
0.519,0.00314693224288417,0.0005034094258600663
0.52,0.003163232510832007,0.0005191694475487518
0.521,0.0031795155474849492,0.0005351575923943822
0.522,0.0031957793005925753,0.0005513756999808225
0.523,0.0032120216813843285,0.0005678256087023519
0.524,0.0032282405641650314,0.0005845091554085746
0.525,0.0032444337859084947,0.0006014281750411229
0.526,0.0032605991458492696,0.0006185845002620166
0.527,0.0032767344050725748,0.000635979961073542
0.528,0.003292837286102449,0.000653616384429511
0.529,0.0033089054724881775,0.0006714955938377612
0.53,0.0033249366083890316,0.0006896194089537506
0.531,0.0033409282981573746,0.0007079896451651053
0.532,0.0033568781059201917,0.0007266081131669699
0.533,0.0033727835551590826,0.0007454766185280137
0.534,0.003388642128288784,0.000764596961246938
0.535,0.003404451266234272,0.0007839709352993343
0.536,0.0034202083680065056,0.0008036003281747339
0.537,0.00343591079027687,0.000823486920403692
0.538,0.003451555846950381,0.0008436324850747447
0.539,0.0034671408087377227,0.0008640387873410769
0.54,0.0034826629027261717,0.0008847075839167333
0.541,0.003498119311949491,0.0009056406225622051
0.542,0.0035135071749568553,0.0009268396415592224
0.543,0.0035288235853808865,0.000948306369174577
0.544,0.0035440655915048693,0.0009700425231128012
0.545,0.003559230195829232,0.0009920498099575221
0.546,0.003574314354637373,0.0010143299246013115
0.547,0.003589314977560906,0.0010368845496638445
0.548,0.003604228927144426,0.0010597153548981822
0.549,0.003619053018409872,0.001082823996584986
0.55,0.0036337840184205846,0.0011062121169144715
0.551,0.00364841864584515,0.0011298813433559035
0.552,0.0036629535705211304,0.0011538332880144367
0.553,0.0036773854130187768,0.0011780695469750934
0.554,0.003691710744204834,0.001202591699633678
0.555,0.003705926084806538,0.0012274013080144142
0.556,0.003720027904975921,0.0012524999160740962
0.557,0.0037340126238545345,0.0012778890489925322
0.558,0.0037478766091387063,0.0013035702124490672
0.559,0.003761616176645458,0.001329544891884955
0.56,0.003775227589879196,0.0013558145517513552
0.561,0.0037887070595993195,0.0013823806347427249
0.562,0.0038020507433888582,0.0014092445610153668
0.563,0.0038152547452242943,0.0014364077273908982
0.564,0.0038283151150466962,0.0014638715065443944
0.565,0.0038412278483343125,0.001491637246176962
0.566,0.0038539888856767754,0.0015197062681724873
0.567,0.0038665941123510656,0.0015480798677383065
0.568,0.0038790393578993984,0.0015767593125295366
0.569,0.0038913203957091887,0.0016057458417567982
0.57,0.003903432942595272,0.0016350406652770658
0.571,0.0039153726583845425,0.0016646449626673669
0.572,0.003927135145503197,0.001694559882281051
0.573,0.003938715948566766,0.0017247865402863444
0.574,0.003950110553973107,0.0017553260196868994
0.575,0.0039613143894985875,0.0017861793693240444
0.576,0.003972322823897621,0.001817347602860432
0.577,0.0039831311665057935,0.0018488316977447795
0.578,0.003993734666846777,0.001880632594157391
0.579,0.004004128514243258,0.0019127511939361409
0.58,0.004014307837432113,0.0019451883594825956
0.581,0.004024267704184049,0.001977944912647943
0.582,0.004034003120927978,0.0020110216335983964
0.583,0.004043509032380349,0.0020444192596597213
0.584,0.004052780321179713,0.002078138484140548
0.585,0.004061811807526779,0.0021121799551341034
0.586,0.004070598248830246,0.002146544274298
0.587,0.00407913433935868,0.00218123199561172
0.588,0.00408741470989874,0.0022162436241114046
0.589,0.004095433927420056,0.002251579614601574
0.59,0.004103186494747065,0.0022872403703433786
0.591,0.004110666850238141,0.0023232262417189832
0.592,0.0041178693674723274,0.0023595375248716753
0.593,0.004124788354944049,0.0023961744603212833
0.594,0.004131418055766139,0.002433137231554472
0.595,0.004137752647381555,0.002470425963589494
0.596,0.004143786241284164,0.0025080407215149385
0.597,0.004149512882748991,0.0025459815090020446
0.598,0.004154926550572347,0.0025842482667901004
0.599,0.004160021156822239,0.0026228408711444695
0.6,0.0041647905465995155,0.002661759132286765
0.601,0.004169228497810193,0.0027010027927966756
0.602,0.0041733287209494265,0.0027405715259849477
0.603,0.004177084858897615,0.0027804649342370188
0.604,0.004180490486729134,0.0028206825473267713
0.605,0.004183539111534225,0.0028612238206998917
0.606,0.004186224172254558,0.0029020881337262767
0.607,0.004188539039533057,0.002943274787920951
0.608,0.00419047701557852,0.0029847830051329205
0.609,0.004192031334045676,0.0030266119257013916
0.61,0.004193195159931262,0.0030687606065787757
0.611,0.004193961589486783,0.003111228019419867
0.612,0.0041943236501486075,0.0031540130486366006
0.613,0.004194274300486099,0.0031971144894177546
0.614,0.004193806430168486,0.0032405310457129717
0.615,0.004192912859951224,0.0032842613281804482
0.616,0.004191586341682607,0.0033283038520976354
0.617,0.0041898195583314445,0.003372657035234274
0.618,0.004187605124036613,0.00341731919568709
0.619,0.004184935584179352,0.003462288549675438
0.62,0.004181803415479205,0.003507563209297196
0.621,0.004178201026114511,0.0035531411802441765
0.622,0.004174120755868436,0.003599020359476328
0.623,0.004169554876301521,0.003645198532853964
0.624,0.004164495590951799,0.003691673372727266
0.625,0.00415893503556356,0.003738442435482282
0.626,0.004152865278345872,0.0037855031590426276
0.627,0.004146278320262041,0.0038328528603260898
0.628,0.004139166095351202,0.0038804887326553163
0.629,0.004131520471083323,0.0039284078431217635
0.63,0.004123333248748898,0.0039766071299020605
0.631,0.0041145961638847164,0.004025083399525937
0.632,0.004105300886737115,0.004073833324094849
0.633,0.00409543902276417,0.004122853438450424
0.634,0.004085002113178371,0.004172140137291841
0.635,0.004073981635531363,0.004221689672241238
0.636,0.004062369004342407,0.004271498148856256
0.637,0.004050155571772282,0.004321561523588762
0.638,0.004037332628344405,0.004371875600688879
0.639,0.004023891403715051,0.0044224360290533275
0.64,0.004009823067494586,0.004473238299017179
0.641,0.003995118730121739,0.0045242777390880435
0.642,0.003979769443792997,0.004575549512621755
0.643,0.00396376620344932,0.004627048614438575
0.644,0.003947099947822415,0.004678769867378968
0.645,0.003929761560542953,0.004730707918797981
0.646,0.003911741871313165,0.004782857236997249
0.647,0.00389303165714638,0.004835212107593687
0.648,0.0038736216436761573,0.004887766629823887
0.649,0.0038535025065377674,0.004940514712783288
0.65,0.003832664872824912,0.004993450071599158
0.651,0.003811099322624661,0.0050465662235364556
0.652,0.0037887963906337177,0.0050998564840356655
0.653,0.003765746567859255,0.005153313962681683
0.654,0.0037419403034076805,0.005206931559102868
0.655,0.003717368006364833,0.005260701958799411
0.656,0.0036920200477712547,0.005314617628900168
0.657,0.0036658867626963177,0.0053686708138471545
0.658,0.0036389584524151464,0.005422853531006934
0.659,0.0036112253866924264,0.005477157566208151
0.66,0.0035826778061773556,0.005531574469204543
0.661,0.003553305924914159,0.005586095549062759
0.662,0.0035230999329727607,0.005640711869474423
0.663,0.003492049999204398,0.005695414243991903
0.664,0.0034601462741271315,0.005750193231187336
0.665,0.0034273788929464048,0.0058050391297345075
0.666,0.003393737978716022,0.005859941973413302
0.667,0.003359213645645087,0.0059148915260365045
0.668,0.0033237960025566857,0.0059698772762988295
0.669,0.003287475156504302,0.0060248884325481864
0.67,0.003250241216552183,0.006079913917479272
0.671,0.003212084297726109,0.006134942362749748
0.672,0.0031729945251412544,0.0061899621035193635
0.673,0.0031329620383140824,0.006244961172912555
0.674,0.003091976995665463,0.0062999272964052175
0.675,0.0030500295792224687,0.006354847886136504
0.676,0.003007109999526571,0.006409710035146718
0.677,0.0029632085007562313,0.006464500511542558
0.678,0.002918315366072171,0.006519205752591196
0.679,0.002872420923193877,0.0065738118587449195
0.68,0.002825515550216216,0.006628304587598309
0.681,0.002777589681675312,0.006682669347780211
0.682,0.0027286338148731614,0.006736891192783058
0.683,0.0026786385164707625,0.0067909548147324
0.684,0.002627594429359868,0.006844844538099869
0.685,0.0025754922798237735,0.006898544313363127
0.686,0.0025223228849979014,0.006952037710616784
0.687,0.0024680771606412515,0.007005307913138648
0.688,0.0024127461292301386,0.007058337710916135
0.689,0.002356320928385964,0.0071111094941381245
0.69,0.0022987928196491086,0.00716360524665808
0.691,0.0022401531976113742,0.007215806539434739
0.692,0.00218039359941973,0.0072676945239573115
0.693,0.0021195057146644676,0.007319249925662674
0.694,0.0020574813956651906,0.007370453037352739
0.695,0.001994312668168399,0.0074212837126208225
0.696,0.0019299917424707397,0.007471721359296598
0.697,0.0018645110249823275,0.007521744932919961
0.698,0.0017978631302448225,0.007571332930254953
0.699,0.0017300408934192552,0.007620463382855776
0.7,0.0016610373832588658,0.007669113850697799
0.701,0.0015908459155824842,0.00771726141588745
0.702,0.001519460067264214,0.007764882676465893
0.703,0.0014468736907554108,0.007811953740322448
0.704,0.0013730809291551318,0.007858450219234864
0.705,0.0012980762318453984,0.007904347223054699
0.706,0.001221854370707747,0.007949619354057351
0.707,0.001144410456937633,0.007994240701477561
0.708,0.0010657399584733085,0.008038184836252606
0.709,0.0009858387180557984,0.008081424805996799
0.71,0.0009047029719365534,0.008123933130232488
0.711,0.000822329369249263,0.008165681795904241
0.712,0.0007387149920621362,0.008206642253204622
0.713,0.0006538573761267385,0.008246785411741632
0.714,0.000567754532339154,0.008286081637079704
0.715,0.0004804049689288608,0.00832450074768801
0.716,0.00039180771439022204,0.00836201201233176
0.717,0.0003019623411709235,0.00839858414794416
0.718,0.00021086899013100164,0.008434185318018882
0.719,0.00011852839578531232,0.008468783131564912
0.72,2.4941912341368134e-5,0.008502344642667973
0.721,-6.988845945658163e-5,0.008534836350705002
0.722,-0.00016596004466755247,0.00856622420126049
0.723,-0.00026326946566958417,0.008596473587795935
0.724,-0.00036181261284445274,0.00862554935412619
0.725,-0.00046158461442622536,0.008653415797758955
0.726,-0.0005625798055104323,0.00868003667415633
0.727,-0.0006647916962227175,0.008705375201979927
0.728,-0.0007682129390481296,0.008729394069383781
0.729,-0.0008728352953247452,0.00875205544142191
0.73,-0.0009786496009080853,0.008773320968640176
0.731,-0.0010856457310158137,0.008793151796924826
0.732,-0.0011938125642654979,0.008811508578682719
0.733,-0.0013031379459217953,0.008828351485431093
0.734,-0.0014136086503733001,0.008843640221877258
0.735,-0.0015252103428634776,0.008857334041571331
0.736,-0.0016379275405046189,0.008869391764217582
0.737,-0.0017517435726086134,0.008879771794732472
0.738,-0.0018666405403735258,0.008888432144139783
0.739,-0.0019825992759705505,0.008895330452395425
0.74,-0.002099599301081848,0.008900424013236539
0.741,-0.0022176187849461135,0.008903669801151358
0.742,-0.002336634501975452,0.00890502450056785
0.743,-0.0024566217890142727,0.008904444537360546
0.744,-0.0025775545023184665,0.008901886112775917
0.745,-0.0026994049743410873,0.00889730523987744
0.746,-0.002822143970419147,0.008890657782611703
0.747,-0.002945740645464933,0.008881899497596796
0.748,-0.0030701625007744596,0.008870986078733689
0.749,-0.0031953753410753055,0.008857873204740027
0.75,-0.0033213432319460843,0.008842516589704181
0.751,-0.0034480284577502068,0.008824872036754944
0.752,-0.003575391480237351,0.00880489549493925
0.753,-0.003703390897977143,0.008782543119396479
0.754,-0.0038319834068009694,0.00875777133491327
0.755,-0.003961123761439495,0.008730536902937281
0.756,-0.004090764738555386,0.008700796992121895
0.757,-0.004220857101382781,0.008668509252466403
0.758,-0.0043513495661972835,0.00863363189310771
0.759,-0.004482188770852475,0.008596123763809927
0.76,-0.004613319245631194,0.008555944440187419
0.761,-0.00474468338667194,0.008513054312684726
0.762,-0.004876221432242717,0.008467414679323451
0.763,-0.00500787144214625,0.008418987842211319
0.764,-0.005139569280551741,0.008367737207792585
0.765,-0.005271248602559052,0.008313627390801201
0.766,-0.005402840844811227,0.008256624321859099
0.767,-0.005534275220480517,0.008196695358641308
0.768,-0.005665478718961362,0.00813380940050743
0.769,-0.005796376110610971,0.008067937006475305
0.77,-0.0059268899568840246,0.0079990505163875
0.771,-0.0060569406262124875,0.007927124175094447
0.772,-0.006186446315984295,0.007852134259449927
0.773,-0.006315323080975643,0.007774059207884948
0.774,-0.006443484868590542,0.007692879752295123
0.775,-0.006570843561257989,0.00760857905194448
0.776,-0.006697309026331351,0.0075211428290553415
0.777,-0.006822789173826208,0.007430559505719627
0.778,-0.006947190022321631,0.00733682034173187
0.779,-0.007070415773335681,0.007239919572908543
0.78,-0.007192368894468383,0.007139854549422232
0.781,-0.007312950211584614,0.007036625873642958
0.782,-0.007432059010284889,0.0069302375369429126
0.783,-0.007549593146883933,0.006820697054885213
0.784,-0.007665449169084981,0.006708015600182485
0.785,-0.007779522446501897,0.006592208132777346
0.786,-0.00789170731114141,0.006473293526364719
0.787,-0.008001897207913894,0.006351294690645677
0.788,-0.008109984855193306,0.006226238688574659
0.789,-0.008215862415395162,0.006098156847836888
0.79,-0.00831942167548574,0.005967084865771042
0.791,-0.008420554237276438,0.00583306290693431
0.792,-0.008519151717294353,0.005696135692493155
0.793,-0.008615105955954128,0.005556352580614151
0.794,-0.008708309235687063,0.0054137676370254
0.795,-0.008798654507612056,0.005268439694920858
0.796,-0.008886035626259189,0.005120432403387842
0.797,-0.008970347591781638,0.00496981426355236
0.798,-0.00905148679901525,0.004816658651658189
0.799,-0.00912935129266846,0.004661043828324098
0.8,-0.00920384102784876,0.0045030529332595074
0.801,-0.009274858135056538,0.0043427739647624785
0.802,-0.009342307188703368,0.0041802997433752955
0.803,-0.00940609547814079,0.004015727859132152
0.804,-0.00946613328011793,0.0038491606019005176
0.805,-0.009522334131522961,0.003680704874392517
0.806,-0.009574615101205242,0.0035104720875049193
0.807,-0.009622897059622871,0.0033385780377357087
0.808,-0.009667104945015197,0.003165142766521343
0.809,-0.00970716802476249,0.0029902904014410744
0.81,-0.009743020150566151,0.0028141489793425426
0.811,-0.009774600006063451,0.0026368502515554124
0.812,-0.00980185134548126,0.0024585294714763446
0.813,-0.009824723221934574,0.0022793251649280114
0.814,-0.009843170203987867,0.002099378883816253
0.815,-0.009857152579121278,0.001918834943731605
0.816,-0.009866636542779226,0.0017378401462631848
0.817,-0.00987159437172675,0.0015565434869130523
0.818,-0.009872004580498436,0.0013750958496163454
0.819,-0.009867852059796189,0.0011936496889855023
0.82,-0.009859128195774983,0.001012358701504367
0.821,-0.009845830969249783,0.0008313774869986786
0.822,-0.009827965033961153,0.0006508612018021335
0.823,-0.009805541773151275,0.0004709652051206818
0.824,-0.009778579333825019,0.00029184470017088994
0.825,-0.009747102638201367,0.00011365437173004581
0.826,-0.009711143371997865,-6.34519782146746e-5
0.827,-0.009670739949333344,-0.00023932179499399432
0.828,-0.009625937454180824,-0.00041380413421420945
0.829,-0.009576787558451602,-0.0005867500213886408
0.83,-0.009523348416941696,-0.0007580128064920408
0.831,-0.009465684539521495,-0.0009274485117068581
0.832,-0.009403866641097096,-0.0010949161706643572
0.833,-0.00933797147001579,-0.0012602781575318054
0.834,-0.009268081615727227,-0.001423400504358843
0.835,-0.009194285296644204,-0.0015841532051711514
0.836,-0.00911667612927165,-0.001742410505386848
0.837,-0.009035352879787876,-0.0018980511752297582
0.838,-0.008950419199367404,-0.002050958765922777
0.839,-0.008861983344628585,-0.0022010218475627657
0.84,-0.008770157884671174,-0.00234813422770452
0.841,-0.008675059396237946,-0.0024921951498139737
0.842,-0.008576808148590173,-0.002633109470888473
0.843,-0.008475527779728776,-0.0027707878176832642
0.844,-0.008371344965620984,-0.0029051467211267438
0.845,-0.008264389084106672,-0.003036108728651064
0.846,-0.008154791875158909,-0.00316360249430791
0.847,-0.008042687099160464,-0.0032875628466802515
0.848,-0.007928210194832117,-0.0034079308347382915
0.849,-0.007811497938410596,-0.003524653751920388
0.85,-0.007692688105624277,-0.0036376851388463267
0.851,-0.007571919137954528,-0.003746984765189837
0.852,-0.0074493298146005105,-0.003852518591348801
0.853,-0.007325058931486618,-0.003954258710654413
0.854,-0.007199244988565422,-0.004052183272953902
0.855,-0.007072025886576332,-0.00414627639048486
0.856,-0.0069435386343221625,-0.0042365280270323475
0.857,-0.006813919067423758,-0.00432293387142246
0.858,-0.006683301579407784,-0.004405495196457957
0.859,-0.006551818865875926,-0.004484218704442793
0.86,-0.006419601682396234,-0.004559116360473125
0.861,-0.006286778616650048,-0.0046302052146928755
0.862,-0.006153475875262014,-0.0046975072147225835
0.863,-0.006019817085636967,-0.0047610490094713975
0.864,-0.0058859231130266735,-0.004820861745534391
0.865,-0.0057519118929525185,-0.004876980857361287
0.866,-0.005617898279017624,-0.004929445852358956
0.867,-0.005483993906054286,-0.004978300092059315
0.868,-0.0053503070684704866,-0.0050235905704472525
0.869,-0.005216942613582855,-0.0050653676905006405
0.87,-0.005084001849653197,-0.00510368503994712
0.871,-0.004951582468281739,-0.0051385991671909145
0.872,-0.004819778480752672,-0.005170169358308126
0.873,-0.00468868016787648,-0.005198457415951541
0.874,-0.004558374042828825,-0.005223527440946566
0.875,-0.0044289428264474495,-0.0052454456172991645
0.876,-0.004300465434416365,-0.005264280001275244
0.877,-0.004173016975740411,-0.005280100315149322
0.878,-0.004046668761892862,-0.005292977746159034
0.879,-0.003921488326003745,-0.005302984751141673
0.88,-0.0037975394514467376,-0.005310194867269735
0.881,-0.003674882209177516,-0.005314682529244942
0.882,-0.003553573003175863,-0.005316522893254627
0.883,-0.0034336646233474777,-0.005315791667940969
0.884,-0.0033152063052487,-0.005312564952582724
0.885,-0.003198243796008082,-0.00530691908264077
0.886,-0.003082819425832436,-0.005298930482773381
0.887,-0.002968972184501301,-0.005288675527384522
0.888,-0.002856737802272432,-0.005276230408728873
0.889,-0.0027461488346414704,-0.005261671012560658
0.89,-0.002637234750421185,-0.0052450728012797725
0.891,-0.002530022022629197,-0.005226510704498036
0.892,-0.0024245342216976835,-0.005206059016920742
0.893,-0.0023207921105438713,-0.005183791303413825
0.894,-0.002218813741066011,-0.0051597803111049344
0.895,-0.0021186145516556413,-0.005134097888347328
0.896,-0.002020207465343187,-0.00510681491035874
0.897,-0.001923602988220047,-0.005078001211332972
0.898,-0.0018288093078061723,-0.0050477255228099805
0.899,-0.0017358323910575497,-0.005016055418080323
0.9,-0.0016446760817328814,-0.004983057262392058
0.901,-0.0015553421968629497,-0.0049487961687222
0.902,-0.0014678306220896106,-0.004913335958870741
0.903,-0.0013821394056639726,-0.00487673912963259
0.904,-0.0012982648509150222,-0.004839066823801783
0.905,-0.0012162016070207345,-0.0048003788057625
0.906,-0.0011359427579334732,-0.004760733441422898
0.907,-0.001057479909330248,-0.004720187682250297
0.908,-0.000980803273476141,-0.00467879705316975
0.909,-0.000905901751905898,-0.004636615644092338
0.91,-0.0008327630158443607,-0.00459369610484461
0.911,-0.0007613735843010425,-0.004550089643276275
0.912,-0.0006917188997877968,-0.004505846026329479
0.913,-0.0006237834016211598,-0.004461013583859681
0.914,-0.0005575505967826422,-0.004415639215005159
0.915,-0.0004930031283209864,-0.00436976839690954
0.916,-0.00043012284129026414,-0.004323445195609226
0.917,-0.0003688908462266692,-0.00427671227890535
0.918,-0.00030928758017502596,-0.004229610931047634
0.919,-0.00025129286528339996,-0.004182181069065366
0.92,-0.00019488596499082236,-0.004134461260588565
0.921,-0.00014004563783905197,-0.004086488743010144
0.922,-8.675018894454443e-5,-0.004038299443847626
0.923,-3.4977519171414254e-5,-0.0039899280021705365
0.924,1.5294827949796443e-5,-0.0039414077909670445
0.925,6.408962150925082e-5,-0.003892770940330717
0.926,0.00011142990065959346,-0.0038440483613553446
0.927,0.00015733893415862058,-0.003795269770632709
0.928,0.00020184018195704243,-0.003746463715254818
0.929,0.00024495725877388906,-0.0036976575982286233
0.93,0.0002867138996008345,-0.003648877704217434
0.931,0.0003271339270757796,-0.003600149225529232
0.932,0.00036624122066540853,-0.003551496288277833
0.933,0.0004040596875960908,-0.00350294197864832
0.934,0.00044061323547241253,-0.0034545083692034293
0.935,0.00047592574652276215,-0.003406216545172559
0.936,0.000510021053411744,-0.003358086630669824
0.937,0.0005429229165597216,-0.003310137814792093
0.938,0.0005746550029104889,-0.0032623883775522327
0.939,0.0006052408660889026,-0.0032148557156067956
0.94,0.00063470392789127,-0.0031675563677412482
0.941,0.0006630674610523596,-0.003120506040079399
0.942,0.0006903545732340618,-0.003073719630987097
0.943,0.0007165881921819715,-0.0030272112556434367
0.944,0.000741791051997472,-0.0029809942702556953
0.945,0.0007659856804742586,-0.0029350812958970187
0.946,0.0007891943874496496,-0.00288948424194848
0.947,0.0008114392541224647,-0.0028442143291295655
0.948,0.0008327421232907156,-0.0027992821121034174
0.949,0.0008531245904638288,-0.002754697501645252
0.95,0.0008726079958056073,-0.0027104697863643496
0.951,0.000891213416865624,-0.002666607653971794
0.952,0.0009089616620582236,-0.0026231192120878396
0.953,0.0009258732648497844,-0.002580012008584297
0.954,0.0009419684786163503,-0.0025372930514587755
0.955,0.0009572672721351878,-0.002494968828238899
0.956,0.0009717893256752398,-0.002453045324915823
0.957,0.0009855540276528505,-0.002411528044407459
0.958,0.0009985804718204987,-0.002370422024552815
0.959,0.0010108874549576226,-0.002329731855639753
0.96,0.001022493475033922,-0.0022894616974692915
0.961,0.001033416729816809,-0.0022496152959603144
0.962,0.0010436751158959079,-0.002210195999299203
0.963,0.0010532862280987266,-0.002171206773639517
0.964,0.0010622673592727832,-0.00213265021835736
0.965,0.001070635500410612,-0.0020945285808685447
0.966,0.001078407341095172,-0.002056843771014086
0.967,0.001085599270244243,-0.0020195973750208934
0.968,0.001092227377133423,-0.0019827906690448654
0.969,0.0010983074526783306,-0.0019464246323038406
0.97,0.0011038549909575673,-0.0019104999598080904
0.971,0.0011088851909589205,-0.0018750170746962265
0.972,0.0011134129585321647,-0.0018399761401845418
0.973,0.0011174529085326743,-0.0018053770711379316
0.974,0.0011210193671408715,-0.0017712195452706232
0.975,0.0011241263743433229,-0.001737503013985013
0.976,0.001126787686562041,-0.0017042267128569413
0.977,0.0011290167794192722,-0.0016713896717757562
0.978,0.0011308268506257395,-0.0016389907247475106
0.979,0.001132230822980965,-0.0016070285193696126
0.98,0.0011332413474749296,-0.0015755015259852124
0.981,0.0011338708064809284,-0.0015444080465255511
0.982,0.0011341313170300552,-0.0015137462230484277
0.983,0.0011340347341582961,-0.0014835140459808643
0.984,0.0011335926543177381,-0.0014537093620739512
0.985,0.001132816418843896,-0.0014243298820777596
0.986,0.0011317171174716355,-0.0013953731881440933
0.987,0.001130305591892623,-0.0013668367409647416
0.988,0.0011285924393476645,-0.0013387178866527615
0.989,0.001126588016247704,-0.0013110138633742037
0.99,0.0011243024418176408,-0.0012837218077375477
0.991,0.0011217456017574986,-0.0012568387609479847
0.992,0.0011189271519158254,-0.0012303616747335433
0.993,0.0011158565219705424,-0.0012042874170499086
0.994,0.0011125429191127722,-0.001178612777570642
0.995,0.00110899533172948,-0.001153334472969364
0.996,0.0011052225330810462,-0.0011284491520003079
0.997,0.0011012330849701553,-0.001103953400383515
0.998,0.0010970353413986464,-0.0010798437455007864
0.999,0.0010926374522092085,-0.001056116660908357
1.0,0.0010880473667090344,-0.0010327685706721192
1.001,0.0010832728372727658,-0.0010097958535310678
1.002,0.0010783214229222627,-0.0009871948468944956
1.003,0.001073200492880925,-0.0009649618506783307
1.004,0.001067917230100481,-0.0009430931309858521
1.005,0.001062478634758324,-0.0009215849236378928
1.006,0.0010568915277236442,-0.0009004334375574904
1.007,0.0010511625539907578,-0.0008796348580138157
1.008,0.0010452981860781766,-0.0008591853497300694
1.009,0.0010393047273921006,-0.0008390810598599099
1.01,0.0010331883155531424,-0.0008193181208368422
1.011,0.0010269549256852178,-0.0007998926531008702
1.012,0.00102061037366564,-0.0007808007677065914
1.013,0.0010141603193355765,-0.0007620385688167907
1.014,0.0010076102696701158,-0.0007436021560854661
1.015,0.0010009655819072905,-0.0007254876269341097
1.016,0.000994231466635493,-0.0007076910787249427
1.017,0.0009874129908387993,-0.0006902086108347007
1.018,0.000980515080899797,-0.0006730363266324494
1.019,0.0009735425255595855,-0.0006561703353648071
1.02,0.0009664999788346845,-0.0006396067539518471
1.021,0.0009593919628906489,-0.0006233417086968484
1.022,0.0009522228708722521,-0.0006073713369129682
1.023,0.0009449969696901494,-0.0005916917884698088
1.024,0.0009377184027639893,-0.0005762992272627639
1.025,0.0009303911927219874,-0.0005611898326079303
1.026,0.0009230192440570205,-0.0005463598005652906
1.027,0.0009156063457393443,-0.0005318053451927777
1.028,0.0009081561737860706,-0.0005175226997337565
1.029,0.0009006722937875844,-0.0005035081177403688
1.03,0.0008931581633911029,-0.0004897578741351133
1.031,0.0008856171347416223,-0.00047626826621295404
1.032,0.0008780524568805137,-0.00046303561458617523
1.033,0.0008704672781020653,-0.0004500562640741287
1.034,0.0008628646482682862,-0.0004373265845399493
1.035,0.0008552475210823116,-0.00042484297167624536
1.036,0.0008476187563207674,-0.000412601847741705
1.037,0.0008399811220254734,-0.0004005996622504946
1.038,0.0008323372966548769,-0.000388832892616264
1.039,0.0008246898711956268,-0.0003772980447525107
1.04,0.0008170413512347107,-0.0003659916536309997
1.041,0.0008093941589925886,-0.0003549102837998752
1.042,0.0008017506353177703,-0.00034405052986304855
1.043,0.0007941130416432912,-0.0003334090169223913
1.044,0.0007864835619055481,-0.00032298240098421093
1.045,0.0007788643044259701,-0.0003127673693314381
1.046,0.0007712573037559999,-0.00030276064086290285
1.047,0.0007636645224858673,-0.0002929589664010339
1.048,0.000756087853017647,-0.0002833591289692663
1.049,0.0007485291193030871,-0.0002739579440404005
1.05,0.0007409900785467076,-0.0002647522597571129
1.051,0.0007334724228746631,-0.0002557389571257765
1.052,0.0007259777809698688,-0.00024691495018471
1.053,0.0007185077196738904,-0.00023827718614793567
1.054,0.0007110637455560973,-0.0002298226455254883
1.055,0.0007036473064505793,-0.00022154834222128144
1.056,0.0006962597929613259,-0.00021345132360950234
1.057,0.0006889025399361681,-0.00020552867059047246
1.058,0.0006815768279099764,-0.00019777749762687856
1.059,0.0006742838845176146,-0.00019019495276124628
1.06,0.0006670248858771368,-0.0001827782176154988
1.061,0.000659800957943723,-0.00017552450737341236
1.062,0.0006526131778348355,-0.00016843107074675223
1.063,0.0006454625751270845,-0.00016149518992584496
1.064,0.0006383501331252794,-0.00015471418051531515
1.065,0.0006312767901041458,-0.00014808539145569002
1.066,0.0006242434405231783,-0.00014160620493154917
1.067,0.0006172509362150994,-0.00013527403626687235
1.068,0.0006103000875483882,-0.00012908633380821592
1.069,0.0006033916645643375,-0.0001230405787963239
1.07,0.0005965263980890962,-0.00011713428522675941
1.071,0.0005897049808211458,-0.0001113649997001198
1.072,0.0005829280683946559,-0.00010573030126237879
1.073,0.0005761962804191603,-0.00010022780123587893
1.074,0.0005695102014959877,-9.48551430414783e-5
1.075,0.0005628703822118766,-8.961000201233721e-5
1.076,0.0005562773401101986,-8.449008519981214e-5
1.077,0.0005497315606402116,-7.949313117190743e-5
1.078,0.0005432334980847523,-7.461690980471788e-5
1.079,0.00053678357646678,-6.985922206727959e-5
1.08,0.0005303821904351723,-6.52178998002305e-5
1.081,0.0005240297061301706,-6.0690805488667136e-5
1.082,0.0005177264620288658,-5.6275832029569156e-5
1.083,0.0005114727697711123,-5.1970902494149283e-5
1.084,0.0005052689149662485,-4.77739698854727e-5
1.085,0.0004991151579809993,-4.36830168916765e-5
1.086,0.0004930117347089309,-3.9696055635107124e-5
1.087,0.0004869588573218196,-3.581112741768142e-5
1.088,0.0004809567150032947,-3.2026302462765074e-5
1.089,0.0004750054746651059,-2.8339679653850433e-5
1.09,0.0004691052816463644,-2.4749386270304885e-5
1.091,0.0004632562603960974,-2.125357772045008e-5
1.092,0.00045745851513945355,-1.785043727222182e-5
1.093,0.0004517121305278886,-1.453817578165056e-5
1.094,0.0004460171722736576,-1.1315031419392718e-5
1.095,0.0004403736877689334,-8.179269395533546e-6
1.096,0.0004347817066898654,-5.129181682873413e-6
1.097,0.00042924124158588814,-2.1630867389005295e-6
1.098,0.00042375228845458466,7.206707733552841e-7
1.099,0.0004183148273024024,3.523720265401284e-6
1.1,0.00041292882269151595,6.2476655041143585e-6
1.101,0.0004075942242731258,8.894084893156424e-6
1.102,0.000402310967307476,1.146453175480898e-5
1.103,0.0003970789731708703,1.3960534612070237e-5
1.104,0.00039189814984996003,1.638359747086501e-5
1.105,0.00038676839242357314,1.8735200102224256e-5
1.106,0.0003816895835323484,2.1016798324297426e-5
1.107,0.0003766615938364344,2.3229824284066974e-5
1.108,0.0003716842824615078,2.537568673864031e-5
1.109,0.00036675749743336186,2.745577133600023e-5
1.11,0.00036188107610130965,2.947144089510028e-5
1.111,0.000357054845550644,3.142403568519703e-5
1.112,0.0003522786230043908,3.3314873704316096e-5
1.113,0.0003475522162145878,3.514525095675413e-5
1.114,0.00034287542384331626,3.6916441729523216e-5
1.115,0.0003382480358337107,3.8629698867649345e-5
1.116,0.0003336698337711649,4.028625404824059e-5
1.117,0.00032914059123495,4.1887318053245206e-5
1.118,0.00032466007414045663,4.3434081040823884e-5
1.119,0.0003202280410722673,4.4927712815264393e-5
1.12,0.0003158442436082634,4.636936309537074e-5
1.121,0.00031150842663496553,4.776016178126265e-5
1.122,0.0003072203286543035,4.910121921952476e-5
1.123,0.00030297968208200724,5.03936264666483e-5
1.124,0.00029878621353780695,5.163845555071154e-5
1.125,0.00029463964412762745,5.283675973124818e-5
1.126,0.00029053968971795677,5.398957375725622e-5
1.127,0.00028648606120256685,5.509791412330269e-5
1.128,0.00028247846476176056,5.616277932368248e-5
1.129,0.0002785166021143141,5.71851501045922e-5
1.13,0.00027460017076228393,5.816598971428281e-5
1.131,0.0002707288642288397,5.91062441511572e-5
1.132,0.0002669023722892857,6.000684240978125e-5
1.133,0.00026312038119542634,6.086869672477949e-5
1.134,0.00025938257389343137,6.169270281258857e-5
1.135,0.0002556886302353505,6.247974011104402e-5
1.136,0.0002520382271844263,6.323067201677773e-5
1.137,0.0002484310390143501,6.394634612040586e-5
1.138,0.00024486673750260266,6.462759443948859e-5
1.139,0.00024134499211801922,6.5275233649245e-5
1.14,0.00023786547020271495,6.589006531100839e-5
1.141,0.00023442783714850422,6.647287609840862e-5
1.142,0.00023103175656794493,6.702443802127031e-5
1.143,0.00022767689046013546,6.754550864721669e-5
1.144,0.00022436289937138992,6.803683132097076e-5
1.145,0.00022108944255091475,6.84991353813469e-5
1.146,0.00021785617810160646,6.89331363759274e-5
1.147,0.00021466276312608873,6.933953627341929e-5
1.148,0.0002115088538681041,6.971902367368922e-5
1.149,0.0002083941058493731,7.00722740154739e-5
1.15,0.00020531817400203114,7.039994978176619e-5
1.151,0.00020228071279675215,7.070270070287696e-5
1.152,0.00019928137636666374,7.098116395717464e-5
1.153,0.00019631981862715877,7.123596436950494e-5
1.154,0.00019339569339170385,7.146771460729459e-5
1.155,0.00019050865448374483,7.167701537434348e-5
1.156,0.00018765835584480585,7.186445560231078e-5
1.157,0.00018484445163887775,7.203061263990137e-5
1.158,0.00018206659635318828,7.217605243975972e-5
1.159,0.00017932444489544578,7.23013297430791e-5
1.16,0.00017661765268764496,7.240698826193478e-5
1.161,0.00017394587575652245,7.249356085935065e-5
1.162,0.00017130877082074697,7.256156972710912e-5
1.163,0.00016870599537492802,7.261152656131514e-5
1.164,0.0001661372077705243,7.264393273572544e-5
1.165,0.0001636020672937321,7.265927947285486e-5
1.166,0.00016110023424043167,7.265804801287226e-5
1.167,0.00015863136998826754,7.26407097802986e-5
1.168,0.00015619513706593833,7.260772654852088e-5
1.169,0.00015379119921976833,7.255955060213544e-5
1.17,0.00015141922147763272,7.249662489713517e-5
1.171,0.00014907887021030618,7.241938321895495e-5
1.172,0.00014676981319030317,7.232825033839074e-5
1.173,0.00014449171964827677,7.22236421654072e-5
1.174,0.00014224426032704126,7.210596590085015e-5
1.175,0.0001400271075332822,7.197562018607941e-5
1.176,0.00013783993518701675,7.183299525053863e-5
1.177,0.00013568241886886487,7.167847305727856e-5
1.178,0.00013355423586519085,7.151242744645084e-5
1.179,0.00013145506521117418,7.133522427678903e-5
1.18,0.0001293845877318659,7.114722156509463e-5
1.181,0.00012734248608128635,7.094876962374519e-5
1.182,0.00012532844477961883,7.074021119624253e-5
1.183,0.0001233421502485522,7.052188159081867e-5
1.184,0.00012138329084482419,7.029410881211771e-5
1.185,0.00011945155689201622,7.005721369097157e-5
1.186,0.00011754664071064935,6.981151001228815e-5
1.187,0.00011566823664662965,6.955730464106998e-5
1.188,0.00011381604109809029,6.929489764658202e-5
1.189,0.00011198975254067631,6.902458242468726e-5
1.19,0.00011018907155131771,6.874664581836846e-5
1.191,0.00010841370083053413,6.846136823645503e-5
1.192,0.00010666334522331472,6.816902377057355e-5
1.193,0.00010493771173861495,6.786988031034092e-5
1.194,0.00010323650956751127,6.756419965681878e-5
1.195,0.00010155945010005389,6.725223763424813e-5
1.196,9.990624694085634e-5,6.693424420008293e-5
1.197,9.827661592346049e-5,6.661046355334153e-5
1.198,9.667027512351374e-5,6.62811342412948e-5
1.199,9.508694487079505e-5,6.594648926450969e-5
1.2,9.352634776012508e-5,6.56067561802671e-5
1.201,9.198820866119518e-5,6.52621572043727e-5
1.202,9.047225472734888e-5,6.491290931137947e-5
1.203,8.897821540334893e-5,6.455922433324075e-5
1.204,8.750582243216187e-5,6.42013090564121e-5
1.205,8.605480986079179e-5,6.383936531742092e-5
1.206,8.462491404519349e-5,6.347359009692191e-5
1.207,8.321587365429514e-5,6.310417561225716e-5
1.208,8.182742967315951e-5,6.273130940853893e-5
1.209,8.045932540531205e-5,6.235517444827357e-5
1.21,7.91113064742636e-5,6.19759491995446e-5
1.211,7.778312082425466e-5,6.159380772277308e-5
1.212,7.647451872024751e-5,6.120891975607348e-5
1.213,7.518525274719197e-5,6.0821450799222366e-5
1.214,7.391507780858962e-5,6.043156219625844e-5
1.215,7.266375112438096e-5,6.00394112167309e-5
1.216,7.143103222817933e-5,5.96451511356142e-5
1.217,7.021668296387453e-5,5.9248931311906363e-5
1.218,6.9020467481629e-5,5.885089726592825e-5
1.219,6.78421522332882e-5,5.84511907553411e-5
1.22,6.668150596722699e-5,5.804994984989923e-5
1.221,6.553829972265251e-5,5.764730900495503e-5
1.222,6.441230682338417e-5,5.7243399133733016e-5
1.223,6.330330287113036e-5,5.68383476783896e-5
1.224,6.22110657382812e-5,5.643227867987521e-5
1.225,6.113537556023627e-5,5.6025312846615184e-5
1.226,6.007601472728531e-5,5.561756762202567e-5
1.227,5.9032767876059904e-5,5.5209157250880766e-5
1.228,5.800542188057341e-5,5.480019284454689e-5
1.229,5.699376584286595e-5,5.439078244510019e-5
1.23,5.5997591083271005e-5,5.398103108834292e-5
1.231,5.501669113031935e-5,5.357104086573406e-5
1.232,5.405086171029616e-5,5.316091098524991e-5
1.233,5.3099900736466155e-5,5.2750737831189844e-5
1.234,5.2163608297981615e-5,5.234061502294233e-5
1.235,5.124178664848757e-5,5.193063347272625e-5
1.236,5.0334240194438005e-5,5.152088144232248e-5
1.237,4.944077548313669e-5,5.111144459881017e-5
1.238,4.856120119051571e-5,5.070240606932266e-5
1.239,4.769532810866451e-5,5.029384649483703e-5
1.24,4.684296913312193e-5,4.988584408301184e-5
1.241,4.6003939249943195e-5,4.947847466008706e-5
1.242,4.5178055522553704e-5,4.907181172186011e-5
1.243,4.436513707840095e-5,4.8665926483751814e-5
1.244,4.3565005095415653e-5,4.8260887929976075e-5
1.245,4.277748278829294e-5,4.785676286182651e-5
1.246,4.2002395394603854e-5,4.745361594509362e-5
1.247,4.12395701607475e-5,4.705150975662562e-5
1.248,4.048883632775361e-5,4.665050483004591e-5
1.249,3.9750025116945e-5,4.6250659700640245e-5
1.25,3.902296971546938e-5,4.585203094942619e-5
1.251,3.830750526170929e-5,4.545467324641756e-5
1.252,3.760346883057908e-5,4.505863939309634e-5
1.253,3.691069941871729e-5,4.4663980364104204e-5
1.254,3.622903792958266e-5,4.427074534816606e-5
1.255,3.555832715846177e-5,4.3878981788257425e-5
1.256,3.489841177739595e-5,4.348873542102751e-5
1.257,3.424913832003501e-5,4.3100050315489945e-5
1.258,3.361035516642498e-5,4.2712968910992386e-5
1.259,3.2981912527736915e-5,4.232753205447678e-5
1.26,3.2363662430943495e-5,4.194377903704128e-5
1.261,3.175545870345011e-5,4.15617476298152e-5
1.262,3.1157156957686696e-5,4.1181474119157804e-5
1.263,3.0568614575666484e-5,4.080299334119199e-5
1.264,2.9989690693517744e-5,4.042633871568341e-5
1.265,2.9420246185994153e-5,4.0051542279275784e-5
1.266,2.8860143650969417e-5,3.967863471809267e-5
1.267,2.8309247393921554e-5,3.9307645399716196e-5
1.268,2.7767423412412045e-5,3.893860240455277e-5
1.269,2.723453938056484e-5,3.8571532556595876e-5
1.27,2.6710464633550154e-5,3.820646145359589e-5
1.271,2.6195070152077658e-5,3.7843413496646594e-5
1.272,2.5688228546903694e-5,3.748241191919814e-5
1.273,2.5189814043356803e-5,3.712347881550587e-5
1.274,2.4699702465885806e-5,3.676663516852446e-5
1.275,2.4217771222634524e-5,3.6411900877256576e-5
1.276,2.3743899290047034e-5,3.605929478356521e-5
1.277,2.327796719750723e-5,3.5708834698458624e-5
1.278,2.281985701201632e-5,3.536053742785688e-5
1.279,2.2369452322911808e-5,3.501441879784863e-5
1.28,2.1926638226631205e-5,3.4670493679446734e-5
1.281,2.1491301311523866e-5,3.4328776012851424e-5
1.282,2.106332964271391e-5,3.3989278831229105e-5
1.283,2.064261274701732e-5,3.365201428401529e-5
1.284,2.022904159791603e-5,3.3316993659749714e-5
1.285,1.982250860059176e-5,3.2984227408451636e-5
1.286,1.9422907577022285e-5,3.2653725163543316e-5
1.287,1.9030133751142583e-5,3.232549576332938e-5
1.288,1.8644083734073352e-5,3.199954727203982e-5
1.289,1.826465550941921e-5,3.167588700044418e-5
1.29,1.7891748418638734e-5,3.135452152604435e-5
1.291,1.7525263146488553e-5,3.103545671285338e-5
1.292,1.7165101706543418e-5,3.071869773076753e-5
1.293,1.6811167426794253e-5,3.0404249074538676e-5
1.294,1.646336493532601e-5,3.0092114582354082e-5
1.295,1.612160014607703e-5,2.978229745403054e-5
1.296,1.5785780244681654e-5,2.9474800268829587e-5
1.297,1.5455813674397615e-5,2.9169625002900618e-5
1.298,1.5131610122119723e-5,2.886677304635841e-5
1.299,1.4813080504481269e-5,2.8566245220001667e-5
1.3,1.4500136954044512e-5,2.826804179167891e-5
1.301,1.4192692805581493e-5,2.797216249230809e-5
1.302,1.3890662582446399e-5,2.7678606531556118e-5
1.303,1.3593961983040601e-5,2.7387372613184435e-5
1.304,1.3302507867371436e-5,2.709845895006665e-5
1.305,1.3016218243705714e-5,2.6811863278884187e-5
1.306,1.273501225531892e-5,2.6527582874505767e-5
1.307,1.2458810167340944e-5,2.6245614564056516e-5
1.308,1.2187533353699171e-5,2.596595474068228e-5
1.309,1.1921104284159689e-5,2.568859937701484e-5
1.31,1.1659446511467303e-5,2.5413544038343356e-5
1.311,1.1402484658585009e-5,2.5140783895497603e-5
1.312,1.11501444060335e-5,2.4870313737448172e-5
1.313,1.090235247933126e-5,2.460212798362895e-5
1.314,1.0659036636535727e-5,2.433622069598698e-5
1.315,1.0420125655885965e-5,2.407258559076478e-5
1.316,1.0185549323547238e-5,2.3811216050020084e-5
1.317,9.95523842145784e-6,2.3552105132887955e-5
1.318,9.72912471527847e-6,2.3295245586589987e-5
1.319,9.507140942444441e-6,2.3040629857195476e-5
1.32,9.289220800320897e-6,2.2788250100139094e-5
1.321,9.075298934461283e-6,2.2538098190499754e-5
1.322,8.865310926969148e-6,2.2290165733045114e-5
1.323,8.659193284963426e-6,2.2044444072046216e-5
1.324,8.456883429147244e-6,2.1800924300866573e-5
1.325,8.258319682480304e-6,2.155959727133003e-5
1.326,8.063441258954832e-6,2.1320453602871643e-5
1.327,7.872188252475063e-6,2.1083483691475678e-5
1.328,7.684501625840198e-6,2.0848677718404844e-5
1.329,7.500323199830757e-6,2.0616025658724813e-5
1.33,7.319595642398168e-6,2.03855172896279e-5
1.331,7.142262457957479e-6,2.0157142198559853e-5
1.332,6.968267976783007e-6,1.9930889791153542e-5
1.333,6.797557344506697e-6,1.970674929897331e-5
1.334,6.630076511718997e-6,1.9484709787073665e-5
1.335,6.465772223671967e-6,1.9264760161375968e-5
1.336,6.304592010084369e-6,1.9046889175866665e-5
1.337,6.146484175048415e-6,1.883108543962055e-5
1.338,5.991397787037882e-6,1.8617337423652575e-5
1.339,5.839282669017226e-6,1.8405633467601485e-5
1.34,5.690089388651347e-6,1.819596178624874e-5
1.341,5.54376924861563e-6,1.7988310475875872e-5
1.342,5.40027427700585e-6,1.778266752046358e-5
1.343,5.2595572178475426e-6,1.757902079773567e-5
1.344,5.121571521704385e-6,1.7377358085051008e-5
1.345,4.986271336385163e-6,1.7177667065146435e-5
1.346,4.853611497748846e-6,1.697993533173377e-5
1.347,4.7235475206072855e-6,1.6784150394953754e-5
1.348,4.596035589725067e-6,1.6590299686689837e-5
1.349,4.471032550915979e-6,1.6398370565744727e-5
1.35,4.348495902235603e-6,1.62083503228824e-5
1.351,4.228383785269489e-6,1.6020226185738378e-5
1.352,4.1106549765163534e-6,1.5833985323600955e-5
1.353,3.995268878865781e-6,1.5649614852066002e-5
1.354,3.8821855131698286e-6,1.546710183756799e-5
1.355,3.7713655099079835e-6,1.528643330178975e-5
1.356,3.6627701009448765e-6,1.5107596225953494e-5
1.357,3.5563611113801637e-6,1.4930577554995592e-5
1.358,3.4521009514899735e-6,1.4755364201627451e-5
1.359,3.349952608759307e-6,1.4581943050284964e-5
1.36,3.249879640004778e-6,1.4410300960968796e-5
1.361,3.151846163587064e-6,1.4240424772977835e-5
1.362,3.0558168517124448e-6,1.4072301308538041e-5
1.363,2.961756922822781e-6,1.3905917376328925e-5
1.364,2.8696321340732983e-6,1.3741259774909797e-5
1.365,2.779408773897525e-6,1.3578315296047943e-5
1.366,2.6910536546587305e-6,1.3417070727950811e-5
1.367,2.604534105387206e-6,1.3257512858404262e-5
1.368,2.519817964602726e-6,1.3099628477818886e-5
1.369,2.4368735732215238e-6,1.2943404382186402e-5
1.37,2.3556697675471116e-6,1.2788827375948034e-5
1.371,2.276175872344272e-6,1.2635884274776814e-5
1.372,2.1983616939955443e-6,1.2484561908275654e-5
1.373,2.12219751373953e-6,1.2334847122593036e-5
1.374,2.0476540809903295e-6,1.2186726782958121e-5
1.375,1.974702606737437e-6,1.2040187776137053e-5
1.376,1.9033147570254012e-6,1.1895217012812177e-5
1.377,1.8334626465125686e-6,1.1751801429885883e-5
1.378,1.7651188321082226e-6,1.1609927992710763e-5
1.379,1.6982563066874289e-6,1.14695836972477e-5
1.38,1.6328484928828986e-6,1.1330755572153488e-5
1.381,1.568869236953181e-6,1.1193430680799618e-5
1.382,1.5062928027264936e-6,1.1057596123223695e-5
1.383,1.4450938656195043e-6,1.0923239038015087e-5
1.384,1.3852475067303697e-6,1.0790346604136238e-5
1.385,1.3267292070053479e-6,1.0658906042681138e-5
1.386,1.2695148414782929e-6,1.052890461857238e-5
1.387,1.213580673582343e-6,1.0400329642198189e-5
1.388,1.158903349533119e-6,1.0273168470990837e-5
1.389,1.1054598927827466e-6,1.0147408510947774e-5
1.39,1.0532276985440156e-6,1.002303721809681e-5
1.391,1.0021845283839987e-6,9.900042099906638e-6
1.392,9.523085048864444e-7,9.778410716643994e-6
1.393,9.035781063822689e-7,9.658130682678693e-6
1.394,8.559721617474664e-7,9.539189667737765e-6
1.395,8.094698452677662e-7,9.421575398109903e-6
1.396,7.640506715693624e-7,9.305275657801396e-6
1.397,7.19694490615046e-7,9.190278289644704e-6
1.398,6.763814827650728e-7,9.076571196360817e-6
1.399,6.340921539021009e-7,8.96414234157649e-6
1.4,5.928073306195365e-7,8.852979750797462e-6
1.401,5.525081554726288e-7,8.743071512338729e-6
1.402,5.131760822916562e-7,8.634405778212886e-6
1.403,4.747928715565528e-7,8.52697076497761e-6
1.404,4.373405858323232e-7,8.420754754543248e-6
1.405,4.008015852645998e-7,8.315746094941516e-6
1.406,3.6515852313469937e-7,8.211933201056276e-6
1.407,3.303943414735376e-7,8.109304555317326e-6
1.408,2.9649226673376716e-7,8.007848708358134e-6
1.409,2.6343580551950475e-7,7.907554279638423e-6
1.41,2.3120874037301907e-7,7.808409958032511e-6
1.411,1.9979512561775375e-7,7.71040450238424e-6
1.412,1.6917928325706415e-7,7.613526742029405e-6
1.413,1.3934579892804984e-7,7.517765577286448e-6
1.414,1.1027951790986952e-7,7.4231099799163186e-6
1.415,8.196554118592853e-8,7.329548993552218e-6
1.416,5.4389221559333064e-8,7.237071734100087e-6
1.417,2.7536159821009733e-8,7.145667390110552e-6
1.418,1.3922009698930945e-9,7.055325223123119e-6
1.419,-2.405656951541225e-8,6.966034567983335e-6
1.42,-4.8823829354083796e-8,6.877784833133644e-6
1.421,-7.292302309023238e-8,6.790565500878647e-6
1.422,-9.636736567033275e-8,6.704366127625457e-6
1.423,-1.1916984597150977e-7,6.619176344099827e-6
1.424,-1.4134323028125158e-7,6.534985855538719e-6
1.425,-1.6290006572911755e-7,6.451784441859955e-6
1.426,-1.838526836710031e-7,6.369561957809597e-6
1.427,-2.0421320302652068e-7,6.28830833308767e-6
1.428,-2.239935335700501e-7,6.208013572452843e-6
1.429,-2.432053791760081e-7,6.128667755806662e-6
1.43,-2.618602410188819e-7,6.050261038257918e-6
1.431,-2.799694207285673e-7,5.972783650167723e-6
1.432,-2.975440235015466e-7,5.896225897175854e-6
1.433,-3.145949611684391e-7,5.820578160208903e-6
1.434,-3.311329552184488e-7,5.745830895470784e-6
1.435,-3.4716853978123373e-7,5.671974634416106e-6
1.436,-3.627120645667127e-7,5.598999983706923e-6
1.437,-3.7777369776332395e-7,5.526897625153384e-6
1.438,-3.923634288952428e-7,5.455658315638735e-6
1.439,-4.0649107163906344e-7,5.3852728870291925e-6
1.44,-4.2016626660044354e-7,5.315732246069124e-6
1.441,-4.3339848405120606e-7,5.247027374262013e-6
1.442,-4.461970266273894e-7,5.179149327737651e-6
1.443,-4.585710319887302e-7,5.112089237105989e-6
1.444,-4.7052947544006127e-7,5.0458383072980855e-6
1.445,-4.820811725150994e-7,4.980387817394562e-6
1.446,-4.932347815230963e-7,4.915729120441983e-6
1.447,-5.039988060588194e-7,4.8518536432575435e-6
1.448,-5.14381597476326e-7,4.788752886222486e-6
1.449,-5.243913573269868e-7,4.726418423064588e-6
1.45,-5.340361397622165e-7,4.6648419006301296e-6
1.451,-5.433238539013571e-7,4.604015038645682e-6
1.452,-5.522622661651599e-7,4.543929629470089e-6
1.453,-5.60859002575308e-7,4.484577537836971e-6
1.454,-5.691215510204129e-7,4.425950700588116e-6
1.455,-5.770572634889174e-7,4.368041126398064e-6
1.456,-5.846733582693333e-7,4.310840895490227e-6
1.457,-5.919769221182341e-7,4.254342159344856e-6
1.458,-5.989749123964222e-7,4.198537140399158e-6
1.459,-6.056741591736853e-7,4.143418131739874e-6
1.46,-6.120813673025496e-7,4.088977496788613e-6
1.461,-6.182031184614366e-7,4.035207668980213e-6
1.462,-6.240458731676235e-7,3.982101151434438e-6
1.463,-6.296159727604044e-7,3.929650516621257e-6
1.464,-6.349196413548449e-7,3.877848406019989e-6
1.465,-6.399629877665168e-7,3.826687529772578e-6
1.466,-6.447520074075987e-7,3.776160666331234e-6
1.467,-6.49292584154722e-7,3.726260662100706e-6
1.468,-6.535904921889356e-7,3.6769804310754244e-6
1.469,-6.576513978081648e-7,3.6283129544717468e-6
1.47,-6.614808612125282e-7,3.5802512803555376e-6
1.471,-6.650843382628775e-7,3.53278852326531e-6
1.472,-6.684671822129197e-7,3.4859178638311473e-6
1.473,-6.716346454152766e-7,3.439632548389615e-6
1.474,-6.745918810018318e-7,3.3939258885948743e-6
1.475,-6.773439445387146e-7,3.3487912610262046e-6
1.476,-6.798957956562622e-7,3.304222106792122e-6
1.477,-6.822522996543012e-7,3.260211931131295e-6
1.478,-6.844182290830814e-7,3.2167543030104454e-6
1.479,-6.863982653001973e-7,3.1738428547194107e-6
1.48,-6.881970000038225e-7,3.1314712814635522e-6
1.481,-6.898189367425803e-7,3.089633340953683e-6
1.482,-6.912684924023739e-7,3.048322852993678e-6
1.483,-6.925499986704906e-7,3.007533699065938e-6
1.484,-6.936677034772922e-7,2.9672598219148636e-6
1.485,-6.946257724158033e-7,2.9274952251284965e-6
1.486,-6.954282901394995e-7,2.8882339727184793e-6
1.487,-6.960792617386017e-7,2.8494701886984823e-6
1.488,-6.965826140951699e-7,2.811198056661238e-6
1.489,-6.969421972172958e-7,2.7734118193543268e-6
1.49,-6.971617855526818e-7,2.7361057782548484e-6
1.491,-6.972450792818965e-7,2.6992742931431087e-6
1.492,-6.971957055915894e-7,2.662911781675452e-6
1.493,-6.970172199279467e-7,2.627012718956366e-6
1.494,-6.967131072306643e-7,2.5915716371099764e-6
1.495,-6.962867831477136e-7,2.5565831248510496e-6
1.496,-6.957415952311691e-7,2.522041827055622e-6
1.497,-6.950808241143663e-7,2.4879424443313603e-6
1.498,-6.94307684670653e-7,2.454279732587768e-6
1.499,-6.934253271539962e-7,2.4210485026063364e-6
1.5,-6.924368383216998e-7,2.3882436196107427e-6
1.501,-6.9134524253949e-7,2.3558600028372016e-6
1.502,-6.901535028692183e-7,2.3238926251050517e-6
1.503,-6.888645221394295e-7,2.2923365123876844e-6
1.504,-6.874811439990408e-7,2.261186743383892e-6
1.505,-6.860061539543741e-7,2.2304384490897337e-6
1.506,-6.844422803897783e-7,2.2000868123709936e-6
1.507,-6.8279219557208e-7,2.1701270675363207e-6
1.508,-6.810585166390931e-7,2.140554499911126e-6
1.509,-6.792438065724192e-7,2.111364445412311e-6
1.51,-6.77350575154764e-7,2.0825522901239083e-6
1.511,-6.75381279911994e-7,2.054113469873702e-6
1.512,-6.733383270401569e-7,2.026043469810895e-6
1.513,-6.712240723176797e-7,1.998337823984893e-6
1.514,-6.690408220029645e-7,1.9709921149252774e-6
1.515,-6.667908337175916e-7,1.9440019732230087e-6
1.516,-6.644763173153414e-7,1.9173630771129483e-6
1.517,-6.620994357372414e-7,1.891071152057734e-6
1.518,-6.596623058528446e-7,1.8651219703330784e-6
1.519,-6.571669992879381e-7,1.8395113506145402e-6
1.52,-6.546155432388846e-7,1.8142351575658215e-6
1.521,-6.520099212737908e-7,1.7892893014286404e-6
1.522,-6.493520741206979e-7,1.7646697376142302e-6
1.523,-6.466439004429869e-7,1.7403724662965085e-6
1.524,-6.438872576021835e-7,1.7163935320069637e-6
1.525,-6.410839624083548e-7,1.6927290232313012e-6
1.526,-6.382357918582771e-7,1.6693750720078904e-6
1.527,-6.35344483861559e-7,1.646327853528054e-6
1.528,-6.324117379548974e-7,1.623583585738235e-6
1.529,-6.294392160046445e-7,1.601138528944081e-6
1.53,-6.264285428978592e-7,1.5789889854164798e-6
1.531,-6.23381307222015e-7,1.5571312989995786e-6
1.532,-6.202990619335347e-7,1.5355618547208224e-6
1.533,-6.171833250153197e-7,1.5142770784030368e-6
1.534,-6.140355801234364e-7,1.4932734362785918e-6
1.535,-6.108572772231272e-7,1.4725474346056675e-6
1.536,-6.076498332143026e-7,1.4520956192866537e-6
1.537,-6.04414632546675e-7,1.4319145754887048e-6
1.538,-6.011530278246913e-7,1.4120009272664773e-6
1.539,-5.978663404024164e-7,1.392351337187071e-6
1.54,-5.945558609685213e-7,1.3729625059571964e-6
1.541,-5.912228501215261e-7,1.3538311720525866e-6
1.542,-5.878685389354447e-7,1.3349541113496774e-6
1.543,-5.844941295159783e-7,1.31632813675957e-6
1.544,-5.811007955474011e-7,1.297950097864295e-6
1.545,-5.776896828302807e-7,1.2798168805553934e-6
1.546,-5.74261909810172e-7,1.2619254066748316e-6
1.547,-5.708185680974253e-7,1.24427263365826e-6
1.548,-5.673607229782412e-7,1.2268555541806357e-6
1.549,-5.638894139171098e-7,1.2096711958042123e-6
1.55,-5.604056550507648e-7,1.1927166206289169e-6
1.551,-5.56910435673784e-7,1.1759889249451178e-6
1.552,-5.534047207159639e-7,1.1594852388887986e-6
1.553,-5.498894512115963e-7,1.1432027260991408e-6
1.554,-5.463655447607727e-7,1.1271385833785283e-6
1.555,-5.428338959828368e-7,1.1112900403549783e-6
1.556,-5.392953769621113e-7,1.095654359147005e-6
1.557,-5.35750837686015e-7,1.0802288340309218e-6
1.558,-5.32201106475691e-7,1.0650107911105887e-6
1.559,-5.286469904092608e-7,1.0499975879896033e-6
1.56,-5.25089275737821e-7,1.035186613445948e-6
1.561,-5.215287282942941e-7,1.0205752871090856e-6
1.562,-5.17966093895247e-7,1.0061610591395149e-6
1.563,-5.144020987357851e-7,9.919414099107808e-7
1.564,-5.108374497776327e-7,9.779138496939427e-7
1.565,-5.072728351305049e-7,9.640759183445022e-7
1.566,-5.037089244268782e-7,9.504251849917878e-7
1.567,-5.001463691902612e-7,9.369592477307957e-7
1.568,-4.965858031970717e-7,9.236757333164875e-7
1.569,-4.930278428322163e-7,9.1057229686054e-7
1.57,-4.894730874384764e-7,8.976466215305466e-7
1.571,-4.859221196597961e-7,8.84896418251666e-7
1.572,-4.823755057785694e-7,8.723194254107153e-7
1.573,-4.788337960470225e-7,8.599134085627037e-7
1.574,-4.7529752501278374e-7,8.476761601398019e-7
1.575,-4.717672118387347e-7,8.356054991627423e-7
1.576,-4.6824336061723405e-7,8.236992709546456e-7
1.577,-4.647264606788021e-7,8.119553468572668e-7
1.578,-4.612169868953572e-7,8.003716239496555e-7
1.579,-4.577153999780885e-7,7.889460247692237e-7
1.58,-4.542221467700532e-7,7.776764970352144e-7
1.581,-4.507376605335818e-7,7.665610133745629e-7
1.582,-4.47262361232575e-7,7.555975710501455e-7
1.583,-4.437966558097749e-7,7.447841916914047e-7
1.584,-4.403409384590907e-7,7.341189210273451e-7
1.585,-4.3689559089305954e-7,7.235998286218907e-7
1.586,-4.334609826055207e-7,7.13225007611594e-7
1.587,-4.3003747112958047e-7,7.029925744456896e-7
1.588,-4.266254022909445e-7,6.929006686284811e-7
1.589,-4.2322511045669217e-7,6.829474524640528e-7
1.59,-4.198369187795679e-7,6.731311108032954e-7
1.591,-4.164611394378613e-7,6.634498507932372e-7
1.592,-4.1309807387094904e-7,6.539019016286686e-7
1.593,-4.097480130105685e-7,6.444855143060499e-7
1.594,-4.0641123750789365e-7,6.351989613796924e-7
1.595,-4.030880179564808e-7,6.260405367202001e-7
1.596,-3.9977861511115333e-7,6.170085552751635e-7
1.597,-3.964832801028906e-7,6.081013528320903e-7
1.598,-3.9320225464978774e-7,5.993172857835652e-7
1.599,-3.8993577126415063e-7,5.906547308946243e-7
1.6,-3.866840534557894e-7,5.821120850723332e-7
1.601,-3.834473159315737e-7,5.73687765137558e-7
1.602,-3.802257647913114e-7,5.653802075989134e-7
1.603,-3.770195977200114e-7,5.571878684288796e-7
1.604,-3.738290041765905e-7,5.491092228420731e-7
1.605,-3.7065416557908325e-7,5.411427650756586e-7
1.606,-3.674952554864133e-7,5.332870081718907e-7
1.607,-3.643524397767831e-7,5.255404837627713e-7
1.608,-3.6122587682273833e-7,5.179017418568105e-7
1.609,-3.581157176629623e-7,5.103693506278766e-7
1.61,-3.550221061708562e-7,5.029418962061237e-7
1.611,-3.519451792199569e-7,4.956179824709823e-7
1.612,-3.4888506684624726e-7,4.883962308462006e-7
1.613,-3.4584189240741015e-7,4.812752800969211e-7
1.614,-3.428157727390775e-7,4.742537861287824e-7
1.615,-3.3980681830812525e-7,4.6733042178902817e-7
1.616,-3.3681513336306415e-7,4.605038766696137e-7
1.617,-3.3384081608157465e-7,4.5377285691229366e-7
1.618,-3.3088395871523517e-7,4.4713608501567864e-7
1.619,-3.2794464773149075e-7,4.405922996442457e-7
1.62,-3.2502296395290834e-7,4.3414025543929015e-7
1.621,-3.2211898269376614e-7,4.277787228318035e-7
1.622,-3.1923277389402065e-7,4.2150648785726466e-7
1.623,-3.1636440225069797e-7,4.1532235197232955e-7
1.624,-3.135139273467511e-7,4.092251318734058e-7
1.625,-3.1068140377742863e-7,4.032136593170981e-7
1.626,-3.078668812741957e-7,3.972867809425104e-7
1.627,-3.0507040482625057e-7,3.9144335809539054e-7
1.628,-3.0229201479967633e-7,3.85682266654104e-7
1.629,-2.9953174705427043e-7,3.800023968574217e-7
1.63,-2.967896330580903e-7,3.7440265313410856e-7
1.631,-2.94065699999755e-7,3.688819539342983e-7
1.632,-2.9135997089854206e-7,3.634392315626409e-7
1.633,-2.8867246471231685e-7,3.5807343201320793e-7
1.634,-2.860031964433324e-7,3.527835148061424e-7
1.635,-2.8335217724193666e-7,3.4756845282603826e-7
1.636,-2.807194145082233e-7,3.424272321620372e-7
1.637,-2.7810491199166177e-7,3.373588519496259e-7
1.638,-2.7550866988874233e-7,3.3236232421412316e-7
1.639,-2.729306849386696e-7,3.2743667371583975e-7
1.64,-2.7037095051714036e-7,3.225809377968995e-7
1.641,-2.67829456728237e-7,3.177941662297063e-7
1.642,-2.6530619049447177e-7,3.130754210670435e-7
1.643,-2.628011356450126e-7,3.0842377649379225e-7
1.644,-2.6031427300212375e-7,3.038383186802541e-7
1.645,-2.5784558046585134e-7,2.9931814563706524e-7
1.646,-2.5539503309698644e-7,2.948623670716875e-7
1.647,-2.5296260319833417e-7,2.904701042464636e-7
1.648,-2.505482603943206e-7,2.861404898382214e-7
1.649,-2.481519717089656e-7,2.818726677994154e-7
1.65,-2.457737016422512e-7,2.776657932207909e-7
1.651,-2.434134122449142e-7,2.7351903219555684e-7
1.652,-2.4107106319169024e-7,2.694315616850552e-7
1.653,-2.38746611853038e-7,2.6540256938591275e-7
1.654,-2.364400133653699e-7,2.6143125359866137e-7
1.655,-2.341512206998162e-7,2.5751682309781495e-7
1.656,-2.3188018472954923e-7,2.536584970033884e-7
1.657,-2.2962685429569276e-7,2.4985550465384616e-7
1.658,-2.2739117627184297e-7,2.4610708548046714e-7
1.659,-2.251730956272249e-7,2.424124888831129e-7
1.66,-2.2297255548851018e-7,2.387709741073858e-7
1.661,-2.2078949720031912e-7,2.3518181012316502e-7
1.662,-2.186238603844319e-7,2.3164427550450674e-7
1.663,-2.1647558299773163e-7,2.2815765831089593e-7
1.664,-2.1434460138890278e-7,2.2472125596983734e-7
1.665,-2.1223085035390715e-7,2.2133437516077268e-7
1.666,-2.1013426319026024e-7,2.1799633170031143e-7
1.667,-2.0805477175012937e-7,2.147064504287631e-7
1.668,-2.0599230649227557e-7,2.1146406509795795e-7
1.669,-2.0394679653286008e-7,2.0826851826034417e-7
1.67,-2.0191816969513654e-7,2.0511916115934924e-7
1.671,-1.9990635255804928e-7,2.020153536209929e-7
1.672,-1.9791127050375797e-7,1.9895646394673999e-7
1.673,-1.9593284776410806e-7,1.959418688075807e-7
1.674,-1.939710074660672e-7,1.9297095313932657e-7
1.675,-1.9202567167614622e-7,1.9004311003910982e-7
1.676,-1.900967614438237e-7,1.871577406630747e-7
1.677,-1.881841968439928e-7,1.8431425412524892e-7
1.678,-1.8628789701844833e-7,1.8151206739758297e-7
1.679,-1.8440778021643229e-7,1.7875060521114642e-7
1.68,-1.8254376383425507e-7,1.7602929995846928e-7
1.681,-1.8069576445401023e-7,1.7334759159701674e-7
1.682,-1.788636978813992e-7,1.707049275537865e-7
1.683,-1.7704747918268325e-7,1.6810076263101677e-7
1.684,-1.7524702272077872e-7,1.6553455891299396e-7
1.685,-1.734622421905122e-7,1.63005785673949e-7
1.686,-1.7169305065305086e-7,1.60513919287031e-7
1.687,-1.699393605695245e-7,1.5805844313434744e-7
1.688,-1.6820108383385375e-7,1.556388475180598e-7
1.689,-1.6647813180480009e-7,1.532546295725239e-7
1.69,-1.6477041533725271e-7,1.5090529317746425e-7
1.691,-1.630778448127661e-7,1.485903488721715e-7
1.692,-1.6140033016936343e-7,1.4630931377071267e-7
1.693,-1.597377809306194e-7,1.4406171147814353e-7
1.694,-1.5809010623403684e-7,1.418470720077125e-7
1.695,-1.5645721485873012e-7,1.3966493169904617e-7
1.696,-1.5483901525242927e-7,1.3751483313730568e-7
1.697,-1.5323541555781773e-7,1.3539632507330408e-7
1.698,-1.5164632363821687e-7,1.3330896234457434e-7
1.699,-1.500716471026295e-7,1.3125230579737843e-7
1.7,-1.4851129333015568e-7,1.2922592220964661e-7
1.701,-1.4696516949379233e-7,1.2722938421483828e-7
1.702,-1.4543318258362923e-7,1.2526227022671342e-7
1.703,-1.4391523942945285e-7,1.2332416436500575e-7
1.704,-1.424112467227702e-7,1.2141465638198761e-7
1.705,-1.4092111103826366e-7,1.1953334158991693e-7
1.706,-1.394447388546881e-7,1.1767982078935718e-7
1.707,-1.3798203657522184e-7,1.1585370019836054e-7
1.708,-1.365329105472816e-7,1.1405459138250515e-7
1.709,-1.3509726708181266e-7,1.122821111857772e-7
1.71,-1.3367501247206443e-7,1.105358816622887e-7
1.711,-1.3226605301186188e-7,1.0881553000882188e-7
1.712,-1.3087029501338282e-7,1.0712068849819105e-7
1.713,-1.294876448244512e-7,1.0545099441341332e-7
1.714,-1.2811800884535575e-7,1.0380608998267906e-7
1.715,-1.2676129354520436e-7,1.0218562231511347e-7
1.716,-1.254174054778225e-7,1.0058924333732054e-7
1.717,-1.2408625129720613e-7,9.901660973070081e-8
1.718,-1.2276773777253712e-7,9.746738286953437e-8
1.719,-1.2146177180277118e-7,9.594122875982069e-8
1.72,-1.20168260430806e-7,9.443781797886691e-8
1.721,-1.1888711085723907e-7,9.295682561561615e-8
1.722,-1.1761823045372319e-7,9.149793121170786e-8
1.723,-1.1636152677592817e-7,9.006081870326184e-8
1.724,-1.1511690757611669e-7,8.864517636337794e-8
1.725,-1.1388428081534273e-7,8.72506967453435e-8
1.726,-1.1266355467527995e-7,8.587707662654048e-8
1.727,-1.1145463756968816e-7,8.452401695304451e-8
1.728,-1.102574381555252e-7,8.319122278490804e-8
1.729,-1.0907186534371189e-7,8.187840324211995e-8
1.73,-1.0789782830955727e-7,8.058527145123397e-8
1.731,-1.067352365028513e-7,7.931154449265817e-8
1.732,-1.0558399965763216e-7,7.805694334859838e-8
1.733,-1.0444402780163496e-7,7.682119285164779e-8
1.734,-1.0331523126542896e-7,7.560402163401553e-8
1.735,-1.0219752069124947e-7,7.440516207738706e-8
1.736,-1.0109080704153154e-7,7.322435026340894e-8
1.737,-9.999500160715148e-8,7.206132592479092e-8
1.738,-9.891001601538282e-8,7.091583239701847e-8
1.739,-9.783576223757264e-8,6.978761657066852e-8
1.74,-9.67721525965446e-8,6.867642884432145e-8
1.741,-9.571909977373454e-8,6.758202307806285e-8
1.742,-9.46765168160645e-8,6.650415654756777e-8
1.743,-9.364431714256099e-8,6.544258989876101e-8
1.744,-9.262241455072321e-8,6.439708710304684e-8
1.745,-9.161072322264647e-8,6.33674154131013e-8
1.746,-9.06091577309068e-8,6.235334531922088e-8
1.747,-8.961763304421142e-8,6.135465050622083e-8
1.748,-8.863606453282108e-8,6.037110781087688e-8
1.749,-8.766436797374863e-8,5.9402497179904e-8
1.75,-8.67024595557395e-8,5.844860162846591e-8
1.751,-8.575025588403874e-8,5.750920719920912e-8
1.752,-8.480767398494954e-8,5.658410292181547e-8
1.753,-8.3874631310188e-8,5.567308077306696e-8
1.754,-8.29510457410389e-8,5.4775935637416866e-8
1.755,-8.203683559231694e-8,5.389246526806138e-8
1.756,-8.113191961613806e-8,5.3022470248505564e-8
1.757,-8.023621700550531e-8,5.2165753954618125e-8
1.758,-7.934964739771338e-8,5.132212251716894e-8
1.759,-7.84721308775763e-8,5.0491384784843876e-8
1.76,-7.760358798048236e-8,4.967335228773105e-8
1.761,-7.674393969528033e-8,4.88678392012731e-8
1.762,-7.58931074670011e-8,4.8074662310679804e-8
1.763,-7.505101319941858e-8,4.729364097579569e-8
1.764,-7.421757925745366e-8,4.652459709641713e-8
1.765,-7.339272846942531e-8,4.576735507805356e-8
1.766,-7.257638412915215e-8,4.5021741798127665e-8
1.767,-7.176846999790846e-8,4.428758657260903e-8
1.768,-7.096891030623797e-8,4.3564721123076336e-8
1.769,-7.017762975562907e-8,4.285297954420278e-8
1.77,-6.939455352005488e-8,4.215219827165969e-8
1.771,-6.861960724738144e-8,4.146221605043338e-8
1.772,-6.785271706064742e-8,4.078287390355016e-8
1.773,-6.709380955921854e-8,4.011401510120465e-8
1.774,-6.63428118198199e-8,3.945548513028655e-8
1.775,-6.559965139744938e-8,3.880713166430097e-8
1.776,-6.486425632617494e-8,3.816880453367771e-8
1.777,-6.413655511981923e-8,3.7540355696464544e-8
1.778,-6.341647677253388e-8,3.692163920940017e-8
1.779,-6.270395075926695e-8,3.631251119936188e-8
1.78,-6.199890703612579e-8,3.571282983518369e-8
1.781,-6.13012760406385e-8,3.5122455299840205e-8
1.782,-6.061098869191651e-8,3.454124976299193e-8
1.783,-5.992797639072084e-8,3.396907735388744e-8
1.784,-5.9252171019434825e-8,3.3405804134618296e-8
1.785,-5.858350494194579e-8,3.28512980737221e-8
1.786,-5.792191100343807e-8,3.23054290201297e-8
1.787,-5.726732253009991e-8,3.1768068677452185e-8
1.788,-5.661967332874666e-8,3.1239090578603457e-8
1.789,-5.597889768636252e-8,3.071837006075444e-8
1.79,-5.5344930369563176e-8,3.020578424061465e-8
1.791,-5.47177066239816e-8,2.9701211990037255e-8
1.792,-5.4097162173579156e-8,2.9204533911943526e-8
1.793,-5.348323321988429e-8,2.87156323165628e-8
1.794,-5.287585644116068e-8,2.8234391197984054e-8
1.795,-5.227496899150724e-8,2.776069621101521e-8
1.796,-5.168050849989168e-8,2.7294434648346396e-8
1.797,-5.109241306911984e-8,2.6835495418013384e-8
1.798,-5.051062127474266e-8,2.6383769021157473e-8
1.799,-4.99350721639026e-8,2.5939147530078147e-8
1.8,-4.936570525412158e-8,2.5501524566574885e-8
1.801,-4.880246053203201e-8,2.507079528057448e-8
1.802,-4.82452784520529e-8,2.464685632904036e-8
1.803,-4.769409993501269e-8,2.422960585516039e-8
1.804,-4.714886636672054e-8,2.381894346780963e-8
1.805,-4.6609519596487716e-8,2.3414770221284685e-8
1.806,-4.607600193560082e-8,2.3016988595306193e-8
1.807,-4.554825615574829e-8,2.2625502475286148e-8
1.808,-4.502622548740187e-8,2.2240217132856667e-8
1.809,-4.4509853618154575e-8,2.1861039206657013e-8
1.81,-4.3999084691016575e-8,2.1487876683375555e-8
1.811,-4.3493863302670526e-8,2.1120638879043498e-8
1.812,-4.2994134501687785e-8,2.075923642057721e-8
1.813,-4.2499843786706867e-8,2.040358122756602e-8
1.814,-4.201093710457554e-8,2.0053586494302384e-8
1.815,-4.152736084845798e-8,1.970916667205137e-8
1.816,-4.104906185590811e-8,1.9370237451556424e-8
1.817,-4.05759874069106e-8,1.9036715745778462e-8
1.818,-4.010808522189072e-8,1.8708519672865306e-8
1.819,-3.964530345969415e-8,1.8385568539348558e-8
1.82,-3.918759071553817e-8,1.8067782823565036e-8
1.821,-3.873489601893527e-8,1.775508415929992e-8
1.822,-3.8287168831590244e-8,1.7447395319648768e-8
1.823,-3.784435904527211e-8,1.714464020109568e-8
1.824,-3.7406416979661735e-8,1.6846743807804783e-8
1.825,-3.697329338017639e-8,1.6553632236122394e-8
1.826,-3.6544939415772195e-8,1.626523265928712e-8
1.827,-3.612130667672543e-8,1.5981473312345273e-8
1.828,-3.570234717239388e-8,1.5702283477268987e-8
1.829,-3.5288013328959035e-8,1.5427593468274396e-8
1.83,-3.48782579871501e-8,1.5157334617337393e-8
1.831,-3.4473034399950844e-8,1.4891439259904352e-8
1.832,-3.407229623029011e-8,1.462984072079541e-8
1.833,-3.3675997548716896e-8,1.4372473300297749e-8
1.834,-3.328409283106089e-8,1.4119272260446506e-8
1.835,-3.2896536956079245e-8,1.3870173811490867e-8
1.836,-3.251328520309051e-8,1.3625115098542979e-8
1.837,-3.2134293249596415e-8,1.3384034188407315e-8
1.838,-3.1759517168892384e-8,1.3146870056588192e-8
1.839,-3.1388913427667464e-8,1.2913562574473106e-8
1.84,-3.10224388835945e-8,1.268405249668967e-8
1.841,-3.0660050782911184e-8,1.2458281448633851e-8
1.842,-3.03017067579928e-8,1.2236191914167365e-8
1.843,-2.994736482491723e-8,1.2017727223481965e-8
1.844,-2.9596983381023003e-8,1.1802831541128526e-8
1.845,-2.9250521202461026e-8,1.159144985420876e-8
1.846,-2.890793744174055e-8,1.1383527960727468e-8
1.847,-2.856919162527011e-8,1.1179012458103214e-8
1.848,-2.8234243650893996e-8,1.097785073183543e-8
1.849,-2.7903053785424812e-8,1.0779990944325845e-8
1.85,-2.7575582662172798e-8,1.0585382023852272e-8
1.851,-2.7251791278472356e-8,1.0393973653692785e-8
1.852,-2.6931640993206442e-8,1.0205716261398266e-8
1.853,-2.6615093524329267e-8,1.0020561008211473e-8
1.854,-2.6302110946387872e-8,9.838459778630634e-9
1.855,-2.5992655688043095e-8,9.659365170115736e-9
1.856,-2.5686690529590374e-8,9.48323048293564e-9
1.857,-2.5384178600480895e-8,9.310009710154133e-9
1.858,-2.5085083376843558e-8,9.139657527753176e-9
1.859,-2.4789368679008182e-8,8.972129284891476e-9
1.86,-2.4496998669030423e-8,8.80738099429666e-9
1.861,-2.4207937848218807e-8,8.645369322789282e-9
1.862,-2.3922151054664303e-8,8.486051581936919e-9
1.863,-2.363960346077284e-8,8.32938571883668e-9
1.864,-2.3360260570801155e-8,8.1753303070244e-9
1.865,-2.3084088218396383e-8,8.02384453750889e-9
1.866,-2.2811052564139684e-8,7.874888209929575e-9
1.867,-2.254112009309436e-8,7.728421723835894e-9
1.868,-2.2274257612358734e-8,7.584406070086877e-9
1.869,-2.2010432248624186e-8,7.442802822369274e-9
1.87,-2.1749611445738626e-8,7.303574128832736e-9
1.871,-2.1491762962275745e-8,7.166682703840424e-9
1.872,-2.123685486911036e-8,7.032091819833574e-9
1.873,-2.0984855547000145e-8,6.899765299308504e-9
1.874,-2.0735733684173997e-8,6.769667506904543e-9
1.875,-2.0489458273927414e-8,6.641763341601455e-9
1.876,-2.0245998612225042e-8,6.516018229024871e-9
1.877,-2.0005324295310722e-8,6.392398113858323e-9
1.878,-1.9767405217325292e-8,6.270869452360437e-9
1.879,-1.9532211567932352e-8,6.151399204985918e-9
1.88,-1.9299713829952252e-8,6.033954829108923e-9
1.881,-1.9069882777004545e-8,5.918504271847471e-9
1.882,-1.884268947115908e-8,5.805015962987549e-9
1.883,-1.861810526059602e-8,5.6934588080055656e-9
1.884,-1.83961017772749e-8,5.58380218118787e-9
1.885,-1.8176650934613023e-8,5.4760159188460155e-9
1.886,-1.7959724925173306e-8,5.370070312626507e-9
1.887,-1.7745296218361788e-8,5.26593610291376e-9
1.888,-1.7533337558135e-8,5.163584472325032e-9
1.889,-1.7323821960717335e-8,5.062987039296084e-9
1.89,-1.7116722712328584e-8,4.964115851756377e-9
1.891,-1.6912013366921835e-8,4.8669433808925886e-9
1.892,-1.6709667743931827e-8,4.7714425149992675e-9
1.893,-1.6509659926033954e-8,4.677586553415463e-9
1.894,-1.6311964256914036e-8,4.585349200546176e-9
1.895,-1.6116555339048997e-8,4.4947045599674825e-9
1.896,-1.5923408031498562e-8,4.405627128614216e-9
1.897,-1.5732497447708116e-8,4.3180917910490915e-9
1.898,-1.5543798953322852e-8,4.232073813812184e-9
1.899,-1.5357288164013265e-8,4.147548839849662e-9
1.9,-1.5172940943312162e-8,4.064492883020732e-9
1.901,-1.4990733400463247e-8,3.982882322681719e-9
1.902,-1.4810641888281416e-8,3.90269389834625e-9
1.903,-1.4632643001024782e-8,3.82390470442052e-9
1.904,-1.4456713572278616e-8,3.74649218501261e-9
1.905,-1.4282830672851193e-8,3.670434128814877e-9
1.906,-1.4110971608681686e-8,3.5957086640584053e-9
1.907,-1.3941113918760139e-8,3.5222942535385603e-9
1.908,-1.377323537305961e-8,3.450169689710676e-9
1.909,-1.360731397048055e-8,3.379314089854925e-9
1.91,-1.3443327936807451e-8,3.309706891309434e-9
1.911,-1.3281255722677865e-8,3.2413278467707185e-9
1.912,-1.3121076001563795e-8,3.1741570196605243e-9
1.913,-1.2962767667765548e-8,3.1081747795581696e-9
1.914,-1.2806309834418074e-8,3.0433617976975033e-9
1.915,-1.2651681831509833e-8,2.979699042527595e-9
1.916,-1.2498863203914246e-8,2.9171677753362897e-9
1.917,-1.2347833709433726e-8,2.8557495459357796e-9
1.918,-1.2198573316856364e-8,2.7954261884093324e-9
1.919,-1.2051062204025277e-8,2.7361798169183576e-9
1.92,-1.1905280755920629e-8,2.677992821568978e-9
1.921,-1.1761209562754367e-8,2.6208478643372972e-9
1.922,-1.1618829418077698e-8,2.5647278750525614e-9
1.923,-1.1478121316901281e-8,2.5096160474374237e-9
1.924,-1.13390664538282e-8,2.4554958352045305e-9
1.925,-1.1201646221199683e-8,2.402350948208657e-9
1.926,-1.1065842207253602e-8,2.3501653486536346e-9
1.927,-1.0931636194295747e-8,2.2989232473533194e-9
1.928,-1.0799010156883877e-8,2.248609100045854e-9
1.929,-1.0667946260024549e-8,2.1992076037605016e-9
1.93,-1.0538426857382715e-8,2.1507036932363253e-9
1.931,-1.0410434489504104e-8,2.103082537391999e-9
1.932,-1.028395188205034e-8,2.0563295358460533e-9
1.933,-1.0158961944046838e-8,2.010430315486855e-9
1.934,-1.0035447766143409e-8,1.965370727091642e-9
1.935,-9.913392618887622e-9,1.9211368419939398e-9
1.936,-9.792779951010845e-9,1.8777149487986836e-9
1.937,-9.673593387726986e-9,1.8350915501443986e-9
1.938,-9.555816729043917e-9,1.7932533595117865e-9
1.939,-9.439433948087517e-9,1.7521872980780734e-9
1.94,-9.324429189438365e-9,1.7118804916164956e-9
1.941,-9.21078676748101e-9,1.67232026744029e-9
1.942,-9.098491164765826e-9,1.6334941513905853e-9
1.943,-8.9875270303834e-9,1.595389864867574e-9
1.944,-8.877879178351426e-9,1.557995321904379e-9
1.945,-8.769532586014086e-9,1.5212986262830133e-9
1.946,-8.662472392453873e-9,1.4852880686918559e-9
1.947,-8.55668389691581e-9,1.449952123924067e-9
1.948,-8.452152557244059e-9,1.4152794481163722e-9
1.949,-8.348863988330856e-9,1.3812588760276597e-9
1.95,-8.246803960577733e-9,1.3478794183568343e-9
1.951,-8.145958398369006e-9,1.3151302590993836e-9
1.952,-8.046313378557459e-9,1.28300075294212e-9
1.953,-7.947855128962222e-9,1.2514804226955646e-9
1.954,-7.850570026878742e-9,1.2205589567634518e-9
1.955,-7.754444597600854e-9,1.1902262066488368e-9
1.956,-7.659465512954885e-9,1.160472184496295e-9
1.957,-7.565619589845719e-9,1.1312870606697111e-9
1.958,-7.472893788814833e-9,1.1026611613651634e-9
1.959,-7.3812752126101915e-9,1.0745849662584082e-9
1.96,-7.290751104767989e-9,1.047049106186488e-9
1.961,-7.201308848206177e-9,1.0200443608629815e-9
1.962,-7.112935963829724e-9,9.93561656626427e-10
1.963,-7.025620109147548e-9,9.67592064221456e-10
1.964,-6.939349076901087e-9,9.421267966121781e-10
1.965,-6.85411079370443e-9,9.17157206827366e-10
1.966,-6.769893318695971e-9,8.926747858369943e-10
1.967,-6.686684842201515e-9,8.686711604596952e-10
1.968,-6.604473684408798e-9,8.451380913006944e-10
1.969,-6.523248294053343e-9,8.220674707198003e-10
1.97,-6.442997247115611e-9,7.994513208290265e-10
1.971,-6.363709245529373e-9,7.772817915194291e-10
1.972,-6.285373115901266e-9,7.555511585167482e-10
1.973,-6.207977808241444e-9,7.342518214654506e-10
1.974,-6.13151239470529e-9,7.13376302040772e-10
1.975,-6.055966068346113e-9,6.929172420883647e-10
1.976,-5.981328141878779e-9,6.728674017911636e-10
1.977,-5.907588046454204e-9,6.532196578630848e-10
1.978,-5.834735330444654e-9,6.339670017691797e-10
1.979,-5.762759658239791e-9,6.151025379718712e-10
1.98,-5.6916508090533935e-9,5.966194822029034e-10
1.981,-5.6213986757407035e-9,5.785111597606415e-10
1.982,-5.5519932636263185e-9,5.607710038323654e-10
1.983,-5.483424689342581e-9,5.433925538411998e-10
1.984,-5.415683179678391e-9,5.263694538173369e-10
1.985,-5.348759070438384e-9,5.096954507932047e-10
1.986,-5.2826428053124e-9,4.933643932222424e-10
1.987,-5.2173249347551985e-9,4.773702294209491e-10
1.988,-5.152796114876334e-9,4.617070060338755e-10
1.989,-5.089047106340133e-9,4.463688665212327e-10
1.99,-5.026068773275716e-9,4.313500496687977e-10
1.991,-4.963852082196994e-9,4.166448881197988e-10
1.992,-4.902388100932564e-9,4.022478069284687e-10
1.993,-4.841667997565454e-9,3.881533221349566e-10
1.994,-4.781683039382647e-9,3.7435603936129676e-10
1.995,-4.7224245918343085e-9,3.60850652428133e-10
1.996,-4.6638841175026635e-9,3.476319419919035e-10
1.997,-4.606053175080456e-9,3.3469477420219534e-10
1.998,-4.548923418358912e-9,3.2203409937897987e-10
1.999,-4.4924865952251655e-9,3.096449507094474e-10
2.0,-4.436734546669051e-9,2.9752244296415916e-10
2.001,-4.3816592057992215e-9,2.85661771232243e-10
2.002,-4.327252596868511e-9,2.740582096753592e-10
2.003,-4.273506834308484e-9,2.62707110300169e-10
2.004,-4.220414121773104e-9,2.516039017490413e-10
2.005,-4.167966751191448e-9,2.4074408810873576e-10
2.006,-4.1161571018294165e-9,2.301232477368062e-10
2.007,-4.064977639360357e-9,2.1973703210546974e-10
2.008,-4.014420914944547e-9,2.0958116466269157e-10
2.009,-3.964479564317462e-9,1.9965143971023856e-10
2.01,-3.9151463068867775e-9,1.899437212984584e-10
2.011,-3.866413944838017e-9,1.8045394213754434e-10
2.012,-3.818275362248801e-9,1.7117810252504822e-10
2.013,-3.770723524211631e-9,1.6211226928940928e-10
2.014,-3.7237514759651206e-9,1.5325257474926773e-10
2.015,-3.677352342033644e-9,1.445952156883366e-10
2.016,-3.6315193253753064e-9,1.361364523456074e-10
2.017,-3.58624570653819e-9,1.278726074206699e-10
2.018,-3.541524842824805e-9,1.1980006509392682e-10
2.019,-3.497350167464681e-9,1.1191527006149033e-10
2.02,-3.45371518879504e-9,1.0421472658454738e-10
2.021,-3.4106134894494775e-9,9.669499755298594e-11
2.022,-3.3680387255545993e-9,8.935270356307593e-11
2.023,-3.3259846259345457e-9,8.218452200900185e-11
2.024,-3.284444991323335e-9,7.51871861880472e-11
2.025,-3.243413693584975e-9,6.8357484419233e-11
2.026,-3.202884674941268e-9,6.169225917521607e-11
2.027,-3.1628519472072566e-9,5.518840622725502e-11
2.028,-3.123309591034239e-9,4.884287380305467e-11
2.029,-3.084251755160301e-9,4.265266175730254e-11
2.03,-3.0456726556682972e-9,3.661482075471322e-11
2.031,-3.007566575251221e-9,3.072645146539928e-11
2.032,-2.969927862484902e-9,2.4984703772389886e-11
2.033,-2.9327509311079733e-9,1.938677599112075e-11
2.034,-2.8960302593090427e-9,1.392991410072146e-11
2.035,-2.859760389021013e-9,8.611410986928782e-12
2.036,-2.823935925222486e-9,3.42860569645689e-12
2.037,-2.7885515352461935e-9,-1.6211172973422343e-12
2.038,-2.7536019480943966e-9,-6.5403288176925015e-12
2.039,-2.7190819537611918e-9,-1.1331555696643612e-11
2.04,-2.6849864025616666e-9,-1.599728147651689e-11
2.041,-2.6513102044678445e-9,-2.053994710070458e-11
2.042,-2.618048328451361e-9,-2.4961951593977927e-11
2.043,-2.585195801832817e-9,-2.926565273245714e-11
2.044,-2.552747709637745e-9,-3.3453367703394207e-11
2.045,-2.520699193959135e-9,-3.752737375491743e-11
2.046,-2.489045453326462e-9,-4.1489908835884416e-11
2.047,-2.4577817420811604e-9,-4.534317222598813e-11
2.048,-2.4269033697584818e-9,-4.908932515625878e-11
2.049,-2.3964057004756924e-9,-5.273049142010203e-11
2.05,-2.3662841523265393e-9,-5.626875797501222e-11
2.051,-2.3365341967819424e-9,-5.970617553509736e-11
2.052,-2.307151358096851e-9,-6.304475915455045e-11
2.053,-2.27813121272321e-9,-6.628648880220013e-11
2.054,-2.2494693887289845e-9,-6.943330992727162e-11
2.055,-2.2211615652231837e-9,-7.248713401648694e-11
2.056,-2.1932034717868365e-9,-7.544983914263176e-11
2.057,-2.1655908879098583e-9,-7.832327050471446e-11
2.058,-2.1383196424337616e-9,-8.110924095984081e-11
2.059,-2.111385613000155e-9,-8.380953154692657e-11
2.06,-2.084784725504975e-9,-8.642589200236793e-11
2.061,-2.058512953558407e-9,-8.896004126778847e-11
2.062,-2.032566317950435e-9,-9.141366798997935e-11
2.063,-2.0069408861219694e-9,-9.378843101314801e-11
2.064,-1.9816327716415098e-9,-9.608595986358872e-11
2.065,-1.95663813368728e-9,-9.830785522688713e-11
2.066,-1.9319531765347976e-9,-1.004556894177689e-10
2.067,-1.9075741490498118e-9,-1.025310068427013e-10
2.068,-1.8834973441865787e-9,-1.0453532445535492e-10
2.069,-1.8597190984914095e-9,-1.0647013220503116e-10
2.07,-1.836235791611447e-9,-1.083368934781596e-10
2.071,-1.8130438458086266e-9,-1.1013704553296816e-10
2.072,-1.7901397254787642e-9,-1.1187199992742678e-10
2.073,-1.767519936675732e-9,-1.1354314294056494e-10
2.074,-1.7451810266406663e-9,-1.1515183598726095e-10
2.075,-1.7231195833361676e-9,-1.166994160266e-10
2.076,-1.7013322349854374e-9,-1.1818719596389681e-10
2.077,-1.6798156496163139e-9,-1.196164650464765e-10
2.078,-1.6585665346101524e-9,-1.2098848925330707e-10
2.079,-1.637581636255509e-9,-1.2230451167857452e-10
2.08,-1.6168577393065807e-9,-1.2356575290929131e-10
2.081,-1.5963916665463552e-9,-1.2477341139702623e-10
2.082,-1.5761802783544266e-9,-1.2592866382384427e-10
2.083,-1.556220472279433e-9,-1.2703266546254209e-10
2.084,-1.5365091826160689e-9,-1.2808655053126456e-10
2.085,-1.517043379986631e-9,-1.290914325425861e-10
2.086,-1.4978200709270525e-9,-1.3004840464713962e-10
2.087,-1.4788362974773823e-9,-1.309585399718745e-10
2.088,-1.4600891367766665e-9,-1.3182289195302388e-10
2.089,-1.441575700662189e-9,-1.3264249466386037e-10
2.09,-1.4232931352730304e-9,-1.3341836313731856e-10
2.091,-1.405238620657899e-9,-1.3415149368356068e-10
2.092,-1.3874093703871986e-9,-1.3484286420256153e-10
2.093,-1.3698026311692846e-9,-1.3549343449178748e-10
2.094,-1.3524156824708736e-9,-1.361041465490426e-10
2.095,-1.3352458361415602e-9,-1.366759248705553e-10
2.096,-1.3182904360424057e-9,-1.372096767443761e-10
2.097,-1.3015468576785544e-9,-1.3770629253915773e-10
2.098,-1.2850125078358402e-9,-1.3816664598838658e-10
2.099,-1.2686848242213438e-9,-1.3859159447013388e-10
2.1,-1.2525612751078586e-9,-1.3898197928239456e-10
2.101,-1.236639358982232e-9,-1.3933862591407956e-10
2.102,-1.2209166041975374e-9,-1.3966234431172782e-10
2.103,-1.2053905686290434e-9,-1.3995392914200174e-10
2.104,-1.1900588393339392e-9,-1.4021416005003062e-10
2.105,-1.1749190322147814e-9,-1.404438019136638e-10
2.106,-1.1599687916866226e-9,-1.406436050936961e-10
2.107,-1.1452057903477853e-9,-1.4081430568012597e-10
2.108,-1.130627728654247e-9,-1.409566257345065e-10
2.109,-1.1162323345975954e-9,-1.410712735284486e-10
2.11,-1.1020173633865226e-9,-1.411589437783339e-10
2.111,-1.0879805971318199e-9,-1.4122031787629606e-10
2.112,-1.0741198445348375e-9,-1.4125606411752573e-10
2.113,-1.0604329405793764e-9,-1.4126683792395562e-10
2.114,-1.0469177462269747e-9,-1.4125328206438073e-10
2.115,-1.0335721481155556e-9,-1.412160268710674e-10
2.116,-1.0203940582614038e-9,-1.4115569045290482e-10
2.117,-1.0073814137644338e-9,-1.4107287890515167e-10
2.118,-9.94532176516718e-10,-1.4096818651582937e-10
2.119,-9.818443329142421e-10,-1.4084219596881325e-10
2.12,-9.693158935718536e-10,-1.4069547854367172e-10
2.121,-9.569448930413693e-10,-1.4052859431230334e-10
2.122,-9.447293895328143e-10,-1.4034209233242003e-10
2.123,-9.326674646387533e-10,-1.4013651083792534e-10
2.124,-9.207572230616895e-10,-1.399123774262344e-10
2.125,-9.089967923444932e-10,-1.3967020924258271e-10
2.126,-8.973843226038345e-10,-1.3941051316136985e-10
2.127,-8.859179862665832e-10,-1.3913378596458306e-10
2.128,-8.745959778091514e-10,-1.3884051451734575e-10
2.129,-8.634165134997431e-10,-1.38531175940635e-10
2.13,-8.523778311434835e-10,-1.3820623778121088e-10
2.131,-8.414781898303965e-10,-1.3786615817880117e-10
2.132,-8.307158696862036e-10,-1.3751138603058284e-10
2.133,-8.200891716259097e-10,-1.3714236115300222e-10
2.134,-8.095964171101527e-10,-1.3675951444097458e-10
2.135,-7.992359479042836e-10,-1.3636326802450335e-10
2.136,-7.890061258401498e-10,-1.3595403542275895e-10
2.137,-7.789053325805551e-10,-1.3553222169565585e-10
2.138,-7.689319693863647e-10,-1.3509822359296684e-10
2.139,-7.590844568862317e-10,-1.3465242970101212e-10
2.14,-7.493612348489133e-10,-1.341952205869609e-10
2.141,-7.397607619581538e-10,-1.3372696894078197e-10
2.142,-7.302815155901024e-10,-1.3324803971487995e-10
2.143,-7.209219915932445e-10,-1.327587902614526e-10
2.144,-7.116807040708146e-10,-1.3225957046760472e-10
2.145,-7.025561851656696e-10,-1.317507228882531e-10
2.146,-6.935469848475915e-10,-1.312325828768567e-10
2.147,-6.846516707029991e-10,-1.3070547871400622e-10
2.148,-6.758688277270368e-10,-1.3016973173390523e-10
2.149,-6.671970581180226e-10,-1.2962565644877689e-10
2.15,-6.586349810742228e-10,-1.2907356067122702e-10
2.151,-6.501812325929346e-10,-1.2851374563459662e-10
2.152,-6.418344652718483e-10,-1.279465061113338e-10
2.153,-6.335933481126668e-10,-1.2737213052941704e-10
2.154,-6.254565663269567e-10,-1.2679090108685922e-10
2.155,-6.174228211442086e-10,-1.2620309386432282e-10
2.156,-6.094908296220819e-10,-1.2560897893587554e-10
2.157,-6.016593244588115e-10,-1.2500882047791532e-10
2.158,-5.939270538077522e-10,-1.2440287687629326e-10
2.159,-5.862927810940387e-10,-1.2379140083166267e-10
2.16,-5.787552848333387e-10,-1.2317463946308204e-10
2.161,-5.713133584526745e-10,-1.2255283440989886e-10
2.162,-5.639658101132944e-10,-1.2192622193194164e-10
2.163,-5.567114625355678e-10,-1.212950330080462e-10
2.164,-5.495491528258855e-10,-1.2065949343294267e-10
2.165,-5.424777323055414e-10,-1.2001982391252854e-10
2.166,-5.354960663415746e-10,-1.1937624015755338e-10
2.167,-5.286030341795519e-10,-1.1872895297573993e-10
2.168,-5.217975287782679e-10,-1.1807816836236637e-10
2.169,-5.150784566463426e-10,-1.1742408758933347e-10
2.17,-5.084447376806967e-10,-1.1676690729274116e-10
2.171,-5.018953050068826e-10,-1.1610681955899724e-10
2.172,-4.954291048212526e-10,-1.1544401200948193e-10
2.173,-4.890450962349428e-10,-1.147786678837906e-10
2.174,-4.827422511196532e-10,-1.1411096612157739e-10
2.175,-4.765195539552063e-10,-1.1344108144302161e-10
2.176,-4.703760016788613e-10,-1.127691844279388e-10
2.177,-4.643106035363678e-10,-1.1209544159355779e-10
2.178,-4.5832238093473827e-10,-1.1142001547098483e-10
2.179,-4.524103672967212e-10,-1.1074306468037567e-10
2.18,-4.4657360791695583e-10,-1.1006474400483604e-10
2.181,-4.4081115981979017e-10,-1.0938520446307051e-10
2.182,-4.351220916187444e-10,-1.0870459338079985e-10
2.183,-4.2950548337760056e-10,-1.080230544609662e-10
2.184,-4.2396042647310226e-10,-1.0734072785274544e-10
2.185,-4.1848602345924463e-10,-1.0665775021938576e-10
2.186,-4.1308138793313887e-10,-1.0597425480489086e-10
2.187,-4.0774564440243273e-10,-1.0529037149956647e-10
2.188,-4.024779281542706e-10,-1.046062269044481e-10
2.189,-3.972773851257753e-10,-1.0392194439462799e-10
2.19,-3.9214317177603573e-10,-1.0323764418149866e-10
2.191,-3.8707445495958285e-10,-1.0255344337393051e-10
2.192,-3.8207041180133827e-10,-1.0186945603840047e-10
2.193,-3.7713022957301796e-10,-1.0118579325808835e-10
2.194,-3.7225310557097673e-10,-1.0050256319095763e-10
2.195,-3.674382469954754e-10,-9.981987112683679e-11
2.196,-3.6268487083135634e-10,-9.913781954351716e-11
2.197,-3.579922037301114e-10,-9.84565081618833e-11
2.198,-3.533594818933261e-10,-9.777603400009115e-11
2.199,-3.4878595095748544e-10,-9.70964914268095e-11
2.2,-3.442708658801257e-10,-9.641797221353965e-11
2.201,-3.3981349082731785e-10,-9.574056558602822e-11
2.202,-3.354130990624665e-10,-9.506435827478763e-11
2.203,-3.310689728364111e-10,-9.438943456473867e-11
2.204,-3.267804032788136e-10,-9.37158763439894e-11
2.205,-3.225466902908192e-10,-9.304376315176406e-11
2.206,-3.183671424389747e-10,-9.237317222549611e-11
2.207,-3.142410768503918e-10,-9.170417854709857e-11
2.208,-3.1016781910914027e-10,-9.10368548884251e-11
2.209,-3.061467031538574e-10,-9.037127185593509e-11
2.21,-3.021770711765604e-10,-8.970749793457527e-11
2.211,-2.982582735226481e-10,-8.904559953089104e-11
2.212,-2.943896685920782e-10,-8.838564101537954e-11
2.213,-2.90570622741707e-10,-8.772768476409724e-11
2.214,-2.868005101887792e-10,-8.707179119953376e-11
2.215,-2.8307871291555354e-10,-8.64180188307641e-11
2.216,-2.794046205750523e-10,-8.576642429289112e-11
2.217,-2.757776303979219e-10,-8.511706238578954e-11
2.218,-2.7219714710039185e-10,-8.446998611216305e-11
2.219,-2.6866258279331934e-10,-8.38252467149259e-11
2.22,-2.651733568923082e-10,-8.318289371391958e-11
2.221,-2.6172889602888837e-10,-8.254297494197593e-11
2.222,-2.58328633962746e-10,-8.190553658033711e-11
2.223,-2.549720114949901e-10,-8.127062319344303e-11
2.224,-2.5165847638244537e-10,-8.063827776309667e-11
2.225,-2.4838748325295936e-10,-8.000854172201735e-11
2.226,-2.451584935217119e-10,-7.938145498679235e-11
2.227,-2.4197097530851567e-10,-7.875705599023631e-11
2.228,-2.3882440335609696e-10,-7.813538171316853e-11
2.229,-2.3571825894934496e-10,-7.751646771561763e-11
2.23,-2.326520298355187e-10,-7.690034816746293e-11
2.231,-2.296252101454008e-10,-7.628705587852205e-11
2.232,-2.2663730031538732e-10,-7.567662232809369e-11
2.233,-2.2368780701050244e-10,-7.506907769396468e-11
2.234,-2.2077624304832836e-10,-7.446445088089027e-11
2.235,-2.1790212732383892e-10,-7.386276954855611e-11
2.236,-2.150649847351274e-10,-7.326406013903087e-11
2.237,-2.1226434611001785e-10,-7.266834790371761e-11
2.238,-2.094997481335499e-10,-7.207565692981262e-11
2.239,-2.067707332763269e-10,-7.148601016627947e-11
2.24,-2.0407684972371804e-10,-7.089942944934675e-11
2.241,-2.0141765130590378e-10,-7.031593552753716e-11
2.242,-1.9879269742875562e-10,-6.97355480862359e-11
2.243,-1.9620155300554024e-10,-6.915828577180615e-11
2.244,-1.9364378838943878e-10,-6.858416621525881e-11
2.245,-1.9111897930687146e-10,-6.801320605548456e-11
2.246,-1.8862670679161895e-10,-6.7445420962055e-11
2.247,-1.8616655711973037e-10,-6.688082565760045e-11
2.248,-1.8373812174520993e-10,-6.631943393977149e-11
2.249,-1.8134099723647227e-10,-6.576125870279091e-11
2.25,-1.7897478521355807e-10,-6.520631195860349e-11
2.251,-1.7663909228610145e-10,-6.465460485762985e-11
2.252,-1.7433352999203954e-10,-6.41061477091315e-11
2.253,-1.7205771473705681e-10,-6.35609500011932e-11
2.254,-1.6981126773475455e-10,-6.301902042032956e-11
2.255,-1.6759381494753803e-10,-6.248036687072187e-11
2.256,-1.6540498702821235e-10,-6.194499649309152e-11
2.257,-1.6324441926227906e-10,-6.141291568321636e-11
2.258,-1.6111175151092556e-10,-6.088413011009568e-11
2.259,-1.5900662815469877e-10,-6.035864473377016e-11
2.26,-1.5692869803785575e-10,-5.983646382280243e-11
2.261,-1.5487761441338273e-10,-5.931759097142404e-11
2.262,-1.5285303488867544e-10,-5.88020291163546e-11
2.263,-1.508546213718725e-10,-5.828978055329862e-11
2.264,-1.488820400188347e-10,-5.778084695312552e-11
2.265,-1.4693496118076206e-10,-5.727522937773842e-11
2.266,-1.4501305935244226e-10,-5.67729282956367e-11
2.267,-1.4311601312112177e-10,-5.627394359717793e-11
2.268,-1.4124350511599362e-10,-5.5778274609544074e-11
2.269,-1.393952219582937e-10,-5.5285920111417164e-11
2.27,-1.3757085421199916e-10,-5.4796878347369433e-11
2.271,-1.3577009633512144e-10,-5.431114704197276e-11
2.272,-1.3399264663158705e-10,-5.382872341363237e-11
2.273,-1.3223820720369956e-10,-5.3349604188149416e-11
2.274,-1.3050648390517544e-10,-5.2873785612017256e-11
2.275,-1.287971862947476e-10,-5.240126346545592e-11
2.276,-1.271100275903294e-10,-5.19320330751894e-11
2.277,-1.254447246237333e-10,-5.146608932697014e-11
2.278,-1.2380099779593676e-10,-5.100342667785516e-11
2.279,-1.2217857103288983e-10,-5.054403916823814e-11
2.28,-1.2057717174185728e-10,-5.008792043364165e-11
2.281,-1.1899653076828983e-10,-4.963506371627378e-11
2.282,-1.1743638235321737e-10,-4.918546187635329e-11
2.283,-1.1589646409115888e-10,-4.873910740320716e-11
2.284,-1.1437651688854223e-10,-4.8295992426144786e-11
2.285,-1.1287628492262847e-10,-4.785610872511251e-11
2.286,-1.1139551560093427e-10,-4.741944774113243e-11
2.287,-1.0993395952114679e-10,-4.698600058652933e-11
2.288,-1.0849137043152518e-10,-4.6555758054949284e-11
2.289,-1.0706750519178303e-10,-4.612871063117385e-11
2.29,-1.0566212373444586e-10,-4.570484850073322e-11
2.291,-1.042749890266784e-10,-4.528416155932203e-11
2.292,-1.0290586703257571e-10,-4.486663942202124e-11
2.293,-1.0155452667591314e-10,-4.4452271432329584e-11
2.294,-1.0022073980334915e-10,-4.4041046671007924e-11
2.295,-9.890428114807615e-11,-4.363295396473979e-11
2.296,-9.760492829391372e-11,-4.322798189461151e-11
2.297,-9.632246163983915e-11,-4.282611880441496e-11
2.298,-9.505666436494997e-11,-4.2427352808776243e-11
2.299,-9.380732239385357e-11,-4.203167180111339e-11
2.3,-9.257422436247864e-11,-4.1639063461426025e-11
2.301,-9.135716158430354e-11,-4.124951526392014e-11
2.302,-9.015592801699654e-11,-4.0863014484470886e-11
2.303,-8.897032022946336e-11,-4.047954820792624e-11
2.304,-8.780013736929664e-11,-4.009910333525454e-11
2.305,-8.664518113062307e-11,-3.972166659053853e-11
2.306,-8.550525572234326e-11,-3.934722452781887e-11
2.307,-8.438016783675945e-11,-3.897576353778963e-11
2.308,-8.3269726618587e-11,-3.8607269854348684e-11
2.309,-8.217374363434449e-11,-3.824172956100539e-11
2.31,-8.109203284211832e-11,-3.7879128597148357e-11
2.311,-8.00244105616972e-11,-3.751945276417568e-11
2.312,-7.897069544507217e-11,-3.716268773149029e-11
2.313,-7.793070844729771e-11,-3.680881904236277e-11
2.314,-7.690427279770978e-11,-3.645783211966412e-11
2.315,-7.589121397149635e-11,-3.610971227147082e-11
2.316,-7.489135966161641e-11,-3.57644446965446e-11
2.317,-7.390453975106312e-11,-3.542201448968909e-11
2.318,-7.293058628546706e-11,-3.508240664698576e-11
2.319,-7.196933344603567e-11,-3.4745606070911305e-11
2.32,-7.102061752282442e-11,-3.441159757533863e-11
2.321,-7.00842768883364e-11,-3.408036589042366e-11
2.322,-6.916015197144568e-11,-3.3751895667380086e-11
2.323,-6.824808523164124e-11,-3.3426171483144035e-11
2.324,-6.734792113358702e-11,-3.310317784493084e-11
2.325,-6.645950612199483e-11,-3.278289919468584e-11
2.326,-6.558268859680596e-11,-3.246531991343119e-11
2.327,-6.471731888867812e-11,-3.215042432551069e-11
2.328,-6.386324923477367e-11,-3.1838196702734445e-11
2.329,-6.302033375484602e-11,-3.152862126842535e-11
2.33,-6.218842842762011e-11,-3.1221682201369105e-11
2.331,-6.136739106746377e-11,-3.091736363966977e-11
2.332,-6.055708130134639e-11,-3.061564968451244e-11
2.333,-5.975736054608136e-11,-3.031652440383493e-11
2.334,-5.896809198584898e-11,-3.001997183591018e-11
2.335,-5.818914054999641e-11,-2.972597599284102e-11
2.336,-5.742037289111127e-11,-2.943452086396898e-11
2.337,-5.666165736336581e-11,-2.9145590419198886e-11
2.338,-5.591286400112804e-11,-2.8859168612240657e-11
2.339,-5.5173864497837e-11,-2.857523938377008e-11
2.34,-5.4444532185138654e-11,-2.829378666451001e-11
2.341,-5.372474201227945e-11,-2.801479437823355e-11
2.342,-5.3014370525754435e-11,-2.7738246444690722e-11
2.343,-5.231329584920671e-11,-2.746412678246011e-11
2.344,-5.162139766357539e-11,-2.7192419311726907e-11
2.345,-5.093855718748893e-11,-2.6923107956988828e-11
2.346,-5.026465715790085e-11,-2.6656176649691258e-11
2.347,-4.9599581810965086e-11,-2.6391609330793023e-11
2.348,-4.8943216863147805e-11,-2.6129389953264177e-11
2.349,-4.829544949257309e-11,-2.5869502484517054e-11
2.35,-4.7656168320599545e-11,-2.5611930908772e-11
2.351,-4.702526339362495e-11,-2.535665922935898e-11
2.352,-4.6402626165116365e-11,-2.5103671470956357e-11
2.353,-4.5788149477862856e-11,-2.4852951681768133e-11
2.354,-4.518172754644816e-11,-2.4604483935640765e-11
2.355,-4.45832559399406e-11,-2.4358252334120874e-11
2.356,-4.399263156479771e-11,-2.411424100845493e-11
2.357,-4.340975264798281e-11,-2.3872434121532142e-11
2.358,-4.2834518720291164e-11,-2.3632815869771628e-11
2.359,-4.226683059988292e-11,-2.339537048495504e-11
2.36,-4.170659037602063e-11,-2.3160082236005705e-11
2.361,-4.1153701393008513e-11,-2.2926935430715365e-11
2.362,-4.06080682343314e-11,-2.269591441741961e-11
2.363,-4.006959670699052e-11,-2.2467003586622974e-11
2.364,-3.9538193826034144e-11,-2.2240187372574818e-11
2.365,-3.9013767799280333e-11,-2.2015450254796886e-11
2.366,-3.849622801222979e-11,-2.1792776759563647e-11
2.367,-3.798548501316627e-11,-2.1572151461336286e-11
2.368,-3.7481450498442306e-11,-2.1353558984151347e-11
2.369,-3.698403729794816e-11,-2.1136984002964985e-11
2.37,-3.649315936076151e-11,-2.092241124495368e-11
2.371,-3.600873174097584e-11,-2.070982549077239e-11
2.372,-3.553067058370536e-11,-2.0499211575770973e-11
2.373,-3.505889311126418e-11,-2.0290554391169768e-11
2.374,-3.459331760951775e-11,-2.0083838885195228e-11
2.375,-3.413386341440434e-11,-1.9879050064176356e-11
2.376,-3.368045089862461e-11,-1.9676172993602877e-11
2.377,-3.323300145849712e-11,-1.947519279914586e-11
2.378,-3.279143750097776e-11,-1.9276094667641665e-11
2.379,-3.235568243084119e-11,-1.9078863848039943e-11
2.38,-3.192566063802216e-11,-1.8883485652316472e-11
2.381,-3.150129748511493e-11,-1.8689945456351592e-11
2.382,-3.1082519295028646e-11,-1.8498228700774964e-11
2.383,-3.066925333879702e-11,-1.8308320891777417e-11
2.384,-3.026142782354015e-11,-1.8120207601890513e-11
2.385,-2.985897188057686e-11,-1.793387447073464e-11
2.386,-2.946181555368553e-11,-1.774930720573625e-11
2.387,-2.9069889787511764e-11,-1.7566491582814894e-11
2.388,-2.868312641612089e-11,-1.7385413447040827e-11
2.389,-2.830145815169376e-11,-1.7206058713263706e-11
2.39,-2.7924818573363875e-11,-1.7028413366713102e-11
2.391,-2.7553142116194257e-11,-1.685246346357143e-11
2.392,-2.7186364060292235e-11,-1.6678195131519898e-11
2.393,-2.682442052006057e-11,-1.6505594570258113e-11
2.394,-2.6467248433583117e-11,-1.6334648051997906e-11
2.395,-2.611478555214349e-11,-1.616534192193196e-11
2.396,-2.5766970429875005e-11,-1.5997662598677856e-11
2.397,-2.5423742413540362e-11,-1.5831596574698024e-11
2.398,-2.5085041632439408e-11,-1.5667130416696227e-11
2.399,-2.4750808988443424e-11,-1.5504250765991054e-11
2.4,-2.442098614615443e-11,-1.5342944338867006e-11
2.401,-2.4095515523187888e-11,-1.5183197926903646e-11
2.402,-2.3774340280577334e-11,-1.5024998397283374e-11
2.403,-2.3457404313299436e-11,-1.486833269307828e-11
2.404,-2.314465224091799e-11,-1.4713187833516598e-11
2.405,-2.2836029398345362e-11,-1.4559550914229247e-11
2.406,-2.253148182671998e-11,-1.4407409107476904e-11
2.407,-2.2230956264398405e-11,-1.425674966235809e-11
2.408,-2.193440013806056e-11,-1.4107559904998747e-11
2.409,-2.164176155392679e-11,-1.3959827238723703e-11
2.41,-2.1352989289085283e-11,-1.3813539144210517e-11
2.411,-2.1068032782928543e-11,-1.3668683179626096e-11
2.412,-2.0786842128697564e-11,-1.3525246980746523e-11
2.413,-2.0509368065132375e-11,-1.338321826106051e-11
2.414,-2.023556196822761e-11,-1.3242584811856878e-11
2.415,-1.9965375843091864e-11,-1.3103334502296468e-11
2.416,-1.9698762315909488e-11,-1.2965455279468857e-11
2.417,-1.943567462600362e-11,-1.2828935168434298e-11
2.418,-1.917606661799914e-11,-1.269376227225122e-11
2.419,-1.8919892734084356e-11,-1.2559924771989676e-11
2.42,-1.866710800637018e-11,-1.2427410926731105e-11
2.421,-1.8417668049345602e-11,-1.2296209073554756e-11
2.422,-1.8171529052428236e-11,-1.2166307627511117e-11
2.423,-1.7928647772608817e-11,-1.2037695081582696e-11
2.424,-1.768898152718841e-11,-1.1910360006632494e-11
2.425,-1.7452488186607287e-11,-1.1784291051340479e-11
2.426,-1.7219126167364196e-11,-1.1659476942128409e-11
2.427,-1.6988854425025046e-11,-1.1535906483073285e-11
2.428,-1.6761632447319795e-11,-1.1413568555809785e-11
2.429,-1.6537420247326498e-11,-1.1292452119421935e-11
2.43,-1.6316178356741416e-11,-1.1172546210324358e-11
2.431,-1.6097867819234116e-11,-1.1053839942133354e-11
2.432,-1.588245018388653e-11,-1.0936322505528125e-11
2.433,-1.5669887498714896e-11,-1.0819983168102401e-11
2.434,-1.5460142304273556e-11,-1.0704811274206768e-11
2.435,-1.5253177627339658e-11,-1.0590796244781925e-11
2.436,-1.504895697467764e-11,-1.0477927577183187e-11
2.437,-1.484744432688261e-11,-1.0366194844996442e-11
2.438,-1.46486041323016e-11,-1.0255587697845839e-11
2.439,-1.4452401301031697e-11,-1.014609586119345e-11
2.44,-1.425880119899415e-11,-1.0037709136131158e-11
2.441,-1.4067769642083477e-11,-9.930417399164977e-12
2.442,-1.3879272890390625e-11,-9.824210601992081e-12
2.443,-1.3693277642499298e-11,-9.719078771270728e-12
2.444,-1.350975102985451e-11,-9.615012008383328e-12
2.445,-1.332866061120248e-11,-9.512000489192867e-12
2.446,-1.3149974367100973e-11,-9.410034463792894e-12
2.447,-1.2973660694499212e-11,-9.309104256251291e-12
2.448,-1.2799688401386489e-11,-9.209200264348017e-12
2.449,-1.2628026701508633e-11,-9.11031295930705e-12
2.45,-1.2458645209151462e-11,-9.01243288552269e-12
2.451,-1.2291513933990412e-11,-8.915550660280455e-12
2.452,-1.2126603276005495e-11,-8.819656973472719e-12
2.453,-1.196388402046079e-11,-8.724742587309306e-12
2.454,-1.1803327332947638e-11,-8.630798336023207e-12
2.455,-1.1644904754490766e-11,-8.537815125571598e-12
2.456,-1.148858819671655e-11,-8.445783933332335e-12
2.457,-1.1334349937082625e-11,-8.35469580779609e-12
2.458,-1.1182162614168098e-11,-8.264541868254308e-12
2.459,-1.1031999223023585e-11,-8.175313304483112e-12
2.46,-1.0883833110580348e-11,-8.087001376423363e-12
2.461,-1.0737637971117764e-11,-7.999597413856993e-12
2.462,-1.0593387841788423e-11,-7.913092816079779e-12
2.463,-1.0451057098200111e-11,-7.827479051570697e-12
2.464,-1.0310620450053994e-11,-7.74274765765801e-12
2.465,-1.0172052936838256e-11,-7.658890240182229e-12
2.466,-1.0035329923576556e-11,-7.575898473156083e-12
2.467,-9.900427096630553e-12,-7.493764098421636e-12
2.468,-9.767320459555878e-12,-7.412478925304682e-12
2.469,-9.635986329010835e-12,-7.332034830266555e-12
2.47,-9.506401330717216e-12,-7.25242375655346e-12
2.471,-9.378542395472538e-12,-7.173637713843481e-12
2.472,-9.252386755213075e-12,-7.095668777891357e-12
2.473,-9.127911939127057e-12,-7.018509090171168e-12
2.474,-9.005095769817371e-12,-6.942150857517016e-12
2.475,-8.883916359513204e-12,-6.866586351761858e-12
2.476,-8.764352106329933e-12,-6.7918079093745606e-12
2.477,-8.646381690576737e-12,-6.7178079310953e-12
2.478,-8.529984071111274e-12,-6.644578881569425e-12
2.479,-8.415138481740854e-12,-6.572113288979859e-12
2.48,-8.301824427669535e-12,-6.500403744678165e-12
2.481,-8.190021681990534e-12,-6.429442902814364e-12
2.482,-8.079710282223412e-12,-6.35922347996559e-12
2.483,-7.970870526895459e-12,-6.2897382547637025e-12
2.484,-7.86348297216672e-12,-6.2209800675219165e-12
2.485,-7.75752842849812e-12,-6.152941819860563e-12
2.486,-7.652987957362135e-12,-6.085616474332057e-12
2.487,-7.549842867995496e-12,-6.018997054045151e-12
2.488,-7.448074714193359e-12,-5.953076642288575e-12
2.489,-7.347665291144467e-12,-5.8878483821541265e-12
2.49,-7.2485966323067385e-12,-5.823305476159295e-12
2.491,-7.150851006322816e-12,-5.7594411858695e-12
2.492,-7.054410913975042e-12,-5.696248831520016e-12
2.493,-6.959259085179377e-12,-5.6337217916376545e-12
2.494,-6.865378476017771e-12,-5.571853502662277e-12
2.495,-6.772752265808496e-12,-5.51063745856821e-12
2.496,-6.681363854213968e-12,-5.450067210485619e-12
2.497,-6.5911968583855784e-12,-5.3901363663219285e-12
2.498,-6.502235110145082e-12,-5.330838590383324e-12
2.499,-6.414462653202057e-12,-5.2721676029964205e-12
2.5,-6.3278637404070025e-12,-5.214117180130154e-12
2.501,-6.2424228310396184e-12,-5.15668115301794e-12
2.502,-6.158124588131814e-12,-5.0998534077801796e-12
2.503,-6.074953875825022e-12,-5.043627885047151e-12
2.504,-5.99289575676137e-12,-4.9879985795823505e-12
2.505,-5.9119354895082905e-12,-4.93295953990633e-12
2.506,-5.832058526016146e-12,-4.8785048679210875e-12
2.507,-5.753250509108449e-12,-4.824628718535058e-12
2.508,-5.675497270004263e-12,-4.771325299288753e-12
2.509,-5.5987848258723905e-12,-4.718588869981097e-12
2.51,-5.52309937741692e-12,-4.666413742296507e-12
2.511,-5.4484273064937706e-12,-4.61479427943276e-12
2.512,-5.374755173757804e-12,-4.5637248957296905e-12
2.513,-5.302069716340152e-12,-4.513200056298759e-12
2.514,-5.2303578455553485e-12,-4.463214276653534e-12
2.515,-5.159606644637907e-12,-4.4137621223411325e-12
2.516,-5.089803366507963e-12,-4.364838208574646e-12
2.517,-5.020935431565615e-12,-4.316437199866594e-12
2.518,-4.952990425513599e-12,-4.268553809663449e-12
2.519,-4.885956097207942e-12,-4.221182799981259e-12
2.52,-4.819820356536228e-12,-4.1743189810423966e-12
2.521,-4.754571272323149e-12,-4.1279572109134855e-12
2.522,-4.690197070262964e-12,-4.0820923951445175e-12
2.523,-4.626686130878553e-12,-4.0367194864092015e-12
2.524,-4.564026987506717e-12,-3.991833484146573e-12
2.525,-4.502208324309383e-12,-3.947429434203886e-12
2.526,-4.441218974310404e-12,-3.9035024284808235e-12
2.527,-4.381047917457607e-12,-3.860047604575052e-12
2.528,-4.32168427870979e-12,-3.817060145429141e-12
2.529,-4.263117326148338e-12,-3.774535278978873e-12
2.53,-4.205336469113143e-12,-3.732468277802979e-12
2.531,-4.148331256362532e-12,-3.690854458774305e-12
2.532,-4.092091374256889e-12,-3.649689182712448e-12
2.533,-4.036606644965665e-12,-3.608967854037874e-12
2.534,-3.9818670246974964e-12,-3.5686859204275393e-12
2.535,-3.927862601953116e-12,-3.52883887247204e-12
2.536,-3.874583595800783e-12,-3.489422243334303e-12
2.537,-3.822020354173943e-12,-3.450431608409843e-12
2.538,-3.770163352190822e-12,-3.411862584988596e-12
2.539,-3.7190031904956964e-12,-3.3737108319183527e-12
2.54,-3.6685305936215476e-12,-3.335972049269804e-12
2.541,-3.6187364083738324e-12,-3.2986419780032166e-12
2.542,-3.569611602235104e-12,-3.261716399636753e-12
2.543,-3.5211472617902155e-12,-3.225191135916446e-12
2.544,-3.4733345911718434e-12,-3.1890620484878497e-12
2.545,-3.4261649105260712e-12,-3.153325038569372e-12
2.546,-3.379629654497784e-12,-3.1179760466273045e-12
2.547,-3.3337203707356104e-12,-3.0830110520525602e-12
2.548,-3.2884287184161747e-12,-3.0484260728391336e-12
2.549,-3.2437464667874025e-12,-3.014217165264286e-12
2.55,-3.1996654937306455e-12,-2.980380423570476e-12
2.551,-3.15617778434138e-12,-2.9469119796490333e-12
2.552,-3.1132754295282424e-12,-2.9138080027255974e-12
2.553,-3.070950624630172e-12,-2.8810646990473175e-12
2.554,-3.0291956680514243e-12,-2.8486783115718276e-12
2.555,-2.9880029599142337e-12,-2.8166451196580063e-12
2.556,-2.947365000728889e-12,-2.784961438758519e-12
2.557,-2.907274390081014e-12,-2.7536236201141594e-12
2.558,-2.8677238253358236e-12,-2.7226280504499917e-12
2.559,-2.8287061003591367e-12,-2.6919711516732924e-12
2.56,-2.7902141042549424e-12,-2.6616493805733104e-12
2.561,-2.752240820119298e-12,-2.6316592285228367e-12
2.562,-2.714779323810354e-12,-2.6019972211815954e-12
2.563,-2.6778227827343003e-12,-2.5726599182014575e-12
2.564,-2.6413644546470305e-12,-2.5436439129334815e-12
2.565,-2.605397686471319e-12,-2.5149458321367785e-12
2.566,-2.5699159131293185e-12,-2.486562335689215e-12
2.567,-2.5349126563901787e-12,-2.4584901162999438e-12
2.568,-2.5003815237325925e-12,-2.4307258992237723e-12
2.569,-2.4663162072220786e-12,-2.4032664419773664e-12
2.57,-2.4327104824028144e-12,-2.376108534057293e-12
2.571,-2.39955820720383e-12,-2.3492489966598985e-12
2.572,-2.3668533208593803e-12,-2.322684682403026e-12
2.573,-2.3345898428433157e-12,-2.2964124750495732e-12
2.574,-2.302761871817266e-12,-2.2704292892328845e-12
2.575,-2.271363584592471e-12,-2.2447320701839843e-12
2.576,-2.24038923510507e-12,-2.2193177934606427e-12
2.577,-2.2098331534046923e-12,-2.19418346467828e-12
2.578,-2.1796897446561606e-12,-2.1693261192427024e-12
2.579,-2.149953488154158e-12,-2.144742822084672e-12
2.58,-2.1206189363506775e-12,-2.120430667396303e-12
2.581,-2.0916807138950997e-12,-2.096386778369291e-12
2.582,-2.0631335166867298e-12,-2.07260830693496e-12
2.583,-2.034972110939638e-12,-2.0490924335061393e-12
2.584,-2.007191332259646e-12,-2.0258363667208536e-12
2.585,-1.9797860847333023e-12,-2.002837343187832e-12
2.586,-1.952751340028689e-12,-1.98009262723383e-12
2.587,-1.9260821365079146e-12,-1.957599510652757e-12
2.588,-1.899773578351141e-12,-1.9353553124566094e-12
2.589,-1.873820834691991e-12,-1.91335737862821e-12
2.59,-1.848219138764199e-12,-1.891603081875733e-12
2.591,-1.8229637870593513e-12,-1.870089821389031e-12
2.592,-1.7980501384955828e-12,-1.848815022597743e-12
2.593,-1.7734736135970812e-12,-1.8277761369311844e-12
2.594,-1.7492296936842634e-12,-1.8069706415800182e-12
2.595,-1.7253139200744887e-12,-1.7863960392596942e-12
2.596,-1.7017218932931693e-12,-1.766049857975655e-12
2.597,-1.6784492722951466e-12,-1.7459296507903034e-12
2.598,-1.6554917736962019e-12,-1.7260329955917257e-12
2.599,-1.632845171014569e-12,-1.7063574948641608e-12
2.6,-1.6105052939223218e-12,-1.6869007754602162e-12
2.601,-1.5884680275065096e-12,-1.6676604883748177e-12
2.602,-1.566729311539913e-12,-1.648634308520891e-12
2.603,-1.545285139761299e-12,-1.6298199345067676e-12
2.604,-1.5241315591650505e-12,-1.6112150884153065e-12
2.605,-1.5032646693000524e-12,-1.592817515584729e-12
2.606,-1.4826806215777115e-12,-1.5746249843911546e-12
2.607,-1.4623756185889956e-12,-1.5566352860328365e-12
2.608,-1.442345913430374e-12,-1.5388462343160846e-12
2.609,-1.4225878090385454e-12,-1.5212556654428734e-12
2.61,-1.403097657533839e-12,-1.5038614378001234e-12
2.611,-1.383871859572178e-12,-1.4866614317506515e-12
2.612,-1.3649068637054949e-12,-1.4696535494257825e-12
2.613,-1.3461991657504884e-12,-1.4528357145196126e-12
2.614,-1.3277453081656176e-12,-1.436205872084919e-12
2.615,-1.3095418794362213e-12,-1.419761988330707e-12
2.616,-1.2915855134676652e-12,-1.403502050421387e-12
2.617,-1.2738728889864062e-12,-1.3874240662775738e-12
2.618,-1.2564007289488766e-12,-1.3715260643784994e-12
2.619,-1.2391657999580855e-12,-1.3558060935660323e-12
2.62,-1.2221649116878368e-12,-1.3402622228502948e-12
2.621,-1.2053949163144668e-12,-1.32489254121687e-12
2.622,-1.1888527079560041e-12,-1.3096951574355893e-12
2.623,-1.1725352221186557e-12,-1.2946681998708966e-12
2.624,-1.1564394351505247e-12,-1.279809816293772e-12
2.625,-1.1405623637024654e-12,-1.2651181736952184e-12
2.626,-1.124901064195985e-12,-1.2505914581012907e-12
2.627,-1.1094526322981002e-12,-1.2362278743896682e-12
2.628,-1.094214202403058e-12,-1.222025646107757e-12
2.629,-1.0791829471208332e-12,-1.2079830152923154e-12
2.63,-1.0643560767723143e-12,-1.1940982422905922e-12
2.631,-1.0497308388910909e-12,-1.1803696055829719e-12
2.632,-1.0353045177317583e-12,-1.1667954016071158e-12
2.633,-1.0210744337846536e-12,-1.153373944583591e-12
2.634,-1.0070379432969423e-12,-1.1401035663429793e-12
2.635,-9.9319243779997e-13,-1.1269826161544557e-12
2.636,-9.79535343642801e-13,-1.1140094605558294e-12
2.637,-9.660641215318617e-13,-1.1011824831850372e-12
2.638,-9.527762660766114e-13,-1.088500084613082e-12
2.639,-9.396693053411611e-13,-1.0759606821784046e-12
2.64,-9.267408004017648e-13,-1.0635627098226845e-12
2.641,-9.139883449101041e-13,-1.051304617928055e-12
2.642,-9.014095646622952e-13,-1.0391848731557302e-12
2.643,-8.890021171735414e-13,-1.0272019582860296e-12
2.644,-8.767636912583586e-13,-1.0153543720597944e-12
2.645,-8.646920066163012e-13,-1.003640629021185e-12
2.646,-8.527848134231184e-13,-9.920592593618517e-13
2.647,-8.410398919272684e-13,-9.806088087664707e-13
2.648,-8.294550520517237e-13,-9.692878382596325e-13
2.649,-8.180281330009954e-13,-9.580949240540796e-13
2.65,-8.067570028733125e-13,-9.470286574002791e-13
2.651,-7.956395582778868e-13,-9.360876444373246e-13
2.652,-7.846737239571974e-13,-9.252705060451577e-13
2.653,-7.738574524142326e-13,-9.14575877698099e-13
2.654,-7.631887235446197e-13,-9.04002409319682e-13
2.655,-7.526655442735849e-13,-8.935487651387788e-13
2.656,-7.422859481976762e-13,-8.8321362354701e-13
2.657,-7.320479952311895e-13,-8.729956769574286e-13
2.658,-7.219497712572368e-13,-8.628936316644715e-13
2.659,-7.119893877833957e-13,-8.529062077051666e-13
2.66,-7.021649816018802e-13,-8.430321387215897e-13
2.661,-6.924747144541755e-13,-8.332701718245591e-13
2.662,-6.829167727000775e-13,-8.236190674585631e-13
2.663,-6.734893669910796e-13,-8.140775992679072e-13
2.664,-6.641907319480526e-13,-8.046445539640762e-13
2.665,-6.550191258431578e-13,-7.953187311942994e-13
2.666,-6.459728302859423e-13,-7.860989434113122e-13
2.667,-6.370501499135598e-13,-7.769840157443044e-13
2.668,-6.282494120850634e-13,-7.679727858710469e-13
2.669,-6.195689665797191e-13,-7.59064103891187e-13
2.67,-6.110071852992842e-13,-7.502568322007065e-13
2.671,-6.02562461974204e-13,-7.415498453675301e-13
2.672,-5.942332118736703e-13,-7.32942030008279e-13
2.673,-5.860178715194965e-13,-7.244322846661588e-13
2.674,-5.779148984037549e-13,-7.160195196899744e-13
2.675,-5.699227707101316e-13,-7.077026571142629e-13
2.676,-5.620399870389476e-13,-6.994806305405362e-13
2.677,-5.542650661357987e-13,-6.913523850196247e-13
2.678,-5.465965466237686e-13,-6.833168769351136e-13
2.679,-5.390329867391676e-13,-6.753730738878642e-13
2.68,-5.3157296407075e-13,-6.675199545816102e-13
2.681,-5.242150753023672e-13,-6.59756508709623e-13
2.682,-5.16957935959009e-13,-6.520817368424349e-13
2.683,-5.09800180156192e-13,-6.444946503166151e-13
2.684,-5.027404603526477e-13,-6.369942711245869e-13
2.685,-4.957774471062711e-13,-6.295796318054812e-13
2.686,-4.889098288332846e-13,-6.222497753370156e-13
2.687,-4.821363115705764e-13,-6.150037550283922e-13
2.688,-4.754556187411716e-13,-6.078406344142063e-13
2.689,-4.688664909227951e-13,-6.007594871493562e-13
2.69,-4.62367685619487e-13,-5.937593969049489e-13
2.691,-4.559579770362282e-13,-5.868394572651911e-13
2.692,-4.496361558565399e-13,-5.799987716252588e-13
2.693,-4.4340102902301603e-13,-5.732364530901378e-13
2.694,-4.372514195207509e-13,-5.665516243744267e-13
2.695,-4.311861661636249e-13,-5.599434177030943e-13
2.696,-4.2520412338340974e-13,-5.534109747131849e-13
2.697,-4.193041610216575e-13,-5.469534463564625e-13
2.698,-4.134851641243364e-13,-5.405699928029865e-13
2.699,-4.0774603273917783e-13,-5.342597833456119e-13
2.7,-4.0208568171569873e-13,-5.280219963054049e-13
2.701,-3.9650304050786485e-13,-5.218558189379689e-13
2.702,-3.9099705297936014e-13,-5.1576044734067e-13
2.703,-3.8556667721142813e-13,-5.097350863607576e-13
2.704,-3.8021088531325163e-13,-5.037789495043703e-13
2.705,-3.749286632348379e-13,-4.978912588464216e-13
2.706,-3.69719010582376e-13,-4.920712449413564e-13
2.707,-3.6458094043603445e-13,-4.863181467347721e-13
2.708,-3.5951347917016693e-13,-4.806312114758963e-13
2.709,-3.545156662758945e-13,-4.750096946309146e-13
2.71,-3.4958655418603403e-13,-4.694528597971405e-13
2.711,-3.4472520810234027e-13,-4.639599786180207e-13
2.712,-3.399307058250338e-13,-4.585303306989684e-13
2.713,-3.3520213758458245e-13,-4.5316320352401826e-13
2.714,-3.305386058757088e-13,-4.4785789237329446e-13
2.715,-3.259392252935926e-13,-4.4261370024128717e-13
2.716,-3.214031223722415e-13,-4.3742993775592773e-13
2.717,-3.169294354249994e-13,-4.3230592309845836e-13
2.718,-3.1251731438716665e-13,-4.2724098192408714e-13
2.719,-3.081659206607024e-13,-4.222344472834233e-13
2.72,-3.0387442696098353e-13,-4.172856595446851e-13
2.721,-2.9964201716559186e-13,-4.1239396631667353e-13
2.722,-2.9546788616510386e-13,-4.075587223725057e-13
2.723,-2.913512397158564e-13,-4.027792895741008e-13
2.724,-2.872912942946623e-13,-3.9805503679741204e-13
2.725,-2.832872769554507e-13,-3.9338533985839864e-13
2.726,-2.793384251878066e-13,-3.887695814397303e-13
2.727,-2.754439867773844e-13,-3.842071510182186e-13
2.728,-2.7160321966817176e-13,-3.796974447929685e-13
2.729,-2.678153918265783e-13,-3.7523986561424357e-13
2.73,-2.6407978110732654e-13,-3.708338229130387e-13
2.731,-2.603956751211197e-13,-3.66478732631354e-13
2.732,-2.567623711040651e-13,-3.621740171531634e-13
2.733,-2.531791757888281e-13,-3.5791910523607215e-13
2.734,-2.4964540527749553e-13,-3.537134319436568e-13
2.735,-2.4616038491612476e-13,-3.4955643857848134e-13
2.736,-2.427234491709574e-13,-3.4544757261578403e-13
2.737,-2.3933394150627507e-13,-3.4138628763782806e-13
2.738,-2.359912142638757e-13,-3.3737204326891094e-13
2.739,-2.3269462854414973e-13,-3.334043051110259e-13
2.74,-2.2944355408873404e-13,-3.294825446801697e-13
2.741,-2.26237369164724e-13,-3.2560623934329123e-13
2.742,-2.2307546045042252e-13,-3.2177487225587475e-13
2.743,-2.1995722292260593e-13,-3.1798793230015164e-13
2.744,-2.1688205974528698e-13,-3.1424491402393623e-13
2.745,-2.1384938215995498e-13,-3.105453175800782e-13
2.746,-2.1085860937727414e-13,-3.068886486665274e-13
2.747,-2.0790916847022021e-13,-3.032744184670049e-13
2.748,-2.0500049426863704e-13,-2.9970214359227427e-13
2.749,-2.0213202925519426e-13,-2.961713460220085e-13
2.75,-1.9930322346272756e-13,-2.926815530472464e-13
2.751,-1.9651353437294334e-13,-2.8923229721343277e-13
2.752,-1.9376242681646996e-13,-2.8582311626403814e-13
2.753,-1.910493728742375e-13,-2.8245355308475134e-13
2.754,-1.883738517801691e-13,-2.791231556482403e-13
2.755,-1.8573534982516592e-13,-2.7583147695947585e-13
2.756,-1.8313336026236938e-13,-2.7257807500161295e-13
2.757,-1.8056738321368314e-13,-2.6936251268242413e-13
2.758,-1.780369255775389e-13,-2.661843577812807e-13
2.759,-1.755415009378892e-13,-2.630431828966753e-13
2.76,-1.730806294744111e-13,-2.5993856539428197e-13
2.761,-1.7065383787390493e-13,-2.568700873555482e-13
2.762,-1.682606592428723e-13,-2.538373355268135e-13
2.763,-1.659006330212577e-13,-2.5083990126895056e-13
2.764,-1.6357330489733848e-13,-2.4787738050752306e-13
2.765,-1.6127822672374815e-13,-2.4494937368345585e-13
2.766,-1.590149564346177e-13,-2.4205548570421235e-13
2.767,-1.5678305796382052e-13,-2.391953258954749e-13
2.768,-1.545821011643065e-13,-2.363685079533222e-13
2.769,-1.5241166172851025e-13,-2.335746498969003e-13
2.77,-1.5027132110982002e-13,-2.3081337402158214e-13
2.771,-1.48160666445093e-13,-2.2808430685261e-13
2.772,-1.4607929047820317e-13,-2.2538707909921792e-13
2.773,-1.4402679148460798e-13,-2.22721325609228e-13
2.774,-1.4200277319692068e-13,-2.2008668532411706e-13
2.775,-1.4000684473147489e-13,-2.1748280123454853e-13
2.776,-1.380386205158681e-13,-2.1490932033636553e-13
2.777,-1.3609772021747169e-13,-2.123658935870403e-13
2.778,-1.3418376867289383e-13,-2.0985217586257616e-13
2.779,-1.3229639581838387e-13,-2.073678259148569e-13
2.78,-1.3043523662116457e-13,-2.0491250632944e-13
2.781,-1.2859993101168072e-13,-2.0248588348378892e-13
2.782,-1.2679012381675176e-13,-2.000876275059404e-13
2.783,-1.2500546469361639e-13,-1.9771741223360254e-13
2.784,-1.2324560806485746e-13,-1.9537491517367946e-13
2.785,-1.2151021305419559e-13,-1.9305981746221846e-13
2.786,-1.1979894342313971e-13,-1.9077180382477552e-13
2.787,-1.181114675084838e-13,-1.8851056253719495e-13
2.788,-1.164474581606377e-13,-1.8627578538679951e-13
2.789,-1.1480659268278206e-13,-1.8406716763398656e-13
2.79,-1.1318855277083554e-13,-1.8188440797422663e-13
2.791,-1.1159302445422421e-13,-1.7972720850046018e-13
2.792,-1.1001969803744209e-13,-1.7759527466588905e-13
2.793,-1.0846826804239265e-13,-1.754883152471582e-13
2.794,-1.0693843315150074e-13,-1.7340604230792435e-13
2.795,-1.0542989615158482e-13,-1.7134817116280757e-13
2.796,-1.0394236387847946e-13,-1.6931442034172197e-13
2.797,-1.0247554716239817e-13,-1.6730451155458197e-13
2.798,-1.0102916077402662e-13,-1.6531816965638008e-13
2.799,-9.960292337133676e-14,-1.6335512261263302e-13
2.8,-9.819655744711212e-14,-1.614151014651921e-13
2.801,-9.680978927717516e-14,-1.5949784029841458e-13
2.802,-9.544234886930686e-14,-1.5760307620569207e-13
2.803,-9.40939699128499e-14,-1.5573054925633287e-13
2.804,-9.276438972898608e-14,-1.5388000246279449e-13
2.805,-9.14533492216791e-14,-1.5205118174826272e-13
2.806,-9.016059282927387e-14,-1.5024383591457428e-13
2.807,-8.888586847674368e-14,-1.48457716610479e-13
2.808,-8.762892752857663e-14,-1.4669257830023883e-13
2.809,-8.638952474229278e-14,-1.449481782325597e-13
2.81,-8.516741822258376e-14,-1.4322427640985328e-13
2.811,-8.396236937606654e-14,-1.4152063555782536e-13
2.812,-8.277414286664304e-14,-1.3983702109538718e-13
2.813,-8.160250657145791e-14,-1.3817320110488703e-13
2.814,-8.044723153744619e-14,-1.3652894630265857e-13
2.815,-7.930809193846316e-14,-1.3490403000988265e-13
2.816,-7.818486503298875e-14,-1.332982281237597e-13
2.817,-7.707733112239862e-14,-1.3171131908898941e-13
2.818,-7.598527350979468e-14,-1.3014308386955476e-13
2.819,-7.490847845938745e-14,-1.2859330592080696e-13
2.82,-7.38467351564229e-14,-1.2706177116184887e-13
2.821,-7.27998356676467e-14,-1.2554826794821335e-13
2.822,-7.176757490229857e-14,-1.240525870448338e-13
2.823,-7.07497505736298e-14,-1.2257452159930388e-13
2.824,-6.97461631609369e-14,-1.211138671154235e-13
2.825,-6.875661587210461e-14,-1.196704214270282e-13
2.826,-6.778091460665148e-14,-1.1824398467209917e-13
2.827,-6.681886791927125e-14,-1.168343592671504e-13
2.828,-6.587028698386348e-14,-1.1544134988189148e-13
2.829,-6.493498555804713e-14,-1.1406476341416155e-13
2.83,-6.401277994815022e-14,-1.1270440896513317e-13
2.831,-6.31034889746697e-14,-1.1136009781478238e-13
2.832,-6.220693393819502e-14,-1.1003164339762266e-13
2.833,-6.13229385857893e-14,-1.0871886127869999e-13
2.834,-6.045132907782189e-14,-1.074215691298463e-13
2.835,-5.959193395524664e-14,-1.0613958670618883e-13
2.836,-5.874458410731952e-14,-1.0487273582291251e-13
2.837,-5.790911273975011e-14,-1.036208403322731e-13
2.838,-5.708535534328087e-14,-1.0238372610085823e-13
2.839,-5.627314966268885e-14,-1.0116122098709393e-13
2.84,-5.5472335666203806e-14,-9.99531548189942e-14
2.841,-5.468275551533756e-14,-9.875935937215093e-14
2.842,-5.3904253535118835e-14,-9.757966834796185e-14
2.843,-5.313667618472838e-14,-9.641391735209404e-14
2.844,-5.2379872028528856e-14,-9.526194387318049e-14
2.845,-5.1633691707484414e-14,-9.412358726174747e-14
2.846,-5.0897987910964594e-14,-9.299868870937006e-14
2.847,-5.017261534892761e-14,-9.188709122805384e-14
2.848,-4.945743072447774e-14,-9.07886396298401e-14
2.849,-4.875229270679208e-14,-8.970318050663232e-14
2.85,-4.805706190441154e-14,-8.863056221024183e-14
2.851,-4.73716008388913e-14,-8.757063483265012e-14
2.852,-4.669577391880597e-14,-8.652325018648568e-14
2.853,-4.602944741410467e-14,-8.54882617857132e-14
2.854,-4.537248943081137e-14,-8.446552482653269e-14
2.855,-4.472476988606587e-14,-8.345489616848671e-14
2.856,-4.4086160483500966e-14,-8.245623431577318e-14
2.857,-4.3456534688951183e-14,-8.146939939876186e-14
2.858,-4.2835767706488714e-14,-8.049425315571227e-14
2.859,-4.2223736454782255e-14,-7.953065891469107e-14
2.86,-4.16203195437743e-14,-7.857848157568661e-14
2.861,-4.1025397251672773e-14,-7.76375875929188e-14
2.862,-4.043885150225266e-14,-7.670784495734221e-14
2.863,-3.9860565842463706e-14,-7.57891231793403e-14
2.864,-3.929042542033981e-14,-7.488129327160879e-14
2.865,-3.8728316963206356e-14,-7.398422773222634e-14
2.866,-3.8174128756181356e-14,-7.309780052791039e-14
2.867,-3.76277506209665e-14,-7.222188707745634e-14
2.868,-3.708907389492423e-14,-7.135636423535806e-14
2.869,-3.655799141043707e-14,-7.050111027560792e-14
2.87,-3.603439747454541e-14,-6.965600487567438e-14
2.871,-3.551818784885994e-14,-6.882092910065533e-14
2.872,-3.500925972974525e-14,-6.799576538760524e-14
2.873,-3.4507511728770766e-14,-6.718039753003441e-14
2.874,-3.401284385342559e-14,-6.63747106625785e-14
2.875,-3.3525157488093616e-14,-6.557859124583626e-14
2.876,-3.3044355375285564e-14,-6.479192705137429e-14
2.877,-3.257034159712434e-14,-6.401460714689637e-14
2.878,-3.2103021557080447e-14,-6.32465218815761e-14
2.879,-3.164230196195409e-14,-6.248756287155098e-14
2.88,-3.118809080410061e-14,-6.173762298557617e-14
2.881,-3.074029734389604e-14,-6.099659633083629e-14
2.882,-3.029883209243957e-14,-6.026437823891366e-14
2.883,-2.986360679448974e-14,-5.954086525191114e-14
2.884,-2.943453441163122e-14,-5.88259551087281e-14
2.885,-2.9011529105669114e-14,-5.81195467314878e-14
2.886,-2.859450622224769e-14,-5.74215402121147e-14
2.887,-2.8183382274690622e-14,-5.673183679905984e-14
2.888,-2.7778074928059677e-14,-5.6050338884173075e-14
2.889,-2.737850298342899e-14,-5.537694998972026e-14
2.89,-2.6984586362371997e-14,-5.471157475554415e-14
2.891,-2.6596246091658202e-14,-5.40541189263672e-14
2.892,-2.6213404288156963e-14,-5.340448933923497e-14
2.893,-2.5835984143945492e-14,-5.276259391109853e-14
2.894,-2.5463909911618377e-14,-5.212834162653442e-14
2.895,-2.509710688979591e-14,-5.150164252560063e-14
2.896,-2.4735501408828498e-14,-5.0882407691827305e-14
2.897,-2.4379020816694656e-14,-5.027054924034051e-14
2.898,-2.4027593465089823e-14,-4.966598030611784e-14
2.899,-2.368114869570359e-14,-4.906861503237434e-14
2.9,-2.333961682668272e-14,-4.8478368559077395e-14
2.901,-2.3002929139277475e-14,-4.789515701158916e-14
2.902,-2.2671017864668866e-14,-4.7318897489435215e-14
2.903,-2.2343816170974283e-14,-4.674950805519811e-14
2.904,-2.2021258150429197e-14,-4.6186907723534316e-14
2.905,-2.170327880674256e-14,-4.5631016450313476e-14
2.906,-2.1389814042623505e-14,-4.508175512187846e-14
2.907,-2.1080800647477156e-14,-4.453904554442499e-14
2.908,-2.0776176285267166e-14,-4.40028104334996e-14
2.909,-2.047587948254282e-14,-4.347297340361456e-14
2.91,-2.017984961662846e-14,-4.294945895797857e-14
2.911,-1.9888026903973063e-14,-4.2432192478342e-14
2.912,-1.9600352388657814e-14,-4.1921100214955336e-14
2.913,-1.9316767931059538e-14,-4.1416109276639707e-14
2.914,-1.9037216196667933e-14,-4.091714762096828e-14
2.915,-1.8761640645054514e-14,-4.0424144044557286e-14
2.916,-1.8489985518991193e-14,-3.9937028173465455e-14
2.917,-1.822219583371659e-14,-3.945573045370084e-14
2.918,-1.7958217366347934e-14,-3.898018214183367e-14
2.919,-1.7697996645436757e-14,-3.851031529571428e-14
2.92,-1.744148094066633e-14,-3.804606276529479e-14
2.921,-1.7188618252688973e-14,-3.758735818355357e-14
2.922,-1.6939357303101388e-14,-3.713413595752131e-14
2.923,-1.669364752455611e-14,-3.6686331259407553e-14
2.924,-1.6451439051007268e-14,-3.624388001782667e-14
2.925,-1.6212682708088845e-14,-3.5806718909122193e-14
2.926,-1.5977330003623667e-14,-3.537478534878838e-14
2.927,-1.5745333118261335e-14,-3.4948017482988024e-14
2.928,-1.5516644896243376e-14,-3.452635418016537e-14
2.929,-1.5291218836293914e-14,-3.410973502275328e-14
2.93,-1.506900908263416e-14,-3.369810029897335e-14
2.931,-1.4849970416119035e-14,-3.329139099472825e-14
2.932,-1.4634058245494313e-14,-3.288954878558513e-14
2.933,-1.4421228598772652e-14,-3.249251602884906e-14
2.934,-1.4211438114726897e-14,-3.2100235755725635e-14
2.935,-1.4004644034499068e-14,-3.171265166357175e-14
2.936,-1.380080419332353e-14,-3.132970810823353e-14
2.937,-1.3599877012362724e-14,-3.095135009647044e-14
2.938,-1.3401821490654015e-14,-3.057752327846479e-14
2.939,-1.320659719716611e-14,-3.020817394041553e-14
2.94,-1.3014164262963594e-14,-2.9843248997215477e-14
2.941,-1.2824483373478119e-14,-2.9482695985211097e-14
2.942,-1.2637515760884806e-14,-2.9126463055043897e-14
2.943,-1.2453223196582448e-14,-2.877449896457251e-14
2.944,-1.22715679837761e-14,-2.842675307187468e-14
2.945,-1.209251295016069e-14,-2.8083175328328173e-14
2.946,-1.191602144070429e-14,-2.7743716271769814e-14
2.947,-1.1742057310529667e-14,-2.7408327019731735e-14
2.948,-1.1570584917892855e-14,-2.7076959262754054e-14
2.949,-1.1401569117257357e-14,-2.6749565257773105e-14
2.95,-1.1234975252462758e-14,-2.6426097821584395e-14
2.951,-1.107076914998643e-14,-2.6106510324379455e-14
2.952,-1.0908917112297084e-14,-2.579075668335581e-14
2.953,-1.0749385911298948e-14,-2.5478791356399237e-14
2.954,-1.0592142781865305e-14,-2.5170569335837493e-14
2.955,-1.0437155415460229e-14,-2.486604614226479e-14
2.956,-1.0284391953847298e-14,-2.456517781843617e-14
2.957,-1.0133820982884121e-14,-2.4267920923231063e-14
2.958,-9.98541152640152e-15,-2.3974232525685238e-14
2.959,-9.839133040166215e-15,-2.3684070199090376e-14
2.96,-9.694955405925885e-15,-2.3397392015160578e-14
2.961,-9.552848925535515e-15,-2.3114156538265003e-14
2.962,-9.412784315163883e-15,-2.283432281972595e-14
2.963,-9.27473269957915e-15,-2.255785039218164e-14
2.964,-9.13866560651246e-15,-2.2284699264013002e-14
2.965,-9.004554961098489e-15,-2.2014829913833718e-14
2.966,-8.872373080391933e-15,-2.1748203285042882e-14
2.967,-8.742092667958863e-15,-2.148478078043954e-14
2.968,-8.61368680854198e-15,-2.1224524256898407e-14
2.969,-8.487128962798735e-15,-2.0967396020106187e-14
2.97,-8.362392962111345e-15,-2.0713358819357667e-14
2.971,-8.239453003467732e-15,-2.0462375842411068e-14
2.972,-8.118283644412419e-15,-2.0214410710401896e-14
2.973,-7.99885979806643e-15,-1.996942747281472e-14
2.974,-7.881156728215294e-15,-1.972739060251216e-14
2.975,-7.765150044464172e-15,-1.948826499082053e-14
2.976,-7.650815697459258e-15,-1.925201594267141e-14
2.977,-7.538129974174511e-15,-1.901860917179864e-14
2.978,-7.427069493262868e-15,-1.8788010795990008e-14
2.979,-7.317611200471037e-15,-1.856018733239312e-14
2.98,-7.209732364117022e-15,-1.8335105692874773e-14
2.981,-7.1034105706295275e-15,-1.8112733179433293e-14
2.982,-6.998623720148413e-15,-1.78930374796632e-14
2.983,-6.895350022185349e-15,-1.767598666227167e-14
2.984,-6.7935679913438735e-15,-1.7461549172646157e-14
2.985,-6.693256443098046e-15,-1.7249693828472676e-14
2.986,-6.594394489628898e-15,-1.704038981540409e-14
2.987,-6.4969615357178945e-15,-1.6833606682777958e-14
2.988,-6.4009372746966356e-15,-1.6629314339383276e-14
2.989,-6.306301684452044e-15,-1.6427483049275655e-14
2.99,-6.213035023486268e-15,-1.6228083427640334e-14
2.991,-6.1211178270305745e-15,-1.6031086436702538e-14
2.992,-6.030530903212489e-15,-1.5836463381684623e-14
2.993,-5.941255329275467e-15,-1.56441859068095e-14
2.994,-5.853272447850373e-15,-1.5454225991349805e-14
2.995,-5.7665638632780836e-15,-1.5266555945722336e-14
2.996,-5.6811114379824924e-15,-1.50811484076272e-14
2.997,-5.596897288893263e-15,-1.489797633823123e-14
2.998,-5.51390378391763e-15,-1.4717013018395107e-14
2.999,-5.432113538460595e-15,-1.4538232044943782e-14
3.0,-5.351509411992858e-15,-1.436160732697961e-14
3.001,-5.272074504665832e-15,-1.4187113082237832e-14
3.002,-5.193792153973105e-15,-1.4014723833483826e-14
3.003,-5.116645931457719e-15,-1.3844414404951724e-14
3.004,-5.040619639464636e-15,-1.367615991882391e-14
3.005,-4.965697307937791e-15,-1.3509935791750932e-14
3.006,-4.891863191261105e-15,-1.33457177314114e-14
3.007,-4.819101765142886e-15,-1.3183481733111386e-14
3.008,-4.747397723543003e-15,-1.3023204076422909e-14
3.009,-4.676735975642271e-15,-1.2864861321861056e-14
3.01,-4.607101642853461e-15,-1.2708430307599307e-14
3.011,-4.538480055873375e-15,-1.2553888146222632e-14
3.012,-4.47085675177542e-15,-1.2401212221517933e-14
3.013,-4.404217471142144e-15,-1.2250380185301414e-14
3.014,-4.338548155237173e-15,-1.210136995428247e-14
3.015,-4.2738349432160275e-15,-1.1954159706963661e-14
3.016,-4.210064169375276e-15,-1.1808727880576407e-14
3.017,-4.14722236043952e-15,-1.1665053168051938e-14
3.018,-4.0852962328856755e-15,-1.1523114515027168e-14
3.019,-4.024272690304066e-15,-1.1382891116885061e-14
3.02,-3.9641388207958005e-15,-1.1244362415829097e-14
3.021,-3.9048818944059666e-15,-1.1107508097991475e-14
3.022,-3.8464893605921324e-15,-1.0972308090574664e-14
3.023,-3.788948845727689e-15,-1.083874255902591e-14
3.024,-3.732248150639547e-15,-1.0706791904244355e-14
3.025,-3.676375248179733e-15,-1.0576436759820365e-14
3.026,-3.621318280830409e-15,-1.0447657989306748e-14
3.027,-3.567065558341873e-15,-1.0320436683521446e-14
3.028,-3.513605555403081e-15,-1.0194754157881397e-14
3.029,-3.4609269093442505e-15,-1.0070591949767178e-14
3.03,-3.409018417871112e-15,-9.94793181591811e-15
3.031,-3.3578690368303703e-15,-9.82675572985744e-15
3.032,-3.307467878005955e-15,-9.70704587934731e-15
3.033,-3.257804206945636e-15,-9.588784663873131e-15
3.034,-3.2088674408175956e-15,-9.471954692157061e-15
3.035,-3.16064714629654e-15,-9.356538779700224e-15
3.036,-3.1131330374789583e-15,-9.242519946353394e-15
3.037,-3.0663149738271195e-15,-9.129881413915751e-15
3.038,-3.0201829581414236e-15,-9.018606603761474e-15
3.039,-2.974727134560718e-15,-8.908679134493771e-15
3.04,-2.9299377865901918e-15,-8.800082819626105e-15
3.041,-2.8858053351564815e-15,-8.692801665290255e-15
3.042,-2.8423203366896075e-15,-8.58681986797095e-15
3.043,-2.79947348123138e-15,-8.48212181226673e-15
3.044,-2.757255590569911e-15,-8.378692068676782e-15
3.045,-2.7156576163998736e-15,-8.276515391413415e-15
3.046,-2.6746706385081643e-15,-8.17557671623991e-15
3.047,-2.6342858629846115e-15,-8.075861158333445e-15
3.048,-2.594494620457394e-15,-7.977354010172807e-15
3.049,-2.555288364352831e-15,-7.880040739450619e-15
3.05,-2.5166586691792096e-15,-7.783906987009791e-15
3.051,-2.478597228834318e-15,-7.688938564803931e-15
3.052,-2.441095854936371e-15,-7.59512145388143e-15
3.053,-2.4041464751779904e-15,-7.502441802392973e-15
3.054,-2.367741131702943e-15,-7.41088592362217e-15
3.055,-2.3318719795053154e-15,-7.320440294039086e-15
3.056,-2.2965312848508154e-15,-7.231091551376395e-15
3.057,-2.2617114237199083e-15,-7.142826492727872e-15
3.058,-2.2274048802724786e-15,-7.0556320726690165e-15
3.059,-2.19360424533373e-15,-6.9694954013995136e-15
3.06,-2.160302214901026e-15,-6.884403742907307e-15
3.061,-2.127491588671393e-15,-6.800344513154029e-15
3.062,-2.0951652685893946e-15,-6.717305278281536e-15
3.063,-2.063316257415103e-15,-6.635273752839335e-15
3.064,-2.031937657311893e-15,-6.554237798032619e-15
3.065,-2.001022668453781e-15,-6.474185419990722e-15
3.066,-1.9705645876520515e-15,-6.395104768055728e-15
3.067,-1.9405568070008935e-15,-6.316984133091013e-15
3.068,-1.9109928125418004e-15,-6.239811945809499e-15
3.069,-1.881866182946465e-15,-6.16357677512138e-15
3.07,-1.853170588217923e-15,-6.088267326501115e-15
3.071,-1.8248997884096917e-15,-6.0138724403734495e-15
3.072,-1.7970476323626573e-15,-5.940381090518256e-15
3.073,-1.7696080564594697e-15,-5.867782382493985e-15
3.074,-1.7425750833962007e-15,-5.796065552079495e-15
3.075,-1.715942820971034e-15,-5.725219963734073e-15
3.076,-1.6897054608897487e-15,-5.65523510907541e-15
3.077,-1.6638572775877682e-15,-5.586100605375359e-15
3.078,-1.6383926270685472e-15,-5.5178061940732355e-15
3.079,-1.613305945758072e-15,-5.450341739306496e-15
3.08,-1.5885917493752529e-15,-5.3836972264585525e-15
3.081,-1.5642446318179918e-15,-5.317862760723574e-15
3.082,-1.5402592640647074e-15,-5.2528285656880374e-15
3.083,-1.5166303930911085e-15,-5.188584981928863e-15
3.084,-1.493352840802004e-15,-5.125122465627931e-15
3.085,-1.4704215029779443e-15,-5.062431587202795e-15
3.086,-1.4478313482364889e-15,-5.000503029953407e-15
3.087,-1.4255774170079021e-15,-4.939327588724664e-15
3.088,-1.4036548205250752e-15,-4.878896168584606e-15
3.089,-1.3820587398274813e-15,-4.819199783518068e-15
3.09,-1.360784424778971e-15,-4.7602295551356286e-15
3.091,-1.3398271930992162e-15,-4.701976711397658e-15
3.092,-1.3191824294086168e-15,-4.644432585353311e-15
3.093,-1.2988455842864834e-15,-4.587588613894277e-15
3.094,-1.2788121733423147e-15,-4.5314363365231295e-15
3.095,-1.2590777762999889e-15,-4.475967394136097e-15
3.096,-1.2396380360946914e-15,-4.421173527820094e-15
3.097,-1.2204886579824043e-15,-4.3670465776638504e-15
3.098,-1.201625408661783e-15,-4.313578481582967e-15
3.099,-1.1830441154082537e-15,-4.260761274158752e-15
3.1,-1.1647406652201568e-15,-4.208587085490658e-15
3.101,-1.1467110039767779e-15,-4.157048140062187e-15
3.102,-1.128951135608097e-15,-4.1061367556200895e-15
3.103,-1.1114571212760977e-15,-4.055845342066708e-15
3.104,-1.094225078567477e-15,-4.006166400365325e-15
3.105,-1.0772511806975957e-15,-3.9570925214583436e-15
3.106,-1.0605316557255191e-15,-3.908616385198176e-15
3.107,-1.0440627857799923e-15,-3.860730759290674e-15
3.108,-1.0278409062961998e-15,-3.8134284982509695e-15
3.109,-1.0118624052631618e-15,-3.766702542371571e-15
3.11,-9.961237224816198e-16,-3.720545916702586e-15
3.111,-9.806213488322665e-16,-3.674951730043915e-15
3.112,-9.653518255541784e-16,-3.6299131739492965e-15
3.113,-9.503117435333115e-16,-3.585423521742044e-15
3.114,-9.354977426009171e-16,-3.541476127542361e-15
3.115,-9.20906510841746e-16,-3.4980644253060854e-15
3.116,-9.06534783911903e-16,-3.4551819278747353e-15
3.117,-8.923793443662191e-16,-3.41282222603673e-15
3.118,-8.784370209950112e-16,-3.3709789875996485e-15
3.119,-8.647046881700978e-16,-3.3296459564734028e-15
3.12,-8.511792651999453e-16,-3.288816951764198e-15
3.121,-8.378577156938169e-16,-3.2484858668791578e-15
3.122,-8.247370469348008e-16,-3.2086466686414825e-15
3.123,-8.118143092615953e-16,-3.169293396416028e-15
3.124,-7.990865954589289e-16,-3.1304201612451776e-15
3.125,-7.86551040156497e-16,-3.0920211449948916e-15
3.126,-7.74204819236298e-16,-3.054090599510813e-15
3.127,-7.620451492482508e-16,-3.016622845784315e-15
3.128,-7.500692868339818e-16,-2.9796122731283734e-15
3.129,-7.382745281586666e-16,-2.9430533383631524e-15
3.13,-7.266582083508164e-16,-2.9069405650111866e-15
3.131,-7.152177009498977e-16,-2.8712685425020515e-15
3.132,-7.039504173616791e-16,-2.8360319253864106e-15
3.133,-6.928538063211969e-16,-2.8012254325593306e-15
3.134,-6.819253533632339e-16,-2.766843846492757e-15
3.135,-6.71162580300209e-16,-2.7328820124770418e-15
3.136,-6.605630447073739e-16,-2.6993348378714217e-15
3.137,-6.50124339415216e-16,-2.6661972913633385e-15
3.138,-6.39844092008968e-16,-2.6334644022365023e-15
3.139,-6.297199643351256e-16,-2.601131259647594e-15
3.14,-6.197496520148769e-16,-2.5691930119115047e-15
3.141,-6.099308839643475e-16,-2.537644865795019e-15
3.142,-6.002614219215659e-16,-2.506482085818835e-15
3.143,-5.907390599800587e-16,-2.4756999935678305e-15
3.144,-5.813616241289803e-16,-2.445293967009478e-15
3.145,-5.721269717996907e-16,-2.415259439820312e-15
3.146,-5.63032991418688e-16,-2.385591900720354e-15
3.147,-5.540776019668105e-16,-2.356286892815407e-15
3.148,-5.452587525446201e-16,-2.3273400129471233e-15
3.149,-5.365744219438822e-16,-2.298746911050754e-15
3.15,-5.280226182250564e-16,-2.2705032895204975e-15
3.151,-5.196013783007163e-16,-2.24260490258235e-15
3.152,-5.113087675248143e-16,-2.215047555674377e-15
3.153,-5.031428792877123e-16,-2.187827104834314e-15
3.154,-4.951018346168974e-16,-2.1609394560944136e-15
3.155,-4.871837817833022e-16,-2.1343805648834573e-15
3.156,-4.793868959131562e-16,-2.1081464354358393e-15
3.157,-4.717093786052864e-16,-2.082233120207652e-15
3.158,-4.641494575537952e-16,-2.056636719299678e-15
3.159,-4.567053861760399e-16,-2.0313533798872216e-15
3.16,-4.493754432458386e-16,-2.0063792956566867e-15
3.161,-4.4215793253183364e-16,-1.981710706248834e-15
3.162,-4.350511824409367e-16,-1.957343896708629e-15
3.163,-4.280535456667881e-16,-1.9332751969416125e-15
3.164,-4.211633988431592e-16,-1.909500981176712e-15
3.165,-4.143791422022297e-16,-1.8860176674354186e-15
3.166,-4.07699199237672e-16,-1.8628217170072588e-15
3.167,-4.0112201637247586e-16,-1.839909633931485e-15
3.168,-3.946460626314475e-16,-1.817277964484909e-15
3.169,-3.882698293183181e-16,-1.794923296675814e-15
3.17,-3.819918296973976e-16,-1.7728422597438648e-15
3.171,-3.758105986797108e-16,-1.7510315236659554e-15
3.172,-3.697246925135533e-16,-1.7294877986679163e-15
3.173,-3.6373268847940553e-16,-1.708207834742017e-15
3.174,-3.5783318458914513e-16,-1.687188421170196e-15
3.175,-3.5202479928949657e-16,-1.6664263860529493e-15
3.176,-3.4630617116966024e-16,-1.6459185958438116e-15
3.177,-3.4067595867306223e-16,-1.6256619548893667e-15
3.178,-3.3513283981316763e-16,-1.6056534049747177e-15
3.179,-3.296755118933006e-16,-1.5858899248743591e-15
3.18,-3.2430269123041606e-16,-1.566368529908381e-15
3.181,-3.1901311288276647e-16,-1.5470862715039473e-15
3.182,-3.138055303814117e-16,-1.5280402367619856e-15
3.183,-3.086787154655166e-16,-1.5092275480290242e-15
3.184,-3.0363145782138366e-16,-1.4906453624741211e-15
3.185,-2.9866256482517046e-16,-1.4722908716708196e-15
3.186,-2.937708612892379e-16,-1.454161301184075e-15
3.187,-2.889551892120812e-16,-1.436253910162095e-15
3.188,-2.842144075317914e-16,-1.4185659909330314e-15
3.189,-2.795473918830005e-16,-1.4010948686064707e-15
3.19,-2.7495303435725897e-16,-1.3838379006796648e-15
3.191,-2.704302432668008e-16,-1.3667924766484468e-15
3.192,-2.659779429116459e-16,-1.3499560176227764e-15
3.193,-2.6159507334999556e-16,-1.333325975946862e-15
3.194,-2.5728059017187347e-16,-1.3168998348238018e-15
3.195,-2.530334642759681e-16,-1.3006751079446968e-15
3.196,-2.4885268164963117e-16,-1.2846493391221765e-15
3.197,-2.4473724315198823e-16,-1.26882010192829e-15
3.198,-2.406861643001179e-16,-1.2531849993367102e-15
3.199,-2.3669847505825714e-16,-1.2377416633691983e-15
3.2,-2.3277321962999006e-16,-1.2224877547462805e-15
3.201,-2.2890945625337855e-16,-1.2074209625420873e-15
3.202,-2.2510625699899385e-16,-1.1925390038433047e-15
3.203,-2.2136270757080852e-16,-1.1778396234121905e-15
3.204,-2.1767790710990843e-16,-1.163320593353607e-15
3.205,-2.140509680009859e-16,-1.1489797127860238e-15
3.206,-2.1048101568157482e-16,-1.134814807516441e-15
3.207,-2.0696718845398924e-16,-1.1208237297191912e-15
3.208,-2.035086372999283e-16,-1.1070043576185704e-15
3.209,-2.001045256977092e-16,-1.0933545951752546e-15
3.21,-1.9675402944209236e-16,-1.0798723717764573e-15
3.211,-1.934563364666621e-16,-1.0665556419297842e-15
3.212,-1.9021064666872685e-16,-1.053402384960739e-15
3.213,-1.8701617173670428e-16,-1.0404106047138417e-15
3.214,-1.8387213497995586e-16,-1.0275783292573113e-15
3.215,-1.8077777116103708e-16,-1.0149036105912768e-15
3.216,-1.7773232633032912e-16,-1.002384524359469e-15
3.217,-1.7473505766301898e-16,-9.900191695643555e-16
3.218,-1.7178523329839485e-16,-9.778056682856794e-16
3.219,-1.688821321814246e-16,-9.65742165402356e-16
3.22,-1.6602504390658498e-16,-9.538268283176949e-16
3.221,-1.6321326856391042e-16,-9.420578466879018e-16
3.222,-1.604461165872302e-16,-9.304334321538263e-16
3.223,-1.5772290860456294e-16,-9.189518180759146e-16
3.224,-1.5504297529063882e-16,-9.07611259272328e-16
3.225,-1.5240565722151917e-16,-8.964100317601947e-16
3.226,-1.4981030473128415e-16,-8.853464324999519e-16
3.227,-1.4725627777075962e-16,-8.744187791427461e-16
3.228,-1.4474294576825453e-16,-8.636254097808531e-16
3.229,-1.4226968749228045e-16,-8.529646827010828e-16
3.23,-1.3983589091622585e-16,-8.424349761411334e-16
3.231,-1.3744095308495705e-16,-8.320346880488595e-16
3.232,-1.3508427998331945e-16,-8.217622358444212e-16
3.233,-1.3276528640651197e-16,-8.116160561852778e-16
3.234,-1.304833958323083e-16,-8.015946047339948e-16
3.235,-1.2823804029509948e-16,-7.916963559288283e-16
3.236,-1.2602866026173177e-16,-7.819198027570571e-16
3.237,-1.2385470450911463e-16,-7.722634565310266e-16
3.238,-1.2171563000357446e-16,-7.627258466668752e-16
3.239,-1.196109017819286e-16,-7.533055204659086e-16
3.24,-1.1753999283425642e-16,-7.440010428985943e-16
3.241,-1.1550238398834293e-16,-7.348109963911414e-16
3.242,-1.134975637957716e-16,-7.257339806146372e-16
3.243,-1.1152502841964346e-16,-7.167686122767103e-16
3.244,-1.0958428152389912e-16,-7.079135249156899e-16
3.245,-1.0767483416422142e-16,-6.991673686972304e-16
3.246,-1.0579620468049661e-16,-6.905288102133747e-16
3.247,-1.0394791859081174e-16,-6.819965322840251e-16
3.248,-1.02129508486967e-16,-6.735692337607942e-16
3.249,-1.0034051393148143e-16,-6.6524562933320685e-16
3.25,-9.858048135607108e-17,-6.570244493372261e-16
3.251,-9.684896396157889e-17,-6.489044395660758e-16
3.252,-9.514552161933574e-17,-6.408843610833299e-16
3.253,-9.346972077393262e-17,-6.329629900382466e-16
3.254,-9.1821134347384e-17,-6.251391174833147e-16
3.255,-9.019934164466265e-17,-6.174115491939908e-16
3.256,-8.860392826058686e-17,-6.097791054905987e-16
3.257,-8.703448598804067e-17,-6.022406210623659e-16
3.258,-8.549061272750857e-17,-5.947949447935722e-16
3.259,-8.397191239790594e-17,-5.874409395917848e-16
3.26,-8.247799484868714e-17,-5.801774822181547e-16
3.261,-8.100847577321292e-17,-5.730034631197525e-16
3.262,-7.956297662335982e-17,-5.659177862639142e-16
3.263,-7.814112452535348e-17,-5.58919368974579e-16
3.264,-7.674255219680919e-17,-5.520071417705914e-16
3.265,-7.5366897864962e-17,-5.451800482059457e-16
3.266,-7.401380518607015e-17,-5.384370447119491e-16
3.267,-7.268292316597487e-17,-5.3177710044128205e-16
3.268,-7.13739060818004e-17,-5.251991971139312e-16
3.269,-7.008641340477791e-17,-5.187023288649742e-16
3.27,-6.882010972417789e-17,-5.122855020941944e-16
3.271,-6.757466467233462e-17,-5.059477353175017e-16
3.272,-6.634975285074808e-17,-4.996880590201407e-16
3.273,-6.514505375724739e-17,-4.935055155116631e-16
3.274,-6.396025171420114e-17,-4.87399158782644e-16
3.275,-6.279503579775979e-17,-4.813680543631208e-16
3.276,-6.164909976811529e-17,-4.754112791827347e-16
3.277,-6.052214200076378e-17,-4.695279214325551e-16
3.278,-5.94138654187571e-17,-4.637170804285649e-16
3.279,-5.8323977425929e-17,-4.579778664767886e-16
3.28,-5.725218984108232e-17,-4.523094007400441e-16
3.281,-5.619821883312373e-17,-4.467108151062957e-16
3.282,-5.516178485713217e-17,-4.411812520585937e-16
3.283,-5.414261259134813e-17,-4.357198645465778e-16
3.284,-5.314043087507064e-17,-4.3032581585952805e-16
3.285,-5.215497264744896e-17,-4.249982795009434e-16
3.286,-5.118597488715647e-17,-4.197364390646309e-16
3.287,-5.023317855293411e-17,-4.1453948811228644e-16
3.288,-4.929632852499114e-17,-4.094066300525501e-16
3.289,-4.837517354725101e-17,-4.043370780215176e-16
3.29,-4.746946617043033e-17,-3.993300547646915e-16
3.291,-4.657896269593916e-17,-3.94384792520354e-16
3.292,-4.570342312059095e-17,-3.895005329043452e-16
3.293,-4.4842611082110613e-17,-3.8467652679622933e-16
3.294,-4.399629380542947e-17,-3.7991203422683286e-16
3.295,-4.3164242049755736e-17,-3.752063242671379e-16
3.296,-4.234623005640978e-17,-3.705586749185146e-16
3.297,-4.1542035497413e-17,-3.65968373004277e-16
3.298,-4.0751439424819853e-17,-3.61434714062546e-16
3.299,-3.997422622078236e-17,-3.569570022404037e-16
3.3,-3.921018354833662e-17,-3.5253455018932494e-16
3.301,-3.845910230290128e-17,-3.481666789618688e-16
3.302,-3.772077656447753e-17,-3.438527179096167e-16
3.303,-3.6995003550540924e-17,-3.395920045823413e-16
3.304,-3.6281583569615047e-17,-3.353838846283917e-16
3.305,-3.558031997551731e-17,-3.3122771169628073e-16
3.306,-3.489101912226737e-17,-3.2712284733745906e-16
3.307,-3.421349031964873e-17,-3.23068660910263e-16
3.308,-3.354754578941418e-17,-3.190645294850212e-16
3.309,-3.2893000622125975e-17,-3.1510983775030693e-16
3.31,-3.22496727346216e-17,-3.1120397792032144e-16
3.311,-3.161738282809637e-17,-3.073463496433959e-16
3.312,-3.0995954346793883e-17,-3.035363599115976e-16
3.313,-3.0385213437295887e-17,-2.9977342297142787e-16
3.314,-2.9784988908402754e-17,-2.9605696023559817e-16
3.315,-2.919511219159641e-17,-2.9238640019587166e-16
3.316,-2.8615417302077174e-17,-2.8876117833695757e-16
3.317,-2.8045740800366507e-17,-2.8518073705144565e-16
3.318,-2.748592175446748e-17,-2.81644525555768e-16
3.319,-2.6935801702575043e-17,-2.781519998071765e-16
3.32,-2.639522461632827e-17,-2.747026224217234e-16
3.321,-2.586403686459678e-17,-2.7129586259323266e-16
3.322,-2.5342087177793778e-17,-2.6793119601325114e-16
3.323,-2.4829226612708142e-17,-2.6460810479196675e-16
3.324,-2.4325308517848173e-17,-2.613260773800827e-16
3.325,-2.3830188499289672e-17,-2.5808460849163647e-16
3.326,-2.334372438702116e-17,-2.548831990277515e-16
3.327,-2.2865776201779132e-17,-2.51721356001311e-16
3.328,-2.2396206122366293e-17,-2.4859859246254276e-16
3.329,-2.1934878453445957e-17,-2.4551442742550373e-16
3.33,-2.148165959380573e-17,-2.4246838579545393e-16
3.331,-2.103641800508375e-17,-2.3945999829710855e-16
3.332,-2.059902418095096e-17,-2.364888014037584e-16
3.333,-2.0169350616742764e-17,-2.335543372672477e-16
3.334,-1.9747271779533734e-17,-2.3065615364879904e-16
3.335,-1.9332664078648956e-17,-2.277938038506755e-16
3.336,-1.8925405836605807e-17,-2.2496684664866995e-16
3.337,-1.8525377260479975e-17,-2.221748462254111e-16
3.338,-1.8132460413689637e-17,-2.194173721044771e-16
3.339,-1.774653918819182e-17,-2.1669399908530668e-16
3.34,-1.736749927708504e-17,-2.140043071788983e-16
3.341,-1.699522814761236e-17,-2.1134788154428773e-16
3.342,-1.662961501455917e-17,-2.0872431242579506e-16
3.343,-1.6270550814039986e-17,-2.061331950910314e-16
3.344,-1.5917928177668725e-17,-2.035741297696566e-16
3.345,-1.5571641407106925e-17,-2.0104672159287865e-16
3.346,-1.523158644898449e-17,-1.9855058053368606e-16
3.347,-1.4897660870187622e-17,-1.9608532134780414e-16
3.348,-1.4569763833508666e-17,-1.9365056351536693e-16
3.349,-1.4247796073652656e-17,-1.912459311832956e-16
3.35,-1.3931659873595448e-17,-1.8887105310837533e-16
3.351,-1.3621259041288407e-17,-1.8652556260102198e-16
3.352,-1.3316498886704608e-17,-1.842090974697303e-16
3.353,-1.3017286199221722e-17,-1.8192129996619558e-16
3.354,-1.2723529225336678e-17,-1.7966181673110062e-16
3.355,-1.2435137646707366e-17,-1.7743029874055985e-16
3.356,-1.2152022558516664e-17,-1.7522640125321288e-16
3.357,-1.1874096448154148e-17,-1.7304978375795962e-16
3.358,-1.1601273174210934e-17,-1.7090010992232925e-16
3.359,-1.1333467945783105e-17,-1.6877704754147524e-16
3.36,-1.1070597302079322e-17,-1.666802684877893e-16
3.361,-1.0812579092328206e-17,-1.6460944866112622e-16
3.362,-1.0559332455981202e-17,-1.625642679396329e-16
3.363,-1.0310777803206624e-17,-1.6054441013117368e-16
3.364,-1.0066836795670741e-17,-1.5854956292534523e-16
3.365,-9.827432327601718e-18,-1.5657941784607375e-16
3.366,-9.592488507132352e-18,-1.546336702047874e-16
3.367,-9.361930637917596e-18,-1.5271201905415696e-16
3.368,-9.135685201022874e-18,-1.5081416714239837e-16
3.369,-8.913679837079312e-18,-1.489398208681296e-16
3.37,-8.695843328702012e-18,-1.4708869023577586e-16
3.371,-8.48210558316759e-18,-1.452604888115161e-16
3.372,-8.2723976153472e-18,-1.434549336797645e-16
3.373,-8.066651530891402e-18,-1.4167174540018053e-16
3.374,-7.864800509663198e-18,-1.3991064796520094e-16
3.375,-7.666778789415664e-18,-1.3817136875808766e-16
3.376,-7.47252164971064e-18,-1.3645363851148533e-16
3.377,-7.281965396074994e-18,-1.3475719126648217e-16
3.378,-7.095047344391036e-18,-1.3308176433216834e-16
3.379,-6.9117058055176646e-18,-1.314270982456856e-16
3.38,-6.7318800701389405e-18,-1.2979293673276236e-16
3.381,-6.55551039383678e-18,-1.2817902666872857e-16
3.382,-6.382537982384527e-18,-1.2658511804000413e-16
3.383,-6.2129049772582e-18,-1.2501096390605546e-16
3.384,-6.046554441362277e-18,-1.234563203618147e-16
3.385,-5.88343034496689e-18,-1.2192094650055543e-16
3.386,-5.723477551853384e-18,-1.2040460437722008e-16
3.387,-5.566641805665211e-18,-1.18907058972193e-16
3.388,-5.412869716461182e-18,-1.174280781555141e-16
3.389,-5.26210874746815e-18,-1.1596743265152766e-16
3.39,-5.11430720203022e-18,-1.1452489600396123e-16
3.391,-4.96941421075165e-18,-1.13100244541429e-16
3.392,-4.827379718830617e-18,-1.11693257343355e-16
3.393,-4.688154473581084e-18,-1.1030371620631078e-16
3.394,-4.551690012140044e-18,-1.0893140561076262e-16
3.395,-4.417938649357438e-18,-1.075761126882233e-16
3.396,-4.2868534658660944e-18,-1.0623762718880357e-16
3.397,-4.158388296329084e-18,-1.0491574144915859e-16
3.398,-4.032497717861898e-18,-1.0361025036082433e-16
3.399,-3.9091370386269254e-18,-1.0232095133893943e-16
3.4,-3.788262286597698e-18,-1.0104764429134775e-16
3.401,-3.66983019849047e-18,-9.979013158807707e-17
3.402,-3.553798208860655e-18,-9.854821803118933e-17
3.403,-3.440124439361761e-18,-9.732171082499798e-17
3.404,-3.328767688164431e-18,-9.611041954664791e-17
3.405,-3.2196874195332705e-18,-9.491415611705375e-17
3.406,-3.1128437535591597e-18,-9.373273477219194e-17
3.407,-3.0081974560447867e-18,-9.25659720347426e-17
3.408,-2.9057099285411666e-18,-9.141368668607662e-17
3.409,-2.8053431985329512e-18,-9.027569973858422e-17
3.41,-2.7070599097703523e-18,-8.915183440834039e-17
3.411,-2.6108233127455456e-18,-8.804191608810344e-17
3.412,-2.516597255311447e-18,-8.694577232064263e-17
3.413,-2.4243461734407826e-18,-8.586323277239061e-17
3.414,-2.334035082123405e-18,-8.479412920741715e-17
3.415,-2.2456295663998353e-18,-8.373829546171991e-17
3.416,-2.1590957725290482e-18,-8.269556741782861e-17
3.417,-2.0744003992885303e-18,-8.166578297971878e-17
3.418,-1.991510689404686e-18,-8.064878204803124e-17
3.419,-1.9103944211116803e-18,-7.964440649559379e-17
3.42,-1.831019899836846e-18,-7.865250014324125e-17
3.421,-1.7533559500107994e-18,-7.767290873593036e-17
3.422,-1.677371907000444e-18,-7.670547991914595e-17
3.423,-1.6030376091630619e-18,-7.575006321559483e-17
3.424,-1.5303233900197216e-18,-7.480651000218393e-17
3.425,-1.4592000705462543e-18,-7.387467348727917e-17
3.426,-1.3896389515800783e-18,-7.295440868824187e-17
3.427,-1.3216118063411729e-18,-7.204557240923902e-17
3.428,-1.2550908730655307e-18,-7.114802321932441e-17
3.429,-1.190048847749438e-18,-7.026162143078707e-17
3.43,-1.1264588770029596e-18,-6.938622907776401e-17
3.431,-1.0642945510110264e-18,-6.852170989511381e-17
3.432,-1.0035298966005455e-18,-6.76679292975482e-17
3.433,-9.441393704119797e-19,-6.682475435901812e-17
3.434,-8.860978521738609e-19,-6.599205379235164e-17
3.435,-8.293806380787259e-19,-6.516969792914017e-17
3.436,-7.739634342589872e-19,-6.435755869987042e-17
3.437,-7.19822350361267e-19,-6.35555096142988e-17
3.438,-6.669338932177512e-19,-6.276342574206544e-17
3.439,-6.152749606131339e-19,-6.198118369354499e-17
3.44,-5.648228351457493e-19,-6.120866160093121e-17
3.441,-5.155551781815035e-19,-6.044573909955255e-17
3.442,-4.674500238992417e-19,-5.969229730941593e-17
3.443,-4.2048577342620605e-19,-5.894821881697594e-17
3.444,-3.74641189062255e-19,-5.821338765712681e-17
3.445,-3.298953885915403e-19,-5.748768929541422e-17
3.446,-2.862278396803505e-19,-5.677101061046455e-17
3.447,-2.4361835435985273e-19,-5.606323987662874e-17
3.448,-2.0204708359248072e-19,-5.536426674683824e-17
3.449,-1.6149451192073594e-19,-5.467398223567047e-17
3.45,-1.2194145219718586e-19,-5.399227870262119e-17
3.451,-8.336904039446188e-20,-5.3319049835581334e-17
3.452,-4.575873049407571e-20,-5.2654190634515795e-17
3.453,-9.09228945289086e-21,-5.199759739534169e-17
3.454,2.664820775389768e-20,-5.134916769400375e-17
3.455,6.148038301440593e-20,-5.07088003707443e-17
3.456,9.542155988743928e-20,-5.0076395514565686e-17
3.457,1.2848876833670472e-19,-4.94518544478825e-17
3.458,1.6069874939293865e-19,-4.883507971136168e-17
3.459,1.9206795974501678e-19,-4.822597504894783e-17
3.46,2.2261257626109663e-19,-4.7624445393071743e-17
3.461,2.5234850044082847e-19,-4.703039685003986e-17
3.462,2.8129136279965517e-19,-4.6443736685602387e-17
3.463,3.0945652718620703e-19,-4.5864373310697934e-17
3.464,3.3685909503378234e-19,-4.529221626737262e-17
3.465,3.6351390954689107e-19,-4.472717621487138e-17
3.466,3.894355598238242e-19,-4.4169164915899453e-17
3.467,4.146383849161973e-19,-4.361809522305199e-17
3.468,4.391364778264036e-19,-4.307388106540973e-17
3.469,4.62943689443898e-19,-4.253643743529865e-17
3.47,4.860736324212195e-19,-4.200568037521176e-17
3.471,5.085396849906479e-19,-4.148152696489088e-17
3.472,5.303549947223764e-19,-4.0963895308566566e-17
3.473,5.515324822250675e-19,-4.0452704522354265e-17
3.474,5.720848447896522e-19,-3.994787472180471e-17
3.475,5.920245599772122e-19,-3.9449327009606797e-17
3.476,6.113638891517812e-19,-3.8956983463440967e-17
3.477,6.301148809588806e-19,-3.847076712398136e-17
3.478,6.482893747506015e-19,-3.7990601983044884e-17
3.479,6.658990039580256e-19,-3.7516412971885373e-17
3.48,6.829551994117715e-19,-3.704812594963119e-17
3.481,6.994691926114383e-19,-3.658566769186436e-17
3.482,7.154520189447093e-19,-3.612896587933967e-17
3.483,7.309145208568646e-19,-3.5677949086841894e-17
3.484,7.458673509714451e-19,-3.523254677217958e-17
3.485,7.603209751627931e-19,-3.479268926531364e-17
3.486,7.742856755811923e-19,-3.435830775761918e-17
3.487,7.877715536313106e-19,-3.392933429127887e-17
3.488,8.007885329046466e-19,-3.35057017488063e-17
3.489,8.133463620666653e-19,-3.308734384269774e-17
3.49,8.254546176993006e-19,-3.2674195105210723e-17
3.491,8.371227070994934e-19,-3.2266190878267886e-17
3.492,8.483598710344201e-19,-3.1863267303484584e-17
3.493,8.591751864540633e-19,-3.146536131231876e-17
3.494,8.695775691617598e-19,-3.107241061634155e-17
3.495,8.795757764433577e-19,-3.068435369762717e-17
3.496,8.891784096556017e-19,-3.0301129799260637e-17
3.497,8.983939167743577e-19,-2.992267891596189e-17
3.498,9.072305949032784e-19,-2.954894178482486e-17
3.499,9.156965927435041e-19,-2.917985987617015e-17
3.5,9.237999130249831e-19,-2.8815375384509855e-17
3.501,9.31548414899987e-19,-2.8455431219623205e-17
3.502,9.389498162993894e-19,-2.809997099774172e-17
3.503,9.460116962522663e-19,-2.7748939032842452e-17
3.504,9.527414971693719e-19,-2.7402280328048e-17
3.505,9.591465270910283e-19,-2.7059940567132145e-17
3.506,9.65233961899969e-19,-2.6721866106129578e-17
3.507,9.71010847499661e-19,-2.6388003965048673e-17
3.508,9.764841019586237e-19,-2.605830181968589e-17
3.509,9.816605176212613e-19,-2.5732707993540648e-17
3.51,9.865467631857068e-19,-2.5411171449829448e-17
3.511,9.911493857491797e-19,-2.509364178359795e-17
3.512,9.954748128213446e-19,-2.4780069213929923e-17
3.513,9.995293543061536e-19,-2.4470404576251807e-17
3.514,1.0033192044526488e-18,-2.4164599314731728e-17
3.515,1.006850443775192e-18,-2.386260547477184e-17
3.516,1.0101290409435841e-18,-2.3564375695592863e-17
3.517,1.013160854643528e-18,-2.3269863202909604e-17
3.518,1.0159516354078858e-18,-2.2979021801696496e-17
3.519,1.0185070274191667e-18,-2.2691805869041908e-17
3.52,1.0208325702836863e-18,-2.240817034709024e-17
3.521,1.0229337007778219e-18,-2.212807073607069e-17
3.522,1.0248157545667883e-18,-2.1851463087411636e-17
3.523,1.0264839678963475e-18,-2.1578303996939614e-17
3.524,1.027943479257867e-18,-2.1308550598161806e-17
3.525,1.0291993310271246e-18,-2.1042160555631074e-17
3.526,1.0302564710772622e-18,-2.07790920583925e-17
3.527,1.0311197543662797e-18,-2.051930381351043e-17
3.528,1.0317939444994534e-18,-2.0262755039675068e-17
3.529,1.032283715267061e-18,-2.0009405460887608e-17
3.53,1.0325936521577895e-18,-1.9759215300222997e-17
3.531,1.032728253848192e-18,-1.9512145273669312e-17
3.532,1.0326919336685599e-18,-1.9268156584042872e-17
3.533,1.0324890210455697e-18,-1.902721091497814e-17
3.534,1.032123762922055e-18,-1.878927042499148e-17
3.535,1.0316003251542542e-18,-1.8554297741617908e-17
3.536,1.0309227938868755e-18,-1.8322255955619896e-17
3.537,1.0300951769063173e-18,-1.809310861526739e-17
3.538,1.0291214049723785e-18,-1.7866819720688134e-17
3.539,1.0280053331287836e-18,-1.7643353718287488e-17
3.54,1.0267507419928474e-18,-1.742267549523683e-17
3.541,1.025361339024599e-18,-1.7204750374029745e-17
3.542,1.0238407597756757e-18,-1.6989544107105174e-17
3.543,1.0221925691182975e-18,-1.677702287153666e-17
3.544,1.0204202624546266e-18,-1.656715326378694e-17
3.545,1.018527266906812e-18,-1.6359902294527047e-17
3.546,1.0165169424880122e-18,-1.615523738351912e-17
3.547,1.0143925832546905e-18,-1.5953126354562197e-17
3.548,1.0121574184404678e-18,-1.575353743050017e-17
3.549,1.009814613571814e-18,-1.5556439228291135e-17
3.55,1.0073672715658597e-18,-1.536180075413746e-17
3.551,1.004818433810598e-18,-1.5169591398675707e-17
3.552,1.002171081227752e-18,-1.4979780932225813e-17
3.553,9.99428135318566e-19,-1.479233950009868e-17
3.554,9.965924591927927e-19,-1.4607237617961542e-17
3.555,9.93666858581124e-19,-1.4424446167260357e-17
3.556,9.906540828313285e-19,-1.4243936390698555e-17
3.557,9.875568258883403e-19,-1.4065679887771432e-17
3.558,9.843777272585486e-19,-1.3889648610355504e-17
3.559,9.811193729585315e-19,-1.371581485835218e-17
3.56,9.777842964484717e-19,-1.3544151275385043e-17
3.561,9.743749795504913e-19,-1.3374630844550125e-17
3.562,9.708938533521386e-19,-1.3207226884218491e-17
3.563,9.673432990952535e-19,-1.304191304389052e-17
3.564,9.6372564905044e-19,-1.2878663300101231e-17
3.565,9.600431873773655e-19,-1.2717451952376035e-17
3.566,9.56298150971109e-19,-1.2558253619236293e-17
3.567,9.524927302947675e-19,-1.2401043234254074e-17
3.568,9.486290701985408e-19,-1.2245796042155507e-17
3.569,9.447092707254983e-19,-1.2092487594972123e-17
3.57,9.407353879042358e-19,-1.1941093748239617e-17
3.571,9.367094345286253e-19,-1.179159065724343e-17
3.572,9.326333809248571e-19,-1.1643954773310596e-17
3.573,9.285091557059717e-19,-1.149816284014726e-17
3.574,9.243386465140754e-19,-1.1354191890221337e-17
3.575,9.201237007504303e-19,-1.1212019241189738e-17
3.576,9.158661262936071e-19,-1.1071622492369619e-17
3.577,9.11567692205887e-19,-1.093297952125313e-17
3.578,9.072301294280922e-19,-1.0796068480065098e-17
3.579,9.028551314630295e-19,-1.0660867792363153e-17
3.58,8.98444355047721e-19,-1.0527356149679751e-17
3.581,8.93999420814596e-19,-1.0395512508205592e-17
3.582,8.895219139418188e-19,-1.0265316085513917e-17
3.583,8.850133847929184e-19,-1.0136746357325197e-17
3.584,8.8047534954589e-19,-1.0009783054311695e-17
3.585,8.759092908119296e-19,-9.884406158941442e-18
3.586,8.713166582439655e-19,-9.760595902361106e-18
3.587,8.666988691351458e-19,-9.638332761317317e-18
3.588,8.62057309007437e-19,-9.517597455115942e-18
3.589,8.573933321904918e-19,-9.398370942618866e-18
3.59,8.527082623909341e-19,-9.280634419277812e-18
3.591,8.480033932522142e-19,-9.16436931420473e-18
3.592,8.432799889051817e-19,-9.049557287278341e-18
3.593,8.385392845095186e-19,-8.936180226286358e-18
3.594,8.337824867861811e-19,-8.824220244102959e-18
3.595,8.290107745409851e-19,-8.713659675901087e-18
3.596,8.242252991794793e-19,-8.604481076399129e-18
3.597,8.194271852132407e-19,-8.496667217141583e-18
3.598,8.146175307577263e-19,-8.390201083813257e-18
3.599,8.097974080218161e-19,-8.285065873586621e-18
3.6,8.049678637891768e-19,-8.181244992501888e-18
3.601,8.001299198915742e-19,-8.078722052879419e-18
3.602,7.952845736742633e-19,-7.977480870764079e-18
3.603,7.904327984535785e-19,-7.877505463401109e-18
3.604,7.855755439668492e-19,-7.778780046743179e-18
3.605,7.807137368147599e-19,-7.68128903298819e-18
3.606,7.758482808962761e-19,-7.585017028147473e-18
3.607,7.709800578362511e-19,-7.489948829644022e-18
3.608,7.661099274058321e-19,-7.396069423940359e-18
3.609,7.612387279357771e-19,-7.303363984195688e-18
3.61,7.563672767227967e-19,-7.211817867951987e-18
3.611,7.5149637042903e-19,-7.121416614848655e-18
3.612,7.466267854747638e-19,-7.032145944365388e-18
3.613,7.417592784245033e-19,-6.943991753592921e-18
3.614,7.368945863664978e-19,-6.8569401150313e-18
3.615,7.320334272858271e-19,-6.770977274415355e-18
3.616,7.271765004311504e-19,-6.68608964856701e-18
3.617,7.223244866752178e-19,-6.602263823274138e-18
3.618,7.174780488692454e-19,-6.519486551195606e-18
3.619,7.126378321912487e-19,-6.4377447497921985e-18
3.62,7.07804464488435e-19,-6.357025499283105e-18
3.621,7.029785566137443e-19,-6.277316040627647e-18
3.622,6.981607027566369e-19,-6.198603773531943e-18
3.623,6.933514807682164e-19,-6.120876254480202e-18
3.624,6.885514524807795e-19,-6.0441211947903386e-18
3.625,6.837611640218827e-19,-5.968326458693616e-18
3.626,6.789811461230119e-19,-5.8934800614380196e-18
3.627,6.742119144229426e-19,-5.819570167415063e-18
3.628,6.694539697658755e-19,-5.746585088309753e-18
3.629,6.647077984944311e-19,-5.6745132812734124e-18
3.63,6.599738727375854e-19,-5.6033433471190875e-18
3.631,6.552526506936291e-19,-5.533064028539259e-18
3.632,6.505445769082287e-19,-5.46366420834559e-18
3.633,6.458500825476704e-19,-5.3951329077304266e-18
3.634,6.411695856673613e-19,-5.327459284549793e-18
3.635,6.365034914756675e-19,-5.260632631627616e-18
3.636,6.318521925931621e-19,-5.194642375080909e-18
3.637,6.27216069307358e-19,-5.129478072665672e-18
3.638,6.225954898229974e-19,-5.065129412143238e-18
3.639,6.17990810507972e-19,-5.001586209666822e-18
3.64,6.134023761349419e-19,-4.938838408188021e-18
3.641,6.088305201187242e-19,-4.8768760758830265e-18
3.642,6.042755647495198e-19,-4.815689404598289e-18
3.643,5.99737821422045e-19,-4.75526870831542e-18
3.644,5.952175908606356e-19,-4.695604421635069e-18
3.645,5.907151633403878e-19,-4.636687098279561e-18
3.646,5.862308189044002e-19,-4.578507409614057e-18
3.647,5.817648275771809e-19,-4.5210561431860016e-18
3.648,5.773174495742823e-19,-4.464324201282645e-18
3.649,5.728889355082235e-19,-4.408302599506412e-18
3.65,5.68479526590763e-19,-4.352982465367892e-18
3.651,5.640894548315786e-19,-4.298355036896242e-18
3.652,5.59718943233416e-19,-4.244411661266782e-18
3.653,5.553682059837615e-19,-4.191143793445575e-18
3.654,5.510374486430961e-19,-4.1385429948507765e-18
3.655,5.467268683297882e-19,-4.086600932030556e-18
3.656,5.424366539016781e-19,-4.035309375357375e-18
3.657,5.381669861344099e-19,-3.984660197738429e-18
3.658,5.339180378965633e-19,-3.934645373342051e-18
3.659,5.296899743216387e-19,-3.8852569763398765e-18
3.66,5.254829529769457e-19,-3.836487179664585e-18
3.661,5.21297124029448e-19,-3.788328253783011e-18
3.662,5.171326304086138e-19,-3.74077256548445e-18
3.663,5.129896079663192e-19,-3.6938125766839664e-18
3.664,5.088681856338577e-19,-3.647440843240512e-18
3.665,5.047684855760986e-19,-3.601650013789685e-18
3.666,5.00690623342844e-19,-3.556432828590935e-18
3.667,4.966347080174317e-19,-3.511782118389051e-18
3.668,4.92600842362626e-19,-3.467690803289741e-18
3.669,4.885891229638454e-19,-3.4241518916491406e-18
3.67,4.845996403697676e-19,-3.381158478977073e-18
3.671,4.806324792303591e-19,-3.3387037468538943e-18
3.672,4.766877184323683e-19,-3.2967809618607524e-18
3.673,4.727654312323275e-19,-3.2553834745230973e-18
3.674,4.68865685387103e-19,-3.214504718267279e-18
3.675,4.649885432820358e-19,-3.174138208390071e-18
3.676,4.611340620567113e-19,-3.134277541040956e-18
3.677,4.573022937283998e-19,-3.094916392217026e-18
3.678,4.53493285313204e-19,-3.0560485167703296e-18
3.679,4.497070789449546e-19,-3.0176677474275224e-18
3.68,4.459437119918893e-19,-2.979767993821662e-18
3.681,4.422032171711543e-19,-2.942343241536001e-18
3.682,4.384856226611627e-19,-2.9053875511596314e-18
3.683,4.347909522118485e-19,-2.8688950573548273e-18
3.684,4.3111922525284884e-19,-2.8328599679359512e-18
3.685,4.2747045699965057e-19,-2.7972765629597724e-18
3.686,4.2384465855773604e-19,-2.7621391938270625e-18
3.687,4.2024183702476056e-19,-2.727442282395324e-18
3.688,4.1666199559079547e-19,-2.6931803201025215e-18
3.689,4.1310513363666937e-19,-2.659347867101668e-18
3.69,4.095712468304397e-19,-2.625939551406148e-18
3.691,4.0606032722202576e-19,-2.5929500680456277e-18
3.692,4.0257236333603563e-19,-2.560374178232438e-18
3.693,3.99107340262816e-19,-2.5282067085382866e-18
3.694,3.9566523974775626e-19,-2.4964425500811813e-18
3.695,3.922460402788762e-19,-2.4650766577224343e-18
3.696,3.8884971717272597e-19,-2.4341040492736245e-18
3.697,3.8547624265862837e-19,-2.4035198047133917e-18
3.698,3.821255859612899e-19,-2.373319065413946e-18
3.699,3.787977133818103e-19,-2.3434970333771693e-18
3.7,3.754925883771167e-19,-2.31404897048019e-18
3.701,3.7221017163784965e-19,-2.2849701977303157e-18
3.702,3.689504211647278e-19,-2.2562560945292077e-18
3.703,3.6571329234341703e-19,-2.227902097946182e-18
3.704,3.6249873801793006e-19,-2.1999037020005235e-18
3.705,3.593067085625813e-19,-2.1722564569527082e-18
3.706,3.5613715195252214e-19,-2.144955968604411e-18
3.707,3.5299001383288136e-19,-2.1179978976072054e-18
3.708,3.4986523758653418e-19,-2.0913779587798343e-18
3.709,3.4676276440052394e-19,-2.0650919204339552e-18
3.71,3.436825333311599e-19,-2.03913560370825e-18
3.711,3.4062448136781384e-19,-2.0135048819107992e-18
3.712,3.3758854349543776e-19,-1.9881956798696147e-18
3.713,3.3457465275582573e-19,-1.9632039732912325e-18
3.714,3.315827403076408e-19,-1.9385257881272687e-18
3.715,3.2861273548522894e-19,-1.9141571999488335e-18
3.716,3.2566456585624126e-19,-1.89009433332871e-18
3.717,3.227381572780848e-19,-1.866333361231204e-18
3.718,3.1983343395322294e-19,-1.8428705044095643e-18
3.719,3.1695031848334536e-19,-1.819702030810886e-18
3.72,3.14088731922427e-19,-1.796824254988397e-18
3.721,3.1124859382869595e-19,-1.774233537521045e-18
3.722,3.0842982231552947e-19,-1.751926284440287e-18
3.723,3.0563233410129666e-19,-1.729898946663998e-18
3.724,3.028560445581665e-19,-1.7081480194374047e-18
3.725,3.0010086775989966e-19,-1.6866700417809648e-18
3.726,2.973667165286416e-19,-1.6654615959450998e-18
3.727,2.946535024807354e-19,-1.6445193068716984e-18
3.728,2.9196113607157087e-19,-1.6238398416623082e-18
3.729,2.8928952663948735e-19,-1.603419909052931e-18
3.73,2.8663858244874725e-19,-1.5832562588953416e-18
3.731,2.840082107315966e-19,-1.5633456816448463e-18
3.732,2.8139831772942895e-19,-1.5436850078544072e-18
3.733,2.788088087330686e-19,-1.524271107675046e-18
3.734,2.762395881221888e-19,-1.5051008903624563e-18
3.735,2.736905594038808e-19,-1.4861713037897442e-18
3.736,2.711616252503886e-19,-1.4674793339662198e-18
3.737,2.6865268753602437e-19,-1.4490220045621698e-18
3.738,2.661636473732793e-19,-1.4307963764395324e-18
3.739,2.636944051481451e-19,-1.412799547188403e-18
3.74,2.612448605546589e-19,-1.395028650669299e-18
3.741,2.588149126286869e-19,-1.377480856561113e-18
3.742,2.564044597809604e-19,-1.3601533699146815e-18
3.743,2.5401339982937655e-19,-1.3430434307119008e-18
3.744,2.5164163003057906e-19,-1.3261483134303243e-18
3.745,2.4928904711083043e-19,-1.3094653266131674e-18
3.746,2.469555472961893e-19,-1.2929918124446588e-18
3.747,2.4464102634200547e-19,-1.2767251463306675e-18
3.748,2.423453795617451e-19,-1.2606627364845442e-18
3.749,2.4006850185515837e-19,-1.2448020235181088e-18
3.75,2.3781028773580144e-19,-1.2291404800377222e-18
3.751,2.3557063135792496e-19,-1.2136756102453801e-18
3.752,2.333494265427406e-19,-1.1984049495447644e-18
3.753,2.311465668040768e-19,-1.1833260641521933e-18
3.754,2.289619453734356e-19,-1.1684365507124057e-18
3.755,2.2679545522446114e-19,-1.1537340359191258e-18
3.756,2.2464698909683124e-19,-1.1392161761403425e-18
3.757,2.225164395195818e-19,-1.1248806570482482e-18
3.758,2.204036988338761e-19,-1.1107251932537819e-18
3.759,2.18308659215228e-19,-1.096747527945712e-18
3.76,2.162312126951897e-19,-1.0829454325342104e-18
3.761,2.1417125118251452e-19,-1.0693167062988595e-18
3.762,2.121286664838038e-19,-1.0558591760410332e-18
3.763,2.1010335032364824e-19,-1.0425706957406048e-18
3.764,2.080951943642728e-19,-1.0294491462169227e-18
3.765,2.0610409022469473e-19,-1.0164924347940024e-18
3.766,2.0412992949940403e-19,-1.0036984949698853e-18
3.767,2.0217260377657494e-19,-9.910652860901067e-19
3.768,2.0023200465581804e-19,-9.785907930252291e-19
3.769,1.983080237654811e-19,-9.662730258523846e-19
3.77,1.9640055277950762e-19,-9.541100195407804e-19
3.771,1.945094834338614e-19,-9.420998336411154e-19
3.772,1.9263470754252559e-19,-9.302405519788631e-19
3.773,1.9077611701308407e-19,-9.185302823513685e-19
3.774,1.889336038618937e-19,-9.069671562287146e-19
3.775,1.8710706022885472e-19,-8.955493284583116e-19
3.776,1.8529637839178763e-19,-8.842749769731608e-19
3.777,1.835014507804238e-19,-8.731423025037505e-19
3.778,1.8172216999001756e-19,-8.621495282935349e-19
3.779,1.7995842879458692e-19,-8.512948998179564e-19
3.78,1.7821012015979028e-19,-8.405766845069624e-19
3.781,1.7647713725544624e-19,-8.299931714709779e-19
3.782,1.7475937346770368e-19,-8.195426712302863e-19
3.783,1.7305672241086839e-19,-8.09223515447781e-19
3.784,1.71369077938894e-19,-7.990340566650421e-19
3.785,1.6969633415654281e-19,-7.889726680416983e-19
3.786,1.680383854302237e-19,-7.790377430980344e-19
3.787,1.663951263985135e-19,-7.692276954608018e-19
3.788,1.647664519823677e-19,-7.595409586121949e-19
3.789,1.6315225739502723e-19,-7.49975985641951e-19
3.79,1.6155243815162697e-19,-7.405312490025384e-19
3.791,1.5996689007851232e-19,-7.3120524026739165e-19
3.792,1.5839550932226942e-19,-7.219964698921569e-19
3.793,1.5683819235847486e-19,-7.129034669789109e-19
3.794,1.5529483600017083e-19,-7.039247790433159e-19
3.795,1.537653374060709e-19,-6.950589717846737e-19
3.796,1.5224959408850205e-19,-6.863046288588433e-19
3.797,1.507475039210885e-19,-6.776603516539874e-19
3.798,1.4925896514618236e-19,-6.691247590691111e-19
3.799,1.4778387638204658e-19,-6.606964872953588e-19
3.8,1.4632213662979495e-19,-6.523741896000355e-19
3.801,1.4487364528009457e-19,-6.441565361133185e-19
3.802,1.4343830211963532e-19,-6.360422136176249e-19
3.803,1.4201600733737158e-19,-6.28029925339604e-19
3.804,1.4060666153054055e-19,-6.2011839074472e-19
3.805,1.3921016571046212e-19,-6.123063453343949e-19
3.806,1.3782642130812484e-19,-6.045925404456769e-19
3.807,1.364553301795623e-19,-5.969757430534068e-19
3.808,1.350967946110246e-19,-5.894547355748468e-19
3.809,1.3375071732394921e-19,-5.820283156767462e-19
3.81,1.324170014797352e-19,-5.74695296084809e-19
3.811,1.3109555068432558e-19,-5.674545043955365e-19
3.812,1.2978626899260123e-19,-5.603047828904144e-19
3.813,1.284890609125911e-19,-5.53244988352416e-19
3.814,1.2720383140950206e-19,-5.4627399188479105e-19
3.815,1.2593048590957283e-19,-5.393906787321138e-19
3.816,1.2466893030375537e-19,-5.325939481035609e-19
3.817,1.2341907095122795e-19,-5.258827129983924e-19
3.818,1.22180814682743e-19,-5.19255900033607e-19
3.819,1.2095406880381398e-19,-5.127124492737467e-19
3.82,1.1973874109774465e-19,-5.062513140628217e-19
3.821,1.1853473982850377e-19,-4.998714608583316e-19
3.822,1.173419737434494e-19,-4.935718690673543e-19
3.823,1.1616035207590564e-19,-4.873515308846798e-19
3.824,1.1498978454759547e-19,-4.812094511329606e-19
3.825,1.1383018137093253e-19,-4.751446471048559e-19
3.826,1.1268145325117548e-19,-4.691561484071433e-19
3.827,1.1154351138844787e-19,-4.632429968067747e-19
3.828,1.104162674796263e-19,-4.574042460788511e-19
3.829,1.0929963372010062e-19,-4.516389618564937e-19
3.83,1.0819352280540834e-19,-4.459462214825859e-19
3.831,1.070978479327467e-19,-4.403251138633656e-19
3.832,1.06012522802365e-19,-4.347747393238421e-19
3.833,1.0493746161884e-19,-4.2929420946501685e-19
3.834,1.0387257909223738e-19,-4.2388264702288375e-19
3.835,1.0281779043916159e-19,-4.1853918572918966e-19
3.836,1.0177301138369699e-19,-4.1326297017393e-19
3.837,1.0073815815824288e-19,-4.080531556695604e-19
3.838,9.971314750424483e-20,-4.029089081169014e-19
3.839,9.869789667282491e-20,-3.9782940387271644e-19
3.84,9.769232342531326e-20,-3.928138296189413e-19
3.841,9.669634603368342e-20,-3.8786138223354496e-19
3.842,9.570988328089376e-20,-3.829712686630014e-19
3.843,9.473285446113734e-20,-3.7814270579635267e-19
3.844,9.376517938000249e-20,-3.7337492034084274e-19
3.845,9.280677835454628e-20,-3.6866714869910345e-19
3.846,9.185757221328326e-20,-3.640186368478723e-19
3.847,9.09174822960913e-20,-3.5942864021822395e-19
3.848,8.998643045403694e-20,-3.54896423577296e-19
3.849,8.906433904912216e-20,-3.504212609114906e-19
3.85,8.815113095395466e-20,-3.460024353111336e-19
3.851,8.724672955134362e-20,-3.416392388565731e-19
3.852,8.635105873382276e-20,-3.3733097250569915e-19
3.853,8.546404290310301e-20,-3.330769459828678e-19
3.854,8.45856069694561e-20,-3.2887647766921097e-19
3.855,8.371567635103139e-20,-3.247288944943153e-19
3.856,8.285417697310758e-20,-3.2063353182925343e-19
3.857,8.200103526728088e-20,-3.1658973338095003e-19
3.858,8.115617817059174e-20,-3.125968510878667e-19
3.859,8.031953312459154e-20,-3.0865424501698867e-19
3.86,7.949102807435105e-20,-3.047612832620978e-19
3.861,7.867059146741225e-20,-3.0091734184331533e-19
3.862,7.785815225268514e-20,-2.971218046078985e-19
3.863,7.705363987929108e-20,-2.9337406313227627e-19
3.864,7.625698429535425e-20,-2.8967351662530754e-19
3.865,7.546811594674266e-20,-2.8601957183274754e-19
3.866,7.468696577576026e-20,-2.8241164294290696e-19
3.867,7.391346521979159e-20,-2.788491514934889e-19
3.868,7.314754620990037e-20,-2.753315262795896e-19
3.869,7.238914116938337e-20,-2.7185820326284727e-19
3.87,7.163818301228114e-20,-2.68428625481726e-19
3.871,7.08946051418466e-20,-2.6504224296291985e-19
3.872,7.015834144897306e-20,-2.616985126338634e-19
3.873,6.942932631058298e-20,-2.5839689823633466e-19
3.874,6.87074945879784e-20,-2.5513687024113766e-19
3.875,6.799278162515473e-20,-2.5191790576384993e-19
3.876,6.728512324707868e-20,-2.487394884816229e-19
3.877,6.658445575793185e-20,-2.45601108551021e-19
3.878,6.589071593932092e-20,-2.425022625268873e-19
3.879,6.520384104845564e-20,-2.3944245328222296e-19
3.88,6.452376881629576e-20,-2.364211899290667e-19
3.881,6.385043744566798e-20,-2.334379877403636e-19
3.882,6.318378560935395e-20,-2.304923680728092e-19
3.883,6.252375244815033e-20,-2.2758385829065826e-19
3.884,6.18702775689021e-20,-2.2471199169048465e-19
3.885,6.122330104250989e-20,-2.218763074268819e-19
3.886,6.058276340191245e-20,-2.190763504390918e-19
3.887,5.994860564004526e-20,-2.1631167137854992e-19
3.888,5.9320769207776e-20,-2.1358182653733628e-19
3.889,5.86991960118181e-20,-2.1088637777752027e-19
3.89,5.808382841262293e-20,-2.0822489246138832e-19
3.891,5.747460922225189e-20,-2.0559694338254368e-19
3.892,5.687148170222888e-20,-2.0300210869786709e-19
3.893,5.627438956137425e-20,-2.004399718603279e-19
3.894,5.568327695362095e-20,-1.9791012155263465e-19
3.895,5.509808847581371e-20,-1.954121516217153e-19
3.896,5.451876916549202e-20,-1.9294566101401611e-19
3.897,5.394526449865768e-20,-1.9051025371160916e-19
3.898,5.337752038752772e-20,-1.8810553866909875e-19
3.899,5.281548317827332e-20,-1.8573112975131628e-19
3.9,5.225909964874559e-20,-1.83386645671794e-19
3.901,5.170831700618878e-20,-1.8107170993200801e-19
3.902,5.116308288494171e-20,-1.7878595076138055e-19
3.903,5.062334534412802e-20,-1.7652900105803269e-19
3.904,5.0089052865335966e-20,-1.7430049833027734e-19
3.905,4.95601543502883e-20,-1.7210008463884412e-19
3.906,4.903659911850301e-20,-1.6992740653982637e-19
3.907,4.851833690494537e-20,-1.6778211502834154e-19
3.908,4.800531785767203e-20,-1.6566386548289604e-19
3.909,4.749749253546768e-20,-1.6357231761044584e-19
3.91,4.69948119054748e-20,-1.6150713539214388e-19
3.911,4.649722734081721e-20,-1.5946798702976614e-19
3.912,4.600469061821779e-20,-1.5745454489280748e-19
3.913,4.551715391561099e-20,-1.5546648546623913e-19
3.914,4.5034569809750704e-20,-1.5350348929891967e-19
3.915,4.455689127381386e-20,-1.5156524095265095e-19
3.916,4.4084071675000375e-20,-1.4965142895187148e-19
3.917,4.361606477212989e-20,-1.4776174573397869e-19
3.918,4.315282471323572e-20,-1.4589588760027284e-19
3.919,4.269430603315659e-20,-1.4405355466751446e-19
3.92,4.2240463651126473e-20,-1.422344508200875e-19
3.921,4.1791252868363055e-20,-1.4043828366276125e-19
3.922,4.134662936565525e-20,-1.3866476447404293e-19
3.923,4.090654920095012e-20,-1.369136081601139e-19
3.924,4.04709688069397e-20,-1.3518453320934214e-19
3.925,4.0039844988648006e-20,-1.3347726164736374e-19
3.926,3.9613134921018745e-20,-1.317915189927266e-19
3.927,3.919079614650396e-20,-1.301270342130887e-19
3.928,3.8772786572654134e-20,-1.284835396819648e-19
3.929,3.835906446970993e-20,-1.2686077113601412e-19
3.93,3.7949588468196087e-20,-1.252584676328624e-19
3.931,3.7544317556517697e-20,-1.2367637150945207e-19
3.932,3.714321107855923e-20,-1.2211422834091316e-19
3.933,3.6746228731286616e-20,-1.2057178689994917e-19
3.934,3.635333056235273e-20,-1.1904879911673122e-19
3.935,3.5964476967706524e-20,-1.1754502003929389e-19
3.936,3.5579628689206144e-20,-1.1606020779442693e-19
3.937,3.5198746812236347e-20,-1.1459412354905629e-19
3.938,3.482179276333038e-20,-1.1314653147210853e-19
3.939,3.4448728307796754e-20,-1.1171719869685262e-19
3.94,3.407951554735103e-20,-1.1030589528371294e-19
3.941,3.371411691775296e-20,-1.0891239418354788e-19
3.942,3.3352495186449245e-20,-1.0753647120138801e-19
3.943,3.299461345022202e-20,-1.0617790496062829e-19
3.944,3.2640435132843494e-20,-1.0483647686766836e-19
3.945,3.2289923982736814e-20,-1.035119710769956e-19
3.946,3.194304407064346e-20,-1.0220417445670527e-19
3.947,3.159975978729732e-20,-1.0091287655445235e-19
3.948,3.126003584110575e-20,-9.963786956382959e-20
3.949,3.0923837255837704e-20,-9.837894829116655e-20
3.95,3.0591129368319217e-20,-9.713591012274438e-20
3.951,3.0261877826136387e-20,-9.590855499242096e-20
3.952,2.9936048585346047e-20,-9.469668534966162e-20
3.953,2.9613607908194315e-20,-9.350010612796993e-20
3.954,2.9294522360843175e-20,-9.231862471371402e-20
3.955,2.897875881110529e-20,-9.115205091534309e-20
3.956,2.866628442618714e-20,-9.000019693298958e-20
3.957,2.8357066670440705e-20,-8.886287732845189e-20
3.958,2.805107330312381e-20,-8.773990899555305e-20
3.959,2.774827237616932e-20,-8.663111113087067e-20
3.96,2.744863223196322e-20,-8.553630520483346e-20
3.961,2.7152121501131854e-20,-8.44553149331797e-20
3.962,2.6858709100338312e-20,-8.338796624877325e-20
3.963,2.6568364230088227e-20,-8.233408727377257e-20
3.964,2.6281056372544984e-20,-8.129350829214836e-20
3.965,2.599675528935451e-20,-8.02660617225454e-20
3.966,2.5715431019479783e-20,-7.92515820914844e-20
3.967,2.5437053877045095e-20,-7.82499060068995e-20
3.968,2.5161594449190235e-20,-7.726087213200732e-20
3.969,2.4889023593934657e-20,-7.628432115950334e-20
3.97,2.461931243805173e-20,-7.532009578608157e-20
3.971,2.435243237495318e-20,-7.436804068727342e-20
3.972,2.408835506258378e-20,-7.342800249260185e-20
3.973,2.3827052421326372e-20,-7.249982976104682e-20
3.974,2.356849663191736e-20,-7.158337295681809e-20
3.975,2.3312660133372652e-20,-7.067848442543165e-20
3.976,2.3059515620924186e-20,-6.978501837008595e-20
3.977,2.2809036043967095e-20,-6.890283082833397e-20
3.978,2.2561194604017572e-20,-6.803177964904792e-20
3.979,2.2315964752681494e-20,-6.717172446967228e-20
3.98,2.207332018963387e-20,-6.632252669376218e-20
3.981,2.183323486060914e-20,-6.548404946880307e-20
3.982,2.1595682955402423e-20,-6.465615766430848e-20
3.983,2.1360638905881725e-20,-6.383871785019225e-20
3.984,2.1128077384011167e-20,-6.303159827541182e-20
3.985,2.0897973299885256e-20,-6.223466884687923e-20
3.986,2.067030179977428e-20,-6.144780110863637e-20
3.987,2.0445038264180806e-20,-6.06708682212914e-20
3.988,2.0222158305907386e-20,-5.990374494171274e-20
3.989,2.0001637768135418e-20,-5.914630760297783e-20
3.99,1.978345272251526e-20,-5.839843409457301e-20
3.991,1.9567579467267597e-20,-5.766000384284176e-20
3.992,1.935399452529607e-20,-5.693089779167803e-20
3.993,1.9142674642311215e-20,-5.621099838346154e-20
3.994,1.893359678496572e-20,-5.55001895402322e-20
3.995,1.8726738139000994e-20,-5.479835664510044e-20
3.996,1.852207610740511e-20,-5.410538652389071e-20
3.997,1.8319588308582087e-20,-5.3421167427015064e-20
3.998,1.8119252574532548e-20,-5.274558901157406e-20
3.999,1.7921046949045747e-20,-5.2078542323682105e-20
4.0,1.7724949685902986e-20,-5.1419919781014375e-20
