M omega,Re(tilde_Psi_4),Im(tilde_Psi_4)
-4.0,-2.3668338004665935e-20,4.9071394231113975e-20
-3.999,-2.3986336025198154e-20,4.9672891177466643e-20
-3.998,-2.4308589973671226e-20,5.0281742911515256e-20
-3.997,-2.4635156608094303e-20,5.089803911487237e-20
-3.996,-2.4966093440950582e-20,5.1521870559267854e-20
-3.995,-2.530145874919599e-20,5.215332911975232e-20
-3.994,-2.5641311584390026e-20,5.279250778805988e-20
-3.993,-2.5985711782960423e-20,5.343950068613211e-20
-3.992,-2.6334719976603496e-20,5.4094403079805014e-20
-3.991,-2.6688397602821885e-20,5.475731139266116e-20
-3.99,-2.704680691560153e-20,5.542832322004881e-20
-3.989,-2.741001099622974e-20,5.610753734327016e-20
-3.988,-2.777807376425614e-20,5.679505374394057e-20
-3.987,-2.8151059988598493e-20,5.7490973618521e-20
-3.986,-2.8529035298795195e-20,5.819539939302572e-20
-3.985,-2.891206619640642e-20,5.890843473790716e-20
-3.984,-2.930022006656589e-20,5.963018458312036e-20
-3.983,-2.969356518968526e-20,6.036075513336898e-20
-3.982,-3.009217075331305e-20,6.110025388353504e-20
-3.981,-3.049610686415027e-20,6.184878963429467e-20
-3.98,-3.0905444560224727e-20,6.260647250792209e-20
-3.979,-3.132025582322614e-20,6.337341396428403e-20
-3.978,-3.174061359100413e-20,6.414972681702689e-20
-3.977,-3.216659177023132e-20,6.493552524995904e-20
-3.976,-3.259826524923363e-20,6.57309248336304e-20
-3.975,-3.303570991099005e-20,6.653604254211187e-20
-3.974,-3.3479002646304e-20,6.735099676997697e-20
-3.973,-3.392822136714872e-20,6.817590734948793e-20
-3.972,-3.4383445020188784e-20,6.901089556798893e-20
-3.971,-3.484475360048022e-20,6.985608418550888e-20
-3.97,-3.5312228165351495e-20,7.07115974525761e-20
-3.969,-3.5785950848467755e-20,7.157756112824775e-20
-3.968,-3.626600487408078e-20,7.245410249835624e-20
-3.967,-3.675247457146704e-20,7.334135039397554e-20
-3.966,-3.7245445389556396e-20,7.423943521010979e-20
-3.965,-3.774500391175388e-20,7.514848892460691e-20
-3.964,-3.825123787095713e-20,7.606864511730011e-20
-3.963,-3.876423616477212e-20,7.70000389893797e-20
-3.962,-3.928408887092967e-20,7.794280738299824e-20
-3.961,-3.981088726290545e-20,7.889708880111173e-20
-3.96,-4.03447238257462e-20,7.98630234275595e-20
-3.959,-4.088569227210481e-20,8.08407531473861e-20
-3.958,-4.143388755848695e-20,8.183042156740743e-20
-3.957,-4.198940590171229e-20,8.283217403702476e-20
-3.956,-4.255234479559279e-20,8.384615766928906e-20
-3.955,-4.3122803027831146e-20,8.487252136221883e-20
-3.954,-4.370088069714232e-20,8.591141582037459e-20
-3.953,-4.4286679230600805e-20,8.696299357669282e-20
-3.952,-4.4880301401217024e-20,8.802740901458276e-20
-3.951,-4.548185134574544e-20,8.910481839028899e-20
-3.95,-4.609143458272777e-20,9.019537985552312e-20
-3.949,-4.670915803077418e-20,9.129925348036761e-20
-3.948,-4.7335130027085745e-20,9.241660127645529e-20
-3.947,-4.7969460346221186e-20,9.35475872204276e-20
-3.946,-4.8612260219111254e-20,9.469237727767495e-20
-3.945,-4.9263642352323945e-20,9.585113942636275e-20
-3.944,-4.9923720947583803e-20,9.702404368174622e-20
-3.943,-5.059261172154879e-20,9.821126212077777e-20
-3.942,-5.127043192584796e-20,9.941296890701013e-20
-3.941,-5.1957300367383426e-20,1.0062934031579905e-19
-3.94,-5.265333742890018e-20,1.0186055475980897e-19
-3.939,-5.3358665089827134e-20,1.0310679281482527e-19
-3.938,-5.4073406947393097e-20,1.0436823724587703e-19
-3.937,-5.479768823802117e-20,1.0564507303367357e-19
-3.936,-5.553163585900533e-20,1.06937487401359e-19
-3.935,-5.627537839047293e-20,1.0824566984158818e-19
-3.934,-5.702904611763665e-20,1.0956981214392818e-19
-3.933,-5.779277105334009e-20,1.1091010842258915e-19
-3.932,-5.856668696090048e-20,1.1226675514448812e-19
-3.931,-5.935092937725266e-20,1.1363995115765054e-19
-3.93,-6.014563563639825e-20,1.1502989771995262e-19
-3.929,-6.095094489316392e-20,1.1643679852820922e-19
-3.928,-6.176699814727294e-20,1.178608597476113e-19
-3.927,-6.259393826773409e-20,1.1930229004151684e-19
-3.926,-6.343191001755201e-20,1.2076130060159965e-19
-3.925,-6.428106007876354e-20,1.2223810517836053e-19
-3.924,-6.514153707780377e-20,1.237329201120047e-19
-3.923,-6.601349161120673e-20,1.2524596436369004e-19
-3.922,-6.689707627164478e-20,1.2677745954715094e-19
-3.921,-6.779244567431117e-20,1.2832762996070158e-19
-3.92,-6.869975648365041e-20,1.2989670261962354e-19
-3.919,-6.961916744044091e-20,1.314849072889426e-19
-3.918,-7.055083938923464e-20,1.330924765165987e-19
-3.917,-7.149493530615827e-20,1.3471964566701438e-19
-3.916,-7.245162032708092e-20,1.3636665295506612e-19
-3.915,-7.342106177615288e-20,1.3803373948046346e-19
-3.914,-7.440342919472062e-20,1.3972114926254083e-19
-3.913,-7.539889437062272e-20,1.41429129275467e-19
-3.912,-7.640763136787176e-20,1.4315792948387704e-19
-3.911,-7.742981655672759e-20,1.4490780287893185e-19
-3.91,-7.846562864416649e-20,1.4667900551481065e-19
-3.909,-7.95152487047521e-20,1.484717965456411e-19
-3.908,-8.057886021191289e-20,1.502864382628726e-19
-3.907,-8.165664906963178e-20,1.521231961330981e-19
-3.906,-8.274880364455322e-20,1.5398233883632959e-19
-3.905,-8.385551479851334e-20,1.5586413830473265e-19
-3.904,-8.497697592149844e-20,1.5776886976182578e-19
-3.903,-8.61133829650379e-20,1.5969681176214987e-19
-3.902,-8.726493447603671e-20,1.6164824623141348e-19
-3.901,-8.843183163105388e-20,1.6362345850711944e-19
-3.9,-8.961427827103214e-20,1.6562273737967887e-19
-3.899,-9.081248093648527e-20,1.6764637513401802e-19
-3.898,-9.202664890314867e-20,1.6969466759168416e-19
-3.897,-9.325699421809968e-20,1.7176791415345618e-19
-3.896,-9.450373173635348e-20,1.738664178424661e-19
-3.895,-9.576707915794086e-20,1.7599048534783747e-19
-3.894,-9.70472570654745e-20,1.7814042706884703e-19
-3.893,-9.834448896220971e-20,1.803165571596155e-19
-3.892,-9.96590013106065e-20,1.825191935743342e-19
-3.891,-1.0099102357139935e-19,1.8474865811303357e-19
-3.89,-1.023407882431815e-19,1.8700527646790017e-19
-3.889,-1.0370853090251035e-19,1.8928937827014891e-19
-3.888,-1.0509449024454095e-19,1.916012971374566e-19
-3.887,-1.0649890812419448e-19,1.9394137072196413e-19
-3.886,-1.0792202959786871e-19,1.9630994075885345e-19
-3.885,-1.0936410296569754e-19,1.9870735311550675e-19
-3.884,-1.1082537981436698e-19,2.0113395784125444e-19
-3.883,-1.123061150604946e-19,2.0359010921771882e-19
-3.882,-1.1380656699458022e-19,2.0607616580976104e-19
-3.881,-1.1532699732553493e-19,2.0859249051703803e-19
-3.88,-1.168676712257964e-19,2.1113945062617684e-19
-3.879,-1.184288573770379e-19,2.1371741786357389e-19
-3.878,-1.2001082801647895e-19,2.1632676844882625e-19
-3.877,-1.2161385898380563e-19,2.1896788314880285e-19
-3.876,-1.2323822976870815e-19,2.2164114733236285e-19
-3.875,-1.2488422355904433e-19,2.2434695102572914e-19
-3.874,-1.2655212728963665e-19,2.2708568896852484e-19
-3.873,-1.2824223169171164e-19,2.298577606704802e-19
-3.872,-1.2995483134298984e-19,2.326635704688184e-19
-3.871,-1.3169022471843475e-19,2.3550352758632834e-19
-3.87,-1.3344871424166965e-19,2.383780461901319e-19
-3.869,-1.3523060633707108e-19,2.412875454511549e-19
-3.868,-1.3703621148254742e-19,2.4423244960430925e-19
-3.867,-1.388658442630122e-19,2.472131880093954e-19
-3.866,-1.4071982342456074e-19,2.5023019521273354e-19
-3.865,-1.425984719293597e-19,2.5328391100953145e-19
-3.864,-1.4450211701125846e-19,2.563747805069991e-19
-3.863,-1.4643109023213256e-19,2.595032541882177e-19
-3.862,-1.4838572753896775e-19,2.626697879767727e-19
-3.861,-1.5036636932169548e-19,2.6587484330216016e-19
-3.86,-1.523733604717887e-19,2.6911888716597443e-19
-3.859,-1.5440705044162882e-19,2.724023922088881e-19
-3.858,-1.5646779330465317e-19,2.7572583677843227e-19
-3.857,-1.5855594781629368e-19,2.790897049975875e-19
-3.856,-1.6067187747571727e-19,2.824944868341943e-19
-3.855,-1.6281595058837777e-19,2.8594067817119404e-19
-3.854,-1.6498854032939096e-19,2.8942878087770863e-19
-3.853,-1.671900248077426e-19,2.9295930288097046e-19
-3.852,-1.6942078713134122e-19,2.965327582391115e-19
-3.851,-1.716812154729261e-19,3.001496672148225e-19
-3.85,-1.7397170313684198e-19,3.0381055634989215e-19
-3.849,-1.7629264862669184e-19,3.0751595854063723e-19
-3.848,-1.786444557138791e-19,3.112664131142336e-19
-3.847,-1.8102753350705124e-19,3.150624659059593e-19
-3.846,-1.8344229652245612e-19,3.1890466933736014e-19
-3.845,-1.8588916475522377e-19,3.2279358249534937e-19
-3.844,-1.883685637515848e-19,3.2672977121225166e-19
-3.843,-1.9088092468203856e-19,3.307138081468034e-19
-3.842,-1.9342668441548314e-19,3.3474627286612e-19
-3.841,-1.9600628559431964e-19,3.388277519286423e-19
-3.84,-1.9862017671054399e-19,3.4295883896807314e-19
-3.839,-2.0126881218283875e-19,3.471401347783161e-19
-3.838,-2.039526524346783e-19,3.513722473994284e-19
-3.837,-2.0667216397346072e-19,3.556557922045998e-19
-3.836,-2.0942781947067951e-19,3.599913919881696e-19
-3.835,-2.1222009784314923e-19,3.6437967705469445e-19
-3.834,-2.1504948433529854e-19,3.688212853090787e-19
-3.833,-2.179164706025447e-19,3.7331686234778115e-19
-3.832,-2.2082155479576396e-19,3.7786706155110907e-19
-3.831,-2.2376524164687165e-19,3.8247254417661444e-19
-3.83,-2.2674804255552705e-19,3.871339794536039e-19
-3.829,-2.2977047567697773e-19,3.9185204467877647e-19
-3.828,-2.328330660110579e-19,3.9662742531300195e-19
-3.827,-2.359363454923563e-19,4.014608150792541e-19
-3.826,-2.390808530815686e-19,4.063529160617113e-19
-3.825,-2.422671348580505e-19,4.1130443880603947e-19
-3.824,-2.4549574411358624e-19,4.1631610242087104e-19
-3.823,-2.487672414473894e-19,4.2138863468049364e-19
-3.822,-2.5208219486235146e-19,4.2652277212876324e-19
-3.821,-2.5544117986255525e-19,4.3171926018425647e-19
-3.82,-2.588447795520687e-19,4.369788532466762e-19
-3.819,-2.622935847350368e-19,4.423023148045258e-19
-3.818,-2.6578819401708843e-19,4.476904175440663e-19
-3.817,-2.693292139080746e-19,4.53143943459573e-19
-3.816,-2.729172589261566e-19,4.586636839649055e-19
-3.815,-2.765529517032613e-19,4.642504400064073e-19
-3.814,-2.8023692309192105e-19,4.699050221771505e-19
-3.813,-2.839698122735172e-19,4.756282508325426e-19
-3.812,-2.8775226686794477e-19,4.814209562073095e-19
-3.811,-2.9158494304471773e-19,4.872839785338727e-19
-3.81,-2.9546850563553295e-19,4.932181681621363e-19
-3.809,-2.9940362824831233e-19,4.992243856807012e-19
-3.808,-3.0339099338274263e-19,5.053035020395224e-19
-3.807,-3.074312925473324e-19,5.114563986740273e-19
-3.806,-3.1152522637800546e-19,5.176839676307122e-19
-3.805,-3.1567350475825228e-19,5.239871116942334e-19
-3.804,-3.198768469408582e-19,5.303667445160127e-19
-3.803,-3.2413598167123e-19,5.368237907443728e-19
-3.802,-3.284516473123418e-19,5.433591861562225e-19
-3.801,-3.3282459197132093e-19,5.499738777903089e-19
-3.8,-3.3725557362769586e-19,5.566688240820561e-19
-3.799,-3.417453602633273e-19,5.634449950000082e-19
-3.798,-3.462947299940455e-19,5.703033721838955e-19
-3.797,-3.5090447120301463e-19,5.772449490843449e-19
-3.796,-3.5557538267584863e-19,5.842707311042512e-19
-3.795,-3.6030827373749957e-19,5.913817357418307e-19
-3.794,-3.651039643909434e-19,5.985789927353771e-19
-3.793,-3.6996328545768577e-19,6.058635442097384e-19
-3.792,-3.748870787201113e-19,6.132364448245366e-19
-3.791,-3.798761970657019e-19,6.206987619241497e-19
-3.79,-3.8493150463314693e-19,6.282515756894779e-19
-3.789,-3.9005387696037143e-19,6.358959792915131e-19
-3.788,-3.9524420113450613e-19,6.436330790467365e-19
-3.787,-4.005033759438259e-19,6.514639945743612e-19
-3.786,-4.058323120316817e-19,6.5938985895544555e-19
-3.785,-4.1123193205245225e-19,6.674118188938981e-19
-3.784,-4.1670317082954204e-19,6.755310348793948e-19
-3.783,-4.22246975515452e-19,6.837486813522335e-19
-3.782,-4.2786430575395076e-19,6.920659468701474e-19
-3.781,-4.33556133844373e-19,7.004840342771002e-19
-3.78,-4.393234449080736e-19,7.090041608740871e-19
-3.779,-4.451672370570652e-19,7.176275585919652e-19
-3.778,-4.51088521564868e-19,7.263554741663364e-19
-3.777,-4.57088323039601e-19,7.35189169314508e-19
-3.776,-4.63167679599343e-19,7.441299209145558e-19
-3.775,-4.693276430497949e-19,7.53179021186512e-19
-3.774,-4.75569279064271e-19,7.623377778757066e-19
-3.773,-4.818936673660521e-19,7.716075144382847e-19
-3.772,-4.883019019131298e-19,7.80989570228927e-19
-3.771,-4.947950910853734e-19,7.904853006907988e-19
-3.77,-5.013743578741523e-19,8.000960775477531e-19
-3.769,-5.080408400744444e-19,8.098232889988168e-19
-3.768,-5.147956904794641e-19,8.196683399149838e-19
-3.767,-5.216400770778423e-19,8.296326520383434e-19
-3.766,-5.285751832533923e-19,8.397176641835735e-19
-3.765,-5.356022079874947e-19,8.499248324418224e-19
-3.764,-5.427223660641368e-19,8.602556303870111e-19
-3.763,-5.49936888277639e-19,8.707115492845826e-19
-3.762,-5.572470216431066e-19,8.812940983027268e-19
-3.761,-5.646540296096388e-19,8.920048047261119e-19
-3.76,-5.721591922763343e-19,9.028452141721502e-19
-3.759,-5.797638066111285e-19,9.138168908098283e-19
-3.758,-5.87469186672499e-19,9.249214175811322e-19
-3.757,-5.952766638340778e-19,9.361603964250987e-19
-3.756,-6.031875870122082e-19,9.475354485045219e-19
-3.755,-6.112033228964835e-19,9.590482144353484e-19
-3.754,-6.193252561833087e-19,9.707003545187898e-19
-3.753,-6.275547898125229e-19,9.824935489761892e-19
-3.752,-6.358933452071233e-19,9.944294981866681e-19
-3.751,-6.443423625161309e-19,1.0065099229275917e-18
-3.75,-6.529033008606395e-19,1.0187365646178826e-18
-3.749,-6.615776385830892e-19,1.0311111855642165e-18
-3.748,-6.703668734998061e-19,1.043635569210137e-18
-3.747,-6.7927252315685285e-19,1.0563115203881183e-18
-3.746,-6.882961250892302e-19,1.069140865574616e-18
-3.745,-6.974392370834762e-19,1.0821254531481369e-18
-3.744,-7.067034374437065e-19,1.0952671536503659e-18
-3.743,-7.160903252611394e-19,1.1085678600503847e-18
-3.742,-7.256015206871536e-19,1.1220294880120191e-18
-3.741,-7.352386652099227e-19,1.1356539761643507e-18
-3.74,-7.450034219346749e-19,1.149443286375432e-18
-3.739,-7.548974758676232e-19,1.1633994040292405e-18
-3.738,-7.649225342036171e-19,1.1775243383059102e-18
-3.737,-7.750803266175608e-19,1.1918201224652818e-18
-3.736,-7.8537260555965e-19,1.2062888141338055e-18
-3.735,-7.958011465544762e-19,1.2209324955948404e-18
-3.734,-8.063677485040482e-19,1.2357532740823868e-18
-3.733,-8.170742339947841e-19,1.2507532820782951e-18
-3.732,-8.279224496085224e-19,1.2659346776129889e-18
-3.731,-8.38914266237609e-19,1.2812996445697448e-18
-3.73,-8.500515794041087e-19,1.2968503929925725e-18
-3.729,-8.613363095831993e-19,1.3125891593977335e-18
-3.728,-8.727704025307998e-19,1.3285182070889443e-18
-3.727,-8.843558296154892e-19,1.344639826476306e-18
-3.726,-8.960945881547736e-19,1.3609563353990039e-18
-3.725,-9.079887017557542e-19,1.3774700794518224e-18
-3.724,-9.200402206602581e-19,1.3941834323155177e-18
-3.723,-9.322512220944888e-19,1.4110987960910964e-18
-3.722,-9.446238106232525e-19,1.4282186016380426e-18
-3.721,-9.571601185088251e-19,1.445545308916543e-18
-3.72,-9.698623060745164e-19,1.4630814073337545e-18
-3.719,-9.827325620729945e-19,1.4808294160941617e-18
-3.718,-9.957731040594326e-19,1.4987918845540743e-18
-3.717,-1.0089861787695414e-18,1.5169713925803103e-18
-3.716,-1.0223740625025489e-18,1.5353705509131156e-18
-3.715,-1.0359390615091952e-18,1.5539920015333694e-18
-3.714,-1.0496835123848058e-18,1.5728384180341242e-18
-3.713,-1.0636097824675103e-18,1.591912505996534e-18
-3.712,-1.0777202702416735e-18,1.6112170033702186e-18
-3.711,-1.0920174057466067e-18,1.6307546808581193e-18
-3.71,-1.1065036509906295e-18,1.6505283423058942e-18
-3.709,-1.1211815003705503e-18,1.6705408250959124e-18
-3.708,-1.1360534810966363e-18,1.6907950005458943e-18
-3.707,-1.1511221536231467e-18,1.711293774312257e-18
-3.706,-1.1663901120844989e-18,1.7320400867982171e-18
-3.705,-1.1818599847371432e-18,1.753036913566709e-18
-3.704,-1.1975344344072202e-18,1.7742872657581733e-18
-3.703,-1.2134161589440758e-18,1.7957941905132697e-18
-3.702,-1.2295078916797097e-18,1.81756077140058e-18
-3.701,-1.245812401894238e-18,1.83959012884935e-18
-3.7,-1.2623324952874427e-18,1.861885420587334e-18
-3.699,-1.279071014456495e-18,1.884449842083805e-18
-3.698,-1.2960308393799245e-18,1.90728662699778e-18
-3.697,-1.3132148879079245e-18,1.930399047631535e-18
-3.696,-1.3306261162590676e-18,1.95379041538946e-18
-3.695,-1.348267519523524e-18,1.9774640812423248e-18
-3.694,-1.3661421321728578e-18,2.00142343619701e-18
-3.693,-1.3842530285764967e-18,2.025671911771779e-18
-3.692,-1.4026033235249542e-18,2.0502129804771404e-18
-3.691,-1.421196172759898e-18,2.0750501563023833e-18
-3.69,-1.4400347735111504e-18,2.1001869952078352e-18
-3.689,-1.4591223650407132e-18,2.1256270956229205e-18
-3.688,-1.4784622291939073e-18,2.151374098950084e-18
-3.687,-1.4980576909577215e-18,2.1774316900746447e-18
-3.686,-1.5179121190264628e-18,2.2038035978806547e-18
-3.685,-1.538028926374804e-18,2.2304935957728283e-18
-3.684,-1.5584115708383268e-18,2.2575055022046152e-18
-3.683,-1.5790635557016536e-18,2.2848431812124874e-18
-3.682,-1.5999884302942748e-18,2.312510542956514e-18
-3.681,-1.621189790594162e-18,2.340511544267295e-18
-3.68,-1.642671279839277e-18,2.368850189199332e-18
-3.679,-1.6644365891470773e-18,2.3975305295909055e-18
-3.678,-1.6864894581421178e-18,2.426556665630538e-18
-3.677,-1.7088336755918618e-18,2.455932746430121e-18
-3.676,-1.7314730800508027e-18,2.4856629706047795e-18
-3.675,-1.754411560513006e-18,2.515751586859556e-18
-3.674,-1.777653057073185e-18,2.5462028945829896e-18
-3.673,-1.8012015615964155e-18,2.5770212444476748e-18
-3.672,-1.825061118396605e-18,2.6082110390178798e-18
-3.671,-1.8492358249238356e-18,2.6397767333643034e-18
-3.67,-1.873729832460683e-18,2.671722835686058e-18
-3.669,-1.8985473468276475e-18,2.7040539079399596e-18
-3.668,-1.9236926290977934e-18,2.7367745664772134e-18
-3.667,-1.9491699963207416e-18,2.7698894826875757e-18
-3.666,-1.9749838222561126e-18,2.8034033836510825e-18
-3.665,-2.0011385381165643e-18,2.8373210527974355e-18
-3.664,-2.0276386333205348e-18,2.871647330573127e-18
-3.663,-2.054488656254824e-18,2.906387115116401e-18
-3.662,-2.081693215047142e-18,2.9415453629401384e-18
-3.661,-2.1092569783487493e-18,2.977127089622755e-18
-3.66,-2.137184676127329e-18,3.013137370507216e-18
-3.659,-2.1654811004702125e-18,3.049581341408246e-18
-3.658,-2.1941511063981067e-18,3.0864641993278466e-18
-3.657,-2.2231996126894495e-18,3.1237912031792016e-18
-3.656,-2.252631602715535e-18,3.1615676745190805e-18
-3.655,-2.282452125286554e-18,3.1997989982888323e-18
-3.654,-2.312666295508683e-18,3.238490623564069e-18
-3.653,-2.3432792956523707e-18,3.277648064313143e-18
-3.652,-2.3742963760319716e-18,3.3172769001645203e-18
-3.651,-2.4057228558968646e-18,3.3573827771831464e-18
-3.65,-2.437564124334217e-18,3.3979714086559195e-18
-3.649,-2.4698256411835355e-18,3.439048575886368e-18
-3.648,-2.5025129379631697e-18,3.480620128998644e-18
-3.647,-2.5356316188089106e-18,3.522691987750935e-18
-3.646,-2.5691873614248513e-18,3.565270142358418e-18
-3.645,-2.6031859180466654e-18,3.608360654325841e-18
-3.644,-2.6376331164174683e-18,3.651969657289871e-18
-3.643,-2.672534860776418e-18,3.6961033578712995e-18
-3.642,-2.7078971328602317e-18,3.7407680365372395e-18
-3.641,-2.743725992917778e-18,3.785970048473409e-18
-3.64,-2.780027580737918e-18,3.831715824466635e-18
-3.639,-2.8168081166907682e-18,3.878011871797691e-18
-3.638,-2.854073902782561e-18,3.924864775144578e-18
-3.637,-2.8918313237242767e-18,3.972281197496391e-18
-3.636,-2.9300868480142294e-18,4.020267881077871e-18
-3.635,-2.968847029034786e-18,4.068831648284777e-18
-3.634,-3.0081185061634073e-18,4.117979402630213e-18
-3.633,-3.0479080058981864e-18,4.16771812970201e-18
-3.632,-3.0882223429980916e-18,4.2180548981313225e-18
-3.631,-3.129068421638085e-18,4.2689968605725444e-18
-3.63,-3.1704532365793246e-18,4.320551254694687e-18
-3.629,-3.2123838743546416e-18,4.372725404184354e-18
-3.628,-3.254867514469491e-18,4.425526719760434e-18
-3.627,-3.2979114306185773e-18,4.478962700200666e-18
-3.626,-3.3415229919183618e-18,4.533040933380197e-18
-3.625,-3.385709664155654e-18,4.587769097322278e-18
-3.624,-3.430479011052501e-18,4.643154961261241e-18
-3.623,-3.475838695547584e-18,4.699206386717897e-18
-3.622,-3.521796481094336e-18,4.7559313285874936e-18
-3.621,-3.568360232976004e-18,4.813337836240383e-18
-3.62,-3.615537919637869e-18,4.871434054635548e-18
-3.619,-3.663337614036849e-18,4.9302282254471294e-18
-3.618,-3.711767495008719e-18,4.989728688204111e-18
-3.617,-3.760835848653167e-18,5.049943881443303e-18
-3.616,-3.810551069736914e-18,5.110882343875795e-18
-3.615,-3.860921663115161e-18,5.172552715567017e-18
-3.614,-3.9119562451715594e-18,5.234963739130577e-18
-3.613,-3.963663545276987e-18,5.298124260936023e-18
-3.612,-4.016052407267339e-18,5.3620432323307065e-18
-3.611,-4.069131790940609e-18,5.42672971087589e-18
-3.61,-4.122910773573499e-18,5.49219286159728e-18
-3.609,-4.177398551457807e-18,5.558441958250145e-18
-3.608,-4.2326044414568606e-18,5.625486384599177e-18
-3.607,-4.2885378825822496e-18,5.69333563571329e-18
-3.606,-4.345208437591132e-18,5.761999319275501e-18
-3.605,-4.4026257946043635e-18,5.831487156908089e-18
-3.604,-4.460799768745737e-18,5.9018089855131926e-18
-3.603,-4.519740303802604e-18,5.9729747586290314e-18
-3.602,-4.579457473908147e-18,6.0449945478019335e-18
-3.601,-4.6399614852455966e-18,6.117878543974343e-18
-3.6,-4.7012626777746695e-18,6.1916370588889965e-18
-3.599,-4.76337152698052e-18,6.266280526509457e-18
-3.598,-4.826298645645504e-18,6.3418195044571875e-18
-3.597,-4.890054785644034e-18,6.41826467546536e-18
-3.596,-4.954650839760849e-18,6.495626848849588e-18
-3.595,-5.020097843532988e-18,6.573916961995779e-18
-3.594,-5.086406977115777e-18,6.6531460818653065e-18
-3.593,-5.153589567173146e-18,6.7333254065176956e-18
-3.592,-5.2216570887925964e-18,6.8144662666510296e-18
-3.591,-5.290621167425122e-18,6.896580127160271e-18
-3.59,-5.36049358085043e-18,6.979678588713719e-18
-3.589,-5.431286261167775e-18,7.063773389347791e-18
-3.588,-5.5030112968127504e-18,7.148876406080366e-18
-3.587,-5.575680934600361e-18,7.234999656542864e-18
-3.586,-5.6493075817947315e-18,7.322155300631327e-18
-3.585,-5.723903808205792e-18,7.410355642176669e-18
-3.584,-5.799482348313293e-18,7.49961313063435e-18
-3.583,-5.876056103418496e-18,7.589940362793686e-18
-3.582,-5.953638143823914e-18,7.681350084507014e-18
-3.581,-6.032241711041461e-18,7.77385519243895e-18
-3.58,-6.111880220029369e-18,7.867468735835964e-18
-3.579,-6.1925672614582654e-18,7.962203918316507e-18
-3.578,-6.274316604006775e-18,8.058074099681925e-18
-3.577,-6.357142196687034e-18,8.155092797748403e-18
-3.576,-6.441058171200513e-18,8.253273690200172e-18
-3.575,-6.526078844324526e-18,8.352630616464222e-18
-3.574,-6.612218720329844e-18,8.453177579606789e-18
-3.573,-6.699492493429802e-18,8.554928748251824e-18
-3.572,-6.787915050261314e-18,8.657898458521745e-18
-3.571,-6.877501472398211e-18,8.762101216000685e-18
-3.57,-6.96826703889733e-18,8.867551697720515e-18
-3.569,-7.060227228877754e-18,8.974264754169908e-18
-3.568,-7.153397724133673e-18,9.082255411326686e-18
-3.567,-7.247794411781256e-18,9.191538872713732e-18
-3.566,-7.34343338694003e-18,9.302130521478743e-18
-3.565,-7.440330955449152e-18,9.414045922498075e-18
-3.564,-7.538503636619093e-18,9.527300824504969e-18
-3.563,-7.637968166019134e-18,9.641911162242448e-18
-3.562,-7.738741498301187e-18,9.757893058641137e-18
-3.561,-7.840840810060378e-18,9.875262827022324e-18
-3.56,-7.944283502732891e-18,9.99403697332652e-18
-3.559,-8.049087205531552e-18,1.011423219836784e-17
-3.558,-8.155269778419633e-18,1.0235865400114468e-17
-3.557,-8.262849315123384e-18,1.0358953675995534e-17
-3.556,-8.371844146183803e-18,1.0483514325234685e-17
-3.555,-8.482272842048118e-18,1.0609564851210655e-17
-3.554,-8.594154216201552e-18,1.0737122963845154e-17
-3.553,-8.707507328339836e-18,1.0866206582018384e-17
-3.552,-8.822351487583049e-18,1.0996833836012483e-17
-3.551,-8.938706255731286e-18,1.1129023069983243e-17
-3.55,-9.056591450562714e-18,1.1262792844460393e-17
-3.549,-9.176027149174567e-18,1.1398161938876795e-17
-3.548,-9.297033691367624e-18,1.1535149354126882e-17
-3.547,-9.419631683074759e-18,1.1673774315154652e-17
-3.546,-9.5438419998341e-18,1.1814056273571578e-17
-3.545,-9.669685790307422e-18,1.1956014910304764e-17
-3.544,-9.797184479844309e-18,1.2099670138275687e-17
-3.543,-9.926359774092722e-18,1.2245042105109883e-17
-3.542,-1.0057233662656557e-17,1.2392151195877921e-17
-3.541,-1.01898284228008e-17,1.2541018035868034e-17
-3.54,-1.0324166623204906e-17,1.2691663493390746e-17
-3.539,-1.0460271127765022e-17,1.2844108682615883e-17
-3.538,-1.0598165099445688e-17,1.2998374966442316e-17
-3.537,-1.0737872004181672e-17,1.3154483959400827e-17
-3.536,-1.0879415614830547e-17,1.331245753059045e-17
-3.535,-1.102282001517674e-17,1.3472317806648701e-17
-3.534,-1.1168109603987645e-17,1.363408717475605e-17
-3.533,-1.1315309099122533e-17,1.3797788285675047e-17
-3.532,-1.1464443541694906e-17,1.3963444056824474e-17
-3.531,-1.1615538300289017e-17,1.413107767538895e-17
-3.53,-1.1768619075231231e-17,1.4300712601464366e-17
-3.529,-1.1923711902916977e-17,1.447237257123956e-17
-3.528,-1.2080843160193958e-17,1.464608160021467e-17
-3.527,-1.2240039568802406e-17,1.4821863986456536e-17
-3.526,-1.2401328199873076e-17,1.4999744313891614e-17
-3.525,-1.2564736478483768e-17,1.5179747455636805e-17
-3.524,-1.2730292188275095e-17,1.5361898577368618e-17
-3.523,-1.2898023476126294e-17,1.5546223140731162e-17
-3.522,-1.3067958856891864e-17,1.57327469067833e-17
-3.521,-1.3240127218199785e-17,1.592149593948553e-17
-3.52,-1.3414557825312154e-17,1.6112496609226942e-17
-3.519,-1.3591280326049031e-17,1.6305775596392785e-17
-3.518,-1.3770324755776309e-17,1.6501359894973024e-17
-3.517,-1.3951721542458454e-17,1.6699276816212446e-17
-3.516,-1.413550151177694e-17,1.6899553992302674e-17
-3.515,-1.4321695892315244e-17,1.7102219380116685e-17
-3.514,-1.4510336320811266e-17,1.7307301264986203e-17
-3.513,-1.4701454847478015e-17,1.7514828264522525e-17
-3.512,-1.4895083941393513e-17,1.7724829332481236e-17
-3.511,-1.5091256495960733e-17,1.793733376267133e-17
-3.51,-1.5290005834438543e-17,1.8152371192909213e-17
-3.509,-1.5491365715544552e-17,1.8369971609018134e-17
-3.508,-1.5695370339130794e-17,1.8590165348873512e-17
-3.507,-1.5902054351933168e-17,1.8812983106494713e-17
-3.506,-1.611145285339565e-17,1.9038455936183793e-17
-3.505,-1.6323601401570192e-17,1.926661525671172e-17
-3.504,-1.653853601909329e-17,1.9497492855552624e-17
-3.503,-1.675629319924028e-17,1.973112089316665e-17
-3.502,-1.6976909912058272e-17,1.9967531907331888e-17
-3.501,-1.7200423610578815e-17,2.020675881752599e-17
-3.5,-1.7426872237111305e-17,2.044883492935804e-17
-3.499,-1.7656294229618175e-17,2.06937939390512e-17
-3.498,-1.788872852817293e-17,2.0941669937976744e-17
-3.497,-1.8124214581502102e-17,2.119249741724003e-17
-3.496,-1.8362792353612216e-17,2.144631127231901e-17
-3.495,-1.8604502330502868e-17,2.1703146807755913e-17
-3.494,-1.8849385526967017e-17,2.1963039741902577e-17
-3.493,-1.9097483493479658e-17,2.222602621172018e-17
-3.492,-1.9348838323175966e-17,2.2492142777633888e-17
-3.491,-1.9603492658920103e-17,2.2761426428443074e-17
-3.49,-1.9861489700465903e-17,2.303391458628772e-17
-3.489,-2.0122873211710507e-17,2.3309645111671636e-17
-3.488,-2.0387687528042305e-17,2.358865630854315e-17
-3.487,-2.0655977563784266e-17,2.38709869294339e-17
-3.486,-2.0927788819734e-17,2.4156676180656382e-17
-3.485,-2.1203167390801727e-17,2.444576372756092e-17
-3.484,-2.1482159973747482e-17,2.473828969985271e-17
-3.483,-2.176481387501878e-17,2.5034294696969656e-17
-3.482,-2.2051177018690114e-17,2.533381979352162e-17
-3.481,-2.2341297954505536e-17,2.5636906544791824e-17
-3.48,-2.26352258660257e-17,2.594359699230107e-17
-3.479,-2.2933010578880696e-17,2.6253933669435514e-17
-3.478,-2.323470256913008e-17,2.656795960713868e-17
-3.477,-2.3540352971731427e-17,2.6885718339668443e-17
-3.476,-2.385001358911888e-17,2.7207253910419704e-17
-3.475,-2.4163736899893073e-17,2.7532610877813523e-17
-3.474,-2.448157606762389e-17,2.7861834321253416e-17
-3.473,-2.4803584949767503e-17,2.8194969847149566e-17
-3.472,-2.512981810669922e-17,2.853206359501179e-17
-3.471,-2.546033081086354e-17,2.8873162243611885e-17
-3.47,-2.5795179056043075e-17,2.921831301721627e-17
-3.469,-2.6134419566747725e-17,2.956756369188966e-17
-3.468,-2.647810980772579e-17,2.99209626018705e-17
-3.467,-2.6826307993598523e-17,3.027855864601912e-17
-3.466,-2.717907309861974e-17,3.064040129433923e-17
-3.465,-2.753646486656212e-17,3.1006540594573744e-17
-3.464,-2.7898543820731825e-17,3.1377027178875633e-17
-3.463,-2.826537127411309e-17,3.1751912270554776e-17
-3.462,-2.8637009339644466e-17,3.2131247690901505e-17
-3.461,-2.901352094062848e-17,3.251508586608786e-17
-3.46,-2.93949698212763e-17,3.2903479834147305e-17
-3.459,-2.9781420557389354e-17,3.329648325203379e-17
-3.458,-3.0172938567179427e-17,3.3694150402761135e-17
-3.457,-3.0569590122229285e-17,3.4096536202623556e-17
-3.456,-3.097144235859545e-17,3.45036962084982e-17
-3.455,-3.1378563288055063e-17,3.491568662523073e-17
-3.454,-3.1791021809498644e-17,3.5332564313104784e-17
-3.453,-3.2208887720470717e-17,3.575438679539623e-17
-3.452,-3.26322317288601e-17,3.6181212266013274e-17
-3.451,-3.3061125464741935e-17,3.661309959722325e-17
-3.45,-3.349564149237324e-17,3.7050108347467155e-17
-3.449,-3.3935853322344184e-17,3.749229876926282e-17
-3.448,-3.438183542388689e-17,3.793973181719776e-17
-3.447,-3.483366323734398e-17,3.8392469156012754e-17
-3.446,-3.5291413186798816e-17,3.885057316877696e-17
-3.445,-3.575516269286954e-17,3.9314106965155854e-17
-3.444,-3.62249901856691e-17,3.978313438977281e-17
-3.443,-3.670097511793333e-17,4.025772003066548e-17
-3.442,-3.71831979783193e-17,4.0737929227837974e-17
-3.441,-3.767174030487613e-17,4.122382808190991e-17
-3.44,-3.816668469869051e-17,4.1715483462863446e-17
-3.439,-3.866811483770912e-17,4.2212963018889336e-17
-3.438,-3.917611549074036e-17,4.27163351853331e-17
-3.437,-3.9690772531637593e-17,4.3225669193742517e-17
-3.436,-4.0212172953666297e-17,4.3741035081017403e-17
-3.435,-4.07404048840575e-17,4.426250369866297e-17
-3.434,-4.1275557598749923e-17,4.4790146722147804e-17
-3.433,-4.181772153732323e-17,4.532403666036765e-17
-3.432,-4.236698831812489e-17,4.586424686521622e-17
-3.431,-4.292345075359314e-17,4.641085154126414e-17
-3.43,-4.3487202865778597e-17,4.696392575554727e-17
-3.429,-4.405833990206705e-17,4.75235454474656e-17
-3.428,-4.4636958351106094e-17,4.808978743879398e-17
-3.427,-4.522315595893817e-17,4.8662729443805835e-17
-3.426,-4.581703174534274e-17,4.9242450079511204e-17
-3.425,-4.641868602039026e-17,4.982902887601031e-17
-3.424,-4.702822040121073e-17,5.042254628696397e-17
-3.423,-4.764573782897949e-17,5.1023083700182103e-17
-3.422,-4.827134258612325e-17,5.163072344833169e-17
-3.421,-4.890514031374904e-17,5.2245548819765415e-17
-3.42,-4.9547238029298985e-17,5.286764406947244e-17
-3.419,-5.019774414443391e-17,5.349709443015256e-17
-3.418,-5.0856768483148673e-17,5.413398612341512e-17
-3.417,-5.152442230012216e-17,5.477840637110415e-17
-3.416,-5.220081829930513e-17,5.543044340675094e-17
-3.415,-5.288607065274879e-17,5.609018648715567e-17
-3.414,-5.358029501967741e-17,5.675772590409931e-17
-3.413,-5.428360856580792e-17,5.743315299618742e-17
-3.412,-5.499612998291988e-17,5.811656016082708e-17
-3.411,-5.571797950867894e-17,5.880804086633867e-17
-3.41,-5.644927894671705e-17,5.950768966420372e-17
-3.409,-5.719015168697284e-17,6.021560220145058e-17
-3.408,-5.79407227262954e-17,6.093187523317919e-17
-3.407,-5.8701118689315e-17,6.165660663522665e-17
-3.406,-5.947146784958402e-17,6.238989541697506e-17
-3.405,-6.025190015099187e-17,6.313184173430321e-17
-3.404,-6.104254722945702e-17,6.388254690268366e-17
-3.403,-6.184354243490014e-17,6.46421134104269e-17
-3.402,-6.265502085350165e-17,6.541064493207405e-17
-3.401,-6.347711933024764e-17,6.618824634193997e-17
-3.4,-6.430997649176762e-17,6.697502372780805e-17
-3.399,-6.515373276946802e-17,6.777108440477881e-17
-3.398,-6.600853042296522e-17,6.857653692927362e-17
-3.397,-6.687451356382203e-17,6.939149111319534e-17
-3.396,-6.775182817959138e-17,7.021605803824774e-17
-3.395,-6.864062215817139e-17,7.105035007041527e-17
-3.394,-6.954104531247571e-17,7.189448087460494e-17
-3.393,-7.045324940542324e-17,7.274856542945221e-17
-3.392,-7.13773881752513e-17,7.36127200422926e-17
-3.391,-7.231361736115652e-17,7.448706236430069e-17
-3.39,-7.326209472926758e-17,7.537171140579874e-17
-3.389,-7.422298009895424e-17,7.626678755173624e-17
-3.388,-7.519643536947668e-17,7.717241257734277e-17
-3.387,-7.618262454698004e-17,7.808870966395565e-17
-3.386,-7.718171377183803e-17,7.901580341502458e-17
-3.385,-7.819387134635062e-17,7.995381987229502e-17
-3.384,-7.92192677628001e-17,8.090288653217234e-17
-3.383,-8.025807573187019e-17,8.186313236226869e-17
-3.382,-8.131047021143288e-17,8.283468781813454e-17
-3.381,-8.237662843570784e-17,8.381768486017698e-17
-3.38,-8.345672994479907e-17,8.481225697076677e-17
-3.379,-8.455095661461369e-17,8.581853917153612e-17
-3.378,-8.565949268716791e-17,8.683666804086943e-17
-3.377,-8.678252480128502e-17,8.786678173158896e-17
-3.376,-8.792024202369051e-17,8.89090199888375e-17
-3.375,-8.90728358805095e-17,8.996352416816048e-17
-3.374,-9.024050038917169e-17,9.103043725378923e-17
-3.373,-9.142343209072884e-17,9.210990387712795e-17
-3.372,-9.262183008259046e-17,9.320207033544644e-17
-3.371,-9.383589605168285e-17,9.430708461078078e-17
-3.37,-9.506583430803698e-17,9.542509638904436e-17
-3.369,-9.631185181881095e-17,9.65562570793514e-17
-3.368,-9.757415824275221e-17,9.770071983355528e-17
-3.367,-9.885296596510573e-17,9.88586395660041e-17
-3.366,-1.0014849013297344e-16,1.0003017297351573e-16
-3.365,-1.01460948691131e-16,1.0121547855557475e-16
-3.364,-1.0279056241830767e-16,1.0241471663475365e-16
-3.363,-1.0413755496393541e-16,1.0362804937736079e-16
-3.362,-1.0550215288537298e-16,1.0485564081431745e-16
-3.361,-1.0688458568561153e-16,1.0609765686226659e-16
-3.36,-1.0828508585146752e-16,1.0735426534491569e-16
-3.359,-1.0970388889226956e-16,1.0862563601461626e-16
-3.358,-1.1114123337904528e-16,1.0991194057418256e-16
-3.357,-1.1259736098421492e-16,1.1121335269895205e-16
-3.356,-1.140725165217979e-16,1.1253004805909042e-16
-3.355,-1.1556694798813927e-16,1.1386220434214331e-16
-3.354,-1.1708090660316253e-16,1.1521000127583803e-16
-3.353,-1.1861464685215564e-16,1.1657362065113753e-16
-3.352,-1.201684265280971e-16,1.1795324634554935e-16
-3.351,-1.217425067745293e-16,1.1934906434669252e-16
-3.35,-1.2333715212898552e-16,1.2076126277612504e-16
-3.349,-1.2495263056697872e-16,1.2219003191343462e-16
-3.348,-1.2658921354655836e-16,1.2363556422059587e-16
-3.347,-1.2824717605344323e-16,1.2509805436659632e-16
-3.346,-1.2992679664673736e-16,1.2657769925233452e-16
-3.345,-1.316283575052368e-16,1.2807469803579304e-16
-3.344,-1.3335214447433467e-16,1.295892521574892e-16
-3.343,-1.3509844711353206e-16,1.311215653662067e-16
-3.342,-1.368675587445632e-16,1.326718437450109e-16
-3.341,-1.3865977650014194e-16,1.342402957375511e-16
-3.34,-1.4047540137333819e-16,1.3582713217465262e-16
-3.339,-1.4231473826759233e-16,1.374325663012019e-16
-3.338,-1.4417809604737544e-16,1.3905681380332783e-16
-3.337,-1.4606578758950423e-16,1.4070009283588216e-16
-3.336,-1.479781298351185e-16,1.423626240502226e-16
-3.335,-1.4991544384233021e-16,1.4404463062230165e-16
-3.334,-1.5187805483955247e-16,1.457463382810642e-16
-3.333,-1.5386629227951722e-16,1.474679753371576e-16
-3.332,-1.5588048989399072e-16,1.4920977271195732e-16
-3.331,-1.5792098574919546e-16,1.509719639669114e-16
-3.33,-1.599881223019479e-16,1.5275478533320744e-16
-3.329,-1.6208224645652113e-16,1.5455847574176539e-16
-3.328,-1.6420370962224174e-16,1.563832768535593e-16
-3.327,-1.6635286777183043e-16,1.5822943309027226e-16
-3.326,-1.6853008150049589e-16,1.6009719166528719e-16
-3.325,-1.7073571608579165e-16,1.6198680261501787e-16
-3.324,-1.7297014154824575e-16,1.6389851883058313e-16
-3.323,-1.752337327127732e-16,1.6583259608982825e-16
-3.322,-1.7752686927088103e-16,1.6778929308969728e-16
-3.321,-1.7984993584367667e-16,1.6976887147895958e-16
-3.32,-1.8220332204568956e-16,1.7177159589129493e-16
-3.319,-1.8458742254951633e-16,1.7379773397874037e-16
-3.318,-1.8700263715130092e-16,1.7584755644550328e-16
-3.317,-1.8944937083705931e-16,1.7792133708214383e-16
-3.316,-1.9192803384986067e-16,1.8001935280013133e-16
-3.315,-1.9443904175787527e-16,1.8214188366677818e-16
-3.314,-1.9698281552330087e-16,1.8428921294055523e-16
-3.313,-1.9955978157217836e-16,1.8646162710679298e-16
-3.312,-2.0217037186510837e-16,1.886594159137723e-16
-3.311,-2.0481502396888058e-16,1.90882872409209e-16
-3.31,-2.074941811290271e-16,1.9313229297713636e-16
-3.309,-2.1020829234331204e-16,1.9540797737518978e-16
-3.308,-2.1295781243616933e-16,1.9771022877229767e-16
-3.307,-2.1574320213410094e-16,2.0003935378678324e-16
-3.306,-2.1856492814204763e-16,2.0239566252488096e-16
-3.305,-2.2142346322074523e-16,2.0477946861967255e-16
-3.304,-2.243192862650787e-16,2.0719108927044654e-16
-3.303,-2.2725288238344676e-16,2.0963084528248597e-16
-3.302,-2.3022474297815064e-16,2.1209906110728898e-16
-3.301,-2.332353658268195e-16,2.145960648832263e-16
-3.3,-2.3628525516488584e-16,2.1712218847664068e-16
-3.299,-2.3937492176912533e-16,2.1967776752339264e-16
-3.298,-2.4250488304227325e-16,2.2226314147085735e-16
-3.297,-2.456756630987329e-16,2.2487865362037715e-16
-3.296,-2.488877928513887e-16,2.275246511701749e-16
-3.295,-2.521418100995392e-16,2.302014852587324e-16
-3.294,-2.5543825961796397e-16,2.3290951100863895e-16
-3.293,-2.587776932471384e-16,2.3564908757091565e-16
-3.292,-2.6216066998461266e-16,2.3842057816981897e-16
-3.291,-2.6558775607756793e-16,2.4122435014812994e-16
-3.29,-2.690595251165664e-16,2.440607750129333e-16
-3.289,-2.725765581305099e-16,2.4693022848189183e-16
-3.288,-2.761394436828227e-16,2.498330905300212e-16
-3.287,-2.7974877796887396e-16,2.527697454369703e-16
-3.286,-2.8340516491465623e-16,2.557405818348125e-16
-3.285,-2.8710921627673606e-16,2.5874599275635297e-16
-3.284,-2.9086155174349257e-16,2.617863756839575e-16
-3.283,-2.9466279903766126e-16,2.648621325989085e-16
-3.282,-2.985135940201991e-16,2.6797367003129276e-16
-3.281,-3.024145807954884e-16,2.7112139911042784e-16
-3.28,-3.0636641181789657e-16,2.743057356158314e-16
-3.279,-3.103697479997089e-16,2.7752710002873976e-16
-3.278,-3.144252588204523e-16,2.807859175841813e-16
-3.277,-3.185336224376277e-16,2.8408261832361012e-16
-3.276,-3.226955257988692e-16,2.874176371481063e-16
-3.275,-3.2691166475554874e-16,2.9079141387214794e-16
-3.274,-3.311827441778438e-16,2.9420439327796144e-16
-3.273,-3.3550947807128804e-16,2.976570251704555e-16
-3.272,-3.398925896948235e-16,3.0114976443274557e-16
-3.271,-3.4433281168037332e-16,3.046830710822737e-16
-3.27,-3.4883088615395483e-16,3.0825741032753123e-16
-3.269,-3.5338756485835293e-16,3.118732526253893e-16
-3.268,-3.5800360927737347e-16,3.1553107373904423e-16
-3.267,-3.626797907616971e-16,3.1923135479658405e-16
-3.266,-3.674168906563539e-16,3.229745823501818e-16
-3.265,-3.7221570042984e-16,3.2676124843592305e-16
-3.264,-3.7707702180489694e-16,3.3059185063427304e-16
-3.263,-3.8200166689097516e-16,3.3446689213119156e-16
-3.262,-3.8699045831840347e-16,3.3838688177989994e-16
-3.261,-3.920442293742858e-16,3.4235233416330923e-16
-3.26,-3.9716382414014845e-16,3.4636376965711444e-16
-3.259,-4.023500976313589e-16,3.5042171449356276e-16
-3.258,-4.076039159383403e-16,3.5452670082590203e-16
-3.257,-4.129261563696038e-16,3.5867926679351676e-16
-3.256,-4.1831770759662213e-16,3.6287995658775834e-16
-3.255,-4.237794698005686e-16,3.6712932051847704e-16
-3.254,-4.2931235482094483e-16,3.714279150812624e-16
-3.253,-4.3491728630612146e-16,3.757763030253993e-16
-3.252,-4.4059519986581715e-16,3.8017505342254734e-16
-3.251,-4.463470432255399e-16,3.846247417361505e-16
-3.25,-4.521737763830161e-16,3.891259498915845e-16
-3.249,-4.580763717666324e-16,3.9367926634704967e-16
-3.248,-4.640558143959183e-16,3.982852861652165e-16
-3.247,-4.701131020440915e-16,4.029446110856314e-16
-3.246,-4.7624924540269775e-16,4.0765784959789116e-16
-3.245,-4.824652682483664e-16,4.124256170155925e-16
-3.244,-4.887622076117144e-16,4.172485355510661e-16
-3.243,-4.951411139484216e-16,4.2212723439090144e-16
-3.242,-5.016030513125078e-16,4.270623497722721e-16
-3.241,-5.081490975318396e-16,4.3205452506006783e-16
-3.24,-5.147803443858942e-16,4.371044108248428e-16
-3.239,-5.21497897785811e-16,4.4221266492158787e-16
-3.238,-5.283028779567587e-16,4.473799525693348e-16
-3.237,-5.351964196226485e-16,4.526069464316007e-16
-3.236,-5.421796721932236e-16,4.57894326697683e-16
-3.235,-5.492537999535539e-16,4.632427811648096e-16
-3.234,-5.564199822559701e-16,4.68653005321157e-16
-3.233,-5.636794137144635e-16,4.74125702429742e-16
-3.232,-5.710333044015885e-16,4.796615836131977e-16
-3.231,-5.784828800478953e-16,4.852613679394412e-16
-3.23,-5.860293822439284e-16,4.909257825082423e-16
-3.229,-5.936740686448225e-16,4.966555625387034e-16
-3.228,-6.014182131775275e-16,5.024514514576573e-16
-3.227,-6.092631062507008e-16,5.083142009889944e-16
-3.226,-6.172100549672956e-16,5.14244571243927e-16
-3.225,-6.252603833398838e-16,5.202433308122002e-16
-3.224,-6.334154325087464e-16,5.263112568542598e-16
-3.223,-6.416765609627679e-16,5.324491351943856e-16
-3.222,-6.500451447631704e-16,5.386577604148e-16
-3.221,-6.585225777701229e-16,5.449379359507615e-16
-3.22,-6.671102718722638e-16,5.512904741866532e-16
-3.219,-6.75809657219174e-16,5.577161965530751e-16
-3.218,-6.846221824568369e-16,5.642159336249525e-16
-3.217,-6.935493149661248e-16,5.707905252206663e-16
-3.216,-7.025925411043504e-16,5.774408205022205e-16
-3.215,-7.117533664499227e-16,5.841676780764522e-16
-3.214,-7.210333160501454e-16,5.909719660972981e-16
-3.213,-7.304339346722012e-16,5.978545623691253e-16
-3.212,-7.399567870573597e-16,6.048163544511385e-16
-3.211,-7.496034581784517e-16,6.118582397628732e-16
-3.21,-7.5937555350065205e-16,6.189811256907858e-16
-3.209,-7.692746992456119e-16,6.261859296959519e-16
-3.208,-7.793025426589853e-16,6.334735794228818e-16
-3.207,-7.894607522813909e-16,6.408450128094674e-16
-3.206,-7.99751018222856e-16,6.483011781980674e-16
-3.205,-8.10175052440784e-16,6.558430344477455e-16
-3.204,-8.207345890214944e-16,6.634715510476702e-16
-3.203,-8.314313844653759e-16,6.711877082316902e-16
-3.202,-8.422672179757042e-16,6.789924970940931e-16
-3.201,-8.532438917511681e-16,6.868869197065629e-16
-3.2,-8.643632312821512e-16,6.948719892363449e-16
-3.199,-8.756270856508201e-16,7.029487300656309e-16
-3.198,-8.870373278350643e-16,7.111181779121769e-16
-3.197,-8.985958550163393e-16,7.193813799511644e-16
-3.196,-9.103045888914627e-16,7.277393949383171e-16
-3.195,-9.221654759884121e-16,7.361932933342862e-16
-3.194,-9.341804879861797e-16,7.447441574303164e-16
-3.193,-9.463516220387294e-16,7.533930814752021e-16
-3.192,-9.586809011031163e-16,7.621411718035517e-16
-3.191,-9.711703742718162e-16,7.709895469653665e-16
-3.19,-9.838221171093205e-16,7.799393378569514e-16
-3.189,-9.96638231993052e-16,7.889916878531676e-16
-3.188,-1.0096208484586572e-15,7.981477529410407e-16
-3.187,-1.0227721235497276e-15,8.074087018547379e-16
-3.186,-1.0360942421720116e-15,8.167757162119265e-16
-3.185,-1.0495894174521708e-15,8.262499906515272e-16
-3.184,-1.0632598911011396e-15,8.358327329728747e-16
-3.183,-1.077107933782148e-15,8.455251642763011e-16
-3.182,-1.091135845483467e-15,8.553285191051526e-16
-3.181,-1.1053459558959336e-15,8.652440455892557e-16
-3.18,-1.119740624795324e-15,8.752730055898453e-16
-3.179,-1.1343222424296275e-15,8.85416674845968e-16
-3.178,-1.1490932299112927e-15,8.956763431223768e-16
-3.177,-1.1640560396145026e-15,9.060533143589282e-16
-3.176,-1.1792131555775457e-15,9.165489068214986e-16
-3.175,-1.1945670939103513e-15,9.271644532544325e-16
-3.174,-1.2101204032072477e-15,9.379013010345367e-16
-3.173,-1.2258756649650169e-15,9.487608123266383e-16
-3.172,-1.24183549400631e-15,9.597443642407154e-16
-3.171,-1.258002538908493e-15,9.708533489906205e-16
-3.17,-1.274379482437991e-15,9.820891740544093e-16
-3.169,-1.2909690419902021e-15,9.93453262336289e-16
-3.168,-1.3077739700350544e-15,1.0049470523302026e-15
-3.167,-1.3247970545682719e-15,1.0165719982850644e-15
-3.166,-1.342041119568429e-15,1.0283295703716615e-15
-3.165,-1.3595090254598636e-15,1.040221254851236e-15
-3.164,-1.3772036695815252e-15,1.0522485542457651e-15
-3.163,-1.3951279866618327e-15,1.064412987509955e-15
-3.162,-1.4132849492996198e-15,1.0767160902049604e-15
-3.161,-1.431677568451244e-15,1.0891594146738526e-15
-3.16,-1.4503088939239412e-15,1.101744530218845e-15
-3.159,-1.4691820148755006e-15,1.1144730232802968e-15
-3.158,-1.4883000603203467e-15,1.1273464976175102e-15
-3.157,-1.507666199642104e-15,1.140366574491336e-15
-3.156,-1.5272836431127329e-15,1.1535348928486068e-15
-3.155,-1.5471556424183145e-15,1.1668531095084125e-15
-3.154,-1.5672854911915769e-15,1.1803228993502337e-15
-3.153,-1.5876765255512404e-15,1.1939459555039553e-15
-3.152,-1.6083321246482764e-15,1.2077239895417703e-15
-3.151,-1.6292557112191626e-15,1.2216587316719968e-15
-3.15,-1.650450752146227e-15,1.2357519309348215e-15
-3.149,-1.6719207590251697e-15,1.2500053553999902e-15
-3.148,-1.6936692887398553e-15,1.2644207923664606e-15
-3.147,-1.7156999440444663e-15,1.2790000485640366e-15
-3.146,-1.7380163741531145e-15,1.2937449503570005e-15
-3.145,-1.7606222753370037e-15,1.3086573439497634e-15
-3.144,-1.7835213915292404e-15,1.323739095594549e-15
-3.143,-1.8067175149373892e-15,1.3389920918011307e-15
-3.142,-1.8302144866638727e-15,1.3544182395486415e-15
-3.141,-1.8540161973343187e-15,1.3700194664994718e-15
-3.14,-1.878126587733948e-15,1.3857977212152765e-15
-3.139,-1.902549649452114e-15,1.4017549733751107e-15
-3.138,-1.927289425535096e-15,1.4178932139957093e-15
-3.137,-1.952350011147244e-15,1.4342144556539336e-15
-3.136,-1.9777355542405937e-15,1.4507207327114016e-15
-3.135,-2.0034502562330513e-15,1.467414101541321e-15
-3.134,-2.0294983726952583e-15,1.484296640757548e-15
-3.133,-2.05588421404625e-15,1.5013704514458851e-15
-3.132,-2.0826121462580167e-15,1.5186376573976443e-15
-3.131,-2.1096865915690838e-15,1.5361004053454905e-15
-3.13,-2.1371120292072226e-15,1.5537608652015883e-15
-3.129,-2.164892996121412e-15,1.5716212302980698e-15
-3.128,-2.1930340877231665e-15,1.5896837176298453e-15
-3.127,-2.2215399586373475e-15,1.6079505680997776e-15
-3.126,-2.2504153234625863e-15,1.6264240467662378e-15
-3.125,-2.279664957541434e-15,1.6451064430930673e-15
-3.124,-2.309293697740363e-15,1.6640000712019613e-15
-3.123,-2.3393064432397527e-15,1.6831072701273022e-15
-3.122,-2.369708156333975e-15,1.7024304040734547e-15
-3.121,-2.4005038632417205e-15,1.7219718626745527e-15
-3.12,-2.431698654926686e-15,1.7417340612567933e-15
-3.119,-2.463297687928761e-15,1.7617194411032617e-15
-3.118,-2.4953061852058444e-15,1.781930469721308e-15
-3.117,-2.52772943698643e-15,1.802369641112498e-15
-3.116,-2.560572801633091e-15,1.823039476045161e-15
-3.115,-2.593841706517013e-15,1.843942522329551e-15
-3.114,-2.6275416489037032e-15,1.8650813550956538e-15
-3.113,-2.6616781968500317e-15,1.8864585770736512e-15
-3.112,-2.6962569901127372e-15,1.9080768188770713e-15
-3.111,-2.731283741068553e-15,1.929938739288646e-15
-3.11,-2.766764235646092e-15,1.952047025548897e-15
-3.109,-2.8027043342696497e-15,1.974404393647476e-15
-3.108,-2.839109972815068e-15,1.9970135886172785e-15
-3.107,-2.8759871635778208e-15,2.019877384831355e-15
-3.106,-2.913341996253473e-15,2.042998586302647e-15
-3.105,-2.9511806389306697e-15,2.0663800269865646e-15
-3.104,-2.989509339096819e-15,2.0900245710864346e-15
-3.103,-3.0283344246566255e-15,2.1139351133618375e-15
-3.102,-3.0676623049636404e-15,2.138114579439864e-15
-3.101,-3.107499471864996e-15,2.1625659261293064e-15
-3.1,-3.147852500759485e-15,2.1872921417378177e-15
-3.099,-3.1887280516691642e-15,2.212296246392054e-15
-3.098,-3.2301328703246476e-15,2.2375812923608324e-15
-3.097,-3.2720737892642634e-15,2.263150364381321e-15
-3.096,-3.314557728947257e-15,2.2890065799882924e-15
-3.095,-3.3575916988812113e-15,2.31515308984646e-15
-3.094,-3.4011827987638712e-15,2.341593078085926e-15
-3.093,-3.4453382196395497e-15,2.3683297626407624e-15
-3.092,-3.490065245070309e-15,2.395366395590752e-15
-3.091,-3.535371252322093e-15,2.422706263506314e-15
-3.09,-3.581263713566017e-15,2.450352687796641e-15
-3.089,-3.627750197094989e-15,2.478309025061067e-15
-3.088,-3.674838368555874e-15,2.5065786674437002e-15
-3.087,-3.722535992197389e-15,2.5351650429913415e-15
-3.086,-3.770850932133932e-15,2.5640716160147114e-15
-3.085,-3.819791153625544e-15,2.5933018874530176e-15
-3.084,-3.869364724374221e-15,2.6228593952418875e-15
-3.083,-3.919579815836766e-15,2.652747714684684e-15
-3.082,-3.970444704554402e-15,2.6829704588272453e-15
-3.081,-4.0219677734993654e-15,2.713531278836059e-15
-3.08,-4.074157513438673e-15,2.74443386437991e-15
-3.079,-4.127022524315308e-15,2.7756819440150194e-15
-3.078,-4.1805715166470324e-15,2.8072792855737076e-15
-3.077,-4.234813312943042e-15,2.8392296965566027e-15
-3.076,-4.289756849138708e-15,2.8715370245284243e-15
-3.075,-4.345411176048626e-15,2.904205157517371e-15
-3.074,-4.401785460838205e-15,2.9372380244181326e-15
-3.073,-4.458888988514027e-15,2.9706395953985603e-15
-3.072,-4.516731163433234e-15,3.00441388231002e-15
-3.071,-4.575321510832157e-15,3.038564939101453e-15
-3.07,-4.6346696783744575e-15,3.073096862237176e-15
-3.069,-4.6947854377190094e-15,3.108013791118445e-15
-3.068,-4.755678686107788e-15,3.1433199085088107e-15
-3.067,-4.817359447974002e-15,3.1790194409632952e-15
-3.066,-4.879837876570746e-15,3.2151166592614147e-15
-3.065,-4.9431242556204215e-15,3.2516158788440755e-15
-3.064,-5.007229000985184e-15,3.2885214602543782e-15
-3.063,-5.072162662358707e-15,3.325837809582345e-15
-3.062,-5.137935924979504e-15,3.3635693789136143e-15
-3.061,-5.204559611366104e-15,3.4017206667821128e-15
-3.06,-5.2720446830743475e-15,3.4402962186267503e-15
-3.059,-5.340402242477089e-15,3.4793006272521524e-15
-3.058,-5.409643534566584e-15,3.518738533293465e-15
-3.057,-5.479779948779858e-15,3.55861462568526e-15
-3.056,-5.550823020847333e-15,3.5989336421345665e-15
-3.055,-5.622784434665029e-15,3.639700369598058e-15
-3.054,-5.695676024190624e-15,3.680919644763427e-15
-3.053,-5.769509775363668e-15,3.722596354534963e-15
-3.052,-5.844297828050287e-15,3.7647354365233864e-15
-3.051,-5.920052478012652e-15,3.807341879539937e-15
-3.05,-5.996786178903555e-15,3.85042072409477e-15
-3.049,-6.074511544286392e-15,3.893977062899677e-15
-3.048,-6.153241349680891e-15,3.938016041375156e-15
-3.047,-6.2329885346348905e-15,3.982542858161874e-15
-3.046,-6.313766204822525e-15,4.027562765636538e-15
-3.045,-6.395587634169134e-15,4.073081070432202e-15
-3.044,-6.47846626700323e-15,4.119103133963054e-15
-3.043,-6.562415720235892e-15,4.1656343729536875e-15
-3.042,-6.647449785567904e-15,4.212680259972916e-15
-3.041,-6.733582431725008e-15,4.260246323972124e-15
-3.04,-6.820827806721627e-15,4.308338150828218e-15
-3.039,-6.909200240153408e-15,4.356961383891179e-15
-3.038,-6.998714245518958e-15,4.406121724536261e-15
-3.037,-7.0893845225711525e-15,4.4558249327208576e-15
-3.036,-7.181225959698363e-15,4.506076827546063e-15
-3.035,-7.274253636336017e-15,4.5568832878229634e-15
-3.034,-7.368482825408848e-15,4.608250252643678e-15
-3.033,-7.463928995804248e-15,4.660183721957189e-15
-3.032,-7.560607814877075e-15,4.712689757149973e-15
-3.031,-7.658535150986382e-15,4.765774481631481e-15
-3.03,-7.757727076064399e-15,4.819444081424476e-15
-3.029,-7.858199868218225e-15,4.873704805760272e-15
-3.028,-7.959970014364628e-15,4.9285629676788936e-15
-3.027,-8.063054212898368e-15,4.984024944634185e-15
-3.026,-8.167469376394478e-15,5.040097179103895e-15
-3.025,-8.273232634344927e-15,5.096786179204776e-15
-3.024,-8.380361335930099e-15,5.154098519312704e-15
-3.023,-8.48887305282553e-15,5.212040840687872e-15
-3.022,-8.598785582044362e-15,5.270619852105055e-15
-3.021,-8.71011694881593e-15,5.3298423304890096e-15
-3.02,-8.822885409500994e-15,5.389715121554993e-15
-3.019,-8.937109454544024e-15,5.4502451404544705e-15
-3.018,-9.052807811463052e-15,5.511439372426002e-15
-3.017,-9.169999447877532e-15,5.5733048734513595e-15
-3.016,-9.28870357457472e-15,5.635848770916887e-15
-3.015,-9.408939648615026e-15,5.699078264280135e-15
-3.014,-9.530727376476871e-15,5.763000625741795e-15
-3.013,-9.654086717241516e-15,5.827623200922955e-15
-3.012,-9.779037885818382e-15,5.8929534095477096e-15
-3.011,-9.905601356211382e-15,5.958998746131145e-15
-3.01,-1.003379786482676e-14,6.0257667806727176e-15
-3.009,-1.0163648413822992e-14,6.093265159355065e-15
-3.008,-1.0295174274503252e-14,6.161501605248261e-15
-3.007,-1.0428396990751001e-14,6.230483919019548e-15
-3.006,-1.0563338382509242e-14,6.300219979648558e-15
-3.005,-1.0700020549303978e-14,6.370717745148065e-15
-3.004,-1.0838465873812455e-14,6.441985253290271e-15
-3.003,-1.0978697025476738e-14,6.514030622338665e-15
-3.002,-1.1120736964163198e-14,6.586862051785466e-15
-3.001,-1.1264608943868499e-14,6.660487823094683e-15
-3.0,-1.141033651647266e-14,6.734916300450798e-15
-2.999,-1.1557943535539791e-14,6.810155931513114e-15
-2.998,-1.1707454160167114e-14,6.886215248175774e-15
-2.997,-1.1858892858882872e-14,6.963102867333471e-15
-2.996,-1.2012284413593731e-14,7.040827491652883e-15
-2.995,-1.2167653923582334e-14,7.119397910349838e-15
-2.994,-1.2325026809555607e-14,7.198822999972234e-15
-2.993,-1.2484428817744473e-14,7.279111725188743e-15
-2.992,-1.2645886024055626e-14,7.360273139583285e-15
-2.991,-1.2809424838276016e-14,7.442316386455345e-15
-2.99,-1.2975072008330716e-14,7.525250699626091e-15
-2.989,-1.3142854624594836e-14,7.609085404250347e-15
-2.988,-1.3312800124260186e-14,7.693829917634428e-15
-2.987,-1.3484936295757352e-14,7.779493750059853e-15
-2.986,-1.3659291283233909e-14,7.866086505612949e-15
-2.985,-1.3835893591089466e-14,7.953617883020358e-15
-2.984,-1.4014772088568275e-14,8.042097676490475e-15
-2.983,-1.4195956014410101e-14,8.131535776560813e-15
-2.982,-1.4379474981560125e-14,8.221942170951315e-15
-2.981,-1.4565358981938598e-14,8.31332694542363e-15
-2.98,-1.4753638391271028e-14,8.405700284646364e-15
-2.979,-1.4944343973979613e-14,8.499072473066297e-15
-2.978,-1.513750688813677e-14,8.593453895785611e-15
-2.977,-1.533315869048145e-14,8.688855039445107e-15
-2.976,-1.553133134149914e-14,8.78528649311344e-15
-2.975,-1.573205721056623e-14,8.882758949182358e-15
-2.974,-1.5935369081159683e-14,8.981283204267988e-15
-2.973,-1.614130015613274e-14,9.080870160118129e-15
-2.972,-1.6349884063057536e-14,9.181530824525601e-15
-2.971,-1.6561154859635453e-14,9.283276312247614e-15
-2.97,-1.677514703917608e-14,9.386117845931208e-15
-2.969,-1.6991895536145637e-14,9.49006675704471e-15
-2.968,-1.7211435731785724e-14,9.595134486815265e-15
-2.967,-1.743380345980333e-14,9.701332587172395e-15
-2.966,-1.765903501213292e-14,9.808672721697627e-15
-2.965,-1.7887167144771613e-14,9.917166666580155e-15
-2.964,-1.811823708368825e-14,1.0026826311578542e-14
-2.963,-1.835228253080742e-14,1.013766366098849e-14
-2.962,-1.8589341670069246e-14,1.0249690834616614e-14
-2.961,-1.8829453173566017e-14,1.0362920068760274e-14
-2.96,-1.907265620775654e-14,1.0477363717193422e-14
-2.959,-1.9318990439759245e-14,1.0593034252158454e-14
-2.958,-1.9568496043724993e-14,1.0709944265364098e-14
-2.957,-1.9821213707290653e-14,1.0828106468989276e-14
-2.956,-2.007718463811438e-14,1.0947533696692955e-14
-2.955,-2.033645057049372e-14,1.1068238904629986e-14
-2.954,-2.0599053772067494e-14,1.119023517247288e-14
-2.953,-2.0865037050602582e-14,1.1313535704439544e-14
-2.952,-2.1134443760866645e-14,1.1438153830326935e-14
-2.951,-2.1407317811587878e-14,1.1564103006550622e-14
-2.95,-2.1683703672502888e-14,1.169139681719024e-14
-2.949,-2.1963646381493795e-14,1.1820048975040799e-14
-2.948,-2.2247191551815698e-14,1.195007332266985e-14
-2.947,-2.2534385379415646e-14,1.2081483833480458e-14
-2.946,-2.282527465034422e-14,1.2214294612779972e-14
-2.945,-2.3119906748260978e-14,1.2348519898854562e-14
-2.944,-2.3418329662034845e-14,1.2484174064049482e-14
-2.943,-2.3720591993440722e-14,1.2621271615855048e-14
-2.942,-2.402674296495348e-14,1.2759827197998274e-14
-2.941,-2.4336832427640587e-14,1.2899855591540156e-14
-2.94,-2.4650910869154587e-14,1.3041371715978545e-14
-2.939,-2.4969029421826725e-14,1.3184390630356586e-14
-2.938,-2.5291239870862936e-14,1.3328927534376678e-14
-2.937,-2.5617594662643542e-14,1.3474997769519908e-14
-2.936,-2.594814691312792e-14,1.3622616820170918e-14
-2.935,-2.6282950416365476e-14,1.3771800314748159e-14
-2.934,-2.662205965311428e-14,1.3922564026839487e-14
-2.933,-2.696552979956867e-14,1.4074923876343046e-14
-2.932,-2.7313416736197258e-14,1.4228895930613375e-14
-2.931,-2.7665777056692654e-14,1.4384496405612707e-14
-2.93,-2.8022668077034378e-14,1.454174166706738e-14
-2.929,-2.8384147844666342e-14,1.4700648231629318e-14
-2.928,-2.875027514779036e-14,1.4861232768042508e-14
-2.927,-2.912110952477715e-14,1.5023512098314397e-14
-2.926,-2.949671127369624e-14,1.518750319889219e-14
-2.925,-2.987714146196643e-14,1.5353223201843914e-14
-2.924,-3.02624619361281e-14,1.5520689396044208e-14
-2.923,-3.06527353317391e-14,1.56899192283648e-14
-2.922,-3.104802508339568e-14,1.58609303048695e-14
-2.921,-3.144839543487998e-14,1.603374039201374e-14
-2.92,-3.185391144943584e-14,1.620836741784848e-14
-2.919,-3.2264639020174276e-14,1.638482947322846e-14
-2.918,-3.2680644880610607e-14,1.6563144813024667e-14
-2.917,-3.31019966153345e-14,1.6743331857340967e-14
-2.916,-3.3528762670814906e-14,1.692540919273476e-14
-2.915,-3.3961012366341396e-14,1.7109395573441588e-14
-2.914,-3.439881590510373e-14,1.7295309922603583e-14
-2.913,-3.48422443854113e-14,1.748317133350167e-14
-2.912,-3.5291369812054255e-14,1.767299907079138e-14
-2.911,-3.5746265107808094e-14,1.7864812571742204e-14
-2.91,-3.6207004125083484e-14,1.8058631447480334e-14
-2.909,-3.667366165772313e-14,1.8254475484234684e-14
-2.908,-3.714631345294764e-14,1.84523646445861e-14
-2.907,-3.762503622345208e-14,1.8652319068719586e-14
-2.906,-3.8109907659655276e-14,1.8854359075679435e-14
-2.905,-3.8601006442103674e-14,1.9058505164627137e-14
-2.904,-3.909841225403174e-14,1.926477801610193e-14
-2.903,-3.9602205794080864e-14,1.9473198493283827e-14
-2.902,-4.0112468789178724e-14,1.9683787643259006e-14
-2.901,-4.062928400758118e-14,1.9896566698287382e-14
-2.9,-4.115273527207866e-14,2.0111557077072227e-14
-2.899,-4.168290747336917e-14,2.0328780386031683e-14
-2.898,-4.221988658359998e-14,2.0548258420571977e-14
-2.897,-4.2763759670080116e-14,2.0770013166362198e-14
-2.896,-4.331461490916576e-14,2.0994066800610465e-14
-2.895,-4.3872541600320805e-14,2.1220441693341272e-14
-2.894,-4.4437630180354664e-14,2.1449160408673875e-14
-2.893,-4.500997223783966e-14,2.1680245706101516e-14
-2.892,-4.558966052771011e-14,2.1913720541771268e-14
-2.891,-4.617678898604553e-14,2.2149608069764347e-14
-2.89,-4.6771452745040164e-14,2.2387931643376662e-14
-2.889,-4.7373748148161197e-14,2.2628714816399397e-14
-2.888,-4.7983772765498036e-14,2.287198134439942e-14
-2.887,-4.860162540930504e-14,2.3117755185999303e-14
-2.886,-4.9227406149740096e-14,2.3366060504156715e-14
-2.885,-4.986121633080155e-14,2.3616921667442972e-14
-2.884,-5.050315858646589e-14,2.3870363251320515e-14
-2.883,-5.115333685702882e-14,2.4126410039419042e-14
-2.882,-5.181185640565213e-14,2.4385087024810084e-14
-2.881,-5.247882383511904e-14,2.4646419411279763e-14
-2.88,-5.315434710480059e-14,2.4910432614599445e-14
-2.879,-5.3838535547835726e-14,2.5177152263794063e-14
-2.878,-5.453149988852771e-14,2.5446604202407806e-14
-2.877,-5.5233352259959674e-14,2.571881448976691e-14
-2.876,-5.594420622183191e-14,2.5993809402239258e-14
-2.875,-5.666417677852379e-14,2.62716154344905e-14
-2.874,-5.739338039738311e-14,2.655225930073641e-14
-2.873,-5.813193502724555e-14,2.6835767935991107e-14
-2.872,-5.887996011718745e-14,2.7122168497310934e-14
-2.871,-5.963757663551445e-14,2.741148836503357e-14
-2.87,-6.04049070889892e-14,2.770375514401211e-14
-2.869,-6.118207554230099e-14,2.7998996664843737e-14
-2.868,-6.196920763778046e-14,2.8297240985092685e-14
-2.867,-6.276643061536233e-14,2.8598516390507076e-14
-2.866,-6.357387333279923e-14,2.8902851396229345e-14
-2.865,-6.439166628612995e-14,2.921027474799984e-14
-2.864,-6.52199416304051e-14,2.952081542335316e-14
-2.863,-6.605883320067342e-14,2.983450263280706e-14
-2.862,-6.69084765332322e-14,3.0151365821043183e-14
-2.861,-6.776900888714476e-14,3.047143466807957e-14
-2.86,-6.864056926602868e-14,3.07947390904343e-14
-2.859,-6.952329844011788e-14,3.112130924227992e-14
-2.858,-7.041733896860218e-14,3.1451175516588225e-14
-2.857,-7.132283522224768e-14,3.178436854626495e-14
-2.856,-7.223993340630144e-14,3.2120919205273944e-14
-2.855,-7.316878158368425e-14,3.246085860975028e-14
-2.854,-7.410952969847468e-14,3.280421811910194e-14
-2.853,-7.506232959968841e-14,3.315102933709954e-14
-2.852,-7.602733506535647e-14,3.350132411295356e-14
-2.851,-7.700470182690579e-14,3.385513454237866e-14
-2.85,-7.799458759384633e-14,3.421249296864455e-14
-2.849,-7.899715207876822e-14,3.457343198361281e-14
-2.848,-8.001255702265301e-14,3.4937984428759215e-14
-2.847,-8.104096622050283e-14,3.5306183396180975e-14
-2.846,-8.208254554729146e-14,3.5678062229588375e-14
-2.845,-8.313746298424128e-14,3.6053654525280136e-14
-2.844,-8.420588864543038e-14,3.6432994133102045e-14
-2.843,-8.52879948047335e-14,3.6816115157388195e-14
-2.842,-8.638395592310154e-14,3.720305195788419e-14
-2.841,-8.749394867618334e-14,3.759383915065177e-14
-2.84,-8.861815198229434e-14,3.7988511608954184e-14
-2.839,-8.97567470307362e-14,3.838710446412165e-14
-2.838,-9.090991731047208e-14,3.8789653106396255e-14
-2.837,-9.207784863916158e-14,3.9196193185755637e-14
-2.836,-9.326072919256019e-14,3.9606760612714744e-14
-2.835,-9.445874953428763e-14,4.0021391559104925e-14
-2.834,-9.567210264596966e-14,4.044012245882976e-14
-2.833,-9.690098395775811e-14,4.086299000859674e-14
-2.832,-9.814559137923372e-14,4.1290031168624156e-14
-2.831,-9.940612533069663e-14,4.1721283163322386e-14
-2.83,-1.0068278877484938e-13,4.2156783481948864e-14
-2.829,-1.0197578724887725e-13,4.2596569879235835e-14
-2.828,-1.0328532889693085e-13,4.3040680375990175e-14
-2.827,-1.046116245030161e-13,4.348915325966443e-14
-2.826,-1.0595488752429649e-13,4.394202708489817e-14
-2.825,-1.0731533412481295e-13,4.439934067402891e-14
-2.824,-1.0869318320962641e-13,4.48611331175716e-14
-2.823,-1.1008865645938825e-13,4.532744377466592e-14
-2.822,-1.1150197836534416e-13,4.5798312273490306e-14
-2.821,-1.1293337626477653e-13,4.627377851164194e-14
-2.82,-1.1438308037689122e-13,4.6753882656481644e-14
-2.819,-1.158513238391537e-13,4.723866514544276e-14
-2.818,-1.1733834274408076e-13,4.772816668630301e-14
-2.817,-1.1884437617649277e-13,4.822242825741835e-14
-2.816,-1.20369666251233e-13,4.872149110791775e-14
-2.815,-1.2191445815135918e-13,4.922539675785792e-14
-2.814,-1.2347900016681318e-13,4.973418699833681e-14
-2.813,-1.2506354373357549e-13,5.024790389156497e-14
-2.812,-1.2666834347330946e-13,5.076658977089346e-14
-2.811,-1.2829365723350222e-13,5.129028724079728e-14
-2.81,-1.2993974612810814e-13,5.1819039176813235e-14
-2.809,-1.3160687457870091e-13,5.2352888725430925e-14
-2.808,-1.3329531035614096e-13,5.289187930393571e-14
-2.807,-1.350053246227642e-13,5.343605460020252e-14
-2.806,-1.3673719197509894e-13,5.398545857243908e-14
-2.805,-1.3849119048711714e-13,5.454013544887755e-14
-2.804,-1.4026760175402712e-13,5.510012972741294e-14
-2.803,-1.420667109366139e-13,5.5665486175187336e-14
-2.802,-1.4388880680613444e-13,5.6236249828118337e-14
-2.801,-1.457341817897744e-13,5.6812465990370486e-14
-2.8,-1.4760313201667348e-13,5.739418023376821e-14
-2.799,-1.4949595736452642e-13,5.798143839714892e-14
-2.798,-1.514129615067667e-13,5.857428658565476e-14
-2.797,-1.533544519603402e-13,5.917277116996159e-14
-2.796,-1.5532074013407637e-13,5.977693878544362e-14
-2.795,-1.5731214137766394e-13,6.038683633127237e-14
-2.794,-1.593289750312389e-13,6.1002510969448e-14
-2.793,-1.6137156447559227e-13,6.16240101237619e-14
-2.792,-1.634402371830055e-13,6.225138147868858e-14
-2.791,-1.6553532476872107e-13,6.288467297820532e-14
-2.79,-1.6765716304305618e-13,6.352393282453792e-14
-2.789,-1.698060920641677e-13,6.416920947683088e-14
-2.788,-1.7198245619147626e-13,6.48205516497401e-14
-2.787,-1.7418660413975772e-13,6.547800831194656e-14
-2.786,-1.764188890339103e-13,6.614162868458895e-14
-2.785,-1.7867966846440568e-13,6.681146223961361e-14
-2.784,-1.809693045434327e-13,6.748755869803967e-14
-2.783,-1.8328816396174196e-13,6.816996802813784e-14
-2.782,-1.8563661804620028e-13,6.885874044352043e-14
-2.781,-1.8801504281806372e-13,6.955392640114104e-14
-2.78,-1.9042381905197797e-13,7.025557659920175e-14
-2.779,-1.9286333233571522e-13,7.096374197496563e-14
-2.778,-1.9533397313065657e-13,7.167847370247273e-14
-2.777,-1.9783613683302922e-13,7.239982319015719e-14
-2.776,-2.0037022383590784e-13,7.312784207836347e-14
-2.775,-2.0293663959198952e-13,7.386258223675937e-14
-2.774,-2.0553579467715178e-13,7.460409576164375e-14
-2.773,-2.081681048548036e-13,7.53524349731464e-14
-2.772,-2.108339911410389e-13,7.61076524123181e-14
-2.771,-2.1353387987060286e-13,7.686980083810808e-14
-2.77,-2.162682027636806e-13,7.763893322422689e-14
-2.769,-2.1903739699351885e-13,7.841510275589184e-14
-2.768,-2.2184190525489067e-13,7.919836282645279e-14
-2.767,-2.246821758334137e-13,7.998876703389561e-14
-2.766,-2.275586626757325e-13,8.078636917722071e-14
-2.765,-2.3047182546057554e-13,8.159122325269413e-14
-2.764,-2.3342212967069794e-13,8.240338344996825e-14
-2.763,-2.3641004666572066e-13,8.322290414806975e-14
-2.762,-2.3943605375587716e-13,8.404983991125169e-14
-2.761,-2.4250063427667894e-13,8.488424548470706e-14
-2.76,-2.4560427766451125e-13,8.572617579014093e-14
-2.759,-2.4874747953317057e-13,8.657568592119816e-14
-2.758,-2.519307417513549e-13,8.743283113874375e-14
-2.757,-2.551545725211195e-13,8.829766686599286e-14
-2.756,-2.5841948645730964e-13,8.917024868348726e-14
-2.755,-2.6172600466798194e-13,9.005063232391509e-14
-2.754,-2.6507465483582717e-13,9.093887366677098e-14
-2.753,-2.684659713006068e-13,9.183502873285279e-14
-2.752,-2.7190049514261507e-13,9.273915367859217e-14
-2.751,-2.7537877426718056e-13,9.36513047902152e-14
-2.75,-2.789013634902185e-13,9.457153847772977e-14
-2.749,-2.8246882462484833e-13,9.549991126873643e-14
-2.748,-2.860817265690883e-13,9.643647980205872e-14
-2.747,-2.897406453946413e-13,9.738130082118982e-14
-2.746,-2.9344616443678533e-13,9.83344311675514e-14
-2.745,-2.9719887438538127e-13,9.929592777356146e-14
-2.744,-3.0099937337701294e-13,1.0026584765550673e-13
-2.743,-3.048482670882731e-13,1.0124424790621625e-13
-2.742,-3.0874616883020843e-13,1.02231185687532e-13
-2.741,-3.1269369964393966e-13,1.0322671822257246e-13
-2.74,-3.166914883974696e-13,1.0423090278778524e-13
-2.739,-3.2074017188369464e-13,1.052437967047845e-13
-2.738,-3.248403949196344e-13,1.0626545733196888e-13
-2.737,-3.2899281044689415e-13,1.0729594205591579e-13
-2.736,-3.3319807963337595e-13,1.0833530828254764e-13
-2.735,-3.3745687197625285e-13,1.0938361342806542e-13
-2.734,-3.417698654062227e-13,1.1044091490964532e-13
-2.733,-3.4613774639305646e-13,1.1150727013589371e-13
-2.732,-3.505612100524579e-13,1.1258273649705566e-13
-2.731,-3.5504096025424954e-13,1.1366737135497257e-13
-2.73,-3.5957770973190254e-13,1.1476123203278358e-13
-2.729,-3.641721801934261e-13,1.1586437580436643e-13
-2.728,-3.688251024336333e-13,1.1697685988351216e-13
-2.727,-3.7353721644780086e-13,1.18098741412829e-13
-2.726,-3.7830927154673876e-13,1.1923007745237015e-13
-2.725,-3.8314202647328867e-13,1.2037092496797992e-13
-2.724,-3.8803624952026704e-13,1.2152134081935335e-13
-2.723,-3.9299271864987225e-13,1.2268138174780342e-13
-2.722,-3.9801222161457226e-13,1.2385110436373049e-13
-2.721,-4.0309555607949217e-13,1.2503056513378848e-13
-2.72,-4.0824352974631964e-13,1.2621982036774158e-13
-2.719,-4.1345696047874646e-13,1.2741892620500643e-13
-2.718,-4.1873667642946583e-13,1.2862793860087289e-13
-2.717,-4.2408351616874413e-13,1.2984691331239822e-13
-2.716,-4.2949832881458614e-13,1.3107590588396805e-13
-2.715,-4.349819741645141e-13,1.32314971632518e-13
-2.714,-4.4053532282897955e-13,1.335641656324098e-13
-2.713,-4.4615925636642866e-13,1.3482354269995505e-13
-2.712,-4.5185466742004085e-13,1.360931573775805e-13
-2.711,-4.576224598561618e-13,1.37373063917628e-13
-2.71,-4.634635489044504e-13,1.3866331626578236e-13
-2.709,-4.693788612997634e-13,1.3996396804411995e-13
-2.708,-4.753693354257945e-13,1.4127507253377165e-13
-2.707,-4.814359214604948e-13,1.4259668265719244e-13
-2.706,-4.875795815232917e-13,1.4392885096003066e-13
-2.705,-4.93801289824132e-13,1.4527162959258953e-13
-2.704,-5.001020328143683e-13,1.4662507029087343e-13
-2.703,-5.064828093395142e-13,1.4798922435721123e-13
-2.702,-5.129446307938893e-13,1.4936414264044927e-13
-2.701,-5.194885212771779e-13,1.5074987551570548e-13
-2.7,-5.261155177529244e-13,1.5214647286367742e-13
-2.699,-5.328266702089895e-13,1.5355398404949556e-13
-2.698,-5.396230418199921e-13,1.5497245790111347e-13
-2.697,-5.46505709111758e-13,1.5640194268722713e-13
-2.696,-5.534757621278047e-13,1.5784248609471405e-13
-2.695,-5.60534304597883e-13,1.5929413520558408e-13
-2.694,-5.676824541086029e-13,1.6075693647343272e-13
-2.693,-5.749213422761688e-13,1.622309356993883e-13
-2.692,-5.82252114921249e-13,1.637161780075433e-13
-2.691,-5.896759322460074e-13,1.652127078198615e-13
-2.69,-5.971939690133217e-13,1.667205688305504e-13
-2.689,-6.048074147282164e-13,1.6823980397989011e-13
-2.688,-6.125174738215371e-13,1.6977045542750894e-13
-2.687,-6.203253658358933e-13,1.7131256452509505e-13
-2.686,-6.282323256138981e-13,1.728661717885352e-13
-2.685,-6.36239603488732e-13,1.7443131686946937e-13
-2.684,-6.443484654770598e-13,1.7600803852625134e-13
-2.683,-6.525601934743291e-13,1.7759637459430474e-13
-2.682,-6.608760854524803e-13,1.7919636195586344e-13
-2.681,-6.692974556600951e-13,1.8080803650908566e-13
-2.68,-6.778256348250172e-13,1.824314331365307e-13
-2.679,-6.864619703594714e-13,1.8406658567298665e-13
-2.678,-6.95207826567714e-13,1.8571352687263822e-13
-2.677,-7.040645848562451e-13,1.873722883755624e-13
-2.676,-7.130336439466132e-13,1.8904290067354053e-13
-2.675,-7.221164200908448e-13,1.9072539307517456e-13
-2.674,-7.313143472895296e-13,1.9241979367029537e-13
-2.673,-7.406288775125953e-13,1.9412612929365052e-13
-2.672,-7.500614809228044e-13,1.9584442548785903e-13
-2.671,-7.596136461020043e-13,1.9757470646562025e-13
-2.67,-7.692868802801676e-13,1.9931699507116365e-13
-2.669,-7.790827095672538e-13,2.010713127409265e-13
-2.668,-7.890026791879278e-13,2.0283767946344568e-13
-2.667,-7.990483537191706e-13,2.0461611373845022e-13
-2.666,-8.092213173308162e-13,2.0640663253514044e-13
-2.665,-8.195231740290512e-13,2.0820925124963963e-13
-2.664,-8.299555479029131e-13,2.1002398366160388e-13
-2.663,-8.405200833738236e-13,2.1185084188997525e-13
-2.662,-8.512184454481939e-13,2.136898363478641e-13
-2.661,-8.620523199731393e-13,2.155409756965445e-13
-2.66,-8.730234138953408e-13,2.1740426679854828e-13
-2.659,-8.841334555230933e-13,2.192797146698417e-13
-2.658,-8.953841947915767e-13,2.2116732243106886e-13
-2.657,-9.067774035313914e-13,2.2306709125784622e-13
-2.656,-9.18314875740397e-13,2.2497902033009125e-13
-2.655,-9.299984278588935e-13,2.2690310678036928e-13
-2.654,-9.41829899048188e-13,2.2883934564124107e-13
-2.653,-9.538111514725847e-13,2.307877297915944e-13
-2.652,-9.65944070584843e-13,2.327482499019422e-13
-2.651,-9.78230565415145e-13,2.34720894378669e-13
-2.65,-9.906725688636119e-13,2.36705649307209e-13
-2.649,-1.003272037996418e-12,2.387024983941356e-13
-2.648,-1.0160309543455415e-12,2.407114229081457e-13
-2.647,-1.0289513242121974e-12,2.42732401619919e-13
-2.646,-1.0420351789739997e-12,2.4476541074083276e-13
-2.645,-1.0552845753958925e-12,2.468104238605137e-13
-2.644,-1.0687015959449025e-12,2.488674118832061e-13
-2.643,-1.0822883491087552e-12,2.5093634296293694e-13
-2.642,-1.0960469697184011e-12,2.5301718243745685e-13
-2.641,-1.109979619274502e-12,2.5510989276093715e-13
-2.64,-1.1240884862779245e-12,2.5721443343540073e-13
-2.639,-1.1383757865642875e-12,2.593307609408661e-13
-2.638,-1.1528437636426154e-12,2.6145882866418323e-13
-2.637,-1.167494689038146e-12,2.635985868265379e-13
-2.636,-1.1823308626393407e-12,2.657499824096033e-13
-2.635,-1.1973546130491536e-12,2.6791295908031555e-13
-2.634,-1.212568297940605e-12,2.7008745711424976e-13
-2.633,-1.2279743044167165e-12,2.7227341331757394e-13
-2.632,-1.2435750493748556e-12,2.74470760947556e-13
-2.631,-1.259372979875548e-12,2.766794296315997e-13
-2.63,-1.2753705735158085e-12,2.7889934528478574e-13
-2.629,-1.2915703388070467e-12,2.8113043002589167e-13
-2.628,-1.3079748155576007e-12,2.833726020918664e-13
-2.627,-1.3245865752599592e-12,2.8562577575073214e-13
-2.626,-1.341408221482723e-12,2.8788986121288927e-13
-2.625,-1.3584423902673675e-12,2.901647645407955e-13
-2.624,-1.3756917505298633e-12,2.9245038755699393e-13
-2.623,-1.3931590044672116e-12,2.9474662775046137e-13
-2.622,-1.410846887968957e-12,2.9705337818124946e-13
-2.621,-1.4287581710337348e-12,2.9937052738339054e-13
-2.62,-1.446895658190916e-12,3.016979592660382e-13
-2.619,-1.46526218892741e-12,3.0403555301281493e-13
-2.618,-1.483860638119688e-12,3.0638318297933585e-13
-2.617,-1.5026939164710903e-12,3.087407185888784e-13
-2.616,-1.52176497095448e-12,3.111080242261685e-13
-2.615,-1.54107678526031e-12,3.134849591292501e-13
-2.614,-1.5606323802501658e-12,3.158713772794082e-13
-2.613,-1.5804348144158526e-12,3.1826712728911226e-13
-2.612,-1.6004871843440915e-12,3.206720522879475e-13
-2.611,-1.6207926251868949e-12,3.230859898065012e-13
-2.61,-1.6413543111376864e-12,3.255087716581696e-13
-2.609,-1.6621754559132376e-12,3.2794022381885247e-13
-2.608,-1.6832593132414895e-12,3.3038016630449903e-13
-2.607,-1.7046091773553312e-12,3.3282841304647134e-13
-2.606,-1.7262283834924055e-12,3.352847717646882e-13
-2.605,-1.7481203084010171e-12,3.3774904383851413e-13
-2.604,-1.770288370852214e-12,3.4022102417535553e-13
-2.603,-1.7927360321581171e-12,3.427005010769273e-13
-2.602,-1.8154667966965748e-12,3.45187256103151e-13
-2.601,-1.8384842124422166e-12,3.476810639336471e-13
-2.6,-1.8617918715039835e-12,3.5018169222677987e-13
-2.599,-1.8853934106692153e-12,3.526889014762175e-13
-2.598,-1.9092925119543674e-12,3.552024448649648e-13
-2.597,-1.9334929031624457e-12,3.577220681168284e-13
-2.596,-1.957998358447232e-12,3.6024750934527257e-13
-2.595,-1.982812698884387e-12,3.627784988996226e-13
-2.594,-2.0079397930495126e-12,3.6531475920857307e-13
-2.593,-2.0333835576032515e-12,3.678560046209574e-13
-2.592,-2.0591479578835197e-12,3.7040194124373355e-13
-2.591,-2.0852370085049475e-12,3.7295226677714086e-13
-2.59,-2.1116547739656184e-12,3.7550667034698307e-13
-2.589,-2.138405369261197e-12,3.780648323339895e-13
-2.588,-2.1654929605065303e-12,3.806264242002082e-13
-2.587,-2.1929217655648125e-12,3.8319110831238234e-13
-2.586,-2.220696054684409e-12,3.857585377622616e-13
-2.585,-2.2488201511434235e-12,3.883283561837986e-13
-2.584,-2.277298431902106e-12,3.909001975671806e-13
-2.583,-2.3061353282631967e-12,3.9347368606964417e-13
-2.582,-2.335335326540297e-12,3.9604843582302325e-13
-2.581,-2.3649029687343684e-12,3.986240507379752e-13
-2.58,-2.394842853218449e-12,4.012001243048336e-13
-2.579,-2.4251596354306978e-12,4.037762393910321e-13
-2.578,-2.455858028575853e-12,4.063519680350451e-13
-2.577,-2.4869428043352175e-12,4.089268712367885e-13
-2.576,-2.518418793585265e-12,4.115004987444248e-13
-2.575,-2.550290887124972e-12,4.140723888375129e-13
-2.574,-2.582564036411982e-12,4.166420681064467e-13
-2.573,-2.6152432543077106e-12,4.192090512281201e-13
-2.572,-2.648333615831483e-12,4.2177284073776066e-13
-2.571,-2.6818402589238373e-12,4.2433292679686837e-13
-2.57,-2.7157683852190767e-12,4.268887869571989e-13
-2.569,-2.7501232608272003e-12,4.2943988592072684e-13
-2.568,-2.784910217125316e-12,4.3198567529552576e-13
-2.567,-2.820134651558649e-12,4.3452559334749933e-13
-2.566,-2.855802028451263e-12,4.3705906474789716e-13
-2.565,-2.8919178798266082e-12,4.3958550031654893e-13
-2.564,-2.9284878062380143e-12,4.4210429676074746e-13
-2.563,-2.965517477609247e-12,4.446148364097128e-13
-2.562,-3.0030126340852466e-12,4.471164869445658e-13
-2.561,-3.0409790868931727e-12,4.4960860112374035e-13
-2.56,-3.0794227192138766e-12,4.520905165037619e-13
-2.559,-3.1183494870639252e-12,4.5456155515531827e-13
-2.558,-3.157765420188301e-12,4.570210233745485e-13
-2.557,-3.1976766229639105e-12,4.594682113894731e-13
-2.556,-3.2380892753140237e-12,4.619023930614903e-13
-2.555,-3.279009633633776e-12,4.643228255818575e-13
-2.554,-3.320444031726871e-12,4.667287491630814e-13
-2.553,-3.3623988817536046e-12,4.691193867251343e-13
-2.552,-3.40488067519036e-12,4.714939435764155e-13
-2.551,-3.4478959838006964e-12,4.738516070893744e-13
-2.55,-3.4914514606181807e-12,4.761915463707118e-13
-2.549,-3.535553840941091e-12,4.785129119260723e-13
-2.548,-3.5802099433391456e-12,4.808148353191425e-13
-2.547,-3.625426670672387e-12,4.830964288250659e-13
-2.546,-3.671211011122375e-12,4.853567850780851e-13
-2.545,-3.717570039235834e-12,4.875949767133204e-13
-2.544,-3.7645109169808925e-12,4.898100560025925e-13
-2.543,-3.812040894816082e-12,4.920010544841959e-13
-2.542,-3.860167312772231e-12,4.94166982586527e-13
-2.541,-3.9088976015474104e-12,4.963068292454723e-13
-2.54,-3.958239283615096e-12,4.984195615154551e-13
-2.539,-4.008199974345689e-12,5.005041241740465e-13
-2.538,-4.058787383141562e-12,5.025594393200337e-13
-2.537,-4.1100093145857934e-12,5.045844059648482e-13
-2.536,-4.161873669604742e-12,5.06577899617247e-13
-2.535,-4.214388446644634e-12,5.085387718611408e-13
-2.534,-4.2675617428623294e-12,5.104658499264652e-13
-2.533,-4.32140175533043e-12,5.123579362529821e-13
-2.532,-4.375916782256898e-12,5.142138080469026e-13
-2.531,-4.431115224219368e-12,5.160322168302205e-13
-2.53,-4.48700558541431e-12,5.178118879826395e-13
-2.529,-4.543596474921235e-12,5.19551520275982e-13
-2.528,-4.600896607982107e-12,5.212497854009588e-13
-2.527,-4.658914807296152e-12,5.229053274861834e-13
-2.526,-4.717660004330243e-12,5.245167626093083e-13
-2.525,-4.777141240645034e-12,5.260826783001615e-13
-2.524,-4.837367669237055e-12,5.276016330357581e-13
-2.523,-4.8983485558969225e-12,5.29072155727061e-13
-2.522,-4.9600932805838855e-12,5.304927451973626e-13
-2.521,-5.022611338816886e-12,5.318618696521556e-13
-2.52,-5.085912343082321e-12,5.331779661403639e-13
-2.519,-5.150006024258729e-12,5.344394400067962e-13
-2.518,-5.214902233058568e-12,5.356446643356875e-13
-2.517,-5.28061094148731e-12,5.367919793851914e-13
-2.516,-5.34714224432005e-12,5.378796920126798e-13
-2.515,-5.4145063605958315e-12,5.389060750907115e-13
-2.514,-5.482713635129897e-12,5.39869366913522e-13
-2.513,-5.551774540044086e-12,5.407677705938888e-13
-2.512,-5.621699676315578e-12,5.415994534502249e-13
-2.511,-5.6924997753442046e-12,5.423625463837462e-13
-2.51,-5.764185700538554e-12,5.430551432455623e-13
-2.509,-5.8367684489210785e-12,5.436753001935338e-13
-2.508,-5.9102591527524344e-12,5.442210350387372e-13
-2.507,-5.984669081175279e-12,5.4469032658138e-13
-2.506,-6.060009641877757e-12,5.450811139359986e-13
-2.505,-6.136292382776896e-12,5.453912958457796e-13
-2.504,-6.213528993722162e-12,5.456187299858304e-13
-2.503,-6.291731308219399e-12,5.45761232255235e-13
-2.502,-6.3709113051753935e-12,5.458165760577179e-13
-2.501,-6.4510811106633095e-12,5.457824915707432e-13
-2.5,-6.532252999709236e-12,5.456566650028704e-13
-2.499,-6.6144393981001e-12,5.454367378391856e-13
-2.498,-6.697652884213185e-12,5.451203060746262e-13
-2.497,-6.7819061908675164e-12,5.44704919435012e-13
-2.496,-6.867212207197368e-12,5.441880805855953e-13
-2.495,-6.953583980548149e-12,5.435672443269368e-13
-2.494,-7.041034718394934e-12,5.428398167779141e-13
-2.493,-7.129577790283891e-12,5.420031545456657e-13
-2.492,-7.2192267297969e-12,5.410545638822687e-13
-2.491,-7.309995236539599e-12,5.399912998279499e-13
-2.49,-7.401897178153166e-12,5.388105653406207e-13
-2.489,-7.494946592350086e-12,5.375095104115294e-13
-2.488,-7.589157688974201e-12,5.360852311668171e-13
-2.487,-7.684544852085325e-12,5.345347689547616e-13
-2.486,-7.781122642068693e-12,5.32855109418492e-13
-2.485,-7.878905797769564e-12,5.310431815539502e-13
-2.484,-7.977909238653245e-12,5.290958567528755e-13
-2.483,-8.07814806699084e-12,5.270099478305828e-13
-2.482,-8.179637570071043e-12,5.247822080383039e-13
-2.481,-8.282393222438238e-12,5.224093300598539e-13
-2.48,-8.386430688157256e-12,5.198879449923873e-13
-2.479,-8.491765823105072e-12,5.17214621310998e-13
-2.478,-8.598414677289767e-12,5.1438586381692e-13
-2.477,-8.706393497197063e-12,5.113981125690771e-13
-2.476,-8.81571872816477e-12,5.082477417987298e-13
-2.475,-8.926407016785442e-12,5.049310588069619e-13
-2.474,-9.038475213337595e-12,5.014443028447451e-13
-2.473,-9.151940374245818e-12,4.977836439753182e-13
-2.472,-9.266819764570084e-12,4.939451819186117e-13
-2.471,-9.38313086052464e-12,4.899249448774457e-13
-2.47,-9.500891352026783e-12,4.857188883452229e-13
-2.469,-9.620119145275914e-12,4.813228938948391e-13
-2.468,-9.740832365363152e-12,4.767327679485227e-13
-2.467,-9.863049358911939e-12,4.71944240528318e-13
-2.466,-9.986788696749953e-12,4.66952963986916e-13
-2.465,-1.0112069176612682e-11,4.617545117185363e-13
-2.464,-1.0238909825879067e-11,4.563443768495594e-13
-2.463,-1.0367329904339543e-11,4.5071797090860057e-13
-2.462,-1.0497348906996885e-11,4.4487062247571635e-13
-2.461,-1.0628986566900209e-11,4.3879757581042755e-13
-2.46,-1.0762262858012552e-11,4.3249398945823866e-13
-2.459,-1.0897197998112374e-11,4.2595493483532903e-13
-2.458,-1.1033812451729404e-11,4.1917539479108587e-13
-2.457,-1.1172126933115218e-11,4.121502621481454e-13
-2.456,-1.1312162409248954e-11,4.048743382196021e-13
-2.455,-1.145394010287856e-11,3.9734233130304233e-13
-2.454,-1.1597481495598001e-11,3.895488551510528e-13
-2.453,-1.1742808330960817e-11,3.8148842741784885e-13
-2.452,-1.1889942617630479e-11,3.731554680816646e-13
-2.451,-1.203890663256795e-11,3.645442978425374e-13
-2.45,-1.2189722924256878e-11,3.556491364951194e-13
-2.449,-1.2342414315966861e-11,3.4646410127613765e-13
-2.448,-1.2497003909055231e-11,3.369832051861237e-13
-2.447,-1.2653515086307779e-11,3.2720035528502466e-13
-2.446,-1.2811971515318885e-11,3.1710935096130406e-13
-2.445,-1.297239715191151e-11,3.0670388217413383e-13
-2.444,-1.3134816243597489e-11,2.959775276682736e-13
-2.443,-1.3299253333078606e-11,2.849237531612277e-13
-2.442,-1.346573326178892e-11,2.735359095022632e-13
-2.441,-1.3634281173478798e-11,2.6180723080286833e-13
-2.44,-1.380492251784115e-11,2.4973083253822174e-13
-2.439,-1.397768305418035e-11,2.372997096192392e-13
-2.438,-1.4152588855124327e-11,2.245067344347568e-13
-2.437,-1.4329666310380316e-11,2.1134465486340323e-13
-2.436,-1.4508942130534788e-11,1.9780609225470793e-13
-2.435,-1.4690443350898042e-11,1.8388353937898445e-13
-2.434,-1.4874197335393985e-11,1.695693583455225e-13
-2.433,-1.5060231780495626e-11,1.5485577848861428e-13
-2.432,-1.5248574719206772e-11,1.3973489422093512e-13
-2.431,-1.54392545250905e-11,1.2419866285379006e-13
-2.43,-1.5632299916344913e-11,1.0823890238373235e-13
-2.429,-1.5827739959926698e-11,9.184728924505099e-14
-2.428,-1.6025604075723122e-11,7.501535602761896e-14
-2.427,-1.622592204077288e-11,5.773448915958471e-14
-2.426,-1.6428723993536487e-11,3.9995926554383166e-14
-2.425,-1.663404043821669e-11,2.1790755221534222e-14
-2.424,-1.6841902249129523e-11,3.109908840689228e-15
-2.423,-1.7052340675126542e-11,-1.605583470162187e-14
-2.422,-1.7265387344068857e-11,-3.571585581309815e-14
-2.421,-1.748107426735352e-11,-5.587969573519341e-14
-2.42,-1.769943384449291e-11,-7.655705912163154e-14
-2.419,-1.7920498867747654e-11,-9.775781665649148e-14
-2.418,-1.814430252681375e-11,-1.1949200771244985e-13
-2.417,-1.83708784135645e-11,-1.4176984304977838e-13
-2.416,-1.860026052684781e-11,-1.6460170755670124e-13
-2.415,-1.8832483277339607e-11,-1.879981630317267e-13
-2.414,-1.906758149245389e-11,-2.1196995100857616e-13
-2.413,-1.9305590421310147e-11,-2.365279956243429e-13
-2.412,-1.95465457397587e-11,-2.6168340653152126e-13
-2.411,-1.9790483555464746e-11,-2.874474818545577e-13
-2.41,-2.0037440413051658e-11,-3.138317111915831e-13
-2.409,-2.0287453299304285e-11,-3.408477786619957e-13
-2.408,-2.0540559648432864e-11,-3.685075660005748e-13
-2.407,-2.079679734739833e-11,-3.968231556988131e-13
-2.406,-2.1056204741299593e-11,-4.2580683419416745e-13
-2.405,-2.13188206388236e-11,-4.554710951079369e-13
-2.404,-2.1584684317758816e-11,-4.858286425324878e-13
-2.403,-2.185383553057285e-11,-5.168923943685536e-13
-2.402,-2.2126314510055e-11,-5.486754857133539e-13
-2.401,-2.2402161975024392e-11,-5.811912723002783e-13
-2.4,-2.2681419136104454e-11,-6.144533339909016e-13
-2.399,-2.2964127701564546e-11,-6.484754783200996e-13
-2.398,-2.325032988322939e-11,-6.83271744095052e-13
-2.397,-2.3540068402457183e-11,-7.188564050489251e-13
-2.396,-2.3833386496187043e-11,-7.552439735500438e-13
-2.395,-2.4130327923056687e-11,-7.924492043673681e-13
-2.394,-2.4430936969591042e-11,-8.304870984931072e-13
-2.393,-2.4735258456462637e-11,-8.693729070233102e-13
-2.392,-2.504333774482455e-11,-9.091221350972901e-13
-2.391,-2.535522074271676e-11,-9.497505458967457e-13
-2.39,-2.5670953911546674e-11,-9.912741647054619e-13
-2.389,-2.5990584272644737e-11,-1.0337092830304774e-12
-2.388,-2.6314159413895886e-11,-1.077072462785628e-12
-2.387,-2.664172749644776e-11,-1.1213805405383773e-12
-2.386,-2.697333726149649e-11,-1.1666506318208728e-12
-2.385,-2.7309038037150947e-11,-1.212900135506162e-12
-2.384,-2.764887974537634e-11,-1.260146738250536e-12
-2.383,-2.7992912909018023e-11,-1.3084084190029615e-12
-2.382,-2.8341188658906437e-11,-1.3577034535825965e-12
-2.381,-2.8693758741044054e-11,-1.40805041932538e-12
-2.38,-2.9050675523875306e-11,-1.4594681998007143e-12
-2.379,-2.941199200564033e-11,-1.511975989599268e-12
-2.378,-2.977776182181357e-11,-1.5655932991929396e-12
-2.377,-3.014803925262807e-11,-1.6203399598680419e-12
-2.376,-3.0522879230686504e-11,-1.67623612873278e-12
-2.375,-3.090233734865991e-11,-1.7333022938001097e-12
-2.374,-3.128646986707495e-11,-1.7915592791470808e-12
-2.373,-3.167533372219096e-11,-1.8510282501517863e-12
-2.372,-3.206898653396745e-11,-1.9117307188090523e-12
-2.371,-3.246748661412341e-11,-1.973688549126018e-12
-2.37,-3.2870892974289123e-11,-2.0369239625987795e-12
-2.369,-3.327926533425172e-11,-2.1014595437712774e-12
-2.368,-3.369266413029546e-11,-2.1673182458776346e-12
-2.367,-3.411115052363774e-11,-2.234523396569158e-12
-2.366,-3.453478640896193e-11,-2.3030987037272478e-12
-2.365,-3.496363442304816e-11,-2.373068261363462e-12
-2.364,-3.539775795350299e-11,-2.444456555608013e-12
-2.363,-3.583722114758924e-11,-2.517288470787986e-12
-2.362,-3.628208892115697e-11,-2.591589295596581e-12
-2.361,-3.6732426967676726e-11,-2.667384729354723e-12
-2.36,-3.7188301767376254e-11,-2.7447008883663617e-12
-2.359,-3.7649780596481745e-11,-2.823564312368853e-12
-2.358,-3.811693153656483e-11,-2.904001971079784e-12
-2.357,-3.858982348399643e-11,-2.9860412708416657e-12
-2.356,-3.9068526159508665e-11,-3.0697100613659013e-12
-2.355,-3.955311011786602e-11,-3.1550366425774894e-12
-2.354,-4.0043646757646966e-11,-3.2420497715619173e-12
-2.353,-4.054020833113721e-11,-3.330778669615737e-12
-2.352,-4.104286795433586e-11,-3.42125302940233e-12
-2.351,-4.15516996170757e-11,-3.513503022214387e-12
-2.35,-4.2066778193258877e-11,-3.607559305344659e-12
-2.349,-4.2588179451209143e-11,-3.703453029566549e-12
-2.348,-4.311598006414212e-11,-3.801215846726137e-12
-2.347,-4.3650257620754685e-11,-3.900879917447264e-12
-2.346,-4.4191090635934937e-11,-4.002477918951311e-12
-2.345,-4.473855856159393e-11,-4.106043052993331e-12
-2.344,-4.5292741797620595e-11,-4.211609053916236e-12
-2.343,-4.58537217029612e-11,-4.319210196824741e-12
-2.342,-4.642158060682458e-11,-4.428881305880802e-12
-2.341,-4.69964018200147e-11,-4.540657762722307e-12
-2.34,-4.7578269646391754e-11,-4.654575515006818e-12
-2.339,-4.816726939446334e-11,-4.770671085082152e-12
-2.338,-4.876348738910704e-11,-4.888981578785666e-12
-2.337,-4.936701098342584e-11,-5.009544694374079e-12
-2.336,-4.997792857073792e-11,-5.132398731585751e-12
-2.335,-5.0596329596702134e-11,-5.2575826008372984e-12
-2.334,-5.122230457158074e-11,-5.385135832556533e-12
-2.333,-5.18559450826409e-11,-5.51509858665365e-12
-2.332,-5.2497343806696335e-11,-5.647511662132697e-12
-2.331,-5.314659452279075e-11,-5.782416506845333e-12
-2.33,-5.380379212502454e-11,-5.919855227388938e-12
-2.329,-5.4469032635526306e-11,-6.059870599151161e-12
-2.328,-5.5142413217570764e-11,-6.202506076503007e-12
-2.327,-5.58240321888446e-11,-6.347805803142629e-12
-2.326,-5.651398903486189e-11,-6.495814622591973e-12
-2.325,-5.721238442253073e-11,-6.646578088848505e-12
-2.324,-5.791932021387258e-11,-6.8001424771942314e-12
-2.323,-5.863489947989616e-11,-6.9565547951643056e-12
-2.322,-5.935922651462734e-11,-7.115862793677499e-12
-2.321,-6.009240684929685e-11,-7.27811497833088e-12
-2.32,-6.083454726668755e-11,-7.443360620861057e-12
-2.319,-6.158575581564266e-11,-7.611649770774404e-12
-2.318,-6.23461418257372e-11,-7.783033267148655e-12
-2.317,-6.311581592211376e-11,-7.9575627506084e-12
-2.316,-6.389489004048498e-11,-8.135290675476915e-12
-2.315,-6.468347744230398e-11,-8.316270322106911e-12
-2.314,-6.5481692730105e-11,-8.500555809392758e-12
-2.313,-6.62896518630156e-11,-8.688202107466771e-12
-2.312,-6.710747217244275e-11,-8.879265050582241e-12
-2.311,-6.793527237793418e-11,-9.073801350185873e-12
-2.31,-6.877317260321726e-11,-9.27186860818233e-12
-2.309,-6.962129439241699e-11,-9.47352533039369e-12
-2.308,-7.047976072645525e-11,-9.67883094021656e-12
-2.307,-7.134869603963298e-11,-9.887845792479721e-12
-2.306,-7.222822623639751e-11,-1.0100631187505169e-11
-2.305,-7.31184787082968e-11,-1.0317249385375439e-11
-2.304,-7.401958235112255e-11,-1.0537763620410232e-11
-2.303,-7.493166758224448e-11,-1.0762238115855273e-11
-2.302,-7.58548663581373e-11,-1.0990738098786497e-11
-2.301,-7.678931219210293e-11,-1.1223329815232603e-11
-2.3,-7.773514017218965e-11,-1.146008054551914e-11
-2.299,-7.86924869793104e-11,-1.1701058619837262e-11
-2.298,-7.96614909055624e-11,-1.1946333434040404e-11
-2.297,-8.06422918727501e-11,-1.2195975465672084e-11
-2.296,-8.163503145111353e-11,-1.2450056290228202e-11
-2.295,-8.263985287826443e-11,-1.2708648597657134e-11
-2.294,-8.365690107833222e-11,-1.2971826209101054e-11
-2.293,-8.468632268132187e-11,-1.3239664093881907e-11
-2.292,-8.57282660426862e-11,-1.3512238386735545e-11
-2.291,-8.678288126311451e-11,-1.378962640529756e-11
-2.29,-8.785032020854018e-11,-1.4071906667844402e-11
-2.289,-8.893073653036913e-11,-1.435915891129345e-11
-2.288,-9.002428568593165e-11,-1.465146410946569e-11
-2.287,-9.113112495916014e-11,-1.4948904491614788e-11
-2.286,-9.225141348149453e-11,-1.5251563561226313e-11
-2.285,-9.338531225301844e-11,-1.555952611509102e-11
-2.284,-9.45329841638279e-11,-1.587287826265602e-11
-2.283,-9.569459401563548e-11,-1.6191707445657873e-11
-2.282,-9.68703085436119e-11,-1.651610245804157e-11
-2.281,-9.806029643846788e-11,-1.6846153466169474e-11
-2.28,-9.926472836877863e-11,-1.7181952029324404e-11
-2.279,-1.0048377700355327e-10,-1.7523591120510955e-11
-2.278,-1.0171761703505218e-10,-1.7871165147559398e-11
-2.277,-1.0296642520185425e-10,-1.822476997453636e-11
-2.276,-1.042303803121772e-10,-1.8584502943466755e-11
-2.275,-1.0550966326745304e-10,-1.8950462896371277e-11
-2.274,-1.0680445708616173e-10,-1.9322750197624052e-11
-2.273,-1.0811494692792541e-10,-1.9701466756634886e-11
-2.272,-1.0944132011786596e-10,-2.0086716050860825e-11
-2.271,-1.107837661712287e-10,-2.0478603149151603e-11
-2.27,-1.1214247681827472e-10,-2.0877234735433803e-11
-2.269,-1.1351764602944484e-10,-2.128271913273849e-11
-2.268,-1.1490947004079779e-10,-2.1695166327577172e-11
-2.267,-1.1631814737972552e-10,-2.2114687994671093e-11
-2.266,-1.1774387889094833e-10,-2.2541397522038802e-11
-2.265,-1.19186867762793e-10,-2.297541003644712e-11
-2.264,-1.2064731955375611e-10,-2.341684242923062e-11
-2.263,-1.2212544221935658e-10,-2.386581338248487e-11
-2.262,-1.2362144613927887e-10,-2.4322443395638724e-11
-2.261,-1.2513554414481134e-10,-2.4786854812410995e-11
-2.26,-1.266679515465815e-10,-2.525917184815702e-11
-2.259,-1.28218886162592e-10,-2.5739520617610557e-11
-2.258,-1.2978856834655972e-10,-2.6228029163026658e-11
-2.257,-1.3137722101656184e-10,-2.6724827482731164e-11
-2.256,-1.3298506968399096e-10,-2.723004756008259e-11
-2.255,-1.346123424828234e-10,-2.7743823392852212e-11
-2.254,-1.3625927019920301e-10,-2.8266291023028247e-11
-2.253,-1.379260863013442e-10,-2.8797588567050188e-11
-2.252,-1.3961302696975713e-10,-2.933785624647927e-11
-2.251,-1.4132033112779822e-10,-2.9887236419111304e-11
-2.25,-1.430482404725495e-10,-3.0445873610538105e-11
-2.249,-1.4479699950602992e-10,-3.101391454616378e-11
-2.248,-1.4656685556674194e-10,-3.1591508183682404e-11
-2.247,-1.4835805886155658e-10,-3.2178805746023474e-11
-2.246,-1.501708624979407e-10,-3.277596075477186e-11
-2.245,-1.5200552251652948e-10,-3.3383129064068805e-11
-2.244,-1.5386229792404783e-10,-3.400046889500085e-11
-2.243,-1.5574145072658394e-10,-3.462814087048355e-11
-2.242,-1.5764324596321873e-10,-3.526630805064686e-11
-2.241,-1.5956795174001435e-10,-3.591513596872941e-11
-2.24,-1.6151583926436567e-10,-3.6574792667488636e-11
-2.239,-1.6348718287971807e-10,-3.7245448736134235e-11
-2.238,-1.6548226010065516e-10,-3.7927277347792124e-11
-2.237,-1.6750135164836006e-10,-3.8620454297506456e-11
-2.236,-1.6954474148645425e-10,-3.932515804078728e-11
-2.235,-1.7161271685721684e-10,-4.004156973271141e-11
-2.234,-1.737055683181891e-10,-4.076987326758441e-11
-2.233,-1.7582358977916698e-10,-4.151025531917144e-11
-2.232,-1.779670785395861e-10,-4.2262905381505077e-11
-2.231,-1.801363353263027e-10,-4.3028015810278104e-11
-2.23,-1.8233166433177432e-10,-4.380578186482958e-11
-2.229,-1.8455337325264466e-10,-4.459640175073239e-11
-2.228,-1.8680177332873553e-10,-4.540007666299086e-11
-2.227,-1.8907717938245093e-10,-4.6217010829856874e-11
-2.226,-1.9137990985859632e-10,-4.7047411557273194e-11
-2.225,-1.9371028686461774e-10,-4.789148927395281e-11
-2.224,-1.9606863621126445e-10,-4.874945757710323e-11
-2.223,-1.984552874536792e-10,-4.9621533278804636e-11
-2.222,-2.0087057393292037e-10,-5.0507936453051235e-11
-2.221,-2.0331483281791996e-10,-5.1408890483464985e-11
-2.22,-2.0578840514788182e-10,-5.2324622111691057e-11
-2.219,-2.0829163587512393e-10,-5.325536148648475e-11
-2.218,-2.1082487390836936e-10,-5.42013422134993e-11
-2.217,-2.1338847215648998e-10,-5.51628014057846e-11
-2.216,-2.1598278757270713e-10,-5.6139979735006623e-11
-2.215,-2.1860818119925391e-10,-5.7133121483397674e-11
-2.214,-2.2126501821250297e-10,-5.8142474596447705e-11
-2.213,-2.2395366796856461e-10,-5.916829073634697e-11
-2.212,-2.2667450404935944e-10,-6.021082533619065e-11
-2.211,-2.2942790430917014e-10,-6.127033765495585e-11
-2.21,-2.3221425092167651e-10,-6.234709083326208e-11
-2.209,-2.3503393042747903e-10,-6.344135194992578e-11
-2.208,-2.3788733378211444e-10,-6.45533920793203e-11
-2.207,-2.407748564045693e-10,-6.568348634955236e-11
-2.206,-2.436968982262946e-10,-6.683191400146633e-11
-2.205,-2.4665386374072745e-10,-6.79989584484882e-11
-2.204,-2.49646162053324e-10,-6.918490733732046e-11
-2.203,-2.526742069321076e-10,-7.039005260950017e-11
-2.202,-2.557384168587387e-10,-7.161469056383197e-11
-2.201,-2.5883921508010937e-10,-7.285912191970827e-11
-2.2,-2.6197702966046864e-10,-7.412365188132913e-11
-2.199,-2.6515229353408303e-10,-7.54085902028341e-11
-2.198,-2.683654445584367e-10,-7.671425125435879e-11
-2.197,-2.716169255679776e-10,-7.804095408902923e-11
-2.196,-2.749071844284124e-10,-7.93890225109067e-11
-2.195,-2.782366740915575e-10,-8.075878514389652e-11
-2.194,-2.816058526507494e-10,-8.215057550163412e-11
-2.193,-2.8501518339682054e-10,-8.356473205836182e-11
-2.192,-2.8846513487464546e-10,-8.500159832081038e-11
-2.191,-2.9195618094026177e-10,-8.646152290109892e-11
-2.19,-2.9548880081857226e-10,-8.794485959066767e-11
-2.189,-2.990634791616324e-10,-8.945196743525749e-11
-2.188,-3.02680706107529e-10,-9.098321081095124e-11
-2.187,-3.0634097733985516e-10,-9.253895950129106e-11
-2.186,-3.100447941477866e-10,-9.411958877548705e-11
-2.185,-3.13792663486765e-10,-9.57254794677321e-11
-2.184,-3.175850980397938e-10,-9.735701805763842e-11
-2.183,-3.2142261627935143e-10,-9.901459675181109e-11
-2.182,-3.2530574252992796e-10,-1.0069861356657465e-10
-2.181,-3.2923500703119025e-10,-1.0240947241186847e-10
-2.18,-3.332109460017811e-10,-1.0414758317632711e-10
-2.179,-3.372341017037586e-10,-1.0591336181356215e-10
-2.178,-3.4130502250767995e-10,-1.0770723042966205e-10
-2.177,-3.45424262958337e-10,-1.0952961737192689e-10
-2.176,-3.495923838411479e-10,-1.1138095731885503e-10
-2.175,-3.538099522492108e-10,-1.1326169137139903e-10
-2.174,-3.5807754165102605e-10,-1.1517226714550842e-10
-2.173,-3.6239573195889135e-10,-1.1711313886597692e-10
-2.172,-3.667651095979769e-10,-1.1908476746161229e-10
-2.171,-3.7118626757608563e-10,-1.2108762066174699e-10
-2.17,-3.756598055541045e-10,-1.2312217309410815e-10
-2.169,-3.8018632991715274e-10,-1.2518890638406568e-10
-2.168,-3.847664538464331e-10,-1.272883092552774e-10
-2.167,-3.894007973917918e-10,-1.2942087763175052e-10
-2.166,-3.9408998754499333e-10,-1.31587114741339e-10
-2.165,-3.9883465831371595e-10,-1.337875312206966e-10
-2.164,-4.0363545079627416e-10,-1.3602264522170558e-10
-2.163,-4.0849301325707383e-10,-1.382929825194014e-10
-2.162,-4.1340800120280654e-10,-1.4059907662141423e-10
-2.161,-4.183810774593888e-10,-1.4294146887894766e-10
-2.16,-4.234129122496526e-10,-1.453207085993163e-10
-2.159,-4.285041832717934e-10,-1.4773735316006347e-10
-2.158,-4.336555757785818e-10,-1.5019196812468044e-10
-2.157,-4.388677826573447e-10,-1.5268512735994995e-10
-2.156,-4.4414150451072325e-10,-1.5521741315493543e-10
-2.155,-4.4947744973821264e-10,-1.5778941634163937e-10
-2.154,-4.5487633461849075e-10,-1.604017364173532e-10
-2.153,-4.603388833925423e-10,-1.6305498166872204e-10
-2.152,-4.65865828347584e-10,-1.6574976929754815e-10
-2.151,-4.714579099017976e-10,-1.684867255483564e-10
-2.15,-4.771158766898773e-10,-1.7126648583774663e-10
-2.149,-4.828404856493985e-10,-1.7408969488555657e-10
-2.148,-4.886325021080127e-10,-1.769570068478609e-10
-2.147,-4.944926998714766e-10,-1.798690854518313e-10
-2.146,-5.004218613125219e-10,-1.8282660413248286e-10
-2.145,-5.064207774605716e-10,-1.858302461713329e-10
-2.144,-5.124902480923086e-10,-1.8888070483699838e-10
-2.143,-5.186310818231063e-10,-1.9197868352775836e-10
-2.142,-5.248440961993244e-10,-1.9512489591610825e-10
-2.141,-5.311301177914774e-10,-1.9832006609533367e-10
-2.14,-5.374899822882848e-10,-2.015649287281308e-10
-2.139,-5.439245345916064e-10,-2.0486022919730173e-10
-2.138,-5.504346289122706e-10,-2.0820672375855295e-10
-2.137,-5.57021128866804e-10,-2.1160517969542588e-10
-2.136,-5.636849075750663e-10,-2.1505637547638837e-10
-2.135,-5.704268477587994e-10,-2.1856110091411684e-10
-2.134,-5.772478418410963e-10,-2.2212015732699888e-10
-2.133,-5.841487920467971e-10,-2.2573435770288675e-10
-2.132,-5.911306105038185e-10,-2.2940452686513227e-10
-2.131,-5.981942193454238e-10,-2.3313150164093444e-10
-2.13,-6.053405508134409e-10,-2.369161310320313e-10
-2.129,-6.125705473624332e-10,-2.4075927638776777e-10
-2.128,-6.198851617648329e-10,-2.4466181158057223e-10
-2.127,-6.272853572170407e-10,-2.4862462318387424e-10
-2.126,-6.347721074465014e-10,-2.5264861065249714e-10
-2.125,-6.423463968197602e-10,-2.567346865055585e-10
-2.124,-6.500092204515077e-10,-2.6088377651191364e-10
-2.123,-6.577615843146206e-10,-2.650968198781755e-10
-2.122,-6.656045053512035e-10,-2.693747694393474e-10
-2.121,-6.735390115846405e-10,-2.737185918521024e-10
-2.12,-6.815661422326629e-10,-2.7812926779074757e-10
-2.119,-6.896869478214383e-10,-2.826077921459071e-10
-2.118,-6.979024903006916e-10,-2.8715517422596345e-10
-2.117,-7.062138431598599e-10,-2.917724379612925e-10
-2.116,-7.146220915452931e-10,-2.964606221113311e-10
-2.115,-7.231283323785032e-10,-3.0122078047451617e-10
-2.114,-7.317336744754715e-10,-3.060539821011327e-10
-2.113,-7.404392386670194e-10,-3.1096131150911216e-10
-2.112,-7.492461579202502e-10,-3.159438689028193e-10
-2.111,-7.581555774610685e-10,-3.2100277039486967e-10
-2.11,-7.671686548977839e-10,-3.2613914823101735e-10
-2.109,-7.762865603458065e-10,-3.31354151018156e-10
-2.108,-7.855104765534394e-10,-3.366489439554739e-10
-2.107,-7.948415990287772e-10,-3.420247090688069e-10
-2.106,-8.042811361677153e-10,-3.474826454482323e-10
-2.105,-8.138303093830782e-10,-3.5302396948894635e-10
-2.104,-8.234903532348718e-10,-3.5864991513547205e-10
-2.103,-8.332625155616684e-10,-3.643617341292402e-10
-2.102,-8.431480576131296e-10,-3.7016069625959014e-10
-2.101,-8.531482541836744e-10,-3.7604808961823664e-10
-2.1,-8.632643937472986e-10,-3.8202522085724954e-10
-2.099,-8.734977785935529e-10,-3.880934154505931e-10
-2.098,-8.838497249646855e-10,-3.942540179592743e-10
-2.097,-8.943215631939551e-10,-4.005083923001473e-10
-2.096,-9.04914637845123e-10,-4.068579220184247e-10
-2.095,-9.156303078531286e-10,-4.13304010563945e-10
-2.094,-9.264699466659554e-10,-4.19848081571247e-10
-2.093,-9.374349423876933e-10,-4.2649157914350204e-10
-2.092,-9.485266979228047e-10,-4.3323596814035734e-10
-2.091,-9.597466311216009e-10,-4.400827344697416e-10
-2.09,-9.710961749269305e-10,-4.470333853836869e-10
-2.089,-9.825767775220939e-10,-4.540894497782215e-10
-2.088,-9.941899024799828e-10,-4.612524784973874e-10
-2.087,-1.0059370289134533e-9,-4.685240446414386e-10
-2.086,-1.0178196516269402e-9,-4.759057438792764e-10
-2.085,-1.0298392812693156e-9,-4.833991947651786e-10
-2.084,-1.0419974444879992e-9,-4.9100603905988e-10
-2.083,-1.0542956840843262e-9,-4.987279420560633e-10
-2.082,-1.0667355591701768e-9,-5.065665929083193e-10
-2.081,-1.079318645325875e-9,-5.145237049676358e-10
-2.08,-1.092046534759361e-9,-5.226010161204778e-10
-2.079,-1.1049208364666434e-9,-5.308002891325179e-10
-2.078,-1.1179431763935333e-9,-5.391233119970826e-10
-2.077,-1.131115197598673e-9,-5.475718982883739e-10
-2.076,-1.1444385604178544e-9,-5.561478875195341e-10
-2.075,-1.157914942629642e-9,-5.648531455056157e-10
-2.074,-1.1715460396222976e-9,-5.736895647315238e-10
-2.073,-1.1853335645620159e-9,-5.826590647249971e-10
-2.072,-1.1992792485624753e-9,-5.917635924346943e-10
-2.071,-1.213384840855707e-9,-6.010051226134557e-10
-2.07,-1.227652108964288e-9,-6.10385658206808e-10
-2.069,-1.242082838874862e-9,-6.199072307467825e-10
-2.068,-1.2566788352129923e-9,-6.295719007511188e-10
-2.067,-1.2714419214193522e-9,-6.393817581279244e-10
-2.066,-1.286373939927254e-9,-6.493389225858644e-10
-2.065,-1.3014767523415245e-9,-6.594455440499549e-10
-2.064,-1.3167522396187265e-9,-6.697038030830336e-10
-2.063,-1.3322023022487318e-9,-6.801159113129863e-10
-2.062,-1.3478288604376513e-9,-6.906841118658022e-10
-2.061,-1.363633854292121e-9,-7.014106798045392e-10
-2.06,-1.3796192440049498e-9,-7.122979225742761e-10
-2.059,-1.3957870100421326e-9,-7.233481804531322e-10
-2.058,-1.4121391533312288e-9,-7.345638270094343e-10
-2.057,-1.4286776954511113e-9,-7.459472695651146e-10
-2.056,-1.4454046788230876e-9,-7.575009496654203e-10
-2.055,-1.4623221669033943e-9,-7.692273435550211e-10
-2.054,-1.479432244377068e-9,-7.811289626605979e-10
-2.053,-1.4967370173531952e-9,-7.932083540799999e-10
-2.052,-1.5142386135615398e-9,-8.054681010780575e-10
-2.051,-1.5319391825505538e-9,-8.179108235891385e-10
-2.05,-1.5498408958867685e-9,-8.305391787265386e-10
-2.049,-1.5679459473555703e-9,-8.433558612987954e-10
-2.048,-1.586256553163359e-9,-8.563636043330192e-10
-2.047,-1.6047749521410925e-9,-8.695651796053329e-10
-2.046,-1.6235034059492133e-9,-8.829633981785152e-10
-2.045,-1.6424441992839632e-9,-8.965611109469439e-10
-2.044,-1.6615996400850794e-9,-9.103612091889339e-10
-2.043,-1.6809720597448773e-9,-9.2436662512657e-10
-2.042,-1.7005638133187142e-9,-9.385803324931326e-10
-2.041,-1.7203772797368367e-9,-9.53005347108217e-10
-2.04,-1.7404148620176092e-9,-9.67644727460649e-10
-2.039,-1.7606789874821197e-9,-9.82501575299297e-10
-2.038,-1.781172107970166e-9,-9.975790362318917e-10
-2.037,-1.8018967000576147e-9,-1.0128803003319492e-9
-2.036,-1.8228552652751337e-9,-1.028408602753915e-9
-2.035,-1.8440503303282946e-9,-1.0441672243566306e-9
-2.034,-1.8654844473190425e-9,-1.0601594923352345e-9
-2.033,-1.8871601939685265e-9,-1.0763887808616101e-9
-2.032,-1.9090801738412935e-9,-1.092858511733493e-9
-2.031,-1.931247016570832e-9,-1.1095721550323493e-9
-2.03,-1.953663378086472e-9,-1.1265332297901448e-9
-2.029,-1.9763319408416264e-9,-1.1437453046651192e-9
-2.028,-1.999255414043373e-9,-1.1612119986266841e-9
-2.027,-2.0224365338833743e-9,-1.1789369816495676e-9
-2.026,-2.045878063770122e-9,-1.1969239754173243e-9
-2.025,-2.0695827945625054e-9,-1.2151767540353342e-9
-2.024,-2.093553544804694e-9,-1.233699144753419e-9
-2.023,-2.1177931609623287e-9,-1.2524950286981957e-9
-2.022,-2.1423045176600105e-9,-1.2715683416153034e-9
-2.021,-2.1670905179200846e-9,-1.2909230746216255e-9
-2.02,-2.192154093402703e-9,-1.310563274967644e-9
-2.019,-2.2174982046471636e-9,-1.3304930468100565e-9
-2.018,-2.2431258413145124e-9,-1.3507165519947907e-9
-2.017,-2.269040022431399e-9,-1.3712380108505546e-9
-2.016,-2.2952437966351744e-9,-1.3920617029930575e-9
-2.015,-2.3217402424202247e-9,-1.4131919681400441e-9
-2.014,-2.3485324683855184e-9,-1.4346332069372828e-9
-2.013,-2.375623613483367e-9,-1.456389881795652e-9
-2.012,-2.4030168472693784e-9,-1.4784665177394682e-9
-2.011,-2.4307153701535916e-9,-1.500867703266205e-9
-2.01,-2.4587224136527797e-9,-1.5235980912177517e-9
-2.009,-2.4870412406439058e-9,-1.5466623996633595e-9
-2.008,-2.515675145618716e-9,-1.5700654127944334e-9
-2.007,-2.5446274549394575e-9,-1.5938119818313206e-9
-2.006,-2.5739015270956956e-9,-1.617907025942252e-9
-2.005,-2.603500752962228e-9,-1.6423555331745978e-9
-2.004,-2.633428556058062e-9,-1.6671625613985977e-9
-2.003,-2.6636883928064505e-9,-1.692333239263725e-9
-2.002,-2.6942837527959547e-9,-1.7178727671678536e-9
-2.001,-2.7252181590425268e-9,-1.7437864182393934e-9
-2.0,-2.7564951682525796e-9,-1.7700795393325608e-9
-1.999,-2.7881183710870324e-9,-1.796757552035959e-9
-1.998,-2.8200913924263033e-9,-1.8238259536946393e-9
-1.997,-2.8524178916362293e-9,-1.8512903184458175e-9
-1.996,-2.885101562834889e-9,-1.879156298268428e-9
-1.995,-2.918146135160304e-9,-1.907429624046689e-9
-1.994,-2.951555373038995e-9,-1.9361161066478646e-9
-1.993,-2.985333076455363e-9,-1.9652216380144094e-9
-1.992,-3.0194830812218703e-9,-1.9947521922706794e-9
-1.991,-3.054009259249999e-9,-2.024713826844399e-9
-1.99,-3.0889155188219455e-9,-2.0551126836030775e-9
-1.989,-3.124205804863037e-9,-2.0859549900055648e-9
-1.988,-3.159884099214824e-9,-2.1172470602689487e-9
-1.987,-3.1959544209088334e-9,-2.148995296550986e-9
-1.986,-3.232420826440931e-9,-2.181206190148275e-9
-1.985,-3.2692874100462793e-9,-2.213886322710364e-9
-1.984,-3.3065583039748403e-9,-2.247042367470014e-9
-1.983,-3.344237678767399e-9,-2.2806810904898168e-9
-1.982,-3.3823297435320615e-9,-2.3148093519253766e-9
-1.981,-3.4208387462211982e-9,-2.349434107305281e-9
-1.98,-3.459768973908789e-9,-2.384562408828066e-9
-1.979,-3.4991247530681304e-9,-2.4202014066764022e-9
-1.978,-3.538910449849865e-9,-2.4563583503487206e-9
-1.977,-3.579130470360292e-9,-2.4930405900085037e-9
-1.976,-3.6197892609399096e-9,-2.5302555778514712e-9
-1.975,-3.660891308442155e-9,-2.5680108694908907e-9
-1.974,-3.7024411405122845e-9,-2.606314125361241e-9
-1.973,-3.744443325866354e-9,-2.645173112140475e-9
-1.972,-3.786902474570249e-9,-2.684595704191112e-9
-1.971,-3.829823238318718e-9,-2.724589885020406e-9
-1.97,-3.873210310714347e-9,-2.7651637487598354e-9
-1.969,-3.917068427546439e-9,-2.806325501664159e-9
-1.968,-3.961402367069729e-9,-2.848083463630295e-9
-1.967,-4.0062169502828926e-9,-2.8904460697362726e-9
-1.966,-4.051517041206778e-9,-2.9334218718005135e-9
-1.965,-4.097307547162311e-9,-2.977019539961712e-9
-1.964,-4.143593419048024e-9,-3.0212478642795658e-9
-1.963,-4.190379651617111e-9,-3.0661157563566337e-9
-1.962,-4.237671283753996e-9,-3.111632250981586e-9
-1.961,-4.285473398750309e-9,-3.157806507794126e-9
-1.96,-4.333791124580225e-9,-3.2046478129718528e-9
-1.959,-4.382629634175084e-9,-3.252165580939353e-9
-1.958,-4.431994145697244e-9,-3.3003693560998028e-9
-1.957,-4.4818899228130686e-9,-3.3492688145893645e-9
-1.956,-4.532322274964994e-9,-3.398873766054675e-9
-1.955,-4.5832965576425994e-9,-3.4491941554537153e-9
-1.954,-4.6348181726525964e-9,-3.5002400648803633e-9
-1.953,-4.68689256838766e-9,-3.552021715412928e-9
-1.952,-4.739525240094028e-9,-3.6045494689869745e-9
-1.951,-4.792721730137783e-9,-3.6578338302927465e-9
-1.95,-4.846487628269723e-9,-3.711885448697499e-9
-1.949,-4.900828571888746e-9,-3.766715120193062e-9
-1.948,-4.95575024630366e-9,-3.822333789368951e-9
-1.947,-5.011258384993317e-9,-3.878752551411349e-9
-1.946,-5.067358769864986e-9,-3.9359826541283e-9
-1.945,-5.1240572315108665e-9,-3.994035500001425e-9
-1.944,-5.181359649462657e-9,-4.052922648264517e-9
-1.943,-5.239271952444052e-9,-4.112655817009352e-9
-1.942,-5.297800118621095e-9,-4.173246885319044e-9
-1.941,-5.356950175850266e-9,-4.234707895429322e-9
-1.94,-5.416728201924201e-9,-4.297051054918056e-9
-1.939,-5.477140324814934e-9,-4.3602887389234065e-9
-1.938,-5.53819272291455e-9,-4.424433492390946e-9
-1.937,-5.599891625273137e-9,-4.489498032350135e-9
-1.936,-5.662243311833917e-9,-4.555495250220507e-9
-1.935,-5.725254113665432e-9,-4.622438214147949e-9
-1.934,-5.78893041319068e-9,-4.6903401713714505e-9
-1.933,-5.85327864441305e-9,-4.75921455062071e-9
-1.932,-5.918305293138954e-9,-4.8290749645449856e-9
-1.931,-5.984016897197007e-9,-4.89993521217358e-9
-1.93,-6.050420046653632e-9,-4.971809281408367e-9
-1.929,-6.117521384024948e-9,-5.044711351548756e-9
-1.928,-6.185327604484803e-9,-5.1186557958495e-9
-1.927,-6.253845456068809e-9,-5.193657184111768e-9
-1.926,-6.323081739874237e-9,-5.269730285307893e-9
-1.925,-6.393043310255617e-9,-5.346890070240223e-9
-1.924,-6.463737075015898e-9,-5.425151714234499e-9
-1.923,-6.535169995593e-9,-5.504530599868194e-9
-1.922,-6.607349087241618e-9,-5.5850423197342525e-9
-1.921,-6.6802814192101006e-9,-5.666702679240673e-9
-1.92,-6.75397411491224e-9,-5.7495276994463856e-9
-1.919,-6.828434352093809e-9,-5.8335336199338655e-9
-1.918,-6.903669362993675e-9,-5.918736901718964e-9
-1.917,-6.979686434499294e-9,-6.005154230198398e-9
-1.916,-7.056492908296441e-9,-6.092802518135391e-9
-1.915,-7.134096181012947e-9,-6.18169890868392e-9
-1.914,-7.212503704356298e-9,-6.271860778452068e-9
-1.913,-7.291722985244874e-9,-6.3633057406049516e-9
-1.912,-7.371761585932647e-9,-6.456051648007742e-9
-1.911,-7.452627124127129e-9,-6.550116596409252e-9
-1.91,-7.534327273100376e-9,-6.645518927666602e-9
-1.909,-7.616869761792828e-9,-6.742277233011489e-9
-1.908,-7.700262374909783e-9,-6.84041035635856e-9
-1.907,-7.784512953010272e-9,-6.939937397656415e-9
-1.906,-7.86962939258814e-9,-7.040877716281773e-9
-1.905,-7.955619646145076e-9,-7.1432509344773375e-9
-1.904,-8.042491722255378e-9,-7.247076940833894e-9
-1.903,-8.130253685622223e-9,-7.3523758938172e-9
-1.902,-8.218913657125179e-9,-7.459168225340206e-9
-1.901,-8.308479813858741e-9,-7.567474644381188e-9
-1.9,-8.398960389161615e-9,-7.677316140648337e-9
-1.899,-8.490363672636518e-9,-7.788713988291402e-9
-1.898,-8.582698010160211e-9,-7.901689749660943e-9
-1.897,-8.675971803883516e-9,-8.016265279115806e-9
-1.896,-8.770193512221038e-9,-8.13246272687939e-9
-1.895,-8.86537164983032e-9,-8.25030454294533e-9
-1.894,-8.961514787580135e-9,-8.369813481033194e-9
-1.893,-9.058631552507652e-9,-8.491012602594793e-9
-1.892,-9.156730627764156e-9,-8.61392528087176e-9
-1.891,-9.255820752549035e-9,-8.738575205005005e-9
-1.89,-9.35591072203174e-9,-8.864986384196677e-9
-1.889,-9.457009387261375e-9,-8.993183151925305e-9
-1.888,-9.559125655063635e-9,-9.123190170214731e-9
-1.887,-9.662268487924742e-9,-9.255032433957542e-9
-1.886,-9.766446903862061e-9,-9.388735275293611e-9
-1.885,-9.871669976281059e-9,-9.52432436804448e-9
-1.884,-9.977946833818248e-9,-9.661825732204212e-9
-1.883,-1.0085286660169799e-8,-9.801265738487456e-9
-1.882,-1.019369869390542e-8,-9.94267111293537e-9
-1.881,-1.0303192228267168e-8,-1.008606894158015e-8
-1.88,-1.0413776610952837e-8,-1.0231486675168854e-8
-1.879,-1.0525461243883478e-8,-1.0378952133947259e-8
-1.878,-1.0638255582954755e-8,-1.0528493512504463e-8
-1.877,-1.0752169137771673e-8,-1.0680139384678999e-8
-1.876,-1.0867211471366305e-8,-1.0833918708527162e-8
-1.875,-1.0983392199898124e-8,-1.0989860831354369e-8
-1.874,-1.1100720992336488e-8,-1.1147995494810246e-8
-1.873,-1.1219207570124886e-8,-1.1308352840048278e-8
-1.872,-1.1338861706826502e-8,-1.1470963412950752e-8
-1.871,-1.1459693227750642e-8,-1.1635858169419823e-8
-1.87,-1.1581712009559605e-8,-1.1803068480735475e-8
-1.869,-1.1704927979855516e-8,-1.1972626138981196e-8
-1.868,-1.1829351116746664e-8,-1.21445633625382e-8
-1.867,-1.1954991448392864e-8,-1.2318912801648978e-8
-1.866,-1.2081859052529375e-8,-1.2495707544051071e-8
-1.865,-1.2209964055968868e-8,-1.2674981120681873e-8
-1.864,-1.2339316634080927e-8,-1.2856767511455319e-8
-1.863,-1.2469927010248622e-8,-1.3041101151111341e-8
-1.862,-1.2601805455301559e-8,-1.3228016935138958e-8
-1.861,-1.2734962286924952e-8,-1.3417550225773881e-8
-1.86,-1.2869407869044114e-8,-1.3609736858071518e-8
-1.859,-1.300515261118386e-8,-1.3804613146056312e-8
-1.858,-1.3142206967802217e-8,-1.4002215888948288e-8
-1.857,-1.3280581437597934e-8,-1.420258237746776e-8
-1.856,-1.3420286562791127e-8,-1.4405750400219128e-8
-1.855,-1.356133292837654e-8,-1.4611758250154695e-8
-1.854,-1.3703731161348762e-8,-1.482064473111947e-8
-1.853,-1.384749192989883e-8,-1.503244916447793e-8
-1.852,-1.3992625942581559e-8,-1.5247211395823696e-8
-1.851,-1.4139143947452962e-8,-1.5464971801773125e-8
-1.85,-1.4287056731177144e-8,-1.5685771296843823e-8
-1.849,-1.4436375118101954e-8,-1.590965134041906e-8
-1.848,-1.4587109969302769e-8,-1.6136653943799125e-8
-1.847,-1.4739272181593696e-8,-1.6366821677340676e-8
-1.846,-1.4892872686505503e-8,-1.660019767768505e-8
-1.845,-1.5047922449229567e-8,-1.6836825655076694e-8
-1.844,-1.5204432467527098e-8,-1.7076749900772685e-8
-1.843,-1.5362413770602942e-8,-1.732001529454446e-8
-1.842,-1.5521877417943154e-8,-1.756666731227287e-8
-1.841,-1.5682834498115617e-8,-1.781675203363758e-8
-1.84,-1.584529612753293e-8,-1.8070316149902005e-8
-1.839,-1.6009273449176737e-8,-1.832740697179487e-8
-1.838,-1.617477763128272e-8,-1.858807243748953e-8
-1.837,-1.6341819865985442e-8,-1.885236112068219e-8
-1.836,-1.6510411367922137e-8,-1.9120322238770212e-8
-1.835,-1.6680563372794713e-8,-1.9392005661131682e-8
-1.834,-1.6852287135888966e-8,-1.9667461917507354e-8
-1.833,-1.7025593930550233e-8,-1.9946742206486288e-8
-1.832,-1.7200495046614514e-8,-2.022989840409627e-8
-1.831,-1.7377001788794192e-8,-2.0516983072500325e-8
-1.83,-1.755512547501739e-8,-2.080804946880053e-8
-1.829,-1.7734877434720036e-8,-2.1103151553950355e-8
-1.828,-1.791626900708966e-8,-2.140234400177683e-8
-1.827,-1.809931153925995e-8,-2.1705682208113792e-8
-1.826,-1.828401638445508e-8,-2.2013222300047526e-8
-1.825,-1.8470394900082732e-8,-2.2325021145276043e-8
-1.824,-1.865845844577488e-8,-2.2641136361583417e-8
-1.823,-1.8848218381375173e-8,-2.2961626326430388e-8
-1.822,-1.9039686064871944e-8,-2.328655018666268e-8
-1.821,-1.923287285027567e-8,-2.3615967868338325e-8
-1.82,-1.942779008543984e-8,-2.3949940086675403e-8
-1.819,-1.9624449109824034e-8,-2.4288528356121568e-8
-1.818,-1.9822861252198158e-8,-2.4631795000546762e-8
-1.817,-2.002303782828655e-8,-2.4979803163560543e-8
-1.816,-2.022499013835088e-8,-2.5332616818955442e-8
-1.815,-2.0428729464710518e-8,-2.5690300781277803e-8
-1.814,-2.0634267069199277e-8,-2.6052920716527586e-8
-1.813,-2.084161419055713e-8,-2.6420543152988555e-8
-1.812,-2.1050782041755728e-8,-2.67932354921904e-8
-1.811,-2.1261781807256388e-8,-2.7171066020004258e-8
-1.81,-2.147462464019923e-8,-2.7554103917873174e-8
-1.809,-2.1689321659522113e-8,-2.7942419274179027e-8
-1.808,-2.190588394700802e-8,-2.833608309574748e-8
-1.807,-2.21243225442595e-8,-2.873516731949252e-8
-1.806,-2.2344648449598722e-8,-2.9139744824202173e-8
-1.805,-2.256687261489176e-8,-2.9549889442466967e-8
-1.804,-2.2791005942295587e-8,-2.9965675972752824e-8
-1.803,-2.3017059280926324e-8,-3.0387180191619907e-8
-1.802,-2.324504342344722e-8,-3.081447886608921e-8
-1.801,-2.347496910257483e-8,-3.12476497661584e-8
-1.8,-2.3706846987501793e-8,-3.1686771677468705e-8
-1.799,-2.394068768023467e-8,-3.2131924414124514e-8
-1.798,-2.417650171184516e-8,-3.2583188831667394e-8
-1.797,-2.441429953863312e-8,-3.304064684020622e-8
-1.796,-2.4654091538199606e-8,-3.350438141770526e-8
-1.795,-2.4895888005428347e-8,-3.397447662343187e-8
-1.794,-2.5139699148373824e-8,-3.445101761156569e-8
-1.793,-2.5385535084054246e-8,-3.493409064497103e-8
-1.792,-2.5633405834147606e-8,-3.542378310913433e-8
-1.791,-2.5883321320588978e-8,-3.592018352626857e-8
-1.79,-2.613529136106723e-8,-3.6423381569586326e-8
-1.789,-2.6389325664419265e-8,-3.693346807774356e-8
-1.788,-2.664543382591981e-8,-3.74505350694558e-8
-1.787,-2.6903625322464907e-8,-3.797467575828885e-8
-1.786,-2.7163909507646997e-8,-3.850598456762574e-8
-1.785,-2.7426295606719696e-8,-3.9044557145811975e-8
-1.784,-2.7690792711450136e-8,-3.959049038148109e-8
-1.783,-2.7957409774856785e-8,-4.0143882419062345e-8
-1.782,-2.8226155605830674e-8,-4.070483267447267e-8
-1.781,-2.849703886363782e-8,-4.1273441850994825e-8
-1.78,-2.877006805230068e-8,-4.18498119553439e-8
-1.779,-2.904525151485639e-8,-4.2434046313924025e-8
-1.778,-2.9322597427489542e-8,-4.302624958927758e-8
-1.777,-2.960211379353715e-8,-4.3626527796728834e-8
-1.776,-2.988380843736352e-8,-4.423498832122424e-8
-1.775,-3.016768899810256e-8,-4.4851739934371384e-8
-1.774,-3.0453762923265224e-8,-4.547689281167896e-8
-1.773,-3.0742037462209455e-8,-4.611055854999961e-8
-1.772,-3.103251965947031e-8,-4.675285018517819e-8
-1.771,-3.1325216347947596e-8,-4.740388220990742e-8
-1.77,-3.1620134141948406e-8,-4.806377059179317e-8
-1.769,-3.1917279430082084e-8,-4.8732632791631817e-8
-1.768,-3.221665836800474e-8,-4.941058778190165e-8
-1.767,-3.251827687101072e-8,-5.009775606547093e-8
-1.766,-3.2822140606468264e-8,-5.0794259694524656e-8
-1.765,-3.312825498609645e-8,-5.15002222897125e-8
-1.764,-3.3436625158080693e-8,-5.221576905952026e-8
-1.763,-3.374725599902374e-8,-5.294102681986715e-8
-1.762,-3.406015210572941e-8,-5.367612401393136e-8
-1.761,-3.437531778681582e-8,-5.44211907322063e-8
-1.76,-3.469275705415535e-8,-5.5176358732789927e-8
-1.759,-3.501247361413792e-8,-5.594176146190966e-8
-1.758,-3.53344708587547e-8,-5.67175340746853e-8
-1.757,-3.5658751856498916e-8,-5.7503813456132556e-8
-1.756,-3.598531934308047e-8,-5.830073824240953e-8
-1.755,-3.631417571195117e-8,-5.910844884230888e-8
-1.754,-3.664532300463713e-8,-5.99270874589981e-8
-1.753,-3.697876290087492e-8,-6.075679811201054e-8
-1.752,-3.7314496708548035e-8,-6.15977266594898e-8
-1.751,-3.765252535342011e-8,-6.245002082069004e-8
-1.75,-3.7992849368661326e-8,-6.331383019873495e-8
-1.749,-3.833546888416434e-8,-6.418930630363798e-8
-1.748,-3.8680383615646005e-8,-6.507660257558661e-8
-1.747,-3.9027592853531205e-8,-6.597587440849315e-8
-1.746,-3.9377095451614836e-8,-6.688727917381513e-8
-1.745,-3.972888981549822e-8,-6.78109762446478e-8
-1.744,-4.0082973890795815e-8,-6.874712702009151e-8
-1.743,-4.043934515110833e-8,-6.969589494989699e-8
-1.742,-4.079800058575814e-8,-7.065744555939108e-8
-1.741,-4.1158936687282816e-8,-7.163194647468587e-8
-1.74,-4.152214943868257e-8,-7.261956744817427e-8
-1.739,-4.188763430041736e-8,-7.362048038431452e-8
-1.738,-4.22553861971493e-8,-7.4634859365707e-8
-1.737,-4.2625399504225906e-8,-7.566288067946584e-8
-1.736,-4.299766803389971e-8,-7.670472284388865e-8
-1.735,-4.337218502127973e-8,-7.776056663542708e-8
-1.734,-4.3748943110010093e-8,-7.883059511596135e-8
-1.733,-4.4127934337671116e-8,-7.991499366038173e-8
-1.732,-4.450915012089803e-8,-8.101394998447998e-8
-1.731,-4.489258124021262e-8,-8.212765417315382e-8
-1.73,-4.5278217824562596e-8,-8.325629870892764e-8
-1.729,-4.566604933556393e-8,-8.440007850079225e-8
-1.728,-4.605606455144089e-8,-8.555919091336724e-8
-1.727,-4.644825155065862e-8,-8.673383579638862e-8
-1.726,-4.6842597695243087e-8,-8.792421551452529e-8
-1.725,-4.723908961378295e-8,-8.913053497752736e-8
-1.724,-4.763771318410795e-8,-9.035300167070952e-8
-1.723,-4.8038453515638273e-8,-9.159182568577278e-8
-1.722,-4.844129493139942e-8,-9.284721975196775e-8
-1.721,-4.884622094969666e-8,-9.411939926760286e-8
-1.72,-4.9253214265443476e-8,-9.54085823319006e-8
-1.719,-4.966225673113803e-8,-9.671498977720546e-8
-1.718,-5.007332933748169e-8,-9.803884520154642e-8
-1.717,-5.04864121936336e-8,-9.93803750015579e-8
-1.716,-5.0901484507095096e-8,-1.0073980840576203e-7
-1.715,-5.131852456321765e-8,-1.0211737750821617e-7
-1.714,-5.1737509704328174e-8,-1.0351331730252852e-7
-1.713,-5.215841630846502e-8,-1.0492786571624582e-7
-1.712,-5.258121976771823e-8,-1.0636126364561625e-7
-1.711,-5.300589446616739e-8,-1.0781375499073113e-7
-1.71,-5.343241375741027e-8,-1.0928558669104897e-7
-1.709,-5.38607499416754e-8,-1.1077700876130526e-7
-1.708,-5.429087424251162e-8,-1.1228827432781172e-7
-1.707,-5.472275678304755e-8,-1.1381963966514843e-7
-1.706,-5.5156366561813666e-8,-1.1537136423325248e-7
-1.705,-5.559167142811984e-8,-1.1694371071490678e-7
-1.704,-5.6028638056980775e-8,-1.1853694505363251e-7
-1.703,-5.646723192358188e-8,-1.2015133649198908e-7
-1.702,-5.690741727727792e-8,-1.2178715761028509e-7
-1.701,-5.7349157115116674e-8,-1.2344468436570375e-7
-1.7,-5.779241315487963e-8,-1.2512419613184724e-7
-1.699,-5.8237145807631824e-8,-1.268259757387026e-7
-1.698,-5.8683314149772615e-8,-1.2855030951303383e-7
-1.697,-5.913087589457909e-8,-1.302974873192034e-7
-1.696,-5.957978736323379e-8,-1.3206780260042715e-7
-1.695,-6.003000345532823e-8,-1.3386155242046641e-7
-1.694,-6.048147761883338e-8,-1.356790375057607e-7
-1.693,-6.09341618195287e-8,-1.3752056228800566e-7
-1.692,-6.138800650988025e-8,-1.3938643494717883e-7
-1.691,-6.184296059735943e-8,-1.4127696745501857e-7
-1.69,-6.22989714121927e-8,-1.431924756189585e-7
-1.689,-6.275598467453302e-8,-1.451332791265225e-7
-1.688,-6.321394446104379e-8,-1.4709970159018332e-7
-1.687,-6.367279317088521e-8,-1.490920705926894e-7
-1.686,-6.413247149109378e-8,-1.5111071773286303e-7
-1.685,-6.459291836134454e-8,-1.5315597867187445e-7
-1.684,-6.505407093808638e-8,-1.5522819317999543e-7
-1.683,-6.551586455803986e-8,-1.5732770518383638e-7
-1.682,-6.597823270104734e-8,-1.5945486281407087e-7
-1.681,-6.644110695226485e-8,-1.616100184536516e-7
-1.68,-6.690441696368492e-8,-1.637935287865217e-7
-1.679,-6.736809041497954e-8,-1.660057548468255e-7
-1.678,-6.783205297365223e-8,-1.6824706206862235e-7
-1.677,-6.829622825448804e-8,-1.7051782033610805e-7
-1.676,-6.876053777828997e-8,-1.7281840403434733e-7
-1.675,-6.922490092989037e-8,-1.751491921005218e-7
-1.674,-6.968923491542575e-8,-1.7751056807569698e-7
-1.673,-7.015345471886269e-8,-1.799029201571129e-7
-1.672,-7.061747305776317e-8,-1.8232664125100173e-7
-1.671,-7.108120033827694e-8,-1.8478212902593685e-7
-1.67,-7.154454460934829e-8,-1.8726978596671735e-7
-1.669,-7.20074115161249e-8,-1.8979001942879158e-7
-1.668,-7.246970425255575e-8,-1.9234324169322438e-7
-1.667,-7.293132351316508e-8,-1.9492987002221147e-7
-1.666,-7.339216744398927e-8,-1.9755032671514524e-7
-1.665,-7.38521315926632e-8,-2.0020503916523598e-7
-1.664,-7.43111088576424e-8,-2.0289443991669245e-7
-1.663,-7.47689894365473e-8,-2.056189667224659e-7
-1.662,-7.522566077361548e-8,-2.083790626025613e-7
-1.661,-7.568100750624773e-8,-2.111751759029202e-7
-1.66,-7.613491141063343e-8,-2.1400776035487877e-7
-1.659,-7.65872513464406e-8,-2.1687727513520505e-7
-1.658,-7.70379032005558e-8,-2.1978418492671973e-7
-1.657,-7.748673982985878e-8,-2.22728959979504e-7
-1.656,-7.793363100301634e-8,-2.2571207617269852e-7
-1.655,-7.837844334128026e-8,-2.2873401507689756e-7
-1.654,-7.882104025827317e-8,-2.317952640171421e-7
-1.653,-7.92612818987464e-8,-2.348963161365158e-7
-1.652,-7.96990250762937e-8,-2.3803767046034763e-7
-1.651,-8.01341232100043e-8,-2.412198319610254e-7
-1.65,-8.056642626003838e-8,-2.444433116234231e-7
-1.649,-8.099578066210827e-8,-2.4770862651094735e-7
-1.648,-8.142202926084783e-8,-2.510162998322052e-7
-1.647,-8.184501124205288e-8,-2.543668610082978e-7
-1.646,-8.22645620637745e-8,-2.5776084574074397e-7
-1.645,-8.268051338624761e-8,-2.611987960800367e-7
-1.644,-8.309269300063633e-8,-2.6468126049483647e-7
-1.643,-8.350092475657759e-8,-2.6820879394180556e-7
-1.642,-8.390502848850418e-8,-2.7178195793608594e-7
-1.641,-8.430481994072837e-8,-2.7540132062242555e-7
-1.64,-8.470011069126634e-8,-2.7906745684695513e-7
-1.639,-8.50907080743841e-8,-2.8278094822962057e-7
-1.638,-8.547641510184483e-8,-2.865423832372729e-7
-1.637,-8.58570303828375e-8,-2.9035235725742044e-7
-1.636,-8.6232348042566e-8,-2.942114726726454e-7
-1.635,-8.660215763947843e-8,-2.9812033893568964e-7
-1.634,-8.696624408111478e-8,-3.02079572645211e-7
-1.633,-8.73243875385524e-8,-3.060897976222156e-7
-1.632,-8.767636335942656e-8,-3.101516449871674e-7
-1.631,-8.802194197950499e-8,-3.14265753237779e-7
-1.63,-8.836088883279326e-8,-3.184327683274872e-7
-1.629,-8.869296426014882e-8,-3.2265334374461486e-7
-1.628,-8.901792341638041e-8,-3.269281405922237e-7
-1.627,-8.933551617580961e-8,-3.3125782766865953e-7
-1.626,-8.964548703627065e-8,-3.356430815487937e-7
-1.625,-8.994757502152485e-8,-3.400845866659628e-7
-1.624,-9.024151358206479e-8,-3.445830353946094e-7
-1.623,-9.052703049428388e-8,-3.491391281336271e-7
-1.622,-9.080384775798608e-8,-3.537535733904114e-7
-1.621,-9.107168149221037e-8,-3.5842708786561916e-7
-1.62,-9.133024182934416e-8,-3.6316039653863946e-7
-1.619,-9.157923280749943e-8,-3.679542327537775e-7
-1.618,-9.181835226112512e-8,-3.728093383071538e-7
-1.617,-9.204729170982878e-8,-3.77726463534321e-7
-1.616,-9.226573624538027e-8,-3.827063673986004e-7
-1.615,-9.247336441686964e-8,-3.877498175801389e-7
-1.614,-9.266984811399127e-8,-3.928575905656901e-7
-1.613,-9.285485244842574e-8,-3.9803047173911924e-7
-1.612,-9.302803563329042e-8,-4.0326925547263494e-7
-1.611,-9.318904886062968e-8,-4.0857474521874813e-7
-1.61,-9.333753617691483e-8,-4.139477536029604e-7
-1.609,-9.347313435652369e-8,-4.19389102517182e-7
-1.608,-9.359547277316939e-8,-4.248996232138817e-7
-1.607,-9.370417326924711e-8,-4.304801564009681e-7
-1.606,-9.379885002306769e-8,-4.361315523374043e-7
-1.605,-9.387910941394581e-8,-4.4185467092955593e-7
-1.604,-9.394454988511101e-8,-4.476503818282735e-7
-1.603,-9.399476180440809e-8,-4.5351956452670897e-7
-1.602,-9.402932732275428e-8,-4.5946310845886677e-7
-1.601,-9.40478202303191e-8,-4.654819130988903e-7
-1.6,-9.404980581039291e-8,-4.715768880610823e-7
-1.599,-9.403484069090951e-8,-4.777489532006597e-7
-1.598,-9.400247269358754e-8,-4.839990387152425e-7
-1.597,-9.395224068065534e-8,-4.903280852470763e-7
-1.596,-9.388367439912286e-8,-4.967370439859864e-7
-1.595,-9.379629432256417e-8,-5.032268767730641e-7
-1.594,-9.368961149037358e-8,-5.09798556205083e-7
-1.593,-9.356312734445749e-8,-5.164530657396447e-7
-1.592,-9.341633356332393e-8,-5.231913998010513e-7
-1.591,-9.32487118935313e-8,-5.300145638869038e-7
-1.59,-9.30597339784568e-8,-5.369235746754246e-7
-1.589,-9.284886118434511e-8,-5.439194601334996e-7
-1.588,-9.26155444235967e-8,-5.51003259625442e-7
-1.587,-9.235922397525531e-8,-5.581760240224704e-7
-1.586,-9.207932930265292e-8,-5.654388158129005e-7
-1.585,-9.177527886817033e-8,-5.72792709213048e-7
-1.584,-9.144647994507084e-8,-5.802387902788376e-7
-1.583,-9.109232842636395e-8,-5.877781570181148e-7
-1.582,-9.07122086306552e-8,-5.954119195036587e-7
-1.581,-9.030549310493803e-8,-6.031411999868878e-7
-1.58,-8.987154242428271e-8,-6.109671330122575e-7
-1.579,-8.940970498837685e-8,-6.188908655323438e-7
-1.578,-8.891931681487116e-8,-6.269135570236074e-7
-1.577,-8.839970132948413e-8,-6.350363796028323e-7
-1.576,-8.785016915281778e-8,-6.432605181442368e-7
-1.575,-8.727001788383683e-8,-6.515871703972456e-7
-1.574,-8.665853187996237e-8,-6.600175471049212e-7
-1.573,-8.601498203373086e-8,-6.685528721230457e-7
-1.572,-8.533862554596842e-8,-6.771943825398468e-7
-1.571,-8.462870569542984e-8,-6.859433287963606e-7
-1.57,-8.388445160485071e-8,-6.948009748074228e-7
-1.569,-8.310507800336117e-8,-7.037685980832814e-7
-1.568,-8.228978498520789e-8,-7.128474898518228e-7
-1.567,-8.14377577647316e-8,-7.220389551814e-7
-1.566,-8.054816642754538e-8,-7.313443131042568e-7
-1.565,-7.962016567785943e-8,-7.407648967405368e-7
-1.564,-7.865289458189633e-8,-7.503020534228665e-7
-1.563,-7.764547630734074e-8,-7.599571448215049e-7
-1.562,-7.659701785876649e-8,-7.697315470700453e-7
-1.561,-7.550660980898305e-8,-7.796266508916601e-7
-1.56,-7.437332602624314e-8,-7.896438617258762e-7
-1.559,-7.319622339725188e-8,-7.9978459985587e-7
-1.558,-7.197434154591758e-8,-8.100503005362662e-7
-1.557,-7.070670254778316e-8,-8.204424141214311e-7
-1.556,-6.93923106400765e-8,-8.309624061942441e-7
-1.555,-6.803015192731743e-8,-8.416117576953344e-7
-1.554,-6.661919408241772e-8,-8.52391965052767e-7
-1.553,-6.515838604321037e-8,-8.633045403121646e-7
-1.552,-6.36466577043428e-8,-8.743510112672478e-7
-1.551,-6.208291960446849e-8,-8.855329215907785e-7
-1.55,-6.046606260867027e-8,-8.968518309658888e-7
-1.549,-5.879495758604775e-8,-9.083093152177789e-7
-1.548,-5.7068455082400524e-8,-9.199069664457636e-7
-1.547,-5.528538498793797e-8,-9.316463931556527e-7
-1.546,-5.3444556199945393e-8,-9.435292203924413e-7
-1.545,-5.154475628033552e-8,-9.555570898732936e-7
-1.544,-4.958475110801342e-8,-9.677316601207978e-7
-1.543,-4.756328452598192e-8,-9.800546065964717e-7
-1.542,-4.547907798311385e-8,-9.92527621834496e-7
-1.541,-4.333083017051615e-8,-1.005152415575653e-6
-1.54,-4.1117216652410484e-8,-1.0179307149014485e-6
-1.539,-3.883688949145344e-8,-1.0308642643683913e-6
-1.538,-3.648847686841885e-8,-1.0439548261424048e-6
-1.537,-3.4070582696163674e-8,-1.057204180133348e-6
-1.536,-3.1581786227797794e-8,-1.0706141241296163e-6
-1.535,-2.9020641658977237e-8,-1.0841864739327964e-6
-1.534,-2.6385677724239165e-8,-1.0979230634923475e-6
-1.533,-2.3675397287296158e-8,-1.111825745040279e-6
-1.532,-2.0888276925206068e-8,-1.1258963892257955e-6
-1.531,-1.802276650633284e-8,-1.1401368852498796e-6
-1.53,-1.507728876201256e-8,-1.154549140999777e-6
-1.529,-1.205023885183802e-8,-1.1691350831833588e-6
-1.528,-8.939983922473868e-9,-1.1838966574633184e-6
-1.527,-5.744862659913522e-9,-1.1988358285911782e-6
-1.526,-2.4631848350877493e-9,-1.2139545805410625e-6
-1.525,9.067691572661442e-10,-1.2292549166432074e-6
-1.524,4.366748766566779e-9,-1.2447388597171643e-6
-1.523,7.918533761276167e-9,-1.2604084522046645e-6
-1.522,1.156393471080666e-8,-1.276265756302101e-6
-1.521,1.5304793474543043e-8,-1.292312854092589e-6
-1.52,1.914298369807653e-8,-1.3085518476775653e-6
-1.519,2.3080411316748673e-8,-1.3249848593078796e-6
-1.518,2.7119015066604266e-8,-1.3416140315143387e-6
-1.517,3.126076700285366e-8,-1.3584415272376562e-6
-1.516,3.550767302594596e-8,-1.3754695299577612e-6
-1.515,3.986177341535582e-8,-1.3927002438224209e-6
-1.514,4.4325143371187987e-8,-1.4101358937751246e-6
-1.513,4.8899893563704546e-8,-1.427778725682186e-6
-1.512,5.358817069088152e-8,-1.445631006459004e-6
-1.511,5.8392158044102446e-8,-1.4636950241954363e-6
-1.51,6.331407608209793e-8,-1.481973088280231e-6
-1.509,6.835618301324149e-8,-1.5004675295244565e-6
-1.508,7.352077538631303e-8,-1.519180700283879e-6
-1.507,7.881018868984322e-8,-1.5381149745802265e-6
-1.506,8.422679796015238e-8,-1.5572727482212795e-6
-1.505,8.977301839819996e-8,-1.5766564389197298e-6
-1.504,9.54513059953609e-8,-1.5962684864107414e-6
-1.503,1.0126415816824747e-7,-1.6161113525681535e-6
-1.502,1.0721411440269583e-7,-1.6361875215192567e-6
-1.501,1.1330375690703846e-7,-1.6564994997580773e-6
-1.5,1.1953571127478445e-7,-1.677049816257099e-6
-1.499,1.2591264715683163e-7,-1.697841022577353e-6
-1.498,1.324372789433354e-7,-1.718875692976804e-6
-1.497,1.3911236645536085e-7,-1.7401564245169573e-6
-1.496,1.4594071564644606e-7,-1.7616858371676117e-6
-1.495,1.5292517931420596e-7,-1.7834665739096792e-6
-1.494,1.600686578221075e-7,-1.8055013008359967e-6
-1.493,1.6737409983154835e-7,-1.8277927072500405e-6
-1.492,1.7484450304437306e-7,-1.850343505762469e-6
-1.491,1.8248291495596166e-7,-1.8731564323854005e-6
-1.49,1.902924336190274e-7,-1.8962342466243443e-6
-1.489,1.98276208418262e-7,-1.919579731567694e-6
-1.488,2.0643744085596795e-7,-1.9431956939736896e-6
-1.487,2.147793853488193e-7,-1.9670849643547593e-6
-1.486,2.233053500358932e-7,-1.9912503970591405e-6
-1.485,2.3201869759811727e-7,-2.015694870349685e-6
-1.484,2.409228460892778e-7,-2.040421286479747e-6
-1.483,2.500212697787369e-7,-2.0654325717660535e-6
-1.482,2.593175000060072e-7,-2.0907316766584486e-6
-1.481,2.688151260473347e-7,-2.116321575806408e-6
-1.48,2.785177959944419e-7,-2.1422052681222117e-6
-1.479,2.884292176455855e-7,-2.1683857768406636e-6
-1.478,2.985531594090831e-7,-2.1948661495752453e-6
-1.477,3.088934512194663e-7,-2.221649458370583e-6
-1.476,3.1945398546641967e-7,-2.2487387997511086e-6
-1.475,3.3023871793666415e-7,-2.2761372947657988e-6
-1.474,3.412516687689482e-7,-2.3038480890288543e-6
-1.473,3.524969234223097e-7,-2.331874352756205e-6
-1.472,3.6397863365777373e-7,-2.360219280797699e-6
-1.471,3.757010185336535e-7,-2.38888609266485e-6
-1.47,3.8766836541462244e-7,-2.4178780325540003e-6
-1.469,3.998850309947282e-7,-2.4471983693647616e-6
-1.468,4.1235544233452037e-7,-2.476850396713596e-6
-1.467,4.2508409791246527e-7,-2.50683743294238e-6
-1.466,4.3807556869082375e-7,-2.537162821121817e-6
-1.465,4.5133449919616856e-7,-2.5678299290495297e-6
-1.464,4.6486560861472004e-7,-2.598842149242693e-6
-1.463,4.786736919026812e-7,-2.6302028989250357e-6
-1.462,4.927636209117542e-7,-2.661915620008058e-6
-1.461,5.071403455300213e-7,-2.6939837790662906e-6
-1.46,5.218088948383777e-7,-2.726410867306435e-6
-1.459,5.367743782827029e-7,-2.759200400530202e-6
-1.458,5.520419868619587e-7,-2.7923559190906838e-6
-1.457,5.676169943324073e-7,-2.825880987842066e-6
-1.456,5.835047584281398e-7,-2.8597791960825074e-6
-1.455,5.997107220981115e-7,-2.894054157489991e-6
-1.454,6.162404147598782e-7,-2.928709510050959e-6
-1.453,6.330994535702347e-7,-2.963748915981533e-6
-1.452,6.502935447129514e-7,-2.9991760616411225e-6
-1.451,6.678284847038138e-7,-3.034994657438212e-6
-1.45,6.85710161713167e-7,-3.0712084377281243e-6
-1.449,7.039445569061696e-7,-3.107821160702546e-6
-1.448,7.225377458009659e-7,-3.144836608270589e-6
-1.447,7.414958996449825e-7,-3.1822585859311815e-6
-1.446,7.608252868095626e-7,-3.2200909226365493e-6
-1.445,7.805322742031475e-7,-3.2583374706465644e-6
-1.444,8.006233287032212e-7,-3.2970021053737167e-6
-1.443,8.211050186072336e-7,-3.3360887252184813e-6
-1.442,8.419840151027184e-7,-3.37560125139482e-6
-1.441,8.632670937568268e-7,-3.4155436277455822e-6
-1.44,8.849611360254973e-7,-3.455919820547535e-6
-1.439,9.070731307824842e-7,-3.496733818305775e-6
-1.438,9.296101758684694e-7,-3.5379896315372463e-6
-1.437,9.525794796604837e-7,-3.579691292543099e-6
-1.436,9.759883626618669e-7,-3.621842855169606e-6
-1.435,9.998442591129936e-7,-3.6644483945573625e-6
-1.434,1.024154718622999e-6,-3.7075120068784755e-6
-1.433,1.0489274078227367e-6,-3.7510378090614505e-6
-1.432,1.0741701120392024e-6,-3.7950299385034747e-6
-1.431,1.0998907369916618e-6,-3.839492552769795e-6
-1.43,1.12609731050972e-6,-3.884429829279876e-6
-1.429,1.1527979842735706e-6,-3.929845964980018e-6
-1.428,1.1800010355766702e-6,-3.975745176002119e-6
-1.427,1.2077148691110767e-6,-4.022131697308239e-6
-1.426,1.235948018775699e-6,-4.0690097823206406e-6
-1.425,1.2647091495077033e-6,-4.116383702536955e-6
-1.424,1.2940070591373247e-6,-4.164257747130125e-6
-1.423,1.3238506802663317e-6,-4.212636222532768e-6
-1.422,1.3542490821703977e-6,-4.261523452005602e-6
-1.421,1.3852114727256281e-6,-4.3109237751895415e-6
-1.42,1.4167472003595003e-6,-4.360841547641117e-6
-1.419,1.4488657560264703e-6,-4.411281140350806e-6
-1.418,1.4815767752085025e-6,-4.462246939243889e-6
-1.417,1.514890039940783e-6,-4.513743344663442e-6
-1.416,1.548815480862873e-6,-4.56577477083504e-6
-1.415,1.5833631792955655e-6,-4.618345645312766e-6
-1.414,1.6185433693437087e-6,-4.671460408406091e-6
-1.413,1.6543664400252551e-6,-4.7251235125872145e-6
-1.412,1.6908429374268065e-6,-4.779339421878391e-6
-1.411,1.7279835668859187e-6,-4.834112611218824e-6
-1.41,1.7657991952004311e-6,-4.8894475658106594e-6
-1.409,1.8043008528650948e-6,-4.945348780443597e-6
-1.408,1.8434997363357625e-6,-5.001820758797677e-6
-1.407,1.883407210321417e-6,-5.05886801272372e-6
-1.406,1.924034810104305e-6,-5.116495061500964e-6
-1.405,1.9653942438884514e-6,-5.174706431071366e-6
-1.404,2.0074973951768273e-6,-5.2335066532500715e-6
-1.403,2.0503563251774447e-6,-5.292900264911526e-6
-1.402,2.0939832752386564e-6,-5.352891807150704e-6
-1.401,2.138390669313933e-6,-5.4134858244188995e-6
-1.4,2.1835911164563967e-6,-5.474686863633545e-6
-1.399,2.2295974133433893e-6,-5.536499473261479e-6
-1.398,2.276422546831349e-6,-5.5989282023751055e-6
-1.397,2.3240796965412807e-6,-5.661977599680858e-6
-1.396,2.372582237475092e-6,-5.725652212519363e-6
-1.395,2.421943742663079e-6,-5.789956585836724e-6
-1.394,2.472177985842842e-6,-5.854895261126279e-6
-1.393,2.5232989441699064e-6,-5.920472775340237e-6
-1.392,2.575320800960334e-6,-5.986693659770526e-6
-1.391,2.628257948465604e-6,-6.053562438898226e-6
-1.39,2.682124990680043e-6,-6.121083629210908e-6
-1.389,2.736936746181083e-6,-6.189261737987221e-6
-1.388,2.7927082510026334e-6,-6.258101262048021e-6
-1.387,2.8494547615418407e-6,-6.327606686473362e-6
-1.386,2.907191757499519e-6,-6.3977824832846345e-6
-1.385,2.96593494485453e-6,-6.468633110091111e-6
-1.384,3.025700258872393e-6,-6.540163008700188e-6
-1.383,3.0865038671484e-6,-6.612376603690545e-6
-1.382,3.148362172685515e-6,-6.685278300947486e-6
-1.381,3.211291817007338e-6,-6.758872486159661e-6
-1.38,3.2753096833064035e-6,-6.833163523276388e-6
-1.379,3.3404328996280913e-6,-6.908155752924773e-6
-1.378,3.406678842090426e-6,-6.983853490785799e-6
-1.377,3.4740651381400335e-6,-7.0602610259285475e-6
-1.376,3.5426096698445287e-6,-7.137382619101721e-6
-1.375,3.6123305772216016e-6,-7.21522250098158e-6
-1.374,3.6832462616050718e-6,-7.2937848703754235e-6
-1.373,3.75537538904818e-6,-7.373073892379727e-6
-1.372,3.8287368937643746e-6,-7.453093696492008e-6
-1.371,3.903349981605859e-6,-7.533848374675508e-6
-1.37,3.979234133580166e-6,-7.615341979375735e-6
-1.369,4.0564091094050034e-6,-7.697578521487922e-6
-1.368,4.134894951101642e-6,-7.780561968274399e-6
-1.367,4.214711986627084e-6,-7.864296241230925e-6
-1.366,4.295880833545271e-6,-7.948785213900918e-6
-1.365,4.37842240273758e-6,-8.034032709636597e-6
-1.364,4.46235790215284e-6,-8.120042499305966e-6
-1.363,4.547708840597121e-6,-8.206818298944588e-6
-1.362,4.634497031563528e-6,-8.294363767351057e-6
-1.361,4.722744597102228e-6,-8.382682503625061e-6
-1.36,4.812473971730953e-6,-8.47177804464694e-6
-1.359,4.9037079063861825e-6,-8.561653862497561e-6
-1.358,4.996469472415252e-6,-8.652313361817397e-6
-1.357,5.090782065609579e-6,-8.743759877103578e-6
-1.356,5.186669410279238e-6,-8.83599666994376e-6
-1.355,5.284155563369074e-6,-8.929026926185565e-6
-1.354,5.383264918616569e-6,-9.022853753040369e-6
-1.353,5.484022210751647e-6,-9.117480176120148e-6
-1.352,5.586452519738623e-6,-9.212909136406137e-6
-1.351,5.6905812750604495e-6,-9.309143487147972e-6
-1.35,5.796434260045479e-6,-9.406185990691984e-6
-1.349,5.90403761623688e-6,-9.50403931523732e-6
-1.348,6.0134178478048845e-6,-9.602706031518494e-6
-1.347,6.124601826002027e-6,-9.702188609412994e-6
-1.346,6.237616793661524e-6,-9.80248941447251e-6
-1.345,6.3524903697389234e-6,-9.90361070437634e-6
-1.344,6.469250553897185e-6,-1.0005554625305546e-5
-1.343,6.587925731135288e-6,-1.0108323208236307e-5
-1.342,6.708544676460508e-6,-1.0211918365151003e-5
-1.341,6.831136559604459e-6,-1.031634188516548e-5
-1.34,6.9557309497829995e-6,-1.0421595430570913e-5
-1.339,7.0823578205001095e-6,-1.0527680532788702e-5
-1.338,7.21104755439579e-6,-1.0634598588236761e-5
-1.337,7.341830948138084e-6,-1.0742350854105573e-5
-1.336,7.474739217359259e-6,-1.0850938444042324e-5
-1.335,7.609804001636208e-6,-1.0960362323741441e-5
-1.334,7.747057369515106e-6,-1.1070623306439788e-5
-1.333,7.88653182358034e-6,-1.1181722048314782e-5
-1.332,8.028260305567732e-6,-1.1293659043783619e-5
-1.331,8.17227620152206e-6,-1.1406434620701855e-5
-1.33,8.318613346998845e-6,-1.1520048935459436e-5
-1.329,8.467306032310403e-6,-1.1634501967972357e-5
-1.328,8.618389007816104e-6,-1.1749793516568028e-5
-1.327,8.771897489256781e-6,-1.1865923192762426e-5
-1.326,8.927867163133243e-6,-1.1982890415927063e-5
-1.325,9.08633419212877e-6,-1.2100694407843789e-5
-1.324,9.24733522057553e-6,-1.2219334187145407e-5
-1.323,9.410907379964768e-6,-1.2338808563640033e-5
-1.322,9.577088294500637e-6,-1.2459116132517118e-5
-1.321,9.74591608669755e-6,-1.2580255268433026e-5
-1.32,9.917429383020838e-6,-1.2702224119473986e-5
-1.319,1.0091667319570555e-5,-1.2825020600994265e-5
-1.318,1.026866954780822e-5,-1.2948642389327296e-5
-1.317,1.0448476240326255e-5,-1.3073086915367552e-5
-1.316,1.0631128096659884e-5,-1.3198351358020833e-5
-1.315,1.0816666349141214e-5,-1.332443263752067e-5
-1.314,1.1005132768795228e-5,-1.3451327408608465e-5
-1.313,1.1196569671277338e-5,-1.3579032053574962e-5
-1.312,1.1391019922852212e-5,-1.3707542675160633e-5
-1.311,1.1588526946413475e-5,-1.3836855089312497e-5
-1.31,1.1789134727543915e-5,-1.3966964817794827e-5
-1.309,1.1992887820615802e-5,-1.4097867080651264e-5
-1.308,1.2199831354930843e-5,-1.4229556788515678e-5
-1.307,1.2410011040899374e-5,-1.4362028534769185e-5
-1.306,1.262347317625822e-5,-1.449527658754065e-5
-1.305,1.2840264652326803e-5,-1.4629294881547955e-5
-1.304,1.3060432960300855e-5,-1.4764077009777288e-5
-1.303,1.3284026197583235e-5,-1.4899616214997671e-5
-1.302,1.3511093074151213e-5,-1.5035905381107875e-5
-1.301,1.3741682918959582e-5,-1.5172937024312866e-5
-1.3,1.3975845686378931e-5,-1.5310703284126865e-5
-1.299,1.4213631962668395e-5,-1.5449195914200038e-5
-1.298,1.4455092972482113e-5,-1.5588406272965838e-5
-1.297,1.4700280585408652e-5,-1.5728325314105944e-5
-1.296,1.4949247322542577e-5,-1.5868943576829695e-5
-1.295,1.5202046363087304e-5,-1.6010251175964885e-5
-1.294,1.54587315509884e-5,-1.6152237791856742e-5
-1.293,1.571935740159636e-5,-1.6294892660071854e-5
-1.292,1.598397910835791e-5,-1.6438204560903763e-5
-1.291,1.6252652549534878e-5,-1.6582161808676902e-5
-1.29,1.652543429494951e-5,-1.6726752240845527e-5
-1.289,1.6802381612755196e-5,-1.687196320688417e-5
-1.288,1.7083552476231477e-5,-1.7017781556966223e-5
-1.287,1.7369005570602115e-5,-1.716419363042703e-5
-1.286,1.7658800299875025e-5,-1.731118524400804e-5
-1.285,1.7952996793702792e-5,-1.74587416798783e-5
-1.284,1.8251655914262447e-5,-1.7606847673429673e-5
-1.283,1.855483926315313e-5,-1.7755487400842043e-5
-1.282,1.8862609188310206e-5,-1.790464446641475e-5
-1.281,1.9175028790934357e-5,-1.8054301889660396e-5
-1.28,1.9492161932434115e-5,-1.8204442092157194e-5
-1.279,1.981407324138026e-5,-1.835504688415588e-5
-1.278,2.0140828120470388e-5,-1.8506097450937235e-5
-1.277,2.0472492753502006e-5,-1.8657574338916166e-5
-1.276,2.080913411235233e-5,-1.8809457441488255e-5
-1.275,2.1150819963962982e-5,-1.8961725984614615e-5
-1.274,2.149761887732768e-5,-1.911435851214088e-5
-1.273,2.1849600230480973e-5,-1.9267332870846007e-5
-1.272,2.2206834217485998e-5,-1.9420626195216652e-5
-1.271,2.2569391855419112e-5,-1.9574214891942673e-5
-1.27,2.2937344991349318e-5,-1.972807462412935e-5
-1.269,2.3310766309310172e-5,-1.9882180295221854e-5
-1.268,2.3689729337261896e-5,-2.003650603263739e-5
-1.267,2.407430845404131e-5,-2.019102517110038e-5
-1.266,2.446457889629709e-5,-2.034571023567608e-5
-1.265,2.4860616765407832e-5,-2.0500532924497856e-5
-1.264,2.5262499034380296e-5,-2.0655464091183307e-5
-1.263,2.56703035547251e-5,-2.081047372693446e-5
-1.262,2.6084109063307098e-5,-2.096553094231704e-5
-1.261,2.6503995189167497e-5,-2.11206039487139e-5
-1.26,2.6930042460314844e-5,-2.127566003944755e-5
-1.259,2.736233231048171e-5,-2.143066557056666e-5
-1.258,2.7800947085843996e-5,-2.1585585941291446e-5
-1.257,2.8245970051699525e-5,-2.1740385574112628e-5
-1.256,2.869748539910267e-5,-2.189502789453873e-5
-1.255,2.915557825145145e-5,-2.204947531048634e-5
-1.254,2.9620334671023626e-5,-2.220368919130793e-5
-1.253,3.009184166545808e-5,-2.2357629846451717e-5
-1.252,3.057018719417774e-5,-2.251125650374807e-5
-1.251,3.1055460174750146e-5,-2.266452728731679e-5
-1.25,3.154775048918162e-5,-2.2817399195089635e-5
-1.249,3.204714899014107e-5,-2.2969828075942296e-5
-1.248,3.255374750710902e-5,-2.3121768606430076e-5
-1.247,3.30676388524476e-5,-2.3273174267121305e-5
-1.246,3.358891682738707e-5,-2.3423997318522623e-5
-1.245,3.4117676227924147e-5,-2.35741887765901e-5
-1.244,3.465401285062749e-5,-2.3723698387820065e-5
-1.243,3.519802349834549e-5,-2.387247460391357e-5
-1.242,3.574980598581128e-5,-2.402046455600823e-5
-1.241,3.630945914513988e-5,-2.4167614028471156e-5
-1.24,3.6877082831212165e-5,-2.4313867432246657e-5
-1.239,3.745277792694027e-5,-2.445916777775228e-5
-1.238,3.803664634840878e-5,-2.4603456647316695e-5
-1.237,3.8628791049886006e-5,-2.4746674167152882e-5
-1.236,3.9229316028699466e-5,-2.4888758978860012e-5
-1.235,3.9838326329969544e-5,-2.502964821044731e-5
-1.234,4.045592805119499e-5,-2.5169277446873163e-5
-1.233,4.108222834668411e-5,-2.5307580700092643e-5
-1.232,4.171733543182479e-5,-2.5444490378606552e-5
-1.231,4.236135858718695e-5,-2.5579937256505063e-5
-1.23,4.301440816245028e-5,-2.5713850441998862e-5
-1.229,4.36765955801503e-5,-2.5846157345430796e-5
-1.228,4.4348033339235394e-5,-2.5976783646760784e-5
-1.227,4.502883501842748e-5,-2.6105653262516847e-5
-1.226,4.5719115279378464e-5,-2.6232688312204873e-5
-1.225,4.641898986961483e-5,-2.6357809084169886e-5
-1.224,4.712857562526217e-5,-2.6480934000901276e-5
-1.223,4.7847990473541385e-5,-2.660197958377461e-5
-1.222,4.857735343502819e-5,-2.672086041722241e-5
-1.221,4.9316784625667125e-5,-2.6837489112326345e-5
-1.22,5.006640525853114e-5,-2.6951776269823114e-5
-1.219,5.082633764531771e-5,-2.706363044251631e-5
-1.218,5.159670519757202e-5,-2.7172958097086504e-5
-1.217,5.237763242762759e-5,-2.7279663575291653e-5
-1.216,5.31692449492546e-5,-2.7383649054549922e-5
-1.215,5.3971669478005634e-5,-2.748481450789698e-5
-1.214,5.47850338312487e-5,-2.758305766330974e-5
-1.213,5.56094669278767e-5,-2.7678273962388408e-5
-1.212,5.644509878768266e-5,-2.7770356518388806e-5
-1.211,5.7292060530389396e-5,-2.785919607359666e-5
-1.21,5.815048437432242e-5,-2.7944680956035722e-5
-1.209,5.902050363471413e-5,-2.802669703550133e-5
-1.208,5.9902252721627517e-5,-2.810512767891114e-5
-1.207,6.079586713748697e-5,-2.8179853704964654e-5
-1.206,6.170148347420368e-5,-2.8250753338102985e-5
-1.205,6.261923940988272e-5,-2.831770216176054e-5
-1.204,6.354927370509862e-5,-2.8380573070899978e-5
-1.203,6.449172619872593e-5,-2.843923622382196e-5
-1.202,6.544673780331094e-5,-2.8493558993241025e-5
-1.201,6.641445049997038e-5,-2.8543405916619003e-5
-1.2,6.739500733280257e-5,-2.8588638645747273e-5
-1.199,6.838855240279622e-5,-2.8629115895569173e-5
-1.198,6.939523086122166e-5,-2.8664693392233803e-5
-1.197,7.04151889024889e-5,-2.8695223820372523e-5
-1.196,7.144857375645669e-5,-2.8720556769589267e-5
-1.195,7.249553368017606e-5,-2.8740538680155992e-5
-1.194,7.355621794905198e-5,-2.8755012787904326e-5
-1.193,7.46307768474057e-5,-2.876381906830463e-5
-1.192,7.57193616584206e-5,-2.876679417972367e-5
-1.191,7.682212465345355e-5,-2.8763771405851925e-5
-1.19,7.793921908069334e-5,-2.8754580597291794e-5
-1.189,7.907079915314767e-5,-2.873904811229776e-5
-1.188,8.021702003593955e-5,-2.8716996756659674e-5
-1.187,8.137803783289326e-5,-2.868824572272031e-5
-1.186,8.255400957239019e-5,-2.8652610527518345e-5
-1.185,8.374509319247364e-5,-2.8609902950047923e-5
-1.184,8.495144752518213e-5,-2.855993096762602e-5
-1.183,8.617323228008928e-5,-2.850249869135879e-5
-1.182,8.741060802702848e-5,-2.8437406300698173e-5
-1.181,8.866373617798024e-5,-2.8364449977080023e-5
-1.18,8.993277896809877e-5,-2.828342183663507e-5
-1.179,9.12178994358546e-5,-2.8194109861964095e-5
-1.178,9.251926140226946e-5,-2.809629783296871e-5
-1.177,9.383702944921838e-5,-2.798976525672924e-5
-1.176,9.517136889677451e-5,-2.7874287296421226e-5
-1.175,9.652244577957064e-5,-2.7749634699262116e-5
-1.174,9.789042682215142e-5,-2.7615573723479897e-5
-1.173,9.927547941328941e-5,-2.747186606429534e-5
-1.172,0.00010067777157923769,-2.7318268778909795e-5
-1.171,0.00010209747195589104,-2.715453421049038e-5
-1.17,0.00010353474975982698,-2.6980409911144717e-5
-1.169,0.00010498977475819759,-2.6795638563877292e-5
-1.168,0.00010646271723744233,-2.659995790351979e-5
-1.167,0.00010795374797079113,-2.6393100636627754e-5
-1.166,0.00010946303818452671,-2.6174794360336156e-5
-1.165,0.00011099075952297445,-2.5944761480166592e-5
-1.164,0.00011253708401218688,-2.5702719126778893e-5
-1.163,0.00011410218402228996,-2.544837907166024e-5
-1.162,0.00011568623222845695,-2.5181447641744915e-5
-1.161,0.0001172894015704753,-2.490162563295816e-5
-1.16,0.00011891186521087103,-2.460860822267759e-5
-1.159,0.00012055379649155462,-2.4302084881106106e-5
-1.158,0.00012221536888895105,-2.3981739281550182e-5
-1.157,0.0001238967559675769,-2.3647249209597873e-5
-1.156,0.0001255981313320251,-2.329828647119095e-5
-1.155,0.00012731966857731895,-2.293451679958598e-5
-1.154,0.0001290615412375942,-2.2555599761199323e-5
-1.153,0.0001308239227330691,-2.216118866033136e-5
-1.152,0.00013260698631525976,-2.1750930442765573e-5
-1.151,0.00013441090501039855,-2.1324465598238364e-5
-1.15,0.00013623585156101155,-2.0881428061775898e-5
-1.149,0.00013808199836561064,-2.042144511389453e-5
-1.148,0.00013994951741645451,-1.9944137279661794e-5
-1.147,0.00014183858023533258,-1.944911822661527e-5
-1.146,0.0001437493578073237,-1.8935994661537055e-5
-1.145,0.00014568202051248202,-1.8404366226082028e-5
-1.144,0.00014763673805539982,-1.7853825391258417e-5
-1.143,0.0001496136793925977,-1.7283957350759716e-5
-1.142,0.00015161301265769007,-1.669433991314752e-5
-1.141,0.00015363490508427355,-1.6084543392885136e-5
-1.14,0.00015567952292648517,-1.545413050022261e-5
-1.139,0.000157747031377175,-1.4802656229934113e-5
-1.138,0.00015983759448363807,-1.4129667748909343e-5
-1.137,0.00016195137506084818,-1.343470428260108e-5
-1.136,0.00016408853460213603,-1.27172970003317e-5
-1.135,0.00016624923318725215,-1.1976968899462062e-5
-1.134,0.0001684336293877542,-1.121323468842683e-5
-1.133,0.00017064188016965742,-1.0425600668640967e-5
-1.132,0.00017287414079328485,-9.6135646152829e-6
-1.131,0.0001751305647102537,-8.776615656960515e-6
-1.13,0.00017741130345753236,-7.914234154266962e-6
-1.129,0.00017971650654850124,-7.0258915772340456e-6
-1.128,0.00018204632136094978,-6.111050381691767e-6
-1.127,0.00018440089302194015,-5.16916388454348e-6
-1.126,0.00018678036428946686,-4.199676137967016e-6
-1.125,0.00018918487543084073,-3.2020218025530173e-6
-1.124,0.00019161456409772312,-2.1756260193927484e-6
-1.123,0.00019406956519773614,-1.119904281128592e-6
-1.122,0.00019655001076257207,-3.4262301981507765e-8
-1.121,0.00019905602981252468,1.0819041132292011e-6
-1.12,0.00020158774821736264,2.2292092010573577e-6
-1.119,0.0002041452885534645,3.408277372375001e-6
-1.118,0.00020672876995713303,4.61974334627228e-6
-1.117,0.0002093383079740046,5.864252284892097e-6
-1.116,0.00021197401440446853,7.142459929178155e-6
-1.115,0.00021463599714500867,8.45503273551373e-6
-1.114,0.0002173243600253794,9.802648013227097e-6
-1.113,0.00022003920264152427,1.1185994062938136e-5
-1.112,0.0002227806201841466,1.2605770315719114e-5
-1.111,0.00022554870326283683,1.4062687473041138e-5
-1.11,0.00022834353772566203,1.555746764747618e-5
-1.109,0.00023116520447411955,1.7090844504122917e-5
-1.108,0.00023401377927335598,1.866356340272289e-5
-1.107,0.00023688933255755027,2.0276381540431827e-5
-1.106,0.00023979192923035805,2.193006809520901e-5
-1.105,0.0002427216284603127,2.3625404369785786e-5
-1.104,0.00024567848347107637,2.5363183936172274e-5
-1.103,0.0002486625413264321,2.7144212780659428e-5
-1.102,0.0002516738427099074,2.8969309449271312e-5
-1.101,0.00025471242169891546,3.083930519362053e-5
-1.1,0.0002577783055333008,3.2755044117117295e-5
-1.099,0.00026087151437817203,3.471738332148042e-5
-1.098,0.00026399206108090314,3.672719305349611e-5
-1.097,0.00026713995092218296,3.8785356851967886e-5
-1.096,0.00027031518136098995,4.089277169479855e-5
-1.095,0.0002735177417733668,4.305034814614221e-5
-1.094,0.0002767476131848685,4.5259010503561964e-5
-1.093,0.0002800047679965542,4.751969694512573e-5
-1.092,0.0002832891697043911,4.983335967636992e-5
-1.091,0.0002866007726119371,5.220096507705763e-5
-1.09,0.00028993952153616567,5.462349384765482e-5
-1.089,0.0002933053515062951,5.7101941155444845e-5
-1.088,0.000296698187455481,5.963731678019821e-5
-1.087,0.0003001179439052294,6.22306452593111e-5
-1.086,0.0003035645246423851,6.488296603232268e-5
-1.085,0.000307037822388547,6.759533358471719e-5
-1.084,0.0003105377184617612,7.036881759091365e-5
-1.083,0.0003140640824303385,7.32045030563414e-5
-1.082,0.00031761677175864126,7.610349045849603e-5
-1.081,0.00032119563144468287,7.906689588686599e-5
-1.08,0.0003248004936493791,8.209585118161582e-5
-1.079,0.0003284311773172892,8.519150407090747e-5
-1.078,0.00033208748778868125,8.835501830673645e-5
-1.077,0.0003357692164027551,9.158757379915499e-5
-1.076,0.00033947614009185187,9.489036674874938e-5
-1.075,0.0003432080209664776,9.826460977723338e-5
-1.074,0.0003469646058909661,0.00010171153205601469
-1.073,0.00035074562604960286,0.00010523237943258562
-1.072,0.00035455079650302936,0.00010882841455458404
-1.071,0.00035837981573474503,0.00011250091699136417
-1.07,0.0003622323651875211,0.00011625118335291172
-1.069,0.000366108108789538,0.00012008052740593066
-1.068,0.0003700066924700553,0.00012399028018692356
-1.067,0.00037392774366442065,0.00012798179011208017
-1.066,0.00037787087080822185,0.00013205642308378225
-1.065,0.000381835662820383,0.00013621556259352602
-1.064,0.0003858216885750031,0.00014046060982105587
-1.063,0.000389828496361734,0.00014479298372949576
-1.062,0.0003938556133344904,0.0001492141211562572
-1.061,0.00039790254494828284,0.00015372547689949408
-1.06,0.000401968774383963,0.00015832852379986755
-1.059,0.00040605376196066554,0.00016302475281737436
-1.058,0.0004101569445357317,0.00016781567310298422
-1.057,0.00041427773489189447,0.00017270281206482261
-1.056,0.0004184155211115039,0.0001776877154286258
-1.055,0.0004225696659375695,0.00018277194729218507
-1.054,0.000426739506121393,0.00018795709017348865
-1.053,0.0004309243517565632,0.00019324474505225697
-1.052,0.0004351234855990824,0.0001986365314045593
-1.051,0.00043933616237339204,0.00020413408723018637
-1.05,0.00044356160806406186,0.00020973906907244418
-1.049,0.0004477990191929074,0.00021545315203002122
-1.048,0.0004520475620812952,0.00022127802976057038
-1.047,0.00045630637209739756,0.0002272154144756337
-1.046,0.0004605745528881525,0.00023326703692652588
-1.045,0.00046485117559568715,0.00023943464638077907
-1.044,0.00046913527805795787,0.0002457200105887377
-1.043,0.00047342586399336186,0.00025212491573987846
-1.042,0.00047772190216907183,0.00025865116640841633
-1.041,0.0004820223255528453,0.00026530058548774124
-1.04,0.00048632603044805855,0.0002720750141132166
-1.039,0.0004906318756117162,0.0002789763115728534
-1.038,0.0004949386813551835,0.0002860063552053583
-1.037,0.0004992452286273927,0.00029316704028503626
-1.036,0.00050355025808027,0.0003004602798930122
-1.035,0.0005078524691161343,0.0003078880047742163
-1.034,0.000512150518916815,0.0003154521631795614
-1.033,0.0005164430214542403,0.00032315472069271956
-1.032,0.0005207285464822466,0.000330997660040887
-1.031,0.0005250056185093612,0.00033898298088890486
-1.03,0.0005292727157523114,0.0003471126996160837
-1.029,0.0005335282690700173,0.00035538884907505684
-1.028,0.0005377706608778245,0.00036381347833196567
-1.027,0.0005419982240417384,0.0003723886523872583
-1.026,0.0005462092407524238,0.0003811164518763575
-1.025,0.0005504019413787361,0.00038999897274943055
-1.024,0.000554574503300557,0.0003990383259294687
-1.023,0.0005587250497207084,0.0004082366369478569
-1.022,0.0005628516484557268,0.00041759604555658965
-1.021,0.0005669523107052844,0.00042711870531625916
-1.02,0.000571024989800048,0.00043680678315891606
-1.019,0.000575067579927776,0.0004466624589248709
-1.018,0.0005790779148374615,0.00045668792487247835
-1.017,0.0005830537665213333,0.00046688538515991123
-1.016,0.0005869928438745416,0.00047725705529790224
-1.015,0.0005908927913323601,0.00048780516157239816
-1.014,0.00059475118748475,0.0004985319404360361
-1.013,0.0005985655436681401,0.0005094396378673183
-1.012,0.0006023333025342926,0.000520530508696326
-1.011,0.0006060518365961333,0.0005318068158957749
-1.01,0.000609718446750446,0.0005432708298361775
-1.009,0.0006133303607773383,0.0005549248275038416
-1.008,0.0006168847318164095,0.0005667710916803872
-1.007,0.0006203786368195661,0.0005788119100824313
-1.006,0.0006238090749804497,0.0005910495744600424
-1.005,0.0006271729661404633,0.0006034863796525232
-1.004,0.0006304671491714048,0.0006161246226000395
-1.003,0.0006336883803347399,0.0006289666013095617
-1.002,0.0006368333316175691,0.0006420146137735436
-1.001,0.0006398985890453754,0.0006552709568397103
-1.0,0.0006428806509716653,0.0006687379250302822
-0.999,0.0006457759263446455,0.0006824178093089049
-0.998,0.0006485807329511127,0.0006963128957935104
-0.997,0.0006512912956377677,0.0007104254644132745
-0.996,0.0006539037445102018,0.0007247577875077844
-0.995,0.0006564141131098445,0.0007393121283664733
-0.994,0.0006588183365692007,0.0007540907397063212
-0.993,0.0006611122497457528,0.0007690958620857631
-0.992,0.0006632915853349492,0.0007843297222526837
-0.991,0.0006653519719627514,0.0007997945314243176
-0.99,0.0006672889322582629,0.0008154924834968118
-0.989,0.0006690978809070254,0.0008314257531821414
-0.988,0.0006707741226856182,0.0008475964940700032
-0.987,0.0006723128504782704,0.0008640068366122485
-0.986,0.0006737091432762543,0.0008806588860273448
-0.985,0.0006749579641609043,0.0008975547201222866
-0.984,0.0006760541582711778,0.0009146963870293084
-0.983,0.0006769924507567562,0.000932085902854676
-0.982,0.0006777674447177656,0.0009497252492367637
-0.981,0.0006783736191322881,0.0009676163708105472
-0.98,0.0006788053267729251,0.0009857611725755696
-0.979,0.0006790567921137758,0.001004161517164359
-0.978,0.0006791221092292964,0.0010228192220082025
-0.977,0.0006789952396866154,0.0010417360563970983
-0.976,0.0006786700104329991,0.0010609137384306358
-0.975,0.0006781401116802792,0.001080353931856467
-0.974,0.0006773990947881871,0.00110005824279296
-0.973,0.0006764403701486747,0.001120028216332537
-0.972,0.0006752572050734414,0.0011402653330221308
-0.971,0.0006738427216870423,0.0011607710052170964
-0.97,0.000672189894828107,0.0011815465733048566
-0.969,0.0006702915499613671,0.001202593301794457
-0.968,0.0006681403611033645,0.0012239123752681457
-0.967,0.0006657288487648993,0.0012455048941910068
-0.966,0.0006630493779134661,0.0012673718705745955
-0.965,0.0006600941559591327,0.0012895142234904584
-0.964,0.0006568552307675296,0.00131193277442934
-0.963,0.0006533244887038418,0.0013346282425018047
-0.962,0.000649493652711928,0.0013576012394759431
-0.961,0.0006453542804329427,0.0013808522646477528
-0.96,0.000640897762368091,0.0014043816995397322
-0.959,0.00063611532009042,0.0014281898024231608
-0.958,0.0006309980045108332,0.001452276702659487
-0.957,0.0006255366942038114,0.001476642394856194
-0.956,0.0006197220937986344,0.0015012867328324736
-0.955,0.0006135447324422241,0.0015262094233899944
-0.954,0.0006069949623400688,0.0015514100198840283
-0.953,0.0006000629573820438,0.0015768879155901691
-0.952,0.0005927387118603161,0.0016026423368618687
-0.951,0.0005850120392869057,0.0016286723360740085
-0.95,0.0005768725713188841,0.0016549767843477305
-0.949,0.0005683097567996085,0.0016815543640517716
-0.948,0.0005593128609248331,0.0017084035610755736
-0.947,0.0005498709645429941,0.0017355226568694852
-0.946,0.0005399729635994404,0.00176290972024743
-0.945,0.0005296075687348824,0.0017905625989474974
-0.944,0.0005187633050488409,0.0018184789109459928
-0.943,0.000507428512039414,0.0018466560355206115
-0.942,0.0004955913437312384,0.0018750911040585243
-0.941,0.000483239769004093,0.0019037809906053188
-0.94,0.00047036157213518957,0.0019327223021509308
-0.939,0.00045694435356881597,0.001961911368648895
-0.938,0.0004429755309276302,0.001991344232765488
-0.937,0.00042844234028056844,0.0020210166393555998
-0.936,0.0004133318376830061,0.002050924024662473
-0.935,0.0003976309010055163,0.0020810615052387726
-0.934,0.00038132623206828915,0.0021114238665868364
-0.933,0.00036440435909902084,0.0021420055515163614
-0.932,0.00034685163953284174,0.0021728006482182303
-0.931,0.0003286542631736361,0.002203802878053701
-0.93,0.00030979825573690715,0.0022350055830587198
-0.929,0.00029026948279515716,0.002266401713163729
-0.928,0.00027005365414759067,0.0022979838131300004
-0.927,0.0002491363286367955,0.00232974400920424
-0.926,0.00022750291943592286,0.002361673995494004
-0.925,0.00020513869983076154,0.002393765020067296
-0.924,0.0001820288095219885,0.0024260078707806568
-0.923,0.00015815826147376943,0.0024583928608410423
-0.922,0.00013351194933578222,0.0024909098141078505
-0.921,0.00010807465546663485,0.002523548050142636
-0.92,8.183105958754765e-5,0.0025562963690152814
-0.919,5.4765748096062414e-5,0.0025891430358767286
-0.918,2.686322407042387e-5,0.002622075765309819
-0.917,-1.8920820038523717e-6,0.00265508170547132
-0.916,-3.15158007528618e-5,0.0026881474220398515
-0.915,-6.202361164545527e-5,0.002721258881986186
-0.914,-9.343122990266511e-5,0.002754401437184258
-0.913,-0.00012575439255067778,0.002787559807883207
-0.912,-0.00015900884358190938,0.0028207180660628868
-0.911,-0.00019321031818808412,0.0028538596186975175
-0.91,-0.00022837452602862484,0.0028869671909545333
-0.909,-0.00026451713349714246,0.0029200228093581794
-0.908,-0.00030165374494837516,0.0029530077849500747
-0.907,-0.0003397998828475821,0.00298590269648175
-0.906,-0.0003789709668041597,0.003018687373677115
-0.905,-0.0004191822914511261,0.0030513408806059046
-0.904,-0.0004604490031321338,0.0030838414992124005
-0.903,-0.0005027860753578269,0.003116166713047131
-0.902,-0.0005462082829936819,0.0031482931912528034
-0.901,-0.0005907301751419704,0.003180196772859438
-0.9,-0.0006363660466811791,0.0032118524514475333
-0.899,-0.0006831299084271317,0.0032432343602421224
-0.898,-0.000731035455881207,0.0032743157577047204
-0.897,-0.0007800960365324406,0.003305069013694502
-0.896,-0.0008303246156819818,0.0033354655962744683
-0.895,-0.0008817337407603436,0.003365476059242952
-0.894,-0.0009343355041101834,0.0033950700304755054
-0.893,-0.0009881415042099896,0.003424216201167013
-0.892,-0.0010431628053170564,0.0034528823160687827
-0.891,-0.0010994098955115351,0.0034810351648203335
-0.89,-0.0011568926431271673,0.003508640574480654
-0.889,-0.0012156202515585758,0.003535663403368772
-0.888,-0.0012756012124397259,0.003562067536328578
-0.887,-0.0013368432571934017,0.003587815881537926
-0.886,-0.0013993533069573017,0.00361287036898708
-0.885,-0.0014631374208986581,0.003637191950756529
-0.884,-0.0015282007429361611,0.003660740603229065
-0.883,-0.001594547446895433,0.003683475331375689
-0.882,-0.0016621806801323878,0.0037053541752594386
-0.881,-0.0017311025056675202,0.00372633421890545
-0.88,-0.0018013138428835424,0.0037463716016895303
-0.879,-0.0018728144068488233,0.003765421532401093
-0.878,-0.001945602646339793,0.003783438306139483
-0.877,-0.0020196756806468725,0.003800375324205372
-0.876,-0.0020950292352605723,0.0038161851171510342
-0.875,-0.0021716575765471633,0.0038308193711547906
-0.874,-0.0022495534455367738,0.0038442289578856687
-0.873,-0.002328707990960859,0.003856363968024303
-0.872,-0.0024091107016907384,0.0038671737486051837
-0.871,-0.002490749338744236,0.003876606944343488
-0.87,-0.0025736098670433956,0.003884611543106772
-0.869,-0.0026576763871226715,0.003891134925687713
-0.868,-0.002742931067003917,0.0038961239200287286
-0.867,-0.0028293540744717973,0.0038995248600425993
-0.866,-0.0029169235100008828,0.003901283649165097
-0.865,-0.003005615340603527,0.0039013458287659136
-0.864,-0.00309540333488561,0.003899656651532905
-0.863,-0.0031862589996152157,0.0038961611599316317
-0.862,-0.003278151518127138,0.003890804269827361
-0.861,-0.0033710476909037247,0.003883530859340011
-0.86,-0.003464911878689689,0.0038742858629838904
-0.859,-0.003559705948515077,0.003863014371123454
-0.858,-0.003655389223016338,0.003849661734753651
-0.857,-0.003751918433460198,0.0038341736755887006
-0.856,-0.0038492476768886264,0.003816496401416325
-0.855,-0.003947328377815295,0.003796576726645584
-0.854,-0.0040461092549144385,0.003774362197945508
-0.853,-0.004145536293151595,0.0037498012248387974
-0.852,-0.004245552721812104,0.0037228432150799755
-0.851,-0.004346098998887313,0.0036934387146106817
-0.85,-0.004447112802279736,0.0036615395518463894
-0.849,-0.0045485290282868684,0.0036270989860088814
-0.848,-0.004650279797818602,0.0035900718591775167
-0.847,-0.0047522944707950165,0.0035504147516898866
-0.846,-0.004854499669159454,0.003508086140479158
-0.845,-0.004956819308926132,0.0034630465598915
-0.844,-0.005059174641661652,0.003415258764482865
-0.843,-0.005161484305775784,0.003364687893250332
-0.842,-0.005263664387968373,0.003311301634709679
-0.841,-0.0053656284951462165,0.003255070392188215
-0.84,-0.0054672878370861586,0.0031959674486606365
-0.839,-0.005568551320078381,0.0031339691304162367
-0.838,-0.005669325651736986,0.003069054968808724
-0.837,-0.005769515457113519,0.003001207859305664
-0.836,-0.005869023406193199,0.002930414217023717
-0.835,-0.005967750352793441,0.002856664127908901
-0.834,-0.006065595484820127,0.002779951494698636
-0.833,-0.006162456485769157,0.002700274176784778
-0.832,-0.006258229707289612,0.0026176341230848468
-0.831,-0.0063528103525507485,0.0025320374970225286
-0.83,-0.006446092670078506,0.0024434947927189023
-0.829,-0.006537970157648914,0.002352020941502959
-0.828,-0.006628335775746227,0.0022576354078643304
-0.827,-0.006717082170013626,0.0021603622739929398
-0.826,-0.006804101902044495,0.002060230312079807
-0.825,-0.006889287687783559,0.0019572730435906153
-0.824,-0.006972532642730183,0.0018515287847689554
-0.823,-0.007053730533061946,0.0017430406776793937
-0.822,-0.007132776031725857,0.001631856706161528
-0.821,-0.007209564978478327,0.0015180296961348142
-0.82,-0.007283994642794025,0.0014016172997698155
-0.819,-0.007355963988508819,0.001282681963124256
-0.818,-0.0074253739390141285,0.0011612908769313031
-0.817,-0.007492127641779685,0.0010375159103222416
-0.816,-0.007556130730949896,0.0009114335273654184
-0.815,-0.0076172915867361345,0.0007831246864072032
-0.814,-0.0076755215903140045,0.0006526747223078369
-0.813,-0.00773073537293139,0.0005201732117744676
-0.812,-0.007782851057940145,0.0003857138221043395
-0.811,-0.007831790494481964,0.00024939414376195916
-0.81,-0.007877479481587263,0.00011131550732397036
-0.809,-0.00791984798148487,-2.8417214566693483e-5
-0.808,-0.007958830320969723,-0.0001696958194911871
-0.807,-0.007994365379735377,-0.00031240900094318285
-0.806,-0.008026396764647411,-0.00045644258647401344
-0.805,-0.00805487296901239,-0.0006016797872648029
-0.804,-0.00807974751598396,-0.0007480014580149254
-0.803,-0.008100979085342437,-0.0008952863659635484
-0.802,-0.008118531622985694,-0.0010434114677975845
-0.801,-0.008132374432576524,-0.0011922521931458068
-0.8,-0.008142482248903697,-0.0013416827333157337
-0.799,-0.008148835292629605,-0.001491576333897635
-0.798,-0.008151419306215546,-0.0016418055898389443
-0.797,-0.008150225570935064,-0.0017922427415826947
-0.796,-0.008145250905005095,-0.0019427599708653103
-0.795,-0.008136497642983007,-0.002093229694782147
-0.794,-0.00812397359669336,-0.0022435248567532736
-0.793,-0.008107691998060726,-0.0023935192130567977
-0.792,-0.00808767142433262,-0.0025430876136420333
-0.791,-0.008063935706278936,-0.0026921062759893747
-0.79,-0.008036513820050014,-0.0028404530508471795
-0.789,-0.00800543976346402,-0.002988007678747421
-0.788,-0.007970752417574709,-0.0031346520362804955
-0.787,-0.007932495394442646,-0.00328027037119439
-0.786,-0.007890716872095733,-0.0034247495254734234
-0.785,-0.007845469417718264,-0.003567979145645971
-0.784,-0.007796809800151594,-0.0037098518796678612
-0.783,-0.007744798792823399,-0.003850263559827521
-0.782,-0.00768950096824688,-0.0039891133712193555
-0.781,-0.007630984485245884,-0.004126304005432277
-0.78,-0.00756932087006721,-0.004261741799199849
-0.779,-0.0075045847925376795,-0.004395336857856155
-0.778,-0.00743685383841113,-0.004527003163536545
-0.777,-0.007366208279030079,-0.0046566586681539394
-0.776,-0.00729273083939878,-0.004784225371268759
-0.775,-0.007216506465729453,-0.004909629383053215
-0.774,-0.007137622093482334,-0.005032800972628006
-0.773,-0.007056166416873423,-0.00515367460212111
-0.772,-0.006972229660772343,-0.005272188946863893
-0.771,-0.006885903355857012,-0.005388286902198979
-0.77,-0.0067972801178329415,-0.0055019155774270355
-0.769,-0.0067064534314633115,-0.005613026277465736
-0.768,-0.006613517440092486,-0.005721574472833668
-0.767,-0.0065185667412808335,-0.005827519758604904
-0.766,-0.006421696189103398,-0.0059308258030064745
-0.765,-0.006323000703599569,-0.006031460286351269
-0.764,-0.006222575087796153,-0.00612939483101316
-0.763,-0.006120513852662569,-0.0062246049231597
-0.762,-0.006016911050294728,-0.006317069826960897
-0.761,-0.005911860115564052,-0.006406772491990678
-0.76,-0.005805453716410234,-0.0064936994545310624
-0.759,-0.005697783612901186,-0.006577840733478263
-0.758,-0.005588940525131359,-0.006659189721535151
-0.757,-0.005479014009980437,-0.00673774307235641
-0.756,-0.005368092346708568,-0.006813500584291419
-0.755,-0.005256262431321771,-0.006886465081346067
-0.754,-0.005143609679602136,-0.006956642291958567
-0.753,-0.0050302179386618896,-0.007024040726156381
-0.752,-0.004916169406848357,-0.007088671551631868
-0.751,-0.0048015445617982325,-0.007150548469243695
-0.75,-0.004686422096414383,-0.0072096875884196
-0.749,-0.004570878862516461,-0.007266107302904193
-0.748,-0.004454989821897886,-0.007319828167263312
-0.747,-0.004338828004506064,-0.007370872774524367
-0.746,-0.004222464473449925,-0.007419265635300246
-0.745,-0.004105968296528811,-0.007465033058713014
-0.744,-0.003989406523969315,-0.007508203035402942
-0.743,-0.0038728441720515686,-0.007548805122878543
-0.742,-0.0037563442123036534,-0.007586870333434405
-0.741,-0.0036399675659420315,-0.007622431024835793
-0.74,-0.0035237731032369277,-0.007655520793942369
-0.739,-0.0034078176474843583,-0.007686174373417998
-0.738,-0.0032921559832707796,-0.007714427531649568
-0.737,-0.0031768408687219067,-0.007740316975975018
-0.736,-0.0030619230514340634,-0.007763880259299479
-0.735,-0.002947451287794223,-0.007785155690158483
-0.734,-0.002833472365403585,-0.007804182246268662
-0.733,-0.0027200311283289607,-0.007820999491589235
-0.732,-0.002607170504916272,-0.007835647496901741
-0.731,-0.0024949315379109703,-0.007848166763901075
-0.73,-0.00238335341664108,-0.007858598152777662
-0.729,-0.002272473511029714,-0.007866982813258754
-0.728,-0.002162327407215235,-0.007873362119066083
-0.727,-0.0020529489445686513,-0.00787777760573755
-0.726,-0.0019443702539092451,-0.007880270911752224
-0.725,-0.0018366217967308003,-0.007880883722890458
-0.724,-0.0017297324052620282,-0.007879657719754522
-0.723,-0.0016237293231958472,-0.007876634528369657
-0.722,-0.0015186382469330178,-0.00787185567378079
-0.721,-0.0014144833671962012,-0.00786536253655635
-0.72,-0.001311287410880791,-0.007857196312107496
-0.719,-0.0012090716830188161,-0.007847397972728718
-0.718,-0.0011078561087418213,-0.007836008232263958
-0.717,-0.0010076592751378586,-0.007823067513301295
-0.716,-0.0009084984729065896,-0.0078086159167984935
-0.715,-0.0008103897377249547,-0.007792693194041635
-0.714,-0.0007133478912439402,-0.007775338720839264
-0.713,-0.0006173865816446432,-0.007756591473855136
-0.712,-0.0005225183236891024,-0.007736490008983684
-0.711,-0.00042875453820824164,-0.0077150724416735865
-0.71,-0.0003361055909757523,-0.007692376429106412
-0.709,-0.0002445808309228381,-0.007668439154139116
-0.708,-0.00015418862765446815,-0.0076432973109211745
-0.707,-6.493640823313447e-5,-0.0076169870920993
-0.706,2.3169306798892014e-5,-0.007589544177525025
-0.705,0.00011012286818316184,-0.007561003724382863
-0.704,0.00019591946351453973,-0.007531400358659275
-0.703,0.0002805550836326257,-0.007500768167875289
-0.702,0.00036402648984744737,-0.007469140695008263
-0.701,0.00044633118200836363,-0.0074365509335309644
-0.7,0.0005274673674219987,-0.007403031323498854
-0.699,0.0006074339306221666,-0.007368613748619167
-0.698,0.0006862304039921367,-0.007333329534238095
-0.697,0.0007638569392372254,-0.007297209446185034
-0.696,0.0008403142797035475,-0.007260283690415547
-0.695,0.0009156037335368291,-0.007222581913397279
-0.694,0.000989727147673444,-0.007184133203185654
-0.693,0.0010626868826542838,-0.007144966091138673
-0.692,0.0011344857882506943,-0.007105108554222629
-0.691,0.00120512717989049,-0.00706458801786292
-0.69,0.0012746148158709974,-0.007023431359296487
-0.689,0.0013429528753451474,-0.006981664911384682
-0.688,0.0014101459370658403,-0.006939314466847531
-0.687,0.0014761989588731328,-0.006896405282882498
-0.686,0.0015411172579082295,-0.006852962086132915
-0.685,0.0016049064915377935,-0.0068090090779731605
-0.684,0.0016675726389717277,-0.006764569940079641
-0.683,0.001729121983557285,-0.006719667840258373
-0.682,0.001789561095732166,-0.006674325438501762
-0.681,0.0018488968166191246,-0.006628564893248831
-0.68,0.0019071362422445313,-0.006582407867824731
-0.679,0.001964286708363332,-0.006535875537036932
-0.678,0.0020203557758728848,-0.006488988593906913
-0.677,0.0020753512167982413,-0.006441767256517574
-0.676,0.002129281000831571,-0.00639423127495793
-0.675,0.002182153282408603,-0.006346399938347866
-0.674,0.0022339763883051493,-0.006298292081926967
-0.673,0.0022847588057370184,-0.006249926094192531
-0.672,0.002334509170946884,-0.006201319924072991
-0.671,0.002383236258261942,-0.006152491088123937
-0.67,0.0024309489696065106,-0.0061034566777349334
-0.669,0.0024776563244540226,-0.006054233366336204
-0.668,0.0025233674502032058,-0.006004837416595145
-0.667,0.002568091572963581,-0.005955284687593407
-0.666,0.002611838008735755,-0.005905590641976052
-0.665,0.0026546161549723586,-0.005855770353065044
-0.664,0.002696435482505814,-0.005805838511929946
-0.663,0.002737305527829524,-0.005755809434409392
-0.662,0.0027772358857193974,-0.005705697068077442
-0.661,0.002816236202183038,-0.005655514999149537
-0.66,0.002854316167724255,-0.005605276459323249
-0.659,0.0028914855109109542,-0.005554994332549537
-0.658,0.0029277539922348064,-0.005504681161730674
-0.657,0.002963131398251467,-0.005454349155341418
-0.656,0.0029976275359904765,-0.005404010193970432
-0.655,0.0030312522276243147,-0.005353675836779288
-0.654,0.003064015305386435,-0.005303357327876777
-0.653,0.0030959266067284523,-0.005253065602606537
-0.652,0.003126995969706975,-0.005202811293746317
-0.651,0.003157233228590919,-0.005152604737617489
-0.65,0.0031866482096804447,-0.00510245598010365
-0.649,0.00321525072732899,-0.005052374782577408
-0.648,0.003243050580160154,-0.005002370627734672
-0.647,0.003270057547471514,-0.004952452725335938
-0.646,0.003296281385817719,-0.004902630017854297
-0.645,0.003321731825765508,-0.004852911186029999
-0.644,0.0033464185688135617,-0.004803304654331643
-0.643,0.0033703512844703767,-0.0047538185963241116
-0.642,0.0033935396074835913,-0.004704460939943595
-0.641,0.0034159931352144624,-0.004655239372680101
-0.64,0.0034377214251514244,-0.004606161346667973
-0.639,0.0034587339925568985,-0.004557234083685076
-0.638,0.0034790403082417517,-0.004508464580061314
-0.637,0.0034986497964620217,-0.004459859611497338
-0.636,0.0035175718329327394,-0.004411425737794246
-0.635,0.0035358157429538845,-0.0043631693074952654
-0.634,0.0035533907996437076,-0.004315096462440365
-0.633,0.003570306222274847,-0.004267213142234858
-0.632,0.00358657117470885,-0.004219525088633071
-0.631,0.0036021947639248886,-0.004172037849838203
-0.63,0.003617186038638625,-0.004124756784719526
-0.629,0.0036315539880073626,-0.004077687066948116
-0.628,0.003645307540417755,-0.004030833689052319
-0.627,0.0036584555623525197,-0.003984201466394169
-0.626,0.003671006857332736,-0.003937795041068021
-0.625,0.003682970164932459,-0.003891618885722629
-0.624,0.0036943541598625004,-0.0038456773073079465
-0.623,0.003705167451120388,-0.0037999744507479162
-0.622,0.003715418581203603,-0.003754514302540516
-0.621,0.0037251160253833457,-0.0037093006942863333
-0.62,0.003734268191036187,-0.0036643373061469465
-0.619,0.0037428834170310592,-0.003619627670234368
-0.618,0.0037509699731691744,-0.003575175173932817
-0.617,0.003758536059674536,-0.0035309830631540745
-0.616,0.003765589806732819,-0.0034870544455276632
-0.615,0.0037721392740764905,-0.003443392293527085
-0.614,0.0037781924506141208,-0.00339999944753334
-0.613,0.0037837572541019387,-0.003356878618836937
-0.612,0.003788841530855754,-0.00331403239257959
-0.611,0.0037934530555014476,-0.0032714632306367793
-0.61,0.0037975995307623278,-0.003229173474442348
-0.609,0.0038012885872816906,-0.0031871653477562765
-0.608,0.0038045277834790254,-0.0031454409593767766
-0.607,0.0038073246054383457,-0.00310400230579781
-0.606,0.003809686466827212,-0.0030628512738131394
-0.605,0.003811620708845057,-0.003021989643067985
-0.604,0.0038131346001994927,-0.002981419088559352
-0.603,0.0038142353371093327,-0.002941141183086074
-0.602,0.0038149300433331142,-0.0029011573996495918
-0.601,0.0038152257702219585,-0.0028614691138064783
-0.6,0.0038151294967956545,-0.0028220776059736993
-0.599,0.0038146481298409057,-0.0027829840636875705
-0.598,0.00381378850403071,-0.002744189583817372
-0.597,0.003812557382063903,-0.0027056951747345395
-0.596,0.00381096145482392,-0.002667501758438361
-0.595,0.00380900734155589,-0.002629610172639053
-0.594,0.003806701590061189,-0.002592021172799114
-0.593,0.00380405067690864,-0.002554735434133795
-0.592,0.0038010610076615616,-0.002517753553571539
-0.591,0.003797738917119917,-0.0024810760516752067
-0.59,0.003794090669576832,-0.0024447033745248928
-0.589,0.0037901224590887904,-0.0024086358955631238
-0.588,0.003785840409758842,-0.0023728739174032018
-0.587,0.0037812505760321797,-0.0023374176736014564
-0.586,0.003776358943003482,-0.0023022673303941302
-0.585,0.0037711714267354237,-0.002267422988399631
-0.584,0.003765693874587804,-0.002232884684286847
-0.583,0.0037599320655567433,-0.0021986523924102156
-0.582,0.0037538917106234304,-0.002164726026412223
-0.581,0.003747578453111935,-0.0021311054407939893
-0.58,0.0037409978690555942,-0.0020977904324545847
-0.579,0.0037341554675715295,-0.002064780742199706
-0.578,0.0037270566912428415,-0.002032076056220329
-0.577,0.0037197069165080775,-0.0019996760075419342
-0.576,0.0037121114540575534,-0.001967580177444904
-0.575,0.0037042755492361513,-0.001935788096856647
-0.574,0.003696204382452217,-0.0019042992477160349
-0.573,0.003687903069592197,-0.0018731130643106773
-0.572,0.0036793766624406816,-0.0018422289345875866
-0.571,0.0036706301491055073,-0.0018116462014377503
-0.57,0.0036616684544476187,-0.0017813641639551243
-0.569,0.003652496440515376,-0.001751382078670548
-0.568,0.003643118906983018,-0.001721699160761069
-0.567,0.003633540591592995,-0.00169231458523516
-0.566,0.003623766170601911,-0.0016632274880942894
-0.565,0.0036138002592298064,-0.0016344369674713096
-0.564,0.003603647412112533,-0.0016059420847461033
-0.563,0.0035933121237569873,-0.0015777418656389307
-0.562,0.00358279882899896,-0.0015498353012818997
-0.561,0.003572111903463393,-0.001522221349268982
-0.56,0.003561255664026816,-0.0014948989346849793
-0.559,0.0035502343692817694,-0.0014678669511138409
-0.558,0.0035390522200030093,-0.0014411242616267255
-0.557,0.0035277133596153033,-0.001414669699750186
-0.556,0.003516221874662638,-0.0013885020704148539
-0.555,0.0035045817952786594,-0.0013626201508849872
-0.554,0.003492797095658178,-0.0013370226916692434
-0.553,0.0034808716945295736,-0.0013117084174130223
-0.552,0.0034688094556279423,-0.0012866760277727275
-0.551,0.003456614188168839,-0.0012619241982722766
-0.55,0.00344428964732246,-0.0012374515811421935
-0.549,0.0034318395346881413,-0.0012132568061416003
-0.548,0.0034192674987690154,-0.001189338481363427
-0.547,0.003406577135446719,-0.001165695194023143
-0.546,0.0033937719884560118,-0.0011423255112313173
-0.545,0.003380855549859191,-0.0011192279807502987
-0.544,0.0033678312605201826,-0.0010964011317353074
-0.543,0.0033547025105782028,-0.0010738434754602227
-0.542,0.003341472639920876,-0.0010515535060283412
-0.541,0.0033281449386567104,-0.001029529701068382
-0.54,0.003314722647586825,-0.0010077705224160005
-0.539,0.00330120895867584,-0.0009862744167810802
-0.538,0.003287607015521833,-0.0009650398164010479
-0.537,0.0032739199138252704,-0.0009440651396804736
-0.536,0.003260150701856834,-0.0009233487918171954
-0.535,0.003246302380924051,-0.0009028891654152126
-0.534,0.003232377905836662,-0.0008826846410845836
-0.533,0.0032183801853706336,-0.0008627335880285612
-0.532,0.003204312082730755,-0.0008430343646181923
-0.531,0.003190176416011742,-0.0008235853189546051
-0.53,0.0031759759586577796,-0.0008043847894192051
-0.529,0.003161713439920444,-0.0007854311052119914
-0.528,0.00314739154531493,-0.0007667225868782071
-0.527,0.0031330129170745362,-0.00074825754682353
-0.526,0.0031185801546033355,-0.0007300342898180059
-0.525,0.003104095814926991,-0.0007120511134889247
-0.524,0.0030895624131416504,-0.0006943063088028361
-0.523,0.0030749824228608704,-0.0006767981605368936
-0.522,0.0030603582766605296,-0.0006595249477397209
-0.521,0.00304569236652167,-0.0006424849441819799
-0.52,0.0030309870442712314,-0.0006256764187968272
-0.519,0.0030162446220206303,-0.0006090976361104353
-0.518,0.003001467372602143,-0.0005927468566627542
-0.517,0.0029866575300030516,-0.000576622337418687
-0.516,0.0029718172897975166,-0.0005607223321698468
-0.515,0.0029569488095761375,-0.0005450450919270643
-0.514,0.0029420542093731693,-0.0005295888653038061
-0.513,0.0029271355720913547,-0.0005143518988906673
-0.512,0.002912194943924351,-0.0004993324376210949
-0.511,0.0028972343347767097,-0.00048452872512849693
-0.51,0.00288225571868139,-0.00046993900409489104
-0.509,0.002867261034214768,-0.0004555615165912413
-0.508,0.002852252184909128,-0.00044139450440963104
-0.507,0.0028372310396625987,-0.00042743620938741675
-0.506,0.0028221994331465187,-0.00041368487372350516
-0.505,0.002807159166210206,-0.00040013874028689404
-0.504,0.002792112006283111,-0.00038679605291761394
-0.503,0.002777059687774333,-0.0003736550567202062
-0.502,0.002762003912469479,-0.0003607139983498714
-0.501,0.002746946349924854,-0.00034797112629141773
-0.5,0.002731888637858955,-0.0003354246911311397
-0.499,0.0027168323825412653,-0.00032307294582175223
-0.498,0.0027017791591783277,-0.0003109141459405064
-0.497,0.0026867305122970785,-0.00029894654994060816
-0.496,0.0026716879561254456,-0.0002871684193960614
-0.495,0.0026566529749701777,-0.0002755780192400537
-0.494,0.0026416270235919154,-0.0002641736179970012
-0.493,0.0026266115275774752,-0.00025295348800836873
-0.492,0.0026116078837093524,-0.000241915905652376
-0.491,0.0025966174603324257,-0.00023105915155770322
-0.49,0.002581641597717859,-0.00022038151081130438
-0.489,0.0025666816084241972,-0.00020988127316043598
-0.488,0.0025517387776556417,-0.00019955673320900733
-0.487,0.0025368143636175116,-0.0001894061906083568
-0.486,0.002521909597868877,-0.00017942795024255612
-0.485,0.002507025685672368,-0.00016962032240834426
-0.484,0.002492163806341149,-0.00015998162298979
-0.483,0.0024773251135830664,-0.0001505101736277808
-0.482,0.002462510735841956,-0.0001412043018844348
-0.481,0.002447721776636122,-0.00013206234140252993
-0.48,0.0024329593148939748,-0.0001230826320600441
-0.479,0.002418224405286839,-0.0001142635201198978
-0.478,0.002403518078558926,-0.0001056033583749894
-0.477,0.002388841341854476,-9.710050628861258e-5
-0.476,0.002374195179042067,-8.875333013034276e-5
-0.475,0.002359580551036099,-8.056020310747917e-5
-0.474,0.002344998396115455,-7.251950549212712e-5
-0.473,0.0023304496302393404,-6.462962474400399e-5
-0.472,0.0023159351473603053,-5.688895562905107e-5
-0.471,0.002301455819734457,-4.9295900333932335e-5
-0.47,0.002287012498228868,-4.1848868576499356e-5
-0.469,0.0022726060126261774,-3.454627771230116e-5
-0.468,0.002258237171926405,-2.738655283721584e-5
-0.467,0.0022439067646459723,-2.0368126886280077e-5
-0.466,0.0022296155591139434,-1.3489440728791105e-5
-0.465,0.002215364303765493,-6.7489432597549e-6
-0.464,0.002201153727432607,-1.4509148775283725e-7
-0.463,0.002186984539632028,6.323649380701785e-6
-0.462,0.002172857430850444,1.2658805860247258e-5
-0.461,0.002158773072826944,1.8861896109127905e-5
-0.46,0.002144732118832737,2.493442985495152e-5
-0.459,0.0021307352039481513,3.087790832368282e-5
-0.458,0.0021167829453369175,3.669382417180713e-5
-0.457,0.0021028759425177537,4.238366142159946e-5
-0.456,0.0020890147776332557,4.794889539943509e-5
-0.455,0.0020752000157161048,5.3390992677078994e-5
-0.454,0.0020614322049526093,5.8711411015892274e-5
-0.453,0.0020477118769435827,6.39115993138946e-5
-0.452,0.0020340395469625747,6.899299755562318e-5
-0.451,0.0020204157142114693,7.395703676472882e-5
-0.45,0.002006840862073457,7.880513895925162e-5
-0.449,0.0019933154583633927,8.353871710951893e-5
-0.448,0.0019798399555755585,8.815917509860942e-5
-0.447,0.00196641479112884,9.266790768532827e-5
-0.446,0.0019530403876093232,9.70663004696387e-5
-0.445,0.0019397171530103384,0.00010135572986049677
-0.444,0.0019264454809699517,0.00010553756304603651
-0.443,0.0019132257510059243,0.0001096131579660537
-0.442,0.0019000583287481516,0.00011358386328673728
-0.441,0.001886943566168596,0.00011745101837759838
-0.44,0.0018738818018087268,0.00012121595329054741
-0.439,0.001860873361004483,0.00012487998874107095
-0.438,0.0018479185561087695,0.00012844443609146035
-0.437,0.0018350176867115086,0.00013191059733604554
-0.436,0.0018221710398572501,0.00013527976508838737
-0.435,0.0018093788902603675,0.00013855322257038324
-0.434,0.0017966415005178434,0.0001417322436032414
-0.433,0.0017839591213196682,0.0001448180926002799
-0.432,0.0017713319916568607,0.0001478120245615067
-0.431,0.0017587603390271306,0.00015071528506993876
-0.43,0.001746244379638193,0.00015352911028961806
-0.429,0.0017337843186087556,0.0001562547269652835
-0.428,0.001721380350167191,0.00015889335242365817
-0.427,0.0017090326578479086,0.0001614461945763122
-0.426,0.001696741414685445,0.0001639144519240621
-0.425,0.0016845067834062848,0.00016629931356286834
-0.424,0.0016723289166184318,0.00016860195919119267
-0.423,0.0016602079569987417,0.00017082355911877904
-0.422,0.0016481440374780355,0.0001729652742768206
-0.421,0.0016361372814240078,0.0001750282562294774
-0.42,0.001624187802821947,0.00017701364718670942
-0.419,0.001612295706453282,0.00017892258001838993
-0.418,0.0016004610880719738,0.00018075617826966546
-0.417,0.0015886840345787634,0.00018251555617752833
-0.416,0.0015769646241932977,0.00018420181868856957
-0.415,0.001565302926624146,0.0001858160614778788
-0.414,0.0015536990032367238,0.00018735937096906025
-0.413,0.0015421529072191394,0.00018883282435533285
-0.412,0.0015306646837459819,0.00019023748962168437
-0.411,0.0015192343701400633,0.00019157442556804873
-0.41,0.0015078619960321334,0.00019284468183347722
-0.409,0.0014965475835185824,0.0001940492989212747
-0.408,0.0014852911473171478,0.0001951893082250714
-0.407,0.001474092694920641,0.00019626573205580315
-0.406,0.001462952226748711,0.0001972795836695717
-0.405,0.0014518697362976597,0.00019823186729635845
-0.404,0.0014408452102883265,0.00019912357816956452
-0.403,0.0014298786288120563,0.0001999557025563518
-0.402,0.0014189699654747689,0.00020072921778875824
-0.401,0.0014081191875391441,0.00020144509229556314
-0.4,0.0013973262560649405,0.0002021042856348771
-0.399,0.001386591126047461,0.0002027077485274326
-0.398,0.0013759137465541845,0.00020325642289055132
-0.397,0.0013652940608595747,0.00020375124187276456
-0.396,0.0013547320065780894,0.0002041931298890644
-0.395,0.0013442275157953966,0.00020458300265676239
-0.394,0.0013337805151978212,0.00020492176723193385
-0.393,0.001323390926200034,0.00020521032204642652
-0.392,0.0013130586650709991,0.00020544955694541152
-0.391,0.0013027836430581957,0.00020564035322545644
-0.39,0.0012925657665101302,0.00020578358367309954
-0.389,0.0012824049369971526,0.0002058801126039054
-0.388,0.001272301051430595,0.00020593079590198183
-0.387,0.0012622540021802447,0.00020593648105993935
-0.386,0.0012522636771901698,0.0002058980072192736
-0.385,0.001242329960092911,0.00020581620521115273
-0.384,0.0012324527303220537,0.000205691897597591
-0.383,0.0012226318632232002,0.00020552589871299117
-0.382,0.00121286723016335,0.0002053190147060382
-0.381,0.0012031586986387091,0.00020507204358192655
-0.38,0.0011935061323809406,0.00020478577524490497
-0.379,0.0011839093914618713,0.00020446099154112192
-0.378,0.0011743683323966693,0.0002040984663017557
-0.377,0.0011648828082455086,0.00020369896538641324
-0.376,0.0011554526687137326,0.00020326324672678236
-0.375,0.0011460777602505332,0.00020279206037052228
-0.374,0.0011367579261461595,0.0002022861485253772
-0.373,0.001127493006627669,0.0002017462456034992
-0.372,0.0011182828389532382,0.00020117307826596526
-0.371,0.001109127257505044,0.00020056736546747548
-0.37,0.001100026093880732,0.00019992981850121787
-0.369,0.0010909791769834832,0.0001992611410438875
-0.368,0.0010819863331106975,0.00019856202920084582
-0.367,0.001073047386041303,0.00019783317155140843
-0.366,0.0010641621571217074,0.00019707524919424803
-0.365,0.0010553304653504036,0.000196288935792901
-0.364,0.0010465521274612465,0.00019547489762136502
-0.363,0.001037826958005409,0.0001946337936097768
-0.362,0.001029154769432036,0.00019376627539015794
-0.361,0.0010205353721676053,0.00019287298734221815
-0.36,0.0010119685746940118,0.00019195456663920465
-0.359,0.0010034541836253866,0.00019101164329378753
-0.358,0.000994992003783663,0.00019004484020397033
-0.357,0.0009865818382729051,0.00018905477319901582
-0.356,0.0009782234885524093,0.00018804205108537725
-0.355,0.0009699167545085922,0.00018700727569262524
-0.354,0.0009616614345256773,0.00018595104191936087
-0.353,0.0009534573255551947,0.00018487393777910605
-0.352,0.0009453042231843029,0.00018377654444616176
-0.351,0.0009372019217029479,0.00018265943630142598
-0.35,0.0009291502141698714,0.0001815231809781623
-0.349,0.0009211488924774781,0.00018036833940771125
-0.348,0.0009131977474155768,0.00017919546586513593
-0.347,0.000905296568734006,0.00017800510801479458
-0.346,0.0008974451452041553,0.0001767978069558318
-0.345,0.0008896432646793958,0.00017557409726758153
-0.344,0.0008818907141544291,0.00017433450705487406
-0.343,0.0008741872798235693,0.00017307955799324032
-0.342,0.0008665327471379651,0.00017180976537400645
-0.341,0.0008589269008617793,0.00017052563814927204
-0.34,0.0008513695251273301,0.00016922767897676537
-0.339,0.0008438604034892121,0.00016791638426456962
-0.338,0.0008363993189774013,0.00016659224421571373
-0.337,0.0008289860541493618,0.00016525574287262206
-0.336,0.0008216203911411592,0.00016390735816141706
-0.335,0.0008143021117175952,0.0001625475619360692
-0.334,0.0008070309973213722,0.00016117682002238936
-0.333,0.0007998068291212993,0.00015979559226185735
-0.332,0.0007926293880595497,0.00015840433255528267
-0.331,0.0007854984548979799,0.00015700348890629174
-0.33,0.000778413810263521,0.00015559350346463732
-0.329,0.0007713752346926526,0.0001541748125693251
-0.328,0.0007643825086749681,0.00015274784679155369
-0.327,0.0007574354126958433,0.000151313030977463
-0.326,0.0007505337272782162,0.0001498707842906873
-0.325,0.0007436772330234895,0.00014842152025470898
-0.324,0.0007368657106515632,0.00014696564679500898
-0.323,0.0007300989410400099,0.00014550356628101037
-0.322,0.0007233767052623997,0.0001440356755678116
-0.321,0.0007166987846257844,0.0001425623660377057
-0.32,0.0007100649607073522,0.0001410840236414825
-0.319,0.0007034750153902596,0.00013960102893951064
-0.318,0.000696928730898651,0.00013811375714259646
-0.317,0.0006904258898318752,0.00013662257815261653
-0.316,0.0006839662751979061,0.00013512785660292178
-0.315,0.0006775496704459783,0.0001336299518985099
-0.314,0.0006711758594984455,0.00013212921825596417
-0.313,0.0006648446267818694,0.00013062600474315593
-0.312,0.0006585557572573496,0.0001291206553187086
-0.311,0.0006523090364501011,0.00012761350887122136
-0.31,0.0006461042504782887,0.00012610489925825026
-0.309,0.0006399411860811265,0.00012459515534504487
-0.308,0.00063381963064625,0.000123084601043039
-0.307,0.00062773937223637,0.00012157355534809342
-0.306,0.0006217001996152148,0.00012006233237848986
-0.305,0.0006157019022727705,0.00011855124141267368
-0.304,0.0006097442704498249,0.00011704058692674504
-0.303,0.0006038270951618252,0.00011553066863169683
-0.302,0.0005979501682220548,0.00011402178151039821
-0.301,0.0005921132822641384,0.00011251421585432319
-0.3,0.0005863162307638825,0.00011100825730002283
-0.299,0.0005805588080604576,0.00010950418686534087
-0.298,0.0005748408093769315,0.00010800228098537153
-0.297,0.0005691620308401583,0.00010650281154815945
-0.296,0.0005635222695000329,0.00010500604593014078
-0.295,0.0005579213233481156,0.00010351224703132555
-0.294,0.0005523589913356362,0.00010202167331022049
-0.293,0.0005468350733908817,0.00010053457881849256
-0.292,0.0005413493704359776,9.905121323537288e-5
-0.291,0.0005359016844030659,9.757182190180099e-5
-0.29,0.0005304918182498906,9.609664585430967e-5
-0.289,0.0005251195759747929,9.462592185865035e-5
-0.288,0.0005197847626311265,9.315988244315943e-5
-0.287,0.0005144871843410967,9.169875593186585e-5
-0.286,0.0005092266483090309,9.024276647734028e-5
-0.285,0.0005040029628340867,8.87921340932864e-5
-0.284,0.0004988159373224033,8.734707468687508e-5
-0.283,0.0004936653822987028,8.590780009082179e-5
-0.282,0.0004885511094173473,8.447451809520818e-5
-0.281,0.0004834729314728578,8.304743247904871e-5
-0.28,0.00047843066240990087,8.162674304160303e-5
-0.279,0.00047342411733274846,8.021264563343532e-5
-0.278,0.0004684531125142175,7.88053321872214e-5
-0.277,0.0004635174654040943,7.740499074830499e-5
-0.276,0.0004586169946370498,7.601180550500409e-5
-0.275,0.0004537515200400509,7.46259568186689e-5
-0.274,0.0004489208626392734,7.324762125349262e-5
-0.273,0.00044412484466652266,7.187697160607641e-5
-0.272,0.0004393632895651665,7.051417693475028e-5
-0.271,0.0004346360219955862,6.915940258865102e-5
-0.27,0.00042994286784015043,6.781281023655934e-5
-0.269,0.0004252836542077178,6.64745578954974e-5
-0.268,0.0004206582094376733,6.514479995908886e-5
-0.267,0.0004160663631035024,6.382368722568305e-5
-0.266,0.00041150794601591006,6.251136692624523e-5
-0.265,0.00040698279022548733,6.120798275201499e-5
-0.264,0.0004024907290249323,5.991367488193455e-5
-0.263,0.0003980315969508287,5.8628580009849294e-5
-0.262,0.0003936052297849885,5.735283137148252e-5
-0.261,0.00038921146455536215,5.6086558771186715e-5
-0.26,0.00038485013953652145,5.4829888608473506e-5
-0.259,0.0003805210942497198,5.358294390432469e-5
-0.258,0.00037622416946253475,5.2345844327286676e-5
-0.257,0.00037195920718809686,5.111870621935082e-5
-0.256,0.0003677260506839092,4.990164262162208e-5
-0.255,0.0003635245444502633,4.869476329977864e-5
-0.254,0.0003593545342282542,4.749817476932495e-5
-0.253,0.00035521586699740007,4.6311980320641095e-5
-0.252,0.0003511083909728708,4.5136280043830915e-5
-0.251,0.0003470319556023291,4.39711708533719e-5
-0.25,0.00034298641156238897,4.2816746512569525e-5
-0.249,0.00033897161075469566,4.1673097657818985e-5
-0.248,0.00033498740630163114,4.0540311822677225e-5
-0.247,0.0003310336525416493,3.941847346174827e-5
-0.246,0.00032711020502424495,3.830766397438485e-5
-0.245,0.0003232169205045609,3.72079617282095e-5
-0.244,0.00031935365693763675,3.611944208245809e-5
-0.243,0.0003155202734723036,3.504217741114921e-5
-0.242,0.00031171663044472883,3.397623712608242e-5
-0.241,0.0003079425893716148,3.29216876996688e-5
-0.24,0.0003041980129430549,3.1878592687597055e-5
-0.239,0.0003004827650150515,3.084701275133854e-5
-0.238,0.00029679671060169955,2.9827005680494745e-5
-0.237,0.000293139715867039,2.8818626414990535e-5
-0.236,0.0002895116481165809,2.782192706711682e-5
-0.235,0.00028591237578850994,2.6836956943426127e-5
-0.234,0.0002823417684445679,2.5863762566484696e-5
-0.233,0.00027879969676062135,2.490238769648479e-5
-0.232,0.00027528603251691784,2.3952873352720876e-5
-0.231,0.00027180064858803315,2.3015257834933416e-5
-0.23,0.0002683434189325148,2.208957674452408e-5
-0.229,0.0002649142185822244,2.117586300564617e-5
-0.228,0.00026151292363138284,2.0274146886174166e-5
-0.227,0.0002581394112253218,1.9384456018556236e-5
-0.226,0.00025479355954894587,1.850681542055373e-5
-0.225,0.00025147524781490773,1.76412475158716e-5
-0.224,0.00024818435625150104,1.67877721546838e-5
-0.223,0.00024492076609027437,1.5946406634057707e-5
-0.222,0.00024168435955336921,1.5117165718281704e-5
-0.221,0.0002384750198405867,1.4300061659100054e-5
-0.22,0.00023529263111618547,1.3495104215859252e-5
-0.219,0.0002321370784954153,1.2702300675570069e-5
-0.218,0.00022900824803078924,1.1921655872889558e-5
-0.217,0.00022590602669809868,1.1153172210027322e-5
-0.216,0.000222830302382174,1.0396849676580351e-5
-0.215,0.00021978096386239518,9.652685869300822e-6
-0.214,0.00021675790079795577,8.920676011801251e-6
-0.213,0.00021376100371288333,8.200812974201435e-6
-0.212,0.0002107901639808208,7.493087292721643e-6
-0.211,0.00020784527380957168,6.797487189226594e-6
-0.21,0.00020492622622541313,6.113998590724707e-6
-0.209,0.0002020329150571804,5.442605148827246e-6
-0.208,0.0001991652349201264,4.783288259171908e-6
-0.207,0.00019632308119955984,4.136027080815534e-6
-0.206,0.0001935063500342659,3.500798555600568e-6
-0.205,0.00019071493829971327,2.877577427499973e-6
-0.204,0.00018794874359105075,2.266336261945327e-6
-0.203,0.00018520766420589764,1.6670454651428398e-6
-0.202,0.00018249159912693162,1.0796733033820735e-6
-0.201,0.00017980044800427786,5.041859223421738e-7
-0.2,0.0001771341111377031,-5.9452633599557226e-8
-0.199,0.00017449248945861884,-6.112804020518898e-7
-0.198,0.0001718754845118973,-1.15133748328181e-6
-0.197,0.0001692829984375041,-1.67966602086967e-6
-0.196,0.00016671493395195176,-2.1963101823424147e-6
-0.195,0.00016417119432957789,-2.701316139779924e-6
-0.194,0.00016165168338365217,-3.1947320503894968e-6
-0.193,0.00015915630544731624,-3.676608037043473e-6
-0.192,0.0001566849653543603,-4.146996168774972e-6
-0.191,0.0001542375684198413,-4.605950441226712e-6
-0.19,0.0001518140204205458,-5.053526757047835e-6
-0.189,0.0001494142275753031,-5.489782906233675e-6
-0.188,0.00014703809652515177,-5.914778546403363e-6
-0.187,0.00014468553431336455,-6.328575183010149e-6
-0.186,0.000142356448365336,-6.73123614947933e-6
-0.185,0.00014005074646833687,-7.122826587268612e-6
-0.184,0.00013776833675114064,-7.503413425845776e-6
-0.183,0.00013550912766352563,-7.873065362578459e-6
-0.182,0.00013327302795565824,-8.231852842530859e-6
-0.181,0.00013105994665736168,-8.579848038162204e-6
-0.18,0.00012886979305727473,-8.91712482892173e-6
-0.179,0.00012670247668190583,-9.243758780735009e-6
-0.178,0.00012455790727458678,-9.559827125376357e-6
-0.177,0.0001224359947743318,-9.865408739722139e-6
-0.176,0.00012033664929460613,-1.0160584124879706e-5
-0.175,0.00011825978110200973,-1.0445435385186741e-5
-0.174,0.00011620530059488148,-1.0720046207075786e-5
-0.173,0.00011417311828182862,-1.098450183779869e-5
-0.172,0.00011216314476018695,-1.1238889064005753e-5
-0.171,0.0001101752906944176,-1.1483296190174324e-5
-0.17,0.00010820946679444513,-1.1717813016881614e-5
-0.169,0.00010626558379394336,-1.1942530818916503e-5
-0.168,0.00010434355242857397,-1.21575423232251e-5
-0.167,0.00010244328341418403,-1.2362941686684859e-5
-0.166,0.00010056468742496811,-1.2558824473702022e-5
-0.165,9.870767507160117e-5,-1.2745287633627215e-5
-0.164,9.687215687934795e-5,-1.2922429477983981e-5
-0.163,9.505804326615536e-5,-1.3090349657505108e-5
-0.162,9.3265244520734e-5,-1.3249149138971583e-5
-0.161,9.149367078063504e-5,-1.3398930181849036e-5
-0.16,8.974323201032924e-5,-1.3539796314716563e-5
-0.159,8.801383797929438e-5,-1.3671852311482816e-5
-0.158,8.630539824011807e-5,-1.3795204167384314e-5
-0.157,8.461782210662256e-5,-1.3909959074760912e-5
-0.156,8.29510186320186e-5,-1.40162253986034e-5
-0.155,8.130489658709534e-5,-1.4114112651868276e-5
-0.154,7.967936443845349e-5,-1.420373147055472e-5
-0.153,7.807433032678894e-5,-1.4285193588538823e-5
-0.152,7.648970204523448e-5,-1.4358611812160257e-5
-0.151,7.492538701776689e-5,-1.4424099994556461e-5
-0.15,7.338129227768738e-5,-1.4481773009739602e-5
-0.149,7.185732444618295e-5,-1.4531746726411535e-5
-0.148,7.035338971097678e-5,-1.4574137981512051e-5
-0.147,6.886939380507582e-5,-1.4609064553495758e-5
-0.146,6.740524198562354e-5,-1.4636645135332991e-5
-0.145,6.596083901286659e-5,-1.4656999307230215e-5
-0.144,6.453608912924367e-5,-1.4670247509065405e-5
-0.143,6.313089603860536e-5,-1.467651101253401e-5
-0.142,6.174516288557384e-5,-1.4675911893001113e-5
-0.141,6.037879223505134e-5,-1.4668573001055522e-5
-0.14,5.9031686051886685e-5,-1.4654617933761544e-5
-0.139,5.770374568070907e-5,-1.4634171005604324e-5
-0.138,5.639487182593872e-5,-1.460735721912468e-5
-0.137,5.5104964531983965e-5,-1.4574302235239436e-5
-0.136,5.383392316363467e-5,-1.45351323432434e-5
-0.135,5.258164638666194e-5,-1.4489974430489134e-5
-0.134,5.1348032148634324e-5,-1.4438955951740862e-5
-0.133,5.0132977659960964e-5,-1.4382204898198864e-5
-0.132,4.893637937517204e-5,-1.4319849766190885e-5
-0.131,4.7758132974447445e-5,-1.4252019525527152e-5
-0.13,4.659813334540453e-5,-1.417884358751571e-5
-0.129,4.545627456515605e-5,-1.4100451772634914e-5
-0.128,4.433244988264958e-5,-1.4016974277860062e-5
-0.127,4.3226551701300024e-5,-1.3928541643641195e-5
-0.126,4.213847156192682e-5,-1.3835284720529345e-5
-0.125,4.106810012600787e-5,-1.3737334635448541e-5
-0.124,4.0015327159262215e-5,-1.3634822757611083e-5
-0.123,3.898004151557391e-5,-1.3527880664073737e-5
-0.122,3.796213112126959e-5,-1.3416640104932644e-5
-0.121,3.696148295976251e-5,-1.33012329681549e-5
-0.12,3.597798305657612e-5,-1.3181791244044942e-5
-0.119,3.501151646476037e-5,-1.3058446989344045e-5
-0.118,3.406196725071415e-5,-1.2931332290961374e-5
-0.117,3.3129218480427666e-5,-1.2800579229335317e-5
-0.116,3.221315220615859e-5,-1.2666319841423888e-5
-0.115,3.131364945355624e-5,-1.252868608332331e-5
-0.114,3.0430590209248094e-5,-1.2387809792514019e-5
-0.113,2.956385340890342e-5,-1.224382264973357e-5
-0.112,2.871331692578885e-5,-1.2096856140476148e-5
-0.111,2.7878857559831126e-5,-1.1947041516118625e-5
-0.11,2.706035102720239e-5,-1.1794509754673318e-5
-0.109,2.6257671950443783e-5,-1.1639391521167884e-5
-0.108,2.5470693849143243e-5,-1.1481817127653004e-5
-0.107,2.4699289131183793e-5,-1.1321916492838827e-5
-0.106,2.3943329084578782e-5,-1.1159819101361361e-5
-0.105,2.3202683869910908e-5,-1.0995653962680317e-5
-0.104,2.247722251339204e-5,-1.0829549569610215e-5
-0.103,2.1766812900561265e-5,-1.0661633856486814e-5
-0.102,2.1071321770638765e-5,-1.0492034156971312e-5
-0.101,2.039061471155348e-5,-1.0320877161495051e-5
-0.1,1.972455615566283e-5,-1.0148288874347762e-5
-0.099,1.9073009376183036e-5,-9.974394570412835e-6
-0.098,1.8435836484348895e-5,-9.799318751553354e-6
-0.097,1.7812898427322245e-5,-9.623185102653068e-6
-0.096,1.720405498686854e-5,-9.44611644731686e-6
-0.095,1.6609164778821467e-5,-9.268234703235625e-6
-0.094,1.6028085253355675e-5,-9.08966083722095e-6
-0.093,1.546067269608818e-5,-8.910514819915378e-6
-0.092,1.4906782230029229e-5,-8.73091558018444e-6
-0.091,1.4366267818403884e-5,-8.55098095919723e-6
-0.09,1.383898226836577e-5,-8.370827664202585e-6
-0.089,1.332477723562498e-5,-8.190571222008602e-6
-0.088,1.2823503230012327e-5,-8.010325932173616e-6
-0.087,1.2335009622002635e-5,-7.830204819917306e-6
-0.086,1.1859144650220033e-5,-7.650319588761208e-6
-0.085,1.1395755429948692e-5,-7.470780572908375e-6
-0.084,1.0944687962672767e-5,-7.2916966893725905e-6
-0.083,1.050578714666974e-5,-7.113175389868084e-6
-0.082,1.0078896788681776e-5,-6.9353226124713744e-6
-0.081,9.66385961669007e-6,-6.75824273306747e-6
-0.08,9.260517293817649e-6,-6.5820385165933426e-6
-0.079,8.86871043338648e-6,-6.406811068092285e-6
-0.078,8.48827861515519e-6,-6.232659783593486e-6
-0.077,8.119060402764157e-6,-6.059682300831874e-6
-0.076,7.76089336241518e-6,-5.887974449824095e-6
-0.075,7.413614082813451e-6,-5.717630203317248e-6
-0.074,7.077058196399931e-6,-5.548741627127863e-6
-0.073,6.75106040190287e-6,-5.381398830389433e-6
-0.072,6.435454488237589e-6,-5.215689915727749e-6
-0.071,6.130073359784244e-6,-5.051700929384169e-6
-0.07,5.8347490630737774e-6,-4.889515811307929e-6
-0.069,5.54931281491285e-6,-4.729216345239625e-6
-0.068,5.273595031979081e-6,-4.57088210880899e-6
-0.067,5.0074253619185315e-6,-4.414590423671204e-6
-0.066,4.750632715977945e-6,-4.260416305707069e-6
-0.065,4.503045303204903e-6,-4.108432415313572e-6
-0.064,4.264490666249676e-6,-3.958709007812545e-6
-0.063,4.034795718803243e-6,-3.8113138840064156e-6
-0.062,3.81378678470661e-6,-3.6663123409113387e-6
-0.061,3.6012896387673026e-6,-3.5237671226993837e-6
-0.06,3.397129549319653e-6,-3.3837383718828686e-6
-0.059,3.2011313225662687e-6,-3.2462835807754336e-6
-0.058,3.0131193487388976e-6,-3.111457543265988e-6
-0.057,2.8329176501177485e-6,-2.9793123069433067e-6
-0.056,2.6603499309492307e-6,-2.8498971256107316e-6
-0.055,2.4952396293030035e-6,-2.7232584122322253e-6
-0.054,2.337409970910222e-6,-2.599439692352877e-6
-0.053,2.1866840250259147e-6,-2.478481558038904e-6
-0.052,2.0428847623595235e-6,-2.3604216223842507e-6
-0.051,1.905835115118806e-6,-2.2452944746330076e-6
-0.05,1.7753580392135596e-6,-2.1331316359691493e-6
-0.049,1.6512765786669304e-6,-2.0239615160274402e-6
-0.048,1.5334139322835008e-6,-1.917809370181852e-6
-0.047,1.4215935226248527e-6,-1.814697257670479e-6
-0.046,1.3156390673449411e-6,-1.7146440006186828e-6
-0.045,1.21537465293935e-6,-1.6176651440251475e-6
-0.044,1.1206248109643992e-6,-1.5237729167786062e-6
-0.043,1.031214596784114e-6,-1.4329761937762894e-6
-0.042,9.469696709052859e-7,-1.3452804592186173e-6
-0.041,8.677163829632697e-7,-1.2606877711583488e-6
-0.04,7.93281858423799e-7,-1.1791967273863397e-6
-0.039,7.234940880689919e-7,-1.1008024327402406e-6
-0.038,6.581820203388909e-7,-1.0254964679269437e-6
-0.037,5.971756566033782e-7,-9.532668599543674e-7
-0.036,5.403061494431752e-7,-8.840980542732964e-7
-0.035,4.874059040229249e-7,-8.179708887355033e-7
-0.034,4.3830868264412985e-7,-7.548625694803032e-7
-0.033,3.928497125710535e-7,-6.947466488680964e-7
-0.032,3.508657972286711e-7,-6.3759300558637e-7
-0.031,3.1219543087848783e-7,-5.833678270611442e-7
-0.03,2.766789168856385e-7,-5.320335943150133e-7
-0.029,2.441584896993072e-7,-4.835490694218477e-7
-0.028,2.1447844067832143e-7,-4.378692857179786e-7
-0.027,1.8748524790500347e-7,-3.949455409404091e-7
-0.026,1.630277101432688e-7,-3.5472539347441025e-7
-0.025,1.409570851118581e-7,-3.17152661905941e-7
-0.024,1.21127232260883e-7,-2.8216742808887285e-7
-0.023,1.0339476026004014e-7,-2.4970604395322957e-7
-0.022,8.761917943052796e-8,-2.1970114229886557e-7
-0.021,7.36630593806577e-8,-1.9208165183954776e-7
-0.02,6.13921921383861e-8,-1.6677281678569704e-7
-0.019,5.067576111378258e-8,-1.4369622128062831e-7
-0.018,4.1386516272447555e-8,-1.2276981903565803e-7
-0.017,3.3400955959306276e-8,-1.0390796854476983e-7
-0.016,2.6599515883931354e-8,-8.702147430071735e-8
-0.015,2.0866765867541605e-8,-7.201763448289129e-8
-0.014,1.609161506349771e-8,-5.880029564481004e-8
-0.013,1.2167526505031926e-8,-4.726991499815081e-8
-0.012,8.992742016886477e-9,-3.732363097411635e-8
-0.011,6.470518767189181e-9,-2.8855342846195863e-8
-0.01,4.509379055707181e-9,-2.1755800327460944e-8
-0.009,3.0233753706257785e-9,-1.5912704219754932e-8
-0.008,1.9323733554907056e-9,-1.1210819405358275e-8
-0.007,1.1623562056982127e-9,-7.532101755318048e-9
-0.006,6.457553243280169e-10,-4.755840916907084e-9
-0.005,3.218141125392152e-10,-2.7588214934272558e-9
-0.004,1.3699514856926204e-10,-1.4155059464202545e-9
-0.003,4.5447025091211723e-11,-5.982438345596046e-10
-0.002,9.559009036354315e-12,-1.7751419090227648e-10
-0.001,6.593160932224711e-13,-2.2212039182643984e-11
0.0,0.0,0.0
0.001,6.593406294989993e-13,2.2212838806687032e-11
0.002,9.55972292536043e-12,1.775269710047111e-10
0.003,4.545212807548398e-11,5.983084336110092e-10
0.004,1.370156960442816e-10,1.4157097147089912e-9
0.005,3.2187454027071414e-10,2.7593178348231268e-9
0.006,6.459010249899841e-10,4.756867447274315e-9
0.007,1.1626625408690167e-9,7.533998018523639e-9
0.008,1.9329560065477213e-9,1.1214044096357477e-8
0.009,3.0244019447121923e-9,1.591785187087156e-8
0.01,4.511081871885465e-9,2.1763617419383197e-8
0.011,6.473208754563164e-9,2.886674330974651e-8
0.012,8.996823661673168e-9,3.7339711052754336e-8
0.013,1.2173513787762373e-8,4.7291967444566755e-8
0.014,1.61001483310127e-8,5.8829823227992144e-8
0.015,2.0878629587411713e-8,7.205636278473362e-8
0.016,2.6615657231499688e-8,8.707136378367331e-8
0.017,3.342250418981613e-8,1.0397122587426093e-7
0.018,4.141480283274072e-8,1.2284890764296391e-7
0.019,5.071234044988512e-8,1.4379387115383336e-7
0.02,6.143886315697252e-8,1.6689203347797344e-7
0.021,7.372188752392943e-8,1.922257246856291e-7
0.022,8.76925193254791e-8,2.198736518320259e-7
0.023,1.0348527890442888e-7,2.4991086851644e-7
0.024,1.2123793270949527e-7,2.824087496350698e-7
0.025,1.4109133062785032e-7,3.17434970983521e-7
0.026,1.6318924878051872e-7,3.550534933951659e-7
0.027,1.8767823748848926e-7,3.9532455112815043e-7
0.028,2.147074741505938e-7,4.3830464423704986e-7
0.029,2.4442862080212506e-7,4.840465346856524e-7
0.03,2.769956861468057e-7,5.325992459755068e-7
0.031,3.125648918748654e-7,5.840080660810498e-7
0.032,3.512945430972424e-7,6.383145534966196e-7
0.033,3.933449027408e-7,6.955565462136957e-7
0.034,4.3887806976232484e-7,7.557681734584811e-7
0.035,4.880578610502822e-7,8.1897987003062e-7
0.036,5.410496968930965e-7,8.852183930935648e-7
0.037,5.980204899013275e-7,9.545068412759837e-7
0.038,6.591385372786915e-7,1.0268646759517361e-6
0.039,7.245734163435894e-7,1.102307744573415e-6
0.04,7.944958832087634e-7,1.1808483059413583e-6
0.041,8.690777745320242e-7,1.2624950572963852e-6
0.042,9.484919122557472e-7,1.3472531631304296e-6
0.043,1.0329120112571121e-6,1.4351242856147142e-6
0.044,1.1225125898349124e-6,1.5261066165502194e-6
0.045,1.217468882962243e-6,1.620194910749951e-6
0.046,1.3179567582375362e-6,1.7173805207669722e-6
0.047,1.4241526344692903e-6,1.8176514328863221e-6
0.048,1.5362334028324587e-6,1.92099230430286e-6
0.049,1.654376350536871e-6,2.0273845014107414e-6
0.05,1.7787590869502668e-6,2.1368061391337003e-6
0.051,1.909559472120551e-6,2.249232121228563e-6
0.052,2.046955547643755e-6,2.3646341814975052e-6
0.053,2.1911254698259414e-6,2.4829809258474687e-6
0.054,2.3422474450888773e-6,2.6042378751379154e-6
0.055,2.5004996675708335e-6,2.7283675087607036e-6
0.056,2.6660602588752512e-6,2.8553293088983496e-6
0.057,2.8391072099213447e-6,2.9850798054092977e-6
0.058,3.019818324851929e-6,3.117572621291053e-6
0.059,3.208371166954935e-6,3.2527585186741693e-6
0.06,3.404943006556161e-6,3.390585445302111e-6
0.061,3.6097107708418455e-6,3.5309985814539465e-6
0.062,3.822850995570625e-6,3.6739403872686786e-6
0.063,4.044539778635378e-6,3.819350650431786e-6
0.064,4.274952735436322e-6,3.9671665341862344e-6
0.065,4.514264956027603e-6,4.117322625631832e-6
0.066,4.762650964000399e-6,4.269750984278354e-6
0.067,5.020284677066335e-6,4.424381190819333e-6
0.068,5.287339369305758e-6,4.581140396094854e-6
0.069,5.5639876350461164e-6,4.73995337021301e-6
0.07,5.85040135433638e-6,4.900742551801045e-6
0.071,6.1467516599840865e-6,5.063428097358411e-6
0.072,6.453208906122255e-6,5.227927930685184e-6
0.073,6.7699426382739856e-6,5.394157792360476e-6
0.074,7.097121564883202e-6,5.562031289246546e-6
0.075,7.434913530280522e-6,5.731459943995415e-6
0.076,7.783485489053854e-6,5.902353244535818e-6
0.077,8.143003481793785e-6,6.0746186935193025e-6
0.078,8.513632612184454e-6,6.2481618577052665e-6
0.079,8.895537025411003e-6,6.422886417265614e-6
0.08,9.288879887855284e-6,6.598694214990639e-6
0.081,9.693823368051968e-6,6.775485305378554e-6
0.082,1.0110528618877629e-5,6.953158003591955e-6
0.083,1.0539155760945915e-5,7.131608934265258e-6
0.084,1.0979863867182318e-5,7.310733080147963e-6
0.085,1.1432810948552511e-5,7.4904238305693e-6
0.086,1.1898153940918683e-5,7.670573029710543e-6
0.087,1.2376048692998655e-5,7.851071024671983e-6
0.088,1.2866649955403088e-5,8.03180671332217e-6
0.089,1.3370111370726395e-5,8.21266759191775e-6
0.09,1.3886585464667419e-5,8.393539802482767e-6
0.091,1.4416223638156351e-5,8.574308179936964e-6
0.092,1.4959176160464712e-5,8.754856298963143e-6
0.093,1.5515592163275588e-5,8.935066520604258e-6
0.094,1.6085619635691755e-5,9.114820038581413e-6
0.095,1.6669405420159618e-5,9.293996925324475e-6
0.096,1.7267095209287258e-5,9.472476177707528e-6
0.097,1.7878833543535302e-5,9.650135762481868e-6
0.098,1.85047638097596e-5,9.826852661399723e-6
0.099,1.914502824058504e-5,1.000250291602232e-5
0.1,1.9799767914590265e-5,1.0176961672206395e-5
0.101,2.0469122757283244e-5,1.0350103224263627e-5
0.102,2.1153231542848065e-5,1.052180105878794e-5
0.103,2.185223189664367e-5,1.0691927898145943e-5
0.104,2.2566260298435432e-5,1.0860355743626278e-5
0.105,2.3295452086340958e-5,1.102695591824386e-5
0.106,2.4039941461471643e-5,1.1191599109195539e-5
0.107,2.4799861493251947e-5,1.1354155409963874e-5
0.108,2.557534412539856e-5,1.1514494362066219e-5
0.109,2.636652018254195e-5,1.1672484996446505e-5
0.11,2.7173519377473093e-5,1.1827995874507508e-5
0.111,2.799647031899845e-5,1.1980895128781675e-5
0.112,2.8835500520386518e-5,1.2131050503238823e-5
0.113,2.9690736408389623e-5,1.227832939322941e-5
0.114,3.0562303332824777e-5,1.2422598885062243e-5
0.115,3.145032557669784e-5,1.2563725795215847e-5
0.116,3.2354926366855365e-5,1.2701576709182895e-5
0.117,3.3276227885148805e-5,1.2836018019947422e-5
0.118,3.421435128009609e-5,1.2966915966094714e-5
0.119,3.516941667902565e-5,1.3094136669554053e-5
0.12,3.614154320068844e-5,1.3217546172974676e-5
0.121,3.713084896832361e-5,1.3337010476735571e-5
0.122,3.8137451123163725e-5,1.3452395575589872e-5
0.123,3.9161465838365705e-5,1.356356749494489e-5
0.124,4.020300833335394e-5,1.3670392326778962e-5
0.125,4.126219288856213e-5,1.3772736265196488e-5
0.126,4.233913286056076e-5,1.387046564162275e-5
0.127,4.343394069755724e-5,1.3963446959640213e-5
0.128,4.4546727955256096e-5,1.4051546929468235e-5
0.129,4.567760531306663e-5,1.4134632502088242e-5
0.13,4.6826682590645785e-5,1.4212570903016583e-5
0.131,4.799406876476427e-5,1.428522966572745e-5
0.132,4.917987198648395e-5,1.4352476664728353e-5
0.133,5.038419959863489e-5,1.4414180148290817e-5
0.134,5.16071581535807e-5,1.4470208770839094e-5
0.135,5.284885343126072e-5,1.4520431624999774e-5
0.136,5.4109390457498236e-5,1.456471827331536e-5
0.137,5.538887352256366e-5,1.4602938779624957e-5
0.138,5.6687406199982065e-5,1.4634963740115316e-5
0.139,5.800509136557461e-5,1.4660664314045668e-5
0.14,5.9342031216723476e-5,1.4679912254149765e-5
0.141,6.069832729185022e-5,1.469257993671876e-5
0.142,6.207408049009757e-5,1.4698540391368588e-5
0.143,6.346939109120488e-5,1.4697667330495611e-5
0.144,6.488435877556763e-5,1.468983517842442e-5
0.145,6.631908264447148e-5,1.4674919100251699e-5
0.146,6.777366124049163e-5,1.46527950303902e-5
0.147,6.924819256804843e-5,1.4623339700816947e-5
0.148,7.074277411411005e-5,1.4586430669029807e-5
0.149,7.225750286903363e-5,1.4541946345716709e-5
0.15,7.379247534753621e-5,1.448976602214182e-5
0.151,7.534778760978675e-5,1.4429769897253055e-5
0.152,7.692353528261116e-5,1.436183910451534e-5
0.153,7.85198135808018e-5,1.4285855738474176e-5
0.154,8.01367173285237e-5,1.4201702881054002e-5
0.155,8.177434098080936e-5,1.4109264627595996e-5
0.156,8.343277864513438e-5,1.4008426112639953e-5
0.157,8.511212410306621e-5,1.3899073535454957e-5
0.158,8.681247083197858e-5,1.3781094185323558e-5
0.159,8.853391202682423e-5,1.365437646658428e-5
0.16,9.027654062195844e-5,1.351880992343726e-5
0.161,9.204044931300644e-5,1.337428526451787e-5
0.162,9.382573057876763e-5,1.322069438724325e-5
0.163,9.56324767031495e-5,1.3057930401936652e-5
0.164,9.746077979712481e-5,1.2885887655734546e-5
0.165,9.931073182070498e-5,1.2704461756281504e-5
0.166,0.00010118242460492332,1.251354959521783e-5
0.167,0.00010307594987382158,1.2313049371465011e-5
0.168,0.0001049913992664336,1.2102860614313994e-5
0.169,0.00010692886435875955,1.1882884206321416e-5
0.17,0.00010888843668572475,1.1653022406018826e-5
0.171,0.00011087020776311719,1.141317887044005e-5
0.172,0.00011287426910949747,1.1163258677471775e-5
0.173,0.00011490071226807554,1.0903168348032538e-5
0.174,0.0001169496288285484,1.0632815868085208e-5
0.175,0.00011902111044889318,1.0352110710488152e-5
0.176,0.00012111524887710974,1.0060963856690237e-5
0.177,0.0001232321359729077,9.759287818274811e-6
0.178,0.0001253718637293323,9.44699665835787e-6
0.179,0.0001275345242943234,9.12400601284556e-6
0.18,0.0001297202099922033,8.790233111556189e-6
0.181,0.00013192901334508714,8.445596799211937e-6
0.182,0.00013416102709421141,8.090017556305436e-6
0.183,0.00013641634422117561,7.72341751984637e-6
0.184,0.0001386950579690917,7.345720503993301e-6
0.185,0.00014099726186363675,6.956852020575853e-6
0.186,0.000143323049734004,6.556739299512428e-6
0.187,0.0001456725157337474,6.145311309128595e-6
0.188,0.00014804575436151525,5.72249877638131e-6
0.189,0.00015044286048166764,5.2882342069940756e-6
0.19,0.00015286392934477438,4.8424519055081886e-6
0.191,0.0001553090566079875,4.38508799525517e-6
0.192,0.00015777833835528484,3.916080438255482e-6
0.193,0.00016027187111758009,3.4353690550486233e-6
0.194,0.00016278975189269477,2.9428955444596574e-6
0.195,0.00016533207816518805,2.4386035033072544e-6
0.196,0.00016789894792604003,1.922438446058265e-6
0.197,0.00017049045969218468,1.3943478244338617e-6
0.198,0.0001731067125258876,8.542810469722475e-7
0.199,0.0001757478060539652,3.0218949855292316e-7
0.2,0.00017841384048684078,-2.619734401125234e-7
0.201,0.00018110491663743378,-8.38252373018157e-7
0.202,0.00018382113593987795,-1.4266898694250384e-6
0.203,0.00018656260046806476,-2.027326444441266e-6
0.204,0.00018932941295400805,-2.6402005396158346e-6
0.205,0.0001921216768060258,-3.2653485035414533e-6
0.206,0.00019493949612673563,-3.902804572461486e-6
0.207,0.00019778297573086,-4.552600850876206e-6
0.208,0.00020065222116283702,-5.21476729214358e-6
0.209,0.00020354733871423368,-5.889331679069817e-6
0.21,0.00020646843544095737,-6.57631960448496e-6
0.211,0.00020941561918026203,-7.275754451798807e-6
0.212,0.00021238899856754545,-7.987657375532485e-6
0.213,0.00021538868305293372,-8.712047281821025e-6
0.214,0.00021841478291764955,-9.448940808882336e-6
0.215,0.00022146740929016045,-1.0198352307447951e-5
0.216,0.00022454667416210337,-1.0960293821151027e-5
0.217,0.00022765269040398236,-1.173477506686703e-5
0.218,0.00023078557178063516,-1.2521803415002648e-5
0.219,0.00023394543296646555,-1.3321383869728408e-5
0.22,0.00023713238956043798,-1.4133519049150638e-5
0.221,0.00024034655810083026,-1.4958209165418292e-5
0.222,0.00024358805607974167,-1.579545200476033e-5
0.223,0.0002468570019573522,-1.6645242907449296e-5
0.224,0.00025015351517592956,-1.7507574747686784e-5
0.225,0.00025347771617358094,-1.8382437913406547e-5
0.226,0.00025682972639774483,-1.9269820285991003e-5
0.227,0.0002602096683184206,-2.016970721989695e-5
0.228,0.00026361766544113173,-2.108208152218635e-5
0.229,0.00026705384231961863,-2.2006923431958018e-5
0.23,0.00027051832456825874,-2.2944210599676173e-5
0.231,0.00027401123887420883,-2.3893918066391795e-5
0.232,0.0002775327130092675,-2.4856018242852765e-5
0.233,0.0002810828758414529,-2.5830480888498847e-5
0.234,0.0002846618573462929,-2.6817273090337552e-5
0.235,0.0002882697886178242,-2.781635924169702e-5
0.236,0.0002919068018792959,-2.8827701020852065e-5
0.237,0.00029557303049357504,-2.985125736951955e-5
0.238,0.0002992686089732493,-3.0886984471219364e-5
0.239,0.00030299367299042456,-3.1934835729497273e-5
0.24,0.00030674835938621217,-3.299476174600589e-5
0.241,0.00031053280617990324,-3.406671029844024e-5
0.242,0.00031434715257782627,-3.515062631832422e-5
0.243,0.0003181915389818832,-3.6246451868644456e-5
0.244,0.00032206610699776197,-3.735412612132805e-5
0.245,0.00032597099944282014,-3.847358533456069e-5
0.246,0.0003299063603536365,-3.960476282994178e-5
0.247,0.00033387233499322715,-4.074758896947317e-5
0.248,0.00033786906985792134,-4.19019911323782e-5
0.249,0.00034189671268389395,-4.306789369174766e-5
0.25,0.00034595541245335,-4.424521799100965e-5
0.251,0.0003500453194003584,-4.543388232021988e-5
0.252,0.0003541665850163289,-4.6633801892169514e-5
0.253,0.0003583193620551308,-4.784488881830732e-5
0.254,0.00036250380453784734,-4.906705208447314e-5
0.255,0.00036672006775716225,-5.030019752643967e-5
0.256,0.0003709683082813752,-5.1544227805259655e-5
0.257,0.0003752486839580404,-5.279904238241551e-5
0.258,0.00037956135391722576,-5.406453749476867e-5
0.259,0.0003839064785743872,-5.534060612930573e-5
0.26,0.0003882842196328544,-5.6627137997678814e-5
0.261,0.0003926947400859234,-5.792401951053728e-5
0.262,0.00039713820421855207,-5.923113375164835e-5
0.263,0.00040161477760865353,-6.054836045180397e-5
0.264,0.0004061246271279833,-6.18755759625114e-5
0.265,0.0004106679209426159,-6.321265322946506e-5
0.266,0.00041524482851300603,-6.455946176579737e-5
0.267,0.0004198555205936297,-6.591586762510596e-5
0.268,0.000424500169232201,-6.728173337425525e-5
0.269,0.0004291789477684597,-6.865691806595e-5
0.27,0.0004338920308325243,-7.004127721107872e-5
0.271,0.00043863959434280723,-7.143466275082477e-5
0.272,0.0004434218155034853,-7.28369230285432e-5
0.273,0.0004482388728015226,-7.42479027614013e-5
0.274,0.0004530909460032392,-7.566744301178086e-5
0.275,0.00045797821615042156,-7.709538115844033e-5
0.276,0.0004629008655559693,-7.853155086743527e-5
0.277,0.00046785907779907344,-7.997578206279486e-5
0.278,0.00047285303771992014,-8.142790089695342e-5
0.279,0.0004778829314139159,-8.28877297209349e-5
0.28,0.0004829489462254279,-8.435508705428887e-5
0.281,0.00048805127074103466,-8.58297875547768e-5
0.282,0.0004931900947822811,-8.731164198780687e-5
0.283,0.000498365609397933,-8.880045719561624e-5
0.284,0.0005035780068557256,-9.029603606619943e-5
0.285,0.0005088274806335988,-9.179817750198158e-5
0.286,0.0005141142254104165,-9.330667638823565e-5
0.287,0.000519438437056161,-9.482132356124223e-5
0.288,0.0005248003126215989,-9.634190577619125e-5
0.289,0.0005302000503274119,-9.786820567482466e-5
0.29,0.0005356378495527858,-9.940000175281907e-5
0.291,0.0005411139108234532,-0.00010093706832690793
0.292,0.0005466284357991823,-0.00010247917550174232
0.293,0.0005521816272607065,-0.00010402608913648984
0.294,0.0005577736890960883,-0.00010557757081117121
0.295,0.0005634048262865114,-0.00010713337779273413
0.296,0.0005690752448914943,-0.00010869326300086388
0.297,0.0005747851520335181,-0.00011025697497353074
0.298,0.0005805347558820649,-0.00011182425783227371
0.299,0.0005863242656370562,-0.00011339485124722079
0.3,0.0005921538915116877,-0.0001149684904018456
0.301,0.0005980238447146521,-0.0001165449059574605
0.302,0.0006039343374317439,-0.00011812382401744649
0.303,0.0006098855828068385,-0.00011970496609122002
0.304,0.0006158777949222395,-0.00012128804905793725
0.305,0.000621911188778386,-0.00012287278512993608
0.306,0.0006279859802729141,-0.0001244588818159166
0.307,0.0006341023861790639,-0.00012604604188386074
0.308,0.0006402606241234254,-0.00012763396332369145
0.309,0.0006464609125630168,-0.00012922233930967296
0.31,0.0006527034707616852,-0.0001308108581625524
0.311,0.0006589885187658249,-0.0001323992033114443
0.312,0.0006653162773794036,-0.00013398705325545887
0.313,0.0006716869681382906,-0.00013557408152507568
0.314,0.000678100813283876,-0.00013715995664326358
0.315,0.0006845580357359775,-0.00013874434208634897
0.316,0.0006910588590650231,-0.00014032689624463355
0.317,0.0006976035074635025,-0.00014190727238276352
0.318,0.00070419220571668,-0.00014348511859985203
0.319,0.0007108251791725599,-0.00014506007778935663
0.32,0.0007175026537110962,-0.00014663178759871415
0.321,0.000724224855712637,-0.00014819988038873485
0.322,0.0007309920120255982,-0.00014976398319275835
0.323,0.0007378043499333533,-0.00015132371767557367
0.324,0.0007446620971203356,-0.00015287870009210601
0.325,0.0007515654816373388,-0.00015442854124587282
0.326,0.0007585147318660117,-0.00015597284644721228
0.327,0.0007655100764825352,-0.00015751121547128656
0.328,0.0007725517444204737,-0.0001590432425158637
0.329,0.0007796399648327907,-0.00016056851615888054
0.33,0.0007867749670530208,-0.00016208661931579066
0.331,0.0007939569805555868,-0.00016359712919670046
0.332,0.0008011862349152548,-0.00016509961726329702
0.333,0.0008084629597657158,-0.0001665936491855719
0.334,0.0008157873847572842,-0.00016807878479834412
0.335,0.0008231597395137055,-0.000169554578057587
0.336,0.0008305802535880605,-0.00017102057699656275
0.337,0.0008380491564177585,-0.0001724763236817692
0.338,0.0008455666772786075,-0.00017392135416870343
0.339,0.0008531330452379535,-0.00017535519845744644
0.34,0.0008607484891068758,-0.00017677738044807434
0.341,0.0008684132373914311,-0.00017818741789590064
0.342,0.0008761275182429333,-0.0001795848223665549
0.343,0.0008838915594072599,-0.00018096909919090309
0.344,0.0008917055881731754,-0.00018233974741981512
0.345,0.0008995698313196571,-0.00018369625977878522
0.346,0.0009074845150622181,-0.00018503812262241114
0.347,0.0009154498649982112,-0.0001863648158887379
0.348,0.0009234661060511068,-0.00018767581305347255
0.349,0.0009315334624137308,-0.00018897058108407623
0.35,0.0009396521574904542,-0.0001902485803937401
0.351,0.0009478224138383194,-0.0001915092647952518
0.352,0.0009560444531070954,-0.00019275208145475966
0.353,0.0009643184959782492,-0.00019397647084544147
0.354,0.0009726447621028195,-0.00019518186670108525
0.355,0.000981023470038186,-0.00019636769596958982
0.356,0.0009894548371837176,-0.0001975333787663925
0.357,0.0009979390797152901,-0.0001986783283278321
0.358,0.0010064764125186617,-0.00019980195096445548
0.359,0.001015067049121693,-0.00020090364601427563
0.36,0.0010237112016254,-0.00020198280579599044
0.361,0.001032409080633829,-0.00020303881556217032
0.362,0.001041160895182738,-0.00020407105345242438
0.363,0.0010499668526670757,-0.00020507889044655365
0.364,0.001058827158767243,-0.00020606169031770163
0.365,0.0010677420173741269,-0.00020701880958551113
0.366,0.0010767116305128905,-0.00020794959746929796
0.367,0.0010857361982655105,-0.00020885339584125122
0.368,0.001094815918692046,-0.0002097295391796708
0.369,0.0011039509877506276,-0.0002105773545222529
0.37,0.0011131415992161528,-0.00021139616141943425
0.371,0.001122387944597675,-0.00021218527188780615
0.372,0.0011316902130544722,-0.00021294399036361024
0.373,0.0011410485913107837,-0.00021367161365632716
0.374,0.0011504632635692001,-0.00021436743090237048
0.375,0.0011599344114226913,-0.00021503072351889755
0.376,0.0011694622137652648,-0.0002156607651577508
0.377,0.0011790468467012334,-0.00021625682165954106
0.378,0.0011886884834530838,-0.00021681815100788686
0.379,0.0011983872942679299,-0.00021734400328382272
0.38,0.001208143446322538,-0.0002178336206203901
0.381,0.0012179571036269096,-0.00021828623715742498
0.382,0.0012278284269264057,-0.00021870107899655614
0.383,0.0012377575736024038,-0.00021907736415642914
0.384,0.0012477446975714668,-0.00021941430252817007
0.385,0.0012577899491830148,-0.00021971109583110535
0.386,0.0012678934751154825,-0.0002199669375687516
0.387,0.0012780554182709486,-0.00022018101298509294
0.388,0.0012882759176682235,-0.00022035249902116046
0.389,0.0012985551083343795,-0.0002204805642719314
0.39,0.0013088931211947096,-0.00022056436894356396
0.391,0.0013192900829611,-0.00022060306481098564
0.392,0.0013297461160188026,-0.00022059579517585192
0.393,0.0013402613383115887,-0.00022054169482489352
0.394,0.001350835863225277,-0.00022043988998867028
0.395,0.001361469799469611,-0.00022028949830075025
0.396,0.0013721632509584804,-0.0002200896287573327
0.397,0.0013829163166884622,-0.00021983938167733472
0.398,0.0013937290906156758,-0.00021953784866296058
0.399,0.001404601661530929,-0.00021918411256077424
0.4,0.0014155341129331455,-0.0002187772474232954
0.401,0.0014265265229010534,-0.00021831631847113963
0.402,0.0014375789639631262,-0.0002178003820557241
0.403,0.001448691502965753,-0.0002172284856225602
0.404,0.0014598642009396297,-0.00021659966767515574
0.405,0.001471097112964351,-0.00021591295773954795
0.406,0.0014823902880311901,-0.00021516737632949163
0.407,0.0014937437689040514,-0.00021436193491232444
0.408,0.0015051575919785773,-0.00021349563587553386
0.409,0.0015166317871393967,-0.0002125674724940496
0.41,0.0015281663776154997,-0.00021157642889828616
0.411,0.0015397613798337209,-0.00021052148004296068
0.412,0.001551416803270317,-0.00020940159167671138
0.413,0.0015631326503006244,-0.00020821572031254272
0.414,0.0015749089160467774,-0.00020696281319912372
0.415,0.0015867455882234765,-0.00020564180829296623
0.416,0.0015986426469817875,-0.00020425163423151078
0.417,0.0016106000647509568,-0.00020279121030714758
0.418,0.001622617806078228,-0.00020125944644220145
0.419,0.0016346958274666434,-0.00019965524316490908
0.42,0.0016468340772108159,-0.0001979774915864186
0.421,0.0016590324952306546,-0.0001962250733788409
0.422,0.0016712910129030294,-0.00019439686075438335
0.423,0.001683609552891358,-0.00019249171644559687
0.424,0.0016959880289731028,-0.00019050849368676788
0.425,0.0017084263458651573,-0.00018844603619648726
0.426,0.0017209243990471122,-0.0001863031781614286
0.427,0.0017334820745823812,-0.00018407874422136946
0.428,0.0017460992489371746,-0.00018177154945548884
0.429,0.0017587757887973033,-0.0001793803993699756
0.43,0.0017715115508827985,-0.00017690408988698254
0.431,0.0017843063817603332,-0.0001743414073349615
0.432,0.001797160117653429,-0.00017169112844041604
0.433,0.001810072584250433,-0.0001689520203211078
0.434,0.0018230435965102519,-0.00016612284048075438
0.435,0.0018360729584658267,-0.00016320233680525647
0.436,0.001849160463025333,-0.00016018924756049265
0.437,0.0018623058917710941,-0.00015708230139172154
0.438,0.0018755090147561904,-0.0001538802173246307
0.439,0.0018887695902987524,-0.00015058170476807306
0.44,0.0019020873647739214,-0.00014718546351853202
0.441,0.0019154620724034638,-0.00014369018376635733
0.442,0.0019288934350430277,-0.0001400945461038137
0.443,0.001942381161967023,-0.00013639722153498623
0.444,0.0019559249496511155,-0.00013259687148758597
0.445,0.001969524481552319,-0.00012869214782670066
0.446,0.0019831794278866726,-0.0001246816928705358
0.447,0.001996889445404489,-0.00012056413940819253
0.448,0.002010654177163164,-0.00011633811071952885
0.449,0.0020244732522975276,-0.000112002220597152
0.45,0.0020383462857877306,-0.00010755507337059042
0.451,0.002052272878224649,-0.00010299526393269448
0.452,0.0020662526155727995,-9.832137776831572e-5
0.453,0.002080285068930745,-9.353199098531574e-5
0.454,0.0020943697942889875,-8.862567034795595e-5
0.455,0.0021085063322853308,-8.360097331272076e-5
0.456,0.0021226942079577015,-7.845644806662738e-5
0.457,0.0021369329304944213,-7.319063356807621e-5
0.458,0.002151221992981914,-6.78020595902969e-5
0.459,0.0021655608721498384,-6.228924676744552e-5
0.46,0.0021799490281136404,-5.665070664340984e-5
0.461,0.0021943859041145043,-5.0884941723379984e-5
0.462,0.0022088709262567062,-4.499044552824301e-5
0.463,0.0022234035032423485,-3.8965702651860636e-5
0.464,0.002237983026103469,-3.280918882129047e-5
0.465,0.0022526088679315232,-2.6519370960011845e-5
0.466,0.002267280383604217,-2.0094707254218465e-5
0.467,0.0022819969095096934,-1.3533647222240858e-5
0.468,0.0022967577632680603,-6.834631787162808e-6
0.469,0.0023115622434502483,3.906647303243299e-9
0.47,0.0023264096292942,6.98354411761576e-6
0.471,0.0023412991804183723,1.4105865017811555e-5
0.472,0.0023562301365325556,2.1372462013453026e-5
0.473,0.002371201717145996,2.8784935952046027e-5
0.474,0.0023862131212728194,3.63448957698582e-5
0.475,0.002401263527134749,4.405395839506643e-5
0.476,0.002416352091861113,5.191374864716118e-5
0.477,0.0024314779511861377,5.992589913253406e-5
0.478,0.0024466402191435205,6.809205013617422e-5
0.479,0.0024618379877582807,7.641384950939774e-5
0.48,0.002477070326735886,8.489295255353315e-5
0.481,0.0024923362831486473,9.353102189948507e-5
0.482,0.0025076348811193874,0.00010232972738309676
0.483,0.002522965121502373,0.000111290745916231
0.484,0.0025383259815615175,0.00012041576135348788
0.485,0.0025537164146458473,0.0001297064643544764
0.486,0.002569135349862237,0.00013916455224155579
0.487,0.0025845816917454117,0.00014879172885296136
0.488,0.0026000543199252144,0.0001585897043912276
0.489,0.0026155520887911504,0.00016856019526682108
0.49,0.0026310738271541996,0.00017870492393689348
0.491,0.0026466183379059063,0.00018902561873906414
0.492,0.0026621843976747527,0.0001995240137201398
0.493,0.0026777707564798127,0.0002102018484596784
0.494,0.0026933761373817006,0.0002210608678883018
0.495,0.0027089992361308147,0.00023210282210066083
0.496,0.0027246387208128813,0.00024332946616295551
0.497,0.0027402932314918166,0.00025474255991491047
0.498,0.0027559613798499027,0.0002663438677661049
0.499,0.0027716417488252935,0.0002781351584865553
0.5,0.0027873328922468615,0.0002901182049914458
0.501,0.0028030333344663924,0.00030229478411990203
0.502,0.0028187415699881435,0.0003146666764077002
0.503,0.0028344560630957747,0.00032723566585380373
0.504,0.002850175247476668,0.00034000353968061586
0.505,0.0028658975258436517,0.00035297208808783695
0.506,0.0028816212695541407,0.00036614310399981243
0.507,0.0028973448182267143,0.0003795183828062558
0.508,0.002913066479355144,0.0003930997220962288
0.509,0.002928784527919895,0.00040688892138526046
0.51,0.0029444972059971186,0.00042088778183548345
0.511,0.0029602027223651554,0.0004350981059686646
0.512,0.002975899252108575,0.00044952169737200523
0.513,0.002991584936219771,0.00046416036039658413
0.514,0.0030072578811981376,0.0004790158998483148
0.515,0.003022916158646859,0.0004940901206712857
0.516,0.0030385578048673246,0.0005093848276233505
0.517,0.0030541808204512136,0.0005249018249438348
0.518,0.00306978316987027,0.0005406429160132201
0.519,0.003085362781063801,0.0005566099030046667
0.52,0.0031009175450239265,0.0005728045865272354
0.521,0.0031164453153786284,0.0005892287652606612
0.522,0.0031319439079726123,0.0006058842355815362
0.523,0.0031474111004460388,0.0006227727911807504
0.524,0.00316284463181115,0.0006398962226720426
0.525,0.00317824220202684,0.0006572563171915039
0.526,0.003193601471571201,0.0006748548579878833
0.527,0.003208920061012098,0.000692693624003532
0.528,0.003224195550575813,0.000710774389445829
0.529,0.0032394254797138023,0.0007290989233489226
0.53,0.0032546073466676226,0.0007476689891256225
0.531,0.00326973860803207,0.0007664863441092718
0.532,0.003284816678316587,0.000785552739085429
0.533,0.003299838929504994,0.0008048699178131841
0.534,0.003314802690613599,0.0008244396165359302
0.535,0.0033297052472477423,0.0008442635634814119
0.536,0.0033445438411568457,0.0008643434783508642
0.537,0.0033593156697880157,0.000884681071797057
0.538,0.00337401788583828,0.0009052780448910531
0.539,0.003388647596805516,0.0009261360885774869
0.54,0.003403201864538143,0.0009472568831181669
0.541,0.0034176777047836555,0.0009686420975238018
0.542,0.003432072086736066,0.0009902933889736447
0.543,0.0034463819325823396,0.00101221240222285
0.544,0.0034606041170479043,0.0010344007689973293
0.545,0.0034747354669413077,0.0010568601073758942
0.546,0.003488772760698126,0.0010795920211594619
0.547,0.003502712727924195,0.0011025980992271085
0.548,0.0035165520489382745,0.0011258799148787337
0.549,0.0035302873543142216,0.001149439025164113
0.55,0.0035439152244227936,0.0011732769701980979
0.551,0.003557432188973167,0.0011973952724617263
0.552,0.0035708347265542856,0.0012217954360889969
0.553,0.0035841192641761473,0.0012464789461390595
0.554,0.0035972821768111432,0.0012714472678535679
0.555,0.003610319786935563,0.0012967018458989363
0.556,0.0036232283640713968,0.0013222441035932355
0.557,0.0036360041243285474,0.0013480754421174607
0.558,0.003648643229947596,0.0013741972397108967
0.559,0.003661141788843245,0.0014006108508503022
0.56,0.0036734958541485858,0.0014273176054126267
0.561,0.003685701423760328,0.001454318807820974
0.562,0.003697754439885149,0.0014816157361735086
0.563,0.003709650788587307,0.0015092096413550128
0.564,0.003721386299337689,0.0015371017461307784
0.565,0.0037329567445644456,0.0015652932442225226
0.566,0.0037443578392053994,0.0015937852993660082
0.567,0.0037555852402623917,0.001622579044350038
0.568,0.0037666345463577534,0.001651675580036493
0.569,0.003777501297293097,0.0016810759743610705
0.57,0.0037881809736106187,0.0017107812613143774
0.571,0.003798668996157112,0.0017407924399030217
0.572,0.003808960725650915,0.00177111047309034
0.573,0.0038190514622519984,0.0018017362867163921
0.574,0.0038289364451354257,0.0018326707683968449
0.575,0.0038386108520684164,0.0018639147664003567
0.576,0.0038480697989912594,0.001895469088504073
0.577,0.003857308339602325,0.001927334500826828
0.578,0.0038663214649474345,0.0019595117266396397
0.579,0.003875104103013863,0.0019920014451530843
0.58,0.0038836511183292484,0.002024804290281112
0.581,0.0038919573115657026,0.0020579208493808772
0.582,0.0039000174191494226,0.002091351661968124
0.583,0.0039078261128761135,0.002125097218407678
0.584,0.003915377999532554,0.0021591579585785734
0.585,0.003922667620524625,0.0021935342705133353
0.586,0.0039296894515121715,0.0022282264890109375
0.587,0.003936437902051035,0.002263234894222926
0.588,0.003942907315242655,0.0022985597102122063
0.589,0.003949091967391614,0.0023342011034839707
0.59,0.0039549860676715365,0.0023701591814882326
0.591,0.003960583757799761,0.0024064339910934273
0.592,0.003965879111721219,0.002443025517030514
0.593,0.003970866135301987,0.002479933680307026
0.594,0.0039755387660329565,0.0025171583365904697
0.595,0.003979890872744146,0.0025546992745604964
0.596,0.003983916255330129,0.002592556214229225
0.597,0.003987608644487136,0.0026307288052291092
0.598,0.0039909617014623556,0.0026692166250677067
0.599,0.003993969017816028,0.0027080191773487033
0.6,0.00399662411519691,0.0027471358899585413
0.601,0.003998920445131733,0.0027865661132179583
0.602,0.004000851388829301,0.0028263091179977695
0.603,0.004002410256999897,0.0028663640937981656
0.604,0.004003590289690687,0.0029067301467908258
0.605,0.004004384656137853,0.002947406297823099
0.606,0.004004786454636207,0.0029883914803835103
0.607,0.0040047887124270674,0.00302968453852782
0.608,0.00400438438560522,0.0030712842247648657
0.609,0.00400356635904581,0.0031131891979013747
0.61,0.004002327446352046,0.0031553980208449475
0.611,0.004000660389824653,0.003197909158364375
0.612,0.003998557860454019,0.0032407209748064473
0.613,0.003996012457936042,0.003283831731768389
0.614,0.003993016710712716,0.0033272395857250475
0.615,0.0039895630760385555,0.0033709425856099377
0.616,0.0039856439400739645,0.003414938670349228
0.617,0.00398125161800675,0.0034592256663477493
0.618,0.003976378354202999,0.003503801284926074
0.619,0.003971016322388599,0.003548663119707714
0.62,0.003965157625862737,0.0035938086439554545
0.621,0.003958794297744765,0.0036392352078558426
0.622,0.003951918301255887,0.003684940035750812
0.623,0.00394452153003716,0.003730920223315433
0.624,0.0039365958085054165,0.0037771727346807486
0.625,0.0039281328922487055,0.0038236943995006442
0.626,0.003919124468463004,0.003870481909961691
0.627,0.003909562156431953,0.003917531817734885
0.628,0.0038994375080514915,0.003964840530868199
0.629,0.0038887420084013223,0.004012404310618833
0.63,0.0038774670763652283,0.004060219268224075
0.631,0.00386560406530235,0.004108281361609635
0.632,0.0038531442637716137,0.004156586392034336
0.633,0.0038400788963116055,0.004205130000670021
0.634,0.003826399124278271,0.004253907665115548
0.635,0.003812096046742932,0.004302914695843714
0.636,0.003797160701453211,0.004352146232579986
0.637,0.0037815840658595654,0.004401597240611873
0.638,0.003765357058210248,0.00445126250702781
0.639,0.003748470538717629,0.004501136636884423
0.64,0.0037309153107989356,0.004551214049301025
0.641,0.003712682122394602,0.004601488973480242
0.642,0.0036937616673675426,0.004651955444653659
0.643,0.0036741445869868136,0.004702607299951391
0.644,0.0036538214714992665,0.00475343817419451
0.645,0.0036327828617929428,0.004804441495609285
0.646,0.0036110192511561246,0.00485561048146222
0.647,0.003588521087136108,0.004906938133614894
0.648,0.0035652787735019403,0.004958417233997669
0.649,0.0035412826723155303,0.005010040340001345
0.65,0.003516523106115729,0.005061799779785928
0.651,0.003490990360220153,0.005113687647505682
0.652,0.003464674685149729,0.005165695798449751
0.653,0.0034375662991811304,0.005217815844097658
0.654,0.003409655391032483,0.005270039147089099
0.655,0.00338093212268794,0.005322356816107513
0.656,0.003351386632366932,0.005374759700677006
0.657,0.003321009037644148,0.005427238385872323
0.658,0.0032897894387265173,0.005479783186941649
0.659,0.00325771792189372,0.005532384143842161
0.66,0.003224784563109,0.0055850310156883905
0.661,0.0031909794318073126,0.005637713275113579
0.662,0.0031562925948681072,0.005690420102544394
0.663,0.003120714120780313,0.005743140380389527
0.664,0.0030842340840073834,0.005795862687142898
0.665,0.003046842569560543,0.00584857529140238
0.666,0.0030085296777886657,0.005901266145805181
0.667,0.002969285529393533,0.005953922880881264
0.668,0.0029291002706795127,0.006006532798826438
0.669,0.0028879640790470344,0.006059082867197014
0.67,0.002845867168739535,0.006111559712528254
0.671,0.002802799796853908,0.006163949613879106
0.672,0.002758752269624792,0.006216238496306114
0.673,0.0027137149489934054,0.006268411924269724
0.674,0.0026676782594719506,0.006320455094976599
0.675,0.0026206326953149756,0.006372352831662016
0.676,0.002572568828009433,0.0064240895768168105
0.677,0.00252347731409552,0.006475649385363861
0.678,0.002473348903330749,0.006527015917789595
0.679,0.0024221744472100485,0.00657817243323656
0.68,0.0023699449078550517,0.006629101782563663
0.681,0.0023166513672860894,0.006679786401381331
0.682,0.0022622850370907378,0.006730208303069476
0.683,0.002206837268503142,0.006780349071786881
0.684,0.0021502995629086538,0.006830189855481326
0.685,0.0020926635827886618,0.006879711358910604
0.686,0.0020339211631208143,0.006928893836685384
0.687,0.00197406432325014,0.006977717086345772
0.688,0.00191308527924686,0.007026160441484359
0.689,0.0018509764567669659,0.0070742027649295346
0.69,0.001787730504431888,0.007121822442003882
0.691,0.0017233403077438062,0.007168997373873583
0.692,0.0016577990035533574,0.007215704971005899
0.693,0.0015910999950966682,0.00726192214675306
0.694,0.0015232369676187682,0.007307625311082117
0.695,0.0014542039046005425,0.0073527903644717285
0.696,0.0013839951046064269,0.0073973926919982036
0.697,0.0013126051987700502,0.00744140715763467
0.698,0.001240029168934982,0.007484808098788736
0.699,0.0011662623664676181,0.00752756932110569
0.7,0.0010913005317590633,0.007569664093565924
0.701,0.0010151398144326153,0.007611065143907097
0.702,0.0009377767942731133,0.007651744654403356
0.703,0.000859208502894,0.007691674258035869
0.704,0.0007794324461574195,0.007730825035090917
0.705,0.0006984466273620578,0.0077691675102238645
0.706,0.0006162495712126903,0.007806671650029444
0.707,0.0005328403485845503,0.00784330686116105
0.708,0.00044821860209463723,0.007879041989043963
0.709,0.0003623845724909552,0.00791384531722983
0.71,0.00027533912586938614,0.007947684567442102
0.711,0.00018708378172645556,0.007980526900364625
0.712,9.762074185462302e-5,0.008012338917228114
0.713,6.9529200849191e-6,0.008043086662251816
0.714,-8.491602712026064e-5,0.008072735626000305
0.715,-0.00017798166922361957,0.008101250749717985
0.716,-0.00027223876932054613,0.008128596430706644
0.717,-0.0003676812510023768,0.008154736528814011
0.718,-0.0004643021643828331,0.008179634374104064
0.719,-0.0005620936512983413,0.008203252775782533
0.72,-0.0006610469096964303,0.008225554032453704
0.721,-0.0007611521572301955,0.008246499943787313
0.722,-0.0008623985940809027,0.008266051823676917
0.723,-0.0009647743650352297,0.008284170514973679
0.724,-0.001068266520848389,0.008300816405881865
0.725,-0.001172860978929479,0.008315949448104798
0.726,-0.0012785424833908702,0.00832952917683204
0.727,-0.0013852945645092586,0.00834151473266072
0.728,-0.0014930994976522385,0.008351864885545597
0.729,-0.0016019382617308447,0.008360538060874159
0.73,-0.0017117904972455075,0.008367492367764198
0.731,-0.0018226344640002777,0.008372685629682458
0.732,-0.0019344469985679723,0.008376075417483468
0.733,-0.00204720347159711,0.008377619084968032
0.734,-0.0021608777450601263,0.008377273807060623
0.735,-0.002275442129551363,0.008374996620704263
0.736,-0.0023908673417527473,0.008370744468570366
0.737,-0.0025071224621948424,0.008364474245679134
0.738,-0.0026241748934511134,0.008356142849023812
0.739,-0.002741990318913722,0.008345707230288928
0.74,-0.0028605326623099663,0.008333124451748834
0.741,-0.0029797640481295518,0.008318351745428188
0.742,-0.003099644763144199,0.008301346575600511
0.743,-0.0032201332192126017,0.008282066704694455
0.744,-0.0033411859175754015,0.00826047026267001
0.745,-0.003462757414856586,0.008236515819918327
0.746,-0.003584800290999456,0.008210162463729258
0.747,-0.003707265119377019,0.00818136987835988
0.748,-0.0038301004393281927,0.008150098428725326
0.749,-0.003953252731382508,0.008116309247719868
0.75,-0.004076666395446988,0.008079964327161678
0.751,-0.004200283732239345,0.00804102661233865
0.752,-0.004324044928261625,0.007999460100115338
0.753,-0.004447888044617609,0.007955229940542253
0.754,-0.004571749009985689,0.007908302541888517
0.755,-0.004695561618066302,0.00785864567899721
0.756,-0.004819257529829263,0.007806228604839577
0.757,-0.004942766280891217,0.007751022165119765
0.758,-0.005066015294356884,0.007692998915755763
0.759,-0.0051889298994595035,0.007632133243034972
0.76,-0.005311433356335794,0.007568401486214243
0.761,-0.005433446887268609,0.007501782062304538
0.762,-0.0055548897147261,0.0074322555927494776
0.763,-0.005675679106519423,0.007359805031675362
0.764,-0.00579573042839165,0.007284415795357639
0.765,-0.005914957204338365,0.007206075892515674
0.766,-0.006033271184945347,0.007124776055014083
0.767,-0.006150582424010471,0.007040509868515164
0.768,-0.006266799363695488,0.006953273902593261
0.769,-0.0063818289284284235,0.006863067839788618
0.77,-0.00649557662774896,0.006769894603045584
0.771,-0.00660794666825711,0.006673760480948416
0.772,-0.006718842074789878,0.006574675250137582
0.773,-0.0068281648209112065,0.006472652294260918
0.774,-0.006935815968757494,0.006367708718787489
0.775,-0.007041695818234301,0.006259865460988109
0.776,-0.007145704065509634,0.006149147394365478
0.777,-0.007247739970695581,0.006035583426799312
0.778,-0.007347702534553208,0.005919206591658055
0.779,-0.0074454906839958096,0.0058000541311193175
0.78,-0.007541003466102996,0.005678167570936282
0.781,-0.0076341402502932715,0.005553592785887685
0.782,-0.00772480093823581,0.005426380055154736
0.783,-0.007812886181013811,0.005296584106879979
0.784,-0.007898297602982439,0.005164264151180988
0.785,-0.007980938031694522,0.0050294839009161225
0.786,-0.008060711733197612,0.004892311579530643
0.787,-0.00813752465193719,0.004752819915349499
0.788,-0.008211284654433583,0.004611086121728134
0.789,-0.008281901775835182,0.004467191862524788
0.79,-0.00834928846838865,0.004321223202416902
0.791,-0.008413359850808653,0.0041732705416504074
0.792,-0.0084740339574762,0.004023428534883476
0.793,-0.0085312319863465,0.003871795993865591
0.794,-0.00858487854440538,0.003718475773778143
0.795,-0.008634901889478217,0.0035635746431536153
0.796,-0.008681234167167992,0.0034072031373862713
0.797,-0.008723811641680006,0.003249475395947411
0.798,-0.008762574919280562,0.003090508983521935
0.799,-0.008797469163136243,0.0029304246953892952
0.8,-0.008828444298289485,0.0027693463474800224
0.801,-0.008855455205545539,0.0026074005516478686
0.802,-0.008878461903075695,0.0024447164768061583
0.803,-0.008897429714582036,0.0022814255966841185
0.804,-0.00891232942291993,0.002117661425063599
0.805,-0.008923137408135905,0.0019535592394575993
0.806,-0.00892983576895003,0.0017892557942882075
0.807,-0.008932412426793363,0.0016248890247118704
0.808,-0.00893086121160149,0.0014605977423231833
0.809,-0.008925181928664358,0.00129652132404367
0.81,-0.008915380405939505,0.0011327993955682978
0.811,-0.008901468521349522,0.0009695715107988889
0.812,-0.008883464209704215,0.0008069768287393698
0.813,-0.008861391449012278,0.0006451537893622919
0.814,-0.00883528022607517,0.0004842397899787202
0.815,-0.008805166481386113,0.00032437086365404833
0.816,-0.008771092033488281,0.0001656813612102927
0.817,-0.00873310448307717,8.303638340877963e-6
0.818,-0.00869125709726128,-0.00014763225066311193
0.819,-0.008645608674521516,-0.00030199885111553774
0.82,-0.0085962233910317,-0.0004546715966581789
0.821,-0.008543170629118942,-0.0006055290871581608
0.822,-0.008486524788752534,-0.0007544533545072053
0.823,-0.00842636508305199,-0.0009013301151332808
0.824,-0.008362775318898162,-0.0010460490081274684
0.825,-0.008295843663815115,-0.0011885038179890873
0.826,-0.008225662400363817,-0.0013285926810992885
0.827,-0.008152327669351154,-0.0014662182751462077
0.828,-0.008075939203208884,-0.0016012879908421972
0.829,-0.007996600050936538,-0.0017337140853943447
0.83,-0.007914416296029824,-0.0018634138173121819
0.831,-0.007829496768831806,-0.0019903095622599365
0.832,-0.0077419527547480564,-0.0021143289097836243
0.833,-0.0076518976997595415,-0.002235404740864539
0.834,-0.007559446914648411,-0.002353475286369123
0.835,-0.0074647172793227716,-0.0024684841665797257
0.836,-0.007367826948587546,-0.002580380412100379
0.837,-0.007268895060660268,-0.0026891184665355687
0.838,-0.007168041449674077,-0.0027946581714372457
0.839,-0.007065386363346053,-0.0028969647341053274
0.84,-0.006961050186918236,-0.0029960086789091282
0.841,-0.006855153174402288,-0.003091765782871061
0.842,-0.0067478151880776315,-0.0031842169963192625
0.843,-0.006639155447108066,-0.0032733483494722508
0.844,-0.006529292286054277,-0.0033591508458662898
0.845,-0.006418342923970333,-0.003441620343574707
0.846,-0.006306423244681927,-0.0035207574251982267
0.847,-0.006193647588753975,-0.003596567257626483
0.848,-0.00608012855756565,-0.003669059442583689
0.849,-0.005965976829823148,-0.003738247858976201
0.85,-0.005851300990754876,-0.003804150498056924
0.851,-0.005736207374151109,-0.0038667892924115956
0.852,-0.005620799917330955,-0.003926189939755504
0.853,-0.005505180029044243,-0.0039823817225066675
0.854,-0.005389446470245008,-0.00403539732407356
0.855,-0.0052736952476070955,-0.004085272642762664
0.856,-0.00515801951959107,-0.004132046604174085
0.857,-0.005042509514815483,-0.004175760972912815
0.858,-0.004927252462434682,-0.004216460164399501
0.859,-0.004812332534179654,-0.004254191057518476
0.86,-0.0046978307976781744,-0.004289002808792707
0.861,-0.004583825180635386,-0.004320946668725998
0.862,-0.0044703904454260575,-0.004350075800902487
0.863,-0.0043575981736247845,-0.004376445104382931
0.864,-0.00424551675998029,-0.004400111039886691
0.865,-0.004134211415324426,-0.00442113146019827
0.866,-0.004023744177895296,-0.004439565445188023
0.867,-0.003914173932546798,-0.004455473141788514
0.868,-0.0038055564373136496,-0.004468915609221366
0.869,-0.0036979443568011176,-0.004479954669724404
0.87,-0.0035913873018722357,-0.00448865276498577
0.871,-0.0034859318751116093,-0.004495072818450615
0.872,-0.0033816217215539993,-0.0044992781036270356
0.873,-0.003278497584177214,-0.004501332118481325
0.874,-0.00317659736367229,-0.004501298465978299
0.875,-0.0030759561820191367,-0.004499240740790611
0.876,-0.002976606449412527,-0.004495222422171478
0.877,-0.0028785779341013026,-0.004489306772958211
0.878,-0.0027818978347226306,-0.004481556744649265
0.879,-0.002686590854732927,-0.0044720348884752055
0.88,-0.002592679278557429,-0.004460803272363951
0.881,-0.0025001830491011216,-0.004447923403682847
0.882,-0.0024091198462846963,-0.004433456157624403
0.883,-0.002319505166290213,-0.00441746171108891
0.884,-0.0022313524012220433,-0.00439999948190542
0.885,-0.0021446729189093677,-0.004381128073222689
0.886,-0.00205947614259683,-0.004360905222893562
0.887,-0.0019757696302898733,-0.004339387757669702
0.888,-0.001893559153540656,-0.0043166315520185615
0.889,-0.0018128487754792357,-0.004292691491370838
0.89,-0.0017336409279128434,-0.004267621439604287
0.891,-0.0016559364873334871,-0.004241474210568587
0.892,-0.001579734849690808,-0.004214301543455803
0.893,-0.0015050340038030143,-0.004186154081821837
0.894,-0.0014318306032938331,-0.004157081356065955
0.895,-0.0013601200369577234,-0.004127131769177929
0.896,-0.0012898964974690835,-0.0040963525855654695
0.897,-0.0012211530483638836,-0.004064789922778396
0.898,-0.0011538816892340156,-0.004032488745950174
0.899,-0.0010880734190857602,-0.003999492864782189
0.9,-0.0010237182978240743,-0.003965844932901157
0.901,-0.0009608055058339635,-0.003931586449425419
0.902,-0.0008993234016390266,-0.003896757762581472
0.903,-0.0008392595776253772,-0.0038613980752178847
0.904,-0.0007806009138265815,-0.00382554545206965
0.905,-0.000723333629772025,-0.003789236828632066
0.906,-0.0006674433344072893,-0.003752508021509282
0.907,-0.000612915074100669,-0.003715393740108756
0.908,-0.0005597333787549719,-0.0036779275995589057
0.909,-0.0005078823060482041,-0.003640142134733277
0.91,-0.00045734548383071237,-0.003602068815270481
0.911,-0.00040810615070985425,-0.0035637380614850058
0.912,-0.0003601471948563176,-0.0035251792610697334
0.913,-0.00031345119106885927,-0.0034864207864966023
0.914,-0.00026800043613649124,-0.0034474900130273046
0.915,-0.00022377698253905188,-0.0034084133372511965
0.916,-0.00018076267052867398,-0.0033692161960727465
0.917,-0.00013893915863594068,-0.003329923086075786
0.918,-9.828795264551277e-5,-0.00329055758319661
0.919,-5.879043308675637e-5,-0.0032511423626425695
0.92,-2.0427881285406433e-5,-0.0032116992189971973
0.921,1.681849597739896e-5,-0.0031722490864571303
0.922,5.296754315227365e-5,-0.0031328120591501266
0.923,8.803813390855437e-5,-0.0030934074114873137
0.924,0.00012204915037493654,-0.003054053618506468
0.925,0.00015501946358798438,-0.0030147683761666093
0.926,0.00018696791510320948,-0.002975568621557483
0.927,0.0002179132997240045,-0.0029364705529906394
0.928,0.0002478743493044081,-0.0028974896499417693
0.929,0.00027686971758244795,-0.0028586406928167445
0.93,0.0003049179660016536,-0.002819937782516449
0.931,0.00033203755047923455,-0.0027813943597779426
0.932,0.0003582468090803756,-0.0027430232242718505
0.933,0.0003835639505591005,-0.0027048365534380263
0.934,0.0004080070437271876,-0.002666845921043594
0.935,0.00043159400761368154,-0.002629062315449381
0.936,0.0004543426023786259,-0.0025914961575725353
0.937,0.00047627042094573535,-0.0025541573185347754
0.938,0.0004973948813198298,-0.0025170551369872885
0.939,0.0005177332195559598,-0.0024801984361046982
0.94,0.000537302483348258,-0.002443595540241883
0.941,0.000556119526207653,-0.0024072542912486395
0.942,0.0005742010021986757,-0.002371182064438337
0.943,0.0005915633612066688,-0.0023353857842077523
0.944,0.0006082228447077783,-0.0022998719393062385
0.945,0.0006241954820151575,-0.0022646465977532774
0.946,0.000639497086975845,-0.00222971542140427
0.947,0.000654143255093793,-0.0021950836801651634
0.948,0.0006681493610555109,-0.0021607562658571924
0.949,0.0006815305566357574,-0.002126737705733626
0.95,0.0006943017689616582,-0.002093032175650966
0.951,0.0007064776991145455,-0.0020596435128975503
0.952,0.0007180728210497091,-0.002026575228682964
0.953,0.0007291013808151136,-0.0019938305202920636
0.954,0.0007395773960509839,-0.001961412282907786
0.955,0.0007495146557529691,-0.0019293231211072299
0.956,0.0007589267202823879,-0.0018975653600357793
0.957,0.0007678269216078201,-0.0018661410562642862
0.958,0.0007762283637630443,-0.0018350520083345405
0.959,0.0007841439235070314,-0.0018042997669984436
0.96,0.0007915862511723888,-0.001773885645156448
0.961,0.00079856777168931,-0.0017438107275009628
0.962,0.0008051006857727161,-0.0017140758798705271
0.963,0.0008111969712608863,-0.0016846817583206313
0.964,0.0008168683845944627,-0.0016556288179171384
0.965,0.0008221264624252732,-0.001626917321258294
0.966,0.0008269825233449573,-0.0015985473467313431
0.967,0.0008314476697238995,-0.0015705187965097888
0.968,0.0008355327896514659,-0.0015428314042973137
0.969,0.0008392485589690179,-0.0015154847428243857
0.97,0.00084260544338763,-0.0014884782311035312
0.971,0.0008456137006828729,-0.0014618111414492244
0.972,0.000848283382959439,-0.0014354826062683002
0.973,0.0008506243389787838,-0.0014094916246267376
0.974,0.0008526462165433348,-0.001383837068598599
0.975,0.0008543584649311857,-0.0013585176894028467
0.976,0.0008557703373755312,-0.0013335321233336746
0.977,0.0008568908935834336,-0.0013088788974899206
0.978,0.0008577290022888238,-0.0012845564353090374
0.979,0.000858293343834936,-0.0012605630619110092
0.98,0.0008585924127816645,-0.0012368970092575125
0.981,0.0008586345205335965,-0.0012135564211315228
0.982,0.0008584277979847384,-0.0011905393579424725
0.983,0.0008579801981761924,-0.0011678438013619672
0.984,0.0008572994989632785,-0.0011454676587949626
0.985,0.0008563933056888154,-0.001123408767691208
0.986,0.0008552690538594839,-0.0011016648997016574
0.987,0.0008539340118223992,-0.0010802337646844446
0.988,0.0008523952834392044,-0.0010591130145649165
0.989,0.0008506598107551812,-0.0010383002470541168
0.99,0.0008487343766610397,-0.0010177930092300073
0.991,0.0008466256075452168,-0.0009975888009856122
0.992,0.0008443399759346612,-0.0009776850783481683
0.993,0.0008418838031222302,-0.0009580792566732611
0.994,0.000839263261778961,-0.0009387687137178348
0.995,0.0008364843785496097,-0.0009197507925958492
0.996,0.0008335530366299731,-0.0009010228046202765
0.997,0.0008304749783246262,-0.0008825820320350203
0.998,0.0008272558075838172,-0.0008644257306402526
0.999,0.0008239009925183683,-0.0008465511323145644
1.0,0.0008204158678915239,-0.0008289554474372396
1.001,0.0008168056375867876,-0.0008116358672138651
1.002,0.0008130753770508705,-0.0007945895659084048
1.003,0.0008092300357109594,-0.000777813702984778
1.004,0.0008052744393655911,-0.0007613054251608934
1.005,0.0008012132925484904,-0.0007450618683780111
1.006,0.0007970511808648022,-0.0007290801596882178
1.007,0.0007927925732992086,-0.0007133574190627256
1.008,0.0007884418244954868,-0.0006978907611236185
1.009,0.0007840031770071197,-0.000682677296801605
1.01,0.0007794807635186244,-0.0006677141349222473
1.011,0.0007748786090373166,-0.0006529983837230754
1.012,0.0007702006330552747,-0.0006385271523039157
1.013,0.000765450651681313,-0.000624297552012699
1.014,0.0007606323797428152,-0.0006103066977689401
1.015,0.0007557494328573187,-0.0005965517093270196
1.016,0.0007508053294737761,-0.0005830297124813299
1.017,0.0007458034928834564,-0.0005697378402152877
1.018,0.000740747253200479,-0.0005566732337961524
1.019,0.0007356398493120025,-0.0005438330438175304
1.02,0.0007304844307981225,-0.0005312144311913875
1.021,0.0007252840598215524,-0.000518814568091336
1.022,0.0007200417129871915,-0.0005066306388489061
1.023,0.0007147602831717016,-0.0004946598408044613
1.024,0.0007094425813232397,-0.00048289938511436137
1.025,0.0007040913382315076,-0.0004713464975159306
1.026,0.000698709206268303,-0.0004599984190517358
1.027,0.000693298761098769,-0.0004488524067546347
1.028,0.0006878625033635544,-0.00043790573429500684
1.029,0.0006824028603321154,-0.0004271556925915345
1.03,0.000676922187527395,-0.0004165995903868594
1.031,0.0006714227703221356,-0.00040623475478939554
1.032,0.0006659068255070844,-0.00039605853178254126
1.033,0.0006603765028313661,-0.00038606828670249
1.034,0.0006548338865153026,-0.0003762614046858039
1.035,0.0006492809967359704,-0.0003666352910878745
1.036,0.0006437197910857895,-0.00035718737187336014
1.037,0.00063815216600445,-0.0003479150939796529
1.038,0.0006325799581844806,-0.00033881592565439495
1.039,0.0006270049459507762,-0.0003298873567680305
1.04,0.0006214288506143994,-0.00032112689910234724
1.041,0.0006158533378009795,-0.00031253208661593016
1.042,0.0006102800187540328,-0.0003041004756874206
1.043,0.0006047104516135308,-0.00029582964533744364
1.044,0.0005991461426700482,-0.0002877171974300388
1.045,0.0005935885475948207,-0.0002797607568544015
1.046,0.0005880390726460446,-0.00027195797168771653
1.047,0.0005824990758517543,-0.00026430651333983685
1.048,0.0005769698681696099,-0.00025680407668053976
1.049,0.0005714527146239294,-0.0002494483801500639
1.05,0.0005659488354203026,-0.00024223716585361073
1.051,0.000560459407038116,-0.00023516819964046836
1.052,0.0005549855633013265,-0.00022823927116839612
1.053,0.0005495283964278135,-0.0002214481939538847
1.054,0.0005440889580576406,-0.00021479280540888745
1.055,0.0005386682602605579,-0.00020827096686459762
1.056,0.0005332672765230713,-0.0002018805635828272
1.057,0.0005278869427154058,-0.000195619504755524
1.058,0.0005225281580386863,-0.00018948572349294552
1.059,0.000517191785952658,-0.00018347717680099033
1.06,0.0005118786550842658,-0.0001775918455481711
1.061,0.0005065895601174101,-0.0001718277344226959
1.062,0.0005013252626641921,-0.0001661828718801092
1.063,0.000496086492117962,-0.0001606553100819284
1.064,0.000490873946488477,-0.00015524312482569614
1.065,0.0004856882932194761,-0.00014994441546685447
1.066,0.00048053016998897484,-0.000144757304832833
1.067,0.0004754001854925771,-0.00013967993912972912
1.068,0.0004702989202101039,-0.0001347104878419456
1.069,0.00046522692715582944,-0.00012984714362513755
1.07,0.00046018473261261606,-0.00012508812219280875
1.071,0.0004551728368502334,-0.00012043166219688566
1.072,0.0004501917148281456,-0.00011587602510258462
1.073,0.00044524181688304556,-0.00011141949505787807
1.074,0.00044032356940141345,-0.00010706037875785363
1.075,0.0004354373754773702,-0.00010279700530424975
1.076,0.00043058361555609715,-9.862772606044145e-5
1.077,0.00042576264806308583,-9.455091450213981e-5
1.078,0.00042097481001948065,-9.056496606405926e-5
1.079,0.0004162204176437729,-8.666829798279753e-5
1.08,0.0004114997669401001,-8.285934913616414e-5
1.081,0.000406813134273403,-7.913657987918476e-5
1.082,0.0004021607769316873,-7.549847187700022e-5
1.083,0.00039754293367563396,-7.194352793487106e-5
1.084,0.0003929598252757993,-6.847027182549054e-5
1.085,0.00038841165503764155,-6.507724811380138e-5
1.086,0.00038389860931460667,-6.176302197950434e-5
1.087,0.00037942085800950464,-5.8526179037439606e-5
1.088,0.00037497855506440133,-5.536532515601478e-5
1.089,0.0003705718389392498,-5.227908627384726e-5
1.09,0.0003662008330794796,-4.9266108214781556e-5
1.091,0.00036186564637276093,-4.632505650143663e-5
1.092,0.0003575663735951557,-4.345461616743173e-5
1.093,0.0003533030958468648,-4.0653491568433784e-5
1.094,0.00034907588097777696,-3.792040619216357e-5
1.095,0.00034488478400302293,-3.5254102467492436e-5
1.096,0.00034072984750873226,-3.2653341572756184e-5
1.097,0.0003366111020481903,-3.011690324340757e-5
1.098,0.00033252856652858697,-2.764358557912394e-5
1.099,0.0003284822485885469,-2.5232204850481764e-5
1.1,0.0003244721449666277,-2.2881595305305217e-5
1.101,0.0003204982418609685,-2.059060897479157e-5
1.102,0.0003165605152802697,-1.835811547951171e-5
1.103,0.0003126589313862801,-1.6183001835380098e-5
1.104,0.0003087934468279655,-1.4064172259684305e-5
1.105,0.0003049640090675295,-1.2000547977260526e-5
1.106,0.0003011705566984547,-9.991067026897555e-6
1.107,0.00029741301975572864,-8.034684068048193e-6
1.108,0.0002936913200184169,-6.130370187923485e-6
1.109,0.00029000537130474246,-4.277112709041804e-6
1.11,0.0002863550797598274,-2.4739149973015397e-6
1.111,0.00028274034413625093,-7.197962706429272e-7
1.112,0.00027916105606757386,9.862085916384376e-7
1.113,0.00027561710033497847,2.6450492388668643e-6
1.114,0.000272108355127168,4.25766003819391e-6
1.115,0.0002686346922936699,5.824960262983864e-6
1.116,0.0002651959775916817,7.347854280326085e-6
1.117,0.0002617920709265978,8.82723173762551e-6
1.118,0.00025842282658635244,1.0263967748225085e-5
1.119,0.0002550880934697101,1.1658923076016317e-5
1.12,0.0002517877153086353,1.3012944318996417e-5
1.121,0.00024852153088486816,1.4326864091732768e-5
1.122,0.0002452893742408311,1.5601501206697597e-5
1.123,0.00024209107488499043,1.6837660854437774e-5
1.124,0.00023892645799179253,1.803613478254674e-5
1.125,0.0002357953445962937,1.9197701473407443e-5
1.126,0.00023269755178359914,2.0323126320677004e-5
1.127,0.00022963289287322567,2.141316180448574e-5
1.128,0.0002266011775984994,2.246854766532479e-5
1.129,0.00022360221228109813,2.3490011076598288e-5
1.13,0.000220635800000846,2.4478266815817726e-5
1.131,0.00021770174076086586,2.5434017434417568e-5
1.132,0.0002147998316481927,2.635795342617278e-5
1.133,0.00021192986698994928,2.7250753394200306e-5
1.134,0.00020909163850518412,2.8113084216527964e-5
1.135,0.00020628493545246827,2.894560121021556e-5
1.136,0.00020350954477334752,2.9748948294014247e-5
1.137,0.00020076525123174295,3.0523758149551465e-5
1.138,0.00019805183754939202,3.127065238102999e-5
1.139,0.00019536908453742026,3.199024167343071e-5
1.14,0.00019271677122413187,3.268312594920979e-5
1.141,0.0001900946749791054,3.3349894523482266e-5
1.142,0.00018750257163367993,3.3991126257684605e-5
1.143,0.00018494023559791412,3.460738971171024e-5
1.144,0.00018240743997410022,3.519924329451272e-5
1.145,0.00017990395666691257,3.576723541317218e-5
1.146,0.00017742955649026863,3.631190462042158e-5
1.147,0.00017498400927097954,3.6833779760630046e-5
1.148,0.00017256708394926498,3.7333380114241586e-5
1.149,0.00017017854867620614,3.7811215540667875e-5
1.15,0.00016781817090820867,3.826778661963492e-5
1.151,0.00016548571749854622,3.87035847909838e-5
1.152,0.00016318095478605387,3.9119092492926664e-5
1.153,0.00016090364868103903,3.951478329875942e-5
1.154,0.00015865356474847628,3.98911220520336e-5
1.155,0.00015643046828855102,4.0248565000190105e-5
1.156,0.0001542341244146156,4.0587559926658305e-5
1.157,0.00015206429812862036,4.090854628142451e-5
1.158,0.00014992075439408035,4.121195531007417e-5
1.159,0.0001478032582066378,4.1498210181312894e-5
1.16,0.00014571157466227865,4.176772611297157e-5
1.161,0.0001436454690232604,4.2020910496501694e-5
1.162,0.0001416047067818076,4.225816301996691e-5
1.163,0.00013958905372162952,4.2479875789537785e-5
1.164,0.00013759827597731417,4.268643344949661e-5
1.165,0.0001356321400916509,4.287821330075997e-5
1.166,0.0001336904130709334,4.305558541792663e-5
1.167,0.00013177286243829317,4.321891276485911e-5
1.168,0.0001298792562851132,4.336855130880712e-5
1.169,0.0001280093633205698,4.350485013308193e-5
1.17,0.0001261629529193499,4.362815154829033e-5
1.171,0.00012433979516759028,4.373879120213783e-5
1.172,0.00012253966090708355,4.3837098187810266e-5
1.173,0.00012076232177779571,4.3923395150943894e-5
1.174,0.0001190075502587379,4.3997998395193775e-5
1.175,0.00011727511970723546,4.406121798641067e-5
1.176,0.0001155648043966351,4.4113357855436855e-5
1.177,0.00011387637955249111,4.4154715899531474e-5
1.178,0.00011220962138727026,4.4185584082436007e-5
1.179,0.00011056430713361389,4.4206248533090934e-5
1.18,0.00010894021507619548,4.42169896430145e-5
1.181,0.00010733712458221063,4.421808216235481e-5
1.182,0.00010575481613053574,4.4209795294626544e-5
1.183,0.00010419307133959092,4.419239279014368e-5
1.184,0.00010265167299394179,4.416613303815981e-5
1.185,0.00010113040506967418,4.413126915772757e-5
1.186,9.962905275857476e-5,4.408804908728892e-5
1.187,9.814740249115017e-5,4.403671567300816e-5
1.188,9.668524195851628e-5,4.397750675585925e-5
1.189,9.524236013318855e-5,4.391065525747974e-5
1.19,9.381854728880388e-5,4.383638926480284e-5
1.191,9.241359501880342e-5,4.375493211348001e-5
1.192,9.102729625410543e-5,4.36665024701059e-5
1.193,8.965944527979634e-5,4.357131441325776e-5
1.194,8.83098377508677e-5,4.3469577513361474e-5
1.195,8.697827070702602e-5,4.336149691139634e-5
1.196,8.566454258660194e-5,4.3247273396450675e-5
1.197,8.43684532395844e-5,4.312710348214041e-5
1.198,8.308980393980511e-5,4.300117948190291e-5
1.199,8.182839739629774e-5,4.286968958317806e-5
1.2,8.058403776385625e-5,4.273281792048879e-5
1.201,7.935653065281527e-5,4.259074464743314e-5
1.202,7.814568313807603e-5,4.244364600760009e-5
1.203,7.695130376739985e-5,4.2291694404421035e-5
1.204,7.577320256899122e-5,4.213505846996914e-5
1.205,7.461119105839173e-5,4.1973903132718506e-5
1.206,7.346508224470588e-5,4.1808389684275215e-5
1.207,7.23346906361789e-5,4.163867584509206e-5
1.208,7.12198322451467e-5,4.146491582917906e-5
1.209,7.012032459237701e-5,4.1287260407821506e-5
1.21,6.903598671082109e-5,4.110585697231734e-5
1.211,6.796663914879415e-5,4.0920849595745726e-5
1.212,6.691210397260263e-5,4.073237909377845e-5
1.213,6.587220476863607e-5,4.0540583084545783e-5
1.214,6.484676664494049e-5,4.034559604756848e-5
1.215,6.383561623229035e-5,4.014754938176736e-5
1.216,6.283858168477524e-5,3.994657146256198e-5
1.217,6.185549267991726e-5,3.9742787698069755e-5
1.218,6.088618041833485e-5,3.953632058441693e-5
1.219,5.993047762296806e-5,3.9327289760172526e-5
1.22,5.8988218537880106e-5,3.911581205991658e-5
1.221,5.805923892664975e-5,3.8902001566953654e-5
1.222,5.714337607036855e-5,3.868596966518278e-5
1.223,5.6240468765256636e-5,3.846782509013462e-5
1.224,5.5350357319910534e-5,3.8247673979186895e-5
1.225,5.4472883552196016e-5,3.802561992096866e-5
1.226,5.3607890785798684e-5,3.7801764003964354e-5
1.227,5.2755223846444844e-5,3.757620486432801e-5
1.228,5.191472905780451e-5,3.73490387329184e-5
1.229,5.1086254237088594e-5,3.712035948156532e-5
1.23,5.02696486903516e-5,3.689025866857754e-5
1.231,4.9464763207511e-5,3.665882558350264e-5
1.232,4.867145005709432e-5,3.64261472911489e-5
1.233,4.788956298072448e-5,3.6192308674879346e-5
1.234,4.7118957187353655e-5,3.595739247918791e-5
1.235,4.635948934725592e-5,3.5721479351567716e-5
1.236,4.5611017585788275e-5,3.548464788368119e-5
1.237,4.487340147692981e-5,3.524697465184179e-5
1.238,4.414650203660814e-5,3.5008534256816996e-5
1.239,4.343018171582225e-5,3.476939936296198e-5
1.24,4.2724304393570584e-5,3.452964073669362e-5
1.241,4.2028735369592874e-5,3.4289327284313945e-5
1.242,4.134334135693412e-5,3.404852608919252e-5
1.243,4.0667990474338874e-5,3.380730244831672e-5
1.244,4.000255223848359e-5,3.356571990821914e-5
1.245,3.934689755605492e-5,3.332384030029096e-5
1.246,3.870089871568125e-5,3.308172377549024e-5
1.247,3.806442937972495e-5,3.283942883845396e-5
1.248,3.743736457594212e-5,3.2597012381022355e-5
1.249,3.681958068901703e-5,3.235452971518428e-5
1.25,3.6210955451977715e-5,3.211203460545206e-5
1.251,3.561136793749932e-5,3.186957930067421e-5
1.252,3.502069854910143e-5,3.162721456529437e-5
1.253,3.443882901224563e-5,3.138498971006466e-5
1.254,3.386564236533911e-5,3.114295262222161e-5
1.255,3.330102295065028e-5,3.0901149795132666e-5
1.256,3.274485640514183e-5,3.06596263574212e-5
1.257,3.2197029651226804e-5,3.0418426101577957e-5
1.258,3.1657430887453e-5,3.0177591512066595e-5
1.259,3.112594957912079e-5,2.993716379293107e-5
1.26,3.06024764488393e-5,2.9697182894912354e-5
1.261,3.0086903467025957e-5,2.945768754208206e-5
1.262,2.9579123842353946e-5,2.921871525800032e-5
1.263,2.9079032012152197e-5,2.898030239140519e-5
1.264,2.8586523632762337e-5,2.874248414144089e-5
1.265,2.810149556985685e-5,2.85052945824319e-5
1.266,2.7623845888722646e-5,2.8268766688210017e-5
1.267,2.715347384451401e-5,2.8032932356001322e-5
1.268,2.6690279872478895e-5,2.7797822429879846e-5
1.269,2.6234165578162285e-5,2.7563466723794836e-5
1.27,2.5785033727590295e-5,2.7329894044178183e-5
1.271,2.5342788237438586e-5,2.709713221213872e-5
1.272,2.4907334165188495e-5,2.6865208085249814e-5
1.273,2.4478577699274165e-5,2.6634147578936796e-5
1.274,2.4056426149223997e-5,2.6403975687470468e-5
1.275,2.3640787935799364e-5,2.6174716504573053e-5
1.276,2.323157258113376e-5,2.5946393243642695e-5
1.277,2.282869069887516e-5,2.571902825760269e-5
1.278,2.2432053984334453e-5,2.5492643058381402e-5
1.279,2.2041575204642632e-5,2.5267258336028842e-5
1.28,2.1657168188919395e-5,2.50428939774758e-5
1.281,2.1278747818455636e-5,2.4819569084941237e-5
1.282,2.0906230016912272e-5,2.4597301993993748e-5
1.283,2.05395317405378e-5,2.4376110291272617e-5
1.284,2.0178570968406773e-5,2.415601083187412e-5
1.285,1.9823266692681465e-5,2.3937019756408472e-5
1.286,1.9473538908898766e-5,2.3719152507732836e-5
1.287,1.9129308606284342e-5,2.3502423847365794e-5
1.288,1.879049775809606e-5,2.3286847871588403e-5
1.289,1.8457029311998497e-5,2.307243802723714e-5
1.29,1.812882718047035e-5,2.285920712719375e-5
1.291,1.7805816231246542e-5,2.2647167365577084e-5
1.292,1.7487922277796577e-5,2.24363303326419e-5
1.293,1.717507206984088e-5,2.2226707029389452e-5
1.294,1.6867193283906522e-5,2.201830788189478e-5
1.295,1.656421451392394e-5,2.1811142755355366e-5
1.296,1.6266065261865932e-5,2.160522096786596e-5
1.297,1.5972675928430386e-5,2.1400551303924036e-5
1.298,1.5683977803767963e-5,2.1197142027670597e-5
1.299,1.5399903058256036e-5,2.0995000895870686e-5
1.3,1.5120384733319982e-5,2.079413517063812e-5
1.301,1.4845356732303071e-5,2.0594551631908714e-5
1.302,1.4574753811385906e-5,2.0396256589666377e-5
1.303,1.4308511570556537e-5,2.0199255895926235e-5
1.304,1.4046566444632167e-5,2.0003554956479016e-5
1.305,1.3788855694333425e-5,1.9809158742400728e-5
1.306,1.3535317397412033e-5,1.961607180133175e-5
1.307,1.3285890439832756e-5,1.942429826852927e-5
1.308,1.3040514507010407e-5,1.9233841877697e-5
1.309,1.2799130075102647e-5,1.904470597159609e-5
1.31,1.2561678402359307e-5,1.8856893512440933e-5
1.311,1.23281015205289e-5,1.867040709208376e-5
1.312,1.2098342226322923e-5,1.8485248941991583e-5
1.313,1.187234407293859e-5,1.830142094301922e-5
1.314,1.16500513616405e-5,1.8118924634981928e-5
1.315,1.1431409133401797e-5,1.7937761226031196e-5
1.316,1.1216363160605275e-5,1.7757931601837166e-5
1.317,1.1004859938804905e-5,1.7579436334581123e-5
1.318,1.079684667854817e-5,1.7402275691761362e-5
1.319,1.0592271297259624e-5,1.7226449644815817e-5
1.32,1.0391082411186007e-5,1.7051957877564698e-5
1.321,1.0193229327403244e-5,1.687879979447629e-5
1.322,9.998662035885627e-6,1.6706974528759176e-5
1.323,9.807331201637448e-6,1.6536480950283928e-5
1.324,9.619188156887307e-6,1.636731767333734e-5
1.325,9.434184893345329e-6,1.6199483064212246e-5
1.326,9.252274054523455e-6,1.6032975248635878e-5
1.327,9.073408928118997e-6,1.5867792119039675e-5
1.328,8.897543438461545e-6,1.5703931341673428e-5
1.329,8.724632139023413e-6,1.5541390363566618e-5
1.33,8.55463020499364e-6,1.5380166419339686e-5
1.331,8.387493425915667e-6,1.522025653786799e-5
1.332,8.223178198388729e-6,1.506165754880119e-5
1.333,8.061641518832962e-6,1.490436608894065e-5
1.334,7.902840976318276e-6,1.4748378608477492e-5
1.335,7.746734745456956e-6,1.4593691377093917e-5
1.336,7.593281579359959e-6,1.4440300489930234e-5
1.337,7.442440802656889e-6,1.4288201873420154e-5
1.338,7.294172304579542e-6,1.4137391290996776e-5
1.339,7.148436532108988e-6,1.398786434867165e-5
1.34,7.005194483186051e-6,1.383961650048931e-5
1.341,6.864407699985102e-6,1.3692643053859597e-5
1.342,6.726038262251029e-6,1.354693917477006e-5
1.343,6.590048780699236e-6,1.3402499892880689e-5
1.344,6.4564023904785255e-6,1.3259320106503187e-5
1.345,6.325062744696689e-6,1.3117394587466984e-5
1.346,6.1959940080086295e-6,1.2976717985874108e-5
1.347,6.069160850266808e-6,1.2837284834745033e-5
1.348,5.944528440233832e-6,1.269908955455758e-5
1.349,5.822062439356937e-6,1.2562126457680894e-5
1.35,5.701728995604165e-6,1.2426389752706525e-5
1.351,5.583494737361973e-6,1.2291873548678546e-5
1.352,5.467326767394038e-6,1.2158571859224694e-5
1.353,5.3531926568610025e-6,1.2026478606590382e-5
1.354,5.241060439400866e-6,1.189558762557751e-5
1.355,5.130898605269784e-6,1.1765892667389856e-5
1.356,5.022676095542958e-6,1.1637387403386935e-5
1.357,4.916362296375331e-6,1.1510065428748008e-5
1.358,4.811927033321795e-6,1.138392026604807e-5
1.359,4.7093405657165895e-6,1.1258945368747508e-5
1.36,4.608573581111575e-6,1.1135134124597087e-5
1.361,4.509597189773075e-6,1.1012479858959987e-5
1.362,4.412382919236928e-6,1.0890975838052461e-5
1.363,4.316902708921439e-6,1.0770615272104765e-5
1.364,4.223128904797878e-6,1.0651391318443895e-5
1.365,4.131034254118173e-6,1.053329708449972e-5
1.366,4.040591900199457e-6,1.0416325630736007e-5
1.367,3.951775377265101e-6,1.0300469973507825e-5
1.368,3.864558605341873e-6,1.0185723087846845e-5
1.369,3.7789158852128626e-6,1.0072077910175908e-5
1.37,3.6948218934257898e-6,9.959527340954353e-6
1.371,3.6122516773563286e-6,9.848064247255446e-6
1.372,3.5311806503260705e-6,9.737681465277298e-6
1.373,3.4515845867747344e-6,9.628371802788635e-6
1.374,3.3734396174862496e-6,9.520128041510695e-6
1.375,3.2967222248683166e-6,9.412942939436614e-6
1.376,3.2214092382850537e-6,9.306809233089511e-6
1.377,3.147477829442343e-6,9.201719639720579e-6
1.378,3.074905507825468e-6,9.09766685944837e-6
1.379,3.0036701161886564e-6,8.994643577340516e-6
1.38,2.933749826096118e-6,8.892642465439058e-6
1.381,2.8651231335141827e-6,8.791656184730537e-6
1.382,2.7977688544541287e-6,8.691677387062023e-6
1.383,2.731666120665302e-6,8.592698717004165e-6
1.384,2.6667943753781126e-6,8.494712813662415e-6
1.385,2.6031333690965083e-6,8.397712312437468e-6
1.386,2.540663155439511e-6,8.301689846735995e-6
1.387,2.4793640870314086e-6,8.206638049632737e-6
1.388,2.4192168114401926e-6,8.112549555484952e-6
1.389,2.3602022671638303e-6,8.01941700150024e-6
1.39,2.3023016796639576e-6,7.927233029258747e-6
1.391,2.2454965574465876e-6,7.835990286190683e-6
1.392,2.189768688189418e-6,7.745681427010162e-6
1.393,2.1351001349153258e-6,7.656299115106238e-6
1.394,2.0814732322116445e-6,7.56783602389211e-6
1.395,2.0288705824948023e-6,7.480284838113359e-6
1.396,1.977275052319919e-6,7.393638255116131e-6
1.397,1.9266697687349516e-6,7.307888986076116e-6
1.398,1.8770381156789683e-6,7.223029757189181e-6
1.399,1.8283637304241588e-6,7.139053310824499e-6
1.4,1.780630500061156e-6,7.05595240664099e-6
1.401,1.7338225580272725e-6,6.973719822667882e-6
1.402,1.6879242806772424e-6,6.8923483563501835e-6
1.403,1.6429202838960621e-6,6.811830825559842e-6
1.404,1.5987954197535259e-6,6.7321600695733545e-6
1.405,1.5555347732000556e-6,6.65332895001657e-6
1.406,1.5131236588034199e-6,6.575330351777428e-6
1.407,1.4715476175259444e-6,6.498157183887339e-6
1.408,1.430792413541814e-6,6.421802380371924e-6
1.409,1.3908440310940677e-6,6.346258901071806e-6
1.41,1.3516886713908932e-6,6.271519732434116e-6
1.411,1.313312749540826e-6,6.197577888275407e-6
1.412,1.275702891526458e-6,6.124426410516604e-6
1.413,1.2388459312162693e-6,6.052058369890644e-6
1.414,1.202728907414191e-6,5.9804668666234404e-6
1.415,1.1673390609465126e-6,5.909645031088767e-6
1.416,1.1326638317857511e-6,5.839586024437696e-6
1.417,1.0986908562110946e-6,5.770283039203154e-6
1.418,1.0654079640050427e-6,5.7017292998802015e-6
1.419,1.0328031756858636e-6,5.633918063482588e-6
1.42,1.0008646997754904e-6,5.566842620076159e-6
1.421,9.695809301024826e-7,5.500496293289642e-6
1.422,9.389404431396795e-7,5.434872440803379e-6
1.423,9.089319953761754e-7,5.369964454816496e-6
1.424,8.795445207232486e-7,5.305765762493061e-6
1.425,8.507671279538787e-7,5.242269826387717e-6
1.426,8.225890981754871e-7,5.179470144851287e-6
1.427,7.949998823355418e-7,5.117360252416851e-6
1.428,7.679890987596657e-7,5.0559337201667584e-6
1.429,7.415465307218931e-7,4.995184156081049e-6
1.43,7.156621240467207e-7,4.935105205367745e-6
1.431,6.903259847425999e-7,4.875690550775455e-6
1.432,6.655283766665243e-7,4.816933912888741e-6
1.433,6.412597192193622e-7,4.758829050406662e-6
1.434,6.175105850715927e-7,4.7013697604049495e-6
1.435,5.942716979191045e-7,4.644549878582183e-6
1.436,5.715339302687151e-7,4.588363279490417e-6
1.437,5.492883012530768e-7,4.532803876750633e-6
1.438,5.27525974474636e-7,4.477865623253402e-6
1.439,5.062382558783118e-7,4.423542511345159e-6
1.44,4.854165916525685e-7,4.369828573000444e-6
1.441,4.6505256615855296e-7,4.316717879980494e-6
1.442,4.4513789988697667e-7,4.26420454397852e-6
1.443,4.2566444744241854e-7,4.212282716752056e-6
1.444,4.066241955547327e-7,4.160946590242682e-6
1.445,3.880092611172443e-7,4.110190396683497e-6
1.446,3.698118892514212e-7,4.060008408694647e-6
1.447,3.5202445139771124e-7,4.010394939367238e-6
1.448,3.346394434322371e-7,3.961344342335962e-6
1.449,3.1764948380904433e-7,3.9128510118407205e-6
1.45,3.010473117276002e-7,3.8649093827775775e-6
1.451,2.8482578532524323e-7,3.81751393073932e-6
1.452,2.689778798942874e-7,3.7706591720459235e-6
1.453,2.534966861234853e-7,3.7243396637652062e-6
1.454,2.3837540836356066e-7,3.6785500037239517e-6
1.455,2.2360736291651865e-7,3.6332848305097714e-6
1.456,2.0918597634844982e-7,3.5885388234639745e-6
1.457,1.951047838255427e-7,3.544306702665706e-6
1.458,1.8135742747302435e-7,3.5005832289076095e-6
1.459,1.6793765475675021e-7,3.4573632036632642e-6
1.46,1.5483931688716755e-7,3.41464146904664e-6
1.461,1.4205636724537932e-7,3.3724129077638132e-6
1.462,1.2958285983103752e-7,3.330672443057173e-6
1.463,1.1741294773179831e-7,3.2894150386423503e-6
1.464,1.0554088161407325e-7,3.2486356986380964e-6
1.465,9.396100823481394e-8,3.20832946748932e-6
1.466,8.266776897406976e-8,3.1684914298835117e-6
1.467,7.165569838806087e-8,3.129116710660753e-6
1.468,6.091942278251155e-8,3.090200474717525e-6
1.469,5.0453658805991e-8,3.0517379269045055e-6
1.47,4.0253212063011785e-8,3.0137243119185664e-6
1.471,3.0312975746638185e-8,2.9761549141891472e-6
1.472,2.0627929290359508e-8,2.939025057759204e-6
1.473,1.1193137038985808e-8,2.9023301061609103e-6
1.474,2.0037469383259315e-9,2.8660654622862906e-6
1.475,-6.9450107565896264e-9,2.830226568252964e-6
1.476,-1.5657824754976213e-8,2.794808905265167e-6
1.477,-2.4139303985685497e-8,2.75980799347022e-6
1.478,-3.239397883474916e-8,2.7252193918106083e-6
1.479,-4.0426302365303596e-8,2.6910386978718275e-6
1.48,-4.824065152012104e-8,2.65726154772616e-6
1.481,-5.584132830697007e-8,2.6238836157725232e-6
1.482,-6.323256096702616e-8,2.590900614572551e-6
1.483,-7.041850512655053e-8,2.558308294683041e-6
1.484,-7.740324493205307e-8,2.5261024444849185e-6
1.485,-8.419079416915318e-8,2.4942788900088556e-6
1.486,-9.078509736534943e-8,2.462833494757674e-6
1.487,-9.719003087690731e-8,2.431762159525668e-6
1.488,-1.0340940396007136e-7,2.401060822214981e-6
1.489,-1.0944695982680654e-7,2.370725457649152e-6
1.49,-1.1530637668527045e-7,2.3407520773839632e-6
1.491,-1.209912687652166e-7,2.3111367295157036e-6
1.492,-1.2650518732852633e-7,2.2818754984869685e-6
1.493,-1.3185162166506474e-7,2.2529645048901087e-6
1.494,-1.3703400007405398e-7,2.2243999052684372e-6
1.495,-1.4205569083115486e-7,2.1961778919153108e-6
1.496,-1.4692000314144585e-7,2.1682946926711807e-6
1.497,-1.5163018807848613e-7,2.1407465707187268e-6
1.498,-1.5618943950964726e-7,2.1135298243761677e-6
1.499,-1.6060089500789619e-7,2.0866407868888522e-6
1.5,-1.6486763675021011e-7,2.0600758262192225e-6
1.501,-1.6899269240280104e-7,2.0338313448352424e-6
1.502,-1.7297903599332697e-7,2.0079037794973893e-6
1.503,-1.7682958877026372e-7,1.9822896010442887e-6
1.504,-1.8054722004960946e-7,1.956985314177083e-6
1.505,-1.8413474804909248e-7,1.9319874572426203e-6
1.506,-1.8759494071005025e-7,1.9072926020155388e-6
1.507,-1.90930516507146e-7,1.8828973534793353e-6
1.508,-1.9414414524608734e-7,1.85879834960649e-6
1.509,-1.9723844884950908e-7,1.834992261137722e-6
1.51,-2.0021600213118074e-7,1.8114757913604569e-6
1.511,-2.0307933355869738e-7,1.7882456758865691e-6
1.512,-2.0583092600481028e-7,1.7652986824294755e-6
1.513,-2.0847321748755228e-7,1.742631610580646e-6
1.514,-2.110086018993108e-7,1.7202412915855958e-6
1.515,-2.1343942972499943e-7,1.698124588119428e-6
1.516,-2.1576800874947757e-7,1.6762783940619828e-6
1.517,-2.179966047543654e-7,1.6546996342726618e-6
1.518,-2.2012744220439994e-7,1.6333852643649785e-6
1.519,-2.2216270492347604e-7,1.6123322704809008e-6
1.52,-2.2410453676051464e-7,1.5915376690650342e-6
1.521,-2.2595504224529837e-7,1.5709985066387039e-6
1.522,-2.2771628723441352e-7,1.5507118595739889e-6
1.523,-2.2939029954743503e-7,1.5306748338677566e-6
1.524,-2.3097906959349034e-7,1.51088456491575e-6
1.525,-2.3248455098833487e-7,1.4913382172867756e-6
1.526,-2.3390866116207215e-7,1.4720329844970377e-6
1.527,-2.3525328195764797e-7,1.4529660887846662e-6
1.528,-2.3652026022024801e-7,1.4341347808844785e-6
1.529,-2.3771140837772556e-7,1.4155363398030254e-6
1.53,-2.3882850501218505e-7,1.3971680725939534e-6
1.531,-2.3987329542284565e-7,1.3790273141337317e-6
1.532,-2.408474921803064e-7,1.361111426897777e-6
1.533,-2.4175277567233527e-7,1.3434178007370177e-6
1.534,-2.4259079464129947e-7,1.3259438526549326e-6
1.535,-2.43363166713357e-7,1.308687026585098e-6
1.536,-2.440714789195237e-7,1.2916447931692806e-6
1.537,-2.4471728820873284e-7,1.2748146495361074e-6
1.538,-2.45302121952998e-7,1.2581941190803434e-6
1.539,-2.45827478444794e-7,1.2417807512428122e-6
1.54,-2.4629482738676393e-7,1.2255721212909837e-6
1.541,-2.4670561037386354e-7,1.2095658301002647e-6
1.542,-2.4706124136804867e-7,1.1937595039360123e-6
1.543,-2.473631071656134e-7,1.178150794236305e-6
1.544,-2.476125678572838e-7,1.1627373773954922e-6
1.545,-2.4781095728116975e-7,1.1475169545485478e-6
1.546,-2.4795958346867834e-7,1.132487251356255e-6
1.547,-2.480597290834894e-7,1.1176460177912432e-6
1.548,-2.481126518536923e-7,1.1029910279248984e-6
1.549,-2.481195849971827e-7,1.0885200797151714e-6
1.55,-2.480817376404165e-7,1.074230994795304e-6
1.551,-2.480002952306162e-7,1.0601216182634892e-6
1.552,-2.478764199415249e-7,1.0461898184734918e-6
1.553,-2.477112510728001e-7,1.0324334868262414e-6
1.554,-2.4750590544314084e-7,1.0188505375624169e-6
1.555,-2.472614777772374e-7,1.0054389075560432e-6
1.556,-2.469790410866346e-7,9.9219655610911e-7
1.557,-2.4665964704459634e-7,9.791214647472343e-7
1.558,-2.463043263550584e-7,9.662116370163762e-7
1.559,-2.4591408911575687e-7,9.534650982806267e-7
1.56,-2.454899251756155e-7,9.408798955210772e-7
1.561,-2.450328044864773e-7,9.28454097135786e-7
1.562,-2.4454367744926213e-7,9.161857927408527e-7
1.563,-2.4402347525463244e-7,9.040730929726138e-7
1.564,-2.434731102182473e-7,8.921141292909675e-7
1.565,-2.4289347611068437e-7,8.803070537838421e-7
1.566,-2.422854484821084e-7,8.686500389728144e-7
1.567,-2.4164988498176285e-7,8.571412776198901e-7
1.568,-2.409876256723621e-7,8.457789825354527e-7
1.569,-2.402994933394579e-7,8.345613863873923e-7
1.57,-2.39586293795856e-7,8.234867415114182e-7
1.571,-2.3884881618115493e-7,8.125533197225661e-7
1.572,-2.3808783325647965e-7,8.017594121279053e-7
1.573,-2.3730410169448135e-7,7.911033289404516e-7
1.574,-2.364983623646735e-7,7.80583399294294e-7
1.575,-2.3567134061417375e-7,7.701979710609373e-7
1.576,-2.348237465439196e-7,7.599454106668702e-7
1.577,-2.3395627528042582e-7,7.498241029123584e-7
1.578,-2.3306960724314963e-7,7.398324507914722e-7
1.579,-2.3216440840752974e-7,7.299688753133476e-7
1.58,-2.3124133056376343e-7,7.202318153246881e-7
1.581,-2.3030101157138596e-7,7.106197273335078e-7
1.582,-2.2934407560971488e-7,7.011310853341205e-7
1.583,-2.2837113342422156e-7,6.917643806333748e-7
1.584,-2.2738278256889096e-7,6.825181216781403e-7
1.585,-2.2637960764463003e-7,6.733908338840435e-7
1.586,-2.2536218053378446e-7,6.643810594654562e-7
1.587,-2.2433106063082226e-7,6.554873572667385e-7
1.588,-2.232867950692419e-7,6.467083025947347e-7
1.589,-2.2222991894476265e-7,6.380424870525248e-7
1.59,-2.2116095553485265e-7,6.294885183744298e-7
1.591,-2.2008041651465102e-7,6.21045020262273e-7
1.592,-2.1898880216933771e-7,6.127106322228937e-7
1.593,-2.1788660160300626e-7,6.044840094069164e-7
1.594,-2.1677429294409144e-7,5.963638224487716e-7
1.595,-2.1565234354740518e-7,5.883487573079672e-7
1.596,-2.1452121019283188e-7,5.804375151116119e-7
1.597,-2.133813392807344e-7,5.726288119981851e-7
1.598,-2.1223316702412076e-7,5.649213789625544e-7
1.599,-2.1107711963762153e-7,5.573139617022367e-7
1.6,-2.0991361352332597e-7,5.498053204649017e-7
1.601,-2.0874305545352597e-7,5.423942298971148e-7
1.602,-2.0756584275041463e-7,5.350794788943165e-7
1.603,-2.0638236346278656e-7,5.278598704520358e-7
1.604,-2.0519299653978595e-7,5.207342215183343e-7
1.605,-2.0399811200174794e-7,5.137013628474774e-7
1.606,-2.0279807110817797e-7,5.0676013885483e-7
1.607,-2.0159322652291346e-7,4.999094074729714e-7
1.608,-2.0038392247651145e-7,4.931480400090282e-7
1.609,-1.9917049492590468e-7,4.864749210032177e-7
1.61,-1.9795327171136914e-7,4.798889480886014e-7
1.611,-1.96732572710844e-7,4.7338903185204215e-7
1.612,-1.955087099916458e-7,4.6697409569635985e-7
1.613,-1.9428198795961673e-7,4.60643075703684e-7
1.614,-1.930527035057475e-7,4.543949204999954e-7
1.615,-1.9182114615031376e-7,4.482285911208541e-7
1.616,-1.90587598184565e-7,4.42143060878308e-7
1.617,-1.893523348100043e-7,4.3613731522897687e-7
1.618,-1.8811562427529635e-7,4.302103516433072e-7
1.619,-1.86877728010841e-7,4.243611794759921e-7
1.62,-1.8563890076104888e-7,4.1858881983755083e-7
1.621,-1.8439939071435542e-7,4.128923054670635e-7
1.622,-1.8315943963100808e-7,4.072706806060536e-7
1.623,-1.8191928296866287e-7,4.017230008735145e-7
1.624,-1.8067915000582363e-7,3.962483331420726e-7
1.625,-1.7943926396315873e-7,3.90845755415283e-7
1.626,-1.7819984212272833e-7,3.8551435670604997e-7
1.627,-1.769610959451557e-7,3.802532369161674e-7
1.628,-1.7572323118477432e-7,3.7506150671697314e-7
1.629,-1.7448644800278362e-7,3.6993828743111025e-7
1.63,-1.732509410784445e-7,3.648827109153899e-7
1.631,-1.7201689971834583e-7,3.598939194447494e-7
1.632,-1.707845079637725e-7,3.549710655972985e-7
1.633,-1.6955394469620565e-7,3.501133121404482e-7
1.634,-1.6832538374098408e-7,3.453198319181154e-7
1.635,-1.6709899396915687e-7,3.405898077389973e-7
1.636,-1.6587493939755572e-7,3.3592243226590777e-7
1.637,-1.6465337928711567e-7,3.313169079061711e-7
1.638,-1.6343446823947181e-7,3.2677244670306444e-7
1.639,-1.6221835629186031e-7,3.22288270228304e-7
1.64,-1.610051890103503e-7,3.178636094755669e-7
1.641,-1.5979510758143372e-7,3.1349770475504314e-7
1.642,-1.5858824890199966e-7,3.091898055890101e-7
1.643,-1.5738474566771864e-7,3.0493917060842327e-7
1.644,-1.5618472645986346e-7,3.0074506745051585e-7
1.645,-1.5498831583059054e-7,2.96606772657401e-7
1.646,-1.5379563438670784e-7,2.925235715756697e-7
1.647,-1.5260679887195313e-7,2.8849475825697694e-7
1.648,-1.5142192224780671e-7,2.845196353596099e-7
1.649,-1.5024111377286297e-7,2.8059751405103055e-7
1.65,-1.4906447908078334e-7,2.767277139113868e-7
1.651,-1.4789212025685421e-7,2.729095628379838e-7
1.652,-1.4672413591317267e-7,2.6914239695071e-7
1.653,-1.4556062126248155e-7,2.6542556049840933e-7
1.654,-1.4440166819067719e-7,2.617584057661945e-7
1.655,-1.4324736532800992e-7,2.5814029298369256e-7
1.656,-1.420977981190003e-7,2.545705902342167e-7
1.657,-1.4095304889109083e-7,2.510486733648576e-7
1.658,-1.3981319692205453e-7,2.4757392589748655e-7
1.659,-1.386783185061807e-7,2.441457389406638e-7
1.66,-1.3754848701925783e-7,2.4076351110244506e-7
1.661,-1.3642377298237325e-7,2.374266484040797e-7
1.662,-1.3530424412454967e-7,2.3413456419459254e-7
1.663,-1.341899654442371e-7,2.3088667906624342e-7
1.664,-1.3308099926967909e-7,2.276824207708571e-7
1.665,-1.3197740531817266e-7,2.2452122413701641e-7
1.666,-1.3087924075423905e-7,2.2140253098811222e-7
1.667,-1.2978656024672443e-7,2.1832579006124268e-7
1.668,-1.286994160248476e-7,2.1529045692695549e-7
1.669,-1.2761785793321247e-7,2.1229599390982581e-7
1.67,-1.2654193348580242e-7,2.0934187000986325e-7
1.671,-1.254716879189737e-7,2.0642756082474083e-7
1.672,-1.2440716424346432e-7,2.0355254847283952e-7
1.673,-1.2334840329543483e-7,2.0071632151710084e-7
1.674,-1.222954437865576e-7,1.9791837488968147e-7
1.675,-1.2124832235316986e-7,1.9515820981740278e-7
1.676,-1.2020707360450689e-7,1.9243533374798823e-7
1.677,-1.1917173017003009e-7,1.8974926027708256e-7
1.678,-1.181423227458658e-7,1.8709950907604545e-7
1.679,-1.1711888014036939e-7,1.844856058205134e-7
1.68,-1.1610142931882946e-7,1.8190708211972291e-7
1.681,-1.1508999544732666e-7,1.7936347544658856e-7
1.682,-1.140846019357616e-7,1.7685432906852907e-7
1.683,-1.130852704800654e-7,1.7437919197903515e-7
1.684,-1.1209202110360737e-7,1.7193761882997233e-7
1.685,-1.1110487219781283e-7,1.695291698646123e-7
1.686,-1.1012384056200495e-7,1.6715341085138632e-7
1.687,-1.0914894144248339e-7,1.648099130183542e-7
1.688,-1.0818018857085312e-7,1.6249825298838251e-7
1.689,-1.0721759420161591e-7,1.6021801271502549e-7
1.69,-1.0626116914903719e-7,1.5796877941910234e-7
1.691,-1.0531092282330064e-7,1.5575014552596463e-7
1.692,-1.0436686326596271e-7,1.5356170860344743e-7
1.693,-1.0342899718471914e-7,1.5140307130049798e-7
1.694,-1.0249732998749503e-7,1.492738412864755e-7
1.695,-1.0157186581587041e-7,1.4717363119111626e-7
1.696,-1.0065260757785255e-7,1.4510205854515726e-7
1.697,-9.973955698000626e-8,1.4305874572161295e-7
1.698,-9.883271455895339e-8,1.410433198776983e-7
1.699,-9.793207971225225e-8,1.3905541289739285e-7
1.7,-9.70376507286678e-8,1.3709466133463888e-7
1.701,-9.614942481784319e-8,1.3516070635716838e-7
1.702,-9.52673981393829e-8,1.3325319369095277e-7
1.703,-9.439156583135782e-8,1.31371773565269e-7
1.704,-9.352192203824234e-8,1.2951610065837655e-7
1.705,-9.265845993829317e-8,1.2768583404379965e-7
1.706,-9.180117177037995e-8,1.2588063713720824e-7
1.707,-9.095004886027686e-8,1.241001776438926e-7
1.708,-9.010508164642496e-8,1.2234412750682548e-7
1.709,-8.926625970517442e-8,1.2061216285530626e-7
1.71,-8.843357177551571e-8,1.1890396395418133e-7
1.711,-8.760700578330882e-8,1.1721921515363513e-7
1.712,-8.678654886501938e-8,1.1555760483954628e-7
1.713,-8.597218739097025e-8,1.1391882538440326e-7
1.714,-8.51639069881172e-8,1.123025730987741e-7
1.715,-8.436169256235717e-8,1.1070854818332459e-7
1.716,-8.356552832037727e-8,1.0913645468137965e-7
1.717,-8.277539779105271e-8,1.0758600043202241e-7
1.718,-8.199128384640171e-8,1.0605689702372568e-7
1.719,-8.121316872210525e-8,1.0454885974851044e-7
1.72,-8.044103403759932e-8,1.030616075566262e-7
1.721,-7.967486081574756e-8,1.0159486301174779e-7
1.722,-7.891462950210147e-8,1.0014835224668359e-7
1.723,-7.816031998375582e-8,9.872180491958989e-8
1.724,-7.741191160780636e-8,9.73149541706864e-8
1.725,-7.666938319941714e-8,9.592753657946765e-8
1.726,-7.593271307950425e-8,9.455929212240532e-8
1.727,-7.520187908204315e-8,9.320996413113664e-8
1.728,-7.447685857100615e-8,9.187929925113365e-8
1.729,-7.375762845693684e-8,9.056704740084849e-8
1.73,-7.304416521316806e-8,8.927296173132993e-8
1.731,-7.23364448916899e-8,8.799679858630616e-8
1.732,-7.16344431386739e-8,8.673831746272906e-8
1.733,-7.093813520966e-8,8.549728097177522e-8
1.734,-7.02474959844122e-8,8.427345480029893e-8
1.735,-6.956249998144897e-8,8.306660767273247e-8
1.736,-6.888312137225446e-8,8.187651131342907e-8
1.737,-6.820933399517634e-8,8.070294040944381e-8
1.738,-6.754111136901599e-8,7.954567257374804e-8
1.739,-6.687842670631672e-8,7.840448830887263e-8
1.74,-6.62212529263555e-8,7.727917097097562e-8
1.741,-6.556956266784392e-8,7.616950673432986e-8
1.742,-6.492332830134345e-8,7.507528455622602e-8
1.743,-6.428252194140048e-8,7.39962961422868e-8
1.744,-6.364711545840639e-8,7.293233591218788e-8
1.745,-6.30170804901875e-8,7.188320096578119e-8
1.746,-6.239238845333026e-8,7.084869104961648e-8
1.747,-6.177301055424643e-8,6.982860852385674e-8
1.748,-6.115891779998313e-8,6.882275832958324e-8
1.749,-6.055008100878259e-8,6.78309479564862e-8
1.75,-5.994647082039634e-8,6.685298741093687e-8
1.751,-5.934805770615822e-8,6.588868918443684e-8
1.752,-5.875481197882118e-8,6.493786822244063e-8
1.753,-5.816670380216188e-8,6.400034189354745e-8
1.754,-5.7583703200357864e-8,6.307592995905836e-8
1.755,-5.7005780067141275e-8,6.21644545428945e-8
1.756,-5.643290417473371e-8,6.126574010187281e-8
1.757,-5.586504518256607e-8,6.037961339633519e-8
1.758,-5.530217264578773e-8,5.950590346112735e-8
1.759,-5.4744256023568956e-8,5.864444157692342e-8
1.76,-5.41912646872005e-8,5.7795061241892677e-8
1.761,-5.36431679279944e-8,5.695759814370452e-8
1.762,-5.3099934964989615e-8,5.613189013186816e-8
1.763,-5.2561534952466534e-8,5.5317777190403105e-8
1.764,-5.202793698727371e-8,5.451510141083707e-8
1.765,-5.149911011597077e-8,5.372370696552752e-8
1.766,-5.097502334179087e-8,5.294344008130333e-8
1.767,-5.045564563142632e-8,5.21741490134231e-8
1.768,-4.994094592164072e-8,5.141568401984649e-8
1.769,-4.943089312571113e-8,5.066789733581519e-8
1.77,-4.89254561397035e-8,4.9930643148740105e-8
1.771,-4.842460384858465e-8,4.920377757339128e-8
1.772,-4.7928305132174084e-8,4.848715862738726e-8
1.773,-4.7436528870938684e-8,4.77806462069805e-8
1.774,-4.694924395163354e-8,4.708410206313553e-8
1.775,-4.6466419272791836e-8,4.639738977789667e-8
1.776,-4.598802375006682e-8,4.572037474104189e-8
1.777,-4.5514026321428875e-8,4.5052924127019766e-8
1.778,-4.504439595222053e-8,4.439490687216631e-8
1.779,-4.457910164007222e-8,4.3746193652198454e-8
1.78,-4.4118112419681685e-8,4.310665685998112e-8
1.781,-4.3661397367459675e-8,4.247617058356487e-8
1.782,-4.3208925606044675e-8,4.185461058449088e-8
1.783,-4.2760666308689327e-8,4.1241854276360427e-8
1.784,-4.231658870352115e-8,4.0637780703665764e-8
1.785,-4.187666207768006e-8,4.004227052087941e-8
1.786,-4.144085578133528e-8,3.945520597179905e-8
1.787,-4.100913923158406e-8,3.8876470869144915e-8
1.788,-4.058148191623461e-8,3.8305950574407025e-8
1.789,-4.015785339747572e-8,3.774353197793923e-8
1.79,-3.973822331543529e-8,3.7189103479297325e-8
1.791,-3.932256139163015e-8,3.6642554967818445e-8
1.792,-3.8910837432309405e-8,3.6103777803438976e-8
1.793,-3.8503021331693444e-8,3.557266479774821e-8
1.794,-3.809908307511099e-8,3.504911019527506e-8
1.795,-3.769899274203605e-8,3.453300965500519e-8
1.796,-3.730272050902712e-8,3.402426023212582e-8
1.797,-3.6910236652570515e-8,3.352276035999572e-8
1.798,-3.6521511551830015e-8,3.302840983233756e-8
1.799,-3.613651569130464e-8,3.2541109785650374e-8
1.8,-3.5755219663396666e-8,3.206076268183927e-8
1.801,-3.537759417089167e-8,3.1587272291060086e-8
1.802,-3.500361002935257e-8,3.112054367477637e-8
1.803,-3.4633238169429505e-8,3.066048316902632e-8
1.804,-3.4266449639087263e-8,3.0206998367897153e-8
1.805,-3.390321560575222e-8,2.975999810720456e-8
1.806,-3.3543507358380346e-8,2.9319392448374785e-8
1.807,-3.3187296309448135e-8,2.888509266252705e-8
1.808,-3.2834553996868095e-8,2.8457011214753886e-8
1.809,-3.248525208583041e-8,2.803506174859717e-8
1.81,-3.2139362370572484e-8,2.7619159070717446e-8
1.811,-3.179685677607788e-8,2.7209219135754393e-8
1.812,-3.145770735970629e-8,2.6805159031376087e-8
1.813,-3.112188631275599e-8,2.6406896963514936e-8
1.814,-3.0789365961960355e-8,2.601435224178798e-8
1.815,-3.046011877091992e-8,2.5627445265099533e-8
1.816,-3.013411734147134e-8,2.524609750742386e-8
1.817,-2.9811334414994815e-8,2.487023150376587e-8
1.818,-2.9491742873661265e-8,2.44997708362977e-8
1.819,-2.9175315741620666e-8,2.4134640120669083e-8
1.82,-2.8862026186132925e-8,2.377476499248947e-8
1.821,-2.8551847518642562e-8,2.3420072093979854e-8
1.822,-2.824475319579852e-8,2.30704890607923e-8
1.823,-2.7940716820420404e-8,2.2725944508995167e-8
1.824,-2.7639712142412327e-8,2.2386368022222082e-8
1.825,-2.7341713059625662e-8,2.2051690138982676e-8
1.826,-2.7046693618671854e-8,2.172184234013321e-8
1.827,-2.6754628015686475e-8,2.1396757036505123e-8
1.828,-2.646549059704573e-8,2.1076367556689668e-8
1.829,-2.617925586003645e-8,2.076060813497675e-8
1.83,-2.5895898453480783e-8,2.0449413899446105e-8
1.831,-2.5615393178316623e-8,2.0142720860209048e-8
1.832,-2.5337714988134852e-8,1.9840465897798914e-8
1.833,-2.5062838989674452e-8,1.9542586751708474e-8
1.834,-2.479074044327653e-8,1.924902200907252e-8
1.835,-2.4521394763298233e-8,1.895971109349389e-8
1.836,-2.4254777518487564e-8,1.8674594254011234e-8
1.837,-2.3990864432320093e-8,1.8393612554206717e-8
1.838,-2.3729631383298452e-8,1.8116707861452127e-8
1.839,-2.3471054405215638e-8,1.784382283629158e-8
1.84,-2.3215109687382938e-8,1.7574900921959233e-8
1.841,-2.2961773574823456e-8,1.730988633403039e-8
1.842,-2.2711022568432092e-8,1.7048724050204325e-8
1.843,-2.2462833325102826e-8,1.6791359800217314e-8
1.844,-2.221718265782416e-8,1.653774005588422e-8
1.845,-2.197404753574358e-8,1.6287812021267098e-8
1.846,-2.1733405084201765e-8,1.604152362296931e-8
1.847,-2.149523258473748e-8,1.579882350055357e-8
1.848,-2.1259507475063764e-8,1.5559660997082464e-8
1.849,-2.1026207349016338e-8,1.5323986149779914e-8
1.85,-2.079530995647487e-8,1.5091749680812128e-8
1.851,-2.056679320325788e-8,1.4862902988186585e-8
1.852,-2.0340635150992033e-8,1.4637398136767624e-8
1.853,-2.0116814016956446e-8,1.4415187849407168e-8
1.854,-1.9895308173902785e-8,1.4196225498189228e-8
1.855,-1.967609614985178e-8,1.3980465095786773e-8
1.856,-1.9459156627866834e-8,1.3767861286929575e-8
1.857,-1.9244468445805405e-8,1.3558369339981705e-8
1.858,-1.9032010596048722e-8,1.3351945138627297e-8
1.859,-1.882176222521057e-8,1.3148545173663275e-8
1.86,-1.8613702633825663e-8,1.2948126534897733e-8
1.861,-1.8407811276018237e-8,1.275064690315264e-8
1.862,-1.8204067759151476e-8,1.2556064542369618e-8
1.863,-1.80024518434583e-8,1.236433829181751e-8
1.864,-1.7802943441654102e-8,1.217542755840048e-8
1.865,-1.7605522618532e-8,1.1989292309065411e-8
1.866,-1.741016959054112e-8,1.1805893063307375e-8
1.867,-1.7216864725348413e-8,1.1625190885771967e-8
1.868,-1.7025588541384626e-8,1.1447147378953283e-8
1.869,-1.68363217073748e-8,1.1271724675986404e-8
1.87,-1.6649045041853887e-8,1.1098885433533168e-8
1.871,-1.6463739512667933e-8,1.0928592824760094e-8
1.872,-1.6280386236461322e-8,1.0760810532407329e-8
1.873,-1.6098966478150506e-8,1.0595502741947465e-8
1.874,-1.591946165038474e-8,1.0432634134833122e-8
1.875,-1.5741853312994194e-8,1.0272169881832196e-8
1.876,-1.556612317242596e-8,1.011407563644966e-8
1.877,-1.5392253081168296e-8,9.95831752843489e-9
1.878,-1.5220225037163593e-8,9.804862157373384e-9
1.879,-1.5050021183210426e-8,9.653676586361879e-9
1.88,-1.4881623806355132e-8,9.504728335765792e-9
1.881,-1.471501533727326e-8,9.357985377057976e-9
1.882,-1.4550178349641306e-8,9.21341612673776e-9
1.883,-1.4387095559499107e-8,9.070989440329286e-9
1.884,-1.4225749824603239e-8,8.930674606458126e-9
1.885,-1.406612414377179e-8,8.792441341005239e-9
1.886,-1.3908201656220871e-8,8.656259781337245e-9
1.887,-1.375196564089317e-8,8.52210048061212e-9
1.888,-1.3597399515778923e-8,8.389934402159302e-9
1.889,-1.3444486837229607e-8,8.259732913933343e-9
1.89,-1.3293211299264674e-8,8.13146778304011e-9
1.891,-1.3143556732871644e-8,8.00511117033469e-9
1.892,-1.2995507105299868e-8,7.88063562509004e-9
1.893,-1.2849046519348239e-8,7.758014079735543e-9
1.894,-1.270415921264717e-8,7.637219844664543e-9
1.895,-1.2560829556935092e-8,7.518226603110023e-9
1.896,-1.2419042057329781e-8,7.401008406087546e-9
1.897,-1.227878135159476e-8,7.2855396674046266e-9
1.898,-1.2140032209401058e-8,7.1717951587356755e-9
1.899,-1.200277953158458e-8,7.0597500047617055e-9
1.9,-1.1867008349399331e-8,6.949379678373967e-9
1.901,-1.1732703823766758e-8,6.840659995940711e-9
1.902,-1.1599851244521443e-8,6.733567112636279e-9
1.903,-1.146843602965337e-8,6.62807751783173e-9
1.904,-1.1338443724547026e-8,6.524168030546216e-9
1.905,-1.1209860001217523e-8,6.421815794958352e-9
1.906,-1.108267065754399e-8,6.320998275976803e-9
1.907,-1.0956861616500434e-8,6.2216932548693484e-9
1.908,-1.0832418925384272e-8,6.123878824949658e-9
1.909,-1.0709328755042763e-8,6.027533387321085e-9
1.91,-1.0587577399097496e-8,5.932635646676702e-9
1.911,-1.0467151273167175e-8,5.839164607154907e-9
1.912,-1.0348036914088856e-8,5.747099568249859e-9
1.913,-1.0230220979137817e-8,5.656420120776064e-9
1.914,-1.0113690245246276e-8,5.5671061428864116e-9
1.915,-9.998431608221087e-9,5.479137796142978e-9
1.916,-9.884432081960608e-9,5.392495521639933e-9
1.917,-9.771678797670919e-9,5.307160036177864e-9
1.918,-9.660159003081499e-9,5.223112328488882e-9
1.919,-9.549860061660593e-9,5.140333655511849e-9
1.92,-9.440769451830364e-9,5.058805538717075e-9
1.921,-9.33287476618199e-9,4.978509760479875e-9
1.922,-9.226163710690875e-9,4.89942836050233e-9
1.923,-9.120624103932098e-9,4.821543632282662e-9
1.924,-9.01624387629622e-9,4.744838119631593e-9
1.925,-8.913011069205618e-9,4.669294613235086e-9
1.926,-8.810913834331457e-9,4.594896147262882e-9
1.927,-8.709940432811415e-9,4.5216259960222355e-9
1.928,-8.610079234468306e-9,4.449467670656265e-9
1.929,-8.511318717029705e-9,4.378404915886358e-9
1.93,-8.413647465348703e-9,4.308421706798041e-9
1.931,-8.31705417062589e-9,4.239502245669773e-9
1.932,-8.22152762963268e-9,4.171630958844106e-9
1.933,-8.127056743936109e-9,4.1047924936406506e-9
1.934,-8.033630519125148e-9,4.038971715310328e-9
1.935,-7.941238064038711e-9,3.974153704030364e-9
1.936,-7.849868589995388e-9,3.910323751939491e-9
1.937,-7.759511410025035e-9,3.847467360212859e-9
1.938,-7.670155938102293e-9,3.785570236176118e-9
1.939,-7.581791688382145e-9,3.724618290458186e-9
1.94,-7.494408274437567e-9,3.664597634182179e-9
1.941,-7.407995408499383e-9,3.6054945761940323e-9
1.942,-7.322542900698402e-9,3.5472956203283037e-9
1.943,-7.23804065830989e-9,3.4899874627106917e-9
1.944,-7.154478685000486e-9,3.433556989096777e-9
1.945,-7.071847080077606e-9,3.3779912722465327e-9
1.946,-6.990136037741432e-9,3.3232775693341244e-9
1.947,-6.909335846339529e-9,3.269403319392551e-9
1.948,-6.829436887624176e-9,3.216356140792667e-9
1.949,-6.75042963601246e-9,3.1641238287561403e-9
1.95,-6.672304657849205e-9,3.1126943529019056e-9
1.951,-6.5950526106727896e-9,3.0620558548256737e-9
1.952,-6.5186642424839135e-9,3.0121966457120675e-9
1.953,-6.443130391017362e-9,2.9631052039789578e-9
1.954,-6.368441983016834e-9,2.914770172953581e-9
1.955,-6.294590033512862e-9,2.8671803585800204e-9
1.956,-6.221565645103909e-9,2.820324727157643e-9
1.957,-6.149360007240645e-9,2.7741924031100885e-9
1.958,-6.077964395513495e-9,2.7287726667844052e-9
1.959,-6.0073701709434556e-9,2.6840549522799492e-9
1.96,-5.937568779276268e-9,2.6400288453066414e-9
1.961,-5.868551750279947e-9,2.596684081072216e-9
1.962,-5.800310697045734e-9,2.5540105421980628e-9
1.963,-5.732837315292492e-9,2.5119982566633016e-9
1.964,-5.666123382674591e-9,2.470637395776712e-9
1.965,-5.6001607580933085e-9,2.4299182721761535e-9
1.966,-5.534941381011776e-9,2.389831337855116e-9
1.967,-5.470457270773515e-9,2.3503671822160444e-9
1.968,-5.406700525924576e-9,2.311516530150082e-9
1.969,-5.343663323539316e-9,2.2732702401428927e-9
1.97,-5.281337918549841e-9,2.235619302406208e-9
1.971,-5.219716643079133e-9,2.19855483703477e-9
1.972,-5.1587919057779e-9,2.162068092188332e-9
1.973,-5.098556191165142e-9,2.126150442298383e-9
1.974,-5.039002058972488e-9,2.090793386299276e-9
1.975,-4.980122143492302e-9,2.0559885458834344e-9
1.976,-4.921909152929579e-9,2.0217276637803226e-9
1.977,-4.864355868757657e-9,1.988002602058859e-9
1.978,-4.807455145077751e-9,1.954805340452971e-9
1.979,-4.751199907982332e-9,1.922127974709981e-9
1.98,-4.695583154922359e-9,1.8899627149615226e-9
1.981,-4.640597954078382e-9,1.8583018841166864e-9
1.982,-4.586237443735522e-9,1.8271379162771076e-9
1.983,-4.5324948316623424e-9,1.7964633551736978e-9
1.984,-4.4793633944936224e-9,1.766270852624738e-9
1.985,-4.426836477117037e-9,1.7365531670150485e-9
1.986,-4.3749074920637585e-9,1.707303161795957e-9
1.987,-4.323569918902977e-9,1.6785138040057884e-9
1.988,-4.272817303640351e-9,1.6501781628106024e-9
1.989,-4.2226432581203986e-9,1.6222894080649136e-9
1.99,-4.17304145943282e-9,1.5948408088921253e-9
1.991,-4.1240056493227694e-9,1.567825732284416e-9
1.992,-4.075529633605066e-9,1.5412376417218203e-9
1.993,-4.027607281582359e-9,1.515070095810248e-9
1.994,-3.9802325254672305e-9,1.489316746938191e-9
1.995,-3.933399359808259e-9,1.4639713399518662e-9
1.996,-3.88710184092002e-9,1.4390277108485524e-9
1.997,-3.841334086317037e-9,1.4144797854878738e-9
1.998,-3.796090274151682e-9,1.3903215783207981e-9
1.999,-3.751364642656009e-9,1.3665471911361033e-9
2.0,-3.707151489587533e-9,1.3431508118240893e-9
2.001,-3.6634451716789434e-9,1.3201267131572982e-9
2.002,-3.620240104091744e-9,1.2974692515880172e-9
2.003,-3.5775307598738246e-9,1.2751728660623411e-9
2.004,-3.5353116694209484e-9,1.2532320768505727e-9
2.005,-3.493577419942154e-9,1.2316414843937397e-9
2.006,-3.4523226549290646e-9,1.2103957681660182e-9
2.007,-3.411542073629098e-9,1.1894896855528426e-9
2.008,-3.371230430522568e-9,1.1689180707444981e-9
2.009,-3.3313825348036657e-9,1.1486758336449846e-9
2.01,-3.291993249865324e-9,1.128757958795948e-9
2.011,-3.253057492787937e-9,1.1091595043154773e-9
2.012,-3.2145702338319448e-9,1.089875600851569e-9
2.013,-3.1765264959342577e-9,1.0709014505500577e-9
2.014,-3.1389213542085173e-9,1.0522323260368251e-9
2.015,-3.101749935449181e-9,1.0338635694140893e-9
2.016,-3.0650074176394218e-9,1.0157905912705883e-9
2.017,-3.028689029462822e-9,9.98008869705472e-10
2.018,-2.992790049818864e-9,9.805139493657144e-10
2.019,-2.9573058073421894e-9,9.633014404968663e-10
2.02,-2.9222316799256242e-9,9.46367018006971e-10
2.021,-2.887563094246955e-9,9.297064205434611e-10
2.022,-2.853295525299438e-9,9.133154495828636e-10
2.023,-2.8194244959260304e-9,8.971899685331425e-10
2.024,-2.785945576357332e-9,8.813259018485053e-10
2.025,-2.752854383753218e-9,8.657192341565068e-10
2.026,-2.7201465817481507e-9,8.503660093972834e-10
2.027,-2.687817880000153e-9,8.352623299747555e-10
2.028,-2.655864033743432e-9,8.204043559196346e-10
2.029,-2.6242808433446324e-9,8.057883040640764e-10
2.03,-2.5930641538627095e-9,7.914104472278219e-10
2.031,-2.5622098546123987e-9,7.772671134156718e-10
2.032,-2.5317138787312704e-9,7.633546850261402e-10
2.033,-2.501572202750352e-9,7.496695980711363e-10
2.034,-2.4717808461683007e-9,7.362083414065248e-10
2.035,-2.4423358710291095e-9,7.229674559734176e-10
2.036,-2.413233381503329e-9,7.099435340500512e-10
2.037,-2.3844695234727876e-9,6.971332185141058e-10
2.038,-2.356040484118796e-9,6.845332021153262e-10
2.039,-2.3279424915138094e-9,6.721402267583015e-10
2.04,-2.300171814216543e-9,6.599510827952684e-10
2.041,-2.2727247608705084e-9,6.479626083288014e-10
2.042,-2.245597679805964e-9,6.361716885242538e-10
2.043,-2.218786958645253e-9,6.245752549318193e-10
2.044,-2.1922890239115186e-9,6.131702848180816e-10
2.045,-2.166100340640769e-9,6.019538005069233e-10
2.046,-2.1402174119972794e-9,5.909228687296675e-10
2.047,-2.1146367788923135e-9,5.800745999843252e-10
2.048,-2.0893550196061364e-9,5.694061479038247e-10
2.049,-2.0643687494133126e-9,5.589147086331012e-10
2.05,-2.039674620211261e-9,5.485975202149255e-10
2.051,-2.015269320152049e-9,5.384518619843514e-10
2.052,-1.991149573277411e-9,5.284750539716668e-10
2.053,-1.9673121391569635e-9,5.186644563137285e-10
2.054,-1.9437538125296112e-9,5.090174686735713e-10
2.055,-1.9204714229481067e-9,4.995315296681726e-10
2.056,-1.8974618344267582e-9,4.902041163042664e-10
2.057,-1.8747219450922627e-9,4.810327434220918e-10
2.058,-1.8522486868376385e-9,4.720149631469721e-10
2.059,-1.8300390249792478e-9,4.6314836434861285e-10
2.06,-1.808089957916878e-9,4.544305721080168e-10
2.061,-1.7863985167968731e-9,4.4585924719190904e-10
2.062,-1.7649617651782884e-9,4.374320855345707e-10
2.063,-1.7437767987020491e-9,4.2914681772697893e-10
2.064,-1.7228407447630973e-9,4.210012085131537e-10
2.065,-1.7021507621855022e-9,4.129930562936115e-10
2.066,-1.6817040409005181e-9,4.051201926358293e-10
2.067,-1.6614978016275664e-9,3.9738048179162233e-10
2.068,-1.641529295558126e-9,3.8977182022134033e-10
2.069,-1.6217958040425074e-9,3.822921361247889e-10
2.07,-1.6022946382794954e-9,3.7493938897878347e-10
2.071,-1.583023139008837e-9,3.677115690812446e-10
2.072,-1.5639786762065554e-9,3.6060669710174436e-10
2.073,-1.5451586487830722e-9,3.5362282363841603e-10
2.074,-1.5265604842841163e-9,3.467580287811378e-10
2.075,-1.5081816385943978e-9,3.400104216809056e-10
2.076,-1.4900195956440324e-9,3.3337814012530905e-10
2.077,-1.4720718671176913e-9,3.2685935012002644e-10
2.078,-1.4543359921664587e-9,3.2045224547625584e-10
2.079,-1.4368095371223792e-9,3.141550474040005e-10
2.08,-1.4194900952156716e-9,3.079660041111275e-10
2.081,-1.4023752862945936e-9,3.0188339040812016e-10
2.082,-1.385462756547933e-9,2.959055073184457e-10
2.083,-1.3687501782301117e-9,2.9003068169445995e-10
2.084,-1.3522352493888771e-9,2.842572658387733e-10
2.085,-1.3359156935955669e-9,2.7858363713100213e-10
2.086,-1.3197892596779216e-9,2.7300819765983064e-10
2.087,-1.303853721455433e-9,2.6752937386031057e-10
2.088,-1.2881068774772025e-9,2.6214561615632584e-10
2.089,-1.2725465507622933e-9,2.5685539860814993e-10
2.09,-1.257170588542558e-9,2.516572185650269e-10
2.091,-1.24197686200792e-9,2.4654959632270476e-10
2.092,-1.2269632660540912e-9,2.4153107478585387e-10
2.093,-1.212127719032707e-9,2.36600219135302e-10
2.094,-1.1974681625038586e-9,2.317556165000188e-10
2.095,-1.182982560991006e-9,2.26995875633785e-10
2.096,-1.1686689017382495e-9,2.223196265964797e-10
2.097,-1.1545251944699438e-9,2.1772552043992293e-10
2.098,-1.1405494711526357e-9,2.132122288982094e-10
2.099,-1.1267397857593044e-9,2.0877844408247123e-10
2.1,-1.1130942140358896e-9,2.0442287818000812e-10
2.101,-1.0996108532700858e-9,2.00144263157724e-10
2.102,-1.086287822062386e-9,1.959413504698104e-10
2.103,-1.0731232600993568e-9,1.918129107696173e-10
2.104,-1.0601153279291245e-9,1.877577336256532e-10
2.105,-1.0472622067390577e-9,1.8377462724165667e-10
2.106,-1.034562098135625e-9,1.7986241818068303e-10
2.107,-1.0220132239264114e-9,1.760199510931496e-10
2.108,-1.0096138259042759e-9,1.7224608844878469e-10
2.109,-9.97362165633631e-10,1.6853971027242588e-10
2.11,-9.852565242388285e-10,1.648997138836135e-10
2.111,-9.732952021946314e-10,1.6132501363992653e-10
2.112,-9.614765191187576e-10,1.5781454068400873e-10
2.113,-9.49798813566474e-10,1.5436724269423312e-10
2.114,-9.382604428272286e-10,1.5098208363895409e-10
2.115,-9.268597827232977e-10,1.4765804353429705e-10
2.116,-9.15595227410436e-10,1.4439411820543588e-10
2.117,-9.044651891805098e-10,1.411893190513096e-10
2.118,-8.934680982660969e-10,1.3804267281272986e-10
2.119,-8.826024026470364e-10,1.3495322134383181e-10
2.12,-8.718665678589119e-10,1.3192002138682166e-10
2.121,-8.612590768034516e-10,1.289421443499745e-10
2.122,-8.507784295608268e-10,1.2601867608883672e-10
2.123,-8.404231432038354e-10,1.2314871669058842e-10
2.124,-8.301917516139514e-10,1.2033138026152104e-10
2.125,-8.200828052992256e-10,1.1756579471758673e-10
2.126,-8.100948712140201e-10,1.1485110157797616e-10
2.127,-8.002265325805621e-10,1.1218645576168228e-10
2.128,-7.90476388712299e-10,1.0957102538700811e-10
2.129,-7.808430548390408e-10,1.0700399157397691e-10
2.13,-7.713251619338727e-10,1.0448454824960422e-10
2.131,-7.619213565418227e-10,1.0201190195599118e-10
2.132,-7.52630300610268e-10,9.958527166119971e-11
2.133,-7.434506713210663e-10,9.720388857286999e-11
2.134,-7.343811609243944e-10,9.486699595454201e-11
2.135,-7.254204765742799e-10,9.257384894464266e-11
2.136,-7.165673401658116e-10,9.032371437810118e-11
2.137,-7.078204881740116e-10,8.811587061055554e-11
2.138,-6.991786714943554e-10,8.594960734511327e-11
2.139,-6.906406552849251e-10,8.382422546163094e-11
2.14,-6.822052188101799e-10,8.173903684847627e-11
2.141,-6.738711552863304e-10,7.969336423673815e-11
2.142,-6.656372717283014e-10,7.768654103684982e-11
2.143,-6.57502388798268e-10,7.571791117759106e-11
2.144,-6.49465340655753e-10,7.378682894743585e-11
2.145,-6.415249748092673e-10,7.189265883821214e-11
2.146,-6.336801519694841e-10,7.003477539104122e-11
2.147,-6.259297459039282e-10,6.821256304452416e-11
2.148,-6.182726432931686e-10,6.642541598514372e-11
2.149,-6.107077435885007e-10,6.467273799985006e-11
2.15,-6.032339588711036e-10,6.295394233079963e-11
2.151,-5.958502137126588e-10,6.126845153221637e-11
2.152,-5.885554450374164e-10,5.96156973293453e-11
2.153,-5.81348601985697e-10,5.799512047946867e-11
2.154,-5.742286457788128e-10,5.640617063495562e-11
2.155,-5.671945495853977e-10,5.4848306208316074e-11
2.156,-5.602452983891315e-10,5.33209942392308e-11
2.157,-5.53379888857845e-10,5.1823710263529195e-11
2.158,-5.465973292139939e-10,5.0355938184087354e-11
2.159,-5.398966391064876e-10,4.891717014361893e-11
2.16,-5.332768494838612e-10,4.750690639933191e-11
2.161,-5.26737002468776e-10,4.612465519942477e-11
2.162,-5.202761512338391e-10,4.47699326613957e-11
2.163,-5.138933598787254e-10,4.3442262652139225e-11
2.164,-5.075877033085935e-10,4.2141176669804554e-11
2.165,-5.013582671137805e-10,4.0866213727390715e-11
2.166,-4.952041474507649e-10,3.961692023805355e-11
2.167,-4.891244509243844e-10,3.839284990210022e-11
2.168,-4.831182944712975e-10,3.719356359564711e-11
2.169,-4.771848052446761e-10,3.6018629260917366e-11
2.17,-4.713231205001181e-10,3.486762179815463e-11
2.171,-4.6553238748276733e-10,3.374012295912992e-11
2.172,-4.598117633156298e-10,3.263572124221876e-11
2.173,-4.5416041488907436e-10,3.1554011789026247e-11
2.174,-4.4857751875150604e-10,3.049459628253778e-11
2.175,-4.4306226100120174e-10,2.945708284677367e-11
2.176,-4.376138371792953e-10,2.8441085947926064e-11
2.177,-4.3223145216390227e-10,2.7446226296956976e-11
2.178,-4.2691432006537254e-10,2.6472130753636432e-11
2.179,-4.2166166412265925e-10,2.5518432232000147e-11
2.18,-4.164727166007947e-10,2.4584769607206298e-11
2.181,-4.113467186894605e-10,2.3670787623771384e-11
2.182,-4.062829204026423e-10,2.2776136805165304e-11
2.183,-4.0128058047935864e-10,2.1900473364746197e-11
2.184,-3.96338966285452e-10,2.1043459118015763e-11
2.185,-3.9145735371643346e-10,2.0204761396176097e-11
2.186,-3.866350271013686e-10,1.9384052960969272e-11
2.187,-3.8187127910779597e-10,1.858101192078134e-11
2.188,-3.7716541064766694e-10,1.7795321647992405e-11
2.189,-3.725167307842967e-10,1.7026670697554937e-11
2.19,-3.6792455664031744e-10,1.6274752726782612e-11
2.191,-3.6338821330662225e-10,1.5539266416332208e-11
2.192,-3.589070337522909e-10,1.4819915392361404e-11
2.193,-3.5448035873548755e-10,1.4116408149845482e-11
2.194,-3.5010753671532017e-10,1.3428457977036275e-11
2.195,-3.4578792376465256e-10,1.2755782881046807e-11
2.196,-3.415208834838592e-10,1.2098105514545439e-11
2.197,-3.373057869155136e-10,1.1455153103543451e-11
2.198,-3.331420124600003e-10,1.0826657376260292e-11
2.199,-3.2902894579204204e-10,1.0212354493050901e-11
2.2,-3.249659797781321e-10,9.611984977379766e-12
2.201,-3.2095251439486315e-10,9.02529364782655e-12
2.202,-3.169879566481432e-10,8.452029551108392e-12
2.203,-3.130717204932901e-10,7.891945896104122e-12
2.204,-3.092032267559951e-10,7.344799988865927e-12
2.205,-3.053819030541474e-10,6.8103531686041165e-12
2.206,-3.0160718372051034e-10,6.288370744630925e-12
2.207,-2.9787850972624043e-10,5.778621934249403e-12
2.208,-2.941953286052418e-10,5.2808798015737296e-12
2.209,-2.905570943793458e-10,4.794921197267394e-12
2.21,-2.86963267484309e-10,4.320526699185941e-12
2.211,-2.834133146966197e-10,3.8574805539111375e-12
2.212,-2.799067090611064e-10,3.405570619163608e-12
2.213,-2.764429298193384e-10,2.9645883070811663e-12
2.214,-2.730214623388108e-10,2.5343285283502626e-12
2.215,-2.696417980429072e-10,2.1145896371781265e-12
2.216,-2.6630343434163e-10,1.7051733770933773e-12
2.217,-2.6300587456309176e-10,1.305884827563035e-12
2.218,-2.5974862788575955e-10,9.165323514140451e-13
2.219,-2.5653120927144434e-10,5.369275430475895e-13
2.22,-2.533531393990276e-10,1.6688517743462794e-13
2.221,-2.5021394459891806e-10,-1.9377684011872058e-13
2.222,-2.4711315678823036e-10,-5.452375234471923e-13
2.223,-2.4405031340667877e-10,-8.87672854254859e-13
2.224,-2.4102495735317784e-10,-1.2212558301069907e-12
2.225,-2.380366369231435e-10,-1.5461565116960606e-12
2.226,-2.350849057464865e-10,-1.862542069392502e-12
2.227,-2.3216932272629164e-10,-2.1705768290906715e-12
2.228,-2.292894519781751e-10,-2.4704223173603283e-12
2.229,-2.264448627703134e-10,-2.762237305913795e-12
2.23,-2.2363512946413625e-10,-3.046177855398813e-12
2.231,-2.2085983145567704e-10,-3.322397358526967e-12
2.232,-2.1811855311757372e-10,-3.591046582547421e-12
2.233,-2.1541088374171327e-10,-3.852273711075554e-12
2.234,-2.127364174825132e-10,-4.106224385285958e-12
2.235,-2.1009475330083304e-10,-4.3530417444791215e-12
2.236,-2.0748549490850988e-10,-4.592866466030997e-12
2.237,-2.049082507135105e-10,-4.8258368047345e-12
2.238,-2.023626337656942e-10,-5.052088631541892e-12
2.239,-1.9984826170318005e-10,-5.271755471716823e-12
2.24,-1.9736475669931145e-10,-5.484968542404745e-12
2.241,-1.9491174541021248e-10,-5.691856789630223e-12
2.242,-1.924888589229293e-10,-5.892546924729595e-12
2.243,-1.9009573270415056e-10,-6.087163460227284e-12
2.244,-1.877320065495008e-10,-6.275828745163951e-12
2.245,-1.8539732453340063e-10,-6.4586629998845865e-12
2.246,-1.830913349594876e-10,-6.6357843502944726e-12
2.247,-1.8081369031159218e-10,-6.807308861590881e-12
2.248,-1.7856404720526246e-10,-6.97335057147824e-12
2.249,-1.763420663398321e-10,-7.134021522874382e-12
2.25,-1.7414741245102573e-10,-7.289431796115406e-12
2.251,-1.719797542640956e-10,-7.43968954066654e-12
2.252,-1.6983876444748477e-10,-7.584901006346327e-12
2.253,-1.677241195670101e-10,-7.725170574071301e-12
2.254,-1.6563550004056044e-10,-7.860600786128278e-12
2.255,-1.6357259009330377e-10,-7.991292375981235e-12
2.256,-1.6153507771339844e-10,-8.117344297619659e-12
2.257,-1.5952265460820285e-10,-8.238853754455185e-12
2.258,-1.5753501616097798e-10,-8.355916227773189e-12
2.259,-1.5557186138807803e-10,-8.468625504745953e-12
2.26,-1.536328928966236e-10,-8.577073706013886e-12
2.261,-1.5171781684265197e-10,-8.681351312841237e-12
2.262,-1.4982634288974016e-10,-8.781547193852591e-12
2.263,-1.4795818416809467e-10,-8.877748631356388e-12
2.264,-1.4611305723410372e-10,-8.970041347261595e-12
2.265,-1.4429068203034656e-10,-9.058509528593586e-12
2.266,-1.4249078184605488e-10,-9.143235852615195e-12
2.267,-1.4071308327802187e-10,-9.224301511558783e-12
2.268,-1.389573161919535e-10,-9.301786236975169e-12
2.269,-1.3722321368425784e-10,-9.375768323705071e-12
2.27,-1.3551051204426708e-10,-9.446324653478723e-12
2.271,-1.3381895071688816e-10,-9.513530718149188e-12
2.272,-1.3214827226567686e-10,-9.577460642564844e-12
2.273,-1.304982223363311e-10,-9.638187207086416e-12
2.274,-1.2886854962059874e-10,-9.695781869753867e-12
2.275,-1.2725900582059535e-10,-9.750314788108377e-12
2.276,-1.256693456135276e-10,-9.801854840674559e-12
2.277,-1.2409932661681796e-10,-9.850469648107994e-12
2.278,-1.2254870935362582e-10,-9.896225594013096e-12
2.279,-1.2101725721876148e-10,-9.939187845436228e-12
2.28,-1.1950473644498814e-10,-9.97942037303894e-12
2.281,-1.1801091606970783e-10,-1.001698597095612e-11
2.282,-1.165355679020272e-10,-1.0051946276343768e-11
2.283,-1.150784664901988e-10,-1.0084361788621064e-11
2.284,-1.1363938908943405e-10,-1.011429188841131e-11
2.285,-1.1221811563008347e-10,-1.014179485618624e-11
2.286,-1.1081442868618045e-10,-1.0166927890618198e-11
2.287,-1.094281134443444e-10,-1.0189747126644527e-11
2.288,-1.0805895767303942e-10,-1.021030765324853e-11
2.289,-1.0670675169218459e-10,-1.0228663530961234e-11
2.29,-1.0537128834311193e-10,-1.0244867809088177e-11
2.291,-1.0405236295886836e-10,-1.025897254266536e-11
2.292,-1.0274977333485772e-10,-1.0271028809148412e-11
2.293,-1.0146331969981923e-10,-1.0281086724839028e-11
2.294,-1.0019280468713862e-10,-1.028919546105261e-11
2.295,-9.893803330648827e-11,-1.0295403260031029e-11
2.296,-9.769881291579278e-11,-1.0299757450604347e-11
2.297,-9.647495319351635e-11,-1.0302304463605289e-11
2.298,-9.526626611126829e-11,-1.0303089847040199e-11
2.299,-9.407256590672351e-11,-1.0302158281020168e-11
2.3,-9.289366905685399e-11,-1.029955359245595e-11
2.301,-9.172939425146832e-11,-1.0295318769520243e-11
2.302,-9.057956236705544e-11,-1.0289495975880844e-11
2.303,-8.944399644092957e-11,-1.0282126564708183e-11
2.304,-8.83225216456727e-11,-1.0273251092460604e-11
2.305,-8.721496526387164e-11,-1.0262909332450797e-11
2.306,-8.612115666314615e-11,-1.02511402881967e-11
2.307,-8.504092727146482e-11,-1.0237982206560113e-11
2.308,-8.397411055274584e-11,-1.0223472590676278e-11
2.309,-8.292054198273932e-11,-1.0207648212677579e-11
2.31,-8.188005902518783e-11,-1.0190545126214512e-11
2.311,-8.085250110826237e-11,-1.0172198678776975e-11
2.312,-7.983770960127064e-11,-1.015264352381895e-11
2.313,-7.883552779163438e-11,-1.0131913632689549e-11
2.314,-7.784580086213301e-11,-1.0110042306373381e-11
2.315,-7.686837586841046e-11,-1.0087062187043136e-11
2.316,-7.590310171674231e-11,-1.006300526942727e-11
2.317,-7.494982914206032e-11,-1.0037902911995579e-11
2.318,-7.400841068623149e-11,-1.0011785847965468e-11
2.319,-7.307870067658874e-11,-9.98468419613166e-12
2.32,-7.21605552047105e-11,-9.956627471521991e-12
2.321,-7.12538321054463e-11,-9.927644595882024e-12
2.322,-7.035839093618569e-11,-9.897763907991038e-12
2.323,-6.947409295636776e-11,-9.867013173812002e-12
2.324,-6.860080110722855e-11,-9.835419596478077e-12
2.325,-6.77383799917836e-11,-9.803009826118138e-12
2.326,-6.688669585504313e-11,-9.769809969523786e-12
2.327,-6.604561656445722e-11,-9.7358455996603e-12
2.328,-6.521501159058818e-11,-9.701141765023885e-12
2.329,-6.439475198800803e-11,-9.665722998847631e-12
2.33,-6.358471037641794e-11,-9.629613328158443e-12
2.331,-6.278476092198773e-11,-9.592836282687297e-12
2.332,-6.199477931891248e-11,-9.555414903635021e-12
2.333,-6.121464277118408e-11,-9.517371752295872e-12
2.334,-6.04442299745753e-11,-9.47872891854106e-12
2.335,-5.968342109883364e-11,-9.439508029164415e-12
2.336,-5.893209777008319e-11,-9.399730256092273e-12
2.337,-5.819014305343147e-11,-9.359416324459737e-12
2.338,-5.745744143577956e-11,-9.318586520555318e-12
2.339,-5.673387880883272e-11,-9.27726069963602e-12
2.34,-5.6019342452309563e-11,-9.235458293614875e-12
2.341,-5.5313721017347377e-11,-9.193198318622872e-12
2.342,-5.4616904510101414e-11,-9.150499382447253e-12
2.343,-5.392878427553593e-11,-9.107379691848073e-12
2.344,-5.324925298140486e-11,-9.06385705975492e-12
2.345,-5.257820460241992e-11,-9.019948912345638e-12
2.346,-5.1915534404604e-11,-8.975672296008893e-12
2.347,-5.126113892982776e-11,-8.93104388419239e-12
2.348,-5.061491598052745e-11,-8.886079984138503e-12
2.349,-4.997676460460168e-11,-8.840796543509083e-12
2.35,-4.934658508048532e-11,-8.795209156901135e-12
2.351,-4.8724278902398345e-11,-8.749333072255115e-12
2.352,-4.810974876576777e-11,-8.703183197157465e-12
2.353,-4.7502898552820626e-11,-8.656774105039061e-12
2.354,-4.6903633318346047e-11,-8.610120041271199e-12
2.355,-4.631185927562451e-11,-8.563234929160697e-12
2.356,-4.57274837825224e-11,-8.516132375845712e-12
2.357,-4.5150415327749936e-11,-8.468825678093794e-12
2.358,-4.458056351728064e-11,-8.421327828003732e-12
2.359,-4.401783906093044e-11,-8.373651518612676e-12
2.36,-4.346215375909472e-11,-8.325809149410039e-12
2.361,-4.291342048964132e-11,-8.277812831759597e-12
2.362,-4.237155319495787e-11,-8.229674394231283e-12
2.363,-4.183646686915162e-11,-8.181405387844038e-12
2.364,-4.130807754539998e-11,-8.133017091221142e-12
2.365,-4.078630228345014e-11,-8.084520515659396e-12
2.366,-4.027105915726602e-11,-8.035926410113499e-12
2.367,-3.976226724282077e-11,-7.987245266096961e-12
2.368,-3.925984660603337e-11,-7.938487322500857e-12
2.369,-3.876371829084738e-11,-7.889662570331731e-12
2.37,-3.827380430745052e-11,-7.840780757369894e-12
2.371,-3.7790027620633235e-11,-7.791851392749407e-12
2.372,-3.731231213828468e-11,-7.742883751460946e-12
2.373,-3.684058270002474e-11,-7.693886878778807e-12
2.374,-3.63747650659702e-11,-7.644869594613202e-12
2.375,-3.591478590563381e-11,-7.595840497789072e-12
2.376,-3.546057278695458e-11,-7.54680797025255e-12
2.377,-3.501205416545774e-11,-7.49778018120622e-12
2.378,-3.456915937354306e-11,-7.448765091174324e-12
2.379,-3.413181860989983e-11,-7.399770455998987e-12
2.38,-3.3699962929047254e-11,-7.3508038307686e-12
2.381,-3.3273524230998565e-11,-7.301872573679391e-12
2.382,-3.28524352510477e-11,-7.252983849831286e-12
2.383,-3.2436629549676935e-11,-7.2041446349590775e-12
2.384,-3.2026041502584136e-11,-7.155361719099935e-12
2.385,-3.162060629082826e-11,-7.106641710198278e-12
2.386,-3.122025989109173e-11,-7.0579910376490025e-12
2.387,-3.0824939066058325e-11,-7.0094159557800464e-12
2.388,-3.043458135490526e-11,-6.960922547275255e-12
2.389,-3.004912506390812e-11,-6.912516726538513e-12
2.39,-2.9668509257157345e-11,-6.86420424300006e-12
2.391,-2.929267374738502e-11,-6.815990684365938e-12
2.392,-2.8921559086900604e-11,-6.7678814798114605e-12
2.393,-2.855510655863439e-11,-6.719881903119613e-12
2.394,-2.819325816728747e-11,-6.671997075765257e-12
2.395,-2.783595663058692e-11,-6.624231969946011e-12
2.396,-2.7483145370644984e-11,-6.576591411560667e-12
2.397,-2.7134768505421116e-11,-6.529080083135979e-12
2.398,-2.6790770840285597e-11,-6.481702526702658e-12
2.399,-2.6451097859683605e-11,-6.434463146621385e-12
2.4,-2.6115695718898566e-11,-6.387366212359656e-12
2.401,-2.5784511235913588e-11,-6.3404158612202334e-12
2.402,-2.5457491883369904e-11,-6.29361610102201e-12
2.403,-2.5134585780621135e-11,-6.2469708127340235e-12
2.404,-2.4815741685882307e-11,-6.200483753063406e-12
2.405,-2.4500908988472463e-11,-6.1541585569979884e-12
2.406,-2.419003770114984e-11,-6.107998740304314e-12
2.407,-2.3883078452538492e-11,-6.062007701981766e-12
2.408,-2.35799824796453e-11,-6.016188726673531e-12
2.409,-2.3280701620466333e-11,-5.9705449870350936e-12
2.41,-2.2985188306681488e-11,-5.925079546060951e-12
2.411,-2.2693395556436404e-11,-5.879795359370228e-12
2.412,-2.2405276967210632e-11,-5.8346952774518605e-12
2.413,-2.2120786708771012e-11,-5.78978204787e-12
2.414,-2.1839879516209332e-11,-5.745058317430292e-12
2.415,-2.1562510683063215e-11,-5.700526634307671e-12
2.416,-2.128863605451931e-11,-5.656189450136283e-12
2.417,-2.1018212020697785e-11,-5.612049122062169e-12
2.418,-2.075119551001722e-11,-5.568107914759312e-12
2.419,-2.0487543982638897e-11,-5.52436800240965e-12
2.42,-2.0227215423989617e-11,-5.480831470647634e-12
2.421,-1.9970168338362084e-11,-5.4375003184699285e-12
2.422,-1.9716361742591957e-11,-5.394376460110809e-12
2.423,-1.946575515981069e-11,-5.351461726883832e-12
2.424,-1.9218308613273243e-11,-5.30875786899033e-12
2.425,-1.8973982620259807e-11,-5.266266557295262e-12
2.426,-1.8732738186050653e-11,-5.223989385070977e-12
2.427,-1.8494536797973285e-11,-5.1819278697094125e-12
2.428,-1.8259340419521004e-11,-5.140083454403233e-12
2.429,-1.802711148454206e-11,-5.09845750979645e-12
2.43,-1.7797812891498593e-11,-5.0570513356049956e-12
2.431,-1.7571407997794477e-11,-5.015866162207775e-12
2.432,-1.7347860614171335e-11,-4.9749031522086635e-12
2.433,-1.712713499917186e-11,-4.934163401969943e-12
2.434,-1.6909195853669676e-11,-4.893647943117649e-12
2.435,-1.669400831546496e-11,-4.853357744019286e-12
2.436,-1.6481537953945055e-11,-4.813293711234385e-12
2.437,-1.6271750764809276e-11,-4.77345669093834e-12
2.438,-1.606461316485718e-11,-4.7338474703199775e-12
2.439,-1.5860091986839575e-11,-4.69446677895329e-12
2.44,-1.5658154474371458e-11,-4.6553152901437715e-12
2.441,-1.545876827690623e-11,-4.6163936222497755e-12
2.442,-1.5261901444770404e-11,-4.577702339979307e-12
2.443,-1.5067522424258145e-11,-4.5392419556626715e-12
2.444,-1.487560005278487e-11,-4.501012930501371e-12
2.445,-1.46861035540993e-11,-4.463015675793662e-12
2.446,-1.4499002533553167e-11,-4.425250554137147e-12
2.447,-1.4314266973428e-11,-4.387717880608808e-12
2.448,-1.4131867228318227e-11,-4.350417923922831e-12
2.449,-1.3951774020569997e-11,-4.313350907566637e-12
2.45,-1.3773958435775008e-11,-4.27651701091544e-12
2.451,-1.359839191831873e-11,-4.2399163703257315e-12
2.452,-1.3425046266982358e-11,-4.2035490802080286e-12
2.453,-1.3253893630597865e-11,-4.167415194079236e-12
2.454,-1.3084906503755521e-11,-4.1315147255949795e-12
2.455,-1.2918057722563278e-11,-4.095847649562237e-12
2.456,-1.2753320460457361e-11,-4.060413902932603e-12
2.457,-1.2590668224063526e-11,-4.0252133857765275e-12
2.458,-1.2430074849108301e-11,-3.990245962238832e-12
2.459,-1.2271514496379705e-11,-3.9555114614758446e-12
2.46,-1.2114961647736778e-11,-3.921009678574444e-12
2.461,-1.1960391102167407e-11,-3.886740375453341e-12
2.462,-1.1807777971893829e-11,-3.852703281746891e-12
2.463,-1.165709767852527e-11,-3.81889809567173e-12
2.464,-1.1508325949257158e-11,-3.785324484876543e-12
2.465,-1.1361438813116345e-11,-3.7519820872752435e-12
2.466,-1.1216412597251794e-11,-3.718870511863852e-12
2.467,-1.107322392327021e-11,-3.6859893395213485e-12
2.468,-1.0931849703616054e-11,-3.653338123794784e-12
2.469,-1.0792267137995418e-11,-3.6209163916689154e-12
2.47,-1.0654453709843263e-11,-3.5887236443206298e-12
2.471,-1.051838718283347e-11,-3.5567593578584245e-12
2.472,-1.0384045597431211e-11,-3.5250229840471986e-12
2.473,-1.0251407267487146e-11,-3.4935139510186123e-12
2.474,-1.012045077687292e-11,-3.46223166396726e-12
2.475,-9.991154976157501e-12,-3.431175505832909e-12
2.476,-9.863498979323844e-12,-3.4003448379690413e-12
2.477,-9.73746216052542e-12,-3.3697390007979356e-12
2.478,-9.613024150882116e-12,-3.3393573144525325e-12
2.479,-9.490164835315063e-12,-3.3091990794053e-12
2.48,-9.368864349419897e-12,-3.2792635770843404e-12
2.481,-9.249103076378017e-12,-3.249550070476948e-12
2.482,-9.130861643905374e-12,-3.2200578047208493e-12
2.483,-9.014120921238347e-12,-3.1907860076833355e-12
2.484,-8.898862016156275e-12,-3.161733890528497e-12
2.485,-8.785066272040169e-12,-3.132900648272779e-12
2.486,-8.672715264967228e-12,-3.1042854603290504e-12
2.487,-8.561790800840681e-12,-3.0758874910394015e-12
2.488,-8.452274912554555e-12,-3.047705890196861e-12
2.489,-8.344149857192956e-12,-3.0197397935562312e-12
2.49,-8.237398113263435e-12,-2.991988323334233e-12
2.491,-8.132002377964045e-12,-2.9644505886991525e-12
2.492,-8.027945564483674e-12,-2.937125686250171e-12
2.493,-7.92521079933526e-12,-2.9100127004865676e-12
2.494,-7.823781419721503e-12,-2.8831107042669726e-12
2.495,-7.723640970932671e-12,-2.8564187592588436e-12
2.496,-7.624773203776121e-12,-2.829935916378348e-12
2.497,-7.527162072037155e-12,-2.8036612162208204e-12
2.498,-7.430791729970841e-12,-2.777593689481956e-12
2.499,-7.335646529824412e-12,-2.7517323573699213e-12
2.5,-7.241711019389898e-12,-2.7260762320085316e-12
2.501,-7.148969939586608e-12,-2.7006243168316613e-12
2.502,-7.057408222073111e-12,-2.6753756069690477e-12
2.503,-6.967010986888374e-12,-2.65032908962364e-12
2.504,-6.877763540121683e-12,-2.6254837444406475e-12
2.505,-6.7896513716110215e-12,-2.600838543868437e-12
2.506,-6.702660152669557e-12,-2.5763924535114284e-12
2.507,-6.616775733839895e-12,-2.5521444324751337e-12
2.508,-6.531984142675776e-12,-2.5280934337034796e-12
2.509,-6.448271581550869e-12,-2.5042384043085626e-12
2.51,-6.365624425494356e-12,-2.4805782858929603e-12
2.511,-6.28402922005297e-12,-2.457112014864754e-12
2.512,-6.2034726791791765e-12,-2.4338385227453767e-12
2.513,-6.123941683145178e-12,-2.410756736470435e-12
2.514,-6.045423276482431e-12,-2.387865578683624e-12
2.515,-5.9679046659463825e-12,-2.3651639680238643e-12
2.516,-5.891373218506092e-12,-2.342650819405789e-12
2.517,-5.815816459358477e-12,-2.3203250442937006e-12
2.518,-5.74122206996685e-12,-2.2981855509691243e-12
2.519,-5.667577886123483e-12,-2.2762312447920662e-12
2.52,-5.594871896035883e-12,-2.254461028456105e-12
2.521,-5.5230922384365245e-12,-2.2328738022374243e-12
2.522,-5.452227200715721e-12,-2.211468464237902e-12
2.523,-5.382265217077384e-12,-2.1902439106223695e-12
2.524,-5.313194866717381e-12,-2.1691990358501426e-12
2.525,-5.245004872024214e-12,-2.148332732900942e-12
2.526,-5.1776840968017726e-12,-2.1276438934953015e-12
2.527,-5.111221544513862e-12,-2.1071314083095706e-12
2.528,-5.0456063565502695e-12,-2.086794167185613e-12
2.529,-4.9808278105140995e-12,-2.0666310593353017e-12
2.53,-4.9168753185301164e-12,-2.04664097353991e-12
2.531,-4.85373842557385e-12,-2.026822798344494e-12
2.532,-4.791406807821203e-12,-2.0071754222473644e-12
2.533,-4.729870271018321e-12,-1.9876977338847365e-12
2.534,-4.669118748871475e-12,-1.9683886222106588e-12
2.535,-4.609142301456714e-12,-1.9492469766723026e-12
2.536,-4.549931113649057e-12,-1.9302716873807044e-12
2.537,-4.491475493570971e-12,-1.9114616452770537e-12
2.538,-4.433765871059917e-12,-1.8928157422946038e-12
2.539,-4.376792796154731e-12,-1.874332871516295e-12
2.54,-4.320546937600598e-12,-1.8560119273281764e-12
2.541,-4.265019081372418e-12,-1.8378518055686983e-12
2.542,-4.2102001292163165e-12,-1.8198514036739685e-12
2.543,-4.156081097209093e-12,-1.8020096208190387e-12
2.544,-4.102653114335392e-12,-1.7843253580553078e-12
2.545,-4.049907421082373e-12,-1.7667975184441155e-12
2.546,-3.99783536805167e-12,-1.7494250071865982e-12
2.547,-3.946428414588438e-12,-1.7322067317498866e-12
2.548,-3.895678127427269e-12,-1.7151416019897115e-12
2.549,-3.845576179354776e-12,-1.6982285302694942e-12
2.55,-3.7961143478886475e-12,-1.6814664315759872e-12
2.551,-3.747284513972968e-12,-1.6648542236315364e-12
2.552,-3.699078660689606e-12,-1.6483908270030325e-12
2.553,-3.651488871985477e-12,-1.6320751652076147e-12
2.554,-3.604507331415488e-12,-1.615906164815197e-12
2.555,-3.5581263209009737e-12,-1.5998827555478774e-12
2.556,-3.512338219503433e-12,-1.5840038703762923e-12
2.557,-3.467135502213384e-12,-1.5682684456129833e-12
2.558,-3.42251073875415e-12,-1.55267542100283e-12
2.559,-3.3784565924003962e-12,-1.5372237398106137e-12
2.56,-3.334965818811242e-12,-1.521912348905769e-12
2.561,-3.292031264877761e-12,-1.5067401988443808e-12
2.562,-3.249645867584706e-12,-1.491706243948483e-12
2.563,-3.2078026528862763e-12,-1.4768094423827146e-12
2.564,-3.1664947345957625e-12,-1.4620487562283902e-12
2.565,-3.1257153132888943e-12,-1.4474231515550344e-12
2.566,-3.0854576752207315e-12,-1.4329315984894359e-12
2.567,-3.045715191255926e-12,-1.4185730712822717e-12
2.568,-3.0064813158121954e-12,-1.4043465483723541e-12
2.569,-2.9677495858168485e-12,-1.3902510124485476e-12
2.57,-2.9295136196762003e-12,-1.3762854505094073e-12
2.571,-2.8917671162577214e-12,-1.3624488539205857e-12
2.572,-2.854503853884766e-12,-1.3487402184700556e-12
2.573,-2.8177176893437267e-12,-1.3351585444211954e-12
2.574,-2.78140255690346e-12,-1.321702836563784e-12
2.575,-2.7455524673468385e-12,-1.3083721042629468e-12
2.576,-2.7101615070142762e-12,-1.2951653615061013e-12
2.577,-2.675223836859088e-12,-1.2820816269479403e-12
2.578,-2.6407336915145283e-12,-1.2691199239535011e-12
2.579,-2.6066853783723796e-12,-1.2562792806393575e-12
2.58,-2.573073276672935e-12,-1.243558729912978e-12
2.581,-2.539891836606249e-12,-1.2309573095102897e-12
2.582,-2.507135578424511e-12,-1.2184740620314887e-12
2.583,-2.4747990915654055e-12,-1.2061080349751328e-12
2.584,-2.442877033786332e-12,-1.193858280770558e-12
2.585,-2.41136413030934e-12,-1.1817238568086536e-12
2.586,-2.3802551729766595e-12,-1.1697038254710357e-12
2.587,-2.349545019416692e-12,-1.15779725415765e-12
2.588,-2.319228592220333e-12,-1.146003215312845e-12
2.589,-2.2893008781274993e-12,-1.1343207864499461e-12
2.59,-2.259756927223746e-12,-1.122749050174368e-12
2.591,-2.230591852146832e-12,-1.1112870942052948e-12
2.592,-2.201800827303129e-12,-1.0999340113959655e-12
2.593,-2.1733790880937437e-12,-1.0886888997525933e-12
2.594,-2.145321930150235e-12,-1.0775508624519513e-12
2.595,-2.117624708579818e-12,-1.0665190078576578e-12
2.596,-2.0902828372199225e-12,-1.0555924495351885e-12
2.597,-2.063291787902004e-12,-1.0447703062656471e-12
2.598,-2.0366470897244928e-12,-1.034051702058324e-12
2.599,-2.0103443283347602e-12,-1.0234357661620723e-12
2.6,-1.984379145220004e-12,-1.0129216330755262e-12
2.601,-1.958747237006931e-12,-1.0025084425561942e-12
2.602,-1.933444354770138e-12,-9.921953396284513e-13
2.603,-1.9084663033490844e-12,-9.819814745904568e-13
2.604,-1.8838089406735406e-12,-9.718660030200256e-13
2.605,-1.8594681770974236e-12,-9.618480857794786e-13
2.606,-1.8354399747409027e-12,-9.519268890194944e-13
2.607,-1.8117203468406833e-12,-9.42101584181992e-13
2.608,-1.7883053571083653e-12,-9.323713480020643e-13
2.609,-1.7651911190967734e-12,-9.227353625089886e-13
2.61,-1.742373795574169e-12,-9.131928150263377e-13
2.611,-1.719849597906239e-12,-9.037428981712121e-13
2.612,-1.6976147854457713e-12,-8.943848098526191e-13
2.613,-1.6756656649299198e-12,-8.851177532690182e-13
2.614,-1.6539985898849673e-12,-8.759409369050557e-13
2.615,-1.632609960038493e-12,-8.668535745275097e-13
2.616,-1.6114962207388534e-12,-8.578548851804647e-13
2.617,-1.5906538623818874e-12,-8.489440931797402e-13
2.618,-1.5700794198447568e-12,-8.401204281065872e-13
2.619,-1.549769471926834e-12,-8.313831248006783e-13
2.62,-1.5297206407975497e-12,-8.227314233524072e-13
2.621,-1.5099295914511158e-12,-8.141645690945161e-13
2.622,-1.4903930311680384e-12,-8.056818125930724e-13
2.623,-1.4711077089833384e-12,-7.972824096378096e-13
2.624,-1.4520704151613952e-12,-7.889656212318521e-13
2.625,-1.4332779806773325e-12,-7.807307135808411e-13
2.626,-1.414727276704867e-12,-7.725769580814775e-13
2.627,-1.3964152141105393e-12,-7.645036313095004e-13
2.628,-1.378338742954248e-12,-7.565100150071156e-13
2.629,-1.3604948519960098e-12,-7.485953960698921e-13
2.63,-1.3428805682088691e-12,-7.407590665331403e-13
2.631,-1.3254929562978803e-12,-7.3300032355779e-13
2.632,-1.3083291182250905e-12,-7.253184694157795e-13
2.633,-1.2913861927404439e-12,-7.177128114749755e-13
2.634,-1.27466135491854e-12,-7.10182662183633e-13
2.635,-1.25815181570117e-12,-7.027273390544149e-13
2.636,-1.241854821445562e-12,-6.953461646479798e-13
2.637,-1.2257676534782622e-12,-6.880384665561561e-13
2.638,-1.209887627654585e-12,-6.808035773847129e-13
2.639,-1.1942120939235631e-12,-6.73640834735743e-13
2.64,-1.178738435898328e-12,-6.665495811896685e-13
2.641,-1.1634640704318536e-12,-6.595291642868832e-13
2.642,-1.1483864471980003e-12,-6.52578936509044e-13
2.643,-1.1335030482777895e-12,-6.456982552600225e-13
2.644,-1.1188113877508475e-12,-6.388864828465292e-13
2.645,-1.104309011291952e-12,-6.321429864584223e-13
2.646,-1.0899934957726203e-12,-6.254671381487107e-13
2.647,-1.0758624488676766e-12,-6.188583148132647e-13
2.648,-1.0619135086667357e-12,-6.123158981702431e-13
2.649,-1.048144343290542e-12,-6.058392747392483e-13
2.65,-1.0345526505121078e-12,-5.994278358202202e-13
2.651,-1.021136157382585e-12,-5.930809774720775e-13
2.652,-1.0078926198618167e-12,-5.867981004911187e-13
2.653,-9.9481982245351e-13,-5.805786103891894e-13
2.654,-9.819155778449704e-13,-5.74421917371629e-13
2.655,-9.691777265513431e-13,-5.683274363150034e-13
2.656,-9.566041365643076e-13,-5.622945867446333e-13
2.657,-9.441927030051647e-13,-5.563227928119287e-13
2.658,-9.319413477822671e-13,-5.504114832715358e-13
2.659,-9.198480192527374e-13,-5.445600914583067e-13
2.66,-9.079106918884198e-13,-5.387680552640997e-13
2.661,-8.961273659460152e-13,-5.330348171144177e-13
2.662,-8.844960671413449e-13,-5.273598239448943e-13
2.663,-8.73014846327695e-13,-5.217425271776327e-13
2.664,-8.616817791781881e-13,-5.161823826974087e-13
2.665,-8.50494965872134e-13,-5.106788508277416e-13
2.666,-8.394525307853104e-13,-5.052313963068419e-13
2.667,-8.285526221841223e-13,-4.998394882634447e-13
2.668,-8.177934119235957e-13,-4.945026001925317e-13
2.669,-8.071730951491552e-13,-4.89220209930952e-13
2.67,-7.966898900021391e-13,-4.839917996329478e-13
2.671,-7.863420373290076e-13,-4.788168557455888e-13
2.672,-7.761278003941948e-13,-4.736948689841264e-13
2.673,-7.660454645965622e-13,-4.68625334307269e-13
2.674,-7.560933371894082e-13,-4.636077508923876e-13
2.675,-7.462697470039884e-13,-4.586416221106569e-13
2.676,-7.365730441765047e-13,-4.537264555021365e-13
2.677,-7.270015998785184e-13,-4.488617627507997e-13
2.678,-7.175538060507471e-13,-4.4404705965951346e-13
2.679,-7.082280751402005e-13,-4.3928186612497685e-13
2.68,-6.990228398406162e-13,-4.3456570611262115e-13
2.681,-6.899365528361525e-13,-4.298981076314786e-13
2.682,-6.809676865482996e-13,-4.2527860270902325e-13
2.683,-6.721147328859671e-13,-4.2070672736599e-13
2.684,-6.633762029987105e-13,-4.161820215911757e-13
2.685,-6.547506270330554e-13,-4.1170402931622677e-13
2.686,-6.462365538918834e-13,-4.072722983904195e-13
2.687,-6.378325509968387e-13,-4.0288638055543485e-13
2.688,-6.295372040537214e-13,-3.985458314201341e-13
2.689,-6.213491168208262e-13,-3.9425021043533885e-13
2.69,-6.132669108801934e-13,-3.899990808686189e-13
2.691,-6.052892254117345e-13,-3.8579200977909284e-13
2.692,-5.974147169701958e-13,-3.816285679922448e-13
2.693,-5.896420592649264e-13,-3.775083300747606e-13
2.694,-5.819699429424145e-13,-3.7343087430938815e-13
2.695,-5.743970753715577e-13,-3.6939578266982433e-13
2.696,-5.669221804316337e-13,-3.65402640795633e-13
2.697,-5.595439983029378e-13,-3.614510379671966e-13
2.698,-5.522612852600523e-13,-3.5754056708070483e-13
2.699,-5.450728134677181e-13,-3.5367082462318416e-13
2.7,-5.379773707792733e-13,-3.498414106475705e-13
2.701,-5.309737605376278e-13,-3.460519287478285e-13
2.702,-5.24060801378743e-13,-3.4230198603412024e-13
2.703,-5.172373270375844e-13,-3.385911931080261e-13
2.704,-5.105021861565162e-13,-3.34919164037821e-13
2.705,-5.038542420961078e-13,-3.3128551633380784e-13
2.706,-4.97292372748324e-13,-3.276898709237116e-13
2.707,-4.908154703520636e-13,-3.241318521281366e-13
2.708,-4.844224413110251e-13,-3.2061108763608813e-13
2.709,-4.781122060138629e-13,-3.1712720848056263e-13
2.71,-4.718836986566102e-13,-3.1367984901420775e-13
2.711,-4.65735867067339e-13,-3.1026864688505403e-13
2.712,-4.596676725330278e-13,-3.068932430123218e-13
2.713,-4.536780896286127e-13,-3.0355328156230393e-13
2.714,-4.4776610604819044e-13,-3.0024840992432754e-13
2.715,-4.4193072243835077e-13,-2.969782786867961e-13
2.716,-4.36170952233608e-13,-2.9374254161331374e-13
2.717,-4.304858214939083e-13,-2.9054085561889404e-13
2.718,-4.248743687441844e-13,-2.873728807462549e-13
2.719,-4.193356448159343e-13,-2.842382801422011e-13
2.72,-4.138687126907969e-13,-2.811367200340961e-13
2.721,-4.0847264734610075e-13,-2.780678697064253e-13
2.722,-4.0314653560236106e-13,-2.750314014774515e-13
2.723,-3.978894759727e-13,-2.7202699067596464e-13
2.724,-3.9270057851416683e-13,-2.6905431561812716e-13
2.725,-3.875789646809343e-13,-2.661130575844159e-13
2.726,-3.8252376717934686e-13,-2.632029007966629e-13
2.727,-3.77534129824799e-13,-2.603235323951951e-13
2.728,-3.726092074004191e-13,-2.574746424160753e-13
2.729,-3.6774816551753803e-13,-2.5465592376844466e-13
2.73,-3.629501804779183e-13,-2.51867072211969e-13
2.731,-3.582144391377236e-13,-2.4910778633438864e-13
2.732,-3.5354013877320535e-13,-2.4637776752917374e-13
2.733,-3.4892648694808575e-13,-2.4367671997328633e-13
2.734,-3.443727013826157e-13,-2.4100435060504896e-13
2.735,-3.398780098242867e-13,-2.3836036910212183e-13
2.736,-3.354416499201762e-13,-2.3574448785958913e-13
2.737,-3.310628690909055e-13,-2.33156421968155e-13
2.738,-3.267409244061904e-13,-2.305958891924504e-13
2.739,-3.224750824619646e-13,-2.280626099494512e-13
2.74,-3.182646192590559e-13,-2.2555630728700882e-13
2.741,-3.1410882008339625e-13,-2.2307670686249318e-13
2.742,-3.100069793877455e-13,-2.2062353692154993e-13
2.743,-3.059584006749112e-13,-2.181965282769712e-13
2.744,-3.019623963824443e-13,-2.157954142876813e-13
2.745,-2.9801828776879336e-13,-2.134199308378377e-13
2.746,-2.9412540480089837e-13,-2.1106981631604786e-13
2.747,-2.9028308604320647e-13,-2.0874481159470207e-13
2.748,-2.8649067854809123e-13,-2.064446600094234e-13
2.749,-2.827475377476584e-13,-2.041691073386343e-13
2.75,-2.790530273469209e-13,-2.0191790178324137e-13
2.751,-2.7540651921832493e-13,-1.9969079394643725e-13
2.752,-2.718073932976112e-13,-1.974875368136215e-13
2.753,-2.682550374809943e-13,-1.9530788573243933e-13
2.754,-2.647488475236431e-13,-1.9315159839293964e-13
2.755,-2.612882269394469e-13,-1.9101843480785187e-13
2.756,-2.5787258690204987e-13,-1.8890815729298208e-13
2.757,-2.545013461471394e-13,-1.8682053044772872e-13
2.758,-2.5117393087597096e-13,-1.847553211357178e-13
2.759,-2.478897746601154e-13,-1.8271229846555805e-13
2.76,-2.446483183474123e-13,-1.8069123377171593e-13
2.761,-2.41449009969115e-13,-1.7869190059551057e-13
2.762,-2.382913046482115e-13,-1.7671407466622903e-13
2.763,-2.3517466450890744e-13,-1.7475753388236146e-13
2.764,-2.320985585872556e-13,-1.7282205829295675e-13
2.765,-2.290624627429181e-13,-1.709074300790981e-13
2.766,-2.2606585957204733e-13,-1.6901343353549906e-13
2.767,-2.2310823832127015e-13,-1.671398550522196e-13
2.768,-2.201890948027636e-13,-1.6528648309650228e-13
2.769,-2.173079313104065e-13,-1.634531081947288e-13
2.77,-2.1446425653699447e-13,-1.616395229144961e-13
2.771,-2.1165758549250465e-13,-1.5984552184681286e-13
2.772,-2.0888743942339704e-13,-1.5807090158841525e-13
2.773,-2.0615334573293923e-13,-1.5631546072420288e-13
2.774,-2.0345483790254193e-13,-1.545789998097939e-13
2.775,-2.0079145541409222e-13,-1.528613213541995e-13
2.776,-1.9816274367327236e-13,-1.5116222980261769e-13
2.777,-1.9556825393385147e-13,-1.4948153151934593e-13
2.778,-1.9300754322293787e-13,-1.478190347708126e-13
2.779,-1.9048017426718014e-13,-1.4617454970872693e-13
2.78,-1.879857154199049e-13,-1.445478883533473e-13
2.781,-1.8552374058917922e-13,-1.4293886457686755e-13
2.782,-1.8309382916678672e-13,-1.4134729408692095e-13
2.783,-1.8069556595810483e-13,-1.39772994410202e-13
2.784,-1.7832854111287298e-13,-1.3821578487620502e-13
2.785,-1.7599235005683962e-13,-1.3667548660108e-13
2.786,-1.7368659342427738e-13,-1.351519224716048e-13
2.787,-1.7141087699135548e-13,-1.336449171292739e-13
2.788,-1.691648116103584e-13,-1.321542969545026e-13
2.789,-1.6694801314474026e-13,-1.3067989005094748e-13
2.79,-1.6476010240500436e-13,-1.2922152622994149e-13
2.791,-1.6260070508539741e-13,-1.2777903699504424e-13
2.792,-1.6046945170140834e-13,-1.2635225552670672e-13
2.793,-1.5836597752806132e-13,-1.2494101666705002e-13
2.794,-1.5628992253899315e-13,-1.2354515690475788e-13
2.795,-1.5424093134630516e-13,-1.221645143600825e-13
2.796,-1.5221865314117956e-13,-1.2079892876996332e-13
2.797,-1.5022274163525105e-13,-1.1944824147325805e-13
2.798,-1.4825285500272365e-13,-1.18112295396086e-13
2.799,-1.4630865582322387e-13,-1.16790935037283e-13
2.8,-1.4438981102538044e-13,-1.1548400645396721e-13
2.801,-1.4249599183112183e-13,-1.1419135724721608e-13
2.802,-1.4062687370068226e-13,-1.1291283654785312e-13
2.803,-1.3878213627830728e-13,-1.1164829500234493e-13
2.804,-1.369614633386502e-13,-1.1039758475880714e-13
2.805,-1.3516454273385065e-13,-1.0916055945311946e-13
2.806,-1.3339106634128632e-13,-1.0793707419514906e-13
2.807,-1.3164073001199e-13,-1.0672698555508175e-13
2.808,-1.2991323351972294e-13,-1.0553015154986062e-13
2.809,-1.282082805106965e-13,-1.0434643162973164e-13
2.81,-1.2652557845393386e-13,-1.0317568666489544e-13
2.811,-1.2486483859226378e-13,-1.0201777893226525e-13
2.812,-1.2322577589393832e-13,-1.0087257210232997e-13
2.813,-1.2160810900486653e-13,-9.973993122612223e-14
2.814,-1.2001156020145673e-13,-9.86197227222908e-14
2.815,-1.1843585534405917e-13,-9.751181436427669e-14
2.816,-1.1688072383100183e-13,-9.641607526759264e-14
2.817,-1.1534589855321177e-13,-9.533237587720534e-14
2.818,-1.1383111584941464e-13,-9.426058795501983e-14
2.819,-1.1233611546190488e-13,-9.320058456746561e-14
2.82,-1.1086064049287976e-13,-9.215224007318382e-14
2.821,-1.0940443736132964e-13,-9.111543011081514e-14
2.822,-1.0796725576047786e-13,-9.00900315868876e-14
2.823,-1.0654884861576302e-13,-8.907592266380392e-14
2.824,-1.0514897204335694e-13,-8.807298274792785e-14
2.825,-1.0376738530921142e-13,-8.70810924777688e-14
2.826,-1.0240385078862717e-13,-8.610013371226437e-14
2.827,-1.0105813392633834e-13,-8.512998951916014e-14
2.828,-9.973000319710595e-14,-8.41705441634861e-14
2.829,-9.841923006681402e-14,-8.322168309612931e-14
2.83,-9.712558895406186e-14,-8.228329294250215e-14
2.831,-9.584885719224625e-14,-8.135526149130547e-14
2.832,-9.458881499212745e-14,-8.043747768338632e-14
2.833,-9.334524540487272e-14,-7.95298316006895e-14
2.834,-9.211793428557137e-14,-7.863221445530244e-14
2.835,-9.090667025721556e-14,-7.77445185785928e-14
2.836,-8.971124467514055e-14,-7.68666374104383e-14
2.837,-8.853145159191899e-14,-7.599846548854807e-14
2.838,-8.736708772270317e-14,-7.513989843787514e-14
2.839,-8.621795241100984e-14,-7.429083296011924e-14
2.84,-8.508384759494171e-14,-7.345116682331966e-14
2.841,-8.396457777384039e-14,-7.262079885153726e-14
2.842,-8.285994997536496e-14,-7.179962891462536e-14
2.843,-8.176977372299109e-14,-7.09875579180887e-14
2.844,-8.069386100392525e-14,-7.018448779303e-14
2.845,-7.963202623742864e-14,-6.93903214861836e-14
2.846,-7.858408624354584e-14,-6.860496295003553e-14
2.847,-7.754986021223292e-14,-6.782831713302945e-14
2.848,-7.652916967288e-14,-6.706028996985776e-14
2.849,-7.552183846422317e-14,-6.630078837183777e-14
2.85,-7.452769270464098e-14,-6.554972021737167e-14
2.851,-7.354656076283045e-14,-6.480699434249031e-14
2.852,-7.257827322885797e-14,-6.407252053147999e-14
2.853,-7.162266288558008e-14,-6.334620950759154e-14
2.854,-7.067956468042975e-14,-6.262797292383152e-14
2.855,-6.974881569756327e-14,-6.191772335383454e-14
2.856,-6.883025513036321e-14,-6.121537428281648e-14
2.857,-6.792372425429314e-14,-6.052084009860778e-14
2.858,-6.702906640009925e-14,-5.98340360827664e-14
2.859,-6.614612692735497e-14,-5.91548784017699e-14
2.86,-6.527475319834368e-14,-5.848328409828592e-14
2.861,-6.44147945522757e-14,-5.781917108252066e-14
2.862,-6.356610227983506e-14,-5.716245812364474e-14
2.863,-6.272852959805183e-14,-5.6513064841295853e-14
2.864,-6.190193162549607e-14,-5.587091169715775e-14
2.865,-6.10861653577891e-14,-5.523591998661486e-14
2.866,-6.028108964342825e-14,-5.460801183048212e-14
2.867,-5.948656515992089e-14,-5.3987110166809436e-14
2.868,-5.870245439022407e-14,-5.337313874276016e-14
2.869,-5.792862159948564e-14,-5.2766022106563113e-14
2.87,-5.716493281208319e-14,-5.216568559953757e-14
2.871,-5.641125578895686e-14,-5.15720553481907e-14
2.872,-5.566746000523251e-14,-5.0985058256386824e-14
2.873,-5.4933416628131357e-14,-5.040462199758811e-14
2.874,-5.420899849516248e-14,-4.9830675007166005e-14
2.875,-5.3494080092594706e-14,-4.9263146474782945e-14
2.876,-5.278853753420413e-14,-4.870196633684388e-14
2.877,-5.2092248540293984e-14,-4.81470652690169e-14
2.878,-5.14050924169832e-14,-4.75983746788226e-14
2.879,-5.072695003576036e-14,-4.7055826698291606e-14
2.88,-5.005770381329959e-14,-4.65193541766897e-14
2.881,-4.939723769153514e-14,-4.598889067331003e-14
2.882,-4.8745437117991316e-14,-4.546437045033195e-14
2.883,-4.8102189026364434e-14,-4.494572846574588e-14
2.884,-4.746738181735375e-14,-4.4432900366343775e-14
2.885,-4.684090533973809e-14,-4.3925822480774526e-14
2.886,-4.622265087169505e-14,-4.3424431812663985e-14
2.887,-4.5612511102359716e-14,-4.2928666033798935e-14
2.888,-4.501038011361984e-14,-4.2438463477374626e-14
2.889,-4.441615336214445e-14,-4.195376313130525e-14
2.89,-4.382972766164296e-14,-4.1474504631596955e-14
2.891,-4.325100116535173e-14,-4.100062825578285e-14
2.892,-4.267987334874539e-14,-4.053207491641952e-14
2.893,-4.211624499246981e-14,-4.0068786154644566e-14
2.894,-4.156001816549408e-14,-3.96107041337946e-14
2.895,-4.101109620847868e-14,-3.915777163308336e-14
2.896,-4.046938371735696e-14,-3.8709932041339283e-14
2.897,-3.9934786527127355e-14,-3.826712935080221e-14
2.898,-3.940721169585361e-14,-3.7829308150978624e-14
2.899,-3.8886567488870335e-14,-3.739641362255495e-14
2.9,-3.837276336319127e-14,-3.69683915313686e-14
2.901,-3.786570995211768e-14,-3.654518822243602e-14
2.902,-3.736531905004442e-14,-3.6126750614037506e-14
2.903,-3.687150359746095e-14,-3.571302619185822e-14
2.904,-3.6384177666145044e-14,-3.53039630031849e-14
2.905,-3.590325644454654e-14,-3.4899509651157896e-14
2.906,-3.5428656223358824e-14,-3.4499615289078014e-14
2.907,-3.496029438127564e-14,-3.410422961476772e-14
2.908,-3.449808937093081e-14,-3.3713302864986223e-14
2.909,-3.4041960705018534e-14,-3.332678580989807e-14
2.91,-3.3591828942592065e-14,-3.294462974759471e-14
2.911,-3.3147615675538376e-14,-3.2566786498668575e-14
2.912,-3.2709243515226543e-14,-3.219320840083938e-14
2.913,-3.227663607932781e-14,-3.182384830363198e-14
2.914,-3.184971797880492e-14,-3.1458659563105544e-14
2.915,-3.1428414805068715e-14,-3.109759603663348e-14
2.916,-3.1012653117299755e-14,-3.074061207773374e-14
2.917,-3.060236042993297e-14,-3.0387662530949044e-14
2.918,-3.019746520030315e-14,-3.0038702726776653e-14
2.919,-2.979789681644927e-14,-2.969368847664715e-14
2.92,-2.9403585585075595e-14,-2.935257606795194e-14
2.921,-2.901446271966767e-14,-2.9015322259118974e-14
2.922,-2.8630460328760994e-14,-2.868188427473625e-14
2.923,-2.8251511404360674e-14,-2.8352219800722803e-14
2.924,-2.7877549810509978e-14,-2.8026286979546605e-14
2.925,-2.7508510272005902e-14,-2.770404440548911e-14
2.926,-2.714432836325993e-14,-2.738545111995596e-14
2.927,-2.678494049730207e-14,-2.7070466606833457e-14
2.928,-2.6430283914926378e-14,-2.675905078789043e-14
2.929,-2.6080296673976133e-14,-2.645116401822508e-14
2.93,-2.5734917638766877e-14,-2.6146767081756385e-14
2.931,-2.5394086469645603e-14,-2.5845821186759724e-14
2.932,-2.5057743612684267e-14,-2.554828796144629e-14
2.933,-2.4725830289505997e-14,-2.5254129449585917e-14
2.934,-2.4398288487242227e-14,-2.496330810617294e-14
2.935,-2.4075060948619138e-14,-2.4675786793134708e-14
2.936,-2.3756091162171707e-14,-2.4391528775082345e-14
2.937,-2.3441323352583768e-14,-2.411049771510344e-14
2.938,-2.313070247115244e-14,-2.3832657670596222e-14
2.939,-2.2824174186375366e-14,-2.3557973089144906e-14
2.94,-2.2521684874659157e-14,-2.3286408804435807e-14
2.941,-2.2223181611147514e-14,-2.301793003221388e-14
2.942,-2.1928612160667482e-14,-2.2752502366279297e-14
2.943,-2.1637924968792332e-14,-2.249009177452373e-14
2.944,-2.1351069153019586e-14,-2.2230664595005962e-14
2.945,-2.1067994494062676e-14,-2.197418753206648e-14
2.946,-2.078865142725484e-14,-2.1720627652480677e-14
2.947,-2.051299103406375e-14,-2.1469952381650365e-14
2.948,-2.0240965033715505e-14,-2.1222129499833173e-14
2.949,-1.9972525774926598e-14,-2.0977127138409577e-14
2.95,-1.9707626227742383e-14,-2.073491377618713e-14
2.951,-1.944621997548082e-14,-2.0495458235741636e-14
2.952,-1.9188261206780003e-14,-2.0258729679794832e-14
2.953,-1.8933704707748267e-14,-2.0024697607628376e-14
2.954,-1.8682505854215468e-14,-1.9793331851533673e-14
2.955,-1.8434620604084187e-14,-1.95646025732973e-14
2.956,-1.8190005489779564e-14,-1.9338480260721674e-14
2.957,-1.7948617610796506e-14,-1.9114935724180623e-14
2.958,-1.7710414626343e-14,-1.8893940093209586e-14
2.959,-1.7475354748078332e-14,-1.867546481313005e-14
2.96,-1.7243396732944972e-14,-1.845948164170798e-14
2.961,-1.7014499876092907e-14,-1.82459626458459e-14
2.962,-1.67886240038953e-14,-1.8034880198308264e-14
2.963,-1.6565729467054223e-14,-1.782620697447991e-14
2.964,-1.6345777133795383e-14,-1.7619915949157206e-14
2.965,-1.6128728383150636e-14,-1.7415980393371588e-14
2.966,-1.5914545098327215e-14,-1.7214373871245267e-14
2.967,-1.5703189660162523e-14,-1.7015070236878693e-14
2.968,-1.5494624940663422e-14,-1.6818043631269553e-14
2.969,-1.5288814296628903e-14,-1.6623268479263013e-14
2.97,-1.5085721563355103e-14,-1.643071948653284e-14
2.971,-1.4885311048421572e-14,-1.624037163659321e-14
2.972,-1.468754752555779e-14,-1.6052200187840826e-14
2.973,-1.4492396228588875e-14,-1.5866180670627126e-14
2.974,-1.4299822845459457e-14,-1.5682288884360246e-14
2.975,-1.4109793512334771e-14,-1.5500500894636524e-14
2.976,-1.392227480777789e-14,-1.532079303040117e-14
2.977,-1.3737233747002211e-14,-1.5143141881137917e-14
2.978,-1.3554637776198157e-14,-1.4967524294087345e-14
2.979,-1.3374454766933179e-14,-1.4793917371493572e-14
2.98,-1.3196653010624124e-14,-1.462229846787911e-14
2.981,-1.3021201213080993e-14,-1.4452645187347543e-14
2.982,-1.2848068489121232e-14,-1.4284935380913846e-14
2.983,-1.2677224357253607e-14,-1.4119147143861998e-14
2.984,-1.250863873443078e-14,-1.3955258813129687e-14
2.985,-1.2342281930869724e-14,-1.3793248964719822e-14
2.986,-1.2178124644939068e-14,-1.3633096411138606e-14
2.987,-1.2016137958112543e-14,-1.3474780198859907e-14
2.988,-1.1856293329987674e-14,-1.3318279605815689e-14
2.989,-1.1698562593368856e-14,-1.316357413891222e-14
2.99,-1.1542917949414032e-14,-1.301064353157187e-14
2.991,-1.1389331962844097e-14,-1.2859467741300183e-14
2.992,-1.1237777557214285e-14,-1.2710026947278023e-14
2.993,-1.1088228010246687e-14,-1.2562301547978548e-14
2.994,-1.0940656949223146e-14,-1.2416272158808758e-14
2.995,-1.0795038346437748e-14,-1.2271919609775392e-14
2.996,-1.0651346514708131e-14,-1.2129224943174926e-14
2.997,-1.0509556102944876e-14,-1.1988169411307456e-14
2.998,-1.0369642091778202e-14,-1.1848734474214222e-14
2.999,-1.0231579789241265e-14,-1.1710901797438543e-14
3.0,-1.0095344826509304e-14,-1.1574653249809941e-14
3.001,-9.960913153693932e-15,-1.1439970901251227e-14
3.002,-9.828261035691852e-15,-1.1306837020608325e-14
3.003,-9.697365048087306e-15,-1.1175234073502611e-14
3.004,-9.568202073107557e-15,-1.1045144720205553e-14
3.005,-9.440749295630742e-15,-1.0916551813535419e-14
3.006,-9.314984199245381e-15,-1.0789438396775862e-14
3.007,-9.190884562360931e-15,-1.0663787701616146e-14
3.008,-9.068428454368677e-15,-1.0539583146112807e-14
3.009,-8.947594231852353e-15,-1.0416808332672549e-14
3.01,-8.828360534847822e-15,-1.029544704605615e-14
3.011,-8.710706283151203e-15,-1.0175483251403186e-14
3.012,-8.594610672674815e-15,-1.0056901092277357e-14
3.013,-8.48005317185032e-15,-9.939684888732228e-15
3.014,-8.36701351807845e-15,-9.823819135397151e-15
3.015,-8.255471714224751e-15,-9.709288499583223e-15
3.016,-8.145408025160705e-15,-9.596077819409022e-15
3.017,-8.036802974349674e-15,-9.48417210194597e-15
3.018,-7.92963734047709e-15,-9.373556521383103e-15
3.019,-7.823892154124303e-15,-9.26421641721108e-15
3.02,-7.719548694485545e-15,-9.156137292425208e-15
3.021,-7.616588486127438e-15,-9.04930481174733e-15
3.022,-7.514993295790502e-15,-8.943704799866357e-15
3.023,-7.414745129232141e-15,-8.839323239697277e-15
3.024,-7.315826228110531e-15,-8.736146270658464e-15
3.025,-7.218219066908926e-15,-8.634160186967077e-15
3.026,-7.121906349899833e-15,-8.533351435952396e-15
3.027,-7.026871008148563e-15,-8.433706616386908e-15
3.028,-6.9330961965556184e-15,-8.335212476834956e-15
3.029,-6.840565290937461e-15,-8.237855914018785e-15
3.03,-6.749261885145123e-15,-8.14162397120182e-15
3.031,-6.6591697882201986e-15,-8.046503836588977e-15
3.032,-6.570273021587728e-15,-7.952482841743865e-15
3.033,-6.482555816285494e-15,-7.85954846002269e-15
3.034,-6.396002610229266e-15,-7.767688305024707e-15
3.035,-6.3105980455135256e-15,-7.676890129059036e-15
3.036,-6.2263269657472155e-15,-7.587141821627703e-15
3.037,-6.143174413424065e-15,-7.498431407924726e-15
3.038,-6.061125627327037e-15,-7.410747047351073e-15
3.039,-5.980166039966465e-15,-7.32407703204537e-15
3.04,-5.900281275051438e-15,-7.238409785430154e-15
3.041,-5.821457144994013e-15,-7.153733860773554e-15
3.042,-5.74367964844582e-15,-7.070037939766219e-15
3.043,-5.6669349678666525e-15,-6.987310831113347e-15
3.044,-5.591209467124625e-15,-6.905541469141666e-15
3.045,-5.516489689127488e-15,-6.824718912421208e-15
3.046,-5.442762353484702e-15,-6.744832342401733e-15
3.047,-5.370014354199875e-15,-6.665871062063654e-15
3.048,-5.298232757393165e-15,-6.5878244945833045e-15
3.049,-5.227404799053272e-15,-6.5106821820124235e-15
3.05,-5.157517882818614e-15,-6.4344337839716946e-15
3.051,-5.088559577787343e-15,-6.359069076358205e-15
3.052,-5.020517616355804e-15,-6.284577950066684e-15
3.053,-4.953379892085071e-15,-6.210950409724374e-15
3.054,-4.887134457595217e-15,-6.138176572439405e-15
3.055,-4.821769522486931e-15,-6.066246666562526e-15
3.056,-4.757273451290154e-15,-5.995151030462056e-15
3.057,-4.69363476143937e-15,-5.924880111311932e-15
3.058,-4.630842121275213e-15,-5.855424463892708e-15
3.059,-4.568884348072047e-15,-5.7867747494053755e-15
3.06,-4.5077504060911886e-15,-5.718921734297876e-15
3.061,-4.447429404659434e-15,-5.651856289104174e-15
3.062,-4.387910596272567e-15,-5.585569387295768e-15
3.063,-4.329183374723531e-15,-5.520052104145499e-15
3.064,-4.271237273254928e-15,-5.455295615603538e-15
3.065,-4.214061962735549e-15,-5.391291197185438e-15
3.066,-4.157647249860624e-15,-5.328030222872101e-15
3.067,-4.101983075375462e-15,-5.265504164021564e-15
3.068,-4.047059512322214e-15,-5.2037045882924606e-15
3.069,-3.992866764309428e-15,-5.142623158579058e-15
3.07,-3.939395163804121e-15,-5.082251631957733e-15
3.071,-3.886635170446064e-15,-5.022581858644777e-15
3.072,-3.834577369384011e-15,-4.963605780965418e-15
3.073,-3.783212469633558e-15,-4.9053154323339245e-15
3.074,-3.7325313024563895e-15,-4.84770293624471e-15
3.075,-3.682524819760599e-15,-4.790760505274287e-15
3.076,-3.633184092521843e-15,-4.734480440093983e-15
3.077,-3.584500309225028e-15,-4.678855128493302e-15
3.078,-3.5364647743262988e-15,-4.6238770444138174e-15
3.079,-3.489068906735031e-15,-4.5695387469934846e-15
3.08,-3.4423042383155958e-15,-4.5158328796212775e-15
3.081,-3.3961624124086254e-15,-4.462752169002027e-15
3.082,-3.350635182371533e-15,-4.410289424231368e-15
3.083,-3.3057144101380347e-15,-4.358437535880679e-15
3.084,-3.2613920647964344e-15,-4.307189475091919e-15
3.085,-3.2176602211864147e-15,-4.256538292682254e-15
3.086,-3.174511058514113e-15,-4.206477118258374e-15
3.087,-3.1319368589852266e-15,-4.1569991593403976e-15
3.088,-3.0899300064559305e-15,-4.1080977004952605e-15
3.089,-3.048482985101363e-15,-4.059766102479503e-15
3.09,-3.0075883781014618e-15,-4.011997801391338e-15
3.091,-2.96723886634392e-15,-3.96478630783192e-15
3.092,-2.927427227144041e-15,-3.918125206075711e-15
3.093,-2.888146332981279e-15,-3.8720081532498465e-15
3.094,-2.849389150252237e-15,-3.8264288785224165e-15
3.095,-2.8111487380399234e-15,-3.781381182299553e-15
3.096,-2.7734182468990417e-15,-3.7368589354312505e-15
3.097,-2.736190917657123e-15,-3.6928560784258136e-15
3.098,-2.6994600802312754e-15,-3.649366620672843e-15
3.099,-2.6632191524603653e-15,-3.6063846396746824e-15
3.1,-2.6274616389524235e-15,-3.563904280286216e-15
3.101,-2.5921811299470738e-15,-3.5219197539629562e-15
3.102,-2.557371300192801e-15,-3.4804253380173035e-15
3.103,-2.523025907838855e-15,-3.439415374882922e-15
3.104,-2.4891387933416068e-15,-3.3988842713871257e-15
3.105,-2.4557038783851675e-15,-3.358826498031196e-15
3.106,-2.4227151648160867e-15,-3.3192365882785545e-15
3.107,-2.3901667335919438e-15,-3.2801091378506938e-15
3.108,-2.358052743743658e-15,-3.2414388040308003e-15
3.109,-2.326367431351333e-15,-3.203220304974976e-15
3.11,-2.2951051085334646e-15,-3.1654484190309866e-15
3.111,-2.2642601624493368e-15,-3.128117984064448e-15
3.112,-2.233827054314435e-15,-3.0912238967923857e-15
3.113,-2.203800318428707e-15,-3.054761112124074e-15
3.114,-2.1741745612175074e-15,-3.01872464250909e-15
3.115,-2.144944460285056e-15,-2.9831095572925e-15
3.116,-2.1161047634802537e-15,-2.947910982077105e-15
3.117,-2.0876502879746914e-15,-2.9131240980926664e-15
3.118,-2.0595759193526933e-15,-2.8787441415720467e-15
3.119,-2.031876610713243e-15,-2.844766403134183e-15
3.12,-2.0045473817836333e-15,-2.8111862271738255e-15
3.121,-1.977583318044687e-15,-2.7779990112579645e-15
3.122,-1.9509795698674044e-15,-2.745200205528886e-15
3.123,-1.924731351660883e-15,-2.71278531211377e-15
3.124,-1.898833941031366e-15,-2.6807498845407733e-15
3.125,-1.8732826779522735e-15,-2.6490895271615245e-15
3.126,-1.8480729639450764e-15,-2.617799894579963e-15
3.127,-1.823200261270867e-15,-2.5868766910874504e-15
3.128,-1.798660092132495e-15,-2.5563156701040986e-15
3.129,-1.7744480378871237e-15,-2.526112633626233e-15
3.13,-1.7505597382690767e-15,-2.496263431679939e-15
3.131,-1.726990890622838e-15,-2.4667639617806203e-15
3.132,-1.703737249146075e-15,-2.4376101683985033e-15
3.133,-1.680794624142556e-15,-2.4087980424300308e-15
3.134,-1.6581588812848273e-15,-2.380323620675074e-15
3.135,-1.6358259408865327e-15,-2.3521829853199085e-15
3.136,-1.6137917771842397e-15,-2.324372263425884e-15
3.137,-1.5920524176286574e-15,-2.2968876264237383e-15
3.138,-1.5706039421851179e-15,-2.2697252896134814e-15
3.139,-1.5494424826432054e-15,-2.2428815116698024e-15
3.14,-1.5285642219354096e-15,-2.2163525941529316e-15
3.141,-1.5079653934646909e-15,-2.1901348810249045e-15
3.142,-1.4876422804408362e-15,-2.1642247581711674e-15
3.143,-1.4675912152254965e-15,-2.1386186529274662e-15
3.144,-1.4478085786857877e-15,-2.1133130336119664e-15
3.145,-1.4282907995563494e-15,-2.088304409062541e-15
3.146,-1.4090343538097451e-15,-2.0635893281791783e-15
3.147,-1.3900357640351004e-15,-2.039164379471449e-15
3.148,-1.371291598824871e-15,-2.0150261906109817e-15
3.149,-1.352798472169631e-15,-1.9911714279888884e-15
3.15,-1.3345530428607834e-15,-1.9675967962780947e-15
3.151,-1.3165520139010835e-15,-1.9442990380005135e-15
3.152,-1.2987921319228788e-15,-1.9212749330990133e-15
3.153,-1.2812701866139599e-15,-1.898521298514132e-15
3.154,-1.263983010150929e-15,-1.876034987765483e-15
3.155,-1.2469274766399825e-15,-1.8538128905377987e-15
3.156,-1.2301005015650152e-15,-1.8318519322715696e-15
3.157,-1.2134990412429486e-15,-1.810149073758224e-15
3.158,-1.1971200922861913e-15,-1.7887013107398e-15
3.159,-1.1809606910721352e-15,-1.7675056735130633e-15
3.16,-1.1650179132196002e-15,-1.7465592265380177e-15
3.161,-1.1492888730721334e-15,-1.7258590680507694e-15
3.162,-1.1337707231880758e-15,-1.7054023296806889e-15
3.163,-1.1184606538373057e-15,-1.68518617607183e-15
3.164,-1.103355892504576e-15,-1.6652078045085575e-15
3.165,-1.088453703399355e-15,-1.645464444545339e-15
3.166,-1.073751386972089e-15,-1.6259533576406532e-15
3.167,-1.0592462794368025e-15,-1.6066718367949755e-15
3.168,-1.0449357522999505e-15,-1.587617206192789e-15
3.169,-1.0308172118954483e-15,-1.568786820848585e-15
3.17,-1.0168880989257892e-15,-1.5501780662568045e-15
3.171,-1.0031458880091784e-15,-1.5317883580456798e-15
3.172,-9.89588087232602e-16,-1.513615141634934e-15
3.173,-9.762122377107504e-16,-1.495655891897295e-15
3.174,-9.63015913150727e-16,-1.477908112823786e-15
3.175,-9.499967194224592e-16,-1.4603693371927466e-15
3.176,-9.371522941347433e-16,-1.4430371262425482e-15
3.177,-9.244803062168455e-16,-1.425909069347961e-15
3.178,-9.1197845550559e-16,-1.408982783700134e-15
3.179,-8.996444723378596e-16,-1.3922559139901476e-15
3.18,-8.874761171484416e-16,-1.3757261320961015e-15
3.181,-8.754711800731447e-16,-1.3593911367736981e-15
3.182,-8.636274805571233e-16,-1.3432486533502833e-15
3.183,-8.51942866968338e-16,-1.327296433422308e-15
3.184,-8.404152162160852e-16,-1.3115322545561711e-15
3.185,-8.290424333745319e-16,-1.295953919992411e-15
3.186,-8.178224513111883e-16,-1.2805592583532022e-15
3.187,-8.067532303202547e-16,-1.2653461233531298e-15
3.188,-7.958327577607792e-16,-1.2503123935131975e-15
3.189,-7.850590476995627e-16,-1.2354559718780399e-15
3.19,-7.744301405587503e-16,-1.2207747857363011e-15
3.191,-7.639441027680465e-16,-1.206266786344145e-15
3.192,-7.535990264214956e-16,-1.1919299486518655e-15
3.193,-7.433930289387669e-16,-1.1777622710335589e-15
3.194,-7.333242527308842e-16,-1.163761775019828e-15
3.195,-7.233908648703452e-16,-1.1499265050334844e-15
3.196,-7.135910567655704e-16,-1.136254528128213e-15
3.197,-7.039230438396261e-16,-1.122743933730171e-15
3.198,-6.943850652131659e-16,-1.1093928333824864e-15
3.199,-6.849753833915351e-16,-1.0961993604926232e-15
3.2,-6.756922839559837e-16,-1.0831616700825858e-15
3.201,-6.665340752589358e-16,-1.0702779385419258e-15
3.202,-6.574990881232586e-16,-1.0575463633835268e-15
3.203,-6.485856755454841e-16,-1.0449651630021314e-15
3.204,-6.397922124029271e-16,-1.032532576435583e-15
3.205,-6.311170951646513e-16,-1.0202468631287517e-15
3.206,-6.225587416062323e-16,-1.0081063027001147e-15
3.207,-6.141155905282681e-16,-9.961091947109642e-16
3.208,-6.057861014785888e-16,-9.84253858437209e-16
3.209,-5.975687544781142e-16,-9.725386326437461e-16
3.21,-5.894620497503171e-16,-9.609618753613726e-16
3.211,-5.814645074542391e-16,-9.495219636662073e-16
3.212,-5.735746674210171e-16,-9.382172934615995e-16
3.213,-5.657910888938718e-16,-9.270462792624916e-16
3.214,-5.581123502715146e-16,-9.160073539822136e-16
3.215,-5.505370488549271e-16,-9.0509896872168e-16
3.216,-5.4306380059747e-16,-8.943195925609622e-16
3.217,-5.356912398582771e-16,-8.836677123532132e-16
3.218,-5.284180191588919e-16,-8.731418325209139e-16
3.219,-5.212428089431042e-16,-8.627404748544202e-16
3.22,-5.141642973399453e-16,-8.524621783127824e-16
3.221,-5.071811899297993e-16,-8.423054988268129e-16
3.222,-5.002922095135916e-16,-8.32269009104377e-16
3.223,-4.934960958850123e-16,-8.2235129843788275e-16
3.224,-4.867916056057367e-16,-8.125509725139445e-16
3.225,-4.801775117836018e-16,-8.028666532251975e-16
3.226,-4.73652603853702e-16,-7.932969784842389e-16
3.227,-4.672156873623648e-16,-7.838406020396712e-16
3.228,-4.608655837539676e-16,-7.744961932942256e-16
3.229,-4.546011301605623e-16,-7.652624371249429e-16
3.23,-4.484211791942656e-16,-7.561380337053863e-16
3.231,-4.4232459874238356e-16,-7.471216983298681e-16
3.232,-4.363102717652318e-16,-7.382121612396628e-16
3.233,-4.3037709609661717e-16,-7.294081674511895e-16
3.234,-4.245239842469456e-16,-7.207084765861376e-16
3.235,-4.1874986320892215e-16,-7.1211186270351705e-16
3.236,-4.130536742658089e-16,-7.036171141336107e-16
3.237,-4.0743437280220763e-16,-6.952230333138076e-16
3.238,-4.0189092811733384e-16,-6.869284366262965e-16
3.239,-3.9642232324074953e-16,-6.787321542375987e-16
3.24,-3.9102755475052285e-16,-6.706330299399205e-16
3.241,-3.8570563259378255e-16,-6.626299209943041e-16
3.242,-3.804555799096359e-16,-6.547216979755572e-16
3.243,-3.752764328544192e-16,-6.469072446189422e-16
3.244,-3.7016724042924995e-16,-6.391854576686045e-16
3.245,-3.6512706430985164e-16,-6.315552467277209e-16
3.246,-3.601549786786197e-16,-6.240155341103495e-16
3.247,-3.552500700589007e-16,-6.165652546949611e-16
3.248,-3.504114371514547e-16,-6.092033557796338e-16
3.249,-3.456381906730736e-16,-6.019287969388931e-16
3.25,-3.409294531973251e-16,-5.947405498821777e-16
3.251,-3.362843589973966e-16,-5.87637598313914e-16
3.252,-3.317020538910099e-16,-5.8061893779518115e-16
3.253,-3.271816950873805e-16,-5.736835756069477e-16
3.254,-3.227224510361943e-16,-5.668305306148651e-16
3.255,-3.183235012785751e-16,-5.600588331355971e-16
3.256,-3.139840363000173e-16,-5.533675248046707e-16
3.257,-3.097032573852578e-16,-5.467556584458309e-16
3.258,-3.054803764750611e-16,-5.402222979418815e-16
3.259,-3.0131461602489363e-16,-5.337665181069962e-16
3.26,-2.9720520886546165e-16,-5.27387404560484e-16
3.261,-2.9315139806508827e-16,-5.210840536019916e-16
3.262,-2.891524367939064e-16,-5.148555720881272e-16
3.263,-2.8520758818984264e-16,-5.087010773104898e-16
3.264,-2.8131612522636907e-16,-5.026196968750891e-16
3.265,-2.7747733058200024e-16,-4.966105685831377e-16
3.266,-2.736904965115117e-16,-4.906728403132046e-16
3.267,-2.699549247188578e-16,-4.848056699047105e-16
3.268,-2.662699262317665e-16,-4.79008225042752e-16
3.269,-2.626348212779893e-16,-4.732796831442402e-16
3.27,-2.590489391631841e-16,-4.676192312453381e-16
3.271,-2.5551161815041023e-16,-4.620260658901808e-16
3.272,-2.5202220534121345e-16,-4.564993930208687e-16
3.273,-2.4858005655828184e-16,-4.510384278687136e-16
3.274,-2.451845362296495e-16,-4.456423948467282e-16
3.275,-2.418350172744302e-16,-4.4031052744334244e-16
3.276,-2.3853088099005903e-16,-4.3504206811733453e-16
3.277,-2.3527151694102337e-16,-4.2983626819396156e-16
3.278,-2.3205632284906276e-16,-4.2469238776227753e-16
3.279,-2.288847044848197e-16,-4.196096955736245e-16
3.28,-2.257560755609205e-16,-4.145874689412845e-16
3.281,-2.2266985762646885e-16,-4.096249936412782e-16
3.282,-2.1962547996293316e-16,-4.047215638142984e-16
3.283,-2.1662237948140895e-16,-3.9987648186876503e-16
3.284,-2.1366000062123881e-16,-3.95089058384989e-16
3.285,-2.107377952499716e-16,-3.903586120204327e-16
3.286,-2.078552225646437e-16,-3.8568446941605505e-16
3.287,-2.0501174899436456e-16,-3.810659651037279e-16
3.288,-2.0220684810418976e-16,-3.765024414147127e-16
3.289,-1.9944000050026447e-16,-3.719932483891853e-16
3.29,-1.9671069373622052e-16,-3.6753774368679687e-16
3.291,-1.9401842222081077e-16,-3.631352924982589e-16
3.292,-1.9136268712676466e-16,-3.58785267457942e-16
3.293,-1.8874299630084834e-16,-3.544870485574753e-16
3.294,-1.8615886417511412e-16,-3.5024002306033697e-16
3.295,-1.8360981167932337e-16,-3.460435854174232e-16
3.296,-1.810953661545274e-16,-3.4189713718358554e-16
3.297,-1.7861506126779102e-16,-3.378000869351253e-16
3.298,-1.7616843692804406e-16,-3.3375185018823445e-16
3.299,-1.737550392030458e-16,-3.297518493183714e-16
3.3,-1.7137442023744748e-16,-3.257995134805632e-16
3.301,-1.6902613817193896e-16,-3.218942785306209e-16
3.302,-1.6670975706346468e-16,-3.1803558694726034e-16
3.303,-1.6442484680649538e-16,-3.1422288775511626e-16
3.304,-1.621709830553413e-16,-3.10455636448641e-16
3.305,-1.5994774714749332e-16,-3.067332949168766e-16
3.306,-1.5775472602797856e-16,-3.030553313690913e-16
3.307,-1.5559151217471698e-16,-2.994212202612705e-16
3.308,-1.534577035248659e-16,-2.9583044222345203e-16
3.309,-1.5135290340213924e-16,-2.922824839878968e-16
3.31,-1.4927672044508899e-16,-2.887768383180849e-16
3.311,-1.4722876853633604e-16,-2.853130039385282e-16
3.312,-1.4520866673273768e-16,-2.8189048546538977e-16
3.313,-1.4321603919647988e-16,-2.7850879333790156e-16
3.314,-1.412505151270818e-16,-2.7516744375057065e-16
3.315,-1.3931172869430075e-16,-2.718659585861656e-16
3.316,-1.373993189719255e-16,-2.6860386534947377e-16
3.317,-1.3551292987244659e-16,-2.6538069710182123e-16
3.318,-1.3365221008259175e-16,-2.621959923963462e-16
3.319,-1.3181681299971518e-16,-2.5904929521401783e-16
3.32,-1.3000639666902945e-16,-2.5594015490039137e-16
3.321,-1.2822062372166905e-16,-2.5286812610309216e-16
3.322,-1.2645916131357422e-16,-2.498327687100194e-16
3.323,-1.2472168106518468e-16,-2.4683364778826185e-16
3.324,-1.2300785900193258e-16,-2.438703335237177e-16
3.325,-1.2131737549552362e-16,-2.409424011614098e-16
3.326,-1.1964991520599668e-16,-2.3804943094648917e-16
3.327,-1.1800516702455117e-16,-2.351910080659185e-16
3.328,-1.1638282401713215e-16,-2.3236672259082838e-16
3.329,-1.1478258336876336e-16,-2.2957616941953753e-16
3.33,-1.13204146328618e-16,-2.268189482212312e-16
3.331,-1.116472181558179e-16,-2.2409466338028856e-16
3.332,-1.1011150806595115e-16,-2.2140292394125272e-16
3.333,-1.0859672917829898e-16,-2.187433435544359e-16
3.334,-1.0710259846376228e-16,-2.161155404221521e-16
3.335,-1.056288366934788e-16,-2.1351913724557076e-16
3.336,-1.041751683881217e-16,-2.1095376117218385e-16
3.337,-1.0274132176787066e-16,-2.0841904374387952e-16
3.338,-1.0132702870304644e-16,-2.0591462084561566e-16
3.339,-9.99320246654004e-17,-2.0344013265468617e-16
3.34,-9.855604868005019e-17,-2.0099522359057346e-16
3.341,-9.719884327805302e-17,-1.985795422653803e-16
3.342,-9.586015444960836e-17,-1.961927414348346e-16
3.343,-9.453973159788138e-17,-1.9383447794986055e-16
3.344,-9.32373274934394e-17,-1.915044127087094e-16
3.345,-9.19526982292928e-17,-1.8920221060964398e-16
3.346,-9.068560317653279e-17,-1.8692754050417026e-16
3.347,-8.943580494055786e-17,-1.846800751508098e-16
3.348,-8.820306931788143e-17,-1.82459491169407e-16
3.349,-8.698716525351277e-17,-1.80265468995965e-16
3.35,-8.578786479890374e-17,-1.7809769283800414e-16
3.351,-8.4604943070454e-17,-1.759558506304372e-16
3.352,-8.3438178208567e-17,-1.7383963399195522e-16
3.353,-8.228735133724978e-17,-1.7174873818191827e-16
3.354,-8.115224652424933e-17,-1.6968286205774553e-16
3.355,-8.003265074171825e-17,-1.6764170803279852e-16
3.356,-7.892835382740298e-17,-1.6562498203475245e-16
3.357,-7.783914844634746e-17,-1.6363239346444958e-16
3.358,-7.676483005310562e-17,-1.616636551552294e-16
3.359,-7.570519685445585e-17,-1.597184833327299e-16
3.36,-7.466004977261075e-17,-1.5779659757515504e-16
3.361,-7.362919240891592e-17,-1.558977207740025e-16
3.362,-7.261243100803092e-17,-1.5402157909524675e-16
3.363,-7.160957442258639e-17,-1.5216790194097224e-16
3.364,-7.062043407831073e-17,-1.5033642191145146e-16
3.365,-6.964482393962046e-17,-1.4852687476766295e-16
3.366,-6.868256047566783e-17,-1.4673899939424382e-16
3.367,-6.773346262683978e-17,-1.4497253776287242e-16
3.368,-6.679735177170238e-17,-1.4322723489607556e-16
3.369,-6.587405169438456e-17,-1.4150283883145604e-16
3.37,-6.496338855239571e-17,-1.397991005863352e-16
3.371,-6.406519084487109e-17,-1.3811577412280589e-16
3.372,-6.317928938123956e-17,-1.364526163131914e-16
3.373,-6.230551725030799e-17,-1.3480938690590523e-16
3.374,-6.144370978975692e-17,-1.3318584849170742e-16
3.375,-6.059370455604189e-17,-1.31581766470353e-16
3.376,-5.97553412946952e-17,-1.2999690901762755e-16
3.377,-5.892846191102274e-17,-1.2843104705276607e-16
3.378,-5.811291044119063e-17,-1.2688395420625033e-16
3.379,-5.730853302369671e-17,-1.2535540678798043e-16
3.38,-5.651517787122151e-17,-1.2384518375581638e-16
3.381,-5.573269524285383e-17,-1.223530666844854e-16
3.382,-5.4960937416685985e-17,-1.2087883973485078e-16
3.383,-5.419975866277383e-17,-1.194222896235379e-16
3.384,-5.344901521645662e-17,-1.1798320559291388e-16
3.385,-5.270856525203207e-17,-1.16561379381416e-16
3.386,-5.1978268856781876e-17,-1.1515660519422557e-16
3.387,-5.125798800534303e-17,-1.1376867967428302e-16
3.388,-5.0547586534420385e-17,-1.123974018736402e-16
3.389,-4.9846930117835935e-17,-1.1104257322514607e-16
3.39,-4.9155886241910356e-17,-1.0970399751446207e-16
3.391,-4.847432418117242e-17,-1.0838148085240326e-16
3.392,-4.780211497439191e-17,-1.0707483164760141e-16
3.393,-4.7139131400931804e-17,-1.0578386057948661e-16
3.394,-4.648524795741543e-17,-1.0450838057158331e-16
3.395,-4.58403408347045e-17,-1.0324820676511767e-16
3.396,-4.520428789518383e-17,-1.0200315649293223e-16
3.397,-4.4576968650348754e-17,-1.0077304925370451e-16
3.398,-4.3958264238691123e-17,-9.95577066864661e-17
3.399,-4.334805740388009e-17,-9.835695254541873e-17
3.4,-4.274623247323359e-17,-9.717061267504381e-17
3.401,-4.215267533647684e-17,-9.599851498550222e-17
3.402,-4.156727342478389e-17,-9.48404894283209e-17
3.403,-4.098991569009861e-17,-9.369636797236291e-17
3.404,-4.042049258473135e-17,-9.256598458007787e-17
3.405,-3.985889604122758e-17,-9.144917518402921e-17
3.406,-3.930501945250504e-17,-9.034577766369548e-17
3.407,-3.8758757652255636e-17,-8.925563182254216e-17
3.408,-3.822000689560877e-17,-8.817857936536108e-17
3.409,-3.7688664840052543e-17,-8.711446387587427e-17
3.41,-3.716463052660938e-17,-8.606313079459926e-17
3.411,-3.6647804361262785e-17,-8.502442739697271e-17
3.412,-3.613808809663186e-17,-8.399820277172952e-17
3.413,-3.5635384813890275e-17,-8.298430779953431e-17
3.414,-3.5139598904926496e-17,-8.198259513186252e-17
3.415,-3.4650636054742014e-17,-8.09929191701281e-17
3.416,-3.4168403224084504e-17,-8.001513604505511e-17
3.417,-3.369280863231268e-17,-7.904910359629019e-17
3.418,-3.3223761740489904e-17,-7.809468135225338e-17
3.419,-3.276117323470337e-17,-7.715173051022423e-17
3.42,-3.2304955009606043e-17,-7.622011391666082e-17
3.421,-3.185502015217818e-17,-7.529969604774871e-17
3.422,-3.1411282925705766e-17,-7.439034299017733e-17
3.423,-3.097365875397276e-17,-7.349192242214108e-17
3.424,-3.0542064205664484e-17,-7.260430359456261e-17
3.425,-3.01164169789792e-17,-7.172735731253578e-17
3.426,-2.969663588644532e-17,-7.086095591698546e-17
3.427,-2.9282640839941224e-17,-7.000497326654203e-17
3.428,-2.887435283591532e-17,-6.915928471962797e-17
3.429,-2.847169394080346e-17,-6.832376711675381e-17
3.43,-2.807458727664113e-17,-6.749829876302156e-17
3.431,-2.7682957006867925e-17,-6.668275941083269e-17
3.432,-2.729672832232168e-17,-6.587703024279857e-17
3.433,-2.6915827427419698e-17,-6.5080993854851e-17
3.434,-2.6540181526524692e-17,-6.429453423955051e-17
3.435,-2.6169718810492926e-17,-6.351753676959001e-17
3.436,-2.5804368443402122e-17,-6.274988818149167e-17
3.437,-2.5444060549456796e-17,-6.19914765594948e-17
3.438,-2.508872620006861e-17,-6.124219131963239e-17
3.439,-2.4738297401109467e-17,-6.050192319399424e-17
3.44,-2.4392707080335002e-17,-5.977056421517441e-17
3.441,-2.4051889074976254e-17,-5.904800770090103e-17
3.442,-2.3715778119497244e-17,-5.833414823884612e-17
3.443,-2.3384309833516275e-17,-5.762888167161352e-17
3.444,-2.305742070988877e-17,-5.693210508190277e-17
3.445,-2.2735048102949506e-17,-5.624371677784692e-17
3.446,-2.241713021691213e-17,-5.556361627852234e-17
3.447,-2.210360609442383e-17,-5.489170429962825e-17
3.448,-2.179441560527317e-17,-5.422788273933445e-17
3.449,-2.1489499435248952e-17,-5.357205466429485e-17
3.45,-2.1188799075148213e-17,-5.292412429582517e-17
3.451,-2.0892256809931264e-17,-5.2283996996242766e-17
3.452,-2.0599815708021895e-17,-5.165157925536678e-17
3.453,-2.0311419610750762e-17,-5.102677867717665e-17
3.454,-2.0027013121940098e-17,-5.0409503966627243e-17
3.455,-1.974654159762782e-17,-4.9799664916618735e-17
3.456,-1.9469951135929217e-17,-4.919717239511945e-17
3.457,-1.9197188567034372e-17,-4.8601938332439905e-17
3.458,-1.8928201443339488e-17,-4.801387570865622e-17
3.459,-1.8662938029710405e-17,-4.74328985411813e-17
3.46,-1.8401347293876456e-17,-4.685892187248191e-17
3.461,-1.8143378896953015e-17,-4.6291861757940086e-17
3.462,-1.7888983184090952e-17,-4.57316352538571e-17
3.463,-1.7638111175251358e-17,-4.517816040559839e-17
3.464,-1.7390714556103853e-17,-4.463135623587774e-17
3.465,-1.714674566904681e-17,-4.4091142733179225e-17
3.466,-1.6906157504347916e-17,-4.3557440840315114e-17
3.467,-1.6668903691403435e-17,-4.3030172443118364e-17
3.468,-1.6434938490114595e-17,-4.2509260359267986e-17
3.469,-1.6204216782379544e-17,-4.199462832724578e-17
3.47,-1.5976694063699365e-17,-4.148620099542296e-17
3.471,-1.575232643489656e-17,-4.0983903911275064e-17
3.472,-1.553107059394458e-17,-4.048766351072376e-17
3.473,-1.5312883827906875e-17,-3.999740710760394e-17
3.474,-1.5097724004984017e-17,-3.9513062883254805e-17
3.475,-1.488554956666748e-17,-3.903455987623331e-17
3.476,-1.4676319519998593e-17,-3.856182797214873e-17
3.477,-1.4469993429931347e-17,-3.8094797893616766e-17
3.478,-1.426653141179761e-17,-3.763340119033197e-17
3.479,-1.4065894123873393e-17,-3.7177570229256896e-17
3.48,-1.3868042760044872e-17,-3.6727238184926853e-17
3.481,-1.3672939042572746e-17,-3.628233902986871e-17
3.482,-1.348054521495371e-17,-3.584280752513259e-17
3.483,-1.3290824034877688e-17,-3.540857921093493e-17
3.484,-1.3103738767279582e-17,-3.497959039741187e-17
3.485,-1.2919253177484254e-17,-3.455577815548146e-17
3.486,-1.2737331524443513e-17,-3.4137080307813513e-17
3.487,-1.2557938554063874e-17,-3.372343541990588e-17
3.488,-1.2381039492623888e-17,-3.331478279126576e-17
3.489,-1.220660004027982e-17,-3.291106244669505e-17
3.49,-1.2034586364658535e-17,-3.2512215127678277e-17
3.491,-1.186496509453641e-17,-3.2118182283872085e-17
3.492,-1.1697703313603098e-17,-3.1728906064695014e-17
3.493,-1.1532768554309074e-17,-3.134432931101642e-17
3.494,-1.1370128791795783e-17,-3.096439554694337e-17
3.495,-1.1209752437907326e-17,-3.058904897170439e-17
3.496,-1.1051608335282575e-17,-3.021823445162887e-17
3.497,-1.0895665751526656e-17,-2.985189751222112e-17
3.498,-1.0741894373460736e-17,-2.9489984330327863e-17
3.499,-1.0590264301449074e-17,-2.913244172639812e-17
3.5,-1.0440746043802287e-17,-2.87792171568344e-17
3.501,-1.0293310511255835e-17,-2.8430258706434155e-17
3.502,-1.0147929011522715e-17,-2.8085515080920376e-17
3.503,-1.0004573243919356e-17,-2.7744935599560358e-17
3.504,-9.863215294063766e-18,-2.7408470187871587e-17
3.505,-9.723827628644938e-18,-2.7076069370413673e-17
3.506,-9.586383090262589e-18,-2.6747684263665415e-17
3.507,-9.450854892336265e-18,-2.6423266568985916e-17
3.508,-9.317216614082918e-18,-2.6102768565658825e-17
3.509,-9.185442195562002e-18,-2.5786143104018704e-17
3.51,-9.055505932787226e-18,-2.547334359865856e-17
3.511,-8.927382472904032e-18,-2.5164324021717598e-17
3.512,-8.801046809431968e-18,-2.4859038896248254e-17
3.513,-8.676474277571034e-18,-2.4557443289661584e-17
3.514,-8.553640549571193e-18,-2.4259492807250085e-17
3.515,-8.432521630164175e-18,-2.3965143585787032e-17
3.516,-8.313093852056755e-18,-2.3674352287201465e-17
3.517,-8.19533387148467e-18,-2.3387076092327908e-17
3.518,-8.079218663826387e-18,-2.3103272694729946e-17
3.519,-7.96472551927588e-18,-2.2822900294596835e-17
3.52,-7.851832038573696e-18,-2.2545917592712227e-17
3.521,-7.74051612879544e-18,-2.2272283784494226e-17
3.522,-7.630755999197e-18,-2.2001958554105874e-17
3.523,-7.522530157115689e-18,-2.173490206863531e-17
3.524,-7.415817403926586e-18,-2.1471074972344738e-17
3.525,-7.31059683105334e-18,-2.1210438380987408e-17
3.526,-7.206847816032681e-18,-2.0952953876191813e-17
3.527,-7.10455001863196e-18,-2.0698583499912328e-17
3.528,-7.003683377018967e-18,-2.044728974894549e-17
3.529,-6.90422810398336e-18,-2.0199035569511156e-17
3.53,-6.806164683208995e-18,-1.9953784351897773e-17
3.531,-6.709473865596488e-18,-1.971149992517105e-17
3.532,-6.614136665635321e-18,-1.94721465519452e-17
3.533,-6.520134357824847e-18,-1.9235688923216098e-17
3.534,-6.427448473143528e-18,-1.9002092153255613e-17
3.535,-6.336060795565764e-18,-1.877132177456634e-17
3.536,-6.245953358625672e-18,-1.8543343732896122e-17
3.537,-6.157108442027192e-18,-1.831812438231153e-17
3.538,-6.069508568299899e-18,-1.8095630480329762e-17
3.539,-5.983136499499898e-18,-1.787582918310813e-17
3.54,-5.897975233955219e-18,-1.7658688040690554e-17
3.541,-5.814008003055094e-18,-1.744417499231036e-17
3.542,-5.731218268082543e-18,-1.7232258361748696e-17
3.543,-5.649589717089681e-18,-1.7022906852747988e-17
3.544,-5.56910626181518e-18,-1.6816089544479684e-17
3.545,-5.489752034643312e-18,-1.661177588706575e-17
3.546,-5.41151138560403e-18,-1.64099356971532e-17
3.547,-5.334368879413517e-18,-1.621053915354111e-17
3.548,-5.258309292554681e-18,-1.6013556792859434e-17
3.549,-5.1833176103970515e-18,-1.5818959505299083e-17
3.55,-5.10937902435554e-18,-1.5626718530392565e-17
3.551,-5.036478929087564e-18,-1.5436805452844724e-17
3.552,-4.964602919728005e-18,-1.5249192198412842e-17
3.553,-4.8937367891614926e-18,-1.5063851029835662e-17
3.554,-4.823866525331527e-18,-1.4880754542810634e-17
3.555,-4.754978308585932e-18,-1.4699875662018926e-17
3.556,-4.687058509058159e-18,-1.452118763719754e-17
3.557,-4.620093684083958e-18,-1.4344664039258045e-17
3.558,-4.554070575652943e-18,-1.417027875645137e-17
3.559,-4.4889761078945875e-18,-1.3998005990578063e-17
3.56,-4.424797384598171e-18,-1.3827820253243575e-17
3.561,-4.361521686766248e-18,-1.3659696362157916e-17
3.562,-4.299136470201169e-18,-1.349360943747929e-17
3.563,-4.237629363124214e-18,-1.3329534898201088e-17
3.564,-4.176988163826908e-18,-1.3167448458581786e-17
3.565,-4.117200838354077e-18,-1.3007326124617221e-17
3.566,-4.0582555182182276e-18,-1.2849144190554754e-17
3.567,-4.000140498144821e-18,-1.2692879235448814e-17
3.568,-3.942844233848037e-18,-1.2538508119757349e-17
3.569,-3.886355339836602e-18,-1.2386007981978702e-17
3.57,-3.8306625872493e-18,-1.2235356235328419e-17
3.571,-3.775754901719747e-18,-1.2086530564455534e-17
3.572,-3.7216213612700505e-18,-1.1939508922197871e-17
3.573,-3.668251194232952e-18,-1.1794269526375872e-17
3.574,-3.6156337772020914e-18,-1.1650790856624531e-17
3.575,-3.5637586330099864e-18,-1.1509051651262983e-17
3.576,-3.512615428733385e-18,-1.1369030904201257e-17
3.577,-3.4621939737255976e-18,-1.1230707861883828e-17
3.578,-3.4124842176754658e-18,-1.1094062020269467e-17
3.579,-3.3634762486925962e-18,-1.095907312184701e-17
3.58,-3.3151602914185125e-18,-1.0825721152686584e-17
3.581,-3.267526705163378e-18,-1.0693986339525901e-17
3.582,-3.220565982067944e-18,-1.0563849146891188e-17
3.583,-3.1742687452903806e-18,-1.043529027425235e-17
3.584,-3.1286257472176635e-18,-1.030829065321197e-17
3.585,-3.08362786770118e-18,-1.0182831444727728e-17
3.586,-3.039266112316232e-18,-1.0058894036367854e-17
3.587,-2.9955316106451117e-18,-9.936460039599246e-18
3.588,-2.952415614583437e-18,-9.815511287107819e-18
3.589,-2.909909496669431e-18,-9.69602983015075e-18
3.59,-2.8680047484358364e-18,-9.577997935940227e-18
3.591,-2.826692978784163e-18,-9.461398085058308e-18
3.592,-2.785965912380965e-18,-9.346212968902569e-18
3.593,-2.745815388075855e-18,-9.232425487162126e-18
3.594,-2.7062333573409576e-18,-9.120018745323716e-18
3.595,-2.667211882731519e-18,-9.00897605220744e-18
3.596,-2.6287431363673848e-18,-8.899280917531863e-18
3.597,-2.5908193984350654e-18,-8.790917049508089e-18
3.598,-2.5534330557101143e-18,-8.68386835246247e-18
3.599,-2.5165766000995414e-18,-8.578118924487643e-18
3.6,-2.4802426272039964e-18,-8.473653055121518e-18
3.601,-2.4444238348994538e-18,-8.370455223053914e-18
3.602,-2.4091130219381347e-18,-8.268510093860507e-18
3.603,-2.3743030865684115e-18,-8.167802517763769e-18
3.604,-2.3399870251734367e-18,-8.068317527420573e-18
3.605,-2.306157930928241e-18,-7.970040335736159e-18
3.606,-2.2728089924750595e-18,-7.872956333704142e-18
3.607,-2.239933492616631e-18,-7.777051088272247e-18
3.608,-2.207524807027238e-18,-7.68231034023349e-18
3.609,-2.1755764029812387e-18,-7.588720002142474e-18
3.61,-2.144081838098864e-18,-7.49626615625652e-18
3.611,-2.113034759109039e-18,-7.404935052501354e-18
3.612,-2.0824289006290094e-18,-7.314713106461007e-18
3.613,-2.0522580839605322e-18,-7.22558689739171e-18
3.614,-2.0225162159024234e-18,-7.137543166259446e-18
3.615,-1.9931972875792297e-18,-7.050568813800908e-18
3.616,-1.9642953732858123e-18,-6.964650898607573e-18
3.617,-1.9358046293476293e-18,-6.879776635232613e-18
3.618,-1.9077192929965005e-18,-6.795933392320404e-18
3.619,-1.880033681261651e-18,-6.713108690758316e-18
3.62,-1.8527421898758224e-18,-6.631290201850567e-18
3.621,-1.8258392921962534e-18,-6.550465745513848e-18
3.622,-1.799319538140326e-18,-6.470623288494477e-18
3.623,-1.77317755313568e-18,-6.391750942606817e-18
3.624,-1.7474080370845992e-18,-6.313836962992721e-18
3.625,-1.722005763342483e-18,-6.236869746401729e-18
3.626,-1.6969655777102034e-18,-6.160837829491807e-18
3.627,-1.6722823974401697e-18,-6.085729887150347e-18
3.628,-1.6479512102559077e-18,-6.011534730835209e-18
3.629,-1.6239670733849784e-18,-5.938241306935575e-18
3.63,-1.6003251126050493e-18,-5.865838695152352e-18
3.631,-1.5770205213029474e-18,-5.794316106897918e-18
3.632,-1.554048559546511e-18,-5.7236628837149725e-18
3.633,-1.5314045531690759e-18,-5.653868495714262e-18
3.634,-1.509083892866418e-18,-5.5849225400309585e-18
3.635,-1.4870820333059897e-18,-5.5168147392994715e-18
3.636,-1.4653944922482783e-18,-5.4495349401464785e-18
3.637,-1.44401684968013e-18,-5.383073111701943e-18
3.638,-1.4229447469598705e-18,-5.317419344127926e-18
3.639,-1.4021738859740682e-18,-5.2525638471649665e-18
3.64,-1.3817000283057787e-18,-5.188496948695825e-18
3.641,-1.3615189944141193e-18,-5.1252090933263894e-18
3.642,-1.3416266628250168e-18,-5.06269084098353e-18
3.643,-1.322018969332981e-18,-5.000932865529713e-18
3.644,-1.302691906213751e-18,-4.939925953394168e-18
3.645,-1.2836415214476707e-18,-4.879661002220406e-18
3.646,-1.2648639179536471e-18,-4.820129019529914e-18
3.647,-1.2463552528335484e-18,-4.7613211214018076e-18
3.648,-1.2281117366268997e-18,-4.703228531168274e-18
3.649,-1.2101296325757398e-18,-4.645842578125609e-18
3.65,-1.1924052558994982e-18,-4.589154696260658e-18
3.651,-1.1749349730797598e-18,-4.533156422992487e-18
3.652,-1.1577152011547811e-18,-4.477839397929102e-18
3.653,-1.1407424070236281e-18,-4.423195361639024e-18
3.654,-1.1240131067598047e-18,-4.369216154437567e-18
3.655,-1.1075238649342423e-18,-4.315893715187623e-18
3.656,-1.0912712939475257e-18,-4.2632200801147884e-18
3.657,-1.075252053371229e-18,-4.21118738163667e-18
3.658,-1.0594628492982392e-18,-4.159787847206186e-18
3.659,-1.043900433701945e-18,-4.109013798168712e-18
3.66,-1.0285616038041704e-18,-4.058857648632895e-18
3.661,-1.0134432014517365e-18,-4.009311904354976e-18
3.662,-9.98542112501533e-19,-3.960369161636467e-18
3.663,-9.838552662139848e-19,-3.912022106235016e-18
3.664,-9.693796346548e-19,-3.8642635122883024e-18
3.665,-9.551122321048866e-19,-3.817086241250821e-18
3.666,-9.410501144783285e-19,-3.770483240843377e-18
3.667,-9.271903787483104e-19,-3.724447544015169e-18
3.668,-9.135301623808844e-19,-3.678972267918286e-18
3.669,-9.00066642776472e-19,-3.634050612894491e-18
3.67,-8.86797036718997e-19,-3.589675861474122e-18
3.671,-8.737185998325449e-19,-3.5458413773869934e-18
3.672,-8.608286260454478e-19,-3.502540604585131e-18
3.673,-8.481244470616947e-19,-3.459767066277213e-18
3.674,-8.356034318395651e-19,-3.4175143639745748e-18
3.675,-8.232629860773919e-19,-3.3757761765486375e-18
3.676,-8.111005517063533e-19,-3.3345462592996266e-18
3.677,-7.991136063902014e-19,-3.293818443036448e-18
3.678,-7.872996630318308e-19,-3.2535866331675815e-18
3.679,-7.756562692865966e-19,-3.2138448088028705e-18
3.68,-7.641810070822888e-19,-3.1745870218660686e-18
3.681,-7.528714921456736e-19,-3.135807396218022e-18
3.682,-7.417253735355118e-19,-3.097500126790359e-18
3.683,-7.307403331819678e-19,-3.0596594787295553e-18
3.684,-7.199140854323205e-19,-3.0222797865512645e-18
3.685,-7.092443766028919e-19,-2.985355453304778e-18
3.686,-6.987289845371094e-19,-2.9488809497475044e-18
3.687,-6.883657181696169e-19,-2.9128508135293367e-18
3.688,-6.781524170963542e-19,-2.8772596483868065e-18
3.689,-6.680869511505228e-19,-2.8421021233468904e-18
3.69,-6.581672199843586e-19,-2.8073729719403677e-18
3.691,-6.483911526566322e-19,-2.7730669914246057e-18
3.692,-6.387567072257992e-19,-2.7391790420156692e-18
3.693,-6.292618703487247e-19,-2.7057040461296315e-18
3.694,-6.199046568849042e-19,-2.672636987632992e-18
3.695,-6.1068310950610825e-19,-2.6399729111020766e-18
3.696,-6.015952983113762e-19,-2.6077069210913238e-18
3.697,-5.926393204472865e-19,-2.5758341814103493e-18
3.698,-5.838132997334318e-19,-2.5443499144096798e-18
3.699,-5.751153862930286e-19,-2.513249400275056e-18
3.7,-5.665437561885911e-19,-2.4825279763302034e-18
3.701,-5.580966110625999e-19,-2.452181036347968e-18
3.702,-5.497721777830994e-19,-2.4222040298697164e-18
3.703,-5.415687080941558e-19,-2.392592461532904e-18
3.704,-5.334844782711081e-19,-2.363341890406714e-18
3.705,-5.255177887805507e-19,-2.3344479293356653e-18
3.706,-5.176669639449793e-19,-2.305906244291104e-18
3.707,-5.099303516120392e-19,-2.2777125537304744e-18
3.708,-5.023063228283123e-19,-2.249862627964285e-18
3.709,-4.947932715175816e-19,-2.222352288530668e-18
3.71,-4.873896141635115e-19,-2.1951774075774557e-18
3.711,-4.80093789496685e-19,-2.1683339072516672e-18
3.712,-4.729042581859375e-19,-2.1418177590963326e-18
3.713,-4.658195025339291e-19,-2.1156249834545537e-18
3.714,-4.588380261768972e-19,-2.0897516488807264e-18
3.715,-4.519583537885343e-19,-2.0641938715588303e-18
3.716,-4.451790307879322e-19,-2.0389478147277065e-18
3.717,-4.384986230515388e-19,-2.0140096881132365e-18
3.718,-4.319157166290732e-19,-1.9893757473673453e-18
3.719,-4.254289174633442e-19,-1.965042293513738e-18
3.72,-4.190368511139193e-19,-1.9410056724002988e-18
3.721,-4.1273816248459214e-19,-1.917262274158069e-18
3.722,-4.065315155545963e-19,-1.893808532666722e-18
3.723,-4.0041559311351463e-19,-1.8706409250264638e-18
3.724,-3.9438909649983327e-19,-1.8477559710362787e-18
3.725,-3.8845074534309144e-19,-1.8251502326784435e-18
3.726,-3.8259927730957757e-19,-1.8028203136092397e-18
3.727,-3.768334478515231e-19,-1.7807628586557827e-18
3.728,-3.7115202995974727e-19,-1.7589745533189023e-18
3.729,-3.6555381391970443e-19,-1.737452123281996e-18
3.73,-3.6003760707088917e-19,-1.7161923339257897e-18
3.731,-3.546022335695517e-19,-1.6951919898489266e-18
3.732,-3.4924653415468003e-19,-1.6744479343943248e-18
3.733,-3.439693659172031e-19,-1.6539570491812277e-18
3.734,-3.3876960207237127e-19,-1.6337162536428793e-18
3.735,-3.336461317352717e-19,-1.6137225045697621e-18
3.736,-3.2859785969943425e-19,-1.5939727956583253e-18
3.737,-3.2362370621848724e-19,-1.5744641570651404e-18
3.738,-3.187226067908205e-19,-1.5551936549664205e-18
3.739,-3.1389351194721503e-19,-1.5361583911228355e-18
3.74,-3.0913538704139874e-19,-1.517355502449564e-18
3.741,-3.0444721204348833e-19,-1.4987821605915146e-18
3.742,-2.9982798133627796e-19,-1.4804355715036602e-18
3.743,-2.9527670351433556e-19,-1.4623129750364188e-18
3.744,-2.9079240118586892e-19,-1.444411644526024e-18
3.745,-2.8637411077732306e-19,-1.4267288863898242e-18
3.746,-2.8202088234067263e-19,-1.4092620397264504e-18
3.747,-2.7773177936337117e-19,-1.3920084759207979e-18
3.748,-2.7350587858092204e-19,-1.3749655982537583e-18
3.749,-2.6934226979203474e-19,-1.3581308415166524e-18
3.75,-2.6524005567633144e-19,-1.3415016716303e-18
3.751,-2.611983516145684e-19,-1.3250755852686784e-18
3.752,-2.572162855113388e-19,-1.3088501094871076e-18
3.753,-2.5329299762022214e-19,-1.292822801354914e-18
3.754,-2.4942764037134743e-19,-1.2769912475925152e-18
3.755,-2.4561937820133674e-19,-1.261353064212875e-18
3.756,-2.4186738738559695e-19,-1.2459058961672746e-18
3.757,-2.38170855872927e-19,-1.2306474169953485e-18
3.758,-2.345289831224097e-19,-1.215575328479337e-18
3.759,-2.309409799425564e-19,-1.2006873603024993e-18
3.76,-2.2740606833267375e-19,-1.1859812697116434e-18
3.761,-2.23923481326422e-19,-1.1714548411837172e-18
3.762,-2.204924628375355e-19,-1.1571058860964187e-18
3.763,-2.171122675076749e-19,-1.1429322424027716e-18
3.764,-2.137821605563826e-19,-1.128931774309622e-18
3.765,-2.105014176331124e-19,-1.1151023719600072e-18
3.766,-2.0726932467130467e-19,-1.1014419511193527e-18
3.767,-2.0408517774447965e-19,-1.0879484528654485e-18
3.768,-2.0094828292432068e-19,-1.074619843282162e-18
3.769,-1.978579561407205e-19,-1.061454113156841e-18
3.77,-1.948135230437634e-19,-1.0484492776813624e-18
3.771,-1.9181431886761703e-19,-1.0356033761567848e-18
3.772,-1.8885968829630746e-19,-1.022914471701561e-18
3.773,-1.8594898533135183e-19,-1.010380650963265e-18
3.774,-1.8308157316122307e-19,-9.980000238337958e-19
3.775,-1.802568240326216e-19,-9.857707231680128e-19
3.776,-1.7747411912352928e-19,-9.736909045057643e-19
3.777,-1.7473284841802114e-19,-9.617587457972654e-19
3.778,-1.7203241058281077e-19,-9.499724471317875e-19
3.779,-1.6937221284550562e-19,-9.383302304696197e-19
3.78,-1.6675167087454895e-19,-9.26830339377261e-19
3.781,-1.641702086608248e-19,-9.154710387658049e-19
3.782,-1.616272584009039e-19,-9.042506146324816e-19
3.783,-1.591222603819072e-19,-8.931673738053134e-19
3.784,-1.5665466286796569e-19,-8.822196436908534e-19
3.785,-1.5422392198825365e-19,-8.714057720249625e-19
3.786,-1.5182950162657469e-19,-8.607241266265963e-19
3.787,-1.494708733124786e-19,-8.501730951545598e-19
3.788,-1.471475161138883e-19,-8.397510848671968e-19
3.789,-1.4485891653121604e-19,-8.29456522384978e-19
3.79,-1.4260456839294848e-19,-8.192878534559541e-19
3.791,-1.4038397275268056e-19,-8.092435427240381e-19
3.792,-1.3819663778757794e-19,-7.993220735000835e-19
3.793,-1.3604207869824882e-19,-7.895219475357249e-19
3.794,-1.3391981761000547e-19,-7.79841684799948e-19
3.795,-1.3182938347549658e-19,-7.702798232583544e-19
3.796,-1.297703119786913e-19,-7.60834918655093e-19
3.797,-1.2774214544019692e-19,-7.515055442974204e-19
3.798,-1.2574443272389117e-19,-7.422902908428638e-19
3.799,-1.2377672914485185e-19,-7.331877660889514e-19
3.8,-1.218385963785652e-19,-7.241965947654823e-19
3.801,-1.1992960237139593e-19,-7.153154183293031e-19
3.802,-1.1804932125230155e-19,-7.065428947615623e-19
3.803,-1.1619733324577355e-19,-6.978776983674129e-19
3.804,-1.143732245859888e-19,-6.893185195781325e-19
3.805,-1.1257658743215468e-19,-6.808640647556337e-19
3.806,-1.1080701978503113e-19,-6.725130559993344e-19
3.807,-1.090641254046137e-19,-6.642642309553602e-19
3.808,-1.0734751372896164e-19,-6.561163426280517e-19
3.809,-1.0565679979415498e-19,-6.480681591937474e-19
3.81,-1.0399160415536559e-19,-6.401184638168158e-19
3.811,-1.0235155280902625e-19,-6.322660544679109e-19
3.812,-1.0073627711608318e-19,-6.245097437444204e-19
3.813,-9.914541372631676e-20,-6.168483586930856e-19
3.814,-9.757860450371583e-20,-6.092807406347621e-19
3.815,-9.603549645289107e-20,-6.018057449912988e-19
3.816,-9.451574164651331e-20,-5.944222411145077e-19
3.817,-9.301899715376224e-20,-5.871291121172007e-19
3.818,-9.154492496977204e-20,-5.799252547062679e-19
3.819,-9.009319194605999e-20,-5.728095790177725e-19
3.82,-8.86634697219244e-20,-5.657810084540391e-19
3.821,-8.725543465679884e-20,-5.588384795227102e-19
3.822,-8.586876776354913e-20,-5.519809416777482e-19
3.823,-8.450315464270026e-20,-5.452073571623589e-19
3.824,-8.315828541758052e-20,-5.385167008538138e-19
3.825,-8.183385467036991e-20,-5.319079601101477e-19
3.826,-8.052956137904072e-20,-5.253801346187098e-19
3.827,-7.92451088551776e-20,-5.189322362465455e-19
3.828,-7.798020468266532e-20,-5.12563288892587e-19
3.829,-7.673456065723198e-20,-5.062723283416315e-19
3.83,-7.55078927268361e-20,-5.000584021200835e-19
3.831,-7.429992093288572e-20,-4.939205693534427e-19
3.832,-7.311036935227828e-20,-4.87857900625515e-19
3.833,-7.193896604024962e-20,-4.818694778393253e-19
3.834,-7.078544297402133e-20,-4.759543940797131e-19
3.835,-6.964953599723505e-20,-4.70111753477589e-19
3.836,-6.853098476516311e-20,-4.643406710758343e-19
3.837,-6.742953269068469e-20,-4.58640272696821e-19
3.838,-6.634492689101687e-20,-4.530096948115354e-19
3.839,-6.52769181351903e-20,-4.474480844102844e-19
3.84,-6.422526079225905e-20,-4.4195459887496565e-19
3.841,-6.318971278023456e-20,-4.3652840585288345e-19
3.842,-6.21700355157337e-20,-4.311686831320913e-19
3.843,-6.116599386433102e-20,-4.258746185182417e-19
3.844,-6.017735609160548e-20,-4.206454097129273e-19
3.845,-5.920389381487212e-20,-4.1548026419349335e-19
3.846,-5.824538195558901e-20,-4.103783990943047e-19
3.847,-5.730159869243042e-20,-4.0533904108944963e-19
3.848,-5.63723254150168e-20,-4.0036142627686343e-19
3.849,-5.54573466782924e-20,-3.95444800063854e-19
3.85,-5.455645015754191e-20,-3.9058841705401333e-19
3.851,-5.36694266040369e-20,-3.8579154093549745e-19
3.852,-5.2796069801303647e-20,-3.81053444370659e-19
3.853,-5.1936176522003474e-20,-3.7637340888701584e-19
3.854,-5.108954648541736e-20,-3.717507247695389e-19
3.855,-5.025598231552633e-20,-3.671846909542453e-19
3.856,-4.943528949967942e-20,-3.6267461492307834e-19
3.857,-4.862727634784098e-20,-3.5821981260006116e-19
3.858,-4.783175395240953e-20,-3.5381960824870744e-19
3.859,-4.704853614859989e-20,-3.4947333437067453e-19
3.86,-4.6277439475381214e-20,-3.4518033160564353e-19
3.861,-4.5518283136962767e-20,-3.409399486324121e-19
3.862,-4.4770888964820265e-20,-3.367515420711848e-19
3.863,-4.403508138025502e-20,-3.326144763870474e-19
3.864,-4.331068735747859e-20,-3.285281237946095e-19
3.865,-4.2597536387215647e-20,-3.2449186416380255e-19
3.866,-4.189546044081792e-20,-3.205050849268194e-19
3.867,-4.1204293934882026e-20,-3.1656718098617997e-19
3.868,-4.052387369636429e-20,-3.12677554623912e-19
3.869,-3.9854038928185605e-20,-3.08835615411831e-19
3.87,-3.919463117531957e-20,-3.0504078012290765e-19
3.871,-3.8545494291357207e-20,-3.012924726437092e-19
3.872,-3.7906474405541534e-20,-2.9759012388790143e-19
3.873,-3.727741989026567e-20,-2.939331717107988e-19
3.874,-3.6658181329027843e-20,-2.903210608249505e-19
3.875,-3.604861148483707e-20,-2.867532427167486e-19
3.876,-3.544856526906325e-20,-2.832291755640478e-19
3.877,-3.485789971072539e-20,-2.797483241547828e-19
3.878,-3.4276473926212037e-20,-2.763101598065725e-19
3.879,-3.37041490894278e-20,-2.729141602872984e-19
3.88,-3.314078840236004e-20,-2.6955980973664603e-19
3.881,-3.258625706606001e-20,-2.6624659858859686e-19
3.882,-3.204042225203248e-20,-2.6297402349486043e-19
3.883,-3.15031530740284e-20,-2.5974158724923433e-19
3.884,-3.0974320560234794e-20,-2.5654879871288127e-19
3.885,-3.0453797625856523e-20,-2.5339517274051225e-19
3.886,-2.994145904608432e-20,-2.502802301074647e-19
3.887,-2.9437181429443885e-20,-2.4720349743766446e-19
3.888,-2.894084319152057e-20,-2.4416450713246196e-19
3.889,-2.8452324529054595e-20,-2.411627973003309e-19
3.89,-2.7971507394401485e-20,-2.3819791168741934e-19
3.891,-2.749827547035275e-20,-2.3526939960894368e-19
3.892,-2.703251414531178e-20,-2.3237681588141406e-19
3.893,-2.6574110488819925e-20,-2.2951972075568214e-19
3.894,-2.6122953227428042e-20,-2.2669767985080074e-19
3.895,-2.5678932720908514e-20,-2.239102640886861e-19
3.896,-2.524194093880316e-20,-2.2115704962957245e-19
3.897,-2.4811871437302246e-20,-2.184376178082495e-19
3.898,-2.4388619336450034e-20,-2.1575155507107378e-19
3.899,-2.3972081297672333e-20,-2.13098452913744e-19
3.9,-2.3562155501621506e-20,-2.1047790781983133e-19
3.901,-2.3158741626334582e-20,-2.0788952120005557e-19
3.902,-2.2761740825700034e-20,-2.0533289933229826e-19
3.903,-2.2371055708228973e-20,-2.0280765330234338e-19
3.904,-2.1986590316126506e-20,-2.003133989453375e-19
3.905,-2.1608250104659047e-20,-1.978497567879602e-19
3.906,-2.1235941921813457e-20,-1.954163519912962e-19
3.907,-2.0869573988243972e-20,-1.9301281429440121e-19
3.908,-2.0509055877502872e-20,-1.9063877795855225e-19
3.909,-2.0154298496550942e-20,-1.8829388171217496e-19
3.91,-1.980521406654381e-20,-1.8597776869643945e-19
3.911,-1.9461716103890344e-20,-1.8369008641151623e-19
3.912,-1.9123719401579252e-20,-1.81430486663485e-19
3.913,-1.8791140010770203e-20,-1.7919862551188762e-19
3.914,-1.8463895222645713e-20,-1.76994163217918e-19
3.915,-1.8141903550520222e-20,-1.748167641932409e-19
3.916,-1.7825084712202683e-20,-1.7266609694943238e-19
3.917,-1.751335961260921e-20,-1.7054183404803389e-19
3.918,-1.7206650326622234e-20,-1.6844365205121298e-19
3.919,-1.6904880082192716e-20,-1.6637123147302318e-19
3.92,-1.6607973243682065e-20,-1.6432425673125573e-19
3.921,-1.6315855295440375e-20,-1.62302416099876e-19
3.922,-1.6028452825617665e-20,-1.6030540166203776e-19
3.923,-1.5745693510204912e-20,-1.583329092636677e-19
3.924,-1.54675060973016e-20,-1.563846384676144e-19
3.925,-1.519382039160667e-20,-1.544602925083534e-19
3.926,-1.4924567239129707e-20,-1.5255957824724323e-19
3.927,-1.4659678512119307e-20,-1.5068220612832454e-19
3.928,-1.439908709420556e-20,-1.4882789013465623e-19
3.929,-1.414272686575367e-20,-1.4699634774518227e-19
3.93,-1.3890532689425745e-20,-1.4518729989212232e-19
3.931,-1.364244039594786e-20,-1.434004709188801e-19
3.932,-1.3398386770079477e-20,-1.4163558853846339e-19
3.933,-1.3158309536782427e-20,-1.3989238379240892e-19
3.934,-1.2922147347586641e-20,-1.3817059101020673e-19
3.935,-1.268983976714988e-20,-1.3646994776921728e-19
3.936,-1.246132726000872e-20,-1.3479019485507602e-19
3.937,-1.2236551177518146e-20,-1.3313107622257888e-19
3.938,-1.201545374497709e-20,-1.3149233895704317e-19
3.939,-1.1797978048937303e-20,-1.2987373323613842e-19
3.94,-1.1584068024692991e-20,-1.282750122921806e-19
3.941,-1.13736684439487e-20,-1.2669593237488527e-19
3.942,-1.1166724902662907e-20,-1.25136252714573e-19
3.943,-1.0963183809064896e-20,-1.2359573548582234e-19
3.944,-1.076299237184245e-20,-1.2207414577156465e-19
3.945,-1.056609858849799e-20,-1.2057125152761526e-19
3.946,-1.0372451233870765e-20,-1.1908682354763603e-19
3.947,-1.0181999848822792e-20,-1.1762063542852387e-19
3.948,-9.994694729086231e-21,-1.1617246353622006e-19
3.949,-9.810486914269913e-21,-1.147420869719353e-19
3.95,-9.629328177022818e-21,-1.1332928753878547e-19
3.951,-9.451171012352262e-21,-1.1193384970883324e-19
3.952,-9.275968627094646e-21,-1.1055556059053022e-19
3.953,-9.103674929536604e-21,-1.0919420989655539e-19
3.954,-8.934244519184441e-21,-1.078495899120443e-19
3.955,-8.767632676679779e-21,-1.065214954632051e-19
3.956,-8.603795353859351e-21,-1.0520972388631594e-19
3.957,-8.442689163956908e-21,-1.0391407499709968e-19
3.958,-8.28427137194526e-21,-1.0263435106047104e-19
3.959,-8.128499885016451e-21,-1.013703567606518e-19
3.96,-7.975333243198138e-21,-1.0012189917164954e-19
3.961,-7.82473061010427e-21,-9.888878772809551e-20
3.962,-7.676651763818139e-21,-9.767083419643733e-20
3.963,-7.531057087905985e-21,-9.64678526464821e-20
3.964,-7.387907562559269e-21,-9.527965942328587e-20
3.965,-7.247164755863838e-21,-9.4106073119385e-20
3.966,-7.10879081519417e-21,-9.294691454736556e-20
3.967,-6.972748458730958e-21,-9.180200671276643e-20
3.968,-6.839000967100266e-21,-9.067117478731216e-20
3.969,-6.7075121751325695e-21,-8.955424608247161e-20
3.97,-6.57824646373997e-21,-8.845105002333837e-20
3.971,-6.4511687519099334e-21,-8.736141812282901e-20
3.972,-6.326244488813893e-21,-8.628518395619553e-20
3.973,-6.203439646029107e-21,-8.522218313584783e-20
3.974,-6.082720709872167e-21,-8.417225328648284e-20
3.975,-5.964054673842578e-21,-8.313523402051625e-20
3.976,-5.847409031174872e-21,-8.211096691381335e-20
3.977,-5.732751767497697e-21,-8.109929548171541e-20
3.978,-5.620051353598393e-21,-8.010006515535778e-20
3.979,-5.509276738291551e-21,-7.911312325827639e-20
3.98,-5.4003973413900995e-21,-7.813831898329908e-20
3.981,-5.293383046777446e-21,-7.717550336971824e-20
3.982,-5.1882041955792724e-21,-7.622452928074139e-20
3.983,-5.08483157943356e-21,-7.528525138121649e-20
3.984,-4.983236433857452e-21,-7.435752611562826e-20
3.985,-4.883390431709595e-21,-7.344121168636264e-20
3.986,-4.785265676746606e-21,-7.253616803223583e-20
3.987,-4.68883469727232e-21,-7.164225680728493e-20
3.988,-4.594070439878528e-21,-7.075934135981677e-20
3.989,-4.500946263275892e-21,-6.988728671171198e-20
3.99,-4.409435932213762e-21,-6.902595953798118e-20
3.991,-4.3195136114876524e-21,-6.81752281465701e-20
3.992,-4.2311538600331136e-21,-6.733496245841074e-20
3.993,-4.1443316251047905e-21,-6.650503398771557e-20
3.994,-4.059022236539455e-21,-6.568531582251172e-20
3.995,-3.975201401101824e-21,-6.487568260541235e-20
3.996,-3.8928451969119925e-21,-6.407601051462229e-20
3.997,-3.811930067953311e-21,-6.328617724517507e-20
3.998,-3.7324328186595914e-21,-6.25060619903986e-20
3.999,-3.6543306085804865e-21,-6.173554542360667e-20
4.0,-3.577600947123962e-21,-6.097450968001345e-20
