M omega,Re(tilde_Psi_4),Im(tilde_Psi_4)
-4.0,3.0360892356104532e-21,-1.2059763580257805e-19
-3.999,3.128570249654721e-21,-1.2211494239123244e-19
-3.998,3.222931834127962e-21,-1.2365131832611218e-19
-3.997,3.3192071188717724e-21,-1.2520700296543115e-19
-3.996,3.4174297755759794e-21,-1.2678223866739725e-19
-3.995,3.517634026245974e-21,-1.283772708277484e-19
-3.994,3.619854651798339e-21,-1.2999234791775707e-19
-3.993,3.724127000786675e-21,-1.3162772152270928e-19
-3.992,3.830486998259556e-21,-1.3328364638086422e-19
-3.991,3.938971154752568e-21,-1.349603804229002e-19
-3.99,4.049616575416419e-21,-1.366581848118532e-19
-3.989,4.162460969283131e-21,-1.3837732398355388e-19
-3.988,4.2775426586723626e-21,-1.4011806568756962e-19
-3.987,4.3949005887399315e-21,-1.4188068102865762e-19
-3.986,4.514574337170641e-21,-1.4366544450873549e-19
-3.985,4.636604124017547e-21,-1.454726340693758e-19
-3.984,4.7610308216898286e-21,-1.4730253113483105e-19
-3.983,4.887895965091459e-21,-1.4915542065559584e-19
-3.982,5.017241761912906e-21,-1.510315911525127e-19
-3.981,5.149111103078124e-21,-1.5293133476142847e-19
-3.98,5.28354757334913e-21,-1.5485494727840806e-19
-3.979,5.4205954620904915e-21,-1.5680272820551263e-19
-3.978,5.560299774196084e-21,-1.58774980797149e-19
-3.977,5.702706241180522e-21,-1.607720121069977e-19
-3.976,5.8478613324376845e-21,-1.6279413303552635e-19
-3.975,5.995812266668806e-21,-1.648416583780966e-19
-3.974,6.146607023482632e-21,-1.6691490687367074e-19
-3.973,6.3002943551701745e-21,-1.6901420125412664e-19
-3.972,6.45692379865665e-21,-1.711398682941878e-19
-3.971,6.6165456876332004e-21,-1.7329223886197668e-19
-3.97,6.779211164871057e-21,-1.7547164797019846e-19
-3.969,6.944972194720829e-21,-1.776784348279639e-19
-3.968,7.11388157579964e-21,-1.7991294289325856e-19
-3.967,7.285992953868901e-21,-1.821755199260666e-19
-3.966,7.461360834905489e-21,-1.8446651804215755e-19
-3.965,7.640040598369217e-21,-1.8678629376754419e-19
-3.964,7.82208851066946e-21,-1.8913520809361944e-19
-3.963,8.007561738833872e-21,-1.9151362653298168e-19
-3.962,8.196518364382182e-21,-1.9392191917595598e-19
-3.961,8.38901739740805e-21,-1.9636046074782063e-19
-3.96,8.585118790872099e-21,-1.9882963066674758e-19
-3.959,8.784883455109159e-21,-2.0132981310246553e-19
-3.958,8.988373272552931e-21,-2.0386139703565468e-19
-3.957,9.195651112681234e-21,-2.0642477631808255e-19
-3.956,9.406780847185081e-21,-2.090203497334895e-19
-3.955,9.621827365364876e-21,-2.1164852105923402e-19
-3.954,9.840856589757073e-21,-2.1430969912870658e-19
-3.953,1.0063935491994658e-20,-2.1700429789452186e-19
-3.952,1.0291132108904914e-20,-2.1973273649249936e-19
-3.951,1.0522515558847944e-20,-2.2249543930644143e-19
-3.95,1.075815605829946e-20,-2.2529283603371964e-19
-3.949,1.099812493868146e-20,-2.281253617516784e-19
-3.948,1.1242494663444403e-20,-2.3099345698486724e-19
-3.947,1.1491338845404578e-20,-2.338975677731107e-19
-3.946,1.1744732264340403e-20,-2.368381457404279e-19
-3.945,1.200275088485146e-20,-2.3981564816481025e-19
-3.944,1.226547187448411e-20,-2.428305380488702e-19
-3.943,1.2532973622127581e-20,-2.458832841913704e-19
-3.942,1.2805335756684525e-20,-2.489743612596442e-19
-3.941,1.3082639166020021e-20,-2.521042498629197e-19
-3.94,1.3364966016193136e-20,-2.5527343662655766e-19
-3.939,1.3652399770975163e-20,-2.584824142672144e-19
-3.938,1.3945025211658733e-20,-2.6173168166894237e-19
-3.937,1.4242928457162065e-20,-2.650217439602387e-19
-3.936,1.4546196984432666e-20,-2.683531125920544e-19
-3.935,1.485491964915486e-20,-2.717263054167762e-19
-3.934,1.5169186706765586e-20,-2.7514184676819205e-19
-3.933,1.5489089833783e-20,-2.7860026754245397e-19
-3.932,1.5814722149452407e-20,-2.8210210528004955e-19
-3.931,1.6146178237714198e-20,-2.8564790424879533e-19
-3.93,1.6483554169498478e-20,-2.8923821552786407e-19
-3.929,1.682694752535119e-20,-2.9287359709285956e-19
-3.928,1.7176457418396505e-20,-2.9655461390195126e-19
-3.927,1.753218451764048e-20,-3.002818379830826e-19
-3.926,1.7894231071620906e-20,-3.0405584852226534e-19
-3.925,1.8262700932408412e-20,-3.0787723195297504e-19
-3.924,1.8637699579963967e-20,-3.1174658204665945e-19
-3.923,1.9019334146857958e-20,-3.1566450000437497e-19
-3.922,1.940771344335615e-20,-3.196315945495651e-19
-3.921,1.9802947982877833e-20,-3.23648482021994e-19
-3.92,2.020515000783164e-20,-3.2771578647285108e-19
-3.919,2.0614433515834505e-20,-3.3183413976103997e-19
-3.918,2.1030914286319344e-20,-3.360041816506669e-19
-3.917,2.1454709907537162e-20,-3.402265599097437e-19
-3.916,2.1885939803959283e-20,-3.4450193041012026e-19
-3.915,2.2324725264085577e-20,-3.488309572286616e-19
-3.914,2.2771189468664578e-20,-3.5321431274968533e-19
-3.913,2.3225457519331493e-20,-3.5765267776867463e-19
-3.912,2.3687656467670173e-20,-3.621467415972836e-19
-3.911,2.4157915344705262e-20,-3.6669720216964956e-19
-3.91,2.4636365190830738e-20,-3.7130476615003013e-19
-3.909,2.5123139086181225e-20,-3.7597014904178005e-19
-3.908,2.56183721814525e-20,-3.806940752976858e-19
-3.907,2.6122201729177756e-20,-3.8547727843167323e-19
-3.906,2.6634767115466226e-20,-3.9032050113190746e-19
-3.905,2.715620989221089e-20,-3.9522449537529962e-19
-3.904,2.768667380977212e-20,-4.001900225434406e-19
-3.903,2.822630485014414e-20,-4.052178535399775e-19
-3.902,2.877525126061133e-20,-4.103087689094516e-19
-3.901,2.933366358790153e-20,-4.1546355895761625e-19
-3.9,2.990169471284348e-20,-4.206830238732521e-19
-3.899,3.0479499885535845e-20,-4.2596797385149908e-19
-3.898,3.106723676103511e-20,-4.313192292187238e-19
-3.897,3.166506543557e-20,-4.367376205589411e-19
-3.896,3.227314848329003e-20,-4.422239888418095e-19
-3.895,3.2891650993555866e-20,-4.477791855522193e-19
-3.894,3.3520740608779494e-20,-4.534040728214949e-19
-3.893,3.4160587562822094e-20,-4.590995235602282e-19
-3.892,3.481136471995769e-20,-4.64866421592767e-19
-3.891,3.547324761441085e-20,-4.707056617933766e-19
-3.89,3.614641449047671e-20,-4.766181502240951e-19
-3.889,3.68310463432318e-20,-4.826048042743057e-19
-3.888,3.7527326959844186e-20,-4.88666552802045e-19
-3.887,3.82354429614917e-20,-4.94804336277069e-19
-3.886,3.895558384589699e-20,-5.010191069257019e-19
-3.885,3.9687942030488367e-20,-5.073118288774837e-19
-3.884,4.0432712896195487e-20,-5.136834783136452e-19
-3.883,4.119009483188914e-20,-5.20135043617429e-19
-3.882,4.1960289279474364e-20,-5.266675255262812e-19
-3.881,4.2743500779646414e-20,-5.332819372859365e-19
-3.88,4.3539937018319194e-20,-5.399793048064196e-19
-3.879,4.434980887373584e-20,-5.46760666819988e-19
-3.878,4.517333046427133e-20,-5.536270750410397e-19
-3.877,4.601071919693718e-20,-5.605795943280086e-19
-3.876,4.686219581659837e-20,-5.676193028472757e-19
-3.875,4.772798445591273e-20,-5.747472922391175e-19
-3.874,4.860831268600336e-20,-5.819646677857192e-19
-3.873,4.9503411567874565e-20,-5.892725485812771e-19
-3.872,5.0413515704582144e-20,-5.966720677042167e-19
-3.871,5.133886329416889e-20,-6.041643723915532e-19
-3.87,5.227969618337636e-20,-6.11750624215419e-19
-3.869,5.3236259922144164e-20,-6.194319992617875e-19
-3.868,5.420880381890812e-20,-6.272096883114191e-19
-3.867,5.519758099670883e-20,-6.35084897023057e-19
-3.866,5.620284845012238e-20,-6.430588461189007e-19
-3.865,5.722486710302504e-20,-6.511327715723858e-19
-3.864,5.826390186720403e-20,-6.593079247982993e-19
-3.863,5.932022170182643e-20,-6.675855728452567e-19
-3.862,6.039409967377892e-20,-6.759669985905736e-19
-3.861,6.148581301889053e-20,-6.844535009375593e-19
-3.86,6.259564320405148e-20,-6.93046395015263e-19
-3.859,6.372387599024079e-20,-7.01747012380703e-19
-3.858,6.487080149647599e-20,-7.1055670122360965e-19
-3.857,6.603671426469801e-20,-7.194768265737135e-19
-3.856,6.722191332560488e-20,-7.285087705106093e-19
-3.855,6.842670226544792e-20,-7.376539323762288e-19
-3.854,6.965138929380415e-20,-7.469137289899545e-19
-3.853,7.089628731233926e-20,-7.562895948664057e-19
-3.852,7.216171398457502e-20,-7.657829824359328e-19
-3.851,7.344799180667609e-20,-7.753953622678496e-19
-3.85,7.47554481792704e-20,-7.851282232964413e-19
-3.849,7.608441548031852e-20,-7.949830730497802e-19
-3.848,7.743523113904653e-20,-8.049614378813839e-19
-3.847,7.880823771095838e-20,-8.150648632047533e-19
-3.846,8.020378295394259e-20,-8.252949137308229e-19
-3.845,8.162221990548966e-20,-8.356531737083629e-19
-3.844,8.306390696103568e-20,-8.461412471673664e-19
-3.843,8.452920795344874e-20,-8.5676075816546065e-19
-3.842,8.601849223367427e-20,-8.675133510373803e-19
-3.841,8.753213475255616e-20,-8.784006906475385e-19
-3.84,8.907051614385059e-20,-8.894244626457352e-19
-3.839,9.063402280844957e-20,-9.005863737260424e-19
-3.838,9.222304699983177e-20,-9.118881518889048e-19
-3.837,9.383798691075806e-20,-9.233315467064945e-19
-3.836,9.547924676122996e-20,-9.349183295913634e-19
-3.835,9.714723688772884e-20,-9.466502940684298e-19
-3.834,9.884237383375443e-20,-9.585292560503443e-19
-3.833,1.0056508044168136e-19,-9.705570541162738e-19
-3.832,1.0231578594595257e-19,-9.827355497941485e-19
-3.831,1.0409492606762869e-19,-9.950666278464138e-19
-3.83,1.0590294311031324e-19,-1.0075521965593278e-18
-3.829,1.0774028605747293e-19,-1.0201941880358538e-18
-3.828,1.096074106711734e-19,-1.032994558492187e-18
-3.827,1.1150477959225074e-19,-1.0459552885579637e-18
-3.826,1.1343286244193905e-19,-1.059078383580197e-18
-3.825,1.153921359249755e-19,-1.0723658739309855e-18
-3.824,1.1738308393420341e-19,-1.0858198153190417e-18
-3.823,1.1940619765669562e-19,-1.0994422891050876e-18
-3.822,1.214619756814191e-19,-1.1132354026211648e-18
-3.821,1.2355092410846368e-19,-1.1272012894939081e-18
-3.82,1.256735566598569e-19,-1.1413421099718308e-18
-3.819,1.278303947919877e-19,-1.155660051256673e-18
-3.818,1.3002196780966234e-19,-1.1701573278388605e-18
-3.817,1.3224881298181554e-19,-1.184836181837128e-18
-3.816,1.345114756589009e-19,-1.199698883342356e-18
-3.815,1.3681050939198452e-19,-1.2147477307656746e-18
-3.814,1.391464760535661e-19,-1.2299850511908863e-18
-3.813,1.415199459601526e-19,-1.2454132007312615e-18
-3.812,1.4393149799660912e-19,-1.2610345648907624e-18
-3.811,1.4638171974231303e-19,-1.2768515589297451e-18
-3.81,1.4887120759913636e-19,-1.2928666282352023e-18
-3.809,1.5140056692128362e-19,-1.3090822486955966e-18
-3.808,1.5397041214701073e-19,-1.3255009270803442e-18
-3.807,1.5658136693225252e-19,-1.3421252014240071e-18
-3.806,1.5923406428618576e-19,-1.3589576414152488e-18
-3.805,1.6192914670875598e-19,-1.3760008487906153e-18
-3.804,1.646672663301953e-19,-1.3932574577332012e-18
-3.803,1.6744908505256066e-19,-1.4107301352762578e-18
-3.802,1.7027527469332072e-19,-1.4284215817118095e-18
-3.801,1.7314651713102097e-19,-1.4463345310043343e-18
-3.8,1.7606350445305686e-19,-1.4644717512095775e-18
-3.799,1.7902693910558483e-19,-1.4828360448985564e-18
-3.798,1.8203753404560207e-19,-1.5014302495868237e-18
-3.797,1.850960128952257e-19,-1.5202572381690528e-18
-3.796,1.8820311009820327e-19,-1.5393199193590116e-18
-3.795,1.913595710786859e-19,-1.5586212381349906e-18
-3.794,1.9456615240229686e-19,-1.5781641761907543e-18
-3.793,1.9782362193952807e-19,-1.5979517523920818e-18
-3.792,2.01132759031498e-19,-1.6179870232389667e-18
-3.791,2.0449435465810445e-19,-1.6382730833335484e-18
-3.79,2.0790921160860674e-19,-1.65881306585384e-18
-3.789,2.1137814465467163e-19,-1.6796101430333318e-18
-3.788,2.1490198072591834e-19,-1.7006675266465356e-18
-3.787,2.1848155908799837e-19,-1.7219884685005495e-18
-3.786,2.2211773152324625e-19,-1.7435762609327117e-18
-3.785,2.258113625139378e-19,-1.765434237314425e-18
-3.784,2.295633294281935e-19,-1.787565772561221e-18
-3.783,2.3337452270856373e-19,-1.8099742836491472e-18
-3.782,2.372458460633357e-19,-1.8326632301375514e-18
-3.781,2.4117821666059944e-19,-1.8556361146983443e-18
-3.78,2.451725653251127e-19,-1.878896483651818e-18
-3.779,2.4922983673800522e-19,-1.9024479275091036e-18
-3.778,2.533509896393618e-19,-1.926294081521351e-18
-3.777,2.5753699703372615e-19,-1.9504386262357073e-18
-3.776,2.617888463985665e-19,-1.9748852880581877e-18
-3.775,2.661075398957457e-19,-1.9996378398235135e-18
-3.774,2.7049409458603817e-19,-2.0247001013720114e-18
-3.773,2.7494954264673736e-19,-2.0500759401336584e-18
-3.772,2.794749315923976e-19,-2.0757692717193577e-18
-3.771,2.840713244987554e-19,-2.1017840605195378e-18
-3.77,2.887398002298746e-19,-2.1281243203101675e-18
-3.769,2.934814536685623e-19,-2.1547941148662707e-18
-3.768,2.9829739595010157e-19,-2.181797558583043e-18
-3.767,3.0318875469934813e-19,-2.209138817104654e-18
-3.766,3.0815667427123907e-19,-2.2368221079608403e-18
-3.765,3.1320231599476217e-19,-2.264851701211376e-18
-3.764,3.1832685842043486e-19,-2.2932319200985253e-18
-3.763,3.2353149757134325e-19,-2.3219671417075687e-18
-3.762,3.2881744719779095e-19,-2.351061797635509e-18
-3.761,3.3418593903561044e-19,-2.3805203746680545e-18
-3.76,3.396382230681873e-19,-2.4103474154649806e-18
-3.759,3.45175567792252e-19,-2.440547519253976e-18
-3.758,3.507992604874911e-19,-2.4711253425330736e-18
-3.757,3.5651060749003356e-19,-2.5020855997817803e-18
-3.756,3.623109344698663e-19,-2.5334330641810014e-18
-3.755,3.6820158671223525e-19,-2.565172568341878e-18
-3.754,3.741839294030886e-19,-2.597309005043643e-18
-3.753,3.8025934791861953e-19,-2.6298473279806046e-18
-3.752,3.864292481189666e-19,-2.662792552518376e-18
-3.751,3.926950566461313e-19,-2.6961497564594587e-18
-3.75,3.99058221226172e-19,-2.7299240808183008e-18
-3.749,4.0552021097573565e-19,-2.764120730605939e-18
-3.748,4.120825167129885e-19,-2.7987449756243532e-18
-3.747,4.187466512730082e-19,-2.8338021512706434e-18
-3.746,4.255141498277015e-19,-2.869297659351154e-18
-3.745,4.323865702103101e-19,-2.90523696890567e-18
-3.744,4.393654932445715e-19,-2.9416256170418085e-18
-3.743,4.464525230786003e-19,-2.9784692097797218e-18
-3.742,4.536492875235562e-19,-3.0157734229072596e-18
-3.741,4.609574383971679e-19,-3.053544002845694e-18
-3.74,4.68378651872181e-19,-3.0917867675261608e-18
-3.739,4.759146288297996e-19,-3.1305076072769285e-18
-3.738,4.835670952181936e-19,-3.1697124857216467e-18
-3.737,4.913378024161415e-19,-3.2094074406886946e-18
-3.736,4.992285276018836e-19,-3.2495985851317754e-18
-3.735,5.072410741272587e-19,-3.2902921080618894e-18
-3.734,5.153772718971986e-19,-3.3314942754908307e-18
-3.733,5.23638977754657e-19,-3.373211431386346e-18
-3.732,5.320280758710499e-19,-3.4154499986390988e-18
-3.731,5.405464781422857e-19,-3.4582164800415882e-18
-3.73,5.49196124590463e-19,-3.501517459279165e-18
-3.729,5.579789837713181e-19,-3.5453596019332945e-18
-3.728,5.66897053187503e-19,-3.5897496564972215e-18
-3.727,5.759523597077757e-19,-3.634694455404186e-18
-3.726,5.851469599921882e-19,-3.680200916068341e-18
-3.725,5.944829409233549e-19,-3.726276041938533e-18
-3.724,6.039624200438899e-19,-3.772926923565113e-18
-3.723,6.135875460000995e-19,-3.82016073967991e-18
-3.722,6.233604989920169e-19,-3.867984758289565e-18
-3.721,6.332834912298726e-19,-3.9164063377823575e-18
-3.72,6.433587673970872e-19,-3.965432928048718e-18
-3.719,6.535886051198828e-19,-4.015072071615568e-18
-3.718,6.639753154436035e-19,-4.065331404794686e-18
-3.717,6.745212433158428e-19,-4.116218658845243e-18
-3.716,6.852287680764715e-19,-4.167741661150709e-18
-3.715,6.961003039546659e-19,-4.219908336410285e-18
-3.714,7.071383005730337e-19,-4.27272670784505e-18
-3.713,7.183452434589391e-19,-4.3262048984190076e-18
-3.712,7.297236545631285e-19,-4.3803511320752076e-18
-3.711,7.4127609278576e-19,-4.4351737349871236e-18
-3.71,7.53005154509941e-19,-4.490681136825492e-18
-3.709,7.649134741428809e-19,-4.5468818720407865e-18
-3.708,7.770037246647659e-19,-4.603784581161522e-18
-3.707,7.892786181854654e-19,-4.6613980121085896e-18
-3.706,8.017409065091799e-19,-4.719731021525817e-18
-3.705,8.143933817071436e-19,-4.7787925761269495e-18
-3.704,8.272388766984958e-19,-4.838591754059259e-18
-3.703,8.40280265839434e-19,-4.899137746283977e-18
-3.702,8.535204655207692e-19,-4.960439857973774e-18
-3.701,8.669624347739996e-19,-5.0225075099274735e-18
-3.7,8.806091758860238e-19,-5.085350240002236e-18
-3.699,8.944637350226151e-19,-5.148977704563401e-18
-3.698,9.085292028607817e-19,-5.213399679952232e-18
-3.697,9.228087152301374e-19,-5.2786260639717586e-18
-3.696,9.373054537634087e-19,-5.344666877390961e-18
-3.695,9.520226465562102e-19,-5.411532265467501e-18
-3.694,9.669635688362174e-19,-5.4792324994892445e-18
-3.693,9.821315436418687e-19,-5.547777978334794e-18
-3.692,9.975299425107322e-19,-5.617179230053275e-18
-3.691,1.0131621861776742e-18,-5.687446913463601e-18
-3.69,1.0290317452829667e-18,-5.758591819773468e-18
-3.689,1.045142141090473e-18,-5.830624874218314e-18
-3.688,1.0614969462160569e-18,-5.903557137720485e-18
-3.687,1.0780997853663552e-18,-5.977399808568867e-18
-3.686,1.094954336088065e-18,-6.052164224119226e-18
-3.685,1.112064329527888e-18,-6.127861862515511e-18
-3.684,1.1294335512032867e-18,-6.204504344432379e-18
-3.683,1.1470658417842042e-18,-6.28210343483921e-18
-3.682,1.1649650978858985e-18,-6.360671044785853e-18
-3.681,1.1831352728730535e-18,-6.4402192332103984e-18
-3.68,1.2015803776753208e-18,-6.520760208769229e-18
-3.679,1.2203044816144565e-18,-6.602306331689625e-18
-3.678,1.2393117132432142e-18,-6.684870115645202e-18
-3.677,1.2586062611961617e-18,-6.768464229654466e-18
-3.676,1.2781923750525876e-18,-6.853101500002763e-18
-3.675,1.2980743662116699e-18,-6.938794912187906e-18
-3.674,1.3182566087800768e-18,-7.025557612889788e-18
-3.673,1.3387435404721773e-18,-7.113402911964253e-18
-3.672,1.3595396635230382e-18,-7.202344284461534e-18
-3.671,1.3806495456143863e-18,-7.292395372669563e-18
-3.67,1.4020778208137201e-18,-7.383569988182447e-18
-3.669,1.423829190526756e-18,-7.475882113994419e-18
-3.668,1.4459084244633937e-18,-7.5693459066196e-18
-3.667,1.4683203616173957e-18,-7.663975698237854e-18
-3.666,1.4910699112599709e-18,-7.759785998867068e-18
-3.665,1.514162053947457e-18,-7.856791498562201e-18
-3.664,1.5376018425433034e-18,-7.955007069641398e-18
-3.663,1.5613944032545535e-18,-8.054447768939526e-18
-3.662,1.5855449366830295e-18,-8.155128840089456e-18
-3.661,1.6100587188914286e-18,-8.257065715831424e-18
-3.66,1.6349411024845402e-18,-8.360274020350838e-18
-3.659,1.6601975177057932e-18,-8.464769571644862e-18
-3.658,1.6858334735493547e-18,-8.570568383918118e-18
-3.657,1.7118545588879932e-18,-8.677686670007905e-18
-3.656,1.738266443616931e-18,-8.786140843839243e-18
-3.655,1.7650748798139105e-18,-8.895947522910149e-18
-3.654,1.7922857029157007e-18,-9.007123530807498e-18
-3.653,1.819904832911274e-18,-9.119685899753836e-18
-3.652,1.8479382755518948e-18,-9.233651873185549e-18
-3.651,1.8763921235783437e-18,-9.349038908362737e-18
-3.65,1.9052725579655345e-18,-9.465864679011219e-18
-3.649,1.9345858491847536e-18,-9.58414707799703e-18
-3.648,1.9643383584837794e-18,-9.703904220033828e-18
-3.647,1.9945365391851274e-18,-9.82515444442361e-18
-3.646,2.0251869380026784e-18,-9.947916317831123e-18
-3.645,2.0562961963769445e-18,-1.0072208637092435e-17
-3.644,2.08787105182924e-18,-1.0198050432058019e-17
-3.643,2.1199183393350167e-18,-1.0325460968470814e-17
-3.642,2.152444992716635e-18,-1.0454459750879688e-17
-3.641,2.185458046055846e-18,-1.058506652558872e-17
-3.64,2.2189646351262573e-18,-1.0717301283642749e-17
-3.639,2.2529719988460645e-18,-1.0851184263849635e-17
-3.638,2.287487480751333e-18,-1.0986735955839672e-17
-3.637,2.32251853049012e-18,-1.112397710316263e-17
-3.636,2.358072705337723e-18,-1.126292870642284e-17
-3.635,2.394157671733359e-18,-1.1403612026452856e-17
-3.634,2.430781206838571e-18,-1.1546048587526094e-17
-3.633,2.4679512001176643e-18,-1.1690260180608977e-17
-3.632,2.505675654940486e-18,-1.1836268866653033e-17
-3.631,2.5439626902078588e-18,-1.1984096979927474e-17
-3.63,2.5828205419999852e-18,-1.21337671313927e-17
-3.629,2.6222575652481494e-18,-1.2285302212115284e-17
-3.628,2.662282235430034e-18,-1.2438725396724893e-17
-3.627,2.702903150288993e-18,-1.2594060146913695e-17
-3.626,2.744129031577611e-18,-1.2751330214978755e-17
-3.625,2.7859687268258865e-18,-1.2910559647407946e-17
-3.624,2.828431211134395e-18,-1.3071772788509908e-17
-3.623,2.871525588992765e-18,-1.3234994284088597e-17
-3.622,2.9152610961238395e-18,-1.3400249085162966e-17
-3.621,2.959647101353869e-18,-1.3567562451732318e-17
-3.62,3.0046931085091085e-18,-1.3736959956587921e-17
-3.619,3.0504087583391845e-18,-1.39084674891714e-17
-3.618,3.0968038304676088e-18,-1.4082111259480538e-17
-3.617,3.1438882453698166e-18,-1.4257917802022992e-17
-3.616,3.1916720663791187e-18,-1.443591397981861e-17
-3.615,3.240165501720953e-18,-1.4616126988450803e-17
-3.614,3.2893789065758376e-18,-1.4798584360167733e-17
-3.613,3.33932278517142e-18,-1.498331396803377e-17
-3.612,3.390007792904037e-18,-1.5170344030131957e-17
-3.611,3.441444738490192e-18,-1.535970311381802e-17
-3.61,3.493644586148373e-18,-1.55514201400266e-17
-3.609,3.546618457811631e-18,-1.5745524387630327e-17
-3.608,3.60037763537136e-18,-1.5942045497852378e-17
-3.607,3.6549335629526906e-18,-1.6141013478733163e-17
-3.606,3.710297849221977e-18,-1.634245870965186e-17
-3.605,3.7664822697267856e-18,-1.654641194590335e-17
-3.604,3.823498769268871e-18,-1.675290432333137e-17
-3.603,3.8813594643105866e-18,-1.6961967363018435e-17
-3.602,3.9400766454151944e-18,-1.7173632976033337e-17
-3.601,3.999662779721558e-18,-1.7387933468236834e-17
-3.6,4.060130513453692e-18,-1.7604901545146293e-17
-3.599,4.121492674465661e-18,-1.7824570316859975e-17
-3.598,4.1837622748223115e-18,-1.804697330304173e-17
-3.597,4.246952513416351e-18,-1.8272144437966762e-17
-3.596,4.311076778622271e-18,-1.8500118075629315e-17
-3.595,4.376148650987642e-18,-1.873092899491293e-17
-3.594,4.442181905962277e-18,-1.8964612404824104e-17
-3.593,4.5091905166658305e-18,-1.9201203949790098e-17
-3.592,4.5771886566943336e-18,-1.9440739715021684e-17
-3.591,4.646190702966231e-18,-1.968325623194161e-17
-3.59,4.716211238608463e-18,-1.99287904836796e-17
-3.589,4.787265055883153e-18,-2.0177379910634677e-17
-3.588,4.859367159155471e-18,-2.0429062416105662e-17
-3.587,4.93253276790324e-18,-2.0683876371990655e-17
-3.586,5.006777319768884e-18,-2.0941860624556335e-17
-3.585,5.082116473654279e-18,-2.1203054500277946e-17
-3.584,5.158566112859144e-18,-2.146749781175082e-17
-3.583,5.236142348263552e-18,-2.1735230863674318e-17
-3.582,5.314861521555178e-18,-2.2006294458909043e-17
-3.581,5.394740208501932e-18,-2.228072990460826e-17
-3.58,5.4757952222705795e-18,-2.2558579018424385e-17
-3.579,5.558043616792007e-18,-2.2839884134791492e-17
-3.578,5.64150269017379e-18,-2.3124688111284726e-17
-3.577,5.726189988160707e-18,-2.3413034335057594e-17
-3.576,5.812123307643875e-18,-2.370496672935806e-17
-3.575,5.899320700219193e-18,-2.4000529760124417e-17
-3.574,5.9878004757957664e-18,-2.4299768442661862e-17
-3.573,6.0775812062550214e-18,-2.4602728348400864e-17
-3.572,6.168681729161207e-18,-2.490945561173816e-17
-3.571,6.261121151524012e-18,-2.521999693696155e-17
-3.57,6.354918853614007e-18,-2.5534399605259367e-17
-3.569,6.4500944928316676e-18,-2.5852711481815783e-17
-3.568,6.546668007630711e-18,-2.6174981022992867e-17
-3.567,6.644659621496506e-18,-2.6501257283600537e-17
-3.566,6.744089846980328e-18,-2.6831589924255468e-17
-3.565,6.8449794897902365e-18,-2.7166029218829992e-17
-3.564,6.947349652939355e-18,-2.750462606199211e-17
-3.563,7.051221740952369e-18,-2.784743197683774e-17
-3.562,7.156617464131038e-18,-2.8194499122616297e-17
-3.561,7.26355884287955e-18,-2.8545880302550743e-17
-3.56,7.37206821209056e-18,-2.890162897175328e-17
-3.559,7.482168225592735e-18,-2.92617992452378e-17
-3.558,7.593881860660693e-18,-2.962644590603029e-17
-3.557,7.707232422588169e-18,-2.999562441337845e-17
-3.556,7.82224354932533e-18,-3.0369390911061585e-17
-3.555,7.938939216181089e-18,-3.074780223580211e-17
-3.554,8.057343740591359e-18,-3.1130915925779864e-17
-3.553,8.177481786954136e-18,-3.151879022925049e-17
-3.552,8.299378371532368e-18,-3.1911484113269086e-17
-3.551,8.423058867425529e-18,-3.2309057272520493e-17
-3.55,8.548549009610869e-18,-3.271157013825749e-17
-3.549,8.675874900055311e-18,-3.3119083887348105e-17
-3.548,8.805063012898961e-18,-3.3531660451433606e-17
-3.547,8.936140199711244e-18,-3.394936252619816e-17
-3.546,9.069133694820683e-18,-3.4372253580751926e-17
-3.545,9.204071120719305e-18,-3.480039786712854e-17
-3.544,9.340980493542774e-18,-3.523386042989878e-17
-3.543,9.479890228627244e-18,-3.5672707115901494e-17
-3.542,9.620829146144043e-18,-3.6117004584093406e-17
-3.541,9.763826476813238e-18,-3.656682031551917e-17
-3.54,9.908911867697207e-18,-3.702222262340315e-17
-3.539,1.0056115388075305e-17,-3.7483280663364385e-17
-3.538,1.0205467535400766e-17,-3.795006444375625e-17
-3.537,1.0356999241340984e-17,-3.842264483613232e-17
-3.536,1.0510741877902319e-17,-3.890109358583996e-17
-3.535,1.0666727263640619e-17,-3.9385483322743206e-17
-3.534,1.0824987669958646e-17,-3.9875887572076484e-17
-3.533,1.0985555827491595e-17,-4.037238076543074e-17
-3.532,1.1148464932581958e-17,-4.087503825187365e-17
-3.531,1.1313748653844962e-17,-4.138393630920546e-17
-3.53,1.1481441138825819e-17,-4.189915215535215e-17
-3.529,1.1651577020750112e-17,-4.2420763959897526e-17
-3.528,1.1824191425368555e-17,-4.2948850855756024e-17
-3.527,1.199931997789748e-17,-4.348349295098782e-17
-3.526,1.2176998810056356e-17,-4.402477134075803e-17
-3.525,1.2357264567203702e-17,-4.457276811944176e-17
-3.524,1.2540154415572747e-17,-4.512756639287669e-17
-3.523,1.2725706049608236e-17,-4.5689250290765084e-17
-3.522,1.2913957699405772e-17,-4.625790497922699e-17
-3.521,1.3104948138255132e-17,-4.683361667350637e-17
-3.52,1.3298716690288985e-17,-4.741647265083222e-17
-3.519,1.3495303238238493e-17,-4.800656126343631e-17
-3.518,1.3694748231297251e-17,-4.8603971951729644e-17
-3.517,1.3897092693095106e-17,-4.9208795257639455e-17
-3.516,1.4102378229783347e-17,-4.982112283810866e-17
-3.515,1.431064703823282e-17,-5.0441047478759824e-17
-3.514,1.4521941914346562e-17,-5.106866310772557e-17
-3.513,1.4736306261488495e-17,-5.170406480964743e-17
-3.512,1.4953784099029823e-17,-5.2347348839845204e-17
-3.511,1.5174420071014757e-17,-5.2998612638658933e-17
-3.51,1.5398259454947226e-17,-5.3657954845965446e-17
-3.509,1.5625348170700238e-17,-5.432547531587172e-17
-3.508,1.5855732789549606e-17,-5.500127513158713e-17
-3.507,1.6089460543333768e-17,-5.568545662047674e-17
-3.506,1.6326579333741427e-17,-5.637812336929789e-17
-3.505,1.65671377417288e-17,-5.707938023962218e-17
-3.504,1.6811185037068267e-17,-5.778933338344518e-17
-3.503,1.7058771188030258e-17,-5.850809025898619e-17
-3.502,1.7309946871200176e-17,-5.923575964668015e-17
-3.501,1.7564763481432315e-17,-5.997245166536418e-17
-3.5,1.7823273141942552e-17,-6.071827778866108e-17
-3.499,1.808552871454186e-17,-6.147335086156217e-17
-3.498,1.83515838100125e-17,-6.223778511721176e-17
-3.497,1.862149279862891e-17,-6.301169619389586e-17
-3.496,1.8895310820825302e-17,-6.379520115223748e-17
-3.495,1.9173093798011973e-17,-6.458841849260107e-17
-3.494,1.9454898443542397e-17,-6.539146817270858e-17
-3.493,1.9740782273833217e-17,-6.62044716254697e-17
-3.492,2.003080361963921e-17,-6.702755177702893e-17
-3.491,2.0325021637485388e-17,-6.786083306503201e-17
-3.49,2.0623496321258424e-17,-6.870444145711431e-17
-3.489,2.0926288513959602e-17,-6.955850446961419e-17
-3.488,2.123345991962151e-17,-7.042315118651344e-17
-3.487,2.154507311539076e-17,-7.129851227860821e-17
-3.486,2.186119156377904e-17,-7.218472002291267e-17
-3.485,2.218187962508481e-17,-7.308190832229855e-17
-3.484,2.2507202569987998e-17,-7.39902127253732e-17
-3.483,2.2837226592320124e-17,-7.490977044659919e-17
-3.482,2.317201882201226e-17,-7.584072038665823e-17
-3.481,2.3511647338223257e-17,-7.67832031530625e-17
-3.48,2.3856181182650786e-17,-7.773736108101612e-17
-3.479,2.4205690373027694e-17,-7.870333825453024e-17
-3.478,2.4560245916806238e-17,-7.968128052779418e-17
-3.477,2.4919919825032792e-17,-8.067133554680623e-17
-3.476,2.528478512641569e-17,-8.167365277126702e-17
-3.475,2.5654915881588825e-17,-8.268838349673856e-17
-3.474,2.6030387197573774e-17,-8.371568087707234e-17
-3.473,2.6411275242443135e-17,-8.475569994710952e-17
-3.472,2.6797657260187898e-17,-8.580859764565663e-17
-3.471,2.718961158579165e-17,-8.687453283874007e-17
-3.47,2.7587217660514487e-17,-8.79536663431427e-17
-3.469,2.7990556047389524e-17,-8.9046160950226e-17
-3.468,2.8399708446934924e-17,-9.015218145004118e-17
-3.467,2.8814757713084495e-17,-9.127189465573273e-17
-3.466,2.923578786933976e-17,-9.24054694282379e-17
-3.465,2.966288412514665e-17,-9.355307670128583e-17
-3.464,3.0096132892499936e-17,-9.47148895066996e-17
-3.463,3.0535621802778445e-17,-9.589108300000522e-17
-3.462,3.098143972381437e-17,-9.708183448635097e-17
-3.461,3.143367677719979e-17,-9.8287323446741e-17
-3.46,3.18924243558338e-17,-9.950773156458686e-17
-3.459,3.2357775141713485e-17,-1.0074324275258078e-16
-3.458,3.282982312397211e-17,-1.0199404317989469e-16
-3.457,3.3308663617168e-17,-1.0326032129970868e-16
-3.456,3.379439327982751e-17,-1.0454226787707319e-16
-3.455,3.428711013324564e-17,-1.0584007601710844e-16
-3.454,3.478691358054778e-17,-1.0715394119354572e-16
-3.453,3.5293904426016333e-17,-1.0848406127761425e-16
-3.452,3.5808184894685673e-17,-1.098306365672778e-16
-3.451,3.632985865220934e-17,-1.1119386981682552e-16
-3.45,3.6859030825003065e-17,-1.1257396626682093e-16
-3.449,3.739580802066756e-17,-1.1397113367441352e-16
-3.448,3.7940298348694867e-17,-1.1538558234401742e-16
-3.447,3.849261144146216e-17,-1.168175251583611e-16
-3.446,3.905285847551705e-17,-1.1826717760991333e-16
-3.445,3.9621152193158314e-17,-1.1973475783268903e-16
-3.444,4.0197606924316205e-17,-1.2122048663444013e-16
-3.443,4.078233860873645e-17,-1.227245875292361e-16
-3.442,4.137546481847208e-17,-1.242472867704384e-16
-3.441,4.1977104780687397e-17,-1.2578881338407384e-16
-3.44,4.258737940077839e-17,-1.2734939920261175e-16
-3.439,4.320641128581392e-17,-1.2892927889914955e-16
-3.438,4.3834324768302055e-17,-1.305286900220117e-16
-3.437,4.447124593028622e-17,-1.3214787302976709e-16
-3.436,4.5117302627775485e-17,-1.337870713266698e-16
-3.435,4.577262451551373e-17,-1.3544653129852815e-16
-3.434,4.643734307209237e-17,-1.3712650234900752e-16
-3.433,4.711159162541125e-17,-1.388272369363718e-16
-3.432,4.7795505378492686e-17,-1.40548990610669e-16
-3.431,4.8489221435653384e-17,-1.4229202205136602e-16
-3.43,4.919287882903918e-17,-1.4405659310543826e-16
-3.429,4.990661854552773e-17,-1.4584296882591943e-16
-3.428,5.0630583554004e-17,-1.4765141751091686e-16
-3.427,5.1364918833013904e-17,-1.494822107430983e-16
-3.426,5.210977139880123e-17,-1.513356234296554e-16
-3.425,5.286529033373301e-17,-1.5321193384274978e-16
-3.424,5.36316268151189e-17,-1.5511142366044766e-16
-3.423,5.4408934144429824e-17,-1.5703437800814853e-16
-3.422,5.5197367776921506e-17,-1.5898108550051393e-16
-3.421,5.599708535166833e-17,-1.6095183828390237e-16
-3.42,5.68082467220133e-17,-1.6294693207931653e-16
-3.419,5.763101398643983e-17,-1.6496666622586836e-16
-3.418,5.846555151987103e-17,-1.6701134372476915e-16
-3.417,5.931202600540254e-17,-1.6908127128384982e-16
-3.416,6.017060646647475e-17,-1.7117675936261875e-16
-3.415,6.104146429949066e-17,-1.7329812221786268e-16
-3.414,6.19247733068852e-17,-1.75445677949798e-16
-3.413,6.282070973065244e-17,-1.7761974854877818e-16
-3.412,6.372945228633706e-17,-1.7982065994256485e-16
-3.411,6.465118219749618e-17,-1.820487420441683e-16
-3.41,6.558608323063837e-17,-1.843043288002653e-16
-3.409,6.653434173064611e-17,-1.8658775824019992e-16
-3.408,6.749614665668849e-17,-1.8889937252557538e-16
-3.407,6.8471689618631e-17,-1.912395180004434e-16
-3.406,6.946116491394897e-17,-1.9360854524209823e-16
-3.405,7.046476956515182e-17,-1.9600680911248273e-16
-3.404,7.148270335772516e-17,-1.9843466881021375e-16
-3.403,7.251516887859755e-17,-2.0089248792323415e-16
-3.402,7.356237155513964e-17,-2.0338063448209884e-16
-3.401,7.46245196947025e-17,-2.0589948101390275e-16
-3.4,7.570182452470294e-17,-2.0844940459685798e-16
-3.399,7.67945002332631e-17,-2.1103078691552808e-16
-3.398,7.790276401041207e-17,-2.1364401431672721e-16
-3.397,7.90268360898572e-17,-2.1628947786609226e-16
-3.396,8.016693979133289e-17,-2.1896757340533573e-16
-3.395,8.132330156353502e-17,-2.2167870161018755e-16
-3.394,8.249615102764867e-17,-2.244232680490342e-16
-3.393,8.368572102147774e-17,-2.2720168324226325e-16
-3.392,8.489224764418432e-17,-2.3001436272232173e-16
-3.391,8.611597030164664e-17,-2.3286172709449693e-16
-3.39,8.735713175244352e-17,-2.3574420209842823e-16
-3.389,8.861597815447459e-17,-2.3866221867035844e-16
-3.388,8.989275911222442e-17,-2.4161621300613386e-16
-3.387,9.118772772467984e-17,-2.4460662662496157e-16
-3.386,9.250114063390915e-17,-2.476339064339331e-16
-3.385,9.383325807431248e-17,-2.5069850479332365e-16
-3.384,9.518434392255234e-17,-2.538008795826762e-16
-3.383,9.655466574817397e-17,-2.569414942676794e-16
-3.382,9.794449486492468e-17,-2.60120817967849e-16
-3.381,9.935410638278191e-17,-2.6333932552502295e-16
-3.38,1.0078377926069982e-16,-2.665974975726781e-16
-3.379,1.0223379636008407e-16,-2.698958206060804e-16
-3.378,1.03704444499005e-16,-2.73234787053277e-16
-3.377,1.0519601450715923e-16,-2.7661489534694096e-16
-3.376,1.0670880128158988e-16,-2.8003664999707813e-16
-3.375,1.082431038431761e-16,-2.8350056166460736e-16
-3.374,1.0979922539390208e-16,-2.8700714723582338e-16
-3.373,1.1137747337491664e-16,-2.9055692989775327e-16
-3.372,1.1297815952539384e-16,-2.9415043921441763e-16
-3.371,1.1460159994220604e-16,-2.9778821120400614e-16
-3.37,1.1624811514042014e-16,-3.014707884169792e-16
-3.369,1.1791803011462858e-16,-3.0519872001510653e-16
-3.368,1.1961167440112646e-16,-3.08972561851453e-16
-3.367,1.213293821409463e-16,-3.127928765513247e-16
-3.366,1.2307149214376235e-16,-3.1666023359418425e-16
-3.365,1.2483834795267642e-16,-3.2057520939654926e-16
-3.364,1.2663029790989688e-16,-3.2453838739588376e-16
-3.363,1.284476952233238e-16,-3.285503581354953e-16
-3.362,1.3029089803405206e-16,-3.3261171935044945e-16
-3.361,1.3216026948480516e-16,-3.3672307605451343e-16
-3.36,1.3405617778931274e-16,-3.408850406281419e-16
-3.359,1.3597899630264444e-16,-3.4509823290751603e-16
-3.358,1.3792910359251336e-16,-3.4936328027464954e-16
-3.357,1.3990688351156231e-16,-3.536808177485734e-16
-3.356,1.4191272527064664e-16,-3.580514880776125e-16
-3.355,1.4394702351312666e-16,-3.6247594183276716e-16
-3.354,1.4601017839018424e-16,-3.669548375022124e-16
-3.353,1.4810259563717718e-16,-3.7148884158692797e-16
-3.352,1.502246866510455e-16,-3.760786286974732e-16
-3.351,1.5237686856878445e-16,-3.807248816519197e-16
-3.35,1.5455956434699847e-16,-3.854282915749555e-16
-3.349,1.567732028425512e-16,-3.9018955799817505e-16
-3.348,1.5901821889432634e-16,-3.9500938896156825e-16
-3.347,1.6129505340611458e-16,-3.9988850111622364e-16
-3.346,1.6360415343064236e-16,-4.0482761982825946e-16
-3.345,1.6594597225475752e-16,-4.0982747928399716e-16
-3.344,1.683209694857883e-16,-4.148888225963921e-16
-3.343,1.7072961113909125e-16,-4.200124019127367e-16
-3.342,1.7317236972680468e-16,-4.251989785236501e-16
-3.341,1.7564972434782392e-16,-4.304493229733706e-16
-3.34,1.781621607790152e-16,-4.3576421517136547e-16
-3.339,1.8071017156768538e-16,-4.411444445052742e-16
-3.338,1.8329425612532402e-16,-4.465908099552005e-16
-3.337,1.859149208226361e-16,-4.521041202093688e-16
-3.336,1.8857267908588222e-16,-4.576851937811632e-16
-3.335,1.9126805149454491e-16,-4.633348591275612e-16
-3.334,1.9400156588033853e-16,-4.690539547689838e-16
-3.333,1.9677375742758176e-16,-4.748433294105738e-16
-3.332,1.995851687749507e-16,-4.807038420649226e-16
-3.331,2.0243635011863212e-16,-4.86636362176261e-16
-3.33,2.0532785931689548e-16,-4.926417697461315e-16
-3.329,2.0826026199610342e-16,-4.987209554605594e-16
-3.328,2.1123413165818033e-16,-5.048748208187411e-16
-3.327,2.142500497895588e-16,-5.111042782632661e-16
-3.326,2.1730860597162457e-16,-5.174102513118926e-16
-3.325,2.2041039799267992e-16,-5.237936746908929e-16
-3.324,2.2355603196144663e-16,-5.302554944699892e-16
-3.323,2.267461224221297e-16,-5.367966681988963e-16
-3.322,2.299812924710624e-16,-5.434181650454922e-16
-3.321,2.3326217387495564e-16,-5.501209659356346e-16
-3.32,2.3658940719077177e-16,-5.569060636946424e-16
-3.319,2.3996364188724696e-16,-5.637744631904628e-16
-3.318,2.4338553646808327e-16,-5.707271814785429e-16
-3.317,2.4685575859683364e-16,-5.777652479484263e-16
-3.316,2.503749852235032e-16,-5.848897044720948e-16
-3.315,2.539439027128902e-16,-5.921016055540759e-16
-3.314,2.5756320697469033e-16,-5.994020184833364e-16
-3.313,2.612336035953881e-16,-6.067920234869837e-16
-3.312,2.649558079719607e-16,-6.142727138857954e-16
-3.311,2.68730545447418e-16,-6.218451962515994e-16
-3.31,2.7255855144820466e-16,-6.295105905665249e-16
-3.309,2.764405716234889e-16,-6.372700303841482e-16
-3.308,2.803773619863649e-16,-6.451246629925536e-16
-3.307,2.8436968905699353e-16,-6.530756495793332e-16
-3.306,2.884183300077093e-16,-6.611241653985475e-16
-3.305,2.925240728101191e-16,-6.692713999396707e-16
-3.304,2.9668771638422105e-16,-6.775185570985428e-16
-3.303,3.0091007074957014e-16,-6.858668553503525e-16
-3.302,3.0519195717851924e-16,-6.943175279246756e-16
-3.301,3.0953420835156347e-16,-7.028718229825921e-16
-3.3,3.1393766851481676e-16,-7.11531003795905e-16
-3.299,3.184031936396497e-16,-7.202963489284889e-16
-3.298,3.2293165158451834e-16,-7.291691524197901e-16
-3.297,3.275239222590132e-16,-7.381507239705046e-16
-3.296,3.321808977901597e-16,-7.472423891304597e-16
-3.295,3.3690348269100046e-16,-7.564454894887247e-16
-3.294,3.4169259403148984e-16,-7.65761382865977e-16
-3.293,3.4654916161173343e-16,-7.751914435091491e-16
-3.292,3.514741281376037e-16,-7.847370622883849e-16
-3.291,3.564684493987645e-16,-7.943996468963297e-16
-3.29,3.6153309444913746e-16,-8.041806220497851e-16
-3.289,3.666690457898427e-16,-8.140814296937512e-16
-3.288,3.718772995546494e-16,-8.241035292078891e-16
-3.287,3.771588656979683e-16,-8.342483976154286e-16
-3.286,3.8251476818542246e-16,-8.44517529794551e-16
-3.285,3.8794604518703044e-16,-8.549124386922757e-16
-3.284,3.9345374927303843e-16,-8.654346555408798e-16
-3.283,3.990389476124362e-16,-8.760857300768801e-16
-3.282,4.047027221741951e-16,-8.868672307626077e-16
-3.281,4.104461699312634e-16,-8.977807450104047e-16
-3.28,4.1627040306735797e-16,-9.088278794094757e-16
-3.279,4.2217654918659016e-16,-9.200102599554208e-16
-3.278,4.2816575152596365e-16,-9.313295322824872e-16
-3.277,4.342391691707844e-16,-9.42787361898565e-16
-3.276,4.403979772730222e-16,-9.543854344229644e-16
-3.275,4.466433672726636e-16,-9.661254558270033e-16
-3.274,4.529765471220969e-16,-9.78009152677439e-16
-3.273,4.593987415135724e-16,-9.90038272382777e-16
-3.272,4.659111921097757e-16,-1.0022145834424923e-15
-3.271,4.725151577775619e-16,-1.0145398756991936e-15
-3.27,4.792119148248889e-16,-1.0270159605937663e-15
-3.269,4.860027572409957e-16,-1.0396446714235315e-15
-3.268,4.928889969398708e-16,-1.0524278636034502e-15
-3.267,4.998719640070528e-16,-1.0653674149304152e-15
-3.266,5.069530069498109e-16,-1.0784652258506595e-15
-3.265,5.141334929507503e-16,-1.0917232197303237e-15
-3.264,5.214148081248894e-16,-1.1051433431292142e-15
-3.263,5.287983577802559e-16,-1.118727566077793e-15
-3.262,5.362855666820499e-16,-1.132477882357434e-15
-3.261,5.43877879320423e-16,-1.1463963097839842e-15
-3.26,5.515767601819207e-16,-1.16048489049467e-15
-3.259,5.593836940246414e-16,-1.1747456912383852e-15
-3.258,5.673001861571586e-16,-1.1891808036694009e-15
-3.257,5.753277627212613e-16,-1.2037923446445367e-15
-3.256,5.834679709785612e-16,-1.2185824565238337e-15
-3.255,5.917223796010217e-16,-1.2335533074747698e-15
-3.254,6.000925789654614e-16,-1.2487070917800584e-15
-3.253,6.085801814520854e-16,-1.2640460301490709e-15
-3.252,6.171868217471008e-16,-1.2795723700329272e-15
-3.251,6.259141571494694e-16,-1.2952883859432943e-15
-3.25,6.347638678818577e-16,-1.311196379774938e-15
-3.249,6.437376574058367e-16,-1.3272986811320696e-15
-3.248,6.528372527413938e-16,-1.3435976476585323e-15
-3.247,6.620644047908117e-16,-1.360095665371871e-15
-3.246,6.714208886669763e-16,-1.376795149001332e-15
-3.245,6.809085040261728e-16,-1.393698542329836e-15
-3.244,6.905290754054304e-16,-1.410808318539972e-15
-3.243,7.002844525644788e-16,-1.4281269805640564e-15
-3.242,7.101765108323785e-16,-1.4456570614383084e-15
-3.241,7.202071514588881e-16,-1.4634011246611841e-15
-3.24,7.303783019706338e-16,-1.4813617645559204e-15
-3.239,7.406919165321453e-16,-1.4995416066373376e-15
-3.238,7.511499763118263e-16,-1.5179433079829485e-15
-3.237,7.617544898529232e-16,-1.5365695576084231e-15
-3.236,7.725074934495641e-16,-1.5554230768474623e-15
-3.235,7.834110515279333e-16,-1.5745066197361269e-15
-3.234,7.944672570326539e-16,-1.593822973401677e-15
-3.233,8.05678231818447e-16,-1.6133749584559737e-15
-3.232,8.17046127047141e-16,-1.6331654293934911e-15
-3.231,8.285731235901028e-16,-1.6531972749939984e-15
-3.23,8.402614324361642e-16,-1.673473418729961e-15
-3.229,8.521132951051193e-16,-1.6939968191787162e-15
-3.228,8.641309840668677e-16,-1.7147704704394793e-15
-3.227,8.763168031662799e-16,-1.735797402555235e-15
-3.226,8.886730880538641e-16,-1.7570806819395704e-15
-3.225,9.01202206622311e-16,-1.7786234118085065e-15
-3.224,9.139065594489983e-16,-1.8004287326173847e-15
-3.223,9.267885802445355e-16,-1.8224998225028694e-15
-3.222,9.398507363074296e-16,-1.8448398977301212e-15
-3.221,9.530955289849566e-16,-1.8674522131452026e-15
-3.22,9.66525494140322e-16,-1.890340062632778e-15
-3.219,9.801432026261963e-16,-1.913506779579164e-15
-3.218,9.939512607647106e-16,-1.9369557373407954e-15
-3.217,1.0079523108340028e-15,-1.9606903497181694e-15
-3.216,1.0221490315613997e-15,-1.9847140714353256e-15
-3.215,1.0365441386233286e-15,-2.009030398624932e-15
-3.214,1.051140385152047e-15,-2.0336428693190367e-15
-3.213,1.065940562249283e-15,-2.058555063945554e-15
-3.212,1.0809474995068848e-15,-2.083770605830543e-15
-3.211,1.0961640655345652e-15,-2.1092931617063572e-15
-3.21,1.1115931684948479e-15,-2.135126442225721e-15
-3.209,1.127237756645305e-15,-2.161274202481805e-15
-3.208,1.14310081888819e-15,-2.1877402425343737e-15
-3.207,1.1591853853275613e-15,-2.2145284079420662e-15
-3.206,1.1754945278340056e-15,-2.2416425903008848e-15
-3.205,1.192031360617055e-15,-2.2690867277889642e-15
-3.204,1.2087990408054092e-15,-2.2968648057176906e-15
-3.203,1.2258007690350661e-15,-2.3249808570892417e-15
-3.202,1.243039790045466e-15,-2.353438963160624e-15
-3.201,1.2605193932837634e-15,-2.3822432540142813e-15
-3.2,1.2782429135173305e-15,-2.4113979091353466e-15
-3.199,1.2962137314546072e-15,-2.4409071579956174e-15
-3.198,1.3144352743744122e-15,-2.4707752806443273e-15
-3.197,1.332911016763825e-15,-2.501006608305794e-15
-3.196,1.3516444809647605e-15,-2.531605523984019e-15
-3.195,1.3706392378293499e-15,-2.562576463074324e-15
-3.194,1.389898907384249e-15,-2.5939239139820963e-15
-3.193,1.4094271595039953e-15,-2.6256524187487324e-15
-3.192,1.4292277145935345e-15,-2.6577665736848545e-15
-3.191,1.449304344280043e-15,-2.690271030010888e-15
-3.19,1.4696608721141716e-15,-2.7231704945050793e-15
-3.189,1.4903011742808351e-15,-2.7564697301590447e-15
-3.188,1.5112291803196836e-15,-2.7901735568409287e-15
-3.187,1.5324488738553787e-15,-2.8242868519662636e-15
-3.186,1.5539642933378146e-15,-2.858814551176615e-15
-3.185,1.5757795327924128e-15,-2.893761649026104e-15
-3.184,1.5978987425806325e-15,-2.929133199675894e-15
-3.183,1.6203261301708284e-15,-2.9649343175967308e-15
-3.182,1.643065960919603e-15,-3.0011701782796334e-15
-3.181,1.6661225588637903e-15,-3.0378460189548194e-15
-3.18,1.6895003075232167e-15,-3.0749671393189666e-15
-3.179,1.7132036507143856e-15,-3.1125389022709003e-15
-3.178,1.7372370933752324e-15,-3.150566734655802e-15
-3.177,1.7616052024011002e-15,-3.1890561280180395e-15
-3.176,1.7863126074920877e-15,-3.228012639362713e-15
-3.175,1.8113640020119242e-15,-3.267441891926015e-15
-3.174,1.8367641438585273e-15,-3.3073495759545084e-15
-3.173,1.862517856346398e-15,-3.3477414494934164e-15
-3.172,1.8886300291010217e-15,-3.3886233391840366e-15
-3.171,1.9151056189654275e-15,-3.43000114107037e-15
-3.17,1.941949650919077e-15,-3.4718808214150798e-15
-3.169,1.969167219009248e-15,-3.514268417524877e-15
-3.168,1.996763487295079e-15,-3.557170038585449e-15
-3.167,2.024743690804451e-15,-3.6005918665060255e-15
-3.166,2.0531131365038755e-15,-3.644540156773706e-15
-3.165,2.0818772042815666e-15,-3.6890212393176455e-15
-3.164,2.1110413479438765e-15,-3.7340415193832164e-15
-3.163,2.140611096225273e-15,-3.7796074784162595e-15
-3.162,2.1705920538120426e-15,-3.8257256749575356e-15
-3.161,2.200989902379906e-15,-3.872402745547493e-15
-3.16,2.231810401645733e-15,-3.919645405641465e-15
-3.159,2.263059390433545e-15,-3.9674604505354235e-15
-3.158,2.294742787755007e-15,-4.0158547563023895e-15
-3.157,2.3268665939045914e-15,-4.064835280739648e-15
-3.156,2.359436891569623e-15,-4.114409064326856e-15
-3.155,2.392459846955404e-15,-4.164583231195198e-15
-3.154,2.4259417109256153e-15,-4.2153649901076825e-15
-3.153,2.4598888201582128e-15,-4.2667616354507335e-15
-3.152,2.4943075983170182e-15,-4.318780548237185e-15
-3.151,2.52920455723922e-15,-4.3714291971208055e-15
-3.15,2.5645862981389982e-15,-4.424715139422504e-15
-3.149,2.6004595128274965e-15,-4.478646022168312e-15
-3.148,2.6368309849493505e-15,-4.533229583139314e-15
-3.147,2.673707591236009e-15,-4.588473651933625e-15
-3.146,2.711096302776065e-15,-4.6443861510405734e-15
-3.145,2.749004186302835e-15,-4.7009750969272205e-15
-3.144,2.7874384054994054e-15,-4.758248601137342e-15
-3.143,2.8264062223214035e-15,-4.816214871403028e-15
-3.142,2.8659149983377087e-15,-4.874882212769041e-15
-3.141,2.9059721960893634e-15,-4.934259028730055e-15
-3.14,2.9465853804669217e-15,-4.994353822380944e-15
-3.139,2.9877622201064846e-15,-5.055175197580255e-15
-3.138,3.029510488804679e-15,-5.116731860127009e-15
-3.137,3.0718380669528277e-15,-5.179032618950989e-15
-3.136,3.1147529429905775e-15,-5.2420863873166484e-15
-3.135,3.158263214879246e-15,-5.305902184040815e-15
-3.134,3.202377091595147e-15,-5.3704891347243235e-15
-3.133,3.247102894643173e-15,-5.435856472997747e-15
-3.132,3.292449059590903e-15,-5.50201354178137e-15
-3.131,3.3384241376235107e-15,-5.568969794559571e-15
-3.13,3.385036797119762e-15,-5.636734796669782e-15
-3.129,3.4322958252493737e-15,-5.705318226606162e-15
-3.128,3.4802101295920333e-15,-5.7747298773381805e-15
-3.127,3.5287887397783653e-15,-5.844979657644247e-15
-3.126,3.578040809153142e-15,-5.9160775934605775e-15
-3.125,3.627975616461037e-15,-5.988033829245449e-15
-3.124,3.678602567555229e-15,-6.060858629359023e-15
-3.123,3.729931197129161e-15,-6.134562379458912e-15
-3.122,3.7819711704717625e-15,-6.209155587911652e-15
-3.121,3.83473228524647e-15,-6.2846488872202706e-15
-3.12,3.888224473294331e-15,-6.3610530354681224e-15
-3.119,3.9424578024615625e-15,-6.438378917779172e-15
-3.118,3.997442478451847e-15,-6.516637547794905e-15
-3.117,4.053188846703737e-15,-6.595840069168058e-15
-3.116,4.109707394293479e-15,-6.675997757073347e-15
-3.115,4.1670087518636185e-15,-6.757122019735384e-15
-3.114,4.225103695577724e-15,-6.839224399973966e-15
-3.113,4.284003149101579e-15,-6.922316576766948e-15
-3.112,4.3437181856112124e-15,-7.006410366830862e-15
-3.111,4.4042600298281075e-15,-7.091517726219512e-15
-3.11,4.465640060081979e-15,-7.177650751940715e-15
-3.109,4.527869810401472e-15,-7.264821683591408e-15
-3.108,4.5909609726331615e-15,-7.353042905011308e-15
-3.107,4.654925398589248e-15,-7.442326945955341e-15
-3.106,4.719775102224312e-15,-7.532686483785049e-15
-3.105,4.78552226184154e-15,-7.624134345179155e-15
-3.104,4.8521792223288034e-15,-7.716683507863545e-15
-3.103,4.919758497425004e-15,-7.810347102360836e-15
-3.102,4.988272772017083e-15,-7.905138413759769e-15
-3.101,5.057734904468116e-15,-8.001070883504635e-15
-3.1,5.1281579289769055e-15,-8.098158111204968e-15
-3.099,5.199555057969492e-15,-8.1964138564657e-15
-3.098,5.271939684523028e-15,-8.295852040738034e-15
-3.097,5.345325384822431e-15,-8.396486749191235e-15
-3.096,5.419725920650271e-15,-8.498332232605596e-15
-3.095,5.495155241910334e-15,-8.601402909286768e-15
-3.094,5.571627489185312e-15,-8.705713367001748e-15
-3.093,5.649156996329084e-15,-8.811278364936702e-15
-3.092,5.727758293094054e-15,-8.918112835676896e-15
-3.091,5.807446107794002e-15,-9.026231887208976e-15
-3.09,5.888235370002955e-15,-9.135650804945817e-15
-3.089,5.970141213290529e-15,-9.246385053774224e-15
-3.088,6.0531789779942624e-15,-9.358450280125691e-15
-3.087,6.137364214029412e-15,-9.471862314070516e-15
-3.086,6.222712683736735e-15,-9.58663717143548e-15
-3.085,6.309240364768757e-15,-9.702791055945383e-15
-3.084,6.39696345301505e-15,-9.820340361388677e-15
-3.083,6.485898365567035e-15,-9.939301673807473e-15
-3.082,6.5760617437228534e-15,-1.0059691773712156e-14
-3.081,6.667470456032832e-15,-1.018152763832092e-14
-3.08,6.7601416013860996e-15,-1.0304826443824462e-14
-3.079,6.8540925121389e-15,-1.0429605567676107e-14
-3.078,6.949340757285161e-15,-1.0555882590907664e-14
-3.077,7.045904145669898e-15,-1.0683675300471273e-14
-3.076,7.143800729246007e-15,-1.0813001691607513e-14
-3.075,7.243048806375062e-15,-1.09438799702401e-14
-3.074,7.343666925172665e-15,-1.1076328555397409e-14
-3.073,7.445673886898985e-15,-1.1210366081661141e-14
-3.072,7.54908874939508e-15,-1.1346011401642433e-14
-3.071,7.653930830565604e-15,-1.1483283588485677e-14
-3.07,7.760219711908543e-15,-1.1622201938400387e-14
-3.069,7.867975242092591e-15,-1.1762785973221383e-14
-3.068,7.977217540582833e-15,-1.1905055442997609e-14
-3.067,8.087967001315337e-15,-1.2049030328609903e-14
-3.066,8.200244296421376e-15,-1.219473084441803e-14
-3.065,8.314070380001884e-15,-1.2342177440937254e-14
-3.064,8.42946649195286e-15,-1.249139080754484e-14
-3.063,8.546454161842381e-15,-1.2642391875216733e-14
-3.062,8.665055212839943e-15,-1.2795201819294792e-14
-3.061,8.785291765698796e-15,-1.2949842062284874e-14
-3.06,8.907186242792016e-15,-1.3106334276686116e-14
-3.059,9.03076137220302e-15,-1.326470038785175e-14
-3.058,9.15604019187125e-15,-1.3424962576881768e-14
-3.057,9.283046053793787e-15,-1.3587143283547817e-14
-3.056,9.41180262828361e-15,-1.3751265209250626e-14
-3.055,9.54233390828531e-15,-1.3917351320010338e-14
-3.054,9.674664213748961e-15,-1.4085424849490099e-14
-3.053,9.808818196063005e-15,-1.425550930205325e-14
-3.052,9.944820842546881e-15,-1.4427628455854478e-14
-3.051,1.0082697481004234e-14,-1.4601806365965308e-14
-3.05,1.0222473784337491e-14,-1.4778067367534283e-14
-3.049,1.0364175775224653e-14,-1.4956436078982188e-14
-3.048,1.0507829830859125e-14,-1.513693740523275e-14
-3.047,1.0653462687753411e-14,-1.531959654097911e-14
-3.046,1.0801101446607564e-14,-1.550443897398652e-14
-3.045,1.0950773577243238e-14,-1.5691490488431598e-14
-3.044,1.1102506923604218e-14,-1.5880777168278568e-14
-3.043,1.1256329708824326e-14,-1.607232540069284e-14
-3.042,1.141227054036362e-14,-1.6266161879492358e-14
-3.041,1.157035841521376e-14,-1.6462313608637106e-14
-3.04,1.1730622725173523e-14,-1.666080790575715e-14
-3.039,1.1893093262195345e-14,-1.6861672405719682e-14
-3.038,1.2057800223803907e-14,-1.706493506423542e-14
-3.037,1.2224774218587668e-14,-1.72706241615048e-14
-3.036,1.239404627176437e-14,-1.7478768305904405e-14
-3.035,1.2565647830821463e-14,-1.768939643771401e-14
-3.034,1.273961077123251e-14,-1.7902537832884707e-14
-3.033,1.291596740225052e-14,-1.811822210684852e-14
-3.032,1.3094750472779293e-14,-1.8336479218369983e-14
-3.031,1.32759931773238e-14,-1.855733947344006e-14
-3.03,1.3459729162020653e-14,-1.8780833529212928e-14
-3.029,1.3645992530749742e-14,-1.900699239798598e-14
-3.028,1.3834817851328137e-14,-1.9235847451223615e-14
-3.027,1.4026240161787322e-14,-1.9467430423625185e-14
-3.026,1.422029497673492e-14,-1.9701773417237576e-14
-3.025,1.4417018293802002e-14,-1.9938908905612937e-14
-3.024,1.4616446600177154e-14,-2.0178869738011976e-14
-3.023,1.4818616879228428e-14,-2.042168914365333e-14
-3.022,1.50235666172144e-14,-2.0667400736009474e-14
-3.021,1.5231333810085478e-14,-2.0916038517149673e-14
-3.02,1.5441956970376707e-14,-2.1167636882130444e-14
-3.019,1.5655475134193258e-14,-2.142223062343405e-14
-3.018,1.5871927868289874e-14,-2.1679854935455492e-14
-3.017,1.6091355277245518e-14,-2.1940545419038535e-14
-3.016,1.631379801073447e-14,-2.220433808606127e-14
-3.015,1.6539297270895203e-14,-2.2471269364071718e-14
-3.014,1.676789481979834e-14,-2.2741376100973992e-14
-3.013,1.699963298701496e-14,-2.3014695569765554e-14
-3.012,1.7234554677286688e-14,-2.3291265473326098e-14
-3.011,1.7472703378298834e-14,-2.3571123949258577e-14
-3.01,1.7714123168558027e-14,-2.3854309574782923e-14
-3.009,1.7958858725375734e-14,-2.4140861371683012e-14
-3.008,1.8206955332959007e-14,-2.4430818811307404e-14
-3.007,1.8458458890609994e-14,-2.472422181962443e-14
-3.006,1.8713415921035598e-14,-2.5021110782332197e-14
-3.005,1.8971873578768762e-14,-2.5321526550024017e-14
-3.004,1.923387965870292e-14,-2.562551044340992e-14
-3.003,1.949948260474104e-14,-2.593310425859476e-14
-3.002,1.9768731518560886e-14,-2.6244350272413502e-14
-3.001,2.0041676168497963e-14,-2.6559291247824324e-14
-3.0,2.031836699854778e-14,-2.687797043936005e-14
-2.999,2.0598855137488995e-14,-2.72004315986386e-14
-2.998,2.088319240812906e-14,-2.752671897993298e-14
-2.997,2.1171431336673996e-14,-2.7856877345801467e-14
-2.996,2.1463625162223974e-14,-2.8190951972778597e-14
-2.995,2.1759827846396352e-14,-2.852898865712757e-14
-2.994,2.20600940830779e-14,-2.887103372065468e-14
-2.993,2.2364479308307914e-14,-2.9217134016586475e-14
-2.992,2.2673039710293974e-14,-2.956733693551014e-14
-2.991,2.2985832239562107e-14,-2.992169041137795e-14
-2.99,2.3302914619243187e-14,-3.0280242927576206e-14
-2.989,2.362434535549731e-14,-3.064304352305956e-14
-2.988,2.3950183748078068e-14,-3.101014179855116e-14
-2.987,2.4280489901038547e-14,-3.138158792280942e-14
-2.986,2.4615324733580943e-14,-3.175743263896209e-14
-2.985,2.4954749991051695e-14,-3.2137727270908196e-14
-2.984,2.529882825608413e-14,-3.2522523729788694e-14
-2.983,2.5647622959890505e-14,-3.291187452052635e-14
-2.982,2.600119839370552e-14,-3.330583274843573e-14
-2.981,2.6359619720383276e-14,-3.370445212590383e-14
-2.98,2.67229529861497e-14,-3.41077869791422e-14
-2.979,2.7091265132512594e-14,-3.45158922550112e-14
-2.978,2.74646240083313e-14,-3.4928823527917096e-14
-2.977,2.7843098382048203e-14,-3.5346637006782823e-14
-2.976,2.8226757954084168e-14,-3.576938954209303e-14
-2.975,2.8615673369400115e-14,-3.6197138633014237e-14
-2.974,2.9009916230226963e-14,-3.6629942434590795e-14
-2.973,2.9409559108966154e-14,-3.7067859765017484e-14
-2.972,2.981467556126302e-14,-3.7510950112989427e-14
-2.971,3.02253401392554e-14,-3.7959273645130096e-14
-2.97,3.0641628404999636e-14,-3.841289121349829e-14
-2.969,3.1063616944076566e-14,-3.887186436317472e-14
-2.968,3.149138337937967e-14,-3.933625533992911e-14
-2.967,3.1925006385087966e-14,-3.9806127097968534e-14
-2.966,3.236456570082604e-14,-4.028154330776784e-14
-2.965,3.281014214601368e-14,-4.076256836398294e-14
-2.964,3.326181763440773e-14,-4.1249267393447816e-14
-2.963,3.371967518883862e-14,-4.174170626325605e-14
-2.962,3.41837989561442e-14,-4.223995158892766e-14
-2.961,3.4654274222303556e-14,-4.274407074266222e-14
-2.96,3.513118742777337e-14,-4.3254131861678913e-14
-2.959,3.5614626183029613e-14,-4.377020385664457e-14
-2.958,3.610467928431724e-14,-4.4292356420190414e-14
-2.957,3.660143672961067e-14,-4.482066003551841e-14
-2.956,3.710498973478787e-14,-4.5355185985098194e-14
-2.955,3.7615430750020894e-14,-4.589600635945525e-14
-2.954,3.813285347638568e-14,-4.644319406605151e-14
-2.953,3.865735288269414e-14,-4.699682283825898e-14
-2.952,3.918902522255138e-14,-4.7556967244427534e-14
-2.951,3.9727968051641155e-14,-4.812370269704768e-14
-2.95,4.0274280245242455e-14,-4.8697105462009157e-14
-2.949,4.082806201598047e-14,-4.927725266795649e-14
-2.948,4.138941493181488e-14,-4.986422231574219e-14
-2.947,4.195844193426875e-14,-5.045809328797878e-14
-2.946,4.253524735690111e-14,-5.105894535869039e-14
-2.945,4.3119936944026635e-14,-5.166685920306503e-14
-2.944,4.3712617869685454e-14,-5.228191640730841e-14
-2.943,4.43133987568667e-14,-5.2904199478600436e-14
-2.942,4.4922389696988894e-14,-5.353379185515507e-14
-2.941,4.553970226964083e-14,-5.417077791638488e-14
-2.94,4.6165449562586176e-14,-5.4815242993171076e-14
-2.939,4.6799746192035536e-14,-5.5467273378240075e-14
-2.938,4.744270832318931e-14,-5.612695633664764e-14
-2.937,4.8094453691055065e-14,-5.679438011637159e-14
-2.936,4.875510162154308e-14,-5.746963395901413e-14
-2.935,4.942477305284368e-14,-5.815280811061484e-14
-2.934,5.010359055709012e-14,-5.884399383257532e-14
-2.933,5.079167836231087e-14,-5.954328341269665e-14
-2.932,5.148916237467505e-14,-6.025077017633059e-14
-2.931,5.2196170201035013e-14,-6.096654849764578e-14
-2.93,5.2912831171769893e-14,-6.169071381100973e-14
-2.929,5.363927636393419e-14,-6.242336262248812e-14
-2.928,5.43756386247155e-14,-6.316459252146199e-14
-2.927,5.5122052595205284e-14,-6.391450219236439e-14
-2.926,5.5878654734487096e-14,-6.467319142653727e-14
-2.925,5.6645583344046245e-14,-6.544076113421e-14
-2.924,5.742297859250533e-14,-6.621731335660035e-14
-2.923,5.821098254068981e-14,-6.70029512781394e-14
-2.922,5.900973916702818e-14,-6.77977792388213e-14
-2.921,5.981939439329093e-14,-6.860190274667901e-14
-2.92,6.064009611067314e-14,-6.94154284903875e-14
-2.919,6.147199420622477e-14,-7.023846435199509e-14
-2.918,6.231524058963384e-14,-7.107111941978462e-14
-2.917,6.31699892203666e-14,-7.191350400126529e-14
-2.916,6.40363961351699e-14,-7.276572963629645e-14
-2.915,6.491461947594028e-14,-7.36279091103447e-14
-2.914,6.580481951796462e-14,-7.450015646787533e-14
-2.913,6.670715869853755e-14,-7.538258702587933e-14
-2.912,6.762180164596028e-14,-7.627531738753748e-14
-2.911,6.854891520892608e-14,-7.717846545602234e-14
-2.91,6.948866848629754e-14,-7.809215044843967e-14
-2.909,7.044123285728074e-14,-7.901649290991065e-14
-2.908,7.140678201200156e-14,-7.995161472779568e-14
-2.907,7.238549198248958e-14,-8.089763914606166e-14
-2.906,7.337754117407477e-14,-8.18546907797936e-14
-2.905,7.438311039720271e-14,-8.282289562985196e-14
-2.904,7.540238289967352e-14,-8.380238109767721e-14
-2.903,7.643554439931048e-14,-8.479327600024259e-14
-2.902,7.748278311706376e-14,-8.57957105851567e-14
-2.901,7.854428981055514e-14,-8.680981654591715e-14
-2.9,7.962025780806951e-14,-8.783572703731647e-14
-2.899,8.07108830429991e-14,-8.887357669100189e-14
-2.898,8.181636408874634e-14,-8.992350163119013e-14
-2.897,8.293690219409165e-14,-9.098563949053865e-14
-2.896,8.40727013190319e-14,-9.206012942617479e-14
-2.895,8.522396817109616e-14,-9.314711213588411e-14
-2.894,8.639091224214496e-14,-9.424672987445926e-14
-2.893,8.757374584565914e-14,-9.535912647021107e-14
-2.892,8.877268415452534e-14,-9.648444734164286e-14
-2.891,8.998794523932407e-14,-9.762283951428972e-14
-2.89,9.121975010712748e-14,-9.877445163772406e-14
-2.889,9.246832274081338e-14,-9.993943400272886e-14
-2.888,9.373389013890223e-14,-1.0111793855864011e-13
-2.887,9.501668235592423e-14,-1.0231011893085988e-13
-2.886,9.631693254332341e-14,-1.0351613043854141e-13
-2.885,9.763487699090568e-14,-1.047361301124479e-13
-2.884,9.897075516883831e-14,-1.059702767129862e-13
-2.883,1.0032480977020792e-13,-1.0721873074841715e-13
-2.882,1.0169728675414433e-13,-1.0848165449324393e-13
-2.881,1.0308843538951796e-13,-1.0975921200677984e-13
-2.88,1.0449850829921806e-13,-1.1105156915189736e-13
-2.879,1.0592776150501974e-13,-1.1235889361395957e-13
-2.878,1.073764544730473e-13,-1.136813549199359e-13
-2.877,1.0884485015984195e-13,-1.150191244577033e-13
-2.876,1.1033321505904175e-13,-1.1637237549553495e-13
-2.875,1.1184181924868193e-13,-1.1774128320177733e-13
-2.874,1.133709364391237e-13,-1.19126024664718e-13
-2.873,1.1492084402162002e-13,-1.2052677891264505e-13
-2.872,1.164918231175265e-13,-1.2194372693410023e-13
-2.871,1.1808415862816596e-13,-1.2337705169832692e-13
-2.87,1.196981392853557e-13,-1.248269381759151e-13
-2.869,1.213340577026055e-13,-1.262935733596443e-13
-2.868,1.229922104269958e-13,-1.2777714628552674e-13
-2.867,1.246728979917447e-13,-1.2927784805405168e-13
-2.866,1.2637642496947312e-13,-1.3079587185163333e-13
-2.865,1.2810310002617698e-13,-1.3233141297226314e-13
-2.864,1.2985323597591606e-13,-1.3388466883936883e-13
-2.863,1.3162714983622885e-13,-1.354558390278814e-13
-2.862,1.3342516288428278e-13,-1.3704512528651198e-13
-2.861,1.3524760071376994e-13,-1.3865273156023984e-13
-2.86,1.3709479329255765e-13,-1.4027886401301392e-13
-2.859,1.3896707502110418e-13,-1.4192373105066876e-13
-2.858,1.408647847916495e-13,-1.4358754334405712e-13
-2.857,1.4278826604819136e-13,-1.4527051385240063e-13
-2.856,1.44737866847257e-13,-1.4697285784686047e-13
-2.855,1.4671393991948097e-13,-1.4869479293432935e-13
-2.854,1.4871684273199973e-13,-1.5043653908144716e-13
-2.853,1.507469375516738e-13,-1.521983186388412e-13
-2.852,1.5280459150914805e-13,-1.539803563655935e-13
-2.851,1.5489017666376173e-13,-1.5578287945393645e-13
-2.85,1.5700407006931894e-13,-1.5760611755417856e-13
-2.849,1.5914665384073102e-13,-1.594503027998624e-13
-2.848,1.613183152215425e-13,-1.61315669833156e-13
-2.847,1.6351944665235185e-13,-1.6320245583047991e-13
-2.846,1.657504458401392e-13,-1.6511090052837134e-13
-2.845,1.680117158285128e-13,-1.6704124624958731e-13
-2.844,1.703036650688863e-13,-1.689937379294487e-13
-2.843,1.7262670749259891e-13,-1.7096862314242653e-13
-2.842,1.7498126258399145e-13,-1.729661521289729e-13
-2.841,1.7736775545444988e-13,-1.749865778225978e-13
-2.84,1.7978661691743012e-13,-1.770301558771938e-13
-2.839,1.8223828356447615e-13,-1.7909714469461063e-13
-2.838,1.8472319784224507e-13,-1.8118780545248094e-13
-2.837,1.8724180813055188e-13,-1.8330240213229957e-13
-2.836,1.8979456882144796e-13,-1.8544120154775774e-13
-2.835,1.9238194039934604e-13,-1.876044733733343e-13
-2.834,1.9500438952220627e-13,-1.8979249017314534e-13
-2.833,1.9766238910379666e-13,-1.920055274300547e-13
-2.832,2.0035641839704242e-13,-1.942438635750465e-13
-2.831,2.0308696307847817e-13,-1.9650778001686197e-13
-2.83,2.058545153338179e-13,-1.9879756117190208e-13
-2.829,2.086595739446569e-13,-2.0111349449439804e-13
-2.828,2.115026443763211e-13,-2.0345587050685128e-13
-2.827,2.1438423886687804e-13,-2.05824982830745e-13
-2.826,2.173048765173258e-13,-2.0822112821752875e-13
-2.825,2.202650833829743e-13,-2.1064460657987819e-13
-2.824,2.2326539256603548e-13,-2.130957210232316e-13
-2.823,2.2630634430943747e-13,-2.1557477787760516e-13
-2.822,2.293884860918795e-13,-2.180820867296887e-13
-2.821,2.3251237272414335e-13,-2.2061796045522377e-13
-2.82,2.35678566446678e-13,-2.2318271525166588e-13
-2.819,2.388876370284744e-13,-2.2577667067113262e-13
-2.818,2.4214016186724627e-13,-2.284001496536396e-13
-2.817,2.4543672609093616e-13,-2.3105347856062595e-13
-2.816,2.4877792266056146e-13,-2.3373698720877123e-13
-2.815,2.5216435247442007e-13,-2.364510089041055e-13
-2.814,2.5559662447367267e-13,-2.3919588047641445e-13
-2.813,2.590753557493197e-13,-2.4197194231394094e-13
-2.812,2.6260117165059094e-13,-2.447795383983859e-13
-2.811,2.6617470589476753e-13,-2.476190163402087e-13
-2.81,2.6979660067845337e-13,-2.504907274142304e-13
-2.809,2.734675067903165e-13,-2.533950265955403e-13
-2.808,2.7718808372531835e-13,-2.5633227259570865e-13
-2.807,2.80958999800452e-13,-2.5930282789930655e-13
-2.806,2.8478093227200715e-13,-2.623070588007352e-13
-2.805,2.886545674543838e-13,-2.6534533544136597e-13
-2.804,2.9258060084047315e-13,-2.6841803184699323e-13
-2.803,2.9655973722362807e-13,-2.715255259656015e-13
-2.802,3.0059269082124216e-13,-2.7466819970544893e-13
-2.801,3.0468018539995955e-13,-2.7784643897346836e-13
-2.8,3.088229544025366e-13,-2.810606337139882e-13
-2.799,3.130217410763769e-13,-2.843111779477743e-13
-2.798,3.172772986037614e-13,-2.8759846981139473e-13
-2.797,3.2159039023379655e-13,-2.9092291159690936e-13
-2.796,3.259617894161018e-13,-2.9428490979188544e-13
-2.795,3.3039227993626015e-13,-2.9768487511974104e-13
-2.794,3.348826560530542e-13,-3.011232225804181e-13
-2.793,3.3943372263751187e-13,-3.046003714913861e-13
-2.792,3.440462953137839e-13,-3.0811674552897943e-13
-2.791,3.4872120060187925e-13,-3.1167277277006764e-13
-2.79,3.5345927606228047e-13,-3.1526888573406243e-13
-2.789,3.582613704424652e-13,-3.189055214252618e-13
-2.788,3.6312834382535814e-13,-3.225831213755327e-13
-2.787,3.680610677797384e-13,-3.263021316873345e-13
-2.786,3.7306042551262824e-13,-3.3006300307708393e-13
-2.785,3.781273120236892e-13,-3.338661909188635e-13
-2.784,3.8326263426165125e-13,-3.377121552884745e-13
-2.783,3.8846731128280183e-13,-3.416013610078363e-13
-2.782,3.937422744115618e-13,-3.4553427768973315e-13
-2.781,3.990884674031758e-13,-3.4951137978290964e-13
-2.78,4.0450684660854314e-13,-3.5353314661751677e-13
-2.779,4.099983811412198e-13,-3.5760006245090907e-13
-2.778,4.155640530466169e-13,-3.6171261651379524e-13
-2.777,4.212048574734267e-13,-3.658713030567422e-13
-2.776,4.269218028473041e-13,-3.700766213970347e-13
-2.775,4.3271591104683255e-13,-3.7432907596589164e-13
-2.774,4.385882175818058e-13,-3.7862917635603993e-13
-2.773,4.445397717738538e-13,-3.8297743736964694e-13
-2.772,4.5057163693944524e-13,-3.8737437906661315e-13
-2.771,4.566848905752956e-13,-3.918205268132259e-13
-2.77,4.62880624546214e-13,-3.9631641133117453e-13
-2.769,4.691599452754196e-13,-4.0086256874692936e-13
-2.768,4.755239739373596e-13,-4.05459540641484e-13
-2.767,4.81973846653063e-13,-4.1010787410046284e-13
-2.766,4.8851071468806e-13,-4.148081217645941e-13
-2.765,4.951357446529045e-13,-4.195608418805497e-13
-2.764,5.018501187063298e-13,-4.243665983521524e-13
-2.763,5.086550347610752e-13,-4.2922596079195097e-13
-2.762,5.155517066924151e-13,-4.3413950457316427e-13
-2.761,5.225413645494285e-13,-4.3910781088199497e-13
-2.76,5.296252547690424e-13,-4.441314667703132e-13
-2.759,5.368046403928871e-13,-4.4921106520871067e-13
-2.758,5.440808012869989e-13,-4.543472051399266e-13
-2.757,5.514550343644067e-13,-4.595404915326443e-13
-2.756,5.589286538106419e-13,-4.647915354356607e-13
-2.755,5.665029913122079e-13,-4.701009540324275e-13
-2.754,5.741793962880483e-13,-4.754693706959657e-13
-2.753,5.819592361240536e-13,-4.808974150441524e-13
-2.752,5.898438964106437e-13,-4.863857229953807e-13
-2.751,5.978347811834691e-13,-4.919349368245928e-13
-2.75,6.059333131672695e-13,-4.975457052196873e-13
-2.749,6.141409340229305e-13,-5.032186833382973e-13
-2.748,6.224591045977817e-13,-5.089545328649446e-13
-2.747,6.308893051791771e-13,-5.14753922068564e-13
-2.746,6.394330357513999e-13,-5.206175258604027e-13
-2.745,6.480918162559373e-13,-5.265460258522898e-13
-2.744,6.568671868551658e-13,-5.325401104152802e-13
-2.743,6.657607081994939e-13,-5.386004747386681e-13
-2.742,6.747739616980063e-13,-5.447278208893725e-13
-2.741,6.839085497926541e-13,-5.509228578716932e-13
-2.74,6.93166096236039e-13,-5.571863016874361e-13
-2.739,7.025482463728357e-13,-5.635188753964078e-13
-2.738,7.12056667424903e-13,-5.69921309177278e-13
-2.737,7.216930487801273e-13,-5.763943403888094e-13
-2.736,7.314591022850506e-13,-5.829387136314535e-13
-2.735,7.413565625413306e-13,-5.895551808093115e-13
-2.734,7.513871872060821e-13,-5.962445011924586e-13
-2.733,7.615527572961509e-13,-6.030074414796313e-13
-2.732,7.718550774963714e-13,-6.098447758612751e-13
-2.731,7.822959764718584e-13,-6.167572860829522e-13
-2.73,7.928773071843857e-13,-6.237457615091065e-13
-2.729,8.03600947212907e-13,-6.308109991871849e-13
-2.728,8.144687990782676e-13,-6.379538039121129e-13
-2.727,8.25482790572167e-13,-6.451749882911228e-13
-2.726,8.366448750904227e-13,-6.524753728089308e-13
-2.725,8.479570319705944e-13,-6.598557858932634e-13
-2.724,8.59421266834023e-13,-6.673170639807293e-13
-2.723,8.71039611932342e-13,-6.748600515830334e-13
-2.722,8.828141264985201e-13,-6.824856013535331e-13
-2.721,8.947468971024923e-13,-6.901945741541307e-13
-2.72,9.068400380114405e-13,-6.979878391225028e-13
-2.719,9.19095691554782e-13,-7.058662737396597e-13
-2.718,9.315160284939275e-13,-7.138307638978364e-13
-2.717,9.441032483968727e-13,-7.218822039687065e-13
-2.716,9.568595800176808e-13,-7.300214968719208e-13
-2.715,9.69787281680924e-13,-7.382495541439638e-13
-2.714,9.82888641671147e-13,-7.465672960073247e-13
-2.713,9.961659786274147e-13,-7.54975651439981e-13
-2.712,1.0096216419430139e-12,-7.634755582451887e-13
-2.711,1.0232580121703727e-12,-7.720679631215748e-13
-2.71,1.0370775014312664e-12,-7.807538217335305e-13
-2.709,1.0510825538323781e-12,-7.895340987818964e-13
-2.708,1.065275645886282e-12,-7.984097680749391e-13
-2.707,1.0796592869379207e-12,-8.073818125996117e-13
-2.706,1.0942360195966488e-12,-8.164512245930936e-13
-2.705,1.1090084201739103e-12,-8.256190056146055e-13
-2.704,1.1239790991266276e-12,-8.348861666174931e-13
-2.703,1.1391507015063723e-12,-8.442537280215743e-13
-2.702,1.1545259074143944e-12,-8.537227197857439e-13
-2.701,1.170107432462584e-12,-8.632941814808297e-13
-2.7,1.1858980282404446e-12,-8.729691623626949e-13
-2.699,1.2019004827881507e-12,-8.827487214455784e-13
-2.698,1.2181176210757751e-12,-8.92633927575668e-13
-2.697,1.2345523054887591e-12,-9.026258595048994e-13
-2.696,1.2512074363197098e-12,-9.127256059649724e-13
-2.695,1.2680859522666045e-12,-9.2293426574158e-13
-2.694,1.2851908309374863e-12,-9.3325294774884e-13
-2.693,1.3025250893617314e-12,-9.436827711039216e-13
-2.692,1.3200917845079792e-12,-9.542248652018614e-13
-2.691,1.337894013808801e-12,-9.648803697905583e-13
-2.69,1.3559349156922064e-12,-9.756504350459391e-13
-2.689,1.3742176701200632e-12,-9.865362216472861e-13
-2.688,1.39274549913353e-12,-9.975389008527182e-13
-2.687,1.411521667405586e-12,-1.0086596545748163e-12
-2.686,1.4305494828007497e-12,-1.019899675456382e-12
-2.685,1.4498322969420827e-12,-1.031260166946321e-12
-2.684,1.469373505785568e-12,-1.0427423433756408e-12
-2.683,1.4891765502019605e-12,-1.0543474300335517e-12
-2.682,1.5092449165662044e-12,-1.066076663243662e-12
-2.681,1.529582137354517e-12,-1.0779312904402536e-12
-2.68,1.5501917917492334e-12,-1.0899125702446287e-12
-2.679,1.5710775062515164e-12,-1.1020217725415156e-12
-2.678,1.5922429553020306e-12,-1.1142601785555216e-12
-2.677,1.6136918619096823e-12,-1.1266290809276192e-12
-2.676,1.6354279982885305e-12,-1.1391297837916553e-12
-2.675,1.657455186502974e-12,-1.1517636028508693e-12
-2.674,1.679777299121319e-12,-1.1645318654544052e-12
-2.673,1.7023982598778364e-12,-1.177435910673807e-12
-2.672,1.7253220443434192e-12,-1.1904770893794813e-12
-2.671,1.7485526806049473e-12,-1.2036567643171113e-12
-2.67,1.7720942499534725e-12,-1.2169763101840129e-12
-2.669,1.7959508875813397e-12,-1.2304371137054089e-12
-2.668,1.8201267832883558e-12,-1.2440405737106156e-12
-2.667,1.8446261821971214e-12,-1.257788101209117e-12
-2.666,1.8694533854776502e-12,-1.2716811194665159e-12
-2.665,1.894612751081383e-12,-1.285721064080342e-12
-2.664,1.9201086944847285e-12,-1.2999093830557017e-12
-2.663,1.9459456894422497e-12,-1.3142475368807513e-12
-2.662,1.9721282687496115e-12,-1.328736998601973e-12
-2.661,1.998661025016429e-12,-1.3433792538992398e-12
-2.66,2.0255486114491304e-12,-1.3581758011606458e-12
-2.659,2.052795742643971e-12,-1.3731281515570847e-12
-2.658,2.0804071953903256e-12,-1.3882378291165567e-12
-2.657,2.108387809484388e-12,-1.4035063707981804e-12
-2.656,2.1367424885534168e-12,-1.4189353265658942e-12
-2.655,2.16547620089066e-12,-1.4345262594618177e-12
-2.654,2.1945939803010925e-12,-1.4502807456792606e-12
-2.653,2.224100926958107e-12,-1.4662003746353476e-12
-2.652,2.2540022082713024e-12,-1.482286749043242e-12
-2.651,2.284303059765503e-12,-1.498541484983942e-12
-2.65,2.3150087859711598e-12,-1.514966211977627e-12
-2.649,2.3461247613262784e-12,-1.5315625730545258e-12
-2.648,2.377656431090015e-12,-1.5483322248252862e-12
-2.647,2.409609312268097e-12,-1.5652768375508162e-12
-2.646,2.4419889945502175e-12,-1.5823980952115713e-12
-2.645,2.4748011412595522e-12,-1.5996976955762613e-12
-2.644,2.5080514903145596e-12,-1.6171773502699491e-12
-2.643,2.5417458552032187e-12,-1.6348387848415116e-12
-2.642,2.5758901259698615e-12,-1.6526837388304347e-12
-2.641,2.6104902702147673e-12,-1.6707139658329128e-12
-2.64,2.64555233410667e-12,-1.6889312335672211e-12
-2.639,2.681082443408359e-12,-1.707337323938332e-12
-2.638,2.717086804515528e-12,-1.7259340331017415e-12
-2.637,2.7535717055090444e-12,-1.744723171526473e-12
-2.636,2.7905435172208146e-12,-1.7637065640572283e-12
-2.635,2.828008694313414e-12,-1.7828860499756477e-12
-2.634,2.8659737763736573e-12,-1.8022634830606481e-12
-2.633,2.904445389020292e-12,-1.8218407316478012e-12
-2.632,2.9434302450259883e-12,-1.841619678687716e-12
-2.631,2.9829351454538107e-12,-1.8616022218033897e-12
-2.63,3.022966980808359e-12,-1.881790273346488e-12
-2.629,3.0635327322017607e-12,-1.902185760452517e-12
-2.628,3.104639472534704e-12,-1.9227906250948447e-12
-2.627,3.1462943676927095e-12,-1.9436068241375356e-12
-2.626,3.1885046777578257e-12,-1.9646363293869543e-12
-2.625,3.2312777582359517e-12,-1.9858811276420975e-12
-2.624,3.2746210612999813e-12,-2.007343220743609e-12
-2.623,3.3185421370489755e-12,-2.029024625621436e-12
-2.622,3.363048634783558e-12,-2.0509273743410837e-12
-2.621,3.408148304297752e-12,-2.0730535141484146e-12
-2.62,3.4538489971874556e-12,-2.095405107512956e-12
-2.619,3.500158668175778e-12,-2.117984232169658e-12
-2.618,3.5470853764554426e-12,-2.1407929811590644e-12
-2.617,3.594637287048478e-12,-2.163833462865831e-12
-2.616,3.642822672183417e-12,-2.187107801055559e-12
-2.615,3.691649912690221e-12,-2.210618134909875e-12
-2.614,3.741127499413166e-12,-2.234366619059714e-12
-2.613,3.7912640346419024e-12,-2.2583554236167515e-12
-2.612,3.8420682335609354e-12,-2.282586734202922e-12
-2.611,3.893548925717748e-12,-2.307062751977976e-12
-2.61,3.9457150565098095e-12,-2.3317856936650127e-12
-2.609,3.998575688690707e-12,-2.356757791573931e-12
-2.608,4.052140003895641e-12,-2.3819812936227394e-12
-2.607,4.106417304186541e-12,-2.4074584633566645e-12
-2.606,4.161417013617027e-12,-2.4331915799649906e-12
-2.605,4.217148679817494e-12,-2.4591829382955762e-12
-2.604,4.273621975600563e-12,-2.485434848866971e-12
-2.603,4.330846700587151e-12,-2.5119496378780775e-12
-2.602,4.388832782853432e-12,-2.5387296472152805e-12
-2.601,4.447590280598949e-12,-2.565777234456984e-12
-2.6,4.507129383836144e-12,-2.593094772875478e-12
-2.599,4.5674604161015765e-12,-2.6206846514360687e-12
-2.598,4.628593836189109e-12,-2.6485492747933943e-12
-2.597,4.690540239905334e-12,-2.6766910632848544e-12
-2.596,4.753310361847524e-12,-2.7051124529210786e-12
-2.595,4.816915077204394e-12,-2.73381589537335e-12
-2.594,4.881365403579957e-12,-2.7628038579579146e-12
-2.593,4.94667250284077e-12,-2.792078823617083e-12
-2.592,5.0128476829868705e-12,-2.8216432908970542e-12
-2.591,5.079902400046688e-12,-2.8514997739223707e-12
-2.59,5.147848259996252e-12,-2.8816508023669188e-12
-2.589,5.216697020702988e-12,-2.91209892142139e-12
-2.588,5.2864605938944216e-12,-2.9428466917571147e-12
-2.587,5.3571510471521034e-12,-2.973896689486171e-12
-2.586,5.428780605931066e-12,-3.005251506117687e-12
-2.585,5.501361655605147e-12,-3.0369137485102283e-12
-2.584,5.574906743538498e-12,-3.0688860388201904e-12
-2.583,5.6494285811836065e-12,-3.1011710144460825e-12
-2.582,5.724940046206169e-12,-3.1337713279686137e-12
-2.581,5.801454184637161e-12,-3.166689647086475e-12
-2.58,5.878984213052432e-12,-3.1999286545477123e-12
-2.579,5.957543520780181e-12,-3.2334910480765898e-12
-2.578,6.037145672136667e-12,-3.2673795402958284e-12
-2.577,6.1178044086905e-12,-3.301596858644115e-12
-2.576,6.199533651555886e-12,-3.3361457452887694e-12
-2.575,6.282347503715175e-12,-3.371028957033451e-12
-2.574,6.366260252371091e-12,-3.4062492652207953e-12
-2.573,6.4512863713290205e-12,-3.441809455629854e-12
-2.572,6.537440523409728e-12,-3.4777123283682264e-12
-2.571,6.624737562892882e-12,-3.5139606977587498e-12
-2.57,6.713192537991792e-12,-3.5505573922206308e-12
-2.569,6.802820693359729e-12,-3.5875052541448857e-12
-2.568,6.893637472628249e-12,-3.624807139763962e-12
-2.567,6.985658520977897e-12,-3.662465919015405e-12
-2.566,7.078899687741721e-12,-3.700484475399437e-12
-2.565,7.17337702904199e-12,-3.738865705830313e-12
-2.564,7.269106810460552e-12,-3.777612520481307e-12
-2.563,7.366105509743227e-12,-3.816727842623192e-12
-2.562,7.464389819538694e-12,-3.856214608456058e-12
-2.561,7.563976650172282e-12,-3.8960757669343425e-12
-2.56,7.664883132455107e-12,-3.9363142795848875e-12
-2.559,7.76712662052901e-12,-3.976933120317902e-12
-2.558,7.870724694747724e-12,-4.017935275230656e-12
-2.557,7.97569516459475e-12,-4.059323742403741e-12
-2.556,8.082056071638378e-12,-4.1011015316897635e-12
-2.555,8.18982569252433e-12,-4.1432716644942615e-12
-2.554,8.299022542006498e-12,-4.185837173548716e-12
-2.553,8.409665376016246e-12,-4.228801102675462e-12
-2.552,8.521773194770774e-12,-4.2721665065443335e-12
-2.551,8.635365245920998e-12,-4.315936450420859e-12
-2.55,8.750461027739499e-12,-4.360114009905832e-12
-2.549,8.867080292348976e-12,-4.404702270666066e-12
-2.548,8.985243048991756e-12,-4.449704328156147e-12
-2.547,9.10496956734086e-12,-4.495123287331e-12
-2.546,9.226280380853142e-12,-4.540962262349061e-12
-2.545,9.349196290165025e-12,-4.58722437626586e-12
-2.544,9.473738366531363e-12,-4.6339127607178264e-12
-2.543,9.599927955307999e-12,-4.681030555596088e-12
-2.542,9.727786679478507e-12,-4.728580908710072e-12
-2.541,9.857336443225724e-12,-4.776566975440685e-12
-2.54,9.988599435548602e-12,-4.82499191838286e-12
-2.539,1.0121598133924945e-11,-4.873858906977244e-12
-2.538,1.025635530802062e-11,-4.923171117130808e-12
-2.537,1.0392894023445805e-11,-4.972931730826141e-12
-2.536,1.0531237645558875e-11,-5.0231439357192015e-12
-2.535,1.0671409843318489e-11,-5.073810924725291e-12
-2.534,1.0813434593184532e-11,-5.12493589559299e-12
-2.533,1.095733618306846e-11,-5.176522050465845e-12
-2.532,1.1103139216333707e-11,-5.2285725954315115e-12
-2.531,1.1250868615846762e-11,-5.281090740058137e-12
-2.53,1.1400549628079533e-11,-5.334079696917702e-12
-2.529,1.1552207827263661e-11,-5.387542681096057e-12
-2.528,1.1705869119597422e-11,-5.441482909689404e-12
-2.527,1.1861559747505841e-11,-5.495903601286913e-12
-2.526,1.2019306293954736e-11,-5.550807975439238e-12
-2.525,1.2179135686819309e-11,-5.6061992521126165e-12
-2.524,1.2341075203307992e-11,-5.662080651128275e-12
-2.523,1.2505152474442225e-11,-5.71845539158685e-12
-2.522,1.2671395489592847e-11,-5.775326691277521e-12
-2.521,1.283983260107384e-11,-5.832697766071552e-12
-2.52,1.3010492528794093e-11,-5.890571829299931e-12
-2.519,1.3183404364967923e-11,-5.948952091114794e-12
-2.518,1.3358597578885104e-11,-6.0078417578343174e-12
-2.517,1.3536102021741106e-11,-6.067244031270741e-12
-2.516,1.3715947931528297e-11,-6.127162108041197e-12
-2.515,1.3898165937988894e-11,-6.187599178861011e-12
-2.514,1.4082787067630391e-11,-6.248558427819124e-12
-2.513,1.4269842748804243e-11,-6.310043031635281e-12
-2.512,1.4459364816848615e-11,-6.372056158898656e-12
-2.511,1.465138551929595e-11,-6.4346009692875115e-12
-2.51,1.4845937521146203e-11,-6.497680612769558e-12
-2.509,1.5043053910206494e-11,-6.561298228782623e-12
-2.508,1.5242768202498062e-11,-6.625456945395253e-12
-2.507,1.5445114347731316e-11,-6.690159878446852e-12
-2.506,1.5650126734849815e-11,-6.7554101306669775e-12
-2.505,1.585784019764407e-11,-6.821210790773373e-12
-2.504,1.606829002043599e-11,-6.88756493254835e-12
-2.503,1.6281511943834848e-11,-6.954475613893082e-12
-2.502,1.6497542170565677e-11,-7.021945875859403e-12
-2.501,1.6716417371370973e-11,-7.089978741658674e-12
-2.5,1.6938174690986576e-11,-7.158577215647284e-12
-2.499,1.7162851754192706e-11,-7.227744282288334e-12
-2.498,1.7390486671941033e-11,-7.297482905089052e-12
-2.497,1.7621118047558732e-11,-7.367796025513493e-12
-2.496,1.7854784983030465e-11,-7.438686561870024e-12
-2.495,1.8091527085359267e-11,-7.51015740817316e-12
-2.494,1.8331384473007272e-11,-7.582211432979222e-12
-2.493,1.857439778241731e-11,-7.654851478195357e-12
-2.492,1.8820608174616313e-11,-7.728080357861402e-12
-2.491,1.907005734190158e-11,-7.80190085690409e-12
-2.49,1.9322787514610896e-11,-7.87631572986307e-12
-2.489,1.9578841467977546e-11,-7.951327699588219e-12
-2.488,1.9838262529071248e-11,-8.026939455907712e-12
-2.487,2.010109458382609e-11,-8.103153654266301e-12
-2.486,2.0367382084156516e-11,-8.179972914333245e-12
-2.485,2.0637170055162414e-11,-8.257399818579322e-12
-2.484,2.0910504102424494e-11,-8.335436910822372e-12
-2.483,2.1187430419390926e-11,-8.414086694740758e-12
-2.482,2.1467995794856476e-11,-8.493351632354162e-12
-2.481,2.1752247620535215e-11,-8.573234142471122e-12
-2.48,2.2040233898727933e-11,-8.653736599102683e-12
-2.479,2.2332003250085465e-11,-8.734861329841534e-12
-2.478,2.2627604921469066e-11,-8.816610614206019e-12
-2.477,2.2927088793909034e-11,-8.898986681948342e-12
-2.476,2.323050539066278e-11,-8.98199171132634e-12
-2.475,2.353790588537355e-11,-9.065627827338139e-12
-2.474,2.3849342110331055e-11,-9.149897099919013e-12
-2.473,2.416486656483523e-11,-9.234801542099765e-12
-2.472,2.4484532423664375e-11,-9.320343108125924e-12
-2.471,2.480839354564899e-11,-9.406523691537039e-12
-2.47,2.5136504482352533e-11,-9.493345123205343e-12
-2.469,2.5468920486860473e-11,-9.58080916933306e-12
-2.468,2.5805697522678882e-11,-9.6689175294076e-12
-2.467,2.614689227274399e-11,-9.757671834113856e-12
-2.466,2.649256214854395e-11,-9.847073643202877e-12
-2.465,2.6842765299354293e-11,-9.937124443316065e-12
-2.464,2.7197560621588342e-11,-1.0027825645764152e-11
-2.463,2.7557007768264067e-11,-1.0119178584260096e-11
-2.462,2.7921167158588777e-11,-1.0211184512605102e-11
-2.461,2.829009998766304e-11,-1.0303844602326892e-11
-2.46,2.8663868236305346e-11,-1.03971599402694e-11
-2.459,2.904253468099891e-11,-1.049113152613299e-11
-2.458,2.942616290396216e-11,-1.0585760269964333e-11
-2.457,2.9814817303344385e-11,-1.0681046989595022e-11
-2.456,3.020856310354801e-11,-1.0776992408028046e-11
-2.455,3.060746636567916e-11,-1.0873597150771135e-11
-2.454,3.101159399812792e-11,-1.097086174311609e-11
-2.453,3.1421013767279976e-11,-1.1068786607363083e-11
-2.452,3.183579430836113e-11,-1.1167372059988996e-11
-2.451,3.225600513641644e-11,-1.1266618308758766e-11
-2.45,3.2681716657425437e-11,-1.1366525449778748e-11
-2.449,3.31130001795552e-11,-1.146709346449106e-11
-2.448,3.354992792455287e-11,-1.1568322216607873e-11
-2.447,3.39925730392794e-11,-1.1670211448984572e-11
-2.446,3.4441009607386045e-11,-1.1772760780430717e-11
-2.445,3.4895312661135606e-11,-1.1875969702457715e-11
-2.444,3.535555819336986e-11,-1.1979837575962064e-11
-2.443,3.5821823169625176e-11,-1.2084363627843063e-11
-2.442,3.629418554039801e-11,-1.2189546947553822e-11
-2.441,3.677272425356205e-11,-1.2295386483584395e-11
-2.44,3.725751926693896e-11,-1.2401881039875864e-11
-2.439,3.77486515610244e-11,-1.2509029272164149e-11
-2.438,3.8246203151871365e-11,-1.2616829684252314e-11
-2.437,3.875025710413261e-11,-1.2725280624210144e-11
-2.436,3.9260897544264134e-11,-1.2834380280499677e-11
-2.435,3.977820967389165e-11,-1.2944126678025453e-11
-2.434,4.030227978334198e-11,-1.3054517674108119e-11
-2.433,4.083319526534141e-11,-1.3165550954380104e-11
-2.432,4.137104462888289e-11,-1.3277224028601957e-11
-2.431,4.1915917513264256e-11,-1.3389534226398026e-11
-2.43,4.246790470229944e-11,-1.3502478692910025e-11
-2.429,4.3027098138704725e-11,-1.3616054384367108e-11
-2.428,4.35935909386622e-11,-1.3730258063570991e-11
-2.427,4.4167477406562494e-11,-1.3845086295294627e-11
-2.426,4.474885304992896e-11,-1.3960535441592993e-11
-2.425,4.533781459452545e-11,-1.4076601657024422e-11
-2.424,4.5934459999649934e-11,-1.4193280883780958e-11
-2.423,4.65388884736161e-11,-1.4310568846726183e-11
-2.422,4.7151200489425296e-11,-1.4428461048338896e-11
-2.421,4.7771497800630905e-11,-1.4546952763561028e-11
-2.42,4.83998834573977e-11,-1.466603903454818e-11
-2.419,4.903646182275828e-11,-1.4785714665321076e-11
-2.418,4.9681338589069035e-11,-1.4905974216316237e-11
-2.417,5.0334620794668046e-11,-1.5026811998834196e-11
-2.416,5.0996416840737254e-11,-1.5148222069383414e-11
-2.415,5.166683650837138e-11,-1.5270198223918216e-11
-2.414,5.234599097585604e-11,-1.5392733991968858e-11
-2.413,5.3033992836157546e-11,-1.5515822630661916e-11
-2.412,5.37309561146269e-11,-1.563945711862913e-11
-2.411,5.443699628692056e-11,-1.5763630149802804e-11
-2.41,5.5152230297140465e-11,-1.5888334127095814e-11
-2.409,5.587677657619608e-11,-1.6013561155964283e-11
-2.408,5.6610755060390894e-11,-1.613930303785093e-11
-2.407,5.7354287210236245e-11,-1.6265551263507043e-11
-2.406,5.810749602949494e-11,-1.639229700619105e-11
-2.405,5.887050608445763e-11,-1.6519531114741585e-11
-2.404,5.96434435234545e-11,-1.6647244106522918e-11
-2.403,6.042643609660512e-11,-1.6775426160240606e-11
-2.402,6.121961317580939e-11,-1.690406710862515e-11
-2.401,6.202310577498222e-11,-1.703315643098148e-11
-2.4,6.283704657053495e-11,-1.716268324560191e-11
-2.399,6.366156992210654e-11,-1.7292636302040405e-11
-2.398,6.449681189354706e-11,-1.7423003973245666e-11
-2.397,6.534291027415708e-11,-1.7553774247550782e-11
-2.396,6.620000460018532e-11,-1.7684934720516996e-11
-2.395,6.706823617658825e-11,-1.7816472586629093e-11
-2.394,6.794774809905397e-11,-1.7948374630840013e-11
-2.393,6.883868527629437e-11,-1.8080627219962063e-11
-2.392,6.974119445260786e-11,-1.8213216293902244e-11
-2.391,7.065542423071653e-11,-1.834612735673901e-11
-2.39,7.15815250948805e-11,-1.8479345467637874e-11
-2.389,7.251964943429304e-11,-1.8612855231603115e-11
-2.388,7.346995156675945e-11,-1.874664079006289e-11
-2.387,7.443258776266336e-11,-1.8880685811284943e-11
-2.386,7.540771626922355e-11,-1.9014973480620095e-11
-2.385,7.639549733504478e-11,-1.914948649057068e-11
-2.384,7.73960932349662e-11,-1.928420703068095e-11
-2.383,7.840966829521049e-11,-1.9419116777246536e-11
-2.382,7.943638891883779e-11,-1.9554196882839972e-11
-2.381,8.047642361150726e-11,-1.9689427965649168e-11
-2.38,8.152994300755062e-11,-1.982479009862578e-11
-2.379,8.25971198963607e-11,-1.9960262798440326e-11
-2.378,8.367812924909903e-11,-2.00958250142408e-11
-2.377,8.477314824572611e-11,-2.02314551162116e-11
-2.376,8.5882356302358e-11,-2.03671308839294e-11
-2.375,8.700593509895318e-11,-2.050282949451268e-11
-2.374,8.814406860733347e-11,-2.0638527510561422e-11
-2.373,8.929694311954288e-11,-2.0774200867883606e-11
-2.372,9.046474727654829e-11,-2.0909824863004917e-11
-2.371,9.164767209728604e-11,-2.104537414045811e-11
-2.37,9.284591100805832e-11,-2.118082267984845e-11
-2.369,9.405965987228342e-11,-2.1316143782691447e-11
-2.368,9.528911702060413e-11,-2.1451310059019273e-11
-2.367,9.653448328135818e-11,-2.158629341375193e-11
-2.366,9.779596201141508e-11,-2.17210650328294e-11
-2.365,9.907375912738347e-11,-2.185559536910083e-11
-2.364,1.0036808313719351e-10,-2.1989854127966734e-11
-2.363,1.0167914517205832e-10,-2.212381025277023e-11
-2.362,1.0300715901881903e-10,-2.225743190993315e-11
-2.361,1.0435234115267788e-10,-2.239068647383289e-11
-2.36,1.0571491077032379e-10,-2.2523540511415724e-11
-2.359,1.0709508982345489e-10,-2.265595976654232e-11
-2.358,1.084931030527027e-10,-2.278790914406106e-11
-2.357,1.0990917802196237e-10,-2.2919352693604703e-11
-2.356,1.1134354515313398e-10,-2.3050253593105965e-11
-2.355,1.1279643776127922e-10,-2.3180574132027344e-11
-2.354,1.1426809209019856e-10,-2.3310275694300573e-11
-2.353,1.1575874734843354e-10,-2.3439318740971005e-11
-2.352,1.1726864574569912e-10,-2.356766279254212e-11
-2.351,1.1879803252975107e-10,-2.3695266411015242e-11
-2.35,1.2034715602369313e-10,-2.3822087181619576e-11
-2.349,1.2191626766372944e-10,-2.394808169422752e-11
-2.348,1.235056220373668e-10,-2.4073205524450143e-11
-2.347,1.2511547692207235e-10,-2.4197413214407665e-11
-2.346,1.2674609332439143e-10,-2.4320658253169643e-11
-2.345,1.2839773551953132e-10,-2.444289305685957e-11
-2.344,1.3007067109141584e-10,-2.4564068948418436e-11
-2.343,1.3176517097321645e-10,-2.468413613702172e-11
-2.342,1.3348150948836472e-10,-2.4803043697144263e-11
-2.341,1.3521996439205252e-10,-2.4920739547267297e-11
-2.34,1.3698081691322465e-10,-2.5037170428221906e-11
-2.339,1.3876435179706985e-10,-2.5152281881163017e-11
-2.338,1.4057085734801614e-10,-2.5266018225167977e-11
-2.337,1.4240062547323547e-10,-2.5378322534453725e-11
-2.336,1.4425395172666409e-10,-2.5489136615206352e-11
-2.335,1.461311353535443e-10,-2.559840098201687e-11
-2.334,1.4803247933549328e-10,-2.5706054833916856e-11
-2.333,1.4995829043610534e-10,-2.5812036030007516e-11
-2.332,1.5190887924709304e-10,-2.5916281064675712e-11
-2.331,1.538845602349739e-10,-2.6018725042390236e-11
-2.33,1.5588565178830847e-10,-2.611930165207173e-11
-2.329,1.5791247626549596e-10,-2.621794314102929e-11
-2.328,1.5996536004313383e-10,-2.6314580288456922e-11
-2.327,1.620446335649477e-10,-2.6409142378482782e-11
-2.326,1.6415063139129785e-10,-2.6501557172764005e-11
-2.325,1.6628369224926887e-10,-2.659175088261996e-11
-2.324,1.6844415908334904e-10,-2.667964814069647e-11
-2.323,1.7063237910670593e-10,-2.6765171972153566e-11
-2.322,1.7284870385306497e-10,-2.6848243765369157e-11
-2.321,1.750934892291977e-10,-2.6928783242150952e-11
-2.32,1.7736709556802654e-10,-2.7006708427448708e-11
-2.319,1.7966988768235308e-10,-2.7081935618558932e-11
-2.318,1.8200223491921643e-10,-2.7154379353813972e-11
-2.317,1.8436451121488916e-10,-2.7223952380747208e-11
-2.316,1.8675709515051778e-10,-2.729056562372614e-11
-2.315,1.891803700084145e-10,-2.735412815104483e-11
-2.314,1.916347238290082e-10,-2.741454714146718e-11
-2.313,1.9412054946846154e-10,-2.7471727850212298e-11
-2.312,1.966382446569614e-10,-2.752557357437314e-11
-2.311,1.9918821205769067e-10,-2.757598561775944e-11
-2.31,2.0177085932648842e-10,-2.762286325515579e-11
-2.309,2.0438659917220635e-10,-2.766610369598567e-11
-2.308,2.0703584941776909e-10,-2.7705602047371992e-11
-2.307,2.0971903306194614e-10,-2.7741251276584634e-11
-2.306,2.124365783418434e-10,-2.7772942172865287e-11
-2.305,2.1518891879612194e-10,-2.7800563308619787e-11
-2.304,2.1797649332895248e-10,-2.7824000999967934e-11
-2.303,2.2079974627471304e-10,-2.7843139266640708e-11
-2.302,2.2365912746343861e-10,-2.785785979121456e-11
-2.301,2.265550922870306e-10,-2.7868041877672354e-11
-2.3,2.2948810176623432e-10,-2.7873562409280363e-11
-2.299,2.3245862261839367e-10,-2.7874295805770562e-11
-2.298,2.354671273259905e-10,-2.7870113979817285e-11
-2.297,2.385140942059778e-10,-2.7860886292797172e-11
-2.296,2.416000074799155e-10,-2.7846479509821138e-11
-2.295,2.447253573449173e-10,-2.782675775402695e-11
-2.294,2.4789064004541756e-10,-2.7801582460120817e-11
-2.293,2.510963579457666e-10,-2.7770812327156173e-11
-2.292,2.5434301960366477e-10,-2.7734303270537785e-11
-2.291,2.5763113984444293e-10,-2.769190837323897e-11
-2.29,2.609612398361991e-10,-2.764347783621967e-11
-2.289,2.64333847165801e-10,-2.7588858928032814e-11
-2.288,2.677494959157629e-10,-2.7527895933606362e-11
-2.287,2.712087267420071e-10,-2.746043010218807e-11
-2.286,2.74712086952519e-10,-2.738629959443995e-11
-2.285,2.7826013058690593e-10,-2.7305339428669106e-11
-2.284,2.818534184968687e-10,-2.7217381426181563e-11
-2.283,2.854925184275967e-10,-2.7122254155745276e-11
-2.282,2.891780051000952e-10,-2.7019782877148575e-11
-2.281,2.929104602944565e-10,-2.690978948383984e-11
-2.28,2.966904729340832e-10,-2.6792092444634212e-11
-2.279,3.005186391708754e-10,-2.6666506744472716e-11
-2.278,3.0439556247139075e-10,-2.6532843824219145e-11
-2.277,3.0832185370398925e-10,-2.63909115194797e-11
-2.276,3.1229813122697157e-10,-2.6240513998430238e-11
-2.275,3.1632502097772307e-10,-2.6081451698635656e-11
-2.274,3.2040315656287313e-10,-2.5913521262845885e-11
-2.273,3.2453317934948114e-10,-2.573651547375249e-11
-2.272,3.2871573855725957e-10,-2.555022318768986e-11
-2.271,3.3295149135184586e-10,-2.535442926726459e-11
-2.27,3.3724110293913325e-10,-2.514891451289645e-11
-2.269,3.4158524666067274e-10,-2.4933455593254164e-11
-2.268,3.4598460409015646e-10,-2.4707824974568784e-11
-2.267,3.5043986513099486e-10,-2.4471790848807408e-11
-2.266,3.549517281149986e-10,-2.4225117060689594e-11
-2.265,3.5952089990217653e-10,-2.3967563033528578e-11
-2.264,3.641480959816625e-10,-2.369888369387916e-11
-2.263,3.688340405737816e-10,-2.3418829394973884e-11
-2.262,3.735794667332687e-10,-2.3127145838928763e-11
-2.261,3.7838511645365053e-10,-2.2823573997699617e-11
-2.26,3.832517407728045e-10,-2.250785003276979e-11
-2.259,3.881800998797051e-10,-2.2179705213549667e-11
-2.258,3.9317096322237196e-10,-2.1838865834468196e-11
-2.257,3.9822510961703e-10,-2.1485053130736305e-11
-2.256,4.0334332735849634e-10,-2.1117983192761756e-11
-2.255,4.085264143318052e-10,-2.0737366879194727e-11
-2.254,4.1377517812508417e-10,-2.0342909728583123e-11
-2.253,4.190904361436948e-10,-1.9934311869616222e-11
-2.252,4.244730157256501e-10,-1.9511267929935018e-11
-2.251,4.2992375425832306e-10,-1.9073466943487298e-11
-2.25,4.354434992964581e-10,-1.8620592256405105e-11
-2.249,4.410331086815001e-10,-1.8152321431381988e-11
-2.248,4.466934506622536e-10,-1.766832615052702e-11
-2.247,4.5242540401688644e-10,-1.7168272116672337e-11
-2.246,4.5822985817629094e-10,-1.665181895311045e-11
-2.245,4.6410771334881703e-10,-1.6118620101737412e-11
-2.244,4.700598806463908e-10,-1.5568322719577396e-11
-2.243,4.760872822120332e-10,-1.5000567573664028e-11
-2.242,4.821908513487922e-10,-1.441498893425332e-11
-2.241,4.883715326501031e-10,-1.3811214466342808e-11
-2.24,4.946302821315928e-10,-1.3188865119470999e-11
-2.239,5.009680673643392e-10,-1.254755501577095e-11
-2.238,5.073858676096044e-10,-1.1886891336251358e-11
-2.237,5.138846739550536e-10,-1.1206474205278171e-11
-2.236,5.20465489452476e-10,-1.050589657322932e-11
-2.235,5.271293292570222e-10,-9.78474409729477e-12
-2.234,5.338772207679738e-10,-9.042595020393712e-12
-2.233,5.407102037710594e-10,-8.279020048180233e-12
-2.232,5.476293305823342e-10,-7.493582224108445e-12
-2.231,5.546356661936368e-10,-6.685836802527613e-12
-2.23,5.617302884196398e-10,-5.8553311197773425e-12
-2.229,5.689142880465109e-10,-5.0016044632525346e-12
-2.228,5.761887689821974e-10,-4.124187938407272e-12
-2.227,5.835548484083552e-10,-3.222604333666436e-12
-2.226,5.910136569339321e-10,-2.2963679832133294e-12
-2.225,5.985663387504273e-10,-1.3449846276211621e-12
-2.224,6.062140517888406e-10,-3.6795127229575623e-13
-2.223,6.139579678783281e-10,6.352439563036389e-13
-2.222,6.217992729065817e-10,1.6651219566990153e-12
-2.221,6.297391669819491e-10,2.722212800717849e-12
-2.22,6.377788645973103e-10,3.807055884141501e-12
-2.219,6.459195947957301e-10,4.920200079712871e-12
-2.218,6.54162601337899e-10,6.062203892538905e-12
-2.217,6.625091428713867e-10,7.233635617924083e-12
-2.216,6.709604931017186e-10,8.435073501671541e-12
-2.215,6.795179409652972e-10,9.667105902889021e-12
-2.214,6.881827908041857e-10,1.0930331459337348e-11
-2.213,6.969563625427698e-10,1.2225359255359763e-11
-2.212,7.058399918663166e-10,1.3552808992430904e-11
-2.211,7.148350304014496e-10,1.4913311162364867e-11
-2.21,7.239428458985568e-10,1.6307507223222312e-11
-2.209,7.331648224161498e-10,1.7736049777957164e-11
-2.208,7.425023605071948e-10,1.9199602755844087e-11
-2.207,7.519568774074306e-10,2.069884159672844e-11
-2.206,7.615298072256951e-10,2.2234453438141103e-11
-2.205,7.712226011362787e-10,2.380713730532112e-11
-2.204,7.810367275733215e-10,2.5417604304189758e-11
-2.203,7.909736724272759e-10,2.70665778173202e-11
-2.202,8.010349392434535e-10,2.8754793702947773e-11
-2.201,8.112220494226733e-10,3.048300049706616e-11
-2.2,8.215365424240334e-10,3.225195961865586e-11
-2.199,8.319799759698254e-10,3.406244557809167e-11
-2.198,8.425539262526089e-10,3.5915246188776716e-11
-2.197,8.532599881444691e-10,3.781116278205135e-11
-2.196,8.640997754084757e-10,3.975101042542565e-11
-2.195,8.750749209123627e-10,4.1735618144185284e-11
-2.194,8.861870768444512e-10,4.376582914642098e-11
-2.193,8.97437914931834e-10,4.584250105153278e-11
-2.192,9.088291266608432e-10,4.796650612226067e-11
-2.191,9.203624234998209e-10,5.013873150029436e-11
-2.19,9.320395371242138e-10,5.2360079445515414e-11
-2.189,9.438622196440138e-10,5.4631467578925684e-11
-2.188,9.558322438335628e-10,5.6953829129317185e-11
-2.187,9.67951403363746e-10,5.932811318373875e-11
-2.186,9.802215130365923e-10,6.175528494181612e-11
-2.185,9.92644409022305e-10,6.423632597398253e-11
-2.184,1.0052219490987424e-9,6.677223448367821e-11
-2.183,1.0179560128933716e-9,6.936402557357719e-11
-2.182,1.0308485021277163e-9,7.201273151590168e-11
-2.181,1.0439013408643205e-9,7.471940202688434e-11
-2.18,1.0571164757562487e-9,7.748510454544003e-11
-2.179,1.0704958762991487e-9,8.031092451610935e-11
-2.178,1.0840415350858926e-9,8.319796567633734e-11
-2.177,1.097755468063825e-9,8.614735034815146e-11
-2.176,1.1116397147946358e-9,8.916021973430372e-11
-2.175,1.125696338716882e-9,9.223773421894356e-11
-2.174,1.1399274274111817e-9,9.538107367288768e-11
-2.173,1.1543350928681011e-9,9.859143776355543e-11
-2.172,1.168921471758759e-9,1.0187004626963823e-10
-2.171,1.1836887257081688e-9,1.0521813940057303e-10
-2.17,1.198639041571347e-9,1.0863697812089082e-10
-2.169,1.213774631712203e-9,1.1212784447951177e-10
-2.168,1.2290977342852394e-9,1.156920419440603e-10
-2.167,1.2446106135200842e-9,1.193308957402737e-10
-2.166,1.260315560008877e-9,1.230457531965796e-10
-2.165,1.2762148909965359e-9,1.2683798409391798e-10
-2.164,1.2923109506739232e-9,1.307089810208855e-10
-2.163,1.3086061104739389e-9,1.346601597342797e-10
-2.162,1.3251027693705625e-9,1.3869295952512297e-10
-2.161,1.3418033541808683e-9,1.4280884359024665e-10
-2.16,1.3587103198700358e-9,1.4700929940951676e-10
-2.159,1.3758261498593816e-9,1.512958391287843e-10
-2.158,1.3931533563374361e-9,1.5566999994864435e-10
-2.157,1.4106944805740879e-9,1.6013334451908842e-10
-2.156,1.4284520932378194e-9,1.646874613401374e-10
-2.155,1.4464287947160618e-9,1.6933396516854188e-10
-2.154,1.4646272154386887e-9,1.7407449743063936e-10
-2.153,1.4830500162046741e-9,1.7891072664145773e-10
-2.152,1.5016998885119416e-9,1.8384434883015734e-10
-2.151,1.5205795548904258e-9,1.8887708797190333e-10
-2.15,1.539691769238371e-9,1.9401069642626318e-10
-2.149,1.5590393171618944e-9,1.9924695538222387e-10
-2.148,1.5786250163178323e-9,2.045876753099261e-10
-2.147,1.598451716759902e-9,2.1003469641921322e-10
-2.146,1.6185223012881953e-9,2.155898891250943e-10
-2.145,1.638839685802035e-9,2.2125515452022213e-10
-2.144,1.6594068196562139e-9,2.2703242485448863e-10
-2.143,1.680226686020645e-9,2.3292366402184104e-10
-2.142,1.7013023022434447e-9,2.389308680544243e-10
-2.141,1.7226367202174743e-9,2.4505606562415603e-10
-2.14,1.7442330267503638e-9,2.513013185518423e-10
-2.139,1.7660943439380453e-9,2.5766872232394396e-10
-2.138,1.7882238295418165e-9,2.6416040661710443e-10
-2.137,1.8106246773689619e-9,2.707785358305521e-10
-2.136,1.8333001176569542e-9,2.7752530962649126e-10
-2.135,1.8562534174612632e-9,2.844029634785976e-10
-2.134,1.8794878810467927e-9,2.914137692287361e-10
-2.133,1.9030068502829734e-9,2.9856003565202026e-10
-2.132,1.926813705042534e-9,3.058441090303336e-10
-2.131,1.950911863603977e-9,3.132683737344359e-10
-2.13,1.9753047830577788e-9,3.208352528147785e-10
-2.129,1.9999959597163456e-9,3.2854720860115533e-10
-2.128,2.024988929527744e-9,3.3640674331131606e-10
-2.127,2.050287268493228e-9,3.4441639966867226e-10
-2.126,2.0758945930885976e-9,3.525787615292274e-10
-2.125,2.101814560689397e-9,3.6089645451786376e-10
-2.124,2.1280508699999895e-9,3.693721466741215e-10
-2.123,2.154607261486529e-9,3.780085491076074e-10
-2.122,2.181487517813844e-9,3.8680841666317055e-10
-2.121,2.2086954642862734e-9,3.957745485959879e-10
-2.12,2.2362349692924585e-9,4.049097892567007e-10
-2.119,2.2641099447541326e-9,4.142170287867473e-10
-2.118,2.292324346578916e-9,4.236992038240391e-10
-2.117,2.3208821751171505e-9,4.3335929821912835e-10
-2.116,2.34978747562279e-9,4.432003437620185e-10
-2.115,2.379044338718371e-9,4.5322542091977036e-10
-2.114,2.4086569008640854e-9,4.634376595850587e-10
-2.113,2.4386293448309824e-9,4.738402398358372e-10
-2.112,2.4689659001783103e-9,4.844363927062704e-10
-2.111,2.4996708437350335e-9,4.952294009690943e-10
-2.11,2.530748500085535e-9,5.062225999295711e-10
-2.109,2.562203242059535e-9,5.17419378231201e-10
-2.108,2.5940394912262376e-9,5.28823178673363e-10
-2.107,2.626261718392734e-9,5.404374990410524e-10
-2.106,2.6588744441066786e-9,5.522658929468905e-10
-2.105,2.69188223916326e-9,5.643119706855803e-10
-2.104,2.725289725116486e-9,5.765794001009873e-10
-2.103,2.7591015747948036e-9,5.890719074660244e-10
-2.102,2.7933225128210683e-9,6.017932783755255e-10
-2.101,2.827957316136893e-9,6.147473586522916e-10
-2.1,2.863010814531382e-9,6.279380552664978e-10
-2.099,2.8984878911742767e-9,6.413693372686522e-10
-2.098,2.9343934831535277e-9,6.550452367362995e-10
-2.097,2.9707325820173153e-9,6.689698497346644e-10
-2.096,3.0075102343205274e-9,6.831473372914345e-10
-2.095,3.0447315421757194e-9,6.975819263858824e-10
-2.094,3.08240166380857e-9,7.122779109525327e-10
-2.093,3.1205258141178452e-9,7.272396528995788e-10
-2.092,3.1591092652398937e-9,7.424715831422604e-10
-2.091,3.1981573471176784e-9,7.579782026514135e-10
-2.09,3.2376754480743704e-9,7.73764083517408e-10
-2.089,3.277669015391506e-9,7.898338700296925e-10
-2.088,3.3181435558917347e-9,8.061922797721652e-10
-2.087,3.3591046365261596e-9,8.228441047345978e-10
-2.086,3.400557884966285e-9,8.397942124403377e-10
-2.085,3.442508990200591e-9,8.570475470905199e-10
-2.084,3.484963703135733e-9,8.746091307250224e-10
-2.083,3.5279278372023864e-9,8.924840644004003e-10
-2.082,3.571407268965748e-9,9.106775293850412e-10
-2.081,3.61540793874069e-9,9.291947883717827e-10
-2.08,3.6599358512115905e-9,9.48041186708239e-10
-2.079,3.7049970760568418e-9,9.672221536450884e-10
-2.078,3.750597748578042e-9,9.867432036025724e-10
-2.077,3.796744070333875e-9,1.0066099374554643e-9
-2.076,3.843442309778699e-9,1.0268280438367679e-9
-2.075,3.89069880290582e-9,1.0474033004604095e-9
-2.074,3.938519953895491e-9,1.06834157546319e-9
-2.073,3.9869122357675996e-9,1.0896488287662692e-9
-2.072,4.035882191039088e-9,1.1113311134564562e-9
-2.071,4.085436432386068e-9,1.133394577187583e-9
-2.07,4.1355816433106644e-9,1.1558454636022458e-9
-2.069,4.186324578812559e-9,1.1786901137741994e-9
-2.068,4.237672066065256e-9,1.20193496767169e-9
-2.067,4.289631005097057e-9,1.225586565642028e-9
-2.066,4.342208369476729e-9,1.2496515499176902e-9
-2.065,4.395411207003892e-9,1.2741366661442584e-9
-2.064,4.449246640404096e-9,1.2990487649304986e-9
-2.063,4.5037218680285785e-9,1.3243948034208884e-9
-2.062,4.558844164558719e-9,1.3501818468909105e-9
-2.061,4.614620881715159e-9,1.376417070365425e-9
-2.06,4.671059448971583e-9,1.4031077602604497e-9
-2.059,4.728167374273156e-9,1.430261316048667e-9
-2.058,4.7859522447596e-9,1.4578852519489971e-9
-2.057,4.84442172749289e-9,1.4859871986405647e-9
-2.056,4.903583570189567e-9,1.514574905001405e-9
-2.055,4.963445601957641e-9,1.5436562398722521e-9
-2.054,5.024015734038071e-9,1.5732391938457556e-9
-2.053,5.085301960550797e-9,1.6033318810814849e-9
-2.052,5.147312359245316e-9,1.6339425411470739e-9
-2.051,5.210055092255761e-9,1.665079540885874e-9
-2.05,5.2735384068604746e-9,1.6967513763114808e-9
-2.049,5.337770636246049e-9,1.7289666745295065e-9
-2.048,5.402760200275791e-9,1.7617341956869806e-9
-2.047,5.46851560626261e-9,1.7950628349497557e-9
-2.046,5.535045449746269e-9,1.8289616245083118e-9
-2.045,5.602358415274986e-9,1.8634397356123482e-9
-2.044,5.670463277191352e-9,1.898506480634565e-9
-2.043,5.739368900422512e-9,1.9341713151640327e-9
-2.042,5.809084241274593e-9,1.970443840129566e-9
-2.041,5.8796183482313236e-9,2.00733380395351e-9
-2.04,5.95098036275681e-9,2.044851104736361e-9
-2.039,6.0231795201024275e-9,2.0830057924726475e-9
-2.038,6.096225150117771e-9,2.121808071298504e-9
-2.037,6.1701266780656325e-9,2.161268301771368e-9
-2.036,6.244893625440939e-9,2.2013970031822533e-9
-2.035,6.320535610793612e-9,2.2422048559010352e-9
-2.034,6.39706235055528e-9,2.2837027037552134e-9
-2.033,6.474483659869808e-9,2.3259015564426046e-9
-2.032,6.552809453427559e-9,2.368812591978435e-9
-2.031,6.632049746303346e-9,2.4124471591773036e-9
-2.03,6.7122146547980005e-9,2.4568167801704955e-9
-2.029,6.793314397283497e-9,2.501933152959128e-9
-2.028,6.875359295051551e-9,2.5478081540036236e-9
-2.027,6.958359773165641e-9,2.5944538408500067e-9
-2.026,7.0423263613163545e-9,2.6418824547935223e-9
-2.025,7.127269694679996e-9,2.6901064235800994e-9
-2.024,7.2132005147803775e-9,2.739138364146161e-9
-2.023,7.300129670353698e-9,2.788991085397319e-9
-2.022,7.388068118216428e-9,2.8396775910264746e-9
-2.021,7.477026924136123e-9,2.891211082371867e-9
-2.02,7.567017263705053e-9,2.9436049613156144e-9
-2.019,7.658050423216569e-9,2.9968728332232948e-9
-2.018,7.750137800544089e-9,3.0510285099251333e-9
-2.017,7.84329090602263e-9,3.1060860127393556e-9
-2.016,7.937521363332752e-9,3.1620595755382824e-9
-2.015,8.032840910386811e-9,3.218963647857747e-9
-2.014,8.129261400217421e-9,3.276812898050426e-9
-2.013,8.226794801868004e-9,3.3356222164836714e-9
-2.012,8.325453201285289e-9,3.3954067187824594e-9
-2.011,8.42524880221366e-9,3.456181749118056e-9
-2.01,8.52619392709122e-9,3.5179628835430285e-9
-2.009,8.628301017947422e-9,3.5807659333732203e-9
-2.008,8.73158263730216e-9,3.6446069486173334e-9
-2.007,8.836051469066147e-9,3.709502221454757e-9
-2.006,8.94172031944246e-9,3.775468289762294e-9
-2.005,9.048602117829103e-9,3.842521940690448e-9
-2.004,9.156709917722412e-9,3.910680214289935e-9
-2.003,9.26605689762117e-9,3.979960407189104e-9
-2.002,9.376656361931254e-9,4.050380076322946e-9
-2.001,9.488521741870665e-9,4.121957042714386e-9
-2.0,9.601666596374729e-9,4.194709395308563e-9
-1.999,9.716104613001356e-9,4.268655494860815e-9
-1.998,9.831849608836105e-9,4.34381397787908e-9
-1.997,9.94891553139693e-9,4.4202037606214545e-9
-1.996,1.0067316459538363e-8,4.497844043149637e-9
-1.995,1.018706660435498e-8,4.5767543134390194e-9
-1.994,1.0308180310083919e-8,4.656954351546178e-9
-1.993,1.0430672055006249e-8,4.7384642338345225e-9
-1.992,1.0554556452346984e-8,4.821304337258907e-9
-1.991,1.06798482511735e-8,4.905495343709963e-9
-1.99,1.0806562337292172e-8,4.991058244418967e-9
-1.989,1.0934713734142938e-8,5.078014344424048e-9
-1.988,1.1064317603691617e-8,5.166385267098553e-9
-1.987,1.1195389247319676e-8,5.2561929587423994e-9
-1.986,1.1327944106711253e-8,5.347459693237246e-9
-1.985,1.1461997764737125e-8,5.440208076766345e-9
-1.984,1.1597565946335397e-8,5.534461052599919e-9
-1.983,1.1734664519388628e-8,5.630241905946951e-9
-1.982,1.1873309495597099e-8,5.727574268874255e-9
-1.981,1.2013517031347972e-8,5.826482125293719e-9
-1.98,1.2155303428580016e-8,5.926989816018643e-9
-1.979,1.2298685135643627e-8,6.029122043890059e-9
-1.978,1.2443678748155806e-8,6.1329038789739855e-9
-1.977,1.2590301009849813e-8,6.238360763830534e-9
-1.976,1.2738568813419142e-8,6.34551851885583e-9
-1.975,1.2888499201355524e-8,6.454403347697704e-9
-1.974,1.3040109366780574e-8,6.565041842746125e-9
-1.973,1.3193416654270769e-8,6.677460990699371e-9
-1.972,1.33484385606754e-8,6.791688178206911e-9
-1.971,1.350519273592711e-8,6.9077511975900455e-9
-1.97,1.3663696983844673e-8,7.02567825264128e-9
-1.969,1.3823969262927605e-8,7.145497964503517e-9
-1.968,1.3986027687142246e-8,7.267239377630071e-9
-1.967,1.414989052669889e-8,7.390931965826592e-9
-1.966,1.4315576208819551e-8,7.516605638375963e-9
-1.965,1.4483103318495975e-8,7.644290746247255e-9
-1.964,1.4652490599237421e-8,7.77401808838985e-9
-1.963,1.4823756953807817e-8,7.90581891811383e-9
-1.962,1.499692144495182e-8,8.039724949557766e-9
-1.961,1.5172003296109314e-8,8.175768364245064e-9
-1.96,1.5349021892117875e-8,8.31398181772998e-9
-1.959,1.5527996779902748e-8,8.454398446334522e-9
-1.958,1.5708947669153816e-8,8.597051873977388e-9
-1.957,1.589189443298904e-8,8.74197621909615e-9
-1.956,1.6076857108603914e-8,8.889206101663891e-9
-1.955,1.6263855897906334e-8,9.038776650301524e-9
-1.954,1.6452911168136404e-8,9.190723509487036e-9
-1.953,1.664404345247058e-8,9.345082846862905e-9
-1.952,1.6837273450609625e-8,9.501891360642971e-9
-1.951,1.7032622029349754e-8,9.661186287120028e-9
-1.95,1.7230110223136432e-8,9.82300540827548e-9
-1.949,1.7429759234600175e-8,9.987387059492317e-9
-1.948,1.7631590435073752e-8,1.0154370137372804e-8
-1.947,1.7835625365090194e-8,1.0323994107662199e-8
-1.946,1.804188573486087e-8,1.049629901327986e-8
-1.945,1.825039342473311e-8,1.0671325482459148e-8
-1.944,1.846117048562656e-8,1.0849114736997511e-8
-1.943,1.8674239139447675e-8,1.1029708600618142e-8
-1.942,1.8889621779481614e-8,1.1213149507444692e-8
-1.941,1.9107340970760826e-8,1.1399480510590429e-8
-1.94,1.9327419450409587e-8,1.1588745290863354e-8
-1.939,1.9549880127963727e-8,1.1780988165588727e-8
-1.938,1.9774746085664805e-8,1.1976254097550519e-8
-1.937,2.0002040578727948e-8,1.2174588704053304e-8
-1.936,2.0231787035582518e-8,1.2376038266106114e-8
-1.935,2.0464009058084838e-8,1.2580649737729838e-8
-1.934,2.069873042170212e-8,1.2788470755389698e-8
-1.933,2.0935975075666735e-8,1.2999549647554436e-8
-1.932,2.1175767143099965e-8,1.3213935444383781e-8
-1.931,2.1418130921104356e-8,1.343167788754585e-8
-1.93,2.1663090880823757e-8,1.3652827440166112e-8
-1.929,2.1910671667470106e-8,1.3877435296909584e-8
-1.928,2.2160898100316054e-8,1.4105553394197967e-8
-1.927,2.2413795172652395e-8,1.4337234420563377e-8
-1.926,2.266938805170942e-8,1.4572531827140447e-8
-1.925,2.2927702078541063e-8,1.4811499838298499e-8
-1.924,2.318876276787092e-8,1.5054193462415587e-8
-1.923,2.3452595807899034e-8,1.5300668502796176e-8
-1.922,2.3719227060068382e-8,1.5550981568734243e-8
-1.921,2.3988682558789986e-8,1.5805190086723666e-8
-1.92,2.4260988511125536e-8,1.6063352311817722e-8
-1.919,2.453617129642636e-8,1.6325527339139553e-8
-1.918,2.4814257465927607e-8,1.6591775115545503e-8
-1.917,2.5095273742296455e-8,1.6862156451443235e-8
-1.916,2.5379247019133102e-8,1.713673303276655e-8
-1.915,2.566620436042337e-8,1.741556743310886e-8
-1.914,2.5956172999941594e-8,1.7698723126017306e-8
-1.913,2.624918034060256e-8,1.7986264497449494e-8
-1.912,2.654525395376116e-8,1.8278256858394887e-8
-1.911,2.6844421578458438e-8,1.857476645766289e-8
-1.91,2.7146711120612633e-8,1.8875860494839673e-8
-1.909,2.7452150652153898e-8,1.918160713341587e-8
-1.908,2.776076841010118e-8,1.9492075514087203e-8
-1.907,2.8072592795579913e-8,1.980733576823019e-8
-1.906,2.8387652372778946e-8,2.0127459031555143e-8
-1.905,2.8705975867845302e-8,2.0452517457938542e-8
-1.904,2.9027592167715157e-8,2.078258423343706e-8
-1.903,2.93525303188795e-8,2.1117733590485483e-8
-1.902,2.9680819526082894e-8,2.1458040822280688e-8
-1.901,3.001248915095367e-8,2.180358229735408e-8
-1.9,3.034756871056392e-8,2.2154435474334686e-8
-1.899,3.0686087875917617e-8,2.25106789169053e-8
-1.898,3.102807647036507e-8,2.287239230895401e-8
-1.897,3.137356446794201e-8,2.3239656469923488e-8
-1.896,3.172258199163151e-8,2.3612553370360455e-8
-1.895,3.207515931154686e-8,2.3991166147667743e-8
-1.894,3.2431326843033614e-8,2.437557912206142e-8
-1.893,3.2791115144688784e-8,2.476587781273546e-8
-1.892,3.3154554916295405e-8,2.5162148954236466e-8
-1.891,3.3521676996670334e-8,2.5564480513050997e-8
-1.89,3.389251236142339e-8,2.5972961704408022e-8
-1.889,3.426709212062568e-8,2.6387683009299167e-8
-1.888,3.464544751638512e-8,2.6808736191719294e-8
-1.887,3.5027609920326945e-8,2.7236214316130108e-8
-1.886,3.541361083097706e-8,2.7670211765149458e-8
-1.885,3.5803481871046005e-8,2.8110824257469018e-8
-1.884,3.6197254784611276e-8,2.8558148866003108e-8
-1.883,3.6594961434195735e-8,2.901228403627138e-8
-1.882,3.699663379773972e-8,2.9473329605018185e-8
-1.881,3.740230396546447e-8,2.9941386819071424e-8
-1.88,3.781200413662445e-8,3.0416558354443734e-8
-1.879,3.822576661614609e-8,3.0898948335678887e-8
-1.878,3.86436238111504e-8,3.1388662355446274e-8
-1.877,3.9065608227356886e-8,3.1885807494386496e-8
-1.876,3.949175246536615e-8,3.2390492341210916e-8
-1.875,3.992208921681849e-8,3.290282701305822e-8
-1.874,4.035665126042578e-8,3.342292317611104e-8
-1.873,4.079547145787385e-8,3.395089406647566e-8
-1.872,4.1238582749592575e-8,3.448685451132786e-8
-1.871,4.16860181503907e-8,3.503092095032809e-8
-1.87,4.213781074495259e-8,3.558321145730908e-8
-1.869,4.259399368319378e-8,3.614384576223901e-8
-1.868,4.3054600175472446e-8,3.671294527346364e-8
-1.867,4.351966348765351e-8,3.729063310023034e-8
-1.866,4.398921693602236e-8,3.787703407549763e-8
-1.865,4.4463293882044925e-8,3.847227477903323e-8
-1.864,4.4941927726970765e-8,3.9076483560804246e-8
-1.863,4.5425151906275997e-8,3.96897905646626e-8
-1.862,4.591299988394244e-8,4.0312327752329276e-8
-1.861,4.640550514656971e-8,4.094422892768079e-8
-1.86,4.690270119731666e-8,4.158562976134131e-8
-1.859,4.740462154966852e-8,4.223666781558394e-8
-1.858,4.79112997210262e-8,4.2897482569544754e-8
-1.857,4.842276922611395e-8,4.356821544475311e-8
-1.856,4.8939063570201605e-8,4.424900983098179e-8
-1.855,4.9460216242137553e-8,4.494001111242077e-8
-1.854,4.9986260707188514e-8,4.5641366694178105e-8
-1.853,5.0517230399682113e-8,4.635322602911172e-8
-1.852,5.105315871544816e-8,4.7075740644995896e-8
-1.851,5.159407900405451e-8,4.780906417202612e-8
-1.85,5.214002456083329e-8,4.8553352370666175e-8
-1.849,5.2691028618693155e-8,4.930876315984132e-8
-1.848,5.3247124339713204e-8,5.0075456645481375e-8
-1.847,5.380834480651417e-8,5.085359514941769e-8
-1.846,5.437472301340219e-8,5.1643343238637935e-8
-1.845,5.494629185728075e-8,5.2444867754902654e-8
-1.844,5.552308412832587e-8,5.325833784472763e-8
-1.843,5.610513250042e-8,5.408392498973616e-8
-1.842,5.669246952133947e-8,5.492180303738522e-8
-1.841,5.7285127602690806e-8,5.577214823206976e-8
-1.84,5.788313900959068e-8,5.663513924660924e-8
-1.839,5.848653585008441e-8,5.751095721412054e-8
-1.838,5.9095350064297874e-8,5.839978576028166e-8
-1.837,5.970961341331732e-8,5.9301811035990264e-8
-1.836,6.032935746779189e-8,6.021722175042149e-8
-1.835,6.09546135962531e-8,6.114620920448941e-8
-1.834,6.158541295314594e-8,6.208896732471639e-8
-1.833,6.222178646656563e-8,6.304569269751484e-8
-1.832,6.286376482569436e-8,6.401658460388582e-8
-1.831,6.351137846793214e-8,6.500184505453899e-8
-1.83,6.416465756571555e-8,6.600167882543831e-8
-1.829,6.482363201301857e-8,6.701629349377825e-8
-1.828,6.548833141152891e-8,6.80458994743949e-8
-1.827,6.615878505649387e-8,6.909071005661677e-8
-1.826,6.683502192222892e-8,7.015094144155987e-8
-1.825,6.751707064728275e-8,7.122681277987182e-8
-1.824,6.820495951925186e-8,7.231854620992961e-8
-1.823,6.889871645923812e-8,7.3426366896496e-8
-1.822,6.959836900594223e-8,7.455050306983916e-8
-1.821,7.030394429938609e-8,7.569118606532056e-8
-1.82,7.101546906425692e-8,7.684865036345589e-8
-1.819,7.173296959286601e-8,7.802313363045396e-8
-1.818,7.245647172771435e-8,7.921487675923862e-8
-1.817,7.318600084365792e-8,8.04241239109585e-8
-1.816,7.392158182966497e-8,8.165112255698987e-8
-1.815,7.466323907015718e-8,8.289612352143743e-8
-1.814,7.541099642592714e-8,8.415938102413821e-8
-1.813,7.616487721462399e-8,8.544115272417394e-8
-1.812,7.692490419079876e-8,8.674169976389657e-8
-1.811,7.769109952550143e-8,8.806128681347267e-8
-1.81,7.84634847854211e-8,8.940018211595166e-8
-1.809,7.924208091156033e-8,9.075865753286312e-8
-1.808,8.002690819743552e-8,9.213698859034866e-8
-1.807,8.08179862667937e-8,9.353545452583364e-8
-1.806,8.161533405083709e-8,9.495433833524389e-8
-1.805,8.241896976494614e-8,9.639392682077333e-8
-1.804,8.322891088489138e-8,9.785451063920732e-8
-1.803,8.404517412252499e-8,9.93363843508078e-8
-1.802,8.486777540094186e-8,1.0083984646876524e-7
-1.801,8.569672982910068e-8,1.0236519950922337e-7
-1.8,8.653205167589481e-8,1.0391275004188185e-7
-1.799,8.737375434366263e-8,1.0548280874118288e-7
-1.798,8.822185034112733e-8,1.0707569043808701e-7
-1.797,8.907635125575505e-8,1.086917141724442e-7
-1.796,8.993726772552113e-8,1.103312032459654e-7
-1.795,9.080460941007329e-8,1.1199448527580083e-7
-1.794,9.167838496128059e-8,1.1368189224873029e-7
-1.793,9.2558601993157e-8,1.1539376057597163e-7
-1.792,9.34452670511481e-8,1.1713043114861293e-7
-1.791,9.433838558076917e-8,1.1889224939367445e-7
-1.79,9.523796189558273e-8,1.20679565330806e-7
-1.789,9.614399914450365e-8,1.2249273362962574e-7
-1.788,9.705649927841944e-8,1.2433211366770645e-7
-1.787,9.797546301611324e-8,1.2619806958921498e-7
-1.786,9.890088980947684e-8,1.2809097036421083e-7
-1.785,9.983277780800086e-8,1.3001118984861024e-7
-1.784,1.0077112382252904e-7,1.319591068448213e-7
-1.783,1.0171592328826312e-7,1.3393510516305651e-7
-1.782,1.0266717022700496e-7,1.3593957368332858e-7
-1.781,1.0362485720862211e-7,1.379729064181357e-7
-1.78,1.0458897531172275e-7,1.400355025758423e-7
-1.779,1.0555951408352576e-7,1.4212776662476156e-7
-1.778,1.0653646149891159e-7,1.4425010835794554e-7
-1.777,1.0751980391863919e-7,1.464029429586894e-7
-1.776,1.0850952604671389e-7,1.485866910667555e-7
-1.775,1.0950561088689132e-7,1.5080177884532405e-7
-1.774,1.1050803969830173e-7,1.5304863804867588e-7
-1.773,1.1151679195017912e-7,1.5532770609061433e-7
-1.772,1.1253184527567925e-7,1.576394261136316e-7
-1.771,1.1355317542477016e-7,1.5998424705882642e-7
-1.77,1.1458075621617906e-7,1.623626237365792e-7
-1.769,1.1561455948837852e-7,1.6477501689799058e-7
-1.768,1.1665455504959511e-7,1.672218933070899e-7
-1.767,1.177007106268233e-7,1.6970372581381992e-7
-1.766,1.1875299181382686e-7,1.7222099342780362e-7
-1.765,1.1981136201811e-7,1.747741813929001e-7
-1.764,1.2087578240684015e-7,1.773637812625548e-7
-1.763,1.2194621185170404e-7,1.7999029097595155e-7
-1.762,1.23022606872678e-7,1.8265421493497146e-7
-1.761,1.241049215806939e-7,1.8535606408196574e-7
-1.76,1.2519310761918108e-7,1.8809635597834866e-7
-1.759,1.2628711410446477e-7,1.908756148840163e-7
-1.758,1.2738688756500114e-7,1.936943718375979e-7
-1.757,1.284923718794282e-7,1.9655316473754604e-7
-1.756,1.2960350821341285e-7,1.9945253842407117e-7
-1.755,1.3072023495527208e-7,2.0239304476192777e-7
-1.754,1.31842487650348e-7,2.053752427240572e-7
-1.753,1.329701989341144e-7,2.0839969847609435e-7
-1.752,1.341032984639934e-7,2.1146698546174352e-7
-1.751,1.3524171284985947e-7,2.1457768448903e-7
-1.75,1.3638536558320854e-7,2.1773238381743348e-7
-1.749,1.3753417696496875e-7,2.209316792459091e-7
-1.748,1.3868806403193007e-7,2.2417617420180235e-7
-1.747,1.398469404817684e-7,2.274664798306638e-7
-1.746,1.4101071659664045e-7,2.3080321508696955e-7
-1.745,1.4217929916532484e-7,2.3418700682575344e-7
-1.744,1.433525914038842e-7,2.3761848989515678e-7
-1.743,1.4453049287482364e-7,2.410983072299015e-7
-1.742,1.457128994047192e-7,2.446271099456924e-7
-1.741,1.468997030002906e-7,2.482055574345549e-7
-1.74,1.480907917628919e-7,2.518343174611123e-7
-1.739,1.4928604980139282e-7,2.555140662598107e-7
-1.738,1.5048535714342352e-7,2.5924548863309475e-7
-1.737,1.5168858964495536e-7,2.630292780505413e-7
-1.736,1.5289561889818906e-7,2.6686613674895566e-7
-1.735,1.541063121377218e-7,2.7075677583343624e-7
-1.734,1.553205321449644e-7,2.7470191537941264e-7
-1.733,1.565381371507787e-7,2.787022845356624e-7
-1.732,1.577589807363053e-7,2.827586216283121e-7
-1.731,1.5898291173195135e-7,2.86871674265827e-7
-1.73,1.6020977411450758e-7,2.910421994449948e-7
-1.729,1.6143940690236245e-7,2.952709636579089e-7
-1.728,1.6267164404878271e-7,2.9955874299995406e-7
-1.727,1.639063143332269e-7,3.0390632327880214e-7
-1.726,1.6514324125065975e-7,3.0831450012441956e-7
-1.725,1.6638224289883358e-7,3.1278407910009293e-7
-1.724,1.6762313186350315e-7,3.173158758144765e-7
-1.723,1.6886571510153937e-7,3.219107160346656e-7
-1.722,1.7010979382190711e-7,3.2656943580030077e-7
-1.721,1.7135516336447145e-7,3.312928815387059e-7
-1.72,1.726016130765967e-7,3.3608191018106496e-7
-1.719,1.7384892618750134e-7,3.4093738927964055e-7
-1.718,1.750968796803318e-7,3.4586019712603805e-7
-1.717,1.7634524416191767e-7,3.5085122287051914e-7
-1.716,1.7759378373017014e-7,3.559113666423675e-7
-1.715,1.7884225583908418e-7,3.6104153967131017e-7
-1.714,1.8009041116130615e-7,3.6624266440999773e-7
-1.713,1.8133799344822583e-7,3.7151567465754544e-7
-1.712,1.8258473938755307e-7,3.7686151568413897e-7
-1.711,1.8383037845833728e-7,3.8228114435670656e-7
-1.71,1.8507463278338837e-7,3.8777552926565963e-7
-1.709,1.8631721697905638e-7,3.9334565085270506e-7
-1.708,1.8755783800232694e-7,3.9899250153972963e-7
-1.707,1.8879619499518876e-7,4.0471708585875954e-7
-1.706,1.9003197912622858e-7,4.1052042058299567e-7
-1.705,1.9126487342940907e-7,4.1640353485892604e-7
-1.704,1.9249455263998333e-7,4.2236747033951677e-7
-1.703,1.9372068302750004e-7,4.284132813184822e-7
-1.702,1.9494292222585195e-7,4.3454203486563437e-7
-1.701,1.9616091906032032e-7,4.407548109633126e-7
-1.7,1.973743133715661e-7,4.4705270264389293e-7
-1.699,1.9858273583651962e-7,4.534368161283779e-7
-1.698,1.9978580778611797e-7,4.599082709660647e-7
-1.697,2.0098314101984003e-7,4.6646820017529225e-7
-1.696,2.0217433761698753e-7,4.7311775038526604e-7
-1.695,2.0335898974465988e-7,4.798580819789583e-7
-1.694,2.045366794623702e-7,4.866903692370828e-7
-1.693,2.0570697852324847e-7,4.936158004831425e-7
-1.692,2.068694481717776e-7,5.006355782295463e-7
-1.691,2.0802363893800709e-7,5.077509193247937e-7
-1.69,2.0916909042818822e-7,5.149630551017242e-7
-1.689,2.1030533111177387e-7,5.22273231526826e-7
-1.688,2.114318781047252e-7,5.29682709350604e-7
-1.687,2.1254823694906695e-7,5.371927642589999e-7
-1.686,2.136539013886315e-7,5.448046870258604e-7
-1.685,2.1474835314093206e-7,5.525197836664493e-7
-1.684,2.1583106166510325e-7,5.603393755919993e-7
-1.683,2.169014839258476e-7,5.682647997652943e-7
-1.682,2.1795906415332492e-7,5.762974088572791e-7
-1.681,2.1900323359892055e-7,5.844385714046893e-7
-1.68,2.2003341028682833e-7,5.926896719686929e-7
-1.679,2.2104899876138222e-7,6.010521112945379e-7
-1.678,2.2204938983007025e-7,6.095273064721963e-7
-1.677,2.2303396030216336e-7,6.181166910979969e-7
-1.676,2.2400207272289052e-7,6.268217154372377e-7
-1.675,2.2495307510309097e-7,6.356438465877678e-7
-1.674,2.2588630064427313e-7,6.445845686445297e-7
-1.673,2.2680106745900853e-7,6.536453828650493e-7
-1.672,2.2769667828658894e-7,6.628278078358661e-7
-1.671,2.285724202038728e-7,6.721333796398865e-7
-1.67,2.2942756433124683e-7,6.815636520246534e-7
-1.669,2.3026136553362726e-7,6.911201965715142e-7
-1.668,2.310730621164242e-7,7.008046028656774e-7
-1.667,2.3186187551639164e-7,7.1061847866714e-7
-1.666,2.3262700998728417e-7,7.205634500824744e-7
-1.665,2.333676522802413e-7,7.306411617374555e-7
-1.664,2.340829713188176e-7,7.408532769505145e-7
-1.663,2.3477211786857766e-7,7.512014779070009e-7
-1.662,2.3543422420117216e-7,7.616874658342349e-7
-1.661,2.360684037528111e-7,7.723129611773323e-7
-1.66,2.3667375077704866e-7,7.830797037757822e-7
-1.659,2.3724933999179347e-7,7.939894530407573e-7
-1.658,2.3779422622045588e-7,8.050439881331365e-7
-1.657,2.3830744402714422e-7,8.162451081422163e-7
-1.656,2.387880073458191e-7,8.275946322650915e-7
-1.655,2.3923490910331496e-7,8.390943999866785e-7
-1.654,2.39647120836136e-7,8.507462712603591e-7
-1.653,2.4002359230093266e-7,8.62552126689218e-7
-1.652,2.403632510785637e-7,8.745138677078493e-7
-1.651,2.4066500217164733e-7,8.866334167647035e-7
-1.65,2.409277275955042e-7,8.989127175049478e-7
-1.649,2.411502859623922e-7,9.1135373495381e-7
-1.648,2.41331512058934e-7,9.239584557003762e-7
-1.647,2.4147021641663517e-7,9.367288880818106e-7
-1.646,2.415651848753897e-7,9.496670623679663e-7
-1.645,2.416151781398689e-7,9.627750309463516e-7
-1.644,2.4161893132868807e-7,9.760548685074198e-7
-1.643,2.415751535162433e-7,9.89508672230145e-7
-1.642,2.4148252726711065e-7,1.0031385619678476e-6
-1.641,2.41339708162897e-7,1.0169466804342315e-6
-1.64,2.41145324321432e-7,1.030935193389594e-6
-1.639,2.408979759081877e-7,1.045106289827168e-6
-1.638,2.405962346398118e-7,1.0594621821595514e-6
-1.637,2.402386432796586e-7,1.0740051064051885e-6
-1.636,2.398237151252012e-7,1.0887373223748482e-6
-1.635,2.393499334872049e-7,1.1036611138580628e-6
-1.634,2.388157511605424e-7,1.1187787888094729e-6
-1.633,2.3821958988652918e-7,1.1340926795350344e-6
-1.632,2.3755983980665472e-7,1.1496051428780352e-6
-1.631,2.3683485890758548e-7,1.1653185604048695e-6
-1.63,2.3604297245731303e-7,1.1812353385905176e-6
-1.629,2.3518247243231856e-7,1.197357909003676e-6
-1.628,2.34251616935625e-7,1.21368872849148e-6
-1.627,2.3324862960560445e-7,1.2302302793637629e-6
-1.626,2.321716990154087e-7,1.2469850695767899e-6
-1.625,2.3101897806288768e-7,1.263955632916406e-6
-1.624,2.2978858335085946e-7,1.281144529180535e-6
-1.623,2.284785945575944e-7,1.2985543443609624e-6
-1.622,2.2708705379737284e-7,1.3161876908243384e-6
-1.621,2.256119649709755e-7,1.3340472074923297e-6
-1.62,2.2405129310596327e-7,1.352135560020849e-6
-1.619,2.224029636866012e-7,1.3704554409782923e-6
-1.618,2.2066486197328048e-7,1.3890095700227047e-6
-1.617,2.1883483231128915e-7,1.4078006940778024e-6
-1.616,2.1691067742878234e-7,1.4268315875077689e-6
-1.615,2.1489015772379879e-7,1.446105052290746e-6
-1.614,2.1277099054017073e-7,1.4656239181909347e-6
-1.613,2.1055084943217071e-7,1.4853910429292213e-6
-1.612,2.0822736341773804e-7,1.5054093123522413e-6
-1.611,2.057981162201254e-7,1.5256816405997918e-6
-1.61,2.0326064549780425e-7,1.546210970270495e-6
-1.609,2.0061244206246557e-7,1.5670002725856256e-6
-1.608,1.9785094908495115e-7,1.5880525475509973e-6
-1.607,1.949735612889481e-7,1.6093708241168127e-6
-1.606,1.9197762413227742e-7,1.630958160335373e-6
-1.605,1.8886043297560613e-7,1.652817643516541e-6
-1.604,1.856192322384095e-7,1.6749523903808522e-6
-1.603,1.8225121454200878e-7,1.697365547210159e-6
-1.602,1.7875351983950731e-7,1.7200602899956988e-6
-1.601,1.751232345324464e-7,1.743039824583468e-6
-1.6,1.7135739057399953e-7,1.7663073868167804e-6
-1.599,1.6745296455852255e-7,1.7898662426758916e-6
-1.598,1.634068767972741e-7,1.8137196884145603e-6
-1.597,1.5921599038011994e-7,1.8378710506934208e-6
-1.596,1.548771102230314e-7,1.8623236867100327e-6
-1.595,1.503869821011873e-7,1.8870809843254743e-6
-1.594,1.4574229166748531e-7,1.912146362187341e-6
-1.593,1.4093966345626828e-7,1.9375232698490075e-6
-1.592,1.3597565987206688e-7,1.9632151878850057e-6
-1.591,1.3084678016315988e-7,1.989225628002376e-6
-1.59,1.2554945937974978e-7,2.015558133147832e-6
-1.589,1.2008006731654974e-7,2.042216277610589e-6
-1.588,1.1443490743957602e-7,2.0692036671206915e-6
-1.587,1.0861021579693758e-7,2.096523938942681e-6
-1.586,1.0260215991341217e-7,2.1241807619644354e-6
-1.585,9.640683766859655e-8,2.1521778367810008e-6
-1.584,9.002027615841596e-8,2.180518895773258e-6
-1.583,8.343843053977567e-8,2.209207703181221e-6
-1.582,7.66571828581356e-8,2.2382480551718083e-6
-1.581,6.96723408577864e-8,2.2676437799008744e-6
-1.58,6.247963677460343e-8,2.2973987375693304e-6
-1.579,5.507472611105277e-8,2.3275168204731426e-6
-1.578,4.745318639322102e-8,2.3580019530470123e-6
-1.577,3.961051590963868e-8,2.3888580919015347e-6
-1.576,3.1542132431664475e-8,2.420089225853616e-6
-1.575,2.3243371915195747e-8,2.451699375949943e-6
-1.574,1.4709487183467882e-8,2.48369259548328e-6
-1.573,5.935646590703437e-9,2.516072970001365e-6
-1.572,-3.0830673336306224e-9,2.5488446173081794e-6
-1.571,-1.235165926020141e-8,2.582011687457352e-6
-1.57,-2.1875222455070403e-8,2.6155783627374553e-6
-1.569,-3.165894019508386e-8,2.649548857648949e-6
-1.568,-4.1708087203643975e-8,2.6839274188725193e-6
-1.567,-5.2028031107113564e-8,2.7187183252285504e-6
-1.566,-6.262423391210943e-8,2.7539258876274723e-6
-1.565,-7.350225350394163e-8,2.7895544490107084e-6
-1.564,-8.466774516645832e-8,2.825608384281952e-6
-1.563,-9.612646312355787e-8,2.8620921002284853e-6
-1.562,-1.0788426210263235e-7,2.8990100354322593e-6
-1.561,-1.1994709892020851e-7,2.9363666601704325e-6
-1.56,-1.3232103409005493e-7,2.974166476305075e-6
-1.559,-1.450122334540256e-7,3.012414017161726e-6
-1.558,-1.5802696983591321e-7,3.0511138473964913e-6
-1.557,-1.7137162471858693e-7,3.0902705628513626e-6
-1.556,-1.8505268994469176e-7,3.1298887903974284e-6
-1.555,-1.9907676944118917e-7,3.1699731877656407e-6
-1.554,-2.1345058096801997e-7,3.2105284433647997e-6
-1.553,-2.2818095789117355e-7,3.2515592760864024e-6
-1.552,-2.432748509804489e-7,3.2930704350959996e-6
-1.551,-2.5873933023219513e-7,3.3350666996107007e-6
-1.55,-2.7458158671732155e-7,3.3775528786624446e-6
-1.549,-2.9080893445486907e-7,3.4205338108466697e-6
-1.548,-3.07428812311437e-7,3.4640143640559815e-6
-1.547,-3.244487859267609e-7,3.5079994351984313e-6
-1.546,-3.4187654966573954e-7,3.552493949899993e-6
-1.545,-3.597199285972108e-7,3.5975028621908347e-6
-1.544,-3.7798688049977826e-7,3.643031154174951e-6
-1.543,-3.966854978949919e-7,3.6890838356827347e-6
-1.542,-4.158240101081885e-7,3.7356659439060448e-6
-1.541,-4.354107853572995e-7,3.7827825430153206e-6
-1.54,-4.5545433286993413e-7,3.830438723758284e-6
-1.539,-4.7596330502905017e-7,3.878639603039766e-6
-1.538,-4.969464995475233e-7,3.92739032348217e-6
-1.537,-5.184128616719313e-7,3.976696052966101e-6
-1.536,-5.403714864158652e-7,4.026561984150646e-6
-1.535,-5.628316208230898e-7,4.0769933339728075e-6
-1.534,-5.858026662608674e-7,4.127995343125572e-6
-1.533,-6.092941807437685e-7,4.17957327551408e-6
-1.532,-6.333158812882897e-7,4.231732417689372e-6
-1.531,-6.578776462986019e-7,4.284478078259134e-6
-1.53,-6.829895179837534e-7,4.337815587274909e-6
-1.529,-7.086617048066548e-7,4.391750295595187e-6
-1.528,-7.34904583965169e-7,4.446287574223793e-6
-1.527,-7.617287039056385e-7,4.501432813622975e-6
-1.526,-7.891447868691757e-7,4.5571914230005845e-6
-1.525,-8.171637314710482e-7,4.6135688295707355e-6
-1.524,-8.457966153134875e-7,4.6705704777873e-6
-1.523,-8.750546976322564e-7,4.728201828549602e-6
-1.522,-9.049494219773029e-7,4.786468358379645e-6
-1.521,-9.354924189278381e-7,4.84537555857022e-6
-1.52,-9.666955088421676e-7,4.904928934303177e-6
-1.519,-9.985707046426141e-7,4.965134003737201e-6
-1.518,-1.0311302146358628e-6,5.0259962970643485e-6
-1.517,-1.064386445369066e-6,5.087521355534645e-6
-1.516,-1.0983520045220399e-6,5.149714730447981e-6
-1.515,-1.133039703835893e-6,5.212581982112571e-6
-1.514,-1.1684625620784137e-6,5.2761286787691926e-6
-1.513,-1.2046338080465596e-6,5.3403603954804415e-6
-1.512,-1.2415668836063783e-6,5.405282712984177e-6
-1.511,-1.2792754467706944e-6,5.470901216510363e-6
-1.51,-1.3177733748148985e-6,5.537221494560475e-6
-1.509,-1.357074767431169e-6,5.6042491376486116e-6
-1.508,-1.3971939499214595e-6,5.671989737003465e-6
-1.507,-1.4381454764295857e-6,5.740448883230265e-6
-1.506,-1.4799441332127365e-6,5.809632164931795e-6
-1.505,-1.5226049419527446e-6,5.87954516728758e-6
-1.504,-1.566143163107441e-6,5.950193470590304e-6
-1.503,-1.6105742993024193e-6,6.02158264873852e-6
-1.502,-1.6559140987635377e-6,6.09371826768468e-6
-1.501,-1.7021785587904773e-6,6.166605883837497e-6
-1.5,-1.7493839292716807e-6,6.2402510424176544e-6
-1.499,-1.7975467162409874e-6,6.314659275765817e-6
-1.498,-1.8466836854762856e-6,6.389836101601926e-6
-1.497,-1.8968118661404885e-6,6.4657870212346995e-6
-1.496,-1.947948554465153e-6,6.542517517720271e-6
-1.495,-2.000111317477041e-6,6.6200330539688605e-6
-1.494,-2.053317996767937e-6,6.698339070798361e-6
-1.493,-2.1075867123080164e-6,6.777440984933694e-6
-1.492,-2.162935866303063e-6,6.857344186950776e-6
-1.491,-2.2193841470958368e-6,6.938054039163915e-6
-1.49,-2.276950533111872e-6,7.01957587345542e-6
-1.489,-2.3356542968499994e-6,7.1019149890462105e-6
-1.488,-2.3955150089178673e-6,7.185076650206168e-6
-1.487,-2.4565525421127468e-6,7.269066083902951e-6
-1.486,-2.5187870755478784e-6,7.353888477387989e-6
-1.485,-2.5822390988246435e-6,7.439548975718332e-6
-1.484,-2.646929416250805e-6,7.526052679212998e-6
-1.483,-2.712879151105082e-6,7.613404640842479e-6
-1.482,-2.7801097499483008e-6,7.701609863549977e-6
-1.481,-2.8486429869813715e-6,7.790673297502985e-6
-1.48,-2.9185009684503117e-6,7.880599837273746e-6
-1.479,-2.9897061370985612e-6,7.971394318947136e-6
-1.478,-3.062281276666796e-6,8.063061517154454e-6
-1.477,-3.1362495164404573e-6,8.155606142031635e-6
-1.476,-3.211634335845205e-6,8.249032836100289e-6
-1.475,-3.2884595690904823e-6,8.343346171070028e-6
-1.474,-3.3667494098613845e-6,8.438550644560449e-6
-1.473,-3.446528416059009e-6,8.534650676741159e-6
-1.472,-3.527821514589453e-6,8.631650606888176e-6
-1.471,-3.6106540062016144e-6,8.729554689854989e-6
-1.47,-3.6950515703739497e-6,8.828367092456609e-6
-1.469,-3.7810402702503195e-6,8.928091889764798e-6
-1.468,-3.868646557625046e-6,9.02873306131275e-6
-1.467,-3.957897277977301e-6,9.130294487207361e-6
-1.466,-4.048819675554922e-6,9.232779944147294e-6
-1.465,-4.141441398507745e-6,9.336193101344917e-6
-1.464,-4.235790504070524e-6,9.440537516350243e-6
-1.463,-4.331895463795512e-6,9.545816630774893e-6
-1.462,-4.429785168834731e-6,9.652033765914159e-6
-1.461,-4.529488935271984e-6,9.759192118265093e-6
-1.46,-4.631036509504603e-6,9.867294754938638e-6
-1.459,-4.734458073674964e-6,9.976344608963699e-6
-1.458,-4.839784251151716e-6,1.0086344474481022e-5
-1.457,-4.947046112060724e-6,1.0197297001824782e-5
-1.456,-5.0562751788656615e-6,1.0309204692489632e-5
-1.455,-5.167503431998183e-6,1.042206989398106e-5
-1.454,-5.280763315537591e-6,1.0535894794546726e-5
-1.453,-5.396087742939896e-6,1.065068141778654e-5
-1.452,-5.513510102816135e-6,1.076643161713912e-5
-1.451,-5.633064264759803e-6,1.0883147070242238e-5
-1.45,-5.754784585223233e-6,1.100082927316488e-5
-1.449,-5.878705913442722e-6,1.1119479534508449e-5
-1.448,-6.004863597412202e-6,1.1239098969374598e-5
-1.447,-6.1332934899052036e-6,1.1359688493197193e-5
-1.446,-6.2640319545448626e-6,1.1481248815435802e-5
-1.445,-6.397115871921666e-6,1.1603780433128108e-5
-1.444,-6.532582645758637e-6,1.1727283624298573e-5
-1.443,-6.6704702091236115e-6,1.1851758441220662e-5
-1.442,-6.810817030688232e-6,1.197720470352986e-5
-1.441,-6.95366212103327e-6,1.2103621991184722e-5
-1.44,-7.09904503899984e-6,1.2231009637273068e-5
-1.439,-7.247005898086056e-6,1.2359366720660491e-5
-1.438,-7.397585372888632e-6,1.248869205847823e-5
-1.437,-7.550824705588904e-6,1.261898419844741e-5
-1.436,-7.706765712482736e-6,1.275024141103667e-5
-1.435,-7.865450790553686e-6,1.2882461681450063e-5
-1.434,-8.02692292408884e-6,1.3015642701442147e-5
-1.433,-8.191225691336635e-6,1.3149781860957078e-5
-1.432,-8.358403271205966e-6,1.3284876239588485e-5
-1.431,-8.528500450005853e-6,1.3420922597856882e-5
-1.43,-8.701562628224882e-6,1.355791736830126e-5
-1.429,-8.877635827349594e-6,1.369585664638154e-5
-1.428,-9.05676669672098e-6,1.3834736181188411e-5
-1.427,-9.239002520428144e-6,1.397455136595712e-5
-1.426,-9.424391224238218e-6,1.411529722838167e-5
-1.425,-9.612981382561518e-6,1.4256968420725837e-5
-1.424,-9.804822225450878e-6,1.4399559209727394e-5
-1.423,-9.999963645634116e-6,1.4543063466291817e-5
-1.422,-1.0198456205578442e-5,1.4687474654971764e-5
-1.421,-1.0400351144585638e-5,1.4832785823228496e-5
-1.42,-1.0605700385916763e-5,1.4978989590471399e-5
-1.419,-1.0814556543945081e-5,1.512607813687167e-5
-1.418,-1.1026972931335837e-5,1.527404319194622e-5
-1.417,-1.1243003566251495e-5,1.542287602290774e-5
-1.416,-1.1462703179580944e-5,1.5572567422776835e-5
-1.415,-1.168612722219114e-5,1.5723107698252102e-5
-1.414,-1.1913331872199593e-5,1.587448665733389e-5
-1.413,-1.2144374042266037e-5,1.6026693596697538e-5
-1.412,-1.2379311386901545e-5,1.6179717288811665e-5
-1.411,-1.2618202309793308e-5,1.6333545968797225e-5
-1.41,-1.2861105971143213e-5,1.648816732102275e-5
-1.409,-1.3108082295018277e-5,1.6643568465431364e-5
-1.408,-1.335919197671092e-5,1.679973594359488e-5
-1.407,-1.3614496490107032e-5,1.695665570449044e-5
-1.406,-1.3874058095059618e-5,1.7114313089994884e-5
-1.405,-1.4137939844765827e-5,1.7272692820092095e-5
-1.404,-1.4406205593145028e-5,1.7431778977788517e-5
-1.403,-1.4678920002215507e-5,1.759155499373186e-5
-1.402,-1.495614854946734e-5,1.775200363052807e-5
-1.401,-1.523795753522882e-5,1.791310696675146e-5
-1.4,-1.552441409002379e-5,1.8074846380642943e-5
-1.399,-1.5815586181917144e-5,1.823720253349113e-5
-1.398,-1.6111542623845568e-5,1.840015535269106e-5
-1.397,-1.641235308093067e-5,1.8563684014475237e-5
-1.396,-1.6718088077771362e-5,1.872776692631157e-5
-1.395,-1.7028819005712384e-5,1.889238170896276e-5
-1.394,-1.7344618130085686e-5,1.9057505178201572e-5
-1.393,-1.7665558597421324e-5,1.922311332617643e-5
-1.392,-1.7991714442624386e-5,1.9389181302421613e-5
-1.391,-1.832316059611435e-5,1.955568339450629e-5
-1.39,-1.8659972890923156e-5,1.9722593008316628e-5
-1.389,-1.900222806974822e-5,1.9889882647964993e-5
-1.388,-1.9350003791956366e-5,2.0057523895320373e-5
-1.387,-1.970337864053468e-5,2.0225487389153844e-5
-1.386,-2.0062432128984047e-5,2.03937428038931e-5
-1.385,-2.042724470815101e-5,2.056225882797974e-5
-1.384,-2.07978977729936e-5,2.0731003141823124e-5
-1.383,-2.117447366927638e-5,2.089994239534439e-5
-1.382,-2.1557055700190093e-5,2.1069042185104267e-5
-1.381,-2.1945728132890967e-5,2.123826703100815e-5
-1.38,-2.2340576204954623e-5,2.1407580352581896e-5
-1.379,-2.274168613073946e-5,2.1576944444811672e-5
-1.378,-2.3149145107654135e-5,2.1746320453541166e-5
-1.377,-2.356304132232363e-5,2.1915668350419323e-5
-1.376,-2.3983463956648288e-5,2.208494690739179e-5
-1.375,-2.4410503193749935e-5,2.2254113670729053e-5
-1.374,-2.4844250223799124e-5,2.2423124934584317e-5
-1.373,-2.5284797249717335e-5,2.2591935714073978e-5
-1.372,-2.573223749274773e-5,2.276049971787352e-5
-1.371,-2.618666519788799e-5,2.2928769320321638e-5
-1.37,-2.664817563917844e-5,2.309669553302518e-5
-1.369,-2.711686512483862e-5,2.326422797595758e-5
-1.368,-2.759283100224516e-5,2.3431314848043267e-5
-1.367,-2.8076171662743587e-5,2.3597902897220536e-5
-1.366,-2.8566986546286684e-5,2.3763937389975218e-5
-1.365,-2.9065376145891527e-5,2.3929362080337505e-5
-1.364,-2.9571442011907363e-5,2.4094119178334102e-5
-1.363,-3.0085286756086084e-5,2.4258149317887926e-5
-1.362,-3.060701405544699e-5,2.4421391524157403e-5
-1.361,-3.1136728655927155e-5,2.4583783180307385e-5
-1.36,-3.1674536375808564e-5,2.4745259993703647e-5
-1.359,-3.222054410891294e-5,2.4905755961522835e-5
-1.358,-3.277485982755489e-5,2.5065203335769668e-5
-1.357,-3.333759258524379e-5,2.522353258769313e-5
-1.356,-3.390885251912458e-5,2.5380672371593363e-5
-1.355,-3.448875085214724e-5,2.553654948801081e-5
-1.354,-3.507739989495478e-5,2.56910888462892e-5
-1.353,-3.567491304747878e-5,2.5844213426503845e-5
-1.352,-3.628140480023182e-5,2.599584424074666e-5
-1.351,-3.689699073528539e-5,2.614590029375924e-5
-1.35,-3.752178752692177e-5,2.6294298542905382e-5
-1.349,-3.8155912941948144e-5,2.6440953857474164e-5
-1.348,-3.8799485839660656e-5,2.658577897730488e-5
-1.347,-3.94526261714461e-5,2.6728684470724896e-5
-1.346,-4.011545498000836e-5,2.686957869179157e-5
-1.345,-4.0788094398206526e-5,2.7008367736829153e-5
-1.344,-4.147066764749125e-5,2.7144955400251818e-5
-1.343,-4.216329903592557e-5,2.7279243129663592e-5
-1.342,-4.286611395577595e-5,2.7411129980226193e-5
-1.341,-4.357923888065923e-5,2.754051256828557e-5
-1.34,-4.43028013622304e-5,2.7667285024248003e-5
-1.339,-4.5036930026396126e-5,2.7791338944696497e-5
-1.338,-4.5781754569038255e-5,2.791256334373823e-5
-1.337,-4.653740575123145e-5,2.8030844603573835e-5
-1.336,-4.730401539393835e-5,2.8146066424279066e-5
-1.335,-4.8081716372165556e-5,2.8258109772789684e-5
-1.334,-4.8870642608563114e-5,2.8366852831080088e-5
-1.333,-4.967092906644988e-5,2.8472170943526378e-5
-1.332,-5.048271174224663e-5,2.8573936563444456e-5
-1.331,-5.1306127657298326e-5,2.8672019198793786e-5
-1.33,-5.214131484906659e-5,2.8766285357037406e-5
-1.329,-5.298841236167286e-5,2.8856598489148837e-5
-1.328,-5.384756023577227e-5,2.894281893275645e-5
-1.327,-5.471889949773789e-5,2.9024803854415963e-5
-1.326,-5.5602572148134304e-5,2.9102407191001688e-5
-1.325,-5.649872114945913e-5,2.9175479590207182e-5
-1.324,-5.740749041313057e-5,2.9243868350145997e-5
-1.323,-5.832902478569843e-5,2.9307417358043246e-5
-1.322,-5.926347003425567e-5,2.9365967028008716e-5
-1.321,-6.021097283102685e-5,2.941935423788236e-5
-1.32,-6.117168073710942e-5,2.9467412265142998e-5
-1.319,-6.214574218534315e-5,2.9509970721871075e-5
-1.318,-6.313330646228229e-5,2.954685548875656e-5
-1.317,-6.413452368924475e-5,2.9577888648142897e-5
-1.316,-6.514954480241184e-5,2.960288841609818e-5
-1.315,-6.617852153195119e-5,2.962166907350475e-5
-1.314,-6.72216063801355e-5,2.9634040896158484e-5
-1.313,-6.827895259842837e-5,2.9639810083869175e-5
-1.312,-6.935071416350851e-5,2.963877868855351e-5
-1.311,-7.043704575220227e-5,2.9630744541312256e-5
-1.31,-7.153810271529443e-5,2.9615501178483416e-5
-1.309,-7.265404105018594e-5,2.9592837766663222e-5
-1.308,-7.378501737236673e-5,2.9562539026687047e-5
-1.307,-7.493118888567139e-5,2.9524385156562355e-5
-1.306,-7.609271335128405e-5,2.9478151753346144e-5
-1.305,-7.72697490554586e-5,2.9423609733959343e-5
-1.304,-7.846245477591955e-5,2.9360525254930977e-5
-1.303,-7.967098974690764e-5,2.9288659631064985e-5
-1.302,-8.089551362283411e-5,2.9207769253022884e-5
-1.301,-8.213618644050617e-5,2.9117605503815665e-5
-1.3,-8.339316857988572e-5,2.901791467419855e-5
-1.299,-8.46666207233425e-5,2.8908437876962525e-5
-1.298,-8.595670381336165e-5,2.8788910960116757e-5
-1.297,-8.726357900866535e-5,2.8659064418956437e-5
-1.296,-8.85874076387066e-5,2.8518623307010735e-5
-1.295,-8.992835115649304e-5,2.8367307145865966e-5
-1.294,-9.128657108969715e-5,2.8204829833859387e-5
-1.293,-9.266222899000853e-5,2.803089955363938e-5
-1.292,-9.4055486380683e-5,2.784521867858814e-5
-1.291,-9.546650470224195e-5,2.764748367810346e-5
-1.29,-9.689544525627499e-5,2.7437385021736436e-5
-1.289,-9.834246914729714e-5,2.7214607082182563e-5
-1.288,-9.980773722261134e-5,2.697882803712398e-5
-1.287,-0.00010129141001012584,2.6729719769921143e-5
-1.286,-0.00010279364765407478,2.6466947769152704e-5
-1.285,-0.0001043146098485893,2.6190171027002942e-5
-1.284,-0.00010585445576906553,2.5899041936496445e-5
-1.283,-0.00010741334400127423,2.5593206187580593e-5
-1.282,-0.00010899143246815622,2.5272302662056697e-5
-1.281,-0.00011058887835424622,2.4935963327361428e-5
-1.28,-0.00011220583802766644,2.4583813129200818e-5
-1.279,-0.00011384246695963034,2.4215469883039634e-5
-1.278,-0.00011549891964139546,2.3830544164449843e-5
-1.277,-0.00011717534949860307,2.3428639198322385e-5
-1.276,-0.000118871908802941,2.3009350746947436e-5
-1.275,-0.0001205887485810648,2.2572266996968974e-5
-1.274,-0.00012232601852071095,2.2116968445220383e-5
-1.273,-0.0001240838668739344,2.1643027783448616e-5
-1.272,-0.0001258624403574016,2.115000978193542e-5
-1.271,-0.0001276618840496685,2.0637471172024942e-5
-1.27,-0.00012948234128537143,2.0104960527568114e-5
-1.269,-0.0001313239535462579,1.9552018145295117e-5
-1.268,-0.00013318686034898228,1.897817592412834e-5
-1.267,-0.00013507119912958972,1.8382957243449333e-5
-1.266,-0.00013697710512461118,1.776587684033433e-5
-1.265,-0.0001389047112486892,1.712644068577412e-5
-1.264,-0.00014085414796865392,1.6464145859895333e-5
-1.263,-0.0001428255431739667,1.5778480426201304e-5
-1.262,-0.00014481902204344657,1.50689233048522e-5
-1.261,-0.000146834706908194,1.4334944145005287e-5
-1.26,-0.0001488727171106241,1.3576003196237752e-5
-1.259,-0.00015093316885951978,1.2791551179075874e-5
-1.258,-0.00015301617508101383,1.1981029154655953e-5
-1.257,-0.0001551218452654069,1.1143868393543902e-5
-1.256,-0.00015725028530972683,1.0279490243742146e-5
-1.255,-0.00015940159735593218,9.38730599791407e-6
-1.254,-0.00016157587962466243,8.466716759858133e-6
-1.253,-0.0001637732262444338,7.517113310265507e-6
-1.252,-0.00016599372707617866,6.537875971797085e-6
-1.251,-0.00016823746753302435,5.528374473517577e-6
-1.25,-0.00017050452839520558,4.487967814726567e-6
-1.249,-0.00017279498562000153,3.416004128228409e-6
-1.248,-0.0001751089101465884,2.31182054308514e-6
-1.247,-0.00017744636769569436,1.1747430468987615e-6
-1.246,-0.00017980741856394306,4.0863476716811964e-9
-1.245,-0.00018219211741276933,-1.2008462647035105e-6
-1.244,-0.00018460051305178824,-2.440763057271198e-6
-1.243,-0.00018703264821649695,-3.716383993100497e-6
-1.242,-0.00018948855934018666,-5.028440870574554e-6
-1.241,-0.00019196827631993906,-6.377677462819536e-6
-1.24,-0.00019447182227658066,-7.764849657208552e-6
-1.239,-0.00019699921330846467,-9.190725594872711e-6
-1.238,-0.0001995504582389489,-1.0656085810148464e-5
-1.237,-0.00020212555835743556,-1.2161723369887084e-5
-1.236,-0.00020472450715383606,-1.370844401254886e-5
-1.235,-0.00020734729004632214,-1.5297066287001088e-5
-1.234,-0.00020999388410222216,-1.6928421690935383e-5
-1.233,-0.00021266425775191822,-1.860335480881615e-5
-1.232,-0.00021535837049559877,-2.0322723449268173e-5
-1.231,-0.00021807617260271748,-2.2087398781807432e-5
-1.23,-0.00022081760480400768,-2.389826547281498e-5
-1.229,-0.00022358259797589848,-2.575622182064969e-5
-1.228,-0.00022637107281717672,-2.766217988979112e-5
-1.227,-0.0002291829395177362,-2.9617065643899294e-5
-1.226,-0.00023201809741925277,-3.162181907767351e-5
-1.225,-0.00023487643466762185,-3.3677394347387396e-5
-1.224,-0.00023775782785699187,-3.578475989997241e-5
-1.223,-0.00024066214166522512,-3.794489860051691e-5
-1.222,-0.00024358922848061423,-4.015880785804233e-5
-1.221,-0.0002465389280196803,-4.2427499749412695e-5
-1.22,-0.0002495110669358764,-4.475200114122783e-5
-1.219,-0.0002525054584190167,-4.713335380954463e-5
-1.218,-0.00025552190178524965,-4.9572614557264825e-5
-1.217,-0.00025856018205739104,-5.2070855329021214e-5
-1.216,-0.0002616200695354292,-5.462916332338765e-5
-1.215,-0.0002647013193570132,-5.7248641102231644e-5
-1.214,-0.00026780367104773246,-5.9930406697021e-5
-1.213,-0.00027092684806099085,-6.267559371188913e-5
-1.212,-0.000274070557307281,-6.548535142325578e-5
-1.211,-0.0002772344886726563,-6.836084487579243e-5
-1.21,-0.0002804183145261996,-7.130325497451361e-5
-1.209,-0.00028362168921628383,-7.431377857276704e-5
-1.208,-0.00028684424855541634,-7.739362855588697e-5
-1.207,-0.0002900856092934583,-8.054403392026633e-5
-1.206,-0.00029334536857900643,-8.376623984759424e-5
-1.205,-0.0002966231034087234,-8.706150777399574e-5
-1.204,-0.00029991837006439957,-9.043111545380136e-5
-1.203,-0.00030323070353752764,-9.387635701766345e-5
-1.202,-0.0003065596169411693,-9.739854302472648e-5
-1.201,-0.0003099046009088913,-0.00010099900050854729
-1.2,-0.00031326512298054504,-0.00010467907301645041
-1.199,-0.0003166406269746638,-0.00010844012064199205
-1.198,-0.0003200305323472486,-0.00011228352005019464
-1.197,-0.0003234342335367126,-0.00011621066449520135
-1.196,-0.00032685109929475207,-0.00012022296382998784
-1.195,-0.0003302804720029105,-0.0001243218445077548
-1.194,-0.0003337216669746021,-0.000128508749574612
-1.193,-0.00033717397174235793,-0.00013278513865315068
-1.192,-0.00034063664533005866,-0.00013715248791648576
-1.191,-0.00034410891750991655,-0.00014161229005233618
-1.19,-0.0003475899880439677,-0.00014616605421669492
-1.189,-0.0003510790259098373,-0.00015081530597662536
-1.188,-0.0003545751685105378,-0.00015556158724170358
-1.187,-0.0003580775208680622,-0.0001604064561836106
-1.186,-0.00036158515480053317,-0.0001653514871433593
-1.185,-0.0003650971080826709,-0.0001703982705256252
-1.184,-0.0003686123835893417,-0.00017554841267962916
-1.183,-0.00037212994842195145,-0.00018080353576600374
-1.182,-0.00037564873301745,-0.00018616527760905238
-1.181,-0.0003791676302397121,-0.00019163529153379304
-1.18,-0.0003826854944530658,-0.00019721524618715458
-1.179,-0.0003862011405777389,-0.00020290682534267423
-1.178,-0.00038971334312699863,-0.00020871172768802118
-1.177,-0.0003932208352257629,-0.00021463166659464885
-1.176,-0.00039672230761046424,-0.00022066836986885428
-1.175,-0.00040021640760995415,-0.00022682357948349907
-1.174,-0.0004037017381072374,-0.0002330990512896207
-1.173,-0.00040717685648183454,-0.00023949655470713684
-1.172,-0.00041064027353257434,-0.00024601787239381963
-1.171,-0.0004140904523806263,-0.00025266479989168744
-1.17,-0.000417525807352589,-0.000259439145249935
-1.169,-0.0004209447028434614,-0.00026634272862349214
-1.168,-0.00042434545215932817,-0.00027337738184627204
-1.167,-0.00042772631633960476,-0.00028054494797813797
-1.166,-0.0004310855029586956,-0.0002878472808245867
-1.165,-0.0004344211649069303,-0.00029528624442811226
-1.164,-0.00043773139915065704,-0.00030286371253018097
-1.163,-0.00044101424547138344,-0.0003105815680027133
-1.162,-0.00044426768518387164,-0.00031844170224793264
-1.161,-0.00044748963983310845,-0.00032644601456540263
-1.16,-0.0004506779698700899,-0.00033459641148503934
-1.159,-0.0004538304733063759,-0.0003428948060648426
-1.158,-0.0004569448843473918,-0.00035134311715205303
-1.157,-0.00046001887200447386,-0.0003599432686063987
-1.156,-0.0004630500386856773,-0.00036869718848405326
-1.155,-0.000466035918765392,-0.0003776068081808845
-1.154,-0.00046897397713283344,-0.0003866740615335269
-1.153,-0.000471861607719507,-0.00039590088387676624
-1.152,-0.00047469613200577056,-0.0004052892110556773
-1.151,-0.0004774747975066541,-0.0004148409783909083
-1.15,-0.0004801947762371261,-0.0004245581195954545
-1.149,-0.00048285316315703345,-0.0004344425656412151
-1.148,-0.00048544697459598015,-0.00044449624357357473
-1.147,-0.0004879731466584485,-0.0004547210752721967
-1.146,-0.0004904285336095112,-0.00046511897615616413
-1.145,-0.0004928099062415274,-0.0004756918538315469
-1.144,-0.0004951139502222653,-0.0004864416066794163
-1.143,-0.0004973372644249438,-0.0004973701223822737
-1.142,-0.0004994763592407415,-0.0005084792763867973
-1.141,-0.0005015276548743804,-0.0005197709303007544
-1.14,-0.0005034874796234492,-0.0005312469302218635
-1.139,-0.0005053520681422012,-0.0005429091049963277
-1.138,-0.0005071175596906277,-0.0005547592644047011
-1.137,-0.0005087799963696802,-0.0005667991972726817
-1.136,-0.0005103353213435959,-0.0005790306695043615
-1.135,-0.0005117793770503569,-0.0005914554220353974
-1.134,-0.000513107903401406,-0.0006040751687035012
-1.133,-0.0005143165359718291,-0.0006168915940335782
-1.132,-0.0005154008041823108,-0.0006299063509347744
-1.131,-0.0005163561294742755,-0.0006431210583066271
-1.13,-0.000517177823479729,-0.0006565372985514419
-1.129,-0.0005178610861874313,-0.00067015661498995
-1.128,-0.0005184010041071516,-0.0006839805091772302
-1.127,-0.0005187925484338808,-0.0006980104381158116
-1.126,-0.0005190305732140112,-0.0007122478113628015
-1.125,-0.0005191098135156312,-0.0007266939880278149
-1.124,-0.0005190248836052326,-0.0007413502736584139
-1.123,-0.0005187702751332803,-0.0007562179170096971
-1.122,-0.0005183403553312603,-0.0007712981066946114
-1.121,-0.0005177293652229896,-0.0007865919677114941
-1.12,-0.0005169314178531567,-0.0008021005578452903
-1.119,-0.0005159404965362456,-0.0008178248639388264
-1.118,-0.0005147504531291991,-0.000833765798030461
-1.117,-0.0005133550063313833,-0.0008499241933543811
-1.116,-0.0005117477400156363,-0.0008663008001997514
-1.115,-0.0005099221015944113,-0.0008828962816248798
-1.114,-0.0005078714004252667,-0.0008997112090225107
-1.113,-0.0005055888062602096,-0.0009167460575323203
-1.112,-0.0005030673477436558,-0.000934001201296647
-1.111,-0.0005002999109640584,-0.0009514769085554605
-1.11,-0.0004972792380645313,-0.0009691733365765487
-1.109,-0.0004939979259181094,-0.0009870905264168822
-1.108,-0.0004904484248735927,-0.0010052283975111069
-1.107,-0.0004866230375782583,-0.0010235867420831113
-1.106,-0.000482513917884064,-0.0010421652193766267
-1.105,-0.00047811306984432787,-0.001060963349700832
-1.104,-0.00047341234680824097,-0.0010799805082869682
-1.103,-0.0004684034506209612,-0.0010992159189520058
-1.102,-0.0004630779309374392,-0.0011186686475654665
-1.101,-0.00045742718465855076,-0.0011383375953155676
-1.1,-0.0004514424554985463,-0.0011582214917709483
-1.099,-0.00044511483369328393,-0.0011783188877343323
-1.098,-0.0004384352558591824,-0.0011986281478846119
-1.097,-0.0004313945050133206,-0.0012191474432039766
-1.096,-0.00042398321076561444,-0.0012398747431868707
-1.095,-0.00041619184969452654,-0.0012608078078277588
-1.094,-0.0004080107459183038,-0.0012819441793848886
-1.093,-0.00039943007187429605,-0.001303281173917477
-1.092,-0.0003904398493194845,-0.001324815872594023
-1.091,-0.000381029950565939,-0.001346545112769747
-1.09,-0.0003711900999655347,-0.0013684654788314924
-1.089,-0.00036090987565887936,-0.0013905732928087998
-1.088,-0.00035017871160404677,-0.0014128646047502705
-1.087,-0.0003389858999013644,-0.001435335182864788
-1.086,-0.0003273205934311728,-0.001457980503427662
-1.085,-0.00031517180882215833,-0.0014807957404522995
-1.084,-0.0003025284297685522,-0.0015037757551286026
-1.083,-0.0002893792107151948,-0.0015269150850299265
-1.082,-0.00027571278093017736,-0.0015502079330911424
-1.081,-0.00026151764898549247,-0.0015736481563610994
-1.08,-0.0002467822076668504,-0.001597229254533602
-1.079,-0.0002314947393345449,-0.001620944358261907
-1.078,-0.00021564342175798063,-0.0016447862172626968
-1.077,-0.00019921633444719604,-0.0016687471882165152
-1.076,-0.0001822014655054352,-0.0016928192224727532
-1.075,-0.00016458671902752745,-0.0017169938535684605
-1.074,-0.0001463599230695268,-0.001741262184571521
-1.073,-0.00012750883821573727,-0.0017656148752600914
-1.072,-0.00010802116676989886,-0.0017900421291516427
-1.071,-8.78845625979311e-5,-0.0018145336803964923
-1.07,-6.708664165021446e-5,-0.001839078780552346
-1.069,-4.5614993191934654e-5,-0.0018636661852581185
-1.068,-2.3457191770508845e-5,-0.001888284140827146
-1.067,-6.008099495510943e-7,-0.0019129203707818547
-1.066,2.29665681607922e-5,-0.0019375620623540242
-1.065,4.7257332547005956e-5,-0.0019621958529769633
-1.064,7.228383207852159e-5,-0.0019868078167982095
-1.063,9.805835840671239e-5,-0.0020113834512437865
-1.062,0.0001245931289460785,-0.0020359076636675853
-1.061,0.00015190026890722736,-0.0020603647581220992
-1.06,0.00017999179235148025,-0.0020847384222895103
-1.059,0.00020887958223730186,-0.0021090117146150412
-1.058,0.00023857536942927055,-0.0021331670516874946
-1.057,0.0002690907106409995,-0.002157186195915043
-1.056,0.00030043696528429353,-0.0021810502435475943
-1.055,0.0003326252711979063,-0.0022047396131004145
-1.054,0.0003656665192305559,-0.0022282340342371647
-1.053,0.00039957132665438994,-0.0022515125371740793
-1.052,0.0004343500093868751,-0.002274553442670679
-1.051,0.00047001255300114185,-0.002297334352676147
-1.05,0.0005065685825071642,-0.0023198321417043245
-1.049,0.0005440273308888108,-0.0023420229490141425
-1.048,0.0005823976063847915,-0.0023638821716762295
-1.047,0.0006216877585048633,-0.0023853844586103684
-1.046,0.0006619056427763644,-0.0024065037056824204
-1.045,0.0007030585842202425,-0.00242721305195327
-1.044,0.0007451533395602497,-0.0024474848771762116
-1.043,0.0007881960581739064,-0.0024672908006430393
-1.042,0.0008321922417992154,-0.00248660168148279
-1.041,0.0008771467030169456,-0.0025053876205207
-1.04,0.0009230635225346203,-0.002523617963808327
-1.039,0.0009699460053051515,-0.002541261307939017
-1.038,0.0010177966355203723,-0.0025582855072658213
-1.037,0.001066617030527536,-0.0025746576831416606
-1.036,0.0011164078937251941,-0.002590344235303811
-1.035,0.0011671689665037185,-0.002605310855526716
-1.034,0.0012188989793051155,-0.0026195225436685837
-1.033,0.001271595601886672,-0.0026329436262381633
-1.032,0.0013252553928833743,-0.0026455377776084714
-1.031,0.0013798737487749283,-0.002657268044003968
-1.03,0.0014354448523745673,-0.0026680968703866994
-1.029,0.001491961620968641,-0.00267798613036519
-1.028,0.0015494156542481808,-0.0026868971592472575
-1.027,0.0016077971821862192,-0.0026947907903544298
-1.026,0.0016670950130275336,-0.002701627394711148
-1.025,0.0017272964815706368,-0.002707366924216387
-1.024,0.0017883873979351848,-0.0027119689583986473
-1.023,0.001850351997021434,-0.0027153927548474064
-1.022,0.001913172888881876,-0.002717597303404983
-1.021,0.0019768310102386013,-0.0027185413841923
-1.02,0.002041305577393209,-0.002718183629530215
-1.019,0.002106574040789042,-0.0027164825898048175
-1.018,0.002172612041498083,-0.0027133968033103448
-1.017,0.0022393933699168637,-0.0027088848700871546
-1.016,0.00230688992696703,-0.0027029055297543964
-1.015,0.002375071688106678,-0.002695417743317736
-1.014,0.0024439066704680075,-0.002686380778911634
-1.013,0.0025133609034450996,-0.00267575430141333
-1.012,0.002583398403062498,-0.0026634984658418124
-1.011,0.0026539811504606298,-0.0026495740144298024
-1.01,0.002725069074837687,-0.002633942377230126
-1.009,0.0027966200411892786,-0.0026165657760899336
-1.008,0.002868589843186724,-0.0025974073317971925
-1.007,0.002940932201532124,-0.002576431174173766
-1.006,0.003013598768123145,-0.0025536025548584997
-1.005,0.0030865391363525826,-0.002528887962492121
-1.004,0.0031597008578571092,-0.0025022552399837084
-1.003,0.003233029466015983,-0.0024736737035062303
-1.002,0.003306468506483777,-0.0024431142628364134
-1.001,0.0033799595750212954,-0.0024105495426222927
-1.0,0.0034534423628656405,-0.002375954004130537
-0.999,0.0035268547098538977,-0.0023393040669952964
-0.998,0.003600132665485019,-0.002300578230461316
-0.997,0.0036732105580712577,-0.00225975719358668
-0.996,0.0037460210720940057,-0.0022168239738452173
-0.995,0.003818495333839127,-0.0021717640235456494
-0.994,0.0038905630053440816,-0.0021245653434644367
-0.993,0.003962152386643411,-0.002075218593072266
-0.992,0.004033190526250748,-0.002023717196720705
-0.991,0.004103603339764711,-0.001970057445145995
-0.99,0.004173315736433115,-0.0019142385916416716
-0.989,0.004242251753455287,-0.0018562629422509624
-0.988,0.004310334697746302,-0.001796135939334054
-0.987,0.004377487294830099,-0.0017338662378745472
-0.986,0.004443631844471192,-0.0016694657739039743
-0.985,0.004508690382597589,-0.001602949824443282
-0.984,0.00457258484901114,-0.0015343370583857999
-0.983,0.004635237260326368,-0.001463649577777451
-0.982,0.004696569887525619,-0.0013909129489868245
-0.981,0.004756505437467562,-0.0013161562233001067
-0.98,0.004814967237638378,-0.0012394119465236194
-0.979,0.00487187942339104,-0.0011607161572296236
-0.978,0.004927167126878326,-0.001080108373338769
-0.977,0.00498075666685042,-0.0009976315667948018
-0.976,0.0050325757384584585,-0.0009133321261533693
-0.975,0.005082553602181836,-0.0008272598069765246
-0.974,0.005130621270979758,-0.000739467669997241
-0.973,0.005176711694756997,-0.0006500120070932665
-0.972,0.005220759941230153,-0.0005589522551863091
-0.971,0.005262703372284366,-0.0004663508982601261
-0.97,0.005302481814921421,-0.00037227335776883095
-0.969,0.005340037725918577,-0.00027678787178386766
-0.968,0.005375316349343315,-0.00017996536330384003
-0.967,0.005408265866102278,-8.18792982249351e-5
-0.966,0.005438837534742876,1.739446645972644e-5
-0.965,0.005466985822773025,0.00011777784359659852
-0.964,0.005492668527817778,0.00021919068524641505
-0.963,0.0055158468879909495,0.00032155095974208434
-0.962,0.005536485680924414,0.0004247749356231415
-0.961,0.00555455331096718,0.0005287773715947756
-0.96,0.005570021884139783,0.0006334717116208462
-0.959,0.005582867270506325,0.0007387702842288462
-0.958,0.005593069153705855,0.0008445845050807618
-0.957,0.00560061106746589,0.0009508250818474446
-0.956,0.005605480419002917,0.0010574022204155645
-0.955,0.00560766849929693,0.0011642258314554814
-0.954,0.005607170480308451,0.0012712057363853868
-0.953,0.005603985399286514,0.0013782518717816677
-0.952,0.005598116130393725,0.001485274491307373
-0.951,0.005589569343949214,0.001592184364259579
-0.95,0.00557835545366128,0.0016988929698719655
-0.949,0.005564488552288205,0.0018053126865504926
-0.948,0.005547986336227549,0.0019113569752672293
-0.947,0.005528870019590705,0.002016940556389473
-0.946,0.0055071642383702135,0.002121979579277703
-0.945,0.005482896945352006,0.0022263917840459665
-0.944,0.005456099296463051,0.002330096654941285
-0.943,0.005426805529276761,0.0024330155648639123
-0.942,0.005395052834423801,0.002535071910617057
-0.941,0.0053608812206746995,0.0026361912385423248
-0.94,0.00532433337447292,0.002736301360264944
-0.939,0.005285454514703,0.002835332458340184
-0.938,0.0052442922434782005,0.0029332171816586435
-0.937,0.00520089639372607,0.003029890730532706
-0.936,0.005155318874338838,0.0031252909314488852
-0.935,0.005107613513638832,0.003219358301530615
-0.934,0.005057835901887745,0.003312036102812746
-0.933,0.005006043233542865,0.0034032703864823603
-0.932,0.00495229414993382,0.0034930100272901003
-0.931,0.004896648583000542,0.0035812067483818604
-0.93,0.004839167600697325,0.00366781513684219
-0.929,0.004779913254629739,0.003752792650277961
-0.928,0.004718948430451068,0.0038360996148037643
-0.927,0.004656336701503418,0.003917699214818983
-0.926,0.004592142186146156,0.003997557474990673
-0.925,0.004526429409171229,0.004075643234876294
-0.924,0.004459263167661739,0.004151928116636037
-0.923,0.004390708401607084,0.0042263864862962675
-0.922,0.004320830069545581,0.004298995409033437
-0.921,0.004249693029463919,0.004369734598952086
-0.92,0.004177361925142376,0.004438586363831383
-0.919,0.004103901078095814,0.004505535545312295
-0.918,0.004029374385223054,0.004570569454992201
-0.917,0.00395384522224176,0.004633677806885852
-0.916,0.003877376352952327,0.004694852646701206
-0.915,0.003800029844342803,0.004754088278366255
-0.914,0.0037218669875175112,0.00481138118822858
-0.913,0.0036429482244049174,0.004866729967333486
-0.912,0.0035633330801754207,0.0049201352321692265
-0.911,0.003483080101277124,0.004971599544249482
-0.91,0.003402246798977293,0.005021127328883926
-0.909,0.0033208895982790427,0.005068724793467822
-0.908,0.003239063792066817,0.005114399845601139
-0.907,0.003156823500320347,0.00515816201132707
-0.906,0.003074221634224884,0.0052000223537590345
-0.905,0.0029913098649956,0.005239993392344576
-0.904,0.0029081385972259334,0.005278089022994098
-0.903,0.0028247569465632925,0.005314324439282199
-0.902,0.0027412127215108014,0.005348716054909733
-0.901,0.0026575524091505282,0.005381281427595526
-0.9,0.002573821164581809,0.005412039184548195
-0.899,0.0024900628038677275,0.005441008949650692
-0.898,0.0024063198002834316,0.005468211272473153
-0.897,0.0023226332836616464,0.005493667559213357
-0.896,0.0022390430426333634,0.005517400005648712
-0.895,0.0021555875295651574,0.005539431532169111
-0.894,0.002072303867998795,0.005559785720946334
-0.893,0.0019892278624036403,0.005578486755282863
-0.892,0.0019063940100577943,0.00559555936117106
-0.891,0.0018238355148797404,0.005611028751082632
-0.89,0.0017415843030385624,0.005624920569998074
-0.889,0.0016596710401773351,0.005637260843676474
-0.888,0.0015781251500911096,0.005648075929157507
-0.887,0.0014969748347078804,0.005657392467479693
-0.886,0.0014162470952280234,0.005665237338592018
-0.885,0.0013359677542848366,0.005671637618429748
-0.884,0.0012561614789959913,0.005676620538119691
-0.883,0.0011768518047828348,0.005680213445275265
-0.882,0.0010980611598415525,0.005682443767337413
-0.881,0.0010198108901571718,0.00568333897691371
-0.88,0.0009421212849582166,0.005682926559064865
-0.879,0.0008650116025165121,0.005681233980485127
-0.878,0.0007885000962031311,0.005678288660520973
-0.877,0.0007126040407177874,0.005674117943970687
-0.876,0.000637339758415071,0.005668749075606143
-0.875,0.0005627226456567991,0.005662209176357102
-0.874,0.0004887671991253907,0.0056545252210977726
-0.873,0.0004154870420385854,0.005645724017975017
-0.872,0.0003428949502109794,0.005635832189217599
-0.871,0.0002710028779127773,0.005624876153366086
-0.87,0.0001998219834808225,0.005612882108863434
-0.869,0.00012936265464140228,0.0055998760189469934
-0.868,5.9634533508506475e-5,0.0055858835977834415
-0.867,-9.353458774831647e-6,0.0055709302977891735
-0.866,-7.759309778077e-5,0.005555041298079777
-0.865,-0.00014507683195163866,0.005538241493993458
-0.864,-0.00021179775918757308,0.005520555487634618
-0.863,-0.0002777496038856559,0.005502007579385204
-0.862,-0.00034292669444658066,0.005482621760332906
-0.861,-0.0004073239412622095,0.005462421705566869
-0.86,-0.00047093681519494505,0.005441430768293088
-0.859,-0.000533761326557571,0.005419671974723329
-0.858,-0.0005957940046001249,0.005397168019693006
-0.857,-0.0006570318775084427,0.0053739412629651
-0.856,-0.0007174724529172488,0.005350013726178825
-0.855,-0.0007771136989390519,0.005325407090403405
-0.854,-0.0008359540257086378,0.005300142694258929
-0.853,-0.0008939922674416063,0.005274241532567864
-0.852,-0.0009512276650041983,0.005247724255502385
-0.851,-0.00100765984899056,0.005220611168194244
-0.85,-0.0010632888233026165,0.005192922230775401
-0.849,-0.0011181149492268518,0.0051646770588191695
-0.848,-0.0011721389300015125,0.005135894924153048
-0.847,-0.0012253617958670718,0.005106594756015838
-0.846,-0.0012777848895921837,0.005076795142533031
-0.845,-0.0013294098524668403,0.00504651433248576
-0.844,-0.001380238610753993,0.005015770237349928
-0.843,-0.0014302733625905183,0.004984580433583343
-0.842,-0.0014795165653280872,0.004952962165139911
-0.841,-0.0015279709233042412,0.0049209323461910995
-0.84,-0.001575639376033759,0.004888507564035961
-0.839,-0.0016225250868102477,0.004855704082182133
-0.838,-0.0016686314317077677,0.0048225378435812075
-0.837,-0.0017139619889722261,0.004789024474002861
-0.836,-0.001758520528792237,0.004755179285533083
-0.835,-0.0018023110034391316,0.004721017280182742
-0.834,-0.0018453375377658343,0.004686553153593548
-0.833,-0.0018876044200543624,0.004651801298829355
-0.832,-0.001929116093201785,0.004616775810241456
-0.831,-0.0019698771462345727,0.004581490487397299
-0.83,-0.00200989230614138,0.004545958839062782
-0.829,-0.0020491664300144397,0.004510194087228871
-0.828,-0.002087704497489888,0.004474209171174027
-0.827,-0.0021255116034775076,0.004438016751554439
-0.826,-0.0021625929511705343,0.004401629214514678
-0.825,-0.0021989538453263606,0.004365058675811925
-0.824,-0.0022345996858091576,0.0043283169849473975
-0.823,-0.002269535961385627,0.004291415729299135
-0.822,-0.002303768243765294,0.004254366238250716
-0.821,-0.0023373021818769626,0.004217179587310929
-0.82,-0.002370143496373154,0.004179866602219804
-0.819,-0.002402297974354565,0.004142437863036827
-0.818,-0.0024337714643067883,0.004104903708207461
-0.817,-0.0024645698712417487,0.004067274238604502
-0.816,-0.0024946991520365326,0.004029559321541049
-0.815,-0.002524165310962474,0.0039917685947521995
-0.814,-0.0025529743953976,0.003953911470342858
-0.813,-0.002581132491715716,0.003915997138699282
-0.812,-0.002608645721345646,0.003878034572362264
-0.811,-0.0026355202369943206,0.0038400325298600427
-0.81,-0.0026617622190276235,0.003801999559499274
-0.809,-0.0026873778720030933,0.003763944003112575
-0.808,-0.0027123734213487767,0.0037258739997613455
-0.807,-0.0027367551101827154,0.0036877974893927386
-0.806,-0.0027605291962677385,0.0036497222164498136
-0.805,-0.0027837019490964095,0.0036116557334340505
-0.804,-0.0028062796471011583,0.0035736054044195444
-0.803,-0.0028282685749848003,0.003535578408518326
-0.802,-0.002849675021166813,0.003497581743296368
-0.801,-0.0028705052753409087,0.0034596222281399465
-0.8,-0.0028907656261395985,0.0034217065075721354
-0.799,-0.0029104623589015994,0.0033838410545192865
-0.798,-0.002929601753538089,0.003346032173527454
-0.797,-0.00294819008249396,0.0033082860039287815
-0.796,-0.0029662336088003643,0.003270608522957948
-0.795,-0.0029837385842149842,0.0032330055488188473
-0.794,-0.0030007112474465915,0.003195482743701701
-0.793,-0.0030171578224605904,0.003158045616750903
-0.792,-0.0030330845168623716,0.003120699526983905
-0.791,-0.003048497520355409,0.003083449686161518
-0.79,-0.0030634030032711695,0.0030463011616100374
-0.789,-0.0030778071151680015,0.0030092588789956366
-0.788,-0.0030917159834962897,0.0029723276250515074
-0.787,-0.003105135712327261,0.0029355120502582467
-0.786,-0.003118072381142933,0.0028988166714780297
-0.785,-0.0031305320436847924,0.0028622458745431118
-0.784,-0.00314252072685889,0.0028258039167992377
-0.783,-0.003154044429695122,0.0027894949296045435
-0.782,-0.0031651091223585614,0.002753322920784558
-0.781,-0.00317572074521079,0.0027172917770439107
-0.78,-0.003185885207919256,0.0026814052663353782
-0.779,-0.0031956083886127604,0.0026456670401868994
-0.778,-0.0032048961330812683,0.002610080635987196
-0.777,-0.0032137542540182818,0.0025746494792306426
-0.776,-0.0032221885303041144,0.002539376885722036
-0.775,-0.0032302047063284514,0.002504266063741906
-0.774,-0.0032378084913506524,0.0024693201161730197
-0.773,-0.0032450055588963173,0.002434542042588726
-0.772,-0.0032518015461886914,0.0023999347413037877
-0.771,-0.0032582020536135454,0.0023655010113883402
-0.77,-0.0032642126442162167,0.0023312435546456213
-0.769,-0.0032698388432295614,0.0022971649775541027
-0.768,-0.003275086137631598,0.0022632677931746573
-0.767,-0.003279959975731699,0.0022295544230233853
-0.766,-0.003284465766784202,0.0021960271989107144
-0.765,-0.0032886088806283885,0.0021626883647473893
-0.764,-0.0032923946473537888,0.002129540078317954
-0.763,-0.003295828356989845,0.0020965844130223215
-0.762,-0.0032989152592189774,0.0020638233595860196
-0.761,-0.003301660563112147,0.0020312588277396973
-0.76,-0.0033040694368860523,0.001998892647868457
-0.759,-0.0033061470076811137,0.001966726572631583
-0.758,-0.003307898361359451,0.0019347622785532107
-0.757,-0.0033093285423220747,0.001903001367584495
-0.756,-0.003310442553344559,0.0018714453686378024
-0.755,-0.00331124535543048,0.0018400957390934587
-0.754,-0.0033117418676819376,0.0018089538662795692
-0.753,-0.0033119369671865,0.0017780210689254212
-0.752,-0.00331183548891995,0.0017472985985889638
-0.751,-0.0033114422256642164,0.0017167876410588594
-0.75,-0.0033107619279399134,0.0016864893177315826
-0.749,-0.003309799303952926,0.0016564046869640414
-0.748,-0.003308559019554507,0.0016265347454021805
-0.747,-0.0033070456982143576,0.0015968804292860175
-0.746,-0.003305263921006209,0.001567442615731562
-0.745,-0.0033032182266054134,0.0015382221239900423
-0.744,-0.003300913111298088,0.0015092197166848766
-0.743,-0.003298353029001371,0.0014804361010267956
-0.742,-0.0032955423912943613,0.001451871930007531
-0.741,-0.003292485567459331,0.0014235278035724683
-0.74,-0.0032891868845328163,0.0013954042697726528
-0.739,-0.0032856506273662056,0.0013675018258965358
-0.738,-0.003281881038695461,0.0013398209195818313
-0.737,-0.0032778823192196184,0.0013123619499078557
-0.736,-0.003273658627687724,0.0012851252684687028
-0.735,-0.003269214080993887,0.0012581111804276122
-0.734,-0.0032645527542801223,0.0012313199455528687
-0.733,-0.003259678681046691,0.001204751779235574
-0.732,-0.003254595853269636,0.0011784068534896166
-0.731,-0.0032493082215252302,0.0011522852979341629
-0.73,-0.003243819695121077,0.0011263872007589845
-0.729,-0.0032381341422335775,0.0011007126096729291
-0.728,-0.0032322553900515356,0.0010752615328358387
-0.727,-0.0032261872249256347,0.0010500339397742052
-0.726,-0.003219933392523561,0.0010250297622808587
-0.725,-0.0032134975979905447,0.0010002488952989637
-0.724,-0.0032068835061150923,0.0009756911977906054
-0.723,-0.0032000947414997016,0.0009513564935902319
-0.722,-0.0031931348887363534,0.0009272445722432207
-0.721,-0.0031860074925865764,0.0009033551898298235
-0.72,-0.0031787160581659007,0.0008796880697747479
-0.719,-0.0031712640511325054,0.0008562429036426197
-0.718,-0.0031636548978798864,0.0008330193519195703
-0.717,-0.0031558919857333665,0.0008100170447811863
-0.716,-0.0031479786631502843,0.0007872355828470543
-0.715,-0.003139918239923693,0.0007646745379221273
-0.714,-0.0031317139873894154,0.0007423334537251366
-0.713,-0.0031233691386363025,0.0007202118466042667
-0.712,-0.003114886888719545,0.0006983092062403076
-0.711,-0.0031062703948768968,0.0006766249963374935
-0.71,-0.003097522776747675,0.0006551586553022323
-0.709,-0.0030886471165943933,0.0006339095969099276
-0.708,-0.0030796464595269075,0.00061287721096009
-0.707,-0.0030705238137289435,0.000592060863919929
-0.706,-0.0030612821506868838,0.0005714598995566169
-0.705,-0.003051924405420697,0.0005510736395584072
-0.704,-0.0030424534767168943,0.0005309013841447918
-0.703,-0.0030328722273634014,0.0005109424126658718
-0.702,-0.0030231834843862364,0.0004911959841911195
-0.701,-0.0030133900392878927,0.00047166133808770037
-0.7,-0.0030034946482873194,0.0004523376945885241
-0.699,-0.0029935000325614068,0.0004332242553501882
-0.698,-0.0029834088784878765,0.000414320204000977
-0.697,-0.002973223837889484,0.0003956247066790731
-0.696,-0.002962947528279446,0.00037713691256113736
-0.695,-0.0029525825331080027,0.00035885595438141005
-0.694,-0.0029421314020100274,0.0003407809489414823
-0.693,-0.0029315966510536084,0.00032291099761088576
-0.692,-0.002920980762989515,0.0003052451868186432
-0.691,-0.0029102861875014733,0.00028778258853592376
-0.69,-0.002899515341457175,0.0002705222607499401
-0.689,-0.002888670609159951,0.0002534632479292254
-0.688,-0.002877754342601026,0.0002366045814804232
-0.687,-0.0028667688617122987,0.00021994528019672385
-0.686,-0.0028557164546195732,0.00020348435069807475
-0.685,-0.002844599377896174,0.00018722078786329358
-0.684,-0.0028334198568168868,0.00017115357525420886
-0.683,-0.0028221800856121576,0.00015528168553195093
-0.682,-0.002810882227722498,0.00013960408086551425
-0.681,-0.0027995284160530266,0.0001241197133327101
-0.68,-0.002788120753228102,0.0001088275253136263
-0.679,-0.0027766613118459845,9.372644987670906e-5
-0.678,-0.0027651521347334747,7.881541115758015e-5
-0.677,-0.0027535952352004786,6.409332473070021e-5
-0.676,-0.0027419925972944504,4.955909797398822e-5
-0.675,-0.002730346176054656,3.521163042650406e-5
-0.674,-0.0027186578977662183,2.104981413930077e-5
-0.673,-0.0027069296602138973,7.072534019550268e-6
-0.672,-0.002695163332935551,-6.721331831954624e-6
-0.671,-0.0026833607574752462,-2.0332911789820974e-5
-0.67,-0.0026715237476359673,-3.37633403794999e-5
-0.669,-0.002659654089731886,-4.7013757959056215e-5
-0.668,-0.0026477535428401536,-6.008531040716726e-5
-0.667,-0.0026358238390521704,-7.297914881725596e-5
-0.666,-0.002623866683724305,-8.569642919766463e-5
-0.665,-0.0026118837557280155,-9.823831217777777e-5
-0.664,-0.0025998767076993484,-0.00011060596272000265
-0.663,-0.0025878471662877703,-0.0001228005498375191
-0.662,-0.0025757967324043086,-0.00013482324631770991
-0.661,-0.002563726981468963,-0.0001466752284511856
-0.66,-0.0025516394636573556,-0.0001583576757663178
-0.659,-0.002539535704146599,-0.00016987177076919772
-0.658,-0.002527417203360337,-0.00018121869868893583
-0.657,-0.0025152854372129463,-0.00019239964722822221
-0.656,-0.002503141857352859,-0.00020341580631906583
-0.655,-0.002490987891404986,-0.00021426836788363443
-0.654,-0.0024788249432122133,-0.0002249585256001161
-0.653,-0.0024666543930759485,-0.0002354874746735256
-0.652,-0.002454477597995687,-0.00024585641161137966
-0.651,-0.002442295891907585,-0.0002560665340041657
-0.65,-0.0024301105859220054,-0.0002661190403105307
-0.649,-0.0024179229685600263,-0.0002760151296471169
-0.648,-0.0024057343059888793,-0.0002857560015829728
-0.647,-0.002393545842256307,-0.0002953428559384685
-0.646,-0.002381358799523817,-0.0003047768925886449
-0.645,-0.0023691743782988106,-0.00031405931127092917
-0.644,-0.002356993757665572,-0.0003231913113971473
-0.643,-0.0023448180955150996,-0.00033217409186976724
-0.642,-0.0023326485287737606,-0.0003410088509023067
-0.641,-0.0023204861736307566,-0.00034969678584383963
-0.64,-0.00230833212576438,-0.0003582390930075384
-0.639,-0.0022961874605670514,-0.0003666369675031867
-0.638,-0.0022840532333691186,-0.0003748916030736017
-0.637,-0.0022719304796614066,-0.00038300419193490335
-0.636,-0.0022598202153165073,-0.00039097592462056994
-0.635,-0.0022477234368087906,-0.0003988079898292198
-0.634,-0.002235641121433129,-0.00040650157427606
-0.633,-0.002223574227522327,-0.00041405786254794367
-0.632,-0.0022115236946632353,-0.00042147803696197773
-0.631,-0.00219949044391155,-0.00042876327742762495
-0.63,-0.0021874753780052793,-0.00043591476131224336
-0.629,-0.0021754793815768714,-0.0004429336633100086
-0.628,-0.0021635033213639955,-0.0004498211553141634
-0.627,-0.002151548046418965,-0.0004565784062925409
-0.626,-0.0021396143883167973,-0.00046320658216630943
-0.625,-0.0021277031613618994,-0.0004697068456918841
-0.624,-0.0021158151627933795,-0.0004760803563459558
-0.623,-0.0021039511729889666,-0.00048232827021358487
-0.622,-0.002092111955667544,-0.0004884517398793098
-0.621,-0.002080298258090282,-0.0004944519143212213
-0.62,-0.0020685108112603687,-0.0005003299388079514
-0.619,-0.002056750330121333,-0.0005060869547985317
-0.618,-0.0020450175137539557,-0.0005117240998450699
-0.617,-0.0020333130455717635,-0.0005172425074982002
-0.616,-0.0020216375935151027,-0.0005226433072152589
-0.615,-0.0020099918102437896,-0.0005279276242711414
-0.614,-0.0019983763333283333,-0.0005330965796717929
-0.613,-0.001986791785439729,-0.0005381512900702907
-0.612,-0.001975238774537821,-0.0005430928676854719
-0.611,-0.0019637178940582287,-0.0005479224202230643
-0.61,-0.0019522297230978396,-0.0005526410507992775
-0.609,-0.001940774826598863,-0.0005572498578668108
-0.608,-0.001929353755531447,-0.0005617499351432372
-0.607,-0.001917967047074855,-0.0005661423715417229
-0.606,-0.0019066152247972036,-0.0005704282511040395
-0.605,-0.0018952987988337595,-0.0005746086529358309
-0.604,-0.0018840182660637987,-0.0005786846511440949
-0.603,-0.0018727741102860236,-0.0005826573147768386
-0.602,-0.001861566802392543,-0.0005865277077648726
-0.601,-0.0018503968005414131,-0.0005902968888657032
-0.6,-0.0018392645503277428,-0.0005939659116094856
-0.599,-0.0018281704849533614,-0.0005975358242470024
-0.598,-0.001817115025395055,-0.0006010076696996303
-0.597,-0.001806098580571369,-0.0006043824855112577
-0.596,-0.0017951215475079804,-0.0006076613038021206
-0.595,-0.0017841843115016431,-0.0006108451512245193
-0.594,-0.0017732872462827092,-0.0006139350489203823
-0.593,-0.0017624307141762244,-0.0006169320124806442
-0.592,-0.0017516150662616073,-0.000619837051906402
-0.591,-0.00174084064253091,-0.0006226511715718198
-0.59,-0.0017301077720456677,-0.0006253753701887458
-0.589,-0.001719416773092336,-0.0006280106407730124
-0.588,-0.001708767953336324,-0.0006305579706123855
-0.587,-0.0016981616099746265,-0.0006330183412361333
-0.586,-0.0016875980298870553,-0.0006353927283861826
-0.585,-0.0016770774897860797,-0.0006376821019898332
-0.584,-0.0016666002563652752,-0.0006398874261339998
-0.583,-0.0016561665864463896,-0.000642009659040951
-0.582,-0.001645776727125028,-0.0006440497530455187
-0.581,-0.0016354309159149624,-0.0006460086545737466
-0.58,-0.0016251293808910714,-0.0006478873041229507
-0.579,-0.001614872340830915,-0.0006496866362431641
-0.578,-0.00160466000535495,-0.0006514075795199376
-0.577,-0.0015944925750653897,-0.0006530510565584698
-0.576,-0.0015843702416837168,-0.0006546179839690398
-0.575,-0.0015742931881868511,-0.0006561092723537157
-0.574,-0.0015642615889419815,-0.0006575258262943134
-0.573,-0.0015542756098400662,-0.0006588685443415797
-0.572,-0.0015443354084280065,-0.000660138319005575
-0.571,-0.0015344411340395033,-0.0006613360367472299
-0.57,-0.0015245929279245987,-0.0006624625779710526
-0.569,-0.0015147909233779115,-0.0006635188170189601
-0.568,-0.0015050352458655736,-0.0006645056221652134
-0.567,-0.0014953260131508707,-0.0006654238556124302
-0.566,-0.001485663335418598,-0.0006662743734886528
-0.565,-0.0014760473153981335,-0.000667058025845448
-0.564,-0.0014664780484852388,-0.0006677756566570188
-0.563,-0.0014569556228625942,-0.0006684281038203026
-0.562,-0.0014474801196190713,-0.0006690161991560361
-0.561,-0.0014380516128677555,-0.000669540768410765
-0.56,-0.001428670169862722,-0.0006700026312597769
-0.559,-0.0014193358511145713,-0.0006704026013109385
-0.558,-0.0014100487105047378,-0.0006707414861094129
-0.557,-0.00140080879539857,-0.0006710200871432406
-0.556,-0.0013916161467571965,-0.0006712391998497626
-0.555,-0.001382470799248182,-0.0006713996136228659
-0.554,-0.0013733727813549823,-0.0006715021118210317
-0.553,-0.001364322115485204,-0.0006715474717761698
-0.552,-0.001355318818077677,-0.0006715364648032163
-0.551,-0.0013463628997083508,-0.0006714698562104816
-0.55,-0.001337454365195016,-0.0006713484053107237
-0.549,-0.0013285932137008629,-0.0006711728654329368
-0.548,-0.001319779438836886,-0.0006709439839348309
-0.547,-0.001311013028763137,-0.0006706625022159887
-0.546,-0.0013022939662888405,-0.0006703291557316823
-0.545,-0.0012936222289713741,-0.0006699446740073323
-0.544,-0.0012849977892141254,-0.0006695097806535924
-0.543,-0.0012764206143632316,-0.0006690251933820454
-0.542,-0.0012678906668032101,-0.0006684916240214916
-0.541,-0.0012594079040514875,-0.0006679097785348166
-0.54,-0.0012509722788518359,-0.0006672803570364213
-0.539,-0.0012425837392667236,-0.0006666040538101996
-0.538,-0.0012342422287685883,-0.0006658815573280487
-0.537,-0.0012259476863300414,-0.0006651135502688975
-0.536,-0.001217700046513012,-0.0006643007095382372
-0.535,-0.0012094992395568337,-0.0006634437062881431
-0.534,-0.001201345191465292,-0.0006625432059377693
-0.533,-0.001193237824092629,-0.0006615998681943057
-0.532,-0.0011851770552285229,-0.0006606143470743831
-0.531,-0.0011771627986820424,-0.0006595872909259115
-0.53,-0.0011691949643645927,-0.0006585193424503402
-0.529,-0.0011612734583718515,-0.000657411138725327
-0.528,-0.0011533981830647118,-0.000656263311227801
-0.527,-0.0011455690371492326,-0.000655076485857411
-0.526,-0.0011377859157556112,-0.0006538512829603425
-0.525,-0.0011300487105161806,-0.0006525883173534952
-0.524,-0.0011223573096424426,-0.0006512881983490062
-0.523,-0.001114711598001144,-0.0006499515297791095
-0.522,-0.0011071114571894031,-0.0006485789100213186
-0.521,-0.0010995567656088966,-0.0006471709320239218
-0.52,-0.0010920473985391113,-0.000645728183331779
-0.519,-0.0010845832282096732,-0.00064425124611241
-0.518,-0.001077164123871757,-0.0006427406971823606
-0.517,-0.0010697899518685885,-0.0006411971080338405
-0.516,-0.0010624605757050436,-0.0006396210448616188
-0.515,-0.0010551758561163558,-0.0006380130685901691
-0.514,-0.0010479356511359365,-0.0006363737349010532
-0.513,-0.0010407398161623189,-0.0006347035942605345
-0.512,-0.0010335882040252312,-0.0006330031919474105
-0.511,-0.0010264806650508074,-0.0006312730680810563
-0.51,-0.0010194170471259445,-0.0006295137576496679
-0.509,-0.0010123971957618136,-0.0006277257905386983
-0.508,-0.0010054209541565295,-0.000625909691559476
-0.507,-0.0009984881632569933,-0.0006240659804779979
-0.506,-0.0009915986618199075,-0.0006221951720438872
-0.505,-0.0009847522864719778,-0.0006202977760195095
-0.504,-0.0009779488717693056,-0.0006183742972092358
-0.503,-0.0009711882502559809,-0.0006164252354888482
-0.502,-0.0009644702525218799,-0.0006144510858350768
-0.501,-0.0009577947072596802,-0.000612452338355262
-0.5,-0.0009511614413210952,-0.0006104294783171336
-0.499,-0.0009445702797723392,-0.0006083829861787
-0.498,-0.0009380210459488296,-0.0006063133376182386
-0.497,-0.0009315135615091319,-0.0006042210035643822
-0.496,-0.0009250476464881578,-0.0006021064502262925
-0.495,-0.0009186231193496218,-0.000599970139123914
-0.494,-0.000912239797037763,-0.0005978125271183035
-0.493,-0.0009058974950283414,-0.0005956340664420245
-0.492,-0.0008995960273789149,-0.0005934352047296038
-0.491,-0.0008933352067784033,-0.0005912163850480424
-0.49,-0.0008871148445959476,-0.0005889780459273728
-0.489,-0.0008809347509290715,-0.0005867206213912596
-0.488,-0.0008747947346511521,-0.0005844445409876348
-0.487,-0.0008686946034582063,-0.0005821502298193629
-0.486,-0.0008626341639150004,-0.0005798381085749292
-0.485,-0.00085661322150049,-0.0005775085935591476
-0.484,-0.0008506315806525968,-0.0005751620967238795
-0.483,-0.0008446890448123285,-0.0005727990256987603
-0.482,-0.0008387854164672504,-0.0005704197838219278
-0.481,-0.0008329204971943135,-0.0005680247701707456
-0.48,-0.0008270940877020469,-0.00056561437959252
-0.479,-0.0008213059878721216,-0.0005631890027352011
-0.478,-0.0008155559968002901,-0.0005607490260780657
-0.477,-0.0008098439128367123,-0.0005582948319623775
-0.476,-0.0008041695336256702,-0.0005558267986220177
-0.475,-0.0007985326561446802,-0.0005533453002140837
-0.474,-0.000792933076743009,-0.0005508507068494499
-0.473,-0.0007873705911796,-0.0005483433846232867
-0.472,-0.000781844994660415,-0.0005458236956455335
-0.471,-0.0007763560818751995,-0.0005432919980713216
-0.47,-0.0007709036470336768,-0.0005407486461313412
-0.469,-0.0007654874839011765,-0.0005381939901621524
-0.468,-0.0007601073858337061,-0.000535628376636431
-0.467,-0.0007547631458124685,-0.0005330521481931498
-0.466,-0.0007494545564778341,-0.000530465643667689
-0.465,-0.0007441814101627725,-0.000527869198121873
-0.464,-0.0007389434989257499,-0.0005252631428739302
-0.463,-0.0007337406145830987,-0.0005226478055283713
-0.462,-0.0007285725487408634,-0.0005200235100057837
-0.461,-0.0007234390928261322,-0.0005173905765725383
-0.46,-0.0007183400381178556,-0.0005147493218704052
-0.459,-0.0007132751757771623,-0.0005121000589460759
-0.458,-0.0007082442968771746,-0.0005094430972805875
-0.457,-0.0007032471924323309,-0.0005067787428186474
-0.456,-0.0006982836534272205,-0.0005041072979978549
-0.455,-0.000693353470844936,-0.0005014290617778161
-0.454,-0.0006884564356949498,-0.0004987443296691514
-0.453,-0.0006835923390405178,-0.0004960533937623899
-0.452,-0.0006787609720256199,-0.0004933565427567504
-0.451,-0.0006739621259014382,-0.0004906540619888066
-0.45,-0.0006691955920523815,-0.0004879462334610315
-0.449,-0.00066446116202166,-0.0004852333358702206
-0.448,-0.000659758627536415,-0.00048251564463579183
-0.447,-0.0006550877805324111,-0.00047979343192795847
-0.446,-0.0006504484131782933,-0.0004770669666957732
-0.445,-0.0006458403178994157,-0.00047433651469504207
-0.444,-0.0006412632874012466,-0.00047160233851610507
-0.443,-0.0006367171146923552,-0.000468864697611482
-0.442,-0.0006322015931069846,-0.00046612384832338114
-0.441,-0.000627716516327216,-0.00046338004391106933
-0.44,-0.0006232616784047289,-0.0004606335345781009
-0.439,-0.000618836873782164,-0.0004578845674994046
-0.438,-0.0006144418973140892,-0.00045513338684822536
-0.437,-0.0006100765442875792,-0.0004523802338229208
-0.436,-0.0006057406104424084,-0.00044962534667360957
-0.435,-0.0006014338919908654,-0.0004468689607286703
-0.434,-0.0005971561856371906,-0.0004441113084210901
-0.433,-0.000592907288596645,-0.0004413526193146604
-0.432,-0.0005886869986142113,-0.00043859312013001914
-0.431,-0.0005844951139829337,-0.0004358330347705374
-0.43,-0.0005803314335619013,-0.00043307258434805037
-0.429,-0.0005761957567938771,-0.0004303119872084293
-0.428,-0.0005720878837225799,-0.0004275514589569957
-0.427,-0.0005680076150096219,-0.00042479121248377395
-0.426,-0.0005639547519511054,-0.0004220314579885836
-0.425,-0.0005599290964938847,-0.0004192724030059685
-0.424,-0.0005559304512514966,-0.0004165142524299625
-0.423,-0.0005519586195197628,-0.0004137572085386908
-0.422,-0.0005480134052920698,-0.0004110014710188052
-0.421,-0.000544094613274329,-0.00040824723698975327
-0.42,-0.0005402020488996218,-0.00040549470102788
-0.419,-0.0005363355183425339,-0.00040274405519036103
-0.418,-0.0005324948285331812,-0.0003999954890389672
-0.417,-0.0005286797871709333,-0.00039724918966365877
-0.416,-0.0005248902027378366,-0.00039450534170600937
-0.415,-0.000521125884511742,-0.00039176412738245887
-0.414,-0.0005173866425791405,-0.0003890257265073937
-0.413,-0.00051367228784771,-0.00038629031651605546
-0.412,-0.0005099826320585776,-0.0003835580724872756
-0.411,-0.000506317487798301,-0.00038082916716603715
-0.41,-0.0005026766685105717,-0.0003781037709858617
-0.409,-0.0004990599885076454,-0.00037538205209102204
-0.408,-0.0004954672629814999,-0.00037266417635857985
-0.407,-0.0004918983080147284,-0.0003699503074202472
-0.406,-0.0004883529405911669,-0.0003672406066840731
-0.405,-0.00048483097860626287,-0.000364535233355953
-0.404,-0.0004813322408771862,-0.00036183434446096215
-0.403,-0.00047785654715268663,-0.0003591380948645122
-0.402,-0.0004744037181227009,-0.00035644663729333026
-0.401,-0.00047097357542771244,-0.0003537601223562613
-0.4,-0.00046756594166786757,-0.0003510786985648924
-0.399,-0.0004641806404118501,-0.00034840251235399966
-0.398,-0.0004608174962055186,-0.00034573170810181736
-0.397,-0.0004574763345803088,-0.00034306642815012896
-0.396,-0.00045415698206140414,-0.0003404068128241803
-0.395,-0.00045085926617567787,-0.0003377530004524147
-0.394,-0.00044758301545940886,-0.0003351051273860296
-0.393,-0.0004443280594657748,-0.000332463328018356
-0.392,-0.0004410942287721254,-0.00032982773480405873
-0.391,-0.00043788135498703797,-0.0003271984782781595
-0.39,-0.0004346892707571592,-0.0003245756870748815
-0.389,-0.0004315178097738343,-0.0003219594879463167
-0.388,-0.00042836680677952823,-0.0003193500057809146
-0.387,-0.0004252360975740397,-0.00031674736362179417
-0.386,-0.0004221255190205119,-0.0003141516826848779
-0.385,-0.0004190349090512425,-0.00031156308237684867
-0.384,-0.00041596410667329417,-0.0003089816803129297
-0.383,-0.0004129129519739103,-0.00030640759233448747
-0.382,-0.00040988128612573635,-0.0003038409325264585
-0.381,-0.0004068689513918505,-0.00030128181323459905
-0.38,-0.0004038757911306061,-0.00029873034508256006
-0.379,-0.000400901649800287,-0.0002961866369887849
-0.378,-0.0003979463729635801,-0.0002936507961832332
-0.377,-0.00039500980729186556,-0.0002911229282239287
-0.376,-0.0003920918005693282,-0.0002886031370133329
-0.375,-0.00038919220169689195,-0.0002860915248145444
-0.374,-0.0003863108606959792,-0.0002835881922673245
-0.373,-0.00038344762871209793,-0.0002810932384039492
-0.372,-0.00038060235801825844,-0.0002786067606648885
-0.371,-0.0003777749020182215,-0.00027612885491431295
-0.37,-0.0003749651152495805,-0.0002736596154554285
-0.369,-0.00037217285338667967,-0.0002711991350456397
-0.368,-0.00036939797324336956,-0.0002687475049115416
-0.367,-0.0003666403327756032,-0.00026630481476374186
-0.366,-0.0003638997910838736,-0.00026387115281151235
-0.365,-0.00036117620841549493,-0.0002614466057772716
-0.364,-0.00035846944616673007,-0.0002590312589108987
-0.363,-0.0003557793668847647,-0.00025662519600387856
-0.362,-0.0003531058342695317,-0.0002542284994032802
-0.361,-0.00035044871317538615,-0.00025184125002556735
-0.36,-0.0003478078696126337,-0.0002494635273702435
-0.359,-0.0003451831707489133,-0.00024709540953333093
-0.358,-0.0003425744849104367,-0.0002447369732206845
-0.357,-0.0003399816815830858,-0.00024238829376114197
-0.356,-0.0003374046314133702,-0.00024004944511950968
-0.355,-0.0003348432062092456,-0.00023772049990938618
-0.354,-0.00033229727894079603,-0.00023540152940582332
-0.353,-0.0003297667237407796,-0.0002330926035578259
-0.352,-0.00032725141590504166,-0.00023079379100069083
-0.351,-0.0003247512318927947,-0.00022850515906818622
-0.35,-0.0003222660493267678,-0.0002262267738045713
-0.349,-0.0003197957469932268,-0.00022395869997645835
-0.348,-0.0003173402048418663,-0.00022170100108451657
-0.347,-0.0003148993039855754,-0.00021945373937501967
-0.346,-0.00031247292670007833,-0.00021721697585123725
-0.345,-0.0003100609564234508,-0.0002149907702846713
-0.344,-0.00030766327775551505,-0.00021277518122613857
-0.343,-0.00030527977645711235,-0.00021057026601669927
-0.342,-0.00030291033944925705,-0.00020837608079843362
-0.341,-0.0003005548548121711,-0.0002061926805250667
-0.34,-0.00029821321178420164,-0.00020402011897244262
-0.339,-0.0002958853007606226,-0.00020185844874884886
-0.338,-0.00029357101329232076,-0.00019970772130519185
-0.337,-0.0002912702420843691,-0.00019756798694502462
-0.336,-0.0002889828809944863,-0.00019543929483442738
-0.335,-0.00028670882503138565,-0.00019332169301174214
-0.334,-0.000284447970353013,-0.0001912152283971623
-0.333,-0.0002822002142646757,-0.000189119946802178
-0.332,-0.00027996545521706296,-0.00018703589293887865
-0.331,-0.00027774359280415917,-0.0001849631104291131
-0.33,-0.0002755345277610506,-0.00018290164181350871
-0.329,-0.0002733381619616273,-0.00018085152856035067
-0.328,-0.0002711543984161801,-0.00017881281107432178
-0.327,-0.00026898314126889457,-0.00017678552870510462
-0.326,-0.00026682429579524244,-0.00017476971975584655
-0.325,-0.0002646777683992712,-0.00017276542149148894
-0.324,-0.0002625434666107933,-0.00017077267014696136
-0.323,-0.00026042129908247547,-0.00016879150093524227
-0.322,-0.0002583111755868285,-0.0001668219480552868
-0.321,-0.00025621300701309945,-0.0001648640446998232
-0.32,-0.0002541267053640662,-0.0001629178230630185
-0.319,-0.00025205218375273515,-0.00016098331434801538
-0.318,-0.00024998935639894356,-0.00015906054877434003
-0.317,-0.00024793813862586606,-0.00015714955558518383
-0.316,-0.00024589844685642733,-0.00015525036305455837
-0.315,-0.00024387019860962067,-0.00015336299849432613
-0.314,-0.00024185331249673402,-0.00015148748826110744
-0.313,-0.00023984770821748296,-0.0001496238577630649
-0.312,-0.0002378533065560526,-0.0001477721314665669
-0.311,-0.00023587002937704803,-0.0001459323329027306
-0.31,-0.0002338977996213545,-0.00014410448467384673
-0.309,-0.00023193654130190778,-0.00014228860845968608
-0.308,-0.00022998617949937498,-0.0001404847250236902
-0.307,-0.00022804664035774706,-0.00013869285421904654
-0.306,-0.00022611785107984288,-0.00013691301499465
-0.305,-0.0002241997399227259,-0.00013514522540095163
-0.304,-0.00022229223619303368,-0.00013338950259569594
-0.303,-0.00022039527024222074,-0.00013164586284954833
-0.302,-0.0002185087734617156,-0.00012991432155161345
-0.301,-0.00021663267827799204,-0.00012819489321484618
-0.3,-0.00021476691814755535,-0.00012648759148135632
-0.299,-0.0002129114275518439,-0.00012479242912760848
-0.298,-0.00021106614199204645,-0.00012310941806951826
-0.297,-0.00020923099798383582,-0.00012143856936744619
-0.296,-0.00020740593305201908,-0.00011977989323109103
-0.295,-0.00020559088572510485,-0.00011813339902428307
-0.294,-0.00020378579552978804,-0.00011649909526967969
-0.293,-0.00020199060298535241,-0.00011487698965336376
-0.292,-0.0002002052495979913,-0.00011326708902934688
-0.291,-0.00019842967785504704,-0.00011166939942397843
-0.29,-0.0001966638312191692,-0.00011008392604026205
-0.289,-0.00019490765412239196,-0.00010851067326208084
-0.288,-0.00019316109196013142,-0.00010694964465833291
-0.287,-0.00019142409108510245,-0.00010540084298697841
-0.286,-0.00018969659880115606,-0.00010386427019899976
-0.285,-0.00018797856335703704,-0.00010233992744227636
-0.284,-0.0001862699339400627,-0.00010082781506537534
-0.283,-0.00018457066066972252,-9.932793262125977e-5
-0.282,-0.00018288069459119924,-9.784027887091583e-5
-0.281,-0.0001811999876688117,-9.636485178690054e-5
-0.28,-0.0001795284927793795,-9.490164855681122e-5
-0.279,-0.00017786616370551003,-9.345066558667874e-5
-0.278,-0.00017621295512880764,-9.201189850428556e-5
-0.277,-0.00017456882262300585,-9.058534216241036e-5
-0.276,-0.0001729337226470223,-8.917099064200086e-5
-0.275,-0.00017130761253793684,-8.776883725527617e-5
-0.274,-0.00016969045050389312,-8.637887454876046e-5
-0.273,-0.00016808219561692382,-8.50010943062494e-5
-0.272,-0.00016648280780569955,-8.363548755171095e-5
-0.271,-0.00016489224784820206,-8.228204455212227e-5
-0.27,-0.00016331047736432155,-8.094075482024406e-5
-0.269,-0.00016173745880837856,-7.961160711733435e-5
-0.268,-0.00016017315546157043,-7.82945894558029e-5
-0.267,-0.0001586175314243429,-7.698968910180842e-5
-0.266,-0.00015707055160868653,-7.569689257779964e-5
-0.265,-0.00015553218173035868,-7.441618566500246e-5
-0.264,-0.00015400238830103088,-7.314755340585453e-5
-0.263,-0.00015248113862036187,-7.189098010638897e-5
-0.262,-0.00015096840076799666,-7.064644933856912e-5
-0.261,-0.00014946414359549162,-6.94139439425758e-5
-0.26,-0.0001479683367181659,-6.819344602904898e-5
-0.259,-0.00014648095050687942,-6.698493698128554e-5
-0.258,-0.00014500195607973742,-6.57883974573947e-5
-0.257,-0.00014353132529372215,-6.460380739241331e-5
-0.256,-0.00014206903073625142,-6.34311460003822e-5
-0.255,-0.00014061504571666474,-6.227039177638584e-5
-0.254,-0.00013916934425763677,-6.112152249855687e-5
-0.253,-0.00013773190108651873,-5.9984515230047334e-5
-0.252,-0.00013630269162660759,-5.88593463209685e-5
-0.251,-0.0001348816919883436,-5.7745991410301006e-5
-0.25,-0.00013346887896043615,-5.664442542777723e-5
-0.249,-0.00013206423000091834,-5.555462259573771e-5
-0.248,-0.00013066772322813038,-5.44765564309635e-5
-0.247,-0.0001292793374116322,-5.341019974648627e-5
-0.246,-0.00012789905196304536,-5.235552465337813e-5
-0.245,-0.00012652684692682464,-5.1312502562522996e-5
-0.244,-0.00012516270297095947,-5.028110418637144e-5
-0.243,-0.00012380660137760566,-4.926129954068094e-5
-0.242,-0.00012245852403364746,-4.825305794624347e-5
-0.241,-0.00012111845342119034,-4.725634803060234e-5
-0.24,-0.00011978637260798499,-4.627113772976027e-5
-0.239,-0.0001184622652377824,-4.5297394289880703e-5
-0.238,-0.0001171461155206208,-4.4335084268984194e-5
-0.237,-0.00011583790822304452,-4.3384173538642064e-5
-0.236,-0.00011453762865825516,-4.2444627285669164e-5
-0.235,-0.00011324526267619547,-4.1516410013817806e-5
-0.234,-0.0001119607966535662,-4.059948554547492e-5
-0.233,-0.00011068421748377652,-3.969381702336445e-5
-0.232,-0.0001094155125668281,-3.879936691225702e-5
-0.231,-0.00010815466979913337,-3.7916097000688915e-5
-0.23,-0.00010690167756326863,-3.704396840269256e-5
-0.229,-0.00010565652471766196,-3.61829415595404e-5
-0.228,-0.00010441920058621679,-3.533297624150441e-5
-0.227,-0.00010318969494787139,-3.449403154963333e-5
-0.226,-0.00010196799802609481,-3.36660659175496e-5
-0.225,-0.00010075410047831979,-3.284903711326839e-5
-0.224,-9.95479933853131e-5,-3.204290224104053e-5
-0.223,-9.834966824048389e-5,-3.124761774322178e-5
-0.222,-9.715911693913063e-5,-3.0463139402170413e-5
-0.221,-9.597633176762706e-5,-2.968942234217539e-5
-0.22,-9.480130539254795e-5,-2.8926421031417217e-5
-0.219,-9.363403084973517e-5,-2.8174089283963742e-5
-0.218,-9.247450153330466e-5,-2.7432380261803085e-5
-0.217,-9.132271118459505e-5,-2.6701246476915867e-5
-0.216,-9.017865388105857e-5,-2.5980639793389002e-5
-0.215,-8.904232402509494e-5,-2.527051142957329e-5
-0.214,-8.791371633282897e-5,-2.4570811960286994e-5
-0.213,-8.679282582283262e-5,-2.388149131906773e-5
-0.212,-8.567964780479225e-5,-2.3202498800474858e-5
-0.211,-8.457417786812201e-5,-2.2533783062444707e-5
-0.21,-8.347641187052401e-5,-2.187529212870083e-5
-0.209,-8.238634592649617e-5,-2.1226973391221697e-5
-0.208,-8.130397639578873e-5,-2.0588773612767982e-5
-0.207,-8.022929987181024e-5,-1.9960638929471863e-5
-0.206,-7.91623131699839e-5,-1.9342514853490576e-5
-0.205,-7.810301331605545e-5,-1.8734346275726582e-5
-0.204,-7.705139753435331e-5,-1.8136077468616663e-5
-0.203,-7.600746323600224e-5,-1.7547652088992256e-5
-0.202,-7.497120800709142e-5,-1.6969013181013433e-5
-0.201,-7.39426295967981e-5,-1.6400103179178796e-5
-0.2,-7.292172590546802e-5,-1.58408639114137e-5
-0.199,-7.19084949726536e-5,-1.5291236602239157e-5
-0.198,-7.090293496511127e-5,-1.4751161876023763e-5
-0.197,-6.990504416475888e-5,-1.422057976032105e-5
-0.196,-6.891482095659493e-5,-1.3699429689294625e-5
-0.195,-6.793226381658041e-5,-1.3187650507233496e-5
-0.194,-6.695737129948496e-5,-1.2685180472159948e-5
-0.193,-6.599014202669845e-5,-1.2191957259532398e-5
-0.192,-6.503057467400964e-5,-1.1707917966045583e-5
-0.191,-6.407866795935321e-5,-1.1232999113530516e-5
-0.19,-6.313442063052677e-5,-1.0767136652956595e-5
-0.189,-6.21978314528792e-5,-1.0310265968538271e-5
-0.188,-6.126889919697218e-5,-9.862321881948685e-6
-0.187,-6.034762262621623e-5,-9.423238656642687e-6
-0.186,-5.9434000484483236e-5,-8.992950002291629e-6
-0.185,-5.85280314836968e-5,-8.571389079332366e-6
-0.184,-5.762971429140261e-5,-8.158488503632858e-6
-0.183,-5.6739047518320205e-5,-7.754180351276777e-6
-0.182,-5.585602970587831e-5,-7.358396163469552e-6
-0.181,-5.498065931373544e-5,-6.971066951568231e-6
-0.18,-5.411293470728781e-5,-6.592123202237578e-6
-0.179,-5.325285414516653e-5,-6.2214948827348014e-6
-0.178,-5.24004157667261e-5,-5.8591114463253095e-6
-0.177,-5.1555617579526334e-5,-5.504901837831895e-6
-0.176,-5.071845744680988e-5,-5.158794499319721e-6
-0.175,-4.988893307497749e-5,-4.820717375919501e-6
-0.174,-4.9067042001063295e-5,-4.490597921791245e-6
-0.173,-4.825278158021245e-5,-4.168363106230937e-6
-0.172,-4.74461489731635e-5,-3.853939419922514e-6
-0.171,-4.664714113373786e-5,-3.5472528813374787e-6
-0.17,-4.5855754796338835e-5,-3.2482290432845096e-6
-0.169,-4.507198646346295e-5,-2.9567929996113803e-6
-0.168,-4.4295832393225855e-5,-2.6728693920615215e-6
-0.167,-4.352728858690578e-5,-2.3963824172875204e-6
-0.166,-4.276635077650701e-5,-2.1272558340238643e-6
-0.165,-4.201301441234636e-5,-1.8654129704211967e-6
-0.164,-4.126727465066535e-5,-1.610776731544355e-6
-0.163,-4.0529126341271074e-5,-1.3632696070364403e-6
-0.162,-3.97985640152087e-5,-1.1228136789511449e-6
-0.161,-3.907558187246866e-5,-8.893306297555528e-7
-0.16,-3.836017376973167e-5,-6.627417505056064e-7
-0.159,-3.7652333208154636e-5,-4.429679491964098e-7
-0.158,-3.695205332120086e-5,-2.299297592895199e-7
-0.157,-3.625932686251775e-5,-2.3547348419353562e-8
-0.156,-3.557414619386539e-5,1.7625947271918784e-7
-0.155,-3.48965032730996e-5,3.695712412997978e-7
-0.154,-3.422638964221279e-5,5.56468833108498e-7
-0.153,-3.356379641543639e-5,7.370334531000036e-7
-0.152,-3.2908714267408475e-5,9.113466257647257e-7
-0.151,-3.22611334214103e-5,1.0794901853044536e-6
-0.15,-3.162104363767565e-5,1.241546265614783e-6
-0.149,-3.098843420177686e-5,1.3975972900723981e-6
-0.148,-3.0363293913091538e-5,1.5477259611253482e-6
-0.147,-2.974561107335406e-5,1.6920152496844947e-6
-0.146,-2.913537347529593e-5,1.8305483843143465e-6
-0.145,-2.85325683913793e-5,1.963408840221542e-6
-0.144,-2.7937182562627952e-5,2.0906803280392743e-6
-0.143,-2.734920218756016e-5,2.212446782406006e-6
-0.142,-2.6768612911227866e-5,2.3287923503368604e-6
-0.141,-2.6195399814366794e-5,2.439801379386128e-6
-0.14,-2.5629547402662144e-5,2.5455584055993745e-6
-0.139,-2.507103959613464e-5,2.6461481412536885e-6
-0.138,-2.4519859718651704e-5,2.74165546238466e-6
-0.137,-2.3975990487568788e-5,2.832165396098741e-6
-0.136,-2.3439414003505788e-5,2.9177631076696875e-6
-0.135,-2.2910111740263715e-5,2.9985338874178544e-6
-0.134,-2.2388064534886823e-5,3.074563137371172e-6
-0.133,-2.1873252577875463e-5,3.1459363577066896e-6
-0.132,-2.1365655403555124e-5,3.2127391329716533e-6
-0.131,-2.0865251880607078e-5,3.2750571180831476e-6
-0.13,-2.037202020276632e-5,3.3329760241053925e-6
-0.129,-1.9885937879692417e-5,3.3865816038038874e-6
-0.128,-1.940698172801908e-5,3.435959636975639e-6
-0.127,-1.8935127862588397e-5,3.4811959155548217e-6
-0.126,-1.8470351687875698e-5,3.5223762284932697e-6
-0.125,-1.80126278896111e-5,3.5595863464153206e-6
-0.124,-1.7561930426604062e-5,3.5929120060465848e-6
-0.123,-1.7118232522777157e-5,3.622438894416332e-6
-0.122,-1.6681506659415515e-5,3.648252632833268e-6
-0.121,-1.6251724567638497e-5,3.670438760634574e-6
-0.12,-1.582885722110018e-5,3.6890827187081883e-6
-0.119,-1.541287482892545e-5,3.70426983278841e-6
-0.118,-1.5003746828888557e-5,3.716085296525003e-6
-0.117,-1.4601441880841045e-5,3.7246141543261193e-6
-0.116,-1.4205927860396243e-5,3.7299412839754326e-6
-0.115,-1.381717185287743e-5,3.732151379024036e-6
-0.114,-1.3435140147537026e-5,3.7313289309577498e-6
-0.113,-1.3059798232054247e-5,3.727558211140623e-6
-0.112,-1.2691110787318753e-5,3.720923252535547e-6
-0.111,-1.2329041682507984e-5,3.7115078312030263e-6
-0.11,-1.1973553970465939e-5,3.699395447579298e-6
-0.109,-1.1624609883391354e-5,3.6846693075351273e-6
-0.108,-1.128217082884326e-5,3.667412303216768e-6
-0.107,-1.0946197386072127e-5,3.6477069936707113e-6
-0.106,-1.0616649302684828e-5,3.6256355852540217e-6
-0.105,-1.0293485491651871e-5,3.601279911832211e-6
-0.104,-9.976664028665403e-6,3.574721414766773e-6
-0.103,-9.666142149856651e-6,3.546041122694674e-6
-0.102,-9.361876249881598e-6,3.5153196311022722e-6
-0.101,-9.063821880383816e-6,3.482637081696323e-6
-0.1,-8.771933748843482e-6,3.448073141574922e-6
-0.099,-8.486165717821789e-6,3.411706982201423e-6
-0.098,-8.206470804610049e-6,3.373617258184579e-6
-0.097,-7.932801181292943e-6,3.3338820858683605e-6
-0.096,-7.665108175235507e-6,3.2925790217351162e-6
-0.095,-7.403342270003571e-6,3.249785040625968e-6
-0.094,-7.147453106727521e-6,3.2055765137825548e-6
-0.093,-6.897389485919371e-6,3.1600291867144782e-6
-0.092,-6.653099369753292e-6,3.113218156897045e-6
-0.091,-6.414529884819891e-6,3.065217851304154e-6
-0.09,-6.18162732536464e-6,3.016102003781424e-6
-0.089,-5.954337157021055e-6,2.9659436322649364e-6
-0.088,-5.732604021049311e-6,2.9148150158512376e-6
-0.087,-5.516371739091182e-6,2.8627876717245175e-6
-0.086,-5.305583318452297e-6,2.8099323319471968e-6
-0.085,-5.1001809579228875e-6,2.7563189201204267e-6
-0.084,-4.900106054148328e-6,2.7020165279213424e-6
-0.083,-4.705299208560944e-6,2.647093391524217e-6
-0.082,-4.515700234884713e-6,2.5916168679129937e-6
-0.081,-4.3312481672246146e-6,2.535653411093023e-6
-0.08,-4.151881268752602e-6,2.4792685482101806e-6
-0.079,-3.977537041002257e-6,2.4225268555859022e-6
-0.078,-3.8081522337844153e-6,2.365491934677054e-6
-0.077,-3.6436628557361716e-6,2.3082263879699356e-6
-0.076,-3.484004185515867e-6,2.2507917948181324e-6
-0.075,-3.3291107836568184e-6,2.1932486872343225e-6
-0.074,-3.178916505092722e-6,2.135656525646595e-6
-0.073,-3.0333545123678505e-6,2.0780736746302718e-6
-0.072,-2.8923572895453296e-6,2.0205573786266692e-6
-0.071,-2.7558566568269643e-6,1.9631637376607418e-6
-0.07,-2.6237837858982773e-6,1.9059476830700027e-6
-0.069,-2.4960692160126113e-6,1.8489629532576553e-6
-0.068,-2.3726428708283265e-6,1.7922620694833766e-6
-0.067,-2.25343407601335e-6,1.735896311705745e-6
-0.066,-2.138371577631513e-6,1.67991569449087e-6
-0.065,-2.0273835613253367e-6,1.6243689430023642e-6
-0.064,-1.9203976723101376e-6,1.569303469088407e-6
-0.063,-1.8173410361945486e-6,1.5147653474822765e-6
-0.062,-1.7181402806427836e-6,1.4607992921333848e-6
-0.061,-1.6227215578942058e-6,1.4074486326865285e-6
-0.06,-1.5310105681560165e-6,1.3547552911277703e-6
-0.059,-1.4429325838851337e-6,1.3027597586161082e-6
-0.058,-1.3584124749755964e-6,1.2515010725208485e-6
-0.057,-1.2773747348681216e-6,1.2010167936853956e-6
-0.056,-1.1997435075987228e-6,1.1513429839390038e-6
-0.055,-1.125442615803619e-6,1.1025141838788989e-6
-0.054,-1.054395589697985e-6,1.054563390946081e-6
-0.053,-9.865256970464394e-7,1.007522037819066e-6
-0.052,-9.217559741435347e-7,9.614199711508038e-7
-0.051,-8.600092578229035e-7,9.162854306750512e-7
-0.05,-8.012082185141249e-7,8.721450287095506e-7
-0.049,-7.452753943668279e-7,8.290237300845049e-7
-0.048,-6.921332264620199e-7,7.869448325260269e-7
-0.047,-6.417040951311413e-7,7.459299475254904e-7
-0.046,-5.939103574039079e-7,7.059989817270296e-7
-0.045,-5.486743856065951e-7,6.671701188668154e-7
-0.044,-5.059186071330787e-7,6.294598022992018e-7
-0.043,-4.6556554541165356e-7,5.928827181463801e-7
-0.042,-4.2753786209143324e-7,5.574517791098099e-7
-0.041,-3.917584004729863e-7,5.231781089834338e-7
-0.04,-3.5815023020880564e-7,4.900710279105107e-7
-0.039,-3.2663669330024627e-7,4.581380384278688e-7
-0.038,-2.971414514187156e-7,4.273848123434511e-7
-0.037,-2.6958853458017924e-7,3.9781517849525273e-7
-0.036,-2.4390239120346954e-7,3.6943111144212833e-7
-0.035,-2.2000793958447768e-7,3.4223272113949027e-7
-0.034,-1.9783062082009737e-7,3.162182436556601e-7
-0.033,-1.7729645321780328e-7,2.913840329875827e-7
-0.032,-1.583320882290197e-7,2.677245540377972e-7
-0.031,-1.4086486794701598e-7,2.4523237681800706e-7
-0.03,-1.248228842129987e-7,2.2389817194833636e-7
-0.029,-1.1013503937742401e-7,2.0371070752544237e-7
-0.028,-9.673110876739699e-8,1.8465684743711152e-7
-0.027,-8.454180491545249e-8,1.6672155120586237e-7
-0.026,-7.349884361012974e-8,1.4988787544946598e-7
-0.025,-6.353501183470062e-8,1.3413697705225082e-7
-0.024,-5.4584237667351776e-8,1.1944811814767392e-7
-0.023,-4.658166222426527e-8,1.0579867302001728e-7
-0.022,-3.9463713736648804e-8,9.316413704133646e-8
-0.021,-3.316818386416669e-8,8.151813776910808e-8
-0.02,-2.7634306360836303e-8,7.083244834058113e-8
-0.019,-2.2802838225823057e-8,6.107700331187908e-8
-0.018,-1.8616143491396796e-8,5.221991710372123e-8
-0.017,-1.5018279824531996e-8,4.422750523161465e-8
-0.016,-1.1955088148483413e-8,3.7064308516994235e-8
-0.015,-9.374285527825145e-9,3.0693120497689184e-8
-0.014,-7.225561607208827e-9,2.507501828208991e-8
-0.013,-5.460678953698393e-9,2.01693971225798e-8
-0.012,-4.033577729568396e-9,1.5934009021667634e-8
-0.011,-2.900485223605578e-9,1.2325005730861819e-8
-0.01,-2.0200309042343036e-9,9.29698656056467e-9
-0.009,-1.3533678425852756e-9,6.803051493324059e-9
-0.008,-8.643016124233546e-10,4.794860188899006e-9
-0.007,-5.194281471587443e-10,3.222697597380362e-9
-0.006,-2.8828259230378157e-10,2.035547071458148e-9
-0.005,-1.4350206407352767e-10,1.1811721167813055e-9
-0.004,-6.100666749202339e-11,6.062082866787919e-10
-0.003,-2.02056984944025e-11,2.5626730445568706e-10
-0.002,-4.241042581037676e-12,7.605647804403905e-11
-0.001,-2.9160971816686e-13,9.518353186797163e-12
0.0,0.0,0.0
0.001,-2.9167236107810067e-13,-9.520333149459562e-12
0.002,-4.242870626398702e-12,-7.608812058521782e-11
0.003,-2.0218791947146105e-11,-2.5642722721755005e-10
0.004,-6.105947164538359e-11,-6.067126580041005e-10
0.005,-1.4365755650734527e-10,-1.1824004248336568e-9
0.006,-2.88657926823705e-10,-2.038086848406065e-9
0.007,-5.202180602654665e-10,-3.227387931512155e-9
0.008,-8.658053460390427e-10,-4.8028338801901196e-9
0.009,-1.3560193675194755e-9,-6.815775725712522e-9
0.01,-2.0244322503339987e-9,-9.31630197872609e-9
0.011,-2.9074427384485643e-9,-1.2353163821565451e-8
0.012,-4.044141099907374e-9,-1.5973707710420986e-8
0.013,-5.476182833792755e-9,-2.022381450561181e-8
0.014,-7.247669706401769e-9,-2.5147844422044547e-8
0.015,-9.405037016697002e-9,-3.0788587218890574e-8
0.016,-1.1996946248950477e-8,-3.718721714294099e-8
0.017,-1.507418245458178e-8,-4.4383252213570936e-8
0.018,-1.868955583991279e-8,-5.241451749497805e-8
0.019,-2.289780713726951e-8,-6.131711204752735e-8
0.02,-2.7755516413532753e-8,-7.112537928752056e-8
0.021,-3.3321015029548684e-8,-8.187188051555643e-8
0.022,-3.965430051033596e-8,-9.358737139933898e-8
0.023,-4.681695412298047e-8,-1.0630078121841461e-7
0.024,-5.487206098878692e-8,-1.200391946966961e-7
0.025,-6.388413258033077e-8,-1.348278362643852e-7
0.026,-7.391903147375753e-8,-1.5069005660451836e-7
0.027,-8.504389824293647e-8,-1.676473213512084e-7
0.028,-9.732708039559318e-8,-1.8571920181703587e-7
0.029,-1.1083806326286097e-7,-2.04923367636196e-7
0.03,-1.2564740276322215e-7,-2.2527558121812226e-7
0.031,-1.4182665996988644e-7,-2.467896939135393e-7
0.032,-1.5944833741753369e-7,-2.694776438013772e-7
0.033,-1.7858581709023752e-7,-2.933494550108086e-7
0.034,-1.993133000374551e-7,-3.184132384979382e-7
0.035,-2.2170574756934635e-7,-3.446751942014541e-7
0.036,-2.458388239864856e-7,-3.721396145059048e-7
0.037,-2.7178884080233984e-7,-4.0080888894524413e-7
0.038,-2.996327024197833e-7,-4.306835100829355e-7
0.039,-3.294478532254582e-7,-4.6176208050826445e-7
0.04,-3.6131222606803445e-7,-4.94041320891605e-7
0.041,-3.953041920883942e-7,-5.275160790442509e-7
0.042,-4.315025118715297e-7,-5.621793399310827e-7
0.043,-4.69986287891498e-7,-5.980222365868117e-7
0.044,-5.108349182221752e-7,-6.350340618888487e-7
0.045,-5.541280514877975e-7,-6.732022811419958e-7
0.046,-5.999455430283994e-7,-7.125125454321798e-7
0.047,-6.483674122562699e-7,-7.529487057083299e-7
0.048,-6.994738011804567e-7,-7.944928275532894e-7
0.049,-7.533449340771804e-7,-8.371252066063127e-7
0.05,-8.100610782847675e-7,-8.80824384601288e-7
0.051,-8.697025061024031e-7,-9.255671659863121e-7
0.052,-9.323494577726226e-7,-9.713286350916533e-7
0.053,-9.980821055280467e-7,-1.0180821738144777e-6
0.054,-1.0669805186833857e-6,-1.0657994797899835e-6
0.055,-1.139124629754232e-6,-1.1144505850197868e-6
0.056,-1.21459420158461e-6,-1.1640038749295573e-6
0.057,-1.2934687954656745e-6,-1.2144261078289858e-6
0.058,-1.3758277402283375e-6,-1.2656824347482088e-6
0.059,-1.4617501022929717e-6,-1.317736419625814e-6
0.06,-1.551314656659678e-6,-1.3705500598244882e-6
0.061,-1.644599858822932e-6,-1.424083806951287e-6
0.062,-1.741683817594718e-6,-1.4782965879603688e-6
0.063,-1.8426442688205594e-6,-1.5331458265168684e-6
0.064,-1.9475585499731135e-6,-1.588587464601384e-6
0.065,-2.0565035756082654e-6,-1.644575984335315e-6
0.066,-2.1695558136688965e-6,-1.701064430008026e-6
0.067,-2.2867912626217477e-6,-1.7580044302875149e-6
0.068,-2.4082854294130106e-6,-1.8153462205969437e-6
0.069,-2.5341133082285045e-6,-1.8730386656400434e-6
0.07,-2.6643493600445107e-6,-1.9310292820590356e-6
0.071,-2.7990674929555186e-6,-1.989264261209313e-6
0.072,-2.938341043265359e-6,-2.0476884920357097e-6
0.073,-3.082242757328364e-6,-2.1062455840357567e-6
0.074,-3.230844774127392e-6,-2.1648778902958536e-6
0.075,-3.3842186085757294e-6,-2.2235265305868175e-6
0.076,-3.542435135530052e-6,-2.2821314145057735e-6
0.077,-3.705564574501804e-6,-2.3406312646518435e-6
0.078,-3.873676475054514e-6,-2.3989636398235538e-6
0.079,-4.046839702874733e-6,-2.4570649582263483e-6
0.08,-4.225122426504424e-6,-2.51487052067903e-6
0.081,-4.408592104722829e-6,-2.5723145338083773e-6
0.082,-4.597315474565929e-6,-2.6293301332216057e-6
0.083,-4.791358539971831e-6,-2.685849406646732e-6
0.084,-4.990786561040503e-6,-2.7418034170312955e-6
0.085,-5.195664043896484e-6,-2.797122225590255e-6
0.086,-5.40605473114328e-6,-2.8517349147942606e-6
0.087,-5.62202159289835e-6,-2.90556961128983e-6
0.088,-5.843626818397693e-6,-2.9585535087433115e-6
0.089,-6.0709318081592066e-6,-3.010612890600853e-6
0.09,-6.303997166694106e-6,-3.0616731527568945e-6
0.091,-6.542882695755845e-6,-3.111658826124039e-6
0.092,-6.787647388116108e-6,-3.160493599097435e-6
0.093,-7.038349421857573e-6,-3.2081003399071095e-6
0.094,-7.295046155173272e-6,-3.2544011188519688e-6
0.095,-7.557794121662527e-6,-3.2993172304094595e-6
0.096,-7.826649026113543e-6,-3.3427692152151466e-6
0.097,-8.101665740762874e-6,-3.3846768819067313e-6
0.098,-8.382898302022127e-6,-3.4249593288272718e-6
0.099,-8.670399907662361e-6,-3.4635349655826236e-6
0.1,-8.96422291444678e-6,-3.500321534448348e-6
0.101,-9.264418836202457e-6,-3.535236131621559e-6
0.102,-9.571038342321909e-6,-3.5681952283134264e-6
0.103,-9.884131256685502e-6,-3.599114691678233e-6
0.104,-1.0203746556995786e-5,-3.627909805575127e-6
0.105,-1.0529932374514928e-5,-3.6544952911588935e-6
0.106,-1.0862735994196613e-5,-3.678785327296279e-6
0.107,-1.1202203855203823e-5,-3.7006935708045836e-6
0.108,-1.1548381551804058e-5,-3.720133176509433e-6
0.109,-1.1901313834633699e-5,-3.737016817118818e-6
0.11,-1.2261044612323272e-5,-3.751256702910662e-6
0.111,-1.2627616953475539e-5,-3.762764601231359e-6
0.112,-1.3001073088988417e-5,-3.7714518558028735e-6
0.113,-1.338145441471489e-5,-3.7772294058361688e-6
0.114,-1.3768801494452102e-5,-3.78000780494888e-6
0.115,-1.4163154063252039e-5,-3.779697239885303e-6
0.116,-1.4564551031046226e-5,-3.7762075490369096e-6
0.117,-1.4973030486577027e-5,-3.769448240761754e-6
0.118,-1.5388629701628225e-5,-3.7593285115012634e-6
0.119,-1.581138513554766e-5,-3.7457572636930473e-6
0.12,-1.624133244005484e-5,-3.7286431234784877e-6
0.121,-1.667850646432649e-5,-3.707894458203996e-6
0.122,-1.7122941260353175e-5,-3.683419393714954e-6
0.123,-1.757467008856018e-5,-3.655125831441464e-6
0.124,-1.8033725423685973e-5,-3.6229214652751615e-6
0.125,-1.8500138960911634e-5,-3.58671379823644e-6
0.126,-1.8973941622234815e-5,-3.5464101589315675e-6
0.127,-1.9455163563081755e-5,-3.5019177177992553e-6
0.128,-1.994383417915118e-5,-3.4531435031463634e-6
0.129,-2.043998211348375e-5,-3.399994416972515e-6
0.13,-2.094363526375114e-5,-3.3423772505834852e-6
0.131,-2.1454820789758542e-5,-3.2801986999933367e-6
0.132,-2.1973565121154887e-5,-3.213365381115347e-6
0.133,-2.2499893965344858e-5,-3.1417838447418776e-6
0.134,-2.3033832315597016e-5,-3.0653605913134003e-6
0.135,-2.357540445934241e-5,-2.9840020854770007e-6
0.136,-2.4124633986658163e-5,-2.8976147704347363e-6
0.137,-2.4681543798930575e-5,-2.8061050820823173e-6
0.138,-2.5246156117692387e-5,-2.7093794629386507e-6
0.139,-2.5818492493628977e-5,-2.607344375866854e-6
0.14,-2.6398573815748278e-5,-2.49990631758742e-6
0.141,-2.698642032070938e-5,-2.386971831984284e-6
0.142,-2.758205160230478e-5,-2.2684475232045994e-6
0.143,-2.8185486621091376e-5,-2.1442400685531026e-6
0.144,-2.8796743714165403e-5,-2.014256231182e-6
0.145,-2.941584060507652e-5,-1.878402872577375e-6
0.146,-3.0042794413876446e-5,-1.7365869648431645e-6
0.147,-3.067762166729752e-5,-1.5887156027838123e-6
0.148,-3.132033830905669e-5,-1.43469601578676e-6
0.149,-3.197095971028055e-5,-1.274435579505983e-6
0.15,-3.2629500680047066e-5,-1.1078418273478339e-6
0.151,-3.329597547603967e-5,-9.348224617604993e-7
0.152,-3.397039781530967e-5,-7.552853653284217e-7
0.153,-3.4652780885142735e-5,-5.691386116730856e-7
0.154,-3.534313735402556e-5,-3.762904761616042e-7
0.155,-3.604147938270854e-5,-1.766494464245884e-7
0.156,-3.6747818635360894e-5,2.98757673151838e-8
0.157,-3.7462166290814074e-5,2.4337622210174005e-7
0.158,-3.818453305389e-5,4.6394273229093593e-7
0.159,-3.891492916681029e-5,6.916658597798991e-7
0.16,-3.9653364420683e-5,9.266359044192336e-7
0.161,-4.039984816706322e-5,1.1689428946062915e-6
0.162,-4.115438932958418e-5,1.4186765780577876e-6
0.163,-4.191699641565549e-5,1.6759264127600041e-6
0.164,-4.2687677528225004e-5,1.940781558094804e-6
0.165,-4.346644037760132e-5,2.2133308661396444e-6
0.166,-4.425329229333352e-5,2.493662873139754e-6
0.167,-4.504824023614504e-5,2.781865791150619e-6
0.168,-4.58512908099188e-5,3.078027499848897e-6
0.169,-4.666245027373027e-5,3.382235538509843e-6
0.17,-4.748172455392583e-5,3.69457709814934e-6
0.171,-4.830911925624337e-5,4.015139013828568e-6
0.172,-4.914463967797237e-5,4.344007757119369e-6
0.173,-4.998829082015069e-5,4.681269428728298e-6
0.174,-5.0840077399795355e-5,5.027009751277382e-6
0.175,-5.170000386216472e-5,5.381314062239565e-6
0.176,-5.256807439304941e-5,5.74426730702679e-6
0.177,-5.3444292931089465e-5,6.115954032228701e-6
0.178,-5.432866318011534e-5,6.4964583789998715e-6
0.179,-5.5221188621510127e-5,6.885864076593513e-6
0.18,-5.612187252659085e-5,7.284254436039566e-6
0.181,-5.7030717969006365e-5,7.691712343965078e-6
0.182,-5.794772783714969e-5,8.108320256554753e-6
0.183,-5.887290484658246e-5,8.534160193649588e-6
0.184,-5.9806251552469484e-5,8.969313732981416e-6
0.185,-6.074777036202111e-5,9.41386200454128e-6
0.186,-6.169746354694152e-5,9.867885685079456e-6
0.187,-6.265533325588077e-5,1.0331464992734995e-5
0.188,-6.362138152688874e-5,1.0804679681792616e-5
0.189,-6.459561029986902e-5,1.1287609037564813e-5
0.19,-6.557802142903077e-5,1.178033187139698e-5
0.191,-6.656861669533694e-5,1.228292651579341e-5
0.192,-6.756739781894684e-5,1.2795470819661978e-5
0.193,-6.857436647165134e-5,1.3318042143675333e-5
0.194,-6.958952428929925e-5,1.385071735574644e-5
0.195,-7.061287288421288e-5,1.4393572826616247e-5
0.196,-7.164441385759138e-5,1.4946684425551336e-5
0.197,-7.26841488119002e-5,1.5510127516149355e-5
0.198,-7.373207936324522e-5,1.6083976952250026e-5
0.199,-7.478820715372986e-5,1.6668307073949595e-5
0.2,-7.585253386379398e-5,1.726319170371646e-5
0.201,-7.692506122453301e-5,1.7868704142605886e-5
0.202,-7.800579102999576e-5,1.8484917166571522e-5
0.203,-7.909472514945995e-5,1.911190302287162e-5
0.204,-8.019186553968386e-5,1.9749733426567722e-5
0.205,-8.129721425713276e-5,2.0398479557113665e-5
0.206,-8.241077347017932e-5,2.1058212055032704e-5
0.207,-8.353254547127615e-5,2.1729001018680587e-5
0.208,-8.466253268909997e-5,2.241091600109244e-5
0.209,-8.580073770066565e-5,2.3104026006911215e-5
0.21,-8.694716324340955e-5,2.3808399489395648e-5
0.211,-8.810181222724068e-5,2.4524104347505464e-5
0.212,-8.926468774655887e-5,2.5251207923061732e-5
0.213,-9.04357930922388e-5,2.5989776997980206e-5
0.214,-9.161513176357905e-5,2.6739877791575496e-5
0.215,-9.280270748021503e-5,2.750157595793395e-5
0.216,-9.399852419399504e-5,2.8274936583353083e-5
0.217,-9.520258610081843e-5,2.9060024183845434e-5
0.218,-9.641489765243502e-5,2.985690270270474e-5
0.219,-9.763546356820503e-5,3.0665635508132316e-5
0.22,-9.886428884681851e-5,3.148628539092146e-5
0.221,-0.00010010137877797368,3.2318914562197896e-5
0.222,-0.0001013467389540132,3.316358465121403e-5
0.223,-0.00010260037528151791,3.402035670319505e-5
0.224,-0.00010386229399285692,3.4889291177234665e-5
0.225,-0.00010513250165769373,3.577044794423852e-5
0.226,-0.0001064110051944476,3.66638862849131e-5
0.227,-0.0001076978118817092,3.75696648877982e-5
0.228,-0.00010899292936961047,3.8487841847340766e-5
0.229,-0.00011029636569114764,3.941847466200816e-5
0.23,-0.00011160812927345692,4.036162023243875e-5
0.231,-0.0001129282289490424,4.131733485962786e-5
0.232,-0.00011425667396695551,4.2285674243146957e-5
0.233,-0.00011559347400392555,4.32666934793942e-5
0.234,-0.0001169386391754407,4.426044705987417e-5
0.235,-0.0001182921800467791,4.526698886950498e-5
0.236,-0.00011965410764398962,4.628637218495062e-5
0.237,-0.00012102443346482138,4.7318649672976606e-5
0.238,-0.00012240316948960235,4.836387338882702e-5
0.239,-0.00012379032819206592,4.942209477462087e-5
0.24,-0.00012518592255012528,5.049336465776598e-5
0.241,-0.0001265899660565952,5.15777332493882e-5
0.242,-0.00012800247272986111,5.267525014277432e-5
0.243,-0.00012942345712449438,5.378596431182654e-5
0.244,-0.0001308529343418142,5.4909924109526625e-5
0.245,-0.00013229092004039535,5.604717726640792e-5
0.246,-0.00013373743044652156,5.7197770889033206e-5
0.247,-0.0001351924823645842,5.836175145847661e-5
0.248,-0.00013665609318742577,5.953916482880761e-5
0.249,-0.00013812828090662853,6.0730056225575346e-5
0.25,-0.00013960906412274703,6.193447024429131e-5
0.251,-0.000141098462055485,6.315245084890855e-5
0.252,-0.00014259649455381626,6.438404137029568e-5
0.253,-0.00014410318210604888,6.562928450470367e-5
0.254,-0.00014561854584983303,6.688822231222371e-5
0.255,-0.00014714260758211177,6.816089621523439e-5
0.256,-0.0001486753897690148,6.944734699683616e-5
0.257,-0.00015021691555569484,7.074761479927164e-5
0.258,-0.00015176720877610656,7.20617391223296e-5
0.259,-0.00015332629396272763,7.33897588217311e-5
0.26,-0.0001548941963562219,7.4731712107496e-5
0.261,-0.0001564709419150445,7.608763654228789e-5
0.262,-0.00015805655732498836,7.745756903973597e-5
0.263,-0.0001596510700086726,7.884154586273191e-5
0.264,-0.00016125450813497181,8.023960262170012e-5
0.265,-0.00016286690062838676,8.16517742728396e-5
0.266,-0.00016448827717835597,8.307809511633574e-5
0.267,-0.00016611866824850803,8.45185987945403e-5
0.268,-0.00016775810508585465,8.597331829011795e-5
0.269,-0.00016940661972992413,8.744228592415769e-5
0.27,-0.0001710642450218352,8.89255333542473e-5
0.271,-0.0001727310146133109,9.04230915725095e-5
0.272,-0.00017440696297563274,9.193499090359781e-5
0.273,-0.00017609212540853442,9.346126100265068e-5
0.274,-0.00017778653804903546,9.50019308532022e-5
0.275,-0.00017949023788021442,9.655702876504778e-5
0.276,-0.00018120326273992146,9.812658237206309e-5
0.277,-0.00018292565132943032,9.971061862997482e-5
0.278,-0.00018465744322202914,0.00010130916381408151
0.279,-0.0001863986788715507,0.0001029222435169229
0.28,-0.00018814939962084117,0.0001045498826458963
0.281,-0.00018990964771016782,0.0001061921054208183
0.282,-0.00019167946628556495,0.00010784893537143032
0.283,-0.0001934588994071186,0.0001095203953348464
0.284,-0.0001952479920571893,0.00011120650745294168
0.285,-0.0001970467901485729,0.00011290729316968022
0.286,-0.00019885534053259947,0.0001146227732283803
0.287,-0.00020067369100716987,0.00011635296766891592
0.288,-0.00020250189032473002,0.00011809789582485293
0.289,-0.00020433998820018254,0.0001198575763205183
0.29,-0.0002061880353187358,0.00012163202706800103
0.291,-0.00020804608334368992,0.0001234212652640831
0.292,-0.0002099141849241598,0.00012522530738709922
0.293,-0.0002117923937027349,0.0001270441691937237
0.294,-0.00021368076432307553,0.0001288778657156831
0.295,-0.00021557935243744563,0.00013072641125639315
0.296,-0.00021748821471418144,0.0001325898193875185
0.297,-0.00021940740884509644,0.0001344681029454539
0.298,-0.0002213369935528219,0.00013636127402772533
0.299,-0.00022327702859808288,0.0001382693439893098
0.3,-0.0002252275747869098,0.00014019232343887215
0.301,-0.00022718869397778466,0.00014213022223491767
0.302,-0.00022916044908872257,0.0001440830494818591
0.303,-0.00023114290410428755,0.0001460508135259966
0.304,-0.00023313612408254271,0.00014803352195140926
0.305,-0.00023514017516193465,0.00015003118157575686
0.306,-0.00023715512456811146,0.0001520437984459905
0.307,-0.0002391810406206744,0.00015407137783397072
0.308,-0.0002412179927398627,0.00015611392423199173
0.309,-0.00024326605145317138,0.00015817144134821058
0.31,-0.00024532528840190155,0.00016024393210197968
0.311,-0.0002473957763476433,0.00016233139861908155
0.312,-0.0002494775891786901,0.00016443384222686438
0.313,-0.00025157080191638546,0.00016655126344927728
0.314,-0.0002536754907214002,0.00016868366200180346
0.315,-0.00025579173289994115,0.0001708310367862906
0.316,-0.0002579196069098904,0.00017299338588567688
0.317,-0.00026005919236687415,0.00017517070655861125
0.318,-0.0002622105700502623,0.0001773629952339669
0.319,-0.0002643738219090964,0.0001795702475052466
0.32,-0.0002665490310679472,0.00018179245812487848
0.321,-0.0002687362818327008,0.0001840296209984015
0.322,-0.0002709356596962723,0.0001862817291785385
0.323,-0.00027314725134424767,0.00018854877485915663
0.324,-0.0002753711446604523,0.00019083074936911322
0.325,-0.00027760742873244676,0.00019312764316598601
0.326,-0.0002798561938569482,0.00019543944582968664
0.327,-0.0002821175315451778,0.0001977661460559563
0.328,-0.000284391534528133,0.00020010773164974205
0.329,-0.00028667829676178497,0.00020246418951845276
0.33,-0.00028897791343219923,0.0002048355056650937
0.331,-0.00029129048096058065,0.00020722166518127814
0.332,-0.0002936160970082407,0.00020962265224011532
0.333,-0.00029595486048148735,0.00021203845008897326
0.334,-0.0002983068715364364,0.0002144690410421153
0.335,-0.0003006722315837444,0.0002169144064732096
0.336,-0.000303051043293261,0.00021937452680770972
0.337,-0.0003054434105986021,0.0002218493815151061
0.338,-0.00030784943870164154,0.0002243389491010465
0.339,-0.00031026923407692105,0.0002268432070993247
0.34,-0.00031270290447597804,0.00022936213206373624
0.341,-0.0003151505589315905,0.00023189569955980028
0.342,-0.00031761230776193784,0.00023444388415634623
0.343,-0.0003200882625746769,0.0002370066594169641
0.344,-0.0003225785362709333,0.00023958399789131775
0.345,-0.0003250832430492058,0.0002421758711063198
0.346,-0.0003276024984091844,0.00024478224955716684
0.347,-0.0003301364191554799,0.00024740310269823483
0.348,-0.00033268512340126554,0.00025003839893383216
0.349,-0.00033524873057182825,0.0002526881056088111
0.35,-0.0003378273614080302,0.00025535218899903493
0.351,-0.0003404211379696784,0.00025803061430170105
0.352,-0.00034303018363880216,0.00026072334562551836
0.353,-0.0003456546231228376,0.00026343034598073765
0.354,-0.00034829458245771733,0.0002661515772690353
0.355,-0.0003509501890108653,0.0002688870002732477
0.356,-0.0003536215714840953,0.0002716365746469563
0.357,-0.00035630885991641217,0.00027440025890392234
0.358,-0.00035901218568671446,0.0002771780104073702
0.359,-0.00036173168151639796,0.0002799697853591179
0.36,-0.00036446748147185847,0.0002827755387885548
0.361,-0.0003672197209668929,0.0002855952245414647
0.362,-0.0003699885367649978,0.0002884287952686938
0.363,-0.0003727740669815636,0.0002912762024146627
0.364,-0.0003755764510859638,0.0002941373962057211
0.365,-0.00037839582990353794,0.000297012325638345
0.366,-0.00038123234561746657,0.00029990093846717466
0.367,-0.00038408614177053786,0.00030280318119289324
0.368,-0.0003869573632668035,0.00030571899904994473
0.369,-0.00038984615637312355,0.0003086483359940906
0.37,-0.00039275266872059833,0.0003115911346898039
0.371,-0.0003956770493058861,0.00031454733649750096
0.372,-0.00039861944849240523,0.0003175168814606084
0.373,-0.0004015800180114196,0.00032049970829246577
0.374,-0.0004045589109630056,0.00032349575436306304
0.375,-0.00040755628181689897,0.000326504955685611
0.376,-0.0004105722864132208,0.0003295272469029452
0.377,-0.00041360708196308045,0.00033256256127376185
0.378,-0.00041666082704905463,0.0003356108306586847
0.379,-0.0004197336816255396,0.00033867198550616325
0.38,-0.00042282580701897714,0.00034174595483820006
0.381,-0.0004259373659279506,0.00034483266623590796
0.382,-0.0004290685224231505,0.00034793204582489506
0.383,-0.00043221944194720807,0.0003510440182604777
0.384,-0.0004353902913143943,0.00035416850671272086
0.385,-0.0004385812387101835,0.00035730543285130404
0.386,-0.00044179245369067936,0.00036045471683021364
0.387,-0.00044502410718190173,0.0003636162772722601
0.388,-0.0004482763714789324,0.0003667900312534192
0.389,-0.00045154942024491784,0.0003699758942869976
0.39,-0.00045484342850992754,0.000373173780307621
0.391,-0.0004581585726696654,0.00037638360165504533
0.392,-0.0004614950304840329,0.0003796052690577896
0.393,-0.00046485298107554174,0.0003828386916165903
0.394,-0.0004682326049275739,0.00038608377678767667
0.395,-0.0004716340838824877,0.000389340430365866
0.396,-0.00047505760113956703,0.0003926085564674789
0.397,-0.0004785033412528123,0.00039588805751307395
0.398,-0.0004819714901285711,0.00039917883421000086
0.399,-0.00048546223502300565,0.0004024807855347721
0.4,-0.0004889757645393957,0.00040579380871525193
0.401,-0.0004925122686252748,0.00040911779921266346
0.402,-0.0004960719385693968,0.0004124526507034121
0.403,-0.0004996549669985317,0.00041579825506072557
0.404,-0.0005032615478740866,0.0004191545023361103
0.405,-0.0005068918764885521,0.00042252128074062327
0.406,-0.0005105461494617695,0.00042589847662595926
0.407,-0.000514224564737018,0.00042928597446535336
0.408,-0.0005179273215769177,0.0004326836568342977
0.409,-0.0005216546205591489,0.000436091404391073
0.41,-0.0005254066635719817,0.0004395090958570939
0.411,-0.0005291836538096168,0.0004429366079970683
0.412,-0.000532985795767332,0.00044637381559897016
0.413,-0.0005368132952364341,0.0004498205914538255
0.414,-0.0005406663592990128,0.0004532768063353119
0.415,-0.0005445451963224936,0.00045674232897917035
0.416,-0.0005484500159539874,0.00046021702606243044
0.417,-0.0005523810291144341,0.0004637007621824477
0.418,-0.0005563384479925379,0.0004671933998357538
0.419,-0.0005603224860384911,0.00047069479939671865
0.42,-0.0005643333579574828,0.00047420481909602537
0.421,-0.0005683712797029919,0.000477723314998957
0.422,-0.0005724364684698593,0.00048125014098349556
0.423,-0.0005765291426871378,0.0004847851487182334
0.424,-0.0005806495220107157,0.0004883281876400968
0.425,-0.0005847978273157125,0.0004918791049318815
0.426,-0.0005889742806886427,0.0004954377454996007
0.427,-0.0005931791054193445,0.0004990039519496456
0.428,-0.0005974125259926715,0.000502577564565758
0.429,-0.0006016747680799435,0.0005061584212858164
0.43,-0.0006059660585301527,0.0005097463576784337
0.431,-0.0006102866253609236,0.0005133412069193691
0.432,-0.0006146366977492219,0.0005169427997677522
0.433,-0.0006190165060218107,0.0005205509645421214
0.434,-0.0006234262816454495,0.0005241655270962754
0.435,-0.0006278662572168325,0.0005277863107949396
0.436,-0.0006323366664522643,0.0005314131364892457
0.437,-0.0006368377441770688,0.0005350458224920271
0.438,-0.0006413697263147273,0.0005386841845529297
0.439,-0.0006459328498757426,0.0005423280358333363
0.44,-0.0006505273529462273,0.0005459771868811102
0.441,-0.0006551534746762103,0.0005496314456051527
0.442,-0.0006598114552676588,0.0005532906172497786
0.443,-0.0006645015359622135,0.0005569545043689103
0.444,-0.0006692239590286312,0.0005606229068000885
0.445,-0.0006739789677499326,0.000564295621638303
0.446,-0.0006787668064102519,0.0005679724432096428
0.447,-0.0006835877202813823,0.0005716531630447663
0.448,-0.0006884419556090163,0.0005753375698521921
0.449,-0.0006933297595986753,0.0005790254494914128
0.45,-0.0006982513804013245,0.0005827165849458304
0.451,-0.0007032070670986709,0.0005864107562955154
0.452,-0.0007081970696881384,0.00059010774068979
0.453,-0.0007132216390675171,0.0005938073123196375
0.454,-0.0007182810270192832,0.0005975092423899371
0.455,-0.0007233754861945837,0.0006012132990915259
0.456,-0.0007285052700968843,0.0006049192475730903
0.457,-0.000733670633065274,0.0006086268499128852
0.458,-0.000738871830257424,0.0006123358650902856
0.459,-0.0007441091176321956,0.0006160460489571686
0.46,-0.0007493827519318927,0.0006197571542091286
0.461,-0.0007546929906641561,0.0006234689303565278
0.462,-0.0007600400920834941,0.0006271811236953811
0.463,-0.0007654243151724441,0.0006308934772780782
0.464,-0.0007708459196223639,0.000634605730883945
0.465,-0.000776305165813844,0.0006383176209896437
0.466,-0.0007818023147967406,0.0006420288807394149
0.467,-0.0007873376282698222,0.0006457392399151623
0.468,-0.0007929113685600251,0.0006494484249063827
0.469,-0.0007985237986013157,0.000653156158679941
0.47,-0.0008041751819131518,0.0006568621607496946
0.471,-0.0008098657825785402,0.0006605661471459662
0.472,-0.0008155958652216858,0.0006642678303848687
0.473,-0.0008213656949852263,0.0006679669194374841
0.474,-0.0008271755375070494,0.0006716631196988966
0.475,-0.0008330256588966854,0.000675356132957084
0.476,-0.0008389163257112728,0.0006790456573616684
0.477,-0.0008448478049310907,0.0006827313873925277
0.478,-0.000850820363934652,0.0006864130138282717
0.479,-0.0008568342704733554,0.0006900902237145838
0.48,-0.0008628897926456883,0.0006937627003324307
0.481,-0.000868987198870976,0.0006974301231661432
0.482,-0.0008751267578626746,0.0007010921678713691
0.483,-0.0008813087386011988,0.0007047485062429028
0.484,-0.0008875334103062818,0.0007083988061823917
0.485,-0.0008938010424088621,0.0007120427316659243
0.486,-0.0009001119045224899,0.0007156799427115006
0.487,-0.0009064662664142508,0.0007193100953463896
0.488,-0.0009128643979751988,0.0007229328415743743
0.489,-0.0009193065691902949,0.0007265478293428905
0.49,-0.0009257930501078448,0.000730154702510058
0.491,-0.0009323241108084314,0.0007337531008116114
0.492,-0.0009389000213733359,0.0007373426598277302
0.493,-0.0009455210518524413,0.0007409230109497746
0.494,-0.0009521874722316149,0.0007444937813469271
0.495,-0.0009588995523995615,0.0007480545939327455
0.496,-0.0009656575621141437,0.0007516050673316292
0.497,-0.0009724617709681638,0.0007551448158452045
0.498,-0.0009793124483545982,0.0007586734494186284
0.499,-0.0009862098634312848,0.00076219057360682
0.5,-0.0009931542850850504,0.0007656957895406179
0.501,-0.0010001459818952782,0.0007691886938928713
0.502,-0.0010071852220969063,0.0007726688788444664
0.503,-0.0010142722735428525,0.0007761359320502935
0.504,-0.0010214074036658596,0.0007795894366051574
0.505,-0.001028590879439754,0.0007830289710096375
0.506,-0.0010358229673401134,0.0007864541091358986
0.507,-0.0010431039333043365,0.0007898644201934603
0.508,-0.0010504340426911087,0.0007932594686949266
0.509,-0.001057813560239258,0.0007966388144216815
0.51,-0.0010652427500259963,0.0008000020123895557
0.511,-0.0010727218754245345,0.0008033486128144674
0.512,-0.0010802511990610757,0.0008066781610780436
0.513,-0.0010878309827711684,0.0008099901976932264
0.514,-0.0010954614875554208,0.0008132842582698684
0.515,-0.00110314297353457,0.0008165598734803242
0.516,-0.001110875699903895,0.0008198165690250403
0.517,-0.001118659924886973,0.0008230538655981525
0.518,-0.001126495905688767,0.000826271278853092
0.519,-0.001134383898448044,0.00082946831936821
0.52,-0.001142324158189112,0.0008326444926124221
0.521,-0.0011503169387728745,0.0008357992989108822
0.522,-0.001158362492847191,0.000838932233410689
0.523,-0.0011664610717965417,0.0008420427860466322
0.524,-0.0011746129256909861,0.0008451304415069841
0.525,-0.0011828183032344113,0.0008481946791993436
0.526,-0.0011910774517120636,0.0008512349732165371
0.527,-0.0011993906169373545,0.0008542507923025851
0.528,-0.001207758043197937,0.0008572415998187385
0.529,-0.0012161799732010436,0.0008602068537095944
0.53,-0.0012246566480180827,0.0008631460064692937
0.531,-0.0012331883070284817,0.0008660585051078126
0.532,-0.0012417751878627738,0.0008689437911173507
0.533,-0.0012504175263449223,0.0008718013004388254
0.534,-0.001259115556433872,0.0008746304634284789
0.535,-0.0012678695101643249,0.0008774307048246055
0.536,-0.0012766796175867313,0.000880201443714406
0.537,-0.0012855461067064894,0.0008829420935009787
0.538,-0.0012944692034223492,0.0008856520618704523
0.539,-0.0013034491314640093,0.0008883307507592709
0.54,-0.001312486112328905,0.0008909775563216378
0.541,-0.0013215803652181772,0.0008935918688971269
0.542,-0.0013307321069718167,0.00089617307297847
0.543,-0.0013399415520029766,0.000898720547179528
0.544,-0.0013492089122314477,0.0009012336642034563
0.545,-0.0013585343970162864,0.0009037117908110702
0.546,-0.0013679182130875921,0.0009061542877894224
0.547,-0.001377360564477426,0.0009085605099206003
0.548,-0.001386861652449862,0.0009109298059507512
0.549,-0.0013964216754301674,0.000913261518559348
0.55,-0.001406040828933103,0.0009155549843287006
0.551,-0.0014157193054903361,0.0009178095337137274
0.552,-0.0014254572945769618,0.0009200244910119926
0.553,-0.0014352549825371237,0.0009221991743340223
0.554,-0.0014451125525087266,0.0009243328955739082
0.555,-0.001455030184347238,0.0009264249603802091
0.556,-0.0014650080545485665,0.0009284746681271619
0.557,-0.0014750463361710145,0.0009304813118862122
0.558,-0.0014851451987562953,0.000932444178397874
0.559,-0.001495304808249611,0.0009343625480439322
0.56,-0.0015055253269187817,0.0009362356948199971
0.561,-0.0015158069132724197,0.0009380628863084231
0.562,-0.0015261497219771429,0.0009398433836516023
0.563,-0.001536553903773821,0.000941576441525647
0.564,-0.0015470196053928452,0.0009432613081144692
0.565,-0.0015575469694684185,0.0009448972250842737
0.566,-0.0015681361344518558,0.0009464834275584737
0.567,-0.0015787872345238917,0.0009480191440930424
0.568,-0.0015895003995059843,0.0009495035966523142
0.569,-0.0016002757547706123,0.000950936000585247
0.57,-0.001611113421150559,0.0009523155646021596
0.571,-0.0016220135148471728,0.000953641490751957
0.572,-0.0016329761473376002,0.000954912974399857
0.573,-0.0016440014252809883,0.0009561292042056326
0.574,-0.001655089450423642,0.0009572893621023826
0.575,-0.0016662403195031377,0.0009583926232758459
0.576,-0.001677454124151383,0.0009594381561442728
0.577,-0.0016887309507966164,0.0009604251223388678
0.578,-0.0017000708805643419,0.00096135267668482
0.579,-0.0017114739891771914,0.0009622199671829336
0.58,-0.0017229403468537092,0.0009630261349918759
0.581,-0.0017344700182060529,0.0009637703144110567
0.582,-0.001746063062136602,0.000964451632864155
0.583,-0.0017577195317334743,0.0009650692108833089
0.584,-0.0017694394741649352,0.0009656221620939854
0.585,-0.0017812229305727038,0.0009661095932005444
0.586,-0.0017930699359641421,0.0009665306039725152
0.587,-0.0018049805191033262,0.0009668842872316018
0.588,-0.001816954702400992,0.0009671697288394325
0.589,-0.0018289925018033502,0.0009673860076860737
0.59,-0.0018410939266797657,0.0009675321956793217
0.591,-0.0018532589797092952,0.0009676073577347941
0.592,-0.0018654876567660765,0.0009676105517668348
0.593,-0.0018777799468035685,0.0009675408286802536
0.594,-0.001890135831737631,0.0009673972323629168
0.595,-0.001902555286328445,0.0009671787996792099
0.596,-0.001915038278061262,0.0009668845604643874
0.597,-0.001927584767025985,0.0009665135375198323
0.598,-0.0019401947057955701,0.0009660647466092434
0.599,-0.0019528680393032473,0.0009655371964557693
0.6,-0.001965604704718554,0.0009649298887401098
0.601,-0.0019784046313221807,0.0009642418180996051
0.602,-0.001991267740379617,0.0009634719721283316
0.603,-0.0020041939450136043,0.0009626193313782275
0.604,-0.0020171831500753797,0.0009616828693612666
0.605,-0.002030235252014716,0.0009606615525527027
0.606,-0.002043350138748749,0.0009595543403954064
0.607,-0.0020565276895295925,0.0009583601853053148
0.608,-0.0020697677748107313,0.000957078032678018
0.609,-0.002083070256112194,0.0009557068208965025
0.61,-0.002096434985884504,0.0009542454813400752
0.611,-0.0021098618073713943,0.0009526929383944913
0.612,-0.002123350554471301,0.0009510481094633089
0.613,-0.002136901051597615,0.0009493099049804921
0.614,-0.0021505131135377015,0.0009474772284242899
0.615,-0.0021641865453106775,0.0009455489763324108
0.616,-0.0021779211420239505,0.0009435240383185209
0.617,-0.0021917166887285115,0.0009414012970900871
0.618,-0.0022055729602729834,0.0009391796284675935
0.619,-0.0022194897211564217,0.0009368579014051523
0.62,-0.002233466725379867,0.0009344349780125393
0.621,-0.0022475037162966453,0.0009319097135786756
0.622,-0.0022616004264614186,0.000929280956596584
0.623,-0.002275756577477983,0.0009265475487898457
0.624,-0.0022899718798458104,0.0009237083251405851
0.625,-0.002304246032805341,0.0009207621139190077
0.626,-0.0023185787241820186,0.0009177077367145203
0.627,-0.0023329696302290693,0.0009145440084684607
0.628,-0.0023474184154690316,0.0009112697375084649
0.629,-0.002361924732534027,0.000907883725584499
0.63,-0.0023764882220047813,0.0009043847679065868
0.631,-0.0023911085122483885,0.0009007716531842598
0.632,-0.0024057852192548293,0.0008970431636677607
0.633,-0.0024205179464722323,0.0008931980751910279
0.634,-0.002435306284640893,0.0008892351572164938
0.635,-0.0024501498116260415,0.0008851531728817247
0.636,-0.0024650480922493666,0.0008809508790479345
0.637,-0.002480000678119299,0.0008766270263504018
0.638,-0.0024950071074600535,0.0008721803592508239
0.639,-0.0025100669049394333,0.0008676096160916363
0.64,-0.002525179581495405,0.0008629135291523337
0.641,-0.002540344634161439,0.0008580908247078201
0.642,-0.0025555615458906266,0.000853140223088825
0.643,-0.0025708297853785757,0.0008480604387444168
0.644,-0.0025861488068850895,0.000842850180306646
0.645,-0.0026015180500546294,0.0008375081506573545
0.646,-0.0026169369397355765,0.0008320330469971817
0.647,-0.002632404885798287,0.0008264235609168058
0.648,-0.0026479212829519554,0.0008206783784704521
0.649,-0.002663485510560285,0.0008147961802517041
0.65,-0.0026790969324559807,0.0008087756414716547
0.651,-0.00269475489675406,0.0008026154320394313
0.652,-0.0027104587356640017,0.0007963142166451315
0.653,-0.0027262077653007304,0.0007898706548452085
0.654,-0.0027420012854944505,0.0007832834011503382
0.655,-0.002757838579599338,0.0007765511051158119
0.656,-0.0027737189143010946,0.0007696724114344862
0.657,-0.0027896415394233777,0.0007626459600323322
0.658,-0.0028056056877331197,0.000755470386166622
0.659,-0.0028216105747447353,0.0007481443205267889
0.66,-0.0028376553985232393,0.0007406663893380043
0.661,-0.002853739339486283,0.0007330352144675086
0.662,-0.002869861560205114,0.0007252494135337352
0.663,-0.002886021205204484,0.0007173076000182724
0.664,-0.0029022174007615024,0.0007092083833806979
0.665,-0.0029184492547034667,0.0007009503691763326
0.666,-0.0029347158562046637,0.0006925321591769523
0.667,-0.0029510162755821724,0.0006839523514944989
0.668,-0.0029673495640906732,0.0006752095407078365
0.669,-0.002983714753716283,0.0006663023179925915
0.67,-0.00300011085696943,0.0006572292712541218
0.671,-0.0030165368666767874,0.0006479889852636587
0.672,-0.003032991755772277,0.0006385800417976649
0.673,-0.0030494744770871674,0.0006290010197804525
0.674,-0.0030659839631392827,0.0006192504954301066
0.675,-0.0030825191259213325,0.0006093270424077593
0.676,-0.0030990788566883968,0.0005992292319702587
0.677,-0.003115662025744573,0.0005889556331262805
0.678,-0.003132267482228813,0.0005785048127959269
0.679,-0.003148894053899967,0.0005678753359738594
0.68,-0.0031655405469210585,0.0005570657658960147
0.681,-0.0031822057456428127,0.0005460746642099485
0.682,-0.0031988884123864605,0.0005349005911488558
0.683,-0.003215587287225841,0.0005235421057093179
0.684,-0.0032323010877688308,0.0005119977658328209
0.685,-0.00324902850893812,0.0005002661285910992
0.686,-0.0032657682227513647,0.0004883457503753494
0.687,-0.0032825188781007426,0.0004762351870893666
0.688,-0.0032992791005319335,0.00046393299434665375
0.689,-0.0033160474920225654,0.00045143772767155236
0.69,-0.0033328226307601364,0.0004387479427044478
0.691,-0.003349603070919463,0.0004258621954110997
0.692,-0.0033663873424396667,0.00041277904229614857
0.693,-0.0033831739508007426,0.00039949704062085245
0.694,-0.003399961376799739,0.00038601474862510424
0.695,-0.0034167480763265742,0.00037233072575378404
0.696,-0.0034335324801395384,0.00035844353288749933
0.697,-0.0034503129936404972,0.0003443517325777665
0.698,-0.003467087996649851,0.0003300538892866884
0.699,-0.00348385584318127,0.00031554856963118166
0.7,-0.003500614861216257,0.00030083434263180936
0.701,-0.003517363352478563,0.0002859097799662739
0.702,-0.003534099592208504,0.00027077345622762564
0.703,-0.003550821828937215,0.0002554239491872439
0.704,-0.0035675282842608834,0.0002398598400626456
0.705,-0.0035842171526150046,0.00022407971379017976
0.706,-0.003600886601048701,0.00020808215930266376
0.707,-0.0036175347689991503,0.00019186576981201935
0.708,-0.0036341597680661654,0.00017542914309696663
0.709,-0.0036507596817869797,0.00015877088179583356
0.71,-0.0036673325654112705,0.00014188959370454023
0.711,-0.003683876445676488,0.00012478389207981638
0.712,-0.0037003893205835208,0.00010745239594771202
0.713,-0.003716869159172762,8.989373041746046e-5
0.714,-0.0037333139013006195,7.21065270007538e-5
0.715,-0.0037497214574165267,5.408942393649171e-5
0.716,-0.0037660897083405093,3.584106652106371e-5
0.717,-0.0037824165050413566,1.7360107444226506e-5
0.718,-0.0037986996684154623,-1.3547928693623785e-6
0.719,-0.0038149369890663858,-2.0304965912892873e-5
0.72,-0.003831126227085195,-3.949173474437031e-5
0.721,-0.0038472651118316545,-5.891641362774063e-5
0.722,-0.003863351341716311,-7.858030766811003e-5
0.723,-0.0038793825839835492,-9.848471244099596e-5
0.724,-0.0038953564744956762,-0.00011863091361554584
0.725,-0.0039112706175181,-0.00013902018657166
0.726,-0.003927122585505669,-0.00015965379601095444
0.727,-0.003942909918890248,-0.0001805329955614992
0.728,-0.0039586301258695816,-0.00020165902737626751
0.729,-0.0039742806821975365,-0.00022303312172523078
0.73,-0.003989859030975787,-0.00024465649658103383
0.731,-0.00400536258244701,-0.0002665303571981853
0.732,-0.004020788713789677,-0.00028865589568569653
0.733,-0.00403613476891451,-0.00031103429057310314
0.734,-0.004051398058262691,-0.0003336667063698032
0.735,-0.004066575858605891,-0.00035655429311764417
0.736,-0.004081665412848205,-0.00037969818593669235
0.737,-0.0040966639298300935,-0.00040309950456411745
0.738,-0.004111568584134374,-0.00042675935288612426
0.739,-0.004126376515894402,-0.00045067881846286387
0.74,-0.004141084830604478,-0.0004748589720462563
0.741,-0.004155690598932615,-0.0004993008670906559
0.742,-0.004170190856535719,-0.0005240055392562917
0.743,-0.004184582603877307,-0.0005489740059054116
0.744,-0.0041988628060478355,-0.0005742072655910655
0.745,-0.004213028392587754,-0.0005997062975384532
0.746,-0.004227076257313364,-0.0006254720611187702
0.747,-0.0042410032581456005,-0.0006515054953154823
0.748,-0.004254806216941827,-0.0006778075181829566
0.749,-0.004268481919330755,-0.0007043790262973797
0.75,-0.0042820271145505885,-0.0007312208941998947
0.751,-0.004295438515290512,-0.0007583339738318818
0.752,-0.004308712797535616,-0.0007857190939623172
0.753,-0.00432184660041539,-0.0008133770596071346
0.754,-0.0043348365260558845,-0.0008413086514405198
0.755,-0.004347679139435665,-0.0008695146251980697
0.756,-0.004360370968245676,-0.0008979957110717377
0.757,-0.004372908502753128,-0.0009267526130965015
0.758,-0.004385288195669549,-0.000955786008528675
0.759,-0.004397506462023107,-0.000985096547215796
0.76,-0.0044095596790353336,-0.0010146848509580161
0.761,-0.004421444186002395,-0.001044551512860921
0.762,-0.004433156284181024,-0.0010746970966797065
0.763,-0.004444692236679253,-0.0011051221361546434
0.764,-0.004456048268352091,-0.0011358271343377504
0.765,-0.004467220565702284,-0.001166812562910608
0.766,-0.004478205276786284,-0.0011980788614932398
0.767,-0.0044889985111255986,-0.001229626436943985
0.768,-0.004499596339623647,-0.0012614556626502924
0.769,-0.0045099947944882805,-0.001293566877810359
0.77,-0.004520189869160124,-0.0013259603867055443
0.771,-0.004530177518246882,-0.0013586364579634823
0.772,-0.0045399536574637816,-0.0013915953238118198
0.773,-0.004549514163580304,-0.0014248371793225073
0.774,-0.0045588548743733725,-0.0014583621816465688
0.775,-0.0045679715885871604,-0.0014921704492392742
0.776,-0.004576860065899694,-0.0015262620610756452
0.777,-0.004585516026896421,-0.0015606370558562154
0.778,-0.004593935153050918,-0.0015952954312029742
0.779,-0.004602113086712917,-0.001630237142845419
0.78,-0.004610045431103846,-0.0016654621037966407
0.781,-0.004617727750320044,-0.001700970183519371
0.782,-0.004625155569343862,-0.001736761207081914
0.783,-0.004632324374062836,-0.0017728349543038896
0.784,-0.004639229611297125,-0.0018091911588917137
0.785,-0.004645866688835413,-0.0018458295075637428
0.786,-0.004652230975479487,-0.0018827496391650032
0.787,-0.004658317801097686,-0.0019199511437714388
0.788,-0.004664122456687439,-0.001957433561783594
0.789,-0.00466964019444711,-0.001995196383009665
0.79,-0.0046748662278573595,-0.0020332390457378376
0.791,-0.004679795731772246,-0.0020715609357978455
0.792,-0.004684423842520306,-0.002110161385611667
0.793,-0.004688745658015833,-0.002149039673233287
0.794,-0.004692756237880586,-0.0021881950213774575
0.795,-0.00469645060357618,-0.0022276265964373695
0.796,-0.004699823738547398,-0.0022673335074911713
0.797,-0.004702870588376666,-0.002307314805297256
0.798,-0.004705586060949953,-0.002347569481278241
0.799,-0.0047079650266343516,-0.0023880964664935726
0.8,-0.004710002318467601,-0.002428894630600669
0.801,-0.00471169273235982,-0.0024699627808045404
0.802,-0.0047130310273077285,-0.0025112996607958024
0.803,-0.004714011925621626,-0.002552903949677015
0.804,-0.004714630113165421,-0.0025947742608772666
0.805,-0.004714880239609996,-0.002636909141054933
0.806,-0.0047147569187002076,-0.002679307068988539
0.807,-0.004714254728535812,-0.0027219664544556404
0.808,-0.004713368211866633,-0.0027648856370996624
0.809,-0.0047120918764022865,-0.002808062885284614
0.81,-0.004710420195136775,-0.002851496394937606
0.811,-0.0047083476066882715,-0.0028951842883790995
0.812,-0.0047058685156544525,-0.002939124613140812
0.813,-0.004702977292983678,-0.0029833153407712028
0.814,-0.004699668276362407,-0.0030277543656284742
0.815,-0.00469593577061917,-0.0030724395036610033
0.816,-0.004691774048145479,-0.0031173684911751406
0.817,-0.004687177349334032,-0.0031625389835902976
0.818,-0.004682139883034593,-0.003207948554181254
0.819,-0.004676655827027936,-0.003253594692807606
0.82,-0.004670719328518234,-0.0032994748046302957
0.821,-0.004664324504644312,-0.003345586208815135
0.822,-0.004657465443010151,-0.003391926137223261
0.823,-0.004650136202235083,-0.0034384917330884525
0.824,-0.004642330812524094,-0.0034852800496812325
0.825,-0.004634043276258679,-0.003532288048959688
0.826,-0.004625267568608687,-0.0035795126002069384
0.827,-0.004615997638165623,-0.0036269504786551813
0.828,-0.004606227407597882,-0.003674598364096248
0.829,-0.00459595077432837,-0.0037224528394785993
0.83,-0.004585161611235032,-0.0037705103894906953
0.831,-0.004573853767374766,-0.0038187673991306728
0.832,-0.004562021068731252,-0.0038672201522622603
0.833,-0.004549657318987212,-0.003915864830156874
0.834,-0.00453675630032165,-0.003964697510021815
0.835,-0.004523311774232613,-0.004013714163514533
0.836,-0.004509317482386048,-0.004062910655242853
0.837,-0.004494767147491333,-0.004112282741251148
0.838,-0.004479654474204063,-0.004161826067492369
0.839,-0.004463973150056729,-0.004211536168285885
0.84,-0.00444771684641788,-0.004261408464761078
0.841,-0.004430879219480435,-0.0043114382632866355
0.842,-0.004413453911279784,-0.004361620753885493
0.843,-0.0043954345507423685,-0.00441195100863537
0.844,-0.004376814754765413,-0.004462423980054856
0.845,-0.00435758812932854,-0.004513034499475002
0.846,-0.004337748270637973,-0.004563777275396377
0.847,-0.004317288766304096,-0.004614646891831542
0.848,-0.004296203196553128,-0.004665637806632909
0.849,-0.004274485135473697,-0.004716744349805969
0.85,-0.004252128152299134,-0.0047679607218078235
0.851,-0.004229125812726315,-0.0048192809918310405
0.852,-0.004205471680271906,-0.004870699096072773
0.853,-0.004181159317666889,-0.004922208835989156
0.854,-0.004156182288290279,-0.0049738038765349555
0.855,-0.004130534157642963,-0.005025477744388471
0.856,-0.004104208494862599,-0.005077223826161694
0.857,-0.004077198874280589,-0.005129035366595724
0.858,-0.004049498877022109,-0.005180905466741472
0.859,-0.004021102092650258,-0.005232827082125663
0.86,-0.0039920021208553836,-0.005284793020902167
0.861,-0.0039621925731906935,-0.005336795941988714
0.862,-0.003931667074855293,-0.005388828353189029
0.863,-0.003900419266525797,-0.005440882609300454
0.864,-0.0038684428062377516,-0.005492950910207124
0.865,-0.0038357313713180716,-0.005545025298958789
0.866,-0.0038022786603697932,-0.005597097659835367
0.867,-0.0037680783953104482,-0.005649159716397354
0.868,-0.0037331243234654085,-0.005701203029522184
0.869,-0.0036974102197176086,-0.005753218995426731
0.87,-0.0036609298887150723,-0.005805198843676054
0.871,-0.0036236771671377295,-0.005857133635178597
0.872,-0.00358564592602505,-0.005909014260168034
0.873,-0.0035468300731660686,-0.005960831436171953
0.874,-0.0035072235555534165,-0.0060125757059676516
0.875,-0.0034668203619030377,-0.006064237435525265
0.876,-0.003425614525241312,-0.006115806811938554
0.877,-0.0033836001255613543,-0.006167273841343633
0.878,-0.003340771292550331,-0.006218628346826001
0.879,-0.003297122208389668,-0.006269859966316242
0.88,-0.00325264711063011,-0.006320958150474799
0.881,-0.003207340295143628,-0.00637191216056627
0.882,-0.003161196119154239,-0.006422711066323696
0.883,-0.0031142090043498843,-0.006473343743803371
0.884,-0.003066373440077548,-0.006523798873230726
0.885,-0.003017683986623889,-0.006574064936837899
0.886,-0.0029681352785837227,-0.006624130216693638
0.887,-0.0029177220283187508,-0.006673982792526263
0.888,-0.0028664390295090325,-0.0067236105395404215
0.889,-0.0028142811607997386,-0.006773001126228482
0.89,-0.0027612433895458357,-0.006822142012177424
0.891,-0.0027073207756574073,-0.0068710204458721875
0.892,-0.0026525084755484093,-0.006919623462496499
0.893,-0.0025968017461917427,-0.006967937881732247
0.894,-0.002540195949283607,-0.007015950305558591
0.895,-0.0024826865555201932,-0.007063647116052067
0.896,-0.0024242691489898605,-0.007111014473188997
0.897,-0.002364939431684031,-0.007158038312651676
0.898,-0.002304693228130144,-0.0072047043436398416
0.899,-0.002243526490150091,-0.007250998046689096
0.9,-0.0021814353017476614,-0.007296904671497996
0.901,-0.0021184158841286316,-0.007342409234765722
0.902,-0.002054464600857221,-0.007387496518042292
0.903,-0.0019895779631527552,-0.007432151065593468
0.904,-0.0019237526353304709,-0.007476357182282619
0.905,-0.0018569854403905136,-0.007520098931471954
0.906,-0.0017892733657592817,-0.007563360132945712
0.907,-0.0017206135691873819,-0.007606124360858045
0.908,-0.0016510033848085703,-0.007648374941708514
0.909,-0.0015804403293641696,-0.007690094952348291
0.91,-0.001508922108597559,-0.007731267218020389
0.911,-0.0014364466238234483,-0.007771874310437399
0.912,-0.0013630119786767667,-0.007811898545900476
0.913,-0.0012886164860460945,-0.007851321983463526
0.914,-0.0012132586751966968,-0.007890126423146772
0.915,-0.001136937299088314,-0.007928293404204182
0.916,-0.0010596513418929846,-0.007965804203449448
0.917,-0.0009814000267182761,-0.008002639833645544
0.918,-0.0009021828235414141,-0.008038781041963143
0.919,-0.0008219994573598977,-0.00807420830851354
0.92,-0.0007408499165642916,-0.008108901844961986
0.921,-0.0006587344615389828,-0.008142841593227767
0.922,-0.000575653633496782,-0.00817600722427766
0.923,-0.0004916082635533346,-0.008208378137019806
0.924,-0.0004065994820473902,-0.008239933457305464
0.925,-0.0003206287281130528,-0.00827065203704649
0.926,-0.00023369775951019784,-0.008300512453456846
0.927,-0.0001458086627193032,-0.008329493008426923
0.928,-5.696386330698734e-5,-0.008357571728039932
0.929,3.283386343141607e-5,-0.008384726362240108
0.93,0.0001235813815458924,-0.008410934384663053
0.931,0.00021527518321602407,-0.00843617299263904
0.932,0.00030791137723915193,-0.008460419107380738
0.933,0.0004014856772160799,-0.008483649374367396
0.934,0.0004959933894280232,-0.00850584016393814
0.935,0.0005914294003985578,-0.00852696757210775
0.936,0.0006877881641344135,-0.00854700742161895
0.937,0.0007850636890390528,-0.008565935263245915
0.938,0.0008832495244931167,-0.008583726377364542
0.939,0.0009823387470959705,-0.008600355775805738
0.94,0.0010823239465627807,-0.008615798204008795
0.941,0.0011831972112717715,-0.008630028143492802
0.942,0.0012849501134565796,-0.00864301981466487
0.943,0.001387573694038913,-0.00865474717998487
0.944,0.0014910584470970744,-0.008665183947507317
0.945,0.001595394303966293,-0.00867430357482201
0.946,0.0017005706169672405,-0.008682079273416004
0.947,0.0018065761427596054,-0.008688484013480558
0.948,0.001913399025318144,-0.008693490529187756
0.949,0.0020210267785292294,-0.00869707132446256
0.95,0.0021294462684065996,-0.008699198679277221
0.951,0.0022386436949257417,-0.008699844656496114
0.952,0.002348604573477171,-0.008698981109300206
0.953,0.002459313715939753,-0.00869657968922164
0.954,0.0025707552113762066,-0.008692611854820093
0.955,0.0026829124063539826,-0.008687048881033846
0.956,0.0027957678848958925,-0.008679861869239781
0.957,0.0029093034480661127,-0.008671021758057808
0.958,0.0030235000931985766,-0.008660499334936516
0.959,0.0031383379927762424,-0.008648265248558202
0.96,0.0032537964729713407,-0.008634290022102722
0.961,0.0033698539918584247,-0.00861854406741092
0.962,0.003486488117313927,-0.008600997700089779
0.963,0.0036036755046179154,-0.00858162115560267
0.964,0.0037213918737759033,-0.008560384606389441
0.965,0.0038396119865808684,-0.008537258180062303
0.966,0.0039583096234381,-0.008512211978724772
0.967,0.004077457559978126,-0.008485216099462074
0.968,0.004197027543485781,-0.00845624065605261
0.969,0.004316990269176468,-0.008425255801951137
0.97,0.004437315356353826,-0.008392231754595369
0.971,0.004557971324486416,-0.008357138821088624
0.972,0.004678925569244592,-0.008319947425311974
0.973,0.004800144338542492,-0.008280628136520057
0.974,0.0049215927086341095,-0.008239151699475353
0.975,0.005043234560316595,-0.008195489066176115
0.976,0.0051650325552983585,-0.008149611429233454
0.977,0.005286948112794222,-0.008101490256953146
0.978,0.005408941386414752,-0.008051097330177646
0.979,0.005530971241421997,-0.007998404780943416
0.98,0.005652995232429221,-0.007943385133008091
0.981,0.005774969581627778,-0.007886011344301115
0.982,0.005896849157630094,-0.007826256851350332
0.983,0.0060185874550237025,-0.007764095615735436
0.984,0.006140136574737559,-0.00769950217261735
0.985,0.00626144720532827,-0.007632451681390307
0.986,0.0063824686053005255,-0.007562919978500702
0.987,0.006503148586582841,-0.007490883632473593
0.988,0.006623433499286688,-0.007416320001184101
0.989,0.006743268217884268,-0.007339207291406735
0.99,0.006862596128947379,-0.007259524620670893
0.991,0.006981359120597247,-0.0071772520814454505
0.992,0.007099497573822572,-0.007092370807669292
0.993,0.0072169503558305115,-0.007004863043637959
0.994,0.007333654815602787,-0.006914712215249173
0.995,0.007449546781836465,-0.006821903003601798
0.996,0.0075645605634563065,-0.006726421420933846
0.997,0.007678628952892692,-0.00662825488887531
0.998,0.00779168323232608,-0.006527392318980974
0.999,0.007903653183105605,-0.006423824195496741
1.0,0.008014467098555729,-0.0063175426603005805
1.001,0.008124051800390707,-0.006208541599945714
1.002,0.008232332658962052,-0.0060968167347193
1.003,0.008339233617568843,-0.005982365709614425
1.004,0.008444677221064883,-0.005865188187096882
1.005,0.008548584648999878,-0.00574528594153075
1.006,0.008650875753534196,-0.005622662955108473
1.007,0.00875146910236809,-0.005497325515111676
1.008,0.008850282026926356,-0.005369282312308688
1.009,0.00894723067603842,-0.005238544540273383
1.01,0.009042230075351184,-0.005105125995387867
1.011,0.009135194192708055,-0.004969043177268449
1.012,0.009226036009721767,-0.004830315389330624
1.013,0.009314667599761097,-0.004688964839184317
1.014,0.009401000212562129,-0.004545016738525605
1.015,0.009484944365663094,-0.0043984994021656456
1.016,0.009566409942848065,-0.004249444345811705
1.017,0.009645306299768598,-0.00409788638218916
1.018,0.009721542376893806,-0.003943863715067367
1.019,0.009795026819918094,-0.00378741803072642
1.02,0.009865668107731845,-0.003628594586376417
1.021,0.00993337468803361,-0.0034674422950160444
1.022,0.009998055120632699,-0.0033040138061933536
1.023,0.010059618228458534,-0.0031383655821088335
1.024,0.01011797325625751,-0.0029705579684795613
1.025,0.010173030036919608,-0.0028006552595636063
1.026,0.010224699165335383,-0.0026287257567263736
1.027,0.01027289217963955,-0.0024548418199154608
1.028,0.010317521749649878,-0.0022790799113982805
1.029,0.010358501872260091,-0.0021015206311074818
1.03,0.010395748073492632,-0.0019222487429335108
1.031,0.010429177616862026,-0.0017413531913017786
1.032,0.01045870971764215,-0.001558927107374321
1.033,0.010484265762571505,-0.0013750678042227917
1.034,0.010505769534469675,-0.0011898767603315858
1.035,0.01052314744117616,-0.0010034595908070898
1.036,0.010536328748159872,-0.0008159260056918845
1.037,0.01054524581408453,-0.0006273897548114009
1.038,0.010549834328552216,-0.00043796855861536306
1.039,0.010550033551185271,-0.0002477840245174854
1.04,0.010545786551146024,-5.6961548284529e-5
1.041,0.010537040446135123,0.00013436979991996616
1.042,0.010523746639853395,0.0003260774051711298
1.043,0.010505861056859678,0.0005180252533638333
1.044,0.0104833443737088,0.0007100740929319472
1.045,0.010456162245210576,0.0009020816128181886
1.046,0.010424285524613094,0.0010939026367207984
1.047,0.010387690476482416,0.0012853893335515022
1.048,0.010346358981026814,0.001476391443942245
1.049,0.010300278728597737,0.0016667565225366096
1.05,0.010249443403092097,0.001856330195696289
1.051,0.010193852852982329,0.0020449564341442085
1.052,0.010133513248712162,0.002232477839954733
1.053,0.010068437225217771,0.0024187359471887467
1.054,0.009998644008366456,0.002603571535358271
1.055,0.00992415952414834,0.0027868249547927278
1.056,0.009845016489511062,0.0029683364628681117
1.057,0.00976125448379315,0.0031479465699523444
1.058,0.009672919999788589,0.0033254963938161835
1.059,0.009580066473562826,0.003500828021160425
1.06,0.009482754292238814,0.0036737848748180416
1.061,0.00938105077908008,0.0038442120851055073
1.062,0.009275030155315719,0.004011956863722063
1.063,0.009164773478278732,0.004176868878530183
1.064,0.009050368555563425,0.004338800627496074
1.065,0.008931909835048567,0.0044976078100265994
1.066,0.008809498270779545,0.00465314969390947
1.067,0.00868324116485341,0.004805289476047488
1.068,0.008553251985604308,0.004953894635175842
1.069,0.008419650162541743,0.00509883727476411
1.07,0.008282560858648771,0.005239994454332175
1.071,0.008142114720800387,0.005377248507451717
1.072,0.007998447609211935,0.005510487344762144
1.073,0.007851700306972277,0.005639604740401569
1.074,0.007702018210854715,0.0057645006003392224
1.075,0.007549551004729073,0.005885081211194773
1.076,0.0073944523170193285,0.006001259468241751
1.077,0.007236879363761447,0.0061129550814153985
1.078,0.00707699257891442,0.006220094758278895
1.079,0.006914955233662848,0.006322612363044524
1.08,0.00675093304652089,0.006420449050896671
1.081,0.006585093786104113,0.00651355337702004
1.082,0.006417606868477421,0.006601881379897508
1.083,0.006248642951013138,0.0066853966386060054
1.084,0.006078373524703557,0.006764070304004069
1.085,0.00590697050686668,0.006837881103869488
1.086,0.00573460583616273,0.006906815322208243
1.087,0.005561451071802763,0.006970866753114951
1.088,0.0053876769987798116,0.0070300366297189115
1.089,0.005213453240888314,0.0070843335288969635
1.09,0.005038947883219909,0.0071337732525735284
1.091,0.004864327105734163,0.007178378686558129
1.092,0.0046897548294025,0.007218179637990234
1.093,0.004515392376313813,0.007253212652569689
1.094,0.004341398145012312,0.007283520812847298
1.095,0.004167927302213481,0.00730915351893396
1.096,0.0039951314919139365,0.007330166253057428
1.097,0.0038231585627770946,0.00734662032945332
1.098,0.00365215231454009,0.007358582631121031
1.099,0.0034822522640499632,0.007366125335006063
1.1,0.003313593431399911,0.007369325627187991
1.101,0.0031463061465008216,0.007368265409658302
1.102,0.0029805158762905002,0.007363031000265175
1.103,0.0028163430726541525,0.007353712827383444
1.104,0.0026539030410057474,0.007340405120838339
1.105,0.002493305829361873,0.007323205600571805
1.106,0.0023346561376283046,0.007302215164491247
1.107,0.0021780532467155,0.007277537576883265
1.108,0.0020235909670031104,0.00724927915871038
1.109,0.0018713576055858414,0.007217548481037843
1.11,0.001721435951653896,0.007182456062761365
1.111,0.0015739032792909924,0.007144114073726059
1.112,0.0014288313669116896,0.0071026360442429555
1.113,0.0012862865325074344,0.007058136581923106
1.114,0.001146329683827275,0.007010731096661475
1.115,0.0010090163825843765,0.00696053553451435
1.116,0.0008743969217530573,0.0069076661211256996
1.117,0.0007425164150026803,0.006852239115270543
1.118,0.0006134148973040274,0.006794370572997603
1.119,0.00048712743574026555,0.0067341761227699675
1.12,0.0003636842495578283,0.006671770751921665
1.121,0.00024311083850195707,0.006607268604670469
1.122,0.00012542811849674174,0.00654078279185331
1.123,1.0652563749715491e-5,0.006472425212480666
1.124,-0.00010120364561415372,0.006402306387140555
1.125,-0.00021013247125542902,0.006330535303221386
1.126,-0.000316129860494207,0.006257219271866202
1.127,-0.00041919558715401917,0.006182463796518684
1.128,-0.00051933309013685,0.006106372452873936
1.129,-0.0006165493104509064,0.006029046780004239
1.13,-0.0007108545273717144,0.005950586182391907
1.131,-0.0008022621943750266,0.0058710878425677375
1.132,-0.0008907887754372921,0.005790646644024327
1.133,-0.0009764535822564535,0.005709355104048583
1.134,-0.0010592786129029338,0.005627303316096825
1.135,-0.0011392883923681495,0.005544578901318823
1.136,-0.0012165098154360457,0.005461266968823716
1.137,-0.0012909719922621899,0.0053774500842707585
1.138,-0.0013627060970051444,0.005293208246361056
1.139,-0.0014317452198162979,0.005208618870802573
1.14,-0.001498124222457264,0.005123756781319565
1.141,-0.0015618795977784452,0.005038694207278919
1.142,-0.0016230493332585298,0.004953500787509412
1.143,-0.00168167277877261,0.004868243579895485
1.144,-0.001737790518726317,0.004782987076334439
1.145,-0.0017914442486649377,0.004697793222654893
1.146,-0.0018426766564398575,0.004612721443104574
1.147,-0.0018915313079899412,0.004527828669026939
1.148,-0.0019380525377725303,0.0044431693713585406
1.149,-0.0019822853438576254,0.00435879559659225
1.15,-0.002024275287679463,0.00427475700586529
1.151,-0.0020640683984220628,0.00419110091684541
1.152,-0.0021017110819993297,0.004107872348103215
1.153,-0.002137250034575927,0.004025114065673629
1.154,-0.002170732160562255,0.003942866631524526
1.155,-0.0022022044950054825,0.0038611684536656596
1.156,-0.002231714130288545,0.0037800558376460294
1.157,-0.0022593081470403077,0.003699563039202683
1.158,-0.0022850335491525924,0.0036197223178386067
1.159,-0.002308937202793411,0.003540563991121683
1.16,-0.002331065779300491,0.003462116489510737
1.161,-0.0023514657018348707,0.0033844064115282893
1.162,-0.0023701830956709877,0.0033074585791128676
1.163,-0.0023872637419971635,0.0032312960929964684
1.164,-0.002402753035098638,0.0031559403879650293
1.165,-0.0024166959427942684,0.0030814112878715747
1.166,-0.0024291369699976193,0.0030077270602829457
1.167,-0.0024401201252733404,0.0029349044706517943
1.168,-0.0024496888902604498,0.002862958835915754
1.169,-0.0024578861918352884,0.002791904077435393
1.17,-0.002464754376888515,0.0027217527731917754
1.171,-0.00247033518959244,0.0026525162091731048
1.172,-0.0024746697510372585,0.002584204429888116
1.173,-0.002477798541117289,0.002516826287951551
1.174,-0.0024797613825510716,0.0024503894926942446
1.175,-0.0024805974269221727,0.0023849006577570855
1.176,-0.0024803451426306388,0.0023203653476343684
1.177,-0.00247904230464833,0.002256788123137905
1.178,-0.0024767259859747085,0.002194172585758665
1.179,-0.002473432550693107,0.0021325214209077254
1.18,-0.0024691976485309857,0.0020718364400229253
1.181,-0.002464056210831229,0.0020121186215318852
1.182,-0.00245804244784505,0.00195336815066594
1.183,-0.0024511898472606274,0.0018955844581231116
1.184,-0.002443531173885107,0.0018387662575814962
1.185,-0.002435098470401078,0.0017829115820673963
1.186,-0.0024259230591220926,0.0017280178191852078
1.187,-0.002416035544675164,0.0016740817452184768
1.188,-0.0024054658175415144,0.0016210995581137084
1.189,-0.002394243058390096,0.0015690669093604368
1.19,-0.002382395743141573,0.0015179789347827832
1.191,-0.002369951648703562,0.0014678302842592369
1.192,-0.0023569378593209234,0.0014186151503887212
1.193,-0.002343380773487812,0.0013703272961221478
1.194,-0.002329306111371034,0.0013229600813796567
1.195,-0.0023147389226969664,0.001276506488674568
1.196,-0.002299703595056947,0.0012309591477657757
1.197,-0.0022842238625885697,0.0011863103593608754
1.198,-0.0022683228149927652,0.0011425521178927785
1.199,-0.0022520229068488935,0.001099676133392908
1.2,-0.00223534596719232,0.001057673852484317
1.201,-0.002218313209321108,0.00101653647851823
1.202,-0.0022009452408005194,0.0009762549908775893
1.203,-0.0021832620736359836,0.0009368201634711803
1.204,-0.0021652831345870846,0.0008982225824418603
1.205,-0.0021470272755969065,0.0008604526631122836
1.206,-0.0021285127843127835,0.0008235006661913398
1.207,-0.0021097573946761315,0.000787356713264305
1.208,-0.0020907782975605866,0.0007520108015894274
1.209,-0.002071592151439139,0.0007174528182233796
1.21,-0.0020522150930623465,0.0006836725534976566
1.211,-0.0020326627481310326,0.0006506597138676489
1.212,-0.002012950241948127,0.0006184039341557168
1.213,-0.001993092210035483,0.0005868947892091915
1.214,-0.001973102808702636,0.000556121804993792
1.215,-0.0019529957255555045,0.0005260744691425071
1.216,-0.0019327841899340588,0.0004967422409795362
1.217,-0.001912480983268896,0.0004681145610384173
1.218,-0.00189209844934756,0.00044018086009299685
1.219,-0.0018716485044822746,0.0004129305677194237
1.22,-0.0018511426475715403,0.0003863531204068641
1.221,-0.0018305919700487806,0.0003604379692341577
1.222,-0.0018100071657119147,0.00033517458712915057
1.223,-0.001789398540428382,0.00031055247572696365
1.224,-0.0017687760217107472,0.0002865611718429765
1.225,-0.0017481491681585885,0.0002631902535758343
1.226,-0.0017275271787628903,0.0002404293460553182
1.227,-0.001706918902069675,0.00021826812684945662
1.228,-0.0016863328452000532,0.00019669633104479797
1.229,-0.0016657771827243146,0.00017570375601331958
1.23,-0.0016452597653880802,0.0001552802658790036
1.231,-0.0016247881286889042,0.00013541579569667977
1.232,-0.0016043695013020732,0.00011610035535531039
1.233,-0.0015840108133546556,9.73240332174771e-5
1.234,-0.001563718704547168,7.90769995064239e-5
1.235,-0.001543499532122489,6.134950945161383e-5
1.236,-0.0015233593786819124,4.413190620336977e-5
1.237,-0.0015033040598484643,2.7414623526793066e-5
1.238,-0.0014833391317778234,1.1188188284785585e-5
1.239,-0.0014634698985173864,-4.556777280355925e-6
1.24,-0.0014437014192141974,-1.9829553457652683e-5
1.241,-0.0014240385151726323,-3.463932116168085e-5
1.242,-0.0014044857767628776,-4.899516020187783e-5
1.243,-0.0013850475701813812,-6.290604771878138e-5
1.244,-0.0013657280440645858,-7.638085677937389e-5
1.245,-0.0013465311359573563,-8.942835512400309e-5
1.246,-0.0013274605786376304,-0.00010205720405764119
1.247,-0.0013085199062989011,-0.00011427595747852375
1.248,-0.001289712460592232,-0.00012609306103748285
1.249,-0.0012710413965295723,-0.00013751685142155044
1.25,-0.0012525096882502098,-0.00014855555575566252
1.251,-0.0012341201346522512,-0.0001592172911165404
1.252,-0.001215875364891074,-0.0001695100641530615
1.253,-0.0011977778437467334,-0.0001794417708076626
1.254,-0.0011798298768623471,-0.00018902019613353796
1.255,-0.0011620336158555064,-0.0001982530142026094
1.256,-0.0011443910633047937,-0.00020714778809944982
1.257,-0.001126904077613503,-0.00021571196999654163
1.258,-0.0011095743777526717,-0.00022395290130644143
1.259,-0.0010924035478855512,-0.00023187781290660717
1.26,-0.0010753930418756434,-0.00023949382543282213
1.261,-0.0010585441876804359,-0.0002468079496373202
1.262,-0.0010418581916329694,-0.0002538270868078823
1.263,-0.0010253361426133673,-0.0002605580292443322
1.264,-0.0010089790161124477,-0.00026700746078901284
1.265,-0.0009927876781895355,-0.00027318195740797094
1.266,-0.0009767628893265754,-0.0002790879878197186
1.267,-0.0009609053081806348,-0.0002847319141685782
1.268,-0.0009452154952368729,-0.00029011999273974466
1.269,-0.0009296939163640299,-0.0002952583747133286
1.27,-0.0009143409462744765,-0.00030015310695476123
1.271,-0.0008991568718908397,-0.0003048101328390604
1.272,-0.0008841418956212015,-0.00030923529310656754
1.273,-0.000869296138544842,-0.0003134343267478731
1.274,-0.0008546196435104786,-0.00031741287191575047
1.275,-0.0008401123781489219,-0.00032117646686201883
1.276,-0.00082577423780205,-0.0003247305508973477
1.277,-0.0008116050483699715,-0.0003280804653721103
1.278,-0.0007976045690782221,-0.0003312314546764779
1.279,-0.0007837724951668132,-0.0003341886672580335
1.28,-0.0007701084605029227,-0.0003369571566552619
1.281,-0.0007566120401189871,-0.00033954188254535196
1.282,-0.0007432827526779298,-0.00034194771180482173
1.283,-0.0007301200628672289,-0.0003441794195815461
1.284,-0.0007171233837234981,-0.000346241690376838
1.285,-0.0007042920788892283,-0.0003481391191362971
1.286,-0.0006916254648033053,-0.0003498762123482048
1.287,-0.0006791228128268919,-0.00035145738914830414
1.288,-0.0006667833513062319,-0.00035288698242985975
1.289,-0.0006546062675739052,-0.0003541692399579513
1.29,-0.0006425907098900359,-0.00035530832548700354
1.291,-0.0006307357893249232,-0.00035630831988061056
1.292,-0.0006190405815845386,-0.00035717322223275744
1.293,-0.0006075041287803038,-0.0003579069509895917
1.294,-0.0005961254411445367,-0.0003585133450709406
1.295,-0.000584903498692922,-0.0003589961649908137
1.296,-0.0005738372528353389,-0.0003593590939761705
1.297,-0.000562925627936348,-0.00035960573908327395
1.298,-0.0005521675228266149,-0.0003597396323109863
1.299,-0.0005415618122665186,-0.00035976423171040146
1.3,-0.0005311073483631691,-0.00035968292249024197
1.301,-0.0005208029619420317,-0.0003594990181174821
1.302,-0.0005106474638743268,-0.00035921576141268916
1.303,-0.0005006396463613544,-0.00035883632563960737
1.304,-0.0004907782841768627,-0.0003583638155885358
1.305,-0.000481062135868557,-0.0003578012686530805
1.306,-0.0004714899449198222,-0.0003571516558998876
1.307,-0.0004620604408727063,-0.0003564178831309887
1.308,-0.0004527723404131911,-0.00035560279193841475
1.309,-0.00044362434841974997,-0.0003547091607507586
1.31,-0.00043461515897617414,-0.00035373970587138613
1.311,-0.0004257434563496232,-0.00035269708250801953
1.312,-0.0004170079159348348,-0.00035158388579343544
1.313,-0.00040840720516540795,-0.00035040265179703994
1.314,-0.00039993998439305143,-0.00034915585852710046
1.315,-0.00039160490773566993,-0.00034784592692343395
1.316,-0.0003834006238951389,-0.00034647522184036515
1.317,-0.00037532577694559947,-0.0003450460530197861
1.318,-0.0003673790070930861,-0.0003435606760541642
1.319,-0.00035955895140727865,-0.00034202129333935825
1.32,-0.00035186424452615395,-0.000340430055017118
1.321,-0.00034429351933429184,-0.0003387890599071559
1.322,-0.00033684540761557297,-0.00033710035642869
1.323,-0.00032951854068098897,-0.0003353659435113726
1.324,-0.00032231154997226617,-0.00033358777149552745
1.325,-0.00031522306764199,-0.00033176774302163094
1.326,-0.00030825172711089726,-0.00032990771390898347
1.327,-0.00030139616360298993,-0.0003280094940235249
1.328,-0.0002946550146591069,-0.00032607484813476005
1.329,-0.00028802692062957424,-0.00032410549676176696
1.33,-0.00028151052514654057,-0.0003221031170082708
1.331,-0.00027510447557658715,-0.0003200693433867725
1.332,-0.0002688074234541903,-0.0003180057686317308
1.333,-0.00026261802489659677,-0.00031591394450180237
1.334,-0.00025653494100066074,-0.00031379538257115137
1.335,-0.000250556838222176,-0.0003116515550098473
1.336,-0.00024468238873822507,-0.00030948389535337574
1.337,-0.00023891027079305153,-0.0003072937992612913
1.338,-0.0002332391690279519,-0.0003050826252650499
1.339,-0.00022766777479566838,-0.0003028516955050599
1.34,-0.00022219478645975325,-0.0003006022964569994
1.341,-0.0002168189096793625,-0.0002983356796474486
1.342,-0.00021153885767992577,-0.0002960530623588938
1.343,-0.00020635335151012707,-0.00029375562832416
1.344,-0.00020126112028562046,-0.00029144452841033656
1.345,-0.00019626090141989356,-0.0002891208812922613
1.346,-0.00019135144084268097,-0.00028678577411563305
1.347,-0.00018653149320631987,-0.0002844402631498255
1.348,-0.00018179982208042875,-0.0002820853744304785
1.349,-0.00017715520013528174,-0.0002797221043919448
1.35,-0.00017259640931423993,-0.00027735142048967423
1.351,-0.0001681222409955924,-0.00027497426181261823
1.352,-0.00016373149614415023,-0.00027259153968574095
1.353,-0.00015942298545292737,-0.0002702041382627248
1.354,-0.000155195529475234,-0.00026781291510895967
1.355,-0.00015104795874749884,-0.00026541870177490827
1.356,-0.0001469791139031285,-0.0002630223043599396
1.357,-0.00014298784577770432,-0.0002606245040667262
1.358,-0.00013907301550580804,-0.0002582260577463
1.359,-0.0001352334946097609,-0.0002558276984338649
1.36,-0.0001314681650805524,-0.00025343013587546357
1.361,-0.00012777591945122759,-0.0002510340570455975
1.362,-0.00012415566086299452,-0.00024864012665590094
1.363,-0.00012060630312430672,-0.0002462489876549695
1.364,-0.00011712677076316781,-0.00024386126171944332
1.365,-0.00011371599907289926,-0.00024147754973644937
1.366,-0.00011037293415160527,-0.00023909843227750267
1.367,-0.00010709653293556279,-0.00023672447006397107
1.368,-0.00010388576322675764,-0.0002343562044242059
1.369,-0.00010073960371478214,-0.00023199415774244214
1.37,-9.765704399330351e-5,-0.00022963883389957106
1.371,-9.463708457130614e-5,-0.00022729071870588978
1.372,-9.167873687930582e-5,-0.00022495028032593048
1.373,-8.878102327072731e-5,-0.00022261796969547313
1.374,-8.594297701863255e-5,-0.00022029422093084526
1.375,-8.316364230798039e-5,-0.00021797945173061164
1.376,-8.0442074223594e-5,-0.00021567406376975717
1.377,-7.777733873400733e-5,-0.0002133784430864656
1.378,-7.51685126713564e-5,-0.0002110929604615962
1.379,-7.261468370747718e-5,-0.00020881797179096107
1.38,-7.011495032636632e-5,-0.00020655381845050369
1.381,-6.766842179315724e-5,-0.00020430082765448068
1.382,-6.527421811975908e-5,-0.0002020593128067472
1.383,-6.29314700273018e-5,-0.00019982957384524568
1.384,-6.063931890552668e-5,-0.00019761189757979778
1.385,-5.8396916769257075e-5,-0.00019540655802329857
1.386,-5.620342621208049e-5,-0.0001932138167164108
1.387,-5.405802035736905e-5,-0.00019103392304585732
1.388,-5.1959882806761465e-5,-0.00018886711455640812
1.389,-4.9908207586226173e-5,-0.00018671361725665887
1.39,-4.7902199089821496e-5,-0.00018457364591869548
1.391,-4.594107202126515e-5,-0.00018244740437174038
1.392,-4.402405133342207e-5,-0.00018033508578987377
1.393,-4.215037216581612e-5,-0.0001782368729739232
1.394,-4.031927978026798e-5,-0.00017615293862761373
1.395,-3.853002949475838e-5,-0.0001740834456280704
1.396,-3.678188661561262e-5,-0.00017202854729076312
1.397,-3.507412636809951e-5,-0.0001699883876289842
1.398,-3.340603382553464e-5,-0.00016796310160794735
1.399,-3.17769038369754e-5,-0.0001659528153935957
1.4,-3.0186040953591896e-5,-0.0001639576465962065
1.401,-2.8632759353795724e-5,-0.0001619777045088787
1.402,-2.711638276720548e-5,-0.00016001309034098768
1.403,-2.5636244397525577e-5,-0.0001580638974466932
1.404,-2.4191686844412308e-5,-0.00015613021154858218
1.405,-2.278206202439873e-5,-0.00015421211095653037
1.406,-2.1406731090947487e-5,-0.00015230966678186304
1.407,-2.006506435369847e-5,-0.00015042294314689656
1.408,-1.875644119697586e-5,-0.0001485519973899396
1.409,-1.7480249997617065e-5,-0.00014669688026583313
1.41,-1.623588804218371e-5,-0.0001448576361421068
1.411,-1.5022761443613018e-5,-0.0001430343031908284
1.412,-1.3840285057365675e-5,-0.00014122691357622267
1.413,-1.26878823971245e-5,-0.00013943549363813374
1.414,-1.1564985550096179e-5,-0.0001376600640714056
1.415,-1.0471035091966586e-5,-0.00013590064010125328
1.416,-9.405480001558341e-6,-0.0001341572316546971
1.417,-8.367777575237496e-6,-0.00013242984352813072
1.418,-7.357393341114619e-6,-0.00013071847555109331
1.419,-6.373800973083742e-6,-0.00012902312274631496
1.42,-5.416482204741183e-6,-0.00012734377548610372
1.421,-4.484926743224569e-6,-0.00012568041964514128
1.422,-3.5786321830109135e-6,-0.00012403303674975413
1.423,-2.6971039197111196e-6,-0.00012240160412372493
1.424,-1.8398550638968246e-6,-0.00012078609503070967
1.425,-1.0064063549941227e-6,-0.00011918647881332295
1.426,-1.962860752773243e-7,-0.00011760272102895527
1.427,5.909700360053907e-7,-0.00011603478358238322
1.428,1.3558188683438626e-6,-0.000114482624855234
1.429,2.098710025486061e-6,-0.000112946199832364
1.43,2.8200859107382987e-6,-0.00011142546022521056
1.431,3.5203818120186096e-6,-0.00010992035459217526
1.432,4.200025986637493e-6,-0.00010843082845609586
1.433,4.859439745781325e-6,-0.00010695682441886354
1.434,5.49903753867482e-6,-0.00010549828227324098
1.435,6.119227036399959e-6,-0.00010405513911193603
1.436,6.7204092153498205e-6,-0.00010262732943398483
1.437,7.302978440296722e-6,-0.00010121478524849749
1.438,7.86732254705504e-6,-9.981743617581863e-5
1.439,8.41382292471999e-6,-9.843520954615406e-5
1.44,8.942854597464552e-6,-9.706803049571412e-5
1.441,9.454786305877593e-6,-9.571582206042387e-5
1.442,9.949980587827065e-6,-9.437850526724849e-5
1.443,1.0428793858833004e-5,-9.305599922318263e-5
1.444,1.0891576491935797e-5,-9.174822120195084e-5
1.445,1.1338672897046011e-5,-9.045508672846572e-5
1.446,1.1770421599762769e-5,-8.917650966108974e-5
1.447,1.2187155319648389e-5,-8.791240227174579e-5
1.448,1.2589201047947722e-5,-8.666267532392075e-5
1.449,1.2976880124741275e-5,-8.542723814860584e-5
1.45,1.3350508315521842e-5,-8.42059987182165e-5
1.451,1.3710395887185058e-5,-8.2998863718534e-5
1.452,1.4056847683424835e-5,-8.180573861871017e-5
1.453,1.439016319952525e-5,-8.062652773937612e-5
1.454,1.4710636656541075e-5,-7.946113431889484e-5
1.455,1.5018557074859606e-5,-7.830946057779694e-5
1.456,1.531420834713706e-5,-7.717140778143864e-5
1.457,1.5597869310603286e-5,-7.60468763009193e-5
1.458,1.586981381872903e-5,-7.493576567229645e-5
1.459,1.6130310812250526e-5,-7.383797465413461e-5
1.46,1.6379624389546584e-5,-7.27534012834241e-5
1.461,1.6618013876363823e-5,-7.168194292990512e-5
1.462,1.6845733894886206e-5,-7.06234963488318e-5
1.463,1.7063034432145282e-5,-6.957795773221073e-5
1.464,1.7270160907768127e-5,-6.854522275854679e-5
1.465,1.7467354241060273e-5,-6.752518664112992e-5
1.466,1.7654850917421283e-5,-6.651774417489471e-5
1.467,1.783288305409102e-5,-6.552278978188459e-5
1.468,1.8001678465225047e-5,-6.454021755535191e-5
1.469,1.8161460726297836e-5,-6.356992130252437e-5
1.47,1.831244923783285e-5,-6.26117945860678e-5
1.471,1.8454859288458927e-5,-6.16657307642749e-5
1.472,1.8588902117292535e-5,-6.073162303000855e-5
1.473,1.8714784975645944e-5,-5.980936444842844e-5
1.474,1.8832711188061538e-5,-5.889884799352856e-5
1.475,1.8942880212672704e-5,-5.7999966583512894e-5
1.476,1.9045487700892158e-5,-5.7112613115036366e-5
1.477,1.9140725556428645e-5,-5.6236680496337e-5
1.478,1.922878199363332e-5,-5.537206167928527e-5
1.479,1.9309841595177192e-5,-5.4518649690375915e-5
1.48,1.938408536906145e-5,-5.3676337660687e-5
1.481,1.945169080496244e-5,-5.2845018854830565e-5
1.482,1.95128319299135e-5,-5.2024586698918745e-5
1.483,1.9567679363325887e-5,-5.121493480756871e-5
1.484,1.961640037135127e-5,-5.0415957009969444e-5
1.485,1.9659158920588487e-5,-4.962754737503278e-5
1.486,1.969611573113734e-5,-4.8849600235650835e-5
1.487,1.9727428329002413e-5,-4.808201021208136e-5
1.488,1.9753251097850065e-5,-4.732467223448228e-5
1.489,1.977373533012186e-5,-4.657748156461616e-5
1.49,1.9789029277507844e-5,-4.584033381674497e-5
1.491,1.9799278200783212e-5,-4.511312497773509e-5
1.492,1.980462441901208e-5,-4.43957514263921e-5
1.493,1.9805207358122085e-5,-4.368810995204455e-5
1.494,1.980116359885377e-5,-4.299009777239541e-5
1.495,1.9792626924088732e-5,-4.230161255065967e-5
1.496,1.9779728365560677e-5,-4.1622552412006054e-5
1.497,1.9762596249953543e-5,-4.09528159593205e-5
1.498,1.9741356244391045e-5,-4.0292302288308723e-5
1.499,1.9716131401321985e-5,-3.964091100195477e-5
1.5,1.9687042202805774e-5,-3.899854222435207e-5
1.501,1.965420660420278e-5,-3.836509661392345e-5
1.502,1.9617740077274006e-5,-3.7740475376045685e-5
1.503,1.9577755652694876e-5,-3.712458027509443e-5
1.504,1.9534363961987755e-5,-3.651731364592467e-5
1.505,1.9487673278878116e-5,-3.59185784048015e-5
1.506,1.9437789560079078e-5,-3.5328278059796106e-5
1.507,1.938481648550931e-5,-3.474631672066093e-5
1.508,1.932885549794916e-5,-3.4172599108198304e-5
1.509,1.9270005842140065e-5,-3.360703056313599e-5
1.51,1.9208364603332185e-5,-3.304951705452323e-5
1.511,1.9144026745285367e-5,-3.24999651876603e-5
1.512,1.9077085147728495e-5,-3.195828221157446e-5
1.513,1.900763064328236e-5,-3.1424376026054786e-5
1.514,1.8935752053851134e-5,-3.089815518825827e-5
1.515,1.8861536226487693e-5,-3.037952891889906e-5
1.516,1.8785068068737862e-5,-2.986840710803277e-5
1.517,1.8706430583468844e-5,-2.9364700320447143e-5
1.518,1.8625704903187015e-5,-2.886831980067049e-5
1.519,1.8542970323850284e-5,-2.837917747760878e-5
1.52,1.8458304338180266e-5,-2.7897185968822218e-5
1.521,1.837178266847948e-5,-2.7422258584451665e-5
1.522,1.828347929895879e-5,-2.695430933080541e-5
1.523,1.8193466507580345e-5,-2.6493252913616084e-5
1.524,1.810181489742125e-5,-2.6039004740977717e-5
1.525,1.8008593427563136e-5,-2.5591480925972433e-5
1.526,1.7913869443512956e-5,-2.5150598288996187e-5
1.527,1.78177087071601e-5,-2.471627435979274e-5
1.528,1.7720175426275113e-5,-2.428842737920474e-5
1.529,1.7621332283555214e-5,-2.3866976300650755e-5
1.53,1.7521240465221723e-5,-2.3451840791336727e-5
1.531,1.7419959689174646e-5,-2.3042941233210242e-5
1.532,1.7317548232709505e-5,-2.264019872366574e-5
1.533,1.7214062959801592e-5,-2.2243535076008658e-5
1.534,1.7109559347962745e-5,-2.1852872819686243e-5
1.535,1.700409151467571e-5,-2.146813520029267e-5
1.536,1.689771224341122e-5,-2.1089246179355876e-5
1.537,1.6790473009232802e-5,-2.0716130433913297e-5
1.538,1.6682424003994333e-5,-2.0348713355883657e-5
1.539,1.657361416113538e-5,-1.9986921051241655e-5
1.54,1.646409118007927e-5,-1.9630680339002274e-5
1.541,1.635390155023886e-5,-1.9279918750021343e-5
1.542,1.6243090574634893e-5,-1.893456452561868e-5
1.543,1.6131702393131883e-5,-1.859454661603016e-5
1.544,1.6019780005296345e-5,-1.8259794678694752e-5
1.545,1.590736529288221e-5,-1.793023907638248e-5
1.546,1.579449904194827e-5,-1.7605810875169157e-5
1.547,1.568122096461233e-5,-1.7286441842263528e-5
1.548,1.5567569720446904e-5,-1.697206444369235e-5
1.549,1.5453582937521055e-5,-1.666261184184877e-5
1.55,1.533929723309315e-5,-1.6358017892909317e-5
1.551,1.5224748233959075e-5,-1.6058217144124565e-5
1.552,1.510997059646053e-5,-1.5763144830988475e-5
1.553,1.4994998026158005e-5,-1.547273687429129e-5
1.554,1.48798632971729e-5,-1.5186929877060722e-5
1.555,1.4764598271203333e-5,-1.490566112139602e-5
1.556,1.4649233916218026e-5,-1.462886856519946e-5
1.557,1.4533800324832742e-5,-1.435649083880961e-5
1.558,1.441832673237361e-5,-1.408846724154064e-5
1.559,1.4302841534631679e-5,-1.3824737738131845e-5
1.56,1.4187372305313001e-5,-1.3565242955111424e-5
1.561,1.4071945813188527e-5,-1.3309924177078452e-5
1.562,1.3956588038947978e-5,-1.3058723342906878e-5
1.563,1.3841324191761927e-5,-1.2811583041875298e-5
1.564,1.3726178725556216e-5,-1.256844650972612e-5
1.565,1.3611175355002787e-5,-1.2329257624657659e-5
1.566,1.349633707123102e-5,-1.209396090325261e-5
1.567,1.338168615726358e-5,-1.1862501496346236e-5
1.568,1.3267244203180759e-5,-1.1634825184837537e-5
1.569,1.3153032121017252e-5,-1.1410878375446537e-5
1.57,1.3039070159395285e-5,-1.1190608096420807e-5
1.571,1.2925377917897911e-5,-1.0973961993194173e-5
1.572,1.2811974361186362e-5,-1.0760888324000542e-5
1.573,1.269887783286517e-5,-1.0551335955445667e-5
1.574,1.2586106069098825e-5,-1.0345254358039582e-5
1.575,1.2473676211983703e-5,-1.0142593601692383e-5
1.576,1.2361604822678847e-5,-9.943304351175951e-6
1.577,1.2249907894299288e-5,-9.74733786155412e-6
1.578,1.2138600864575458e-5,-9.554645973583716e-6
1.579,1.2027698628282223e-5,-9.365181109088888e-6
1.58,1.1917215549441061e-5,-9.178896266310965e-6
1.581,1.1807165473298821e-5,-8.995745015236116e-6
1.582,1.1697561738086487e-5,-8.81568149290295e-6
1.583,1.158841718656134e-5,-8.638660398692186e-6
1.584,1.1479744177335848e-5,-8.46463698960038e-6
1.585,1.1371554595996565e-5,-8.29356707549973e-6
1.586,1.1263859866016347e-5,-8.125407014385846e-6
1.587,1.1156670959463062e-5,-7.960113707615316e-6
1.588,1.1049998407508002e-5,-7.797644595134929e-6
1.589,1.094385231073713e-5,-7.637957650704204e-6
1.59,1.0838242349268292e-5,-7.481011377112977e-6
1.591,1.0733177792677416e-5,-7.3267648013956444e-6
1.592,1.0628667509736782e-5,-7.1751774700436325e-6
1.593,1.052471997796832e-5,-7.026209444217629e-6
1.594,1.0421343293014896e-5,-6.879821294961044e-6
1.595,1.0318545177832525e-5,-6.735974098416128e-6
1.596,1.0216332991706356e-5,-6.594629431044111e-6
1.597,1.01147137390933e-5,-6.455749364850707e-6
1.598,1.0013694078294104e-5,-6.3192964626182585e-6
1.599,9.913280329957633e-6,-6.18523377314576e-6
1.6,9.813478485420094e-6,-6.053524826497957e-6
1.601,9.714294214881914e-6,-5.924133629264672e-6
1.602,9.61573287542492e-6,-5.797024659831479e-6
1.603,9.517799518872459e-6,-5.672162863662776e-6
1.604,9.420498899495041e-6,-5.549513648598314e-6
1.605,9.323835481564076e-6,-5.429042880164151e-6
1.606,9.227813446756224e-6,-5.310716876899012e-6
1.607,9.13243670141083e-6,-5.1945024056969465e-6
1.608,9.037708883642928e-6,-5.080366677167202e-6
1.609,8.943633370314223e-6,-4.968277341012127e-6
1.61,8.85021328386443e-6,-4.858202481423951e-6
1.611,8.757451499005342e-6,-4.7501106125012025e-6
1.612,8.665350649279946e-6,-4.643970673685525e-6
1.613,8.57391313348886e-6,-4.539752025219618e-6
1.614,8.483141121986382e-6,-4.437424443626975e-6
1.615,8.393036562848353e-6,-4.3369581172141e-6
1.616,8.303601187914028e-6,-4.23832364159581e-6
1.617,8.214836518704144e-6,-4.141492015244248e-6
1.618,8.126743872217284e-6,-4.046434635062174e-6
1.619,8.039324366606676e-6,-3.953123291981075e-6
1.62,7.952578926739461e-6,-3.861530166584636e-6
1.621,7.866508289640511e-6,-3.7716278247580514e-6
1.622,7.781113009822771e-6,-3.6833892133636625e-6
1.623,7.696393464506157e-6,-3.5967876559433688e-6
1.624,7.612349858726901e-6,-3.511796848448236e-6
1.625,7.528982230339338e-6,-3.4283908549957107e-6
1.626,7.446290454911973e-6,-3.346544103654819e-6
1.627,7.36427425051974e-6,-3.266231382259716e-6
1.628,7.282933182434266e-6,-3.1874278342519158e-6
1.629,7.202266667713973e-6,-3.1101089545515423e-6
1.63,7.122273979695796e-6,-3.0342505854578756e-6
1.631,7.042954252390271e-6,-2.9598289125794983e-6
1.632,6.9643064847817485e-6,-2.8868204607942926e-6
1.633,6.886329545035413e-6,-2.8152020902395366e-6
1.634,6.8090221746128086e-6,-2.74495099233233e-6
1.635,6.732382992297513e-6,-2.676044685820557e-6
1.636,6.656410498132611e-6,-2.6084610128645827e-6
1.637,6.58110307727154e-6,-2.542178135149865e-6
1.638,6.506459003743924e-6,-2.477174530030636e-6
1.639,6.432476444137928e-6,-2.4134289867048127e-6
1.64,6.359153461200666e-6,-2.3509206024202666e-6
1.641,6.286488017358187e-6,-2.2896287787125644e-6
1.642,6.21447797815651e-6,-2.2295332176743006e-6
1.643,6.143121115625167e-6,-2.1706139182561024e-6
1.644,6.072415111564704e-6,-2.112851172599393e-6
1.645,6.002357560759543e-6,-2.0562255624009804e-6
1.646,5.932945974117611e-6,-2.000717955309526e-6
1.647,5.864177781738095e-6,-1.9463095013539373e-6
1.648,5.796050335908677e-6,-1.8929816294037193e-6
1.649,5.7285609140335814e-6,-1.8407160436613056e-6
1.65,5.66170672149373e-6,-1.7894947201863776e-6
1.651,5.595484894440303e-6,-1.7392999034521786e-6
1.652,5.529892502522957e-6,-1.6901141029338088e-6
1.653,5.4649265515539556e-6,-1.6419200897284863e-6
1.654,5.400583986109431e-6,-1.594700893207745e-6
1.655,5.336861692068981e-6,-1.5484397977015344e-6
1.656,5.273756499094779e-6,-1.5031203392141749e-6
1.657,5.211265183051381e-6,-1.4587263021721163e-6
1.658,5.149384468367354e-6,-1.4152417162034382e-6
1.659,5.088111030339863e-6,-1.3726508529490231e-6
1.66,5.027441497383321e-6,-1.330938222905327e-6
1.661,4.967372453223202e-6,-1.2900885722986623e-6
1.662,4.90790043903607e-6,-1.2500868799909037e-6
1.663,4.849021955536895e-6,-1.2109183544165196e-6
1.664,4.790733465014685e-6,-1.1725684305508275e-6
1.665,4.733031393317449e-6,-1.1350227669093599e-6
1.666,4.6759121317875e-6,-1.0982672425782295e-6
1.667,4.619372039148079e-6,-1.0622879542753705e-6
1.668,4.563407443342271e-6,-1.0270712134425287e-6
1.669,4.508014643325156e-6,-9.92603543367871e-7
1.67,4.453189910810143e-6,-9.588716763390755e-7
1.671,4.398929491970397e-6,-9.258625508267622e-7
1.672,4.345229609096264e-6,-8.935633086981153e-7
1.673,4.292086462209589e-6,-8.619612924605513e-7
1.674,4.239496230635794e-6,-8.310440425352738e-7
1.675,4.187455074534567e-6,-8.007992945605574e-7
1.676,4.135959136390028e-6,-7.712149767246001e-7
1.677,4.085004542461169e-6,-7.42279207127775e-7
1.678,4.034587404193412e-6,-7.139802911741137e-7
1.679,3.984703819592064e-6,-6.863067189918473e-7
1.68,3.935349874558463e-6,-6.592471628828288e-7
1.681,3.886521644189587e-6,-6.327904748006587e-7
1.682,3.838215194041887e-6,-6.069256838573303e-7
1.683,3.7904265813600796e-6,-5.816419938582113e-7
1.684,3.7431518562716387e-6,-5.569287808651733e-7
1.685,3.6963870629477115e-6,-5.32775590787681e-7
1.686,3.6501282407311457e-6,-5.091721370016476e-7
1.687,3.6043714252323434e-6,-4.861082979958626e-7
1.688,3.559112649393606e-6,-4.635741150457987e-7
1.689,3.5143479445226492e-6,-4.415597899145949e-7
1.69,3.4700733412959412e-6,-4.200556825810209e-7
1.691,3.4262848707325095e-6,-3.9905230899421887e-7
1.692,3.382978565138849e-6,-3.785403388550208e-7
1.693,3.3401504590255594e-6,-3.5851059342363694e-7
1.694,3.2977965899963105e-6,-3.389540433535102e-7
1.695,3.255912999609748e-6,-3.1986180655112955e-7
1.696,3.214495734214923e-6,-3.0122514606159504e-7
1.697,3.1735408457608186e-6,-2.830354679797256e-7
1.698,3.1330443925805496e-6,-2.652843193864999e-7
1.699,3.0930024401507874e-6,-2.47963386310621e-7
1.7,3.0534110618269554e-6,-2.310644917149916e-7
1.701,3.0142663395547355e-6,-2.1457959350789087e-7
1.702,2.9755643645584084e-6,-1.9850078257863874e-7
1.703,2.937301238006548e-6,-1.8282028085753603e-7
1.704,2.899473071655575e-6,-1.675304393998671e-7
1.705,2.862075988471666e-6,-1.5262373649375215e-7
1.706,2.82510612323151e-6,-1.3809277579163521e-7
1.707,2.78855962310239e-6,-1.239302844651949e-7
1.708,2.7524326482020567e-6,-1.1012911138346373e-7
1.709,2.7167213721388645e-6,-9.668222531394284e-8
1.71,2.6814219825326073e-6,-8.35827131464983e-8
1.711,2.646530681516517e-6,-7.082377813982566e-8
1.712,2.612043686220842e-6,-5.8398738190269535e-8
1.713,2.577957229238447e-6,-4.6301024122785366e-8
1.714,2.544267559072844e-6,-3.452417800383049e-8
1.715,2.5109709405690725e-6,-2.3061851475972447e-8
1.716,2.478063655327823e-6,-1.1907804114002565e-8
1.717,2.44554200210321e-6,-1.0559018023434041e-9
1.718,2.4134022971845725e-6,9.499884866460725e-9
1.719,2.3816408747626914e-6,1.9765482172380545e-8
1.72,2.3502540872807844e-6,2.9746714827875557e-8
1.721,2.3192383057706586e-6,3.944930751741378e-8
1.722,2.2885899201743662e-6,4.8878886416745835e-8
1.723,2.258305339651723e-6,5.804098069214095e-8
1.724,2.228380992874029e-6,6.694102397979172e-8
1.725,2.198813328304335e-6,7.558435584559357e-8
1.726,2.1695988144645752e-6,8.397622322550416e-8
1.727,2.1407339401899048e-6,9.212178184668688e-8
1.728,2.1122152148705472e-6,1.0002609762964183e-7
1.729,2.0840391686814715e-6,1.0769414807152674e-7
1.73,2.0562023528002e-6,1.1513082361086897e-7
1.731,2.0287013396130495e-6,1.223409289738694e-7
1.732,2.001532722910095e-6,1.2932918450249717e-7
1.733,1.974693118069148e-6,1.3610022746457368e-7
1.734,1.948179162229027e-6,1.4265861334604311e-7
1.735,1.9219875144523984e-6,1.4900881712562569e-7
1.736,1.896114855878456e-6,1.5515523453204804e-7
1.737,1.8705578898657079e-6,1.6110218328404518e-7
1.738,1.8453133421251238e-6,1.668539043133262e-7
1.739,1.820377960843902e-6,1.724145629706953e-7
1.74,1.7957485168001035e-6,1.7778825021551801e-7
1.741,1.7714218034683953e-6,1.829789837887223e-7
1.742,1.7473946371171429e-6,1.8799070936952112e-7
1.743,1.7236638568970855e-6,1.92827301716044e-7
1.744,1.7002263249218228e-6,1.974925657900618e-7
1.745,1.6770789263403361e-6,2.019902378659892e-7
1.746,1.6542185694017658e-6,2.0632398662434708e-7
1.747,1.6316421855126563e-6,2.104974142298659e-7
1.748,1.6093467292868814e-6,2.1451405739441028e-7
1.749,1.587329178588456e-6,2.1837738842490317e-7
1.75,1.5655865345674324e-6,2.220908162564265e-7
1.751,1.544115821689082e-6,2.256576874706744e-7
1.752,1.5229140877565533e-6,2.2908128729993351e-7
1.753,1.5019784039271954e-6,2.3236484061676313e-7
1.754,1.4813058647227302e-6,2.3551151290954679e-7
1.755,1.4608935880334596e-6,2.3852441124408605e-7
1.756,1.4407387151166745e-6,2.414065852114048e-7
1.757,1.4208384105894505e-6,2.441610278619319e-7
1.758,1.4011898624159892e-6,2.4679067662622783e-7
1.759,1.3817902818896777e-6,2.492984142224206e-7
1.76,1.3626369036100243e-6,2.5168706955051324e-7
1.761,1.3437269854546292e-6,2.5395941857372574e-7
1.762,1.325057808546349e-6,2.561181851870309e-7
1.763,1.3066266772157997e-6,2.5816604207304333e-7
1.764,1.288430918959351e-6,2.6010561154541974e-7
1.765,1.2704678843927577e-6,2.619394663799252e-7
1.766,1.252734947200564e-6,2.6367013063332196e-7
1.767,1.2352295040814254e-6,2.6530008045023226e-7
1.768,1.21794897468948e-6,2.668317448581282e-7
1.769,1.2008908015719001e-6,2.6826750655059853e-7
1.77,1.1840524501027594e-6,2.6960970265904115e-7
1.771,1.1674314084133326e-6,2.7086062551293e-7
1.772,1.1510251873189618e-6,2.720225233888007e-7
1.773,1.134831320242598e-6,2.7309760124810125e-7
1.774,1.1188473631351491e-6,2.7408802146405056e-7
1.775,1.1030708943927355e-6,2.7499590453764615e-7
1.776,1.0874995147709763e-6,2.758233298029626e-7
1.777,1.0721308472964114e-6,2.765723361218791e-7
1.778,1.0569625371751664e-6,2.772449225683736e-7
1.779,1.0419922516989653e-6,2.7784304910252106e-7
1.78,1.027217680148595e-6,2.7836863723432923e-7
1.781,1.0126365336949189e-6,2.7882357067754667e-7
1.782,9.982465452975375e-7,2.792096959935743e-7
1.783,9.840454696011928e-7,2.795288232256119e-7
1.784,9.700310828300075e-7,2.79782726523169e-7
1.785,9.562011826796492e-7,2.7997314475706736e-7
1.786,9.4255358820751e-7,2.801017821250628e-7
1.787,9.290861397209851e-7,2.801703087482114e-7
1.788,9.157966986639368e-7,2.8018036125810354e-7
1.789,9.026831475014244e-7,2.801335433750892e-7
1.79,8.897433896027805e-7,2.800314264776158e-7
1.791,8.769753491231122e-7,2.798755501627978e-7
1.792,8.643769708833013e-7,2.7966742279833796e-7
1.793,8.51946220248581e-7,2.794085220659166e-7
1.794,8.396810830057577e-7,2.791002954961662e-7
1.795,8.275795652391513e-7,2.787441609953443e-7
1.796,8.15639693205321e-7,2.7834150736382067e-7
1.797,8.038595132066435e-7,2.778936948064888e-7
1.798,7.922370914638106e-7,2.774020554352139e-7
1.799,7.80770513987307e-7,2.768678937634272e-7
1.8,7.694578864479323e-7,2.762924871929742e-7
1.801,7.582973340464266e-7,2.7567708649332523e-7
1.802,7.472870013822576e-7,2.7502291627325354e-7
1.803,7.364250523216291e-7,2.7433117544508577e-7
1.804,7.257096698647621e-7,2.73603037681629e-7
1.805,7.15139056012507e-7,2.7283965186587583e-7
1.806,7.047114316323366e-7,2.7204214253359e-7
1.807,6.944250363237724e-7,2.712116103088705e-7
1.808,6.842781282832935e-7,2.703491323327956e-7
1.809,6.742689841687774e-7,2.6945576268524194e-7
1.81,6.643958989635189e-7,2.6853253279997684e-7
1.811,6.546571858398733e-7,2.675804518731185e-7
1.812,6.450511760225678e-7,2.666005072650584e-7
1.813,6.355762186517269e-7,2.6559366489593887e-7
1.814,6.262306806456494e-7,2.645608696347778e-7
1.815,6.170129465633831e-7,2.635030456823314e-7
1.816,6.079214184671317e-7,2.624210969477849e-7
1.817,5.98954515784537e-7,2.6131590741935917e-7
1.818,5.901106751708708e-7,2.6018834152892143e-7
1.819,5.81388350371174e-7,2.5903924451068625e-7
1.82,5.72786012082378e-7,2.578694427540922e-7
1.821,5.643021478154424e-7,2.566797441509388e-7
1.822,5.559352617575429e-7,2.554709384368662e-7
1.823,5.476838746343399e-7,2.542437975272612e-7
1.824,5.39546523572361e-7,2.5299907584766953e-7
1.825,5.315217619615263e-7,2.5173751065879504e-7
1.826,5.236081593178459e-7,2.5045982237616566e-7
1.827,5.158043011463187e-7,2.4916671488454305e-7
1.828,5.081087888040587e-7,2.478588758471542e-7
1.829,5.005202393636765e-7,2.4653697700982074e-7
1.83,4.930372854769413e-7,2.452016745000611e-7
1.831,4.85658575238748e-7,2.438536091212399e-7
1.832,4.783827720514143e-7,2.424934066418387e-7
1.833,4.7120855448932886e-7,2.411216780799185e-7
1.834,4.641346161639769e-7,2.397390199828476e-7
1.835,4.5715966558936066e-7,2.3834601470236436e-7
1.836,4.502824260478382e-7,2.3694323066504413e-7
1.837,4.435016354564003e-7,2.3553122263823965e-7
1.838,4.3681604623340487e-7,2.3411053199156262e-7
1.839,4.3022442516578707e-7,2.3268168695397315e-7
1.84,4.2372555327676427e-7,2.3124520286654326e-7
1.841,4.173182256940527e-7,2.298015824309595e-7
1.842,4.1100125151861254e-7,2.2835131595382917e-7
1.843,4.0477345369393785e-7,2.2689488158685337e-7
1.844,3.9863366887590706e-7,2.254327455629297e-7
1.845,3.925807473032084e-7,2.2396536242824628e-7
1.846,3.8661355266835507e-7,2.2249317527042782e-7
1.847,3.807309619893039e-7,2.2101661594279453e-7
1.848,3.7493186548169046e-7,2.1953610528479233e-7
1.849,3.6921516643169363e-7,2.180520533386536e-7
1.85,3.6357978106954133e-7,2.1656485956234586e-7
1.851,3.580246384436695e-7,2.1507491303886535e-7
1.852,3.5254868029554514e-7,2.1358259268193192e-7
1.853,3.4715086093516406e-7,2.1208826743814026e-7
1.854,3.418301471172332e-7,2.1059229648562262e-7
1.855,3.365855179180481e-7,2.0909502942927652e-7
1.856,3.3141596461307314e-7,2.075968064926108e-7
1.857,3.263204905552352e-7,2.0609795870626256e-7
1.858,3.2129811105393686e-7,2.045988080932367e-7
1.859,3.1634785325479947e-7,2.0309966785091865e-7
1.86,3.114687560201411e-7,2.0160084252991134e-7
1.861,3.066598698101981e-7,2.001026282097454e-7
1.862,3.019202565650967e-7,1.986053126715119e-7
1.863,2.9724898958757996e-7,1.9710917556746564e-7
1.864,2.9264515342649693e-7,1.9561448858764654e-7
1.865,2.881078437610595e-7,1.9412151562356648e-7
1.866,2.8363616728587143e-7,1.926305129290071e-7
1.867,2.7922924159673523e-7,1.9114172927797485e-7
1.868,2.748861950772405e-7,1.8965540611985787e-7
1.869,2.7060616678613914e-7,1.8817177773182899e-7
1.87,2.663883063455096e-7,1.8669107136853888e-7
1.871,2.622317738297153e-7,1.852135074091421e-7
1.872,2.5813573965515993e-7,1.8373929950169862e-7
1.873,2.540993844708416e-7,1.8226865470499266e-7
1.874,2.5012189904971017e-7,1.8080177362781034e-7
1.875,2.46202484180829e-7,1.7933885056571623e-7
1.876,2.423403505623437e-7,1.7788007363536974e-7
1.877,2.38534718695259e-7,1.7642562490641997e-7
1.878,2.3478481877802697e-7,1.7497568053101866e-7
1.879,2.3108989060194596e-7,1.7353041087098942e-7
1.88,2.2744918344737275e-7,1.7208998062269067e-7
1.881,2.2386195598074823e-7,1.7065454893961038e-7
1.882,2.203274761524375e-7,1.6922426955272863e-7
1.883,2.168450210953844e-7,1.6779929088868442e-7
1.884,2.1341387702458144e-7,1.6637975618578283e-7
1.885,2.1003333913735425e-7,1.6496580360787687e-7
1.886,2.0670271151446108e-7,1.6355756635615952e-7
1.887,2.0342130702200653e-7,1.6215517277889955e-7
1.888,2.0018844721416932e-7,1.6075874647915491e-7
1.889,1.9700346223674279e-7,1.59368406420497e-7
1.89,1.938656907314879e-7,1.5798426703077828e-7
1.891,1.90774479741297e-7,1.566064383039753e-7
1.892,1.8772918461616756e-7,1.5523502590013938e-7
1.893,1.8472916891998394e-7,1.538701312434855e-7
1.894,1.8177380433810638e-7,1.525118516186507e-7
1.895,1.7886247058576456e-7,1.511602802651518e-7
1.896,1.7599455531725464e-7,1.4981550647007298e-7
1.897,1.731694540359372e-7,1.4847761565901196e-7
1.898,1.703865700050342e-7,1.4714668948531406e-7
1.899,1.6764531415922286e-7,1.4582280591762295e-7
1.9,1.6494510501702328e-7,1.4450603932577546e-7
1.901,1.6228536859397848e-7,1.43196460565069e-7
1.902,1.596655383166229e-7,1.418941370589284e-7
1.903,1.5708505493723758e-7,1.4059913287999884e-7
1.904,1.545433664493888e-7,1.393115088296919e-7
1.905,1.5203992800424682e-7,1.380313225162104e-7
1.906,1.4957420182768243e-7,1.3675862843107769e-7
1.907,1.471456571381374e-7,1.3549347802419676e-7
1.908,1.4475377006526597e-7,1.3423591977746423e-7
1.909,1.4239802356934384e-7,1.3298599927696325e-7
1.91,1.400779073614414e-7,1.317437592837599e-7
1.911,1.3779291782435717e-7,1.305092398033268e-7
1.912,1.355425579343087e-7,1.29282478153617e-7
1.913,1.3332633718337627e-7,1.2806350903181159e-7
1.914,1.3114377150269626e-7,1.268523645797634e-7
1.915,1.289943831864003e-7,1.2564907444815951e-7
1.916,1.268777008162959e-7,1.2445366585942397e-7
1.917,1.2479325918728503e-7,1.2326616366938313e-7
1.918,1.2274059923351653e-7,1.2208659042771423e-7
1.919,1.207192679552679e-7,1.2091496643719863e-7
1.92,1.1872881834655291e-7,1.1975130981180027e-7
1.921,1.167688093234504e-7,1.1859563653358949e-7
1.922,1.148388056531501e-7,1.1744796050853268e-7
1.923,1.1293837788371141e-7,1.1630829362116688e-7
1.924,1.110671022745304e-7,1.151766457881793e-7
1.925,1.092245607275111e-7,1.1405302501091045e-7
1.926,1.0741034071893622e-7,1.1293743742679998e-7
1.927,1.0562403523203323e-7,1.1182988735979337e-7
1.928,1.0386524269023102e-7,1.1073037736972809e-7
1.929,1.0213356689110265e-7,1.0963890830071694e-7
1.93,1.0042861694098991e-7,1.0855547932854609e-7
1.931,9.875000719030458e-8,1.0748008800710556e-7
1.932,9.709735716950237e-8,1.0641273031386873e-7
1.933,9.54702915257243e-8,1.0535340069443821e-7
1.934,9.386843996010142e-8,1.0430209210617417e-7
1.935,9.229143716571768e-8,1.0325879606092172e-7
1.936,9.07389227662266e-8,1.0222350266685327e-7
1.937,8.921054125511681e-8,1.0119620066944157e-7
1.938,8.770594193562189e-8,1.0017687749157896e-7
1.939,8.622477886126945e-8,9.916551927285831e-8
1.94,8.476671077706506e-8,9.816211090803038e-8
1.941,8.333140106130596e-8,9.716663608465244e-8
1.942,8.191851766801988e-8,9.617907731994292e-8
1.943,8.052773307002418e-8,9.519941599685616e-8
1.944,7.915872420260033e-8,9.422763239939142e-8
1.945,7.781117240777925e-8,9.326370574714989e-8
1.946,7.648476337923232e-8,9.230761422915366e-8
1.947,7.517918710776347e-8,9.135933503693957e-8
1.948,7.389413782739747e-8,9.041884439694152e-8
1.949,7.262931396205959e-8,8.948611760217405e-8
1.95,7.138441807284178e-8,8.856112904322993e-8
1.951,7.015915680585059e-8,8.764385223860433e-8
1.952,6.895324084063193e-8,8.673425986435797e-8
1.953,6.776638483916808e-8,8.583232378313137e-8
1.954,6.65983073954418e-8,8.493801507252197e-8
1.955,6.5448730985563e-8,8.405130405283628e-8
1.956,6.431738191845308e-8,8.317216031422811e-8
1.957,6.32039902870822e-8,8.230055274323456e-8
1.958,6.210828992025452e-8,8.143644954872094e-8
1.959,6.103001833493701e-8,8.057981828724547e-8
1.96,5.996891668912662e-8,7.973062588785458e-8
1.961,5.892472973525144e-8,7.888883867631959e-8
1.962,5.7897205774100924e-8,7.80544223988251e-8
1.963,5.6886096609280435e-8,7.722734224511927e-8
1.964,5.589115750218556e-8,7.640756287113641e-8
1.965,5.491214712749138e-8,7.559504842110141e-8
1.966,5.394882752915202e-8,7.478976254912616e-8
1.967,5.30009640769059e-8,7.399166844030724e-8
1.968,5.206832542328195e-8,7.320072883133457e-8
1.969,5.1150683461102245e-8,7.24169060306202e-8
1.97,5.024781328147638e-8,7.164016193795632e-8
1.971,4.9359493132283075e-8,7.087045806371156e-8
1.972,4.848550437713435e-8,7.010775554757441e-8
1.973,4.7625631454817806e-8,6.935201517685225e-8
1.974,4.6779661839212445e-8,6.860319740433484e-8
1.975,4.5947385999673474e-8,6.786126236573027e-8
1.976,4.5128597361881725e-8,6.712616989668195e-8
1.977,4.432309226915309e-8,6.639787954937453e-8
1.978,4.353066994420364e-8,6.56763506087367e-8
1.979,4.275113245136591e-8,6.496154210824897e-8
1.98,4.1984284659252074e-8,6.425341284536363e-8
1.981,4.1229934203859474e-8,6.355192139654495e-8
1.982,4.048789145211433e-8,6.285702613193674e-8
1.983,3.975796946584917e-8,6.216868522966466e-8
1.984,3.903998396620973e-8,6.148685668978044e-8
1.985,3.8333753298487054e-8,6.081149834785508e-8
1.986,3.763909839737053e-8,6.014256788822796e-8
1.987,3.6955842752617665e-8,5.948002285691865e-8
1.988,3.6283812375136316e-8,5.882382067420805e-8
1.989,3.562283576347532e-8,5.81739186468956e-8
1.99,3.4972743870719276e-8,5.753027398023883e-8
1.991,3.4333370071783375e-8,5.6892843789581725e-8
1.992,3.37045501311043e-8,5.6261585111678066e-8
1.993,3.30861221707229e-8,5.563645491571592e-8
1.994,3.247792663875483e-8,5.501741011404926e-8
1.995,3.187980627824497e-8,5.440440757264266e-8
1.996,3.129160609640177e-8,5.379740412123485e-8
1.997,3.071317333420742e-8,5.3196356563226845e-8
1.998,3.014435743640006e-8,5.260122168530025e-8
1.999,2.958501002182403e-8,5.2011956266771255e-8
2.0,2.903498485414428e-8,5.142851708868571e-8
2.001,2.849413781292119e-8,5.085086094266063e-8
2.002,2.796232686504183e-8,5.027894463947728e-8
2.003,2.7439412036504024e-8,4.971272501743105e-8
2.004,2.6925255384549318e-8,4.9152158950443083e-8
2.005,2.6419720970141236e-8,4.8597203355938633e-8
2.006,2.592267483078502e-8,4.8047815202497e-8
2.007,2.543398495368522e-8,4.7503951517277814e-8
2.008,2.4953521249237508e-8,4.696556939322834e-8
2.009,2.4481155524851024e-8,4.64326259960764e-8
2.01,2.401676145909775e-8,4.590507857111346e-8
2.011,2.356021457618526e-8,4.538288444977225e-8
2.012,2.3111392220749383e-8,4.4866001056003353e-8
2.013,2.2670173532963218e-8,4.435438591245495e-8
2.014,2.223643942395907e-8,4.384799664645997e-8
2.015,2.181007255155981e-8,4.3346790995834776e-8
2.016,2.139095729631626e-8,4.285072681449339e-8
2.017,2.0978979737847252e-8,4.2359762077881226e-8
2.018,2.057402763147889e-8,4.18738548882323e-8
2.019,2.0175990385179797e-8,4.1392963479653625e-8
2.02,1.9784759036788974e-8,4.091704622304069e-8
2.021,1.9400226231532983e-8,4.044606163082757e-8
2.022,1.902228619982927e-8,3.997996836157537e-8
2.023,1.8650834735372312e-8,3.951872522440255e-8
2.024,1.8285769173499487e-8,3.9062291183260594e-8
2.025,1.792698836983343e-8,3.86106253610584e-8
2.026,1.7574392679197784e-8,3.816368704363891e-8
2.027,1.7227883934803192e-8,3.772143568361106e-8
2.028,1.6887365427700507e-8,3.728383090404043e-8
2.029,1.6552741886498094e-8,3.685083250200174e-8
2.03,1.6223919457340274e-8,3.642240045199628e-8
2.031,1.5900805684143848e-8,3.599849490923729e-8
2.032,1.558330948908975e-8,3.557907621280646e-8
2.033,1.5271341153366923e-8,3.516410488868424e-8
2.034,1.4964812298165416e-8,3.475354165265705e-8
2.035,1.4663635865915917e-8,3.4347347413104114e-8
2.036,1.4367726101772779e-8,3.394548327366677e-8
2.037,1.4076998535337734e-8,3.354791053580287e-8
2.038,1.3791369962621493e-8,3.3154590701229066e-8
2.039,1.3510758428240436e-8,3.2765485474253524e-8
2.04,1.3235083207845648e-8,3.238055676400168e-8
2.041,1.2964264790781565e-8,3.19997666865375e-8
2.042,1.269822486297153e-8,3.162307756688282e-8
2.043,1.2436886290027586e-8,3.1250451940937065e-8
2.044,1.2180173100581855e-8,3.088185255729984e-8
2.045,1.1928010469836867e-8,3.051724237899865e-8
2.046,1.1680324703332268e-8,3.0156584585124096e-8
2.047,1.1437043220925306e-8,2.97998425723747e-8
2.048,1.1198094540982568e-8,2.94469799565137e-8
2.049,1.0963408264780424e-8,2.909796057373981e-8
2.05,1.0732915061111717e-8,2.8752748481974183e-8
2.051,1.0506546651096188e-8,2.8411307962065597e-8
2.052,1.0284235793192216e-8,2.8073603518915918e-8
2.053,1.0065916268407448e-8,2.7739599882527777e-8
2.054,9.851522865705909e-9,2.7409262008976516e-8
2.055,9.640991367609226e-9,2.7082555081308204e-8
2.056,9.43425853598963e-9,2.6759444510365687e-8
2.057,9.23126209805239e-9,2.6439895935544476e-8
2.058,9.0319407325054e-9,2.6123875225480246e-8
2.059,8.836234055913617e-9,2.581134847866979e-8
2.06,8.64408260923613e-9,2.5502282024027065e-8
2.061,8.455427844543604e-9,2.5196642421376116e-8
2.062,8.270212111913898e-9,2.4894396461882452e-8
2.063,8.08837864650368e-9,2.45955111684246e-8
2.064,7.909871555793893e-9,2.4299953795907333e-8
2.065,7.734635807006892e-9,2.400769183151821e-8
2.066,7.562617214693183e-9,2.371869299492892e-8
2.067,7.393762428485649e-9,2.343292523844295e-8
2.068,7.228018921019202e-9,2.3150356747091037e-8
2.069,7.065334976013798e-9,2.2870955938675833e-8
2.07,6.905659676518815e-9,2.259469146376722e-8
2.071,6.7489428933167675e-9,2.232153220564964e-8
2.072,6.595135273484387e-9,2.205144728022277e-8
2.073,6.4441882291091054e-9,2.1784406035856915e-8
2.074,6.296053926159004e-9,2.152037805320438e-8
2.075,6.150685273504301e-9,2.12593331449681e-8
2.076,6.008035912088499e-9,2.1001241355628746e-8
2.077,5.868060204247291e-9,2.07460729611316e-8
2.078,5.7307132231733935e-9,2.0493798468534293e-8
2.079,5.595950742525452e-9,2.024438861561663e-8
2.08,5.463729226179222e-9,1.999781437045365e-8
2.081,5.334005818119213e-9,1.975404693095299e-8
2.082,5.206738332469028e-9,1.9513057724357687e-8
2.083,5.081885243658653e-9,1.927481840671551e-8
2.084,4.959405676726943e-9,1.9039300862315766e-8
2.085,4.8392593977576e-9,1.8806477203094747e-8
2.086,4.721406804446945e-9,1.857631976801071e-8
2.087,4.605808916801807e-9,1.8348801122389406e-8
2.088,4.492427367965859e-9,1.8123894057241147e-8
2.089,4.38122439517278e-9,1.7901571588550314e-8
2.09,4.272162830824608e-9,1.768180695653821e-8
2.091,4.1652060936936825e-9,1.746457362490023e-8
2.092,4.060318180246596e-9,1.7249845280018123e-8
2.093,3.957463656088589e-9,1.7037595830148302e-8
2.094,3.85660764752683e-9,1.682779940458698e-8
2.095,3.7577158332510625e-9,1.662043035281297e-8
2.096,3.6607544361300977e-9,1.6415463243608956e-8
2.097,3.565690215122658e-9,1.6212872864162038e-8
2.098,3.4724904573010944e-9,1.601263421914427e-8
2.099,3.38112296998652e-9,1.5814722529773988e-8
2.1,3.2915560729939048e-9,1.5619113232858634e-8
2.101,3.203758590985715e-9,1.542578197981982e-8
2.102,3.1176998459326814e-9,1.523470463570128e-8
2.103,3.0333496496803004e-9,1.504585727816047e-8
2.104,2.950678296619694e-9,1.4859216196444412e-8
2.105,2.869656556461464e-9,1.4674757890350471e-8
2.106,2.7902556671111943e-9,1.4492459069172713e-8
2.107,2.7124473276452744e-9,1.4312296650634423e-8
2.108,2.636203691385723e-9,1.4134247759807457e-8
2.109,2.561497359072724e-9,1.3958289728018946e-8
2.11,2.4883013721335795e-9,1.3784400091746001e-8
2.111,2.4165892060468176e-9,1.3612556591498941e-8
2.112,2.3463347638002073e-9,1.344273717069361e-8
2.113,2.277512369441429e-9,1.327491997451334e-8
2.114,2.2100967617201888e-9,1.3109083348761047e-8
2.115,2.144063087820567e-9,1.2945205838702018e-8
2.116,2.079386897182397e-9,1.2783266187897864e-8
2.117,2.0160441354105094e-9,1.2623243337032131e-8
2.118,1.9540111382706636e-9,1.2465116422728061e-8
2.119,1.89326462577102e-9,1.2308864776358943e-8
2.12,1.8337816963280172e-9,1.2154467922851537e-8
2.121,1.7755398210155295e-9,1.2001905579483e-8
2.122,1.718516837896189e-9,1.1851157654671735e-8
2.123,1.6626909464337854e-9,1.170220424676261e-8
2.124,1.6080407019856522e-9,1.1555025642806929e-8
2.125,1.5545450103739728e-9,1.1409602317337581e-8
2.126,1.5021831225349489e-9,1.1265914931139738e-8
2.127,1.4509346292447883e-9,1.1123944330017489e-8
2.128,1.4007794559214767e-9,1.0983671543556785e-8
2.129,1.3516978575013216e-9,1.084507778388504e-8
2.13,1.3036704133892562e-9,1.070814444442776e-8
2.131,1.2566780224819127e-9,1.0572853098662524e-8
2.132,1.2107018982624837e-9,1.0439185498870663e-8
2.133,1.1657235639664002e-9,1.030712357488694e-8
2.134,1.1217248478168725e-9,1.0176649432847583e-8
2.135,1.0786878783293462e-9,1.004774535393694e-8
2.136,1.0365950796839385e-9,9.92039379313307e-9
2.137,9.954291671649379e-10,9.794577377952568e-9
2.138,9.551731426664505e-10,9.6702789071949e-9
2.139,9.158102902632984e-10,9.547481349686512e-9
2.14,8.773241718462813e-10,9.426167843024984e-9
2.141,8.396986228209221e-10,9.306321692323528e-9
2.142,8.029177478688349e-10,9.187926368955998e-9
2.143,7.66965916770857e-10,9.070965509302746e-9
2.144,7.318277602911032e-10,8.955422913497504e-9
2.145,6.97488166121107e-10,8.841282544175543e-9
2.146,6.639322748832277e-10,8.728528525223334e-9
2.147,6.311454761925096e-10,8.617145140529926e-9
2.148,5.991134047761909e-10,8.507116832740251e-9
2.149,5.678219366500716e-10,8.398428202010558e-9
2.15,5.372571853509574e-10,8.291064004766188e-9
2.151,5.074054982244069e-10,8.185009152461864e-9
2.152,4.78253452767022e-10,8.080248710344691e-9
2.153,4.497878530225267e-10,7.976767896220059e-9
2.154,4.2199572603089263e-10,7.874552079220598e-9
2.155,3.948643183297781e-10,7.773586778578378e-9
2.156,3.683810925075558e-10,7.673857662400508e-9
2.157,3.425337238072154e-10,7.575350546448285e-9
2.158,3.1731009678043453e-10,7.478051392920077e-9
2.159,2.9269830199112285e-10,7.381946309238043e-9
2.16,2.686866327677508e-10,7.287021546838868e-9
2.161,2.4526358200378446e-10,7.193263499968648e-9
2.162,2.2241783900555774e-10,7.100658704482042e-9
2.163,2.001382863869191e-10,7.009193836645837e-9
2.164,1.7841399701000163e-10,6.918855711947041e-9
2.165,1.572342309714713e-10,6.829631283905628e-9
2.166,1.3658843263361837e-10,6.741507642892053e-9
2.167,1.1646622769966386e-10,6.654472014949646e-9
2.168,9.685742033266204e-11,6.568511760621991e-9
2.169,7.775199031738746e-11,6.483614373785394e-9
2.17,5.914009026460342e-11,6.3997674804865485e-9
2.171,4.101204285711643e-11,6.3169588377854744e-9
2.172,2.335833813702872e-11,6.235176332603848e-9
2.173,6.169630833609372e-12,6.154407980578787e-9
2.174,-1.0563262268788627e-11,6.074641924922187e-9
2.175,-2.6849364923330055e-11,5.995866435285699e-9
2.176,-4.269754397437525e-11,5.918069906631399e-9
2.177,-5.811651187278407e-11,5.841240858108253e-9
2.178,-7.311482915338878e-11,5.7653679319344355e-9
2.179,-8.770090687517151e-11,5.690439892285558e-9
2.18,-1.0188300902467478e-10,5.616445624188897e-9
2.181,-1.1566925488316675e-10,5.543374132423663e-9
2.182,-1.290676213580756e-10,5.471214540427375e-9
2.183,-1.4208594527920112e-10,5.399956089208394e-9
2.184,-1.5473192566020437e-10,5.32958813626468e-9
2.185,-1.6701312592586994e-10,5.2601001545088045e-9
2.186,-1.789369761056285e-10,5.1914817311992746e-9
2.187,-1.9051077499382115e-10,5.12372256687822e-9
2.188,-2.0174169227718022e-10,5.056812474315472e-9
2.189,-2.1263677062999532e-10,4.990741377459078e-9
2.19,-2.2320292777742666e-10,4.925499310392298e-9
2.191,-2.3344695852742206e-10,4.8610764162971075e-9
2.192,-2.4337553677168744e-10,4.797462946424236e-9
2.193,-2.529952174561545e-10,4.734649259069783e-9
2.194,-2.6231243852138427e-10,4.672625818558438e-9
2.195,-2.713335228133376e-10,4.611383194233311e-9
2.196,-2.8006467996493987e-10,4.5509120594524276e-9
2.197,-2.8851200824886007e-10,4.491203190591884e-9
2.198,-2.9668149640191857e-10,4.432247466055695e-9
2.199,-3.0457902542153346e-10,4.37403586529235e-9
2.2,-3.122103703346094e-10,4.3165594678180925e-9
2.201,-3.195812019392661e-10,4.259809452246931e-9
2.202,-3.2669708851980055e-10,4.203777095327411e-9
2.203,-3.3356349753526985e-10,4.148453770986126e-9
2.204,-3.4018579728207656e-10,4.093830949378025e-9
2.205,-3.465692585309347e-10,4.039900195943462e-9
2.206,-3.52719056138587e-10,3.986653170472055e-9
2.207,-3.586402706346415e-10,3.9340816261733075e-9
2.208,-3.6433788978388817e-10,3.882177408754029e-9
2.209,-3.6981681012445385e-10,3.830932455502538e-9
2.21,-3.7508183848214543e-10,3.780338794379652e-9
2.211,-3.8013769346133127e-10,3.7303885431164585e-9
2.212,-3.849890069127004e-10,3.681073908318871e-9
2.213,-3.8964032537823967e-10,3.6323871845789637e-9
2.214,-3.9409611151376053e-10,3.584320753593067e-9
2.215,-3.98360745489304e-10,3.5368670832866353e-9
2.216,-4.0243852636774904e-10,3.490018726945863e-9
2.217,-4.0633367346194235e-10,3.4437683223560494e-9
2.218,-4.1005032767066577e-10,3.3981085909466967e-9
2.219,-4.135925527937518e-10,3.3530323369433265e-9
2.22,-4.169643368266534e-10,3.3085324465260117e-9
2.221,-4.2016959323477105e-10,3.2646018869945997e-9
2.222,-4.232121622078343e-10,3.221233705940616e-9
2.223,-4.260958118946328e-10,3.1784210304258343e-9
2.224,-4.288242396183853e-10,3.1361570661674928e-9
2.225,-4.3140107307303407e-10,3.0944350967301393e-9
2.226,-4.338298715007452e-10,3.0532484827240905e-9
2.227,-4.3611412685089363e-10,3.0125906610104787e-9
2.228,-4.382572649208067e-10,2.972455143912874e-9
2.229,-4.4026264647853647e-10,2.932835518435451e-9
2.23,-4.421335683679273e-10,2.8937254454876924e-9
2.231,-4.4387326459624157e-10,2.8551186591155865e-9
2.232,-4.454849074046024e-10,2.8170089657393185e-9
2.233,-4.469716083215094e-10,2.7793902433974108e-9
2.234,-4.483364191996784e-10,2.742256440997301e-9
2.235,-4.495823332364547e-10,2.7056015775723277e-9
2.236,-4.5071228597804366e-10,2.6694197415450966e-9
2.237,-4.517291563078006e-10,2.633705089997203e-9
2.238,-4.5263576741881813e-10,2.598451847945282e-9
2.239,-4.534348877710455e-10,2.563654307623359e-9
2.24,-4.5412923203317075e-10,2.5293068277714732e-9
2.241,-4.547214620094952e-10,2.495403832930542e-9
2.242,-4.5521418755202373e-10,2.4619398127434426e-9
2.243,-4.556099674579933e-10,2.4289093212622767e-9
2.244,-4.559113103530582e-10,2.3963069762617873e-9
2.245,-4.5612067556034764e-10,2.364127458558902e-9
2.246,-4.5624047395560793e-10,2.332365511338367e-9
2.247,-4.5627306880863864e-10,2.3010159394844432e-9
2.248,-4.562207766112295e-10,2.2700736089186296e-9
2.249,-4.5608586789180125e-10,2.2395334459433862e-9
2.25,-4.5587056801695127e-10,2.209390436591818e-9
2.251,-4.5557705798010185e-10,2.1796396259832965e-9
2.252,-4.552074751774457e-10,2.1502761176849723e-9
2.253,-4.547639141713812e-10,2.1212950730791586e-9
2.254,-4.542484274416268e-10,2.092691710736542e-9
2.255,-4.5366302612420126e-10,2.064461305795194e-9
2.256,-4.5300968073845375e-10,2.0365991893453433e-9
2.257,-4.5229032190232503e-10,2.0091007478198777e-9
2.258,-4.515068410360193e-10,1.9819614223905377e-9
2.259,-4.50661091054262e-10,1.9551767083697737e-9
2.26,-4.4975488704731794e-10,1.928742154618221e-9
2.261,-4.487900069509411e-10,1.902653362957768e-9
2.262,-4.47768192205424e-10,1.876905987590176e-9
2.263,-4.466911484039141e-10,1.8514957345212159e-9
2.264,-4.4556054593016083e-10,1.826418360990286e-9
2.265,-4.4437802058585397e-10,1.801669674905478e-9
2.266,-4.431451742077142e-10,1.7772455342840494e-9
2.267,-4.418635752744915e-10,1.753141846698273e-9
2.268,-4.4053475950402673e-10,1.7293545687266203e-9
2.269,-4.3916023044052863e-10,1.7058797054102482e-9
2.27,-4.3774146003221653e-10,1.6827133097147498e-9
2.271,-4.362798891994769e-10,1.6598514819971325e-9
2.272,-4.347769283936795e-10,1.637290369477988e-9
2.273,-4.3323395814679725e-10,1.6150261657188182e-9
2.274,-4.3165232961197127e-10,1.5930551101044775e-9
2.275,-4.300333650951606e-10,1.5713734873306983e-9
2.276,-4.283783585780147e-10,1.549977626896661e-9
2.277,-4.2668857623210435e-10,1.5288639026025712e-9
2.278,-4.2496525692464346e-10,1.5080287320522102e-9
2.279,-4.2320961271583537e-10,1.4874685761604182e-9
2.28,-4.214228293479716e-10,1.4671799386654769e-9
2.281,-4.1960606672641244e-10,1.4471593656463527e-9
2.282,-4.177604593925739e-10,1.427403445044765e-9
2.283,-4.158871169890467e-10,1.4079088061920416e-9
2.284,-4.13987124716968e-10,1.3886721193407262e-9
2.285,-4.1206154378576837e-10,1.3696900952009004e-9
2.286,-4.1011141185541065e-10,1.350959484481184e-9
2.287,-4.0813774347123946e-10,1.3324770774343758e-9
2.288,-4.061415304915556e-10,1.3142397034077024e-9
2.289,-4.041237425080295e-10,1.2962442303976322e-9
2.29,-4.0208532725906547e-10,1.278487564609226e-9
2.291,-4.0002721103622693e-10,1.260966650019981e-9
2.292,-3.979502990838315e-10,1.2436784679481367e-9
2.293,-3.9585547599182277e-10,1.2266200366254048e-9
2.294,-3.937436060820245e-10,1.209788410774087e-9
2.295,-3.9161553378788096e-10,1.193180681188546e-9
2.296,-3.8947208402778566e-10,1.176793974320993e-9
2.297,-3.873140625720996e-10,1.1606254518715569e-9
2.298,-3.8514225640395844e-10,1.1446723103825978e-9
2.299,-3.8295743407396607e-10,1.1289317808372325e-9
2.3,-3.807603460488713e-10,1.1134011282620337e-9
2.301,-3.785517250543228e-10,1.0980776513338698e-9
2.302,-3.763322864117954e-10,1.0829586819908493e-9
2.303,-3.7410272836978055e-10,1.068041585047335e-9
2.304,-3.718637324293312e-10,1.053323757812994e-9
2.305,-3.6961596366405076e-10,1.038802629715847e-9
2.306,-3.6736007103461457e-10,1.024475661929285e-9
2.307,-3.6509668769791003e-10,1.0103403470030175e-9
2.308,-3.6282643131088155e-10,9.963942084979176e-10
2.309,-3.6054990432916423e-10,9.826348006247317e-10
2.31,-3.5826769430058903e-10,9.690597078866182e-10
2.311,-3.5598037415364163e-10,9.55666544725482e-10
2.312,-3.536885024809553e-10,9.424529551720726e-10
2.313,-3.5139262381791664e-10,9.294166124998098e-10
2.314,-3.490932689164629e-10,9.165552188823061e-10
2.315,-3.467909550141475e-10,9.038665050545518e-10
2.316,-3.444861860985496e-10,8.913482299777299e-10
2.317,-3.42179453167102e-10,8.789981805076279e-10
2.318,-3.398712344824113e-10,8.668141710666144e-10
2.319,-3.3756199582314285e-10,8.547940433191483e-10
2.32,-3.352521907305407e-10,8.429356658507871e-10
2.321,-3.329422607506544e-10,8.312369338506646e-10
2.322,-3.3063263567234003e-10,8.196957687974033e-10
2.323,-3.2832373376110544e-10,8.083101181484328e-10
2.324,-3.2601596198886466e-10,7.970779550326801e-10
2.325,-3.237097162596696e-10,7.859972779466023e-10
2.326,-3.214053816314824e-10,7.7506611045353e-10
2.327,-3.1910333253405376e-10,7.642825008862905e-10
2.328,-3.168039329829694e-10,7.536445220530796e-10
2.329,-3.145075367899271e-10,7.431502709465528e-10
2.33,-3.1221448776930616e-10,7.32797868456104e-10
2.331,-3.099251199410879e-10,7.225854590833023e-10
2.332,-3.076397577301884e-10,7.125112106604578e-10
2.333,-3.053587161622605e-10,7.025733140722841e-10
2.334,-3.030823010560233e-10,6.927699829806316e-10
2.335,-3.0081080921217567e-10,6.830994535522583e-10
2.336,-2.9854452859894904e-10,6.735599841896119e-10
2.337,-2.9628373853435543e-10,6.641498552645938e-10
2.338,-2.9402870986518374e-10,6.548673688552732e-10
2.339,-2.917797051427981e-10,6.45710848485528e-10
2.34,-2.8953697879579036e-10,6.366786388675789e-10
2.341,-2.8730077729953943e-10,6.277691056473924e-10
2.342,-2.850713393427261e-10,6.189806351529218e-10
2.343,-2.828488959908558e-10,6.103116341451606e-10
2.344,-2.8063367084683717e-10,6.017605295719799e-10
2.345,-2.784258802086647e-10,5.933257683247216e-10
2.346,-2.7622573322425494e-10,5.850058169975213e-10
2.347,-2.7403343204348085e-10,5.76799161649334e-10
2.348,-2.7184917196745283e-10,5.687043075686344e-10
2.349,-2.696731415950904e-10,5.607197790407671e-10
2.35,-2.675055229670304e-10,5.528441191179186e-10
2.351,-2.6534649170691526e-10,5.450758893916858e-10
2.352,-2.631962171601054e-10,5.374136697682156e-10
2.353,-2.610548625298579e-10,5.298560582458873e-10
2.354,-2.589225850110141e-10,5.22401670695516e-10
2.355,-2.567995359212376e-10,5.150491406430478e-10
2.356,-2.54685860829843e-10,5.077971190547245e-10
2.357,-2.5258169968425626e-10,5.006442741246908e-10
2.358,-2.5048718693414597e-10,4.935892910650198e-10
2.359,-2.48402451653264e-10,4.866308718981341e-10
2.36,-2.46327617659035e-10,4.797677352515935e-10
2.361,-2.442628036299312e-10,4.729986161552306e-10
2.362,-2.4220812322067087e-10,4.663222658406055e-10
2.363,-2.4016368517527606e-10,4.5973745154275943e-10
2.364,-2.381295934380261e-10,4.532429563042411e-10
2.365,-2.361059472623424e-10,4.468375787813835e-10
2.366,-2.340928413176389e-10,4.4052013305280777e-10
2.367,-2.3209036579417318e-10,4.3428944843013107e-10
2.368,-2.300986065059315e-10,4.281443692708554e-10
2.369,-2.2811764499158115e-10,4.220837547934148e-10
2.37,-2.2614755861352308e-10,4.1610647889435824e-10
2.371,-2.2418842065507658e-10,4.102114299676468e-10
2.372,-2.2224030041582834e-10,4.043975107260414e-10
2.373,-2.203032633051763e-10,3.986636380245608e-10
2.374,-2.1837737093409975e-10,3.930087426859869e-10
2.375,-2.164626812051855e-10,3.874317693283971e-10
2.376,-2.1455924840093986e-10,3.8193167619470054e-10
2.377,-2.1266712327041586e-10,3.7650743498415895e-10
2.378,-2.107863531141845e-10,3.7115803068586994e-10
2.379,-2.0891698186767805e-10,3.658824614141923e-10
2.38,-2.0705905018293406e-10,3.6067973824609247e-10
2.381,-2.052125955087665e-10,3.555488850603923e-10
2.382,-2.03377652169392e-10,3.5048893837889695e-10
2.383,-2.0155425144153701e-10,3.4549894720938386e-10
2.384,-1.997424216300528e-10,3.4057797289043203e-10
2.385,-1.979421881420631e-10,3.3572508893807254e-10
2.386,-1.961535735596708e-10,3.3093938089424007e-10
2.387,-1.943765977112476e-10,3.2621994617700687e-10
2.388,-1.926112777413318e-10,3.215658939325795e-10
2.389,-1.9085762817915825e-10,3.169763448890391e-10
2.39,-1.891156610058438e-10,3.1245043121180713e-10
2.391,-1.873853857202523e-10,3.0798729636081714e-10
2.392,-1.8566680940356136e-10,3.0358609494937444e-10
2.393,-1.839599367825542e-10,2.9924599260468515e-10
2.394,-1.8226477029165827e-10,2.94966165830037e-10
2.395,-1.8058131013375296e-10,2.907458018686132e-10
2.396,-1.7890955433976748e-10,2.865840985689216e-10
2.397,-1.7724949882709065e-10,2.824802642518226e-10
2.398,-1.7560113745681297e-10,2.784335175791363e-10
2.399,-1.7396446208982172e-10,2.74443087423814e-10
2.4,-1.7233946264176907e-10,2.705082127416546e-10
2.401,-1.7072612713693343e-10,2.6662814244455045e-10
2.402,-1.69124441760993e-10,2.6280213527524545e-10
2.403,-1.6753439091273138e-10,2.5902945968358797e-10
2.404,-1.6595595725469338e-10,2.5530939370426346e-10
2.405,-1.6438912176281034e-10,2.51641224835989e-10
2.406,-1.628338637750128e-10,2.480242499221547e-10
2.407,-1.6129016103884857e-10,2.44457775032895e-10
2.408,-1.597579897581241e-10,2.4094111534857484e-10
2.409,-1.582373246385862e-10,2.3747359504467416e-10
2.41,-1.5672813893266148e-10,2.3405454717805585e-10
2.411,-1.552304044832704e-10,2.3068331357460144e-10
2.412,-1.5374409176673213e-10,2.2735924471819872e-10
2.413,-1.5226916993477705e-10,2.240816996410674e-10
2.414,-1.5080560685568216e-10,2.2085004581540656e-10
2.415,-1.4935336915454606e-10,2.1766365904634988e-10
2.416,-1.4791242225271823e-10,2.1452192336621364e-10
2.417,-1.4648273040639816e-10,2.11424230930023e-10
2.418,-1.4506425674441942e-10,2.0836998191230213e-10
2.419,-1.436569633052333e-10,2.0535858440511415e-10
2.42,-1.422608110731062e-10,2.0238945431733654e-10
2.421,-1.408757600135457e-10,1.9946201527515797e-10
2.422,-1.395017691079688e-10,1.9657569852378327e-10
2.423,-1.381387963876263e-10,1.9372994283033206e-10
2.424,-1.3678679896679663e-10,1.9092419438791824e-10
2.425,-1.3544573307526312e-10,1.881579067208964e-10
2.426,-1.3411555409008687e-10,1.8543054059126216e-10
2.427,-1.3279621656668912e-10,1.8274156390619323e-10
2.428,-1.314876742692548e-10,1.8009045162671807e-10
2.429,-1.3018988020047058e-10,1.774766856774995e-10
2.43,-1.289027866306092e-10,1.7489975485772036e-10
2.431,-1.2762634512597217e-10,1.7235915475305864e-10
2.432,-1.263605065767027e-10,1.6985438764873952e-10
2.433,-1.25105221223981e-10,1.6738496244365225e-10
2.434,-1.2386043868661223e-10,1.6495039456551923e-10
2.435,-1.2262610798701988e-10,1.6255020588710564e-10
2.436,-1.2140217757665425e-10,1.6018392464345708e-10
2.437,-1.20188595360828e-10,1.5785108535015414e-10
2.438,-1.1898530872298858e-10,1.5555122872257138e-10
2.439,-1.1779226454843895e-10,1.5328390159612964e-10
2.44,-1.1660940924751603e-10,1.5104865684752996e-10
2.441,-1.1543668877823781e-10,1.48845053316958e-10
2.442,-1.1427404866842863e-10,1.4667265573124724e-10
2.443,-1.1312143403733263e-10,1.4453103462799036e-10
2.444,-1.1197878961672511e-10,1.4241976628058746e-10
2.445,-1.1084605977153106e-10,1.403384326242205e-10
2.446,-1.0972318851996045e-10,1.3828662118274266e-10
2.447,-1.0861011955316928e-10,1.3626392499647268e-10
2.448,-1.0750679625445548e-10,1.3426994255088308e-10
2.449,-1.0641316171799848e-10,1.32304277706172e-10
2.45,-1.0532915876715119e-10,1.303665396277084e-10
2.451,-1.0425472997229302e-10,1.2845634271734024e-10
2.452,-1.0318981766825219e-10,1.2657330654555575e-10
2.453,-1.0213436397130569e-10,1.2471705578448757e-10
2.454,-1.0108831079576511e-10,1.2288722014175006e-10
2.455,-1.0005159987015619e-10,1.2108343429509977e-10
2.456,-9.902417275299997e-11,1.193053378279096e-10
2.457,-9.800597084820331e-11,1.175525751654471e-10
2.458,-9.69969354200663e-11,1.1582479551194701e-10
2.459,-9.599700760791409e-11,1.1412165278846936e-10
2.46,-9.500612844036032e-11,1.1244280557153324e-10
2.461,-9.402423884920958e-11,1.1078791703251743e-10
2.462,-9.305127968300566e-11,1.091566548778186e-10
2.463,-9.208719172023284e-11,1.0754869128975834e-10
2.464,-9.113191568217683e-11,1.0596370286822992e-10
2.465,-9.018539224545216e-11,1.0440137057307622e-10
2.466,-8.924756205420268e-11,1.0286137966718989e-10
2.467,-8.831836573198137e-11,1.013434196603274e-10
2.468,-8.739774389331626e-11,9.984718425362835e-11
2.469,-8.64856371549683e-11,9.83723712848317e-11
2.47,-8.55819861468875e-11,9.691868267418061e-11
2.471,-8.468673152287342e-11,9.548582437100753e-11
2.472,-8.37998139709458e-11,9.407350630099171e-11
2.473,-8.292117422343136e-11,9.268144231408088e-11
2.474,-8.205075306677216e-11,9.130935013306912e-11
2.475,-8.118849135106151e-11,8.995695130282322e-11
2.476,-8.033432999931268e-11,8.862397114014971e-11
2.477,-7.948821001646596e-11,8.731013868429479e-11
2.478,-7.865007249813936e-11,8.60151866480696e-11
2.479,-7.781985863912817e-11,8.473885136959349e-11
2.48,-7.699750974165855e-11,8.34808727646475e-11
2.481,-7.618296722340015e-11,8.224099427963105e-11
2.482,-7.537617262524277e-11,8.101896284511445e-11
2.483,-7.457706761884188e-11,7.98145288299799e-11
2.484,-7.378559401393783e-11,7.862744599614417e-11
2.485,-7.300169376545335e-11,7.74574714538556e-11
2.486,-7.222530898037414e-11,7.63043656175589e-11
2.487,-7.145638192441678e-11,7.516789216232032e-11
2.488,-7.069485502848877e-11,7.404781798080704e-11
2.489,-6.994067089494474e-11,7.294391314081348e-11
2.49,-6.919377230364332e-11,7.185595084332831e-11
2.491,-6.845410221780879e-11,7.078370738113542e-11
2.492,-6.772160378970168e-11,6.972696209794235e-11
2.493,-6.699622036610235e-11,6.868549734802986e-11
2.494,-6.627789549361163e-11,6.765909845641624e-11
2.495,-6.556657292377222e-11,6.664755367953001e-11
2.496,-6.486219661801496e-11,6.565065416638508e-11
2.497,-6.416471075243352e-11,6.466819392025189e-11
2.498,-6.347405972239136e-11,6.369996976081877e-11
2.499,-6.27901881469645e-11,6.274578128683731e-11
2.5,-6.211304087322369e-11,6.180543083924608e-11
2.501,-6.144256298035957e-11,6.087872346476648e-11
2.502,-6.077869978365412e-11,5.99654668799654e-11
2.503,-6.012139683830184e-11,5.906547143577851e-11
2.504,-5.947059994308399e-11,5.8178550082488806e-11
2.505,-5.882625514389915e-11,5.730451833515488e-11
2.506,-5.818830873715323e-11,5.644319423948312e-11
2.507,-5.755670727301206e-11,5.559439833813858e-11
2.508,-5.693139755851977e-11,5.475795363748914e-11
2.509,-5.6312326660585793e-11,5.393368557477751e-11
2.51,-5.569944190884356e-11,5.3121421985715845e-11
2.511,-5.509269089838378e-11,5.232099307249786e-11
2.512,-5.449202149236512e-11,5.1532231372223105e-11
2.513,-5.3897381824505126e-11,5.075497172572851e-11
2.514,-5.3308720301454057e-11,4.998905124682204e-11
2.515,-5.2725985605054485e-11,4.92343092919135e-11
2.516,-5.2149126694489057e-11,4.849058743003766e-11
2.517,-5.157809280831925e-11,4.7757729413264726e-11
2.518,-5.101283346641751e-11,4.70355811474935e-11
2.519,-5.045329847179535e-11,4.632399066362226e-11
2.52,-4.989943791232979e-11,4.562280808909299e-11
2.521,-4.935120216239063e-11,4.493188561980399e-11
2.522,-4.880854188437076e-11,4.4251077492386566e-11
2.523,-4.8271408030122044e-11,4.3580239956841066e-11
2.524,-4.7739751842298805e-11,4.291923124952794e-11
2.525,-4.7213524855611285e-11,4.226791156650931e-11
2.526,-4.669267889799122e-11,4.1626143037236736e-11
2.527,-4.617716609167167e-11,4.099378969858083e-11
2.528,-4.566693885418316e-11,4.037071746919846e-11
2.529,-4.5161949899268256e-11,3.975679412423334e-11
2.53,-4.4662152237716566e-11,3.915188927034584e-11
2.531,-4.416749917812211e-11,3.8555874321067864e-11
2.532,-4.367794432756503e-11,3.7968622472478844e-11
2.533,-4.3193441592219556e-11,3.73900086791986e-11
2.534,-4.2713945177890053e-11,3.68199096306934e-11
2.535,-4.2239409590476995e-11,3.6258203727891024e-11
2.536,-4.176978963637467e-11,3.5704771060101145e-11
2.537,-4.1305040422802317e-11,3.5159493382237036e-11
2.538,-4.084511735807054e-11,3.462225409233499e-11
2.539,-4.03899761517845e-11,3.409293820936755e-11
2.54,-3.993957281498573e-11,3.3571432351346975e-11
2.541,-3.949386366023407e-11,3.305762471371524e-11
2.542,-3.905280530163132e-11,3.255140504801689e-11
2.543,-3.861635465478826e-11,3.2052664640851363e-11
2.544,-3.818446893673647e-11,3.15612962931011e-11
2.545,-3.7757105665786434e-11,3.1077194299431976e-11
2.546,-3.7334222661333494e-11,3.060025442806275e-11
2.547,-3.6915778043613007e-11,3.0130373900799945e-11
2.548,-3.6501730233406135e-11,2.9667451373334956e-11
2.549,-3.609203795169762e-11,2.9211386915799975e-11
2.55,-3.5686660219286956e-11,2.8762081993579536e-11
2.551,-3.528555635635426e-11,2.831943944837435e-11
2.552,-3.488868598198205e-11,2.7883363479514324e-11
2.553,-3.4496009013634334e-11,2.7453759625517532e-11
2.554,-3.410748566659418e-11,2.7030534745892078e-11
2.555,-3.3723076453360994e-11,2.6613597003177732e-11
2.556,-3.3342742183008674e-11,2.6202855845224285e-11
2.557,-3.296644396050588e-11,2.5798221987703655e-11
2.558,-3.259414318599948e-11,2.5399607396852717e-11
2.559,-3.2225801554062345e-11,2.5006925272443995e-11
2.56,-3.186138105290661e-11,2.4620090030981224e-11
2.561,-3.150084396356334e-11,2.423901728911699e-11
2.562,-3.114415285902986e-11,2.3863623847289602e-11
2.563,-3.0791270603385625e-11,2.3493827673576356e-11
2.564,-3.0442160350877666e-11,2.3129547887760482e-11
2.565,-3.009678554497662e-11,2.277070474560904e-11
2.566,-2.975510991740433e-11,2.2417219623359027e-11
2.567,-2.941709748713392e-11,2.2069015002409084e-11
2.568,-2.9082712559363224e-11,2.1726014454214127e-11
2.569,-2.8751919724462636e-11,2.1388142625380367e-11
2.57,-2.8424683856898077e-11,2.1055325222958077e-11
2.571,-2.8100970114130047e-11,2.0727488999929625e-11
2.572,-2.7780743935489612e-11,2.0404561740890254e-11
2.573,-2.7463971041032113e-11,2.0086472247919143e-11
2.574,-2.7150617430369425e-11,1.9773150326638275e-11
2.575,-2.684064938148158e-11,1.946452677245677e-11
2.576,-2.653403344950848e-11,1.91605333569982e-11
2.577,-2.623073646552254e-11,1.886110281470864e-11
2.578,-2.5930725535282885e-11,1.8566168829643047e-11
2.579,-2.5633968037971942e-11,1.8275666022427696e-11
2.58,-2.534043162491507e-11,1.7989529937396465e-11
2.581,-2.5050084218283946e-11,1.77076970298986e-11
2.582,-2.4762894009784355e-11,1.7430104653775894e-11
2.583,-2.4478829459329098e-11,1.7156691049006995e-11
2.584,-2.419785929369661e-11,1.6887395329516714e-11
2.585,-2.391995250517595e-11,1.662215747114822e-11
2.586,-2.36450783501988e-11,1.6360918299795996e-11
2.587,-2.3373206347959016e-11,1.610361947969749e-11
2.588,-2.3104306279020393e-11,1.5850203501881403e-11
2.589,-2.283834818391316e-11,1.5600613672770576e-11
2.59,-2.2575302361719823e-11,1.5354794102937508e-11
2.591,-2.231513936865084e-11,1.511268969601048e-11
2.592,-2.2057830016610747e-11,1.487424613772839e-11
2.593,-2.1803345371755175e-11,1.46394098851423e-11
2.594,-2.155165675303934e-11,1.440812815596187e-11
2.595,-2.130273573075846e-11,1.4180348918044726e-11
2.596,-2.1056554125080618e-11,1.3956020879026958e-11
2.597,-2.081308400457251e-11,1.3735093476092888e-11
2.598,-2.0572297684718586e-11,1.3517516865882302e-11
2.599,-2.0334167726434025e-11,1.330324191453336e-11
2.6,-2.009866693457195e-11,1.309222018785941e-11
2.601,-1.9865768356425374e-11,1.2884403941657981e-11
2.602,-1.963544528022425e-11,1.2679746112150217e-11
2.603,-1.9407671233628062e-11,1.2478200306549047e-11
2.604,-1.9182419982214356e-11,1.2279720793754432e-11
2.605,-1.8959665527963586e-11,1.2084262495174009e-11
2.606,-1.873938210774067e-11,1.1891780975667517e-11
2.607,-1.8521544191773622e-11,1.1702232434613362e-11
2.608,-1.8306126482129628e-11,1.1515573697095754e-11
2.609,-1.809310391118892e-11,1.133176220521081e-11
2.61,-1.7882451640116758e-11,1.1150756009490098e-11
2.611,-1.767414505733391e-11,1.0972513760440044e-11
2.612,-1.7468159776985935e-11,1.079699470019574e-11
2.613,-1.7264471637411534e-11,1.0624158654287595e-11
2.614,-1.7063056699610373e-11,1.0453966023519395e-11
2.615,-1.6863891245710616e-11,1.028637777595629e-11
2.616,-1.6666951777436452e-11,1.0121355439021265e-11
2.617,-1.6472215014575958e-11,9.958861091698684e-12
2.618,-1.6279657893449515e-11,9.798857356843484e-12
2.619,-1.6089257565379096e-11,9.641307393594648e-12
2.62,-1.5900991395158636e-11,9.486174889891567e-12
2.621,-1.5714836959525798e-11,9.333424055091963e-12
2.622,-1.553077204563533e-11,9.183019612690001e-12
2.623,-1.534877464953431e-11,9.034926793133316e-12
2.624,-1.5168822974639428e-11,8.889111326737609e-12
2.625,-1.4990895430216647e-11,8.74553943669755e-12
2.626,-1.4814970629863354e-11,8.604177832192723e-12
2.627,-1.4641027389993298e-11,8.464993701587335e-12
2.628,-1.4469044728324455e-11,8.32795470572248e-12
2.629,-1.42990018623701e-11,8.193028971299709e-12
2.63,-1.4130878207933197e-11,8.060185084354733e-12
2.631,-1.3964653377604367e-11,7.929392083820024e-12
2.632,-1.3800307179263582e-11,7.800619455175183e-12
2.633,-1.3637819614585765e-11,7.673837124183886e-12
2.634,-1.3477170877550494e-11,7.549015450716272e-12
2.635,-1.3318341352955947e-11,7.426125222655633e-12
2.636,-1.3161311614937267e-11,7.30513764988831e-12
2.637,-1.3006062425489505e-11,7.186024358375676e-12
2.638,-1.285257473299529e-11,7.068757384307101e-12
2.639,-1.2700829670757373e-11,6.953309168332875e-12
2.64,-1.2550808555536188e-11,6.8396525498759735e-12
2.641,-1.2402492886092567e-11,6.727760761521658e-12
2.642,-1.2255864341735739e-11,6.617607423483847e-12
2.643,-1.2110904780876762e-11,6.50916653814727e-12
2.644,-1.1967596239587472e-11,6.402412484684365e-12
2.645,-1.1825920930165109e-11,6.297320013745946e-12
2.646,-1.1685861239702714e-11,6.193864242224656e-12
2.647,-1.154739972866541e-11,6.092020648090227e-12
2.648,-1.1410519129472683e-11,5.991765065295599e-12
2.649,-1.127520234508675e-11,5.893073678752956e-12
2.65,-1.1141432447607139e-11,5.795923019378737e-12
2.651,-1.100919267687154e-11,5.700289959206712e-12
2.652,-1.0878466439063064e-11,5.606151706568206e-12
2.653,-1.0749237305323948e-11,5.513485801338587e-12
2.654,-1.062148901037584e-11,5.4222701102491185e-12
2.655,-1.0495205451146699e-11,5.332482822263313e-12
2.656,-1.0370370685404428e-11,5.244102444016923e-12
2.657,-1.0246968930397285e-11,5.157107795320713e-12
2.658,-1.0124984561501151e-11,5.071478004725183e-12
2.659,-1.0004402110873739e-11,4.987192505146404e-12
2.66,-9.88520626611578e-12,4.904231029552149e-12
2.661,-9.767381868939274e-12,4.8225736067075205e-12
2.662,-9.650913913842843e-12,4.742200556979266e-12
2.663,-9.535787546794263e-12,4.663092488198005e-12
2.664,-9.421988063920208e-12,4.585230291577574e-12
2.665,-9.309500910203266e-12,4.50859513769075e-12
2.666,-9.198311678186282e-12,4.433168472500567e-12
2.667,-9.088406106684053e-12,4.358932013446497e-12
2.668,-8.979770079502433e-12,4.285867745584755e-12
2.669,-8.87238962416489e-12,4.213957917781996e-12
2.67,-8.766250910646528e-12,4.143185038961686e-12
2.671,-8.661340250115647e-12,4.07353187440245e-12
2.672,-8.557644093682837e-12,4.004981442087678e-12
2.673,-8.455149031157658e-12,3.937517009105715e-12
2.674,-8.353841789812928e-12,3.871122088099947e-12
2.675,-8.253709233156647e-12,3.8057804337681135e-12
2.676,-8.154738359711566e-12,3.741476039410174e-12
2.677,-8.056916301802458e-12,3.6781931335240884e-12
2.678,-7.960230324351061e-12,3.6159161764488537e-12
2.679,-7.864667823678756e-12,3.5546298570541584e-12
2.68,-7.770216326316974e-12,3.494319089476036e-12
2.681,-7.67686348782534e-12,3.434969009897883e-12
2.682,-7.58459709161758e-12,3.3765649733762363e-12
2.683,-7.493405047795209e-12,3.3190925507107045e-12
2.684,-7.403275391988968e-12,3.2625375253574504e-12
2.685,-7.314196284208068e-12,3.2068858903856413e-12
2.686,-7.226156007697216e-12,3.152123845476282e-12
2.687,-7.13914296780143e-12,3.098237793962859e-12
2.688,-7.053145690838654e-12,3.045214339913225e-12
2.689,-6.96815282298016e-12,2.99304028525217e-12
2.69,-6.884153129138755e-12,2.941702626924124e-12
2.691,-6.80113549186477e-12,2.891188554095447e-12
2.692,-6.719088910249843e-12,2.841485445395769e-12
2.693,-6.638002498838486e-12,2.7925808661978527e-12
2.694,-6.557865486547422e-12,2.7444625659354516e-12
2.695,-6.478667215592697e-12,2.697118475458648e-12
2.696,-6.40039714042455e-12,2.6505367044261645e-12
2.697,-6.323044826670035e-12,2.6047055387341425e-12
2.698,-6.246599950083377e-12,2.5596134379808934e-12
2.699,-6.1710522955040574e-12,2.515249032967131e-12
2.7,-6.096391755822616e-12,2.4716011232312067e-12
2.701,-6.022608330954143e-12,2.4286586746188635e-12
2.702,-5.949692126819455e-12,2.3864108168870455e-12
2.703,-5.8776333543339456e-12,2.344846841341292e-12
2.704,-5.8064223284040735e-12,2.303956198506267e-12
2.705,-5.736049466931483e-12,2.263728495828958e-12
2.706,-5.666505289824738e-12,2.224153495414116e-12
2.707,-5.5977804180186395e-12,2.1852211117914807e-12
2.708,-5.529865572501119e-12,2.146921409714366e-12
2.709,-5.4627515733476696e-12,2.109244601989173e-12
2.71,-5.396429338763306e-12,2.0721810473354093e-12
2.711,-5.330889884132022e-12,2.035721248275799e-12
2.712,-5.26612432107372e-12,1.9998558490560665e-12
2.713,-5.202123856508595e-12,1.9645756335939934e-12
2.714,-5.13887979172894e-12,1.929871523457344e-12
2.715,-5.076383521478347e-12,1.895734575870268e-12
2.716,-5.014626533038281e-12,1.8621559817477847e-12
2.717,-4.953600405321991e-12,1.8291270637579662e-12
2.718,-4.893296807975736e-12,1.7966392744114443e-12
2.719,-4.833707500487301e-12,1.764684194177856e-12
2.72,-4.7748243313017565e-12,1.7332535296288687e-12
2.721,-4.7166392369444504e-12,1.7023391116074118e-12
2.722,-4.659144241151188e-12,1.6719328934227606e-12
2.723,-4.602331454005578e-12,1.6420269490711128e-12
2.724,-4.546193071083506e-12,1.61261347148131e-12
2.725,-4.490721372604702e-12,1.5836847707853572e-12
2.726,-4.4359087225913824e-12,1.5552332726133995e-12
2.727,-4.381747568033916e-12,1.5272515164128188e-12
2.728,-4.3282304380634856e-12,1.499732153791119e-12
2.729,-4.275349943131725e-12,1.4726679468822723e-12
2.73,-4.223098774197274e-12,1.446051766736202e-12
2.731,-4.171469701919235e-12,1.4198765917310842e-12
2.732,-4.120455575857484e-12,1.3941355060081524e-12
2.733,-4.070049323679812e-12,1.3688216979286971e-12
2.734,-4.020243950375853e-12,1.34392845855295e-12
2.735,-3.971032537477757e-12,1.3194491801405548e-12
2.736,-3.922408242287592e-12,1.2953773546723238e-12
2.737,-3.874364297111414e-12,1.2717065723929859e-12
2.738,-3.826894008499987e-12,1.2484305203746397e-12
2.739,-3.7799907564961e-12,1.22554298110062e-12
2.74,-3.733647993888462e-12,1.2030378310694976e-12
2.741,-3.687859245472122e-12,1.1809090394189376e-12
2.742,-3.6426181073153775e-12,1.159150666569133e-12
2.743,-3.5979182460331434e-12,1.1377568628855514e-12
2.744,-3.553753398066736e-12,1.116721867360719e-12
2.745,-3.5101173689700336e-12,1.0960400063147865e-12
2.746,-3.4670040327019756e-12,1.0757056921146078e-12
2.747,-3.424407330925363e-12,1.055713421911082e-12
2.748,-3.3823212723119227e-12,1.0360577763945002e-12
2.749,-3.3407399318535918e-12,1.0167334185676513e-12
2.75,-3.2996574501799863e-12,9.977350925364351e-13
2.751,-3.259068032882016e-12,9.790576223177454e-13
2.752,-3.2189659498416022e-12,9.606959106643784e-13
2.753,-3.1793455345674654e-12,9.42644937906731e-13
2.754,-3.1402011835369346e-12,9.248997608110584e-13
2.755,-3.1015273555437476e-12,9.074555114540548e-13
2.756,-3.063318571051799e-12,8.903073961135358e-13
2.757,-3.0255694115547927e-12,8.734506941749941e-13
2.758,-2.9882745189417667e-12,8.568807570538106e-13
2.759,-2.9514285948684454e-12,8.405930071328998e-13
2.76,-2.9150264001343808e-12,8.245829367155768e-13
2.761,-2.8790627540658427e-12,8.088461069934317e-13
2.762,-2.8435325339044203e-12,7.933781470290038e-13
2.763,-2.808430674201292e-12,7.781747527530471e-13
2.764,-2.7737521662171283e-12,7.63231685976186e-13
2.765,-2.7394920573275815e-12,7.485447734147565e-13
2.766,-2.705645450434332e-12,7.341099057306391e-13
2.767,-2.6722075033816405e-12,7.199230365848836e-13
2.768,-2.639173428378376e-12,7.059801817049369e-13
2.769,-2.606538491425475e-12,6.922774179652795e-13
2.77,-2.5742980117487945e-12,6.788108824812867e-13
2.771,-2.542447361237316e-12,6.655767717161272e-13
2.772,-2.510981963886669e-12,6.525713406005169e-13
2.773,-2.479897295247923e-12,6.397909016651484e-13
2.774,-2.4491888818816198e-12,6.27231824185618e-13
2.775,-2.418852300817002e-12,6.14890533339675e-13
2.776,-2.3888831790163957e-12,6.027635093766214e-13
2.777,-2.359277192844717e-12,5.908472867986895e-13
2.778,-2.330030067544053e-12,5.791384535542315e-13
2.779,-2.301137576713287e-12,5.676336502425542e-13
2.78,-2.272595541792727e-12,5.563295693302349e-13
2.781,-2.244399831553692e-12,5.452229543787575e-13
2.782,-2.2165463615930326e-12,5.343105992833107e-13
2.783,-2.189031093832528e-12,5.235893475225894e-13
2.784,-2.161850036023142e-12,5.130560914194459e-13
2.785,-2.134999241254082e-12,5.027077714122373e-13
2.786,-2.108474807466635e-12,4.925413753367201e-13
2.787,-2.082272876972735e-12,4.825539377183413e-13
2.788,-2.056389635978232e-12,4.727425390747813e-13
2.789,-2.0308213141108143e-12,4.631043052286027e-13
2.79,-2.00556418395256e-12,4.536364066298642e-13
2.791,-1.980614560577068e-12,4.4433605768855695e-13
2.792,-1.9559688010911388e-12,4.3520051611672676e-13
2.793,-1.9316233041809647e-12,4.2622708228014407e-13
2.794,-1.9075745096627967e-12,4.174130985593875e-13
2.795,-1.8838188980380464e-12,4.0875594872020776e-13
2.796,-1.8603529900527876e-12,4.0025305729304086e-13
2.797,-1.8371733462616257e-12,3.9190188896154136e-13
2.798,-1.8142765665958919e-12,3.836999479600078e-13
2.799,-1.7916592899361316e-12,3.756447774795752e-13
2.8,-1.7693181936888475e-12,3.67733959083049e-13
2.801,-1.7472499933674662e-12,3.599651121282607e-13
2.802,-1.7254514421774855e-12,3.523358931998214e-13
2.803,-1.7039193306057758e-12,3.4484399554915676e-13
2.804,-1.6826504860139936e-12,3.37487148542705e-13
2.805,-1.661641772236075e-12,3.3026311711816156e-13
2.806,-1.640890089179775e-12,3.2316970124865776e-13
2.807,-1.620392372432216e-12,3.1620473541475943e-13
2.808,-1.6001455928694122e-12,3.093660880841756e-13
2.809,-1.5801467562697369e-12,3.026516611990668e-13
2.81,-1.5603929029312943e-12,2.9605938967084616e-13
2.811,-1.5408811072931689e-12,2.895872408823653e-13
2.812,-1.5216084775605115e-12,2.8323321419738167e-13
2.813,-1.5025721553334327e-12,2.7699534047720247e-13
2.814,-1.483769315239671e-12,2.7087168160440387e-13
2.815,-1.4651971645709972e-12,2.648603300135241e-13
2.816,-1.4468529429233312e-12,2.589594082286321e-13
2.817,-1.428733921840528e-12,2.531670684076726e-13
2.818,-1.410837404461809e-12,2.474814918934922e-13
2.819,-1.3931607251728005e-12,2.419008887714503e-13
2.82,-1.375701249260152e-12,2.364234974335216e-13
2.821,-1.3584563725696975e-12,2.310475841487973e-13
2.822,-1.341423521168132e-12,2.257714426402935e-13
2.823,-1.32460015100817e-12,2.205933936679773e-13
2.824,-1.3079837475971538e-12,2.1551178461792135e-13
2.825,-1.291571825669083e-12,2.1052498909749914e-13
2.826,-1.2753619288600317e-12,2.0563140653653542e-13
2.827,-1.2593516293869233e-12,2.0082946179432566e-13
2.828,-1.2435385277296342e-12,1.9611760477244155e-13
2.829,-1.2279202523163931e-12,1.9149431003323886e-13
2.83,-1.2124944592124488e-12,1.8695807642398672e-13
2.831,-1.1972588318119725e-12,1.825074267065374e-13
2.832,-1.1822110805331711e-12,1.7814090719245738e-13
2.833,-1.1673489425165748e-12,1.7385708738354158e-13
2.834,-1.1526701813264747e-12,1.696545596176332e-13
2.835,-1.1381725866554802e-12,1.6553193871967333e-13
2.836,-1.1238539740321651e-12,1.614878616579056e-13
2.837,-1.1097121845317775e-12,1.5752098720516104e-13
2.838,-1.0957450844899807e-12,1.5362999560515096e-13
2.839,-1.0819505652196008e-12,1.4981358824369585e-13
2.84,-1.0683265427303494e-12,1.4607048732481876e-13
2.841,-1.0548709574514963e-12,1.4239943555163403e-13
2.842,-1.0415817739574621e-12,1.387991958119619e-13
2.843,-1.028456980696306e-12,1.3526855086860107e-13
2.844,-1.0154945897210785e-12,1.3180630305419233e-13
2.845,-1.0026926364240129e-12,1.2841127397060729e-13
2.846,-9.900491792735306e-13,1.2508230419279634e-13
2.847,-9.775622995540307e-13,1.2181825297703267e-13
2.848,-9.652301011084388e-13,1.1861799797348788e-13
2.849,-9.530507100834888e-13,1.154804349430777e-13
2.85,-9.41022274677711e-13,1.124044774785153e-13
2.851,-9.291429648921006e-13,1.0938905672951242e-13
2.852,-9.174109722834421e-13,1.0643312113206755e-13
2.853,-9.058245097202619e-13,1.035356361417828e-13
2.854,-8.943818111413856e-13,1.0069558397115085e-13
2.855,-8.830811313170746e-13,9.79119633307549e-14
2.856,-8.719207456127155e-13,9.518378917432474e-14
2.857,-8.608989497550408e-13,9.251009244759344e-14
2.858,-8.50014059600852e-13,8.988991984089948e-14
2.859,-8.392644109082246e-13,8.732233354548018e-14
2.86,-8.286483591101695e-13,8.4806411013403e-14
2.861,-8.181642790907253e-13,8.234124472108191e-14
2.862,-8.078105649634603e-13,7.992594193632701e-14
2.863,-7.975856298523592e-13,7.755962448887604e-14
2.864,-7.874879056750709e-13,7.524142854435738e-14
2.865,-7.775158429284949e-13,7.297050438163469e-14
2.866,-7.676679104766829e-13,7.074601617348413e-14
2.867,-7.57942595341033e-13,6.856714177055582e-14
2.868,-7.483384024927539e-13,6.643307248857165e-14
2.869,-7.388538546475758e-13,6.434301289871267e-14
2.87,-7.294874920626869e-13,6.229618062114948e-14
2.871,-7.202378723358732e-13,6.029180612167001e-14
2.872,-7.111035702068388e-13,5.832913251135955e-14
2.873,-7.02083177360686e-13,5.6407415349288734e-14
2.874,-6.931753022335333e-13,5.452592244816555e-14
2.875,-6.843785698202492e-13,5.26839336829082e-14
2.876,-6.756916214842828e-13,5.0880740802096394e-14
2.877,-6.671131147695675e-13,4.911564724225891e-14
2.878,-6.586417232144779e-13,4.7387967944956234e-14
2.879,-6.502761361678219e-13,4.5697029176617376e-14
2.88,-6.420150586068419e-13,4.404216835109072e-14
2.881,-6.338572109572113e-13,4.242273385486929e-14
2.882,-6.258013289150005e-13,4.0838084874951294e-14
2.883,-6.178461632705968e-13,3.9287591229297525e-14
2.884,-6.099904797345559e-13,3.777063319984762e-14
2.885,-6.022330587653661e-13,3.628660136805769e-14
2.886,-5.945726953991055e-13,3.483489645292256e-14
2.887,-5.870081990809744e-13,3.34149291514461e-14
2.888,-5.795383934986812e-13,3.202611998152396e-14
2.889,-5.721621164176659e-13,3.066789912720321e-14
2.89,-5.648782195181393e-13,2.933970628628421e-14
2.891,-5.576855682339223e-13,2.8040990520230216e-14
2.892,-5.505830415930649e-13,2.6771210106350986e-14
2.893,-5.43569532060227e-13,2.5529832392226986e-14
2.894,-5.36643945380804e-13,2.4316333652341298e-14
2.895,-5.298052004267777e-13,2.313019894688682e-14
2.896,-5.230522290442757e-13,2.1970921982716794e-14
2.897,-5.163839759028213e-13,2.0838004976407176e-14
2.898,-5.097993983462573e-13,1.9730958519399768e-14
2.899,-5.032974662453248e-13,1.8649301445195562e-14
2.9,-4.968771618518813e-13,1.759256069856806e-14
2.901,-4.90537479654741e-13,1.6560271206766883e-14
2.902,-4.842774262371185e-13,1.5551975752682338e-14
2.903,-4.780960201356635e-13,1.456722484994206e-14
2.904,-4.719922917010643e-13,1.3605576619911235e-14
2.905,-4.659652829602091e-13,1.2666596670568356e-14
2.906,-4.600140474798854e-13,1.1749857977228833e-14
2.907,-4.5413765023200233e-13,1.0854940765089198e-14
2.908,-4.483351674603213e-13,9.981432393565004e-15
2.909,-4.4260568654867717e-13,9.128927242395946e-15
2.91,-4.369483058906755e-13,8.297026599492078e-15
2.911,-4.3136213476085033e-13,7.485338550495414e-15
2.912,-4.25846293187267e-13,6.693477870031492e-15
2.913,-4.203999118255547e-13,5.921065914625958e-15
2.914,-4.1502213183435373e-13,5.1677305172614914e-15
2.915,-4.09712104752163e-13,4.4331058835507796e-15
2.916,-4.0446899237557243e-13,3.716832489501627e-15
2.917,-3.992919666388658e-13,3.0185569808505775e-15
2.918,-3.9418020949497967e-13,2.3379320739418095e-15
2.919,-3.891329127978043e-13,1.6746164581283816e-15
2.92,-3.8414927818581153e-13,1.0282746996732301e-15
2.921,-3.7922851696699633e-13,3.985771471276657e-16
2.922,-3.743698500051177e-13,-2.1480016183458326e-16
2.923,-3.6957250760722526e-13,-8.121755921494025e-16
2.924,-3.6483572941245795e-13,-1.393862001681716e-15
2.925,-3.601587642821006e-13,-1.960166830153308e-15
2.926,-3.5554087019088604e-13,-2.511392186699746e-15
2.927,-3.509813141195288e-13,-3.0478349360768136e-15
2.928,-3.4647937194847705e-13,-3.569786783536553e-15
2.929,-3.420343283528704e-13,-4.077534358392746e-15
2.93,-3.376454766986903e-13,-4.571359296295363e-15
2.931,-3.333121189400897e-13,-5.051538320233217e-15
2.932,-3.2903356551789087e-13,-5.518343320283817e-15
2.933,-3.2480913525923685e-13,-5.972041432129094e-15
2.934,-3.2063815527838583e-13,-6.412895114355436e-15
2.935,-3.1651996087863515e-13,-6.8411622245561834e-15
2.936,-3.124538954553631e-13,-7.257096094254495e-15
2.937,-3.084393104001765e-13,-7.66094560266419e-15
2.938,-3.04475565006152e-13,-8.052955249305983e-15
2.939,-3.0056202637415944e-13,-8.433365225496198e-15
2.94,-2.966980693202554e-13,-8.802411484724875e-15
2.941,-2.928830762841354e-13,-9.160325811939891e-15
2.942,-2.891164372386337e-13,-9.507335891753458e-15
2.943,-2.853975496002582e-13,-9.843665375587207e-15
2.944,-2.8172581814075095e-13,-1.016953394777172e-14
2.945,-2.781006548996614e-13,-1.0485157390616241e-14
2.946,-2.745214790979224e-13,-1.0790747648463982e-14
2.947,-2.709877170524179e-13,-1.1086512890748299e-14
2.948,-2.6749880209153126e-13,-1.1372657574064714e-14
2.949,-2.6405417447166374e-13,-1.1649382503273601e-14
2.95,-2.606532812947123e-13,-1.1916884891648089e-14
2.951,-2.572955764264969e-13,-1.2175358420081568e-14
2.952,-2.539805204161258e-13,-1.242499329536894e-14
2.953,-2.5070758041628986e-13,-1.2665976307575562e-14
2.954,-2.474762301044746e-13,-1.2898490886507633e-14
2.955,-2.4428594960508083e-13,-1.312271715729756e-14
2.956,-2.411362254124429e-13,-1.333883199511765e-14
2.957,-2.3802655031473604e-13,-1.354700907903529e-14
2.958,-2.3495642331876166e-13,-1.3747418945022545e-14
2.959,-2.319253495756019e-13,-1.3940229038132989e-14
2.96,-2.2893284030713347e-13,-1.4125603763858287e-14
2.961,-2.2597841273339126e-13,-1.4303704538676987e-14
2.962,-2.2306159000077257e-13,-1.447468983980771e-14
2.963,-2.2018190111107276e-13,-1.463871525417874e-14
2.964,-2.1733888085134274e-13,-1.4795933526625975e-14
2.965,-2.1453206972455947e-13,-1.494649460733079e-14
2.966,-2.1176101388110067e-13,-1.5090545698509436e-14
2.967,-2.0902526505101432e-13,-1.5228231300365298e-14
2.968,-2.0632438047707482e-13,-1.535969325631511e-14
2.969,-2.0365792284861647e-13,-1.548507079750028e-14
2.97,-2.0102546023613594e-13,-1.5604500586594046e-14
2.971,-1.9842656602665536e-13,-1.5718116760915265e-14
2.972,-1.9586081885983708e-13,-1.5826050974859276e-14
2.973,-1.9332780256484225e-13,-1.592843244165629e-14
2.974,-1.9082710609792476e-13,-1.6025387974467506e-14
2.975,-1.8835832348075213e-13,-1.6117042026829028e-14
2.976,-1.8592105373944566e-13,-1.6203516732453508e-14
2.977,-1.835149008443315e-13,-1.6284931944399338e-14
2.978,-1.8113947365039477e-13,-1.6361405273616965e-14
2.979,-1.7879438583842904e-13,-1.6433052126881886e-14
2.98,-1.7647925585687315e-13,-1.649998574412363e-14
2.981,-1.741937068643279e-13,-1.6562317235159988e-14
2.982,-1.7193736667274483e-13,-1.662015561584556e-14
2.983,-1.6970986769127974e-13,-1.6673607843643512e-14
2.984,-1.6751084687080323e-13,-1.6722778852629488e-14
2.985,-1.6533994564906128e-13,-1.6767771587936194e-14
2.986,-1.6319680989647813e-13,-1.6808687039647372e-14
2.987,-1.6108108986259457e-13,-1.684562427614948e-14
2.988,-1.5899244012313437e-13,-1.6878680476949428e-14
2.989,-1.5693051952769186e-13,-1.6907950964966565e-14
2.99,-1.5489499114803352e-13,-1.6933529238306943e-14
2.991,-1.528855222270067e-13,-1.695550700152784e-14
2.992,-1.5090178412804894e-13,-1.6973974196400324e-14
2.993,-1.4894345228529048e-13,-1.698901903217759e-14
2.994,-1.4701020615424404e-13,-1.7000728015376677e-14
2.995,-1.4510172916307438e-13,-1.7009185979081008e-14
2.996,-1.4321770866444204e-13,-1.7014476111771152e-14
2.997,-1.413578358879138e-13,-1.7016679985691055e-14
2.998,-1.395218058929342e-13,-1.7015877584756907e-14
2.999,-1.3770931752235135e-13,-1.701214733201566e-14
3.0,-1.3592007335649104e-13,-1.7005566116660182e-14
3.001,-1.3415377966777237e-13,-1.6996209320607837e-14
3.002,-1.324101463758597e-13,-1.698415084464927e-14
3.003,-1.3068888700334374e-13,-1.6969463134173986e-14
3.004,-1.2898971863194673e-13,-1.6952217204479324e-14
3.005,-1.2731236185924498e-13,-1.6932482665669188e-14
3.006,-1.2565654075590357e-13,-1.691032774714894e-14
3.007,-1.2402198282341667e-13,-1.688581932172267e-14
3.008,-1.224084189523484e-13,-1.685902292929901e-14
3.009,-1.2081558338106809e-13,-1.683000280021156e-14
3.01,-1.192432136549743e-13,-1.6798821878159868e-14
3.011,-1.1769105058620234e-13,-1.6765541842776903e-14
3.012,-1.1615883821380953e-13,-1.6730223131828754e-14
3.013,-1.146463237644326e-13,-1.6692924963052314e-14
3.014,-1.1315325761341234e-13,-1.665370535563652e-14
3.015,-1.1167939324637941e-13,-1.6612621151352768e-14
3.016,-1.102244872212969e-13,-1.6569728035339852e-14
3.017,-1.0878829913095357e-13,-1.6525080556548903e-14
3.018,-1.0737059156590318e-13,-1.6478732147853537e-14
3.019,-1.0597113007784464e-13,-1.6430735145830505e-14
3.02,-1.0458968314343773e-13,-1.6381140810215908e-14
3.021,-1.0322602212854962e-13,-1.632999934304208e-14
3.022,-1.0187992125292725e-13,-1.6277359907460103e-14
3.023,-1.0055115755529036e-13,-1.6223270646252888e-14
3.024,-9.923951085884085e-14,-1.6167778700043606e-14
3.025,-9.794476373718311e-14,-1.611093022520427e-14
3.026,-9.666670148065107e-14,-1.6052770411469168e-14
3.027,-9.540511206303693e-14,-1.5993343499257705e-14
3.028,-9.415978610871718e-14,-1.593269279671128e-14
3.029,-9.293051686017118e-14,-1.587086069644861e-14
3.03,-9.171710014588785e-14,-1.580788869204398e-14
3.031,-9.051933434865597e-14,-1.574381739423269e-14
3.032,-8.933702037423358e-14,-1.5678686546848047e-14
3.033,-8.816996162039222e-14,-1.5612535042494098e-14
3.034,-8.701796394633163e-14,-1.5545400937958222e-14
3.035,-8.588083564246058e-14,-1.5477321469367717e-14
3.036,-8.475838740053958e-14,-1.54083330670944e-14
3.037,-8.365043228418144e-14,-1.5338471370411157e-14
3.038,-8.25567856997052e-14,-1.526777124190438e-14
3.039,-8.147726536733984e-14,-1.5196266781646145e-14
3.04,-8.041169129277305e-14,-1.5123991341129883e-14
3.041,-7.935988573904174e-14,-1.505097753697331e-14
3.042,-7.83216731987598e-14,-1.497725726439228e-14
3.043,-7.729688036667939e-14,-1.4902861710449186e-14
3.044,-7.628533611258198e-14,-1.482782136707945e-14
3.045,-7.52868714544951e-14,-1.475216604389964e-14
3.046,-7.43013195322311e-14,-1.467592488080069e-14
3.047,-7.332851558124431e-14,-1.4599126360329544e-14
3.048,-7.236829690680254e-14,-1.4521798319862684e-14
3.049,-7.142050285846961e-14,-1.444396796357476e-14
3.05,-7.048497480489511e-14,-1.4365661874205625e-14
3.051,-6.956155610890787e-14,-1.428690602462894e-14
3.052,-6.865009210290942e-14,-1.4207725789225553e-14
3.053,-6.775043006456423e-14,-1.4128145955064673e-14
3.054,-6.6862419192783e-14,-1.4048190732896006e-14
3.055,-6.598591058399573e-14,-1.3967883767955763e-14
3.056,-6.512075720871109e-14,-1.3887248150589568e-14
3.057,-6.426681388835874e-14,-1.3806306426695163e-14
3.058,-6.342393727241146e-14,-1.3725080607987793e-14
3.059,-6.259198581578341e-14,-1.3643592182091094e-14
3.06,-6.177081975650184e-14,-1.3561862122456269e-14
3.061,-6.096030109364848e-14,-1.3479910898112319e-14
3.062,-6.016029356556794e-14,-1.3397758483250012e-14
3.063,-5.937066262833952e-14,-1.3315424366642252e-14
3.064,-5.859127543450973e-14,-1.3232927560903483e-14
3.065,-5.78220008120823e-14,-1.3150286611590692e-14
3.066,-5.70627092437625e-14,-1.3067519606148571e-14
3.067,-5.6313272846453065e-14,-1.2984644182701319e-14
3.068,-5.557356535099859e-14,-1.2901677538693566e-14
3.069,-5.484346208217548e-14,-1.2818636439382836e-14
3.07,-5.4122839938924565e-14,-1.2735537226185936e-14
3.071,-5.34115773748236e-14,-1.2652395824881633e-14
3.072,-5.2709554378796727e-14,-1.2569227753671915e-14
3.073,-5.2016652456058133e-14,-1.2486048131104144e-14
3.074,-5.133275460928715e-14,-1.240287168385632e-14
3.075,-5.065774532003207e-14,-1.2319712754387683e-14
3.076,-4.9991510530339956e-14,-1.2236585308456811e-14
3.077,-4.933393762460978e-14,-1.2153502942509388e-14
3.078,-4.868491541166625e-14,-1.207047889093771e-14
3.079,-4.8044334107051724e-14,-1.1987526033214045e-14
3.08,-4.7412085315533646e-14,-1.1904656900899869e-14
3.081,-4.678806201382486e-14,-1.1821883684532986e-14
3.082,-4.6172158533514434e-14,-1.1739218240394547e-14
3.083,-4.556427054420638e-14,-1.1656672097157869e-14
3.084,-4.49642950368638e-14,-1.157425646242103e-14
3.085,-4.437213030735616e-14,-1.1491982229125087e-14
3.086,-4.3787675940207086e-14,-1.1409859981859795e-14
3.087,-4.3210832792540457e-14,-1.1327900003058676e-14
3.088,-4.264150297822237e-14,-1.1246112279085215e-14
3.089,-4.207958985219665e-14,-1.1164506506211975e-14
3.09,-4.1524997995011665e-14,-1.1083092096494375e-14
3.091,-4.097763319753606e-14,-1.1001878183540867e-14
3.092,-4.043740244586125e-14,-1.0920873628181174e-14
3.093,-3.990421390638848e-14,-1.0840087024034302e-14
3.094,-3.937797691109809e-14,-1.0759526702977924e-14
3.095,-3.8858601942999054e-14,-1.0679200740520792e-14
3.096,-3.834600062175641e-14,-1.0599116961079731e-14
3.097,-3.784008568949462e-14,-1.0519282943162824e-14
3.098,-3.734077099677472e-14,-1.0439706024460288e-14
3.099,-3.6847971488743136e-14,-1.036039330684459e-14
3.1,-3.636160319145017e-14,-1.0281351661281288e-14
3.101,-3.5881583198336134e-14,-1.0202587732652062e-14
3.102,-3.5407829656883103e-14,-1.0124107944491385e-14
3.103,-3.4940261755430297e-14,-1.0045918503638279e-14
3.104,-3.44787997101512e-14,-9.96802540480452e-15
3.105,-3.402336475219039e-14,-9.890434435060716e-15
3.106,-3.3573879114958224e-14,-9.813151178241585e-15
3.107,-3.3130266021581546e-14,-9.736181019271796e-15
3.108,-3.269244967250837e-14,-9.659529148413656e-15
3.109,-3.2260355233264925e-14,-9.583200565437992e-15
3.11,-3.1833908822363025e-14,-9.50720008371945e-15
3.111,-3.141303749935613e-14,-9.431532334257493e-15
3.112,-3.099766925304219e-14,-9.356201769624344e-15
3.113,-3.058773298981159e-14,-9.281212667841068e-15
3.114,-3.01831585221384e-14,-9.206569136183002e-15
3.115,-2.978387655721332e-14,-9.132275114915711e-15
3.116,-2.938981868571636e-14,-9.058334380962637e-15
3.117,-2.900091737072797e-14,-8.98475055150556e-15
3.118,-2.8617105936776546e-14,-8.911527087519023e-15
3.119,-2.823831855902099e-14,-8.83866729723981e-15
3.12,-2.7864490252566494e-14,-8.766174339572574e-15
3.121,-2.749555686191206e-14,-8.694051227432663e-15
3.122,-2.7131455050528138e-14,-8.62230083102724e-15
3.123,-2.6772122290562767e-14,-8.550925881075703e-15
3.124,-2.641749685267476e-14,-8.479928971970424e-15
3.125,-2.6067517795992323e-14,-8.409312564878838e-15
3.126,-2.5722124958195656e-14,-8.339078990787846e-15
3.127,-2.5381258945721976e-14,-8.269230453491513e-15
3.128,-2.5044861124091555e-14,-8.199769032523023e-15
3.129,-2.471287360835325e-14,-8.130696686031834e-15
3.13,-2.4385239253648142e-14,-8.062015253606943e-15
3.131,-2.4061901645889795e-14,-7.993726459047208e-15
3.132,-2.3742805092559775e-14,-7.925831913079584e-15
3.133,-2.3427894613617012e-14,-7.858333116026187e-15
3.134,-2.3117115932519638e-14,-7.791231460421051e-15
3.135,-2.281041546735793e-14,-7.724528233577414e-15
3.136,-2.250774032209703e-14,-7.658224620106403e-15
3.137,-2.220903827792808e-14,-7.592321704387926e-15
3.138,-2.1914257784726525e-14,-7.526820472994597e-15
3.139,-2.1623347952616202e-14,-7.461721817069487e-15
3.14,-2.133625854363799e-14,-7.397026534658507e-15
3.141,-2.1052939963521743e-14,-7.332735332998178e-15
3.142,-2.0773343253560248e-14,-7.268848830759568e-15
3.143,-2.049742008258396e-14,-7.205367560249144e-15
3.144,-2.022512273903531e-14,-7.142291969567274e-15
3.145,-1.995640412314137e-14,-7.079622424725119e-15
3.146,-1.9691217739183684e-14,-7.0173592117206116e-15
3.147,-1.9429517687864076e-14,-6.9555025385742505e-15
3.148,-1.9171258658765265e-14,-6.89405253732538e-15
3.149,-1.8916395922905152e-14,-6.833009265989658e-15
3.15,-1.8664885325383648e-14,-6.772372710478364e-15
3.151,-1.8416683278120863e-14,-6.712142786480226e-15
3.152,-1.8171746752685623e-14,-6.6523193413064035e-15
3.153,-1.7930033273213132e-14,-6.5929021556992636e-15
3.154,-1.7691500909410785e-14,-6.533890945605598e-15
3.155,-1.7456108269650958e-14,-6.475285363914875e-15
3.156,-1.7223814494149816e-14,-6.417085002163146e-15
3.157,-1.6994579248231004e-14,-6.359289392203216e-15
3.158,-1.6768362715673242e-14,-6.301898007841646e-15
3.159,-1.654512559214077e-14,-6.2449102664431815e-15
3.16,-1.6324829078695674e-14,-6.1883255305031695e-15
3.161,-1.610743487539102e-14,-6.1321431091885356e-15
3.162,-1.5892905174943887e-14,-6.076362259847855e-15
3.163,-1.568120265648729e-14,-6.020982189491079e-15
3.164,-1.5472290479400005e-14,-5.966002056239432e-15
3.165,-1.5266132277213387e-14,-5.911420970746027e-15
3.166,-1.506269215159423e-14,-5.857237997587686e-15
3.167,-1.48619346664027e-14,-5.803452156628505e-15
3.168,-1.4663824841824487e-14,-5.75006242435564e-15
3.169,-1.4468328148576223e-14,-5.6970677351878125e-15
3.17,-1.427541050218326e-14,-5.644466982757027e-15
3.171,-1.4085038257328979e-14,-5.592259021163957e-15
3.172,-1.3897178202274686e-14,-5.5404426662074905e-15
3.173,-1.3711797553349291e-14,-5.489016696588868e-15
3.174,-1.3528863949507853e-14,-5.437979855090893e-15
3.175,-1.3348345446958212e-14,-5.387330849732639e-15
3.176,-1.317021051385482e-14,-5.337068354900105e-15
3.177,-1.2994428025058974e-14,-5.287191012453234e-15
3.178,-1.2820967256964635e-14,-5.237697432809735e-15
3.179,-1.2649797882389015e-14,-5.1885861960061164e-15
3.18,-1.248088996552715e-14,-5.139855852736337e-15
3.181,-1.2314213956969665e-14,-5.091504925368481e-15
3.182,-1.2149740688782963e-14,-5.043531908939861e-15
3.183,-1.1987441369651058e-14,-4.995935272130919e-15
3.184,-1.1827287580078313e-14,-4.9487134582183285e-15
3.185,-1.166925126765231e-14,-4.901864886007662e-15
3.186,-1.1513304742366142e-14,-4.855387950745997e-15
3.187,-1.1359420671999357e-14,-4.8092810250148295e-15
3.188,-1.1207572077556884e-14,-4.763542459603644e-15
3.189,-1.1057732328765168e-14,-4.718170584364501e-15
3.19,-1.0909875139624863e-14,-4.673163709047984e-15
3.191,-1.0763974564019352e-14,-4.628520124120846e-15
3.192,-1.0620004991378421e-14,-4.584238101565691e-15
3.193,-1.0477941142396397e-14,-4.540315895663023e-15
3.194,-1.0337758064804093e-14,-4.49675174375598e-15
3.195,-1.0199431129193887e-14,-4.453543866998077e-15
3.196,-1.006293602489727e-14,-4.410690471084264e-15
3.197,-9.928248755914256e-15,-4.3681897469656194e-15
3.198,-9.795345636893938e-15,-4.3260398715479656e-15
3.199,-9.664203289165652e-15,-4.284239008374713e-15
3.2,-9.534798636820049e-15,-4.242785308294228e-15
3.201,-9.407108902839492e-15,-4.201676910112001e-15
3.202,-9.281111605277173e-15,-4.160911941227913e-15
3.203,-9.15678455348432e-15,-4.12048851825886e-15
3.204,-9.034105844384937e-15,-4.080404747647024e-15
3.205,-8.913053858797455e-15,-4.0406587262540545e-15
3.206,-8.793607257802735e-15,-4.001248541941418e-15
3.207,-8.67574497915784e-15,-3.9621722741371824e-15
3.208,-8.559446233755018e-15,-3.923427994389493e-15
3.209,-8.444690502125315e-15,-3.885013766906983e-15
3.21,-8.331457530986305e-15,-3.846927649086368e-15
3.211,-8.219727329833343e-15,-3.809167692027475e-15
3.212,-8.109480167573836e-15,-3.771731941035927e-15
3.213,-8.000696569203992e-15,-3.734618436113739e-15
3.214,-7.893357312527504e-15,-3.697825212438035e-15
3.215,-7.787443424915669e-15,-3.6613503008281235e-15
3.216,-7.68293618010842e-15,-3.625191728201155e-15
3.217,-7.57981709505576e-15,-3.589347518016572e-15
3.218,-7.478067926799106e-15,-3.553815690709578e-15
3.219,-7.37767066939203e-15,-3.5185942641138168e-15
3.22,-7.278607550859934e-15,-3.4836812538734964e-15
3.221,-7.18086103019815e-15,-3.449074673845139e-15
3.222,-7.084413794407998e-15,-3.414772536489167e-15
3.223,-6.989248755570344e-15,-3.3807728532515243e-15
3.224,-6.8953490479561565e-15,-3.3470736349355157e-15
3.225,-6.8026980251736435e-15,-3.3136728920640707e-15
3.226,-6.711279257351483e-15,-3.280568635232602e-15
3.227,-6.621076528357711e-15,-3.247758875452655e-15
3.228,-6.532073833053831e-15,-3.2152416244865204e-15
3.229,-6.444255374583681e-15,-3.1830148951729936e-15
3.23,-6.357605561696661e-15,-3.1510767017444493e-15
3.231,-6.2721090061048575e-15,-3.1194250601354084e-15
3.232,-6.1877505198736674e-15,-3.0880579882827598e-15
3.233,-6.1045151128454956e-15,-3.056973506417807e-15
3.234,-6.022387990096112e-15,-3.0261696373502987e-15
3.235,-5.9413545494232616e-15,-2.9956444067446064e-15
3.236,-5.8614003788671296e-15,-2.9653958433882e-15
3.237,-5.78251125426226e-15,-2.935421979452584e-15
3.238,-5.704673136820538e-15,-2.9057208507468356e-15
3.239,-5.6278721707448386e-15,-2.876290496963903e-15
3.24,-5.552094680872983e-15,-2.8471289619198042e-15
3.241,-5.477327170351594e-15,-2.818234293785869e-15
3.242,-5.403556318339497e-15,-2.78960454531417e-15
3.243,-5.330768977740292e-15,-2.761237774056278e-15
3.244,-5.258952172963733e-15,-2.7331320425754766e-15
3.245,-5.188093097715547e-15,-2.705285418652573e-15
3.246,-5.118179112815356e-15,-2.6776959754854335e-15
3.247,-5.0491977440423265e-15,-2.6503617918823744e-15
3.248,-4.981136680008217e-15,-2.6232809524495327e-15
3.249,-4.913983770057474e-15,-2.5964515477723435e-15
3.25,-4.847727022194043e-15,-2.569871674591246e-15
3.251,-4.782354601034549e-15,-2.5435394359717347e-15
3.252,-4.717854825787529e-15,-2.517452941468879e-15
3.253,-4.6542161682583845e-15,-2.4916103072864216e-15
3.254,-4.59142725087973e-15,-2.4660096564305733e-15
3.255,-4.529476844766827e-15,-2.440649118858614e-15
3.256,-4.468353867797772e-15,-2.4155268316224098e-15
3.257,-4.408047382718156e-15,-2.3906409390069542e-15
3.258,-4.3485465952698565e-15,-2.365989592664037e-15
3.259,-4.289840852343689e-15,-2.3415709517411487e-15
3.26,-4.231919640155595e-15,-2.3173831830057202e-15
3.261,-4.174772582446086e-15,-2.2934244609647935e-15
3.262,-4.118389438702646e-15,-2.269692967980232e-15
3.263,-4.062760102404806e-15,-2.246186894379555e-15
3.264,-4.007874599291602e-15,-2.2229044385625016e-15
3.265,-3.953723085651143e-15,-2.1998438071034073e-15
3.266,-3.900295846632e-15,-2.177003214849493e-15
3.267,-3.847583294576157e-15,-2.1543808850151528e-15
3.268,-3.795575967373234e-15,-2.131975049272324e-15
3.269,-3.744264526835737e-15,-2.109783947837034e-15
3.27,-3.693639757095044e-15,-2.0878058295522034e-15
3.271,-3.6436925630178964e-15,-2.0660389519667897e-15
3.272,-3.59441396864311e-15,-2.0444815814113528e-15
3.273,-3.54579511563827e-15,-2.0231319930701234e-15
3.274,-3.4978272617761463e-15,-2.0019884710496555e-15
3.275,-3.450501779430594e-15,-1.981049308444131e-15
3.276,-3.403810154091679e-15,-1.9603128073974055e-15
3.277,-3.357743982899798e-15,-1.9397772791618588e-15
3.278,-3.3122949731985457e-15,-1.9194410441541274e-15
3.279,-3.267454941106101e-15,-1.899302432007792e-15
3.28,-3.2232158101048904e-15,-1.879359781623087e-15
3.281,-3.1795696096493046e-15,-1.8596114412137043e-15
3.282,-3.136508473791236e-15,-1.8400557683507547e-15
3.283,-3.094024639823217e-15,-1.8206911300039583e-15
3.284,-3.0521104469389342e-15,-1.801515902580128e-15
3.285,-3.0107583349108965e-15,-1.7825284719590044e-15
3.286,-2.9699608427850483e-15,-1.7637272335265142e-15
3.287,-2.929710607592107e-15,-1.7451105922055062e-15
3.288,-2.890000363075416e-15,-1.7266769624840274e-15
3.289,-2.850822938435105e-15,-1.7084247684412008e-15
3.29,-2.8121712570883517e-15,-1.6903524437707594e-15
3.291,-2.77403833544554e-15,-1.6724584318022962e-15
3.292,-2.7364172817021154e-15,-1.6547411855202849e-15
3.293,-2.6993012946459404e-15,-1.6371991675809253e-15
3.294,-2.6626836624799478e-15,-1.619830850326869e-15
3.295,-2.6265577616599068e-15,-1.6026347157998775e-15
3.296,-2.590917055747105e-15,-1.5856092557514633e-15
3.297,-2.555755094275761e-15,-1.5687529716515672e-15
3.298,-2.5210655116349763e-15,-1.5520643746953183e-15
3.299,-2.4868420259650483e-15,-1.5355419858079278e-15
3.3,-2.45307843806796e-15,-1.5191843356477656e-15
3.301,-2.4197686303318664e-15,-1.5029899646076616e-15
3.302,-2.3869065656694e-15,-1.4869574228144848e-15
3.303,-2.3544862864696214e-15,-1.471085270127038e-15
3.304,-2.3225019135634447e-15,-1.455372076132318e-15
3.305,-2.29094764520236e-15,-1.4398164201401826e-15
3.306,-2.2598177560502907e-15,-1.4244168911764647e-15
3.307,-2.229106596188417e-15,-1.4091720879745801e-15
3.308,-2.198808590132801e-15,-1.3940806189656642e-15
3.309,-2.1689182358646508e-15,-1.3791411022672822e-15
3.31,-2.1394301038730638e-15,-1.36435216567075e-15
3.311,-2.110338836210091e-15,-1.3497124466271039e-15
3.312,-2.0816391455579643e-15,-1.3352205922317565e-15
3.313,-2.0533258143083356e-15,-1.3208752592078797e-15
3.314,-2.025393693653371e-15,-1.306675113888544e-15
3.315,-1.997837702688556e-15,-1.2926188321976557e-15
3.316,-1.9706528275270517e-15,-1.2787050996297246e-15
3.317,-1.943834120425469e-15,-1.2649326112284938e-15
3.318,-1.9173766989209055e-15,-1.2513000715644706e-15
3.319,-1.8912757449791076e-15,-1.2378061947113846e-15
3.32,-1.8655265041536106e-15,-1.22444970422161e-15
3.321,-1.8401242847557245e-15,-1.2112293331005812e-15
3.322,-1.8150644570352224e-15,-1.1981438237802332e-15
3.323,-1.7903424523715965e-15,-1.185191928091495e-15
3.324,-1.765953762475748e-15,-1.17237240723587e-15
3.325,-1.7418939386019776e-15,-1.1596840317561249e-15
3.326,-1.7181585907701455e-15,-1.147125581506124e-15
3.327,-1.694743386997871e-15,-1.1346958456198292e-15
3.328,-1.6716440525426462e-15,-1.1223936224794977e-15
3.329,-1.6488563691537325e-15,-1.1102177196831001e-15
3.33,-1.6263761743337215e-15,-1.0981669540109891e-15
3.331,-1.6041993606096325e-15,-1.0862401513918394e-15
3.332,-1.582321874813427e-15,-1.0744361468678882e-15
3.333,-1.56073971737182e-15,-1.0627537845594976e-15
3.334,-1.539448941605269e-15,-1.0511919176290638e-15
3.335,-1.5184456530360243e-15,-1.0397494082442967e-15
3.336,-1.4977260087051254e-15,-1.0284251275408917e-15
3.337,-1.4772862164982274e-15,-1.0172179555846177e-15
3.338,-1.4571225344801472e-15,-1.0061267813328413e-15
3.339,-1.4372312702380173e-15,-9.951505025955105e-16
3.34,-1.417608780232936e-15,-9.842880259956159e-16
3.341,-1.3982514691600076e-15,-9.735382669291538e-16
3.342,-1.3791557893166647e-15,-9.629001495246083e-16
3.343,-1.3603182399791653e-15,-9.523726066019722e-16
3.344,-1.3417353667871636e-15,-9.419545796313276e-16
3.345,-1.323403761136248e-15,-9.316450186910028e-16
3.346,-1.3053200595783456e-15,-9.21442882425326e-16
3.347,-1.2874809432298947e-15,-9.113471380019905e-16
3.348,-1.269883137187682e-15,-9.013567610690536e-16
3.349,-1.25252340995225e-15,-8.914707357115809e-16
3.35,-1.2353985728587767e-15,-8.81688054407958e-16
3.351,-1.21850547951533e-15,-8.72007717985881e-16
3.352,-1.201841025248407e-15,-8.624287355780457e-16
3.353,-1.1854021465556596e-15,-8.529501245775492e-16
3.354,-1.1691858205657181e-15,-8.435709105930192e-16
3.355,-1.1531890645050214e-15,-8.342901274034869e-16
3.356,-1.1374089351715625e-15,-8.251068169130164e-16
3.357,-1.1218425284154627e-15,-8.160200291051065e-16
3.358,-1.106486978626285e-15,-8.070288219968786e-16
3.359,-1.0913394582270026e-15,-7.981322615930619e-16
3.36,-1.0763971771745353e-15,-7.893294218397933e-16
3.361,-1.0616573824667715e-15,-7.806193845782407e-16
3.362,-1.0471173576559894e-15,-7.720012394980658e-16
3.363,-1.0327744223686e-15,-7.634740840907358e-16
3.364,-1.0186259318311269e-15,-7.5503702360269845e-16
3.365,-1.0046692764023446e-15,-7.466891709884307e-16
3.366,-9.909018811114964e-16,-7.38429646863373e-16
3.367,-9.773212052025133e-16,-7.302575794567596e-16
3.368,-9.639247416841567e-16,-7.22172104564358e-16
3.369,-9.507100168860106e-16,-7.14172365501125e-16
3.37,-9.376745900202454e-16,-7.062575130537916e-16
3.371,-9.248160527490815e-16,-6.984267054333878e-16
3.372,-9.121320287578785e-16,-6.906791082277145e-16
3.373,-8.996201733337782e-16,-6.830138943537742e-16
3.374,-8.872781729498298e-16,-6.754302440101694e-16
3.375,-8.751037448545256e-16,-6.679273446294767e-16
3.376,-8.630946366666811e-16,-6.605043908306085e-16
3.377,-8.512486259755864e-16,-6.53160584371166e-16
3.378,-8.395635199463648e-16,-6.458951340997975e-16
3.379,-8.280371549304697e-16,-6.387072559085659e-16
3.38,-8.166673960812536e-16,-6.315961726853359e-16
3.381,-8.054521369745459e-16,-6.245611142661874e-16
3.382,-7.94389299234172e-16,-6.176013173878635e-16
3.383,-7.834768321623532e-16,-6.107160256402596e-16
3.384,-7.727127123749221e-16,-6.039044894189621e-16
3.385,-7.620949434412934e-16,-5.97165965877842e-16
3.386,-7.516215555291279e-16,-5.904997188817114e-16
3.387,-7.412906050536286e-16,-5.839050189590495e-16
3.388,-7.311001743314111e-16,-5.773811432548038e-16
3.389,-7.210483712388878e-16,-5.709273754832733e-16
3.39,-7.111333288751083e-16,-5.64543005881079e-16
3.391,-7.013532052289988e-16,-5.582273311602294e-16
3.392,-6.917061828509427e-16,-5.51979654461284e-16
3.393,-6.821904685286485e-16,-5.457992853066234e-16
3.394,-6.728042929672475e-16,-5.396855395538281e-16
3.395,-6.635459104735681e-16,-5.336377393491742e-16
3.396,-6.544135986445326e-16,-5.2765521308125e-16
3.397,-6.454056580596225e-16,-5.217372953346966e-16
3.398,-6.365204119773618e-16,-5.158833268440808e-16
3.399,-6.277562060357632e-16,-5.100926544479019e-16
3.4,-6.191114079566903e-16,-5.043646310427383e-16
3.401,-6.105844072540806e-16,-4.98698615537538e-16
3.402,-6.021736149459836e-16,-4.930939728080568e-16
3.403,-5.938774632703615e-16,-4.875500736514492e-16
3.404,-5.856944054046064e-16,-4.820662947410145e-16
3.405,-5.776229151887245e-16,-4.766420185811038e-16
3.406,-5.696614868521396e-16,-4.712766334621892e-16
3.407,-5.618086347440707e-16,-4.659695334161007e-16
3.408,-5.540628930674368e-16,-4.60720118171434e-16
3.409,-5.46422815616242e-16,-4.555277931091315e-16
3.41,-5.388869755163977e-16,-4.503919692182397e-16
3.411,-5.314539649699377e-16,-4.453120630518483e-16
3.412,-5.241223950025791e-16,-4.4028749668321037e-16
3.413,-5.168908952145901e-16,-4.353176976620499e-16
3.414,-5.097581135349192e-16,-4.3040209897105694e-16
3.415,-5.027227159785435e-16,-4.255401389825747e-16
3.416,-4.957833864069963e-16,-4.207312614154798e-16
3.417,-4.889388262920304e-16,-4.1597491529225924e-16
3.418,-4.821877544823791e-16,-4.1127055489628577e-16
3.419,-4.755289069735726e-16,-4.066176397292939e-16
3.42,-4.689610366807708e-16,-4.0201563446905936e-16
3.421,-4.624829132145752e-16,-3.9746400892728285e-16
3.422,-4.56093322659778e-16,-3.9296223800768156e-16
3.423,-4.497910673570134e-16,-3.885098016642892e-16
3.424,-4.4357496568727176e-16,-3.841061848599666e-16
3.425,-4.374438518592398e-16,-3.797508775251251e-16
3.426,-4.3139657569943094e-16,-3.7544337451666377e-16
3.427,-4.2543200244506854e-16,-3.71183175577122e-16
3.428,-4.1954901253968706e-16,-3.6696978529404964e-16
3.429,-4.137465014314156e-16,-3.628027130595953e-16
3.43,-4.0802337937390906e-16,-3.586814730303146e-16
3.431,-4.023785712298926e-16,-3.5460558408719915e-16
3.432,-3.9681101627728556e-16,-3.505745697959284e-16
3.433,-3.913196680178711e-16,-3.465879583673441e-16
3.434,-3.8590349398847865e-16,-3.4264528261814964e-16
3.435,-3.805614755746468e-16,-3.387460799318348e-16
3.436,-3.7529260782673387e-16,-3.3488989221982626e-16
3.437,-3.7009589927844494e-16,-3.3107626588286584e-16
3.438,-3.6497037176774354e-16,-3.2730475177261625e-16
3.439,-3.5991506026011706e-16,-3.235749051534958e-16
3.44,-3.5492901267416566e-16,-3.1988628566474216e-16
3.441,-3.5001128970948403e-16,-3.1623845728270606e-16
3.442,-3.451609646768062e-16,-3.1263098828337584e-16
3.443,-3.4037712333038457e-16,-3.0906345120513246e-16
3.444,-3.356588637025733e-16,-3.0553542281173635e-16
3.445,-3.310052959405879e-16,-3.020464840555458e-16
3.446,-3.264155421454127e-16,-2.985962200409678e-16
3.447,-3.218887362128279e-16,-2.9518421998814113e-16
3.448,-3.174240236765291e-16,-2.918100771968522e-16
3.449,-3.1302056155331155e-16,-2.8847338901068393e-16
3.45,-3.0867751819029295e-16,-2.8517375678139763e-16
3.451,-3.0439407311414725e-16,-2.81910785833548e-16
3.452,-3.0016941688232434e-16,-2.7868408542933126e-16
3.453,-2.960027509362292e-16,-2.754932687336672e-16
3.454,-2.9189328745633477e-16,-2.7233795277951346e-16
3.455,-2.8784024921920393e-16,-2.6921775843341397e-16
3.456,-2.838428694563955e-16,-2.661323103612799e-16
3.457,-2.799003917152291e-16,-2.6308123699440357e-16
3.458,-2.7601206972138606e-16,-2.6006417049570586e-16
3.459,-2.7217716724332057e-16,-2.5708074672621516e-16
3.46,-2.6839495795845934e-16,-2.5413060521177956e-16
3.461,-2.6466472532116503e-16,-2.512133891100105e-16
3.462,-2.6098576243244116e-16,-2.483287451774586e-16
3.463,-2.5735737191135553e-16,-2.4547632373702074e-16
3.464,-2.537788657681601e-16,-2.4265577864557814e-16
3.465,-2.502495652790845e-16,-2.3986676726186496e-16
3.466,-2.46768800862782e-16,-2.371089504145677e-16
3.467,-2.43335911958406e-16,-2.3438199237065354e-16
3.468,-2.39950246905296e-16,-2.3168556080392843e-16
3.469,-2.3661116282425176e-16,-2.2901932676382386e-16
3.47,-2.33318025500375e-16,-2.263829646444119e-16
3.471,-2.3007020926745836e-16,-2.237761521536473e-16
3.472,-2.2686709689390136e-16,-2.2119857028283768e-16
3.473,-2.2370807947013297e-16,-2.18649903276339e-16
3.474,-2.2059255629752163e-16,-2.1612983860147766e-16
3.475,-2.1751993477875338e-16,-2.1363806691869716e-16
3.476,-2.1448963030965813e-16,-2.1117428205192955e-16
3.477,-2.115010661724659e-16,-2.0873818095919042e-16
3.478,-2.0855367343047427e-16,-2.063294637033968e-16
3.479,-2.0564689082410787e-16,-2.0394783342340765e-16
3.48,-2.0278016466835275e-16,-2.0159299630528534e-16
3.481,-1.9995294875154687e-16,-1.9926466155377826e-16
3.482,-1.9716470423550915e-16,-1.9696254136402308e-16
3.483,-1.9441489955698986e-16,-1.946863508934661e-16
3.484,-1.9170301033042456e-16,-1.9243580823400302e-16
3.485,-1.8902851925197508e-16,-1.902106343843358e-16
3.486,-1.8639091600484014e-16,-1.880105532225462e-16
3.487,-1.8378969716581952e-16,-1.8583529147888507e-16
3.488,-1.8122436611311485e-16,-1.836845787087761e-16
3.489,-1.786944329353512e-16,-1.815581472660336e-16
3.49,-1.7619941434180344e-16,-1.7945573227629302e-16
3.491,-1.737388335738113e-16,-1.773770716106537e-16
3.492,-1.7131222031736787e-16,-1.7532190585953215e-16
3.493,-1.6891911061686618e-16,-1.7328997830672602e-16
3.494,-1.6655904678998817e-16,-1.7128103490368647e-16
3.495,-1.6423157734372184e-16,-1.6929482424399913e-16
3.496,-1.6193625689149127e-16,-1.6733109753807188e-16
3.497,-1.596726460713849e-16,-1.6538960858802887e-16
3.498,-1.5744031146546806e-16,-1.6347011376280952e-16
3.499,-1.5523882552016502e-16,-1.6157237197347153e-16
3.5,-1.5306776646769716e-16,-1.5969614464869706e-16
3.501,-1.5092671824856258e-16,-1.578411957105007e-16
3.502,-1.4881527043504425e-16,-1.5600729155013851e-16
3.503,-1.4673301815573286e-16,-1.5419420100421693e-16
3.504,-1.446795620210509e-16,-1.5240169533100025e-16
3.505,-1.426545080497653e-16,-1.5062954818691617e-16
3.506,-1.4065746759647492e-16,-1.4887753560325775e-16
3.507,-1.386880572800611e-16,-1.4714543596308108e-16
3.508,-1.3674589891308736e-16,-1.4543302997829728e-16
3.509,-1.3483061943213715e-16,-1.4374010066695816e-16
3.51,-1.3294185082907608e-16,-1.4206643333073378e-16
3.511,-1.3107923008322738e-16,-1.404118155325816e-16
3.512,-1.2924239909444807e-16,-1.3877603707460538e-16
3.513,-1.2743100461709434e-16,-1.3715888997610326e-16
3.514,-1.2564469819486406e-16,-1.3556016845180355e-16
3.515,-1.2388313609650527e-16,-1.3397966889028732e-16
3.516,-1.2214597925237922e-16,-1.3241718983259664e-16
3.517,-1.2043289319186628e-16,-1.3087253195102714e-16
3.518,-1.1874354798160425e-16,-1.29345498028104e-16
3.519,-1.170776181645477e-16,-1.2783589293574026e-16
3.52,-1.1543478269983776e-16,-1.2634352361457608e-16
3.521,-1.1381472490347136e-16,-1.248681990534979e-16
3.522,-1.1221713238976007e-16,-1.2340973026933658e-16
3.523,-1.1064169701356715e-16,-1.219679302867432e-16
3.524,-1.0908811481331371e-16,-1.2054261411824104e-16
3.525,-1.0755608595474282e-16,-1.1913359874445359e-16
3.526,-1.0604531467543228e-16,-1.177407030945061e-16
3.527,-1.0455550923004581e-16,-1.1636374802660087e-16
3.528,-1.0308638183631328e-16,-1.1500255630876398e-16
3.529,-1.016376486217298e-16,-1.1365695259976326e-16
3.53,-1.0020902957096502e-16,-1.1232676343019558e-16
3.531,-9.88002484739724e-17,-1.11011817183743e-16
3.532,-9.741103287478988e-17,-1.0971194407859613e-16
3.533,-9.604111402102257e-17,-1.0842697614904373e-16
3.534,-9.46902268139985e-17,-1.0715674722722753e-16
3.535,-9.335810975958839e-17,-1.0590109292506095e-16
3.536,-9.204450491968113e-17,-1.0465985061631071e-16
3.537,-9.074915786430578e-17,-1.0343285941884007e-16
3.538,-8.947181762439195e-17,-1.0221996017701272e-16
3.539,-8.821223664515996e-17,-1.0102099544425605e-16
3.54,-8.697017074013252e-17,-9.983580946578273e-17
3.541,-8.574537904575966e-17,-9.86642481614695e-17
3.542,-8.453762397664903e-17,-9.750615910889197e-17
3.543,-8.334667118139318e-17,-9.636139152651428e-17
3.544,-8.217228949898643e-17,-9.522979625703275e-17
3.545,-8.101425091582308e-17,-9.411122575087199e-17
3.546,-7.987233052326961e-17,-9.300553404983268e-17
3.547,-7.874630647580317e-17,-9.191257677088984e-17
3.548,-7.763595994970879e-17,-9.083221109014033e-17
3.549,-7.654107510232811e-17,-8.976429572689865e-17
3.55,-7.546143903185222e-17,-8.870869092793981e-17
3.551,-7.439684173765139e-17,-8.766525845188832e-17
3.552,-7.33470760811347e-17,-8.663386155375195e-17
3.553,-7.231193774713255e-17,-8.561436496959942e-17
3.554,-7.129122520579497e-17,-8.460663490138088e-17
3.555,-7.028473967499918e-17,-8.361053900188985e-17
3.556,-6.929228508325942e-17,-8.262594635986588e-17
3.557,-6.83136680331325e-17,-8.165272748523665e-17
3.558,-6.734869776511263e-17,-8.069075429449846e-17
3.559,-6.639718612200883e-17,-7.973990009623405e-17
3.56,-6.545894751379863e-17,-7.880003957676674e-17
3.561,-6.45337988829519e-17,-7.787104878594968e-17
3.562,-6.362155967021829e-17,-7.695280512308932e-17
3.563,-6.27220517808725e-17,-7.604518732300189e-17
3.564,-6.183509955141091e-17,-7.514807544220206e-17
3.565,-6.096052971669397e-17,-7.426135084522238e-17
3.566,-6.009817137752825e-17,-7.338489619106284e-17
3.567,-5.924785596868228e-17,-7.251859541976923e-17
3.568,-5.840941722733065e-17,-7.16623337391395e-17
3.569,-5.758269116192039e-17,-7.081599761155677e-17
3.57,-5.676751602145435e-17,-6.997947474094838e-17
3.571,-5.59637322651858e-17,-6.915265405986963e-17
3.572,-5.517118253271897e-17,-6.833542571671128e-17
3.573,-5.438971161451004e-17,-6.752768106302996e-17
3.574,-5.361916642276331e-17,-6.672931264100022e-17
3.575,-5.285939596271731e-17,-6.594021417098748e-17
3.576,-5.2110251304315676e-17,-6.51602805392407e-17
3.577,-5.137158555425771e-17,-6.438940778570382e-17
3.578,-5.0643253828423505e-17,-6.362749309194517e-17
3.579,-4.99251132246688e-17,-6.28744347692035e-17
3.58,-4.9217022795984496e-17,-6.213013224655005e-17
3.581,-4.851884352401614e-17,-6.139448605916545e-17
3.582,-4.7830438292938515e-17,-6.066739783673055e-17
3.583,-4.715167186368063e-17,-5.994877029193023e-17
3.584,-4.648241084849647e-17,-5.923850720906929e-17
3.585,-4.5822523685876923e-17,-5.853651343279931e-17
3.586,-4.5171880615798353e-17,-5.784269485695577e-17
3.587,-4.453035365530328e-17,-5.71569584135043e-17
3.588,-4.3897816574408867e-17,-5.647921206159524e-17
3.589,-4.327414487233879e-17,-5.580936477672552e-17
3.59,-4.2659215754074166e-17,-5.5147326540006994e-17
3.591,-4.205290810721936e-17,-5.449300832754025e-17
3.592,-4.145510247917847e-17,-5.3846322099893107e-17
3.593,-4.0865681054638356e-17,-5.3207180791682724e-17
3.594,-4.0284527633354055e-17,-5.257549830126061e-17
3.595,-3.9711527608232744e-17,-5.195118948049945e-17
3.596,-3.914656794371211e-17,-5.133417012468106e-17
3.597,-3.858953715442925e-17,-5.072435696248442e-17
3.598,-3.8040325284176314e-17,-5.012166764607304e-17
3.599,-3.7498823885138974e-17,-4.9526020741280645e-17
3.6,-3.696492599741403e-17,-4.893733571789453e-17
3.601,-3.6438526128802375e-17,-4.835553294003547e-17
3.602,-3.5919520234873696e-17,-4.778053365663357e-17
3.603,-3.540780569929932e-17,-4.7212259991999003e-17
3.604,-3.4903281314449515e-17,-4.665063493648698e-17
3.605,-3.4405847262251895e-17,-4.609558233725594e-17
3.606,-3.3915405095307284e-17,-4.554702688911833e-17
3.607,-3.343185771825974e-17,-4.5004894125482887e-17
3.608,-3.2955109369417283e-17,-4.4469110409387913e-17
3.609,-3.248506560261997e-17,-4.393960292462445e-17
3.61,-3.202163326935212e-17,-4.341629966694875e-17
3.611,-3.1564720501095296e-17,-4.289912943538306e-17
3.612,-3.1114236691918964e-17,-4.238802182360416e-17
3.613,-3.067009248130556e-17,-4.1882907211418573e-17
3.614,-3.0232199737206907e-17,-4.138371675632392e-17
3.615,-2.980047153932886e-17,-4.089038238515548e-17
3.616,-2.9374822162641166e-17,-4.040283678581726e-17
3.617,-2.895516706110945e-17,-3.9921013399096753e-17
3.618,-2.854142285164653e-17,-3.944484641056267e-17
3.619,-2.813350729827997e-17,-3.897427074254485e-17
3.62,-2.7731339296533e-17,-3.850922204619561e-17
3.621,-2.7334838858016138e-17,-3.8049636693631807e-17
3.622,-2.694392709522644e-17,-3.759545177015682e-17
3.623,-2.6558526206551785e-17,-3.714660506656178e-17
3.624,-2.617855946147741e-17,-3.6703035071505273e-17
3.625,-2.5803951185991964e-17,-3.6264680963970774e-17
3.626,-2.5434626748190465e-17,-3.583148260580119e-17
3.627,-2.507051254407149e-17,-3.5403380534309655e-17
3.628,-2.4711535983526018e-17,-3.4980315954966e-17
3.629,-2.435762547651538e-17,-3.456223073415808e-17
3.63,-2.4008710419435752e-17,-3.414906739202739e-17
3.631,-2.366472118166675e-17,-3.3740769095378137e-17
3.632,-2.33255890923016e-17,-3.333727965065917e-17
3.633,-2.2991246427056532e-17,-3.293854349701809e-17
3.634,-2.2661626395356914e-17,-3.2544505699426774e-17
3.635,-2.2336663127597867e-17,-3.2155111941877785e-17
3.636,-2.2016291662576916e-17,-3.177030852065085e-17
3.637,-2.170044793509647e-17,-3.1390042337648816e-17
3.638,-2.138906876373379e-17,-3.101426089380252e-17
3.639,-2.108209183877626e-17,-3.064291228254368e-17
3.64,-2.0779455710319702e-17,-3.0275945183345436e-17
3.641,-2.0481099776527577e-17,-2.991330885532971e-17
3.642,-2.018696427204893e-17,-2.955495313094084e-17
3.643,-1.9896990256592913e-17,-2.920082840968478e-17
3.644,-1.9611119603657834e-17,-2.885088565193339e-17
3.645,-1.932929498941264e-17,-2.850507637279298e-17
3.646,-1.9051459881728798e-17,-2.816335263603669e-17
3.647,-1.8777558529360544e-17,-2.7825667048100005e-17
3.648,-1.8507535951271546e-17,-2.749197275213877e-17
3.649,-1.824133792610599e-17,-2.7162223422149168e-17
3.65,-1.7978910981802164e-17,-2.6836373257149062e-17
3.651,-1.7720202385346622e-17,-2.6514376975420054e-17
3.652,-1.7465160132667077e-17,-2.6196189808809725e-17
3.653,-1.7213732938662105e-17,-2.588176749709347e-17
3.654,-1.6965870227365887e-17,-2.5571066282395317e-17
3.655,-1.6721522122246126e-17,-2.526404290366722e-17
3.656,-1.6480639436633395e-17,-2.4960654591226194e-17
3.657,-1.6243173664280126e-17,-2.4660859061348752e-17
3.658,-1.600907697004752e-17,-2.4364614510922143e-17
3.659,-1.5778302180718636e-17,-2.407187961215173e-17
3.66,-1.5550802775935993e-17,-2.378261350732406e-17
3.661,-1.532653287926201e-17,-2.3496775803625014e-17
3.662,-1.5105447249360605e-17,-2.3214326568012563e-17
3.663,-1.488750127129838e-17,-2.293522632214352e-17
3.664,-1.4672650947963725e-17,-2.2659436037353823e-17
3.665,-1.446085289160232e-17,-2.2386917129691788e-17
3.666,-1.4252064315467424e-17,-2.211763145500383e-17
3.667,-1.4046243025583422e-17,-2.1851541304072122e-17
3.668,-1.384334741262113e-17,-2.15886093978037e-17
3.669,-1.3643336443883328e-17,-2.1328798882470466e-17
3.67,-1.3446169655399054e-17,-2.1072073324999643e-17
3.671,-1.32518071441252e-17,-2.0818396708314144e-17
3.672,-1.3060209560253959e-17,-2.056773342672237e-17
3.673,-1.2871338099624703e-17,-2.0320048281356943e-17
3.674,-1.26851544962389e-17,-2.0075306475661916e-17
3.675,-1.2501621014876663e-17,-1.9833473610927924e-17
3.676,-1.2320700443813578e-17,-1.959451568187486e-17
3.677,-1.2142356087636471e-17,-1.935839907228157e-17
3.678,-1.1966551760156759e-17,-1.912509055066209e-17
3.679,-1.1793251777420089e-17,-1.8894557265987983e-17
3.68,-1.1622420950810977e-17,-1.866676674345632e-17
3.681,-1.1454024580251144e-17,-1.8441686880302805e-17
3.682,-1.128802844749031e-17,-1.8219285941659657e-17
3.683,-1.1124398809488193e-17,-1.7999532556457734e-17
3.684,-1.0963102391886489e-17,-1.778239571337251e-17
3.685,-1.0804106382569606e-17,-1.7567844756813434e-17
3.686,-1.0647378425312993e-17,-1.7355849382956237e-17
3.687,-1.0492886613517833e-17,-1.7146379635817775e-17
3.688,-1.0340599484030991e-17,-1.693940590337294e-17
3.689,-1.0190486011049027e-17,-1.6734898913713273e-17
3.69,-1.0042515600105156e-17,-1.6532829731246783e-17
3.691,-9.896658082138057e-18,-1.6333169752938645e-17
3.692,-9.752883707641385e-18,-1.6135890704592268e-17
3.693,-9.611163140892936e-18,-1.5940964637170405e-17
3.694,-9.471467454262384e-18,-1.5748363923155852e-17
3.695,-9.333768122596513e-18,-1.5558061252951343e-17
3.696,-9.198037017680915e-18,-1.5370029631318265e-17
3.697,-9.064246402777124e-18,-1.518424237385376e-17
3.698,-8.932368927234157e-18,-1.500067310350585e-17
3.699,-8.80237762117348e-18,-1.4819295747126213e-17
3.7,-8.674245890246363e-18,-1.464008453206017e-17
3.701,-8.547947510462717e-18,-1.4463013982773552e-17
3.702,-8.42345662309038e-18,-1.428805891751608e-17
3.703,-8.300747729623945e-18,-1.4115194445020824e-17
3.704,-8.179795686822175e-18,-1.3944395961239412e-17
3.705,-8.060575701813076e-18,-1.3775639146112658e-17
3.706,-7.94306332726573e-18,-1.360889996037616e-17
3.707,-7.827234456627967e-18,-1.3444154642400571e-17
3.708,-7.713065319429005e-18,-1.3281379705066194e-17
3.709,-7.600532476646167e-18,-1.3120551932671487e-17
3.71,-7.489612816134806e-18,-1.2961648377875194e-17
3.711,-7.380283548120622e-18,-1.2804646358671723e-17
3.712,-7.27252220075346e-18,-1.2649523455399424e-17
3.713,-7.166306615721828e-18,-1.2496257507781455e-17
3.714,-7.061614943927266e-18,-1.2344826611998864e-17
3.715,-6.958425641217778e-18,-1.2195209117795585e-17
3.716,-6.856717464179534e-18,-1.2047383625614993e-17
3.717,-6.7564694659860285e-18,-1.190132898376771e-17
3.718,-6.65766099230395e-18,-1.1757024285630335e-17
3.719,-6.560271677254973e-18,-1.1614448866874754e-17
3.72,-6.464281439432719e-18,-1.1473582302727751e-17
3.721,-6.3696704779741544e-18,-1.1334404405260578e-17
3.722,-6.276419268684671e-18,-1.119689522070817e-17
3.723,-6.184508560216126e-18,-1.1061035026817725e-17
3.724,-6.093919370297142e-18,-1.0926804330226306e-17
3.725,-6.0046329820149356e-18,-1.0794183863867191e-17
3.726,-5.916630940147989e-18,-1.0663154584404655e-17
3.727,-5.829895047548884e-18,-1.0533697669696892e-17
3.728,-5.744407361576595e-18,-1.0405794516286794e-17
3.729,-5.660150190577605e-18,-1.0279426736920264e-17
3.73,-5.577106090415151e-18,-1.0154576158091815e-17
3.731,-5.4952578610459665e-18,-1.0031224817617142e-17
3.732,-5.414588543143872e-18,-9.909354962232385e-18
3.733,-5.33508141476958e-18,-9.788949045219827e-18
3.734,-5.256719988086081e-18,-9.66998972405971e-18
3.735,-5.17948800611901e-18,-9.552459858107936e-18
3.736,-5.1033694395613574e-18,-9.43634250629935e-18
3.737,-5.0283484836219556e-18,-9.321620924876346e-18
3.738,-4.9544095549171154e-18,-9.208278565142545e-18
3.739,-4.881537288404852e-18,-9.09629907124124e-18
3.74,-4.809716534361108e-18,-8.9856662779584e-18
3.741,-4.738932355397414e-18,-8.876364208549926e-18
3.742,-4.669170023519414e-18,-8.768377072592933e-18
3.743,-4.600415017225709e-18,-8.661689263860796e-18
3.744,-4.532653018646473e-18,-8.556285358221693e-18
3.745,-4.465869910721294e-18,-8.452150111560426e-18
3.746,-4.400051774415711e-18,-8.349268457723246e-18
3.747,-4.335184885975931e-18,-8.247625506485456e-18
3.748,-4.271255714221187e-18,-8.14720654154154e-18
3.749,-4.2082509178732444e-18,-8.047997018517578e-18
3.75,-4.1461573429225515e-18,-7.949982563005723e-18
3.751,-4.084962020030515e-18,-7.853148968620492e-18
3.752,-4.024652161967439e-18,-7.757482195076643e-18
3.753,-3.965215161085619e-18,-7.662968366288413e-18
3.754,-3.906638586827131e-18,-7.569593768489875e-18
3.755,-3.848910183265827e-18,-7.477344848376217e-18
3.756,-3.7920178666830894e-18,-7.386208211265678e-18
3.757,-3.735949723176876e-18,-7.296170619281967e-18
3.758,-3.680694006303597e-18,-7.207218989556906e-18
3.759,-3.626239134752396e-18,-7.119340392453112e-18
3.76,-3.572573690051371e-18,-7.032522049806476e-18
3.761,-3.5196864143053275e-18,-6.946751333188248e-18
3.762,-3.467566207964606e-18,-6.862015762186516e-18
3.763,-3.4162021276245864e-18,-6.778303002706852e-18
3.764,-3.3655833838554358e-18,-6.695600865291945e-18
3.765,-3.3156993390616955e-18,-6.6138973034600005e-18
3.766,-3.266539505371299e-18,-6.533180412061708e-18
3.767,-3.2180935425536204e-18,-6.453438425655585e-18
3.768,-3.1703512559661577e-18,-6.374659716901484e-18
3.769,-3.1233025945294643e-18,-6.296832794972087e-18
3.77,-3.0769376487299372e-18,-6.219946303982176e-18
3.771,-3.0312466486500906e-18,-6.143989021435497e-18
3.772,-2.9862199620259345e-18,-6.0689498566890295e-18
3.773,-2.9418480923310923e-18,-5.9948178494344635e-18
3.774,-2.898121676887292e-18,-5.921582168196716e-18
3.775,-2.8550314850008717e-18,-5.8492321088492774e-18
3.776,-2.8125684161249447e-18,-5.777757093146236e-18
3.777,-2.770723498046874e-18,-5.707146667270774e-18
3.778,-2.7294878851007144e-18,-5.637390500399972e-18
3.779,-2.6888528564042767e-18,-5.568478383285741e-18
3.78,-2.648809814120483e-18,-5.500400226851702e-18
3.781,-2.609350281742676e-18,-5.433146060805859e-18
3.782,-2.5704659024035667e-18,-5.366706032268863e-18
3.783,-2.5321484372074812e-18,-5.301070404417729e-18
3.784,-2.4943897635856065e-18,-5.2362295551448194e-18
3.785,-2.4571818736739087e-18,-5.172173975731931e-18
3.786,-2.4205168727134208e-18,-5.108894269539329e-18
3.787,-2.38438697747259e-18,-5.0463811507095544e-18
3.788,-2.3487845146913908e-18,-4.9846254428858575e-18
3.789,-2.313701919546898e-18,-4.923618077945079e-18
3.79,-2.2791317341400324e-18,-4.863350094744841e-18
3.791,-2.2450666060031894e-18,-4.803812637884886e-18
3.792,-2.211499286628461e-18,-4.744996956482392e-18
3.793,-2.1784226300161776e-18,-4.686894402961149e-18
3.794,-2.1458295912434845e-18,-4.6294964318543995e-18
3.795,-2.1137132250526836e-18,-4.572794598621236e-18
3.796,-2.0820666844590686e-18,-4.516780558476373e-18
3.797,-2.05088321937799e-18,-4.461446065233176e-18
3.798,-2.0201561752708806e-18,-4.406782970159778e-18
3.799,-1.989878991809991e-18,-4.352783220848157e-18
3.8,-1.9600452015615725e-18,-4.299438860096027e-18
3.801,-1.9306484286872586e-18,-4.2467420248013934e-18
3.802,-1.901682387663393e-18,-4.194684944869657e-18
3.803,-1.8731408820180644e-18,-4.143259942133099e-18
3.804,-1.8450178030855996e-18,-4.092459429282635e-18
3.805,-1.8173071287782795e-18,-4.042275908811693e-18
3.806,-1.7900029223750406e-18,-3.9927019719720795e-18
3.807,-1.7630993313269327e-18,-3.9437302977417105e-18
3.808,-1.7365905860791004e-18,-3.895353651804072e-18
3.809,-1.7104709989090606e-18,-3.847564885539277e-18
3.81,-1.6847349627810591e-18,-3.800356935026598e-18
3.811,-1.6593769502162802e-18,-3.753722820058351e-18
3.812,-1.6343915121786955e-18,-3.7076556431649886e-18
3.813,-1.6097732769763348e-18,-3.662148588651306e-18
3.814,-1.5855169491777723e-18,-3.617194921643606e-18
3.815,-1.5616173085436148e-18,-3.572787987147735e-18
3.816,-1.5380692089727898e-18,-3.5289212091178396e-18
3.817,-1.514867577463428e-18,-3.485588089535742e-18
3.818,-1.492007413088144e-18,-3.4427822075008206e-18
3.819,-1.4694837859835127e-18,-3.4004972183302645e-18
3.82,-1.4472918363535513e-18,-3.358726852669597e-18
3.821,-1.4254267734870126e-18,-3.3174649156133557e-18
3.822,-1.4038838747883005e-18,-3.2767052858358095e-18
3.823,-1.3826584848218214e-18,-3.236441914731608e-18
3.824,-1.3617460143695855e-18,-3.19666882556625e-18
3.825,-1.3411419395018803e-18,-3.1573801126362613e-18
3.826,-1.3208418006608314e-18,-3.1185699404389776e-18
3.827,-1.3008412017566776e-18,-3.0802325428518225e-18
3.828,-1.2811358092765853e-18,-3.0423622223209744e-18
3.829,-1.2617213514058288e-18,-3.004953349059324e-18
3.83,-1.2425936171611678e-18,-2.9680003602536116e-18
3.831,-1.2237484555362535e-18,-2.931497759280646e-18
3.832,-1.2051817746589004e-18,-2.8954401149325046e-18
3.833,-1.1868895409600577e-18,-2.859822060650612e-18
3.834,-1.1688677783543223e-18,-2.824638293768601e-18
3.835,-1.1511125674318331e-18,-2.7898835747638544e-18
3.836,-1.1336200446613919e-18,-2.755552726517637e-18
3.837,-1.1163864016046533e-18,-2.7216406335837148e-18
3.838,-1.0994078841412375e-18,-2.6881422414653706e-18
3.839,-1.0826807917046076e-18,-2.6550525559007232e-18
3.84,-1.0662014765285718e-18,-2.622366642156255e-18
3.841,-1.0499663429042587e-18,-2.590079624328458e-18
3.842,-1.0339718464474235e-18,-2.5581866846535043e-18
3.843,-1.0182144933759428e-18,-2.5266830628248575e-18
3.844,-1.0026908397973603e-18,-2.4955640553187287e-18
3.845,-9.873974910063392e-19,-2.4648250147272977e-18
3.846,-9.72331100791892e-19,-2.4344613490996005e-18
3.847,-9.57488370754248e-19,-2.404468521290013e-18
3.848,-9.428660496312284e-19,-2.3748420483142304e-18
3.849,-9.284609326339968e-19,-2.34557750071267e-18
3.85,-9.14269860792058e-19,-2.3166705019212044e-18
3.851,-9.002897203073745e-19,-2.2881167276491524e-18
3.852,-8.865174419174785e-19,-2.259911905264439e-18
3.853,-8.729500002674535e-19,-2.2320518131858464e-18
3.854,-8.59584413290664e-19,-2.204532280282276e-18
3.855,-8.464177415981124e-19,-2.1773491852789453e-18
3.856,-8.33447087876305e-19,-2.1504984561704357e-18
3.857,-8.206695962935085e-19,-2.123976069640521e-18
3.858,-8.080824519142833e-19,-2.097778050488696e-18
3.859,-7.956828801221769e-19,-2.0719004710633296e-18
3.86,-7.834681460504679e-19,-2.04633945070137e-18
3.861,-7.714355540208468e-19,-2.0210911551745285e-18
3.862,-7.595824469899266e-19,-1.996151796141865e-18
3.863,-7.479062060034725e-19,-1.9715176306087085e-18
3.864,-7.364042496582477e-19,-1.947184960391835e-18
3.865,-7.250740335713661e-19,-1.923150131590838e-18
3.866,-7.139130498570523e-19,-1.8994095340656174e-18
3.867,-7.029188266107036e-19,-1.8759596009199224e-18
3.868,-6.920889274001554e-19,-1.852796807990872e-18
3.869,-6.814209507640491e-19,-1.829917673344395e-18
3.87,-6.709125297172044e-19,-1.807318756776517e-18
3.871,-6.605613312629016e-19,-1.784996659320427e-18
3.872,-6.503650559119746e-19,-1.7629480227592647e-18
3.873,-6.403214372086242e-19,-1.7411695291445558e-18
3.874,-6.304282412628568e-19,-1.7196579003202371e-18
3.875,-6.206832662894571e-19,-1.6984098974522072e-18
3.876,-6.110843421534052e-19,-1.6774223205633356e-18
3.877,-6.01629329921649e-19,-1.6566920080738763e-18
3.878,-5.923161214211432e-19,-1.6362158363472158e-18
3.879,-5.831426388030693e-19,-1.6159907192409033e-18
3.88,-5.741068341131504e-19,-1.5960136076628962e-18
3.881,-5.652066888679764e-19,-1.5762814891329663e-18
3.882,-5.564402136372583e-19,-1.5567913873492061e-18
3.883,-5.478054476319263e-19,-1.5375403617595774e-18
3.884,-5.39300458297994e-19,-1.518525507138445e-18
3.885,-5.309233409161072e-19,-1.4997439531680399e-18
3.886,-5.226722182066987e-19,-1.4811928640247938e-18
3.887,-5.145452399406725e-19,-1.4628694379704915e-18
3.888,-5.065405825555401e-19,-1.4447709069481847e-18
3.889,-4.986564487769331e-19,-1.4268945361828146e-18
3.89,-4.908910672454182e-19,-1.4092376237864882e-18
3.891,-4.832426921485416e-19,-1.3917975003683573e-18
3.892,-4.757096028580296e-19,-1.3745715286490436e-18
3.893,-4.682901035720734e-19,-1.3575571030795645e-18
3.894,-4.6098252296263e-19,-1.3407516494647013e-18
3.895,-4.537852138276666e-19,-1.3241526245907644e-18
3.896,-4.466965527482828e-19,-1.3077575158577031e-18
3.897,-4.397149397506404e-19,-1.2915638409155097e-18
3.898,-4.3283879797263743e-19,-1.2755691473048707e-18
3.899,-4.2606657333525663e-19,-1.2597710121020156e-18
3.9,-4.1939673421852685e-19,-1.2441670415677148e-18
3.901,-4.128277711420318e-19,-1.2287548708003802e-18
3.902,-4.063581964499036e-19,-1.2135321633932213e-18
3.903,-3.9998654400023846e-19,-1.1984966110954097e-18
3.904,-3.9371136885887367e-19,-1.1836459334772071e-18
3.905,-3.8753124699746507e-19,-1.168977877599011e-18
3.906,-3.814447749958053e-19,-1.1544902176842724e-18
3.907,-3.7545056974832397e-19,-1.140180754796243e-18
3.908,-3.6954726817471212e-19,-1.126047316518507e-18
3.909,-3.6373352693461277e-19,-1.1120877566392531e-18
3.91,-3.5800802214632196e-19,-1.0982999548392452e-18
3.911,-3.5236944910944455e-19,-1.0846818163834496e-18
3.912,-3.4681652203144876e-19,-1.0712312718162756e-18
3.913,-3.41347973758067e-19,-1.0579462766603881e-18
3.914,-3.35962555507488e-19,-1.0448248111190529e-18
3.915,-3.3065903660828813e-19,-1.0318648797819715e-18
3.916,-3.254362042410507e-19,-1.019064511334567e-18
3.917,-3.202928631836202e-19,-1.0064217582706822e-18
3.918,-3.1522783555994285e-19,-9.939346966086484e-19
3.919,-3.102399605924422e-19,-9.816014256106865e-19
3.92,-3.0532809435788125e-19,-9.694200675056057e-19
3.921,-3.004911095466627e-19,-9.573887672147562e-19
3.922,-2.9572789522551886e-19,-9.45505692081203e-19
3.923,-2.9103735660354474e-19,-9.3376903160208e-19
3.924,-2.8641841480152737e-19,-9.221769971640934e-19
3.925,-2.818700066245258e-19,-9.107278217821306e-19
3.926,-2.773910843376558e-19,-8.994197598409439e-19
3.927,-2.729806154450361e-19,-8.88251086839874e-19
3.928,-2.6863758247185006e-19,-8.772200991405745e-19
3.929,-2.643609827494817e-19,-8.663251137177058e-19
3.93,-2.601498282036809e-19,-8.555644679125627e-19
3.931,-2.5600314514571803e-19,-8.44936519189603e-19
3.932,-2.519199740664839e-19,-8.344396448958427e-19
3.933,-2.478993694334959e-19,-8.240722420230841e-19
3.934,-2.4394039949076905e-19,-8.138327269729464e-19
3.935,-2.400421460615115e-19,-8.0371953532466365e-19
3.936,-2.3620370435360655e-19,-7.9373112160562e-19
3.937,-2.324241827678405e-19,-7.838659590645898e-19
3.938,-2.2870270270883965e-19,-7.741225394476508e-19
3.939,-2.250383983986778e-19,-7.644993727767414e-19
3.94,-2.2143041669311695e-19,-7.549949871308287e-19
3.941,-2.1787791690044494e-19,-7.456079284296593e-19
3.942,-2.1438007060287357e-19,-7.36336760220062e-19
3.943,-2.1093606148046111e-19,-7.271800634647727e-19
3.944,-2.0754508513752456e-19,-7.181364363337531e-19
3.945,-2.0420634893150644e-19,-7.092044939979729e-19
3.946,-2.0091907180426218e-19,-7.003828684256285e-19
3.947,-1.9768248411573386e-19,-6.916702081807695e-19
3.948,-1.9449582747997746e-19,-6.830651782243036e-19
3.949,-1.9135835460351033e-19,-6.745664597173546e-19
3.95,-1.8826932912594678e-19,-6.661727498269449e-19
3.951,-1.852280254628896e-19,-6.578827615339754e-19
3.952,-1.8223372865104593e-19,-6.496952234434763e-19
3.953,-1.7928573419553673e-19,-6.416088795971039e-19
3.954,-1.763833479193687e-19,-6.336224892878536e-19
3.955,-1.7352588581503882e-19,-6.257348268769681e-19
3.956,-1.707126738982414e-19,-6.179446816130113e-19
3.957,-1.6794304806364844e-19,-6.102508574530854e-19
3.958,-1.6521635394273413e-19,-6.026521728861636e-19
3.959,-1.6253194676361495e-19,-5.951474607585179e-19
3.96,-1.5988919121287712e-19,-5.87735568101212e-19
3.961,-1.5728746129936376e-19,-5.804153559596414e-19
3.962,-1.5472614021989398e-19,-5.731856992250912e-19
3.963,-1.522046202268872e-19,-5.660454864682923e-19
3.964,-1.4972230249786584e-19,-5.58993619774951e-19
3.965,-1.4727859700681009e-19,-5.52029014583228e-19
3.966,-1.4487292239733866e-19,-5.45150599523147e-19
3.967,-1.4250470585769042e-19,-5.383573162579067e-19
3.968,-1.4017338299748106e-19,-5.316481193270772e-19
3.969,-1.378783977262104e-19,-5.250219759916575e-19
3.97,-1.3561920213349526e-19,-5.184778660809714e-19
3.971,-1.3339525637100462e-19,-5.120147818413827e-19
3.972,-1.3120602853607193e-19,-5.056317277868058e-19
3.973,-1.2905099455696228e-19,-4.9932772055099305e-19
3.974,-1.2692963807977033e-19,-4.931017887415767e-19
3.975,-1.2484145035692665e-19,-4.869529727958454e-19
3.976,-1.2278593013728956e-19,-4.808803248382348e-19
3.977,-1.2076258355780052e-19,-4.748829085395125e-19
3.978,-1.1877092403668083e-19,-4.689597989776372e-19
3.979,-1.1681047216814824e-19,-4.631100825002732e-19
3.98,-1.148807556186319e-19,-4.573328565889392e-19
3.981,-1.1298130902446496e-19,-4.516272297247749e-19
3.982,-1.1111167389103355e-19,-4.459923212559034e-19
3.983,-1.0927139849336228e-19,-4.404272612663738e-19
3.984,-1.0746003777811545e-19,-4.349311904466628e-19
3.985,-1.0567715326699469e-19,-4.2950325996571887e-19
3.986,-1.0392231296151285e-19,-4.241426313445301e-19
3.987,-1.0219509124912526e-19,-4.188484763311981e-19
3.988,-1.004950688106989e-19,-4.136199767775e-19
3.989,-9.882183252930092e-20,-4.0845632451692187e-19
3.99,-9.717497540028782e-20,-4.0335672124414524e-19
3.991,-9.555409644267706e-20,-3.9832037839597046e-19
3.992,-9.395880061178301e-20,-3.9334651703366e-19
3.993,-9.238869871309947e-20,-3.884343677266844e-19
3.994,-9.084340731741122e-20,-3.835831704378551e-19
3.995,-8.932254867711734e-20,-3.7879217440982777e-19
3.996,-8.782575064374908e-20,-3.7406063805295934e-19
3.997,-8.63526465866657e-20,-3.6938782883450386e-19
3.998,-8.490287531291145e-20,-3.6477302316913095e-19
3.999,-8.347608098821757e-20,-3.6021550631075075e-19
4.0,-8.207191305913289e-20,-3.5571457224563137e-19
