M omega,Re(tilde_Psi_4),Im(tilde_Psi_4)
-4.0,7.864355090113111e-20,-2.985064872952084e-19
-3.999,8.041677384079438e-20,-3.030851644646509e-19
-3.998,8.222664277035038e-20,-3.077329939095955e-19
-3.997,8.407387500705384e-20,-3.1245099955915797e-19
-3.996,8.595920137957595e-20,-3.1724022011253034e-19
-3.995,8.788336647501004e-20,-3.2210170924449286e-19
-3.994,8.984712889028118e-20,-3.2703653581363805e-19
-3.993,9.18512614880359e-20,-3.3204578407333846e-19
-3.992,9.389655165709056e-20,-3.3713055388549194e-19
-3.991,9.598380157751758e-20,-3.4229196093707795e-19
-3.99,9.811382849045016e-20,-3.4753113695955772e-19
-3.989,1.00287464972688e-19,-3.52849229951154e-19
-3.988,1.0250555921618697e-19,-3.582474044020435e-19
-3.987,1.047689753125184e-19,-3.63726841522497e-19
-3.986,1.0707859354238363e-19,-3.692887394740033e-19
-3.985,1.0943531067027232e-19,-3.7493431360341127e-19
-3.984,1.1184004024435357e-19,-3.8066479668012656e-19
-3.983,1.1429371290169058e-19,-3.86481439136399e-19
-3.982,1.1679727667887187e-19,-3.9238550931073727e-19
-3.981,1.1935169732815227e-19,-3.983782936944874e-19
-3.98,1.2195795863919988e-19,-4.044610971816131e-19
-3.979,1.2461706276654605e-19,-4.1063524332171484e-19
-3.978,1.2733003056283697e-19,-4.169020745763258e-19
-3.977,1.3009790191798793e-19,-4.2326295257852344e-19
-3.976,1.3292173610434205e-19,-4.2971925839589477e-19
-3.975,1.3580261212793763e-19,-4.362723927968947e-19
-3.974,1.3874162908598997e-19,-4.429237765206367e-19
-3.973,1.4173990653069495e-19,-4.496748505501564e-19
-3.972,1.4479858483946404e-19,-4.565270763891865e-19
-3.971,1.4791882559170162e-19,-4.634819363424852e-19
-3.97,1.51101811952238e-19,-4.705409337997582e-19
-3.969,1.5434874906153296e-19,-4.777055935232158e-19
-3.968,1.5766086443276672e-19,-4.84977461938806e-19
-3.967,1.610394083559376e-19,-4.923581074311676e-19
-3.966,1.6448565430908682e-19,-4.998491206423418e-19
-3.965,1.6800089937677375e-19,-5.074521147742903e-19
-3.964,1.7158646467592668e-19,-5.151687258952578e-19
-3.963,1.7524369578919602e-19,-5.230006132500256e-19
-3.962,1.7897396320593967e-19,-5.309494595740995e-19
-3.961,1.8277866277097143e-19,-5.390169714118752e-19
-3.96,1.8665921614120688e-19,-5.472048794388267e-19
-3.959,1.9061707125034206e-19,-5.555149387877634e-19
-3.958,1.946537027817038e-19,-5.639489293791984e-19
-3.957,1.9877061264941164e-19,-5.725086562558769e-19
-3.956,2.0296933048799502e-19,-5.811959499215094e-19
-3.955,2.0725141415061025e-19,-5.900126666837557e-19
-3.954,2.1161845021600604e-19,-5.989606890015066e-19
-3.953,2.16072054504387e-19,-6.080419258365116e-19
-3.952,2.2061387260232837e-19,-6.172583130093995e-19
-3.951,2.252455803968976e-19,-6.266118135601387e-19
-3.95,2.2996888461914e-19,-6.361044181129873e-19
-3.949,2.3478552339708987e-19,-6.457381452459807e-19
-3.948,2.396972668184704e-19,-6.555150418650055e-19
-3.947,2.447059175032476e-19,-6.654371835825099e-19
-3.946,2.498133111862083e-19,-6.755066751008998e-19
-3.945,2.550213173097331e-19,-6.857256506006702e-19
-3.944,2.603318396269393e-19,-6.960962741333239e-19
-3.943,2.6574681681537087e-19,-7.0662074001912685e-19
-3.942,2.7126822310141657e-19,-7.173012732497516e-19
-3.941,2.7689806889563907e-19,-7.281401298958609e-19
-3.94,2.8263840143920214e-19,-7.391395975196839e-19
-3.939,2.8849130546158545e-19,-7.503019955926345e-19
-3.938,2.944589038497797e-19,-7.61629675918028e-19
-3.937,3.0054335832915837e-19,-7.731250230589465e-19
-3.936,3.067468701562254e-19,-7.847904547713068e-19
-3.935,3.1307168082344154e-19,-7.966284224421856e-19
-3.934,3.1952007277633544e-19,-8.086414115334537e-19
-3.933,3.260943701431088e-19,-8.208319420307755e-19
-3.932,3.327969394769492e-19,-8.332025688980278e-19
-3.931,3.396301905112664e-19,-8.457558825371917e-19
-3.93,3.4659657692807283e-19,-8.584945092537746e-19
-3.929,3.536985971397323e-19,-8.714211117278162e-19
-3.928,3.609387950843036e-19,-8.845383894905358e-19
-3.927,3.6831976103471166e-19,-8.97849079406675e-19
-3.926,3.7584413242198053e-19,-9.113559561625956e-19
-3.925,3.835145946727674e-19,-9.250618327601843e-19
-3.924,3.9133388206144166e-19,-9.38969561016627e-19
-3.923,3.9930477857695497e-19,-9.53082032070106e-19
-3.922,4.074301188047545e-19,-9.67402176891478e-19
-3.921,4.1571278882399453e-19,-9.81932966801993e-19
-3.92,4.2415572712030568e-19,-9.966774139971092e-19
-3.919,4.327619255143869e-19,-1.011638572076465e-18
-3.918,4.415344301066871e-19,-1.026819536580064e-18
-3.917,4.504763422384508e-19,-1.0422234455307342e-18
-3.916,4.595908194694037e-19,-1.0578534799829174e-18
-3.915,4.688810765723619e-19,-1.073712864577853e-18
-3.914,4.783503865450488e-19,-1.0898048681052096e-18
-3.913,4.880020816394149e-19,-1.1061328040712276e-18
-3.912,4.978395544087523e-19,-1.1227000312734328e-18
-3.911,5.078662587729087e-19,-1.13950995438198e-18
-3.91,5.180857111019045e-19,-1.1565660245276846e-18
-3.909,5.285014913182665e-19,-1.1738717398968087e-18
-3.908,5.391172440183918e-19,-1.191430646332654e-18
-3.907,5.499366796132656e-19,-1.2092463379440297e-18
-3.906,5.6096357548885915e-19,-1.2273224577206498e-18
-3.905,5.722017771865393e-19,-1.2456626981555254e-18
-3.904,5.83655199603829e-19,-1.2642708018744107e-18
-3.903,5.953278282158599e-19,-1.2831505622723618e-18
-3.902,6.072237203178687e-19,-1.3023058241574748e-18
-3.901,6.193470062890889e-19,-1.3217404844018577e-18
-3.9,6.317018908784016e-19,-1.3414584925999029e-18
-3.899,6.442926545121095e-19,-1.3614638517339169e-18
-3.898,6.571236546242077e-19,-1.3817606188471719e-18
-3.897,6.701993270095302e-19,-1.402352905724438e-18
-3.896,6.835241872001566e-19,-1.4232448795800587e-18
-3.895,6.971028318654694e-19,-1.4444407637536292e-18
-3.894,7.109399402362619e-19,-1.46594483841334e-18
-3.893,7.250402755532987e-19,-1.4877614412670457e-18
-3.892,7.394086865407401e-19,-1.5098949682811209e-18
-3.891,7.540501089048496e-19,-1.5323498744071607e-18
-3.89,7.689695668584064e-19,-1.5551306743165926e-18
-3.889,7.8417217467125645e-19,-1.578241943143252e-18
-3.888,7.996631382474394e-19,-1.6016883172339883e-18
-3.887,8.15447756729338e-19,-1.6254744949073594e-18
-3.886,8.315314241293017e-19,-1.6496052372204705e-18
-3.885,8.479196309892063e-19,-1.6740853687440241e-18
-3.884,8.646179660684164e-19,-1.6989197783456328e-18
-3.883,8.816321180606274e-19,-1.72411341998146e-18
-3.882,8.989678773400695e-19,-1.749671313496242e-18
-3.881,9.166311377375649e-19,-1.7755985454317514e-18
-3.88,9.34627898346939e-19,-1.8019002698437644e-18
-3.879,9.529642653622919e-19,-1.828581709127579e-18
-3.878,9.71646453946645e-19,-1.8556481548521497e-18
-3.877,9.9068079013249e-19,-1.8831049686028933e-18
-3.876,1.0100737127547694e-18,-1.9109575828332185e-18
-3.875,1.0298317754168337e-18,-1.9392115017248377e-18
-3.874,1.0499616484899216e-18,-1.9678723020569148e-18
-3.873,1.070470121146726e-18,-1.9969456340841027e-18
-3.872,1.0913641034296122e-18,-2.0264372224235257e-18
-3.871,1.1126506283540662e-18,-2.0563528669507562e-18
-3.87,1.1343368540479615e-18,-2.086698443704841e-18
-3.869,1.1564300659272381e-18,-2.1174799058024285e-18
-3.868,1.1789376789086033e-18,-2.148703284361043e-18
-3.867,1.2018672396598687e-18,-2.180374689431564e-18
-3.866,1.2252264288885487e-18,-2.2125003109399477e-18
-3.865,1.2490230636693606e-18,-2.245086419638251e-18
-3.864,1.2732650998112667e-18,-2.2781393680649956e-18
-3.863,1.2979606342647227e-18,-2.311665591514923e-18
-3.862,1.3231179075697948e-18,-2.345671609018182e-18
-3.861,1.3487453063458273e-18,-2.380164024328997e-18
-3.86,1.3748513658233486e-18,-2.4151495269238528e-18
-3.859,1.4014447724189172e-18,-2.450634893009245e-18
-3.858,1.42853436635362e-18,-2.4866269865390287e-18
-3.857,1.4561291443159477e-18,-2.5231327602414116e-18
-3.856,1.4842382621697791e-18,-2.5601592566556217e-18
-3.855,1.512871037708226e-18,-2.5977136091782915e-18
-3.854,1.5420369534540972e-18,-2.635803043119588e-18
-3.853,1.571745659507749e-18,-2.6744348767691284e-18
-3.852,1.6020069764431133e-18,-2.7136165224717044e-18
-3.851,1.6328308982526954e-18,-2.753355487712851e-18
-3.85,1.6642275953423515e-18,-2.7936593762142865e-18
-3.849,1.6962074175766719e-18,-2.834535889039249e-18
-3.848,1.7287808973758012e-18,-2.875992825707753e-18
-3.847,1.76195875286455e-18,-2.918038085321791e-18
-3.846,1.795751891074657e-18,-2.9606796677004974e-18
-3.845,1.8301714112010816e-18,-3.0039256745252988e-18
-3.844,1.865228607913217e-18,-3.047784310495058e-18
-3.843,1.900934974721929e-18,-3.092263884491236e-18
-3.842,1.9373022074033432e-18,-3.1373728107530728e-18
-3.841,1.9743422074803095e-18,-3.183119610062809e-18
-3.84,2.0120670857625034e-18,-3.2295129109409417e-18
-3.839,2.05048916594612e-18,-3.276561450851533e-18
-3.838,2.0896209882741456e-18,-3.3242740774175586e-18
-3.837,2.1294753132582054e-18,-3.372659749646308e-18
-3.836,2.1700651254629962e-18,-3.421727539164825e-18
-3.835,2.2114036373543325e-18,-3.471486631465387e-18
-3.834,2.253504293211857e-18,-3.521946327161006e-18
-3.833,2.296380773107468e-18,-3.5731160432509506e-18
-3.832,2.3400469969505523e-18,-3.6250053143962615e-18
-3.831,2.3845171286011133e-18,-3.677623794205248e-18
-3.83,2.42980558005191e-18,-3.730981256528942e-18
-3.829,2.475927015680739e-18,-3.785087596766481e-18
-3.828,2.5228963565740103e-18,-3.839952833180398e-18
-3.827,2.57072878492278e-18,-3.895587108221774e-18
-3.826,2.6194397484924325e-18,-3.9520006898652274e-18
-3.825,2.669044965167214e-18,-4.009203972953689e-18
-3.824,2.7195604275708456e-18,-4.0672074805529274e-18
-3.823,2.7710024077644532e-18,-4.126021865315774e-18
-3.822,2.8233874620230896e-18,-4.185657910855981e-18
-3.821,2.8767324356921212e-18,-4.246126533131677e-18
-3.82,2.9310544681247932e-18,-4.307438781838336e-18
-3.819,2.9863709977022948e-18,-4.369605841811216e-18
-3.818,3.0426997669376696e-18,-4.432639034437168e-18
-3.817,3.1000588276649445e-18,-4.496549819075763e-18
-3.816,3.158466546314861e-18,-4.56134979448964e-18
-3.815,3.217941609278625e-18,-4.627050700284e-18
-3.814,3.278503028361106e-18,-4.693664418355138e-18
-3.813,3.3401701463249486e-18,-4.761202974347927e-18
-3.812,3.4029626425270663e-18,-4.829678539122156e-18
-3.811,3.466900538649034e-18,-4.899103430227589e-18
-3.81,3.5320042045228945e-18,-4.969490113387651e-18
-3.809,3.598294364053941e-18,-5.040851203991617e-18
-3.808,3.665792101242041e-18,-5.113199468595165e-18
-3.807,3.7345188663031185e-18,-5.186547826429163e-18
-3.806,3.804496481892398e-18,-5.2609093509165566e-18
-3.805,3.875747149431089e-18,-5.336297271197201e-18
-3.804,3.948293455538167e-18,-5.412724973660476e-18
-3.803,4.02215837856897e-18,-5.490206003485541e-18
-3.802,4.0973652952623326e-18,-5.568754066189039e-18
-3.801,4.173937987498026e-18,-5.648383029180085e-18
-3.8,4.2519006491662835e-18,-5.729106923322346e-18
-3.799,4.331277893151228e-18,-5.810939944503025e-18
-3.798,4.412094758430049e-18,-5.893896455208544e-18
-3.797,4.494376717289793e-18,-5.977990986106711e-18
-3.796,4.5781496826636816e-18,-6.063238237635159e-18
-3.795,4.6634400155888775e-18,-6.149653081595827e-18
-3.794,4.7502745327876694e-18,-6.237250562755246e-18
-3.793,4.8386805143740585e-18,-6.3260459004503706e-18
-3.792,4.928685711687789e-18,-6.416054490199727e-18
-3.791,5.020318355257853e-18,-6.5072919053195815e-18
-3.79,5.113607162897589e-18,-6.599773898544873e-18
-3.789,5.208581347933464e-18,-6.693516403654609e-18
-3.788,5.30527062756972e-18,-6.7885355371014404e-18
-3.787,5.403705231391052e-18,-6.884847599645094e-18
-3.786,5.50391591000556e-18,-6.982469077989352e-18
-3.785,5.6059339438302146e-18,-7.081416646422236e-18
-3.784,5.709791152021136e-18,-7.181707168459065e-18
-3.783,5.815519901551022e-18,-7.283357698488026e-18
-3.782,5.9231531164360715e-18,-7.386385483417885e-18
-3.781,6.032724287114827e-18,-7.490807964327455e-18
-3.78,6.1442674799813574e-18,-7.596642778116453e-18
-3.779,6.257817347075268e-18,-7.703907759157291e-18
-3.778,6.3734091359310506e-18,-7.81262094094744e-18
-3.777,6.491078699589327e-18,-7.922800557761868e-18
-3.776,6.610862506772586e-18,-8.034465046305154e-18
-3.775,6.732797652228042e-18,-8.147633047362795e-18
-3.774,6.856921867240298e-18,-8.262323407451208e-18
-3.773,6.983273530316524e-18,-8.378555180465973e-18
-3.772,7.111891678046919e-18,-8.496347629327766e-18
-3.771,7.242816016143246e-18,-8.615720227625477e-18
-3.77,7.376086930658312e-18,-8.736692661255967e-18
-3.769,7.511745499389243e-18,-8.859284830059903e-18
-3.768,7.649833503467536e-18,-8.983516849453079e-18
-3.767,7.790393439138827e-18,-9.109409052052654e-18
-3.766,7.933468529735433e-18,-9.236981989297673e-18
-3.765,8.079102737844721e-18,-9.366256433063227e-18
-3.764,8.227340777676443e-18,-9.497253377267652e-18
-3.763,8.378228127632178e-18,-9.629994039472015e-18
-3.762,8.531811043080144e-18,-9.764499862471271e-18
-3.761,8.688136569338605e-18,-9.900792515876338e-18
-3.76,8.847252554871208e-18,-1.0038893897686358e-17
-3.759,9.009207664697634e-18,-1.017882613585041e-17
-3.758,9.174051394022963e-18,-1.0320611589817865e-17
-3.757,9.341834082089233e-18,-1.046427285207663e-17
-3.756,9.51260692625273e-18,-1.0609832749678406e-17
-3.755,9.686421996290589e-18,-1.0757314345750148e-17
-3.754,9.863332248940323e-18,-1.090674094099086e-17
-3.753,1.0043391542676009e-17,-1.1058136075152795e-17
-3.752,1.0226654652724853e-17,-1.1211523528506185e-17
-3.751,1.0413177286327945e-17,-1.136692732328651e-17
-3.75,1.0603016098249086e-17,-1.1524371725123379e-17
-3.749,1.0796228706535592e-17,-1.1683881244449982e-17
-3.748,1.099287370853507e-17,-1.1845480637892104e-17
-3.747,1.1193010697172216e-17,-1.200919490963566e-17
-3.746,1.1396700277489742e-17,-1.2175049312771633e-17
-3.745,1.1604004083457585e-17,-1.2343069350617326e-17
-3.744,1.1814984795054661e-17,-1.251328077801278e-17
-3.743,1.202970615562745e-17,-1.2685709602591164e-17
-3.742,1.2248232989529768e-17,-1.2860382086021967e-17
-3.741,1.2470631220048171e-17,-1.3037324745225703e-17
-3.74,1.2696967887617493e-17,-1.3216564353558902e-17
-3.739,1.2927311168331067e-17,-1.3398127941968051e-17
-3.738,1.3161730392750286e-17,-1.3582042800111157e-17
-3.737,1.3400296065018202e-17,-1.376833647744555e-17
-3.736,1.3643079882281945e-17,-1.3957036784280515e-17
-3.735,1.389015475442881e-17,-1.4148171792793303e-17
-3.734,1.4141594824140954e-17,-1.4341769838007044e-17
-3.733,1.4397475487273667e-17,-1.4537859518728995e-17
-3.732,1.4657873413562344e-17,-1.473646969844763e-17
-3.731,1.4922866567663266e-17,-1.4937629506186882e-17
-3.73,1.5192534230533462e-17,-1.5141368337315964e-17
-3.729,1.5466957021154896e-17,-1.5347715854313013e-17
-3.728,1.5746216918608484e-17,-1.55567019874809e-17
-3.727,1.6030397284503268e-17,-1.5768356935613334e-17
-3.726,1.631958288576645e-17,-1.598271116660954e-17
-3.725,1.6613859917799786e-17,-1.6199795418035562e-17
-3.724,1.6913316028008197e-17,-1.6419640697630322e-17
-3.723,1.7218040339706285e-17,-1.6642278283754443e-17
-3.722,1.7528123476408746e-17,-1.686773972577987e-17
-3.721,1.7843657586510615e-17,-1.7096056844418153e-17
-3.72,1.8164736368363432e-17,-1.7327261731985366e-17
-3.719,1.8491455095753508e-17,-1.756138675260141e-17
-3.718,1.882391064378854e-17,-1.7798464542321567e-17
-3.717,1.9162201515198927e-17,-1.8038528009197946e-17
-3.716,1.9506427867060253e-17,-1.828161033326855e-17
-3.715,1.9856691537943464e-17,-1.8527744966471577e-17
-3.714,2.0213096075499407e-17,-1.877696563248246e-17
-3.713,2.0575746764484447e-17,-1.9029306326471202e-17
-3.712,2.094475065523404e-17,-1.92848013147774e-17
-3.711,2.1320216592591172e-17,-1.9543485134500353e-17
-3.71,2.1702255245296762e-17,-1.9805392593001548e-17
-3.709,2.209097913584913e-17,-2.0070558767316772e-17
-3.708,2.248650267083986e-17,-2.0339019003475066e-17
-3.707,2.2888942171773346e-17,-2.061080891572155e-17
-3.706,2.329841590637761e-17,-2.0885964385641248e-17
-3.705,2.3715044120413855e-17,-2.1164521561180837e-17
-3.704,2.41389490699926e-17,-2.1446516855565214e-17
-3.703,2.457025505440409e-17,-2.1731986946105762e-17
-3.702,2.5009088449471004e-17,-2.2020968772896996e-17
-3.701,2.5455577741431484e-17,-2.23134995373983e-17
-3.7,2.5909853561360647e-17,-2.260961670089737e-17
-3.699,2.6372048720138895e-17,-2.290935798285184e-17
-3.698,2.6842298243975445e-17,-2.321276135910556e-17
-3.697,2.7320739410495596e-17,-2.3519865059975847e-17
-3.696,2.780751178540042e-17,-2.3830707568208016e-17
-3.695,2.830275725970767e-17,-2.4145327616793333e-17
-3.694,2.880662008758284e-17,-2.446376418664651e-17
-3.693,2.9319246924769427e-17,-2.4786056504138732e-17
-3.692,2.984078686762756e-17,-2.5112244038482128e-17
-3.691,3.0371391492790374e-17,-2.5442366498961503e-17
-3.69,3.091121489744759e-17,-2.5776463832009045e-17
-3.689,3.146041374026583e-17,-2.6114576218117647e-17
-3.688,3.2019147282955504e-17,-2.6456744068588333e-17
-3.687,3.258757743249411e-17,-2.680300802210725e-17
-3.686,3.3165868784015975e-17,-2.7153408941147497e-17
-3.685,3.375418866437866e-17,-2.7507987908191035e-17
-3.684,3.435270717641629e-17,-2.786678622176576e-17
-3.683,3.4961597243890324e-17,-2.822984539229273e-17
-3.682,3.5581034657148455e-17,-2.8597207137738416e-17
-3.681,3.6211198119502324e-17,-2.89689133790668e-17
-3.68,3.685226929433503e-17,-2.9345006235485814e-17
-3.679,3.750443285294961e-17,-2.972552801948283e-17
-3.678,3.8167876523169626e-17,-3.0110521231643443e-17
-3.677,3.8842791138703476e-17,-3.050002855524795e-17
-3.676,3.952937068928377e-17,-3.089409285063956e-17
-3.675,4.0227812371593815e-17,-3.129275714935841e-17
-3.674,4.093831664099292e-17,-3.16960646480353e-17
-3.673,4.1661087264052766e-17,-3.210405870203881e-17
-3.672,4.239633137191712e-17,-3.25167828188695e-17
-3.671,4.31442595144972e-17,-3.2934280651294576e-17
-3.67,4.390508571551561e-17,-3.3356595990216435e-17
-3.669,4.4679027528411395e-17,-3.378377275726819e-17
-3.668,4.54663060931194e-17,-3.4215854997129235e-17
-3.667,4.626714619373709e-17,-3.465288686955376e-17
-3.666,4.70817763170922e-17,-3.5094912641104805e-17
-3.665,4.7910428712224787e-17,-3.5541976676586644e-17
-3.664,4.875333945079753e-17,-3.5994123430167615e-17
-3.663,4.9610748488448176e-17,-3.645139743618588e-17
-3.662,5.0482899727098344e-17,-3.6913843299629975e-17
-3.661,5.137004107823309e-17,-3.7381505686286206e-17
-3.66,5.2272424527165745e-17,-3.785442931254446e-17
-3.659,5.319030619830293e-17,-3.833265893485411e-17
-3.658,5.412394642142467e-17,-3.881623933882121e-17
-3.657,5.5073609798994794e-17,-3.930521532793829e-17
-3.656,5.603956527451725e-17,-3.9799631711937594e-17
-3.655,5.70220862019537e-17,-4.029953329475871e-17
-3.654,5.802145041621862e-17,-4.0804964862120923e-17
-3.653,5.903794030476765e-17,-4.131597116869099e-17
-3.652,6.007184288029585e-17,-4.183259692483618e-17
-3.651,6.112344985456224e-17,-4.235488678295284e-17
-3.65,6.219305771335748e-17,-4.288288532336001e-17
-3.649,6.328096779263174e-17,-4.341663703974779e-17
-3.648,6.438748635580007e-17,-4.3956186324169583e-17
-3.647,6.551292467224273e-17,-4.4501577451567553e-17
-3.646,6.665759909701833e-17,-4.505285456381986e-17
-3.645,6.782183115180772e-17,-4.561006165329851e-17
-3.644,6.900594760710707e-17,-4.6173242545926103e-17
-3.643,7.021028056568842e-17,-4.674244088371959e-17
-3.642,7.143516754734682e-17,-4.731770010680893e-17
-3.641,7.268095157495285e-17,-4.789906343491838e-17
-3.64,7.394798126183001e-17,-4.8486573848297554e-17
-3.639,7.523661090047651e-17,-4.908027406808956e-17
-3.638,7.654720055265141e-17,-4.968020653612295e-17
-3.637,7.788011614084516e-17,-5.0286413394114035e-17
-3.636,7.92357295411551e-17,-5.089893646226584e-17
-3.635,8.061441867758655e-17,-5.15178172172497e-17
-3.634,8.20165676178006e-17,-5.2143096769555186e-17
-3.633,8.344256667032972e-17,-5.27748158401937e-17
-3.632,8.489281248328304e-17,-5.341301473674093e-17
-3.631,8.636770814456306e-17,-5.4057733328702866e-17
-3.63,8.7867663283616e-17,-5.470901102218981e-17
-3.629,8.939309417473825e-17,-5.53668867338827e-17
-3.628,9.094442384196202e-17,-5.603139886427528e-17
-3.627,9.252208216554294e-17,-5.670258527017592e-17
-3.626,9.412650599007335e-17,-5.738048323645187e-17
-3.625,9.575813923424504e-17,-5.806512944699915e-17
-3.624,9.741743300228541e-17,-5.875655995492013e-17
-3.623,9.910484569709164e-17,-5.945481015189104e-17
-3.622,1.0082084313508762e-16,-6.015991473670128e-17
-3.621,1.0256589866282872e-16,-6.087190768294549e-17
-3.62,1.0434049327537991e-16,-6.159082220584971e-17
-3.619,1.0614511573649304e-16,-6.231669072821198e-17
-3.618,1.0798026270060946e-16,-6.304954484543754e-17
-3.617,1.0984643883671448e-16,-6.378941528964855e-17
-3.616,1.117441569540706e-16,-6.453633189284749e-17
-3.615,1.1367393812985676e-16,-6.529032354911327e-17
-3.614,1.156363118387412e-16,-6.605141817580858e-17
-3.613,1.17631816084416e-16,-6.681964267377649e-17
-3.612,1.196609975331215e-16,-6.759502288650383e-17
-3.611,1.2172441164918997e-16,-6.837758355822878e-17
-3.61,1.2382262283263654e-16,-6.916734829096906e-17
-3.609,1.2595620455882835e-16,-6.996433950044719e-17
-3.608,1.2812573952026068e-16,-7.076857837088847e-17
-3.607,1.3033181977047116e-16,-7.158008480866696e-17
-3.606,1.325750468701225e-16,-7.239887739477417e-17
-3.605,1.3485603203528503e-16,-7.322497333608493e-17
-3.604,1.3717539628795055e-16,-7.405838841539383e-17
-3.603,1.3953377060880967e-16,-7.489913694019587e-17
-3.602,1.4193179609232497e-16,-7.574723169018358e-17
-3.601,1.4437012410413287e-16,-7.660268386343303e-17
-3.6,1.4684941644080765e-16,-7.746550302125031e-17
-3.599,1.493703454920212e-16,-7.833569703164918e-17
-3.598,1.5193359440513306e-16,-7.921327201143074e-17
-3.597,1.545398572522447e-16,-8.00982322668346e-17
-3.596,1.5718983919975438e-16,-8.099058023273106e-17
-3.595,1.5988425668044683e-16,-8.189031641032272e-17
-3.594,1.6262383756815489e-16,-8.279743930332366e-17
-3.593,1.6540932135502905e-16,-8.37119453525835e-17
-3.592,1.6824145933145217e-16,-8.463382886912312e-17
-3.591,1.7112101476863695e-16,-8.55630819655479e-17
-3.59,1.7404876310394374e-16,-8.64996944858043e-17
-3.589,1.7702549212895798e-16,-8.744365393324393e-17
-3.588,1.8005200218036537e-16,-8.839494539695962e-17
-3.587,1.8312910633366518e-16,-8.935355147635649e-17
-3.586,1.8625763059976091e-16,-9.031945220392069e-17
-3.585,1.8943841412446963e-16,-9.12926249661477e-17
-3.584,1.9267230939099047e-16,-9.227304442259117e-17
-3.583,1.9596018242537433e-16,-9.326068242299275e-17
-3.582,1.993029130050368e-16,-9.425550792245242e-17
-3.581,2.027013948703569e-16,-9.525748689459793e-17
-3.58,2.0615653593940504e-16,-9.626658224271164e-17
-3.579,2.0966925852584419e-16,-9.72827537087715e-17
-3.578,2.1324049956004823e-16,-9.830595778036271e-17
-3.577,2.1687121081348287e-16,-9.933614759541542e-17
-3.576,2.2056235912639438e-16,-1.0037327284472309e-16
-3.575,2.2431492663885236e-16,-1.0141727967219501e-16
-3.574,2.281299110251933e-16,-1.0246811057279608e-16
-3.573,2.320083257319125e-16,-1.0352570428812535e-16
-3.572,2.359512002190512e-16,-1.0458999569958455e-16
-3.571,2.399595802051291e-16,-1.056609157190864e-16
-3.57,2.440345279156701e-16,-1.067383911772518e-16
-3.569,2.4817712233537123e-16,-1.078223447090439e-16
-3.568,2.52388459463966e-16,-1.0891269463678592e-16
-3.567,2.5666965257583187e-16,-1.1000935485050905e-16
-3.566,2.6102183248339484e-16,-1.1111223468557502e-16
-3.565,2.654461478043823e-16,-1.1222123879751733e-16
-3.564,2.6994376523297815e-16,-1.1333626703404409e-16
-3.563,2.745158698149331e-16,-1.14457214304144e-16
-3.562,2.7916366522668467e-16,-1.1558397044423605e-16
-3.561,2.8388837405854205e-16,-1.1671642008130257e-16
-3.56,2.8869123810199123e-16,-1.1785444249294356e-16
-3.559,2.9357351864117714e-16,-1.1899791146428977e-16
-3.558,2.985364967486191e-16,-1.2014669514171008e-16
-3.557,3.0358147358521847e-16,-1.2130065588324816e-16
-3.556,3.0870977070461587e-16,-1.2245965010572145e-16
-3.555,3.13922730361958e-16,-1.236235281284149e-16
-3.554,3.1922171582713326e-16,-1.247921340133002e-16
-3.553,3.2460811170253756e-16,-1.259653054017097e-16
-3.552,3.300833242454312e-16,-1.2714287334739417e-16
-3.551,3.356487816949491e-16,-1.2832466214588964e-16
-3.55,3.413059346038275e-16,-1.295104891601204e-16
-3.549,3.470562561749102e-16,-1.3070016464216084e-16
-3.548,3.5290124260249965e-16,-1.3189349155107944e-16
-3.547,3.5884241341861737e-16,-1.3309026536678572e-16
-3.546,3.6488131184424e-16,-1.3429027389979976e-16
-3.545,3.710195051455777e-16,-1.354932970968623e-16
-3.544,3.7725858499546267e-16,-1.3669910684230208e-16
-3.543,3.83600167839916e-16,-1.379074667550751e-16
-3.542,3.900458952699618e-16,-1.391181319813894e-16
-3.541,3.965974343987596e-16,-1.40330848982827e-16
-3.54,4.0325647824412447e-16,-1.4154535531987252e-16
-3.539,4.1002474611650806e-16,-1.4276137943075782e-16
-3.538,4.1690398401251176e-16,-1.439786404055281e-16
-3.537,4.238959650140066e-16,-1.451968477552351e-16
-3.536,4.310024896929331e-16,-1.4641570117616036e-16
-3.535,4.3822538652185687e-16,-1.4763489030896918e-16
-3.534,4.455665122903558e-16,-1.4885409449269558e-16
-3.533,4.530277525273154e-16,-1.5007298251345478e-16
-3.532,4.606110219292111e-16,-1.512912123477797e-16
-3.531,4.683182647944545e-16,-1.5250843090047427e-16
-3.53,4.761514554638846e-16,-1.537242737368757e-16
-3.529,4.841125987674843e-16,-1.5493836480941526e-16
-3.528,4.922037304774028e-16,-1.5615031617836475e-16
-3.527,5.004269177673666e-16,-1.5735972772665463e-16
-3.526,5.087842596785641e-16,-1.585661868686466e-16
-3.525,5.172778875920836e-16,-1.5976926825274208e-16
-3.524,5.25909965707996e-16,-1.6096853345770566e-16
-3.523,5.346826915311624e-16,-1.6216353068257946e-16
-3.522,5.435982963638586e-16,-1.633537944300638e-16
-3.521,5.526590458053002e-16,-1.6453884518323547e-16
-3.52,5.618672402581619e-16,-1.6571818907547335e-16
-3.519,5.712252154421763e-16,-1.668913175534591e-16
-3.518,5.807353429149078e-16,-1.680577070331173e-16
-3.517,5.9040003059979e-16,-1.6921681854835734e-16
-3.516,6.002217233215216e-16,-1.703680973924771e-16
-3.515,6.102029033489151e-16,-1.7151097275208526e-16
-3.514,6.203460909452916e-16,-1.7264485733339713e-16
-3.513,6.306538449265193e-16,-1.7376914698075535e-16
-3.512,6.411287632267937e-16,-1.7488322028722507e-16
-3.511,6.517734834722545e-16,-1.7598643819710968e-16
-3.51,6.625906835625425e-16,-1.7707814360023064e-16
-3.509,6.735830822603936e-16,-1.78157660917812e-16
-3.508,6.847534397893727e-16,-1.7922429567980754e-16
-3.507,6.961045584398508e-16,-1.802773340935049e-16
-3.506,7.076392831833269e-16,-1.8131604260323867e-16
-3.505,7.193605022952004e-16,-1.8233966744104106e-16
-3.504,7.312711479861e-16,-1.8334743416805539e-16
-3.503,7.433741970418759e-16,-1.8433854720653486e-16
-3.502,7.55672671472362e-16,-1.8531218936224574e-16
-3.501,7.681696391690189e-16,-1.8626752133709046e-16
-3.5,7.808682145715668e-16,-1.8720368123176306e-16
-3.499,7.937715593437194e-16,-1.8811978403824608e-16
-3.498,8.068828830581326e-16,-1.8901492112195416e-16
-3.497,8.202054438906795e-16,-1.898881596933264e-16
-3.496,8.337425493241689e-16,-1.9073854226866579e-16
-3.495,8.474975568616197e-16,-1.9156508612002017e-16
-3.494,8.614738747492126e-16,-1.9236678271389615e-16
-3.493,8.756749627090329e-16,-1.9314259713859232e-16
-3.492,8.901043326817273e-16,-1.938914675199359e-16
-3.491,9.047655495791917e-16,-1.9461230442520153e-16
-3.49,9.196622320474161e-16,-1.9530399025498769e-16
-3.489,9.347980532396037e-16,-1.9596537862282239e-16
-3.488,9.501767415996943e-16,-1.9659529372226472e-16
-3.487,9.65802081656412e-16,-1.971925296812657e-16
-3.486,9.816779148279666e-16,-1.9775584990354658e-16
-3.485,9.978081402375365e-16,-1.9828398639674956e-16
-3.484,1.0141967155396586e-15,-1.987756390871101e-16
-3.483,1.0308476577576585e-15,-1.9922947512039687e-16
-3.482,1.0477650441322518e-15,-1.996441281488594e-16
-3.481,1.0649530129814463e-15,-2.0001819760392034e-16
-3.48,1.0824157645718812e-15,-2.0035024795434328e-16
-3.479,1.1001575620017377e-15,-2.0063880794960256e-16
-3.478,1.1181827320953556e-15,-2.0088236984817723e-16
-3.477,1.1364956663096941e-15,-2.0107938863048535e-16
-3.476,1.1551008216527758e-15,-2.0122828119617073e-16
-3.475,1.1740027216142518e-15,-2.0132742554544792e-16
-3.474,1.1932059571082298e-15,-2.0137515994420726e-16
-3.473,1.2127151874285079e-15,-2.013697820725755e-16
-3.472,1.2325351412163549e-15,-2.0130954815662252e-16
-3.471,1.2526706174409845e-15,-2.01192672082899e-16
-3.47,1.273126486392868e-15,-2.0101732449548425e-16
-3.469,1.2939076906900296e-15,-2.0078163187521815e-16
-3.468,1.3150192462974774e-15,-2.0048367560078432e-16
-3.467,1.336466243559916e-15,-2.0012149099130706e-16
-3.466,1.3582538482478912e-15,-1.9969306633011722e-16
-3.465,1.3803873026175198e-15,-1.9919634186933734e-16
-3.464,1.4028719264839571e-15,-1.9862920881492915e-16
-3.463,1.4257131183087553e-15,-1.9798950829184088e-16
-3.462,1.448916356301269e-15,-1.9727503028888476e-16
-3.461,1.4724871995342633e-15,-1.9648351258296953e-16
-3.46,1.4964312890738843e-15,-1.9561263964230488e-16
-3.459,1.5207543491241462e-15,-1.946600415081892e-16
-3.458,1.5454621881861012e-15,-1.936232926549841e-16
-3.457,1.570560700231848e-15,-1.9249991082787295e-16
-3.456,1.5960558658935444e-15,-1.9128735585799323e-16
-3.455,1.6219537536675845e-15,-1.899830284545251e-16
-3.454,1.6482605211341094e-15,-1.8858426897331182e-16
-3.453,1.6749824161920126e-15,-1.8708835616157924e-16
-3.452,1.7021257783096088e-15,-1.854925058783152e-16
-3.451,1.7296970397911357e-15,-1.8379386978986076e-16
-3.45,1.757702727059254e-15,-1.8198953404025803e-16
-3.449,1.7861494619537187e-15,-1.8007651789589142e-16
-3.448,1.8150439630463935e-15,-1.780517723639503e-16
-3.447,1.8443930469727757e-15,-1.7591217878423371e-16
-3.446,1.8742036297802104e-15,-1.736545473938089e-16
-3.445,1.9044827282929678e-15,-1.7127561586402672e-16
-3.444,1.935237461494351e-15,-1.6877204780938861e-16
-3.443,1.9664750519260245e-15,-1.6614043126775104e-16
-3.442,1.9982028271047273e-15,-1.6337727715134407e-16
-3.441,2.0304282209565562e-15,-1.6047901766807182e-16
-3.44,2.063158775268999e-15,-1.5744200471255305e-16
-3.439,2.09640214116089e-15,-1.5426250822635093e-16
-3.438,2.130166080570482e-15,-1.5093671452683166e-16
-3.437,2.1644584677618016e-15,-1.474607246040808e-16
-3.436,2.1992872908494825e-15,-1.43830552385298e-16
-3.435,2.2346606533422547e-15,-1.4004212296607913e-16
-3.434,2.2705867757052754e-15,-1.3609127080798516e-16
-3.433,2.307073996941485e-15,-1.3197373790178746e-16
-3.432,2.344130776192178e-15,-1.2768517189576715e-16
-3.431,2.3817656943569727e-15,-1.2322112418843664e-16
-3.43,2.4199874557333663e-15,-1.1857704798504e-16
-3.429,2.458804889676065e-15,-1.137482963171776e-16
-3.428,2.4982269522762796e-15,-1.0873012002488954e-16
-3.427,2.5382627280611707e-15,-1.0351766570052062e-16
-3.426,2.5789214317136384e-15,-9.810597359367786e-17
-3.425,2.620212409812646e-15,-9.24899754765802e-17
-3.424,2.6621451425942627e-15,-8.66644924690872e-17
-3.423,2.7047292457336282e-15,-8.062423282268191e-17
-3.422,2.747974472148019e-15,-7.436378966267053e-17
-3.421,2.791890713821216e-15,-6.787763868784838e-17
-3.42,2.8364880036493652e-15,-6.116013582686944e-17
-3.419,2.8817765173085173e-15,-5.420551485054312e-17
-3.418,2.9277665751440524e-15,-4.7007884939269054e-17
-3.417,2.9744686440821693e-15,-3.956122820480677e-17
-3.416,3.0218933395636413e-15,-3.1859397165563676e-17
-3.415,3.0700514275000296e-15,-2.389611217457077e-17
-3.414,3.118953826252548e-15,-1.566495879930116e-17
-3.413,3.1686116086337707e-15,-7.159385152472162e-18
-3.412,3.2190360039323796e-15,1.6273008270428019e-18
-3.411,3.2702383999611434e-15,1.0701934144081442e-17
-3.41,3.3222303451283188e-15,2.0071495568742792e-17
-3.409,3.3750235505326735e-15,2.97431145105397e-17
-3.408,3.4286298920823154e-15,3.9724071946088516e-17
-3.407,3.4830614126375253e-15,5.002180340128684e-17
-3.406,3.5383303241777864e-15,6.064390198894621e-17
-3.405,3.594449009993197e-15,7.159812150286311e-17
-3.404,3.6514300269004585e-15,8.289237956932846e-17
-3.403,3.709286107483634e-15,9.453476085709215e-17
-3.402,3.768030162359857e-15,1.0653352034681732e-16
-3.401,3.82767528247019e-15,1.188970866610756e-16
-3.4,3.888234741395816e-15,1.3163406545595287e-16
-3.399,3.949721997699738e-15,1.4475324287535313e-16
-3.398,4.012150697294196e-15,1.5826358906910612e-16
-3.397,4.075534675833969e-15,1.7217426177600317e-16
-3.396,4.139887961135742e-15,1.8649460997290483e-16
-3.395,4.205224775623738e-15,2.0123417759108258e-16
-3.394,4.271559538801778e-15,2.1640270730097733e-16
-3.393,4.3389068697519544e-15,2.320101443665761e-16
-3.392,4.4072815896600986e-15,2.480666405706298e-16
-3.391,4.476698724368212e-15,2.64582558211954e-16
-3.39,4.54717350695404e-15,2.815684741760772e-16
-3.389,4.618721380337958e-15,2.990351840805205e-16
-3.388,4.691357999917333e-15,3.1699370649601547e-16
-3.387,4.765099236228542e-15,3.354552872449878e-16
-3.386,4.839961177636804e-15,3.5443140377865736e-16
-3.385,4.915960133053983e-15,3.739337696341272e-16
-3.384,4.993112634684536e-15,3.939743389728574e-16
-3.383,5.0714354407997506e-15,4.1456531120194245e-16
-3.382,5.150945538540436e-15,4.3571913567963494e-16
-3.381,5.23166014674821e-15,4.574485165065819e-16
-3.38,5.313596718825543e-15,4.797664174042653e-16
-3.379,5.396772945624692e-15,5.026860666821616e-16
-3.378,5.481206758365671e-15,5.262209622951621e-16
-3.377,5.5669163315834024e-15,5.503848769928201e-16
-3.376,5.653920086104173e-15,5.751918635620164e-16
-3.375,5.74223669205153e-15,6.006562601646643e-16
-3.374,5.831885071881749e-15,6.267926957720974e-16
-3.373,5.922884403448992e-15,6.53616095697813e-16
-3.372,6.015254123100263e-15,6.811416872302739e-16
-3.371,6.109013928800298e-15,7.093850053674935e-16
-3.37,6.204183783286479e-15,7.383618986551641e-16
-3.369,6.3007839172538725e-15,7.68088535130113e-16
-3.368,6.39883483257052e-15,7.985814083709015e-16
-3.367,6.498357305523031e-15,8.298573436574123e-16
-3.366,6.599372390092606e-15,8.61933504241301e-16
-3.365,6.701901421261541e-15,8.948273977292178e-16
-3.364,6.80596601835031e-15,9.285568825807362e-16
-3.363,6.911588088385284e-15,9.631401747229588e-16
-3.362,7.01878982949715e-15,9.985958542838023e-16
-3.361,7.127593734350094e-15,1.034942872445994e-15
-3.36,7.238022593601788e-15,1.0722005584238498e-15
-3.359,7.350099499394224e-15,1.1103886265649327e-15
-3.358,7.463847848875446e-15,1.1495271835787295e-15
-3.357,7.57929134775218e-15,1.1896367358945138e-15
-3.356,7.696454013873401e-15,1.230738197150605e-15
-3.355,7.815360180844847e-15,1.2728528958172595e-15
-3.354,7.936034501674472e-15,1.3160025829554777e-15
-3.353,8.058501952448832e-15,1.3602094401140379e-15
-3.352,8.182787836040415e-15,1.4054960873671132e-15
-3.351,8.308917785845842e-15,1.4518855914948595e-15
-3.35,8.436917769554953e-15,1.4994014743094057e-15
-3.349,8.5668140929507e-15,1.5480677211287163e-15
-3.348,8.698633403739815e-15,1.5979087894008325e-15
-3.347,8.832402695414158e-15,1.6489496174810438e-15
-3.346,8.968149311142714e-15,1.7012156335645807e-15
-3.345,9.105900947694104e-15,1.7547327647774589e-15
-3.344,9.245685659389533e-15,1.809527446428153e-15
-3.343,9.387531862086073e-15,1.865626631422816e-15
-3.342,9.531468337190135e-15,1.9230577998468053e-15
-3.341,9.677524235701011e-15,1.981848968715324e-15
-3.34,9.825729082284315e-15,2.0420287018960284e-15
-3.339,9.976112779375195e-15,2.103626120206496e-15
-3.338,1.0128705611311094e-14,2.1666709116895006e-15
-3.337,1.0283538248493909e-14,2.2311933420690856e-15
-3.336,1.0440641751581302e-14,2.2972242653904667e-15
-3.335,1.060004757570699e-14,2.364795134846864e-15
-3.334,1.0761787574729716e-14,2.4339380137963898e-15
-3.333,1.0925894005510701e-14,2.5046855869721776e-15
-3.332,1.1092399532219273e-14,2.577071171889e-15
-3.331,1.12613372306664e-14,2.6511287304496542e-15
-3.33,1.1432740592665815e-14,2.72689288075446e-15
-3.329,1.1606643530422417e-14,2.804398909117265e-15
-3.328,1.1783080380947585e-14,2.8836827822914033e-15
-3.327,1.196208591050108e-14,2.9647811599091155e-15
-3.326,1.2143695319059119e-14,3.0477314071379815e-15
-3.325,1.2327944244808237e-14,3.132571607557986e-15
-3.324,1.2514868768664505e-14,3.2193405762628857e-15
-3.323,1.270450541881768e-14,3.308077873189613e-15
-3.322,1.2896891175299798e-14,3.398823816679498e-15
-3.321,1.3092063474577728e-14,3.491619497275163e-15
-3.32,1.3290060214169191e-14,3.586506791757e-15
-3.319,1.3490919757281684e-14,3.683528377423195e-15
-3.318,1.3694680937473773e-14,3.78272774661734e-15
-3.317,1.3901383063338153e-14,3.884149221507728e-15
-3.316,1.4111065923205877e-14,3.987837969122485e-15
-3.315,1.4323769789871097e-14,4.0938400166447784e-15
-3.314,1.4539535425335684e-14,4.202202266972385e-15
-3.313,1.4758404085573004e-14,4.312972514545976e-15
-3.312,1.4980417525310154e-14,4.426199461450559e-15
-3.311,1.5205618002827882e-14,4.541932733794564e-15
-3.31,1.5434048284777433e-14,4.66022289837114e-15
-3.309,1.5665751651013507e-14,4.78112147960631e-15
-3.308,1.5900771899442455e-14,4.904680976798687e-15
-3.307,1.6139153350884916e-14,5.030954881655536e-15
-3.306,1.638094085395186e-14,5.159997696130047e-15
-3.305,1.6626179789933224e-14,5.2918649505647414e-15
-3.304,1.687491607769809e-14,5.426613222146034e-15
-3.303,1.7127196178605387e-14,5.564300153675029e-15
-3.302,1.7383067101424106e-14,5.704984472659723e-15
-3.301,1.7642576407261904e-14,5.8487260107338605e-15
-3.3,1.7905772214500993e-14,5.995585723407764e-15
-3.299,1.8172703203740124e-14,6.145625710156556e-15
-3.298,1.844341862274148e-14,6.298909234851265e-15
-3.297,1.8717968291381194e-14,6.4555007465383805e-15
-3.296,1.8996402606602263e-14,6.6154659005735454e-15
-3.295,1.927877254736842e-14,6.77887158011511e-15
-3.294,1.95651296796177e-14,6.945785917983401e-15
-3.293,1.9855526161214175e-14,7.116278318891635e-15
-3.292,2.0150014746896426e-14,7.290419482054476e-15
-3.291,2.0448648793221234e-14,7.468281424180386e-15
-3.29,2.0751482263500897e-14,7.649937502853925e-15
-3.289,2.1058569732732555e-14,7.835462440314335e-15
-3.288,2.136996639251786e-14,8.024932347636794e-15
-3.287,2.1685728055971236e-14,8.21842474932282e-15
-3.286,2.200591116261497e-14,8.416018608306427e-15
-3.285,2.2330572783259282e-14,8.617794351382734e-15
-3.284,2.2659770624865487e-14,8.823833895065785e-15
-3.283,2.2993563035390273e-14,9.03422067188252e-15
-3.282,2.3332009008609105e-14,9.249039657109851e-15
-3.281,2.3675168188916664e-14,9.468377395962001e-15
-3.28,2.4023100876102183e-14,9.692322031235258e-15
-3.279,2.437586803009749e-14,9.920963331417512e-15
-3.278,2.473353127569546e-14,1.0154392719270002e-14
-3.277,2.5096152907236568e-14,1.0392703300888778e-14
-3.276,2.5463795893261128e-14,1.063598989525359e-14
-3.275,2.5836523881124743e-14,1.0884349064271928e-14
-3.274,2.6214401201574405e-14,1.1137879143326141e-14
-3.273,2.6597492873282643e-14,1.13966802723316e-14
-3.272,2.6985864607337016e-14,1.166085442731407e-14
-3.271,2.737958281168216e-14,1.1930505452514521e-14
-3.27,2.777871459551157e-14,1.2205739093029729e-14
-3.269,2.818332777360615e-14,1.2486663027997206e-14
-3.268,2.8593490870616503e-14,1.2773386904333044e-14
-3.267,2.900927312528593e-14,1.3066022371031432e-14
-3.266,2.943074449461086e-14,1.336468311403474e-14
-3.265,2.98579756579355e-14,1.3669484891683145e-14
-3.264,3.02910380209773e-14,1.3980545570752996e-14
-3.263,3.073000371977977e-14,1.4297985163093148e-14
-3.262,3.117494562458916e-14,1.4621925862868704e-14
-3.261,3.162593734365127e-14,1.4952492084421724e-14
-3.26,3.208305322692463e-14,1.5289810500758587e-14
-3.259,3.2546368369706354e-14,1.5634010082673837e-14
-3.258,3.301595861616647e-14,1.5985222138520534e-14
-3.257,3.3491900562786865e-14,1.634358035463717e-14
-3.256,3.397427156170063e-14,1.6709220836441518e-14
-3.255,3.4463149723927417e-14,1.708228215020174e-14
-3.254,3.495861392250056e-14,1.7462905365495426e-14
-3.253,3.546074379548138e-14,1.7851234098367244e-14
-3.252,3.596961974885607e-14,1.8247414555196102e-14
-3.251,3.648532295931035e-14,1.8651595577282877e-14
-3.25,3.700793537687714e-14,1.9063928686169933e-14
-3.249,3.7537539727452134e-14,1.9484568129703744e-14
-3.248,3.807421951517224e-14,1.991367092885225e-14
-3.247,3.8618059024651575e-14,2.035139692528856e-14
-3.246,3.9169143323069655e-14,2.079790882975293e-14
-3.245,3.972755826210619e-14,2.1253372271205027e-14
-3.244,4.029339047971695e-14,2.171795584677873e-14
-3.243,4.086672740174471e-14,2.2191831172551815e-14
-3.242,4.144765724335947e-14,2.2675172935143143e-14
-3.241,4.2036269010321733e-14,2.3168158944150043e-14
-3.24,4.263265250006266e-14,2.3670970185438897e-14
-3.239,4.3236898302574584e-14,2.418379087530196e-14
-3.238,4.3849097801105474e-14,2.47068085154938e-14
-3.237,4.446934317265036e-14,2.524021394916077e-14
-3.236,4.5097727388233064e-14,2.5784201417677293e-14
-3.235,4.573434421297099e-14,2.6338968618402718e-14
-3.234,4.637928820591579e-14,2.690471676337297e-14
-3.233,4.703265471966242e-14,2.748165063894112e-14
-3.232,4.76945398997191e-14,2.8069978666381466e-14
-3.231,4.836504068363022e-14,2.866991296347174e-14
-3.23,4.904425479984432e-14,2.928166940706838e-14
-3.229,4.973228076631889e-14,2.990546769668989e-14
-3.228,5.0429217888853734e-14,3.054153141912368e-14
-3.227,5.1135166259144136e-14,3.1190088114071856e-14
-3.226,5.1850226752545225e-14,3.1851369340851743e-14
-3.225,5.2574501025538426e-14,3.252561074616701e-14
-3.224,5.3308091512890854e-14,3.3213052132965697e-14
-3.223,5.4051101424498206e-14,3.39139375304015e-14
-3.222,5.4803634741901467e-14,3.462851526491492e-14
-3.221,5.5565796214467623e-14,3.535703803245116e-14
-3.22,5.633769135522422e-14,3.6099762971831945e-14
-3.219,5.711942643633741e-14,3.685695173929844e-14
-3.218,5.791110848422292e-14,3.7628870584243e-14
-3.217,5.871284527427916e-14,3.8415790426147504e-14
-3.216,5.95247453252312e-14,3.921798693274628e-14
-3.215,6.034691789307451e-14,4.0035740599432054e-14
-3.214,6.117947296460667e-14,4.0869336829923337e-14
-3.213,6.202252125053517e-14,4.17190660182122e-14
-3.212,6.287617417814928e-14,4.258522363181143e-14
-3.211,6.374054388354345e-14,4.346811029632035e-14
-3.21,6.461574320337952e-14,4.436803188132905e-14
-3.209,6.550188566617476e-14,4.528529958768072e-14
-3.208,6.639908548310239e-14,4.622023003611229e-14
-3.207,6.730745753829099e-14,4.717314535729379e-14
-3.206,6.822711737860899e-14,4.814437328328702e-14
-3.205,6.915818120291966e-14,4.913424724044463e-14
-3.204,7.010076585079248e-14,5.0143106443770626e-14
-3.203,7.105498879065563e-14,5.117129599276405e-14
-3.202,7.202096810737463e-14,5.2219166968767396e-14
-3.201,7.299882248924136e-14,5.328707653384214e-14
-3.2,7.39886712143577e-14,5.437538803119344e-14
-3.199,7.499063413639737e-14,5.548447108716702e-14
-3.198,7.600483166972949e-14,5.661470171484091e-14
-3.197,7.70313847738867e-14,5.776646241923564e-14
-3.196,7.807041493736052e-14,5.89401423041662e-14
-3.195,7.912204416070616e-14,6.013613718075988e-14
-3.194,8.018639493893867e-14,6.135484967766406e-14
-3.193,8.126359024320172e-14,6.259668935296865e-14
-3.192,8.23537535016902e-14,6.386207280786782e-14
-3.191,8.345700857980705e-14,6.515142380208642e-14
-3.19,8.457347975953468e-14,6.64651733710965e-14
-3.189,8.57032917180006e-14,6.780375994514966e-14
-3.188,8.684656950521662e-14,6.916762947015166e-14
-3.187,8.800343852097042e-14,7.055723553040556e-14
-3.186,8.917402449084787e-14,7.19730394732504e-14
-3.185,9.035845344136404e-14,7.341551053562249e-14
-3.184,9.155685167418039e-14,7.488512597256696e-14
-3.183,9.276934573938493e-14,7.638237118772746e-14
-3.182,9.399606240781194e-14,7.79077398658422e-14
-3.181,9.523712864237714e-14,7.946173410727497e-14
-3.18,9.649267156840367e-14,8.104486456461017e-14
-3.179,9.776281844291392e-14,8.265765058134108e-14
-3.178,9.904769662286134e-14,8.430062033268122e-14
-3.177,1.003474335322763e-13,8.597431096852877e-14
-3.176,1.0166215662829895e-13,8.767926875861461e-14
-3.175,1.0299199336607209e-13,8.941604923986465e-14
-3.174,1.0433707116246574e-13,9.118521736600802e-14
-3.173,1.056975173586053e-13,9.298734765946223e-14
-3.172,1.070734591811739e-13,9.482302436552788e-14
-3.171,1.0846502370245937e-13,9.669284160892489e-14
-3.17,1.0987233779911537e-13,9.859740355270319e-14
-3.169,1.1129552810960586e-13,1.0053732455956117e-13
-3.168,1.1273472099030102e-13,1.0251322935560542e-13
-3.167,1.141900424701925e-13,1.0452575319658573e-13
-3.166,1.1566161820419487e-13,1.065755420366399e-13
-3.165,1.1714957342499976e-13,1.0866325269958315e-13
-3.164,1.186540328934481e-13,1.107895530527775e-13
-3.163,1.2017512084738542e-13,1.1295512218361655e-13
-3.162,1.2171296094896452e-13,1.1516065057866225e-13
-3.161,1.2326767623035865e-13,1.174068403054697e-13
-3.16,1.2483938903784809e-13,1.1969440519713758e-13
-3.159,1.2642822097424182e-13,1.2202407103962089e-13
-3.158,1.2803429283959564e-13,1.2439657576184468e-13
-3.157,1.296577245701866e-13,1.2681266962865657e-13
-3.156,1.3129863517570366e-13,1.2927311543665704e-13
-3.155,1.3295714267461284e-13,1.3177868871294667e-13
-3.154,1.3463336402765484e-13,1.3433017791683e-13
-3.153,1.363274150694321e-13,1.369283846445165e-13
-3.152,1.3803941043804098e-13,1.3957412383685854e-13
-3.151,1.3976946350270455e-13,1.4226822399016834e-13
-3.15,1.4151768628936e-13,1.4501152737015473e-13
-3.149,1.4328418940415413e-13,1.4780489022902225e-13
-3.148,1.4506908195479888e-13,1.506491830257748e-13
-3.147,1.4687247146973855e-13,1.5354529064976707e-13
-3.146,1.486944638150791e-13,1.5649411264754705e-13
-3.145,1.5053516310922848e-13,1.5949656345303383e-13
-3.144,1.5239467163519703e-13,1.6255357262107475e-13
-3.143,1.5427308975050422e-13,1.6566608506442758e-13
-3.142,1.5617051579463902e-13,1.6883506129421227e-13
-3.141,1.5808704599401821e-13,1.7206147766387922e-13
-3.14,1.600227743643871e-13,1.7534632661673968e-13
-3.139,1.6197779261060535e-13,1.7869061693710588e-13
-3.138,1.6395219002375973e-13,1.8209537400508823e-13
-3.137,1.6594605337554443e-13,1.8556164005509735e-13
-3.136,1.6795946680984812e-13,1.8909047443809986e-13
-3.135,1.6999251173148626e-13,1.9268295388767666e-13
-3.134,1.7204526669201528e-13,1.9634017278993372e-13
-3.133,1.7411780727256464e-13,2.000632434573148e-13
-3.132,1.7621020596362073e-13,2.038532964063675e-13
-3.131,1.7832253204169638e-13,2.0771148063951335e-13
-3.13,1.8045485144281703e-13,2.1163896393087373e-13
-3.129,1.8260722663275457e-13,2.1563693311620398e-13
-3.128,1.8477971647393753e-13,2.1970659438698845e-13
-3.127,1.8697237608896552e-13,2.2384917358874986e-13
-3.126,1.8918525672065394e-13,2.280659165236266e-13
-3.125,1.9141840558853387e-13,2.323580892572729e-13
-3.124,1.936718657417304e-13,2.3672697843013636e-13
-3.123,1.959456759081411e-13,2.411738915731686e-13
-3.122,1.9823987033983495e-13,2.4570015742802524e-13
-3.121,2.005544786545905e-13,2.503071262718117e-13
-3.12,2.0288952567349012e-13,2.549961702464317e-13
-3.119,2.052450312544861e-13,2.5976868369259716e-13
-3.118,2.07621010121852e-13,2.646260834885567e-13
-3.117,2.1001747169143222e-13,2.695698093936025e-13
-3.116,2.124344198915989e-13,2.7460132439641444e-13
-3.115,2.1487185297982643e-13,2.7972211506830205e-13
-3.114,2.173297633547891e-13,2.8493369192140405e-13
-3.113,2.19808137363888e-13,2.9023758977190755e-13
-3.112,2.2230695510610968e-13,2.9563536810834816e-13
-3.111,2.2482619023011883e-13,3.0112861146505307e-13
-3.11,2.2736580972748362e-13,3.0671892980079074e-13
-3.109,2.299257737209319e-13,3.1240795888268967e-13
-3.108,2.3250603524753375e-13,3.1819736067549083e-13
-3.107,2.3510654003670365e-13,3.240888237361986e-13
-3.106,2.377272262829142e-13,3.300840636141944e-13
-3.105,2.40368024413011e-13,3.3618482325687957e-13
-3.104,2.4302885684801505e-13,3.4239287342091384e-13
-3.103,2.457096377592999e-13,3.487100130891151e-13
-3.102,2.4841027281902366e-13,3.5513806989308953e-13
-3.101,2.511306589447001e-13,3.616789005416586e-13
-3.1,2.5387068403778405e-13,3.683343912551526e-13
-3.099,2.5663022671614957e-13,3.75106458205639e-13
-3.098,2.5940915604033427e-13,3.819970479631557e-13
-3.097,2.6220733123342016e-13,3.8900813794801944e-13
-3.096,2.6502460139442163e-13,3.9614173688928025e-13
-3.095,2.6786080520504616e-13,4.033998852893925e-13
-3.094,2.7071577062969177e-13,4.107846558951756e-13
-3.093,2.7358931460854337e-13,4.182981541751361e-13
-3.092,2.7648124274362615e-13,4.259425188032241e-13
-3.091,2.793913489776725e-13,4.337199221490981e-13
-3.09,2.823194152656562e-13,4.4163257077497164e-13
-3.089,2.85265211238844e-13,4.4968270593911676e-13
-3.088,2.8822849386121345e-13,4.578726041060997e-13
-3.087,2.912090070780811e-13,4.662045774638233e-13
-3.086,2.942064814567842e-13,4.746809744474542e-13
-3.085,2.972206338192543e-13,4.833041802703094e-13
-3.084,3.0025116686631994e-13,4.920766174617816e-13
-3.083,3.0329776879357077e-13,5.010007464123784e-13
-3.082,3.063601128986139e-13,5.10079065925956e-13
-3.081,3.094378571795491e-13,5.193141137792256e-13
-3.08,3.125306439244864e-13,5.287084672886099e-13
-3.079,3.1563809929192746e-13,5.382647438845308e-13
-3.078,3.187598328818268e-13,5.479856016932101e-13
-3.077,3.2189543729714715e-13,5.578737401260592e-13
-3.076,3.250444876957196e-13,5.679319004767434e-13
-3.075,3.2820654133221473e-13,5.781628665259999e-13
-3.074,3.313811370900287e-13,5.885694651542918e-13
-3.073,3.345677950028836e-13,5.991545669623806e-13
-3.072,3.3776601576593757e-13,6.099210868998996e-13
-3.071,3.4097528023619866e-13,6.20871984902012e-13
-3.07,3.441950489220285e-13,6.320102665342363e-13
-3.069,3.474247614615225e-13,6.433389836455236e-13
-3.068,3.506638360895458e-13,6.548612350296706e-13
-3.067,3.5391166909320267e-13,6.66580167095153e-13
-3.066,3.5716763425551085e-13,6.784989745434644e-13
-3.065,3.604310822870504e-13,6.906209010560456e-13
-3.064,3.6370134024535053e-13,7.02949239989891e-13
-3.063,3.669777109417744e-13,7.154873350819145e-13
-3.062,3.7025947233565814e-13,7.282385811621667e-13
-3.061,3.7354587691545424e-13,7.412064248759842e-13
-3.06,3.768361510666271e-13,7.543943654151604e-13
-3.059,3.8012949442604206e-13,7.678059552582252e-13
-3.058,3.834250792225851e-13,7.814448009199179e-13
-3.057,3.8672204960374763e-13,7.953145637099438e-13
-3.056,3.900195209479015e-13,8.094189605010984e-13
-3.055,3.9331657916199023e-13,8.237617645068504e-13
-3.054,3.9661227996435203e-13,8.383468060684678e-13
-3.053,3.9990564815238933e-13,8.531779734517771e-13
-3.052,4.031956768547915e-13,8.682592136536417e-13
-3.051,4.064813267680142e-13,8.835945332182487e-13
-3.05,4.097615253767123e-13,8.991879990632915e-13
-3.049,4.1303516615781817e-13,9.15043739316135e-13
-3.048,4.1630110776795204e-13,9.31165944160054e-13
-3.047,4.195581732138453e-13,9.47558866690628e-13
-3.046,4.228051490054517e-13,9.64226823782385e-13
-3.045,4.260407842914158e-13,9.811741969657795e-13
-3.044,4.292637899765627e-13,9.9840543331459e-13
-3.043,4.3247283782106623e-13,1.015925046343828e-12
-3.042,4.356665595209472e-13,1.0337376169182423e-12
-3.041,4.388435457695473e-13,1.0518477941715044e-12
-3.04,4.420023452996176e-13,1.0702602964361653e-12
-3.039,4.451414639056545e-13,1.0889799121844668e-12
-3.038,4.4825936344610967e-13,1.1080115009800928e-12
-3.037,4.5135446082509324e-13,1.1273599944409496e-12
-3.036,4.5442512695318403e-13,1.1470303972130557e-12
-3.035,4.574696856869524e-13,1.1670277879556281e-12
-3.034,4.60486412746796e-13,1.1873573203374504e-12
-3.033,4.634735346126797e-13,1.208024224044602e-12
-3.032,4.664292273973667e-13,1.2290338057996347e-12
-3.031,4.693516156967167e-13,1.2503914503922796e-12
-3.03,4.722387714166241e-13,1.2721026217217608e-12
-3.029,4.750887125761583e-13,1.2941728638508029e-12
-3.028,4.778994020864611e-13,1.3166078020714078e-12
-3.027,4.806687465049519e-13,1.339413143982482e-12
-3.026,4.833945947643771e-13,1.3625946805793928e-12
-3.025,4.860747368762398e-13,1.3861582873555276e-12
-3.024,4.8870690260813e-13,1.4101099254159385e-12
-3.023,4.912887601344754e-13,1.4344556426031406e-12
-3.022,4.938179146602167e-13,1.4592015746351437e-12
-3.021,4.96291907016909e-13,1.484353946255787e-12
-3.02,4.987082122307379e-13,1.509919072397449e-12
-3.019,5.010642380619349e-13,1.5359033593562046e-12
-3.018,5.033573235150607e-13,1.5623133059794961e-12
-3.017,5.055847373196253e-13,1.589155504866387e-12
-3.016,5.077436763804948e-13,1.6164366435804651e-12
-3.015,5.098312641975342e-13,1.6441635058754566e-12
-3.014,5.118445492539202e-13,1.6723429729336176e-12
-3.013,5.137805033725494e-13,1.7009820246169621e-12
-3.012,5.156360200399615e-13,1.7300877407313848e-12
-3.011,5.174079126971815e-13,1.7596673023037386e-12
-3.01,5.190929129968785e-13,1.7897279928719188e-12
-3.009,5.206876690262278e-13,1.820277199788012e-12
-3.008,5.221887434948516e-13,1.8513224155345537e-12
-3.007,5.235926118872051e-13,1.8828712390539532e-12
-3.006,5.248956605787606e-13,1.9149313770911217e-12
-3.005,5.26094184915336e-13,1.9475106455493564e-12
-3.004,5.271843872548992e-13,1.980616970859518e-12
-3.003,5.281623749711702e-13,2.0142583913625407e-12
-3.002,5.290241584183316e-13,2.0484430587053132e-12
-3.001,5.297656488561459e-13,2.0831792392499616e-12
-3.0,5.303826563347674e-13,2.1184753154965654e-12
-2.999,5.308708875385221e-13,2.1543397875193367e-12
-2.998,5.312259435879219e-13,2.1907812744162847e-12
-2.997,5.314433177991594e-13,2.227808515772385e-12
-2.996,5.31518393400326e-13,2.265430373136274e-12
-2.995,5.314464412035762e-13,2.3036558315104837e-12
-2.994,5.312226172324517e-13,2.342494000855226e-12
-2.993,5.308419603035654e-13,2.381954117605729e-12
-2.992,5.302993895618316e-13,2.4220455462031384e-12
-2.991,5.295897019684158e-13,2.4627777806389743e-12
-2.99,5.287075697405626e-13,2.50416044601314e-12
-2.989,5.276475377424486e-13,2.5462033001054777e-12
-2.988,5.264040208261917e-13,2.5889162349608517e-12
-2.987,5.249713011221332e-13,2.6323092784877437e-12
-2.986,5.233435252774966e-13,2.6763925960703383e-12
-2.985,5.215147016425109e-13,2.7211764921940657e-12
-2.984,5.194786974030717e-13,2.7666714120845744e-12
-2.983,5.172292356589976e-13,2.8128879433600905e-12
-2.982,5.147598924469267e-13,2.8598368176971268e-12
-2.981,5.120640937068776e-13,2.907528912509481e-12
-2.98,5.09135112191489e-13,2.955975252640485e-12
-2.979,5.059660643169311e-13,3.0051870120684245e-12
-2.978,5.025499069544693e-13,3.055175515625082e-12
-2.977,4.988794341616426e-13,3.1059522407273136e-12
-2.976,4.949472738520017e-13,3.1575288191215916e-12
-2.975,4.907458844023366e-13,3.2099170386414212e-12
-2.974,4.862675511963044e-13,3.2631288449775392e-12
-2.973,4.815043831033523e-13,3.317176343460795e-12
-2.972,4.764483088918115e-13,3.3720718008576078e-12
-2.971,4.710910735750197e-13,3.4278276471778845e-12
-2.97,4.654242346893146e-13,3.4844564774952754e-12
-2.969,4.594391585027159e-13,3.541971053779636e-12
-2.968,4.5312701615310307e-13,3.6003843067415625e-12
-2.967,4.464787797146688e-13,3.659709337688846e-12
-2.966,4.3948521819141433e-13,3.719959420394698e-12
-2.965,4.321368934364305e-13,3.781148002977576e-12
-2.964,4.2442415599569013e-13,3.843288709792441e-12
-2.963,4.16337140875055e-13,3.9063953433332604e-12
-2.962,4.0786576322918287e-13,3.9704818861465695e-12
-2.961,3.9899971397099643e-13,4.035562502755884e-12
-2.96,3.8972845530035805e-13,4.101651541596753e-12
-2.959,3.800412161505697e-13,4.168763536962226e-12
-2.958,3.6992698755129837e-13,4.2369132109585136e-12
-2.957,3.593745179065038e-13,4.306115475470582e-12
-2.956,3.4837230818592376e-13,4.376385434137428e-12
-2.955,3.3690860702864886e-13,4.447738384336783e-12
-2.954,3.249714057572975e-13,4.520189819178937e-12
-2.953,3.125484333012764e-13,4.593755429509424e-12
-2.952,2.996271510275896e-13,4.66845110592024e-12
-2.951,2.8619474747763554e-13,4.744292940769289e-12
-2.95,2.7223813300840695e-13,4.8212972302077176e-12
-2.949,2.577439343364828e-13,4.899480476214809e-12
-2.948,2.426984889831795e-13,4.978859388640053e-12
-2.947,2.2708783961920029e-13,5.059450887252058e-12
-2.946,2.1089772830709787e-13,5.141272103793869e-12
-2.945,1.9411359063983982e-13,5.224340384044338e-12
-2.944,1.7672054977373866e-13,5.308673289885093e-12
-2.943,1.5870341035398292e-13,5.394288601372693e-12
-2.942,1.400466523309786e-13,5.481204318815509e-12
-2.941,1.207344246656826e-13,5.569438664854866e-12
-2.94,1.0075053892208226e-13,5.6590100865499715e-12
-2.939,8.007846274494754e-14,5.749937257466111e-12
-2.938,5.870131322095332e-14,5.842239079765609e-12
-2.937,3.660185012124077e-14,5.93593468630101e-12
-2.936,1.3762469023457792e-14,6.031043442709924e-12
-2.935,-9.834805688711265e-15,6.127584949510954e-12
-2.934,-3.420832795054631e-14,6.225579044200127e-12
-2.933,-5.937683726787253e-14,6.325045803347188e-12
-2.932,-8.535946609730244e-14,6.426005544691148e-12
-2.931,-1.1217574735725082e-13,6.5284788292343955e-12
-2.93,-1.3984562207186578e-13,6.632486463334722e-12
-2.929,-1.6838944715005127e-13,6.7380495007945385e-12
-2.928,-1.9782800330178866e-13,6.845189244946562e-12
-2.927,-2.2818250309399756e-13,6.953927250735229e-12
-2.926,-2.594745991482097e-13,7.06428532679305e-12
-2.925,-2.9172639248236257e-13,7.176285537511121e-12
-2.924,-3.249604409990546e-13,7.289950205102958e-12
-2.923,-3.591997681226364e-13,7.40530191166081e-12
-2.922,-3.9446787158755e-13,7.522363501203571e-12
-2.921,-4.307887323803603e-13,7.641158081715391e-12
-2.92,-4.681868238379612e-13,7.761709027174056e-12
-2.919,-5.066871209044748e-13,7.884039979568172e-12
-2.918,-5.463151095493956e-13,8.008174850902173e-12
-2.917,-5.870967963495751e-13,8.134137825188116e-12
-2.916,-6.290587182376711e-13,8.261953360423253e-12
-2.915,-6.72227952419734e-13,8.39164619055225e-12
-2.914,-7.166321264646312e-13,8.52324132741298e-12
-2.913,-7.622994285680568e-13,8.656764062664719e-12
-2.912,-8.092586179939098e-13,8.792239969697594e-12
-2.911,-8.575390356958647e-13,8.929694905522038e-12
-2.91,-9.071706151219986e-13,9.06915501263704e-12
-2.909,-9.581838932053802e-13,9.210646720875866e-12
-2.908,-1.0106100215435675e-12,9.354196749227969e-12
-2.907,-1.0644807777700017e-12,9.499832107635717e-12
-2.906,-1.1198285771203273e-12,9.647580098764516e-12
-2.905,-1.176686484196716e-12,9.797468319744955e-12
-2.904,-1.235088224933304e-12,9.949524663885421e-12
-2.903,-1.2950681987659116e-12,1.0103777322353733e-11
-2.902,-1.3566614910092415e-12,1.0260254785826199e-11
-2.901,-1.419903885444814e-12,1.0418985846102518e-11
-2.9,-1.4848318771229283e-12,1.0579999597684841e-11
-2.899,-1.5514826853819916e-12,1.0743325439319371e-11
-2.898,-1.619894267088607e-12,1.090899307549869e-11
-2.897,-1.6901053301018512e-12,1.1077032517923081e-11
-2.896,-1.7621553469652235e-12,1.1247474086919007e-11
-2.895,-1.8360845688297983e-12,1.1420348412812834e-11
-2.894,-1.911934039612158e-12,1.1595686437257923e-11
-2.893,-1.9897456103907306e-12,1.1773519414513054e-11
-2.892,-2.0695619540442175e-12,1.1953878912670201e-11
-2.891,-2.1514265801358238e-12,1.2136796814829525e-11
-2.89,-2.235383850047086e-12,1.2322305320219472e-11
-2.889,-2.3214789923651106e-12,1.251043694525978e-11
-2.888,-2.409758118527112e-12,1.270122452456511e-11
-2.887,-2.5002682387261818e-12,1.2894701211887042e-11
-2.886,-2.5930572780822728e-12,1.3090900480992008e-11
-2.885,-2.6881740930824374e-12,1.328985612647276e-11
-2.884,-2.7856684882944118e-12,1.3491602264490877e-11
-2.883,-2.885591233357697e-12,1.3696173333447747e-11
-2.882,-2.9879940802563354e-12,1.3903604094581395e-11
-2.881,-3.092929780877639e-12,1.4113929632486479e-11
-2.88,-3.200452104861191e-12,1.4327185355554685e-11
-2.879,-3.310615857742481e-12,1.4543406996332712e-11
-2.878,-3.4234768993956114e-12,1.476263061179493e-11
-2.877,-3.5390921627795524e-12,1.498489258352774e-11
-2.876,-3.657519672992496e-12,1.5210229617822626e-11
-2.875,-3.7788185666389095e-12,1.5438678745674746e-11
-2.874,-3.903049111513949e-12,1.5670277322683878e-11
-2.873,-4.030272726609962e-12,1.5905063028854444e-11
-2.872,-4.160552002449853e-12,1.6143073868291287e-11
-2.871,-4.293950721752163e-12,1.6384348168787702e-11
-2.87,-4.4305338804327735e-12,1.6628924581302298e-11
-2.869,-4.570367708948185e-12,1.6876842079320966e-11
-2.868,-4.713519693985432e-12,1.71281399581004e-11
-2.867,-4.8600586005036906e-12,1.7382857833789253e-11
-2.866,-5.01005449413278e-12,1.7641035642423166e-11
-2.865,-5.163578763933742e-12,1.790271363878966e-11
-2.864,-5.320704145526817e-12,1.8167932395158818e-11
-2.863,-5.48150474459215e-12,1.843673279987566e-11
-2.862,-5.646056060748665e-12,1.870915605580988e-11
-2.861,-5.8144350118165755e-12,1.8985243678658674e-11
-2.86,-5.986719958469106e-12,1.926503749509815e-11
-2.859,-6.162990729279025e-12,1.9548579640778767e-11
-2.858,-6.343328646165711e-12,1.9835912558160176e-11
-2.857,-6.5278165502484656e-12,2.0127078994180606e-11
-2.856,-6.7165388281119586e-12,2.042212199775603e-11
-2.855,-6.9095814384896535e-12,2.072108491710398e-11
-2.854,-7.107031939371219e-12,2.1024011396886978e-11
-2.853,-7.308979515539942e-12,2.1330945375170357e-11
-2.852,-7.515515006546286e-12,2.1641931080189046e-11
-2.851,-7.726730935123726e-12,2.1957013026917913e-11
-2.85,-7.942721536053192e-12,2.2276236013440022e-11
-2.849,-8.163582785482375e-12,2.2599645117107116e-11
-2.848,-8.389412430706362e-12,2.2927285690486407e-11
-2.847,-8.620310020416018e-12,2.325920335708773e-11
-2.846,-8.856376935420735e-12,2.3595444006864915e-11
-2.845,-9.097716419852115e-12,2.39360537914851e-11
-2.844,-9.344433612855324e-12,2.42810791193596e-11
-2.843,-9.596635580774882e-12,2.463056665042974e-11
-2.842,-9.854431349841762e-12,2.498456329070101e-11
-2.841,-1.0117931939368688e-11,2.5343116186518645e-11
-2.84,-1.0387250395460707e-11,2.5706272718577625e-11
-2.839,-1.0662501825248053e-11,2.607408049566001e-11
-2.838,-1.0943803431648513e-11,2.6446587348092185e-11
-2.837,-1.1231274548666527e-11,2.6823841320914633e-11
-2.836,-1.1525036677236336e-11,2.7205890666756537e-11
-2.835,-1.1825213521616584e-11,2.7592783838407427e-11
-2.834,-1.213193102634386e-11,2.798456948107788e-11
-2.833,-1.2445317413752737e-11,2.83812964243411e-11
-2.832,-1.276550322206994e-11,2.878301367374709e-11
-2.831,-1.309262134409038e-11,2.918977040210084e-11
-2.83,-1.3426807066442855e-11,2.9601615940395875e-11
-2.829,-1.3768198109453272e-11,3.001859976839424e-11
-2.828,-1.41169346676134e-11,3.044077150484385e-11
-2.827,-1.4473159450663174e-11,3.086818089732396e-11
-2.826,-1.4837017725294667e-11,3.13008778117092e-11
-2.825,-1.5208657357485972e-11,3.173891222124255e-11
-2.824,-1.5588228855473255e-11,3.218233419520735e-11
-2.823,-1.5975885413369386e-11,3.263119388718824e-11
-2.822,-1.637178295543756e-11,3.308554152291072e-11
-2.821,-1.6776080181028485e-11,3.354542738764875e-11
-2.82,-1.718893861018977e-11,3.40109018131897e-11
-2.819,-1.7610522629956154e-11,3.44820151643456e-11
-2.818,-1.8040999541329457e-11,3.4958817824999476e-11
-2.817,-1.8480539606957017e-11,3.544136018367536e-11
-2.816,-1.8929316099517672e-11,3.592969261862019e-11
-2.815,-1.938750535082425e-11,3.6423865482385726e-11
-2.814,-1.985528680165172e-11,3.692392908589826e-11
-2.813,-2.03328430523002e-11,3.742993368200363e-11
-2.812,-2.0820359913902082e-11,3.79419294484749e-11
-2.811,-2.1318026460482715e-11,3.8459966470469645e-11
-2.81,-2.182603508178398e-11,3.8984094722423664e-11
-2.809,-2.23445815368604e-11,3.951436404936754e-11
-2.808,-2.2873865008457352e-11,4.00508241476523e-11
-2.807,-2.341408815818104e-11,4.059352454507001e-11
-2.806,-2.3965457182470062e-11,4.114251458035504e-11
-2.805,-2.4528181869378435e-11,4.1697843382051187e-11
-2.804,-2.5102475656179936e-11,4.225955984672978e-11
-2.803,-2.5688555687803862e-11,4.282771261654349e-11
-2.802,-2.628664287611228e-11,4.3402350056100125e-11
-2.801,-2.6896961960028884e-11,4.3983520228640685e-11
-2.8,-2.7519741566529857e-11,4.457127087150525e-11
-2.799,-2.8155214272506875e-11,4.516564937087029e-11
-2.798,-2.8803616667512847e-11,4.5766702735740374e-11
-2.797,-2.946518941740077e-11,4.637447757117711e-11
-2.796,-3.014017732886627e-11,4.698902005074769e-11
-2.795,-3.0828829414904516e-11,4.7610375888175076e-11
-2.794,-3.153139896119218e-11,4.823859030817156e-11
-2.793,-3.2248143593405205e-11,4.887370801643697e-11
-2.792,-3.297932534548332e-11,4.951577316880251e-11
-2.791,-3.372521072885212e-11,5.016482933950081e-11
-2.79,-3.448607080261381e-11,5.0820919488542246e-11
-2.789,-3.5262181244717605e-11,5.148408592817753e-11
-2.788,-3.605382242412097e-11,5.2154370288425735e-11
-2.787,-3.686127947395288e-11,5.2831813481646875e-11
-2.786,-3.7684842365690335e-11,5.351645566613752e-11
-2.785,-3.8524805984359554e-11,5.420833620872758e-11
-2.784,-3.938147020477313e-11,5.490749364635606e-11
-2.783,-4.025513996881465e-11,5.5613965646602875e-11
-2.782,-4.11461253637823e-11,5.632778896715368e-11
-2.781,-4.2054741701803034e-11,5.704899941417406e-11
-2.78,-4.298130960032887e-11,5.7777631799568874e-11
-2.779,-4.392615506372706e-11,5.851371989710231e-11
-2.778,-4.488960956597582e-11,5.925729639735358e-11
-2.777,-4.587201013447742e-11,6.000839286148255e-11
-2.776,-4.687369943500048e-11,6.076703967377957e-11
-2.775,-4.789502585776329e-11,6.153326599297264e-11
-2.774,-4.8936343604670104e-11,6.230709970226512e-11
-2.773,-4.9998012777712405e-11,6.30885673580763e-11
-2.772,-5.1080399468547046e-11,6.38776941374566e-11
-2.771,-5.2183875849263364e-11,6.467450378414905e-11
-2.77,-5.3308820264351316e-11,6.547901855326758e-11
-2.769,-5.445561732388273e-11,6.629125915456245e-11
-2.768,-5.562465799791779e-11,6.71112446942426e-11
-2.767,-5.681633971214888e-11,6.793899261532379e-11
-2.766,-5.8031066444793996e-11,6.877451863647129e-11
-2.765,-5.926924882475188e-11,6.961783668930485e-11
-2.764,-6.053130423103108e-11,7.046895885413328e-11
-2.763,-6.181765689346516e-11,7.13278952940854e-11
-2.762,-6.312873799472622e-11,7.219465418760329e-11
-2.761,-6.446498577364911e-11,7.306924165926337e-11
-2.76,-6.582684562987825e-11,7.395166170888994e-11
-2.759,-6.721477022984967e-11,7.48419161389254e-11
-2.758,-6.862921961412009e-11,7.574000448002049e-11
-2.757,-7.00706613060556e-11,7.664592391480721e-11
-2.756,-7.153957042189175e-11,7.755966919981675e-11
-2.755,-7.303642978217754e-11,7.848123258550338e-11
-2.754,-7.456173002461518e-11,7.941060373433517e-11
-2.753,-7.611596971830796e-11,8.034776963691134e-11
-2.752,-7.769965547942803e-11,8.129271452606532e-11
-2.751,-7.931330208831634e-11,8.22454197889121e-11
-2.75,-8.095743260802662e-11,8.320586387679706e-11
-2.749,-8.263257850432521e-11,8.417402221310372e-11
-2.748,-8.433927976715891e-11,8.514986709887573e-11
-2.747,-8.607808503360227e-11,8.613336761620903e-11
-2.746,-8.78495517122964e-11,8.712448952936795e-11
-2.745,-8.965424610939061e-11,8.81231951835793e-11
-2.744,-9.149274355599879e-11,8.912944340145694e-11
-2.743,-9.336562853718185e-11,9.014318937700862e-11
-2.742,-9.527349482246739e-11,9.11643845671763e-11
-2.741,-9.721694559791842e-11,9.219297658085985e-11
-2.74,-9.91965935997617e-11,9.322890906537345e-11
-2.739,-1.0121306124958717e-10,9.427212159028267e-11
-2.738,-1.0326698079112922e-10,9.532254952857015e-11
-2.737,-1.0535899442864064e-10,9.638012393507549e-11
-2.736,-1.0748975446686978e-10,9.744477142215547e-11
-2.735,-1.096599234526517e-10,9.85164140325086e-11
-2.734,-1.1187017431812325e-10,9.959496910910751e-11
-2.733,-1.141211905255727e-10,1.0068034916218187e-10
-2.732,-1.1641366621393347e-10,1.0177246173319293e-10
-2.731,-1.1874830634693208e-10,1.028712092557401e-10
-2.73,-1.211258268628998e-10,1.0397648891333906e-10
-2.729,-1.2354695482625744e-10,1.0508819249400944e-10
-2.728,-1.2601242858068244e-10,1.062062062416092e-10
-2.727,-1.2852299790396715e-10,1.0733041070385187e-10
-2.726,-1.310794241645772e-10,1.084606805769413e-10
-2.725,-1.3368248047991833e-10,1.09596884546758e-10
-2.724,-1.3633295187631968e-10,1.107388851265292e-10
-2.723,-1.3903163545074196e-10,1.1188653849091452e-10
-2.722,-1.417793405342176e-10,1.1303969430643704e-10
-2.721,-1.445768888570307e-10,1.1419819555818894e-10
-2.72,-1.4742511471564344e-10,1.1536187837273941e-10
-2.719,-1.5032486514137593e-10,1.1653057183717134e-10
-2.718,-1.5327700007084594e-10,1.177040978141719e-10
-2.717,-1.5628239251817394e-10,1.1888227075310102e-10
-2.716,-1.5934192874896018e-10,1.2006489749696037e-10
-2.715,-1.6245650845603796e-10,1.2125177708518387e-10
-2.714,-1.656270449370089e-10,1.2244270055217005e-10
-2.713,-1.68854465273564e-10,1.2363745072147436e-10
-2.712,-1.7213971051259505e-10,1.248358019955788e-10
-2.711,-1.754837358490997e-10,1.260375201411545e-10
-2.71,-1.7888751081088362e-10,1.2724236206973169e-10
-2.709,-1.8235201944506192e-10,1.2845007561368933e-10
-2.708,-1.858782605063629e-10,1.2966039929747666e-10
-2.707,-1.8946724764723472e-10,1.3087306210397545e-10
-2.706,-1.9312000960975707e-10,1.320877832359119e-10
-2.705,-1.9683759041935806e-10,1.333042718722251e-10
-2.704,-2.0062104958033615e-10,1.3452222691929627e-10
-2.703,-2.0447146227318704e-10,1.3574133675694353e-10
-2.702,-2.0838991955373414e-10,1.3696127897908332e-10
-2.701,-2.123775285540606e-10,1.381817201289592e-10
-2.7,-2.164354126852411e-10,1.3940231542883651e-10
-2.699,-2.2056471184186943e-10,1.406227085040599e-10
-2.698,-2.24766582608379e-10,1.4184253110136886e-10
-2.697,-2.2904219846715106e-10,1.430614028013652e-10
-2.696,-2.333927500084057e-10,1.442789307250235e-10
-2.695,-2.378194451418696e-10,1.45494709234135e-10
-2.694,-2.4232350931021385e-10,1.4670831962557304e-10
-2.693,-2.4690618570425355e-10,1.479193298192661e-10
-2.692,-2.5156873547990216e-10,1.4912729403976307e-10
-2.691,-2.5631243797686964e-10,1.5033175249127308e-10
-2.69,-2.6113859093909537e-10,1.5153223102606086e-10
-2.689,-2.660485107369042e-10,1.5272824080607587e-10
-2.688,-2.7104353259087364e-10,1.539192779576922e-10
-2.687,-2.761250107973995e-10,1.5510482321943373e-10
-2.686,-2.81294318955945e-10,1.5628434158255748e-10
-2.685,-2.865528501979599e-10,1.574572819243653e-10
-2.684,-2.9190201741745134e-10,1.5862307663411294e-10
-2.683,-2.973432535031911e-10,1.5978114123138258e-10
-2.682,-3.0287801157254005e-10,1.6093087397678304e-10
-2.681,-3.0850776520687e-10,1.6207165547484008e-10
-2.68,-3.142340086885625e-10,1.632028482689363e-10
-2.679,-3.200582572395632e-10,1.6432379642815848e-10
-2.678,-3.259820472614671e-10,1.6543382512590797e-10
-2.677,-3.320069365771118e-10,1.6653224021012656e-10
-2.676,-3.3813450467365156e-10,1.676183277649895e-10
-2.675,-3.4436635294708554e-10,1.686913536639134e-10
-2.674,-3.5070410494821154e-10,1.6975056311372532e-10
-2.673,-3.5714940662997453e-10,1.7079518018983674e-10
-2.672,-3.6370392659617926e-10,1.718244073622635e-10
-2.671,-3.703693563515329e-10,1.728374250123304e-10
-2.67,-3.771474105529832e-10,1.738333909398966e-10
-2.669,-3.8403982726231617e-10,1.7481143986093584e-10
-2.668,-3.9104836819997443e-10,1.7577068289530183e-10
-2.667,-3.9817481900005713e-10,1.7671020704450813e-10
-2.666,-4.0542098946645987e-10,1.7762907465934766e-10
-2.665,-4.1278871383011013e-10,1.7852632289717543e-10
-2.664,-4.202798510072549e-10,1.7940096316867458e-10
-2.663,-4.278962848587517e-10,1.802519805739238e-10
-2.662,-4.3563992445031453e-10,1.810783333275806e-10
-2.661,-4.4351270431366375e-10,1.8187895217299328e-10
-2.66,-4.5151658470852657e-10,1.8265273978504966e-10
-2.659,-4.5965355188543274e-10,1.8339857016157042e-10
-2.658,-4.679256183492483e-10,1.841152880030492e-10
-2.657,-4.76334823123387e-10,1.8480170808054092e-10
-2.656,-4.848832320146381e-10,1.8545661459149534e-10
-2.655,-4.935729378785465e-10,1.8607876050333043e-10
-2.654,-5.024060608852766e-10,1.866668668845373e-10
-2.653,-5.113847487858928e-10,1.8721962222310447e-10
-2.652,-5.205111771789849e-10,1.8773568173204755e-10
-2.651,-5.297875497775606e-10,1.8821366664182551e-10
-2.65,-5.392160986761334e-10,1.8865216347942275e-10
-2.649,-5.487990846179218e-10,1.89049723333873e-10
-2.648,-5.585387972620794e-10,1.8940486110799654e-10
-2.647,-5.684375554508696e-10,1.8971605475612053e-10
-2.646,-5.784977074766974e-10,1.8998174450754755e-10
-2.645,-5.887216313489058e-10,1.902003320755352e-10
-2.644,-5.991117350602432e-10,1.9037017985154477e-10
-2.643,-6.096704568529044e-10,1.904896100845154e-10
-2.642,-6.204002654840428e-10,1.905569040449147e-10
-2.641,-6.313036604906517e-10,1.9057030117331466e-10
-2.64,-6.423831724537059e-10,1.905279982132375e-10
-2.639,-6.53641363261452e-10,1.904281483280124e-10
-2.638,-6.650808263717345e-10,1.9026886020138102e-10
-2.637,-6.76704187073238e-10,1.9004819712158505e-10
-2.636,-6.885141027455241e-10,1.8976417604866632e-10
-2.635,-7.005132631177368e-10,1.8941476666470532e-10
-2.634,-7.127043905258467e-10,1.8899789040672101e-10
-2.633,-7.250902401683011e-10,1.8851141948195007e-10
-2.632,-7.376736003599401e-10,1.8795317586522085e-10
-2.631,-7.504572927840396e-10,1.873209302781323e-10
-2.63,-7.634441727423311e-10,1.8661240114974497e-10
-2.629,-7.766371294028511e-10,1.8582525355848698e-10
-2.628,-7.90039086045463e-10,1.8495709815497337e-10
-2.627,-8.036530003048903e-10,1.8400549006543408e-10
-2.626,-8.174818644111002e-10,1.8296792777544066e-10
-2.625,-8.315287054268641e-10,1.818418519936182e-10
-2.624,-8.457965854823235e-10,1.8062464449502493e-10
-2.623,-8.6028860200638e-10,1.7931362694387738e-10
-2.622,-8.750078879547264e-10,1.7790605969529454e-10
-2.621,-8.899576120343276e-10,1.7639914057573084e-10
-2.62,-9.051409789241563e-10,1.7479000364176268e-10
-2.619,-9.205612294919841e-10,1.7307571791688924e-10
-2.618,-9.36221641007019e-10,1.7125328610600395e-10
-2.617,-9.521255273481796e-10,1.693196432871882e-10
-2.616,-9.68276239207785e-10,1.6727165558047458e-10
-2.615,-9.846771642904412e-10,1.6510611879322258e-10
-2.614,-1.0013317275068852e-9,1.6281975704174475e-10
-2.613,-1.0182433911625604e-9,1.6040922134881671e-10
-2.612,-1.0354156551406709e-9,1.5787108821670046e-10
-2.611,-1.0528520570794718e-9,1.5520185817530459e-10
-2.61,-1.0705561725435338e-9,1.523979543051014e-10
-2.609,-1.0885316151887238e-9,1.4945572073441544e-10
-2.608,-1.1067820369206251e-9,1.463714211106936e-10
-2.607,-1.125311128046126e-9,1.4314123704536172e-10
-2.606,-1.144122617417887e-9,1.3976126653186861e-10
-2.605,-1.1632202725713956e-9,1.3622752233651197e-10
-2.604,-1.1826078998543104e-9,1.3253593036163779e-10
-2.603,-1.2022893445477827e-9,1.2868232798079815e-10
-2.602,-1.2222684909794437e-9,1.2466246234544838e-10
-2.601,-1.2425492626277295e-9,1.2047198866275885e-10
-2.6,-1.2631356222172148e-9,1.1610646844411256e-10
-2.599,-1.2840315718046106e-9,1.115613677238534e-10
-2.598,-1.3052411528550793e-9,1.0683205524784611e-10
-2.597,-1.3267684463085062e-9,1.0191380063140277e-10
-2.596,-1.3486175726353612e-9,9.680177248612647e-11
-2.595,-1.3707926918817728e-9,9.149103651521683e-11
-2.594,-1.393298003703427e-9,8.597655357677743e-11
-2.593,-1.416137747387897e-9,8.02531777146596e-11
-2.592,-1.4393162018649963e-9,7.431565415637213e-11
-2.591,-1.4628376857047382e-9,6.815861727758101e-11
-2.59,-1.4867065571024766e-9,6.17765885327179e-11
-2.589,-1.5109272138507897e-9,5.516397435121112e-11
-2.588,-1.5355040932976613e-9,4.8315063998847286e-11
-2.587,-1.5604416722904975e-9,4.1224027403766624e-11
-2.586,-1.585744467105511e-9,3.3884912946589455e-11
-2.585,-1.6114170333619927e-9,2.629164521416618e-11
-2.584,-1.6374639659209734e-9,1.84380227164376e-11
-2.583,-1.663889898767777e-9,1.0317715565887132e-11
-2.582,-1.6906995048779426e-9,1.9242631190609586e-12
-2.581,-1.7178974960659876e-9,-6.748928420373087e-12
-2.58,-1.7454886228164735e-9,-1.57085884375626e-11
-2.579,-1.7734776740968137e-9,-2.4961584381943704e-11
-2.578,-1.8018694771512597e-9,-3.451492428279564e-11
-2.577,-1.8306688972754822e-9,-4.4375759305427705e-11
-2.576,-1.8598808375711525e-9,-5.455138634855483e-11
-2.575,-1.889510238679915e-9,-6.504925068342342e-11
-2.574,-1.9195620784961295e-9,-7.587694863525461e-11
-2.573,-1.9500413718577394e-9,-8.704223030757716e-11
-2.572,-1.9809531702146237e-9,-9.855300235002808e-11
-2.571,-2.0123025612737523e-9,-1.1041733077020388e-10
-2.57,-2.044094668620474e-9,-1.2264344379015118e-10
-2.569,-2.076334651315229e-9,-1.352397347480902e-10
-2.568,-2.1090277034649746e-9,-1.4821476504597085e-10
-2.567,-2.1421790537685962e-9,-1.6157726714346484e-10
-2.566,-2.175793965035549e-9,-1.7533614759900472e-10
-2.565,-2.209877733676971e-9,-1.8950049015848378e-10
-2.564,-2.2444356891684843e-9,-2.040795588922372e-10
-2.563,-2.2794731934838835e-9,-2.1908280138092992e-10
-2.562,-2.314995640498894e-9,-2.3451985195098146e-10
-2.561,-2.351008455364168e-9,-2.5040053496016297e-10
-2.56,-2.387517093846653e-9,-2.6673486813400715e-10
-2.559,-2.424527041638476e-9,-2.835330659536771e-10
-2.558,-2.4620438136324347e-9,-3.0080554309594327e-10
-2.557,-2.500072953163188e-9,-3.18562917925925e-10
-2.556,-2.538620031213219e-9,-3.3681601604325664e-10
-2.555,-2.5776906455826076e-9,-3.555758738823422e-10
-2.554,-2.6172904200216436e-9,-3.7485374236736973e-10
-2.553,-2.657425003325285e-9,-3.9466109062275813e-10
-2.552,-2.6981000683884405e-9,-4.1500960973971657e-10
-2.551,-2.7393213112210384e-9,-4.3591121659959864e-10
-2.55,-2.7810944499218216e-9,-4.5737805775473974e-10
-2.549,-2.8234252236097825e-9,-4.794225133674693e-10
-2.548,-2.866319391312126e-9,-5.020572012079945e-10
-2.547,-2.9097827308076337e-9,-5.252949807118546e-10
-2.546,-2.9538210374242697e-9,-5.491489570976525e-10
-2.545,-2.998440122789845e-9,-5.736324855457692e-10
-2.544,-3.0436458135345395e-9,-5.987591754387753e-10
-2.543,-3.089443949944046e-9,-6.245428946642535e-10
-2.542,-3.135840384562073e-9,-6.509977739807532e-10
-2.541,-3.182840980740934e-9,-6.781382114475988e-10
-2.54,-3.2304516111389004e-9,-7.059788769192777e-10
-2.539,-3.27867815616298e-9,-7.345347166051377e-10
-2.538,-3.32752650235576e-9,-7.638209576951254e-10
-2.537,-3.3770025407249133e-9,-7.938531130523013e-10
-2.536,-3.427112165013942e-9,-8.246469859728688e-10
-2.535,-3.477861269912705e-9,-8.56218675014457e-10
-2.534,-3.52925574920625e-9,-8.885845788934014e-10
-2.533,-3.58130149386042e-9,-9.21761401451765e-10
-2.532,-3.6340043900427065e-9,-9.557661566948489e-10
-2.531,-3.6873703170767524e-9,-9.906161738999384e-10
-2.53,-3.741405145328907e-9,-1.0263291027970377e-9
-2.529,-3.796114734025185e-9,-1.0629229188223414e-9
-2.528,-3.8515049289969434e-9,-1.1004159284451985e-9
-2.527,-3.9075815603535814e-9,-1.1388267745693192e-9
-2.526,-3.964350440080503e-9,-1.1781744420089833e-9
-2.525,-4.0218173595605685e-9,-1.2184782630409982e-9
-2.524,-4.0799880870172095e-9,-1.2597579230331698e-9
-2.523,-4.138868364877366e-9,-1.3020334661500322e-9
-2.522,-4.198463907052339e-9,-1.3453253011365978e-9
-2.521,-4.258780396134642e-9,-1.3896542071808775e-9
-2.52,-4.3198234805088785e-9,-1.4350413398559256e-9
-2.519,-4.381598771374636e-9,-1.481508237142161e-9
-2.518,-4.44411183967936e-9,-1.5290768255307132e-9
-2.517,-4.507368212959105e-9,-1.5777694262085426e-9
-2.516,-4.57137337208505e-9,-1.6276087613260836e-9
-2.515,-4.636132747913603e-9,-1.6786179603481479e-9
-2.514,-4.701651717837872e-9,-1.7308205664888351e-9
-2.513,-4.767935602238269e-9,-1.7842405432311837e-9
-2.512,-4.834989660829916e-9,-1.8389022809322978e-9
-2.511,-4.90281908890454e-9,-1.8948306035146796e-9
-2.51,-4.971429013464443e-9,-1.9520507752444914e-9
-2.509,-5.040824489246124e-9,-2.0105885075974683e-9
-2.508,-5.111010494631062e-9,-2.0704699662131997e-9
-2.507,-5.181991927441128e-9,-2.131721777938479e-9
-2.506,-5.253773600616057e-9,-2.1943710379604404e-9
-2.505,-5.3263602377703306e-9,-2.258445317030163e-9
-2.504,-5.399756468626813e-9,-2.3239726687774427e-9
-2.503,-5.473966824324392e-9,-2.3909816371174065e-9
-2.502,-5.548995732596842e-9,-2.4595012637496513e-9
-2.501,-5.624847512820099e-9,-2.5295610957505586e-9
-2.5,-5.7015263709250175e-9,-2.6011911932594547e-9
-2.499,-5.779036394172698e-9,-2.6744221372592508e-9
-2.498,-5.857381545789379e-9,-2.7492850374522055e-9
-2.497,-5.936565659457826e-9,-2.8258115402314303e-9
-2.496,-6.016592433662119e-9,-2.904033836748749e-9
-2.495,-6.097465425882665e-9,-2.983984671079518e-9
-2.494,-6.179188046638199e-9,-3.0656973484849855e-9
-2.493,-6.261763553371496e-9,-3.14920574377277e-9
-2.492,-6.345195044175435e-9,-3.2345443097560155e-9
-2.491,-6.429485451356005e-9,-3.321748085811766e-9
-2.49,-6.514637534828785e-9,-3.410852706539092e-9
-2.489,-6.600653875345352e-9,-3.5018944105174736e-9
-2.488,-6.687536867546018e-9,-3.5949100491659447e-9
-2.487,-6.7752887128352256e-9,-3.6899370957034672e-9
-2.486,-6.863911412075871e-9,-3.7870136542109975e-9
-2.485,-6.953406758098748e-9,-3.886178468795676e-9
-2.484,-7.0437763280232404e-9,-3.9874709328575735e-9
-2.483,-7.135021475385331e-9,-4.090931098459369e-9
-2.482,-7.227143322068896e-9,-4.196599685799346e-9
-2.481,-7.320142750036223e-9,-4.3045180927880634e-9
-2.48,-7.414020392853578e-9,-4.414728404728999e-9
-2.479,-7.508776627007604e-9,-4.527273404103508e-9
-2.478,-7.60441156300823e-9,-4.642196580460333e-9
-2.477,-7.70092503627372e-9,-4.7595421404099324e-9
-2.476,-7.798316597793401e-9,-4.879355017723842e-9
-2.475,-7.896585504563527e-9,-5.001680883539259e-9
-2.474,-7.99573070979165e-9,-5.126566156669002e-9
-2.473,-8.09575085286484e-9,-5.254058014016987e-9
-2.472,-8.196644249076905e-9,-5.384204401099294e-9
-2.471,-8.298408879109826e-9,-5.5170540426709016e-9
-2.47,-8.401042378264387e-9,-5.6526564534581004e-9
-2.469,-8.504542025435015e-9,-5.791061948996587e-9
-2.468,-8.60890473182368e-9,-5.932321656575174e-9
-2.467,-8.714127029387673e-9,-6.076487526285032e-9
-2.466,-8.820205059015922e-9,-6.223612342174338e-9
-2.465,-8.927134558428507e-9,-6.373749733508151e-9
-2.464,-9.034910849793862e-9,-6.526954186133299e-9
-2.463,-9.143528827058085e-9,-6.683281053948021e-9
-2.462,-9.252982942980718e-9,-6.8427865704760564e-9
-2.461,-9.363267195871212e-9,-7.005527860544816e-9
-2.46,-9.474375116020207e-9,-7.1715629520672394e-9
-2.459,-9.586299751819702e-9,-7.340950787926887e-9
-2.458,-9.699033655566019e-9,-7.513751237965734e-9
-2.457,-9.812568868939432e-9,-7.690025111074133e-9
-2.456,-9.926896908154185e-9,-7.869834167382292e-9
-2.455,-1.0042008748772522e-8,-8.05324113055262e-9
-2.454,-1.0157894810176297e-8,-8.240309700172182e-9
-2.453,-1.0274544939689552e-8,-8.43110456424445e-9
-2.452,-1.039194839634538e-8,-8.625691411779527e-9
-2.451,-1.0510093834290322e-8,-8.82413694548187e-9
-2.45,-1.0628969285819329e-8,-9.026508894534532e-9
-2.449,-1.0748562144034341e-8,-9.232876027478861e-9
-2.448,-1.08688591451193e-8,-9.443308165188492e-9
-2.447,-1.098984635022439e-8,-9.657876193936445e-9
-2.446,-1.111150912695213e-8,-9.87665207855402e-9
-2.445,-1.1233832130437835e-8,-1.0099708875680118e-8
-2.444,-1.1356799284016878e-8,-1.0327120747099549e-8
-2.443,-1.1480393759470993e-8,-1.0558962973168776e-8
-2.442,-1.1604597956845835e-8,-1.0795311966327496e-8
-2.441,-1.172939348383178e-8,-1.1036245284694329e-8
-2.44,-1.1854761134699926e-8,-1.128184164574482e-8
-2.439,-1.1980680868785038e-8,-1.1532180940069876e-8
-2.438,-1.2107131788507152e-8,-1.1787344245212627e-8
-2.437,-1.2234092116923302e-8,-1.2047413839581644e-8
-2.436,-1.2361539174800831e-8,-1.2312473216438302e-8
-2.435,-1.2489449357203511e-8,-1.2582607097956023e-8
-2.434,-1.2617798109581626e-8,-1.2857901449348968e-8
-2.433,-1.274655990335701e-8,-1.3138443493067693e-8
-2.432,-1.2875708210993909e-8,-1.3424321723059117e-8
-2.431,-1.3005215480546367e-8,-1.3715625919088101e-8
-2.43,-1.3135053109672756e-8,-1.4012447161117729e-8
-2.429,-1.3265191419107865e-8,-1.4314877843745348e-8
-2.428,-1.3395599625582854e-8,-1.4623011690691235e-8
-2.427,-1.3526245814183231e-8,-1.493694376933667e-8
-2.426,-1.3657096910134857e-8,-1.525677050530802e-8
-2.425,-1.3788118650007856e-8,-1.5582589697103357e-8
-2.424,-1.3919275552328124e-8,-1.5914500530757915e-8
-2.423,-1.4050530887586005e-8,-1.6252603594544677e-8
-2.422,-1.4181846647631554e-8,-1.6597000893706044e-8
-2.421,-1.4313183514445648e-8,-1.694779586521259e-8
-2.42,-1.444450082827603e-8,-1.7305093392544616e-8
-2.419,-1.4575756555127241e-8,-1.766899982049209e-8
-2.418,-1.4706907253593258e-8,-1.803962296996843e-8
-2.417,-1.4837908041021406e-8,-1.8417072152833396e-8
-2.416,-1.4968712558996095e-8,-1.8801458186720143e-8
-2.415,-1.509927293813061e-8,-1.9192893409861407e-8
-2.414,-1.522953976215516e-8,-1.9591491695909542e-8
-2.413,-1.5359462031289133e-8,-1.9997368468744928e-8
-2.412,-1.5488987124885383e-8,-2.041064071726717e-8
-2.411,-1.5618060763334175e-8,-2.0831427010163204e-8
-2.41,-1.574662696921432e-8,-2.1259847510646313e-8
-2.409,-1.587462802767872e-8,-2.1696023991159814e-8
-2.408,-1.6002004446061544e-8,-2.2140079848038945e-8
-2.407,-1.6128694912693932e-8,-2.259214011612434e-8
-2.406,-1.6254636254915057e-8,-2.3052331483320176e-8
-2.405,-1.637976339626514e-8,-2.3520782305089905e-8
-2.404,-1.6504009312846824e-8,-2.3997622618882257e-8
-2.403,-1.662730498884125e-8,-2.4482984158479897e-8
-2.402,-1.6749579371164778e-8,-2.4977000368263008e-8
-2.401,-1.687075932325241e-8,-2.5479806417379655e-8
-2.4,-1.6990769577953465e-8,-2.5991539213814685e-8
-2.399,-1.7109532689525178e-8,-2.6512337418348578e-8
-2.398,-1.7226968984709473e-8,-2.7042341458397417e-8
-2.397,-1.7342996512878142e-8,-2.7581693541724868e-8
-2.396,-1.745753099523135e-8,-2.8130537670016803e-8
-2.395,-1.7570485773034286e-8,-2.8689019652308876e-8
-2.394,-1.7681771754876575e-8,-2.9257287118257166e-8
-2.393,-1.7791297362938814e-8,-2.983548953124151e-8
-2.392,-1.7898968478250512e-8,-3.042377820129115e-8
-2.391,-1.800468838492343e-8,-3.10223062978216e-8
-2.39,-1.8108357713344153e-8,-3.163122886217178e-8
-2.389,-1.82098743823096e-8,-3.2250702819929785e-8
-2.388,-1.8309133540088832e-8,-3.288088699303537e-8
-2.387,-1.840602750439453e-8,-3.3521942111647196e-8
-2.386,-1.85004457012471e-8,-3.417403082576204e-8
-2.385,-1.8592274602714364e-8,-3.483731771657334e-8
-2.384,-1.8681397663509473e-8,-3.5511969307555566e-8
-2.383,-1.876769525642953e-8,-3.6198154075261055e-8
-2.382,-1.885104460661719e-8,-3.689604245981507e-8
-2.381,-1.8931319724627374e-8,-3.760580687509486e-8
-2.38,-1.900839133828093e-8,-3.832762171857789e-8
-2.379,-1.9082126823286993e-8,-3.906166338084395e-8
-2.378,-1.915239013261548e-8,-3.980811025471575e-8
-2.377,-1.9219041724601076e-8,-4.056714274402167e-8
-2.376,-1.9281938489759807e-8,-4.1338943271964567e-8
-2.375,-1.9340933676299057e-8,-4.212369628907933e-8
-2.374,-1.939587681430181e-8,-4.292158828076219e-8
-2.373,-1.9446613638565593e-8,-4.3732807774353715e-8
-2.372,-1.9492986010076433e-8,-4.455754534575731e-8
-2.371,-1.9534831836097985e-8,-4.5395993625574455e-8
-2.37,-1.9571984988855726e-8,-4.624834730473733e-8
-2.369,-1.960427522279598e-8,-4.7114803139619196e-8
-2.368,-1.9631528090399275e-8,-4.799555995660211e-8
-2.367,-1.9653564856527444e-8,-4.8890818656081286e-8
-2.366,-1.967020241128356e-8,-4.9800782215884704e-8
-2.365,-1.968125318136372e-8,-5.072565569408609e-8
-2.364,-1.968652503987946e-8,-5.166564623118884e-8
-2.363,-1.9685821214629335e-8,-5.262096305165794e-8
-2.362,-1.967894019479816e-8,-5.359181746477611e-8
-2.361,-1.9665675636062045e-8,-5.4578422864800254e-8
-2.36,-1.9645816264077328e-8,-5.558099473039319e-8
-2.359,-1.961914577633124e-8,-5.659975062330544e-8
-2.358,-1.958544274233196e-8,-5.7634910186280886e-8
-2.357,-1.9544480502115603e-8,-5.8686695140159826e-8
-2.356,-1.949602706304745e-8,-5.975532928015187e-8
-2.355,-1.943984499489458e-8,-6.084103847125087e-8
-2.354,-1.937569132314687e-8,-6.194405064276312e-8
-2.353,-1.930331742056325e-8,-6.306459578191942e-8
-2.352,-1.9222468896919785e-8,-6.420290592654105e-8
-2.351,-1.913288548693615e-8,-6.535921515672871e-8
-2.35,-1.903430093635682e-8,-6.653375958554296e-8
-2.349,-1.8926442886163152e-8,-6.772677734864386e-8
-2.348,-1.8809032754892425e-8,-6.893850859285672e-8
-2.347,-1.8681785619039702e-8,-7.016919546363018e-8
-2.346,-1.85444100915183e-8,-7.141908209135187e-8
-2.345,-1.8396608198154464e-8,-7.26884145764863e-8
-2.344,-1.8238075252191747e-8,-7.397744097349865e-8
-2.343,-1.8068499726780428e-8,-7.528641127352742e-8
-2.342,-1.788756312542723e-8,-7.661557738576771e-8
-2.341,-1.7694939850380456e-8,-7.796519311752661e-8
-2.34,-1.7490297068925524e-8,-7.933551415291069e-8
-2.339,-1.7273294577565843e-8,-8.072679803010497e-8
-2.338,-1.7043584664063775e-8,-8.213930411720187e-8
-2.337,-1.680081196731647e-8,-8.357329358653746e-8
-2.336,-1.6544613335041112e-8,-8.502902938749167e-8
-2.335,-1.6274617679244193e-8,-8.650677621770775e-8
-2.334,-1.5990445829449234e-8,-8.800680049268569e-8
-2.333,-1.5691710383657362e-8,-8.952937031370305e-8
-2.332,-1.5378015557015125e-8,-9.107475543401552e-8
-2.331,-1.504895702816381e-8,-9.264322722328886e-8
-2.33,-1.4704121783244527e-8,-9.423505863021224e-8
-2.329,-1.4343087957533275e-8,-9.585052414324249e-8
-2.328,-1.396542467468023e-8,-9.74898997494272e-8
-2.327,-1.3570691883527385e-8,-9.915346289125366e-8
-2.326,-1.3158440192478762e-8,-1.0084149242146959e-7
-2.325,-1.2728210701397377e-8,-1.0255426855582007e-7
-2.324,-1.2279534831003158e-8,-1.0429207282364438e-7
-2.323,-1.1811934149746062e-8,-1.0605518801627476e-7
-2.322,-1.132492019812863e-8,-1.0784389813317814e-7
-2.321,-1.0817994310452348e-8,-1.0965848832578068e-7
-2.32,-1.0290647433962163e-8,-1.1149924483891325e-7
-2.319,-9.742359945363623e-9,-1.1336645494981541e-7
-2.318,-9.172601464687194e-9,-1.1526040690463316e-7
-2.317,-8.580830666474393e-9,-1.1718138985234545e-7
-2.316,-7.966495088260513e-9,-1.1912969377605198e-7
-2.315,-7.329030936328819e-9,-1.2110560942155433e-7
-2.314,-6.667862888711266e-9,-1.2310942822316056e-7
-2.313,-5.982403895410927e-9,-1.2514144222664183e-7
-2.312,-5.2720549758215125e-9,-1.2720194400926872e-7
-2.311,-4.536205013319539e-9,-1.2929122659685273e-7
-2.31,-3.77423054700493e-9,-1.3140958337771736e-7
-2.309,-2.9854955605660316e-9,-1.335573080135216e-7
-2.308,-2.1693512682453223e-9,-1.3573469434685678e-7
-2.307,-1.3251358978822811e-9,-1.3794203630553651e-7
-2.306,-4.52174471010239e-10,-1.4017962780349725e-7
-2.305,4.502214200157131e-10,-1.4244776263822648e-7
-2.304,1.382753837882341e-9,-1.4474673438463222e-7
-2.303,2.346138729195652e-9,-1.470768362852673e-7
-2.302,3.3411061563939253e-9,-1.4943836113681936e-7
-2.301,4.368400532717884e-9,-1.5183160117277573e-7
-2.3,5.4287808602590825e-9,-1.5425684794217106e-7
-2.299,6.5230209711071635e-9,-1.567143921843233e-7
-2.298,7.651909771616173e-9,-1.592045236994616e-7
-2.297,8.816251489809638e-9,-1.6172753121514877e-7
-2.296,1.0016865925943603e-8,-1.6428370224839762e-7
-2.295,1.1254588706246294e-8,-1.6687332296337993e-7
-2.294,1.2530271539852496e-8,-1.6949667802462375e-7
-2.293,1.3844782478950172e-8,-1.7215405044559342e-7
-2.292,1.5199006182156193e-8,-1.7484572143254452e-7
-2.291,1.6593844181137426e-8,-1.7757197022354324e-7
-2.29,1.8030215150492717e-8,-1.8033307392253895e-7
-2.289,1.950905518091068e-8,-1.8312930732837498e-7
-2.288,2.1031318055617282e-8,-1.859609427586218e-7
-2.287,2.2597975530126674e-8,-1.8882824986811375e-7
-2.286,2.4210017615307664e-8,-1.9173149546206866e-7
-2.285,2.586845286377759e-8,-1.9467094330366734e-7
-2.284,2.7574308659634307e-8,-1.9764685391596752e-7
-2.283,2.9328631511536206e-8,-2.0065948437802467e-7
-2.282,3.1132487349139096e-8,-2.0370908811508948e-7
-2.281,3.298696182289795e-8,-2.067959146827499e-7
-2.28,3.489316060724028e-8,-2.0992020954488262e-7
-2.279,3.6852209707117016e-8,-2.1308221384527663e-7
-2.278,3.886525576793551e-8,-2.1628216417278942e-7
-2.277,4.093346638887817e-8,-2.195202923198928e-7
-2.276,4.3058030439609045e-8,-2.2279682503446416e-7
-2.275,4.524015838036935e-8,-2.2611198376467516e-7
-2.274,4.748108258546173e-8,-2.2946598439682762e-7
-2.273,4.9782057670121597e-8,-2.328590369859841e-7
-2.272,5.214436082077256e-8,-2.3629134547923728e-7
-2.271,5.456929212866144e-8,-2.3976310743146e-7
-2.27,5.705817492686695e-8,-2.432745137133748e-7
-2.269,5.961235613067451e-8,-2.468257482117787e-7
-2.268,6.223320658130805e-8,-2.5041698752175717e-7
-2.267,6.492212139300791e-8,-2.540484006307169e-7
-2.266,6.768052030344258e-8,-2.577201485940644e-7
-2.265,7.050984802743962e-8,-2.6143238420235665e-7
-2.264,7.341157461401994e-8,-2.6518525163974237e-7
-2.263,7.638719580671702e-8,-2.6897888613351473e-7
-2.262,7.943823340716152e-8,-2.7281341359458935e-7
-2.261,8.256623564190877e-8,-2.7668895024872013e-7
-2.26,8.577277753248515e-8,-2.806056022582617e-7
-2.259,8.905946126862726e-8,-2.8456346533428454e-7
-2.258,9.242791658468482e-8,-2.885626243388446e-7
-2.257,9.587980113915698e-8,-2.926031528772075e-7
-2.256,9.941680089732833e-8,-2.966851128798226e-7
-2.255,1.0304063051696922e-7,-3.008085541738395e-7
-2.254,1.067530337370619e-7,-3.0497351404395646e-7
-2.253,1.1055578376951182e-7,-3.0918001678238625e-7
-2.252,1.1445068369380041e-7,-3.1342807322772154e-7
-2.251,1.1843956685453306e-7,-3.1771768029247885e-7
-2.25,1.2252429726183312e-7,-3.2204882047909603e-7
-2.249,1.2670676999452974e-7,-3.264214613841549e-7
-2.248,1.3098891160608456e-7,-3.308355551905971e-7
-2.247,1.3537268053319865e-7,-3.352910381476978e-7
-2.246,1.3986006750703844e-7,-3.397878300385567e-7
-2.245,1.4445309596701594e-7,-3.4432583363486494e-7
-2.244,1.491538224770546e-7,-3.489049341386995e-7
-2.243,1.5396433714426958e-7,-3.535249986110955e-7
-2.242,1.5888676403998673e-7,-3.58185875387141e-7
-2.241,1.6392326162302156e-7,-3.628873934773363e-7
-2.24,1.6907602316513495e-7,-3.6762936195495593e-7
-2.239,1.743472771785795e-7,-3.724115693291456e-7
-2.238,1.7973928784564477e-7,-3.772337829034851e-7
-2.237,1.8525435545010753e-7,-3.8209574811974287e-7
-2.236,1.9089481681048695e-7,-3.869971878865427e-7
-2.235,1.9666304571500163e-7,-3.9193780189266125e-7
-2.234,2.0256145335812038e-7,-3.9691726590466937e-7
-2.233,2.0859248877859379e-7,-4.0193523104862644e-7
-2.232,2.147586392988495e-7,-4.06991323075533e-7
-2.231,2.2106243096562865e-7,-4.120851416102422e-7
-2.23,2.2750642899173631e-7,-4.1721625938352726e-7
-2.229,2.3409323819877345e-7,-4.223842214469963e-7
-2.228,2.4082550346071256e-7,-4.2758854437054355e-7
-2.227,2.4770591014817436e-7,-4.3282871542202e-7
-2.226,2.5473718457325614e-7,-4.3810419172880324e-7
-2.225,2.6192209443475796e-7,-4.4341439942094027e-7
-2.224,2.6926344926364645e-7,-4.4875873275553577e-7
-2.223,2.767641008685899e-7,-4.541365532220498e-7
-2.222,2.8442694378139175e-7,-4.5954718862816765e-7
-2.221,2.9225491570214534e-7,-4.6498993216589903e-7
-2.22,3.002509979439231e-7,-4.7046404145755797e-7
-2.219,3.084182158768092e-7,-4.7596873758127325e-7
-2.218,3.1675963937107767e-7,-4.81503204075671e-7
-2.217,3.2527838323930906e-7,-4.870665859233699e-7
-2.216,3.339776076772346e-7,-4.926579885129221e-7
-2.215,3.428605187030866e-7,-4.982764765788307e-7
-2.214,3.519303685952285e-7,-5.039210731192677e-7
-2.213,3.6119045632782847e-7,-5.095907582911138e-7
-2.212,3.706441280043351e-7,-5.152844682819355e-7
-2.211,3.8029477728850206e-7,-5.210010941585111e-7
-2.21,3.9014584583270417e-7,-5.267394806915111e-7
-2.209,4.0020082370327623e-7,-5.324984251559358e-7
-2.208,4.1046324980259793e-7,-5.382766761069081e-7
-2.207,4.209367122876405e-7,-5.440729321304114e-7
-2.206,4.316248489846796e-7,-5.498858405685626e-7
-2.205,4.4253134779987137e-7,-5.557139962190043e-7
-2.204,4.5365994712537826e-7,-5.615559400079913e-7
-2.203,4.650144362407223e-7,-5.674101576367494e-7
-2.202,4.765986557090315e-7,-5.732750782006719e-7
-2.201,4.884164977678379e-7,-5.791490727809229e-7
-2.2,5.004719067140727e-7,-5.850304530080019e-7
-2.199,5.12768879282895e-7,-5.909174695968313e-7
-2.198,5.253114650199783e-7,-5.968083108529129e-7
-2.197,5.381037666468691e-7,-6.027011011491018e-7
-2.196,5.511499404190201e-7,-6.085938993725395e-7
-2.195,5.644541964760879e-7,-6.144846973412837e-7
-2.194,5.780207991840745e-7,-6.203714181901665e-7
-2.193,5.918540674688797e-7,-6.262519147254112e-7
-2.192,6.059583751408167e-7,-6.321239677475301e-7
-2.191,6.203381512096342e-7,-6.379852843420253e-7
-2.19,6.349978801895725e-7,-6.438334961374042e-7
-2.189,6.499421023939683e-7,-6.496661575300267e-7
-2.188,6.651754142189091e-7,-6.554807438752843e-7
-2.187,6.807024684154273e-7,-6.6127464964462e-7
-2.186,6.96527974349703e-7,-6.670451865478848e-7
-2.185,7.126566982507392e-7,-6.727895816205254e-7
-2.184,7.290934634449485e-7,-6.785049752750964e-7
-2.183,7.458431505770833e-7,-6.841884193165817e-7
-2.182,7.629106978169231e-7,-6.898368749210097e-7
-2.181,7.80301101051113e-7,-6.954472105768417e-7
-2.18,7.980194140595389e-7,-7.0101619998861e-7
-2.179,8.160707486756025e-7,-7.065405199422769e-7
-2.178,8.344602749297428e-7,-7.120167481317862e-7
-2.177,8.531932211755391e-7,-7.174413609462706e-7
-2.176,8.72274874197705e-7,-7.228107312173795e-7
-2.175,8.917105793012706e-7,-7.28121125926186e-7
-2.174,9.115057403812319e-7,-7.333687038691304e-7
-2.173,9.316658199719228e-7,-7.385495132824541e-7
-2.172,9.521963392753532e-7,-7.436594894245748e-7
-2.171,9.731028781677306e-7,-7.486944521158526e-7
-2.17,9.943910751833683e-7,-7.536501032351929e-7
-2.169,1.0160666274751582e-6,-7.585220241729301e-7
-2.168,1.038135290750772e-6,-7.633056732394355e-7
-2.167,1.0606028791837255e-6,-7.679963830288884e-7
-2.166,1.0834752652984258e-6,-7.725893577376505e-7
-2.165,1.1067583798282992e-6,-7.770796704366788e-7
-2.164,1.1304582115460694e-6,-7.814622602974156e-7
-2.163,1.1545808070652398e-6,-7.857319297705874e-7
-2.162,1.1791322706118073e-6,-7.898833417173497e-7
-2.161,1.2041187637652121e-6,-7.939110164922081e-7
-2.16,1.2295465051675025e-6,-7.978093289771505e-7
-2.159,1.2554217701996735e-6,-8.015725055664228e-7
-2.158,1.2817508906241065e-6,-8.051946211013792e-7
-2.157,1.308540254192021e-6,-8.086695957548432e-7
-2.156,1.335796304214812e-6,-8.11991191864409e-7
-2.155,1.3635255390981306e-6,-8.151530107141221e-7
-2.154,1.391734511837536e-6,-8.181484892639708e-7
-2.153,1.4204298294745126e-6,-8.209708968266285e-7
-2.152,1.4496181525116296e-6,-8.236133316908847e-7
-2.151,1.4793061942855833e-6,-8.260687176912054e-7
-2.15,1.5095007202968365e-6,-8.283298007228672e-7
-2.149,1.540208547494543e-6,-8.303891452021102e-7
-2.148,1.5714365435154083e-6,-8.322391304707605e-7
-2.147,1.6031916258751144e-6,-8.338719471447737e-7
-2.146,1.6354807611109019e-6,-8.352795934061573e-7
-2.145,1.6683109638738704e-6,-8.364538712377332e-7
-2.144,1.7016892959695304e-6,-8.373863826002042e-7
-2.143,1.7356228653451011e-6,-8.380685255509987e-7
-2.142,1.7701188250220212e-6,-8.384914903043665e-7
-2.141,1.8051843719721023e-6,-8.386462552322119e-7
-2.14,1.840826745935723e-6,-8.3852358280515e-7
-2.139,1.8770532281804226e-6,-8.381140154732843e-7
-2.138,1.9138711401982226e-6,-8.374078714862079e-7
-2.137,1.9512878423399673e-6,-8.363952406517419e-7
-2.136,1.9893107323849326e-6,-8.350659800329279e-7
-2.135,2.027947244043924e-6,-8.33409709582807e-7
-2.134,2.0672048453940397e-6,-8.314158077165225e-7
-2.133,2.1070910372432366e-6,-8.290734068202958e-7
-2.132,2.147613351422805e-6,-8.263713886968356e-7
-2.131,2.1887793490058077e-6,-8.232983799467515e-7
-2.13,2.230596618449506e-6,-8.198427472855572e-7
-2.129,2.273072773659752e-6,-8.15992592795857e-7
-2.128,2.3162154519752866e-6,-8.117357491143288e-7
-2.127,2.3600323120698342e-6,-8.070597745531238e-7
-2.126,2.4045310317698496e-6,-8.019519481553262e-7
-2.125,2.4497193057857256e-6,-7.963992646841244e-7
-2.124,2.4956048433542277e-6,-7.903884295453653e-7
-2.123,2.542195365789866e-6,-7.839058536431813e-7
-2.122,2.589498603942893e-6,-7.769376481683947e-7
-2.121,2.6375222955615416e-6,-7.694696193194258e-7
-2.12,2.686274182556089e-6,-7.614872629554483e-7
-2.119,2.735762008162281e-6,-7.52975759181559e-7
-2.118,2.7859935140015955e-6,-7.439199668657469e-7
-2.117,2.836976437035787e-6,-7.343044180874735e-7
-2.116,2.8887185064130903e-6,-7.241133125176937e-7
-2.115,2.941227440203426e-6,-7.133305117301782e-7
-2.114,2.9945109420198832e-6,-7.019395334440175e-7
-2.113,3.048576697523718e-6,-6.899235456972162e-7
-2.112,3.1034323708100436e-6,-6.772653609513178e-7
-2.111,3.1590856006713386e-6,-6.639474301270194e-7
-2.11,3.2155439967358445e-6,-6.499518365707765e-7
-2.109,3.27281513547787e-6,-6.35260289952421e-7
-2.108,3.330906556096965e-6,-6.198541200938506e-7
-2.107,3.3898257562628694e-6,-6.037142707288815e-7
-2.106,3.4495801877230796e-6,-5.868212931943899e-7
-2.105,3.5101772517698327e-6,-5.691553400529039e-7
-2.104,3.5716242945632363e-6,-5.506961586468443e-7
-2.103,3.633928602307217e-6,-5.31423084584654e-7
-2.102,3.6970973962749e-6,-5.11315035159089e-7
-2.101,3.761137827679979e-6,-4.903505026979944e-7
-2.1,3.826056972390564e-6,-4.6850754784792456e-7
-2.099,3.891861825481936e-6,-4.457637927910125e-7
-2.098,3.958559295624581e-6,-4.220964143955429e-7
-2.097,4.026156199303806e-6,-3.9748213730072577e-7
-2.096,4.094659254867171e-6,-3.7189722693621947e-7
-2.095,4.16407507639593e-6,-3.453174824770028e-7
-2.094,4.234410167396566e-6,-3.177182297342463e-7
-2.093,4.3056709143084905e-6,-2.890743139828899e-7
-2.092,4.377863579823866e-6,-2.5936009272668585e-7
-2.091,4.450994296015472e-6,-2.285494284015293e-7
-2.09,4.525069057268451e-6,-1.9661568101795207e-7
-2.089,4.600093713011718e-6,-1.6353170074372244e-7
-2.088,4.676073960244717e-6,-1.292698204275531e-7
-2.087,4.753015335855189e-6,-9.380184806498745e-8
-2.086,4.830923208723485e-6,-5.709905920760052e-8
-2.085,4.909802771608936e-6,-1.9132189316721213e-8
-2.084,4.989659032813692e-6,2.0128573937046024e-8
-2.083,5.070496807619384e-6,6.071359842714788e-8
-2.082,5.152320709491879e-6,1.0265381537582887e-7
-2.081,5.2351351410493265e-6,1.4598072720879082e-7
-2.08,5.3189442847886395e-6,1.907264154581778e-7
-2.079,5.403752093565443e-6,2.3692354871221488e-7
-2.078,5.489562280822484e-6,2.8460539060974393e-7
-2.077,5.576378310561392e-6,3.3380580787781183e-7
-2.076,5.664203387052632e-6,3.8455927841037425e-7
-2.075,5.753040444278379e-6,4.369008993860864e-7
-2.074,5.8428921351030055e-6,4.908663954230543e-7
-2.073,5.9337608201657716e-6,5.46492126768323e-7
-2.072,6.025648556490221e-6,6.038150975197751e-7
-2.071,6.118557085804748e-6,6.628729638780073e-7
-2.07,6.212487822568671e-6,7.237040424256508e-7
-2.069,6.307441841698116e-6,7.863473184314812e-7
-2.068,6.403419865985893e-6,8.508424541765605e-7
-2.067,6.5004222532095015e-6,9.172297972995287e-7
-2.066,6.598448982921313e-6,9.855503891580482e-7
-2.065,6.697499642914873e-6,1.055845973203278e-6
-2.064,6.797573415361236e-6,1.1281590033641298e-6
-2.063,6.898669062609115e-6,1.2025326524379268e-6
-2.062,7.000784912642583e-6,1.279010820483955e-6
-2.061,7.103918844189958e-6,1.3576381432162576e-6
-2.06,7.208068271477454e-6,1.4384600003918832e-6
-2.059,7.31323012862106e-6,1.521522524190658e-6
-2.058,7.419400853650072e-6,1.6068726075823952e-6
-2.057,7.526576372155584e-6,1.6945579126773164e-6
-2.056,7.634752080557198e-6,1.7846268790552918e-6
-2.055,7.7439228289811e-6,1.8771287320693528e-6
-2.054,7.854082903742619e-6,1.972113491118768e-6
-2.053,7.96522600942622e-6,2.0696319778868e-6
-2.052,8.077345250555942e-6,2.1697358245380964e-6
-2.051,8.190433112849033e-6,2.2724774818704824e-6
-2.05,8.304481444045653e-6,2.377910227415754e-6
-2.049,8.419481434307266e-6,2.486088173483873e-6
-2.048,8.535423596176377e-6,2.597066275144784e-6
-2.047,8.652297744090155e-6,2.7109003381418775e-6
-2.046,8.770092973440408e-6,2.8276470267309204e-6
-2.045,8.888797639172296e-6,2.947363871438077e-6
-2.044,9.008399333914129e-6,3.070109276730431e-6
-2.043,9.128884865630475e-6,3.195942528592209e-6
-2.042,9.250240234790775e-6,3.3249238019996784e-6
-2.041,9.372450611045564e-6,3.457114168287486e-6
-2.04,9.495500309402353e-6,3.5925756023989508e-6
-2.039,9.619372765893122e-6,3.731370990012614e-6
-2.038,9.74405051272537e-6,3.873564134537093e-6
-2.037,9.869515152908531e-6,4.019219763966045e-6
-2.036,9.995747334347547e-6,4.168403537584798e-6
-2.035,1.0122726723395341e-5,4.321182052519951e-6
-2.034,1.0250431977855825e-5,4.477622850122969e-6
-2.033,1.0378840719429047e-5,4.637794422178549e-6
-2.032,1.0507929505590059e-5,4.801766216928255e-6
-2.031,1.0637673800892961e-5,4.969608644899615e-6
-2.03,1.0768047947691605e-5,5.141393084530632e-6
-2.029,1.0899025136268318e-5,5.317191887579313e-6
-2.028,1.1030577374362033e-5,5.497078384307575e-6
-2.027,1.1162675456087122e-5,5.681126888428534e-6
-2.026,1.1295288930234189e-5,5.869412701805904e-6
-2.025,1.1428386067944067e-5,6.062012118893895e-6
-2.024,1.156193382974623e-5,6.259002430905681e-6
-2.023,1.1695897831952746e-5,6.460461929698164e-6
-2.022,1.1830242312398953e-5,6.666469911360446e-6
-2.021,1.1964930095521952e-5,6.877106679493042e-6
-2.02,1.2099922556768e-5,7.092453548164526e-6
-2.019,1.223517958631992e-5,7.312592844531958e-6
-2.018,1.2370659552135536e-5,7.537607911111034e-6
-2.017,1.2506319262288246e-5,7.767583107681552e-6
-2.016,1.264211392660075e-5,8.002603812813397e-6
-2.015,1.2777997117562998e-5,8.242756424997856e-6
-2.014,1.2913920730525413e-5,8.488128363368643e-6
-2.013,1.304983494315847e-5,8.738808067996687e-6
-2.012,1.3185688174169698e-5,8.994884999742209e-6
-2.011,1.3321427041269215e-5,9.256449639647278e-6
-2.01,1.3456996318374947e-5,9.523593487851584e-6
-2.009,1.3592338892048663e-5,9.796409062013669e-6
-2.008,1.372739571715405e-5,1.0074989895219495e-5
-2.007,1.3862105771728063e-5,1.0359430533359716e-5
-2.006,1.3996406011056872e-5,1.0649826531956542e-5
-2.005,1.4130231320947706e-5,1.0946274452420658e-5
-2.004,1.4263514470188085e-5,1.1248871857718133e-5
-2.003,1.4396186062183875e-5,1.155771730742679e-5
-2.002,1.4528174485767757e-5,1.1872910352160968e-5
-2.001,1.465940586516978e-5,1.2194551527343144e-5
-2.0,1.4789804009141723e-5,1.2522742346300321e-5
-1.999,1.4919290359227156e-5,1.2857585292662578e-5
-1.998,1.5047783937169135e-5,1.3199183812040643e-5
-1.997,1.5175201291447641e-5,1.354764230295876e-5
-1.996,1.530145644293899e-5,1.3903066107018641e-5
-1.995,1.542646082968953e-5,1.4265561498269636e-5
-1.994,1.555012325079623e-5,1.4635235671759725e-5
-1.993,1.5672349809386673e-5,1.5012196731241369e-5
-1.992,1.5793043854691474e-5,1.539655367600558e-5
-1.991,1.5912105923202016e-5,1.5788416386817053e-5
-1.99,1.602943367890674e-5,1.618789561092252e-5
-1.989,1.614492185259947e-5,1.659510294610387e-5
-1.988,1.625846218025333e-5,1.7010150823746993e-5
-1.987,1.636994334045414e-5,1.743315249089654e-5
-1.986,1.6479250890887424e-5,1.7864221991266285e-5
-1.985,1.6586267203873357e-5,1.8303474145173943e-5
-1.984,1.6690871400944266e-5,1.875102452836878e-5
-1.983,1.6792939286459638e-5,1.9206989449719503e-5
-1.982,1.68923432802538e-5,1.967148592772932e-5
-1.981,1.6988952349311785e-5,2.014463166584436e-5
-1.98,1.7082631938469273e-5,2.062654502652079e-5
-1.979,1.717324390013273e-5,2.1117345004015385e-5
-1.978,1.7260646423016322e-5,2.1617151195863507e-5
-1.977,1.7344693959892533e-5,2.212608377300761e-5
-1.976,1.7425237154353762e-5,2.2644263448538777e-5
-1.975,1.7502122766582652e-5,2.317181144501291e-5
-1.974,1.7575193598129295e-5,2.370884946030239e-5
-1.973,1.7644288415693884e-5,2.425549963194334e-5
-1.972,1.770924187391392e-5,2.481188449993771e-5
-1.971,1.7769884437155487e-5,2.5378126967968593e-5
-1.97,1.7826042300308674e-5,2.5954350262986437e-5
-1.969,1.787753730858772e-5,2.6540677893122858e-5
-1.968,1.7924186876337013e-5,2.7137233603887968e-5
-1.967,1.796580390484467e-5,2.774414133260634e-5
-1.966,1.800219669916596e-5,2.836152516104566e-5
-1.965,1.8033168883959543e-5,2.8989509266191487e-5
-1.964,1.8058519318340052e-5,2.96282178691204e-5
-1.963,1.8078042009751216e-5,3.0277775181923156e-5
-1.962,1.8091526026864537e-5,3.0938305352628295e-5
-1.961,1.809875541150904e-5,3.1609932408075996e-5
-1.96,1.8099509089638603e-5,3.229278019469075e-5
-1.959,1.8093560781343905e-5,3.29869723171008e-5
-1.958,1.8080678909917054e-5,3.369263207455105e-5
-1.957,1.8060626509977567e-5,3.44098823950553e-5
-1.956,1.8033161134669493e-5,3.513884576723283e-5
-1.955,1.799803476194005e-5,3.5879644169773065e-5
-1.954,1.7954993699911375e-5,3.6632398998471406e-5
-1.953,1.7903778491357693e-5,3.739723099077802e-5
-1.952,1.7844123817301356e-5,3.817426014780059e-5
-1.951,1.777575839974215e-5,3.896360565370084e-5
-1.95,1.7698404903535324e-5,3.976538579242384e-5
-1.949,1.7611779837434894e-5,4.057971786169777e-5
-1.948,1.751559345431996e-5,4.1406718084241107e-5
-1.947,1.740954965062279e-5,4.2246501516112874e-5
-1.946,1.7293345864978766e-5,4.309918195214074e-5
-1.945,1.716667297611948e-5,4.396487182836058e-5
-1.944,1.7029215200031524e-5,4.4843682121400085e-5
-1.943,1.6880649986404842e-5,4.573572224473801e-5
-1.942,1.6720647914395915e-5,4.664109994176935e-5
-1.941,1.654887258773241e-5,4.755992117560594e-5
-1.94,1.6364980529187373e-5,4.849229001554077e-5
-1.939,1.6168621074452584e-5,4.943830852010308e-5
-1.938,1.5959436265442162e-5,5.039807661663042e-5
-1.937,1.5737060743059154e-5,5.1371691977282725e-5
-1.936,1.550112163945945e-5,5.2359249891422216e-5
-1.935,1.5251238469849013e-5,5.3360843134282014e-5
-1.934,1.4987023023852216e-5,5.4376561831845156e-5
-1.933,1.4708079256490817e-5,5.540649332185467e-5
-1.932,1.4414003178814928e-5,5.6450722010874167e-5
-1.931,1.4104382748229233e-5,5.7509329227317434e-5
-1.93,1.3778797758559696e-5,5.858239307036434e-5
-1.929,1.3436819729907917e-5,5.966998825467931e-5
-1.928,1.3078011798342411e-5,6.077218595084748e-5
-1.927,1.2701928605478193e-5,6.188905362144266e-5
-1.926,1.2308116187998177e-5,6.302065485264004e-5
-1.925,1.1896111867172205e-5,6.416704918128561e-5
-1.924,1.1465444138431749e-5,6.53282919173331e-5
-1.923,1.1015632561060722e-5,6.650443396155831e-5
-1.922,1.0546187648065267e-5,6.769552161845941e-5
-1.921,1.0056610756287835e-5,6.890159640425122e-5
-1.92,9.546393976833472e-6,7.012269484985984e-5
-1.919,9.015020025878827e-6,7.135884829882344e-5
-1.918,8.461962135937093e-6,7.261008270000404e-5
-1.917,7.88668394765485e-6,7.38764183950136e-5
-1.916,7.288639402219646e-6,7.51578699002575e-5
-1.915,6.6672726344600254e-6,7.645444568349695e-5
-1.914,6.022017866722703e-6,7.776614793483136e-5
-1.913,5.352299303614689e-6,7.909297233200034e-5
-1.912,4.657531027701255e-6,8.043490779990465e-5
-1.911,3.9371168962538755e-6,8.179193626424401e-5
-1.91,3.190450439145592e-6,8.316403239916936e-5
-1.909,2.416914757994608e-6,8.455116336884593e-5
-1.908,1.6158824266604011e-6,8.595328856282273e-5
-1.907,7.867153932001959e-7,8.73703593251039e-5
-1.906,-7.123511660273125e-8,8.88023186768156e-5
-1.905,-9.58628694023705e-7,9.024910103236243e-5
-1.904,-1.8761358403752393e-6,9.171063190896618e-5
-1.903,-2.824438058056628e-6,9.318682762947911e-5
-1.902,-3.8042279395476044e-6,9.467759501836372e-5
-1.901,-4.816209254215032e-6,9.618283109073003e-5
-1.9,-5.861097032797407e-6,9.770242273432111e-5
-1.899,-6.9396176494276606e-6,9.923624638433731e-5
-1.898,-8.052508901050339e-6,0.00010078416769098892
-1.897,-9.200520084084792e-6,0.00010234604117966685
-1.896,-1.0384412068181358e-5,0.00010392170990362079
-1.895,-1.1604957366912876e-5,0.00010551100508903358
-1.894,-1.2862940205239042e-5,0.00010711374577238108
-1.893,-1.41591565835762e-5,0.00010872973842996604
-1.892,-1.549441433830017e-5,0.00011035877659951491
-1.891,-1.6869533198504572e-5,0.00011200064049372629
-1.89,-1.8285344838831893e-5,0.00011365509660566006
-1.889,-1.9742692928189096e-5,0.00011532189730585617
-1.888,-2.1242433174154286e-5,0.00011700078043107255
-1.887,-2.2785433362875163e-5,0.00011869146886453173
-1.886,-2.4372573394254447e-5,0.00012039367010756648
-1.885,-2.6004745312211552e-5,0.00012210707584255493
-1.884,-2.7682853329803883e-5,0.00012383136148703665
-1.883,-2.9407813848985072e-5,0.00012556618573890155
-1.882,-3.118055547477126e-5,0.00012731119011254432
-1.881,-3.300201902358024e-5,0.00012906599846587843
-1.88,-3.4873157525501876e-5,0.00013083021651810395
-1.879,-3.679493622025152e-5,0.00013260343135812561
-1.878,-3.8768332546551655e-5,0.00013438521094351786
-1.877,-4.079433612468002e-5,0.00013617510358993542
-1.876,-4.28739487319155e-5,0.00013797263745086972
-1.875,-4.500818427060619e-5,0.00013977731998765245
-1.874,-4.71980687285765e-5,0.00014158863742960994
-1.873,-4.9444640131583106e-5,0.00014340605422427362
-1.872,-5.1748948487521935e-5,0.00014522901247755407
-1.871,-5.4112055722080656e-5,0.00014705693138378803
-1.87,-5.653503560552356e-5,0.00014888920664557072
-1.869,-5.901897367028774e-5,0.00015072520988328804
-1.868,-6.156496711906129e-5,0.00015256428803426533
-1.867,-6.417412472300638e-5,0.00015440576274145377
-1.866,-6.68475667097813e-5,0.00015624892973157677
-1.865,-6.958642464100757e-5,0.00015809305818266332
-1.864,-7.239184127881925e-5,0.00015993739008089822
-1.863,-7.526497044112285e-5,0.00016178113956672238
-1.862,-7.820697684518761e-5,0.00016362349227012115
-1.861,-8.12190359391766e-5,0.00016546360463504169
-1.86,-8.430233372122002e-5,0.00016730060323288568
-1.859,-8.745806654562264e-5,0.0001691335840650272
-1.858,-9.068744091578805e-5,0.00017096161185431132
-1.857,-9.399167326343254e-5,0.00017278371932549303
-1.856,-9.737198971365181e-5,0.00017459890647458258
-1.855,-0.00010082962583539371,0.00017640613982706723
-1.854,-0.00010436582637688015,0.00017820435168498685
-1.853,-0.00010798184498551126,0.0001799924393628457
-1.852,-0.00011167894391177431,0.00018176926441234944
-1.851,-0.00011545839369666967,0.00018353365183596364
-1.85,-0.00011932147284215511,0.00018528438928929567
-1.849,-0.00012326946746409937,0.00018702022627231082
-1.848,-0.00012730367092722488,0.0001887398733093994
-1.847,-0.00013142538346150803,0.00019044200111832085
-1.846,-0.00013563591175949527,0.00019212523976805856
-1.845,-0.00013993656855398063,0.00019378817782562727
-1.844,-0.00014432867217547993,0.00019542936149188512
-1.843,-0.00014881354608892492,0.00019704729372641057
-1.842,-0.0001533925184089887,0.00019864043336151468
-1.841,-0.00015806692139344234,0.0002002071942054694
-1.84,-0.00016283809091393044,0.0002017459441350433
-1.839,-0.00016770736590354128,0.00020325500417744618
-1.838,-0.00017267608778053504,0.0002047326475817965
-1.837,-0.00017774559984758142,0.00020617709888023718
-1.836,-0.00018291724666584552,0.00020758653293883667
-1.835,-0.0001881923734032478,0.00020895907399842633
-1.834,-0.0001935723251562125,0.00021029279470553754
-1.833,-0.0001990584462442049,0.00021158571513361585
-1.832,-0.00020465207947634582,0.00021283580179470382
-1.831,-0.00021035456538937862,0.00021404096664179908
-1.83,-0.00021616724145625104,0.00021519906606210908
-1.829,-0.0002220914412645608,0.0002163078998614404
-1.828,-0.00022812849366410178,0.0002173652102399763
-1.827,-0.0002342797218827331,0.00021836868075971358
-1.826,-0.00024054644260978117,0.0002193159353038476
-1.825,-0.00024692996504617124,0.00022020453702841175
-1.824,-0.00025343158992047156,0.00022103198730649755
-1.823,-0.00026005260847002007,0.0002217957246654
-1.822,-0.0002667943013862899,0.00022249312371705379
-1.821,-0.0002736579377236369,0.00022312149408214613
-1.82,-0.00028064477377055986,0.000223678079308314
-1.819,-0.00028775605188258765,0.00022416005578285535
-1.818,-0.00029499299927589884,0.0002245645316404073
-1.817,-0.0003023568267807621,0.00022488854566606715
-1.816,-0.00030984872755387386,0.0002251290661944578
-1.815,-0.00031746987574865726,0.00022528299000526306
-1.814,-0.0003252214251425721,0.00022534714121578495
-1.813,-0.0003331045077204724,0.00022531827017110263
-1.812,-0.00034112023221303703,0.00022519305233243856
-1.811,-0.0003492696825892828,0.000224968087164368
-1.81,-0.00035755391650216055,0.00022463989702153605
-1.809,-0.0003659739636862183,0.00022420492603557676
-1.808,-0.0003745308243063065,0.00022365953900296178
-1.807,-0.00038322546725628613,0.00022300002027453517
-1.806,-0.00039205882840668833,0.00022222257264752752
-1.805,-0.0004010318088002641,0.00022132331626087382
-1.804,-0.00041014527279434896,0.00022029828749469665
-1.803,-0.00041940004614895754,0.00021914343787485116
-1.802,-0.00042879691405951146,0.0002178546329834663
-1.801,-0.00043833661913309353,0.00021642765137645456
-1.8,-0.00044801985930710965,0.000214858183509002
-1.799,-0.0004578472857092317,0.0002131418306700913
-1.798,-0.0004678195004574836,0.0002112741039271512
-1.797,-0.00047793705439932316,0.00020925042308196954
-1.796,-0.00048820044478856535,0.00020706611563905047
-1.795,-0.0004986101128989821,0.00020471641578764205
-1.794,-0.0005091664415734068,0.00020219646339870618
-1.793,-0.0005198697527071648,0.0001995013030381517
-1.792,-0.000530720304664644,0.00019662588299769918
-1.791,-0.0005417182896278119,0.00019356505434479722
-1.79,-0.0005528638308754832,0.0001903135699930614
-1.789,-0.0005641569799921338,0.0001868660837947598
-1.788,-0.0005755977140050549,0.00018321714965692382
-1.787,-0.0005871859324486365,0.00017936122068271882
-1.786,-0.0005989214543545673,0.00017529264833976598
-1.785,-0.000610804015166736,0.00017100568165716594
-1.784,-0.0006228332635796173,0.00016649446645303505
-1.783,-0.0006350087582989282,0.00016175304459442632
-1.782,-0.0006473299647233374,0.000156775353291571
-1.781,-0.000659796251546016,0.00015155522442844167
-1.78,-0.0006724068872748181,0.0001460863839317034
-1.779,-0.0006851610366698857,0.00014036245118018888
-1.778,-0.0006980577570974768,0.00013437693845710208
-1.777,-0.0007110959947988225,0.00012812325044722725
-1.776,-0.0007242745810728244,0.0001215946837814929
-1.775,-0.0007375922283714176,0.00011478442663131523
-1.774,-0.00075104752630643,0.00010768555835522262
-1.773,-0.0007646389375667839,0.00010029104920034068
-1.772,-0.0007783647937448968,9.259376006139806e-5
-1.771,-0.0007922232910711575,8.45864422999953e-5
-1.77,-0.0008062124860553657,7.62617376269629e-5
-1.769,-0.0008203302910340449,6.761217805072074e-5
-1.768,-0.0008345744696225584,5.863018589463881e-5
-1.767,-0.0008489426320709805,4.930807388648926e-5
-1.766,-0.0008634322305226975,3.963804532317081e-5
-1.765,-0.000878040554174744,2.961219431398129e-5
-1.764,-0.0008927647243389035,1.922250610580905e-5
-1.763,-0.0009076016894026366,8.460857493712182e-6
-1.762,-0.000922548219688932,-2.680982679545651e-6
-1.761,-0.0009376009022142129,-1.4211352931332142e-5
-1.76,-0.0009527561353434665,-2.6138698450581123e-5
-1.759,-0.0009680101233418084,-3.847157030894421e-5
-1.758,-0.0009833588708217367,-5.1218624567669884e-5
-1.757,-0.0009987981770853756,-6.438862127611006e-5
-1.756,-0.00101432363036106,-7.799042335764139e-5
-1.755,-0.0010299306019336647,-9.203299537867372e-5
-1.754,-0.0010456142401681374,-0.0001065254021963009
-1.753,-0.0010613694644257554,-0.00012147680748002954
-1.752,-0.0010771909588726846,-0.00013689647210290013
-1.751,-0.0010930731661804953,-0.00015279375239719042
-1.75,-0.001109010281118347,-0.00016917809826976524
-1.749,-0.0011249962440366395,-0.00018605905117200823
-1.748,-0.0011410247342420019,-0.00020344624191914013
-1.747,-0.0011570891632635698,-0.00022134938835359543
-1.746,-0.0011731826680105972,-0.00023977829284699357
-1.745,-0.0011892981038215307,-0.0002587428396351035
-1.744,-0.0012054280374047804,-0.0002782529919800599
-1.743,-0.0012215647396715116,-0.000298318789153948
-1.742,-0.0012377001784609008,-0.0003189503432377286
-1.741,-0.0012538260111583978,-0.00034015783572932754
-1.74,-0.001269933577207666,-0.0003619515139545675
-1.739,-0.0012860138905169826,-0.00038434168727446446
-1.738,-0.0013020576317610201,-0.0004073387230822612
-1.737,-0.0013180551405790617,-0.0004309530425834127
-1.736,-0.001333996407670838,-0.00045519511635158026
-1.735,-0.0013498710667913317,-0.00048007545965353176
-1.734,-0.0013656683866460444,-0.0005056046275356828
-1.733,-0.001381377262688378,-0.0005317932096648487
-1.732,-0.0013969862088209623,-0.0005586518249156115
-1.731,-0.0014124833490029268,-0.0005861911156965385
-1.73,-0.001427856408765306,-0.0006144217420073152
-1.729,-0.0014430927066369544,-0.0006433543752186884
-1.728,-0.0014581791454835525,-0.0006729996915669364
-1.727,-0.0014731022037624915,-0.0007033683653544106
-1.726,-0.0014878479266966468,-0.0007344710618475132
-1.725,-0.001502401917370272,-0.0007663184298632987
-1.724,-0.0015167493277504893,-0.0007989210940357046
-1.723,-0.001530874849638094,-0.0008322896467522359
-1.722,-0.0015447627055516534,-0.0008664346397517435
-1.721,-0.001558396639549145,-0.0009013665753737552
-1.72,-0.0015717599079916602,-0.0009370958974496279
-1.719,-0.0015848352702539903,-0.0009736329818256089
-1.718,-0.0015976049793872168,-0.0010109881265077008
-1.717,-0.0016100507727387376,-0.0010491715414180447
-1.716,-0.001622153862535493,-0.0010881933377523405
-1.715,-0.0016338949264364984,-0.00112806351692764
-1.714,-0.0016452540980611368,-0.00116879195910966
-1.713,-0.001656210957500041,-0.0012103884113085716
-1.712,-0.0016667445218157767,-0.001252862475032036
-1.711,-0.0016768332355409307,-0.0012962235934840744
-1.71,-0.0016864549611816286,-0.0013404810382981619
-1.709,-0.0016955869697349347,-0.001385643895792768
-1.708,-0.0017042059312290287,-0.0014317210527373659
-1.707,-0.0017122879052955226,-0.0014787211816167612
-1.706,-0.0017198083317837615,-0.0015266527253814115
-1.705,-0.0017267420214274493,-0.001575523881671228
-1.704,-0.0017330631465744604,-0.0016253425865001758
-1.703,-0.001738745231991239,-0.001676116497388829
-1.702,-0.0017437611457537421,-0.0017278529759318542
-1.701,-0.0017480830902374656,-0.0017805590697872505
-1.7,-0.001751682593219691,-0.0018342414940740054
-1.699,-0.0017545304991077192,-0.0018889066121646788
-1.698,-0.0017565969603074944,-0.0019445604158592831
-1.697,-0.0017578514287477083,-0.002001208504926681
-1.696,-0.0017582626475751506,-0.002058856065999601
-1.695,-0.0017577986430378102,-0.002117507850809235
-1.694,-0.0017564267165729687,-0.002177168153745275
-1.693,-0.0017541134371183043,-0.0022378407887271396
-1.692,-0.001750824633664831,-0.002299529065372037
-1.691,-0.0017465253880713236,-0.0023622357644454374
-1.69,-0.0017411800281607465,-0.0024259631125794455
-1.689,-0.0017347521211200918,-0.002490712756244513
-1.688,-0.0017272044672259628,-0.0025564857349598814
-1.687,-0.001718499093919189,-0.0026232824537281083
-1.686,-0.001708597250252758,-0.0026911026546790366
-1.685,-0.001697459401738373,-0.002759945387908549
-1.684,-0.0016850452256180004,-0.002829808981497487
-1.683,-0.0016713136065878904,-0.0029006910106961544
-1.682,-0.0016562226330036685,-0.0029725882662598895
-1.681,-0.001639729593596293,-0.0030454967219212875
-1.68,-0.0016217909747298805,-0.0031194115009847614
-1.679,-0.0016023624582336708,-0.0031943268420292804
-1.678,-0.0015813989198416967,-0.003270236063705294
-1.677,-0.0015588544282750807,-0.003347131528612055
-1.676,-0.0015346822450032743,-0.003425004606241796
-1.675,-0.001508834824721987,-0.003503845634977478
-1.674,-0.0014812638165870567,-0.0035836438831311546
-1.673,-0.0014519200662450387,-0.003664387509010343
-1.672,-0.001420753618702887,-0.003746063520000183
-1.671,-0.0013877137220807427,-0.0038286577306496316
-1.67,-0.0013527488322935405,-0.003912154719750399
-1.669,-0.0013158066187088935,-0.003996537786397926
-1.668,-0.0012768339708305212,-0.004081788905024256
-1.667,-0.001235777006058359,-0.004167888679393376
-1.666,-0.0011925810785783973,-0.004254816295550262
-1.665,-0.0011471907894372924,-0.004342549473715743
-1.664,-0.0010995499978588305,-0.004431064419120096
-1.663,-0.0010496018338614344,-0.004520335771769277
-1.662,-0.0009972887122380713,-0.004610336555138723
-1.661,-0.0009425523479621562,-0.004701038123790743
-1.66,-0.0008853337730853482,-0.004792410109912791
-1.659,-0.0008255733551954959,-0.004884420368775175
-1.658,-0.0007632108175054337,-0.004977034923108187
-1.657,-0.000698185260645822,-0.005070217906400202
-1.656,-0.0006304351862378014,-0.005163931505119899
-1.655,-0.0005598985223238678,-0.005258135899867565
-1.654,-0.0004865126507380848,-0.005352789205462339
-1.653,-0.0004102144364995232,-0.005447847409974331
-1.652,-0.0003309402593156704,-0.0055432643127127
-1.651,-0.00024862604728545946,-0.005638991461183229
-1.65,-0.0001632073128945546,-0.005734978087031372
-1.649,-7.461919139857506e-5,-0.005831171040989538
-1.648,1.72035183069444e-5,-0.005927514726850243
-1.647,0.00011232631022788453,-0.006023951034489875
-1.646,0.00021081492511895202,-0.0061204192719711385
-1.645,0.0003127353015286627,-0.006216856096755797
-1.644,0.0004181535239300389,-0.006313195446063089
-1.643,0.0005271357678217608,-0.006409368466413266
-1.642,0.0006397482416810614,-0.006505303442399963
-1.641,0.0007560571256461642,-0.006600925724739716
-1.64,0.000876128506802537,-0.006696157657651826
-1.639,0.0010000283109436775,-0.006790918505626917
-1.638,0.0011278222306735704,-0.006885124379648125
-1.637,0.0012595756497143676,-0.0069786881629346435
-1.636,0.0013953535632792453,-0.00707151943628365
-1.635,0.001535220494366814,-0.007163524403093214
-1.634,0.001679240405829887,-0.007254605814155831
-1.633,0.0018274766080678849,-0.007344662892319664
-1.632,0.001979991662188672,-0.007433591257122472
-1.631,0.0021368472784822064,-0.007521282849511575
-1.63,0.0022981042100450482,-0.007607625856772045
-1.629,0.0024638221413915556,-0.007692504637794714
-1.628,0.002634059571884486,-0.007775799648825462
-1.627,0.0028088736938147872,-0.007857387369847747
-1.626,0.0029883202649575885,-0.007937140231761414
-1.625,0.0031724534754288504,-0.008014926544532487
-1.624,0.0033613258086648188,-0.008090610426500949
-1.623,0.0035549878963443914,-0.008164051735046576
-1.622,0.003753488367072793,-0.0082351059988265
-1.621,0.003956873688643591,-0.008303624351812642
-1.62,0.004165188003695146,-0.008369453469372307
-1.619,0.004378472958577077,-0.008432435506651143
-1.618,0.00459676752524236,-0.008492408039534445
-1.617,0.004820107815981253,-0.008549204008480324
-1.616,0.005048526890814447,-0.008602651665536722
-1.615,0.005282054557364799,-0.00865257452487348
-1.614,0.005520717163029658,-0.00869879131718096
-1.613,0.005764537379279374,-0.008741115948307765
-1.612,0.006013533977912063,-0.008779357462532184
-1.611,0.006267721599100219,-0.008813320010884997
-1.61,0.0065271105110714335,-0.008842802824965244
-1.609,0.006791706361273355,-0.008867600196715519
-1.608,0.007061509918882261,-0.008887501464649242
-1.607,0.007336516808525342,-0.0089022910070493
-1.606,0.007616717235099043,-0.008911748242685312
-1.605,0.0079020956995799,-0.00891564763962555
-1.604,0.00819263070574013,-0.008913758732749407
-1.603,0.008488294457698225,-0.008905846150596872
-1.602,0.008789052548254834,-0.008891669652223088
-1.601,0.009094863637986728,-0.008870984174758385
-1.6,0.009405679125096553,-0.00884353989240733
-1.599,0.009721442806043826,-0.008809082287654103
-1.598,0.010042090527013164,-0.008767352235475971
-1.597,0.010367549826309443,-0.008718086101401453
-1.596,0.010697739567806615,-0.008661015854285107
-1.595,0.011032569565617387,-0.008595869194706321
-1.594,0.011371940200195276,-0.008522369699935084
-1.593,0.011715742026128803,-0.008440236986443148
-1.592,0.012063855371940047,-0.008349186890974112
-1.591,0.012416149932256648,-0.008248931671220538
-1.59,0.012772484352788004,-0.008139180227189907
-1.589,0.013132705808602776,-0.008019638344373829
-1.588,0.013496649576276621,-0.00789000895986608
-1.587,0.013864138600555926,-0.0077499924526042785
-1.586,0.014234983056266082,-0.007599286958937168
-1.585,0.014608979906281221,-0.007437588714743774
-1.584,0.014985912456466776,-0.0072645924253519675
-1.583,0.015365549908606974,-0.007079991664521433
-1.582,0.015747646912436297,-0.006883479303769254
-1.581,0.016131943118007558,-0.006674747973324604
-1.58,0.01651816272974924,-0.006453490556001707
-1.579,0.016906014063691653,-0.006219400715276525
-1.578,0.017295189109474734,-0.005972173458841857
-1.577,0.017685363098890596,-0.0057115057388967124
-1.576,0.01807619408286034,-0.005437097090398167
-1.575,0.01846732251889782,-0.0051486503084664445
-1.574,0.018858370871272127,-0.004845872166085607
-1.573,0.019248943226245475,-0.004528474173182117
-1.572,0.019638624924933543,-0.004196173378090303
-1.571,0.020026982216510544,-0.0038486932123265446
-1.57,0.020413561934660564,-0.003485764379491405
-1.569,0.02079789120035963,-0.003107125788999889
-1.568,0.021179477154258084,-0.002712525535203253
-1.567,0.021557806722119648,-0.0023017219223100587
-1.566,0.02193234641696022,-0.001874484535338278
-1.565,0.022302542181715117,-0.0014305953571329584
-1.564,0.022667819276445914,-0.0009698499312640878
-1.563,0.023027582214276126,-0.0004920585703757294
-1.562,0.023381214750415935,2.9523907108337374e-6
-1.561,0.023728079928798416,0.0005153392981312426
-1.56,0.02406752019100034,0.0010452398396613733
-1.559,0.024398857552257097,0.0015927716646094807
-1.558,0.024721393849500697,0.0021580309649523403
-1.557,0.025034411066448842,0.002741091020154003
-1.556,0.025337171740848582,0.003342000708537213
-1.555,0.02562891945902616,0.003960782988536651
-1.554,0.025908879442911807,0.004597433353649305
-1.553,0.02617625923469031,0.005251918265409486
-1.552,0.026430249484171067,0.005924173569252766
-1.551,0.026670024843870783,0.006614102898692586
-1.55,0.026894744976653586,0.007321576073812991
-1.549,0.027103555680572978,0.008046427500677947
-1.548,0.02729559013530291,0.008788454578868347
-1.547,0.02746997027422757,0.009547416124977968
-1.546,0.02762580828587686,0.010323030820524399
-1.545,0.027762208247943,0.011114975693354666
-1.544,0.027878267896590203,0.011922884642241843
-1.543,0.0279730805331701,0.012746347014971106
-1.542,0.028045737069778594,0.013584906250793977
-1.541,0.02809532821433293,0.014438058598679377
-1.54,0.02812094679500963,0.015305251923300496
-1.539,0.028121690222964724,0.016185884611157733
-1.538,0.02809666309125778,0.017079304589639813
-1.537,0.02804497990682256,0.01798480847215686
-1.536,0.027965767951173153,0.018901640842729783
-1.535,0.027858170264309094,0.019828993693578267
-1.534,0.02772134874499276,0.020766006029303875
-1.533,0.0275544873592247,0.021711763651203714
-1.532,0.02735679544734624,0.022665299135062895
-1.531,0.027127511118765296,0.023625592015450367
-1.53,0.02686590472184281,0.024591569189072352
-1.529,0.026571282375008096,0.02556210554911249
-1.528,0.02624298954370753,0.026536024861699956
-1.527,0.025880414646350186,0.027512100894690424
-1.526,0.025482992671014473,0.028489058807815874
-1.525,0.025050208783342836,0.029465576811955517
-1.524,0.02458160190479741,0.03044028810380213
-1.523,0.02407676823930098,0.03141178308054848
-1.522,0.02353536472526713,0.03237861183740318
-1.521,0.022957112389153482,0.033339286948772445
-1.52,0.02234179957597556,0.03429228653182653
-1.519,0.021689285031717402,0.03523605758892046
-1.518,0.02099950081228927,0.03616901962297815
-1.517,0.020272454993632345,0.0370895685174967
-1.516,0.019508234157771167,0.03799608067030921
-1.515,0.018707005630082166,0.0388869173676863
-1.514,0.01786901944379133,0.03976042938278933
-1.513,0.01699461000874434,0.04061496177994318
-1.512,0.01608419746281179,0.041448858903708204
-1.511,0.015138288685900073,0.042260469529334294
-1.51,0.014157477958430177,0.04304815214891085
-1.509,0.01314244724831208,0.04381028036542093
-1.508,0.012093966112867022,0.04454524836500128
-1.507,0.011012891204814036,0.045251476436036435
-1.506,0.009900165374316337,0.045927416502306626
-1.505,0.008756816362148489,0.04657155763629519
-1.504,0.007583955082263484,0.04718243151796731
-1.503,0.006382773495372967,0.0477586178038798
-1.502,0.005154542078563473,0.048298749371388894
-1.501,0.0039006068994139357,0.04880151740300028
-1.5,0.0026223863065101063,0.049265676276560304
-1.499,0.0013213672516241813,0.04969004822801864
-1.498,-8.987379030497913e-7,0.05007352775489547
-1.497,-0.0013427999149200974,0.05041508573034781
-1.496,-0.002702668971777576,0.05071377319983258
-1.495,-0.004078787975916697,0.050968724834783916
-1.494,-0.0054693935520315025,0.05117916202043007
-1.493,-0.00687268227898528,0.051344395557836923
-1.492,-0.008286816267877988,0.051463827963442066
-1.491,-0.009709928886235567,0.051536955352693384
-1.49,-0.011140130592241448,0.0515633688978853
-1.489,-0.012575514842267098,0.05154275585384616
-1.488,-0.01401416403468735,0.05147490014872608
-1.487,-0.015454155453086675,0.051359682540716406
-1.486,-0.01689356717246702,0.05119708034505523
-1.485,-0.018330483892943412,0.0509871667390908
-1.484,-0.019763002666641064,0.050730109656446774
-1.483,-0.02118923848506352,0.05042617028441824
-1.482,-0.022607329696056756,0.05007570118159254
-1.481,-0.024015443221616778,0.049679144035302256
-1.48,-0.025411779550142923,0.049237027080854624
-1.479,-0.026794577479287453,0.04874996220652093
-1.478,-0.028162118588255423,0.04821864176999708
-1.477,-0.029512731421226592,0.04764383515345206
-1.476,-0.030844795366463514,0.047026385085361125
-1.475,-0.032156744218597724,0.04636720375807526
-1.474,-0.03344706941451071,0.0456672687705147
-1.473,-0.034714322936113165,0.04492761892550135
-1.472,-0.03595711987614043,0.04414934991107792
-1.471,-0.03717414066579507,0.04333360989471781
-1.47,-0.038364132965650936,0.0424815950586311
-1.469,-0.03952591322366432,0.04159454510344003
-1.468,-0.040658367906397264,0.04067373874635949
-1.467,-0.041760454411629185,0.03972048923869859
-1.466,-0.042831201672404555,0.03873613992602723
-1.465,-0.04386971046422781,0.037722059872752844
-1.464,-0.0448751534285667,0.03667963957115515
-1.463,-0.04584677482706161,0.035610286753156854
-1.462,-0.04678389004186126,0.034515422321291046
-1.461,-0.04768588483832049,0.03339647641348569
-1.46,-0.04855221440690911,0.03225488461444439
-1.459,-0.04938240220160236,0.031092084324580493
-1.458,-0.05017603859226302,0.029909511295677604
-1.457,-0.05093277934859587,0.028708596340719206
-1.456,-0.051652343973169854,0.02749076222366799
-1.455,-0.05233451390077607,0.026257420733393183
-1.454,-0.05297913058103586,0.02500996994445137
-1.453,-0.05358609346070664,0.023749791666030994
-1.452,-0.05415535788156987,0.02247824907907811
-1.451,-0.054686932909138855,0.02119668456043532
-1.45,-0.05518087910670937,0.019906417691748963
-1.449,-0.05563730626850592,0.018608743449932432
-1.448,-0.05605637112486446,0.017304930575114737
-1.447,-0.05643827503154985,0.015996220111251708
-1.446,-0.05678326165444489,0.014683824113928797
-1.445,-0.05709161465997726,0.013368924519335882
-1.444,-0.0573636554207803,0.012052672167940825
-1.443,-0.0575997407452215,0.010736185976024555
-1.442,-0.05780026063858606,0.009420552247960604
-1.441,-0.05796563610287765,0.00810682412192006
-1.44,-0.058096316981400595,0.006796021141552829
-1.439,-0.05819277985352069,0.005489128946131537
-1.438,-0.05825552598426985,0.004187099071639029
-1.437,-0.05828507933276505,0.002890848855328165
-1.436,-0.05828198462275721,0.0016012614363773293
-1.435,-0.058246805478011324,0.00031918584540091885
-1.434,-0.058180122624647015,-0.0009545628242543924
-1.433,-0.05808253216203816,-0.002219203170295048
-1.432,-0.05795464390338193,-0.0034739871669879274
-1.431,-0.05779707978660017,-0.004718199788781986
-1.43,-0.05761047235582924,-0.005951158578172272
-1.429,-0.05739546331338673,-0.007172213163657546
-1.428,-0.05715270214177329,-0.008380744733356904
-1.427,-0.05688284479497399,-0.009576165469559295
-1.426,-0.05658655245806401,-0.010757917949185439
-1.425,-0.05626449037389613,-0.011925474514847005
-1.424,-0.05591732673545121,-0.013078336620895218
-1.423,-0.055545731642264465,-0.01421603415856232
-1.422,-0.055150376119198936,-0.015338124764016145
-1.421,-0.05473193119572077,-0.016444193112871944
-1.42,-0.0542910670437364,-0.01753385020443765
-1.419,-0.05382845217197834,-0.018606732638710134
-1.418,-0.05334475267487154,-0.01966250188889104
-1.417,-0.05284063153377471,-0.020700843571952746
-1.416,-0.052316747968468705,-0.02172146671955749
-1.415,-0.05177375683675599,-0.02272410305141685
-1.414,-0.05121230808003874,-0.023708506252973976
-1.413,-0.05063304621275809,-0.02467445125909784
-1.412,-0.050036609853601144,-0.025621733545296992
-1.411,-0.04942363129641491,-0.02655016842778966
-1.41,-0.048794736118805776,-0.027459590373607727
-1.409,-0.04815054282644887,-0.02834985232176318
-1.408,-0.047491662531182054,-0.02922082501636763
-1.407,-0.04681869866101434,-0.030072396352467175
-1.406,-0.04613224670023647,-0.030904470735236726
-1.405,-0.04543289395788225,-0.031716968453068636
-1.404,-0.04472121936285176,-0.032509825064990575
-1.403,-0.04399779328407186,-0.033282990802755666
-1.402,-0.04326317737413393,-0.0340364299878645
-1.401,-0.04251792443491444,-0.03477012046370238
-1.4,-0.041762578303748646,-0.035484053042906395
-1.399,-0.04099767375879278,-0.036178230970014665
-1.398,-0.04022373644227416,-0.036852669399394064
-1.397,-0.039441282800391324,-0.03750739488839304
-1.396,-0.03865082003868856,-0.0381424449056212
-1.395,-0.0378528460917892,-0.03875786735421815
-1.394,-0.037047849606431114,-0.039353720109939185
-1.393,-0.036236309936804906,-0.03993007057385512
-1.392,-0.035418697151250365,-0.04048699523943711
-1.391,-0.03459547204942064,-0.04102457927377472
-1.39,-0.03376708618907447,-0.0415429161126562
-1.389,-0.03293398192170679,-0.042042107069223705
-1.388,-0.03209659243627522,-0.04252226095590293
-1.387,-0.03125534181032553,-0.04298349371929593
-1.386,-0.030410645067862552,-0.04342592808771722
-1.385,-0.029562908243354627,-0.04384969323104734
-1.384,-0.028712528451298968,-0.04425492443257331
-1.383,-0.027859893960813086,-0.0446417627724829
-1.382,-0.02700538427475308,-0.045010354822678435
-1.381,-0.026149370212893302,-0.04536085235257617
-1.38,-0.025292213998734155,-0.04569341204555842
-1.379,-0.024434269349534996,-0.04600819522574849
-1.378,-0.023575881569197765,-0.04630536759478155
-1.377,-0.022717387643654018,-0.046585098978249
-1.376,-0.02185911633843347,-0.046847563081498914
-1.375,-0.02100138829811619,-0.04709293725448042
-1.374,-0.02014451614739303,-0.04732140226532624
-1.373,-0.01928880459348011,-0.04753314208237405
-1.372,-0.018434550529653055,-0.047728343664334004
-1.371,-0.01758204313968519,-0.047907196758317096
-1.37,-0.01673156400299138,-0.04806989370544648
-1.369,-0.015883387200295578,-0.048216629253781146
-1.368,-0.015037779419655159,-0.048347600378289245
-1.367,-0.014195000062689507,-0.04846300610761598
-1.366,-0.013355301350873481,-0.04856304735739891
-1.365,-0.012518928431768711,-0.04864792676989101
-1.364,-0.011686119485077189,-0.04871784855965995
-1.363,-0.010857105828412233,-0.048773018365139344
-1.362,-0.010032112022691855,-0.04881364310581574
-1.361,-0.009211355977068675,-0.04883993084484232
-1.36,-0.008395049053319125,-0.048852090656877706
-1.359,-0.0075833961696224455,-0.04885033250095582
-1.358,-0.0067765959036673535,-0.04883486709819933
-1.357,-0.0059748405950309095,-0.04880590581419667
-1.356,-0.005178316446780341,-0.04876366054586907
-1.355,-0.004387203626254277,-0.04870834361266077
-1.354,-0.0036016763649851045,-0.04864016765189197
-1.353,-0.002821903057728954,-0.048559345518120335
-1.352,-0.0020480463605742926,-0.04846609018636291
-1.351,-0.0012802632881041107,-0.048360614659036114
-1.35,-0.0005187053095904296,-0.04824313187647726
-1.349,0.00023648155579677555,-0.048113854630916414
-1.348,0.0009851566447810424,-0.04797299548377275
-1.347,0.0017271845567832787,-0.04782076668615473
-1.346,0.0024624350617474516,-0.047657380102448146
-1.345,0.0031907830089952407,-0.0474830471368811
-1.344,0.0039121082371146865,-0.04729797866295924
-1.343,0.004626295484885978,-0.04710238495566928
-1.342,0.005333234303245814,-0.04689647562635262
-1.341,0.006032818968290263,-0.046680459560155485
-1.34,0.006724948395314647,-0.04645454485596523
-1.339,0.007409526053887787,-0.046218938768746734
-1.338,0.008086459883956836,-0.045973847654196126
-1.337,0.00875566221297798,-0.04571947691563235
-1.336,0.009417049674067446,-0.0454560309530507
-1.335,0.010070543125166491,-0.04518371311426531
-1.334,0.010716067569213417,-0.04490272564807057
-1.333,0.01135355207531511,-0.04461326965935455
-1.332,0.011982929700910085,-0.04431554506609994
-1.331,0.012604137414914661,-0.044009750558210825
-1.33,0.0132171160218435,-0.043696083558105954
-1.329,0.013821810086895486,-0.043374740183021794
-1.328,0.014418167861995719,-0.04304591520897058
-1.327,0.01500614121278416,-0.04270980203630101
-1.326,0.015585685546541377,-0.04236659265681123
-1.325,0.016156759741041724,-0.0420164776223657
-1.324,0.016719326074324237,-0.04165964601496927
-1.323,0.017273350155371497,-0.04129628541825408
-1.322,0.017818800855686663,-0.04092658189033583
-1.321,0.018355650241759024,-0.04055071993799836
-1.32,0.018883873508408283,-0.04016888249216655
-1.319,0.019403448912998052,-0.039781250884629166
-1.318,0.019914357710508906,-0.03938800482597476
-1.317,0.020416584089461613,-0.038989322384704914
-1.316,0.020910115108681203,-0.03858537996749058
-1.315,0.021394940634892563,-0.03817635230053834
-1.314,0.021871053281138537,-0.03776241241203462
-1.313,0.022338448346011522,-0.037343731615637005
-1.312,0.022797123753689686,-0.03692047949498288
-1.311,0.023247079994769174,-0.03649282388918655
-1.31,0.023688320067883697,-0.036060930879297
-1.309,0.024120849422103116,-0.03562496477568938
-1.308,0.02454467590010274,-0.035185088106364136
-1.307,0.024959809682095255,-0.03474146160612854
-1.306,0.025366263230517282,-0.03429424420663618
-1.305,0.025764051235462777,-0.033843593027260754
-1.304,0.02615319056085556,-0.033389663366781036
-1.303,0.026533700191353468,-0.03293260869585499
-1.302,0.026905601179976733,-0.03247258065026112
-1.301,0.027268916596453315,-0.03200972902488624
-1.3,0.027623671476274085,-0.03154420176843919
-1.299,0.02796989277045086,-0.031076144978870606
-1.298,0.028307609295970423,-0.030605702899479552
-1.297,0.028636851686937793,-0.030133017915688166
-1.296,0.02895765234640214,-0.02965823055246611
-1.295,0.029270045398858788,-0.029181479472386963
-1.294,0.029574066643420976,-0.02870290147429933
-1.293,0.02986975350765507,-0.028222631492595653
-1.292,0.030157145002072998,-0.027740802597062388
-1.291,0.030436281675275904,-0.027257545993295374
-1.29,0.03070720556974296,-0.026772991023664816
-1.289,0.03096996017825947,-0.026287265168814508
-1.288,0.031224590400978455,-0.025800494049680416
-1.287,0.031471142503109985,-0.025312801430014013
-1.286,0.031709664073232585,-0.024824309219396098
-1.285,0.03194020398222118,-0.024335137476727192
-1.284,0.032162812342786014,-0.02384540441418085
-1.283,0.032377540469617196,-0.023355226401606616
-1.282,0.032584440840129375,-0.022864717971369537
-1.281,0.032783567055801315,-0.022373991823613524
-1.28,0.03297497380410512,-0.021883158831936027
-1.279,0.03315871682101984,-0.021392328049461864
-1.278,0.033334852854124325,-0.020901606715304187
-1.277,0.033503439626264266,-0.020411100261400875
-1.276,0.0336645357997883,-0.01992091231971488
-1.275,0.03381820094134821,-0.01943114472978729
-1.274,0.033964495487258155,-0.018941897546632037
-1.273,0.034103480709408114,-0.018453269048961482
-1.272,0.03423521868172652,-0.017965355747732288
-1.271,0.03435977224718724,-0.017478252395001156
-1.27,0.0344772049853561,-0.016992051993080303
-1.269,0.03458758118047208,-0.016506845803982633
-1.268,0.03469096579005839,-0.01602272335914686
-1.267,0.034787424414058674,-0.015539772469432944
-1.266,0.03487702326449363,-0.015058079235378457
-1.265,0.034959829135633246,-0.014577728057706603
-1.264,0.03503590937468003,-0.014098801648076864
-1.263,0.03510533185295844,-0.013621381040069352
-1.262,0.03516816493760601,-0.013145545600394168
-1.261,0.03522447746376133,-0.0126713730403172
-1.26,0.03527433870724442,-0.012198939427293989
-1.259,0.03531781835772473,-0.011728319196803385
-1.258,0.03535498649237226,-0.011259585164372978
-1.257,0.03538591354998715,-0.010792808537788325
-1.256,0.035410670305603194,-0.010328058929478242
-1.255,0.03542932784556064,-0.009865404369068517
-1.254,0.03544195754304382,-0.009404911316096564
-1.253,0.035448631034078956,-0.00894664467287971
-1.252,0.035449420193987655,-0.008490667797529902
-1.251,0.03544439711429155,-0.008037042517107764
-1.25,0.03543363408006357,-0.007585829140909154
-1.249,0.03541720354772133,-0.007137086473877352
-1.248,0.035395178123258084,-0.006690871830134312
-1.247,0.03536763054090688,-0.006247241046624404
-1.246,0.03533463364223325,-0.005806248496864287
-1.245,0.03529626035565211,-0.005367947104792653
-1.244,0.03525258367636431,-0.004932388358713696
-1.243,0.035203676646708426,-0.004499622325328291
-1.242,0.035149612336923354,-0.004069697663847024
-1.241,0.035090463826317135,-0.0036426616401792618
-1.24,0.03502630418483781,-0.0032185601411926527
-1.239,0.03495720645504167,-0.0027974376890374944
-1.238,0.03488324363445456,-0.002379337455530574
-1.237,0.03480448865832194,-0.001964301276593162
-1.236,0.0347210143827431,-0.0015523696667379854
-1.235,0.03463289356818535,-0.0011435818336000857
-1.234,0.03454019886337367,-0.0007379756925066049
-1.233,0.03444300278955158,-0.00033558788108063264
-1.232,0.034341377725108736,6.354622612563747e-5
-1.231,0.03423539589057112,0.00045939250297309154
-1.23,0.034125129333949254,0.000851918057057763
-1.229,0.034010649916440344,0.0012410912150172255
-1.228,0.03389202929847994,0.0016268815078256515
-1.227,0.03376933892613886,0.0020092596560817777
-1.226,0.03364265001786111,0.0023881975552939153
-1.225,0.03351203355153853,0.0027636682611660544
-1.224,0.03337756025191792,0.003135645974889005
-1.223,0.03323930057833653,0.0035041060284404283
-1.222,0.0330973247127815,0.003869024869897524
-1.221,0.032951702548269235,0.0042303800487660265
-1.22,0.03280250367754048,0.0045881502013291045
-1.219,0.03264979738206689,0.004942315036019629
-1.218,0.0324936526213651,0.005292855318819225
-1.217,0.03233413802261392,0.0056397528586874055
-1.216,0.03217132187057088,0.005982990493024012
-1.215,0.0320052720977837,0.006322552073168108
-1.214,0.03183605627509293,0.006658422449936368
-1.213,0.031663741602421476,0.006990587459203944
-1.212,0.03148839489984712,0.007319033907530695
-1.211,0.03131008259895401,0.007643749557835582
-1.21,0.03112887073445906,0.007964723115121985
-1.209,0.03094482493610947,0.008281944212256557
-1.208,0.030758010420847217,0.008595403395804226
-1.207,0.03056849198523675,0.008905092111921822
-1.206,0.030376333998151962,0.00921100269231276
-1.205,0.03018160039371853,0.009513128340245149
-1.204,0.029984354664507835,0.009811463116635572
-1.203,0.029784659854978586,0.010106001926200777
-1.202,0.029582578555162404,0.010396740503679405
-1.201,0.029378172894589532,0.010683675400125815
-1.2,0.029171504536450992,0.010966803969278032
-1.199,0.028962634671993417,0.011246124354001723
-1.198,0.028751624015142876,0.011521635472812097
-1.197,0.028538532797354025,0.011793337006475503
-1.196,0.02832342076268094,0.012061229384692507
-1.195,0.028106347163066044,0.012325313772864076
-1.194,0.027887370753843434,0.012585592058942534
-1.193,0.027666549789453217,0.012842066840368807
-1.192,0.02744394201936313,0.013094741411097472
-1.191,0.027219604684194123,0.013343619748711046
-1.19,0.026993594512046228,0.013588706501624893
-1.189,0.02676596771502146,0.013830006976384075
-1.188,0.02653677998594019,0.014067527125053391
-1.187,0.026306086495247634,0.014301273532701874
-1.186,0.026073941888107112,0.014531253404982842
-1.185,0.025840400281676737,0.014757474555810644
-1.184,0.0256055152625662,0.014979945395135162
-1.183,0.0253693398844704,0.015198674916815045
-1.182,0.025131926665976648,0.01541367268659067
-1.181,0.02489332758854227,0.015624948830157692
-1.18,0.024653594094639363,0.015832514021342083
-1.179,0.02441277708606357,0.01603637947037744
-1.178,0.02417092692240379,0.016236556912285344
-1.177,0.023928093419669626,0.01643305859535949
-1.176,0.023684325849073602,0.016625897269754268
-1.175,0.023439672935965057,0.016815086176178384
-1.174,0.023194182858912706,0.017000639034694214
-1.173,0.022947903248932932,0.017182570033623303
-1.172,0.022700881188860815,0.01736089381855863
-1.171,0.022453163212861015,0.017535625481484064
-1.17,0.022204795306075605,0.017706780550001418
-1.169,0.021955822904406022,0.017874374976665525
-1.168,0.02170629089442628,0.018038425128427685
-1.167,0.021456243613424672,0.01819894777618779
-1.166,0.02120572484957121,0.018355960084455388
-1.165,0.02095477784220806,0.018509479601119986
-1.164,0.02070344528226023,0.018659524247330746
-1.163,0.02045176931276394,0.018806112307485776
-1.162,0.02019979152950992,0.01894926241933118
-1.161,0.01994755298179913,0.01908899356416994
-1.16,0.01969509417330823,0.019225325057180734
-1.159,0.019442455063062327,0.019358276537846747
-1.158,0.01918967506651247,0.019487867960494475
-1.157,0.018936793056715327,0.019614119584942545
-1.156,0.018683847365612724,0.019737051967260458
-1.155,0.0184308757854085,0.01985668595063728
-1.154,0.018177915570040344,0.019973042656360088
-1.153,0.017925003436744236,0.02008614347490214
-1.152,0.01767217556770915,0.02019601005712055
-1.151,0.017419467611819707,0.020302664305563402
-1.15,0.017166914686484548,0.020406128365885953
-1.149,0.01691455137954811,0.020506424618375884
-1.148,0.016662411751283638,0.02060357566958725
-1.147,0.016410529336465227,0.020697604344082864
-1.146,0.01615893714651677,0.0207885336762849
-1.145,0.015907667671735622,0.020876386902433354
-1.144,0.015656752883588938,0.02096118745265204
-1.143,0.015406224237080575,0.02104295894312181
-1.142,0.015156112673186568,0.021121725168360594
-1.141,0.01490644862135709,0.021197510093609883
-1.14,0.014657262002082998,0.021270337847327275
-1.139,0.014408582229524942,0.02134023271378464
-1.138,0.014160438214203147,0.021407219125771468
-1.137,0.01391285836574596,0.021471321657402946
-1.136,0.013665870595695276,0.021532565017032303
-1.135,0.013419502320367033,0.02159097404026692
-1.134,0.013173780463764922,0.021646573683087714
-1.133,0.012928731460545547,0.021699389015071267
-1.132,0.01268438125903327,0.021749445212714175
-1.131,0.012440755324283001,0.021796767552859087
-1.13,0.012197878641189226,0.02184138140622183
-1.129,0.011955775717639606,0.021883312231019112
-1.128,0.01171447058771147,0.021922585566696146
-1.127,0.011473986814909585,0.021959227027753686
-1.126,0.011234347495443612,0.02199326229767375
-1.125,0.010995575261543655,0.02202471712294356
-1.124,0.010757692284812352,0.022053617307176927
-1.123,0.010520720279611996,0.02207998870533252
-1.122,0.010284680506485186,0.022103857218028378
-1.121,0.010049593775607511,0.022125248785951946
-1.12,0.009815480450270845,0.022144189384365034
-1.119,0.009582360450395812,0.022160705017702956
-1.118,0.00935025325607202,0.022174821714267233
-1.117,0.009119177911124701,0.022186565521011118
-1.116,0.008889153026706374,0.022195962498417255
-1.115,0.00866019678491225,0.02220303871546677
-1.114,0.00843232694241802,0.022207820244699094
-1.113,0.00820556083413879,0.02221033315736175
-1.112,0.007979915376907863,0.022210603518649445
-1.111,0.007755407073174178,0.022208657383031658
-1.11,0.007532052014717146,0.02220452078966807
-1.109,0.007309865886377725,0.022198219757911006
-1.108,0.007088863969804553,0.022189780282894225
-1.107,0.0068690611472139885,0.02217922833120723
-1.106,0.006650471905162949,0.022166589836654396
-1.105,0.006433110338333424,0.022151890696098128
-1.104,0.006216990153327597,0.0221351567653853
-1.103,0.006002124672472508,0.022116413855356194
-1.102,0.005788526837633221,0.022095687727935163
-1.101,0.005576209214033469,0.022073004092302288
-1.1,0.0053651839940827934,0.022048388601145177
-1.099,0.005155463001209179,0.02202186684699022
-1.098,0.004947057693696248,0.02199346435861242
-1.097,0.004739979168524055,0.021963206597523106
-1.096,0.004534238165212577,0.021931118954534708
-1.095,0.004329845069666994,0.021897226746401773
-1.094,0.004126809918023881,0.021861555212537506
-1.093,0.003925142400497445,0.021824129511805013
-1.092,0.003724851865224969,0.02178497471938242
-1.091,0.003525947322110646,0.02174411582370118
-1.09,0.0033284374466669743,0.02170157772345667
-1.089,0.003132330583852948,0.02165738522469036
-1.088,0.002937634751908266,0.021611563037942753
-1.087,0.002744357646182797,0.021564135775476265
-1.086,0.0025525066429605806,0.021515127948567348
-1.085,0.0023620888032776337,0.021464563964866963
-1.084,0.002173110876732866,0.021412468125828702
-1.083,0.0019855793052914214,0.02135886462420372
-1.082,0.0017995002270797728,0.02130377754160175
-1.081,0.0016148794801719216,0.021247230846117328
-1.08,0.0014317226063660646,0.02118924839002057
-1.079,0.00125003485495111,0.02112985390751161
-1.078,0.0010698211864624348,0.021069071012538004
-1.077,0.0008910862764262994,0.021006923196674254
-1.076,0.000713834519092341,0.020943433827062756
-1.075,0.0005380700311535906,0.02087862614441535
-1.074,0.00036379665545346803,0.02081252326107471
-1.073,0.00019101796467922626,0.02074514815913483
-1.072,1.9737265041330365e-5,0.020676523688619827
-1.071,-0.00015004240006173002,0.02060667256572031
-1.07,-0.0003183182463936808,0.02053561737108656
-1.069,-0.00048508774524622935,0.02046338054817775
-1.068,-0.0006503486198208151,0.020389984401666485
-1.067,-0.0008140988416267914,0.020315451095897892
-1.066,-0.0009763366268964697,0.020239802653402528
-1.065,-0.0011370604330174477,0.020163060953462368
-1.064,-0.0012962689549826266,0.02008524773072911
-1.063,-0.001453961121858313,0.020006384573894125
-1.062,-0.0016101360932707853,0.019926492924409255
-1.061,-0.0017647932559116967,0.01984559407525777
-1.06,-0.00191793222006267,0.019763709169774785
-1.059,-0.00206955281613943,0.019680859200516355
-1.058,-0.002219655091255811,0.019597065008176616
-1.057,-0.0023682393058079543,0.01951234728055219
-1.056,-0.0025153059300790153,0.019426726551553208
-1.055,-0.0026608556408646753,0.01934022320026021
-1.054,-0.002804889318119746,0.019252857450026275
-1.053,-0.002947408041626149,0.019164649367623618
-1.052,-0.0030884130876825365,0.019075618862434047
-1.051,-0.0032279059258158065,0.018985785685682557
-1.05,-0.0033658882155147667,0.018895169429713365
-1.049,-0.0035023618029861774,0.01880378952730779
-1.048,-0.0036373287179334033,0.018711665251043206
-1.047,-0.003770791170357892,0.018618815712692513
-1.046,-0.0039027515473836864,0.01852525986266337
-1.045,-0.004033212410105168,0.018431016489476638
-1.044,-0.004162176490458219,0.018336104219283285
-1.043,-0.004289646688114992,0.018240541515419186
-1.042,-0.004415626067402444,0.01814434667799716
-1.041,-0.004540117854244805,0.018047537843535594
-1.04,-0.004663125433130141,0.01795013298462304
-1.039,-0.0047846523441011455,0.01785214990961817
-1.038,-0.004904702279770297,0.017753606262384473
-1.037,-0.005023279082359522,0.01765451952205906
-1.036,-0.005140386740764476,0.01755490700285501
-1.035,-0.005256029387643551,0.017454785853896607
-1.034,-0.005370211296531727,0.017354173059086934
-1.033,-0.005482936878979359,0.017253085437007168
-1.032,-0.0055942106817159845,0.01715153964084705
-1.031,-0.005704037383839243,0.017049552158365903
-1.03,-0.005812421794028982,0.016947139311883665
-1.029,-0.005919368847786612,0.01684431725830134
-1.028,-0.006024883604699781,0.016741101989150315
-1.027,-0.006128971245732417,0.016637509330669993
-1.026,-0.006231637070540197,0.01653355494391316
-1.025,-0.006332886494811468,0.01642925432487858
-1.024,-0.0064327250476336785,0.016324622804670265
-1.023,-0.006531158368885328,0.016219675549682844
-1.022,-0.006628192206653476,0.01611442756181256
-1.021,-0.00672383241467682,0.016008893678693344
-1.02,-0.006818084949814355,0.015903088573957426
-1.019,-0.0069109558695396225,0.015797026757520007
-1.018,-0.007002451329460552,0.015690722575887467
-1.017,-0.0070925775808648875,0.015584190212488577
-1.016,-0.007181340968291187,0.015477443688028284
-1.015,-0.007268747927125392,0.015370496860863505
-1.014,-0.007354804981222929,0.015263363427400497
-1.013,-0.007439518740556332,0.01515605692251328
-1.012,-0.00752289589888836,0.01504859071998268
-1.011,-0.00760494323147055,0.014940978032955476
-1.01,-0.007685667592767196,0.014833231914423222
-1.009,-0.0077650759142046995,0.014725365257720264
-1.008,-0.007843175201946237,0.014617390797040516
-1.007,-0.007919972534691695,0.014509321107972508
-1.006,-0.007995475061502829,0.014401168608052312
-1.005,-0.008069689999653563,0.01429294555733387
-1.004,-0.008142624632505391,0.014184664058976311
-1.003,-0.00821428630740779,0.014076336059847818
-1.002,-0.00828468243362358,0.013967973351145614
-1.001,-0.008353820480279169,0.013859587569031693
-1.0,-0.008421707974339577,0.013751190195283815
-0.999,-0.008488352498608182,0.013642792557961416
-0.998,-0.008553761689751083,0.013534405832086014
-0.997,-0.008617943236345996,0.013426041040335686
-0.996,-0.00868090487695561,0.013317709053753282
-0.995,-0.008742654398225264,0.013209420592467916
-0.994,-0.00880319963300489,0.013101186226429438
-0.993,-0.008862548458495092,0.012993016376155417
-0.992,-0.008920708794417276,0.012884921313490349
-0.991,-0.008977688601207704,0.012776911162376663
-0.99,-0.009033495878235376,0.0126689958996372
-0.989,-0.009088138662043622,0.012561185355768783
-0.988,-0.009141625024615296,0.012453489215746546
-0.987,-0.009193963071661435,0.012345917019838658
-0.986,-0.009245160940933285,0.012238478164431127
-0.985,-0.009295226800557567,0.012131181902862305
-0.984,-0.009344168847394843,0.012024037346266801
-0.983,-0.009391995305420871,0.011917053464428456
-0.982,-0.009438714424130823,0.011810239086642058
-0.981,-0.009484334476966214,0.011703602902583488
-0.98,-0.009528863759764434,0.011597153463187957
-0.979,-0.009572310589230738,0.011490899181536071
-0.978,-0.009614683301432544,0.011384848333747375
-0.977,-0.009655990250315938,0.011279009059881098
-0.976,-0.009696239806244195,0.011173389364843805
-0.975,-0.009735440354558226,0.011067997119303657
-0.974,-0.009773600294158769,0.010962840060610992
-0.973,-0.009810728036110205,0.010857925793724965
-0.972,-0.009846832002265837,0.010753261792145936
-0.971,-0.009881920623914495,0.010648855398853362
-0.97,-0.009916002340448317,0.010544713827248912
-0.969,-0.009949085598051549,0.010440844162104543
-0.968,-0.009981178848410224,0.01033725336051527
-0.967,-0.010012290547442567,0.010233948252856388
-0.966,-0.010042429154049957,0.010130935543744887
-0.965,-0.010071603128888317,0.010028221813004801
-0.964,-0.01009982093315976,0.009925813516636274
-0.963,-0.010127091027424345,0.009823716987788077
-0.962,-0.010153421870431771,0.009721938437733354
-0.961,-0.010178821917972876,0.00962048395684837
-0.96,-0.010203299621750761,0.009519359515594019
-0.959,-0.010226863428271393,0.00941857096549988
-0.958,-0.010249521777753522,0.009318124040150607
-0.957,-0.010271283103057752,0.009218024356174408
-0.956,-0.010292155828634613,0.009118277414233447
-0.955,-0.010312148369491464,0.00901888860001592
-0.954,-0.010331269130178063,0.008919863185229618
-0.953,-0.010349526503790661,0.00882120632859679
-0.952,-0.010366928870994434,0.00872292307685007
-0.951,-0.010383484599064104,0.00862501836572932
-0.95,-0.010399202040942588,0.008527497020979172
-0.949,-0.010414089534317498,0.008430363759347088
-0.948,-0.010428155400715351,0.008333623189581765
-0.947,-0.010441407944613302,0.00823727981343168
-0.946,-0.010453855452568248,0.00814133802664364
-0.945,-0.010465506192363144,0.008045802119961138
-0.944,-0.010476368412170357,0.007950676280122335
-0.943,-0.010486450339731898,0.00785596459085754
-0.942,-0.010495760181556376,0.007761671033885991
-0.941,-0.010504306122132486,0.007667799489911799
-0.94,-0.010512096323158915,0.007574353739618893
-0.939,-0.010519138922790432,0.0074813374646648095
-0.938,-0.010525442034900072,0.007388754248673182
-0.937,-0.010531013748357205,0.00729660757822479
-0.936,-0.010535862126321328,0.0072049008438470116
-0.935,-0.010539995205551449,0.007113637341001549
-0.934,-0.01054342099573086,0.007022820271070294
-0.933,-0.010546147478807175,0.006932452742339184
-0.932,-0.010548182608347426,0.006842537770979937
-0.931,-0.010549534308908115,0.006753078282029524
-0.93,-0.01055021047542,0.006664077110367259
-0.929,-0.010550218972587483,0.006575537001689383
-0.928,-0.01054956763430246,0.006487460613481028
-0.927,-0.010548264263072428,0.006399850515985435
-0.926,-0.010546316629462711,0.006312709193170321
-0.925,-0.010543732471552665,0.006226039043691279
-0.924,-0.01054051949440567,0.006139842381852104
-0.923,-0.01053668536955277,0.0060541214385619446
-0.922,-0.010532237734489795,0.00596887836228916
-0.921,-0.010527184192187816,0.00588411522001181
-0.92,-0.01052153231061678,0.005799833998164652
-0.919,-0.010515289622282143,0.005716036603582569
-0.918,-0.010508463623774377,0.005632724864440324
-0.917,-0.010501061775331187,0.005549900531188558
-0.916,-0.010493091500412267,0.00546756527748594
-0.915,-0.010484560185286469,0.00538572070112738
-0.914,-0.01047547517863121,0.0053043683249682375
-0.913,-0.01046584379114398,0.005223509597844416
-0.912,-0.010455673295165785,0.0051431458954882955
-0.911,-0.010444970924316392,0.0050632785214404065
-0.91,-0.010433743873141221,0.004983908707956778
-0.909,-0.010421999296769712,0.004905037616911889
-0.908,-0.01040974431058506,0.004826666340697152
-0.907,-0.010396985989905136,0.004748795903114857
-0.906,-0.01038373136967447,0.004671427260267521
-0.905,-0.01036998744416713,0.004594561301442563
-0.904,-0.010355761166700372,0.004518198849992266
-0.903,-0.010341059449358902,0.0044423406642089425
-0.902,-0.010325889162729614,0.004366987438195261
-0.901,-0.010310257135646664,0.004292139802729674
-0.9,-0.010294170154946727,0.004217798326126896
-0.899,-0.010277634965234312,0.004143963515093377
-0.898,-0.010260658268656976,0.004070635815577719
-0.897,-0.01024324672469033,0.003997815613615998
-0.896,-0.010225406949932651,0.003925503236171935
-0.895,-0.010207145517909012,0.0038536989519718746
-0.894,-0.010188468958884762,0.0037824029723345343
-0.893,-0.01016938375968824,0.003711615451995473
-0.892,-0.010149896363542564,0.003641336489926251
-0.891,-0.010130013169906395,0.0035715661301482346
-0.89,-0.010109740534323517,0.003502304362541017
-0.889,-0.01008908476828111,0.003433551123645417
-0.888,-0.010068052139076593,0.003365306297461021
-0.887,-0.010046648869692896,0.0032975697162382447
-0.886,-0.010024881138682034,0.00323034116126488
-0.885,-0.010002755080056875,0.0031636203636470966
-0.884,-0.009980276783190934,0.0030974070050848778
-0.883,-0.009957452292726118,0.0030317007186418635
-0.882,-0.009934287608488261,0.0029665010895095737
-0.881,-0.00991078868541033,0.0029018076557659964
-0.88,-0.0098869614334632,0.0028376199091285133
-0.879,-0.00986281171759386,0.0027739372957011482
-0.878,-0.009838345357670916,0.0027107592167161156
-0.877,-0.009813568128437318,0.002648085029269661
-0.876,-0.00978848575947013,0.0025859140470521668
-0.875,-0.009763103935147283,0.00252424554107252
-0.874,-0.00973742829462115,0.0024630787403767205
-0.873,-0.009711464431798862,0.0024024128327607233
-0.872,-0.009685217895329225,0.0023422469654775058
-0.871,-0.009658694188596136,0.002282580245938343
-0.87,-0.009631898769718393,0.0022234117424082926
-0.869,-0.009604837051555763,0.002164740484695877
-0.868,-0.009577514401721228,0.0021065654648369544
-0.867,-0.009549936142599278,0.0020488856377727854
-0.866,-0.00952210755137015,0.0019916999220222762
-0.865,-0.009494033860039905,0.001935007200348407
-0.864,-0.009465720255476238,0.0018788063204188423
-0.863,-0.009437171879449915,0.001823096095460718
-0.862,-0.009408393828681732,0.0017678753049096111
-0.861,-0.009379391154894886,0.00171314269505269
-0.86,-0.009350168864872678,0.0016588969796660507
-0.859,-0.009320731920521413,0.001605136840646239
-0.858,-0.009291085238938429,0.0015518609286359667
-0.857,-0.009261233692485136,0.0014990678636440243
-0.856,-0.009231182108864965,0.001446756235659397
-0.855,-0.009200935271206162,0.0013949246052595912
-0.854,-0.009170497918149272,0.0013435715042131805
-0.853,-0.009139874743939277,0.0012926954360765771
-0.852,-0.009109070398522262,0.00124229487678504
-0.851,-0.009078089487646513,0.0011923682752379306
-0.85,-0.00904693657296798,0.0011429140538782247
-0.849,-0.009015616172159983,0.0010939306092662947
-0.848,-0.008984132759027095,0.0010454163126479732
-0.847,-0.008952490763623096,0.000997369510516913
-0.846,-0.008920694572372927,0.000949788525171253
-0.845,-0.00888874852819853,0.000902671655264612
-0.844,-0.008856656930648524,0.0008560171763514173
-0.843,-0.008824424036031597,0.0008098233414265912
-0.842,-0.008792054057553544,0.0007640883814596067
-0.841,-0.008759551165457883,0.0007188105059229336
-0.84,-0.00872691948716993,0.0006739879033148895
-0.839,-0.008694163107444296,0.0006296187416769169
-0.838,-0.008661286068515671,0.0005857011691053027
-0.837,-0.008628292370252887,0.0005422333142573624
-0.836,-0.0085951859703161,0.0004992132868521068
-0.835,-0.008561970784317084,0.0004566391781654131
-0.834,-0.00852865068598251,0.0004145090615197209
-0.833,-0.008495229507320174,0.0003728209927682753
-0.832,-0.008461711038788055,0.0003315730107739391
-0.831,-0.008428099029466172,0.00029076313788259595
-0.83,-0.008394397187231145,0.00025038938039116876
-0.829,-0.00836060917893338,0.00021044972901027625
-0.828,-0.00832673863057683,0.0001709421593215513
-0.827,-0.008292789127501239,0.00013186463222964639
-0.826,-0.008258764214566817,9.321509440894999e-5
-0.825,-0.008224667396341265,5.4991478745039864e-5
-0.824,-0.008190502137289083,1.7191704770898507e-5
-0.823,-0.008156271861963113,-2.0186320902083267e-5
-0.822,-0.008121979955198215,-5.714470415828811e-5
-0.821,-0.008087629762307043,-9.368556295721276e-5
-0.82,-0.008053224589277853,-0.00012981102691794028
-0.819,-0.008018767702974251,-0.0001655232369087167
-0.818,-0.007984262331336861,-0.0002008243446416044
-0.817,-0.007949711663586814,-0.0002357165122721839
-0.816,-0.007915118850431014,-0.00027020191200427627
-0.815,-0.007880487004269137,-0.0003042827256996572
-0.814,-0.007845819199402259,-0.0003379611444927342
-0.813,-0.0078111184722431,-0.0003712393684101571
-0.812,-0.007776387821527805,-0.0004041196059953337
-0.811,-0.0077416302085292045,-0.0004366040739378199
-0.81,-0.007706848557271505,-0.00046869499670755446
-0.809,-0.007672045754746347,-0.0005003946061939093
-0.808,-0.007637224651130192,-0.0005317051413495245
-0.807,-0.0076023880600029565,-0.0005626288478388957
-0.806,-0.007567538758567874,-0.000593167977691688
-0.805,-0.0075326794878725015,-0.0006233247889607393
-0.804,-0.007497812953030846,-0.000653101545384727
-0.803,-0.007462941823446536,-0.0006825005160554642
-0.802,-0.007428068733037013,-0.0007115239750897951
-0.801,-0.007393196280458673,-0.0007401742013060575
-0.8,-0.007358327029332914,-0.0007684534779050806
-0.799,-0.007323463508473061,-0.0007963640921556876
-0.798,-0.007288608212112089,-0.0008239083350846688
-0.797,-0.007253763600131129,-0.0008510885011711954
-0.796,-0.007218932098288689,-0.0008779068880456408
-0.795,-0.007184116098450559,-0.0009043657961927769
-0.794,-0.007149317958820352,-0.000930467528659313
-0.793,-0.007114540004170631,-0.0009562143907657463
-0.792,-0.007079784526074593,-0.000981608689822489
-0.791,-0.007045053783138259,-0.001006652734850241
-0.79,-0.0070103500012331215,-0.001031348836304576
-0.789,-0.006975675373729233,-0.001055699305804706
-0.788,-0.006941032061728669,-0.0010797064558663936
-0.787,-0.00690642219429934,-0.0011033725996389785
-0.786,-0.006871847868709117,-0.0011267000506464846
-0.785,-0.006837311150660218,-0.0011496911225327754
-0.784,-0.00680281407452384,-0.0011723481288107257
-0.783,-0.006768358643574974,-0.001194673382615374
-0.782,-0.006733946830227392,-0.0012166691964610257
-0.781,-0.00669958057626875,-0.0012383378820022709
-0.78,-0.006665261793095791,-0.0012596817497988872
-0.779,-0.006630992361949593,-0.0012807031090845914
-0.778,-0.0065967741341508524,-0.0013014042675396087
-0.777,-0.006562608931335146,-0.0013217875310670261
-0.776,-0.006528498545688159,-0.0013418552035728982
-0.775,-0.0064944447401808336,-0.0013616095867500678
-0.774,-0.006460449248804413,-0.0013810529798656758
-0.773,-0.006426513776805355,-0.001400187679552321
-0.772,-0.006392640000920075,-0.0014190159796028405
-0.771,-0.006358829569609491,-0.0014375401707686745
-0.77,-0.006325084103293353,-0.0014557625405617891
-0.769,-0.006291405194584313,-0.0014736853730601158
-0.768,-0.006257794408521719,-0.0014913109487164824
-0.767,-0.006224253282805099,-0.001508641544170998
-0.766,-0.006190783328027314,-0.001525679432066863
-0.765,-0.006157386027907347,-0.0015424268808695676
-0.764,-0.006124062839522715,-0.0015588861546894503
-0.763,-0.006090815193541452,-0.001575059513107582
-0.762,-0.006057644494453683,-0.0015909492110049435
-0.761,-0.006024552120802713,-0.0016065574983948649
-0.76,-0.005991539425415654,-0.0016218866202586941
-0.759,-0.005958607735633525,-0.001636938816384663
-0.758,-0.005925758353540847,-0.0016517163212099197
-0.757,-0.005892992556194666,-0.001666221363665693
-0.756,-0.005860311595853019,-0.0016804561670255601
-0.755,-0.005827716700202795,-0.001694422948756785
-0.754,-0.00579520907258699,-0.001708123920374695
-0.753,-0.005762789892231326,-0.0017215612873000643
-0.752,-0.0057304603144702135,-0.0017347372487194757
-0.751,-0.00569822147097204,-0.0017476539974486246
-0.75,-0.00566607446996377,-0.0017603137197985408
-0.749,-0.005634020396454836,-0.0017727185954446896
-0.748,-0.0056020603124602875,-0.0017848707972989279
-0.747,-0.005570195257223215,-0.0017967724913842804
-0.746,-0.005538426247436391,-0.001808425836712508
-0.745,-0.005506754277463143,-0.0018198329851644372
-0.744,-0.005475180319557424,-0.001830996081373018
-0.743,-0.005443705324083077,-0.0018419172626090849
-0.742,-0.005412330219732265,-0.0018525986586697856
-0.741,-0.00538105591374306,-0.0018630423917696528
-0.74,-0.00534988329211618,-0.0018732505764342848
-0.739,-0.005318813219830845,-0.0018832253193966078
-0.738,-0.0052878465410597575,-0.001892968719495691
-0.737,-0.005256984079383175,-0.0019024828675780832
-0.736,-0.005226226638002074,-0.0019117698464016439
-0.735,-0.005195574999950392,-0.0019208317305418369
-0.734,-0.005165029928306323,-0.0019296705863004627
-0.733,-0.005134592166402675,-0.0019382884716167951
-0.732,-0.005104262438036256,-0.001946687435981098
-0.731,-0.005074041447676291,-0.001954869520350491
-0.73,-0.005043929880671859,-0.001962836757067141
-0.729,-0.005013928403458331,-0.0019705911697787412
-0.728,-0.0049840376637628,-0.0019781347733612616
-0.727,-0.004954258290808507,-0.0019854695738439378
-0.726,-0.004924590895518233,-0.0019925975683364673
-0.725,-0.004895036070716658,-0.0019995207449583943
-0.724,-0.004865594391331686,-0.0020062410827706464
-0.723,-0.004836266414594702,-0.0020127605517092037
-0.722,-0.004807052680239786,-0.0020190811125208705
-0.721,-0.00477795371070185,-0.0020252047167011213
-0.72,-0.004748970011313698,-0.0020311333064339985
-0.719,-0.004720102070502006,-0.002036868814534032
-0.718,-0.004691350359982208,-0.002042413164390156
-0.717,-0.0046627153349522886,-0.002047768269911597
-0.716,-0.004634197434285468,-0.0020529360354757087
-0.715,-0.004605797080721775,-0.002057918355877724
-0.714,-0.004577514681058503,-0.002062717116282403
-0.713,-0.004549350626339552,-0.0020673341921775496
-0.712,-0.004521305292043623,-0.002071771449329373
-0.711,-0.0044933790382713015,-0.0020760307437396666
-0.71,-0.004465572209930982,-0.0020801139216047827
-0.709,-0.004437885136923665,-0.002084022819276377
-0.708,-0.004410318134326591,-0.002087759263223897
-0.707,-0.004382871502575737,-0.002091325069998795
-0.706,-0.00435554552764714,-0.002094722046200435
-0.705,-0.0043283404812370745,-0.002097951988443673
-0.704,-0.004301256620941055,-0.002101016683328094
-0.703,-0.004274294190431679,-0.0021039179074088636
-0.702,-0.004247453419635292,-0.002106657427169195
-0.701,-0.004220734524907485,-0.002109236998994388
-0.7,-0.004194137709207412,-0.0021116583691474277
-0.699,-0.004167663162270926,-0.0021139232737461193
-0.698,-0.004141311060782542,-0.002116033438741733
-0.697,-0.004115081568546207,-0.0021179905798991384
-0.696,-0.0040889748366548925,-0.0021197964027784085
-0.695,-0.004062991003658994,-0.0021214526027178663
-0.694,-0.004037130195733545,-0.0021229608648185585
-0.693,-0.004011392526844241,-0.002124322863930128
-0.692,-0.003985778098912274,-0.0021255402646380693
-0.691,-0.003960287001977971,-0.0021266147212523423
-0.69,-0.003934919314363241,-0.0021275478777973253
-0.689,-0.003909675102832838,-0.0021283413680030856
-0.688,-0.0038845544227544115,-0.002128996815297944
-0.687,-0.003859557318257382,-0.0021295158328023204
-0.686,-0.0038346838223906124,-0.002129900023323833
-0.685,-0.0038099339572788887,-0.002130150979353631
-0.684,-0.0037853077342782067,-0.002130270283063947
-0.683,-0.0037608051541298663,-0.002130259506306844
-0.682,-0.0037364262071133726,-0.002130120210614136
-0.681,-0.0037121708731981456,-0.002129853947198473
-0.68,-0.00368803912219404,-0.0021294622569555544
-0.679,-0.003664030913900675,-0.0021289466704674668
-0.678,-0.003640146198255574,-0.0021283087080071214
-0.677,-0.003616384915481121,-0.002127549879543771
-0.676,-0.0035927469962303256,-0.00212667168474959
-0.675,-0.003569232361731412,-0.002125675613007297
-0.674,-0.003545840923931218,-0.0021245631434188062
-0.673,-0.0035225725856374178,-0.002123335744814887
-0.672,-0.003499427240659566,-0.0021219948757658074
-0.671,-0.0034764047739489646,-0.00212054198459296
-0.67,-0.003453505061737358,-0.002118978509381434
-0.669,-0.003430727971674453,-0.0021173058779935285
-0.668,-0.003408073362964274,-0.0021155255080831893
-0.667,-0.0033855410865003483,-0.002113638807111343
-0.666,-0.003363130984999732,-0.0021116471723621228
-0.665,-0.003340842893135869,-0.002109551990959961
-0.664,-0.003318676637670298,-0.0021073546398875406
-0.663,-0.003296632037583202,-0.002105056486004576
-0.662,-0.0032747089042028063,-0.0021026588860674233
-0.661,-0.0032529070413336294,-0.002100163186749491
-0.66,-0.003231226245383588,-0.0020975707246624407
-0.659,-0.00320966630548996,-0.0020948828263781653
-0.658,-0.003188227003644212,-0.0020921008084515205
-0.657,-0.00316690811481569,-0.0020892259774438035
-0.656,-0.0031457094070741795,-0.0020862596299469575
-0.655,-0.0031246306417113427,-0.0020832030526084927
-0.654,-0.003103671573361028,-0.0020800575221571
-0.653,-0.0030828319501184634,-0.0020768243054289544
-0.652,-0.0030621115136583352,-0.002073504659394684
-0.651,-0.003041509999351757,-0.0020700998311869957
-0.65,-0.0030210271363821286,-0.0020666110581289408
-0.649,-0.0030006626478598975,-0.0020630395677628073
-0.648,-0.0029804162509362206,-0.0020593865778796264
-0.647,-0.002960287656915533,-0.002055653296549278
-0.646,-0.002940276571367027,-0.0020518409221511797
-0.645,-0.002920382694235051,-0.002047950643405553
-0.644,-0.0029006057199484235,-0.0020439836394052437
-0.643,-0.002880945337528677,-0.002039941079648093
-0.642,-0.0028614012306972295,-0.002035824124069836
-0.641,-0.002841973077981493,-0.002031633923077529
-0.64,-0.0028226605528199186,-0.0020273716175834766
-0.639,-0.0028034633236659907,-0.002023038339039659
-0.638,-0.002784381054091167,-0.0020186352094726428
-0.637,-0.002765413402886777,-0.002014163341518957
-0.636,-0.0027465600241648757,-0.002009623838460938
-0.635,-0.0027278205674580694,-0.0020050177942630113
-0.634,-0.002709194677818305,-0.002000346293608416
-0.633,-0.0026906819959146367,-0.001995610411936349
-0.632,-0.0026722821581299794,-0.0019908112154795243
-0.631,-0.002653994796656839,-0.0019859497613021315
-0.63,-0.0026358195395920405,-0.001981027097338185
-0.629,-0.0026177560110304523,-0.001976044262430252
-0.628,-0.0025998038311577116,-0.00197100228636855
-0.627,-0.0025819626163419585,-0.0019659021899303976
-0.626,-0.002564231979224582,-0.001960744984920017
-0.625,-0.0025466115288099913,-0.00195553167420867
-0.624,-0.002529100870554401,-0.0019502632517751205
-0.623,-0.002511699606453657,-0.001944940702746412
-0.622,-0.002494407335130093,-0.0019395650034389525
-0.621,-0.0024772236519184287,-0.0019341371213998937
-0.62,-0.0024601481489507186,-0.0019286580154487959
-0.619,-0.0024431804152403483,-0.001923128635719572
-0.618,-0.002426320036765096,-0.001917549923702693
-0.617,-0.0024095665965492554,-0.0019119228122876576
-0.616,-0.0023929196747448267,-0.0019062482258057033
-0.615,-0.0023763788487117885,-0.0019005270800727607
-0.614,-0.00235994369309745,-0.001894760282432636
-0.613,-0.0023436137799148883,-0.0018889487318004149
-0.612,-0.0023273886786204863,-0.0018830933187060782
-0.611,-0.0023112679561905617,-0.0018771949253383214
-0.61,-0.0022952511771971084,-0.0018712544255885687
-0.609,-0.002279337903882647,-0.0018652726850951742
-0.608,-0.002263527696234192,-0.0018592505612878008
-0.607,-0.002247820112056343,-0.0018531889034319685
-0.606,-0.0022322147070435094,-0.0018470885526737672
-0.605,-0.00221671103485126,-0.0018409503420847191
-0.604,-0.002201308647166826,-0.0018347750967067926
-0.603,-0.002186007093778744,-0.0018285636335975493
-0.602,-0.0021708059226456544,-0.001822316761875426
-0.601,-0.002155704679964258,-0.0018160352827651378
-0.6,-0.00214070291023644,-0.0018097199896431975
-0.599,-0.0021258001563355627,-0.0018033716680835434
-0.598,-0.002110995959571939,-0.00179699109590327
-0.597,-0.0020962898597574834,-0.0017905790432084512
-0.596,-0.00208168139526956,-0.001784136272440051
-0.595,-0.002067170103114018,-0.0017776635384199168
-0.594,-0.002052755518987434,-0.0017711615883968445
-0.593,-0.00203843717733856,-0.0017646311620927114
-0.592,-0.002024214611428983,-0.00175807299174867
-0.591,-0.002010087353393006,-0.0017514878021713956
-0.59,-0.001996054934296754,-0.0017448763107793816
-0.589,-0.0019821168841965098,-0.0017382392276492776
-0.588,-0.001968272732196288,-0.001731577255562261
-0.587,-0.001954522006504654,-0.0017248910900504399
-0.586,-0.0019408642344907866,-0.001718181419443279
-0.585,-0.0019272989427398042,-0.0017114489249140418
-0.584,-0.0019138256571073434,-0.0017046942805262466
-0.583,-0.0019004439027734106,-0.0016979181532801276
-0.582,-0.0018871532042955034,-0.0016911212031590973
-0.581,-0.0018739530856610126,-0.001684304083176203
-0.58,-0.001860843070338908,-0.0016774674394205754
-0.579,-0.0018478226813307143,-0.0016706119111038582
-0.578,-0.0018348914412207864,-0.0016637381306066205
-0.577,-0.001822048872225882,-0.0016568467235247417
-0.576,-0.0018092944962440482,-0.0016499383087157657
-0.575,-0.0017966278349028173,-0.0016430134983452195
-0.574,-0.001784048409606726,-0.0016360728979328918
-0.573,-0.0017715557415841586,-0.0016291171063990647
-0.572,-0.0017591493519335212,-0.0016221467161106975
-0.571,-0.001746828761668755,-0.0016151623129275537
-0.57,-0.0017345934917641912,-0.0016081644762482709
-0.569,-0.0017224430631987554,-0.0016011537790563656
-0.568,-0.0017103769969995255,-0.0015941307879661704
-0.567,-0.0016983948142846516,-0.0015870960632687005
-0.566,-0.00168649603630564,-0.0015800501589774407
-0.565,-0.0016746801844890094,-0.0015729936228740555
-0.564,-0.0016629467804773245,-0.0015659269965540114
-0.563,-0.0016512953461696133,-0.001558850815472114
-0.562,-0.0016397254037611698,-0.0015517656089879491
-0.561,-0.0016282364757827547,-0.0015446719004112313
-0.56,-0.0016168280851391926,-0.001537570207047049
-0.559,-0.0016054997551473759,-0.0015304610402410096
-0.558,-0.0015942510095736787,-0.0015233449054242742
-0.557,-0.0015830813726707875,-0.0015162223021584838
-0.556,-0.0015719903692139518,-0.00150909372418057
-0.555,-0.0015609775245366644,-0.0015019596594474497
-0.554,-0.0015500423645657716,-0.0014948205901805975
-0.553,-0.001539184415856023,-0.0014876769929104941
-0.552,-0.0015284032056240642,-0.0014805293385209489
-0.551,-0.0015176982617818768,-0.001473378092293291
-0.55,-0.0015070691129696742,-0.0014662237139504274
-0.549,-0.0014965152885882554,-0.0014590666577007643
-0.548,-0.0014860363188308244,-0.0014519073722819888
-0.547,-0.001475631734714277,-0.001444746301004711
-0.546,-0.0014653010681099663,-0.0014375838817959577
-0.545,-0.001455043851773944,-0.0014304205472425208
-0.544,-0.001444859619376691,-0.0014232567246341545
-0.543,-0.001434747905532336,-0.0014160928360066206
-0.542,-0.0014247082458273706,-0.0014089292981845764
-0.541,-0.0014147401768488644,-0.0014017665228243075
-0.54,-0.0014048432362121872,-0.0013946049164562978
-0.539,-0.00139501696258824,-0.0013874448805276378
-0.538,-0.001385260895730204,-0.0013802868114442682
-0.537,-0.0013755745764998076,-0.001373131100613056
-0.536,-0.001365957546893123,-0.001365978134483701
-0.535,-0.0013564093500658882,-0.001358828294590471
-0.534,-0.0013469295303583702,-0.0013516819575937627
-0.533,-0.0013375176333197637,-0.001344539495321488
-0.532,-0.0013281732057321375,-0.001337401274810282
-0.531,-0.0013188957956339305,-0.0013302676583465303
-0.53,-0.0013096849523430028,-0.0013231390035072176
-0.529,-0.001300540226479245,-0.00131601566320059
-0.528,-0.0012914611699867532,-0.0013088979857066342
-0.527,-0.0012824473361555714,-0.0013017863147173686
-0.526,-0.0012734982796430096,-0.001294680989376947
-0.525,-0.0012646135564945372,-0.0012875823443215717
-0.524,-0.0012557927241642621,-0.0012804907097192144
-0.523,-0.0012470353415349944,-0.0012734064113091444
-0.522,-0.0012383409689379044,-0.0012663297704412627
-0.521,-0.0012297091681717756,-0.0012592611041152381
-0.52,-0.0012211395025218579,-0.0012522007250194474
-0.519,-0.0012126315367783282,-0.001245148941569716
-0.518,-0.0012041848372543584,-0.0012381060579478589
-0.517,-0.0011957989718037988,-0.001231072374140018
-0.516,-0.00118747350983848,-0.0012240481859748002
-0.515,-0.0011792080223451357,-0.0012170337851612084
-0.514,-0.0011710020819019555,-0.0012100294593263689
-0.513,-0.0011628552626947663,-0.001203035492053053
-0.512,-0.0011547671405328505,-0.0011960521629169895
-0.511,-0.0011467372928644032,-0.0011890797475239722
-0.51,-0.0011387652987916337,-0.0011821185175467537
-0.509,-0.0011308507390855157,-0.0011751687407617337
-0.508,-0.0011229931962001873,-0.0011682306810854328
-0.507,-0.0011151922542870086,-0.0011613045986107555
-0.506,-0.0011074474992082812,-0.0011543907496430414
-0.505,-0.0010997585185506275,-0.001147489386735901
-0.504,-0.001092124901638042,-0.001140600758726838
-0.503,-0.0010845462395446138,-0.0011337251107726572
-0.502,-0.0010770221251069228,-0.0011268626843846555
-0.501,-0.0010695521529361194,-0.001120013717463597
-0.5,-0.001062135919429685,-0.0011131784443344712
-0.499,-0.0010547730227828814,-0.0011063570957810334
-0.498,-0.001047463062999891,-0.0010995498990801263
-0.497,-0.0010402056419046531,-0.0010927570780357844
-0.496,-0.0010330003631513966,-0.0010859788530131179
-0.495,-0.001025846832234878,-0.001079215440971977
-0.494,-0.0010187446565003235,-0.0010724670555003967
-0.493,-0.0010116934451530823,-0.0010657339068478214
-0.492,-0.001004692809267992,-0.0010590162019581066
-0.491,-0.0009977423617984614,-0.0010523141445023024
-0.49,-0.0009908417175852747,-0.001045627934911213
-0.489,-0.0009839904933651175,-0.0010389577704077355
-0.488,-0.0009771883077788332,-0.0010323038450389766
-0.487,-0.0009704347813794069,-0.001025666349708147
-0.486,-0.0009637295366396865,-0.0010190454722062321
-0.485,-0.0009570721979598403,-0.0010124413972434432
-0.484,-0.0009504623916745548,-0.001005854306480442
-0.483,-0.0009438997460599787,-0.0009992843785593438
-0.482,-0.0009373838913404125,-0.0009927317891344997
-0.481,-0.0009309144596947508,-0.0009861967109030519
-0.48,-0.0009244910852626778,-0.0009796793136352684
-0.479,-0.0009181134041506198,-0.0009731797642046548
-0.478,-0.0009117810544374586,-0.00096669822661784
-0.477,-0.0009054936761800095,-0.0009602348620442429
-0.476,-0.0008992509114182638,-0.0009537898288455122
-0.475,-0.0008930524041804031,-0.0009473632826047456
-0.474,-0.0008868978004875856,-0.0009409553761554853
-0.473,-0.0008807867483585083,-0.00093456625961049
-0.472,-0.0008747188978137481,-0.0009281960803902854
-0.471,-0.0008686939008798848,-0.0009218449832514916
-0.47,-0.0008627114115934088,-0.0009155131103149275
-0.469,-0.0008567710860044164,-0.0009092006010934943
-0.468,-0.0008508725821800955,-0.0009029075925198358
-0.467,-0.0008450155602080052,-0.0008966342189737781
-0.466,-0.0008391996821991504,-0.0008903806123095471
-0.465,-0.0008334246122908566,-0.0008841469018827647
-0.464,-0.0008276900166494459,-0.0008779332145772249
-0.463,-0.0008219955634727169,-0.0008717396748314487
-0.462,-0.0008163409229922325,-0.0008655664046650186
-0.461,-0.0008107257674754172,-0.000859413523704694
-0.46,-0.0008051497712274662,-0.0008532811492103062
-0.459,-0.0007996126105930709,-0.0008471693961004348
-0.458,-0.0007941139639579604,-0.0008410783769778649
-0.457,-0.0007886535117502643,-0.0008350082021548264
-0.456,-0.0007832309364416977,-0.0008289589796780153
-0.455,-0.0007778459225485714,-0.0008229308153533974
-0.454,-0.0007724981566326297,-0.0008169238127707945
-0.453,-0.0007671873273017186,-0.0008109380733282554
-0.452,-0.0007619131252102863,-0.0008049736962562102
-0.451,-0.0007566752430597177,-0.0007990307786414078
-0.45,-0.0007514733755985085,-0.0007931094154506409
-0.449,-0.0007463072196222755,-0.0007872096995542545
-0.448,-0.0007411764739736124,-0.0007813317217494415
-0.447,-0.0007360808395417865,-0.0007754755707833247
-0.446,-0.0007310200192622841,-0.0007696413333758255
-0.445,-0.0007259937181162032,-0.000763829094242322
-0.444,-0.0007210016431294976,-0.0007580389361160933
-0.443,-0.000716043503372074,-0.000752270939770555
-0.442,-0.0007111190099567442,-0.0007465251840412826
-0.441,-0.0007062278760380336,-0.0007408017458478264
-0.44,-0.0007013698168108511,-0.0007351007002153173
-0.439,-0.0006965445495090182,-0.0007294221202958631
-0.438,-0.0006917517934036629,-0.0007237660773897386
-0.437,-0.0006869912698014785,-0.0007181326409663679
-0.436,-0.0006822627020428506,-0.0007125218786851
-0.435,-0.0006775658154998521,-0.0007069338564157802
-0.434,-0.0006729003375741106,-0.000701368638259115
-0.433,-0.0006682659976945495,-0.0006958262865668339
-0.432,-0.0006636625273150026,-0.0006903068619616477
-0.431,-0.0006590896599117075,-0.0006848104233570032
-0.43,-0.0006545471309806766,-0.0006793370279766376
-0.429,-0.0006500346780349494,-0.0006738867313739306
-0.428,-0.000645552040601727,-0.0006684595874510562
-0.427,-0.0006410989602193911,-0.0006630556484779357
-0.426,-0.0006366751804344084,-0.000657674965110991
-0.425,-0.0006322804467981233,-0.0006523175864117008
-0.424,-0.0006279145068634399,-0.0006469835598649589
-0.423,-0.0006235771101813944,-0.000641672931397237
-0.422,-0.0006192680082976211,-0.000636385745394551
-0.421,-0.0006149869547487123,-0.0006311220447202339
-0.42,-0.0006107337050584733,-0.0006258818707325136
-0.419,-0.0006065080167340772,-0.0006206652633018986
-0.418,-0.0006023096492621158,-0.0006154722608283718
-0.417,-0.0005981383641045534,-0.0006103029002583922
-0.416,-0.0005939939246945817,-0.0006051572171017072
-0.415,-0.000589876096432378,-0.0006000352454479746
-0.414,-0.0005857846466807695,-0.0005949370179831971
-0.413,-0.0005817193447608032,-0.0005898625660059677
-0.412,-0.0005776799619472238,-0.0005848119194435303
-0.411,-0.0005736662714638613,-0.0005797851068676526
-0.41,-0.0005696780484789288,-0.000574782155510315
-0.409,-0.0005657150701002333,-0.0005698030912792158
-0.408,-0.0005617771153702985,-0.0005648479387730923
-0.407,-0.0005578639652614031,-0.0005599167212968614
-0.406,-0.0005539754026705353,-0.0005550094608765768
-0.405,-0.0005501112124142642,-0.0005501261782742086
-0.404,-0.0005462711812235294,-0.0005452668930022414
-0.403,-0.0005424550977383513,-0.0005404316233380953
-0.402,-0.000538662752502461,-0.0005356203863383693
-0.401,-0.0005348939379578539,-0.0005308331978529084
-0.4,-0.0005311484484392652,-0.0005260700725386952
-0.399,-0.0005274260801685707,-0.000521331023873567
-0.398,-0.0005237266312491131,-0.0005166160641697599
-0.397,-0.0005200499016599548,-0.0005119252045872803
-0.396,-0.0005163956932500584,-0.0005072584551471046
-0.395,-0.0005127638097323964,-0.0005026158247442091
-0.394,-0.0005091540566779911,-0.0004979973211604303
-0.393,-0.000505566241509884,-0.0004934029510771567
-0.392,-0.0005020001734970392,-0.0004888327200878531
-0.391,-0.0004984556637481781,-0.0004842866327104192
-0.39,-0.0004949325252055495,-0.000479764692399382
-0.389,-0.0004914305726386331,-0.00047526690155792463
-0.388,-0.0004879496226377797,-0.00047079326154975164
-0.387,-0.0004844894936077886,-0.000466343772710792
-0.386,-0.0004810500057614216,-0.0004619184343607412
-0.385,-0.00047763098111285637,-0.00045751724481444314
-0.384,-0.000474232243471079,-0.00045314020139311284
-0.383,-0.0004708536184332169,-0.0004487873004354012
-0.382,-0.0004674949333778127,-0.0004444585373083029
-0.381,-0.00046415601745804035,-0.00044015390641790844
-0.38,-0.00046083670159486375,-0.0004358734012200014
-0.379,-0.0004575368184701391,-0.00043161701423050146
-0.378,-0.00045425620251966125,-0.00042738473703575594
-0.377,-0.00045099468992615584,-0.00042317656030267827
-0.376,-0.0004477521186122162,-0.0004189924737887372
-0.375,-0.00044452832823318767,-0.00041483246635179606
-0.374,-0.0004413231601699987,-0.0004106965259598035
-0.373,-0.0004381364575219401,-0.0004065846397003376
-0.372,-0.00043496806509939255,-0.0004024967937900036
-0.371,-0.00043181782941650393,-0.00039843297358368616
-0.37,-0.00042868559868381595,-0.0003943931635836586
-0.369,-0.00042557122280084155,-0.00039037734744854847
-0.368,-0.0004224745533485936,-0.00038638550800216203
-0.367,-0.0004193954435820654,-0.00038241762724216795
-0.366,-0.0004163337484226628,-0.0003784736863486413
-0.365,-0.00041328932445059004,-0.0003745536656924698
-0.364,-0.00041026202989718894,-0.00037065754484362224
-0.363,-0.00040725172463723153,-0.0003667853025792812
-0.362,-0.00040425827018116754,-0.0003629369168918406
-0.361,-0.00040128152966732733,-0.0003591123649967698
-0.36,-0.00039832136785407965,-0.0003553116233403445
-0.359,-0.00039537765111194575,-0.00035153466760724653
-0.358,-0.0003924502474156702,-0.0003477814727280331
-0.357,-0.00038953902633624834,-0.0003440520128864768
-0.356,-0.00038664385903291126,-0.00034034626152677755
-0.355,-0.0003837646182450686,-0.00033666419136064757
-0.354,-0.00038090117828421,-0.00033300577437427064
-0.353,-0.00037805341502576435,-0.0003293709818351367
-0.352,-0.0003752212059009191,-0.0003257597842987531
-0.351,-0.0003724044298883986,-0.00032217215161523346
-0.35,-0.00036960296750620196,-0.00031860805293576526
-0.349,-0.00036681670080330184,-0.000315067456718958
-0.348,-0.0003640455133513033,-0.00031155033073707207
-0.347,-0.0003612892902360637,-0.0003080566420821303
-0.346,-0.00035854791804927356,-0.0003045863571719133
-0.345,-0.0003558212848799997,-0.00030113944175583896
-0.344,-0.00035310928030618944,-0.00029771586092072874
-0.343,-0.00035041179538613734,-0.0002943155790964606
-0.342,-0.0003477287226499144,-0.0002909385600615103
-0.341,-0.00034505995609076,-0.0002875847669483828
-0.34,-0.00034240539115643645,-0.00028425416224893375
-0.339,-0.00033976492474054753,-0.0002809467078195833
-0.338,-0.00033713845517381965,-0.00027766236488642335
-0.337,-0.0003345258822153475,-0.00027440109405021875
-0.336,-0.00033192710704380333,-0.0002711628552913044
-0.335,-0.0003293420322486102,-0.00026794760797437905
-0.334,-0.00032677056182108005,-0.0002647553108531975
-0.333,-0.0003242126011455162,-0.00026158592207516156
-0.332,-0.0003216680569902806,-0.00025843939918581197
-0.331,-0.00031913683749882585,-0.0002553156991332221
-0.33,-0.00031661885218069294,-0.00025221477827229433
-0.329,-0.00031411401190247374,-0.0002491365923689609
-0.328,-0.0003116222288787392,-0.0002460810966042903
-0.327,-0.0003091434166629333,-0.00024304824557850032
-0.326,-0.0003066774901382327,-0.00024003799331487888
-0.325,-0.0003042243655083721,-0.0002370502932636147
-0.324,-0.00030178396028843587,-0.0002340850983055378
-0.323,-0.00029935619329561603,-0.00023114236075577228
-0.322,-0.00029694098463993603,-0.00022822203236730183
-0.321,-0.00029453825571494147,-0.0002253240643344498
-0.32,-0.00029214792918835693,-0.00022244840729627468
-0.319,-0.0002897699289927095,-0.00021959501133988248
-0.318,-0.0002874041803159196,-0.00021676382600365745
-0.317,-0.00028505060959185715,-0.00021395480028041199
-0.316,-0.00028270914449086656,-0.0002111678826204574
-0.315,-0.00028037971391025695,-0.0002084030209345968
-0.314,-0.0002780622479647605,-0.0002056601625970411
-0.313,-0.0002757566779769573,-0.0002029392544482499
-0.312,-0.0002734629364676676,-0.0002002402427976981
-0.311,-0.00027118095714631136,-0.00019756307342656996
-0.31,-0.0002689106749012348,-0.00019490769159038164
-0.309,-0.00026665202579000444,-0.00019227404202153356
-0.308,-0.00026440494702966854,-0.0001896620689317941
-0.307,-0.0002621693769869857,-0.000187071716014716
-0.306,-0.0002599452551686215,-0.00018450292644798616
-0.305,-0.0002577325222113117,-0.00018195564289571125
-0.304,-0.00025553111987199366,-0.00017942980751063954
-0.303,-0.0002533409910179053,-0.00017692536193632063
-0.302,-0.00025116207961665114,-0.00017444224730920477
-0.301,-0.0002489943307262364,-0.0001719804042606824
-0.3,-0.00024683769048506845,-0.000169539772919066
-0.299,-0.0002446921061019262,-0.00016712029291151518
-0.298,-0.00024255752584589665,-0.00016472190336590644
-0.297,-0.0002404338990362796,-0.00016234454291264914
-0.296,-0.00023832117603245993,-0.00015998814968644904
-0.295,-0.00023621930822374733,-0.00015765266132802044
-0.294,-0.0002341282480191842,-0.00015533801498574882
-0.293,-0.00023204794883732082,-0.00015304414731730516
-0.292,-0.00022997836509595874,-0.00015077099449121314
-0.291,-0.0002279194522018615,-0.0001485184921883711
-0.29,-0.00022587116654043345,-0.00014628657560352947
-0.289,-0.00022383346546536628,-0.00014407517944672597
-0.288,-0.00022180630728825328,-0.00014188423794467926
-0.287,-0.00021978965126817155,-0.00013971368484214273
-0.286,-0.00021778345760123198,-0.00013756345340322008
-0.285,-0.0002157876874100972,-0.00013543347641264364
-0.284,-0.00021380230273346717,-0.00013332368617701747
-0.283,-0.00021182726651553318,-0.00013123401452602614
-0.282,-0.0002098625425953992,-0.000129164392813611
-0.281,-0.00020790809569647153,-0.00012711475191911516
-0.28,-0.00020596389141581652,-0.00012508502224839902
-0.279,-0.00020402989621348604,-0.0001230751337349272
-0.278,-0.0002021060774018113,-0.00012108501584082908
-0.277,-0.0002001924031346645,-0.00011911459755793382
-0.276,-0.000198288842396689,-0.0001171638074087817
-0.275,-0.00019639536499249717,-0.00011523257344761307
-0.274,-0.00019451194153583706,-0.00011332082326133669
-0.273,-0.00019263854343872698,-0.00011142848397047853
-0.272,-0.00019077514290055862,-0.00010955548223011301
-0.271,-0.00018892171289716853,-0.00010770174423077785
-0.27,-0.00018707822716987823,-0.00010586719569937421
-0.269,-0.00018524466021450266,-0.00010405176190005356
-0.268,-0.00018342098727032767,-0.00010225536763509298
-0.267,-0.00018160718430905594,-0.00010047793724576022
-0.266,-0.00017980322802372187,-9.871939461317014e-5
-0.265,-0.00017800909581757555,-9.69796631591342e-5
-0.264,-0.00017622476579293557,-9.525866584700433e-5
-0.263,-0.00017445021674001126,-9.355632518251298e-5
-0.262,-0.00017268542812569405,-9.187256321461071e-5
-0.261,-0.00017093038008231845,-9.020730153630303e-5
-0.26,-0.00016918505339639242,-8.856046128548802e-5
-0.259,-0.00016744942949729777,-8.693196314579627e-5
-0.258,-0.0001657234904459601,-8.532172734743488e-5
-0.257,-0.00016400721892348912,-8.37296736680369e-5
-0.256,-0.00016230059821978912,-8.215572143351802e-5
-0.255,-0.00016060361222213984,-8.059978951894194e-5
-0.254,-0.000158916245403748,-7.90617963493962e-5
-0.253,-0.00015723848281226966,-7.75416599008799e-5
-0.252,-0.00015557031005830377,-7.603929770120518e-5
-0.251,-0.00015391171330385686,-7.455462683091383e-5
-0.25,-0.00015226267925077933,-7.30875639242108e-5
-0.249,-0.00015062319512917368,-7.16380251699163e-5
-0.248,-0.00014899324868577446,-7.020592631243805e-5
-0.247,-0.00014737282817230103,-6.87911826527653e-5
-0.246,-0.00014576192233378254,-6.739370904948638e-5
-0.245,-0.00014416052039685617,-6.601341991983143e-5
-0.244,-0.00014256861205803843,-6.465022924074187e-5
-0.243,-0.0001409861874719701,-6.330405054996835e-5
-0.242,-0.00013941323723963534,-6.1974796947199e-5
-0.241,-0.0001378497523965547,-6.066238109521938e-5
-0.24,-0.00013629572440095319,-5.936671522110601e-5
-0.239,-0.0001347511451219033,-5.8087711117455185e-5
-0.238,-0.00013321600682744342,-5.682528014364868e-5
-0.237,-0.00013169030217267242,-5.557933322715806e-5
-0.236,-0.00013017402418782022,-5.4349780864889396e-5
-0.235,-0.0001286671662662957,-5.313653312457001e-5
-0.234,-0.00012716972215271128,-5.193949964617898e-5
-0.233,-0.00012568168593088595,-5.075858964342316e-5
-0.232,-0.000124203052011826,-4.959371190526041e-5
-0.231,-0.00012273381512168505,-4.844477479747177e-5
-0.23,-0.00012127397028970323,-4.7311686264284374e-5
-0.229,-0.0001198235128361263,-4.619435383004671e-5
-0.228,-0.00011838243836010548,-4.5092684600958105e-5
-0.227,-0.00011695074272757825,-4.400658526685411e-5
-0.226,-0.00011552842205913106,-4.293596210304954e-5
-0.225,-0.00011411547271784443,-4.1880720972240946e-5
-0.224,-0.0001127118912971211,-4.084076732647025e-5
-0.223,-0.00011131767460849806,-3.981600620915131e-5
-0.222,-0.0001099328196694431,-3.880634225716119e-5
-0.221,-0.00010855732369113653,-3.781167970299791e-5
-0.22,-0.00010719118406623897,-3.683192237700635e-5
-0.219,-0.00010583439835664596,-3.586697370967428e-5
-0.218,-0.00010448696428123012,-3.491673673400004e-5
-0.217,-0.00010314887970357181,-3.3981114087933815e-5
-0.216,-0.00010182014261967907,-3.306000801689424e-5
-0.215,-0.00010050075114569773,-3.215332037636214e-5
-0.214,-9.919070350561266e-5,-3.1260952634553025e-5
-0.213,-9.788999801894099e-5,-3.038280587517041e-5
-0.212,-9.659863308841841e-5,-2.9518780800241446e-5
-0.211,-9.531660718767935e-5,-2.866877773303684e-5
-0.21,-9.404391884893222e-5,-2.783269662107677e-5
-0.209,-9.278056665063079e-5,-2.7010437039224564e-5
-0.208,-9.152654920514244e-5,-2.6201898192869983e-5
-0.207,-9.028186514641496e-5,-2.540697892120384e-5
-0.206,-8.90465131176424e-5,-2.4625577700585742e-5
-0.205,-8.782049175893168e-5,-2.3857592648006766e-5
-0.204,-8.660379969497078e-5,-2.3102921524648805e-5
-0.203,-8.539643552269993e-5,-2.2361461739542395e-5
-0.202,-8.419839779898694e-5,-2.1633110353324797e-5
-0.201,-8.300968502830812e-5,-2.091776408210005e-5
-0.2,-8.183029565043581e-5,-2.021531930140287e-5
-0.199,-8.066022802813436e-5,-1.9525672050268053e-5
-0.198,-7.949948043486533e-5,-1.8848718035407204e-5
-0.197,-7.834805104250397e-5,-1.8184352635494567e-5
-0.196,-7.720593790906784e-5,-1.7532470905563642e-5
-0.195,-7.607313896645953e-5,-1.6892967581516408e-5
-0.194,-7.494965200822483e-5,-1.6265737084746866e-5
-0.193,-7.38354746773277e-5,-1.5650673526880648e-5
-0.192,-7.273060445394419e-5,-1.5047670714632409e-5
-0.191,-7.163503864327619e-5,-1.4456622154782765e-5
-0.19,-7.054877436338749e-5,-1.3877421059276458e-5
-0.189,-6.947180853306316e-5,-1.330996035044349e-5
-0.188,-6.840413785969456e-5,-1.2754132666344917e-5
-0.187,-6.734575882719131e-5,-1.220983036624499e-5
-0.186,-6.629666768392245e-5,-1.1676945536211364e-5
-0.185,-6.525686043068834e-5,-1.1155369994845013e-5
-0.184,-6.422633280872546e-5,-1.0644995299141542e-5
-0.183,-6.320508028774587e-5,-1.0145712750485546e-5
-0.182,-6.219309805401348e-5,-9.657413400779665e-6
-0.181,-6.119038099845912e-5,-9.179988058709967e-6
-0.18,-6.0196923704836365e-5,-8.713327296149272e-6
-0.179,-5.921272043792053e-5,-8.257321454700045e-6
-0.178,-5.823776513175269e-5,-7.811860652378433e-6
-0.177,-5.7272051377931196e-5,-7.376834790441025e-6
-0.176,-5.631557241395274e-5,-6.9521335603559254e-6
-0.175,-5.536832111160553e-5,-6.53764645091965e-6
-0.174,-5.44302899654166e-5,-6.13326275552141e-6
-0.173,-5.350147108115603e-5,-5.73887157955628e-6
-0.172,-5.258185616440021e-5,-5.354361847988754e-6
-0.171,-5.167143650915686e-5,-4.9796223130681596e-6
-0.17,-5.0770202986554245e-5,-4.614541562197393e-6
-0.169,-4.9878146033597235e-5,-4.25900802595641e-6
-0.168,-4.8995255641992846e-5,-3.912909986281893e-6
-0.167,-4.812152134704798e-5,-3.576135584804465e-6
-0.166,-4.725693221664208e-5,-3.248572831344858e-6
-0.165,-4.6401476840277555e-5,-2.93010961257034e-6
-0.164,-4.555514331821081e-5,-2.6206337008127508e-6
-0.163,-4.471791925066678e-5,-2.320032763049422e-6
-0.162,-4.388979172714001e-5,-2.0281943700482585e-6
-0.161,-4.3070747315785134e-5,-1.7450060056782111e-6
-0.16,-4.22607720529001e-5,-1.4703550763863563e-6
-0.159,-4.145985143250498e-5,-1.2041289208427577e-6
-0.158,-4.066797039601981e-5,-9.462148197542572e-7
-0.157,-3.988511332204447e-5,-6.965000058483114e-7
-0.156,-3.91112640162442e-5,-4.548716740279514e-7
-0.155,-3.8346405701343825e-5,-2.2121699169891617e-7
-0.154,-3.7590521007234274e-5,4.5768907300346395e-9
-0.153,-3.6843591961194906e-5,2.226228291726545e-7
-0.152,-3.6105599978235036e-5,4.3303367501565634e-7
-0.151,-3.537652585155848e-5,6.359222640931785e-7
-0.15,-3.4656349743154544e-5,8.314014054844178e-7
-0.149,-3.394505117451944e-5,1.0195838701336195e-6
-0.148,-3.3242609017511665e-5,1.200582379291659e-6
-0.147,-3.254900148534549e-5,1.3745095927784965e-6
-0.146,-3.1864206123726166e-5,1.5414780970658291e-6
-0.145,-3.1188199802131126e-5,1.7016003931793175e-6
-0.144,-3.052095870524103e-5,1.854988884419815e-6
-0.143,-2.986245832452487e-5,2.0017558639030728e-6
-0.142,-2.9212673449983314e-5,2.1420135019174525e-6
-0.141,-2.8571578162054495e-5,2.2758738330992383e-6
-0.14,-2.793914582368663e-5,2.403448743425182e-6
-0.139,-2.731534907258183e-5,2.524849957021988e-6
-0.138,-2.670015981361555e-5,2.640189022792499e-6
-0.137,-2.6093549211436226e-5,2.7495773008584058e-6
-0.136,-2.549548768324972e-5,2.853125948819367e-6
-0.135,-2.4905944891793186e-5,2.9509459078284967e-6
-0.134,-2.432488973850318e-5,3.043147888484236e-6
-0.133,-2.375229035688277e-5,3.129842356538705e-6
-0.132,-2.318811410607255e-5,3.2111395184226996e-6
-0.131,-2.2632327564630584e-5,3.2871493065875636e-6
-0.13,-2.208489652452619e-5,3.3579813646642623e-6
-0.129,-2.154578598535283e-5,3.4237450324400394e-6
-0.128,-2.1014960148765164e-5,3.484549330653141e-6
-0.127,-2.0492382413145647e-5,3.5405029456061573e-6
-0.126,-1.9978015368505924e-5,3.59171421359863e-6
-0.125,-1.9471820791628485e-5,3.6382911051796538e-6
-0.124,-1.897375964145408e-5,3.680341209221298e-6
-0.123,-1.848379205472047e-5,3.7179717168137616e-6
-0.122,-1.8001877341858156e-5,3.751289404983275e-6
-0.121,-1.7527973983148843e-5,3.7804006202338577e-6
-0.12,-1.706203962515246e-5,3.8054112619141507e-6
-0.119,-1.6604031077408593e-5,3.8264267654106305e-6
-0.118,-1.6153904309418373e-5,3.843552085168643e-6
-0.117,-1.5711614447912847e-5,3.856891677542777e-6
-0.116,-1.5277115774413978e-5,3.866549483478242e-6
-0.115,-1.48503617230945e-5,3.87262891102501e-6
-0.114,-1.4431304878942982e-5,3.875232817686603e-6
-0.113,-1.401989697624044e-5,3.874463492605546e-6
-0.112,-1.3616088897355023e-5,3.8704226385876134e-6
-0.111,-1.3219830671861322e-5,3.86321135396715e-6
-0.11,-1.2831071475990972e-5,3.852930114315852e-6
-0.109,-1.2449759632421279e-5,3.8396787539975644e-6
-0.108,-1.2075842610408708e-5,3.823556447571767e-6
-0.107,-1.1709267026274145e-5,3.8046616910485856e-6
-0.106,-1.1349978644246939e-5,3.7830922829983024e-6
-0.105,-1.0997922377674839e-5,3.758945305518499e-6
-0.104,-1.0653042290606981e-5,3.732317105062129e-6
-0.103,-1.0315281599757229e-5,3.7033032731299693e-6
-0.102,-9.984582676855219e-6,3.67199862683108e-6
-0.101,-9.660887051392574e-6,3.6384971893150605e-6
-0.1,-9.344135413771844e-6,3.602892170080083e-6
-0.099,-9.034267618865802e-6,3.5652759451608544e-6
-0.098,-8.731222689994852e-6,3.52574003720085e-6
-0.097,-8.434938823330348e-6,3.4843750954133555e-6
-0.096,-8.145353392731805e-6,3.4412708754360546e-6
-0.095,-7.86240295502595e-6,3.3965162190840935e-6
-0.094,-7.586023255735811e-6,3.3501990340067824e-6
-0.093,-7.3161492352679785e-6,3.302406273253285e-6
-0.092,-7.052715035566416e-6,3.253223914752894e-6
-0.091,-6.795654007241184e-6,3.2027369407157043e-6
-0.09,-6.544898717180619e-6,3.1510293169597294e-6
-0.089,-6.300380956655543e-6,3.0981839721707666e-6
-0.088,-6.062031749924246e-6,3.0442827771015384e-6
-0.087,-5.829781363347022e-6,2.989406523716923e-6
-0.086,-5.603559315019186e-6,2.933634904292327e-6
-0.085,-5.3832943849315945e-6,2.8770464904725428e-6
-0.084,-5.168914625667769e-6,2.819718712298704e-6
-0.083,-4.9603473736468684e-6,2.761727837211245e-6
-0.082,-4.757519260921835e-6,2.703148949037066e-6
-0.081,-4.560356227542152e-6,2.6440559269694163e-6
-0.08,-4.368783534490771e-6,2.584521424549319e-6
-0.079,-4.182725777204871e-6,2.5246168486576907e-6
-0.078,-4.0021068996902056e-6,2.464412338527649e-6
-0.077,-3.826850209238965e-6,2.403976744786835e-6
-0.076,-3.6568783917611126e-6,2.3433776085399525e-6
-0.075,-3.492113527739358e-6,2.2826811405020914e-6
-0.074,-3.332477108817991e-6,2.221952200193767e-6
-0.073,-3.1778900550359478e-6,2.161254275209037e-6
-0.072,-3.0282727327146117e-6,2.100649460568423e-6
-0.071,-2.88354497301096e-6,2.0401984381688294e-6
-0.07,-2.7436260911468236e-6,1.979960456343042e-6
-0.069,-2.6084349063251375e-6,1.919993309541887e-6
-0.068,-2.4778897623442303e-6,1.8603533181525585e-6
-0.067,-2.3519085489213097e-6,1.8010953084671267e-6
-0.066,-2.2304087237364844e-6,1.7422725928157386e-6
-0.065,-2.113307335208787e-6,1.6839369498795353e-6
-0.064,-2.0005210460158455e-6,1.6261386051988532e-6
-0.063,-1.8919661573690027e-6,1.5689262118928348e-6
-0.062,-1.7875586340558658e-6,1.5123468316071524e-6
-0.061,-1.6872141302624385e-6,1.4564459157071545e-6
-0.06,-1.590848016187193e-6,1.401267286734367e-6
-0.059,-1.498375405459624e-6,1.3468531201449377e-6
-0.058,-1.409711183376047e-6,1.2932439263492879e-6
-0.057,-1.3247700359656214e-6,1.240478533072941e-6
-0.056,-1.2434664798998134e-6,1.1885940680592415e-6
-0.055,-1.1657148932587665e-6,1.137625942135437e-6
-0.054,-1.0914295471683122e-6,1.0876078326644097e-6
-0.053,-1.0205246383216352e-6,1.0385716674051769e-6
-0.052,-9.529143223999194e-7,9.905476088061583e-7
-0.051,-8.885127484066198e-7,9.435640387561382e-7
-0.05,-8.272340939303651e-7,8.97647543818799e-7
-0.049,-7.68992601351874e-7,8.52822900977735e-7
-0.048,-7.137026150106819e-7,8.091130639199044e-7
-0.047,-6.612786193479257e-7,7.665391498866084e-7
-0.046,-6.116352780419196e-7,7.2512042712226e-7
-0.045,-5.646874741537963e-7,6.848743029524581e-7
-0.044,-5.203503513010678e-7,6.458163125241897e-7
-0.043,-4.785393558776085e-7,6.079601082423849e-7
-0.042,-4.3917028033927025e-7,5.713174499385185e-7
-0.041,-4.021593075751263e-7,5.358981958085221e-7
-0.04,-3.6742305638520603e-7,5.017102941589373e-7
-0.039,-3.348786280865507e-7,4.687597760020141e-7
-0.038,-3.0444365427049337e-7,4.370507485423548e-7
-0.037,-2.7603634573526775e-7,4.065853895997326e-7
-0.036,-2.4957554261939635e-7,3.7736394301488316e-7
-0.035,-2.2498076576281785e-7,3.4938471508740615e-7
-0.034,-2.0217226932441782e-7,3.2264407209742645e-7
-0.033,-1.810710946865502e-7,2.9713643896537957e-7
-0.032,-1.615991256793183e-7,2.728542991072251e-7
-0.031,-1.4367914515986457e-7,2.497881955455832e-7
-0.03,-1.2723489298474964e-7,2.2792673334076306e-7
-0.029,-1.1219112541674198e-7,2.072565834094464e-7
-0.028,-9.847367601106512e-8,1.8776248780295097e-7
-0.027,-8.600951803044866e-8,1.6942726652157047e-7
-0.026,-7.472682844330779e-8,1.5223182594654032e-7
-0.025,-6.455505356517182e-8,1.361551689767763e-7
-0.024,-5.5424976410255465e-8,1.2117440696376604e-7
-0.023,-4.7268785828024653e-8,1.0726477354496346e-7
-0.022,-4.002014750900827e-8,9.439964048387049e-8
-0.021,-3.361427695527326e-8,8.255053563384065e-8
-0.02,-2.798801452432797e-8,7.168716315269601e-8
-0.019,-2.3079902671283425e-8,6.177742610674596e-8
-0.018,-1.8830265533579835e-8,5.27874516160271e-8
-0.017,-1.5181291026395693e-8,4.4681618707921795e-8
-0.016,-1.2077115646224022e-8,3.7422589064232376e-8
-0.015,-9.46391221668405e-9,3.097134086790843e-8
-0.014,-7.289980856717449e-9,2.5287205980754448e-8
-0.013,-5.5058435100866226e-9,2.032791071366666e-8
-0.012,-4.064342451099307e-9,1.6049620487725895e-8
-0.011,-2.9207432813644825e-9,1.240698872983415e-8
-0.01,-2.0328430660610077e-9,9.353210403386263e-9
-0.009,-1.3610844409416096e-9,6.840080646856596e-9
-0.008,-8.686767774025509e-10,4.81805908732351e-9
-0.007,-5.217258626661073e-10,3.2363405213612364e-9
-0.006,-2.8937410533464723e-10,2.042932827658525e-9
-0.005,-1.439541419318487e-10,1.1847432199004832e-9
-0.004,-6.116015241034463e-11,6.076743109970759e-10
-0.003,-2.0243747696959967e-11,2.5673203023084574e-10
-0.002,-4.246353531065936e-12,7.614840725434109e-11
-0.001,-2.9179166781184806e-13,9.524104074431473e-12
0.0,0.0,0.0
0.001,-2.914904999484546e-13,-9.51458502252456e-12
0.002,-4.237564849001895e-12,-7.59962796112666e-11
0.003,-2.0180798365484012e-11,-2.5596317032973934e-10
0.004,-6.090628600534135e-11,-6.052494462264991e-10
0.005,-1.4320658085020103e-10,-1.1788378827209239e-9
0.006,-2.875696079153179e-10,-2.0307223317792726e-9
0.007,-5.179281904992952e-10,-3.2137907631870926e-9
0.008,-8.614472565225509e-10,-4.779723866884673e-9
0.009,-1.3483366526931575e-9,-6.778906117199615e-9
0.01,-2.0116826002030474e-9,-9.260347187545796e-9
0.011,-2.8872934074252444e-9,-1.2271612185445927e-8
0.012,-4.013556504594883e-9,-1.585875954828426e-8
0.013,-5.431304742444419e-9,-2.006628569054424e-8
0.014,-7.1836904581937945e-9,-2.4937075670124784e-8
0.015,-9.31606618801248e-9,-3.051235927073876e-8
0.016,-1.1875871165675537e-8,-3.683167199487223e-8
0.017,-1.4912522933324302e-8,-4.3932820536992e-8
0.018,-1.847731352661201e-8,-5.1851852365916254e-8
0.019,-2.262330979853473e-8,-6.062302909273064e-8
0.02,-2.7405257523979245e-8,-7.027880333926322e-8
0.021,-3.2879488987196746e-8,-8.084979885399703e-8
0.022,-3.9103833801656605e-8,-9.236479364889999e-8
0.023,-4.61375327492924e-8,-1.0485070595309802e-7
0.024,-5.4041154456342564e-8,-1.1833258279844027e-7
0.025,-6.287651474750022e-8,-1.3283359106843993e-7
0.026,-7.27065985401702e-8,-1.4837501085631287e-7
0.027,-8.359548415722149e-8,-1.6497623099026e-7
0.028,-9.560826995043341e-8,-1.826547465950546e-7
0.029,-1.088110031384076e-7,-2.014261585686439e-7
0.03,-1.2327061077248228e-7,-2.213041748610499e-7
0.031,-1.3905483275247082e-7,-2.423006134505201e-7
0.032,-1.5623215682111769e-7,-2.6442540691876256e-7
0.033,-1.7487175547223002e-7,-2.8768660853330865e-7
0.034,-1.9504342471267347e-7,-3.120903997506754e-7
0.035,-2.1681752462294948e-7,-3.376410990591159e-7
0.036,-2.4026492166501226e-7,-3.6434117208442304e-7
0.037,-2.654569326894273e-7,-3.921912428865287e-7
0.038,-2.9246527059699466e-7,-4.2119010637858385e-7
0.039,-3.213619916126199e-7,-4.513347418038288e-7
0.04,-3.5221944413157154e-7,-4.826203272089235e-7
0.041,-3.8511021910035047e-7,-5.1504025485552e-7
0.042,-4.201071018962584e-7,-5.48586147514751e-7
0.043,-4.572830256714173e-7,-5.832478755920105e-7
0.044,-4.967110261284828e-7,-6.190135750319154e-7
0.045,-5.384641976966422e-7,-6.558696659557e-7
0.046,-5.826156510776992e-7,-6.93800871985506e-7
0.047,-6.292384721331519e-7,-7.32790240212108e-7
0.048,-6.784056820841731e-7,-7.728191617645726e-7
0.049,-7.30190198997314e-7,-8.138673929421941e-7
0.05,-7.84664800529597e-7,-8.559130768707949e-7
0.051,-8.419020879074275e-7,-8.989327656471245e-7
0.052,-9.019744511144724e-7,-9.429014429366561e-7
0.053,-9.649540352643038e-7,-9.877925469915602e-7
0.054,-1.0309127081342256e-6,-1.0335779940570444e-6
0.055,-1.0999220288372634e-6,-1.0802282021355844e-6
0.056,-1.1720532176098334e-6,-1.1277121150798481e-6
0.057,-1.2473771266931043e-6,-1.1759972269863285e-6
0.058,-1.3259642122865352e-6,-1.2250496068628617e-6
0.059,-1.4078845075525157e-6,-1.2748339235443097e-6
0.06,-1.4932075966514522e-6,-1.325313470831751e-6
0.061,-1.582002589787043e-6,-1.3764501928315285e-6
0.062,-1.674338099241864e-6,-1.4282047094714778e-6
0.063,-1.7702822163837429e-6,-1.4805363421725867e-6
0.064,-1.8699024896237533e-6,-1.5334031396552235e-6
0.065,-1.9732659033069833e-6,-1.5867619038599326e-6
0.066,-2.0804388575175564e-6,-1.6405682159636114e-6
0.067,-2.1914871487796892e-6,-1.6947764624726709e-6
0.068,-2.306475951636863e-6,-1.7493398613755426e-6
0.069,-2.4254698010914787e-6,-1.8042104883376237e-6
0.07,-2.54853257588764e-6,-1.8593393029224458e-6
0.071,-2.6757274826199727e-6,-1.9146761748235403e-6
0.072,-2.80711704065167e-6,-1.9701699100921145e-6
0.073,-2.942763067825184e-6,-2.025768277346278e-6
0.074,-3.0827266669492572e-6,-2.081418033948173e-6
0.075,-3.2270682130462143e-6,-2.1370649521359367e-6
0.076,-3.3758473413436866e-6,-2.1926538450979792e-6
0.077,-3.5291229359951656e-6,-2.248128592977626e-6
0.078,-3.6869531195140163e-6,-2.3034321687966667e-6
0.079,-3.8493952429058105e-6,-2.358506664286885e-6
0.08,-4.016505876484053e-6,-2.413293315619112e-6
0.081,-4.188340801354592e-6,-2.4677325290198276e-6
0.082,-4.364955001554237e-6,-2.521763906265793e-6
0.083,-4.546402656829288e-6,-2.575326270047621e-6
0.084,-4.732737136039917e-6,-2.6283576891936413e-6
0.085,-4.924010991176527e-6,-2.6807955037458037e-6
0.086,-5.120275951974437e-6,-2.7325763498797805e-6
0.087,-5.321582921113414e-6,-2.7836361846618054e-6
0.088,-5.527981969988792e-6,-2.8339103106351523e-6
0.089,-5.73952233504112e-6,-2.883333400229535e-6
0.09,-5.956252414631431e-6,-2.931839519987036e-6
0.091,-6.178219766449474e-6,-2.97936215459853e-6
0.092,-6.4054711054423905e-6,-3.0258342307448755e-6
0.093,-6.638052302251521e-6,-3.0711881407374795e-6
0.094,-6.876008382145232e-6,-3.1153557659531334e-6
0.095,-7.119383524435785e-6,-3.158268500058323e-6
0.096,-7.368221062368507e-6,-3.199857272018493e-6
0.097,-7.622563483471665e-6,-3.2400525688880357e-6
0.098,-7.88245243035562e-6,-3.2787844583770254e-6
0.099,-8.147928701950056e-6,-3.3159826111909947e-6
0.1,-8.419032255168165e-6,-3.3515763231402907e-6
0.101,-8.695802206986969e-6,-3.3854945370157955e-6
0.102,-8.978276836932983e-6,-3.417665864228033e-6
0.103,-9.266493589962713e-6,-3.448018606206902e-6
0.104,-9.560489079727573e-6,-3.4764807755595143e-6
0.105,-9.860299092213021e-6,-3.502980116983804e-6
0.106,-1.016595858974182e-5,-3.52744412793581e-6
0.107,-1.047750171533155e-5,-3.549800079048707e-6
0.108,-1.0794961797396631e-5,-3.5699750343018707e-6
0.109,-1.1118371354785243e-5,-3.5878958709384405e-6
0.11,-1.1447762102141762e-5,-3.603489299130034e-6
0.111,-1.1783164955585399e-5,-3.616681881387424e-6
0.112,-1.2124610038695953e-5,-3.627400051716181e-6
0.113,-1.2472126688797699e-5,-3.6355701345164307e-6
0.114,-1.2825743463532596e-5,-3.64111836322604e-6
0.115,-1.3185488147714142e-5,-3.6439708987066955e-6
0.116,-1.355138776045337e-5,-3.644053847372492e-6
0.117,-1.39234685625486e-5,-3.6412932790607865e-6
0.118,-1.4301756064130706e-5,-3.635615244645206e-6
0.119,-1.468627503255583e-5,-3.626945793390846e-6
0.12,-1.5077049500537575e-5,-3.6152109900518054e-6
0.121,-1.5474102774510888e-5,-3.6003369317113454e-6
0.122,-1.5877457443219935e-5,-3.582249764365068e-6
0.123,-1.6287135386522456e-5,-3.560875699247631e-6
0.124,-1.6703157784403194e-5,-3.5361410289036263e-6
0.125,-1.712554512618912e-5,-3.507972143003355e-6
0.126,-1.7554317219959324e-5,-3.476295543904342e-6
0.127,-1.798949320214258e-5,-3.44103786195952e-6
0.128,-1.843109154729568e-5,-3.402125870573129e-6
0.129,-1.8879130078055813e-5,-3.3594865010054467e-6
0.13,-1.9333625975260334e-5,-3.3130468569275794e-6
0.131,-1.9794595788227476e-5,-3.2627342287276057e-6
0.132,-2.026205544519155e-5,-3.208476107569463e-6
0.133,-2.073602026388645e-5,-3.1502001992060483e-6
0.134,-2.1216504962271275e-5,-3.087834437548064e-6
0.135,-2.1703523669392065e-5,-3.0213069979902315e-6
0.136,-2.2197089936373762e-5,-2.950546310496562e-6
0.137,-2.269721674753659e-5,-2.8754810724464298e-6
0.138,-2.320391653163116e-5,-2.7960402612432736e-6
0.139,-2.371720117318681e-5,-2.712153146687808e-6
0.14,-2.4237082023967634e-5,-2.6237493031176814e-6
0.141,-2.4763569914530932e-5,-2.5307586213155885e-6
0.142,-2.5296675165882807e-5,-2.433111320187878e-6
0.143,-2.5836407601225783e-5,-2.330737958215774e-6
0.144,-2.6382776557793465e-5,-2.223569444681362e-6
0.145,-2.6935790898767243e-5,-2.1115370506705447e-6
0.146,-2.7495459025270285e-5,-1.9945724198552106e-6
0.147,-2.80617888884341e-5,-1.872607579056926e-6
0.148,-2.863478800153299e-5,-1.745574948594464e-6
0.149,-2.9214463452181964e-5,-1.613407352417563e-6
0.15,-2.980082191459361e-5,-1.4760380280293137e-6
0.151,-3.0393869661889657e-5,-1.3334006361996302e-6
0.152,-3.099361257846292e-5,-1.1854292704722838e-6
0.153,-3.160005617238557e-5,-1.0320584664680098e-6
0.154,-3.2213205587859655e-5,-8.732232109862372e-7
0.155,-3.28330656177058e-5,-7.088589509080077e-7
0.156,-3.3459640715886406e-5,-5.389016019026856e-7
0.157,-3.409293501005941e-5,-3.6328755694108155e-7
0.158,-3.4732952314158973e-5,-1.819536946176414e-7
0.159,-3.537969614099941e-5,5.1626127156348355e-9
0.16,-3.6033169714898926e-5,1.9812349100084768e-7
0.161,-3.669337598431969e-5,3.969905567087192e-7
0.162,-3.736031763452073e-5,6.018249092532503e-7
0.163,-3.803399710022058e-5,8.126871235837695e-7
0.164,-3.871441657826626e-5,1.0296372429516132e-6
0.165,-3.940157804030562e-5,1.2527347718486606e-6
0.166,-4.009548324545985e-5,1.4820386691149383e-6
0.167,-4.0796133752993226e-5,1.7176073412124923e-6
0.168,-4.150353093497721e-5,1.9594986356627206e-6
0.169,-4.221767598894594e-5,2.2077698346443425e-6
0.17,-4.29385699505405e-5,2.4624776487491803e-6
0.171,-4.3666213706139134e-5,2.723678210892916e-6
0.172,-4.440060800547079e-5,2.991427070377982e-6
0.173,-4.514175347420944e-5,3.2657791871057365e-6
0.174,-4.588965062654674e-5,3.546788925935075e-6
0.175,-4.664429987774044e-5,3.834510051184619e-6
0.176,-4.7405701556636235e-5,4.128995721275629e-6
0.177,-4.817385591816084e-5,4.430298483512772e-6
0.178,-4.894876315578382e-5,4.738470268999894e-6
0.179,-4.973042341394621e-5,5.053562387687931e-6
0.18,-5.051883680045359e-5,5.3756255235520895e-6
0.181,-5.131400339883166e-5,5.704709729895462e-6
0.182,-5.2115923280642286e-5,6.040864424776184e-6
0.183,-5.292459651775791e-5,6.384138386555309e-6
0.184,-5.3740023194592626e-5,6.734579749562537e-6
0.185,-5.45622034202879e-5,7.09223599987694e-6
0.186,-5.5391137340851154e-5,7.4571539712198715e-6
0.187,-5.622682515124549e-5,7.829379840957177e-6
0.188,-5.706926710742886e-5,8.208959126207921e-6
0.189,-5.791846353834094e-5,8.59593668005677e-6
0.19,-5.8774414857836184e-5,8.99035668786723e-6
0.191,-5.963712157656142e-5,9.392262663692923e-6
0.192,-6.0506584313776556e-5,9.8016974467841e-6
0.193,-6.138280380911684e-5,1.0218703198186584e-5
0.194,-6.226578093429525e-5,1.0643321397430393e-5
0.195,-6.315551670474369e-5,1.1075592839305199e-5
0.196,-6.405201229119163e-5,1.151555763071994e-5
0.197,-6.495526903118072e-5,1.1963255187643749e-5
0.198,-6.586528844051448e-5,1.241872423212552e-5
0.199,-6.678207222464141e-5,1.2882002789389304e-5
0.2,-6.770562228997064e-5,1.335312818500289e-5
0.201,-6.863594075511881e-5,1.3832137042116786e-5
0.202,-6.957302996208718e-5,1.4319065278770944e-5
0.203,-7.051689248736781e-5,1.4813948105266526e-5
0.204,-7.146753115297773e-5,1.5316820021600018e-5
0.205,-7.242494903742022e-5,1.5827714814957052e-5
0.206,-7.338914948657206e-5,1.6346665557263286e-5
0.207,-7.436013612449602e-5,1.6873704602789664e-5
0.208,-7.533791286417741e-5,1.7408863585809485e-5
0.209,-7.6322483918184e-5,1.795217341830463e-5
0.21,-7.731385380924833e-5,1.8503664287718365e-5
0.211,-7.831202738077178e-5,1.9063365654752154e-5
0.212,-7.93170098072493e-5,1.9631306251203866e-5
0.213,-8.032880660461424e-5,2.0207514077844873e-5
0.214,-8.134742364050254e-5,2.079201640233347e-5
0.215,-8.23728671444354e-5,2.1384839757162093e-5
0.216,-8.340514371791991e-5,2.1986009937635844e-5
0.217,-8.444426034446679e-5,2.2595551999879806e-5
0.218,-8.549022439952477e-5,2.3213490258872683e-5
0.219,-8.654304366033082e-5,2.3839848286504286e-5
0.22,-8.760272631567574e-5,2.4474648909654438e-5
0.221,-8.866928097558442e-5,2.5117914208290844e-5
0.222,-8.974271668091028e-5,2.576966551358352e-5
0.223,-9.082304291284332e-5,2.6429923406033363e-5
0.224,-9.191026960233123e-5,2.7098707713612523e-5
0.225,-9.300440713941301e-5,2.777603750991412e-5
0.226,-9.410546638246477e-5,2.8461931112309048e-5
0.227,-9.521345866735695e-5,2.9156406080107457e-5
0.228,-9.632839581652279e-5,2.985947921272264e-5
0.229,-9.745029014793734e-5,3.0571166547834974e-5
0.23,-9.857915448400686e-5,3.1291483359553645e-5
0.231,-9.97150021603678e-5,3.202044415657391e-5
0.232,-0.00010085784703459534,3.27580626803276e-5
0.233,-0.00010200770349482088,3.350435190312461e-5
0.234,-0.00010316458646825816,3.425932402628324e-5
0.235,-0.00010432851142963746,3.502299047824704e-5
0.236,-0.00010549949440954785,3.579536191268608e-5
0.237,-0.0001066775520026869,3.6576448206580435e-5
0.238,-0.0001078627013760174,3.736625845828373e-5
0.239,-0.00010905496027683113,3.816480098556451e-5
0.24,-0.00011025434704071891,3.897208332362352e-5
0.241,-0.00011146088059944693,3.97881122230845e-5
0.242,-0.00011267458048873885,4.06128936479567e-5
0.243,-0.00011389546685596348,4.144643277356675e-5
0.244,-0.00011512356046772765,4.228873398445808e-5
0.245,-0.00011635888271737397,4.313980087225561e-5
0.246,-0.00011760145563238326,4.399963623349388e-5
0.247,-0.00011885130188168124,4.486824206740645e-5
0.248,-0.00012010844478284929,4.574561957367468e-5
0.249,-0.00012137290830923892,4.663176915013386e-5
0.25,-0.00012264471709698966,4.752669039043466e-5
0.251,-0.0001239238964519502,4.843038208165813e-5
0.252,-0.00012521047235650222,4.934284220188211e-5
0.253,-0.0001265044714762871,5.026406791769725e-5
0.254,-0.00012780592116683445,5.11940555816707e-5
0.255,-0.00012911484948009317,5.213280072975561e-5
0.256,-0.00013043128517086392,5.308029807864451e-5
0.257,-0.00013175525770313295,5.4036541523064796e-5
0.258,-0.00013308679725630734,5.500152413301437e-5
0.259,-0.0001344259347313507,5.597523815093576e-5
0.26,-0.0001357727017568198,5.695767498882669e-5
0.261,-0.00013712713069480103,5.7948825225285615e-5
0.262,-0.00013848925464674702,5.894867860249008e-5
0.263,-0.00013985910745921272,5.995722402310644e-5
0.264,-0.0001412367237294909,6.097444954712903e-5
0.265,-0.00014262213881114632,6.20003423886471e-5
0.266,-0.00014401538881944886,6.303488891253777e-5
0.267,-0.0001454165106367045,6.407807463108336e-5
0.268,-0.00014682554191748466,6.512988420051129e-5
0.269,-0.0001482425210937527,6.619030141745507e-5
0.27,-0.00014966748737988794,6.725930921533446e-5
0.271,-0.0001511004807776062,6.833688966065339e-5
0.272,-0.00015254154208077698,6.94230239492139e-5
0.273,-0.0001539907128801366,7.051769240224444e-5
0.274,-0.00015544803556789702,7.162087446244109e-5
0.275,-0.00015691355334224977,7.273254868991994e-5
0.276,-0.00015838731021176482,7.385269275807909e-5
0.277,-0.00015986935099968362,7.498128344936891e-5
0.278,-0.00016135972134810625,7.611829665096866e-5
0.279,-0.00016285846772207184,7.72637073503683e-5
0.28,-0.0001643656374135321,7.841748963085373e-5
0.281,-0.000165881278545217,7.957961666689404e-5
0.282,-0.000167405440074393,8.075006071942941e-5
0.283,-0.0001689381717965121,8.192879313105787e-5
0.284,-0.00017047952434875218,8.311578432111984e-5
0.285,-0.0001720295492134476,8.431100378067873e-5
0.286,-0.00017358829872140966,8.551442006739631e-5
0.287,-0.0001751558260551362,8.672600080030136e-5
0.288,-0.00017673218525190982,8.794571265445028e-5
0.289,-0.00017831743120678422,8.917352135547814e-5
0.29,-0.00017991161967545783,9.040939167403902e-5
0.291,-0.00018151480727703417,9.165328742013398e-5
0.292,-0.0001831270514966683,9.290517143732562e-5
0.293,-0.0001847484106880987,9.416500559683761e-5
0.294,-0.00018637894407606373,9.543275079153824e-5
0.295,-0.000188018711758602,9.670836692980617e-5
0.296,-0.00018966777470923621,9.799181292927766e-5
0.297,-0.00019132619477903905,9.928304671047356e-5
0.298,-0.0001929940346985811,0.00010058202519030505
0.299,-0.00019467135807975928,0.00010188870427545676
0.3,-0.0001963582294175056,0.00010320303885564611
0.301,-0.00019805471409137492,0.00010452498279675758
0.302,-0.00019976087836701096,0.0001058544889338508
0.303,-0.00020147678939748991,0.00010719150906404116
0.304,-0.00020320251522454037,0.00010853599393925184
0.305,-0.00020493812477963887,0.00010988789325883605
0.306,-0.00020668368788498006,0.00011124715566206841
0.307,-0.00020843927525432027,0.00011261372872050417
0.308,-0.000210204958493694,0.00011398755893020541
0.309,-0.0002119808101020016,0.00011536859170383278
0.31,-0.00021376690347146775,0.00011675677136260203
0.311,-0.00021556331288796898,0.00011815204112810399
0.312,-0.0002173701135312297,0.0001195543431139871
0.313,-0.00021918738147488545,0.00012096361831750134
0.314,-0.00022101519368641182,0.00012237980661090252
0.315,-0.00022285362802691825,0.0001238028467327161
0.316,-0.00022470276325080557,0.00012523267627885927
0.317,-0.00022656267900528546,0.00012666923169362047
0.318,-0.00022843345582976128,0.00012811244826049526
0.319,-0.00023031517515506833,0.0001295622600928778
0.32,-0.0002322079193025725,0.0001310186001246067
0.321,-0.00023411177148312614,0.00013248140010036445
0.322,-0.0002360268157958792,0.00013395059056592977
0.323,-0.00023795313722694463,0.0001354261008582813
0.324,-0.00023989082164791668,0.00013690785909555264
0.325,-0.00024183995581424005,0.00013839579216683712
0.326,-0.00024380062736342902,0.00013988982572184182
0.327,-0.0002457729248131345,0.00014138988416039004
0.328,-0.0002477569375590578,0.00014289589062177114
0.329,-0.000249752755872709,0.00014440776697393718
0.33,-0.00025176047089900915,0.00014592543380254554
0.331,-0.00025378017465373326,0.0001474488103998467
0.332,-0.000255811960020794,0.00014897781475341638
0.333,-0.0002578559207493625,0.0001505123635347314
0.334,-0.00025991215145082676,0.00015205237208758854
0.335,-0.000261980747595583,0.00015359775441636578
0.336,-0.00026406180550966104,0.00015514842317412492
0.337,-0.00026615542237117933,0.00015670428965055527
0.338,-0.0002682616962066294,0.00015826526375975768
0.339,-0.0002703807258869871,0.0001598312540278681
0.34,-0.00027251261112364803,0.00016140216758052042
0.341,-0.0002746574524641866,0.00016297791013014748
0.342,-0.0002768153512879352,0.00016455838596312033
0.343,-0.00027898640980138174,0.00016614349792672462
0.344,-0.0002811707310333846,0.0001677331474159739
0.345,-0.0002833684188302005,0.00016932723436025932
0.346,-0.00028557957785032504,0.00017092565720983502
0.347,-0.000287804313559143,0.0001725283129221391
0.348,-0.00029004273222338556,0.00017413509694794933
0.349,-0.00029229494090539284,0.0001757459032173735
0.35,-0.000294561047457179,0.0001773606241256738
0.351,-0.0002968411605142974,0.0001789791505189251
0.352,-0.0002991353894895034,0.0001806013716795063
0.353,-0.0003014438445662125,0.00018222717531142507
0.354,-0.00030376663669175094,0.0001838564475254751
0.355,-0.0003061038775703961,0.00018548907282422584
0.356,-0.00030845567965620454,0.00018712493408684454
0.357,-0.00031082215614562447,0.00018876391255375
0.358,-0.0003132034209698899,0.00019040588781109842
0.359,-0.00031559958878719425,0.00019205073777510043
0.36,-0.0003180107749746398,0.00019369833867616978
0.361,-0.000320437095619961,0.00019534856504290315
0.362,-0.0003228786675130175,0.0001970012896858911
0.363,-0.0003253356081370553,0.00019865638368136027
0.364,-0.00032780803565973213,0.00020031371635464634
0.365,-0.0003302960689239039,0.00020197315526349817
0.366,-0.0003327998274381698,0.00020363456618121284
0.367,-0.0003353194313671724,0.0002052978130796018
0.368,-0.0003378550015216495,0.00020696275811178815
0.369,-0.00034040665934823456,0.00020862926159483477
0.37,-0.00034297452691900296,0.00021029718199220437
0.371,-0.00034555872692075936,0.00021196637589605043
0.372,-0.00034815938264406423,0.00021363669800934012
0.373,-0.00035077661797199537,0.00021530800112780902
0.374,-0.00035341055736864084,0.000216980136121748
0.375,-0.00035606132586731985,0.0002186529519176224
0.376,-0.0003587290490585284,0.0002203262954795242
0.377,-0.0003614138530776052,0.00022200001179045704
0.378,-0.0003641158645921147,0.00022367394383345488
0.379,-0.0003668352107889437,0.00022534793257253464
0.38,-0.0003695720193611068,0.00022702181693348296
0.381,-0.00037232641849425794,0.00022869543378447826
0.382,-0.0003750985368529028,0.000230368617916548
0.383,-0.00037788850356630963,0.000232041202023862
0.384,-0.00038069644821411277,0.00023371301668386236
0.385,-0.00038352250081160634,0.00023538389033723095
0.386,-0.00038636679179472274,0.00023705364926769466
0.387,-0.00038922945200469214,0.00023872211758166955
0.388,-0.0003921106126723793,0.00024038911718774457
0.389,-0.0003950104054022921,0.00024205446777600563
0.39,-0.00039792896215625867,0.0002437179867972011
0.391,-0.00040086641523676803,0.0002453794894417493
0.392,-0.00040382289726996934,0.00024703878861858937
0.393,-0.0004067985411883265,0.0002486956949338765
0.394,-0.0004097934802129219,0.00025035001666952187
0.395,-0.0004128078478354056,0.00025200155976157977
0.396,-0.00041584177779958545,0.00025365012777848166
0.397,-0.00041889540408265196,0.0002552955218991194
0.398,-0.0004219688608760345,0.00025693754089077845
0.399,-0.00042506228256588354,0.00025857598108692246
0.4,-0.0004281758037131728,0.00026021063636483055
0.401,-0.00043130955903341835,0.00026184129812308917
0.402,-0.00043446368337600737,0.00026346775525893935
0.403,-0.0004376383117031328,0.00026508979414548124
0.404,-0.0004408335790683282,0.0002667071986087377
0.405,-0.0004440496205945972,0.0002683197499045786
0.406,-0.0004472865714521328,0.0002699272266955066
0.407,-0.00045054456683562037,0.00027152940502730847
0.408,-0.00045382374194111896,0.0002731260583055707
0.409,-0.00045712423194251646,0.0002747169572720645
0.41,-0.0004604461719675507,0.0002763018699809993
0.411,-0.0004637896970733931,0.0002778805617751494
0.412,-0.00046715494222178763,0.00027945279526185373
0.413,-0.0004705420422537396,0.0002810183302888924
0.414,-0.00047395113186374845,0.0002825769239202415
0.415,-0.0004773823455735786,0.0002841283304117089
0.416,-0.0004808358177055619,0.00028567230118645305
0.417,-0.0004843116823554262,0.0002872085848103879
0.418,-0.00048781007336464274,0.0002887369269674758
0.419,-0.0004913311242922875,0.0002902570704349116
0.42,-0.0004948749683864089,0.0002917687550582
0.421,-0.0004984417385548958,0.00029327171772613027
0.422,-0.0005020315673358403,0.0002947656923456491
0.423,-0.0005056445868673865,0.00029625040981663675
0.424,-0.0005092809288570606,0.0002977255980065883
0.425,-0.0005129407245505757,0.0002991909817252032
0.426,-0.0005166241047001019,0.00030064628269888693
0.427,-0.0005203311995319984,0.0003020912195451675
0.428,-0.0005240621387139978,0.00030352550774703064
0.429,-0.0005278170513218366,0.00030494885962717666
0.43,-0.0005315960658053257,0.00030636098432220343
0.431,-0.0005353993099538516,0.0003077615877567183
0.432,-0.0005392269108613036,0.0003091503726173831
0.433,-0.0005430789948904165,0.0003105270383268967
0.434,-0.0005469556876365247,0.00031189128101791777
0.435,-0.0005508571138907179,0.0003132427935069333
0.436,-0.0005547833976023918,0.00031458126526807647
0.437,-0.0005587346618411851,0.0003159063824068977
0.438,-0.0005627110287582971,0.00031721782763409457
0.439,-0.000566712619547175,0.0003185152802392036
0.44,-0.0005707395544035665,0.0003197984160642603
0.441,-0.0005747919524849263,0.00032106690747743034
0.442,-0.0005788699318691711,0.00032232042334661885
0.443,-0.0005829736095127732,0.00032355862901306065
0.444,-0.0005871031012081852,0.0003247811862648989
0.445,-0.0005912585215405874,0.00032598775331075516
0.446,-0.0005954399838439485,0.000327177984753298
0.447,-0.0005996476001563937,0.00032835153156281503
0.448,-0.0006038814811748673,0.0003295080410507938
0.449,-0.0006081417362090863,0.0003306471568435176
0.45,-0.0006124284731347708,0.00033176851885568273
0.451,-0.000616741798346147,0.00033287176326404175
0.452,-0.0006210818167077108,0.0003339565224810808
0.453,-0.0006254486315052442,0.00033502242512873607
0.454,-0.000629842344396075,0.00033606909601215643
0.455,-0.0006342630553585705,0.00033709615609351886
0.456,-0.0006387108626408567,0.0003381032224659036
0.457,-0.0006431858627087513,0.00033908990832723563
0.458,-0.0006476881501929046,0.00034005582295430027
0.459,-0.0006522178178351341,0.00034100057167683954
0.46,-0.0006567749564339479,0.0003419237558517373
0.461,-0.0006613596547892429,0.00034282497283730045
0.462,-0.000665971999646171,0.0003437038159676442
0.463,-0.0006706120756381606,0.0003445598745271896
0.464,-0.000675279965229086,0.00034539273372528087
0.465,-0.0006799757486545725,0.00034620197467093167
0.466,-0.0006846995038624271,0.0003469871743477083
0.467,-0.0006894513064521856,0.000347747905588759
0.468,-0.000694231229613764,0.0003484837370519977
0.469,-0.000699039344065205,0.000349194233195452
0.47,-0.0007038757179895078,0.0003498789542527844
0.471,-0.0007087404169705305,0.0003505374562089962
0.472,-0.0007136335039279553,0.00035116929077632383
0.473,-0.0007185550390513037,0.00035177400537033824
0.474,-0.000723505079732992,0.0003523511430862561
0.475,-0.0007284836805004144,0.0003529002426754748
0.476,-0.000733490892947045,0.00035342083852234077
0.477,-0.000738526765662543,0.0003539124606211624
0.478,-0.0007435913441618538,0.0003543746345534785
0.479,-0.0007486846708132917,0.0003548068814655938
0.48,-0.0007538067847655932,0.0003552087180463926
0.481,-0.0007589577218739287,0.0003555796565054433
0.482,-0.0007641375146248605,0.0003559192045514044
0.483,-0.0007693461920602365,0.00035622686537074605
0.484,-0.0007745837797000039,0.000356502137606798
0.485,-0.0007798502994639345,0.00035674451533913826
0.486,-0.0007851457695922454,0.00035695348806333434
0.487,-0.0007904702045651065,0.00035712854067105156
0.488,-0.000795823615021017,0.00035726915343054123
0.489,-0.0008012060076740432,0.00035737480196752297
0.49,-0.0008066173852299005,0.000357444957246476
0.491,-0.0008120577463008694,0.00035747908555235254
0.492,-0.0008175270853195299,0.00035747664847273
0.493,-0.0008230253924513027,0.00035743710288041545
0.494,-0.0008285526535057827,0.00035735990091651887
0.495,-0.0008341088498468511,0.0003572444899740109
0.496,-0.0008396939583015536,0.00035709031268178087
0.497,-0.0008453079510677289,0.00035689680688921163
0.498,-0.0008509507956203742,0.0003566634056512885
0.499,-0.0008566224546167346,0.00035638953721425917
0.5,-0.0008623228858001002,0.0003560746250018615
0.501,-0.000868052041902298,0.000355718087602139
0.502,-0.0008738098705448632,0.00035531933875485955
0.503,-0.0008795963141388744,0.0003548777873395586
0.504,-0.0008854113097834399,0.0003543928373642243
0.505,-0.0008912547891628186,0.000353863887954645
0.506,-0.000897126678442159,0.0003532903333444376
0.507,-0.000903026898161845,0.00035267156286577925
0.508,-0.0009089553631304276,0.00035200696094086104
0.509,-0.0009149119823161316,0.0003512959070740855
0.51,-0.000920896658736919,0.00035053777584503036
0.511,-0.0009269092893490933,0.0003497319369021993
0.512,-0.0009329497649344287,0.0003488777549575832
0.513,-0.0009390179699858088,0.0003479745897820544
0.514,-0.0009451137825913568,0.00034702179620161737
0.515,-0.0009512370743170412,0.0003460187240945406
0.516,-0.0009573877100877411,0.000344964718389393
0.517,-0.0009635655480667519,0.00034385911906401073
0.518,-0.0009697704395337169,0.00034270126114541974
0.519,-0.0009760022287609648,0.00034149047471074013
0.52,-0.0009822607528882376,0.00034022608488909896
0.521,-0.0009885458417957904,0.0003389074118645789
0.522,-0.0009948573179758434,0.00033753377088023025
0.523,-0.0010011949964023731,0.00033610447224317533
0.524,-0.001007558684399217,0.0003346188213308336
0.525,-0.00101394818150648,0.0003330761185982977
0.526,-0.0010203632793452204,0.0003314756595868908
0.527,-0.0010268037614803963,0.0003298167349339359
0.528,-0.0010332694032820543,0.00032809863038376876
0.529,-0.0010397599717847426,0.0003263206268000275
0.53,-0.0010462752255451255,0.00032448200017925127
0.531,-0.0010528149144977813,0.0003225820216658221
0.532,-0.0010593787798091657,0.0003206199575682848
0.533,-0.0010659665537297157,0.0003185950693770799
0.534,-0.001072577959444078,0.0003165066137837256
0.535,-0.0010792127109194387,0.0003143538427014871
0.536,-0.0010858705127519354,0.00031213600328756924
0.537,-0.0010925510600111271,0.00030985233796687253
0.538,-0.001099254038082504,0.00030750208445735184
0.539,-0.0011059791225080144,0.0003050844757970178
0.54,-0.001112725978824586,0.0003025987403726233
0.541,-0.0011194942624006199,0.00030004410195007654
0.542,-0.0011262836182704356,0.0002974197797066249
0.543,-0.0011330936809666437,0.0002947249882648531
0.544,-0.0011399240743504221,0.0002919589377285423
0.545,-0.0011467744114396763,0.0002891208337204359
0.546,-0.0011536442942350548,0.00028620987742195995
0.547,-0.0011605333135438014,0.00028322526561494704
0.548,-0.0011674410488014164,0.00028016619072541364
0.549,-0.0011743670678911037,0.00027703184086944234
0.55,-0.001181310926960981,0.00027382139990122134
0.551,-0.0011882721702390234,0.0002705340474632944
0.552,-0.0011952503298457227,0.0002671689590390778
0.553,-0.0012022449256044276,0.0002637253060076989
0.554,-0.0012092554648493487,0.00026020225570121634
0.555,-0.001216281442231194,0.0002565989714642788
0.556,-0.0012233223395204146,0.0002529146127162855
0.557,-0.0012303776254080302,0.0002491483350161093
0.558,-0.001237446755304009,0.00024529929012944703
0.559,-0.0012445291711331745,0.00024136662609886247
0.56,-0.001251624301128613,0.0002373494873165897
0.561,-0.0012587315596225498,0.00023324701460016544
0.562,-0.001265850346834672,0.00022905834527096145
0.563,-0.0012729800486578641,0.00022478261323569034
0.564,-0.0012801200364413305,0.00022041894907095852
0.565,-0.0012872696667710754,0.00021596648011094387
0.566,-0.0012944282812477111,0.0002114243305382766
0.567,-0.0013015952062615636,0.00020679162147820406
0.568,-0.001308769752765047,0.00020206747109612297
0.569,-0.001315951216042277,0.00019725099469856426
0.57,-0.0013231388754758916,0.0001923413048377182
0.571,-0.001330331994311049,0.00018733751141959017
0.572,-0.001337529819416572,0.00018223872181587978
0.573,-0.0013447315810432084,0.0001770440409796785
0.574,-0.0013519364925789735,0.00017175257156508365
0.575,-0.0013591437503015467,0.00016636341405083
0.576,-0.0013663525331276878,0.00016087566686804198
0.577,-0.001373562002359641,0.0001552884265322137
0.578,-0.001380771301428496,0.00014960078777952586
0.579,-0.0013879795556344743,0.00014381184370761295
0.58,-0.001395185871884105,0.00013792068592089637
0.581,-0.0014023893384242617,0.00013192640468060352
0.582,-0.0014095890245730245,0.00012582808905959553
0.583,-0.0014167839804473381,0.0001196248271021304
0.584,-0.0014239732366874295,0.00011331570598869228
0.585,-0.0014311558041779555,0.00010689981220602095
0.586,-0.0014383306737658476,0.00010037623172248009
0.587,-0.0014454968159748193,9.374405016890689e-5
0.588,-0.0014526531807165068,8.700235302508992e-5
0.589,-0.001459798696998209,8.01502258120267e-5
0.59,-0.0014669322726271953,7.318675429011688e-5
0.591,-0.0014740527939115522,6.611102466345207e-5
0.592,-0.001481159125357533,5.892212379036785e-5
0.593,-0.001488250109363385,5.161913940042907e-5
0.594,-0.0014953245659096203,4.4201160318024704e-5
0.595,-0.0015023812922457039,3.666727669275386e-5
0.596,-0.001509419062573128,2.9016580236790576e-5
0.597,-0.0015164366277248455,2.124816446942058e-5
0.598,-0.0015234327148410359,1.3361124968949629e-5
0.599,-0.0015304060270411764,5.354559632189085e-6
0.6,-0.001537355243092396,-2.7724310582689166e-6
0.601,-0.001544279017074084,-1.1020743758767656e-5
0.602,-0.0015511759780387365,-1.9391271981067288e-5
0.603,-0.0015580447296690138,-2.788490580035827e-5
0.604,-0.0015648838499309956,-3.650253155456597e-5
0.605,-0.0015716918907236117,-4.524503153469788e-5
0.606,-0.0015784673775242344,-5.4113283665976866e-5
0.607,-0.0015852088090304206,-6.310816117949566e-5
0.608,-0.0015919146567977913,-7.223053227411902e-5
0.609,-0.0015985833648740387,-8.14812597683515e-5
0.61,-0.0016052133494290593,-9.086120074187909e-5
0.611,-0.0016118029983812068,-0.000100371206166484
0.612,-0.0016183506710196658,-0.00011001212052602184
0.613,-0.0016248546976229531,-0.00011978478142514024
0.614,-0.0016313133790735526,-0.0001296900191864078
0.615,-0.0016377249864686953,-0.00013972865643551105
0.616,-0.0016440877607273026,-0.00014990150767416662
0.617,-0.0016503999121931148,-0.00016020937884038313
0.618,-0.0016566596202340297,-0.00017065306685569713
0.619,-0.001662865032837683,-0.00018123335915899323
0.62,-0.0016690142662033128,-0.0001919510332265078
0.621,-0.0016751054043299463,-0.00020280685607760083
0.622,-0.0016811364986009662,-0.00021380158376586842
0.623,-0.0016871055673651123,-0.00022493596085515385
0.624,-0.0016930105955139845,-0.00023621071988000095
0.625,-0.0016988495340561245,-0.0002476265807900788
0.626,-0.0017046202996877596,-0.000259184250378092
0.627,-0.0017103207743603005,-0.00027088442169067396
0.628,-0.0017159488048447003,-0.0002827277734217469
0.629,-0.001721502202292788,-0.00029471496928781246
0.63,-0.0017269787417957014,-0.0003068466573846228
0.631,-0.0017323761619395647,-0.0003191234695246639
0.632,-0.0017376921643585577,-0.00033154602055486266
0.633,-0.0017429244132855445,-0.0003441149076539147
0.634,-0.0017480705351004481,-0.0003568307096086075
0.635,-0.0017531281178765627,-0.0003696939860684963
0.636,-0.0017580947109250263,-0.0003827052767782701
0.637,-0.0017629678243376793,-0.00039586510078712275
0.638,-0.0017677449285285693,-0.0004091739556344267
0.639,-0.0017724234537743711,-0.0004226323165109833
0.64,-0.0017770007897540195,-0.0004362406353951021
0.641,-0.0017814742850878736,-0.00044999934016274045
0.642,-0.0017858412468767528,-0.0004639088336709113
0.643,-0.0017900989402412203,-0.00047796949281354466
0.644,-0.0017942445878615047,-0.0004921816675489634
0.645,-0.0017982753695184879,-0.0005065456798981127
0.646,-0.0018021884216362215,-0.0005210618229126554
0.647,-0.0018059808368264547,-0.0005357303596120236
0.648,-0.0018096496634357035,-0.0005505515218884902
0.649,-0.0018131919050954227,-0.0005655255093792991
0.65,-0.0018166045202758806,-0.0005806524883048698
0.651,-0.0018198844218443786,-0.000595932590272062
0.652,-0.001823028476628503,-0.0006113659110414655
0.653,-0.001826033504985137,-0.0006269525092576503
0.654,-0.0018288962803760167,-0.0006426924051412892
0.655,-0.00183161352895066,-0.0006585855791420369
0.656,-0.0018341819291375532,-0.0006746319705510272
0.657,-0.0018365981112445399,-0.0006908314760718201
0.658,-0.001838858657069409,-0.0007071839483486099
0.659,-0.0018409600995217548,-0.0007236891944504762
0.66,-0.0018428989222572312,-0.0007403469743104402
0.661,-0.0018446715593254113,-0.0007571569991180602
0.662,-0.0018462743948325193,-0.0007741189296642812
0.663,-0.001847703762620393,-0.0007912323746372277
0.664,-0.0018489559459631106,-0.0008084968888676118
0.665,-0.0018500271772827967,-0.0008259119715224056
0.666,-0.0018509136378862243,-0.0008434770642454093
0.667,-0.001851611457723911,-0.0008611915492433299
0.668,-0.001852116715173513,-0.0008790547473159719
0.669,-0.001852425436849428,-0.0008970659158291223
0.67,-0.0018525335974406134,-0.0009152242466287108
0.671,-0.0018524371195787575,-0.0009335288638948071
0.672,-0.0018521318737390459,-0.000951978821934022
0.673,-0.0018516136781758974,-0.0009705731029088678
0.674,-0.0018508782988961717,-0.0009893106145026404
0.675,-0.001849921449672488,-0.001008190187518388
0.676,-0.0018487387920994368,-0.0010272105734105395
0.677,-0.0018473259356956084,-0.0010463704417477833
0.678,-0.001845678438054529,-0.0010656683776057985
0.679,-0.0018437918050477435,-0.0010851028788884736
0.68,-0.0018416614910834583,-0.0011046723535762715
0.681,-0.0018392828994243302,-0.0011243751169004368
0.682,-0.0018366513825681695,-0.0011442093884417891
0.683,-0.001833762242695512,-0.0011641732891528934
0.684,-0.0018306107321882073,-0.001184264838302458
0.685,-0.0018271920542233808,-0.0012044819503408853
0.686,-0.0018235013634473262,-0.001224822431685969
0.687,-0.0018195337667341084,-0.0012452839774278295
0.688,-0.001815284324033877,-0.001265864167952273
0.689,-0.0018107480493161205,-0.0012865604654818767
0.69,-0.0018059199116133332,-0.0013073702105342228
0.691,-0.0018007948361708026,-0.001328290618296846
0.692,-0.0017953677057084842,-0.001349318774918613
0.693,-0.0017896333618011837,-0.0013704516337174218
0.694,-0.0017835866063835282,-0.0013916860113042937
0.695,-0.0017772222033864804,-0.0014130185836241389
0.696,-0.001770534880512424,-0.0014344458819136965
0.697,-0.0017635193311561221,-0.001455964288577402
0.698,-0.0017561702164791404,-0.0014775700329821891
0.699,-0.0017484821676456122,-0.0014992591871725379
0.7,-0.0017404497882275065,-0.0015210276615073787
0.701,-0.0017320676567878592,-0.0015428712002208168
0.702,-0.0017233303296507164,-0.0015647853769089975
0.703,-0.0017142323438668282,-0.0015867655899458326
0.704,-0.0017047682203844277,-0.0016088070578307364
0.705,-0.001694932467434714,-0.0016309048144719737
0.706,-0.0016847195841419394,-0.0016530537044097144
0.707,-0.0016741240643682825,-0.0016752483779834198
0.708,-0.0016631404008039562,-0.001697483286448739
0.709,-0.0016517630893132533,-0.0017197526770497049
0.71,-0.0016399866335474861,-0.0017420505880526539
0.711,-0.0016278055498360035,-0.0017643708437489714
0.712,-0.001615214372366679,-0.001786707049434502
0.713,-0.001602207658667462,-0.0018090525863742133
0.714,-0.001588779995400749,-0.0018314006067615336
0.715,-0.001574926004482471,-0.0018537440286826303
0.716,-0.001560640349537904,-0.001876075531096813
0.717,-0.0015459177427062868,-0.0018983875488451955
0.718,-0.001530752951806359,-0.0019206722677007609
0.719,-0.0015151408078749211,-0.0019429216194740322
0.72,-0.0014990762130904685,-0.001965127277189652
0.721,-0.0014825541490938237,-0.001987280650350339
0.722,-0.001465569685717527,-0.002009372880305895
0.723,-0.0014481179901354969,-0.002031394835746199
0.724,-0.0014301943364441651,-0.002053337108338421
0.725,-0.0014117941156858921,-0.002075190008530066
0.726,-0.0013929128463249956,-0.0020969435615408386
0.727,-0.0013735461851861483,-0.00211858750356778
0.728,-0.001353689938864234,-0.002140111278229611
0.729,-0.0013333400756139634,-0.0021615040332777433
0.73,-0.0013124927377266638,-0.002182754617602974
0.731,-0.0012911442544006235,-0.002203851578568473
0.732,-0.0012692911551102294,-0.0022247831597012754
0.733,-0.0012469301834778295,-0.0022455372987761255
0.734,-0.0012240583116508187,-0.0022661016263271433
0.735,-0.001200672755184832,-0.0022864634646244247
0.736,-0.0011767709884321648,-0.002306609827154313
0.737,-0.0011523507604325966,-0.0023265274186436745
0.738,-0.0011274101113016612,-0.0023462026356700916
0.739,-0.0011019473891090948,-0.002365621567901402
0.74,-0.0010759612672376722,-0.0023847700000094894
0.741,-0.0010494507622099255,-0.0024036334143046033
0.742,-0.0010224152519673114,-0.002422196994137797
0.743,-0.0009948544945832416,-0.002440445628120242
0.744,-0.0009667686473880413,-0.002458363915209231
0.745,-0.0009381582864803055,-0.002475936170711582
0.746,-0.0009090244265953283,-0.00249314643325586
0.747,-0.0008793685412972486,-0.002509978472785377
0.748,-0.0008491925834573143,-0.002526415799624184
0.749,-0.0008184990059762121,-0.0025424416746683393
0.75,-0.0007872907827037425,-0.002558039120754473
0.751,-0.0007555714295042606,-0.0025731909352571165
0.752,-0.0007233450254112607,-0.0025878797039653677
0.753,-0.0006906162338092658,-0.0026020878162881953
0.754,-0.0006573903235758219,-0.002615797481836012
0.755,-0.000623673190110906,-0.002628990748424053
0.756,-0.0005894713761754656,-0.0026416495215405068
0.757,-0.0005547920924551455,-0.002653755585319312
0.758,-0.0005196432377595567,-0.002665290625053919
0.759,-0.00048403341876175214,-0.0026762362512842033
0.76,-0.0004479719691769156,-0.002686574025483976
0.761,-0.0004114689682737201,-0.002696285487371249
0.762,-0.000374535258606397,-0.0027053521838574382
0.763,-0.000337182462850349,-0.0027137556996451404
0.764,-0.0002994229996191951,-0.0027214776894768635
0.765,-0.00026127009813651885,-0.0027284999120292075
0.766,-0.00022273781163137344,-0.002734804265438428
0.767,-0.00018384102932285178,-0.002740372824434102
0.768,-0.00014459548685583068,-0.0027451878790477435
0.769,-0.00010501777504742704,-0.0027492319748527124
0.77,-6.512534680184202e-5,-0.0027524879546806606
0.771,-2.493652205019544e-5,-0.0027549390017480788
0.772,1.552950942824565e-5,-0.0027565686841143013
0.773,5.625268744628427e-5,-0.0027573610003796653
0.774,9.721208325150354e-5,-0.002757300426519425
0.775,0.00013838590390960985,-0.0027563719637356313
0.776,0.0001797514993624549,-0.0027545611871955234
0.777,0.00022128537228943137,-0.0027518542955111995
0.778,0.0002629631908942712,-0.0027482381608014833
0.779,0.00030475980473123585,-0.0027437003791631874
0.78,0.00034664926367524145,-0.00273822932136542
0.781,0.00038860484012956793,-0.0027318141835674234
0.782,0.00043059905455244854,-0.002724445037847751
0.783,0.00047260370437002063,-0.0027161128823205874
0.784,0.0005145898963278515,-0.002706809690603812
0.785,0.0005565280823165673,-0.0026965284603932007
0.786,0.0005983880986890574,-0.0026852632608881212
0.787,0.0006401392090673721,-0.0026730092788063305
0.788,0.000681750150616864,-0.002659762862719263
0.789,0.0007231891837434592,-0.002645521565434609
0.79,0.0007644241451473121,-0.0026302841841502125
0.791,0.000805422504142651,-0.002614050798102518
0.792,0.000846151422129536,-0.0025968228034340514
0.793,0.0008865778150787219,-0.0025786029450079414
0.794,0.0009266684188660497,-0.002559395344903261
0.795,0.000966389857268025,-0.0025392055273331733
0.796,0.0010057087124057125,-0.002518040439738507
0.797,0.0010445915974000384,-0.0024959084698224746
0.798,0.001083005230978327,-0.00247281945830786
0.799,0.0011209165137496483,-0.002448784707216015
0.8,0.001158292605845628,-0.002423816983487421
0.801,0.0011951010056040084,-0.0023979305177862925
0.802,0.0012313096289547358,-0.002371140998356568
0.803,0.0012668868891529414,-0.0023434655598235043
0.804,0.0013018017764901027,-0.0023149227668638013
0.805,0.001336023937604179,-0.0022855325926974634
0.806,0.0013695237540017604,-0.002255316392386231
0.807,0.001402272419400482,-0.0022242968709561078
0.808,0.0014342420154982282,-0.002192498046394969
0.809,0.0014654055857771314,-0.002159945207610106
0.81,0.001495737206955106,-0.0021266648674645927
0.811,0.0015252120577056954,-0.0020926847110450653
0.812,0.001553806484278338,-0.0020580335393466966
0.813,0.0015814980626657254,-0.0020227412085933173
0.814,0.0016082656569826486,-0.001986838565441531
0.815,0.0016340894737414593,-0.0019503573783469254
0.816,0.0016589511117328648,-0.0019133302653977352
0.817,0.0016828336072469815,-0.001875790618946328
0.818,0.001705721474398178,-0.0018377725273913048
0.819,0.0017276007403479459,-0.0017993106944826536
0.82,0.0017484589752525437,-0.0017604403565389924
0.821,0.0017682853167961278,-0.0017211971979793515
0.822,0.0017870704892051766,-0.0016816172655820087
0.823,0.0018048068166758523,-0.0016417368818895245
0.824,0.001821488231182159,-0.0016015925581822636
0.825,0.0018371102746689778,-0.0015612209074423347
0.826,0.0018516700956699161,-0.0015206585577260613
0.827,0.0018651664404250189,-0.0014799420663558992
0.828,0.0018775996386074377,-0.0014391078353322441
0.829,0.0018889715838007843,-0.0013981920283520116
0.83,0.0018992857088997984,-0.001357230489804381
0.831,0.0019085469566358898,-0.0013162586660949319
0.832,0.0019167617454557868,-0.0012753115296278037
0.833,0.00192393793100574,-0.0012344235057517485
0.834,0.0019300847634953257,-0.0011936284029503421
0.835,0.001935212841233705,-0.0011529593465294482
0.836,0.001939334060647137,-0.001112448716026645
0.837,0.0019424615630995506,-0.001072128086538011
0.838,0.0019446096788480192,-0.0010320281741277816
0.839,0.0019457938684720793,-0.000992178785456219
0.84,0.0019460306621200173,-0.0009526087717309063
0.841,0.001945337596916603,-0.0009133459870568624
0.842,0.0019437331528754035,-0.0008744172512316656
0.843,0.0019412366876548524,-0.0008358483170034078
0.844,0.0019378683704908927,-0.0007976638417820264
0.845,0.001933649115630393,-0.0007598873637685695
0.846,0.001928600515578869,-0.0007225412824424313
0.847,0.0019227447744635281,-0.0006856468433236994
0.848,0.001916104641798519,-0.0006492241269066127
0.849,0.0019087033469237108,-0.0006132920416408266
0.85,0.001900564534371598,-0.0005778683208198129
0.851,0.0018917122003992318,-0.0005429695232203049
0.852,0.0018821706309036376,-0.0005086110373232806
0.853,0.0018719643409202222,-0.0004748070889355367
0.854,0.0018611180158843643,-0.00044157075202142995
0.855,0.0018496564548169724,-0.00040891396254680133
0.856,0.0018376045155753986,-0.00037684753513140065
0.857,0.0018249870622919408,-0.0003453811823022004
0.858,0.0018118289151033496,-0.0003145235361377606
0.859,0.0017981548022564663,-0.0002842821720931636
0.86,0.0017839893146574261,-0.0002546636347958759
0.861,0.001769356862914907,-0.0002256734656051006
0.862,0.0017542816369117641,-0.00019731623173063442
0.863,0.0017387875679241251,-0.0001695955567118118
0.864,0.0017228982932927168,-0.00014251415206269132
0.865,0.0017066371236378588,-0.00011607384989607965
0.866,0.0016900270125972613,-9.027563634618504e-5
0.867,0.0016730905290544772,-6.511968561752128e-5
0.868,0.0016558498318156383,-4.060539449603136e-5
0.869,0.0016383266466828933,-1.6731417167161292e-5
0.87,0.0016205422458647999,6.504299805318316e-6
0.871,0.0016025174296567313,2.9104482476664535e-5
0.872,0.001584272510318154,5.1072494622207783e-5
0.873,0.001565827298068349,7.241230306016748e-5
0.874,0.0015472010891177644,9.312844330490596e-5
0.875,0.001528412655648632,0.00011322598564998213
0.876,0.0015094802376557483,0.00013271050177122092
0.877,0.0014904215365563022,0.00015158803193108364
0.878,0.0014712537104763326,0.00016986505285695167
0.879,0.0014519933711207168,0.0001875484463575629
0.88,0.0014326565821335205,0.00020464546873379637
0.881,0.0014132588588559648,0.00022116372103231385
0.882,0.0013938151693902094,0.00023711112018325696
0.883,0.0013743399368784952,0.0002524958710562804
0.884,0.001354847042908919,0.0002673264394626871
0.885,0.0013353498319611861,0.0002816115261253227
0.886,0.0013158611168080218,0.00029536004163219307
0.887,0.0012963931847905284,0.000308581082384477
0.888,0.0012769578048885575,0.000321283907544727
0.889,0.001257566235510132,0.0003334779169865624
0.89,0.0012382292329270413,0.00034517263024306014
0.891,0.0012189570602869223,0.00035637766644732577
0.892,0.0011997594971353829,0.00036710272525536614
0.893,0.0011806458493850394,0.00037735756873836975
0.894,0.001161624959671636,0.00038715200422882186
0.895,0.0011427052180407289,0.00039649586810251274
0.896,0.0011238945729117053,0.00040539901047643106
0.897,0.0011052005422691432,0.0004138712808007478
0.898,0.001086630225034705,0.0004219225143215725
0.899,0.0010681903125758802,0.0004295625193898881
0.9,0.0010498871003109184,0.00043680106559102177
0.901,0.0010317264993722477,0.00044364787266817446
0.902,0.0010137140482935183,0.00045011260021289156
0.903,0.0009958549246881583,0.0004562048380948957
0.904,0.000978153956889963,0.0004619340976034064
0.905,0.000960615635528764,0.0004673098032719221
0.906,0.0009432441250166414,0.0004723412853584277
0.907,0.0009260432749224269,0.0004770377729530982
0.908,0.0009090166312144356,0.00048140838768578377
0.909,0.0008921674473534218,0.0004854621380058751
0.91,0.0008754986952197063,0.000489207914007544
0.911,0.0008590130758602562,0.0004926544827738255
0.912,0.0008427130300432275,0.0004958104842135423
0.913,0.0008266007486090952,0.0004986844273656638
0.914,0.0008106781826090084,0.0005012846871463284
0.915,0.0007949470532224188,0.0005036195015144317
0.916,0.0007794088614473416,0.0005056969690323939
0.917,0.000764064897557825,0.000507525046799446
0.918,0.000748916250324331,0.0005091115487355314
0.919,0.0007339638159937683,0.0005104641441946775
0.92,0.0007192083070268746,0.0005115903568874699
0.921,0.000704650260591522,0.000512497564093033
0.922,0.0006902900468113219,0.0005131929961417039
0.923,0.0006761278767696364,0.0005136837361503537
0.924,0.0006621638102697661,0.0005139767199930811
0.925,0.0006483977633526878,0.0005140787364907608
0.926,0.0006348295155742528,0.000513996427803673
0.927,0.0006214587170442453,0.0005137362900121754
0.928,0.0006082848952301322,0.0005133046738710945
0.929,0.0005953074615287187,0.0005127077857242147
0.93,0.0005825257176092671,0.0005119516885659245
0.931,0.0005699388615319277,0.0005110423032377425
0.932,0.0005575459936455899,0.0005099854097480908
0.933,0.0005453461222694853,0.0005087866487043035
0.934,0.0005333381691630562,0.0005074515228464605
0.935,0.0005215209747887637,0.0005059853986732194
0.936,0.0005098933033726342,0.0005043935081503741
0.937,0.000498453847767446,0.0005026809504934085
0.938,0.00048720123412353543,0.0005008526940158293
0.939,0.00047613402637225336,0.0004989135780355564
0.94,0.0004652507305271449,0.0004968683148321258
0.941,0.00045454979880793614,0.0004947214916479086
0.942,0.0004440296335924166,0.0004924775727269883
0.943,0.0004336885912012904,0.0004901409013857475
0.944,0.00042352498552104237,0.0004877157021096113
0.945,0.0004135370914698266,0.0004852060826707676
0.946,0.0004037231483113342,0.00048261603626204415
0.947,0.00039408136282153953,0.00047994944364245537
0.948,0.00038460991231315477,0.00047721007529025975
0.949,0.00037530694752255076,0.0004744015935596676
0.95,0.0003661705953638183,0.0004715275548376311
0.951,0.0003571989615545596,0.00046859141169741897
0.952,0.000348390133117909,0.0004655965150459386
0.953,0.0003397421807651859,0.0004625461162620094
0.954,0.0003312531611634851,0.00045944336932302277
0.955,0.00032292111909241203,0.00045629133291764067
0.956,0.00031474408949406265,0.00045309297254238803
0.957,0.00030672009942024994,0.00044985116258018654
0.958,0.000298847169880868,0.000446568688359058
0.959,0.0002911233175971847,0.0004432482481893953
0.96,0.0002835465566637431,0.00043989245537835665
0.961,0.0002761149001224503,0.0004365038402200895
0.962,0.00026882636145232364,0.0004330848519606292
0.963,0.00026167895597826297,0.0004296378607364477
0.964,0.00025467070220211083,0.0004261651594857511
0.965,0.0002477996230591624,0.0004226689658317369
0.966,0.00024106374710318516,0.0004191514239371293
0.967,0.00023446110962290726,0.00041561460632941
0.968,0.00022798975369283856,0.00041206051569625307
0.969,0.0002216477311611889,0.0004084910866507592
0.97,0.00021543310357755624,0.00040490818746616276
0.971,0.00020934394306296322,0.00040131362177976075
0.972,0.00020337833312473197,0.0003977091302658788
0.973,0.00019753436941859716,0.0003940963922777537
0.974,0.00019181016046037233,0.0003904770274582704
0.975,0.00018620382828939998,0.00038685259731954325
0.976,0.00018071350908593426,0.0003832246067913836
0.977,0.00017533735374452582,0.00037959450573873775
0.978,0.00017007352840540049,0.0003759636904482233
0.979,0.0001649202149457486,0.00037233350508392957
0.98,0.00015987561143276943,0.0003687052431126803
0.981,0.00015493793254024268,0.00036508014869899154
0.982,0.00015010540993033286,0.0003614594180699838
0.983,0.00014537629260226356,0.0003578442008505338
0.984,0.0001407488472094358,0.00035423560136897594
0.985,0.00013622135834650192,0.0003506346799336817
0.986,0.0001317921288078459,0.0003470424540808673
0.987,0.00012745947981886337,0.000343459899793993
0.988,0.00012322175124137818,0.0003398879526951351
0.989,0.00011907730175447747,0.0003363275092087219
0.99,0.00011502450901199576,0.0003327794276980386
0.991,0.0001110617697778272,0.00032924452957491356
0.992,0.0001071875000401967,0.00032572360038300745
0.993,0.00010340013510597341,0.00032221739085513387
0.994,9.969812967606491e-5,0.00031872661794504493
0.995,9.60799579028865e-5,0.0003152519658341202
0.996,9.254411343085825e-5,0.0003117940869134003
0.997,8.908910942084154e-5,0.00030835360274140944
0.998,8.571347855938816e-5,0.00030493110497821214
0.999,8.241577305363759e-5,0.0003015271562961503
1.0,7.919456461266137e-5,0.00029814229126770596
1.001,7.604844441601977e-5,0.0002947770172309363
1.002,7.297602307026147e-5,0.0002914318151329225
1.003,6.997593055406587e-5,0.00028810714035167615
1.004,6.704681615269619e-5,0.0002848034234969407
1.005,6.418734838240211e-5,0.0002815210711903248
1.006,6.139621490538234e-5,0.0002782604668251997
1.007,5.867212243589007e-5,0.00027502197130678925
1.008,5.601379663803799e-5,0.0002718059237728775
1.009,5.341998201583457e-5,0.00026861264229555246
1.01,5.0889441795958914e-5,0.0002654424245644023
1.011,4.842095780375852e-5,0.00026229554855157304
1.012,4.6013330332931786e-5,0.00025917227315909246
1.013,4.3665378009336035e-5,0.00025607283884885923
1.014,4.137593764934117e-5,0.00025299746825569044
1.015,3.9143864113129556e-5,0.0002499463667838155
1.016,3.696803015332381e-5,0.00024691972318719693
1.017,3.4847326259306294e-5,0.00024391771013405452
1.018,3.278066049757667e-5,0.00024094048475596148
1.019,3.076695834847741e-5,0.00023798818918187555
1.02,2.8805162539601298e-5,0.00023506095105746235
1.021,2.689423287617965e-5,0.00023215888405006096
1.022,2.5033146068735546e-5,0.00022928208833963593
1.023,2.322089555827235e-5,0.00022643065109605344
1.024,2.1456491339254465e-5,0.00022360464694301305
1.025,1.9738959780624473e-5,0.0002208041384089599
1.026,1.806734344508859e-5,0.00021802917636529635
1.027,1.644070090689066e-5,0.00021527980045220495
1.028,1.485810656828365e-5,0.00021255603949238931
1.029,1.3318650474896935e-5,0.00020985791189303258
1.03,1.1821438130187415e-5,0.00020718542603626717
1.031,1.0365590309152603e-5,0.00020453858065844324
1.032,8.95024287147452e-6,0.0002019173652184779
1.033,7.574546574254211e-6,0.00019932176025556006
1.034,6.237666884488123e-6,0.0001967517377364807
1.035,4.938783791429351e-6,0.00019420726139285268
1.036,3.6770916189689534e-6,0.00019168828704847735
1.037,2.4517988381649976e-6,0.00018919476293711068
1.038,1.262127880039844e-6,0.0001867266300108755
1.039,1.0731494875932615e-7,0.0001842838222395604
1.04,-1.013390164699062e-6,0.00018186626690104191
1.041,-2.100724268288109e-6,0.00017947388486305892
1.042,-3.1554109539480727e-6,0.00017710659085656532
1.043,-4.17816078188992e-6,0.00017476429374088033
1.044,-5.169671464020876e-6,0.00017244689676085086
1.045,-6.1306280464337305e-6,0.00017015429779623602
1.046,-7.061703090886325e-6,0.00016788638960351808
1.047,-7.963556855202337e-6,0.00016564306005034028
1.048,-8.836837472529064e-6,0.00016342419234276605
1.049,-9.68218112939212e-6,0.00016122966524555063
1.05,-1.0500212242491172e-5,0.0001590593532956107
1.051,-1.1291543634184672e-5,0.00015691312700887372
1.052,-1.2056776706615319e-5,0.00015479085308068397
1.053,-1.2796501614431545e-5,0.00015269239457993799
1.054,-1.3511297436063683e-5,0.0001506176111371182
1.055,-1.4201732343516755e-5,0.00014856635912638901
1.056,-1.486836377064481e-5,0.00014653849184191595
1.057,-1.5511738579874785e-5,0.00014453385966856436
1.058,-1.613239322735056e-5,0.00014255231024712993
1.059,-1.6730853926470547e-5,0.00014059368863425062
1.06,-1.730763680979474e-5,0.0001386578374571444
1.061,-1.7863248089299482e-5,0.00013674459706331465
1.062,-1.839818421496049e-5,0.0001348538056653616
1.063,-1.8912932031646947e-5,0.00013298529948103352
1.064,-1.9407968934311392e-5,0.00013113891286864978
1.065,-1.9883763021462188e-5,0.00012931447845802277
1.066,-2.034077324690721e-5,0.00012751182727700416
1.067,-2.07794495697591e-5,0.00012573078887377628
1.068,-2.120023310269418e-5,0.00012397119143500764
1.069,-2.1603556258458616e-5,0.00012223286189998726
1.07,-2.1989842894617065e-5,0.00012051562607085127
1.071,-2.2359508456540296e-5,0.00011881930871901043
1.072,-2.2712960118629758e-5,0.00011714373368788582
1.073,-2.3050596923778284e-5,0.00011548872399205686
1.074,-2.3372809921067363e-5,0.00011385410191292273
1.075,-2.3679982301702464e-5,0.00011223968909097613
1.076,-2.397248953318915e-5,0.00011064530661478561
1.077,-2.425069949175351e-5,0.00010907077510678031
1.078,-2.451497259301164e-5,0.00010751591480592807
1.079,-2.476566192089356e-5,0.00010598054564739636
1.08,-2.5003113354828044e-5,0.0001044644873392822
1.081,-2.522766569519547e-5,0.00010296755943649591
1.082,-2.5439650787056607e-5,0.00010148958141188038
1.083,-2.5639393642166e-5,0.00010003037272464634
1.084,-2.582721255927922e-5,9.858975288620138e-5
1.085,-2.600341924276392e-5,9.716754152344857e-5
1.086,-2.6168318919525138e-5,9.576355843962871e-5
1.087,-2.6322210454255947e-5,9.437762367277817e-5
1.088,-2.646538646302497e-5,9.300955755187236e-5
1.089,-2.6598133425212775e-5,9.1659180750723e-5
1.09,-2.6720731793809603e-5,9.03263143396958e-5
1.091,-2.683345610408732e-5,8.901077983531297e-5
1.092,-2.6936575080658815e-5,8.771239924780386e-5
1.093,-2.7030351742938416e-5,8.643099512666451e-5
1.094,-2.7115043509017295e-5,8.516639060428633e-5
1.095,-2.7190902297967986e-5,8.391840943771156e-5
1.096,-2.725817463059257e-5,8.268687604857223e-5
1.097,-2.73171017286292e-5,8.147161556126755e-5
1.098,-2.736791961243192e-5,8.027245383943334e-5
1.099,-2.7410859197138963e-5,7.908921752075549e-5
1.1,-2.744614638734479e-5,7.792173405017821e-5
1.101,-2.7474002170291434e-5,7.676983171155654e-5
1.102,-2.7494642707594733e-5,7.563333965780083e-5
1.103,-2.7508279425521233e-5,7.451208793956017e-5
1.104,-2.751511910383165e-5,7.340590753249019e-5
1.105,-2.7515363963206802e-5,7.231463036314928e-5
1.106,-2.7509211751272136e-5,7.123808933356638e-5
1.107,-2.7496855827236867e-5,7.017611834452232e-5
1.108,-2.747848524516395e-5,6.912855231758507e-5
1.109,-2.7454284835887053e-5,6.809522721593886e-5
1.11,-2.7424435287590762e-5,6.707598006404555e-5
1.111,-2.7389113225070234e-5,6.607064896617568e-5
1.112,-2.734849128768654e-5,6.50790731238456e-5
1.113,-2.730273820603396e-5,6.410109285219642e-5
1.114,-2.725201887733536e-5,6.313654959534876e-5
1.115,-2.7196494439581924e-5,6.218528594076734e-5
1.116,-2.7136322344433327e-5,6.12471456326675e-5
1.117,-2.7071656428894476e-5,6.0321973584495745e-5
1.118,-2.7002646985784856e-5,5.9409615890514925e-5
1.119,-2.692944083301649e-5,5.8509919836523964e-5
1.12,-2.685218138169643e-5,5.76227339097414e-5
1.121,-2.6771008703069605e-5,5.674790780788093e-5
1.122,-2.6686059594317865e-5,5.588529244744652e-5
1.123,-2.6597467643230813e-5,5.5034739971273846e-5
1.124,-2.6505363291764115e-5,5.419610375534397e-5
1.125,-2.640987389850073e-5,5.336923841489461e-5
1.126,-2.6311123800030502e-5,5.25539998098535e-5
1.127,-2.620923437126335e-5,5.1750245049617714e-5
1.128,-2.610432408469132e-5,5.095783249720211e-5
1.129,-2.599650856861454e-5,5.017662177277941e-5
1.13,-2.5885900664346022e-5,4.9406473756633866e-5
1.131,-2.5772610482410144e-5,4.864725059154964e-5
1.132,-2.5656745457749616e-5,4.789881568465467e-5
1.133,-2.5538410403955386e-5,4.716103370873996e-5
1.134,-2.5417707566534068e-5,4.6433770603073886e-5
1.135,-2.5294736675227153e-5,4.571689357373033e-5
1.136,-2.5169594995396247e-5,4.501027109344906e-5
1.137,-2.5042377378488358e-5,4.431377290104618e-5
1.138,-2.4913176311595213e-5,4.362727000039199e-5
1.139,-2.478208196612036e-5,4.2950634658973006e-5
1.14,-2.4649182245567708e-5,4.228374040605451e-5
1.141,-2.451456283246503e-5,4.1626462030459476e-5
1.142,-2.4378307234435812e-5,4.097867557797918e-5
1.143,-2.424049682943261e-5,4.034025834843052e-5
1.144,-2.4101210910145094e-5,3.9711088892374405e-5
1.145,-2.396052672759561e-5,3.909104700750934e-5
1.146,-2.3818519533935158e-5,3.848001373475384e-5
1.147,-2.3675262624452322e-5,3.7877871354030843e-5
1.148,-2.353082737880777e-5,3.7284503379766985e-5
1.149,-2.3385283301506556e-5,3.6699794556119164e-5
1.15,-2.3238698061620545e-5,3.6123630851940436e-5
1.151,-2.309113753177293e-5,3.555589945549704e-5
1.152,-2.294266582639682e-5,3.4996488768947714e-5
1.153,-2.2793345339279624e-5,3.4445288402596475e-5
1.154,-2.2643236780404867e-5,3.39021891689294e-5
1.155,-2.2492399212102934e-5,3.336708307644583e-5
1.156,-2.234089008452204e-5,3.283986332329391e-5
1.157,-2.2188765270430607e-5,3.232042429072026e-5
1.158,-2.203607909936215e-5,3.180866153634311e-5
1.159,-2.1882884391113462e-5,3.130447178725799e-5
1.16,-2.1729232488606964e-5,3.0807752932984906e-5
1.161,-2.157517329012775e-5,3.0318404018265397e-5
1.162,-2.1420755280945813e-5,2.9836325235717806e-5
1.163,-2.12660255643338e-5,2.9361417918358806e-5
1.164,-2.111102989199048e-5,2.889358453199886e-5
1.165,-2.0955812693879897e-5,2.8432728667519147e-5
1.166,-2.0800417107496248e-5,2.797875503303723e-5
1.167,-2.0644885006564148e-5,2.7531569445968452e-5
1.168,-2.0489257029183923e-5,2.709107882498986e-5
1.169,-2.0333572605431498e-5,2.6657191181913236e-5
1.17,-2.017786998442216e-5,2.622981561347361e-5
1.171,-2.0022186260847473e-5,2.5808862293039307e-5
1.172,-1.9866557400994426e-5,2.539424246224959e-5
1.173,-1.9711018268255762e-5,2.4985868422585523e-5
1.174,-1.9555602648140346e-5,2.458365352687967e-5
1.175,-1.9400343272792265e-5,2.4187512170769948e-5
1.176,-1.924527184502722e-5,2.3797359784102805e-5
1.177,-1.9090419061894694e-5,2.3413112822290753e-5
1.178,-1.893581463777418e-5,2.303468875762901e-5
1.179,-1.8781487327013675e-5,2.266200607057599e-5
1.18,-1.8627464946118555e-5,2.2294984241002024e-5
1.181,-1.8473774395498736e-5,2.193354373941074e-5
1.182,-1.8320441680781946e-5,2.1577606018137226e-5
1.183,-1.8167491933700888e-5,2.122709350252699e-5
1.184,-1.8014949432561823e-5,2.0881929582099646e-5
1.185,-1.7862837622302054e-5,2.0542038601701e-5
1.186,-1.7711179134143737e-5,2.0207345852647206e-5
1.187,-1.755999580485117e-5,1.9877777563864387e-5
1.188,-1.740930869559879e-5,1.955326089302713e-5
1.189,-1.7259138110456816e-5,1.9233723917698993e-5
1.19,-1.710950361450153e-5,1.8919095626478185e-5
1.191,-1.696042405155693e-5,1.860930591015131e-5
1.192,-1.681191756157449e-5,1.8304285552858126e-5
1.193,-1.666400159765761e-5,1.800396622326995e-5
1.194,-1.6516692942737227e-5,1.7708280465784447e-5
1.195,-1.6370007725905e-5,1.741716169173927e-5
1.196,-1.6223961438410273e-5,1.7130544170646973e-5
1.197,-1.6078568949327095e-5,1.684836302145356e-5
1.198,-1.5933844520897277e-5,1.657055420382288e-5
1.199,-1.578980182355553e-5,1.6297054509449007e-5
1.2,-1.5646453950642514e-5,1.602780155339864e-5
1.201,-1.5503813432811628e-5,1.5762733765485485e-5
1.202,-1.5361892252135187e-5,1.5501790381678522e-5
1.203,-1.52207018559156e-5,1.5244911435545878e-5
1.204,-1.5080253170207068e-5,1.4992037749736103e-5
1.205,-1.4940556613053162e-5,1.4743110927498384e-5
1.206,-1.4801622107445666e-5,1.4498073344243331e-5
1.207,-1.4663459094009863e-5,1.4256868139145783e-5
1.208,-1.4526076543421439e-5,1.401943920679103e-5
1.209,-1.438948296856005e-5,1.3785731188865832e-5
1.21,-1.425368643640454e-5,1.3555689465895471e-5
1.211,-1.4118694579674668e-5,1.3329260149028076e-5
1.212,-1.3984514608224195e-5,1.3106390071867352e-5
1.213,-1.3851153320190008e-5,1.2887026782354802e-5
1.214,-1.3718617112901963e-5,1.2671118534702486e-5
1.215,-1.3586911993557996e-5,1.2458614281377263e-5
1.216,-1.3456043589668987e-5,1.2249463665137452e-5
1.217,-1.3326017159277787e-5,1.2043617011122775e-5
1.218,-1.3196837600956757e-5,1.1841025318998379e-5
1.219,-1.3068509463588057e-5,1.1641640255153715e-5
1.22,-1.2941036955930888e-5,1.144541414495698e-5
1.221,-1.2814423955979782e-5,1.1252299965065789e-5
1.222,-1.2688674020118006e-5,1.1062251335794692e-5
1.223,-1.256379039207004e-5,1.0875222513540135e-5
1.224,-1.2439776011657001e-5,1.0691168383263375e-5
1.225,-1.2316633523358924e-5,1.0510044451031861e-5
1.226,-1.2194365284687567e-5,1.0331806836619522e-5
1.227,-1.2072973374373532e-5,1.0156412266166403e-5
1.228,-1.1952459600371263e-5,9.983818064897996e-6
1.229,-1.1832825507685554e-5,9.813982149904637e-6
1.23,-1.171407238602303e-5,9.646863022981269e-6
1.231,-1.159620127727206e-5,9.48241976352785e-6
1.232,-1.1479212982814498e-5,9.320612021510642e-6
1.233,-1.1363108070672568e-5,9.161400010484618e-6
1.234,-1.1247886882494139e-5,9.00474450067714e-6
1.235,-1.1133549540379636e-5,8.850606812133089e-6
1.236,-1.10200959535537e-5,8.69894880792156e-6
1.237,-1.09075258248847e-5,8.549732887404233e-6
1.238,-1.079583865725514e-5,8.402921979565487e-6
1.239,-1.068503375978595e-5,8.258479536404305e-6
1.24,-1.0575110253917549e-5,8.116369526388016e-6
1.241,-1.0466067079350598e-5,7.97655642796785e-6
1.242,-1.0357902999849265e-5,7.839005223156308e-6
1.243,-1.0250616608909723e-5,7.703681391166297e-6
1.244,-1.0144206335296666e-5,7.570550902111969e-6
1.245,-1.0038670448450471e-5,7.439580210771202e-6
1.246,-9.93400706376764e-6,7.310736250409588e-6
1.247,-9.8302141477571e-6,7.183986426665851e-6
1.248,-9.727289523074882e-6,7.0592986114985285e-6
1.249,-9.625230873439668e-6,6.936641137193791e-6
1.25,-9.524035748431622e-6,6.815982790434206e-6
1.251,-9.423701568176918e-6,6.697292806428288e-6
1.252,-9.324225627920282e-6,6.580540863100623e-6
1.253,-9.225605102487887e-6,6.465697075342359e-6
1.254,-9.127837050642816e-6,6.352731989321839e-6
1.255,-9.030918419335347e-6,6.241616576855135e-6
1.256,-8.934846047850215e-6,6.132322229836247e-6
1.257,-8.839616671852986e-6,6.0248207547266696e-6
1.258,-8.74522692733765e-6,5.919084367104108e-6
1.259,-8.651673354477483e-6,5.815085686270001e-6
1.26,-8.558952401381174e-6,5.7127977299156e-6
1.261,-8.467060427756242e-6,5.612193908846279e-6
1.262,-8.375993708481635e-6,5.513248021763768e-6
1.263,-8.285748437091446e-6,5.415934250105989e-6
1.264,-8.196320729171604e-6,5.32022715294416e-6
1.265,-8.107706625671383e-6,5.226101661936835e-6
1.266,-8.019902096131509e-6,5.1335330763405295e-6
1.267,-7.932903041830647e-6,5.042497058076578e-6
1.268,-7.846705298851993e-6,4.952969626853875e-6
1.269,-7.761304641071664e-6,4.86492715534711e-6
1.27,-7.67669678307055e-6,4.778346364430154e-6
1.271,-7.592877382971283e-6,4.693204318464201e-6
1.272,-7.509842045201882e-6,4.609478420640281e-6
1.273,-7.427586323187699e-6,4.527146408375774e-6
1.274,-7.346105721973151e-6,4.446186348764513e-6
1.275,-7.265395700774795e-6,4.366576634080092e-6
1.276,-7.1854516754672016e-6,4.2882959773319744e-6
1.277,-7.1062690210030885e-6,4.211323407874001e-6
1.278,-7.02784307376914e-6,4.135638267064884e-6
1.279,-6.950169133878901e-6,4.061220203980281e-6
1.28,-6.873242467404133e-6,3.9880491711760375e-6
1.281,-6.79705830854595e-6,3.9161054205021764e-6
1.282,-6.721611861747083e-6,3.8453694989672224e-6
1.283,-6.6468983037465335e-6,3.775822244652432e-6
1.284,-6.572912785577899e-6,3.707444782675515e-6
1.285,-6.499650434512611e-6,3.640218521203424e-6
1.286,-6.4271063559493e-6,3.574125147513775e-6
1.287,-6.355275635250472e-6,3.5091466241044876e-6
1.288,-6.284153339527682e-6,3.4452651848512035e-6
1.289,-6.213734519376338e-6,3.3824633312120656e-6
1.29,-6.1440142105612614e-6,3.3207238284794192e-6
1.291,-6.074987435654105e-6,3.260029702078011e-6
1.292,-6.006649205623716e-6,3.2003642339092556e-6
1.293,-5.938994521380485e-6,3.141710958741133e-6
1.294,-5.872018375275735e-6,3.0840536606432985e-6
1.295,-5.805715752557149e-6,3.027376369466957e-6
1.296,-5.740081632781254e-6,2.9716633573690944e-6
1.297,-5.675110991183909e-6,2.9168991353806133e-6
1.298,-5.610798800009784e-6,2.863068450017962e-6
1.299,-5.547140029801732e-6,2.8101562799378185e-6
1.3,-5.484129650651011e-6,2.7581478326344063e-6
1.301,-5.421762633409221e-6,2.7070285411790117e-6
1.302,-5.360033950862851e-6,2.6567840610012835e-6
1.303,-5.298938578871314e-6,2.607400266711884e-6
1.304,-5.2384714974692784e-6,2.5588632489660727e-6
1.305,-5.178627691934169e-6,2.511159311367798e-6
1.306,-5.119402153819615e-6,2.4642749674138804e-6
1.307,-5.060789881955654e-6,2.4181969374778653e-6
1.308,-5.002785883416475e-6,2.37291214583313e-6
1.309,-4.945385174456451e-6,2.3284077177148293e-6
1.31,-4.888582781415224e-6,2.2846709764202665e-6
1.311,-4.832373741592554e-6,2.2416894404472803e-6
1.312,-4.7767531040936716e-6,2.1994508206702315e-6
1.313,-4.721715930645819e-6,2.157943017553192e-6
1.314,-4.667257296386677e-6,2.117154118399923e-6
1.315,-4.613372290625344e-6,2.0770723946402404e-6
1.316,-4.560056017576533e-6,2.0376862991523727e-6
1.317,-4.507303597068627e-6,1.9989844636209017e-6
1.318,-4.45511016522623e-6,1.9609556959299027e-6
1.319,-4.403470875127828e-6,1.9235889775908777e-6
1.32,-4.352380897439166e-6,1.8868734612051013e-6
1.321,-4.301835421022943e-6,1.8507984679599822e-6
1.322,-4.251829653525391e-6,1.815353485159059e-6
1.323,-4.2023588219403245e-6,1.7805281637852444e-6
1.324,-4.1534181731511984e-6,1.7463123160969354e-6
1.325,-4.105002974451737e-6,1.7126959132566165e-6
1.326,-4.057108514045653e-6,1.6796690829915718e-6
1.327,-4.0097301015259945e-6,1.647222107286341e-6
1.328,-3.962863068334609e-6,1.615345420106544e-6
1.329,-3.9165027682022515e-6,1.5840296051537078e-6
1.33,-3.870644577569798e-6,1.553265393650732e-6
1.331,-3.8252838959910745e-6,1.5230436621576308e-6
1.332,-3.780416146517739e-6,1.4933554304171905e-6
1.333,-3.7360367760666982e-6,1.4641918592301898e-6
1.334,-3.6921412557704997e-6,1.435544248359826e-6
1.335,-3.648725081311137e-6,1.4074040344649994e-6
1.336,-3.6057837732377013e-6,1.3797627890621078e-6
1.337,-3.5633128772682975e-6,1.3526122165150067e-6
1.338,-3.5213079645766394e-6,1.3259441520527917e-6
1.339,-3.479764632063723e-6,1.2997505598150684e-6
1.34,-3.4386785026149725e-6,1.2740235309243707e-6
1.341,-3.398045225343249e-6,1.2487552815853966e-6
1.342,-3.3578604758180906e-6,1.2239381512107313e-6
1.343,-3.3181199562815563e-6,1.1995646005727315e-6
1.344,-3.2788193958510394e-6,1.175627209981246e-6
1.345,-3.2399545507093918e-6,1.1521186774868543e-6
1.346,-3.2015212042827146e-6,1.1290318171093005e-6
1.347,-3.1635151674061467e-6,1.1063595570908162e-6
1.348,-3.125932278477979e-6,1.0840949381740108e-6
1.349,-3.0887684036024257e-6,1.062231111904029e-6
1.35,-3.0520194367213565e-6,1.0407613389546633e-6
1.351,-3.0156812997353044e-6,1.0196789874781233e-6
1.352,-2.9797499426140537e-6,9.989775314781598e-7
1.353,-2.9442213434970903e-6,9.786505492062476e-7
1.354,-2.9090915087842194e-6,9.586917215805314e-7
1.355,-2.8743564732166146e-6,9.390948306272468e-7
1.356,-2.8400122999485886e-6,9.198537579443274e-7
1.357,-2.8060550806103434e-6,9.00962483186911e-7
1.358,-2.7724809353619682e-6,8.824150825744655e-7
1.359,-2.7392860129389426e-6,8.642057274192534e-7
1.36,-2.7064664906893904e-6,8.463286826758613e-7
1.361,-2.674018574603337e-6,8.287783055115167e-7
1.362,-2.6419384993342033e-6,8.115490438969263e-7
1.363,-2.6102225282127734e-6,7.946354352173645e-7
1.364,-2.578866953253867e-6,7.780321049037506e-7
1.365,-2.5478680951559313e-6,7.617337650834492e-7
1.366,-2.517222303293785e-6,7.457352132505382e-7
1.367,-2.4869259557047108e-6,7.300313309552861e-7
1.368,-2.4569754590681196e-6,7.146170825125853e-7
1.369,-2.4273672486789816e-6,6.994875137290917e-7
1.37,-2.398097788415221e-6,6.846377506488221e-7
1.371,-2.3691635706992777e-6,6.700629983169634e-7
1.372,-2.340561116454016e-6,6.557585395616539e-7
1.373,-2.312286975053169e-6,6.41719733793493e-7
1.374,-2.2843377242665e-6,6.279420158225464e-7
1.375,-2.2567099701998586e-6,6.144208946926097e-7
1.376,-2.229400347230293e-6,6.011519525325e-7
1.377,-2.2024055179364054e-6,5.881308434241462e-7
1.378,-2.1757221730240973e-6,5.753532922872517e-7
1.379,-2.1493470312478697e-6,5.62815093780306e-7
1.38,-2.1232768393278407e-6,5.505121112177234e-7
1.381,-2.0975083718626245e-6,5.384402755028914e-7
1.382,-2.0720384312382238e-6,5.265955840769113e-7
1.383,-2.046863847533081e-6,5.149740998828187e-7
1.384,-2.0219814784194298e-6,5.035719503450726e-7
1.385,-1.9973882090610842e-6,4.923853263641042e-7
1.386,-1.973080952007798e-6,4.814104813257203e-7
1.387,-1.9490566470863305e-6,4.7064373012515723e-7
1.388,-1.9253122612883435e-6,4.6008144820558314e-7
1.389,-1.9018447886552537e-6,4.4972007061085276e-7
1.39,-1.878651250160162e-6,4.395560910523154e-7
1.391,-1.8557286935869835e-6,4.29586060989484e-7
1.392,-1.833074193406887e-6,4.198065887243731e-7
1.393,-1.8106848506521607e-6,4.1021433850931676e-7
1.394,-1.7885577927876118e-6,4.008060296680788e-7
1.395,-1.766690173579611e-6,3.9157843573007205e-7
1.396,-1.7450791729628817e-6,3.825283835775031e-7
1.397,-1.7237219969051367e-6,3.736527526052625e-7
1.398,-1.7026158772696645e-6,3.649484738933838e-7
1.399,-1.681758071675958e-6,3.564125293918939e-7
1.4,-1.661145863358481e-6,3.480419511178827e-7
1.401,-1.6407765610236646e-6,3.3983382036462014e-7
1.402,-1.620647498705222e-6,3.3178526692255167e-7
1.403,-1.600756035617867e-6,3.2389346831200475e-7
1.404,-1.5810995560095252e-6,3.1615564902744195e-7
1.405,-1.5616754690121152e-6,3.0856907979309745e-7
1.406,-1.542481208490981e-6,3.0113107682983626e-7
1.407,-1.5235142328930565e-6,2.9383900113307774e-7
1.408,-1.504772025093835e-6,2.8669025776162594e-7
1.409,-1.4862520922432163e-6,2.796822951372528e-7
1.41,-1.4679519656103077e-6,2.7281260435488133e-7
1.411,-1.4498692004272444e-6,2.6607871850321763e-7
1.412,-1.4320013757320989e-6,2.594782119956833e-7
1.413,-1.4143460942109454e-6,2.530086999115013e-7
1.414,-1.3969009820391421e-6,2.4666783734678986e-7
1.415,-1.3796636887218968e-6,2.404533187755221e-7
1.416,-1.3626318869341724e-6,2.3436287742020928e-7
1.417,-1.3458032723599933e-6,2.283942846321688e-7
1.418,-1.3291755635312105e-6,2.2254534928123906e-7
1.419,-1.3127465016657793e-6,2.168139171548056e-7
1.42,-1.2965138505056057e-6,2.1119787036600446e-7
1.421,-1.2804753961540098e-6,2.0569512677097023e-7
1.422,-1.2646289469128636e-6,2.003036393949988e-7
1.423,-1.2489723331194451e-6,1.950213958674956e-7
1.424,-1.2335034069830624e-6,1.8984641786558251e-7
1.425,-1.2182200424214926e-6,1.8477676056623776e-7
1.426,-1.2031201348972774e-6,1.7981051210684558e-7
1.427,-1.1882016012539258e-6,1.7494579305403305e-7
1.428,-1.1734623795520583e-6,1.7018075588067388e-7
1.429,-1.158900428905541e-6,1.655135844509405e-7
1.43,-1.1445137293176445e-6,1.6094249351328688e-7
1.431,-1.130300281517268e-6,1.564657282012466e-7
1.432,-1.1162581067952666e-6,1.5208156354193216e-7
1.433,-1.1023852468409162e-6,1.4778830397212265e-7
1.434,-1.0886797635785523e-6,1.435842828618292e-7
1.435,-1.0751397390044183e-6,1.394678620452282e-7
1.436,-1.0617632750237508e-6,1.3543743135885448e-7
1.437,-1.0485484932881395e-6,1.3149140818694795e-7
1.438,-1.0354935350331897e-6,1.2762823701384824e-7
1.439,-1.0225965609165165e-6,1.2384638898333414e-7
1.44,-1.0098557508561e-6,1.2014436146480484e-7
1.441,-9.972693038690311e-7,1.1652067762620289e-7
1.442,-9.84835437910671e-7,1.1297388601357884e-7
1.443,-9.725523897142525e-7,1.0950256013719948e-7
1.444,-9.604184146309487e-7,1.0610529806410309e-7
1.445,-9.484317864704311e-7,1.0278072201700617e-7
1.446,-9.365907973419408e-7,9.952747797946741e-8
1.447,-9.248937574958969e-7,9.634423530721616e-8
1.448,-9.133389951660609e-7,9.32296863455539e-8
1.449,-9.019248564122803e-7,9.018254605273825e-8
1.45,-8.906497049638285e-7,8.720155162926074e-8
1.451,-8.795119220633636e-7,8.428546215293034e-8
1.452,-8.685099063115215e-7,8.143305821967628e-8
1.453,-8.576420735121626e-7,7.864314158998483e-8
1.454,-8.469068565182886e-7,7.59145348408858e-8
1.455,-8.36302705078646e-7,7.324608102340585e-8
1.456,-8.258280856850307e-7,7.063664332540674e-8
1.457,-8.154814814203114e-7,6.808510473972785e-8
1.458,-8.052613918071827e-7,6.559036773755348e-8
1.459,-7.95166332657664e-7,6.315135394692645e-8
1.46,-7.85194835923357e-7,6.076700383633066e-8
1.461,-7.753454495464729e-7,5.843627640326655e-8
1.462,-7.656167373116433e-7,5.6158148867744114e-8
1.463,-7.560072786985242e-7,5.393161637061948e-8
1.464,-7.465156687352058e-7,5.1755691676702054e-8
1.465,-7.371405178524368e-7,4.962940488256019e-8
1.466,-7.27880451738674e-7,4.755180312895443e-8
1.467,-7.187341111959657e-7,4.552195031782829e-8
1.468,-7.09700151996679e-7,4.35389268337878e-8
1.469,-7.007772447410779e-7,4.160182927000159e-8
1.47,-6.919640747157604e-7,3.97097701584547e-8
1.471,-6.832593417529636e-7,3.786187770448997e-8
1.472,-6.746617600907397e-7,3.605729552557192e-8
1.473,-6.661700582340159e-7,3.4295182394208984e-8
1.474,-6.577829788165372e-7,3.257471198497081e-8
1.475,-6.494992784637028e-7,3.089507262553829e-8
1.476,-6.413177276563005e-7,2.9255467051724927e-8
1.477,-6.332371105951414e-7,2.765511216640891e-8
1.478,-6.252562250666035e-7,2.6093238802316285e-8
1.479,-6.173738823090846e-7,2.4569091488596327e-8
1.48,-6.095889068803721e-7,2.3081928221131243e-8
1.481,-6.019001365259293e-7,2.1631020236522966e-8
1.482,-5.943064220481047e-7,2.0215651789700832e-8
1.483,-5.868066271762652e-7,1.883511993509458e-8
1.484,-5.793996284378567e-7,1.7488734311318066e-8
1.485,-5.720843150303938e-7,1.6175816929309764e-8
1.486,-5.648595886943813e-7,1.4895701963876954e-8
1.487,-5.577243635871679e-7,1.36477355485913e-8
1.488,-5.506775661577348e-7,1.2431275573984247e-8
1.489,-5.437181350224198e-7,1.124569148899142e-8
1.49,-5.368450208415777e-7,1.0090364105595971e-8
1.491,-5.300571861971778e-7,8.96468540662154e-9
1.492,-5.233536054713382e-7,7.868058356626229e-9
1.493,-5.167332647257988e-7,6.799896715849683e-9
1.494,-5.101951615823303e-7,5.7596248571661025e-9
1.495,-5.037383051040812e-7,4.746677585996672e-9
1.496,-4.973617156778609e-7,3.760499963135606e-9
1.497,-4.910644248973594e-7,2.800547130444675e-9
1.498,-4.848454754473001e-7,1.8662841393717287e-9
1.499,-4.787039209885286e-7,9.571857822494125e-10
1.5,-4.726388260440319e-7,7.27364263309026e-11
1.501,-4.6664926588588936e-7,-7.875701494798648e-10
1.502,-4.6073432642315293e-7,-1.624230915245374e-9
1.503,-4.5489310409065413e-7,-2.4377337480003942e-9
1.504,-4.491247057387366e-7,-3.2285575871871976e-9
1.505,-4.434282485239119e-7,-3.99717258756019e-9
1.506,-4.378028598004352e-7,-4.744040269599423e-9
1.507,-4.322476770128004e-7,-5.469613667471865e-9
1.508,-4.267618475891495e-7,-6.174337474578733e-9
1.509,-4.21344528835596e-7,-6.858648186726616e-9
1.51,-4.159948878314569e-7,-7.52297424295955e-9
1.511,-4.107121013253929e-7,-8.167736164088663e-9
1.512,-4.0549535563245087e-7,-8.793346688955457e-9
1.513,-4.0034384653200765e-7,-9.400210908464239e-9
1.514,-3.952567791666106e-7,-9.988726397418702e-9
1.515,-3.902333679417112e-7,-1.0559283344197125e-8
1.516,-3.852728364262892e-7,-1.111226467830015e-8
1.517,-3.803744172543618e-7,-1.1648046195804551e-8
1.518,-3.7553735202737644e-7,-1.2166996682755972e-8
1.519,-3.707608912174808e-7,-1.266947803653304e-8
1.52,-3.6604429407166796e-7,-1.3155845385214836e-8
1.521,-3.613868285167911e-7,-1.362644720498318e-8
1.522,-3.5678777106544523e-7,-1.408162543559075e-8
1.523,-3.5224640672270967e-7,-1.4521715593925534e-8
1.524,-3.4776202889374886e-7,-1.4947046885701705e-8
1.525,-3.433339392922661e-7,-1.5357942315306558e-8
1.526,-3.389614478498056e-7,-1.5754718793832605e-8
1.527,-3.34643872625899e-7,-1.6137687245323646e-8
1.528,-3.3038053971905105e-7,-1.6507152711263034e-8
1.529,-3.2617078317856063e-7,-1.686341445333202e-8
1.53,-3.220139449171712e-7,-1.7206766054465626e-8
1.531,-3.179093746245473e-7,-1.7537495518233044e-8
1.532,-3.138564296815708e-7,-1.7855885366569222e-8
1.533,-3.098544750754537e-7,-1.8162212735883748e-8
1.534,-3.0590288331566105e-7,-1.8456749471572948e-8
1.535,-3.020010343506397e-7,-1.8739762220960543e-8
1.536,-2.98148315485348e-7,-1.9011512524691894e-8
1.537,-2.943441212995813e-7,-1.92722569066065e-8
1.538,-2.9058785356708803e-7,-1.952224696211303e-8
1.539,-2.868789211754711e-7,-1.9761729445090722e-8
1.54,-2.8321674004687025e-7,-1.9990946353340753e-8
1.541,-2.796007330594193e-7,-2.021013501261071e-8
1.542,-2.760303299694735e-7,-2.0419528159214965e-8
1.543,-2.7250496733460205e-7,-2.0619354021273475e-8
1.544,-2.690240884373397e-7,-2.0809836398591057e-8
1.545,-2.6558714320969327e-7,-2.0991194741198958e-8
1.546,-2.6219358815839705e-7,-2.116364422658019e-8
1.547,-2.588428862909117e-7,-2.132739583559968e-8
1.548,-2.555345070421623e-7,-2.1482656427160083e-8
1.549,-2.5226792620200874e-7,-2.1629628811603693e-8
1.55,-2.4904262584344476e-7,-2.1768511822880637e-8
1.551,-2.4585809425151884e-7,-2.1899500389503188e-8
1.552,-2.427138258529726e-7,-2.202278560430569e-8
1.553,-2.396093211465909e-7,-2.213855479302941e-8
1.554,-2.3654408663425816e-7,-2.2246991581751206e-8
1.555,-2.3351763475271602e-7,-2.234827596317464e-8
1.556,-2.3052948380601648e-7,-2.2442584361801942e-8
1.557,-2.275791578986655e-7,-2.253008969800489e-8
1.558,-2.2466618686945134e-7,-2.2610961451012325e-8
1.559,-2.217901062259527e-7,-2.2685365720831925e-8
1.56,-2.1895045707972084e-7,-2.2753465289123425e-8
1.561,-2.161467860821308e-7,-2.2815419679040232e-8
1.562,-2.133786453608959e-7,-2.2871385214056218e-8
1.563,-2.1064559245724034e-7,-2.2921515075794096e-8
1.564,-2.0794719026372504e-7,-2.296595936087156e-8
1.565,-2.0528300696272023e-7,-2.300486513678121e-8
1.566,-2.0265261596552083e-7,-2.3038376496819838e-8
1.567,-2.0005559585209832e-7,-2.3066634614082657e-8
1.568,-1.9749153031148432e-7,-2.3089777794537573e-8
1.569,-1.9496000808278016e-7,-2.3107941529194536e-8
1.57,-1.9246062289678763e-7,-2.3121258545384684e-8
1.571,-1.8999297341825548e-7,-2.3129858857163796e-8
1.572,-1.8755666318873618e-7,-2.3133869814854303e-8
1.573,-1.85151300570048e-7,-2.3133416153739974e-8
1.574,-1.827764986883372e-7,-2.3128620041927062e-8
1.575,-1.804318753787348e-7,-2.311960112738552e-8
1.576,-1.781170531306033e-7,-2.3106476584183762e-8
1.577,-1.7583165903336771e-7,-2.3089361157930082e-8
1.578,-1.735753247229258e-7,-2.306836721043375e-8
1.579,-1.713476863286328e-7,-2.3043604763598618e-8
1.58,-1.6914838442085525e-7,-2.3015181542561683e-8
1.581,-1.6697706395908862e-7,-2.298320301808919e-8
1.582,-1.6483337424063416e-7,-2.2947772448242244e-8
1.583,-1.6271696884982956e-7,-2.2908990919324106e-8
1.584,-1.6062750560782884e-7,-2.2866957386120877e-8
1.585,-1.5856464652292575e-7,-2.2821768711447222e-8
1.586,-1.5652805774141652e-7,-2.2773519705008582e-8
1.587,-1.5451740949899665e-7,-2.272230316159111e-8
1.588,-1.525323760726866e-7,-2.266820989859041e-8
1.589,-1.5057263573328201e-7,-2.2611328792890007e-8
1.59,-1.4863787069832323e-7,-2.2551746817100236e-8
1.591,-1.4672776708557922e-7,-2.2489549075168152e-8
1.592,-1.4484201486704158e-7,-2.2424818837368826e-8
1.593,-1.4298030782342312e-7,-2.2357637574688258e-8
1.594,-1.4114234349915705e-7,-2.228808499260798e-8
1.595,-1.3932782315789126e-7,-2.221623906430127e-8
1.596,-1.3753645173847362e-7,-2.2142176063250654e-8
1.597,-1.3576793781142338e-7,-2.2065970595296387e-8
1.598,-1.3402199353588385e-7,-2.1987695630125306e-8
1.599,-1.3229833461705218e-7,-2.1907422532209294e-8
1.6,-1.3059668026408107e-7,-2.182522109120259e-8
1.601,-1.289167531484485e-7,-2.1741159551806896e-8
1.602,-1.2725827936279043e-7,-2.16553046431131e-8
1.603,-1.2562098838019206e-7,-2.156772160742838e-8
1.604,-1.2400461301393367e-7,-2.1478474228597246e-8
1.605,-1.2240888937768568e-7,-2.138762485982492e-8
1.606,-1.208335568461495e-7,-2.1295234451011416e-8
1.607,-1.1927835801613901e-7,-2.1201362575604404e-8
1.608,-1.1774303866809887e-7,-2.1106067456978982e-8
1.609,-1.1622734772805491e-7,-2.1009405994352196e-8
1.61,-1.1473103722999264e-7,-2.0911433788240126e-8
1.611,-1.1325386227865942e-7,-2.0812205165465157e-8
1.612,-1.1179558101278611e-7,-2.0711773203721027e-8
1.613,-1.1035595456872404e-7,-2.0610189755702978e-8
1.614,-1.0893474704449306e-7,-2.050750547281039e-8
1.615,-1.0753172546423666e-7,-2.0403769828429024e-8
1.616,-1.0614665974307978e-7,-2.0299031140799906e-8
1.617,-1.0477932265238561e-7,-2.0193336595481882e-8
1.618,-1.0342948978540698e-7,-2.0086732267414595e-8
1.619,-1.0209693952332858e-7,-1.9979263142588654e-8
1.62,-1.0078145300169582e-7,-1.9870973139329592e-8
1.621,-9.94828140772266e-8,-1.9761905129202112e-8
1.622,-9.820080929500183e-8,-1.9652100957541063e-8
1.623,-9.693522785603094e-8,-1.9541601463615396e-8
1.624,-9.568586158518854e-8,-1.9430446500431316e-8
1.625,-9.44525048995183e-8,-1.9318674954180763e-8
1.626,-9.323495477690036e-8,-1.9206324763341143e-8
1.627,-9.203301072507833e-8,-1.9093432937432283e-8
1.628,-9.084647475104243e-8,-1.8980035575436392e-8
1.629,-8.96751513307646e-8,-1.88661678838867e-8
1.63,-8.851884737928255e-8,-1.8751864194630467e-8
1.631,-8.737737222112837e-8,-1.8637157982271826e-8
1.632,-8.62505375610987e-8,-1.8522081881299915e-8
1.633,-8.513815745536247e-8,-1.8406667702907678e-8
1.634,-8.404004828290288e-8,-1.8290946451506546e-8
1.635,-8.295602871728999e-8,-1.8174948340942202e-8
1.636,-8.188591969878039e-8,-1.8058702810416538e-8
1.637,-8.082954440674062e-8,-1.794223854012076e-8
1.638,-7.978672823239077e-8,-1.7825583466584628e-8
1.639,-7.875729875186494e-8,-1.7708764797746652e-8
1.64,-7.774108569958504e-8,-1.7591809027749966e-8
1.641,-7.673792094194486e-8,-1.7474741951468678e-8
1.642,-7.574763845130074e-8,-1.7357588678769177e-8
1.643,-7.477007428026583e-8,-1.7240373648511063e-8
1.644,-7.380506653630458e-8,-1.712312064229204e-8
1.645,-7.285245535662414e-8,-1.7005852797941266e-8
1.646,-7.191208288335964e-8,-1.688859262276541e-8
1.647,-7.098379323905009e-8,-1.67713620065517e-8
1.648,-7.006743250240162e-8,-1.66541822343321e-8
1.649,-6.916284868433534e-8,-1.6537073998912795e-8
1.65,-6.826989170431612e-8,-1.642005741317292e-8
1.651,-6.738841336695995e-8,-1.6303152022136616e-8
1.652,-6.651826733891622e-8,-1.6186376814822254e-8
1.653,-6.565930912602225e-8,-1.6069750235872683e-8
1.654,-6.48113960507271e-8,-1.5953290196970306e-8
1.655,-6.397438722978152e-8,-1.5837014088040677e-8
1.656,-6.314814355219132e-8,-1.5720938788248287e-8
1.657,-6.233252765743109e-8,-1.5605080676788155e-8
1.658,-6.152740391391567e-8,-1.5489455643476703e-8
1.659,-6.073263839772612e-8,-1.5374079099145486e-8
1.66,-5.994809887158785e-8,-1.525896598584111e-8
1.661,-5.917365476409773e-8,-1.5144130786834747e-8
1.662,-5.840917714919766e-8,-1.5029587536444574e-8
1.663,-5.765453872589182e-8,-1.491534982967432e-8
1.664,-5.690961379820476e-8,-1.4801430831671218e-8
1.665,-5.617427825537792e-8,-1.468784328700643e-8
1.666,-5.5448409552301615e-8,-1.457459952878107e-8
1.667,-5.473188669018012e-8,-1.446171148756089e-8
1.668,-5.40245901974271e-8,-1.434919070014257e-8
1.669,-5.332640211078884e-8,-1.4237048318154612e-8
1.67,-5.2637205956692797e-8,-1.4125295116495694e-8
1.671,-5.195688673281883e-8,-1.4013941501613346e-8
1.672,-5.1285330889890695e-8,-1.3902997519625741e-8
1.673,-5.062242631368531e-8,-1.379247286428936e-8
1.674,-4.996806230725731e-8,-1.3682376884815226e-8
1.675,-4.9322129573376515e-8,-1.3572718593536384e-8
1.676,-4.868452019717584e-8,-1.3463506673429226e-8
1.677,-4.805512762900735e-8,-1.3354749485491244e-8
1.678,-4.743384666750404e-8,-1.3246455075977745e-8
1.679,-4.682057344284505e-8,-1.3138631183499996e-8
1.68,-4.621520540022196e-8,-1.3031285245987273e-8
1.681,-4.561764128350396e-8,-1.2924424407515187e-8
1.682,-4.502778111909954e-8,-1.2818055525002691e-8
1.683,-4.4445526200012544e-8,-1.2712185174780038e-8
1.684,-4.387077907009034e-8,-1.2606819659030038e-8
1.685,-4.330344350846185e-8,-1.2501965012104806e-8
1.686,-4.274342451416343e-8,-1.2397627006720258e-8
1.687,-4.219062829095029e-8,-1.2293811160030474e-8
1.688,-4.16449622322914e-8,-1.2190522739584129e-8
1.689,-4.1106334906545824e-8,-1.2087766769165025e-8
1.69,-4.057465604231825e-8,-1.1985548034518835e-8
1.691,-4.004983651399188e-8,-1.1883871088968072e-8
1.692,-3.9531788327436426e-8,-1.1782740258917281e-8
1.693,-3.9020424605889315e-8,-1.1682159649250401e-8
1.694,-3.8515659576008086e-8,-1.158213314862225e-8
1.695,-3.801740855409201e-8,-1.1482664434646018e-8
1.696,-3.7525587932470916e-8,-1.1383756978978612e-8
1.697,-3.704011516605941e-8,-1.128541405230573e-8
1.698,-3.656090875907443e-8,-1.1187638729228407e-8
1.699,-3.608788825191436e-8,-1.1090433893052864e-8
1.7,-3.5620974208197784e-8,-1.099380224048535e-8
1.701,-3.5160088201960024e-8,-1.0897746286233709e-8
1.702,-3.470515280500562e-8,-1.0802268367517368e-8
1.703,-3.425609157441497e-8,-1.0707370648487362e-8
1.704,-3.38128290402033e-8,-1.0613055124558067e-8
1.705,-3.337529069313023e-8,-1.0519323626652187e-8
1.706,-3.2943402972658126e-8,-1.042617782536061e-8
1.707,-3.2517093255057535e-8,-1.0333619235018661e-8
1.708,-3.2096289841658015e-8,-1.0241649217700243e-8
1.709,-3.168092194724257e-8,-1.0150268987131404e-8
1.71,-3.1270919688584085e-8,-1.0059479612524754e-8
1.711,-3.086621407312208e-8,-9.969282022336205e-9
1.712,-3.046673698777812e-8,-9.879677007945413e-9
1.713,-3.007242118790826e-8,-9.790665227261357e-9
1.714,-2.9683200286390928e-8,-9.702247208254382e-9
1.715,-2.9299008742848635e-8,-9.614423352416073e-9
1.716,-2.891978185300195e-8,-9.527193938148283e-9
1.717,-2.8545455738154166e-8,-9.440559124082601e-9
1.718,-2.8175967334805138e-8,-9.35451895233153e-9
1.719,-2.7811254384392755e-8,-9.269073351672668e-9
1.72,-2.7451255423160525e-8,-9.184222140667062e-9
1.721,-2.7095909772149822e-8,-9.099965030713005e-9
1.722,-2.674515752731528e-8,-9.016301629036441e-9
1.723,-2.6398939549761885e-8,-8.933231441619128e-9
1.724,-2.6057197456102344e-8,-8.850753876065758e-9
1.725,-2.5719873608933287e-8,-8.768868244411105e-9
1.726,-2.538691110742889e-8,-8.687573765868369e-9
1.727,-2.5058253778050518e-8,-8.606869569519756e-9
1.728,-2.473384616537105e-8,-8.526754696950404e-9
1.729,-2.4413633523012456e-8,-8.447228104826681e-9
1.73,-2.409756180469534e-8,-8.368288667419907e-9
1.731,-2.3785577655399065e-8,-8.289935179076522e-9
1.732,-2.3477628402631183e-8,-8.212166356635668e-9
1.733,-2.3173662047804843e-8,-8.134980841795206e-9
1.734,-2.287362725772288e-8,-8.058377203427111e-9
1.735,-2.2577473356167325e-8,-7.982353939843194e-9
1.736,-2.2285150315593086e-8,-7.906909481012086e-9
1.737,-2.1996608748924528e-8,-7.832042190728408e-9
1.738,-2.171179990145373e-8,-7.757750368735005e-9
1.739,-2.1430675642839195e-8,-7.684032252799147e-9
1.74,-2.115318845920384e-8,-7.610886020743563e-9
1.741,-2.0879291445331014e-8,-7.538309792433146e-9
1.742,-2.0608938296957436e-8,-7.46630163171818e-9
1.743,-2.0342083303161825e-8,-7.394859548334921e-9
1.744,-2.0078681338848127e-8,-7.323981499764313e-9
1.745,-1.981868785732215e-8,-7.253665393049656e-9
1.746,-1.9562058882960523e-8,-7.183909086574008e-9
1.747,-1.9308751003970842e-8,-7.11471039179807e-9
1.748,-1.9058721365241916e-8,-7.046067074959321e-9
1.749,-1.8811927661283016e-8,-6.977976858733146e-9
1.75,-1.856832812925107e-8,-6.910437423856669e-9
1.751,-1.8327881542064706e-8,-6.8434464107160194e-9
1.752,-1.809054720160414e-8,-6.777001420897729e-9
1.753,-1.7856284931995837e-8,-6.711100018704944e-9
1.754,-1.7625055072980936e-8,-6.645739732639135e-9
1.755,-1.7396818473366402e-8,-6.580918056847971e-9
1.756,-1.7171536484557937e-8,-6.51663245254e-9
1.757,-1.6949170954173622e-8,-6.452880349366795e-9
1.758,-1.672968421973735e-8,-6.3896591467731736e-9
1.759,-1.6513039102451047e-8,-6.326966215316138e-9
1.76,-1.6299198901044724e-8,-6.264798897953108e-9
1.761,-1.608812738570345e-8,-6.203154511300085e-9
1.762,-1.587978879207029e-8,-6.142030346860295e-9
1.763,-1.567414781532424e-8,-6.081423672223911e-9
1.764,-1.547116960433235e-8,-6.021331732239417e-9
1.765,-1.5270819755875003e-8,-5.961751750157155e-9
1.766,-1.5073064308943584e-8,-5.9026809287456215e-9
1.767,-1.4877869739109534e-8,-5.844116451381033e-9
1.768,-1.4685202952964046e-8,-5.786055483110691e-9
1.769,-1.4495031282627419e-8,-5.7284951716906716e-9
1.77,-1.43073224803273e-8,-5.671432648598335e-9
1.771,-1.4122044713044946e-8,-5.614865030020159e-9
1.772,-1.3939166557228668e-8,-5.558789417815385e-9
1.773,-1.3758656993573645e-8,-5.503202900455965e-9
1.774,-1.358048540186729e-8,-5.4481025539432575e-9
1.775,-1.3404621555899375e-8,-5.393485442701973e-9
1.776,-1.32310356184361e-8,-5.339348620451785e-9
1.777,-1.3059698136257347e-8,-5.285689131057083e-9
1.778,-1.2890580035256327e-8,-5.232504009355289e-9
1.779,-1.2723652615600868e-8,-5.179790281964175e-9
1.78,-1.2558887546955565e-8,-5.127544968068601e-9
1.781,-1.2396256863764071e-8,-5.0757650801871e-9
1.782,-1.2235732960590773e-8,-5.024447624918693e-9
1.783,-1.2077288587521129e-8,-4.973589603670361e-9
1.784,-1.1920896845619929e-8,-4.9231880133655546e-9
1.785,-1.1766531182446807e-8,-4.873239847134118e-9
1.786,-1.1614165387628242e-8,-4.8237420949840326e-9
1.787,-1.146377358848541e-8,-4.7746917444553165e-9
1.788,-1.1315330245717144e-8,-4.7260857812564766e-9
1.789,-1.1168810149137375e-8,-4.6779211898838535e-9
1.79,-1.1024188413466337e-8,-4.6301949542242146e-9
1.791,-1.0881440474174898e-8,-4.5829040581409466e-9
1.792,-1.074054208338136e-8,-4.5360454860441715e-9
1.793,-1.0601469305800066e-8,-4.489616223445142e-9
1.794,-1.0464198514741183e-8,-4.443613257495215e-9
1.795,-1.0328706388161032e-8,-4.3980335775097514e-9
1.796,-1.0194969904762332e-8,-4.352874175477233e-9
1.797,-1.006296634014374e-8,-4.308132046553918e-9
1.798,-9.932673262998082e-9,-4.263804189544339e-9
1.799,-9.804068531358678e-9,-4.219887607367932e-9
1.8,-9.677130288893135e-9,-4.1763793075121e-9
1.801,-9.551836961244065e-9,-4.133276302471981e-9
1.802,-9.428167252416108e-9,-4.090575610177224e-9
1.803,-9.306100141208705e-9,-4.048274254406026e-9
1.804,-9.18561487769404e-9,-4.006369265186715e-9
1.805,-9.06669097973961e-9,-3.964857679187143e-9
1.806,-8.949308229574845e-9,-3.923736540092142e-9
1.807,-8.833446670401253e-9,-3.883002898969308e-9
1.808,-8.719086603045523e-9,-3.8426538146233585e-9
1.809,-8.606208582655078e-9,-3.80268635393931e-9
1.81,-8.494793415435539e-9,-3.7630975922147225e-9
1.811,-8.384822155429566e-9,-3.7238846134812374e-9
1.812,-8.276276101336591e-9,-3.685044510815653e-9
1.813,-8.16913679337289e-9,-3.6465743866407592e-9
1.814,-8.063386010171537e-9,-3.6084713530161545e-9
1.815,-7.95900576572172e-9,-3.57073253191927e-9
1.816,-7.855978306346915e-9,-3.533355055516811e-9
1.817,-7.754286107721463e-9,-3.496336066426832e-9
1.818,-7.653911871925054e-9,-3.4596727179716444e-9
1.819,-7.55483852453464e-9,-3.4233621744217738e-9
1.82,-7.457049211753321e-9,-3.387401611231151e-9
1.821,-7.360527297575741e-9,-3.3517882152637445e-9
1.822,-7.265256360989522e-9,-3.3165191850118204e-9
1.823,-7.1712201932123114e-9,-3.281591730806019e-9
1.824,-7.078402794963978e-9,-3.2470030750174326e-9
1.825,-6.986788373773515e-9,-3.21275045225187e-9
1.826,-6.896361341320236e-9,-3.178831109536475e-9
1.827,-6.807106310808809e-9,-3.1452423064988864e-9
1.828,-6.719008094377728e-9,-3.111981315539098e-9
1.829,-6.6320517005407836e-9,-3.079045421994197e-9
1.83,-6.54622233166113e-9,-3.0464319242961342e-9
1.831,-6.461505381457543e-9,-3.014138134122697e-9
1.832,-6.377886432542452e-9,-2.9821613765418378e-9
1.833,-6.295351253991357e-9,-2.950498990149513e-9
1.834,-6.2138857989432414e-9,-2.919148327201185e-9
1.835,-6.1334762022315735e-9,-2.8881067537371405e-9
1.836,-6.0541087780455346e-9,-2.8573716497017593e-9
1.837,-5.975770017621076e-9,-2.826940409056893e-9
1.838,-5.898446586961441e-9,-2.796810439889479e-9
1.839,-5.822125324586778e-9,-2.766979164513538e-9
1.84,-5.746793239312479e-9,-2.7374440195666832e-9
1.841,-5.672437508055876e-9,-2.7082024561012765e-9
1.842,-5.599045473670956e-9,-2.6792519396703617e-9
1.843,-5.526604642810721e-9,-2.650589950408499e-9
1.844,-5.455102683816857e-9,-2.6222139831076304e-9
1.845,-5.384527424636368e-9,-2.5941215472880894e-9
1.846,-5.314866850764833e-9,-2.5663101672648853e-9
1.847,-5.246109103215944e-9,-2.5387773822093693e-9
1.848,-5.178242476517009e-9,-2.5115207462064077e-9
1.849,-5.11125541673008e-9,-2.484537828307162e-9
1.85,-5.045136519498384e-9,-2.4578262125775984e-9
1.851,-4.979874528117745e-9,-2.4313834981428288e-9
1.852,-4.915458331632676e-9,-2.4052072992273883e-9
1.853,-4.85187696295683e-9,-2.3792952451915565e-9
1.854,-4.789119597017502e-9,-2.353644980563821e-9
1.855,-4.72717554892388e-9,-2.3282541650695878e-9
1.856,-4.66603427215875e-9,-2.303120473656228e-9
1.857,-4.605685356793345e-9,-2.2782415965145643e-9
1.858,-4.546118527725055e-9,-2.253615239096888e-9
1.859,-4.487323642937716e-9,-2.2292391221315967e-9
1.86,-4.429290691784172e-9,-2.205110981634544e-9
1.861,-4.372009793290847e-9,-2.1812285689171916e-9
1.862,-4.3154711944840434e-9,-2.1575896505916456e-9
1.863,-4.259665268737683e-9,-2.1341920085726644e-9
1.864,-4.204582514142233e-9,-2.1110334400767184e-9
1.865,-4.1502135518945416e-9,-2.088111757618189e-9
1.866,-4.096549124708314e-9,-2.065424789002776e-9
1.867,-4.0435800952449744e-9,-2.042970377318199e-9
1.868,-3.9912974445646596e-9,-2.020746380922268e-9
1.869,-3.939692270597069e-9,-1.998750673428392e-9
1.87,-3.888755786631948e-9,-1.976981143688609e-9
1.871,-3.838479319828933e-9,-1.9554356957741935e-9
1.872,-3.788854309746517e-9,-1.9341122489539296e-9
1.873,-3.739872306889905e-9,-1.9130087376701023e-9
1.874,-3.6915249712775053e-9,-1.8921231115122837e-9
1.875,-3.6438040710258284e-9,-1.8714533351889755e-9
1.876,-3.5967014809525524e-9,-1.8509973884971709e-9
1.877,-3.5502091811975362e-9,-1.8307532662899057e-9
1.878,-3.504319255861538e-9,-1.81071897844185e-9
1.879,-3.4590238916624255e-9,-1.790892549813007e-9
1.88,-3.414315376608653e-9,-1.7712720202105786e-9
1.881,-3.370186098689777e-9,-1.7518554443490499e-9
1.882,-3.3266285445838084e-9,-1.732640891808555e-9
1.883,-3.283635298381176e-9,-1.713626446991574e-9
1.884,-3.2411990403250938e-9,-1.6948102090780189e-9
1.885,-3.1993125455681253e-9,-1.6761902919787596e-9
1.886,-3.157968682944733e-9,-1.6577648242876413e-9
1.887,-3.117160413759617e-9,-1.639531949232045e-9
1.888,-3.076880790591634e-9,-1.621489824622037e-9
1.889,-3.0371229561131076e-9,-1.6036366227981637e-9
1.89,-2.997880141924323e-9,-1.5859705305779264e-9
1.891,-2.9591456674030206e-9,-1.5684897492009952e-9
1.892,-2.9209129385686953e-9,-1.5511924942731981e-9
1.893,-2.8831754469615114e-9,-1.534076995709334e-9
1.894,-2.845926768535648e-9,-1.5171414976748497e-9
1.895,-2.8091605625668923e-9,-1.5003842585264273e-9
1.896,-2.7728705705742933e-9,-1.4838035507515162e-9
1.897,-2.737050615255706e-9,-1.4673976609068603e-9
1.898,-2.7016945994370393e-9,-1.4511648895560475e-9
1.899,-2.6667965050350406e-9,-1.4351035512061303e-9
1.9,-2.6323503920334364e-9,-1.419211974243351e-9
1.901,-2.598350397472268e-9,-1.4034885008680045e-9
1.902,-2.564790734450245e-9,-1.387931487028484e-9
1.903,-2.531665691139954e-9,-1.372539302354533e-9
1.904,-2.4989696298157603e-9,-1.3573103300897495e-9
1.905,-2.4666969858942375e-9,-1.3422429670233646e-9
1.906,-2.434842266986964e-9,-1.3273356234213392e-9
1.907,-2.4034000519655336e-9,-1.3125867229567999e-9
1.908,-2.3723649900386173e-9,-1.297994702639855e-9
1.909,-2.3417317998409283e-9,-1.2835580127468142e-9
1.91,-2.3114952685339336e-9,-1.2692751167488435e-9
1.911,-2.2816502509181634e-9,-1.2551444912400875e-9
1.912,-2.2521916685569715e-9,-1.241164625865281e-9
1.913,-2.2231145089115976e-9,-1.2273340232468852e-9
1.914,-2.1944138244873896e-9,-1.2136511989117674e-9
1.915,-2.16608473199104e-9,-1.200114681217458e-9
1.916,-2.1381224114986977e-9,-1.186723011278004e-9
1.917,-2.110522105634815e-9,-1.1734747428894495e-9
1.918,-2.0832791187615932e-9,-1.1603684424549638e-9
1.919,-2.0563888161788903e-9,-1.147402688909641e-9
1.92,-2.0298466233344575e-9,-1.1345760736449983e-9
1.921,-2.0036480250443675e-9,-1.1218872004331894e-9
1.922,-1.9777885647235163e-9,-1.1093346853509618e-9
1.923,-1.9522638436260527e-9,-1.096917156703373e-9
1.924,-1.9270695200956216e-9,-1.084633254947292e-9
1.925,-1.90220130882529e-9,-1.072481632614703e-9
1.926,-1.8776549801270296e-9,-1.0604609542358327e-9
1.927,-1.8534263592106391e-9,-1.04856989626212e-9
1.928,-1.82951132547198e-9,-1.0368071469890477e-9
1.929,-1.8059058117904074e-9,-1.0251714064788542e-9
1.93,-1.7826058038352806e-9,-1.0136613864831423e-9
1.931,-1.7596073393814344e-9,-1.002275810365404e-9
1.932,-1.7369065076334966e-9,-9.910134130234772e-10
1.933,-1.7144994485589377e-9,-9.798729408119515e-10
1.934,-1.6923823522297427e-9,-9.688531514645382e-10
1.935,-1.6705514581725925e-9,-9.579528140164215e-10
1.936,-1.6490030547274445e-9,-9.471707087266055e-10
1.937,-1.6277334784144086e-9,-9.36505627000271e-10
1.938,-1.6067391133088072e-9,-9.259563713111567e-10
1.939,-1.5860163904243177e-9,-9.155217551239819e-10
1.94,-1.565561787104092e-9,-9.052006028169185e-10
1.941,-1.5453718264197506e-9,-8.949917496041307e-10
1.942,-1.5254430765781498e-9,-8.848940414583923e-10
1.943,-1.5057721503358237e-9,-8.749063350337957e-10
1.944,-1.4863557044209999e-9,-8.650274975885641e-10
1.945,-1.4671904389630938e-9,-8.552564069079768e-10
1.946,-1.4482730969295835e-9,-8.455919512274239e-10
1.947,-1.4296004635701718e-9,-8.360330291555955e-10
1.948,-1.4111693658681399e-9,-8.265785495978211e-10
1.949,-1.392976671998803e-9,-8.172274316795659e-10
1.95,-1.3750192907949731e-9,-8.079786046700972e-10
1.951,-1.3572941712193407e-9,-7.988310079063285e-10
1.952,-1.3397983018436869e-9,-7.897835907168518e-10
1.953,-1.3225287103348372e-9,-7.808353123461668e-10
1.954,-1.3054824629472678e-9,-7.719851418791167e-10
1.955,-1.2886566640222852e-9,-7.632320581655384e-10
1.956,-1.2720484554936866e-9,-7.545750497451359e-10
1.957,-1.255655016399823e-9,-7.460131147725843e-10
1.958,-1.2394735624019815e-9,-7.375452609428739e-10
1.959,-1.2235013453090035e-9,-7.291705054168998e-10
1.96,-1.2077356526080608e-9,-7.208878747473057e-10
1.961,-1.1921738070015086e-9,-7.126964048045884e-10
1.962,-1.176813165949738e-9,-7.045951407034708e-10
1.963,-1.1616511212199506e-9,-6.965831367295474e-10
1.964,-1.1466850984407782e-9,-6.886594562662123e-10
1.965,-1.131912556662673e-9,-6.80823171721873e-10
1.966,-1.1173309879239931e-9,-6.730733644574566e-10
1.967,-1.1029379168227122e-9,-6.654091247142144e-10
1.968,-1.0887309000936758e-9,-6.578295515418309e-10
1.969,-1.0747075261913396e-9,-6.503337527268406e-10
1.97,-1.0608654148779119e-9,-6.429208447213601e-10
1.971,-1.047202216816837e-9,-6.355899525721378e-10
1.972,-1.033715613171545e-9,-6.283402098499284e-10
1.973,-1.0204033152094046e-9,-6.211707585791941e-10
1.974,-1.0072630639108083e-9,-6.140807491681396e-10
1.975,-9.942926295833262e-10,-6.07069340339082e-10
1.976,-9.814898114808618e-10,-6.00135699059162e-10
1.977,-9.688524374277451e-10,-5.93279000471399e-10
1.978,-9.563783634476999e-10,-5.864984278260935e-10
1.979,-9.440654733976224e-10,-5.797931724125811e-10
1.98,-9.319116786061078e-10,-5.731624334913405e-10
1.981,-9.199149175166654e-10,-5.666054182264593e-10
1.982,-9.080731553355598e-10,-5.601213416184594e-10
1.983,-8.963843836842201e-10,-5.537094264374872e-10
1.984,-8.848466202561567e-10,-5.473689031568676e-10
1.985,-8.734579084783286e-10,-5.410990098870286e-10
1.986,-8.62216317176903e-10,-5.348989923097948e-10
1.987,-8.511199402473502e-10,-5.287681036130547e-10
1.988,-8.401668963288189e-10,-5.22705604425804e-10
1.989,-8.293553284827359e-10,-5.167107627535638e-10
1.99,-8.186834038755742e-10,-5.107828539141803e-10
1.991,-8.081493134657391e-10,-5.049211604740034e-10
1.992,-7.977512716945157e-10,-4.99124972184448e-10
1.993,-7.874875161810263e-10,-4.933935859189398e-10
1.994,-7.77356307421147e-10,-4.877263056102456e-10
1.995,-7.673559284903311e-10,-4.821224421881903e-10
1.996,-7.574846847502883e-10,-4.765813135177612e-10
1.997,-7.477409035594721e-10,-4.711022443376017e-10
1.998,-7.381229339873235e-10,-4.656845661988937e-10
1.999,-7.286291465322237e-10,-4.6032761740463165e-10
2.0,-7.192579328431081e-10,-4.5503074294928654e-10
2.001,-7.100077054446935e-10,-4.497932944588629e-10
2.002,-7.008768974662724e-10,-4.446146301313476e-10
2.003,-6.918639623740272e-10,-4.3949411467755215e-10
2.004,-6.829673737068203e-10,-4.344311192623478e-10
2.005,-6.741856248154139e-10,-4.2942502144629483e-10
2.006,-6.655172286050748e-10,-4.244752051276654e-10
2.007,-6.569607172815227e-10,-4.1958106048486074e-10
2.008,-6.485146421001748e-10,-4.14741983919222e-10
2.009,-6.401775731186488e-10,-4.0995737799823565e-10
2.01,-6.319480989524776e-10,-4.052266513991328e-10
2.011,-6.238248265339967e-10,-4.005492188528822e-10
2.012,-6.158063808743636e-10,-3.9592450108857687e-10
2.013,-6.078914048286661e-10,-3.913519247782146e-10
2.014,-6.00078558864082e-10,-3.8683092248187055e-10
2.015,-5.9236652083105e-10,-3.823609325932631e-10
2.016,-5.847539857374114e-10,-3.779413992857116e-10
2.017,-5.772396655254866e-10,-3.7357177245848543e-10
2.018,-5.698222888520457e-10,-3.692515076835442e-10
2.019,-5.625006008711387e-10,-3.6498006615266806e-10
2.02,-5.552733630197446e-10,-3.607569146249778e-10
2.021,-5.48139352806206e-10,-3.5658152537484304e-10
2.022,-5.410973636014127e-10,-3.524533761401794e-10
2.023,-5.341462044326957e-10,-3.483719500711316e-10
2.024,-5.272846997804008e-10,-3.4433673567914336e-10
2.025,-5.205116893771045e-10,-3.403472267864124e-10
2.026,-5.138260280094371e-10,-3.3640292247572937e-10
2.027,-5.072265853224823e-10,-3.3250332704069977e-10
2.028,-5.00712245626717e-10,-3.286479499363482e-10
2.029,-4.942819077074599e-10,-3.24836305730103e-10
2.03,-4.879344846367961e-10,-3.2106791405316086e-10
2.031,-4.816689035879444e-10,-3.1734229955222937e-10
2.032,-4.754841056520386e-10,-3.136589918416473e-10
2.033,-4.693790456572876e-10,-3.100175254558801e-10
2.034,-4.633526919904865e-10,-3.0641743980239015e-10
2.035,-4.574040264208467e-10,-3.028582791148802e-10
2.036,-4.515320439261161e-10,-2.993395924069083e-10
2.037,-4.4573575252095745e-10,-2.958609334258731e-10
2.038,-4.4001417308755873e-10,-2.9242186060736783e-10
2.039,-4.343663392084436e-10,-2.890219370299019e-10
2.04,-4.2879129700145537e-10,-2.856607303699877e-10
2.041,-4.2328810495688557e-10,-2.8233781285759215e-10
2.042,-4.17855833776719e-10,-2.7905276123195067e-10
2.043,-4.1249356621596837e-10,-2.7580515669774197e-10
2.044,-4.0720039692607134e-10,-2.725945848816228e-10
2.045,-4.019754323003225e-10,-2.694206357891196e-10
2.046,-3.968177903213151e-10,-2.6628290376187735e-10
2.047,-3.917266004103651e-10,-2.6318098743526156e-10
2.048,-3.867010032788929e-10,-2.6011448969631386e-10
2.049,-3.8174015078173677e-10,-2.5708301764205814e-10
2.05,-3.7684320577237294e-10,-2.540861825381558e-10
2.051,-3.7200934196001795e-10,-2.5112359977790854e-10
2.052,-3.672377437685882e-10,-2.4819488884160693e-10
2.053,-3.625276061974934e-10,-2.452996732562221e-10
2.054,-3.5787813468423923e-10,-2.424375805554404e-10
2.055,-3.5328854496881654e-10,-2.396082422400374e-10
2.056,-3.4875806295985317e-10,-2.3681129373859047e-10
2.057,-3.442859246025062e-10,-2.3404637436852796e-10
2.058,-3.398713757480715e-10,-2.3131312729751265e-10
2.059,-3.355136720252881e-10,-2.2861119950515811e-10
2.06,-3.312120787133166e-10,-2.2594024174507562e-10
2.061,-3.2696587061636776e-10,-2.2329990850725018e-10
2.062,-3.227743319399625e-10,-2.2068985798074318e-10
2.063,-3.1863675616879955e-10,-2.1810975201672052e-10
2.064,-3.1455244594621133e-10,-2.155592560918033e-10
2.065,-3.1052071295518756e-10,-2.130380392717401e-10
2.066,-3.065408778009451e-10,-2.1054577417539813e-10
2.067,-3.026122698950251e-10,-2.0808213693907174e-10
2.068,-2.9873422734089695e-10,-2.0564680718110632e-10
2.069,-2.949060968210498e-10,-2.032394679668352e-10
2.07,-2.911272334855517e-10,-2.0085980577382814e-10
2.071,-2.8739700084205853e-10,-1.9850751045744902e-10
2.072,-2.837147706472521e-10,-1.96182275216721e-10
2.073,-2.80079922799691e-10,-1.9388379656049683e-10
2.074,-2.7649184523405374e-10,-1.9161177427393285e-10
2.075,-2.729499338167574e-10,-1.893659113852641e-10
2.076,-2.6945359224293384e-10,-1.8714591413287897e-10
2.077,-2.660022319347449e-10,-1.849514919326912e-10
2.078,-2.625952719410205e-10,-1.8278235734580735e-10
2.079,-2.5923213883820127e-10,-1.8063822604648743e-10
2.08,-2.559122666325696e-10,-1.7851881679039724e-10
2.081,-2.5263509666375193e-10,-1.764238513831499e-10
2.082,-2.494000775094755e-10,-1.7435305464913484e-10
2.083,-2.462066648915642e-10,-1.723061544006321e-10
2.084,-2.430543215831567e-10,-1.7028288140721017e-10
2.085,-2.3994251731713037e-10,-1.6828296936540514e-10
2.086,-2.368707286957171e-10,-1.6630615486867916e-10
2.087,-2.3383843910129367e-10,-1.6435217737765661e-10
2.088,-2.3084513860833251e-10,-1.6242077919063529e-10
2.089,-2.2789032389649746e-10,-1.6051170541437126e-10
2.09,-2.2497349816486944e-10,-1.5862470393513523e-10
2.091,-2.2209417104728776e-10,-1.567595253900381e-10
2.092,-2.1925185852879203e-10,-1.549159231386243e-10
2.093,-2.16446082863151e-10,-1.530936532347303e-10
2.094,-2.1367637249146355e-10,-1.5129247439860704e-10
2.095,-2.1094226196181843e-10,-1.495121479893035e-10
2.096,-2.0824329184999848e-10,-1.4775243797731034e-10
2.097,-2.0557900868121635e-10,-1.4601311091746068e-10
2.098,-2.029489648528676e-10,-1.4429393592208703e-10
2.099,-2.003527185582886e-10,-1.4259468463443162e-10
2.1,-1.977898337115057e-10,-1.4091513120230876e-10
2.101,-1.9525987987296317e-10,-1.3925505225201694e-10
2.102,-1.9276243217621658e-10,-1.3761422686249892e-10
2.103,-1.9029707125557991e-10,-1.359924365397478e-10
2.104,-1.878633831747132e-10,-1.3438946519145717e-10
2.105,-1.8546095935613888e-10,-1.3280509910191356e-10
2.106,-1.8308939651167493e-10,-1.3123912690712902e-10
2.107,-1.8074829657377215e-10,-1.296913395702121e-10
2.108,-1.7843726662774483e-10,-1.2816153035697542e-10
2.109,-1.7615591884488228e-10,-1.266494948117778e-10
2.11,-1.739038704164304e-10,-1.25155030733599e-10
2.111,-1.716807434884315e-10,-1.236779381523456e-10
2.112,-1.6948616509741166e-10,-1.2221801930538546e-10
2.113,-1.6731976710690415e-10,-1.207750786143098e-10
2.114,-1.6518118614479832e-10,-1.1934892266192023e-10
2.115,-1.6307006354150335e-10,-1.179393601694394e-10
2.116,-1.609860452689157e-10,-1.1654620197394323e-10
2.117,-1.589287818801805e-10,-1.15169261006013e-10
2.118,-1.56897928450236e-10,-1.1380835226760546e-10
2.119,-1.5489314451713122e-10,-1.1246329281013898e-10
2.12,-1.529140940241066e-10,-1.1113390171279433e-10
2.121,-1.5096044526242773e-10,-1.0982000006102797e-10
2.122,-1.4903187081496244e-10,-1.0852141092529608e-10
2.123,-1.4712804750049145e-10,-1.0723795933998789e-10
2.124,-1.4524865631874323e-10,-1.0596947228256613e-10
2.125,-1.4339338239614332e-10,-1.0471577865291312e-10
2.126,-1.4156191493226926e-10,-1.0347670925288068e-10
2.127,-1.3975394714700154e-10,-1.0225209676604208e-10
2.128,-1.379691762283617e-10,-1.010417757376445e-10
2.129,-1.3620730328102873e-10,-9.98455825547599e-11
2.13,-1.344680332755247e-10,-9.866335542663315e-11
2.131,-1.3275107499806113e-10,-9.74949343652251e-11
2.132,-1.3105614100103736e-10,-9.634016116594947e-11
2.133,-1.2938294755418263e-10,-9.51988793886015e-11
2.134,-1.2773121459633306e-10,-9.40709343384769e-11
2.135,-1.26100665687836e-10,-9.295617304767933e-11
2.136,-1.2449102796357262e-10,-9.185444425661484e-11
2.137,-1.2290203208659185e-10,-9.076559839567163e-11
2.138,-1.2133341220234646e-10,-8.968948756708342e-11
2.139,-1.1978490589352454e-10,-8.862596552697495e-11
2.14,-1.1825625413546797e-10,-8.757488766758782e-11
2.141,-1.167472012521704e-10,-8.653611099968533e-11
2.142,-1.1525749487284738e-10,-8.550949413513443e-11
2.143,-1.1378688588907092e-10,-8.449489726966354e-11
2.144,-1.1233512841246132e-10,-8.349218216579432e-11
2.145,-1.10901979732929e-10,-8.250121213594613e-11
2.146,-1.0948720027745905e-10,-8.152185202571144e-11
2.147,-1.0809055356943152e-10,-8.055396819730079e-11
2.148,-1.0671180618847067e-10,-7.95974285131557e-11
2.149,-1.0535072773081578e-10,-7.865210231972802e-11
2.15,-1.0400709077020736e-10,-7.771786043142417e-11
2.151,-1.0268067081928155e-10,-7.679457511471295e-11
2.152,-1.0137124629146649e-10,-7.588212007239523e-11
2.153,-1.0007859846337363e-10,-7.49803704280341e-11
2.154,-9.880251143767817e-11,-7.408920271054417e-11
2.155,-9.754277210648179e-11,-7.320849483893831e-11
2.156,-9.629917011515146e-11,-7.233812610723059e-11
2.157,-9.507149782662835e-11,-7.147797716949392e-11
2.158,-9.385955028620054e-11,-7.062793002507087e-11
2.159,-9.266312518673352e-11,-6.978786800393651e-11
2.16,-9.148202283435252e-11,-6.895767575221152e-11
2.161,-9.031604611457092e-11,-6.813723921782447e-11
2.162,-8.916500045885867e-11,-6.732644563632178e-11
2.163,-8.802869381164524e-11,-6.65251835168239e-11
2.164,-8.69069365977514e-11,-6.573334262812652e-11
2.165,-8.579954169024407e-11,-6.495081398494531e-11
2.166,-8.470632437870901e-11,-6.417748983430293e-11
2.167,-8.362710233793564e-11,-6.34132636420569e-11
2.168,-8.256169559700883e-11,-6.265803007956717e-11
2.169,-8.150992650880227e-11,-6.191168501050179e-11
2.17,-8.047161971986824e-11,-6.117412547777975e-11
2.171,-7.944660214071852e-11,-6.044524969064928e-11
2.172,-7.84347029164915e-11,-5.97249570119008e-11
2.173,-7.743575339800039e-11,-5.901314794521269e-11
2.174,-7.64495871131574e-11,-5.830972412262918e-11
2.175,-7.547603973876946e-11,-5.7614588292168646e-11
2.176,-7.451494907270007e-11,-5.6927644305561456e-11
2.177,-7.356615500639296e-11,-5.624879710611572e-11
2.178,-7.262949949775261e-11,-5.55779527167101e-11
2.179,-7.17048265443771e-11,-5.4915018227912237e-11
2.18,-7.079198215713861e-11,-5.425990178622167e-11
2.181,-6.98908143341072e-11,-5.361251258243601e-11
2.182,-6.90011730348132e-11,-5.297276084013923e-11
2.183,-6.812291015484393e-11,-5.2340557804310906e-11
2.184,-6.725587950077047e-11,-5.1715815730055105e-11
2.185,-6.639993676539997e-11,-5.1098447871447963e-11
2.186,-6.555493950334942e-11,-5.048836847050266e-11
2.187,-6.472074710693672e-11,-4.98854927462507e-11
2.188,-6.389722078238479e-11,-4.928973688393838e-11
2.189,-6.308422352633477e-11,-4.8701018024337285e-11
2.19,-6.228162010266416e-11,-4.811925425316773e-11
2.191,-6.148927701960616e-11,-4.754436459063407e-11
2.192,-6.070706250716595e-11,-4.697626898107069e-11
2.193,-5.993484649483039e-11,-4.6414888282697726e-11
2.194,-5.917250058956706e-11,-4.5860144257485327e-11
2.195,-5.841989805410909e-11,-4.5311959561125436e-11
2.196,-5.767691378552182e-11,-4.477025773311005e-11
2.197,-5.69434242940479e-11,-4.423496318691489e-11
2.198,-5.621930768222695e-11,-4.3706001200287415e-11
2.199,-5.550444362428637e-11,-4.3183297905638225e-11
2.2,-5.479871334579973e-11,-4.266678028053477e-11
2.201,-5.410199960360923e-11,-4.215637613829632e-11
2.202,-5.341418666600884e-11,-4.1652014118689315e-11
2.203,-5.2735160293184644e-11,-4.115362367872196e-11
2.204,-5.206480771790921e-11,-4.066113508353718e-11
2.205,-5.140301762648647e-11,-4.017447939740288e-11
2.206,-5.0749680139943975e-11,-3.969358847479864e-11
2.207,-5.010468679546935e-11,-3.9218394951597706e-11
2.208,-4.946793052808761e-11,-3.874883223634359e-11
2.209,-4.8839305652576384e-11,-3.828483450162001e-11
2.21,-4.8218707845615805e-11,-3.782633667551359e-11
2.211,-4.7606034128170107e-11,-3.7373274433167997e-11
2.212,-4.7001182848097894e-11,-3.692558418842901e-11
2.213,-4.640405366298806e-11,-3.648320308557925e-11
2.214,-4.581454752321851e-11,-3.604606899116188e-11
2.215,-4.523256665523464e-11,-3.561412048589233e-11
2.216,-4.4658014545044965e-11,-3.5187296856657097e-11
2.217,-4.4090795921930765e-11,-3.4765538088598846e-11
2.218,-4.3530816742367177e-11,-3.434878485728684e-11
2.219,-4.297798417415297e-11,-3.393697852097188e-11
2.22,-4.243220658074613e-11,-3.353006111292492e-11
2.221,-4.18933935058028e-11,-3.3127975333858484e-11
2.222,-4.136145565791677e-11,-3.273066454442998e-11
2.223,-4.0836304895556904e-11,-3.233807275782623e-11
2.224,-4.031785421220009e-11,-3.195014463242822e-11
2.225,-3.9806017721657e-11,-3.156682546455542e-11
2.226,-3.930071064358817e-11,-3.118806118128864e-11
2.227,-3.8801849289208094e-11,-3.08137983333709e-11
2.228,-3.8309351047174635e-11,-3.0443984088185266e-11
2.229,-3.782313436966154e-11,-3.0078566222809e-11
2.23,-3.7343118758611586e-11,-2.9717493117143214e-11
2.231,-3.686922475216803e-11,-2.936071374711723e-11
2.232,-3.6401373911282065e-11,-2.900817767796692e-11
2.233,-3.5939488806493926e-11,-2.865983505758621e-11
2.234,-3.5483493004885474e-11,-2.831563660995104e-11
2.235,-3.5033311057201975e-11,-2.797553362861504e-11
2.236,-3.458886848514087e-11,-2.763947797027611e-11
2.237,-3.415009176880543e-11,-2.7307422048413287e-11
2.238,-3.371690833432102e-11,-2.6979318826993044e-11
2.239,-3.328924654161203e-11,-2.665512181424442e-11
2.24,-3.2867035672337216e-11,-2.63347850565022e-11
2.241,-3.2450205917981563e-11,-2.601826313211743e-11
2.242,-3.203868836810242e-11,-2.570551114543462e-11
2.243,-3.163241499872814e-11,-2.5396484720834926e-11
2.244,-3.123131866090704e-11,-2.509113999684458e-11
2.245,-3.0835333069404855e-11,-2.4789433620307958e-11
2.246,-3.044439279154872e-11,-2.4491322740624557e-11
2.247,-3.0058433236215736e-11,-2.419676500404925e-11
2.248,-2.9677390642964266e-11,-2.390571854805514e-11
2.249,-2.9301202071306175e-11,-2.3618141995758365e-11
2.25,-2.8929805390118033e-11,-2.3333994450404212e-11
2.251,-2.8563139267189628e-11,-2.3053235489913893e-11
2.252,-2.820114315890789e-11,-2.2775825161491332e-11
2.253,-2.7843757300074548e-11,-2.2501723976289378e-11
2.254,-2.7490922693855712e-11,-2.223089290413477e-11
2.255,-2.7142581101861715e-11,-2.1963293368311272e-11
2.256,-2.6798675034355526e-11,-2.1698887240400342e-11
2.257,-2.6459147740587996e-11,-2.143763683517877e-11
2.258,-2.6123943199258372e-11,-2.117950490557262e-11
2.259,-2.5793006109098407e-11,-2.0924454637666955e-11
2.26,-2.546628187957845e-11,-2.0672449645770708e-11
2.261,-2.5143716621733977e-11,-2.042345396753612e-11
2.262,-2.4825257139110943e-11,-2.017743205913222e-11
2.263,-2.4510850918828438e-11,-1.9934348790471683e-11
2.264,-2.420044612275715e-11,-1.96941694404906e-11
2.265,-2.3893991578812054e-11,-1.945685969248054e-11
2.266,-2.3591436772357936e-11,-1.9222385629472355e-11
2.267,-2.329273183772621e-11,-1.8990713729671197e-11
2.268,-2.2997827549841623e-11,-1.8761810861942202e-11
2.269,-2.2706675315957408e-11,-1.8535644281346296e-11
2.27,-2.241922716749748e-11,-1.831218162472558e-11
2.271,-2.2135435752004276e-11,-1.8091390906337778e-11
2.272,-2.1855254325190868e-11,-1.7873240513539252e-11
2.273,-2.1578636743096016e-11,-1.7657699202516006e-11
2.274,-2.130553745434078e-11,-1.744473609406222e-11
2.275,-2.103591149248543e-11,-1.723432066940579e-11
2.276,-2.076971446848529e-11,-1.7026422766080365e-11
2.277,-2.0506902563244263e-11,-1.682101257384339e-11
2.278,-2.024743252026479e-11,-1.6618060630639666e-11
2.279,-1.9991261638392934e-11,-1.6417537818609945e-11
2.28,-1.9738347764657403e-11,-1.6219415360144046e-11
2.281,-1.9488649287201278e-11,-1.602366481397807e-11
2.282,-1.924212512830521e-11,-1.583025807133519e-11
2.283,-1.8998734737500962e-11,-1.563916735210957e-11
2.284,-1.8758438084774056e-11,-1.5450365201092964e-11
2.285,-1.8521195653854424e-11,-1.52638244842435e-11
2.286,-1.8286968435593873e-11,-1.5079518384996234e-11
2.287,-1.8055717921429267e-11,-1.489742040061499e-11
2.288,-1.7827406096930313e-11,-1.4717504338585083e-11
2.289,-1.7601995435430822e-11,-1.4539744313046427e-11
2.29,-1.7379448891742405e-11,-1.4364114741266664e-11
2.291,-1.7159729895949495e-11,-1.4190590340153809e-11
2.292,-1.694280234728467e-11,-1.4019146122808042e-11
2.293,-1.67286306080832e-11,-1.3849757395112188e-11
2.294,-1.651717949781584e-11,-1.3682399752360495e-11
2.295,-1.6308414287198784e-11,-1.3517049075925259e-11
2.296,-1.6102300692379842e-11,-1.3353681529960934e-11
2.297,-1.5898804869199836e-11,-1.3192273558145274e-11
2.298,-1.5697893407528187e-11,-1.303280188045714e-11
2.299,-1.5499533325671822e-11,-1.287524348999055e-11
2.3,-1.5303692064856347e-11,-1.2719575649804603e-11
2.301,-1.5110337483778643e-11,-1.2565775889808868e-11
2.302,-1.49194378532299e-11,-1.2413822003683854e-11
2.303,-1.4730961850788162e-11,-1.2263692045836193e-11
2.304,-1.4544878555579555e-11,-1.2115364328388149e-11
2.305,-1.4361157443107227e-11,-1.1968817418201071e-11
2.306,-1.4179768380147161e-11,-1.182403013393245e-11
2.307,-1.4000681619709996e-11,-1.1680981543126168e-11
2.308,-1.382386779606797e-11,-1.1539650959335619e-11
2.309,-1.3649297919846185e-11,-1.1400017939279329e-11
2.31,-1.3476943373177318e-11,-1.1262062280028708e-11
2.311,-1.330677590491896e-11,-1.1125764016227596e-11
2.312,-1.3138767625932822e-11,-1.099110341734326e-11
2.313,-1.2972891004424909e-11,-1.0858060984948475e-11
2.314,-1.2809118861345978e-11,-1.0726617450034388e-11
2.315,-1.264742436585141e-11,-1.0596753770353778e-11
2.316,-1.2487781030819786e-11,-1.046845112779443e-11
2.317,-1.2330162708429366e-11,-1.0341690925782243e-11
2.318,-1.2174543585791744e-11,-1.0216454786713798e-11
2.319,-1.2020898180641923e-11,-1.0092724549418017e-11
2.32,-1.1869201337084093e-11,-9.970482266646618e-12
2.321,-1.1719428221392366e-11,-9.849710202593049e-12
2.322,-1.1571554317865787e-11,-9.73039083043957e-12
2.323,-1.1425555424736884e-11,-9.612506829932211e-12
2.324,-1.128140765013309e-11,-9.496041084983242e-12
2.325,-1.1139087408090335e-11,-9.380976681300914e-12
2.326,-1.0998571414618136e-11,-9.267296904046127e-12
2.327,-1.0859836683815516e-11,-9.15498523551575e-12
2.328,-1.0722860524037106e-11,-9.044025352852276e-12
2.329,-1.058762053410875e-11,-8.934401125779563e-12
2.33,-1.0454094599592001e-11,-8.82609661436433e-12
2.331,-1.0322260889096867e-11,-8.719096066803139e-12
2.332,-1.0192097850642154e-11,-8.613383917234596e-12
2.333,-1.0063584208062846e-11,-8.508944783576471e-12
2.334,-9.93669895746384e-12,-8.40576346538747e-12
2.335,-9.81142136371951e-12,-8.30382494175339e-12
2.336,-9.687730957018438e-12,-8.203114369197383e-12
2.337,-9.565607529452774e-12,-8.103617079614058e-12
2.338,-9.445031131651633e-12,-8.00531857822716e-12
2.339,-9.32598206945794e-12,-7.908204541570578e-12
2.34,-9.208440900648196e-12,-7.812260815492393e-12
2.341,-9.092388431694566e-12,-7.717473413181742e-12
2.342,-8.97780571456878e-12,-7.62382851321822e-12
2.343,-8.864674043587278e-12,-7.531312457643592e-12
2.344,-8.752974952297083e-12,-7.43991175005554e-12
2.345,-8.642690210401853e-12,-7.349613053723237e-12
2.346,-8.533801820727622e-12,-7.260403189724455e-12
2.347,-8.426292016227673e-12,-7.1722691351040184e-12
2.348,-8.320143257026094e-12,-7.085198021053337e-12
2.349,-8.215338227499444e-12,-6.999177131110782e-12
2.35,-8.111859833396114e-12,-6.914193899382689e-12
2.351,-8.009691198992823e-12,-6.830235908784738e-12
2.352,-7.908815664287815e-12,-6.747290889303509e-12
2.353,-7.80921678223026e-12,-6.665346716277955e-12
2.354,-7.710878315985412e-12,-6.584391408700604e-12
2.355,-7.613784236235019e-12,-6.504413127538243e-12
2.356,-7.517918718512576e-12,-6.4254001740718805e-12
2.357,-7.423266140572941e-12,-6.3473409882557665e-12
2.358,-7.329811079795879e-12,-6.270224147095262e-12
2.359,-7.237538310623086e-12,-6.1940383630433385e-12
2.36,-7.1464328020282774e-12,-6.118772482415508e-12
2.361,-7.056479715019885e-12,-6.04441548382297e-12
2.362,-6.9676644001759725e-12,-5.970956476623777e-12
2.363,-6.879972395210927e-12,-5.898384699391811e-12
2.364,-6.7933894225735255e-12,-5.826689518403377e-12
2.365,-6.7079013870759715e-12,-5.7558604261412115e-12
2.366,-6.623494373553494e-12,-5.6858870398157095e-12
2.367,-6.540154644554127e-12,-5.616759099903185e-12
2.368,-6.457868638058255e-12,-5.54846646870096e-12
2.369,-6.376622965227569e-12,-5.480999128899109e-12
2.37,-6.296404408183027e-12,-5.414347182168655e-12
2.371,-6.217199917811456e-12,-5.3485008477660495e-12
2.372,-6.138996611600425e-12,-5.283450461153732e-12
2.373,-6.061781771501019e-12,-5.219186472636615e-12
2.374,-5.9855428418181506e-12,-5.155699446014283e-12
2.375,-5.910267427128068e-12,-5.092980057248764e-12
2.376,-5.835943290222684e-12,-5.031019093147664e-12
2.377,-5.762558350080398e-12,-4.969807450062515e-12
2.378,-5.6901006798630596e-12,-4.909336132602157e-12
2.379,-5.618558504938741e-12,-4.8495962523609796e-12
2.38,-5.5479202009299725e-12,-4.790579026661867e-12
2.381,-5.478174291787133e-12,-4.7322757773136634e-12
2.382,-5.409309447886646e-12,-4.674677929383017e-12
2.383,-5.3413144841536725e-12,-4.617777009980415e-12
2.384,-5.274178358208992e-12,-4.561564647060275e-12
2.385,-5.20789016853974e-12,-4.506032568234913e-12
2.386,-5.142439152693706e-12,-4.451172599602234e-12
2.387,-5.077814685496888e-12,-4.396976664587011e-12
2.388,-5.014006277293991e-12,-4.343436782795566e-12
2.389,-4.951003572211595e-12,-4.290545068883727e-12
2.39,-4.888796346443666e-12,-4.238293731437897e-12
2.391,-4.827374506559158e-12,-4.18667507186909e-12
2.392,-4.7667280878313944e-12,-4.135681483319794e-12
2.393,-4.706847252588955e-12,-4.085305449583498e-12
2.394,-4.647722288587796e-12,-4.035539544036761e-12
2.395,-4.58934360740432e-12,-3.986376428583664e-12
2.396,-4.53170174284913e-12,-3.937808852612509e-12
2.397,-4.474787349401196e-12,-3.889829651964634e-12
2.398,-4.418591200662181e-12,-3.842431747915191e-12
2.399,-4.3631041878306516e-12,-3.795608146165766e-12
2.4,-4.308317318195923e-12,-3.749351935848697e-12
2.401,-4.254221713651287e-12,-3.70365628854296e-12
2.402,-4.200808609226368e-12,-3.6585144573014914e-12
2.403,-4.1480693516383654e-12,-3.613919775689817e-12
2.404,-4.095995397861927e-12,-3.5698656568358556e-12
2.405,-4.04457831371743e-12,-3.5263455924907778e-12
2.406,-3.993809772477412e-12,-3.483353152100782e-12
2.407,-3.94368155349094e-12,-3.4408819818896767e-12
2.408,-3.8941855408256605e-12,-3.398925803952132e-12
2.409,-3.845313721927321e-12,-3.357478415357494e-12
2.41,-3.797058186296536e-12,-3.3165336872640244e-12
2.411,-3.749411124182559e-12,-3.2760855640434636e-12
2.412,-3.702364825293862e-12,-3.236128062415784e-12
2.413,-3.65591167752529e-12,-3.196655270594029e-12
2.414,-3.610044165701583e-12,-3.157661347439115e-12
2.415,-3.5647548703370525e-12,-3.119140521624488e-12
2.416,-3.5200364664112056e-12,-3.081087090810514e-12
2.417,-3.4758817221601085e-12,-3.043495420828504e-12
2.418,-3.4322834978832848e-12,-3.006359944874252e-12
2.419,-3.389234744765955e-12,-2.9696751627109815e-12
2.42,-3.34672850371641e-12,-2.933435639881598e-12
2.421,-3.3047579042183313e-12,-2.8976360069301287e-12
2.422,-3.2633161631978566e-12,-2.8622709586322576e-12
2.423,-3.2223965839052113e-12,-2.827335253234844e-12
2.424,-3.1819925548107057e-12,-2.7928237117043196e-12
2.425,-3.1420975485149215e-12,-2.7587312169838725e-12
2.426,-3.102705120672902e-12,-2.725052713259304e-12
2.427,-3.063808908932163e-12,-2.6917832052334707e-12
2.428,-3.025402631884348e-12,-2.6589177574092042e-12
2.429,-2.9874800880303518e-12,-2.626451493380619e-12
2.43,-2.9500351547587384e-12,-2.5943795951327044e-12
2.431,-2.9130617873372812e-12,-2.5626973023491126e-12
2.432,-2.8765540179174552e-12,-2.531399911728042e-12
2.433,-2.840505954551719e-12,-2.5004827763061306e-12
2.434,-2.804911780223412e-12,-2.4699413047902573e-12
2.435,-2.769765751889117e-12,-2.439770960897172e-12
2.436,-2.7350621995333146e-12,-2.4099672627008527e-12
2.437,-2.7007955252351796e-12,-2.3805257819875106e-12
2.438,-2.6669602022473587e-12,-2.351442143618148e-12
2.439,-2.633550774086577e-12,-2.3227120248985854e-12
2.44,-2.600561853635919e-12,-2.2943311549568736e-12
2.441,-2.5679881222586338e-12,-2.2662953141279996e-12
2.442,-2.535824328923319e-12,-2.2386003333458097e-12
2.443,-2.50406528934033e-12,-2.2112420935420614e-12
2.444,-2.472705885109277e-12,-2.184216525052523e-12
2.445,-2.4417410628774644e-12,-2.157519607030041e-12
2.446,-2.4111658335091263e-12,-2.1311473668644945e-12
2.447,-2.3809752712653275e-12,-2.105095879609556e-12
2.448,-2.3511645129943887e-12,-2.0793612674161816e-12
2.449,-2.3217287573326953e-12,-2.0539396989727498e-12
2.45,-2.2926632639157664e-12,-2.028827388951779e-12
2.451,-2.2639633525994416e-12,-2.0040205974631386e-12
2.452,-2.235624402691062e-12,-1.979515629513685e-12
2.453,-2.2076418521905127e-12,-1.955308834473248e-12
2.454,-2.1800111970410017e-12,-1.9313966055468895e-12
2.455,-2.152727990389449e-12,-1.9077753792533703e-12
2.456,-2.1257878418563624e-12,-1.88444163490974e-12
2.457,-2.0991864168150777e-12,-1.861391894121997e-12
2.458,-2.072919435680242e-12,-1.83862272028173e-12
2.459,-2.046982673205421e-12,-1.816130718068686e-12
2.46,-2.021371957789715e-12,-1.7939125329591876e-12
2.461,-1.996083170793266e-12,-1.7719648507403376e-12
2.462,-1.971112245861535e-12,-1.7502843970299367e-12
2.463,-1.9464551682582553e-12,-1.7288679368020582e-12
2.464,-1.922107974206922e-12,-1.707712273918203e-12
2.465,-1.898066750240737e-12,-1.686814250663979e-12
2.466,-1.874327632560878e-12,-1.666170747291237e-12
2.467,-1.850886806402996e-12,-1.6457786815655994e-12
2.468,-1.8277405054118335e-12,-1.6256350083193204e-12
2.469,-1.8048850110238555e-12,-1.6057367190094165e-12
2.47,-1.7823166518577947e-12,-1.5860808412810035e-12
2.471,-1.7600318031130041e-12,-1.5666644385357818e-12
2.472,-1.7380268859755221e-12,-1.5474846095056109e-12
2.473,-1.716298367031745e-12,-1.52853848783111e-12
2.474,-1.6948427576896136e-12,-1.509823241645232e-12
2.475,-1.6736566136072144e-12,-1.491336073161748e-12
2.476,-1.6527365341287015e-12,-1.4730742182685875e-12
2.477,-1.6320791617274438e-12,-1.455034946125979e-12
2.478,-1.6116811814563054e-12,-1.4372155587693323e-12
2.479,-1.5915393204049668e-12,-1.4196133907168103e-12
2.48,-1.5716503471641971e-12,-1.4022258085815325e-12
2.481,-1.552011071296987e-12,-1.3850502106883603e-12
2.482,-1.5326183428164538e-12,-1.3680840266952072e-12
2.483,-1.5134690516704334e-12,-1.3513247172188227e-12
2.484,-1.4945601272326698e-12,-1.3347697734649978e-12
2.485,-1.4758885378005225e-12,-1.3184167168631413e-12
2.486,-1.4574512900991008e-12,-1.3022630987051747e-12
2.487,-1.4392454287917502e-12,-1.2863064997886947e-12
2.488,-1.4212680359968015e-12,-1.270544530064357e-12
2.489,-1.4035162308105093e-12,-1.2549748282874274e-12
2.49,-1.3859871688360936e-12,-1.2395950616734566e-12
2.491,-1.3686780417188124e-12,-1.2244029255580266e-12
2.492,-1.3515860766869816e-12,-1.2093961430605224e-12
2.493,-1.3347085360988706e-12,-1.194572464751884e-12
2.494,-1.3180427169953953e-12,-1.1799296683262885e-12
2.495,-1.3015859506585353e-12,-1.1654655582767207e-12
2.496,-1.2853356021754007e-12,-1.1511779655743821e-12
2.497,-1.2692890700078766e-12,-1.1370647473518991e-12
2.498,-1.2534437855677729e-12,-1.1231237865902796e-12
2.499,-1.2377972127974102e-12,-1.1093529918095797e-12
2.5,-1.22234684775557e-12,-1.0957502967632346e-12
2.501,-1.2070902182087397e-12,-1.08231366013601e-12
2.502,-1.1920248832275897e-12,-1.0690410652455347e-12
2.503,-1.1771484327886062e-12,-1.055930519747369e-12
2.504,-1.162458487380823e-12,-1.0429800553435703e-12
2.505,-1.1479526976175798e-12,-1.0301877274947137e-12
2.506,-1.1336287438532459e-12,-1.0175516151353271e-12
2.507,-1.1194843358048449e-12,-1.0050698203927011e-12
2.508,-1.1055172121785155e-12,-9.927404683090351e-13
2.509,-1.091725140300751e-12,-9.805617065668784e-13
2.51,-1.0781059157543493e-12,-9.685317052178297e-13
2.511,-1.0646573620190194e-12,-9.566486564144555e-13
2.512,-1.051377330116581e-12,-9.449107741453919e-13
2.513,-1.0382636982606976e-12,-9.333162939735884e-13
2.514,-1.0253143715110892e-12,-9.218634727776616e-13
2.515,-1.0125272814321607e-12,-9.105505884963182e-13
2.516,-9.999003857559957e-13,-8.993759398758152e-13
2.517,-9.874316680496546e-13,-8.88337846220418e-13
2.518,-9.751191373867252e-13,-8.774346471458234e-13
2.519,-9.629608280230691e-13,-8.666647023355127e-13
2.52,-9.509547990767104e-13,-8.560263912999995e-13
2.521,-9.39099134211815e-13,-8.455181131389393e-13
2.522,-9.273919413267054e-13,-8.351382863060659e-13
2.523,-9.158313522458625e-13,-8.248853483769232e-13
2.524,-9.044155224158596e-13,-8.147577558193581e-13
2.525,-8.931426306051804e-13,-8.047539837667428e-13
2.526,-8.820108786078711e-13,-7.948725257938943e-13
2.527,-8.710184909509771e-13,-7.851118936956593e-13
2.528,-8.601637146057144e-13,-7.754706172681325e-13
2.529,-8.494448187023305e-13,-7.6594724409248e-13
2.53,-8.388600942486047e-13,-7.565403393213329e-13
2.531,-8.284078538519427e-13,-7.472484854677249e-13
2.532,-8.180864314450197e-13,-7.380702821965412e-13
2.533,-8.078941820149244e-13,-7.290043461184514e-13
2.534,-7.978294813357618e-13,-7.200493105862945e-13
2.535,-7.878907257046678e-13,-7.112038254938905e-13
2.536,-7.780763316811945e-13,-7.02466557077246e-13
2.537,-7.683847358300197e-13,-6.938361877181302e-13
2.538,-7.588143944669411e-13,-6.853114157499889e-13
2.539,-7.493637834081119e-13,-6.768909552661723e-13
2.54,-7.400313977224746e-13,-6.685735359304477e-13
2.541,-7.308157514873554e-13,-6.603579027897708e-13
2.542,-7.217153775471757e-13,-6.522428160892885e-13
2.543,-7.127288272752414e-13,-6.442270510895471e-13
2.544,-7.038546703385721e-13,-6.363093978858804e-13
2.545,-6.950914944657295e-13,-6.284886612299512e-13
2.546,-6.864379052176065e-13,-6.207636603534214e-13
2.547,-6.778925257611412e-13,-6.13133228793725e-13
2.548,-6.69453996645915e-13,-6.055962142219203e-13
2.549,-6.611209755836013e-13,-5.981514782725951e-13
2.55,-6.528921372302255e-13,-5.907978963758021e-13
2.551,-6.447661729712014e-13,-5.835343575910006e-13
2.552,-6.367417907091091e-13,-5.763597644429789e-13
2.553,-6.28817714654178e-13,-5.692730327597366e-13
2.554,-6.209926851174411e-13,-5.622730915123019e-13
2.555,-6.132654583065259e-13,-5.553588826564616e-13
2.556,-6.056348061240481e-13,-5.485293609763813e-13
2.557,-5.980995159685757e-13,-5.417834939300934e-13
2.558,-5.906583905381289e-13,-5.351202614968303e-13
2.559,-5.833102476361853e-13,-5.285386560261823e-13
2.56,-5.760539199801563e-13,-5.220376820890572e-13
2.561,-5.688882550123045e-13,-5.156163563304209e-13
2.562,-5.618121147130705e-13,-5.092737073237981e-13
2.563,-5.54824375416778e-13,-5.030087754275124e-13
2.564,-5.479239276296865e-13,-4.968206126426445e-13
2.565,-5.411096758503625e-13,-4.907082824726887e-13
2.566,-5.343805383923385e-13,-4.846708597848878e-13
2.567,-5.277354472090312e-13,-4.787074306732259e-13
2.568,-5.211733477208895e-13,-4.728170923230604e-13
2.569,-5.146931986447444e-13,-4.669989528773722e-13
2.57,-5.082939718253312e-13,-4.612521313046178e-13
2.571,-5.019746520689586e-13,-4.5557575726816e-13
2.572,-4.957342369792948e-13,-4.4996897099726344e-13
2.573,-4.895717367952445e-13,-4.444309231596324e-13
2.574,-4.834861742308908e-13,-4.38960774735475e-13
2.575,-4.774765843174741e-13,-4.335576968930747e-13
2.576,-4.715420142473834e-13,-4.2822087086585113e-13
2.577,-4.656815232201324e-13,-4.229494878308937e-13
2.578,-4.598941822902977e-13,-4.177427487889489e-13
2.579,-4.541790742173911e-13,-4.125998644458453e-13
2.58,-4.4853529331764327e-13,-4.0752005509533906e-13
2.581,-4.429619453176735e-13,-4.0250255050336223e-13
2.582,-4.3745814721002155e-13,-3.9754658979365845e-13
2.583,-4.3202302711051795e-13,-3.926514213347883e-13
2.584,-4.26655724117469e-13,-3.878163026284895e-13
2.585,-4.2135538817263344e-13,-3.8304050019937424e-13
2.586,-4.1612117992396776e-13,-3.783232894859493e-13
2.587,-4.1095227059011747e-13,-3.7366395473294213e-13
2.588,-4.058478418266325e-13,-3.6906178888491796e-13
2.589,-4.0080708559388387e-13,-3.645160934811726e-13
2.59,-3.9582920402666063e-13,-3.600261785518856e-13
2.591,-3.909134093054252e-13,-3.5559136251551835e-13
2.592,-3.860589235292059e-13,-3.5121097207744395e-13
2.593,-3.8126497859010606e-13,-3.4688434212979185e-13
2.594,-3.765308160494085e-13,-3.4261081565249483e-13
2.595,-3.7185568701525593e-13,-3.383897436155231e-13
2.596,-3.6723885202188574e-13,-3.342204848822915e-13
2.597,-3.626795809104006e-13,-3.3010240611422596e-13
2.598,-3.581771527110548e-13,-3.2603488167647534e-13
2.599,-3.5373085552703676e-13,-3.2201729354475523e-13
2.6,-3.493399864197286e-13,-3.180490312133101e-13
2.601,-3.4500385129542446e-13,-3.141294916039804e-13
2.602,-3.407217647934881e-13,-3.1025807897636144e-13
2.603,-3.3649305017593214e-13,-3.064342048390416e-13
2.604,-3.323170392184004e-13,-3.0265728786190636e-13
2.605,-3.2819307210253545e-13,-2.989267537894955e-13
2.606,-3.2412049730971357e-13,-2.9524203535540146e-13
2.607,-3.2009867151613014e-13,-2.916025721976963e-13
2.608,-3.161269594892177e-13,-2.880078107753743e-13
2.609,-3.122047339853798e-13,-2.844572042857993e-13
2.61,-3.08331375649024e-13,-2.809502125831435e-13
2.611,-3.0450627291287736e-13,-2.774863020978074e-13
2.612,-3.0072882189956773e-13,-2.7406494575680754e-13
2.613,-2.969984263244554e-13,-2.7068562290512226e-13
2.614,-2.933144973996985e-13,-2.673478192279821e-13
2.615,-2.8967645373953633e-13,-2.640510266740956e-13
2.616,-2.860837212667761e-13,-2.607947433797977e-13
2.617,-2.825357331204661e-13,-2.5757847359411095e-13
2.618,-2.7903192956474196e-13,-2.5440172760470763e-13
2.619,-2.7557175789882916e-13,-2.512640216647628e-13
2.62,-2.72154672368189e-13,-2.4816487792068756e-13
2.621,-2.6878013407679156e-13,-2.4510382434073117e-13
2.622,-2.6544761090050263e-13,-2.420803946444432e-13
2.623,-2.6215657740157e-13,-2.3909412823298393e-13
2.624,-2.5890651474419463e-13,-2.3614457012027386e-13
2.625,-2.5569691061117356e-13,-2.332312708649718e-13
2.626,-2.525272591216004e-13,-2.303537865032719e-13
2.627,-2.4939706074961014e-13,-2.2751167848250986e-13
2.628,-2.4630582224415505e-13,-2.2470451359556853e-13
2.629,-2.4325305654979804e-13,-2.2193186391607324e-13
2.63,-2.4023828272851114e-13,-2.1919330673436785e-13
2.631,-2.3726102588246603e-13,-2.1648842449426177e-13
2.632,-2.3432081707780347e-13,-2.1381680473053893e-13
2.633,-2.3141719326937033e-13,-2.1117804000721962e-13
2.634,-2.285496972264104e-13,-2.0857172785656608e-13
2.635,-2.2571787745919838e-13,-2.0599747071882305e-13
2.636,-2.2292128814660337e-13,-2.0345487588268458e-13
2.637,-2.2015948906457176e-13,-2.0094355542647812e-13
2.638,-2.1743204551551623e-13,-1.9846312616005766e-13
2.639,-2.147385282586004e-13,-1.9601320956739722e-13
2.64,-2.1207851344090716e-13,-1.9359343174987644e-13
2.641,-2.0945158252947964e-13,-1.9120342337024981e-13
2.642,-2.0685732224422372e-13,-1.8884281959729174e-13
2.643,-2.0429532449166076e-13,-1.8651126005110875e-13
2.644,-2.017651862995204e-13,-1.8420838874911165e-13
2.645,-1.992665097521619e-13,-1.8193385405263895e-13
2.646,-1.9679890192681422e-13,-1.7968730861422429e-13
2.647,-1.9436197483062389e-13,-1.774684093255001e-13
2.648,-1.9195534533850054e-13,-1.7527681726572942e-13
2.649,-1.8957863513175013e-13,-1.731121976509592e-13
2.65,-1.8723147063748554e-13,-1.7097421978378663e-13
2.651,-1.8491348296880476e-13,-1.6886255700373222e-13
2.652,-1.8262430786572703e-13,-1.667768866382113e-13
2.653,-1.8036358563687697e-13,-1.647168899540977e-13
2.654,-1.7813096110190754e-13,-1.6268225210987196e-13
2.655,-1.7592608353465213e-13,-1.606726621083471e-13
2.656,-1.737486066069966e-13,-1.5868781274996546e-13
2.657,-1.7159818833346235e-13,-1.5672740058665924e-13
2.658,-1.6947449101649077e-13,-1.547911258762681e-13
2.659,-1.6737718119242076e-13,-1.5287869253750764e-13
2.66,-1.6530592957815033e-13,-1.5098980810548134e-13
2.661,-1.632604110184732e-13,-1.4912418368773018e-13
2.662,-1.612403044340824e-13,-1.47281533920813e-13
2.663,-1.59245292770232e-13,-1.4546157692741155e-13
2.664,-1.5727506294604853e-13,-1.4366403427395363e-13
2.665,-1.5532930580448429e-13,-1.4188863092874856e-13
2.666,-1.5340771606290375e-13,-1.4013509522062832e-13
2.667,-1.5150999226429567e-13,-1.3840315879808863e-13
2.668,-1.4963583672910225e-13,-1.3669255658892388e-13
2.669,-1.477849555076582e-13,-1.3500302676034999e-13
2.67,-1.4595705833323123e-13,-1.3333431067960927e-13
2.671,-1.4415185857565718e-13,-1.3168615287505162e-13
2.672,-1.4236907319556116e-13,-1.3005830099768635e-13
2.673,-1.4060842269915835e-13,-1.284505057831988e-13
2.674,-1.3886963109362632e-13,-1.2686252101442628e-13
2.675,-1.3715242584304183e-13,-1.2529410348428806e-13
2.676,-1.3545653782487501e-13,-1.237450129591634e-13
2.677,-1.337817012870339e-13,-1.2221501214271279e-13
2.678,-1.32127653805452e-13,-1.2070386664013682e-13
2.679,-1.3049413624221243e-13,-1.1921134492286746e-13
2.68,-1.2888089270420128e-13,-1.1773721829368642e-13
2.681,-1.2728767050228416e-13,-1.1628126085226577e-13
2.682,-1.257142201109986e-13,-1.148432494611255e-13
2.683,-1.2416029512875614e-13,-1.1342296371200305e-13
2.684,-1.2262565223854753e-13,-1.1202018589262987e-13
2.685,-1.211100511691447e-13,-1.106347009539103e-13
2.686,-1.1961325465679313e-13,-1.092662964774975e-13
2.687,-1.1813502840738832e-13,-1.0791476264376215e-13
2.688,-1.1667514105913044e-13,-1.0657989220014884e-13
2.689,-1.1523336414565076e-13,-1.052614804299157e-13
2.69,-1.1380947205960428e-13,-1.0395932512125254e-13
2.691,-1.1240324201672219e-13,-1.0267322653677299e-13
2.692,-1.1101445402031866e-13,-1.0140298738337618e-13
2.693,-1.0964289082624606e-13,-1.0014841278247337e-13
2.694,-1.0828833790829284e-13,-9.890931024057539e-14
2.695,-1.0695058342401868e-13,-9.76854896202363e-14
2.696,-1.0562941818102109e-13,-9.647676311134914e-14
2.697,-1.0432463560362812e-13,-9.528294520278937e-14
2.698,-1.0303603170001181e-13,-9.410385265440214e-14
2.699,-1.0176340502971696e-13,-9.293930446932877e-14
2.7,-1.0050655667159997e-13,-9.17891218666689e-14
2.701,-9.926529019217249e-14,-9.065312825447371e-14
2.702,-9.803941161434493e-14,-8.953114920306669e-14
2.703,-9.682872938656454e-14,-8.842301241868785e-14
2.704,-9.563305435234307e-14,-8.732854771745728e-14
2.705,-9.445219972016931e-14,-8.624758699965454e-14
2.706,-9.328598103380132e-14,-8.517996422430991e-14
2.707,-9.213421614293369e-14,-8.412551538410368e-14
2.708,-9.099672517423507e-14,-8.308407848056988e-14
2.709,-8.987333050275125e-14,-8.205549349960082e-14
2.71,-8.87638567236691e-14,-8.103960238724865e-14
2.711,-8.766813062443695e-14,-8.003624902582045e-14
2.712,-8.658598115723662e-14,-7.904527921026339e-14
2.713,-8.551723941180306e-14,-7.806654062483637e-14
2.714,-8.446173858858657e-14,-7.709988282006461e-14
2.715,-8.341931397225405e-14,-7.614515718997405e-14
2.716,-8.238980290552418e-14,-7.52022169496018e-14
2.717,-8.137304476333289e-14,-7.427091711277975e-14
2.718,-8.036888092732465e-14,-7.335111447018755e-14
2.719,-7.937715476066548e-14,-7.24426675676723e-14
2.72,-7.839771158317372e-14,-7.154543668483109e-14
2.721,-7.74303986467643e-14,-7.06592838138538e-14
2.722,-7.647506511120281e-14,-6.978407263862255e-14
2.723,-7.553156202016533e-14,-6.891966851406512e-14
2.724,-7.459974227759998e-14,-6.806593844575887e-14
2.725,-7.367946062438665e-14,-6.722275106978253e-14
2.726,-7.277057361529098e-14,-6.638997663281245e-14
2.727,-7.187293959620881e-14,-6.556748697246086e-14
2.728,-7.09864186816976e-14,-6.475515549785269e-14
2.729,-7.011087273279089e-14,-6.395285717043845e-14
2.73,-6.92461653350927e-14,-6.316046848504024e-14
2.731,-6.839216177714767e-14,-6.237786745112784e-14
2.732,-6.754872902908403e-14,-6.160493357432253e-14
2.733,-6.671573572152572e-14,-6.08415478381255e-14
2.734,-6.589305212477004e-14,-6.008759268586828e-14
2.735,-6.508055012822794e-14,-5.934295200288257e-14
2.736,-6.42781032201231e-14,-5.860751109888686e-14
2.737,-6.348558646744703e-14,-5.788115669058682e-14
2.738,-6.270287649616646e-14,-5.716377688448757e-14
2.739,-6.192985147168026e-14,-5.645526115991459e-14
2.74,-6.116639107952235e-14,-5.575550035224121e-14
2.741,-6.041237650630785e-14,-5.50643866363199e-14
2.742,-5.96676904209191e-14,-5.4381813510115137e-14
2.743,-5.893221695592866e-14,-5.3707675778535165e-14
2.744,-5.820584168925618e-14,-5.304186953746045e-14
2.745,-5.748845162605642e-14,-5.2384292157966326e-14
2.746,-5.6779935180835184e-14,-5.173484227073757e-14
2.747,-5.608018215979046e-14,-5.109341975067249e-14
2.748,-5.5389083743375916e-14,-5.045992570167434e-14
2.749,-5.470653246908392e-14,-4.983426244162766e-14
2.75,-5.4032422214445233e-14,-4.9216333487557535e-14
2.751,-5.336664818024276e-14,-4.860604354096922e-14
2.752,-5.2709106873936556e-14,-4.800329847336633e-14
2.753,-5.205969609329744e-14,-4.7408005311945114e-14
2.754,-5.1418314910246603e-14,-4.682007222546286e-14
2.755,-5.078486365489858e-14,-4.623940851027831e-14
2.756,-5.015924389980502e-14,-4.566592457656193e-14
2.757,-4.954135844439669e-14,-4.509953193467404e-14
2.758,-4.893111129962131e-14,-4.454014318170874e-14
2.759,-4.8328407672774536e-14,-4.398767198820168e-14
2.76,-4.773315395252189e-14,-4.34420330849996e-14
2.761,-4.714525769410908e-14,-4.290314225028977e-14
2.762,-4.65646276047583e-14,-4.237091629678733e-14
2.763,-4.599117352924831e-14,-4.184527305907866e-14
2.764,-4.542480643567578e-14,-4.132613138111889e-14
2.765,-4.4865438401395826e-14,-4.081341110388162e-14
2.766,-4.431298259913922e-14,-4.03070330531591e-14
2.767,-4.3767353283304295e-14,-3.980691902751101e-14
2.768,-4.322846577642112e-14,-3.931299178635996e-14
2.769,-4.2696236455785927e-14,-3.8825175038232113e-14
2.77,-4.2170582740263585e-14,-3.834339342914096e-14
2.771,-4.165142307725592e-14,-3.78675725311127e-14
2.772,-4.113867692983394e-14,-3.739763883085137e-14
2.773,-4.063226476403173e-14,-3.693351971854212e-14
2.774,-4.0132108036300155e-14,-3.6475143476790923e-14
2.775,-3.963812918111812e-14,-3.602243926969906e-14
2.776,-3.9150251598759666e-14,-3.5575337132070744e-14
2.777,-3.866839964321469e-14,-3.513376795875234e-14
2.778,-3.819249861026153e-14,-3.4697663494101454e-14
2.779,-3.772247472568937e-14,-3.426695632158443e-14
2.78,-3.725825513366867e-14,-3.3841579853500676e-14
2.781,-3.679976788526766e-14,-3.3421468320832196e-14
2.782,-3.634694192711316e-14,-3.3006556763216966e-14
2.783,-3.589970709019378e-14,-3.259678101904448e-14
2.784,-3.5457994078803843e-14,-3.219207771567212e-14
2.785,-3.502173445962611e-14,-3.1792384259760836e-14
2.786,-3.4590860650951684e-14,-3.1397638827728625e-14
2.787,-3.416530591203524e-14,-3.100778035632051e-14
2.788,-3.3745004332584e-14,-3.062274853329348e-14
2.789,-3.3329890822378674e-14,-3.0242483788215093e-14
2.79,-3.2919901101024695e-14,-2.9866927283374306e-14
2.791,-3.25149716878322e-14,-2.9496020904803154e-14
2.792,-3.2115039891823034e-14,-2.9129707253408017e-14
2.793,-3.1720043801863196e-14,-2.876792963620906e-14
2.794,-3.132992227691921e-14,-2.8410632057686547e-14
2.795,-3.094461493643676e-14,-2.8057759211232813e-14
2.796,-3.056406215084008e-14,-2.7709256470708472e-14
2.797,-3.018820503215068e-14,-2.7365069882101714e-14
2.798,-2.981698542472369e-14,-2.7025146155289392e-14
2.799,-2.945034589610056e-14,-2.6689432655898658e-14
2.8,-2.9088229727976497e-14,-2.6357877397267942e-14
2.801,-2.873058090728123e-14,-2.603042903250607e-14
2.802,-2.8377344117371777e-14,-2.5707036846648282e-14
2.803,-2.8028464729335582e-14,-2.538765074890808e-14
2.804,-2.7683888793402885e-14,-2.5072221265023603e-14
2.805,-2.734356303046674e-14,-2.47606995296975e-14
2.806,-2.7007434823709455e-14,-2.4453037279129086e-14
2.807,-2.6675452210334035e-14,-2.414918684363773e-14
2.808,-2.6347563873399364e-14,-2.384910114037626e-14
2.809,-2.6023719133757777e-14,-2.3552733666133436e-14
2.81,-2.570386794209373e-14,-2.3260038490224274e-14
2.811,-2.538796087106234e-14,-2.297097024746723e-14
2.812,-2.5075949107526477e-14,-2.2685484131247167e-14
2.813,-2.4767784444891202e-14,-2.2403535886663068e-14
2.814,-2.4463419275534335e-14,-2.2125081803759454e-14
2.815,-2.4162806583331894e-14,-2.1850078710840484e-14
2.816,-2.386589993627725e-14,-2.157848396786577e-14
2.817,-2.3572653479192824e-14,-2.1310255459926874e-14
2.818,-2.328302192653313e-14,-2.1045351590803497e-14
2.819,-2.2996960555278e-14,-2.0783731276598464e-14
2.82,-2.2714425197914943e-14,-2.0525353939450434e-14
2.821,-2.2435372235509384e-14,-2.0270179501323498e-14
2.822,-2.2159758590861813e-14,-2.001816837787266e-14
2.823,-2.188754172175062e-14,-1.9769281472384315e-14
2.824,-2.161867961425966e-14,-1.9523480169790773e-14
2.825,-2.1353130776189357e-14,-1.9280726330757983e-14
2.826,-2.109085423055043e-14,-1.9040982285845516e-14
2.827,-2.0831809509139074e-14,-1.880421082973796e-14
2.828,-2.0575956646192648e-14,-1.8570375215546822e-14
2.829,-2.032325617212484e-14,-1.8339439149182146e-14
2.83,-2.0073669107339292e-14,-1.8111366783792908e-14
2.831,-1.9827156956120732e-14,-1.788612271427543e-14
2.832,-1.958368170060258e-14,-1.7663671971848942e-14
2.833,-1.9343205794810125e-14,-1.744398001869749e-14
2.834,-1.9105692158778306e-14,-1.7227012742677373e-14
2.835,-1.8871104172743123e-14,-1.7012736452089326e-14
2.836,-1.86394056714058e-14,-1.680111787051463e-14
2.837,-1.8410560938268744e-14,-1.6592124131714437e-14
2.838,-1.8184534700042455e-14,-1.6385722774591428e-14
2.839,-1.7961292121122392e-14,-1.6181881738213182e-14
2.84,-1.774079879813505e-14,-1.5980569356896388e-14
2.841,-1.7523020754552246e-14,-1.5781754355351227e-14
2.842,-1.7307924435372853e-14,-1.5585405843885153e-14
2.843,-1.7095476701871088e-14,-1.5391493313665394e-14
2.844,-1.688564482641051e-14,-1.51999866320394e-14
2.845,-1.667839648732295e-14,-1.501085603791258e-14
2.846,-1.6473699763851485e-14,-1.4824072137182604e-14
2.847,-1.627152313115672e-14,-1.4639605898229603e-14
2.848,-1.607183545538555e-14,-1.445742864746155e-14
2.849,-1.5874605988801593e-14,-1.4277512064914184e-14
2.85,-1.567980436497657e-14,-1.409982817990481e-14
2.851,-1.5487400594041838e-14,-1.3924349366739285e-14
2.852,-1.5297365057999297e-14,-1.3751048340471581e-14
2.853,-1.5109668506090998e-14,-1.3579898152715267e-14
2.854,-1.4924282050226603e-14,-1.3410872187506274e-14
2.855,-1.4741177160468093e-14,-1.324394415721632e-14
2.856,-1.4560325660570903e-14,-1.307908809851639e-14
2.857,-1.4381699723580843e-14,-1.2916278368389641e-14
2.858,-1.4205271867486051e-14,-1.2755489640193135e-14
2.859,-1.4031014950923344e-14,-1.2596696899767827e-14
2.86,-1.3858902168938229e-14,-1.2439875441596174e-14
2.861,-1.3688907048797936e-14,-1.228500086500684e-14
2.862,-1.352100344585679e-14,-1.2132049070425866e-14
2.863,-1.3355165539473265e-14,-1.1980996255673791e-14
2.864,-1.319136782897809e-14,-1.1831818912308115e-14
2.865,-1.3029585129692738e-14,-1.1684493822010594e-14
2.866,-1.2869792568997676e-14,-1.1538998053018793e-14
2.867,-1.2711965582449766e-14,-1.1395308956601361e-14
2.868,-1.255607990994818e-14,-1.12534041635765e-14
2.869,-1.2402111591948223e-14,-1.1113261580873106e-14
2.87,-1.2250036965722475e-14,-1.0974859388134045e-14
2.871,-1.2099832661668648e-14,-1.0838176034361064e-14
2.872,-1.1951475599663563e-14,-1.0703190234600829e-14
2.873,-1.1804942985462695e-14,-1.0569880966671564e-14
2.874,-1.1660212307144684e-14,-1.0438227467929849e-14
2.875,-1.1517261331600261e-14,-1.0308209232077015e-14
2.876,-1.1376068101065046e-14,-1.0179806006004715e-14
2.877,-1.1236610929695631e-14,-1.005299778667916e-14
2.878,-1.1098868400188448e-14,-9.927764818063555e-15
2.879,-1.0962819360440844e-14,-9.804087588078274e-15
2.88,-1.0828442920253874e-14,-9.681946825598305e-15
2.881,-1.0695718448076245e-14,-9.561323497487513e-15
2.882,-1.0564625567788938e-14,-9.442198805669274e-15
2.883,-1.0435144155529965e-14,-9.324554184233039e-15
2.884,-1.0307254336558775e-14,-9.20837129657637e-15
2.885,-1.0180936482159801e-14,-9.093632032582047e-15
2.886,-1.0056171206584668e-14,-8.980318505829789e-15
2.887,-9.932939364032574e-15,-8.868413050842173e-15
2.888,-9.811222045668351e-15,-8.757898220364353e-15
2.889,-9.691000576677755e-15,-8.648756782677127e-15
2.89,-9.572256513359512e-15,-8.540971718942995e-15
2.891,-9.454971640253644e-15,-8.43452622058475e-15
2.892,-9.339127967305635e-15,-8.32940368669626e-15
2.893,-9.224707727065998e-15,-8.225587721484989e-15
2.894,-9.111693371924767e-15,-8.123062131745933e-15
2.895,-9.000067571380499e-15,-8.021810924366524e-15
2.896,-8.889813209343363e-15,-7.92181830386218e-15
2.897,-8.780913381471856e-15,-7.823068669942075e-15
2.898,-8.673351392542759e-15,-7.72554661510481e-15
2.899,-8.567110753853888e-15,-7.629236922263567e-15
2.9,-8.462175180659253e-15,-7.534124562400442e-15
2.901,-8.358528589636201e-15,-7.440194692249545e-15
2.902,-8.25615509638415e-15,-7.34743265200856e-15
2.903,-8.15503901295452e-15,-7.255823963078387e-15
2.904,-8.055164845411465e-15,-7.16535432583054e-15
2.905,-7.956517291423027e-15,-7.076009617401955e-15
2.906,-7.859081237882316e-15,-6.987775889516871e-15
2.907,-7.762841758558361e-15,-6.900639366335458e-15
2.908,-7.667784111776248e-15,-6.814586442328861e-15
2.909,-7.573893738126172e-15,-6.729603680180339e-15
2.91,-7.481156258201056e-15,-6.64567780871218e-15
2.911,-7.389557470362377e-15,-6.562795720838071e-15
2.912,-7.299083348533822e-15,-6.480944471540625e-15
2.913,-7.209720040022468e-15,-6.40011127587374e-15
2.914,-7.121453863367096e-15,-6.3202835069895005e-15
2.915,-7.034271306213338e-15,-6.241448694189312e-15
2.916,-6.9481590232152936e-15,-6.163594520998979e-15
2.917,-6.863103833963299e-15,-6.086708823267429e-15
2.918,-6.779092720937517e-15,-6.01077958728879e-15
2.919,-6.696112827487022e-15,-5.93579494794755e-15
2.92,-6.614151455834072e-15,-5.861743186886493e-15
2.921,-6.533196065103234e-15,-5.788612730697158e-15
2.922,-6.453234269375067e-15,-5.7163921491325246e-15
2.923,-6.374253835764054e-15,-5.645070153341665e-15
2.924,-6.2962426825204684e-15,-5.574635594126092e-15
2.925,-6.2191888771558884e-15,-5.505077460217531e-15
2.926,-6.143080634592054e-15,-5.436384876576861e-15
2.927,-6.0679063153327844e-15,-5.368547102713965e-15
2.928,-5.9936544236586516e-15,-5.3015535310282255e-15
2.929,-5.920313605844147e-15,-5.235393685169424e-15
2.93,-5.847872648397039e-15,-5.170057218418784e-15
2.931,-5.776320476319657e-15,-5.1055339120899245e-15
2.932,-5.70564615139182e-15,-5.04181367394946e-15
2.933,-5.635838870475151e-15,-4.9788865366570234e-15
2.934,-5.56688796383849e-15,-4.916742656224473e-15
2.935,-5.498782893504162e-15,-4.855372310494037e-15
2.936,-5.431513251614825e-15,-4.794765897635171e-15
2.937,-5.365068758820651e-15,-4.734913934659904e-15
2.938,-5.2994392626865756e-15,-4.675807055956439e-15
2.939,-5.234614736119373e-15,-4.61743601184078e-15
2.94,-5.170585275814309e-15,-4.5597916671261864e-15
2.941,-5.107341100721117e-15,-4.502864999710205e-15
2.942,-5.044872550529071e-15,-4.446647099179089e-15
2.943,-4.983170084170902e-15,-4.391129165429386e-15
2.944,-4.922224278345335e-15,-4.3363025073064725e-15
2.945,-4.862025826058001e-15,-4.282158541259841e-15
2.946,-4.802565535180509e-15,-4.228688790014929e-15
2.947,-4.743834327027436e-15,-4.1758848812612855e-15
2.948,-4.685823234951025e-15,-4.123738546356876e-15
2.949,-4.6285234029533555e-15,-4.072241619048338e-15
2.95,-4.571926084315786e-15,-4.021386034206964e-15
2.951,-4.5160226402454334e-15,-3.97116382658026e-15
2.952,-4.460804538538489e-15,-3.921567129558845e-15
2.953,-4.4062633522601584e-15,-3.8725881739585415e-15
2.954,-4.3523907584410195e-15,-3.8242192868174414e-15
2.955,-4.29917853678958e-15,-3.776452890207782e-15
2.956,-4.2466185684208565e-15,-3.729281500062448e-15
2.957,-4.1947028346007516e-15,-3.682697725015906e-15
2.958,-4.143423415506047e-15,-3.636694265259416e-15
2.959,-4.092772488999808e-15,-3.5912639114103255e-15
2.96,-4.0427423294220145e-15,-3.5463995433952935e-15
2.961,-3.993325306395223e-15,-3.5020941293472453e-15
2.962,-3.944513883645075e-15,-3.458340724515923e-15
2.963,-3.896300617835467e-15,-3.415132470191838e-15
2.964,-3.8486781574181896e-15,-3.3724625926434744e-15
2.965,-3.8016392414968755e-15,-3.330324402067581e-15
2.966,-3.755176698705054e-15,-3.2887112915523808e-15
2.967,-3.7092834460981555e-15,-3.2476167360535564e-15
2.968,-3.6639524880592754e-15,-3.2070342913828353e-15
2.969,-3.619176915218542e-15,-3.1669575932090386e-15
2.97,-3.574949903385903e-15,-3.1273803560714252e-15
2.971,-3.53126471249718e-15,-3.088296372405193e-15
2.972,-3.4881146855732034e-15,-3.0496995115789756e-15
2.973,-3.4454932476918905e-15,-3.0115837189442012e-15
2.974,-3.4033939049730817e-15,-2.973943014896154e-15
2.975,-3.3618102435759913e-15,-2.9367714939466067e-15
2.976,-3.3207359287091103e-15,-2.900063323807871e-15
2.977,-3.280164703652401e-15,-2.8638127444881367e-15
2.978,-3.240090388791642e-15,-2.8280140673979538e-15
2.979,-3.200506880664758e-15,-2.7926616744677204e-15
2.98,-3.161408151019996e-15,-2.757750017276047e-15
2.981,-3.1227882458857953e-15,-2.7232736161888575e-15
2.982,-3.0846412846522056e-15,-2.6892270595091e-15
2.983,-3.0469614591637087e-15,-2.6556050026369335e-15
2.984,-3.0097430328233053e-15,-2.622402167240262e-15
2.985,-2.9729803397077207e-15,-2.5896133404354947e-15
2.986,-2.9366677836935975e-15,-2.557233373978397e-15
2.987,-2.9007998375945313e-15,-2.5252571834649166e-15
2.988,-2.865371042308819e-15,-2.4936797475418585e-15
2.989,-2.8303760059777856e-15,-2.462496107127289e-15
2.99,-2.7958094031545554e-15,-2.431701364640547e-15
2.991,-2.7616659739831406e-15,-2.4012906832417512e-15
2.992,-2.727940523387715e-15,-2.371259286080674e-15
2.993,-2.6946279202719477e-15,-2.341602455554882e-15
2.994,-2.661723096728276e-15,-2.3123155325770193e-15
2.995,-2.6292210472569835e-15,-2.2833939158511232e-15
2.996,-2.597116827994969e-15,-2.254833061157863e-15
2.997,-2.565405555954086e-15,-2.226628480648593e-15
2.998,-2.534082408268926e-15,-2.1987757421481055e-15
2.999,-2.5031426214539387e-15,-2.1712704684659864e-15
3.0,-2.472581490669762e-15,-2.1441083367164595e-15
3.001,-2.442394368998654e-15,-2.117285077646618e-15
3.002,-2.4125766667289138e-15,-2.0907964749729423e-15
3.003,-2.3831238506481724e-15,-2.0646383647259985e-15
3.004,-2.3540314433454532e-15,-2.0388066346032186e-15
3.005,-2.3252950225218832e-15,-2.0132972233296662e-15
3.006,-2.296910220309954e-15,-1.988106120026682e-15
3.007,-2.2688727226012227e-15,-1.9632293635883214e-15
3.008,-2.2411782683823486e-15,-1.938663042065481e-15
3.009,-2.2138226490793635e-15,-1.914403292057623e-15
3.01,-2.1868017079100685e-15,-1.890446298112004e-15
3.011,-2.1601113392444614e-15,-1.866788292130315e-15
3.012,-2.133747487973092e-15,-1.8434255527826422e-15
3.013,-2.107706148883247e-15,-1.8203544049286575e-15
3.014,-2.081983366042866e-15,-1.7975712190459496e-15
3.015,-2.056575232192095e-15,-1.7750724106654135e-15
3.016,-2.031477888142381e-15,-1.7528544398135997e-15
3.017,-2.0066875221830108e-15,-1.7309138104619517e-15
3.018,-1.9822003694950096e-15,-1.7092470699828348e-15
3.019,-1.958012711572295e-15,-1.6878508086122817e-15
3.02,-1.934120875650012e-15,-1.6667216589193658e-15
3.021,-1.9105212341399427e-15,-1.645856295282125e-15
3.022,-1.8872102040729186e-15,-1.6252514333699543e-15
3.023,-1.8641842465481366e-15,-1.6049038296323851e-15
3.024,-1.8414398661892976e-15,-1.5848102807941766e-15
3.025,-1.8189736106074846e-15,-1.5649676233566393e-15
3.026,-1.796782069870692e-15,-1.545372733105114e-15
3.027,-1.7748618759799249e-15,-1.52602252462253e-15
3.028,-1.7532097023517924e-15,-1.5069139508089725e-15
3.029,-1.7318222633075027e-15,-1.4880440024071754e-15
3.03,-1.7106963135681915e-15,-1.4694097075338776e-15
3.031,-1.6898286477564979e-15,-1.451008131216964e-15
3.032,-1.6692160999043132e-15,-1.4328363749383202e-15
3.033,-1.648855542966626e-15,-1.4148915761823342e-15
3.034,-1.6287438883413852e-15,-1.3971709079899724e-15
3.035,-1.6088780853953094e-15,-1.3796715785183612e-15
3.036,-1.5892551209955665e-15,-1.3623908306058102e-15
3.037,-1.5698720190472507e-15,-1.3453259413422047e-15
3.038,-1.550725840036587e-15,-1.3284742216447053e-15
3.039,-1.5318136805797886e-15,-1.3118330158386878e-15
3.04,-1.5131326729774996e-15,-1.2953997012438595e-15
3.041,-1.4946799847747525e-15,-1.2791716877654865e-15
3.042,-1.4764528183263725e-15,-1.263146417490672e-15
3.043,-1.4584484103677598e-15,-1.2473213642896204e-15
3.044,-1.4406640315909846e-15,-1.231694033421828e-15
3.045,-1.4230969862261272e-15,-1.2162619611471377e-15
3.046,-1.4057446116278005e-15,-1.2010227143416008e-15
3.047,-1.3886042778667861e-15,-1.1859738901180823e-15
3.048,-1.3716733873267262e-15,-1.1711131154515564e-15
3.049,-1.3549493743058032e-15,-1.1564380468090291e-15
3.05,-1.3384297046233487e-15,-1.141946369784036e-15
3.051,-1.3221118752313192e-15,-1.1276357987356548e-15
3.052,-1.3059934138305771e-15,-1.11350407643198e-15
3.053,-1.2900718784919201e-15,-1.0995489736980025e-15
3.054,-1.2743448572817966e-15,-1.0857682890678411e-15
3.055,-1.258809967892652e-15,-1.0721598484412719e-15
3.056,-1.243464857277846e-15,-1.0587215047445036e-15
3.057,-1.2283072012910858e-15,-1.0454511375951442e-15
3.058,-1.2133347043303185e-15,-1.0323466529713094e-15
3.059,-1.1985450989860264e-15,-1.0194059828848216e-15
3.06,-1.1839361456938726e-15,-1.0066270850584478e-15
3.061,-1.1695056323916412e-15,-9.940079426071278e-16
3.062,-1.1552513741804196e-15,-9.815465637231426e-16
3.063,-1.1411712129899686e-15,-9.69240981365176e-16
3.064,-1.1272630172482324e-15,-9.570892529512192e-16
3.065,-1.1135246815549316e-15,-9.450894600552728e-16
3.066,-1.099954126359193e-15,-9.332397081077988e-16
3.067,-1.0865492976411637e-15,-9.215381260998773e-16
3.068,-1.0733081665975609e-15,-9.099828662910185e-16
3.069,-1.0602287293311092e-15,-8.985721039205917e-16
3.07,-1.0473090065438144e-15,-8.87304036922819e-16
3.071,-1.0345470432340309e-15,-8.761768856452965e-16
3.072,-1.0219409083972701e-15,-8.65188892570995e-16
3.073,-1.0094886947307091e-15,-8.543383220436988e-16
3.074,-9.971885183413474e-16,-8.436234599968414e-16
3.075,-9.850385184577738e-16,-8.330426136856936e-16
3.076,-9.730368571454911e-16,-8.225941114228653e-16
3.077,-9.61181719025761e-16,-8.122763023170786e-16
3.078,-9.494713109979207e-16,-8.020875560151719e-16
3.079,-9.379038619651304e-16,-7.920262624472963e-16
3.08,-9.264776225635107e-16,-7.820908315752628e-16
3.081,-9.151908648946228e-16,-7.722796931440048e-16
3.082,-9.04041882261256e-16,-7.625912964361131e-16
3.083,-8.930289889064779e-16,-7.530241100294095e-16
3.084,-8.821505197559064e-16,-7.435766215575198e-16
3.085,-8.714048301631667e-16,-7.342473374734081e-16
3.086,-8.607902956584916e-16,-7.250347828158382e-16
3.087,-8.503053117004247e-16,-7.159375009787244e-16
3.088,-8.399482934305924e-16,-7.069540534833365e-16
3.089,-8.297176754315019e-16,-6.980830197533237e-16
3.09,-8.196119114873314e-16,-6.893229968925231e-16
3.091,-8.096294743476727e-16,-6.806725994655175e-16
3.092,-7.997688554941916e-16,-6.721304592809095e-16
3.093,-7.900285649101685e-16,-6.636952251772775e-16
3.094,-7.804071308528847e-16,-6.553655628117821e-16
3.095,-7.70903099628818e-16,-6.471401544513878e-16
3.096,-7.615150353716135e-16,-6.390176987666699e-16
3.097,-7.522415198227956e-16,-6.309969106281734e-16
3.098,-7.430811521151854e-16,-6.230765209052927e-16
3.099,-7.340325485589928e-16,-6.152552762676426e-16
3.1,-7.250943424305472e-16,-6.075319389888855e-16
3.101,-7.16265183763637e-16,-5.9990528675299e-16
3.102,-7.075437391434225e-16,-5.923741124628875e-16
3.103,-6.989286915028931e-16,-5.849372240514966e-16
3.104,-6.904187399218361e-16,-5.775934442950897e-16
3.105,-6.820125994282851e-16,-5.703416106289686e-16
3.106,-6.737090008024192e-16,-5.631805749654236e-16
3.107,-6.655066903828809e-16,-5.56109203513947e-16
3.108,-6.574044298754843e-16,-5.4912637660367225e-16
3.109,-6.494009961642824e-16,-5.422309885080126e-16
3.11,-6.414951811249651e-16,-5.354219472714722e-16
3.111,-6.336857914405602e-16,-5.286981745386005e-16
3.112,-6.259716484194061e-16,-5.220586053850672e-16
3.113,-6.183515878153706e-16,-5.155021881508279e-16
3.114,-6.108244596502871e-16,-5.090278842753572e-16
3.115,-6.033891280385803e-16,-5.026346681349225e-16
3.116,-5.960444710140548e-16,-4.963215268818735e-16
3.117,-5.887893803588203e-16,-4.900874602859228e-16
3.118,-5.816227614343259e-16,-4.839314805773928e-16
3.119,-5.7454353301447745e-16,-4.778526122924041e-16
3.12,-5.675506271208139e-16,-4.718498921199828e-16
3.121,-5.606429888597144e-16,-4.659223687510615e-16
3.122,-5.538195762616141e-16,-4.600691027293509e-16
3.123,-5.470793601222001e-16,-4.542891663040605e-16
3.124,-5.404213238455676e-16,-4.485816432844431e-16
3.125,-5.338444632893075e-16,-4.429456288961418e-16
3.126,-5.273477866115048e-16,-4.373802296393179e-16
3.127,-5.209303141196219e-16,-4.3188456314853645e-16
3.128,-5.145910781212462e-16,-4.2645775805438826e-16
3.129,-5.083291227766752e-16,-4.2109895384682703e-16
3.13,-5.021435039533201e-16,-4.1580730074020016e-16
3.131,-4.960332890819028e-16,-4.1058195953995254e-16
3.132,-4.899975570144256e-16,-4.054221015109826e-16
3.133,-4.840353978838904e-16,-4.003269082476298e-16
3.134,-4.781459129657479e-16,-3.9529557154527393e-16
3.135,-4.723282145410518e-16,-3.9032729327352635e-16
3.136,-4.665814257613018e-16,-3.854212852509928e-16
3.137,-4.609046805149494e-16,-3.8057676912158884e-16
3.138,-4.552971232955498e-16,-3.7579297623238917e-16
3.139,-4.4975790907153775e-16,-3.7106914751299075e-16
3.14,-4.442862031576075e-16,-3.6640453335637194e-16
3.141,-4.388811810876774e-16,-3.6179839350122884e-16
3.142,-4.3354202848941905e-16,-3.5724999691577074e-16
3.143,-4.2826794096033203e-16,-3.5275862168295604e-16
3.144,-4.2305812394534524e-16,-3.4832355488715163e-16
3.145,-4.1791179261592527e-16,-3.439440925021979e-16
3.146,-4.1282817175067407e-16,-3.396195392808613e-16
3.147,-4.078064956173967e-16,-3.3534920864565856e-16
3.148,-4.0284600785662193e-16,-3.311324225810345e-16
3.149,-3.9794596136655644e-16,-3.26968511526877e-16
3.15,-3.931056181894562e-16,-3.228568142733531e-16
3.151,-3.8832424939939675e-16,-3.1879667785704937e-16
3.152,-3.8360113499142553e-16,-3.147874574584001e-16
3.153,-3.7893556377207835e-16,-3.1082851630038843e-16
3.154,-3.743268332512446e-16,-3.069192255485037e-16
3.155,-3.6977424953536296e-16,-3.0305896421194006e-16
3.156,-3.652771272219323e-16,-2.9924711904602046e-16
3.157,-3.6083478929532117e-16,-2.9548308445583163e-16
3.158,-3.564465670238592e-16,-2.9176626240105405e-16
3.159,-3.521117998581962e-16,-2.8809606230197334e-16
3.16,-3.4782983533091103e-16,-2.84471900946657e-16
3.161,-3.4360002895735736e-16,-2.80893202399284e-16
3.162,-3.3942174413772837e-16,-2.7735939790961035e-16
3.163,-3.3529435206032796e-16,-2.7386992582355966e-16
3.164,-3.3121723160603136e-16,-2.7042423149492207e-16
3.165,-3.271897692539217e-16,-2.6702176719814945e-16
3.166,-3.2321135898808816e-16,-2.6366199204223256e-16
3.167,-3.1928140220557007e-16,-2.603443718856475e-16
3.168,-3.153993076254342e-16,-2.570683792523571e-16
3.169,-3.1156449119897077e-16,-2.538334932488553e-16
3.17,-3.0777637602099393e-16,-2.5063919948224117e-16
3.171,-3.040343922422336e-16,-2.4748498997930953e-16
3.172,-3.003379769828052e-16,-2.4437036310664597e-16
3.173,-2.9668657424674366e-16,-2.4129482349171406e-16
3.174,-2.9307963483758847e-16,-2.3825788194492156e-16
3.175,-2.8951661627500767e-16,-2.3525905538265466e-16
3.176,-2.8599698271244666e-16,-2.322978667512673e-16
3.177,-2.8252020485579033e-16,-2.2937384495201454e-16
3.178,-2.790857598830253e-16,-2.2648652476691733e-16
3.179,-2.7569313136489e-16,-2.236354467855485e-16
3.18,-2.723418091865011e-16,-2.2082015733272698e-16
3.181,-2.6903128946994323e-16,-2.1804020839711042e-16
3.182,-2.657610744978105e-16,-2.1529515756067425e-16
3.183,-2.625306726376886e-16,-2.125845679290663e-16
3.184,-2.59339598267565e-16,-2.0990800806282653e-16
3.185,-2.561873717021564e-16,-2.0726505190946074e-16
3.186,-2.5307351912014206e-16,-2.0465527873635785e-16
3.187,-2.499975724922915e-16,-2.0207827306454036e-16
3.188,-2.469590695104757e-16,-1.9953362460323755e-16
3.189,-2.439575535175512e-16,-1.9702092818527132e-16
3.19,-2.4099257343810607e-16,-1.9453978370324448e-16
3.191,-2.3806368371005676e-16,-1.920897960465219e-16
3.192,-2.351704442170861e-16,-1.8967057503899401e-16
3.193,-2.3231242022191183e-16,-1.8728173537761388e-16
3.194,-2.2948918230037447e-16,-1.8492289657169738e-16
3.195,-2.267003062763362e-16,-1.8259368288297772e-16
3.196,-2.2394537315737925e-16,-1.8029372326640454e-16
3.197,-2.2122396907129454e-16,-1.7802265131167837e-16
3.198,-2.1853568520335082e-16,-1.7578010518551186e-16
3.199,-2.1588011773433453e-16,-1.7356572757460786e-16
3.2,-2.1325686777935119e-16,-1.713791656293465e-16
3.201,-2.1066554132737845e-16,-1.6922007090817146e-16
3.202,-2.0810574918156206e-16,-1.6708809932266782e-16
3.203,-2.05577106900245e-16,-1.6498291108332196e-16
3.204,-2.030792347387216e-16,-1.629041706459556e-16
3.205,-2.0061175759170653e-16,-1.6085154665882567e-16
3.206,-1.981743049365111e-16,-1.588247119103813e-16
3.207,-1.9576651077691724e-16,-1.5682334327767031e-16
3.208,-1.9338801358774094e-16,-1.548471216753869e-16
3.209,-1.9103845626007664e-16,-1.528957320055524e-16
3.21,-1.887174860472141e-16,-1.509688631078218e-16
3.211,-1.864247545112196e-16,-1.490662077104075e-16
3.212,-1.8415991747017296e-16,-1.471874623816137e-16
3.213,-1.819226349460527e-16,-1.4533232748197242e-16
3.214,-1.7971257111326126e-16,-1.4350050711697527e-16
3.215,-1.7752939424778199e-16,-1.4169170909039245e-16
3.216,-1.753727766769608e-16,-1.3990564485817206e-16
3.217,-1.7324239472990423e-16,-1.3814202948291274e-16
3.218,-1.7113792868848658e-16,-1.3640058158890204e-16
3.219,-1.6905906273895854e-16,-1.346810233177142e-16
3.22,-1.6700548492414996e-16,-1.3298308028435951e-16
3.221,-1.6497688709625947e-16,-1.3130648153397947e-16
3.222,-1.6297296487022348e-16,-1.2965095949907978e-16
3.223,-1.609934175776578e-16,-1.2801624995729572e-16
3.224,-1.5903794822136453e-16,-1.2640209198968237e-16
3.225,-1.5710626343039743e-16,-1.248082279395235e-16
3.226,-1.5519807341567877e-16,-1.23234403371653e-16
3.227,-1.5331309192616096e-16,-1.2168036703228187e-16
3.228,-1.5145103620552615e-16,-1.201458708093251e-16
3.229,-1.4961162694941747e-16,-1.1863066969322185e-16
3.23,-1.4779458826319477e-16,-1.171345217382428e-16
3.231,-1.459996476202091e-16,-1.1565718802427908e-16
3.232,-1.4422653582058915e-16,-1.1419843261910633e-16
3.233,-1.4247498695053322e-16,-1.1275802254111804e-16
3.234,-1.4074473834210096e-16,-1.1133572772252263e-16
3.235,-1.3903553053349825e-16,-1.0993132097299829e-16
3.236,-1.3734710722984954e-16,-1.0854457794379999e-16
3.237,-1.3567921526445126e-16,-1.07175277092313e-16
3.238,-1.3403160456050083e-16,-1.0582319964704738e-16
3.239,-1.32404028093295e-16,-1.0448812957306801e-16
3.24,-1.3079624185289194e-16,-1.031698535378548e-16
3.241,-1.2920800480723146e-16,-1.018681608775876e-16
3.242,-1.276390788657075e-16,-1.0058284356385056e-16
3.243,-1.2608922884318758e-16,-9.931369617075104e-17
3.244,-1.245582224244733e-16,-9.806051584244739e-17
3.245,-1.2304583012919713e-16,-9.682310226108099e-17
3.246,-1.2155182527714938e-16,-9.56012576151073e-17
3.247,-1.2007598395403062e-16,-9.43947865680211e-17
3.248,-1.1861808497762395e-16,-9.320349622747078e-17
3.249,-1.1717790986438228e-16,-9.202719611475726e-17
3.25,-1.1575524279642513e-16,-9.086569813471235e-17
3.251,-1.1434987058894035e-16,-8.97188165459521e-17
3.252,-1.1296158265798542e-16,-8.858636793150037e-17
3.253,-1.1159017098868351e-16,-8.746817116977815e-17
3.254,-1.102354301038096e-16,-8.636404740595383e-17
3.255,-1.0889715703276169e-16,-8.52738200236503e-17
3.256,-1.0757515128091245e-16,-8.419731461700414e-17
3.257,-1.0626921479933654e-16,-8.313435896307268e-17
3.258,-1.0497915195490914e-16,-8.208478299458461e-17
3.259,-1.0370476950077089e-16,-8.104841877302975e-17
3.26,-1.0244587654715506e-16,-8.0025100462084e-17
3.261,-1.0120228453257214e-16,-7.901466430136505e-17
3.262,-9.997380719534772e-17,-7.801694858051494e-17
3.263,-9.87602605455092e-17,-7.703179361360529e-17
3.264,-9.756146283701708e-17,-7.605904171386127e-17
3.265,-9.63772345403365e-17,-7.509853716870028e-17
3.266,-9.520739831534505e-17,-7.415012621508151e-17
3.267,-9.405177898457252e-17,-7.321365701516247e-17
3.268,-9.291020350676856e-17,-7.228897963225867e-17
3.269,-9.178250095079429e-17,-7.137594600710273e-17
3.27,-9.066850246983382e-17,-7.047440993439911e-17
3.271,-8.956804127592174e-17,-6.958422703967098e-17
3.272,-8.848095261478274e-17,-6.87052547563953e-17
3.273,-8.740707374097946e-17,-6.783735230342288e-17
3.274,-8.634624389336488e-17,-6.698038066267951e-17
3.275,-8.529830427083543e-17,-6.613420255714504e-17
3.276,-8.426309800838105e-17,-6.529868242910672e-17
3.277,-8.324047015342884e-17,-6.447368641868333e-17
3.278,-8.223026764247631e-17,-6.365908234261702e-17
3.279,-8.123233927801097e-17,-6.285473967332934e-17
3.28,-8.02465357057126e-17,-6.206052951823807e-17
3.281,-7.927270939193475e-17,-6.12763245993319e-17
3.282,-7.831071460146208e-17,-6.05019992329996e-17
3.283,-7.736040737554007e-17,-5.973742931011032e-17
3.284,-7.64216455101739e-17,-5.898249227634238e-17
3.285,-7.5494288534693e-17,-5.8237067112757e-17
3.286,-7.457819769057812e-17,-5.750103431661413e-17
3.287,-7.367323591054778e-17,-5.677427588242735e-17
3.288,-7.277926779790069e-17,-5.605667528325495e-17
3.289,-7.18961596061112e-17,-5.534811745222406e-17
3.29,-7.102377921867457e-17,-5.4648488764285056e-17
3.291,-7.016199612919906e-17,-5.3957677018193475e-17
3.292,-6.931068142174165e-17,-5.327557141871637e-17
3.293,-6.846970775138471e-17,-5.260206255906051e-17
3.294,-6.763894932505028e-17,-5.1937042403519626e-17
3.295,-6.68182818825493e-17,-5.128040427033792e-17
3.296,-6.600758267786288e-17,-5.0632042814787196e-17
3.297,-6.520673046065269e-17,-4.999185401245498e-17
3.298,-6.441560545799763e-17,-4.935973514274092e-17
3.299,-6.363408935635412e-17,-4.873558477255898e-17
3.3,-6.286206528373718e-17,-4.811930274024282e-17
3.301,-6.209941779211964e-17,-4.7510790139651794e-17
3.302,-6.134603284004669e-17,-4.6909949304475136e-17
3.303,-6.06017977754633e-17,-4.631668379273188e-17
3.304,-5.98666013187518e-17,-4.5730898371463995e-17
3.305,-5.914033354597695e-17,-4.515249900162041e-17
3.306,-5.842288587233624e-17,-4.4581392823129534e-17
3.307,-5.771415103581244e-17,-4.401748814015791e-17
3.308,-5.701402308102652e-17,-4.34606944065527e-17
3.309,-5.632239734328788e-17,-4.2910922211465734e-17
3.31,-5.563917043283986e-17,-4.236808326515683e-17
3.311,-5.4964240219298023e-17,-4.1832090384974136e-17
3.312,-5.4297505816278815e-17,-4.130285748150944e-17
3.313,-5.363886756621629e-17,-4.078029954492598e-17
3.314,-5.298822702536458e-17,-4.026433263145698e-17
3.315,-5.2345486948983864e-17,-3.975487385007245e-17
3.316,-5.171055127670759e-17,-3.925184134931237e-17
3.317,-5.1083325118088615e-17,-3.87551543042841e-17
3.318,-5.0463714738322266e-17,-3.8264732903822e-17
3.319,-4.9851627544143943e-17,-3.7780498337807214e-17
3.32,-4.9246972069899274e-17,-3.730237278464568e-17
3.321,-4.8649657963784656e-17,-3.683027939890235e-17
3.322,-4.805959597425604e-17,-3.636414229908963e-17
3.323,-4.7476697936604004e-17,-3.590388655560831e-17
3.324,-4.6900876759692976e-17,-3.544943817883882e-17
3.325,-4.633204641286264e-17,-3.500072410738114e-17
3.326,-4.5770121912989543e-17,-3.455767219644148e-17
3.327,-4.521501931170692e-17,-3.4120211206363813e-17
3.328,-4.466665568278079e-17,-3.3688270791304564e-17
3.329,-4.412494910964042e-17,-3.326178148804861e-17
3.33,-4.3589818673061316e-17,-3.284067470496485e-17
3.331,-4.306118443899871e-17,-3.242488271109962e-17
3.332,-4.2538967446569894e-17,-3.201433862540625e-17
3.333,-4.20230896961835e-17,-3.160897640610897e-17
3.334,-4.151347413781381e-17,-3.1208730840199646e-17
3.335,-4.1010044659418565e-17,-3.08135375330656e-17
3.336,-4.05127260754982e-17,-3.0423332898246815e-17
3.337,-4.002144411579512e-17,-3.003805414732116e-17
3.338,-3.953612541413099e-17,-2.9657639279915696e-17
3.339,-3.9056697497380517e-17,-2.928202707384278e-17
3.34,-3.8583088774580057e-17,-2.891115707535931e-17
3.341,-3.811522852616927e-17,-2.854496958954751e-17
3.342,-3.765304689336438e-17,-2.8183405670815876e-17
3.343,-3.7196474867661174e-17,-2.782640711351867e-17
3.344,-3.674544428046645e-17,-2.7473916442692557e-17
3.345,-3.62998877928561e-17,-2.7125876904908893e-17
3.346,-3.5859738885458353e-17,-2.6782232459240247e-17
3.347,-3.5424931848460714e-17,-2.644292776833969e-17
3.348,-3.499540177173898e-17,-2.6107908189631523e-17
3.349,-3.4571084535106885e-17,-2.5777119766611968e-17
3.35,-3.41519167986849e-17,-2.5450509220258518e-17
3.351,-3.373783599338671e-17,-2.512802394054657e-17
3.352,-3.332878031152199e-17,-2.4809611978071982e-17
3.353,-3.29246886975139e-17,-2.44952220357783e-17
3.354,-3.2525500838730065e-17,-2.4184803460787254e-17
3.355,-3.21311571564256e-17,-2.3878306236331345e-17
3.356,-3.17415987967967e-17,-2.3575680973787146e-17
3.357,-3.135676762214366e-17,-2.327687890480816e-17
3.358,-3.097660620214169e-17,-2.2981851873555915e-17
3.359,-3.060105780521851e-17,-2.2690552329028112e-17
3.36,-3.0230066390037214e-17,-2.240293331748263e-17
3.361,-2.986357659708316e-17,-2.2118948474956146e-17
3.362,-2.9501533740353673e-17,-2.1838552019876237e-17
3.363,-2.9143883799149197e-17,-2.1561698745765775e-17
3.364,-2.879057340996479e-17,-2.1288344014038465e-17
3.365,-2.8441549858480576e-17,-2.1018443746884416e-17
3.366,-2.809676107165006e-17,-2.0751954420244582e-17
3.367,-2.775615560988511e-17,-2.0488833056872997e-17
3.368,-2.7419682659336282e-17,-2.0229037219485692e-17
3.369,-2.7087292024267512e-17,-1.997252500399524e-17
3.37,-2.6758934119523895e-17,-1.971925503282983e-17
3.371,-2.6434559963091448e-17,-1.9469186448335816e-17
3.372,-2.611412116874771e-17,-1.922227890626275e-17
3.373,-2.5797569938802126e-17,-1.8978492569329795e-17
3.374,-2.5484859056925022e-17,-1.873778810087259e-17
3.375,-2.5175941881064193e-17,-1.850012665856946e-17
3.376,-2.4870772336447943e-17,-1.82654698882461e-17
3.377,-2.4569304908673564e-17,-1.8033779917757655e-17
3.378,-2.4271494636880195e-17,-1.7805019350947283e-17
3.379,-2.3977297107005037e-17,-1.7579151261680234e-17
3.38,-2.3686668445121908e-17,-1.735613918795252e-17
3.381,-2.3399565310861086e-17,-1.71359471260732e-17
3.382,-2.3115944890909522e-17,-1.6918539524919416e-17
3.383,-2.2835764892590372e-17,-1.670388128026326e-17
3.384,-2.2558983537520902e-17,-1.649193772916953e-17
3.385,-2.2285559555347826e-17,-1.628267464446356e-17
3.386,-2.201545217755909e-17,-1.6076058229268216e-17
3.387,-2.1748621131371206e-17,-1.587205511160917e-17
3.388,-2.1485026633691172e-17,-1.5670632339087663e-17
3.389,-2.122462938515212e-17,-1.547175737361985e-17
3.39,-2.096739056422172e-17,-1.527539808624195e-17
3.391,-2.07132718213825e-17,-1.5081522751980345e-17
3.392,-2.046223527338322e-17,-1.4890100044785825e-17
3.393,-2.021424349756035e-17,-1.470109903253121e-17
3.394,-1.9969259526228862e-17,-1.45144891720715e-17
3.395,-1.9727246841141494e-17,-1.4330240304365815e-17
3.396,-1.9488169368015598e-17,-1.4148322649660367e-17
3.397,-1.925199147112678e-17,-1.3968706802731646e-17
3.398,-1.9018677947968513e-17,-1.3791363728189137e-17
3.399,-1.8788194023976888e-17,-1.3616264755836759e-17
3.4,-1.856050534731977e-17,-1.3443381576092356e-17
3.401,-1.8335577983749497e-17,-1.3272686235464466e-17
3.402,-1.8113378411518378e-17,-1.3104151132085678e-17
3.403,-1.7893873516356245e-17,-1.2937749011301875e-17
3.404,-1.767703058650925e-17,-1.2773452961316644e-17
3.405,-1.746281730783922e-17,-1.2611236408890184e-17
3.406,-1.7251201758982747e-17,-1.2451073115092034e-17
3.407,-1.7042152406569375e-17,-1.2292937171106917e-17
3.408,-1.6835638100498094e-17,-1.2136802994093091e-17
3.409,-1.6631628069271453e-17,-1.1982645323092503e-17
3.41,-1.6430091915386595e-17,-1.1830439214992117e-17
3.411,-1.6230999610782497e-17,-1.1680160040535796e-17
3.412,-1.6034321492342748e-17,-1.1531783480386072e-17
3.413,-1.584002825745317e-17,-1.1385285521235206e-17
3.414,-1.5648090959613624e-17,-1.1240642451964919e-17
3.415,-1.545848100410333e-17,-1.1097830859854182e-17
3.416,-1.527117014369907e-17,-1.0956827626834464e-17
3.417,-1.5086130474445566e-17,-1.0817609925791848e-17
3.418,-1.490333443147748e-17,-1.0680155216915437e-17
3.419,-1.4722754784892344e-17,-1.0544441244091459e-17
3.42,-1.4544364635673815e-17,-1.0410446031342509e-17
3.421,-1.436813741166464e-17,-1.027814787931136e-17
3.422,-1.4194046863588743e-17,-1.0147525361788796e-17
3.423,-1.4022067061121773e-17,-1.0018557322284907e-17
3.424,-1.3852172389009623e-17,-9.891222870643294e-18
3.425,-1.3684337543234218e-17,-9.765501379697688e-18
3.426,-1.3518537527226082e-17,-9.641372481970406e-18
3.427,-1.3354747648123067e-17,-9.518816066412142e-18
3.428,-1.3192943513074705e-17,-9.397812275182586e-18
3.429,-1.3033101025591604e-17,-9.278341500471355e-18
3.43,-1.287519638193935e-17,-9.160384381358711e-18
3.431,-1.2719206067576368e-17,-9.043921800715612e-18
3.432,-1.2565106853635214e-17,-8.928934882142554e-18
3.433,-1.2412875793446744e-17,-8.815404986946781e-18
3.434,-1.2262490219106674e-17,-8.703313711157307e-18
3.435,-1.2113927738083959e-17,-8.592642882577358e-18
3.436,-1.1967166229870544e-17,-8.483374557873705e-18
3.437,-1.1822183842671934e-17,-8.375491019702456e-18
3.438,-1.167895899013809e-17,-8.268974773870846e-18
3.439,-1.1537470348134193e-17,-8.163808546534585e-18
3.44,-1.1397696851550741e-17,-8.059975281430297e-18
3.441,-1.1259617691152533e-17,-7.957458137142627e-18
3.442,-1.1123212310466054e-17,-7.856240484405587e-18
3.443,-1.0988460402704794e-17,-7.756305903437705e-18
3.444,-1.0855341907732017e-17,-7.657638181310555e-18
3.445,-1.0723837009060575e-17,-7.560221309350246e-18
3.446,-1.0593926130889247e-17,-7.464039480571488e-18
3.447,-1.0465589935175211e-17,-7.36907708714377e-18
3.448,-1.0338809318742186e-17,-7.275318717889317e-18
3.449,-1.0213565410423798e-17,-7.182749155812375e-18
3.45,-1.0089839568241767e-17,-7.091353375659457e-18
3.451,-9.967613376618465e-18,-7.001116541510165e-18
3.452,-9.84686864362344e-18,-6.9120240043981974e-18
3.453,-9.72758739825348e-18,-6.824061299962158e-18
3.454,-9.609751887745825e-18,-6.7372141461258184e-18
3.455,-9.493344574924102e-18,-6.651468440807443e-18
3.456,-9.378348135576592e-18,-6.566810259657817e-18
3.457,-9.264745455866446e-18,-6.48322585382663e-18
3.458,-9.152519629773434e-18,-6.400701647756851e-18
3.459,-9.04165395656687e-18,-6.319224237006744e-18
3.46,-8.932131938309313e-18,-6.238780386099186e-18
3.461,-8.823937277390675e-18,-6.159357026397943e-18
3.462,-8.717053874092367e-18,-6.080941254010559e-18
3.463,-8.611465824181116e-18,-6.0035203277175404e-18
3.464,-8.507157416532076e-18,-5.927081666927496e-18
3.465,-8.404113130780915e-18,-5.8516128496579114e-18
3.466,-8.302317635004467e-18,-5.777101610541234e-18
3.467,-8.201755783429648e-18,-5.703535838855962e-18
3.468,-8.102412614170281e-18,-5.630903576582408e-18
3.469,-8.004273346991465e-18,-5.5591930164828534e-18
3.47,-7.907323381101177e-18,-5.488392500205755e-18
3.471,-7.811548292968776e-18,-5.418490516413739e-18
3.472,-7.716933834170059e-18,-5.349475698935059e-18
3.473,-7.623465929258563e-18,-5.281336824938233e-18
3.474,-7.53113067366279e-18,-5.214062813129576e-18
3.475,-7.439914331609036e-18,-5.147642721973329e-18
3.476,-7.349803334069506e-18,-5.082065747934108e-18
3.477,-7.260784276735423e-18,-5.017321223741409e-18
3.478,-7.172843918014803e-18,-4.9533986166758545e-18
3.479,-7.085969177054623e-18,-4.890287526876953e-18
3.48,-7.000147131787052e-18,-4.82797768567208e-18
3.481,-6.9153650169994845e-18,-4.766458953926404e-18
3.482,-6.831610222428058e-18,-4.705721320413531e-18
3.483,-6.748870290874388e-18,-4.645754900206571e-18
3.484,-6.667132916345226e-18,-4.58654993308939e-18
3.485,-6.586385942214764e-18,-4.528096781987799e-18
3.486,-6.506617359409313e-18,-4.470385931420414e-18
3.487,-6.427815304614078e-18,-4.413407985968955e-18
3.488,-6.349968058501756e-18,-4.3571536687677386e-18
3.489,-6.273064043982706e-18,-4.301613820012116e-18
3.49,-6.1970918244764094e-18,-4.246779395485627e-18
3.491,-6.122040102203974e-18,-4.192641465105637e-18
3.492,-6.04789771650142e-18,-4.139191211487216e-18
3.493,-5.974653642153498e-18,-4.086419928525045e-18
3.494,-5.902296987747777e-18,-4.034319019993112e-18
3.495,-5.830816994048778e-18,-3.98287999816198e-18
3.496,-5.76020303239188e-18,-3.9320944824334085e-18
3.497,-5.6904446030967856e-18,-3.8819541979921125e-18
3.498,-5.6215313339002856e-18,-3.832450974474436e-18
3.499,-5.5534529784080985e-18,-3.783576744653738e-18
3.5,-5.4861994145655516e-18,-3.7353235431422765e-18
3.501,-5.41976064314687e-18,-3.687683505109387e-18
3.502,-5.354126786262851e-18,-3.640648865015749e-18
3.503,-5.289288085886692e-18,-3.594211955363538e-18
3.504,-5.225234902397769e-18,-3.548365205462271e-18
3.505,-5.161957713143117e-18,-3.503101140210138e-18
3.506,-5.099447111016428e-18,-3.4584123788906392e-18
3.507,-5.037693803054329e-18,-3.414291633984323e-18
3.508,-4.976688609049747e-18,-3.3707317099954445e-18
3.509,-4.9164224601821396e-18,-3.327725502293353e-18
3.51,-4.856886397664388e-18,-3.2852659959684283e-18
3.511,-4.7980715714061615e-18,-3.24334626470238e-18
3.512,-4.7399692386935334e-18,-3.2019594696527326e-18
3.513,-4.6825707628846686e-18,-3.161098858351313e-18
3.514,-4.625867612121371e-18,-3.120757763616576e-18
3.515,-4.569851358056309e-18,-3.0809296024795838e-18
3.516,-4.5145136745957235e-18,-3.041607875123472e-18
3.517,-4.459846336657433e-18,-3.0027861638362382e-18
3.518,-4.4058412189439386e-18,-2.964458131976677e-18
3.519,-4.352490294730461e-18,-2.9266175229533053e-18
3.52,-4.299785634667716e-18,-2.8892581592161102e-18
3.521,-4.247719405599251e-18,-2.85237394126096e-18
3.522,-4.19628386939317e-18,-2.8159588466465223e-18
3.523,-4.145471381788066e-18,-2.7800069290235265e-18
3.524,-4.095274391252988e-18,-2.7445123171762236e-18
3.525,-4.045685437861277e-18,-2.7094692140758846e-18
3.526,-3.996697152178097e-18,-2.674871895946189e-18
3.527,-3.948302254161494e-18,-2.6407147113403567e-18
3.528,-3.900493552076824e-18,-2.6069920802298674e-18
3.529,-3.853263941424376e-18,-2.5736984931046385e-18
3.53,-3.8066064038800444e-18,-2.5408285100844973e-18
3.531,-3.760514006248879e-18,-2.508376760041827e-18
3.532,-3.714979899431357e-18,-2.4763379397352273e-18
3.533,-3.669997317402235e-18,-2.444706812954067e-18
3.534,-3.625559576201806e-18,-2.4134782096737823e-18
3.535,-3.581660072939436e-18,-2.3826470252217922e-18
3.536,-3.538292284809203e-18,-2.3522082194538905e-18
3.537,-3.4954497681175156e-18,-2.322156815940995e-18
3.538,-3.4531261573225494e-18,-2.2924879011661094e-18
3.539,-3.4113151640853633e-18,-2.2631966237313833e-18
3.54,-3.370010576332556e-18,-2.2342781935751356e-18
3.541,-3.329206257330313e-18,-2.2057278811987174e-18
3.542,-3.2888961447697183e-18,-2.1775410169030957e-18
3.543,-3.249074249863177e-18,-2.1497129900350297e-18
3.544,-3.209734656451835e-18,-2.122239248242724e-18
3.545,-3.170871520123839e-18,-2.0951152967408383e-18
3.546,-3.1324790673433217e-18,-2.068336697584737e-18
3.547,-3.0945515945899756e-18,-2.0418990689538606e-18
3.548,-3.057083467509082e-18,-2.0157980844441078e-18
3.549,-3.020069120071878e-18,-1.9900294723691122e-18
3.55,-2.9835030537461266e-18,-1.9645890150703074e-18
3.551,-2.947379836676768e-18,-1.93947254823566e-18
3.552,-2.9116941028765354e-18,-1.9146759602269752e-18
3.553,-2.876440551426402e-18,-1.890195191415657e-18
3.554,-2.8416139456857523e-18,-1.866026233526821e-18
3.555,-2.807209112512151e-18,-1.8421651289916554e-18
3.556,-2.7732209414905947e-18,-1.8186079703079254e-18
3.557,-2.7396443841721325e-18,-1.7953508994085204e-18
3.558,-2.706474453321739e-18,-1.7723901070379426e-18
3.559,-2.6737062221753304e-18,-1.7497218321366352e-18
3.56,-2.641334823705809e-18,-1.7273423612330566e-18
3.561,-2.6093554498980256e-18,-1.7052480278433969e-18
3.562,-2.5777633510325586e-18,-1.6834352118788493e-18
3.563,-2.5465538349781912e-18,-1.6619003390603328e-18
3.564,-2.515722266492991e-18,-1.6406398803405796e-18
3.565,-2.4852640665338796e-18,-1.6196503513334896e-18
3.566,-2.455174711574595e-18,-1.5989283117506663e-18
3.567,-2.425449732931942e-18,-1.5784703648450382e-18
3.568,-2.3960847161002257e-18,-1.5582731568614817e-18
3.569,-2.3670753000937776e-18,-1.5383333764943545e-18
3.57,-2.338417176797467e-18,-1.5186477543518544e-18
3.571,-2.3101060903251063e-18,-1.4992130624271164e-18
3.572,-2.2821378363856506e-18,-1.4800261135759667e-18
3.573,-2.254508261657099e-18,-1.4610837610012457e-18
3.574,-2.2272132631680026e-18,-1.4423828977436199e-18
3.575,-2.200248787686487e-18,-1.4239204561788035e-18
3.576,-2.1736108311166986e-18,-1.4056934075211037e-18
3.577,-2.1472954379025817e-18,-1.3876987613332164e-18
3.578,-2.121298700438903e-18,-1.3699335650421884e-18
3.579,-2.0956167584894265e-18,-1.3523949034614744e-18
3.58,-2.0702457986121616e-18,-1.3350798983190056e-18
3.581,-2.0451820535915903e-18,-1.3179857077912013e-18
3.582,-2.0204218018777917e-18,-1.3011095260428447e-18
3.583,-1.9959613670323837e-18,-1.2844485827727482e-18
3.584,-1.97179711718119e-18,-1.2680001427651417e-18
3.585,-1.9479254644735595e-18,-1.2517615054467042e-18
3.586,-1.924342864548253e-18,-1.235730004449174e-18
3.587,-1.9010458160058167e-18,-1.2199030071774637e-18
3.588,-1.878030859887365e-18,-1.204277914383213e-18
3.589,-1.8552945791596936e-18,-1.1888521597437113e-18
3.59,-1.8328335982066505e-18,-1.1736232094461187e-18
3.591,-1.810644582326678e-18,-1.158588561776926e-18
3.592,-1.7887242372364652e-18,-1.1437457467165808e-18
3.593,-1.767069308580621e-18,-1.129092325539218e-18
3.594,-1.7456765814473102e-18,-1.1146258904174331e-18
3.595,-1.7245428798897667e-18,-1.100344064032029e-18
3.596,-1.7036650664536205e-18,-1.0862444991866791e-18
3.597,-1.6830400417099641e-18,-1.0723248784274435e-18
3.598,-1.6626647437940905e-18,-1.0585829136670752e-18
3.599,-1.6425361479498319e-18,-1.045016345814059e-18
3.6,-1.6226512660794334e-18,-1.0316229444063228e-18
3.601,-1.603007146298892e-18,-1.0184005072495613e-18
3.602,-1.583600872498695e-18,-1.0053468600601156e-18
3.603,-1.5644295639098938e-18,-9.924598561123523e-19
3.604,-1.545490374675447e-18,-9.797373758904821e-19
3.605,-1.5267804934267664e-18,-9.67177326744767e-19
3.606,-1.5082971428654084e-18,-9.547776425520552e-19
3.607,-1.4900375793498417e-18,-9.425362833805966e-19
3.608,-1.471999092487235e-18,-9.304512351590769e-19
3.609,-1.4541790047301993e-18,-9.185205093498242e-19
3.61,-1.4365746709784281e-18,-9.067421426261324e-19
3.611,-1.4191834781851736e-18,-8.951141965536492e-19
3.612,-1.402002844968501e-18,-8.836347572757793e-19
3.613,-1.3850302212272626e-18,-8.723019352030528e-19
3.614,-1.3682630877617352e-18,-8.611138647064054e-19
3.615,-1.351698955898862e-18,-8.50068703814326e-19
3.616,-1.3353353671220456e-18,-8.391646339138194e-19
3.617,-1.3191698927054343e-18,-8.283998594551387e-19
3.618,-1.3032001333526494e-18,-8.177726076602378e-19
3.619,-1.2874237188398979e-18,-8.072811282348989e-19
3.62,-1.2718383076634178e-18,-7.969236930844886e-19
3.621,-1.2564415866912029e-18,-7.866985960332957e-19
3.622,-1.241231270818956e-18,-7.766041525474077e-19
3.623,-1.2262051026302188e-18,-7.6663869946108e-19
3.624,-1.211360852060627e-18,-7.568005947065541e-19
3.625,-1.1966963160662407e-18,-7.470882170472821e-19
3.626,-1.182209318295902e-18,-7.374999658145144e-19
3.627,-1.1678977087675677e-18,-7.280342606472076e-19
3.628,-1.1537593635485736e-18,-7.186895412352124e-19
3.629,-1.1397921844397772e-18,-7.094642670656985e-19
3.63,-1.1259940986635347e-18,-7.00356917172777e-19
3.631,-1.1123630585554672e-18,-6.913659898902801e-19
3.632,-1.0988970412599652e-18,-6.824900026076573e-19
3.633,-1.0855940484293907e-18,-6.737274915289503e-19
3.634,-1.0724521059269304e-18,-6.650770114348072e-19
3.635,-1.0594692635330529e-18,-6.565371354474972e-19
3.636,-1.0466435946555323e-18,-6.481064547988901e-19
3.637,-1.033973196042987e-18,-6.397835786013601e-19
3.638,-1.0214561875018988e-18,-6.315671336215804e-19
3.639,-1.0090907116170632e-18,-6.234557640571706e-19
3.64,-9.968749334754345e-19,-6.154481313161604e-19
3.641,-9.848070403933214e-19,-6.075429137992359e-19
3.642,-9.728852416468924e-19,-5.997388066847322e-19
3.643,-9.611077682059532e-19,-5.920345217163385e-19
3.644,-9.49472872470954e-19,-5.844287869934806e-19
3.645,-9.379788280131871e-19,-5.769203467643482e-19
3.646,-9.266239293181397e-19,-5.69507961221534e-19
3.647,-9.154064915319584e-19,-5.621904063002495e-19
3.648,-9.04324850210992e-19,-5.54966473479088e-19
3.649,-8.933773610743714e-19,-5.478349695833007e-19
3.65,-8.82562399759595e-19,-5.407947165905553e-19
3.651,-8.71878361581076e-19,-5.33844551439145e-19
3.652,-8.613236612916214e-19,-5.26983325838619e-19
3.653,-8.50896732846806e-19,-5.202099060828005e-19
3.654,-8.40596029172203e-19,-5.135231728651663e-19
3.655,-8.304200219334399e-19,-5.069220210965549e-19
3.656,-8.203672013090449e-19,-5.004053597251766e-19
3.657,-8.104360757660486e-19,-4.939721115588938e-19
3.658,-8.006251718383077e-19,-4.876212130897446e-19
3.659,-7.909330339075195e-19,-4.813516143206827e-19
3.66,-7.813582239868923e-19,-4.75162278594502e-19
3.661,-7.718993215074397e-19,-4.690521824249227e-19
3.662,-7.625549231068693e-19,-4.630203153298078e-19
3.663,-7.533236424210307e-19,-4.570656796664866e-19
3.664,-7.442041098778945e-19,-4.511872904691559e-19
3.665,-7.351949724940309e-19,-4.453841752883352e-19
3.666,-7.262948936735554e-19,-4.396553740323472e-19
3.667,-7.175025530095167e-19,-4.339999388108009e-19
3.668,-7.0881664608769e-19,-4.284169337800508e-19
3.669,-7.00235884292754e-19,-4.2290543499060657e-19
3.67,-6.917589946168163e-19,-4.1746453023647068e-19
3.671,-6.833847194702632e-19,-4.120933189063774e-19
3.672,-6.751118164949029e-19,-4.0679091183691095e-19
3.673,-6.669390583793758e-19,-4.0155643116747857e-19
3.674,-6.588652326768033e-19,-3.9638901019711467e-19
3.675,-6.508891416246489e-19,-3.91287793243094e-19
3.676,-6.430096019667641e-19,-3.8625193550133007e-19
3.677,-6.352254447775927e-19,-3.812806029085369e-19
3.678,-6.275355152885068e-19,-3.7637297200613204e-19
3.679,-6.199386727162506e-19,-3.7152822980585814e-19
3.68,-6.124337900934631e-19,-3.6674557365710254e-19
3.681,-6.0501975410125775e-19,-3.620242111158925e-19
3.682,-5.976954649038316e-19,-3.573633598155454e-19
3.683,-5.904598359850813e-19,-3.5276224733895343e-19
3.684,-5.833117939871994e-19,-3.48220111092481e-19
3.685,-5.762502785512297e-19,-3.4373619818145626e-19
3.686,-5.692742421595545e-19,-3.3930976528723515e-19
3.687,-5.623826499802935e-19,-3.3494007854581887e-19
3.688,-5.555744797135892e-19,-3.306264134280052e-19
3.689,-5.4884872143975585e-19,-3.263680546210541e-19
3.69,-5.422043774692712e-19,-3.2216429591184877e-19
3.691,-5.35640462194586e-19,-3.180144400715329e-19
3.692,-5.291560019437316e-19,-3.1391779874160646e-19
3.693,-5.227500348357019e-19,-3.0987369232146024e-19
3.694,-5.164216106375894e-19,-3.058814498573322e-19
3.695,-5.101697906234545e-19,-3.0194040893266737e-19
3.696,-5.039936474349038e-19,-2.980499155598632e-19
3.697,-4.97892264943362e-19,-2.9420932407338356e-19
3.698,-4.91864738114011e-19,-2.904179970242236e-19
3.699,-4.859101728713814e-19,-2.866753050757087e-19
3.7,-4.800276859665711e-19,-2.8298062690061093e-19
3.701,-4.742164048460767e-19,-2.793333490795657e-19
3.702,-4.684754675222127e-19,-2.757328660007728e-19
3.703,-4.628040224451037e-19,-2.72178579760966e-19
3.704,-4.572012283762279e-19,-2.6866990006763374e-19
3.705,-4.516662542634937e-19,-2.652062441424771e-19
3.706,-4.461982791178314e-19,-2.617870366260879e-19
3.707,-4.407964918912806e-19,-2.584117094838322e-19
3.708,-4.354600913565564e-19,-2.550797019129241e-19
3.709,-4.3018828598807465e-19,-2.5179046025067443e-19
3.71,-4.249802938444208e-19,-2.485434378839e-19
3.711,-4.198353424522428e-19,-2.4533809515947834e-19
3.712,-4.14752668691552e-19,-2.4217389929603365e-19
3.713,-4.0973151868241453e-19,-2.390503242967398e-19
3.714,-4.0477114767301623e-19,-2.359668508632263e-19
3.715,-3.998708199290848e-19,-2.32922966310573e-19
3.716,-3.9502980862465215e-19,-2.2991816448338034e-19
3.717,-3.902473957341413e-19,-2.2695194567290086e-19
3.718,-3.8552287192576114e-19,-2.240238165352195e-19
3.719,-3.8085553645619402e-19,-2.2113329001046863e-19
3.72,-3.7624469706655935e-19,-2.1827988524306513e-19
3.721,-3.716896698796388e-19,-2.154631275029568e-19
3.722,-3.671897792983472e-19,-2.12682548107865e-19
3.723,-3.6274435790543374e-19,-2.0993768434651099e-19
3.724,-3.583527463643999e-19,-2.072280794028141e-19
3.725,-3.540142933216176e-19,-2.045532822810487e-19
3.726,-3.4972835530963383e-19,-2.0191284773194832e-19
3.727,-3.4549429665164796e-19,-1.99306336179745e-19
3.728,-3.4131148936714626e-19,-1.9673331365013187e-19
3.729,-3.3717931307868067e-19,-1.9419335169913744e-19
3.73,-3.3309715491977697e-19,-1.916860273429e-19
3.731,-3.2906440944395975e-19,-1.8921092298833093e-19
3.732,-3.250804785348798e-19,-1.8676762636465549e-19
3.733,-3.211447713175305e-19,-1.8435573045582029e-19
3.734,-3.172567040705407e-19,-1.819748334337562e-19
3.735,-3.134157001395306e-19,-1.7962453859248615e-19
3.736,-3.096211898515174e-19,-1.7730445428306695e-19
3.737,-3.0587261043035868e-19,-1.750141938493549e-19
3.738,-3.021694059132204e-19,-1.727533755645844e-19
3.739,-2.9851102706805753e-19,-1.7052162256874975e-19
3.74,-2.948969313120942e-19,-1.6831856280677942e-19
3.741,-2.913265826312925e-19,-1.6614382896749353e-19
3.742,-2.877994515007969e-19,-1.6399705842333396e-19
3.743,-2.843150148063426e-19,-1.6187789317085768e-19
3.744,-2.8087275576661684e-19,-1.597859797719838e-19
3.745,-2.7747216385656054e-19,-1.5772096929598432e-19
3.746,-2.7411273473159996e-19,-1.5568251726220987e-19
3.747,-2.707939701527961e-19,-1.5367028358354051e-19
3.748,-2.6751537791290127e-19,-1.5168393251055292e-19
3.749,-2.642764717633121e-19,-1.4972313257639456e-19
3.75,-2.6107677134190715e-19,-1.477875565423563e-19
3.751,-2.579158021017593e-19,-1.4587688134413426e-19
3.752,-2.5479309524071213e-19,-1.4399078803877237e-19
3.753,-2.517081876318093e-19,-1.421289617522772e-19
3.754,-2.486606217545673e-19,-1.4029109162789628e-19
3.755,-2.4564994562708064e-19,-1.3847687077505156e-19
3.756,-2.4267571273895022e-19,-1.366859962189201e-19
3.757,-2.3973748198502387e-19,-1.3491816885065334e-19
3.758,-2.368348175999403e-19,-1.3317309337822728e-19
3.759,-2.339672890934657e-19,-1.314504782779151e-19
3.76,-2.311344711866141e-19,-1.2975003574637512e-19
3.761,-2.283359437485418e-19,-1.280714816533455e-19
3.762,-2.2557129173420616e-19,-1.2641453549493862e-19
3.763,-2.2284010512278013e-19,-1.2477892034752728e-19
3.764,-2.201419788568124e-19,-1.2316436282221526e-19
3.765,-2.1747651278212535e-19,-1.2157059301988504e-19
3.766,-2.1484331158844077e-19,-1.1999734448681504e-19
3.767,-2.1224198475072496e-19,-1.184443541708597e-19
3.768,-2.0967214647124466e-19,-1.1691136237818468e-19
3.769,-2.0713341562232502e-19,-1.1539811273055067e-19
3.77,-2.0462541568980089e-19,-1.1390435212313858e-19
3.771,-2.021477747171533e-19,-1.1242983068290949e-19
3.772,-1.997001252503229e-19,-1.1097430172749237e-19
3.773,-1.9728210428319184e-19,-1.0953752172459302e-19
3.774,-1.9489335320372605e-19,-1.0811925025191766e-19
3.775,-1.9253351774077032e-19,-1.0671924995760478e-19
3.776,-1.902022479114876e-19,-1.0533728652115838e-19
3.777,-1.8789919796943526e-19,-1.0397312861487687e-19
3.778,-1.8562402635327036e-19,-1.0262654786577094e-19
3.779,-1.8337639563607632e-19,-1.0129731881796429e-19
3.78,-1.8115597247530334e-19,-9.998521889557132e-20
3.781,-1.7896242756331553e-19,-9.869002836604546e-20
3.782,-1.7679543557853682e-19,-9.741153030399243e-20
3.783,-1.7465467513718887e-19,-9.61495105554424e-20
3.784,-1.7253982874561355e-19,-9.490375770257535e-20
3.785,-1.7045058275317308e-19,-9.367406302889383e-20
3.786,-1.6838662730572055e-19,-9.246022048483745e-20
3.787,-1.6634765629963417e-19,-9.126202665383367e-20
3.788,-1.6433336733640844e-19,-9.007928071877908e-20
3.789,-1.623434616777951e-19,-8.891178442894612e-20
3.79,-1.6037764420148767e-19,-8.775934206730942e-20
3.791,-1.5843562335734286e-19,-8.662176041828685e-20
3.792,-1.5651711112413203e-19,-8.549884873588976e-20
3.793,-1.5462182296681658e-19,-8.439041871227737e-20
3.794,-1.527494777943411e-19,-8.329628444671022e-20
3.795,-1.5089979791793744e-19,-8.221626241489744e-20
3.796,-1.4907250900993393e-19,-8.115017143873318e-20
3.797,-1.4726734006306369e-19,-8.009783265641691e-20
3.798,-1.4548402335026546e-19,-7.905906949295309e-20
3.799,-1.437222943849718e-19,-7.803370763102506e-20
3.8,-1.4198189188187772e-19,-7.702157498223877e-20
3.801,-1.402625577181851e-19,-7.602250165873144e-20
3.802,-1.385640368953159e-19,-7.503631994514049e-20
3.803,-1.3688607750108972e-19,-7.406286427092842e-20
3.804,-1.3522843067235883e-19,-7.310197118305893e-20
3.805,-1.3359085055809627e-19,-7.215347931901995e-20
3.806,-1.319730942829306e-19,-7.121722938018907e-20
3.807,-1.3037492191112265e-19,-7.029306410553719e-20
3.808,-1.2879609641097836e-19,-6.938082824566599e-20
3.809,-1.2723638361969258e-19,-6.848036853717504e-20
3.81,-1.2569555220861881e-19,-6.75915336773544e-20
3.811,-1.2417337364895947e-19,-6.671417429919856e-20
3.812,-1.2266962217787164e-19,-6.584814294673768e-20
3.813,-1.211840747649834e-19,-6.4993294050682e-20
3.814,-1.1971651107931564e-19,-6.414948390437566e-20
3.815,-1.1826671345660442e-19,-6.331657064005591e-20
3.816,-1.1683446686701911e-19,-6.249441420541371e-20
3.817,-1.1541955888327152e-19,-6.168287634045221e-20
3.818,-1.1402177964911114e-19,-6.088182055463899e-20
3.819,-1.12640921848202e-19,-6.009111210434863e-20
3.82,-1.1127678067337637e-19,-5.931061797059182e-20
3.821,-1.099291537962609e-19,-5.85402068370273e-20
3.822,-1.0859784133727035e-19,-5.777974906825314e-20
3.823,-1.0728264583596513e-19,-5.702911668837399e-20
3.824,-1.0598337222176721e-19,-5.628818335984028e-20
3.825,-1.0469982778503122e-19,-5.555682436255667e-20
3.826,-1.0343182214846547e-19,-5.483491657325563e-20
3.827,-1.0217916723889927e-19,-5.412233844513331e-20
3.828,-1.0094167725939201e-19,-5.3418969987744035e-20
3.829,-9.971916866168002e-20,-5.272469274715041e-20
3.83,-9.851146011895714e-20,-5.2039389786325595e-20
3.831,-9.731837249898473e-20,-5.136294566580466e-20
3.832,-9.613972883752745e-20,-5.069524642458187e-20
3.833,-9.497535431211066e-20,-5.0036179561250755e-20
3.834,-9.382507621609554e-20,-4.9385634015383824e-20
3.835,-9.268872393306818e-20,-4.874350014914907e-20
3.836,-9.156612891153876e-20,-4.8109669729160085e-20
3.837,-9.045712463994707e-20,-4.7484035908556875e-20
3.838,-8.936154662197076e-20,-4.686649320931454e-20
3.839,-8.827923235213241e-20,-4.625693750477679e-20
3.84,-8.721002129170216e-20,-4.5655266002411604e-20
3.841,-8.615375484489193e-20,-4.5061377226786026e-20
3.842,-8.511027633533796e-20,-4.447517100275755e-20
3.843,-8.407943098286817e-20,-4.3896548438879124e-20
3.844,-8.30610658805507e-20,-4.332541191101526e-20
3.845,-8.205502997202041e-20,-4.276166504616641e-20
3.846,-8.106117402907987e-20,-4.2205212706499094e-20
3.847,-8.007935062957164e-20,-4.16559609735791e-20
3.848,-7.910941413551833e-20,-4.111381713280524e-20
3.849,-7.815122067152743e-20,-4.057868965804103e-20
3.85,-7.720462810345755e-20,-4.005048819644185e-20
3.851,-7.626949601734305e-20,-3.9529123553475194e-20
3.852,-7.534568569857366e-20,-3.90145076781313e-20
3.853,-7.443306011132635e-20,-3.850655364832205e-20
3.854,-7.353148387824615e-20,-3.8005175656465537e-20
3.855,-7.264082326037295e-20,-3.7510288995254075e-20
3.856,-7.176094613731137e-20,-3.702181004360322e-20
3.857,-7.089172198764073e-20,-3.653965625277961e-20
3.858,-7.003302186956209e-20,-3.606374613270527e-20
3.859,-6.918471840177973e-20,-3.559399923843623e-20
3.86,-6.834668574461398e-20,-3.5130336156813123e-20
3.861,-6.751879958134279e-20,-3.467267849328173e-20
3.862,-6.670093709976914e-20,-3.422094885888122e-20
3.863,-6.589297697401159e-20,-3.3775070857397946e-20
3.864,-6.509479934651533e-20,-3.3334969072682805e-20
3.865,-6.430628581028099e-20,-3.2900569056129936e-20
3.866,-6.35273193913086e-20,-3.247179731431486e-20
3.867,-6.275778453125405e-20,-3.204858129678991e-20
3.868,-6.199756707029553e-20,-3.163084938403507e-20
3.869,-6.124655423020744e-20,-3.121853087556216e-20
3.87,-6.050463459763912e-20,-3.0811555978170454e-20
3.871,-5.977169810759608e-20,-3.040985579435184e-20
3.872,-5.904763602712116e-20,-3.001336231084359e-20
3.873,-5.833234093917323e-20,-2.9622008387326876e-20
3.874,-5.762570672670112e-20,-2.923572774526915e-20
3.875,-5.692762855691026e-20,-2.885445495690868e-20
3.876,-5.623800286571983e-20,-2.8478125434379245e-20
3.877,-5.555672734240806e-20,-2.810667541897341e-20
3.878,-5.488370091444335e-20,-2.7740041970542476e-20
3.879,-5.421882373249913e-20,-2.737816295703148e-20
3.88,-5.356199715565e-20,-2.702097704414738e-20
3.881,-5.291312373674714e-20,-2.6668423685158965e-20
3.882,-5.22721072079707e-20,-2.632044311082657e-20
3.883,-5.163885246655718e-20,-2.5976976319460135e-20
3.884,-5.101326556069943e-20,-2.5637965067103858e-20
3.885,-5.0395253675617494e-20,-2.5303351857845938e-20
3.886,-4.978472511979791e-20,-2.4973079934251717e-20
3.887,-4.9181589311399706e-20,-2.4647093267918728e-20
3.888,-4.858575676482486e-20,-2.4325336550152085e-20
3.889,-4.799713907745138e-20,-2.400775518275866e-20
3.89,-4.741564891652693e-20,-2.3694295268958562e-20
3.891,-4.684120000622113e-20,-2.3384903604412456e-20
3.892,-4.627370711483457e-20,-2.3079527668363166e-20
3.893,-4.5713086042162656e-20,-2.277811561489022e-20
3.894,-4.515925360701241e-20,-2.2480616264275803e-20
3.895,-4.4612127634870363e-20,-2.2186979094480784e-20
3.896,-4.407162694571971e-20,-2.1897154232729364e-20
3.897,-4.353767134200496e-20,-2.1611092447200983e-20
3.898,-4.301018159674225e-20,-2.1328745138828146e-20
3.899,-4.248907944177354e-20,-2.1050064333198765e-20
3.9,-4.1974287556163007e-20,-2.0775002672561782e-20
3.901,-4.1465729554733914e-20,-2.0503513407934643e-20
3.902,-4.0963329976744187e-20,-2.0235550391311446e-20
3.903,-4.046701427469905e-20,-1.99710680679704e-20
3.904,-3.9976708803299135e-20,-1.9710021468879373e-20
3.905,-3.949234080852228e-20,-1.9452366203198262e-20
3.906,-3.9013838416837535e-20,-1.9198058450877002e-20
3.907,-3.8541130624549705e-20,-1.8947054955347912e-20
3.908,-3.8074147287272833e-20,-1.8699313016311274e-20
3.909,-3.7612819109531136e-20,-1.8454790482612896e-20
3.91,-3.715707763448576e-20,-1.8213445745212513e-20
3.911,-3.670685523378591e-20,-1.7975237730241872e-20
3.912,-3.62620850975428e-20,-1.7740125892151365e-20
3.913,-3.5822701224424947e-20,-1.750807020694407e-20
3.914,-3.5388638411873376e-20,-1.7279031165496103e-20
3.915,-3.495983224643519e-20,-1.7052969766962172e-20
3.916,-3.453621909421419e-20,-1.6829847512265275e-20
3.917,-3.4117736091437057e-20,-1.6609626397669427e-20
3.918,-3.370432113513369e-20,-1.6392268908434415e-20
3.919,-3.329591287393038e-20,-1.6177738012551498e-20
3.92,-3.2892450698954346e-20,-1.5965997154559032e-20
3.921,-3.249387473484846e-20,-1.575701024943702e-20
3.922,-3.21001258308946e-20,-1.5550741676579564e-20
3.923,-3.1711145552244517e-20,-1.534715627384424e-20
3.924,-3.132687617125678e-20,-1.514621933167741e-20
3.925,-3.094726065893864e-20,-1.4947896587314518e-20
3.926,-3.0572242676491364e-20,-1.4752154219054398e-20
3.927,-3.020176656695799e-20,-1.455895884060667e-20
3.928,-2.9835777346972125e-20,-1.4368277495511297e-20
3.929,-2.9474220698606565e-20,-1.4180077651629337e-20
3.93,-2.9117042961320666e-20,-1.3994327195704083e-20
3.931,-2.876419112400505e-20,-1.381099442799159e-20
3.932,-2.8415612817122684e-20,-1.363004805695976e-20
3.933,-2.807125630494504e-20,-1.3451457194055133e-20
3.934,-2.7731070477882183e-20,-1.3275191348536462e-20
3.935,-2.739500484490573e-20,-1.3101220422374275e-20
3.936,-2.706300952606348e-20,-1.2929514705215555e-20
3.937,-2.6735035245084635e-20,-1.2760044869412738e-20
3.938,-2.641103332207453e-20,-1.2592781965116163e-20
3.939,-2.609095566629775e-20,-1.242769741542923e-20
3.94,-2.5774754769048593e-20,-1.2264763011625408e-20
3.941,-2.546238369660783e-20,-1.210395090842635e-20
3.942,-2.5153796083284678e-20,-1.1945233619340312e-20
3.943,-2.484894612454299e-20,-1.1788584012060113e-20
3.944,-2.454778857021063e-20,-1.1633975303919891e-20
3.945,-2.4250278717771023e-20,-1.1481381057409897e-20
3.946,-2.395637240573591e-20,-1.1330775175748584e-20
3.947,-2.366602600709826e-20,-1.1182131898511261e-20
3.948,-2.3379196422864465e-20,-1.103542579731462e-20
3.949,-2.3095841075664754e-20,-1.0890631771556375e-20
3.95,-2.2815917903440988e-20,-1.0747725044209365e-20
3.951,-2.2539385353210785e-20,-1.0606681157669376e-20
3.952,-2.2266202374907158e-20,-1.0467475969656051e-20
3.953,-2.1996328415292665e-20,-1.0330085649166163e-20
3.954,-2.172972341194723e-20,-1.0194486672478618e-20
3.955,-2.1466347787328715e-20,-1.0060655819210518e-20
3.956,-2.1206162442905364e-20,-9.928570168423624e-21
3.957,-2.0949128753359243e-20,-9.798207094780601e-21
3.958,-2.0695208560859853e-20,-9.669544264750386e-21
3.959,-2.0444364169407017e-20,-9.54255963286207e-21
3.96,-2.0196558339242222e-20,-9.417231438006668e-21
3.961,-1.995175428132762e-20,-9.293538199786175e-21
3.962,-1.9709915651891805e-20,-9.171458714909287e-21
3.963,-1.9471006547041608e-20,-9.050972053633233e-21
3.964,-1.9234991497439106e-20,-8.932057556251066e-21
3.965,-1.9001835463043017e-20,-8.81469482962391e-21
3.966,-1.877150382791377e-20,-8.698863743757527e-21
3.967,-1.8543962395081393e-20,-8.584544428422672e-21
3.968,-1.8319177381475544e-20,-8.471717269818676e-21
3.969,-1.8097115412916863e-20,-8.360362907279692e-21
3.97,-1.787774351916897e-20,-8.250462230023075e-21
3.971,-1.7661029129050297e-20,-8.141996373939357e-21
3.972,-1.7446940065605085e-20,-8.034946718423273e-21
3.973,-1.7235444541332852e-20,-7.929294883245331e-21
3.974,-1.7026511153475528e-20,-7.825022725463416e-21
3.975,-1.6820108879361664e-20,-7.722112336373881e-21
3.976,-1.6616207071806967e-20,-7.620546038501669e-21
3.977,-1.6414775454570484e-20,-7.52030638262893e-21
3.978,-1.6215784117865776e-20,-7.421376144861677e-21
3.979,-1.6019203513926422e-20,-7.32373832373395e-21
3.98,-1.5825004452625158e-20,-7.22737613734907e-21
3.981,-1.5633158097146046e-20,-7.132273020557452e-21
3.982,-1.5443635959709017e-20,-7.038412622170547e-21
3.983,-1.5256409897346116e-20,-6.945778802210441e-21
3.984,-1.5071452107728915e-20,-6.854355629194663e-21
3.985,-1.4888735125046357e-20,-6.764127377455738e-21
3.986,-1.4708231815932513e-20,-6.675078524495057e-21
3.987,-1.452991537544362e-20,-6.587193748370619e-21
3.988,-1.4353759323083765e-20,-6.500457925118217e-21
3.989,-1.4179737498878713e-20,-6.41485612620564e-21
3.99,-1.4007824059497188e-20,-6.330373616019468e-21
3.991,-1.383799347441912e-20,-6.2469958493840455e-21
3.992,-1.3670220522150263e-20,-6.1647084691122274e-21
3.993,-1.350448028648259e-20,-6.083497303587483e-21
3.994,-1.334074815279997e-20,-6.003348364376965e-21
3.995,-1.3178999804428519e-20,-5.924247843875154e-21
3.996,-1.3019211219031137e-20,-5.846182112977666e-21
3.997,-1.2861358665045656e-20,-5.7691377187848735e-21
3.998,-1.2705418698166095e-20,-5.69310138233492e-21
3.999,-1.2551368157866494e-20,-5.618059996365789e-21
4.0,-1.2399184163966804e-20,-5.5440006231060285e-21
