t/M,Re(Psi_4),Im(Psi_4)
-100.0,2.16007260028384e-10,-1.7749772680267059e-12
-99.99,2.161257002233576e-10,-1.7761449291135845e-12
-99.98,2.162442176172362e-10,-1.7773134598796092e-12
-99.97,2.163628122346349e-10,-1.7784828846884926e-12
-99.96,2.164814842677548e-10,-1.7796532211738547e-12
-99.95,2.1660023370666524e-10,-1.780824445782659e-12
-99.94,2.1671906075958768e-10,-1.7819966641999436e-12
-99.93,2.1683796530187564e-10,-1.7831696001319926e-12
-99.92,2.1695694738668067e-10,-1.784343503733638e-12
-99.91,2.1707600721917258e-10,-1.7855183423713463e-12
-99.9,2.1719514467921413e-10,-1.786694045905295e-12
-99.89,2.173143600548359e-10,-1.7878706327650185e-12
-99.88,2.1743365318172452e-10,-1.7890481057291428e-12
-99.87,2.1755302428786353e-10,-1.7902265079722911e-12
-99.86,2.1767247329375862e-10,-1.7914057999625944e-12
-99.85,2.177920003294305e-10,-1.7925859986094077e-12
-99.84,2.1791160572246316e-10,-1.793767789764861e-12
-99.83,2.180312884377937e-10,-1.7949490586005777e-12
-99.82,2.181510501192867e-10,-1.79613196488691e-12
-99.81,2.182708898784997e-10,-1.7973157352665572e-12
-99.8,2.1839080797955079e-10,-1.7985004896960966e-12
-99.79,2.1851080425144215e-10,-1.7996860840687088e-12
-99.78,2.1863087909902572e-10,-1.8008726273173292e-12
-99.77,2.1875103250799655e-10,-1.8020599431053612e-12
-99.76,2.188712643919189e-10,-1.8032483097889027e-12
-99.75,2.1899157473933204e-10,-1.8044375162997835e-12
-99.74,2.1911196400655324e-10,-1.80562767788346e-12
-99.73,2.1923243197898874e-10,-1.8068186921596815e-12
-99.72,2.1935297867177129e-10,-1.8080105261566778e-12
-99.71,2.1947360413969835e-10,-1.8092035104361923e-12
-99.7,2.1959430867479944e-10,-1.810397257524098e-12
-99.69,2.1971509201937198e-10,-1.81159201983834e-12
-99.68,2.1983595449702576e-10,-1.8127875554565654e-12
-99.67,2.1995689611586192e-10,-1.8139840338826877e-12
-99.66,2.2007791641739517e-10,-1.815181510395806e-12
-99.65,2.2019901660075783e-10,-1.8163797589436765e-12
-99.64,2.2032019589957534e-10,-1.8175790740052066e-12
-99.63,2.2044145436485496e-10,-1.818779291170124e-12
-99.62,2.2056279223820607e-10,-1.819980343758829e-12
-99.61,2.2068420952154761e-10,-1.8211823616921384e-12
-99.6,2.208057062938289e-10,-1.8223851075320016e-12
-99.59,2.20927282891281e-10,-1.8235890927148505e-12
-99.58,2.2104893886865503e-10,-1.8247939138578943e-12
-99.57,2.2117067481101648e-10,-1.825999519656216e-12
-99.56,2.2129249015017567e-10,-1.8272062107551123e-12
-99.55,2.214143855136204e-10,-1.8284136846501968e-12
-99.54,2.215363606744518e-10,-1.8296221959407e-12
-99.53,2.2165841577140737e-10,-1.830831576863435e-12
-99.52,2.217805508959012e-10,-1.8320418406801506e-12
-99.51,2.2190276605753285e-10,-1.833253087185115e-12
-99.5,2.2202506131810437e-10,-1.834465284372804e-12
-99.49,2.2214743680729087e-10,-1.835678362753178e-12
-99.48,2.2226989265047512e-10,-1.836892533032578e-12
-99.47,2.2239242854453176e-10,-1.838107332106602e-12
-99.46,2.2251504483881983e-10,-1.8393232207039718e-12
-99.45,2.2263774161656427e-10,-1.840539995942621e-12
-99.44,2.2276051891590738e-10,-1.8417577378524e-12
-99.43,2.228833767303397e-10,-1.8429763794256495e-12
-99.42,2.2300631504058012e-10,-1.8441960489974905e-12
-99.41,2.231293340797313e-10,-1.845416546023519e-12
-99.4,2.232524338976985e-10,-1.846638053021078e-12
-99.39,2.2337561474309269e-10,-1.847860408285252e-12
-99.38,2.2349887586325994e-10,-1.849083767566152e-12
-99.37,2.2362221833672602e-10,-1.8503080718823382e-12
-99.36,2.2374564162251239e-10,-1.851533334673372e-12
-99.35,2.238691459343824e-10,-1.852759451799066e-12
-99.34,2.239927313460342e-10,-1.8539865921494097e-12
-99.33,2.241163979774494e-10,-1.8552146404575124e-12
-99.32,2.242401457245792e-10,-1.8564436148208727e-12
-99.31,2.2436397485980683e-10,-1.8576735374670797e-12
-99.3,2.2448788537094618e-10,-1.858904331015155e-12
-99.29,2.2461187710309881e-10,-1.8601362634505727e-12
-99.28,2.2473595077570647e-10,-1.861368746961735e-12
-99.27,2.2486010534844287e-10,-1.862602629348816e-12
-99.26,2.249843416155435e-10,-1.86383737144932e-12
-99.25,2.2510865979696535e-10,-1.86507291662729e-12
-99.24,2.2523305950073117e-10,-1.8663095182411016e-12
-99.23,2.2535754108448524e-10,-1.86754698743029e-12
-99.22,2.254821044877763e-10,-1.8687854360931277e-12
-99.21,2.2560674976227667e-10,-1.870024922630362e-12
-99.2,2.2573147700770322e-10,-1.8712652093781364e-12
-99.19,2.258562862774877e-10,-1.872506569318706e-12
-99.18,2.259811776753435e-10,-1.873748762649934e-12
-99.17,2.2610615119918911e-10,-1.8749920100188106e-12
-99.16,2.2623120691842682e-10,-1.876236105775833e-12
-99.15,2.2635634499534247e-10,-1.8774812704205097e-12
-99.14,2.2648156528516508e-10,-1.8787273195418977e-12
-99.13,2.2660686808159186e-10,-1.8799743121953792e-12
-99.12,2.26732253302788e-10,-1.8812223680468806e-12
-99.11,2.2685772096434278e-10,-1.8824713044981077e-12
-99.1,2.2698327106535806e-10,-1.883721431092994e-12
-99.09,2.2710890431449882e-10,-1.8849720707821323e-12
-99.08,2.2723462007246072e-10,-1.886223878558482e-12
-99.07,2.2736041845879113e-10,-1.887476707684484e-12
-99.06,2.2748629979507995e-10,-1.888730462464079e-12
-99.05,2.27612263957402e-10,-1.889985201573834e-12
-99.04,2.2773831116864429e-10,-1.8912408751522392e-12
-99.03,2.2786444137305042e-10,-1.892497502307662e-12
-99.02,2.2799065461221261e-10,-1.8937551798380944e-12
-99.01,2.281169511795687e-10,-1.8950136488281792e-12
-99.0,2.2824333083736034e-10,-1.896273228121683e-12
-98.99,2.2836979392762405e-10,-1.8975337607184735e-12
-98.98,2.2849634009354166e-10,-1.898795326878049e-12
-98.97,2.286229698415251e-10,-1.9000578015025362e-12
-98.96,2.2874968315139387e-10,-1.9013211764135843e-12
-98.95,2.2887647986626467e-10,-1.9025855436350416e-12
-98.94,2.290033601976049e-10,-1.9038510560027088e-12
-98.93,2.2913032413188903e-10,-1.9051174105769004e-12
-98.92,2.2925737189125214e-10,-1.9063847151455475e-12
-98.91,2.2938450328821212e-10,-1.907653003685155e-12
-98.9,2.2951171858605993e-10,-1.9089223316801378e-12
-98.89,2.2963901814163055e-10,-1.9101925260393684e-12
-98.88,2.2976640146296917e-10,-1.911463832352558e-12
-98.87,2.2989386878962455e-10,-1.912735996412367e-12
-98.86,2.3002142029351947e-10,-1.9140092205527275e-12
-98.85,2.3014905582093706e-10,-1.915283377327722e-12
-98.84,2.3027677581766655e-10,-1.916558571764721e-12
-98.83,2.3040458004795317e-10,-1.917834726398557e-12
-98.82,2.3053246860170993e-10,-1.9191117976478187e-12
-98.81,2.3066044126778783e-10,-1.9203901955858926e-12
-98.8,2.307884989929141e-10,-1.9216690607479447e-12
-98.79,2.3091664115774227e-10,-1.922949174037034e-12
-98.78,2.3104486774356414e-10,-1.9242302447811377e-12
-98.77,2.3117317921285401e-10,-1.9255122819003294e-12
-98.76,2.3130157537193112e-10,-1.9267953331205354e-12
-98.75,2.3143005639318033e-10,-1.928079289347386e-12
-98.74,2.315586222689181e-10,-1.929364345989919e-12
-98.73,2.316872731056469e-10,-1.930650386694679e-12
-98.72,2.3181600946051256e-10,-1.931937298310406e-12
-98.71,2.3194482991122417e-10,-1.933225417241555e-12
-98.7,2.3207373596218191e-10,-1.934514423453183e-12
-98.69,2.3220272720484847e-10,-1.9358045095497506e-12
-98.68,2.3233180384226286e-10,-1.937095391746922e-12
-98.67,2.3246096570858956e-10,-1.9383873198154555e-12
-98.66,2.3259021282143126e-10,-1.9396805317441663e-12
-98.65,2.3271954579338415e-10,-1.9409744453569646e-12
-98.64,2.3284896422196334e-10,-1.9422693526060915e-12
-98.63,2.3297846811882364e-10,-1.943565242305124e-12
-98.62,2.3310805773119503e-10,-1.9448623538567583e-12
-98.61,2.3323773311885527e-10,-1.9461602849978627e-12
-98.6,2.333674944059406e-10,-1.947459297528988e-12
-98.59,2.3349734130346507e-10,-1.9487592753433117e-12
-98.58,2.336272743785819e-10,-1.9500602371374934e-12
-98.57,2.3375729321788463e-10,-1.951362211785163e-12
-98.56,2.338873982270632e-10,-1.952665298977189e-12
-98.55,2.340175894592477e-10,-1.9539692859150545e-12
-98.54,2.341478666583808e-10,-1.9552737281083102e-12
-98.53,2.342782304053133e-10,-1.956580380797288e-12
-98.52,2.344086804038263e-10,-1.9578873605084524e-12
-98.51,2.3453921676388787e-10,-1.959195439083372e-12
-98.5,2.3466983957528813e-10,-1.960504512344719e-12
-98.49,2.348005488924948e-10,-1.961814599229517e-12
-98.48,2.349313448761699e-10,-1.9631256197515954e-12
-98.47,2.3506222743051674e-10,-1.9644377899905992e-12
-98.46,2.3519319652639494e-10,-1.965751063291528e-12
-98.45,2.3532425304941036e-10,-1.9670648615947674e-12
-98.44,2.3545539586417393e-10,-1.9683801810943863e-12
-98.43,2.3558662585687574e-10,-1.9696963629655338e-12
-98.42,2.357179428235775e-10,-1.9710135416891594e-12
-98.41,2.3584934669189707e-10,-1.972331773758794e-12
-98.4,2.3598083779655185e-10,-1.9736510298001933e-12
-98.39,2.361124161740338e-10,-1.9749712263899473e-12
-98.38,2.362440817255863e-10,-1.9762925283796953e-12
-98.37,2.3637583459618296e-10,-1.97761480701243e-12
-98.36,2.3650767494481684e-10,-1.9789381094276567e-12
-98.35,2.3663960269733847e-10,-1.980262446295411e-12
-98.34,2.3677161794569553e-10,-1.981587945750756e-12
-98.33,2.3690372084389194e-10,-1.9829141887914693e-12
-98.32,2.370359113270309e-10,-1.9842417025187773e-12
-98.31,2.371681896652707e-10,-1.9855701195223826e-12
-98.3,2.373005556323027e-10,-1.9868996023660723e-12
-98.29,2.374330097677966e-10,-1.9882300983477644e-12
-98.28,2.375655515364899e-10,-1.989561702959553e-12
-98.27,2.3769818152581697e-10,-1.990894199697479e-12
-98.26,2.3783089941351217e-10,-1.9922278678748563e-12
-98.25,2.3796370567071546e-10,-1.993562628713203e-12
-98.24,2.3809659970860804e-10,-1.9948982400861314e-12
-98.23,2.3822958233350934e-10,-1.9962349236816994e-12
-98.22,2.383626533859876e-10,-1.9975725816853147e-12
-98.21,2.384958126373245e-10,-1.998911410681016e-12
-98.2,2.3862906043949355e-10,-2.0002512558193537e-12
-98.19,2.3876239681495005e-10,-2.0015921127579125e-12
-98.18,2.388958218038113e-10,-2.002933965397946e-12
-98.17,2.390293353833012e-10,-2.0042769620389832e-12
-98.16,2.391629374358934e-10,-2.0056210315570242e-12
-98.15,2.3929662893811275e-10,-2.006966062465573e-12
-98.14,2.3943040913828427e-10,-2.0083121205675628e-12
-98.13,2.395642781748633e-10,-2.0096592227323115e-12
-98.12,2.3969823623908885e-10,-2.0110073897433284e-12
-98.11,2.398322834296214e-10,-2.012356599698994e-12
-98.1,2.399664197436588e-10,-2.0137067928526907e-12
-98.09,2.401006452174617e-10,-2.0150582118544048e-12
-98.08,2.402349602194261e-10,-2.016410474970197e-12
-98.07,2.403693644114371e-10,-2.0177639337675554e-12
-98.06,2.4050385801776757e-10,-2.0191184570522522e-12
-98.05,2.406384412352233e-10,-2.0204739838176044e-12
-98.04,2.407731139257964e-10,-2.0218304731849302e-12
-98.03,2.409078763081581e-10,-2.023188050616829e-12
-98.02,2.4104272842235677e-10,-2.024546820318939e-12
-98.01,2.411776704191519e-10,-2.0259064176853377e-12
-98.0,2.413127021037439e-10,-2.0272673168361145e-12
-97.99,2.4144782373929016e-10,-2.028629159140103e-12
-97.98,2.4158303530050384e-10,-2.0299921188602607e-12
-97.97,2.417183371119925e-10,-2.031356028335924e-12
-97.96,2.4185372879929726e-10,-2.0327209451909335e-12
-97.95,2.4198921080640815e-10,-2.034087169585945e-12
-97.94,2.421247830064752e-10,-2.0354543291349097e-12
-97.93,2.4226044575812904e-10,-2.0368225368716013e-12
-97.92,2.4239619870941155e-10,-2.038191809603189e-12
-97.91,2.4253204214098866e-10,-2.039562166177453e-12
-97.9,2.426679762258141e-10,-2.040933601553127e-12
-97.89,2.4280400092839956e-10,-2.04230603731632e-12
-97.88,2.429401162698767e-10,-2.04367961129537e-12
-97.87,2.4307632174828215e-10,-2.0450541570547613e-12
-97.86,2.432126192309847e-10,-2.0464298920438046e-12
-97.85,2.433490070379676e-10,-2.0478066948704035e-12
-97.84,2.4348548587082913e-10,-2.0491844889508434e-12
-97.83,2.4362205562800336e-10,-2.0505633901985613e-12
-97.82,2.437587165928414e-10,-2.0519434546224482e-12
-97.81,2.438954686290601e-10,-2.0533244183038272e-12
-97.8,2.4403231202414543e-10,-2.0547065945817896e-12
-97.79,2.441692466561391e-10,-2.0560897884900106e-12
-97.78,2.4430627323338386e-10,-2.0574736628633744e-12
-97.77,2.444433902124688e-10,-2.058859422506746e-12
-97.76,2.445805992108411e-10,-2.060245869865179e-12
-97.75,2.447178995915606e-10,-2.0616333850450583e-12
-97.74,2.4485529218283516e-10,-2.0630219851191962e-12
-97.73,2.44992776279742e-10,-2.064411584592094e-12
-97.72,2.4513035211315294e-10,-2.0658024542821122e-12
-97.71,2.45268019771289e-10,-2.0671943032600124e-12
-97.7,2.45405779508458e-10,-2.0685872216953393e-12
-97.69,2.4554363119184396e-10,-2.0699811069364033e-12
-97.68,2.4568157502770234e-10,-2.07137637873645e-12
-97.67,2.4581961096281265e-10,-2.0727725921429043e-12
-97.66,2.459577392277764e-10,-2.074169800204712e-12
-97.65,2.460959597716847e-10,-2.075568237746305e-12
-97.64,2.462342726533757e-10,-2.0769677397980197e-12
-97.63,2.4637267798847557e-10,-2.07836828025191e-12
-97.62,2.465111759010739e-10,-2.07976998608152e-12
-97.61,2.4664976632280615e-10,-2.0811726949163136e-12
-97.6,2.4678844898969877e-10,-2.0825770042108773e-12
-97.59,2.4692722540313654e-10,-2.083981541183353e-12
-97.58,2.47066094086352e-10,-2.085387555520658e-12
-97.57,2.47205055661452e-10,-2.0867947079030158e-12
-97.56,2.4734411028478697e-10,-2.088202886176623e-12
-97.55,2.4748325778057035e-10,-2.0896122725611623e-12
-97.54,2.4762249846765447e-10,-2.0910226609380617e-12
-97.53,2.477618322882461e-10,-2.0924342442599944e-12
-97.52,2.479012593405078e-10,-2.093846837182597e-12
-97.51,2.480407797222839e-10,-2.095260880957183e-12
-97.5,2.4818039379915075e-10,-2.0966754557640406e-12
-97.49,2.483201007760103e-10,-2.098091406630649e-12
-97.48,2.484599015775976e-10,-2.099508536035641e-12
-97.47,2.4859979604097177e-10,-2.100926663987464e-12
-97.46,2.487397839513721e-10,-2.10234597456442e-12
-97.45,2.4887986575952855e-10,-2.1037663470213638e-12
-97.44,2.4902004146911506e-10,-2.1051878246990046e-12
-97.43,2.4916031097788685e-10,-2.1066104194319976e-12
-97.42,2.4930067456549564e-10,-2.1080341983118523e-12
-97.41,2.4944113197325893e-10,-2.1094590046989174e-12
-97.4,2.495816836385486e-10,-2.1108848537951866e-12
-97.39,2.497223294256177e-10,-2.1123120410302436e-12
-97.38,2.498630695498503e-10,-2.113740202507668e-12
-97.37,2.5000390394144233e-10,-2.1151694901247154e-12
-97.36,2.501448329221339e-10,-2.1165999177114233e-12
-97.35,2.502858564269907e-10,-2.118031298404057e-12
-97.34,2.5042697389098706e-10,-2.1194642172099074e-12
-97.33,2.5056818636693077e-10,-2.120897904192869e-12
-97.32,2.507094936640305e-10,-2.1223328412348226e-12
-97.31,2.5085089588953816e-10,-2.1237688771827274e-12
-97.3,2.509923923726478e-10,-2.1252060603039717e-12
-97.29,2.511339841687358e-10,-2.1266442635149397e-12
-97.28,2.51275670907225e-10,-2.1280836431727893e-12
-97.27,2.514174527485124e-10,-2.1295242068502405e-12
-97.26,2.5155932963151546e-10,-2.130965899468791e-12
-97.25,2.517013018774758e-10,-2.1324087069719236e-12
-97.24,2.5184336922588866e-10,-2.1338525573691514e-12
-97.23,2.519855320129376e-10,-2.135297702201349e-12
-97.22,2.5212779015575776e-10,-2.136743934807605e-12
-97.21,2.5227014406773547e-10,-2.138191159681806e-12
-97.2,2.5241259342893213e-10,-2.1396396318866568e-12
-97.19,2.525551382532364e-10,-2.1410892199281817e-12
-97.18,2.526977791353392e-10,-2.1425399231168977e-12
-97.17,2.528405156484074e-10,-2.1439918718193014e-12
-97.16,2.5298334801531627e-10,-2.1454448577539367e-12
-97.15,2.5312627653137284e-10,-2.1468989011674352e-12
-97.14,2.5326930087505744e-10,-2.1483542881558467e-12
-97.13,2.534124211474869e-10,-2.1498107098413976e-12
-97.12,2.535556381453004e-10,-2.151268245045102e-12
-97.11,2.5369895107543503e-10,-2.1527270475343593e-12
-97.1,2.5384236036334724e-10,-2.154186810253078e-12
-97.09,2.539858659746525e-10,-2.155647776138052e-12
-97.08,2.5412946805483226e-10,-2.1571100110273332e-12
-97.07,2.542731669693057e-10,-2.158573299236201e-12
-97.06,2.54416962299227e-10,-2.1600377505685268e-12
-97.05,2.5456085442083676e-10,-2.16150330920867e-12
-97.04,2.5470484330726776e-10,-2.1629701195642764e-12
-97.03,2.5484892901193234e-10,-2.1644379818803204e-12
-97.02,2.5499311183806906e-10,-2.16590701662289e-12
-97.01,2.551373912988131e-10,-2.1673772191726035e-12
-97.0,2.5528176806464645e-10,-2.168848588845977e-12
-96.99,2.5542624197251957e-10,-2.17032108273194e-12
-96.98,2.5557081311513227e-10,-2.1717947672114894e-12
-96.97,2.5571548156726934e-10,-2.1732696169171205e-12
-96.96,2.558602474282403e-10,-2.174745589795016e-12
-96.95,2.560051107570455e-10,-2.176222729585999e-12
-96.94,2.561500713066834e-10,-2.1777010796903646e-12
-96.93,2.562951301891599e-10,-2.179180686235872e-12
-96.92,2.564402862215024e-10,-2.1806611331374417e-12
-96.91,2.565855400572514e-10,-2.1821429862149983e-12
-96.9,2.5673089183139073e-10,-2.1836260238028634e-12
-96.89,2.568763415648318e-10,-2.1851100846663363e-12
-96.88,2.5702188920050466e-10,-2.1865953985054048e-12
-96.87,2.5716753502147183e-10,-2.188081850732414e-12
-96.86,2.573132789073195e-10,-2.1895695051016656e-12
-96.85,2.574591209578171e-10,-2.191058301510173e-12
-96.84,2.5760506150069797e-10,-2.192547929727282e-12
-96.83,2.5775110027056877e-10,-2.1940394407956466e-12
-96.82,2.578972374912767e-10,-2.1955317587387906e-12
-96.81,2.5804347335498906e-10,-2.197025295888563e-12
-96.8,2.581898077121767e-10,-2.1985199277677546e-12
-96.79,2.583362407654444e-10,-2.2000157983477675e-12
-96.78,2.584827728413449e-10,-2.2015124846135054e-12
-96.77,2.586294034403562e-10,-2.203011010452543e-12
-96.76,2.5877613293856604e-10,-2.204510444672642e-12
-96.75,2.589229616851526e-10,-2.2060109693680446e-12
-96.74,2.5906988916380073e-10,-2.207512801876505e-12
-96.73,2.592169161136899e-10,-2.209015653157735e-12
-96.72,2.5936404201096657e-10,-2.210519844450729e-12
-96.71,2.595112674592753e-10,-2.2120250841517274e-12
-96.7,2.596585922168777e-10,-2.2135316401498843e-12
-96.69,2.5980601636034757e-10,-2.215039253192076e-12
-96.68,2.5995354017928583e-10,-2.2165481300304807e-12
-96.67,2.60101163517131e-10,-2.218058220685966e-12
-96.66,2.602488867652769e-10,-2.219569265378034e-12
-96.65,2.603967093782657e-10,-2.2210819817177716e-12
-96.64,2.605446321140774e-10,-2.2225955606195233e-12
-96.63,2.606926546627167e-10,-2.224110368240937e-12
-96.62,2.6084077715990366e-10,-2.225626442968136e-12
-96.61,2.6098899991471446e-10,-2.2271436173790023e-12
-96.6,2.611373227210009e-10,-2.2286620402103186e-12
-96.59,2.6128574580559554e-10,-2.2301816550032e-12
-96.58,2.6143426919506857e-10,-2.231702510450225e-12
-96.57,2.6158289274827914e-10,-2.2332245634663504e-12
-96.56,2.6173161726223123e-10,-2.234747760068805e-12
-96.55,2.618804421395202e-10,-2.2362720764658054e-12
-96.54,2.6202936755661694e-10,-2.237797702870158e-12
-96.53,2.621783937681567e-10,-2.239324544024068e-12
-96.52,2.6232752077735655e-10,-2.2408525806074505e-12
-96.51,2.6247674851654334e-10,-2.2423818323254063e-12
-96.5,2.6262607736607165e-10,-2.2439122546488814e-12
-96.49,2.6277550700777857e-10,-2.245443969250375e-12
-96.48,2.6292503797257357e-10,-2.2469767593699255e-12
-96.47,2.6307467001526207e-10,-2.2485109091051666e-12
-96.46,2.6322440346388525e-10,-2.2500461693330316e-12
-96.45,2.6337423812379965e-10,-2.2515826569324637e-12
-96.44,2.635241743021968e-10,-2.2531203622122795e-12
-96.43,2.6367421188336925e-10,-2.2546592548788332e-12
-96.42,2.63824351196568e-10,-2.256199418021949e-12
-96.41,2.63974592066309e-10,-2.2577407634100345e-12
-96.4,2.6412493467184647e-10,-2.2592833740905157e-12
-96.39,2.6427537918738845e-10,-2.2608271581442896e-12
-96.38,2.6442592536277327e-10,-2.2623722172338147e-12
-96.37,2.6457657365890926e-10,-2.2639184064223848e-12
-96.36,2.647273241400862e-10,-2.2654659156577035e-12
-96.35,2.6487817666995436e-10,-2.2670145884980207e-12
-96.34,2.650291313247573e-10,-2.268564494478605e-12
-96.33,2.6518018842042767e-10,-2.2701156737732204e-12
-96.32,2.653313477707525e-10,-2.2716680612837854e-12
-96.31,2.6548260967591135e-10,-2.2732216488928135e-12
-96.3,2.6563397423706554e-10,-2.2747764040063387e-12
-96.29,2.657854412434053e-10,-2.2763325344695734e-12
-96.28,2.6593701109673105e-10,-2.27788971962799e-12
-96.27,2.660886834776096e-10,-2.279448347578132e-12
-96.26,2.662404589507747e-10,-2.2810080266026752e-12
-96.25,2.6639233724764283e-10,-2.282569082314306e-12
-96.24,2.6654431858374163e-10,-2.2841313439077266e-12
-96.23,2.666964030814686e-10,-2.2856947880049514e-12
-96.22,2.6684859084800885e-10,-2.2872594981263852e-12
-96.21,2.6700088164671115e-10,-2.2888254475418695e-12
-96.2,2.6715327595208666e-10,-2.29039263444981e-12
-96.19,2.673057733815424e-10,-2.291961130112251e-12
-96.18,2.674583749922355e-10,-2.293530693856658e-12
-96.17,2.676110797048077e-10,-2.29510162438653e-12
-96.16,2.677638882729354e-10,-2.2966737544574957e-12
-96.15,2.6791680053243926e-10,-2.2982471974741893e-12
-96.14,2.6806981665811754e-10,-2.2998217898597965e-12
-96.13,2.6822293659590336e-10,-2.301397736251942e-12
-96.12,2.6837616073466725e-10,-2.3029748479555712e-12
-96.11,2.6852948867258693e-10,-2.304553254636374e-12
-96.1,2.6868292096583974e-10,-2.306133019090629e-12
-96.09,2.6883645750609975e-10,-2.3077138583536403e-12
-96.08,2.6899009846263246e-10,-2.3092959179156415e-12
-96.07,2.691438435412041e-10,-2.310879470728826e-12
-96.06,2.6929769325416393e-10,-2.312464109327966e-12
-96.05,2.6945164759099745e-10,-2.3140500424509153e-12
-96.04,2.69605706588369e-10,-2.315637188522705e-12
-96.03,2.6975987034535426e-10,-2.3172256662131545e-12
-96.02,2.699141388781138e-10,-2.3188153871199365e-12
-96.01,2.700685122912291e-10,-2.320406340510396e-12
-96.0,2.702229907095151e-10,-2.3219985455349606e-12
-95.99,2.7037757454332925e-10,-2.3235920479748637e-12
-95.98,2.7053226273592116e-10,-2.3251868576360794e-12
-95.97,2.70687056712012e-10,-2.3267829007179653e-12
-95.96,2.7084195593625336e-10,-2.3283801623881088e-12
-95.95,2.7099696063094183e-10,-2.329978708478159e-12
-95.94,2.7115207057004967e-10,-2.331578572274126e-12
-95.93,2.7130728626360376e-10,-2.333179686606513e-12
-95.92,2.7146260744448977e-10,-2.33478209936477e-12
-95.91,2.7161803456334735e-10,-2.3363857202810076e-12
-95.9,2.717735676260541e-10,-2.3379906755896774e-12
-95.89,2.7192920613344525e-10,-2.339596858905609e-12
-95.88,2.720849508696745e-10,-2.3412043705995153e-12
-95.87,2.7224080176948706e-10,-2.3428130949106307e-12
-95.86,2.7239675869016824e-10,-2.344423191146958e-12
-95.85,2.7255282183955213e-10,-2.346034445059497e-12
-95.84,2.727089913930804e-10,-2.3476470603051998e-12
-95.83,2.7286526723281334e-10,-2.3492609474918314e-12
-95.82,2.730216496402462e-10,-2.350876116320081e-12
-95.81,2.731781390178907e-10,-2.3524923078330695e-12
-95.8,2.733347342791798e-10,-2.354110287170919e-12
-95.79,2.7349143659082547e-10,-2.3557293357617572e-12
-95.78,2.736482457536883e-10,-2.3573497206699725e-12
-95.77,2.7380516194492264e-10,-2.358971282534245e-12
-95.76,2.739621849288134e-10,-2.3605941433882954e-12
-95.75,2.7411931505199676e-10,-2.3622183174221688e-12
-95.74,2.7427655242291385e-10,-2.3638437898949216e-12
-95.73,2.7443389693417123e-10,-2.3654705806912215e-12
-95.72,2.7459134879800963e-10,-2.3670986417644298e-12
-95.71,2.747489081354639e-10,-2.3687280074913695e-12
-95.7,2.7490657491110293e-10,-2.37035869179132e-12
-95.69,2.750643491579859e-10,-2.3719907970704182e-12
-95.68,2.752222314097919e-10,-2.373623830153454e-12
-95.67,2.7538022116922717e-10,-2.375258518396084e-12
-95.66,2.7553831882026087e-10,-2.3768943794340105e-12
-95.65,2.756965243426398e-10,-2.3785314727569055e-12
-95.64,2.7585483796035545e-10,-2.380169994490522e-12
-95.63,2.7601326010899853e-10,-2.381809305513695e-12
-95.62,2.7617178942893276e-10,-2.3834508483060654e-12
-95.61,2.763304275573771e-10,-2.3850932827519996e-12
-95.6,2.764891739662568e-10,-2.386737000837764e-12
-95.59,2.7664802883679803e-10,-2.38838201199881e-12
-95.58,2.7680699230509675e-10,-2.390028334919058e-12
-95.57,2.7696606433002033e-10,-2.39167598813171e-12
-95.56,2.771252450312434e-10,-2.393324883531627e-12
-95.55,2.7728453455808257e-10,-2.394975177038441e-12
-95.54,2.774439327171694e-10,-2.396627110364271e-12
-95.53,2.776034401950255e-10,-2.398279649239998e-12
-95.52,2.7776305651296327e-10,-2.3999339817105675e-12
-95.51,2.7792278196670533e-10,-2.4015894810303246e-12
-95.5,2.780826167038906e-10,-2.403246386837007e-12
-95.49,2.782425607742796e-10,-2.404904506394646e-12
-95.48,2.784026140655466e-10,-2.4065640612268306e-12
-95.47,2.7856277687099044e-10,-2.4082249243135742e-12
-95.46,2.7872304930257733e-10,-2.4098870966748465e-12
-95.45,2.7888343136570414e-10,-2.411550507688948e-12
-95.44,2.7904392300020356e-10,-2.413215346617402e-12
-95.43,2.7920452454706203e-10,-2.41488153963247e-12
-95.42,2.793652361564509e-10,-2.416549011492736e-12
-95.41,2.795260576165526e-10,-2.41821780115551e-12
-95.4,2.7968698922603784e-10,-2.4198879770748224e-12
-95.39,2.798480308643162e-10,-2.4215594910500816e-12
-95.38,2.800091829708905e-10,-2.423232343201674e-12
-95.37,2.801704451837508e-10,-2.4249064908468273e-12
-95.36,2.803318179511812e-10,-2.426581961094853e-12
-95.35,2.8049330120457613e-10,-2.4282588550370874e-12
-95.34,2.806548947294653e-10,-2.4299371151494494e-12
-95.33,2.8081659965018586e-10,-2.431616445185949e-12
-95.32,2.8097841493513107e-10,-2.433297404368665e-12
-95.31,2.8114034111245384e-10,-2.4349796065839012e-12
-95.3,2.8130237825471147e-10,-2.436663139554275e-12
-95.29,2.8146452643120545e-10,-2.4383480256437356e-12
-95.28,2.816267857390771e-10,-2.440034222766786e-12
-95.27,2.8178915637324883e-10,-2.4417218524505323e-12
-95.26,2.819516380965783e-10,-2.4434108347843637e-12
-95.25,2.8211423142436396e-10,-2.445101160510711e-12
-95.24,2.822769360708657e-10,-2.446792775684751e-12
-95.23,2.824397522142464e-10,-2.4484858418748385e-12
-95.22,2.826026803016364e-10,-2.4501801558641064e-12
-95.21,2.827657199581219e-10,-2.4518758980901235e-12
-95.2,2.8292887153294595e-10,-2.453572941741184e-12
-95.19,2.8309213495403425e-10,-2.45527135806511e-12
-95.18,2.8325551043848324e-10,-2.456971182772596e-12
-95.17,2.8341899804296877e-10,-2.4586723532517146e-12
-95.16,2.835825978941653e-10,-2.4603746030354865e-12
-95.15,2.8374630977911815e-10,-2.4620786959058966e-12
-95.14,2.839101342022971e-10,-2.4637840284958152e-12
-95.13,2.8407407113904127e-10,-2.465490593914996e-12
-95.12,2.842381205484635e-10,-2.4671985924465136e-12
-95.11,2.8440228260652293e-10,-2.468907903968178e-12
-95.1,2.8456655737122406e-10,-2.470618717099145e-12
-95.09,2.847309449726166e-10,-2.4723307746312853e-12
-95.08,2.8489544551964385e-10,-2.474044285762961e-12
-95.07,2.8506005913231603e-10,-2.4757590509751973e-12
-95.06,2.852247855648946e-10,-2.4774751710225785e-12
-95.05,2.853896254441528e-10,-2.4791929674646073e-12
-95.04,2.8555457850314073e-10,-2.480911841543561e-12
-95.03,2.857196448839679e-10,-2.4826322082056486e-12
-95.02,2.8588482475788463e-10,-2.484353939990395e-12
-95.01,2.860501181568061e-10,-2.4860770640066378e-12
-95.0,2.8621552511910655e-10,-2.4878015594694514e-12
-94.99,2.8638104583461185e-10,-2.4895275001364726e-12
-94.98,2.865466803978527e-10,-2.491254732149507e-12
-94.97,2.8671242889467717e-10,-2.4929833854605794e-12
-94.96,2.8687829133117584e-10,-2.4947127940849053e-12
-94.95,2.870442680586842e-10,-2.496444708798601e-12
-94.94,2.872103585117576e-10,-2.4981775629449686e-12
-94.93,2.8737656339932817e-10,-2.499911903398213e-12
-94.92,2.875428826003236e-10,-2.5016474751386332e-12
-94.91,2.8770931648756913e-10,-2.5033844722529222e-12
-94.9,2.878758647248731e-10,-2.5051228631622273e-12
-94.89,2.8804252763684743e-10,-2.506862651341466e-12
-94.88,2.8820930526975087e-10,-2.5086038727520113e-12
-94.87,2.8837619810338474e-10,-2.5103464251038653e-12
-94.86,2.885432049781964e-10,-2.5120905053197095e-12
-94.85,2.887103273193615e-10,-2.513835859791296e-12
-94.84,2.888775647538744e-10,-2.5155826500224058e-12
-94.83,2.890449172865072e-10,-2.517330821716633e-12
-94.82,2.892123852153302e-10,-2.519080464334223e-12
-94.81,2.893799684332451e-10,-2.520831457510329e-12
-94.8,2.8954766702382547e-10,-2.5225838224747474e-12
-94.79,2.8971548131815355e-10,-2.5243377122248478e-12
-94.78,2.898834110674706e-10,-2.5260929958625115e-12
-94.77,2.9005145653838364e-10,-2.527849631612573e-12
-94.76,2.9021961813875756e-10,-2.5296076360889523e-12
-94.75,2.903878951489371e-10,-2.5313671400189636e-12
-94.74,2.905562886213686e-10,-2.533128031535678e-12
-94.73,2.907247978797628e-10,-2.5348904331773413e-12
-94.72,2.9089342403626166e-10,-2.5366539826492707e-12
-94.71,2.910621654707047e-10,-2.5384192274005665e-12
-94.7,2.912310236933606e-10,-2.5401857727334717e-12
-94.69,2.913999981882255e-10,-2.5419538432954458e-12
-94.68,2.91569089631265e-10,-2.54372322981742e-12
-94.67,2.9173829753709174e-10,-2.545494121503624e-12
-94.66,2.9190762227424384e-10,-2.5472663846976694e-12
-94.65,2.9207706382008015e-10,-2.5490400037240453e-12
-94.64,2.9224662225972807e-10,-2.550815259291746e-12
-94.63,2.9241629763169393e-10,-2.552591743312591e-12
-94.62,2.9258609020250857e-10,-2.554369669407502e-12
-94.61,2.9275600003857867e-10,-2.5561491389776775e-12
-94.6,2.9292602711326404e-10,-2.557929990675446e-12
-94.59,2.930961716337827e-10,-2.5597123515841546e-12
-94.58,2.9326643366321513e-10,-2.561496084627502e-12
-94.57,2.9343681331048556e-10,-2.5632812309173236e-12
-94.56,2.936073105742906e-10,-2.565067839097599e-12
-94.55,2.937779255969088e-10,-2.5668558825490497e-12
-94.54,2.9394865851598213e-10,-2.5686453703470506e-12
-94.53,2.9411950951321114e-10,-2.570436296372936e-12
-94.52,2.9429047839431266e-10,-2.5722286699680595e-12
-94.51,2.9446156540550924e-10,-2.5740226221973657e-12
-94.5,2.946327711475472e-10,-2.575817865624597e-12
-94.49,2.948040944959286e-10,-2.5776145810397806e-12
-94.48,2.9497553671218137e-10,-2.5794126712480466e-12
-94.47,2.9514709740558003e-10,-2.5812123043373355e-12
-94.46,2.953187766317237e-10,-2.5830133376921594e-12
-94.45,2.9549057457174555e-10,-2.5848159282493573e-12
-94.44,2.9566249145966335e-10,-2.5866199295084333e-12
-94.43,2.958345272170862e-10,-2.5884253513955444e-12
-94.42,2.9600668200696515e-10,-2.5902322976758403e-12
-94.41,2.96178955849277e-10,-2.592040636454352e-12
-94.4,2.9635134879697833e-10,-2.5938506478268962e-12
-94.39,2.9652386121544674e-10,-2.5956617018539784e-12
-94.38,2.966964930317856e-10,-2.5974744687827235e-12
-94.37,2.968692441994336e-10,-2.5992887093106638e-12
-94.36,2.9704211502745263e-10,-2.6011043589907803e-12
-94.35,2.9721510547037196e-10,-2.602921512544258e-12
-94.34,2.9738821575020417e-10,-2.6047400510441274e-12
-94.33,2.9756144583707755e-10,-2.6065601505221148e-12
-94.32,2.977347959301906e-10,-2.608381758432181e-12
-94.31,2.979082659257033e-10,-2.6102047509752074e-12
-94.3,2.9808185637839977e-10,-2.6120292630163506e-12
-94.29,2.9825556683779567e-10,-2.6138552269167063e-12
-94.28,2.9842939796887934e-10,-2.615682681156698e-12
-94.27,2.9860334919081286e-10,-2.617511625275141e-12
-94.26,2.9877742100274407e-10,-2.619342075878407e-12
-94.25,2.9895161359546194e-10,-2.6211739116645206e-12
-94.24,2.991259268334396e-10,-2.62300733243367e-12
-94.23,2.99300360907313e-10,-2.6248422337219212e-12
-94.22,2.9947491618482743e-10,-2.626678352948176e-12
-94.21,2.996495919944541e-10,-2.628516360331047e-12
-94.2,2.9982438915378763e-10,-2.630355673445248e-12
-94.19,2.9999930748674905e-10,-2.6321965005164245e-12
-94.18,3.001743472204555e-10,-2.6340388089249287e-12
-94.17,3.0034950831588534e-10,-2.6358825819690113e-12
-94.16,3.0052479102451726e-10,-2.6377278288457806e-12
-94.15,3.007001953539274e-10,-2.6395746325015544e-12
-94.14,3.0087572121878674e-10,-2.641422876723079e-12
-94.13,3.010513690256084e-10,-2.6432726812606722e-12
-94.12,3.012271386389363e-10,-2.6451239281370298e-12
-94.11,3.014030302245572e-10,-2.6469768015681622e-12
-94.1,3.015790440491258e-10,-2.6488310124801443e-12
-94.09,3.017551799747498e-10,-2.6506867733314382e-12
-94.08,3.0193143817076464e-10,-2.6525441266534895e-12
-94.07,3.021078189259234e-10,-2.6544028399757767e-12
-94.06,3.022843219222724e-10,-2.6562630617824475e-12
-94.05,3.024609477862846e-10,-2.6581249188033796e-12
-94.04,3.0263769617210564e-10,-2.6599882365904548e-12
-94.03,3.0281456761240344e-10,-2.661853046136439e-12
-94.02,3.0299156131065313e-10,-2.6637194537917228e-12
-94.01,3.0316867857762324e-10,-2.665587264249791e-12
-94.0,3.033459186861281e-10,-2.6674565947388777e-12
-93.99,3.0352328206353546e-10,-2.669327480639866e-12
-93.98,3.0370076859208376e-10,-2.6711999425769225e-12
-93.97,3.038783786583555e-10,-2.673073725647561e-12
-93.96,3.0405611204759604e-10,-2.674949298457626e-12
-93.95,3.042339692340842e-10,-2.676826166778508e-12
-93.94,3.044119499230459e-10,-2.6787047102000693e-12
-93.93,3.0459005459603685e-10,-2.6805845350393296e-12
-93.92,3.047682829139017e-10,-2.682466199375453e-12
-93.91,3.0494663520866977e-10,-2.6843493017454036e-12
-93.9,3.05125111669182e-10,-2.6862337906133355e-12
-93.89,3.0530371221700085e-10,-2.6881200249998813e-12
-93.88,3.054824371957487e-10,-2.690007664691949e-12
-93.87,3.056612865075132e-10,-2.6918968546836066e-12
-93.86,3.0584026022420867e-10,-2.6937875540916535e-12
-93.85,3.060193585429029e-10,-2.695679855001616e-12
-93.84,3.06198581038317e-10,-2.6975736623854814e-12
-93.83,3.0637792936697177e-10,-2.699468980127651e-12
-93.82,3.065574020531962e-10,-2.7013658135886883e-12
-93.81,3.0673699961813635e-10,-2.7032642208050185e-12
-93.8,3.069167224462186e-10,-2.705164228440407e-12
-93.79,3.070965703682069e-10,-2.7070657357011076e-12
-93.78,3.0727654367317346e-10,-2.708968686861869e-12
-93.77,3.074566420684567e-10,-2.7108734380727577e-12
-93.76,3.076368661433674e-10,-2.712779532976045e-12
-93.75,3.0781721593730413e-10,-2.7146872539134057e-12
-93.74,3.079976910443569e-10,-2.7165965157619528e-12
-93.73,3.081782921656422e-10,-2.718507331927345e-12
-93.72,3.0835901919208053e-10,-2.7204197483814342e-12
-93.71,3.085398723174737e-10,-2.722333594794936e-12
-93.7,3.087208511518026e-10,-2.72424909952837e-12
-93.69,3.089019566218806e-10,-2.72616613764341e-12
-93.68,3.0908318820950147e-10,-2.728084701903011e-12
-93.67,3.0926454616717527e-10,-2.7300049056067238e-12
-93.66,3.0944603180328517e-10,-2.7319257077711058e-12
-93.65,3.0962764176862405e-10,-2.7338498499362853e-12
-93.64,3.098093795799005e-10,-2.7357747517230278e-12
-93.63,3.099912441593224e-10,-2.737701151018101e-12
-93.62,3.10173235607852e-10,-2.7396291802329276e-12
-93.61,3.1035535416540965e-10,-2.741558715013042e-12
-93.6,3.105375997187274e-10,-2.7434898760657745e-12
-93.59,3.1071997258104196e-10,-2.7454224955091044e-12
-93.58,3.1090247274767394e-10,-2.747356719393937e-12
-93.57,3.1108510051871607e-10,-2.749292776258876e-12
-93.56,3.1126785541098413e-10,-2.7512301438234814e-12
-93.55,3.114507382631495e-10,-2.7531691375203002e-12
-93.54,3.1163374864327495e-10,-2.7551098119274907e-12
-93.53,3.11816887013455e-10,-2.7570519318564324e-12
-93.52,3.120001531676071e-10,-2.758995712327708e-12
-93.51,3.121835474341181e-10,-2.7609410806676836e-12
-93.5,3.123670698946098e-10,-2.762887985731259e-12
-93.49,3.1255072060474246e-10,-2.7648365149213533e-12
-93.48,3.1273449953255476e-10,-2.766786723798413e-12
-93.47,3.129184070844413e-10,-2.7687383393977745e-12
-93.46,3.1310244317903056e-10,-2.7706916988420226e-12
-93.45,3.1328660769446354e-10,-2.7726465630505876e-12
-93.44,3.13470901240084e-10,-2.774603024610217e-12
-93.43,3.13655323573505e-10,-2.7765611351675e-12
-93.42,3.1383987516304525e-10,-2.7785207763504117e-12
-93.41,3.140245552544761e-10,-2.7804820654541195e-12
-93.4,3.1420936488298e-10,-2.782444990947897e-12
-93.39,3.1439430364799726e-10,-2.784409548468365e-12
-93.38,3.145793720204022e-10,-2.7863755607402483e-12
-93.37,3.1476456947607465e-10,-2.7883432989065966e-12
-93.36,3.1494989703577724e-10,-2.7903124616118034e-12
-93.35,3.151353541266152e-10,-2.792283492878191e-12
-93.34,3.1532094095154794e-10,-2.7942560519208737e-12
-93.33,3.155066578207383e-10,-2.79623016472748e-12
-93.32,3.1569250463468707e-10,-2.798205894989153e-12
-93.31,3.158784816540224e-10,-2.8001832515611234e-12
-93.3,3.1606458884433384e-10,-2.8021622430765895e-12
-93.29,3.162508263300097e-10,-2.8041428373344203e-12
-93.28,3.164371947170219e-10,-2.8061250048053408e-12
-93.27,3.166236927997183e-10,-2.808108920495041e-12
-93.26,3.1681032197490337e-10,-2.810094371135193e-12
-93.25,3.1699708188920453e-10,-2.812081483158081e-12
-93.24,3.171839727136691e-10,-2.8140701974833822e-12
-93.23,3.1737099448129173e-10,-2.8160605769607605e-12
-93.22,3.1755814741430073e-10,-2.818052477917011e-12
-93.21,3.1774543144206886e-10,-2.820046127074382e-12
-93.2,3.179328467987948e-10,-2.8220413463340457e-12
-93.19,3.1812039350839306e-10,-2.82403824474447e-12
-93.18,3.183080717443017e-10,-2.8260367477851307e-12
-93.17,3.1849588167658595e-10,-2.8280368104175957e-12
-93.16,3.186838232449058e-10,-2.8300386879627982e-12
-93.15,3.188718967008082e-10,-2.8320420256735e-12
-93.14,3.190601019827099e-10,-2.8340471007106446e-12
-93.13,3.19248439363936e-10,-2.836053783890622e-12
-93.12,3.1943690886360244e-10,-2.8380621240058357e-12
-93.11,3.1962551069574204e-10,-2.8400721161103284e-12
-93.1,3.1981424485621093e-10,-2.8420837450751057e-12
-93.09,3.2000311122741007e-10,-2.8440970627962234e-12
-93.08,3.2019211091921055e-10,-2.8461118551249798e-12
-93.07,3.203812426567017e-10,-2.8481285096713225e-12
-93.06,3.2057050745120073e-10,-2.8501467329471257e-12
-93.05,3.2075990491224004e-10,-2.8521666683210586e-12
-93.04,3.2094943548307894e-10,-2.854188238017421e-12
-93.03,3.211390992565812e-10,-2.8562113854313966e-12
-93.02,3.2132889615043634e-10,-2.858236237213661e-12
-93.01,3.21518826402246e-10,-2.8602628604719028e-12
-93.0,3.2170889006808124e-10,-2.8622910342867475e-12
-92.99,3.218990880998732e-10,-2.8643212001836458e-12
-92.98,3.2208941840985665e-10,-2.866352280474781e-12
-92.97,3.222798829652308e-10,-2.8683855715463557e-12
-92.96,3.2247048159628626e-10,-2.8704203993699764e-12
-92.95,3.226612140621158e-10,-2.872456882030793e-12
-92.94,3.22852080750935e-10,-2.8744951143092406e-12
-92.93,3.230430817001298e-10,-2.8765349350457075e-12
-92.92,3.2323421684035805e-10,-2.878576478899227e-12
-92.91,3.2342548633849795e-10,-2.8806196831121434e-12
-92.9,3.236168902288437e-10,-2.882664794137353e-12
-92.89,3.2380842921451035e-10,-2.884711141373722e-12
-92.88,3.2400010284792055e-10,-2.8867593698054824e-12
-92.87,3.241919115877293e-10,-2.8888092355705734e-12
-92.86,3.2438385449145663e-10,-2.8908609933488425e-12
-92.85,3.245759329785004e-10,-2.8929141945268945e-12
-92.84,3.247681463880281e-10,-2.894969328200265e-12
-92.83,3.249604955540921e-10,-2.897025915247635e-12
-92.82,3.251529797335907e-10,-2.89908427410814e-12
-92.81,3.253455998721303e-10,-2.9011442580405824e-12
-92.8,3.255383550596979e-10,-2.903206048319631e-12
-92.79,3.257312462609971e-10,-2.9052695577583325e-12
-92.78,3.259242734495594e-10,-2.907334737613757e-12
-92.77,3.261174363585967e-10,-2.909401547388666e-12
-92.76,3.263107353835311e-10,-2.911470071647428e-12
-92.75,3.2650417071585283e-10,-2.9135403491988626e-12
-92.74,3.266977423017504e-10,-2.915612328285902e-12
-92.73,3.268914502551367e-10,-2.917685967998587e-12
-92.72,3.2708529486463193e-10,-2.919761266061873e-12
-92.71,3.272792759541594e-10,-2.921838378433007e-12
-92.7,3.2747339385943393e-10,-2.9239171000296277e-12
-92.69,3.2766764852890223e-10,-2.9259976200177467e-12
-92.68,3.2786204018286154e-10,-2.928079854180197e-12
-92.67,3.2805656891245155e-10,-2.930163765659526e-12
-92.66,3.2825123488402695e-10,-2.9322493161126836e-12
-92.65,3.284460380898247e-10,-2.934336740532209e-12
-92.64,3.28640978943785e-10,-2.936425735801141e-12
-92.63,3.2883605656184167e-10,-2.938516752428633e-12
-92.62,3.290312723439971e-10,-2.940609194138333e-12
-92.61,3.2922662640334853e-10,-2.94270327673164e-12
-92.6,3.2942211781925166e-10,-2.944799220233532e-12
-92.59,3.29617747069259e-10,-2.9468969523890953e-12
-92.58,3.2981351454569655e-10,-2.9489963497236966e-12
-92.57,3.300094202717794e-10,-2.9510974668080123e-12
-92.56,3.302054642349181e-10,-2.9532003456607407e-12
-92.55,3.3040164677122655e-10,-2.955304950002158e-12
-92.54,3.305979675336647e-10,-2.9574113835137633e-12
-92.53,3.3079442726874794e-10,-2.9595193428194926e-12
-92.52,3.309910255663108e-10,-2.96162916270521e-12
-92.51,3.311877627785298e-10,-2.9637407719137917e-12
-92.5,3.313846390045445e-10,-2.96585406474099e-12
-92.49,3.3158165437236636e-10,-2.9679690789567807e-12
-92.48,3.3177880872153864e-10,-2.9700859506418982e-12
-92.47,3.319761027262229e-10,-2.9722045323196243e-12
-92.46,3.3217353601220704e-10,-2.9743246558706725e-12
-92.45,3.32371109043073e-10,-2.9764466710941675e-12
-92.44,3.325688215670873e-10,-2.9785704622843455e-12
-92.43,3.327666736824223e-10,-2.9806961783088887e-12
-92.42,3.329646661207949e-10,-2.9828232802818635e-12
-92.41,3.331627982919644e-10,-2.9849523633185076e-12
-92.4,3.333610707669381e-10,-2.9870831539644622e-12
-92.39,3.335594833594787e-10,-2.989215740141596e-12
-92.38,3.337580363691779e-10,-2.991350046454875e-12
-92.37,3.3395672972671727e-10,-2.9934861398851985e-12
-92.36,3.3415556394307794e-10,-2.995623965529922e-12
-92.35,3.343545387019447e-10,-2.9977635732601298e-12
-92.34,3.3455365424555094e-10,-2.9999049402052564e-12
-92.33,3.347529107056059e-10,-3.0020481317390706e-12
-92.32,3.3495230824324717e-10,-3.0041930410230374e-12
-92.31,3.3515184715483173e-10,-3.006339665684375e-12
-92.3,3.3535152707546063e-10,-3.0084881633434063e-12
-92.29,3.3555134847783233e-10,-3.010638444125818e-12
-92.28,3.357513113069196e-10,-3.0127905047380813e-12
-92.27,3.359514160324709e-10,-3.0149442641766156e-12
-92.26,3.3615166217069773e-10,-3.0170998245888565e-12
-92.25,3.36352050766077e-10,-3.0192569949405353e-12
-92.24,3.36552580567412e-10,-3.0214163466667975e-12
-92.23,3.3675325265763076e-10,-3.0235773294750055e-12
-92.22,3.369540672324841e-10,-3.0257400266534896e-12
-92.21,3.371550237872795e-10,-3.0279046107736865e-12
-92.2,3.373561233913887e-10,-3.0300707529518254e-12
-92.19,3.3755736495970143e-10,-3.032238980138012e-12
-92.18,3.3775874951283683e-10,-3.0344087845551497e-12
-92.17,3.3796027672984836e-10,-3.036580543660347e-12
-92.16,3.381619466673026e-10,-3.038754078083929e-12
-92.15,3.383637600255818e-10,-3.0409292738164387e-12
-92.14,3.385657164044166e-10,-3.0431063442906716e-12
-92.13,3.3876781603317e-10,-3.045285226838892e-12
-92.12,3.389700589208681e-10,-3.0474659528302532e-12
-92.11,3.3917244541184316e-10,-3.049648479756564e-12
-92.1,3.39374975453516e-10,-3.0518326977141246e-12
-92.09,3.3957764943032144e-10,-3.0540188588964233e-12
-92.08,3.3978046700769617e-10,-3.0562067698318362e-12
-92.07,3.3998342865659145e-10,-3.058396564686398e-12
-92.06,3.401865346874477e-10,-3.06058799586322e-12
-92.05,3.403897844373543e-10,-3.062781563118774e-12
-92.04,3.4059317870538356e-10,-3.0649766348512314e-12
-92.03,3.407967173375563e-10,-3.0671736834361794e-12
-92.02,3.4100040069255545e-10,-3.069372572369852e-12
-92.01,3.412042285869754e-10,-3.071573189655432e-12
-92.0,3.414082015084252e-10,-3.073775593781158e-12
-91.99,3.4161231913780087e-10,-3.0759799452064406e-12
-91.98,3.4181658172532756e-10,-3.078186101738351e-12
-91.97,3.4202098970514655e-10,-3.080394070919548e-12
-91.96,3.4222554249592155e-10,-3.0826042015415886e-12
-91.95,3.4243024137566584e-10,-3.0848155516139263e-12
-91.94,3.426350854912263e-10,-3.087028968389948e-12
-91.93,3.4284007519094994e-10,-3.0892442911615864e-12
-91.92,3.430452106284097e-10,-3.0914614106476932e-12
-91.91,3.432504918956282e-10,-3.0936803888827382e-12
-91.9,3.4345591951935967e-10,-3.095901360478235e-12
-91.89,3.436614927183149e-10,-3.0981239007914636e-12
-91.88,3.4386721248363223e-10,-3.1003483467788558e-12
-91.87,3.440730783695723e-10,-3.1025748585102904e-12
-91.86,3.4427909116645386e-10,-3.1048029324090648e-12
-91.85,3.4448525010748106e-10,-3.10703302220884e-12
-91.84,3.4469155595454593e-10,-3.1092648934017168e-12
-91.83,3.448980085971948e-10,-3.1114986907362737e-12
-91.82,3.451046082483404e-10,-3.1137343241063937e-12
-91.81,3.45311354908398e-10,-3.115971831995802e-12
-91.8,3.455182488872148e-10,-3.1182111610529725e-12
-91.79,3.4572529017200633e-10,-3.120452342198684e-12
-91.78,3.4593247879632193e-10,-3.12269563367108e-12
-91.77,3.4613981502427616e-10,-3.124940424364628e-12
-91.76,3.4634729892809916e-10,-3.1271871923177254e-12
-91.75,3.465549307252906e-10,-3.129435856446107e-12
-91.74,3.467627104475231e-10,-3.1316864225333716e-12
-91.73,3.4697063803239246e-10,-3.133938847839318e-12
-91.72,3.471787139952314e-10,-3.1361930900971964e-12
-91.71,3.4738693817017127e-10,-3.138449237922268e-12
-91.7,3.475953108357344e-10,-3.1407072634984154e-12
-91.69,3.4780383214109035e-10,-3.142966859724452e-12
-91.68,3.480125016839128e-10,-3.1452290619878764e-12
-91.67,3.482213203165823e-10,-3.1474926718424507e-12
-91.66,3.4843028791673353e-10,-3.1497582389162e-12
-91.65,3.486394044270176e-10,-3.1520257247804686e-12
-91.64,3.48848670140822e-10,-3.1542950794325333e-12
-91.63,3.4905808515724743e-10,-3.1565662418704972e-12
-91.62,3.492676494899388e-10,-3.1588394512878326e-12
-91.61,3.494773634507518e-10,-3.1611143610313975e-12
-91.6,3.4968722689232057e-10,-3.1633913455754383e-12
-91.59,3.498972403980252e-10,-3.165670025241725e-12
-91.58,3.501074035820166e-10,-3.1679508102853004e-12
-91.57,3.5031771674931757e-10,-3.170233436074075e-12
-91.56,3.505281801095156e-10,-3.1725179315105277e-12
-91.55,3.5073879377050286e-10,-3.174804339874501e-12
-91.54,3.509495577849003e-10,-3.177092681603651e-12
-91.53,3.5116047237872104e-10,-3.179382940625992e-12
-91.52,3.513715376330486e-10,-3.1816750038567928e-12
-91.51,3.515827533567164e-10,-3.1839691245402464e-12
-91.5,3.5179412034531904e-10,-3.1862650447366787e-12
-91.49,3.5200563853781664e-10,-3.18856278965708e-12
-91.48,3.5221730722215334e-10,-3.190862669748743e-12
-91.47,3.5242912757053367e-10,-3.1931643551208035e-12
-91.46,3.526410991149209e-10,-3.195468062345165e-12
-91.45,3.5285322223692173e-10,-3.197773594124915e-12
-91.44,3.530654971494782e-10,-3.2000809666458207e-12
-91.43,3.5327792365334955e-10,-3.2023904221166385e-12
-91.42,3.534905021106445e-10,-3.2047017812224913e-12
-91.41,3.537032326096664e-10,-3.20701502561864e-12
-91.4,3.539161151315995e-10,-3.2093303938815343e-12
-91.39,3.541291500361256e-10,-3.2116473379736987e-12
-91.38,3.5434233727859695e-10,-3.21396638964742e-12
-91.37,3.54555677055954e-10,-3.2162873811743624e-12
-91.36,3.5476916948776223e-10,-3.218610326170282e-12
-91.35,3.549828146843097e-10,-3.220935155315134e-12
-91.34,3.5519661279688404e-10,-3.2232620096245543e-12
-91.33,3.554105639252963e-10,-3.225590747275061e-12
-91.32,3.556246681743473e-10,-3.2279214364966972e-12
-91.31,3.558389256817772e-10,-3.2302538945896565e-12
-91.3,3.560533365465414e-10,-3.232588795160783e-12
-91.29,3.562679011835725e-10,-3.234925230684317e-12
-91.28,3.564826192784891e-10,-3.2372637553517176e-12
-91.27,3.566974913320992e-10,-3.239604126372999e-12
-91.26,3.569125170605196e-10,-3.2419467133337444e-12
-91.25,3.57127696919951e-10,-3.2442910429273714e-12
-91.24,3.5734303102317375e-10,-3.2466373592320397e-12
-91.23,3.575585193255892e-10,-3.248985663112147e-12
-91.22,3.577741621040709e-10,-3.251335792037474e-12
-91.21,3.5798995935508605e-10,-3.2536881941170263e-12
-91.2,3.5820591131542255e-10,-3.2560424333589466e-12
-91.19,3.5842201819312217e-10,-3.2583985492887684e-12
-91.18,3.5863827990493725e-10,-3.260756641330976e-12
-91.17,3.588546967312015e-10,-3.263116818479306e-12
-91.16,3.590712687130877e-10,-3.2654788636689917e-12
-91.15,3.5928799608462747e-10,-3.267842916277128e-12
-91.14,3.5950487874813263e-10,-3.2702089800559358e-12
-91.13,3.59721917215436e-10,-3.272577027491473e-12
-91.12,3.599391111842082e-10,-3.2749470388071217e-12
-91.11,3.6015646089111705e-10,-3.2773192010490144e-12
-91.1,3.603739672108527e-10,-3.2796929699239406e-12
-91.09,3.6059162897217723e-10,-3.2820689845805664e-12
-91.08,3.608094471511116e-10,-3.2844469830747013e-12
-91.07,3.610274216672838e-10,-3.2868269700292317e-12
-91.06,3.6124555276008203e-10,-3.2892088478567896e-12
-91.05,3.6146384035925556e-10,-3.2915927727303817e-12
-91.04,3.6168228486685807e-10,-3.2939787438788988e-12
-91.03,3.619008860585823e-10,-3.2963666802120785e-12
-91.02,3.6211964363222833e-10,-3.2987567438154716e-12
-91.01,3.623385598040614e-10,-3.3011485998618276e-12
-91.0,3.6255763249201775e-10,-3.3035425009179884e-12
-90.99,3.627768625844685e-10,-3.3059385347083255e-12
-90.98,3.629962500858846e-10,-3.3083364495386856e-12
-90.97,3.632157955195457e-10,-3.3107364561363057e-12
-90.96,3.6343549848986304e-10,-3.3131385204853166e-12
-90.95,3.6365535953365255e-10,-3.315542533910066e-12
-90.94,3.638753785345429e-10,-3.3179485322152788e-12
-90.93,3.6409555565026257e-10,-3.320356928072928e-12
-90.92,3.6431589130693387e-10,-3.3227666347705807e-12
-90.91,3.645363853364478e-10,-3.3251787277820752e-12
-90.9,3.647570379140112e-10,-3.327592821725663e-12
-90.89,3.6497784908881925e-10,-3.3300090393412638e-12
-90.88,3.6519881926083384e-10,-3.3324271291192788e-12
-90.87,3.654199483677633e-10,-3.3348473991601695e-12
-90.86,3.6564123659726205e-10,-3.3372696887789232e-12
-90.85,3.6586268408336915e-10,-3.3396938921419398e-12
-90.84,3.6608429053169177e-10,-3.342120160258217e-12
-90.83,3.663060571659406e-10,-3.3445486201674226e-12
-90.82,3.665279831737857e-10,-3.346979027262136e-12
-90.81,3.6675006895846706e-10,-3.34941129483991e-12
-90.8,3.6697231459170003e-10,-3.3518459016543024e-12
-90.79,3.671947202425783e-10,-3.3542824403873667e-12
-90.78,3.67417286132595e-10,-3.356721001745863e-12
-90.77,3.67640012288606e-10,-3.3591616380641797e-12
-90.76,3.678628988511931e-10,-3.3616042671899596e-12
-90.75,3.68085946492827e-10,-3.364049587893517e-12
-90.74,3.683091539533042e-10,-3.366495843512079e-12
-90.73,3.685325226551629e-10,-3.368944651082802e-12
-90.72,3.6875605232155173e-10,-3.371395547599492e-12
-90.71,3.689797430650436e-10,-3.373848509147218e-12
-90.7,3.6920359522682964e-10,-3.3763035640121085e-12
-90.69,3.694276085990964e-10,-3.3787606567235668e-12
-90.68,3.6965178354826225e-10,-3.381219823153858e-12
-90.67,3.6987612009278527e-10,-3.383681014958212e-12
-90.66,3.7010061800802466e-10,-3.386144553899492e-12
-90.65,3.7032527881044657e-10,-3.388609796336507e-12
-90.64,3.7055010095762737e-10,-3.3910772123150675e-12
-90.63,3.7077508555239267e-10,-3.393546768781911e-12
-90.62,3.710002323189614e-10,-3.396018298227494e-12
-90.61,3.712255414875889e-10,-3.3984920679852188e-12
-90.6,3.714510134883497e-10,-3.400967828492473e-12
-90.59,3.716766481122597e-10,-3.403445660082831e-12
-90.58,3.719024455359335e-10,-3.405925657009016e-12
-90.57,3.72128405956066e-10,-3.4084077903245338e-12
-90.56,3.7235452966767345e-10,-3.4108917950848755e-12
-90.55,3.725808163220236e-10,-3.41337808942746e-12
-90.54,3.72807266870748e-10,-3.4158663610333676e-12
-90.53,3.7303388065060213e-10,-3.418356768295918e-12
-90.52,3.7326065814530494e-10,-3.4208493413504914e-12
-90.51,3.7348759944864667e-10,-3.4233439701079574e-12
-90.5,3.737147047154387e-10,-3.4258406240024915e-12
-90.49,3.739419741017054e-10,-3.4283394648302074e-12
-90.48,3.741694077075079e-10,-3.430840424776207e-12
-90.47,3.743970056249819e-10,-3.4333435296520573e-12
-90.46,3.746247682267415e-10,-3.4358484957533635e-12
-90.45,3.748526953050957e-10,-3.4383558932272325e-12
-90.44,3.7508078719156493e-10,-3.440865287029721e-12
-90.43,3.7530904395638665e-10,-3.4433768229801982e-12
-90.42,3.7553746582508387e-10,-3.445890479178798e-12
-90.41,3.757660528213648e-10,-3.4484062150587856e-12
-90.4,3.7599480539656586e-10,-3.450924147009072e-12
-90.39,3.7622372304110274e-10,-3.4534441256896697e-12
-90.38,3.7645280662626403e-10,-3.4559662315481363e-12
-90.37,3.766820554431094e-10,-3.458490495124413e-12
-90.36,3.769114709239522e-10,-3.4610169019117872e-12
-90.35,3.771410520687032e-10,-3.4635453149179425e-12
-90.34,3.7737079931112317e-10,-3.4660760289076507e-12
-90.33,3.7760071288977675e-10,-3.4686088656479496e-12
-90.32,3.7783079286668833e-10,-3.4711437803556688e-12
-90.31,3.780610394916668e-10,-3.4736809073429763e-12
-90.3,3.782914527494173e-10,-3.476220142795047e-12
-90.29,3.7852203294283606e-10,-3.4787614935395753e-12
-90.28,3.787527801453285e-10,-3.4813051937697482e-12
-90.27,3.7898369449192063e-10,-3.4838506694577654e-12
-90.26,3.7921477613274976e-10,-3.4863984522493493e-12
-90.25,3.794460250881725e-10,-3.4889485185963833e-12
-90.24,3.7967744160254337e-10,-3.4915006722856236e-12
-90.23,3.799090259674035e-10,-3.4940549415260892e-12
-90.22,3.8014077805663113e-10,-3.496611393473796e-12
-90.21,3.8037269819048123e-10,-3.4991700066804895e-12
-90.2,3.8060478634329683e-10,-3.5017307756338767e-12
-90.19,3.808370428051874e-10,-3.504293785063401e-12
-90.18,3.81069468071155e-10,-3.5068589331273077e-12
-90.17,3.813020611952481e-10,-3.5094260992305634e-12
-90.16,3.815348232041574e-10,-3.5119956518075454e-12
-90.15,3.8176775424339366e-10,-3.5145673209878054e-12
-90.14,3.8200085409034675e-10,-3.5171411319434416e-12
-90.13,3.8223412303175336e-10,-3.519717095731123e-12
-90.12,3.8246756134136364e-10,-3.5222953297888484e-12
-90.11,3.8270116903933516e-10,-3.524875631748916e-12
-90.1,3.829349462039282e-10,-3.5274581977827114e-12
-90.09,3.8316889304519734e-10,-3.5300428915063817e-12
-90.08,3.8340301019857826e-10,-3.532629722787442e-12
-90.07,3.836372964335788e-10,-3.535219000351668e-12
-90.06,3.8387175323668797e-10,-3.537810390706558e-12
-90.05,3.84106380245084e-10,-3.540403840244043e-12
-90.04,3.8434117783907815e-10,-3.5429995630159647e-12
-90.03,3.845761456108877e-10,-3.5455974583937865e-12
-90.02,3.848112842286322e-10,-3.5481976187286086e-12
-90.01,3.8504659376625506e-10,-3.55079989905811e-12
-90.0,3.852820742124961e-10,-3.5534044329923054e-12
-89.99,3.8551772539153527e-10,-3.556011124040702e-12
-89.98,3.857535484679941e-10,-3.5586201006678374e-12
-89.97,3.859895426101727e-10,-3.5612313260628363e-12
-89.96,3.862257083914171e-10,-3.5638446401107267e-12
-89.95,3.8646204584020006e-10,-3.5664602816029796e-12
-89.94,3.866985550392261e-10,-3.5690780266204404e-12
-89.93,3.869352362079991e-10,-3.5716980967839637e-12
-89.92,3.8717208959739897e-10,-3.5743203725447053e-12
-89.91,3.874091151351165e-10,-3.5769448960996482e-12
-89.9,3.876463134158117e-10,-3.579571550701156e-12
-89.89,3.878836837274772e-10,-3.5822005243328915e-12
-89.88,3.8812122694902325e-10,-3.5848316767045607e-12
-89.87,3.883589430553035e-10,-3.5874650778120092e-12
-89.86,3.885968321860788e-10,-3.590100782384179e-12
-89.85,3.888348943903296e-10,-3.592738635897253e-12
-89.84,3.890731296399234e-10,-3.5953791201533726e-12
-89.83,3.893115388190131e-10,-3.598021192178905e-12
-89.82,3.895501213654584e-10,-3.6006658071156005e-12
-89.81,3.8978887753319075e-10,-3.6033126796605616e-12
-89.8,3.9002780765198803e-10,-3.605961769378965e-12
-89.79,3.902669117414979e-10,-3.608613197170514e-12
-89.78,3.9050619006730227e-10,-3.6112668196875707e-12
-89.77,3.9074564262163215e-10,-3.613922626306203e-12
-89.76,3.9098526946150173e-10,-3.6165807908538676e-12
-89.75,3.912250713233611e-10,-3.6192411691496e-12
-89.74,3.9146504762416173e-10,-3.621903802804639e-12
-89.73,3.9170519895151694e-10,-3.6245687935826846e-12
-89.72,3.9194552501150613e-10,-3.627235767315372e-12
-89.71,3.921860266518468e-10,-3.629905470493079e-12
-89.7,3.9242670348406426e-10,-3.63257720440029e-12
-89.69,3.9266755576973164e-10,-3.6352511579133107e-12
-89.68,3.9290858372761434e-10,-3.6379274829764467e-12
-89.67,3.931497874388238e-10,-3.64060603157246e-12
-89.66,3.933911669967141e-10,-3.643286914508542e-12
-89.65,3.936327227632012e-10,-3.6459700403542744e-12
-89.64,3.938744546927109e-10,-3.648655454021369e-12
-89.63,3.941163628646908e-10,-3.65134312130246e-12
-89.62,3.943584473948962e-10,-3.654033212577248e-12
-89.61,3.9460070941401245e-10,-3.656725393820938e-12
-89.6,3.9484314782027483e-10,-3.6594199767725e-12
-89.59,3.9508576296729074e-10,-3.662116918948276e-12
-89.58,3.953285554715187e-10,-3.664816016798758e-12
-89.57,3.955715251497371e-10,-3.667517514664039e-12
-89.56,3.9581467230019104e-10,-3.670221282411449e-12
-89.55,3.9605799691742346e-10,-3.672927356807915e-12
-89.54,3.963014992099126e-10,-3.675635836127122e-12
-89.53,3.96545179562702e-10,-3.6783464915971116e-12
-89.52,3.967890377113055e-10,-3.68105946031407e-12
-89.51,3.970330743175148e-10,-3.683774760375227e-12
-89.5,3.9727728904540914e-10,-3.686492377659086e-12
-89.49,3.975216822660571e-10,-3.6892123374831384e-12
-89.48,3.9776625419600725e-10,-3.691934656700658e-12
-89.47,3.980110047308689e-10,-3.69465917877755e-12
-89.46,3.9825593437679046e-10,-3.69738618257356e-12
-89.45,3.9850104295833345e-10,-3.7001153734669495e-12
-89.44,3.9874633087812225e-10,-3.702846936953609e-12
-89.43,3.989917985957197e-10,-3.705580773157172e-12
-89.42,3.992374448260027e-10,-3.708317135184393e-12
-89.41,3.9948327134711945e-10,-3.7110556893983885e-12
-89.4,3.9972927740840806e-10,-3.71379671460397e-12
-89.39,3.999754637971589e-10,-3.716539903562985e-12
-89.38,4.002218302356399e-10,-3.719285461459709e-12
-89.37,4.004683768788495e-10,-3.7220334401670775e-12
-89.36,4.0071510401439956e-10,-3.724783771162443e-12
-89.35,4.009620117507514e-10,-3.727536418948312e-12
-89.34,4.0120910007266304e-10,-3.7302913939311e-12
-89.33,4.014563695807912e-10,-3.733048725657541e-12
-89.32,4.0170381998591697e-10,-3.73580845078678e-12
-89.31,4.0195145159314535e-10,-3.738570542630181e-12
-89.3,4.0219926452642545e-10,-3.741334997460261e-12
-89.29,4.0244725916148705e-10,-3.744101692846556e-12
-89.28,4.0269543527285297e-10,-3.7468709364283426e-12
-89.27,4.0294379320516506e-10,-3.74964247250891e-12
-89.26,4.0319233318437013e-10,-3.752416329259931e-12
-89.25,4.0344105544123975e-10,-3.755192638089307e-12
-89.24,4.0368995968800826e-10,-3.757971269308635e-12
-89.23,4.039390464395577e-10,-3.760752206650048e-12
-89.22,4.041883159044435e-10,-3.763535668907715e-12
-89.21,4.044377681127711e-10,-3.766321429415202e-12
-89.2,4.0468740307786226e-10,-3.769109612199925e-12
-89.19,4.0493722115576237e-10,-3.7719001981090985e-12
-89.18,4.051872226410977e-10,-3.77469308669847e-12
-89.17,4.054374073035143e-10,-3.777488440827192e-12
-89.16,4.0568777557554305e-10,-3.780286147330593e-12
-89.15,4.059383272109212e-10,-3.783086373193471e-12
-89.14,4.061890633260303e-10,-3.785888721504224e-12
-89.13,4.0643998264390003e-10,-3.788693859339257e-12
-89.12,4.066910868668795e-10,-3.791501093435896e-12
-89.11,4.069423749651541e-10,-3.794310828603958e-12
-89.1,4.071938475627057e-10,-3.797122991718131e-12
-89.09,4.0744550483938e-10,-3.799937532124899e-12
-89.08,4.076973468507376e-10,-3.802754489074984e-12
-89.07,4.0794937386949317e-10,-3.805573878385179e-12
-89.06,4.082015858683647e-10,-3.808395670964069e-12
-89.05,4.0845398332936554e-10,-3.811219828824164e-12
-89.04,4.0870656588340127e-10,-3.81404652060626e-12
-89.03,4.0895933415985e-10,-3.81687554560573e-12
-89.02,4.0921228820114303e-10,-3.819707002458495e-12
-89.01,4.094654280014484e-10,-3.8225409512450936e-12
-89.0,4.0971875379289693e-10,-3.825377335437553e-12
-88.99,4.0997226601411685e-10,-3.828216020526546e-12
-88.98,4.102259643896663e-10,-3.831057285886319e-12
-88.97,4.104798492780297e-10,-3.8339009219996844e-12
-88.96,4.107339202238501e-10,-3.836747160533365e-12
-88.95,4.109881793398213e-10,-3.8395955812515635e-12
-88.94,4.112426247181934e-10,-3.84244657209323e-12
-88.93,4.1149725743694016e-10,-3.845299943748916e-12
-88.92,4.117520770416569e-10,-3.848155877215719e-12
-88.91,4.1200708433046553e-10,-3.851014211517097e-12
-88.9,4.122622793030104e-10,-3.853875084415534e-12
-88.89,4.125176620452587e-10,-3.856738205667025e-12
-88.88,4.1277323270913255e-10,-3.859603938124095e-12
-88.87,4.1302899137520283e-10,-3.862472240260302e-12
-88.86,4.1328493853449525e-10,-3.865342711821984e-12
-88.85,4.135410739741513e-10,-3.868215776844407e-12
-88.84,4.1379739793775876e-10,-3.87109135439861e-12
-88.83,4.140539106282501e-10,-3.8739693609310245e-12
-88.82,4.143106123710493e-10,-3.876849966753883e-12
-88.81,4.1456750306030763e-10,-3.8797329186758364e-12
-88.8,4.1482458310884584e-10,-3.882618253585748e-12
-88.79,4.1508185222861513e-10,-3.885506330934223e-12
-88.78,4.153393111244104e-10,-3.888397359159772e-12
-88.77,4.1559695982691767e-10,-3.89128964341981e-12
-88.76,4.158547982592592e-10,-3.894185118658538e-12
-88.75,4.161128267257641e-10,-3.89708295961896e-12
-88.74,4.1637104538429786e-10,-3.8999833926704585e-12
-88.73,4.16629454420726e-10,-3.902886227855289e-12
-88.72,4.1688805395524154e-10,-3.905791674501296e-12
-88.71,4.171468442504878e-10,-3.908699498667658e-12
-88.7,4.174058254738396e-10,-3.911609872637791e-12
-88.69,4.176649972846617e-10,-3.91452293013744e-12
-88.68,4.179243606482456e-10,-3.917438163393353e-12
-88.67,4.181839152468797e-10,-3.920356166302628e-12
-88.66,4.184436612942554e-10,-3.9232765426254205e-12
-88.65,4.187035990030138e-10,-3.9261994954665055e-12
-88.64,4.189637285057308e-10,-3.929124936697013e-12
-88.63,4.1922405004774096e-10,-3.932052903303949e-12
-88.62,4.1948456369906524e-10,-3.934983408920863e-12
-88.61,4.19745269739645e-10,-3.93791644534204e-12
-88.6,4.2000616812128747e-10,-3.9408519378632074e-12
-88.59,4.20267259251582e-10,-3.943790077146629e-12
-88.58,4.205285430960988e-10,-3.946730750699185e-12
-88.57,4.207900201179425e-10,-3.9496738235547465e-12
-88.56,4.2105169011461207e-10,-3.952619510570236e-12
-88.55,4.213135533851657e-10,-3.9555677627653265e-12
-88.54,4.2157561002902917e-10,-3.9585186378909155e-12
-88.53,4.2183786074429685e-10,-3.961471808462151e-12
-88.52,4.221003048579091e-10,-3.9644277525413576e-12
-88.51,4.2236294294705183e-10,-3.967386087525747e-12
-88.5,4.2262577526723493e-10,-3.9703471464656466e-12
-88.49,4.228888020341712e-10,-3.9733107588340735e-12
-88.48,4.2315202320758213e-10,-3.976276636074436e-12
-88.47,4.234154386474221e-10,-3.979245380985707e-12
-88.46,4.2367904919233096e-10,-3.982216507214781e-12
-88.45,4.239428545324279e-10,-3.9851902663299e-12
-88.44,4.2420685507869277e-10,-3.988166593657966e-12
-88.43,4.24471050855836e-10,-3.991145527656622e-12
-88.42,4.2473544230976023e-10,-3.994127038780749e-12
-88.41,4.250000291492694e-10,-3.997111093225255e-12
-88.4,4.2526481142863497e-10,-4.000097903232161e-12
-88.39,4.2552979058868394e-10,-4.003086827396296e-12
-88.38,4.257949654148352e-10,-4.006078650395517e-12
-88.37,4.2606033643209843e-10,-4.0090730566432585e-12
-88.36,4.263259040744206e-10,-4.0120699929047374e-12
-88.35,4.265916681962778e-10,-4.0150695680278254e-12
-88.34,4.268576293145206e-10,-4.018071701413035e-12
-88.33,4.2712378717697893e-10,-4.02107643629808e-12
-88.32,4.273901423690871e-10,-4.0240837722364725e-12
-88.31,4.276566948353761e-10,-4.027093710725809e-12
-88.3,4.279234446211733e-10,-4.030106222858894e-12
-88.29,4.281903921441881e-10,-4.033121402266035e-12
-88.28,4.284575375300475e-10,-4.036139166959475e-12
-88.27,4.2872488086793246e-10,-4.0391595882325336e-12
-88.26,4.28992422376588e-10,-4.042182554928056e-12
-88.25,4.292601621854981e-10,-4.045208118476664e-12
-88.24,4.2952810050924664e-10,-4.0482363682478794e-12
-88.23,4.297962374390473e-10,-4.051267176399578e-12
-88.22,4.300645732882843e-10,-4.0543006297377425e-12
-88.21,4.3033310800449496e-10,-4.057336805422466e-12
-88.2,4.3060184213467323e-10,-4.060375561978614e-12
-88.19,4.308707753664084e-10,-4.06341677480313e-12
-88.18,4.311399081303533e-10,-4.066460828301744e-12
-88.17,4.3140924074850585e-10,-4.069507330021141e-12
-88.16,4.316787731480415e-10,-4.0725565870848165e-12
-88.15,4.319485055652543e-10,-4.075608511438995e-12
-88.14,4.322184382175283e-10,-4.078663026519844e-12
-88.13,4.324885711694573e-10,-4.081720255870008e-12
-88.12,4.3275890472532056e-10,-4.084780055414819e-12
-88.11,4.3302943783260067e-10,-4.087843061414179e-12
-88.1,4.333001740731393e-10,-4.090907723744693e-12
-88.09,4.335711104002657e-10,-4.093975463635312e-12
-88.08,4.3384224780436483e-10,-4.097045952885343e-12
-88.07,4.341135868096661e-10,-4.100118992716995e-12
-88.06,4.343851271212941e-10,-4.103194812144479e-12
-88.05,4.346568692686054e-10,-4.106273345369983e-12
-88.04,4.349288133904638e-10,-4.109354451630571e-12
-88.03,4.35200959652854e-10,-4.112438206712627e-12
-88.02,4.3547330787794394e-10,-4.115524902271205e-12
-88.01,4.3574585912727744e-10,-4.118613848065587e-12
-88.0,4.3601861266947476e-10,-4.121705672870917e-12
-87.99,4.3629156900967033e-10,-4.124799996259425e-12
-87.98,4.3656472831182003e-10,-4.127897396423176e-12
-87.97,4.368380908444575e-10,-4.1309972615885234e-12
-87.96,4.37111656785503e-10,-4.1340998146336896e-12
-87.95,4.3738542590690026e-10,-4.137205132995128e-12
-87.94,4.3765939888453054e-10,-4.140313068613744e-12
-87.93,4.379335755409866e-10,-4.143423903521754e-12
-87.92,4.3820795658849053e-10,-4.1465371650192866e-12
-87.91,4.384825414970535e-10,-4.149653213367828e-12
-87.9,4.387573307485573e-10,-4.152772039759599e-12
-87.89,4.390323248802922e-10,-4.155893464930211e-12
-87.88,4.3930752357788885e-10,-4.1590176485640565e-12
-87.87,4.3958292711927364e-10,-4.162144618083808e-12
-87.86,4.398585358525725e-10,-4.165274228763805e-12
-87.85,4.401343496672494e-10,-4.1684065684310765e-12
-87.84,4.4041036867769014e-10,-4.171541547649912e-12
-87.83,4.4068659393647614e-10,-4.1746794684714676e-12
-87.82,4.409630247636414e-10,-4.177819998665733e-12
-87.81,4.4123966141925566e-10,-4.180963252780053e-12
-87.8,4.4151650417983195e-10,-4.184109284562699e-12
-87.79,4.4179355328997624e-10,-4.18725798082871e-12
-87.78,4.4207080891504943e-10,-4.190409478795936e-12
-87.77,4.4234827114689406e-10,-4.1935636951957975e-12
-87.76,4.426259402434696e-10,-4.196720744143576e-12
-87.75,4.4290381659246814e-10,-4.199880102771938e-12
-87.74,4.4318189996200734e-10,-4.203042967958818e-12
-87.73,4.4346019069922265e-10,-4.206208047833185e-12
-87.72,4.437386889919066e-10,-4.209376053278595e-12
-87.71,4.440173952034154e-10,-4.212546732049927e-12
-87.7,4.442963091774549e-10,-4.215720233370492e-12
-87.69,4.445754311876537e-10,-4.2188964672390535e-12
-87.68,4.448547615957186e-10,-4.222075469770667e-12
-87.67,4.4513430041185045e-10,-4.225257319028246e-12
-87.66,4.454140476993145e-10,-4.2284419231398025e-12
-87.65,4.4569400412204e-10,-4.231629270228082e-12
-87.64,4.4597416966011374e-10,-4.234819317480695e-12
-87.63,4.4625454401594346e-10,-4.238012252042993e-12
-87.62,4.4653512785991523e-10,-4.24120793696944e-12
-87.61,4.4681592124769885e-10,-4.244406342548429e-12
-87.6,4.4709692430928417e-10,-4.247607568347008e-12
-87.59,4.47378137183116e-10,-4.250811649653311e-12
-87.58,4.4765956045638195e-10,-4.254018489227238e-12
-87.57,4.4794119385829156e-10,-4.257228166919949e-12
-87.56,4.4822303767694005e-10,-4.2604405097615785e-12
-87.55,4.485050924329076e-10,-4.263655687014731e-12
-87.54,4.4878735738511555e-10,-4.266873747584917e-12
-87.53,4.4906983364322426e-10,-4.270094615249641e-12
-87.52,4.493525209686163e-10,-4.273318308900026e-12
-87.51,4.496354197987242e-10,-4.2765447688057664e-12
-87.5,4.499185300899883e-10,-4.279774118352047e-12
-87.49,4.502018522625734e-10,-4.283006155291755e-12
-87.48,4.504853860591172e-10,-4.286241115309473e-12
-87.47,4.5076913213446263e-10,-4.28947888625706e-12
-87.46,4.510530904287187e-10,-4.292719381584537e-12
-87.45,4.5133726133771955e-10,-4.295962795252145e-12
-87.44,4.516216447354357e-10,-4.299209053464501e-12
-87.43,4.5190624103566166e-10,-4.302458276760018e-12
-87.42,4.521910502814017e-10,-4.305710063030866e-12
-87.41,4.524760727031508e-10,-4.308964797881903e-12
-87.4,4.527613086136946e-10,-4.312222390189065e-12
-87.39,4.530467579082136e-10,-4.3154828928160036e-12
-87.38,4.533324210552579e-10,-4.318746144506853e-12
-87.37,4.536182983544189e-10,-4.3220125479124566e-12
-87.36,4.5390438942426137e-10,-4.325281345503294e-12
-87.35,4.5419069493680966e-10,-4.328553144809746e-12
-87.34,4.544772147867629e-10,-4.331827919439218e-12
-87.33,4.5476394951556137e-10,-4.3351054331530595e-12
-87.32,4.5505089908723455e-10,-4.338385954734009e-12
-87.31,4.5533806368167967e-10,-4.3416692302026215e-12
-87.3,4.556254434438205e-10,-4.344955486674856e-12
-87.29,4.559130387039752e-10,-4.3482445507634775e-12
-87.28,4.56200849550168e-10,-4.351536378021934e-12
-87.27,4.5648887614803487e-10,-4.354831279259415e-12
-87.26,4.5677711888038544e-10,-4.358129035519036e-12
-87.25,4.5706557752689335e-10,-4.361429666215385e-12
-87.24,4.5735425262720776e-10,-4.3647331342877175e-12
-87.23,4.576431443699905e-10,-4.368039540390724e-12
-87.22,4.57932252860173e-10,-4.371348752263227e-12
-87.21,4.582215780383256e-10,-4.374660954697613e-12
-87.2,4.585111205910425e-10,-4.377976064612823e-12
-87.19,4.588008801897441e-10,-4.381294029279206e-12
-87.18,4.590908574692629e-10,-4.384615099613334e-12
-87.17,4.5938105220164635e-10,-4.387938643075914e-12
-87.16,4.596714651419794e-10,-4.3912654327518624e-12
-87.15,4.5996209587051734e-10,-4.394595120993684e-12
-87.14,4.6025294496725427e-10,-4.397927595984732e-12
-87.13,4.605440123981688e-10,-4.401263108674743e-12
-87.12,4.6083529848737373e-10,-4.404601469060942e-12
-87.11,4.611268033782813e-10,-4.407942814601951e-12
-87.1,4.6141852723185245e-10,-4.41128703836352e-12
-87.09,4.6171047031475135e-10,-4.414634267049576e-12
-87.08,4.6200263299715473e-10,-4.41798420556904e-12
-87.07,4.6229501485597195e-10,-4.4213373360728714e-12
-87.06,4.625876166530715e-10,-4.424693381443604e-12
-87.05,4.6288043837434934e-10,-4.428052366159132e-12
-87.04,4.6317348022567716e-10,-4.431414228142521e-12
-87.03,4.634667424979485e-10,-4.43477906683666e-12
-87.02,4.637602252273742e-10,-4.4381467918678325e-12
-87.01,4.640539286783595e-10,-4.4415176007853135e-12
-87.0,4.643478530965155e-10,-4.444891326030895e-12
-86.99,4.6464199822407955e-10,-4.4482679802106094e-12
-86.98,4.6493636520446373e-10,-4.4516477408628824e-12
-86.97,4.652309535991794e-10,-4.4550301997859545e-12
-86.96,4.655257634163383e-10,-4.4584158551264695e-12
-86.95,4.658207953542335e-10,-4.461804347347274e-12
-86.94,4.661160491117419e-10,-4.465195903727851e-12
-86.93,4.66411525402758e-10,-4.468590340964917e-12
-86.92,4.667072237772446e-10,-4.4719878916702095e-12
-86.91,4.670031450877888e-10,-4.475388366561646e-12
-86.9,4.672992887350379e-10,-4.478791932018796e-12
-86.89,4.675956562343728e-10,-4.4821982482694625e-12
-86.88,4.678922465494662e-10,-4.485607775138943e-12
-86.87,4.681890602401746e-10,-4.489020138860402e-12
-86.86,4.684860976219307e-10,-4.492435637958246e-12
-86.85,4.68783358725549e-10,-4.495854028286304e-12
-86.84,4.690808439764182e-10,-4.499275551625649e-12
-86.83,4.69378553378009e-10,-4.502699984724232e-12
-86.82,4.696764870987861e-10,-4.506127501656278e-12
-86.81,4.699746454997989e-10,-4.509558218847703e-12
-86.8,4.70273028502182e-10,-4.512991478864485e-12
-86.79,4.705716366583094e-10,-4.5164280423644e-12
-86.78,4.708704699758948e-10,-4.519867572407464e-12
-86.77,4.711695285766151e-10,-4.523310215682566e-12
-86.76,4.71468812891498e-10,-4.526755792983828e-12
-86.75,4.717683229459481e-10,-4.530204486443844e-12
-86.74,4.720680588848753e-10,-4.533656186825682e-12
-86.73,4.723680211163109e-10,-4.537110918483215e-12
-86.72,4.726682097837579e-10,-4.540568553159647e-12
-86.71,4.729686245664402e-10,-4.544029541344449e-12
-86.7,4.732692663404435e-10,-4.54749340318988e-12
-86.69,4.735701351285609e-10,-4.550960306193486e-12
-86.68,4.738712310608031e-10,-4.554430291009759e-12
-86.67,4.741725543552467e-10,-4.557903352656008e-12
-86.66,4.744741051629472e-10,-4.561379423822802e-12
-86.65,4.747758837524833e-10,-4.564858582964946e-12
-86.64,4.750778902750203e-10,-4.568340800457651e-12
-86.63,4.753801248337986e-10,-4.571826071779003e-12
-86.62,4.756825878559747e-10,-4.575314404997753e-12
-86.61,4.75985279425984e-10,-4.5788059752959926e-12
-86.6,4.762881996618601e-10,-4.582300434296632e-12
-86.59,4.765913488457276e-10,-4.585798094987385e-12
-86.58,4.768947272721538e-10,-4.589298772402362e-12
-86.57,4.771983350574565e-10,-4.592802534728333e-12
-86.56,4.775021722750933e-10,-4.596309437589849e-12
-86.55,4.778062391635425e-10,-4.59981933950692e-12
-86.54,4.781105360449897e-10,-4.603332444769157e-12
-86.53,4.784150631406324e-10,-4.606848660834978e-12
-86.52,4.787198201270147e-10,-4.6103681470230335e-12
-86.51,4.790248084995105e-10,-4.613890269507139e-12
-86.5,4.793300272635404e-10,-4.6174157615203725e-12
-86.49,4.796354767033433e-10,-4.620944474205163e-12
-86.48,4.799411577469677e-10,-4.624476129932573e-12
-86.47,4.802470698988942e-10,-4.628010962894038e-12
-86.46,4.805532135917314e-10,-4.631548926272382e-12
-86.45,4.80859589134117e-10,-4.635090053845467e-12
-86.44,4.811661966199324e-10,-4.638634234228445e-12
-86.43,4.814730365126626e-10,-4.642181705784427e-12
-86.42,4.817801081536592e-10,-4.645732055266816e-12
-86.41,4.820874127913289e-10,-4.6492856267080554e-12
-86.4,4.823949500854427e-10,-4.6528425160179495e-12
-86.39,4.827027203784908e-10,-4.656402409897913e-12
-86.38,4.830107238684196e-10,-4.659965488824681e-12
-86.37,4.833189608028341e-10,-4.6635316867608844e-12
-86.36,4.836274311727141e-10,-4.667101128113159e-12
-86.35,4.839361355123415e-10,-4.670673598914327e-12
-86.34,4.842450737731398e-10,-4.674249246173181e-12
-86.33,4.845542462945993e-10,-4.677828108780369e-12
-86.32,4.848636532087057e-10,-4.681410149470641e-12
-86.31,4.85173294695173e-10,-4.684995308962607e-12
-86.3,4.854831710561387e-10,-4.688583716160958e-12
-86.29,4.857932823846098e-10,-4.69217520253753e-12
-86.28,4.86103629000174e-10,-4.6957699392897146e-12
-86.27,4.864142111137335e-10,-4.699367857670743e-12
-86.26,4.8672502866838e-10,-4.702969001576738e-12
-86.25,4.870360823069135e-10,-4.706573243214919e-12
-86.24,4.87347371741128e-10,-4.710180692460807e-12
-86.23,4.876588978617433e-10,-4.713791165583643e-12
-86.22,4.879706600359206e-10,-4.717405352054515e-12
-86.21,4.882826590500803e-10,-4.721022259787134e-12
-86.2,4.885948950003642e-10,-4.7246425862067534e-12
-86.19,4.889073680229019e-10,-4.728266076602994e-12
-86.18,4.892200783684319e-10,-4.731892788416287e-12
-86.17,4.895330262271965e-10,-4.7355226448235634e-12
-86.16,4.898462117649618e-10,-4.739155791954794e-12
-86.15,4.901596353787127e-10,-4.7427920830480205e-12
-86.14,4.904732977336564e-10,-4.746431320665188e-12
-86.13,4.907871969073143e-10,-4.750074481147376e-12
-86.12,4.91101335514974e-10,-4.753720533134251e-12
-86.11,4.914157128090353e-10,-4.75736975734229e-12
-86.1,4.917303290985881e-10,-4.761022326041697e-12
-86.09,4.920451844993468e-10,-4.764678103560479e-12
-86.08,4.923602794456421e-10,-4.76833707642187e-12
-86.07,4.926756139180204e-10,-4.7719992783739395e-12
-86.06,4.92991188266266e-10,-4.775664771048615e-12
-86.05,4.933070024349267e-10,-4.77933333775098e-12
-86.04,4.936230572172187e-10,-4.783005532826517e-12
-86.03,4.939393522586785e-10,-4.786680767457479e-12
-86.02,4.942558877985837e-10,-4.790359338260042e-12
-86.01,4.945726645347166e-10,-4.794041064495135e-12
-86.0,4.948896823263938e-10,-4.797726141265914e-12
-85.99,4.952069413021399e-10,-4.801414408733899e-12
-85.98,4.955244416634922e-10,-4.805106060119634e-12
-85.97,4.958421838691445e-10,-4.808801023854922e-12
-85.96,4.961601682656107e-10,-4.8124989627228785e-12
-85.95,4.964783943356505e-10,-4.8162006016063475e-12
-85.94,4.967968628909813e-10,-4.8199054096642875e-12
-85.93,4.971155742228818e-10,-4.823613493203003e-12
-85.92,4.974345282067323e-10,-4.827324838272816e-12
-85.91,4.977537252522542e-10,-4.83103944990522e-12
-85.9,4.980731654627822e-10,-4.834757391306314e-12
-85.89,4.983928492011659e-10,-4.838478673304265e-12
-85.88,4.987127765033483e-10,-4.842203220852791e-12
-85.87,4.990329466009677e-10,-4.8459313227190584e-12
-85.86,4.99353362937586e-10,-4.8496623633597435e-12
-85.85,4.996740225638045e-10,-4.8533967954200545e-12
-85.84,4.999949266341752e-10,-4.857134651184976e-12
-85.83,5.00316075463097e-10,-4.8608758435182424e-12
-85.82,5.006374691774206e-10,-4.864620333595667e-12
-85.81,5.009591080361391e-10,-4.868368112835548e-12
-85.8,5.012809922821134e-10,-4.872119327021937e-12
-85.79,5.016031221566508e-10,-4.875873833749916e-12
-85.78,5.019254979272923e-10,-4.879631307774359e-12
-85.77,5.022481195407516e-10,-4.883392861674135e-12
-85.76,5.025709873460857e-10,-4.8871573900206686e-12
-85.75,5.028941016087666e-10,-4.890925384533157e-12
-85.74,5.032174627001521e-10,-4.894696634804472e-12
-85.73,5.035410706764065e-10,-4.898471180942453e-12
-85.72,5.038649256326126e-10,-4.9022492321099405e-12
-85.71,5.04189028005634e-10,-4.9060305760854025e-12
-85.7,5.04513377843648e-10,-4.9098152637974355e-12
-85.69,5.048379755095161e-10,-4.913603435211711e-12
-85.68,5.051628211528506e-10,-4.9173949589878016e-12
-85.67,5.054879150753361e-10,-4.921189648050322e-12
-85.66,5.058132572776263e-10,-4.9249879976565445e-12
-85.65,5.061388481345847e-10,-4.928789637016497e-12
-85.64,5.064646879607381e-10,-4.9325946315377184e-12
-85.63,5.067907765092156e-10,-4.936403152686813e-12
-85.62,5.071171150766084e-10,-4.940214818609323e-12
-85.61,5.074437024479459e-10,-4.9440300878940715e-12
-85.6,5.077705398665765e-10,-4.9478486772290944e-12
-85.59,5.080976272003405e-10,-4.95167073305739e-12
-85.58,5.084249647154636e-10,-4.9554963598151914e-12
-85.57,5.087525525808008e-10,-4.9593250521013485e-12
-85.56,5.090803911727153e-10,-4.963157339857191e-12
-85.55,5.094084805510284e-10,-4.966993040278902e-12
-85.54,5.097368210170554e-10,-4.970832177608058e-12
-85.53,5.100654127706262e-10,-4.974674739084136e-12
-85.52,5.10394256006761e-10,-4.978520623638712e-12
-85.51,5.107233510193079e-10,-4.98237012084754e-12
-85.5,5.110526978985137e-10,-4.986223006984986e-12
-85.49,5.113822970878681e-10,-4.9900793064903896e-12
-85.48,5.117121486001646e-10,-4.9939390453387075e-12
-85.47,5.120422527083608e-10,-4.997802337282988e-12
-85.46,5.123726096891094e-10,-5.001668934814508e-12
-85.45,5.127032197828742e-10,-5.005539044673041e-12
-85.44,5.130340831950895e-10,-5.009412631966525e-12
-85.43,5.133652001133667e-10,-5.013289677839832e-12
-85.42,5.136965706576041e-10,-5.0171701823843615e-12
-85.41,5.140281952696193e-10,-5.021054189858607e-12
-85.4,5.143600739275565e-10,-5.024941643509528e-12
-85.39,5.146922072633255e-10,-5.0288326172131245e-12
-85.38,5.150245950604073e-10,-5.0327269750203725e-12
-85.37,5.153572378645443e-10,-5.036624834922326e-12
-85.36,5.156901358188853e-10,-5.0405261263270775e-12
-85.35,5.160232891116143e-10,-5.044431060412062e-12
-85.34,5.163566975820712e-10,-5.048339509636726e-12
-85.33,5.166903620593442e-10,-5.052251359916659e-12
-85.32,5.170242825396416e-10,-5.056166719240052e-12
-85.31,5.173584592286516e-10,-5.06008567061018e-12
-85.3,5.176928924531399e-10,-5.064007970067314e-12
-85.29,5.180275822128391e-10,-5.067933966993276e-12
-85.28,5.183625290586659e-10,-5.071863323739388e-12
-85.27,5.186977330147341e-10,-5.0757962503435385e-12
-85.26,5.190331942725793e-10,-5.079732753526384e-12
-85.25,5.193689131899039e-10,-5.083672722164336e-12
-85.24,5.197048898194039e-10,-5.0876163306167405e-12
-85.23,5.200411245689311e-10,-5.091563391337187e-12
-85.22,5.203776176241718e-10,-5.095513978139665e-12
-85.21,5.207143691498816e-10,-5.099468092916357e-12
-85.2,5.21051379204248e-10,-5.103426280141188e-12
-85.19,5.21388648754178e-10,-5.1073869992328485e-12
-85.18,5.217261772174266e-10,-5.111351852218269e-12
-85.17,5.220639650962185e-10,-5.115320181797294e-12
-85.16,5.224020126277378e-10,-5.119292118873703e-12
-85.15,5.227403201006281e-10,-5.1232675996076596e-12
-85.14,5.230788876675789e-10,-5.12724662228088e-12
-85.13,5.234177155329241e-10,-5.1312292780853745e-12
-85.12,5.237568039848233e-10,-5.135215483235162e-12
-85.11,5.24096153588211e-10,-5.139205101940021e-12
-85.1,5.244357638030216e-10,-5.1431985457134435e-12
-85.09,5.247756355077914e-10,-5.147195515638053e-12
-85.08,5.251157687207005e-10,-5.15119600852682e-12
-85.07,5.254561636272981e-10,-5.1552001180548055e-12
-85.06,5.257968205307414e-10,-5.1592078264806805e-12
-85.05,5.261377397928136e-10,-5.163218919903723e-12
-85.04,5.264789212561976e-10,-5.1672341379219065e-12
-85.03,5.268203655031235e-10,-5.1712525890394636e-12
-85.02,5.271620724659335e-10,-5.175274935964296e-12
-85.01,5.275040429803873e-10,-5.1793005003309185e-12
-85.0,5.278462766960007e-10,-5.183329843430737e-12
-84.99,5.28188773933062e-10,-5.187362937292942e-12
-84.98,5.285315350864267e-10,-5.191399494021371e-12
-84.97,5.288745603822744e-10,-5.1954397722906125e-12
-84.96,5.292178498650378e-10,-5.199483853703408e-12
-84.95,5.295614040556989e-10,-5.203531200857264e-12
-84.94,5.299052229364898e-10,-5.2075823611516056e-12
-84.93,5.302493069553906e-10,-5.2116369285977046e-12
-84.92,5.305936561652255e-10,-5.215695609694438e-12
-84.91,5.30938270779311e-10,-5.219757691589897e-12
-84.9,5.312831512550653e-10,-5.223823441497369e-12
-84.89,5.316282976606254e-10,-5.2278928552660696e-12
-84.88,5.319737103183275e-10,-5.231965949198779e-12
-84.87,5.323193892504637e-10,-5.2360427937721406e-12
-84.86,5.326653351977408e-10,-5.240123118102007e-12
-84.85,5.330115478216576e-10,-5.244207290375717e-12
-84.84,5.333580279261646e-10,-5.24829515549793e-12
-84.83,5.337047748614637e-10,-5.252386498723343e-12
-84.82,5.34051789689575e-10,-5.256481655589654e-12
-84.81,5.343990724966475e-10,-5.2605804668073274e-12
-84.8,5.347466233623484e-10,-5.264683054229172e-12
-84.79,5.350944425961636e-10,-5.268789174961665e-12
-84.78,5.354425303881842e-10,-5.2728991443671866e-12
-84.77,5.3579088706765e-10,-5.27701276351561e-12
-84.76,5.361395127660515e-10,-5.281130122560908e-12
-84.75,5.364884079524942e-10,-5.2852510793481045e-12
-84.74,5.368375725750497e-10,-5.2893758091661905e-12
-84.73,5.37187006790833e-10,-5.2935044342233285e-12
-84.72,5.375367110883839e-10,-5.297636674319769e-12
-84.71,5.378866859049272e-10,-5.301772514172565e-12
-84.7,5.382369311630043e-10,-5.305912232242829e-12
-84.69,5.385874471618771e-10,-5.3100556481976724e-12
-84.68,5.389382340550833e-10,-5.31420280340096e-12
-84.67,5.392892923436005e-10,-5.318353687569153e-12
-84.66,5.396406218889178e-10,-5.322508262368233e-12
-84.65,5.399922234751332e-10,-5.326666666682835e-12
-84.64,5.403440968625413e-10,-5.330828673914264e-12
-84.63,5.406962425851844e-10,-5.334994671665528e-12
-84.62,5.410486605999265e-10,-5.339164403759517e-12
-84.61,5.414013513378502e-10,-5.343337795471741e-12
-84.6,5.417543151451532e-10,-5.347514963737291e-12
-84.59,5.42107552176913e-10,-5.351695949471115e-12
-84.58,5.424610622841725e-10,-5.355880749866074e-12
-84.57,5.428148463093227e-10,-5.3600692709208664e-12
-84.56,5.431689043140917e-10,-5.3642615020355575e-12
-84.55,5.435232366227976e-10,-5.368457559292163e-12
-84.54,5.438778430146832e-10,-5.372657510460219e-12
-84.53,5.44232724330508e-10,-5.376861199154527e-12
-84.52,5.445878802714543e-10,-5.381068699572201e-12
-84.51,5.449433115857992e-10,-5.385279970774435e-12
-84.5,5.452990181995741e-10,-5.3894951351423535e-12
-84.49,5.456550007170682e-10,-5.393713971303016e-12
-84.48,5.460112586226496e-10,-5.3979367206411565e-12
-84.47,5.463677930071942e-10,-5.4021632578686165e-12
-84.46,5.46724603922005e-10,-5.406393636143068e-12
-84.45,5.470816911053709e-10,-5.410627839918146e-12
-84.44,5.474390553901779e-10,-5.414865796470203e-12
-84.43,5.477966966987236e-10,-5.419107712645647e-12
-84.42,5.481546154460898e-10,-5.423353411325716e-12
-84.41,5.485128116422774e-10,-5.427603103904484e-12
-84.4,5.488712860506303e-10,-5.431856374329022e-12
-84.39,5.492300383193352e-10,-5.436113614966233e-12
-84.38,5.495890691409287e-10,-5.440374664385268e-12
-84.37,5.499483784993388e-10,-5.444639745955865e-12
-84.36,5.503079667126253e-10,-5.448908530924884e-12
-84.35,5.506678342402427e-10,-5.453181190409776e-12
-84.34,5.510279807346756e-10,-5.457457775839545e-12
-84.33,5.513884071436314e-10,-5.4617382444542434e-12
-84.32,5.51749113359374e-10,-5.466022515633489e-12
-84.31,5.521100997013428e-10,-5.470310694999024e-12
-84.3,5.524713663929156e-10,-5.474602858035263e-12
-84.29,5.528329138081248e-10,-5.4788988162366266e-12
-84.28,5.531947420348635e-10,-5.483198751548457e-12
-84.27,5.535568513920818e-10,-5.4875024373274415e-12
-84.26,5.539192423464533e-10,-5.4918102216856286e-12
-84.25,5.54281914649206e-10,-5.496121504491925e-12
-84.24,5.546448688815473e-10,-5.500437227239969e-12
-84.23,5.550081053268468e-10,-5.504756627088746e-12
-84.22,5.553716241559042e-10,-5.509079896780223e-12
-84.21,5.557354255270615e-10,-5.513407234284144e-12
-84.2,5.560995098837408e-10,-5.517738403665721e-12
-84.19,5.56463877559028e-10,-5.522073520808393e-12
-84.18,5.568285284531874e-10,-5.526412556229869e-12
-84.17,5.571934629185625e-10,-5.530755741211719e-12
-84.16,5.575586816116881e-10,-5.53510248040562e-12
-84.15,5.579241844296757e-10,-5.539453355590646e-12
-84.14,5.582899715655255e-10,-5.543808238621355e-12
-84.13,5.586560435315005e-10,-5.54816682846211e-12
-84.12,5.590224001453216e-10,-5.5525296551585796e-12
-84.11,5.593890422181387e-10,-5.5568964013408014e-12
-84.1,5.597559695969859e-10,-5.561267097302218e-12
-84.09,5.601231828090785e-10,-5.565641725042797e-12
-84.08,5.604906827244642e-10,-5.570019936482306e-12
-84.07,5.608584673389133e-10,-5.57440299927837e-12
-84.06,5.612265391737059e-10,-5.578789586636083e-12
-84.05,5.615948980118845e-10,-5.583180152398166e-12
-84.04,5.619635434009254e-10,-5.587574693509702e-12
-84.03,5.623324764044698e-10,-5.591973292005629e-12
-84.02,5.627016967777592e-10,-5.5963758517356475e-12
-84.01,5.630712048743243e-10,-5.600782447439752e-12
-84.0,5.634410010941376e-10,-5.605193111208125e-12
-83.99,5.63811085431352e-10,-5.60960744438271e-12
-83.98,5.641814587858962e-10,-5.614026196727464e-12
-83.97,5.645521205392284e-10,-5.618448838601955e-12
-83.96,5.649230715754818e-10,-5.622875502510961e-12
-83.95,5.652943119441996e-10,-5.627306199923128e-12
-83.94,5.656658418418932e-10,-5.631740916971147e-12
-83.93,5.660376616046001e-10,-5.636179662370988e-12
-83.92,5.664097715093467e-10,-5.6406224997409964e-12
-83.91,5.667821717192806e-10,-5.645069356552595e-12
-83.9,5.67154862270326e-10,-5.6495203804010004e-12
-83.89,5.675278444715319e-10,-5.6539751941084264e-12
-83.88,5.679011174400104e-10,-5.658434216851609e-12
-83.87,5.682746819522404e-10,-5.662897289934309e-12
-83.86,5.686485380133542e-10,-5.66736445033706e-12
-83.85,5.690226861011761e-10,-5.67183560746115e-12
-83.84,5.693971264674175e-10,-5.676310857323418e-12
-83.83,5.69771859250997e-10,-5.680790296933171e-12
-83.82,5.701468846566645e-10,-5.685273685852038e-12
-83.81,5.705222033797754e-10,-5.6897610612765175e-12
-83.8,5.708978150709807e-10,-5.6942529895987996e-12
-83.79,5.712737204798401e-10,-5.698748657252835e-12
-83.78,5.716499197022763e-10,-5.703248471873107e-12
-83.77,5.720264129730601e-10,-5.707752447248601e-12
-83.76,5.724032005941623e-10,-5.712260463353857e-12
-83.75,5.727802827742429e-10,-5.7167726868895545e-12
-83.74,5.731576598454557e-10,-5.721288893393868e-12
-83.73,5.735353320324757e-10,-5.725809315115491e-12
-83.72,5.739132997956999e-10,-5.730333777486662e-12
-83.71,5.742915628445705e-10,-5.734862468426269e-12
-83.7,5.746701221429314e-10,-5.739395239118935e-12
-83.69,5.750489777004766e-10,-5.743932170787643e-12
-83.68,5.75428129621422e-10,-5.748473238870642e-12
-83.67,5.758075782142487e-10,-5.75301844089607e-12
-83.66,5.761873238441873e-10,-5.757567832753237e-12
-83.65,5.765673667475201e-10,-5.762121434566369e-12
-83.64,5.769477072262567e-10,-5.766679074285677e-12
-83.63,5.773283455522819e-10,-5.77124094682976e-12
-83.62,5.777092819672316e-10,-5.775806993351045e-12
-83.61,5.780905165043482e-10,-5.7803773533308355e-12
-83.6,5.784720502123832e-10,-5.784951529132471e-12
-83.59,5.788538822681676e-10,-5.789530175197203e-12
-83.58,5.792360138142404e-10,-5.794112856453317e-12
-83.57,5.796184446183394e-10,-5.7986997914298105e-12
-83.56,5.800011752467428e-10,-5.803290955297743e-12
-83.55,5.803842058507384e-10,-5.807886257818346e-12
-83.54,5.807675365350085e-10,-5.812485824353246e-12
-83.53,5.811511679436308e-10,-5.817089565945577e-12
-83.52,5.815350998701627e-10,-5.821697466463091e-12
-83.51,5.819193333211106e-10,-5.82630969571626e-12
-83.5,5.823038678525214e-10,-5.830926063105779e-12
-83.49,5.826887039837778e-10,-5.835546701549347e-12
-83.48,5.830738420518195e-10,-5.840171600614192e-12
-83.47,5.834592823283838e-10,-5.8448005775343835e-12
-83.46,5.838450248863281e-10,-5.849433961908182e-12
-83.45,5.842310702817019e-10,-5.854071558893422e-12
-83.44,5.846174186526227e-10,-5.858713326751337e-12
-83.43,5.850040702095446e-10,-5.863359541511078e-12
-83.42,5.853910253295111e-10,-5.868009725876715e-12
-83.41,5.857782843780764e-10,-5.872664254205142e-12
-83.4,5.861658474088092e-10,-5.8773231382603725e-12
-83.39,5.865537146944043e-10,-5.881986307145698e-12
-83.38,5.869418867212338e-10,-5.886653686766188e-12
-83.37,5.873303636910955e-10,-5.89132536725519e-12
-83.36,5.877191457009135e-10,-5.896001372435429e-12
-83.35,5.881082333263645e-10,-5.900681606394676e-12
-83.34,5.884976268123623e-10,-5.9053660245883735e-12
-83.33,5.888873260233391e-10,-5.910054918949014e-12
-83.32,5.892773317836346e-10,-5.91474802074967e-12
-83.31,5.896676439725764e-10,-5.9194455241147815e-12
-83.3,5.90058263075226e-10,-5.9241472892208976e-12
-83.29,5.904491892927434e-10,-5.928853328351319e-12
-83.28,5.908404229187381e-10,-5.933563727550892e-12
-83.27,5.912319641710004e-10,-5.938278438155285e-12
-83.26,5.916238135270599e-10,-5.942997483667313e-12
-83.25,5.920159711059495e-10,-5.947720850889402e-12
-83.24,5.924084372302028e-10,-5.952448528773912e-12
-83.23,5.928012124136696e-10,-5.957179914766413e-12
-83.22,5.931942962346937e-10,-5.961916885540519e-12
-83.21,5.935876894645988e-10,-5.966657768074848e-12
-83.2,5.939813924947014e-10,-5.971402806944403e-12
-83.19,5.943754055198638e-10,-5.976152337971731e-12
-83.18,5.947697286429976e-10,-5.980906124716912e-12
-83.17,5.951643623604771e-10,-5.985664329501614e-12
-83.16,5.95559306884419e-10,-5.990426820225892e-12
-83.15,5.959545624420755e-10,-5.995193781768951e-12
-83.14,5.96350129143858e-10,-5.999965039201334e-12
-83.13,5.967460078992714e-10,-6.004740854243786e-12
-83.12,5.971421982250503e-10,-6.009520946083035e-12
-83.11,5.975387010191851e-10,-6.014305413769e-12
-83.1,5.979355160966833e-10,-6.0190942495907116e-12
-83.09,5.983326438625891e-10,-6.023887693003108e-12
-83.08,5.987300846759026e-10,-6.028685468168329e-12
-83.07,5.991278391561701e-10,-6.033487502553348e-12
-83.06,5.995259070996474e-10,-6.0382940211154185e-12
-83.05,5.999242886725999e-10,-6.043105053337915e-12
-83.04,6.003229848755977e-10,-6.0479204117700064e-12
-83.03,6.007219954770366e-10,-6.052740227238766e-12
-83.02,6.011213207051293e-10,-6.057564483712246e-12
-83.01,6.015209610690988e-10,-6.062393178286246e-12
-83.0,6.019209167693179e-10,-6.067226351454164e-12
-82.99,6.02321188084151e-10,-6.072063911863568e-12
-82.98,6.027217752948567e-10,-6.0769060334367535e-12
-82.97,6.031226787577338e-10,-6.081752529046432e-12
-82.96,6.035238989417619e-10,-6.086603007328549e-12
-82.95,6.039254354104082e-10,-6.091459021765006e-12
-82.94,6.04327289194704e-10,-6.096318947830115e-12
-82.93,6.047294603686885e-10,-6.101183323651237e-12
-82.92,6.051319491321329e-10,-6.1060522359509055e-12
-82.91,6.055347558899847e-10,-6.1109255302177745e-12
-82.9,6.059378808407407e-10,-6.1158034910260305e-12
-82.89,6.063413244737885e-10,-6.120685803788043e-12
-82.88,6.067450864926252e-10,-6.125572723243446e-12
-82.87,6.071491684585874e-10,-6.130464172597884e-12
-82.86,6.075535688830965e-10,-6.13536005228566e-12
-82.85,6.079582894588578e-10,-6.140260501035569e-12
-82.84,6.08363329930759e-10,-6.1451654038254675e-12
-82.83,6.087686906999319e-10,-6.150074908173054e-12
-82.82,6.091743719074743e-10,-6.154988881945627e-12
-82.81,6.095803741867285e-10,-6.159907424773996e-12
-82.8,6.099866975109509e-10,-6.164830418158204e-12
-82.79,6.103933422035764e-10,-6.169758097967521e-12
-82.78,6.108003089493626e-10,-6.174690094393391e-12
-82.77,6.112075973186871e-10,-6.179626945275088e-12
-82.76,6.116152080986666e-10,-6.184568269584936e-12
-82.75,6.120231416256869e-10,-6.189514029407233e-12
-82.74,6.124313980290297e-10,-6.194464538062127e-12
-82.73,6.128399776969262e-10,-6.199419529532093e-12
-82.72,6.132488807668974e-10,-6.204379089008366e-12
-82.71,6.136581076694568e-10,-6.209343192358833e-12
-82.7,6.140676587343928e-10,-6.214311936918771e-12
-82.69,6.144775341609637e-10,-6.219285241627105e-12
-82.68,6.148877342559915e-10,-6.224263201209605e-12
-82.67,6.152982591478758e-10,-6.229245840402729e-12
-82.66,6.157091097861899e-10,-6.234232830336731e-12
-82.65,6.161202856719497e-10,-6.239224647056237e-12
-82.64,6.165317875438524e-10,-6.2442210305490826e-12
-82.63,6.169436155625988e-10,-6.249221936292681e-12
-82.62,6.173557700770757e-10,-6.254227572641829e-12
-82.61,6.177682513930449e-10,-6.2592378585403004e-12
-82.6,6.181810597523015e-10,-6.264252677447997e-12
-82.59,6.185941954720038e-10,-6.2692722086840414e-12
-82.58,6.190076591321824e-10,-6.274296338533266e-12
-82.57,6.194214503633223e-10,-6.279325271210196e-12
-82.56,6.19835569896759e-10,-6.2843587648677e-12
-82.55,6.202500181415781e-10,-6.28939685404181e-12
-82.54,6.206647953900966e-10,-6.294439614867125e-12
-82.53,6.210799016618686e-10,-6.29948711206635e-12
-82.52,6.214953374105018e-10,-6.304539273027055e-12
-82.51,6.219111031153679e-10,-6.309596057817863e-12
-82.5,6.223271987597475e-10,-6.314657605022514e-12
-82.49,6.227436242329838e-10,-6.3197241275518235e-12
-82.48,6.231603814882166e-10,-6.324794793110662e-12
-82.47,6.235774693105901e-10,-6.329870408887242e-12
-82.46,6.239948884124252e-10,-6.334950621287213e-12
-82.45,6.244126390934736e-10,-6.34003559976232e-12
-82.44,6.248307216085104e-10,-6.345125372207069e-12
-82.43,6.252491364579985e-10,-6.35021982820697e-12
-82.42,6.25667883680884e-10,-6.3553191001062405e-12
-82.41,6.260869638380136e-10,-6.360422965472879e-12
-82.4,6.265063771680453e-10,-6.365531492656911e-12
-82.39,6.269261238100949e-10,-6.370644966722418e-12
-82.38,6.27346204187517e-10,-6.375763037506493e-12
-82.37,6.277666186872548e-10,-6.380885978944695e-12
-82.36,6.281873674766441e-10,-6.386013583428809e-12
-82.35,6.28608450985116e-10,-6.3911460078633195e-12
-82.34,6.290298695190174e-10,-6.396283190844124e-12
-82.33,6.294516232310456e-10,-6.40142503491044e-12
-82.32,6.298737125976704e-10,-6.406571758077777e-12
-82.31,6.302961378235584e-10,-6.411723231193396e-12
-82.3,6.30718899054149e-10,-6.416879523507039e-12
-82.29,6.311419971149e-10,-6.42204052560342e-12
-82.28,6.315654318835879e-10,-6.427206419020629e-12
-82.27,6.319892038095519e-10,-6.432377113771044e-12
-82.26,6.324133131189533e-10,-6.4375525273189096e-12
-82.25,6.328377602886112e-10,-6.442732659462954e-12
-82.24,6.332625453438642e-10,-6.447917858362278e-12
-82.23,6.336876689375495e-10,-6.453107751617688e-12
-82.22,6.341131311645482e-10,-6.45830239238308e-12
-82.21,6.345389323261463e-10,-6.463502021821291e-12
-82.2,6.349650729639646e-10,-6.468706201359604e-12
-82.19,6.35391552995036e-10,-6.4739155886263e-12
-82.18,6.358183730515205e-10,-6.47912968177772e-12
-82.17,6.362455333627249e-10,-6.484348618477801e-12
-82.16,6.366730342230372e-10,-6.48957236501069e-12
-82.15,6.371008760408067e-10,-6.494800986159894e-12
-82.14,6.375290588521427e-10,-6.500034565859412e-12
-82.13,6.379575834179619e-10,-6.5052728669745154e-12
-82.12,6.38386449612293e-10,-6.5105161715444314e-12
-82.11,6.38815658362591e-10,-6.51576416083924e-12
-82.1,6.392452087520985e-10,-6.521017365735981e-12
-82.09,6.396751024097424e-10,-6.526275244865123e-12
-82.08,6.401053391673467e-10,-6.5315380336683244e-12
-82.07,6.405359191556765e-10,-6.536805751481981e-12
-82.06,6.409668428941053e-10,-6.5420784446289235e-12
-82.05,6.413981107233939e-10,-6.547355841275003e-12
-82.04,6.418297229093697e-10,-6.552638296709928e-12
-82.03,6.422616796957357e-10,-6.557925696379615e-12
-82.02,6.426939809303883e-10,-6.563218078546902e-12
-82.01,6.431266285950969e-10,-6.568515270494019e-12
-82.0,6.435596211998499e-10,-6.573817514664895e-12
-81.99,6.439929599434601e-10,-6.579124552328864e-12
-81.98,6.44426644804484e-10,-6.584436612580481e-12
-81.97,6.448606764757925e-10,-6.589753607360306e-12
-81.96,6.452950547424831e-10,-6.5950755711574586e-12
-81.95,6.457297803453643e-10,-6.600402588359707e-12
-81.94,6.46164853414717e-10,-6.605734464894918e-12
-81.93,6.466002740692283e-10,-6.611071448974173e-12
-81.92,6.470360434858758e-10,-6.616413230797334e-12
-81.91,6.474721612525466e-10,-6.621760128597138e-12
-81.9,6.479086277178266e-10,-6.627111918112089e-12
-81.89,6.483454433018164e-10,-6.632468729698232e-12
-81.88,6.487826083997267e-10,-6.637830589168889e-12
-81.87,6.49220123262788e-10,-6.643197441678439e-12
-81.86,6.496579882100758e-10,-6.648569328737012e-12
-81.85,6.500962037057671e-10,-6.653946076460198e-12
-81.84,6.505347699621762e-10,-6.659328125096932e-12
-81.83,6.509736871454546e-10,-6.664715029537183e-12
-81.82,6.514129558735706e-10,-6.670107000897181e-12
-81.81,6.518525762511221e-10,-6.675503994038665e-12
-81.8,6.522925487685578e-10,-6.680905975344064e-12
-81.79,6.527328735585067e-10,-6.686313083625483e-12
-81.78,6.531735512203496e-10,-6.691725211102206e-12
-81.77,6.536145818054689e-10,-6.697142427425842e-12
-81.76,6.540559657709422e-10,-6.702564758775178e-12
-81.75,6.544977035286266e-10,-6.70799203683141e-12
-81.74,6.549397951238717e-10,-6.7134245114609465e-12
-81.73,6.553822412322204e-10,-6.718861982918196e-12
-81.72,6.558250418462906e-10,-6.724304586370694e-12
-81.71,6.562681975732404e-10,-6.729752274465263e-12
-81.7,6.567117086309127e-10,-6.73520505384073e-12
-81.69,6.571555751765547e-10,-6.740662988447072e-12
-81.68,6.575997979210555e-10,-6.74612588781858e-12
-81.67,6.580443770716338e-10,-6.751594002782582e-12
-81.66,6.584893127208767e-10,-6.757067164156956e-12
-81.65,6.589346053356365e-10,-6.76254547846276e-12
-81.64,6.593802557248703e-10,-6.768028800439409e-12
-81.63,6.598262629626897e-10,-6.773517578586855e-12
-81.62,6.602726285476635e-10,-6.779011330377885e-12
-81.61,6.607193525496612e-10,-6.7845101855713414e-12
-81.6,6.611664348901266e-10,-6.790014301766923e-12
-81.59,6.616138763823856e-10,-6.7955235152612974e-12
-81.58,6.620616770590604e-10,-6.80103788638319e-12
-81.57,6.625098376482649e-10,-6.806557440400616e-12
-81.56,6.629583580452313e-10,-6.812082154806729e-12
-81.55,6.634072384107823e-10,-6.817612070963503e-12
-81.54,6.638564800253239e-10,-6.823147082574741e-12
-81.53,6.643060824124523e-10,-6.828687388430505e-12
-81.52,6.647560459640821e-10,-6.834232807536123e-12
-81.51,6.652063712871621e-10,-6.8397834828565115e-12
-81.5,6.656570585219865e-10,-6.8453393314358485e-12
-81.49,6.661081080593515e-10,-6.8509004606002716e-12
-81.48,6.66559520338379e-10,-6.8564666771864034e-12
-81.47,6.670112955592219e-10,-6.862038198442955e-12
-81.46,6.674634341393432e-10,-6.867615108797735e-12
-81.45,6.679159362562846e-10,-6.873196977113711e-12
-81.44,6.683688023644255e-10,-6.878784190620736e-12
-81.43,6.688220329973096e-10,-6.884376636970207e-12
-81.42,6.692756282282718e-10,-6.889974387354472e-12
-81.41,6.697295884299016e-10,-6.895577389343428e-12
-81.4,6.70183914016369e-10,-6.901185562315611e-12
-81.39,6.70638605181459e-10,-6.906799108926071e-12
-81.38,6.710936626059596e-10,-6.9124179278379825e-12
-81.37,6.715490862306273e-10,-6.918041950678266e-12
-81.36,6.72004876899405e-10,-6.923671157369614e-12
-81.35,6.724610342390058e-10,-6.929306075614434e-12
-81.34,6.729175590150539e-10,-6.934945880300518e-12
-81.33,6.733744516989381e-10,-6.940591090947606e-12
-81.32,6.738317123846607e-10,-6.9462416459461504e-12
-81.31,6.742893415086211e-10,-6.9518974790571085e-12
-81.3,6.747473394398491e-10,-6.957558638219136e-12
-81.29,6.752057064422186e-10,-6.963225156226391e-12
-81.28,6.756644428933772e-10,-6.968896950059015e-12
-81.27,6.761235491445871e-10,-6.974574163218468e-12
-81.26,6.765830254129821e-10,-6.9802572048006966e-12
-81.25,6.770428723782503e-10,-6.985944550821059e-12
-81.24,6.775030902176118e-10,-6.991637626657804e-12
-81.23,6.779636790331188e-10,-6.9973362565824606e-12
-81.22,6.784246394319237e-10,-7.003040186965684e-12
-81.21,6.788859717377204e-10,-7.008749403853346e-12
-81.2,6.79347676223609e-10,-7.014464134749251e-12
-81.19,6.798097533162926e-10,-7.02018417928553e-12
-81.18,6.802722032996383e-10,-7.02590961398921e-12
-81.17,6.80735027223845e-10,-7.031640322356726e-12
-81.16,6.811982234462554e-10,-7.037376712118136e-12
-81.15,6.816617942584971e-10,-7.043118361632527e-12
-81.14,6.821257395199653e-10,-7.048865292562569e-12
-81.13,6.825900590872133e-10,-7.054617876578941e-12
-81.12,6.830547537781057e-10,-7.060375764587103e-12
-81.11,6.835198240575238e-10,-7.066139056411047e-12
-81.1,6.839852698198294e-10,-7.0719077674414334e-12
-81.09,6.844510916245271e-10,-7.077681924969768e-12
-81.08,6.849172897846493e-10,-7.083461709244278e-12
-81.07,6.85383865034948e-10,-7.089246617233364e-12
-81.06,6.858508171867279e-10,-7.095037167347828e-12
-81.05,6.863181470154551e-10,-7.100833006057893e-12
-81.04,6.867858540633882e-10,-7.106634669078374e-12
-81.03,6.872539397303501e-10,-7.112441540903962e-12
-81.02,6.877224038592026e-10,-7.118254002218024e-12
-81.01,6.881912467988737e-10,-7.1240718313536036e-12
-81.0,6.886604689669263e-10,-7.129895260813107e-12
-80.99,6.891300706372314e-10,-7.1357236405591024e-12
-80.98,6.896000524457117e-10,-7.141558553191803e-12
-80.97,6.90070414375215e-10,-7.147398525836611e-12
-80.96,6.905411570131406e-10,-7.153243903350334e-12
-80.95,6.910122806708733e-10,-7.159094819475165e-12
-80.94,6.914837856470535e-10,-7.164951319175863e-12
-80.93,6.919556723227145e-10,-7.170813289169461e-12
-80.92,6.924279410619228e-10,-7.176680847334176e-12
-80.91,6.929005922489696e-10,-7.182553916171139e-12
-80.9,6.933736266052639e-10,-7.188432550740048e-12
-80.89,6.93847043386446e-10,-7.194316784617763e-12
-80.88,6.943208440185132e-10,-7.200206470793065e-12
-80.87,6.947950284779403e-10,-7.206101775705782e-12
-80.86,6.952695971627314e-10,-7.212002624229017e-12
-80.85,6.957445504242307e-10,-7.21790919439244e-12
-80.84,6.962198886437244e-10,-7.223821235225823e-12
-80.83,6.966956121779845e-10,-7.229738893432215e-12
-80.82,6.971717213227011e-10,-7.235662131095776e-12
-80.81,6.976482165726689e-10,-7.241590921024891e-12
-80.8,6.981250980449646e-10,-7.247525423113719e-12
-80.79,6.986023664603437e-10,-7.25346552878805e-12
-80.78,6.99080021791098e-10,-7.259411188767604e-12
-80.77,6.99558064657229e-10,-7.265362568031955e-12
-80.76,7.00036495412424e-10,-7.271319505281424e-12
-80.75,7.005153144285273e-10,-7.277281994507688e-12
-80.74,7.009945218241023e-10,-7.283250332749415e-12
-80.73,7.014741180998101e-10,-7.289224318389998e-12
-80.72,7.019541039943949e-10,-7.295203840630736e-12
-80.71,7.024344792193396e-10,-7.301189067857433e-12
-80.7,7.029152446267167e-10,-7.307179891375092e-12
-80.69,7.033964001810464e-10,-7.31317649754434e-12
-80.68,7.038779467147146e-10,-7.319178758064568e-12
-80.67,7.043598842806144e-10,-7.325186724006054e-12
-80.66,7.048422133769843e-10,-7.331200374196835e-12
-80.65,7.053249343056402e-10,-7.337219702435541e-12
-80.64,7.058080475465355e-10,-7.34324472704453e-12
-80.63,7.062915531617763e-10,-7.349275504976095e-12
-80.62,7.067754517923044e-10,-7.355311992988878e-12
-80.61,7.07259743648015e-10,-7.36135429609434e-12
-80.6,7.077444294676928e-10,-7.367402116901422e-12
-80.59,7.082295091383148e-10,-7.3734558223316e-12
-80.58,7.087149834067586e-10,-7.379515255604148e-12
-80.57,7.092008523988721e-10,-7.385580445389128e-12
-80.56,7.096871165401755e-10,-7.391651366806778e-12
-80.55,7.101737762259436e-10,-7.39772805775582e-12
-80.54,7.10660831809829e-10,-7.403810498552317e-12
-80.53,7.111482837202467e-10,-7.40989869816986e-12
-80.52,7.116361319484517e-10,-7.415992925153652e-12
-80.51,7.121243778555703e-10,-7.42209253641219e-12
-80.5,7.126130208971673e-10,-7.428198057054685e-12
-80.49,7.131020616831876e-10,-7.434309518462631e-12
-80.48,7.13591500598171e-10,-7.440426825658162e-12
-80.47,7.14081337898629e-10,-7.446549926809865e-12
-80.46,7.145715744187228e-10,-7.45267856592667e-12
-80.45,7.150622100702017e-10,-7.458813263327336e-12
-80.44,7.155532452950608e-10,-7.464953747106129e-12
-80.43,7.160446805915855e-10,-7.471100052366088e-12
-80.42,7.165365163400313e-10,-7.477252300580668e-12
-80.41,7.170287530052409e-10,-7.48341018895025e-12
-80.4,7.175213905134166e-10,-7.489574149640594e-12
-80.39,7.180144296753463e-10,-7.495743880310842e-12
-80.38,7.185078708057334e-10,-7.501919506737696e-12
-80.37,7.190017141682445e-10,-7.50810100626993e-12
-80.36,7.194959601823626e-10,-7.51428840210084e-12
-80.35,7.199906093395858e-10,-7.520481606729504e-12
-80.34,7.204856618901264e-10,-7.526680743149617e-12
-80.33,7.209811182858827e-10,-7.532885778308864e-12
-80.32,7.214769788486297e-10,-7.539096627020188e-12
-80.31,7.219732439802329e-10,-7.5453136874593e-12
-80.3,7.224699140384372e-10,-7.551536378782836e-12
-80.29,7.229669893848515e-10,-7.557765164960403e-12
-80.28,7.234644705522553e-10,-7.56399974360652e-12
-80.27,7.23962357668308e-10,-7.570240411988089e-12
-80.26,7.244606514387915e-10,-7.57648687637143e-12
-80.25,7.249593520635374e-10,-7.582739291261148e-12
-80.24,7.254584598158282e-10,-7.588997820356935e-12
-80.23,7.259579753127531e-10,-7.595262496753035e-12
-80.22,7.264578987365854e-10,-7.601532564452038e-12
-80.21,7.2695823056902e-10,-7.607808931968329e-12
-80.2,7.274589712836063e-10,-7.614091250456225e-12
-80.19,7.279601210508942e-10,-7.620379585611891e-12
-80.18,7.284616803657309e-10,-7.626673943839183e-12
-80.17,7.289636499447205e-10,-7.632974366779263e-12
-80.16,7.294660293747879e-10,-7.63928063656384e-12
-80.15,7.299688197764994e-10,-7.645592968025832e-12
-80.14,7.304720214818796e-10,-7.651911079841048e-12
-80.13,7.309756342057137e-10,-7.658235776060275e-12
-80.12,7.314796590584875e-10,-7.664566181891989e-12
-80.11,7.319840961502797e-10,-7.670902594068031e-12
-80.1,7.32488945954547e-10,-7.677245163510314e-12
-80.09,7.329942087607754e-10,-7.68359378050724e-12
-80.08,7.334998848126136e-10,-7.689948356897724e-12
-80.07,7.340059752368095e-10,-7.696309122865043e-12
-80.06,7.345124795517464e-10,-7.702675908515283e-12
-80.05,7.350193988271943e-10,-7.709048810554022e-12
-80.04,7.355267324102607e-10,-7.715427739774051e-12
-80.03,7.360344818638327e-10,-7.721812786534664e-12
-80.02,7.365426469692745e-10,-7.728203978896045e-12
-80.01,7.370512282259744e-10,-7.734601315238868e-12
-80.0,7.375602262207569e-10,-7.74100465128328e-12
-79.99,7.380696411071993e-10,-7.747414138759379e-12
-79.98,7.385794733711315e-10,-7.753829809318542e-12
-79.97,7.390897233864575e-10,-7.760251505497768e-12
-79.96,7.396003912093783e-10,-7.76667983679269e-12
-79.95,7.401114782235137e-10,-7.773113447710838e-12
-79.94,7.40622983931213e-10,-7.779553697978914e-12
-79.93,7.41134908954235e-10,-7.786000047043525e-12
-79.92,7.41647253678322e-10,-7.792452619897735e-12
-79.91,7.421600186817533e-10,-7.79891133138778e-12
-79.9,7.426732040819207e-10,-7.805376201781193e-12
-79.89,7.431868105011825e-10,-7.811847299673618e-12
-79.88,7.437008381869849e-10,-7.818324570780917e-12
-79.87,7.442152876997529e-10,-7.824808019479546e-12
-79.86,7.447301592202483e-10,-7.831297819699078e-12
-79.85,7.452454534406821e-10,-7.837793531441054e-12
-79.84,7.457611704205345e-10,-7.8442957556039e-12
-79.83,7.462773108262204e-10,-7.850804108666914e-12
-79.82,7.467938749053871e-10,-7.857318692671571e-12
-79.81,7.473108631475715e-10,-7.863839487196796e-12
-79.8,7.478282759235962e-10,-7.870366571517436e-12
-79.79,7.483461136302648e-10,-7.8768999497131e-12
-79.78,7.48864376846561e-10,-7.883439355448918e-12
-79.77,7.493830656689965e-10,-7.889985314712659e-12
-79.76,7.499021807538433e-10,-7.896537491360791e-12
-79.75,7.504217220975837e-10,-7.903095903938651e-12
-79.74,7.50941690567359e-10,-7.909660644366893e-12
-79.73,7.51462086504517e-10,-7.916231578746673e-12
-79.72,7.519829101584163e-10,-7.922808863513879e-12
-79.71,7.525041618869763e-10,-7.929392516722736e-12
-79.7,7.530258423554718e-10,-7.935982467285509e-12
-79.69,7.535479518188035e-10,-7.942578626196662e-12
-79.68,7.540704905534876e-10,-7.94918125637742e-12
-79.67,7.545934592870351e-10,-7.955790216650712e-12
-79.66,7.551168579448284e-10,-7.962405506255132e-12
-79.65,7.556406873712351e-10,-7.969027153657859e-12
-79.64,7.561649479828557e-10,-7.975654991489687e-12
-79.63,7.566896398304156e-10,-7.982289387716195e-12
-79.62,7.572147635792332e-10,-7.988930099398565e-12
-79.61,7.577403194767344e-10,-7.995577357942124e-12
-79.6,7.582663083771836e-10,-8.002230579269566e-12
-79.59,7.587927301409351e-10,-8.008890493766521e-12
-79.58,7.593195851932099e-10,-8.015556972518324e-12
-79.57,7.598468746156002e-10,-8.022229463951716e-12
-79.56,7.603745980700627e-10,-8.028908598863575e-12
-79.55,7.60902756353795e-10,-8.035594066686026e-12
-79.54,7.614313497734675e-10,-8.042285974454829e-12
-79.53,7.619603787204524e-10,-8.048984282360608e-12
-79.52,7.624898436254678e-10,-8.055689160849597e-12
-79.51,7.63019745128695e-10,-8.062400305030607e-12
-79.5,7.635500831537304e-10,-8.06911817131246e-12
-79.49,7.640808583614655e-10,-8.075842274745548e-12
-79.48,7.646120714421109e-10,-8.082572964357279e-12
-79.47,7.6514372239885e-10,-8.08931022509065e-12
-79.46,7.65675812072661e-10,-8.096053639270567e-12
-79.45,7.662083405302431e-10,-8.102803779130249e-12
-79.44,7.667413081607176e-10,-8.109560365724479e-12
-79.43,7.672747155697336e-10,-8.116323476512627e-12
-79.42,7.678085632389916e-10,-8.123093118438192e-12
-79.41,7.683428513383393e-10,-8.129869220061315e-12
-79.4,7.68877580486606e-10,-8.136651887030163e-12
-79.39,7.69412751028471e-10,-8.143441039611265e-12
-79.38,7.699483632699735e-10,-8.150236777669193e-12
-79.37,7.704844181896837e-10,-8.157039057164656e-12
-79.36,7.710209152681706e-10,-8.16384788965851e-12
-79.35,7.715578556529492e-10,-8.170663291080246e-12
-79.34,7.720952395317175e-10,-8.177485290501395e-12
-79.33,7.726330674276888e-10,-8.184313728761303e-12
-79.32,7.731713396016814e-10,-8.191148882562896e-12
-79.31,7.737100565340537e-10,-8.197990604547144e-12
-79.3,7.742492186525051e-10,-8.204838890302007e-12
-79.29,7.747888265614602e-10,-8.211693394542923e-12
-79.28,7.75328880350369e-10,-8.218555353937386e-12
-79.27,7.758693806926862e-10,-8.225423445317804e-12
-79.26,7.764103279384127e-10,-8.23229825248796e-12
-79.25,7.769517225592521e-10,-8.239179643164564e-12
-79.24,7.774935648238516e-10,-8.246067734659233e-12
-79.23,7.780358554138235e-10,-8.252962328078103e-12
-79.22,7.785785945014477e-10,-8.259863659880779e-12
-79.21,7.791217827647471e-10,-8.266771771471565e-12
-79.2,7.796654202990433e-10,-8.273686601596673e-12
-79.19,7.802095079802517e-10,-8.280607781680377e-12
-79.18,7.807540459189783e-10,-8.287535814524295e-12
-79.17,7.812990345057332e-10,-8.294470588345213e-12
-79.16,7.818444745929402e-10,-8.3014118709582e-12
-79.15,7.823903659689008e-10,-8.308360119837882e-12
-79.14,7.829367095585246e-10,-8.315314983692995e-12
-79.13,7.834835055327917e-10,-8.322276532823044e-12
-79.12,7.840307546101361e-10,-8.329244855763213e-12
-79.11,7.845784570617242e-10,-8.336219948506289e-12
-79.1,7.85126613111762e-10,-8.343201630159248e-12
-79.09,7.856752234773227e-10,-8.350190162147062e-12
-79.08,7.862242884494075e-10,-8.357185491883114e-12
-79.07,7.867738086198655e-10,-8.3641874919684e-12
-79.06,7.87323784190848e-10,-8.371196347334163e-12
-79.05,7.878742157769568e-10,-8.378211942215456e-12
-79.04,7.884251037475717e-10,-8.385234412613477e-12
-79.03,7.889764486732691e-10,-8.39226348932825e-12
-79.02,7.895282503704657e-10,-8.39929915103076e-12
-79.01,7.900805106497354e-10,-8.40634234787656e-12
-79.0,7.906332285820221e-10,-8.413391951945057e-12
-78.99,7.911864052062894e-10,-8.42044838617579e-12
-78.98,7.917400407922275e-10,-8.427511660302945e-12
-78.97,7.922941358460404e-10,-8.434581766564864e-12
-78.96,7.928486908651869e-10,-8.441658841478799e-12
-78.95,7.934037062677372e-10,-8.448742592165083e-12
-78.94,7.939591824819841e-10,-8.455833247030342e-12
-78.93,7.94515119775239e-10,-8.462930722712033e-12
-78.92,7.950715186951494e-10,-8.470035263357001e-12
-78.91,7.9562837988676e-10,-8.477146554048681e-12
-78.9,7.961857037261649e-10,-8.484264786711692e-12
-78.89,7.967434904634565e-10,-8.491389857554998e-12
-78.88,7.973017407901451e-10,-8.498521853435003e-12
-78.87,7.978604546230877e-10,-8.505660848267878e-12
-78.86,7.984196331118874e-10,-8.512806679437802e-12
-78.85,7.989792763193231e-10,-8.519959437921624e-12
-78.84,7.995393847159469e-10,-8.527119226255706e-12
-78.83,8.000999589451656e-10,-8.534285768149366e-12
-78.82,8.006609991654093e-10,-8.541459351118603e-12
-78.81,8.012225059000796e-10,-8.548640061431372e-12
-78.8,8.017844797816776e-10,-8.555827619351933e-12
-78.79,8.02346921064695e-10,-8.563022128058613e-12
-78.78,8.029098302765385e-10,-8.57022363202398e-12
-78.77,8.03473207831591e-10,-8.577432194837395e-12
-78.76,8.04037054342811e-10,-8.584647633970193e-12
-78.75,8.046013699358131e-10,-8.591870152419296e-12
-78.74,8.051661553297211e-10,-8.599099637678513e-12
-78.73,8.05731410870538e-10,-8.606335960314023e-12
-78.72,8.062971370858458e-10,-8.613579816334638e-12
-78.71,8.06863334431474e-10,-8.62083038795113e-12
-78.7,8.074300031882965e-10,-8.628088068157946e-12
-78.69,8.079971439227562e-10,-8.635352800802618e-12
-78.68,8.085647571107176e-10,-8.642624594810616e-12
-78.67,8.09132843240359e-10,-8.64990340004602e-12
-78.66,8.097014026775175e-10,-8.657189216300958e-12
-78.65,8.102704358464292e-10,-8.664482304972898e-12
-78.64,8.108399433768235e-10,-8.67178239604317e-12
-78.63,8.114099254767653e-10,-8.67908963622547e-12
-78.62,8.119803829453775e-10,-8.686403903646231e-12
-78.61,8.125513158369893e-10,-8.693725282130662e-12
-78.6,8.131227249496002e-10,-8.701053835511321e-12
-78.59,8.136946105327685e-10,-8.708389537701767e-12
-78.58,8.142669731371256e-10,-8.715732311066567e-12
-78.57,8.148398132223192e-10,-8.72308231279991e-12
-78.56,8.154131311312002e-10,-8.730439391608216e-12
-78.55,8.15986927436053e-10,-8.737803656721005e-12
-78.54,8.165612027582132e-10,-8.745175143656529e-12
-78.53,8.171359572962937e-10,-8.75255384123598e-12
-78.52,8.177111915018803e-10,-8.759939559851173e-12
-78.51,8.182869059167816e-10,-8.767332610066755e-12
-78.5,8.188631011804e-10,-8.774732786884954e-12
-78.49,8.194397775007145e-10,-8.782140181349222e-12
-78.48,8.200169354139771e-10,-8.78955482599205e-12
-78.47,8.205945755853397e-10,-8.796976714444366e-12
-78.46,8.211726980249434e-10,-8.804405856319432e-12
-78.45,8.217513035384814e-10,-8.811842166939641e-12
-78.44,8.223303926410065e-10,-8.819285729879185e-12
-78.43,8.22909965625862e-10,-8.826736660249858e-12
-78.42,8.234900229906996e-10,-8.83419472100159e-12
-78.41,8.24070565322622e-10,-8.841660095480669e-12
-78.4,8.246515929691984e-10,-8.84913275496445e-12
-78.39,8.252331063566329e-10,-8.856612782171356e-12
-78.38,8.258151059887754e-10,-8.864100030522233e-12
-78.37,8.263975925347669e-10,-8.87159458768301e-12
-78.36,8.269805661992873e-10,-8.879096442633283e-12
-78.35,8.275640276240274e-10,-8.886606016537143e-12
-78.34,8.281479770977314e-10,-8.89412230267096e-12
-78.33,8.287324152756703e-10,-8.901646017455185e-12
-78.32,8.29317342589126e-10,-8.909177285203433e-12
-78.31,8.299027593523412e-10,-8.916715919172896e-12
-78.3,8.304886663411061e-10,-8.924261867546851e-12
-78.29,8.310750637674833e-10,-8.931815162639402e-12
-78.28,8.3166195217276e-10,-8.93937580030098e-12
-78.27,8.322493320756136e-10,-8.946943845370896e-12
-78.26,8.328372039325082e-10,-8.954519254760135e-12
-78.25,8.334255681813127e-10,-8.962102224634286e-12
-78.24,8.340144253732661e-10,-8.969692508150312e-12
-78.23,8.346037758641616e-10,-8.977290365464898e-12
-78.22,8.351936203536949e-10,-8.984895397895991e-12
-78.21,8.357839590580492e-10,-8.992507904837384e-12
-78.2,8.363747926661936e-10,-9.000127862485901e-12
-78.19,8.369661214760962e-10,-9.007755409393873e-12
-78.18,8.375579459796378e-10,-9.015390366881578e-12
-78.17,8.381502668113332e-10,-9.02303283910579e-12
-78.16,8.387430844402267e-10,-9.030682657297841e-12
-78.15,8.393363992703415e-10,-9.03833991105616e-12
-78.14,8.399302118882384e-10,-9.046004741544067e-12
-78.13,8.405245223853648e-10,-9.05367721658556e-12
-78.12,8.411193317527038e-10,-9.061357026827526e-12
-78.11,8.41714640226274e-10,-9.069044509737459e-12
-78.1,8.423104481859009e-10,-9.076739393154837e-12
-78.09,8.429067563055131e-10,-9.084441858540499e-12
-78.08,8.435035657040056e-10,-9.092152014430367e-12
-78.07,8.441008749293781e-10,-9.099869411928418e-12
-78.06,8.446986862989002e-10,-9.107594506017187e-12
-78.05,8.452969997241702e-10,-9.115327216009429e-12
-78.04,8.458958157904851e-10,-9.123067440731567e-12
-78.03,8.464951348017726e-10,-9.130815267064e-12
-78.02,8.470949571951436e-10,-9.138570778869145e-12
-78.01,8.476952837165737e-10,-9.146333902737849e-12
-78.0,8.482961148314951e-10,-9.154104345364853e-12
-77.99,8.488974504302218e-10,-9.161883110402963e-12
-77.98,8.494992920820738e-10,-9.169668638786743e-12
-77.97,8.501016394609548e-10,-9.177462235276892e-12
-77.96,8.507044933299944e-10,-9.185263400210295e-12
-77.95,8.513078541394045e-10,-9.193072240689579e-12
-77.94,8.519117221962673e-10,-9.200888718908231e-12
-77.93,8.52516098332005e-10,-9.208712953742873e-12
-77.92,8.531209829025742e-10,-9.216544821790389e-12
-77.91,8.537263763455796e-10,-9.22438433406943e-12
-77.9,8.543322791062968e-10,-9.23223160606656e-12
-77.89,8.549386919230914e-10,-9.240086526042919e-12
-77.88,8.555456149266934e-10,-9.247949178371042e-12
-77.87,8.56153049100808e-10,-9.25581953916013e-12
-77.86,8.567609944296037e-10,-9.263697656502923e-12
-77.85,8.57369451762714e-10,-9.271583509170976e-12
-77.84,8.57978421354429e-10,-9.279477132995026e-12
-77.83,8.585879039177716e-10,-9.287378544741196e-12
-77.82,8.591978998317974e-10,-9.295287604899336e-12
-77.81,8.598084095247585e-10,-9.303204485097144e-12
-77.8,8.604194337373122e-10,-9.311129221323899e-12
-77.79,8.610309728994969e-10,-9.319061525933246e-12
-77.78,8.616430272269433e-10,-9.327001951475e-12
-77.77,8.622555975638029e-10,-9.334949987372543e-12
-77.76,8.628686842556763e-10,-9.342905950912258e-12
-77.75,8.634822877982603e-10,-9.350869624450438e-12
-77.74,8.640964087211431e-10,-9.358841142132763e-12
-77.73,8.647110475515898e-10,-9.366820600824832e-12
-77.72,8.653262048672997e-10,-9.374807816575062e-12
-77.71,8.659418809382811e-10,-9.382802999931601e-12
-77.7,8.66558076357213e-10,-9.390805959536164e-12
-77.69,8.671747919568956e-10,-9.398816788709802e-12
-77.68,8.677920278521828e-10,-9.406835564000846e-12
-77.67,8.684097845174924e-10,-9.414862244083586e-12
-77.66,8.690280627533032e-10,-9.422896738979027e-12
-77.65,8.696468629045719e-10,-9.430939214868703e-12
-77.64,8.702661854631718e-10,-9.438989624626589e-12
-77.63,8.708860309876959e-10,-9.447047885140352e-12
-77.62,8.71506399976737e-10,-9.455114179236452e-12
-77.61,8.721272932786169e-10,-9.463188109309019e-12
-77.6,8.727487104089181e-10,-9.471270532173947e-12
-77.59,8.733706528249495e-10,-9.479360722063639e-12
-77.58,8.739931208463023e-10,-9.487458805566891e-12
-77.57,8.746161148909951e-10,-9.495564781446423e-12
-77.56,8.752396353520456e-10,-9.503678950137028e-12
-77.55,8.75863682930458e-10,-9.51180104383441e-12
-77.54,8.764882580601921e-10,-9.519931166890415e-12
-77.53,8.771133612473123e-10,-9.528069281572943e-12
-77.52,8.777389932199297e-10,-9.536215394096174e-12
-77.51,8.783651539498183e-10,-9.54436963571857e-12
-77.5,8.789918446294949e-10,-9.552531771632215e-12
-77.49,8.796190651946533e-10,-9.5607021367013e-12
-77.48,8.802468165298363e-10,-9.568880466574808e-12
-77.47,8.80875099037387e-10,-9.577066856312571e-12
-77.46,8.815039132612705e-10,-9.585261407229572e-12
-77.45,8.821332597569697e-10,-9.59346399706467e-12
-77.44,8.827631389005831e-10,-9.601674707080611e-12
-77.43,8.833935512900788e-10,-9.609893550064886e-12
-77.42,8.840244976296528e-10,-9.618120340404658e-12
-77.41,8.846559781103113e-10,-9.626355542189513e-12
-77.4,8.852879933609382e-10,-9.634598682239125e-12
-77.39,8.859205439443226e-10,-9.642850060849424e-12
-77.38,8.865536304922866e-10,-9.651109551600938e-12
-77.37,8.871872533856339e-10,-9.65937719641995e-12
-77.36,8.878214132606682e-10,-9.667653065996781e-12
-77.35,8.88456110462523e-10,-9.675937109493558e-12
-77.34,8.890913456830133e-10,-9.684229301165988e-12
-77.33,8.897271194523966e-10,-9.692529728767898e-12
-77.32,8.903634318231129e-10,-9.700838590939571e-12
-77.31,8.910002845217264e-10,-9.709155144227218e-12
-77.3,8.916376768003201e-10,-9.717480286282947e-12
-77.29,8.922756097927938e-10,-9.725813610490091e-12
-77.28,8.9291408391352e-10,-9.734155145753558e-12
-77.27,8.935530997676823e-10,-9.742504941028192e-12
-77.26,8.941926576606886e-10,-9.750863094729505e-12
-77.25,8.948327583212355e-10,-9.759229461204203e-12
-77.24,8.954734023364991e-10,-9.767604054813277e-12
-77.23,8.96114589928534e-10,-9.77598709378442e-12
-77.22,8.967563220510169e-10,-9.784378219570797e-12
-77.21,8.97398598988296e-10,-9.792777781193068e-12
-77.2,8.980414211629677e-10,-9.801185697957244e-12
-77.19,8.986847894815006e-10,-9.809601858488858e-12
-77.18,8.993287042208054e-10,-9.81802637475244e-12
-77.17,8.999731659290956e-10,-9.826459227977657e-12
-77.16,9.006181750975338e-10,-9.834900494899819e-12
-77.15,9.012637322590619e-10,-9.84335015210683e-12
-77.14,9.019098384217829e-10,-9.851807979523025e-12
-77.13,9.025564931185091e-10,-9.860274565640046e-12
-77.12,9.032036978179002e-10,-9.86874929991735e-12
-77.11,9.038514526257095e-10,-9.877232504929356e-12
-77.1,9.044997584787538e-10,-9.885724102935748e-12
-77.09,9.051486152761328e-10,-9.894224288759548e-12
-77.08,9.057980241764132e-10,-9.902732581761682e-12
-77.07,9.064479853036174e-10,-9.91124956700047e-12
-77.06,9.070984994017491e-10,-9.91977491635422e-12
-77.05,9.077495669139808e-10,-9.928308514944356e-12
-77.04,9.084011886025893e-10,-9.93685102319592e-12
-77.03,9.090533646517977e-10,-9.945401827187748e-12
-77.02,9.097060959691345e-10,-9.953961054224751e-12
-77.01,9.103593828712662e-10,-9.962528788381666e-12
-77.0,9.11013225927339e-10,-9.971105121962683e-12
-76.99,9.116676257480669e-10,-9.979689886326665e-12
-76.98,9.12322582900985e-10,-9.988283200248586e-12
-76.97,9.129780979693952e-10,-9.996885102510032e-12
-76.96,9.136341708945575e-10,-1.0005495544103442e-11
-76.95,9.142908032513112e-10,-1.0014114488521602e-11
-76.94,9.149479950545961e-10,-1.002274201382648e-11
-76.93,9.156057468643737e-10,-1.0031378123273186e-11
-76.92,9.162640590605769e-10,-1.0040022833367925e-11
-76.91,9.169229325611266e-10,-1.0048676126033154e-11
-76.9,9.175823677065107e-10,-1.0057338090797466e-11
-76.89,9.182423650556617e-10,-1.0066008572020618e-11
-76.88,9.189029252688631e-10,-1.0074687726984425e-11
-76.87,9.195640488319592e-10,-1.0083375556971332e-11
-76.86,9.202257361715487e-10,-1.0092072014155787e-11
-76.85,9.208879879676204e-10,-1.0100777131560187e-11
-76.84,9.215508049453704e-10,-1.0109490833171252e-11
-76.83,9.222141874522441e-10,-1.0118213216848408e-11
-76.82,9.228781358251542e-10,-1.0126944410104835e-11
-76.81,9.235426511356698e-10,-1.0135684089168472e-11
-76.8,9.242077335292146e-10,-1.0144432696921759e-11
-76.79,9.248733838313568e-10,-1.0153189912590928e-11
-76.78,9.25539602401185e-10,-1.0161955905604267e-11
-76.77,9.262063900297857e-10,-1.0170730525743302e-11
-76.76,9.268737467036043e-10,-1.0179514227747642e-11
-76.75,9.275416740731617e-10,-1.0188306239346216e-11
-76.74,9.282101716698576e-10,-1.0197107117357177e-11
-76.73,9.288792404438481e-10,-1.0205916859043893e-11
-76.72,9.295488810260457e-10,-1.0214735314007652e-11
-76.71,9.302190938715785e-10,-1.0223562564745654e-11
-76.7,9.308898795806783e-10,-1.0232398724247657e-11
-76.69,9.315612385677518e-10,-1.024124363708372e-11
-76.68,9.322331716639952e-10,-1.0250097377404455e-11
-76.67,9.329056795109589e-10,-1.0258959846997642e-11
-76.66,9.335787620744818e-10,-1.0267831312146794e-11
-76.65,9.342524204511315e-10,-1.0276711497598584e-11
-76.64,9.349266551417772e-10,-1.0285600716222494e-11
-76.63,9.356014665926585e-10,-1.029449854126725e-11
-76.62,9.362768555475697e-10,-1.0303405569924292e-11
-76.61,9.369528224087625e-10,-1.031232135344144e-11
-76.6,9.376293678502679e-10,-1.0321245923771235e-11
-76.59,9.383064922712968e-10,-1.033017955922192e-11
-76.58,9.389841965119788e-10,-1.0339122176873394e-11
-76.57,9.396624808618791e-10,-1.0348073492825117e-11
-76.56,9.403413461853306e-10,-1.0357033789587477e-11
-76.55,9.41020792704173e-10,-1.036600321414109e-11
-76.54,9.41700821306037e-10,-1.0374981514707821e-11
-76.53,9.423814324114504e-10,-1.0383968818938629e-11
-76.52,9.430626267075128e-10,-1.0392964997135469e-11
-76.51,9.437444047040312e-10,-1.0401970245506127e-11
-76.5,9.444267669083518e-10,-1.041098442907086e-11
-76.49,9.451097140414262e-10,-1.0420007781393155e-11
-76.48,9.457932464877559e-10,-1.0429040140318104e-11
-76.47,9.464773649623515e-10,-1.0438081509327705e-11
-76.46,9.471620701792167e-10,-1.0447131728608819e-11
-76.45,9.478473624735796e-10,-1.0456191172033568e-11
-76.44,9.485332424934359e-10,-1.0465259656690968e-11
-76.43,9.492197109270965e-10,-1.0474337189197194e-11
-76.42,9.499067681315141e-10,-1.0483423891002111e-11
-76.41,9.505944149070551e-10,-1.0492519612904518e-11
-76.4,9.512826518583943e-10,-1.0501624391167756e-11
-76.39,9.519714793021722e-10,-1.0510738448720472e-11
-76.38,9.526608979611176e-10,-1.051986113238053e-11
-76.37,9.533509087608594e-10,-1.0528993731560981e-11
-76.36,9.540415117477115e-10,-1.053813513803919e-11
-76.35,9.547327077936082e-10,-1.0547285633739662e-11
-76.34,9.554244974832256e-10,-1.0556445366616745e-11
-76.33,9.561168813862184e-10,-1.0565614184965825e-11
-76.32,9.568098599435178e-10,-1.0574792295510906e-11
-76.31,9.575034340022628e-10,-1.0583979562367803e-11
-76.3,9.58197603858757e-10,-1.0593176021416873e-11
-76.29,9.588923698727298e-10,-1.0602382245649498e-11
-76.28,9.595877339581647e-10,-1.0611596683252989e-11
-76.27,9.602836953181603e-10,-1.062082084043439e-11
-76.26,9.609802548035243e-10,-1.063005435486613e-11
-76.25,9.6167741355559e-10,-1.0639296941344729e-11
-76.24,9.623751716457146e-10,-1.0648548945608515e-11
-76.23,9.63073529771394e-10,-1.0657810133038304e-11
-76.22,9.63772488752212e-10,-1.0667080675929775e-11
-76.21,9.64472048920182e-10,-1.0676360490505716e-11
-76.2,9.65172211051327e-10,-1.0685649463283503e-11
-76.19,9.65872975608757e-10,-1.0694948157083148e-11
-76.18,9.665743433499386e-10,-1.0704255936497419e-11
-76.17,9.672763146637838e-10,-1.0713573260739173e-11
-76.16,9.679788902748606e-10,-1.0722899625529824e-11
-76.15,9.686820708168904e-10,-1.07322355571033e-11
-76.14,9.693858567913034e-10,-1.0741580829110843e-11
-76.13,9.700902489196655e-10,-1.0750935473093289e-11
-76.12,9.707952477454735e-10,-1.0760299462846908e-11
-76.11,9.715008543839142e-10,-1.0769673067991475e-11
-76.1,9.722070678931723e-10,-1.0779055836716919e-11
-76.09,9.729138904010542e-10,-1.078844815110122e-11
-76.08,9.736213219767026e-10,-1.0797849984782646e-11
-76.07,9.743293632701073e-10,-1.0807261207543606e-11
-76.06,9.75038014913142e-10,-1.0816681885042108e-11
-76.05,9.75747277588153e-10,-1.0826111998469802e-11
-76.04,9.764571516782226e-10,-1.0835551587448548e-11
-76.03,9.771676379309989e-10,-1.0845000662253115e-11
-76.02,9.7787873694201e-10,-1.0854459723714746e-11
-76.01,9.785904491901955e-10,-1.0863927565446584e-11
-76.0,9.793027755336264e-10,-1.0873405278030231e-11
-75.99,9.800157165534383e-10,-1.088289252243818e-11
-75.98,9.807292726969867e-10,-1.0892389242321417e-11
-75.97,9.81443444653342e-10,-1.0901895649666363e-11
-75.96,9.82158232983829e-10,-1.091141150026322e-11
-75.95,9.82873638352167e-10,-1.0920937031977517e-11
-75.94,9.835896614615835e-10,-1.093047211609047e-11
-75.93,9.843063029103092e-10,-1.0940016678728771e-11
-75.92,9.850235629613417e-10,-1.0949571138241157e-11
-75.91,9.85741442644684e-10,-1.0959135165422065e-11
-75.9,9.864599424752934e-10,-1.0968708644678167e-11
-75.89,9.871790629751605e-10,-1.0978291884058827e-11
-75.88,9.878988049255641e-10,-1.0987884760382963e-11
-75.87,9.886191687776461e-10,-1.0997487397618138e-11
-75.86,9.89340155270512e-10,-1.1007099589039405e-11
-75.85,9.900617648738894e-10,-1.1016721533307139e-11
-75.84,9.907839983249034e-10,-1.1026353209846444e-11
-75.83,9.915068563104296e-10,-1.1035994537654891e-11
-75.82,9.922303394134258e-10,-1.1045645575968841e-11
-75.81,9.929544481530694e-10,-1.1055306476494123e-11
-75.8,9.936791832147747e-10,-1.1064977003881289e-11
-75.79,9.944045452438167e-10,-1.1074657353198983e-11
-75.78,9.951305348743532e-10,-1.1084347436009487e-11
-75.77,9.95857152682073e-10,-1.1094047260534564e-11
-75.76,9.965843992939e-10,-1.1103757056671565e-11
-75.75,9.973122754846855e-10,-1.1113476418510216e-11
-75.74,9.980407816414077e-10,-1.1123205769715197e-11
-75.73,9.987699184690493e-10,-1.1132944947343639e-11
-75.72,9.994996867810603e-10,-1.1142693845434474e-11
-75.71,1.000230087068291e-9,-1.1152452555578618e-11
-75.7,1.0009611199590377e-9,-1.1162221316453829e-11
-75.69,1.001692786029896e-9,-1.1171999851169518e-11
-75.68,1.0024250859778434e-9,-1.1181788247727433e-11
-75.67,1.0031580204114232e-9,-1.1191586578082667e-11
-75.66,1.003891590070939e-9,-1.1201394817392264e-11
-75.65,1.0046257955216336e-9,-1.1211212993600071e-11
-75.64,1.005360637285615e-9,-1.1221040833809907e-11
-75.63,1.0060961161718503e-9,-1.1230879026858047e-11
-75.62,1.0068322327968492e-9,-1.1240726932174863e-11
-75.61,1.00756898763797e-9,-1.1250584915771332e-11
-75.6,1.0083063816196316e-9,-1.1260452725998595e-11
-75.59,1.009044414898299e-9,-1.1270330665427638e-11
-75.58,1.0097830886495171e-9,-1.1280218568255465e-11
-75.57,1.0105224031565786e-9,-1.1290116505535577e-11
-75.56,1.011262359321177e-9,-1.1300024392030629e-11
-75.55,1.0120029575879254e-9,-1.130994228184722e-11
-75.54,1.0127441987113647e-9,-1.131987032884152e-11
-75.53,1.0134860831870451e-9,-1.1329808353410902e-11
-75.52,1.014228611876433e-9,-1.1339756420989735e-11
-75.51,1.0149717853404207e-9,-1.1349714583974954e-11
-75.5,1.0157156040657992e-9,-1.1359682887584086e-11
-75.49,1.016460068964119e-9,-1.136966126087176e-11
-75.48,1.0172051804233859e-9,-1.1379649714913647e-11
-75.47,1.0179509392612895e-9,-1.1389648319046038e-11
-75.46,1.0186973461320273e-9,-1.1399657034001092e-11
-75.45,1.0194444015318021e-9,-1.1409675937282666e-11
-75.44,1.020192106333014e-9,-1.1419704747896302e-11
-75.43,1.0209404608653843e-9,-1.1429744181090417e-11
-75.42,1.0216894662819877e-9,-1.1439793597785571e-11
-75.41,1.0224391226884115e-9,-1.1449853164044397e-11
-75.4,1.023189431073263e-9,-1.145992295586358e-11
-75.39,1.02394039202045e-9,-1.1470002972158443e-11
-75.38,1.0246920061564304e-9,-1.1480093223682471e-11
-75.37,1.0254442741057727e-9,-1.1490193714566493e-11
-75.36,1.0261971965686453e-9,-1.1500304426234573e-11
-75.35,1.0269507742959176e-9,-1.1510425280523907e-11
-75.34,1.0277050077662718e-9,-1.1520556712466572e-11
-75.33,1.0284598976899827e-9,-1.1530698262605708e-11
-75.32,1.0292154448380014e-9,-1.1540850102440271e-11
-75.31,1.0299716497286461e-9,-1.1551012318658693e-11
-75.3,1.0307285131350497e-9,-1.1561184789691668e-11
-75.29,1.0314860355122214e-9,-1.1571367744879244e-11
-75.28,1.032244217949459e-9,-1.158156074259257e-11
-75.27,1.0330030607192315e-9,-1.1591764334718746e-11
-75.26,1.0337625646801124e-9,-1.1601978183949347e-11
-75.25,1.034522730191716e-9,-1.1612202466981053e-11
-75.24,1.0352835583155103e-9,-1.1622437195619932e-11
-75.23,1.0360450496793606e-9,-1.1632682221113165e-11
-75.22,1.0368072045176723e-9,-1.164293774406238e-11
-75.21,1.0375700238741706e-9,-1.165320369934004e-11
-75.2,1.038333508580938e-9,-1.1663479938011591e-11
-75.19,1.0390976587558546e-9,-1.167376686531811e-11
-75.18,1.0398624755423452e-9,-1.168406415033414e-11
-75.17,1.0406279593882596e-9,-1.1694371963894026e-11
-75.16,1.0413941110784028e-9,-1.1704690257432921e-11
-75.15,1.0421609313084199e-9,-1.1715019025947239e-11
-75.14,1.0429284205703318e-9,-1.1725358288992983e-11
-75.13,1.0436965795951814e-9,-1.173570808012423e-11
-75.12,1.0444654092626541e-9,-1.1746068428962398e-11
-75.11,1.0452349100108132e-9,-1.1756439318449237e-11
-75.1,1.0460050824952697e-9,-1.1766820726899022e-11
-75.09,1.0467759277338567e-9,-1.1777212789370901e-11
-75.08,1.0475474457685654e-9,-1.1787615283572672e-11
-75.07,1.04831963814155e-9,-1.1798028650341306e-11
-75.06,1.0490925048935316e-9,-1.180845250101865e-11
-75.05,1.0498660467708168e-9,-1.181888694150914e-11
-75.04,1.0506402646116904e-9,-1.1829332032408019e-11
-75.03,1.0514151591024166e-9,-1.1839787819904794e-11
-75.02,1.0521907308646145e-9,-1.185025418809243e-11
-75.01,1.0529669805001975e-9,-1.1860731252872568e-11
-75.0,1.0537439088556159e-9,-1.1871218985482795e-11
-74.99,1.0545215165570507e-9,-1.1881717436988407e-11
-74.98,1.0552998040613137e-9,-1.189222667025834e-11
-74.97,1.0560787725113936e-9,-1.1902746530219363e-11
-74.96,1.056858422182152e-9,-1.191327714327289e-11
-74.95,1.0576387539910305e-9,-1.192381854456267e-11
-74.94,1.0584197684759244e-9,-1.1934370602396566e-11
-74.93,1.059201466526258e-9,-1.1944933554795535e-11
-74.92,1.0599838486280373e-9,-1.1955507232154696e-11
-74.91,1.0607669156090856e-9,-1.196609177352221e-11
-74.9,1.061550668157396e-9,-1.1976687104448998e-11
-74.89,1.0623351068879985e-9,-1.1987293122639744e-11
-74.88,1.0631202325308374e-9,-1.199791017679642e-11
-74.87,1.0639060456180474e-9,-1.2008537908091515e-11
-74.86,1.0646925470909821e-9,-1.2019176544627516e-11
-74.85,1.065479737635547e-9,-1.2029826083174661e-11
-74.84,1.066267617816102e-9,-1.2040486512216987e-11
-74.83,1.0670561882634696e-9,-1.205115787000102e-11
-74.82,1.0678454499958835e-9,-1.2061840067770352e-11
-74.81,1.0686354033969104e-9,-1.2072533117929888e-11
-74.8,1.069426049214784e-9,-1.208323726644761e-11
-74.79,1.070217388141983e-9,-1.209395248463633e-11
-74.78,1.0710094213008357e-9,-1.210467825653622e-11
-74.77,1.0718021488051126e-9,-1.2115415189506588e-11
-74.76,1.0725955715481997e-9,-1.2126163256053039e-11
-74.75,1.0733896904329592e-9,-1.2136922129125081e-11
-74.74,1.0741845059148971e-9,-1.214769206070482e-11
-74.73,1.0749800187384055e-9,-1.2158473032093907e-11
-74.72,1.0757762297707022e-9,-1.2169265071441912e-11
-74.71,1.0765731395803664e-9,-1.2180068177174262e-11
-74.7,1.0773707489389552e-9,-1.219088215262657e-11
-74.69,1.0781690584134502e-9,-1.2201707463694741e-11
-74.68,1.078968068927504e-9,-1.2212543803339128e-11
-74.67,1.0797677810823569e-9,-1.2223391149955165e-11
-74.66,1.0805681953778305e-9,-1.2234249633706256e-11
-74.65,1.0813693131105906e-9,-1.2245119226058356e-11
-74.64,1.082171134369638e-9,-1.2256000019517465e-11
-74.63,1.082973660215986e-9,-1.2266891941715965e-11
-74.62,1.0837768912599675e-9,-1.2277795047649111e-11
-74.61,1.0845808281086964e-9,-1.2288709229297306e-11
-74.6,1.085385471692534e-9,-1.2299634772862692e-11
-74.59,1.0861908225910792e-9,-1.2310571408326732e-11
-74.58,1.0869968816211148e-9,-1.2321519307227753e-11
-74.57,1.0878036494958752e-9,-1.233247842939792e-11
-74.56,1.0886111267870124e-9,-1.234344878127843e-11
-74.55,1.0894193143535318e-9,-1.2354430348037275e-11
-74.54,1.0902282127682267e-9,-1.2365423219507716e-11
-74.53,1.09103782292203e-9,-1.2376427398483278e-11
-74.52,1.091848145463396e-9,-1.2387442875437243e-11
-74.51,1.0926591811164718e-9,-1.2398469630829517e-11
-74.5,1.093470930527714e-9,-1.2409507755160128e-11
-74.49,1.0942833946558565e-9,-1.2420557051482136e-11
-74.48,1.0950965740456642e-9,-1.2431617877332658e-11
-74.47,1.0959104693330728e-9,-1.2442689970644223e-11
-74.46,1.0967250814006846e-9,-1.2453773544783029e-11
-74.45,1.097540410999758e-9,-1.2464868429142288e-11
-74.44,1.0983564588204686e-9,-1.2475974655567502e-11
-74.43,1.099173225442114e-9,-1.2487092336322887e-11
-74.42,1.0999907119196204e-9,-1.2498221504654884e-11
-74.41,1.1008089187276457e-9,-1.2509362352155538e-11
-74.4,1.1016278464343068e-9,-1.2520514103960716e-11
-74.39,1.1024474961915119e-9,-1.2531677591406781e-11
-74.38,1.1032678685032499e-9,-1.254285255762559e-11
-74.37,1.1040889640933427e-9,-1.2554039089354106e-11
-74.36,1.1049107838908912e-9,-1.2565236979146956e-11
-74.35,1.1057333283991565e-9,-1.2576446482222757e-11
-74.34,1.106556598430206e-9,-1.2587667521055811e-11
-74.33,1.1073805946792413e-9,-1.2598900107610188e-11
-74.32,1.1082053182744457e-9,-1.26101440670051e-11
-74.31,1.1090307691931649e-9,-1.2621399932214141e-11
-74.3,1.1098569487485816e-9,-1.2632667244375767e-11
-74.29,1.1106838573952459e-9,-1.2643946206602301e-11
-74.28,1.1115114963047186e-9,-1.265523666149127e-11
-74.27,1.1123398657211475e-9,-1.2666538865487786e-11
-74.26,1.1131689667353542e-9,-1.2677852577877117e-11
-74.25,1.113998799911335e-9,-1.2689178013155166e-11
-74.24,1.1148293660342059e-9,-1.2700515038015578e-11
-74.23,1.115660665574858e-9,-1.2711864037255303e-11
-74.22,1.1164927001053044e-9,-1.2723224370740414e-11
-74.21,1.117325469596257e-9,-1.2734596610527936e-11
-74.2,1.1181589749867602e-9,-1.2745980491130277e-11
-74.19,1.118993217124461e-9,-1.2757376133150966e-11
-74.18,1.1198281967173136e-9,-1.2768783562654605e-11
-74.17,1.120663914563011e-9,-1.2780202736570106e-11
-74.16,1.1215003712194498e-9,-1.2791633695450855e-11
-74.15,1.1223375676562607e-9,-1.2803076438842546e-11
-74.14,1.1231755047917426e-9,-1.2814530820724403e-11
-74.13,1.124014182637311e-9,-1.2825997339394865e-11
-74.12,1.1248536026651369e-9,-1.283747556372054e-11
-74.11,1.1256937655056987e-9,-1.2848965618278331e-11
-74.1,1.1265346718486446e-9,-1.2860467559322346e-11
-74.09,1.1273763223687502e-9,-1.2871981295547474e-11
-74.08,1.1282187178622325e-9,-1.2883506962870788e-11
-74.07,1.1290618592097839e-9,-1.2895044572865684e-11
-74.06,1.1299057469973583e-9,-1.2906594043200773e-11
-74.05,1.1307503825082673e-9,-1.2918155478237741e-11
-74.04,1.1315957655604882e-9,-1.2929728796474276e-11
-74.03,1.13244189746306e-9,-1.2941314205996365e-11
-74.02,1.1332887789485609e-9,-1.2952911448688878e-11
-74.01,1.134136410927733e-9,-1.296452074112648e-11
-74.0,1.134984794035059e-9,-1.2976142072344306e-11
-73.99,1.1358339289371187e-9,-1.2987775358671776e-11
-73.98,1.1366838165499208e-9,-1.2999420636873859e-11
-73.97,1.1375344575413726e-9,-1.3011078031099843e-11
-73.96,1.1383858526012166e-9,-1.3022747454061669e-11
-73.95,1.1392380029160297e-9,-1.303442895595726e-11
-73.94,1.1400909088516376e-9,-1.3046122474433192e-11
-73.93,1.1409445712019758e-9,-1.3057828153639625e-11
-73.92,1.1417989909251758e-9,-1.3069545937995415e-11
-73.91,1.1426541686437782e-9,-1.3081275916614753e-11
-73.9,1.1435101052845477e-9,-1.3093017937862051e-11
-73.89,1.144366801456877e-9,-1.3104772184925052e-11
-73.88,1.1452242580276534e-9,-1.3116538597965072e-11
-73.87,1.1460824757887827e-9,-1.3128317167948251e-11
-73.86,1.1469414555035312e-9,-1.3140107872027082e-11
-73.85,1.1478011978428568e-9,-1.315191100970482e-11
-73.84,1.148661703860952e-9,-1.3163726127658973e-11
-73.83,1.1495229740754318e-9,-1.3175553519804137e-11
-73.82,1.1503850093393343e-9,-1.3187393237992891e-11
-73.81,1.1512478105169534e-9,-1.3199245247100356e-11
-73.8,1.1521113781272098e-9,-1.321110948897188e-11
-73.79,1.1529757134955482e-9,-1.3222985971184833e-11
-73.78,1.1538408168880028e-9,-1.3234874882268116e-11
-73.77,1.154706689239356e-9,-1.324677610525536e-11
-73.76,1.1555733313377708e-9,-1.3258689679952573e-11
-73.75,1.1564407442046976e-9,-1.3270615560814102e-11
-73.74,1.1573089282614347e-9,-1.3282553841723422e-11
-73.73,1.1581778846402867e-9,-1.3294504428348413e-11
-73.72,1.159047613903982e-9,-1.3306467537957199e-11
-73.71,1.1599181169368608e-9,-1.3318442990371514e-11
-73.7,1.1607893944571714e-9,-1.3330430896485911e-11
-73.69,1.1616614472178309e-9,-1.3342431282300552e-11
-73.68,1.162534276321778e-9,-1.3354444015931323e-11
-73.67,1.1634078823756982e-9,-1.3366469111718179e-11
-73.66,1.1642822658317608e-9,-1.3378507110341234e-11
-73.65,1.165157427993764e-9,-1.3390557338778442e-11
-73.64,1.1660333695130583e-9,-1.3402620098257281e-11
-73.63,1.166910091070797e-9,-1.341469540099445e-11
-73.62,1.1677875936385667e-9,-1.3426783264123967e-11
-73.61,1.1686658778480341e-9,-1.3438883653851519e-11
-73.6,1.169544944679901e-9,-1.3450996644282957e-11
-73.59,1.1704247946113899e-9,-1.346312226801306e-11
-73.58,1.1713054288796797e-9,-1.3475260513867196e-11
-73.57,1.1721868482690062e-9,-1.3487411178440778e-11
-73.56,1.1730690531795572e-9,-1.3499574662401065e-11
-73.55,1.173952044562294e-9,-1.3511750760134747e-11
-73.54,1.1748358234759633e-9,-1.3523939554540218e-11
-73.53,1.175720390440657e-9,-1.3536140960867073e-11
-73.52,1.1766057463865457e-9,-1.3548355133410696e-11
-73.51,1.1774918923031278e-9,-1.356058197181513e-11
-73.5,1.17837882864847e-9,-1.3572821503884565e-11
-73.49,1.1792665565187676e-9,-1.3585073872945741e-11
-73.48,1.1801550766413187e-9,-1.3597338926449332e-11
-73.47,1.1810443895019026e-9,-1.360961700380085e-11
-73.46,1.1819344967651651e-9,-1.3621907415283181e-11
-73.45,1.182825398456201e-9,-1.363421073283417e-11
-73.44,1.1837170955761945e-9,-1.3646527026459843e-11
-73.43,1.184609589146607e-9,-1.3658855974058561e-11
-73.42,1.1855028797721824e-9,-1.3671197959513262e-11
-73.41,1.1863969684357453e-9,-1.3683552764098257e-11
-73.4,1.1872918557655565e-9,-1.3695920365126189e-11
-73.39,1.188187542813641e-9,-1.3708300899406576e-11
-73.38,1.189084030134501e-9,-1.3720694621706144e-11
-73.37,1.189981318993986e-9,-1.3733100699180554e-11
-73.36,1.190879409821311e-9,-1.3745519987538375e-11
-73.35,1.1917783034469194e-9,-1.3757952204743343e-11
-73.34,1.1926780009300306e-9,-1.3770397452808221e-11
-73.33,1.1935785029975384e-9,-1.378285566941301e-11
-73.32,1.1944798104947688e-9,-1.3795326774795255e-11
-73.31,1.195381924074572e-9,-1.380781102950933e-11
-73.3,1.1962848447930683e-9,-1.3820308204798105e-11
-73.29,1.1971885734023189e-9,-1.3832818517650379e-11
-73.28,1.1980931107407631e-9,-1.3845341881231322e-11
-73.27,1.198998457536075e-9,-1.3857878279185849e-11
-73.26,1.1999046147150687e-9,-1.3870427862395425e-11
-73.25,1.2008115833802208e-9,-1.3882990339962762e-11
-73.24,1.2017193639945554e-9,-1.3895566054944284e-11
-73.23,1.2026279574699027e-9,-1.390815501941353e-11
-73.22,1.2035373646918325e-9,-1.3920756974139956e-11
-73.21,1.2044475865686635e-9,-1.3933372129560623e-11
-73.2,1.2053586233606122e-9,-1.3946000778138495e-11
-73.19,1.2062704773735197e-9,-1.395864201996044e-11
-73.18,1.2071831480420787e-9,-1.397129674664476e-11
-73.17,1.2080966366706358e-9,-1.3983964752994178e-11
-73.16,1.2090109440863264e-9,-1.3996646002732807e-11
-73.15,1.209926071135359e-9,-1.4009340583682015e-11
-73.14,1.2108420187599847e-9,-1.4022048299359678e-11
-73.13,1.2117587877453192e-9,-1.4034769337922356e-11
-73.12,1.2126763788314752e-9,-1.4047503786946601e-11
-73.11,1.2135947926851773e-9,-1.4060251378784905e-11
-73.1,1.2145140310378393e-9,-1.407301249561918e-11
-73.09,1.21543409381671e-9,-1.4085786881902688e-11
-73.08,1.2163549822943067e-9,-1.409857466619676e-11
-73.07,1.2172766971063125e-9,-1.4111375833080807e-11
-73.06,1.218199239405761e-9,-1.4124190316862171e-11
-73.05,1.2191226097917536e-9,-1.4137018315235179e-11
-73.04,1.2200468091642405e-9,-1.4149859742006426e-11
-73.03,1.2209718384499737e-9,-1.4162714586822272e-11
-73.02,1.2218976984241777e-9,-1.4175582954690677e-11
-73.01,1.2228243899021514e-9,-1.4188464683969137e-11
-73.0,1.2237519142422312e-9,-1.4201360007203473e-11
-72.99,1.2246802717587726e-9,-1.4214268842767621e-11
-72.98,1.2256094633075596e-9,-1.4227191172154396e-11
-72.97,1.2265394899168975e-9,-1.4240127049863226e-11
-72.96,1.227470352578965e-9,-1.4253076573335212e-11
-72.95,1.2284020520280736e-9,-1.4266039545539557e-11
-72.94,1.2293345890225621e-9,-1.4279016192452546e-11
-72.93,1.2302679647835716e-9,-1.429200634487668e-11
-72.92,1.2312021796765195e-9,-1.43050102534271e-11
-72.91,1.2321372351582968e-9,-1.4318027680686516e-11
-72.9,1.2330731312673714e-9,-1.4331058952047808e-11
-72.89,1.2340098696351087e-9,-1.434410381658874e-11
-72.88,1.234947450909481e-9,-1.4357162324492682e-11
-72.87,1.2358858758985438e-9,-1.4370234538391305e-11
-72.86,1.2368251456215236e-9,-1.4383320472895266e-11
-72.85,1.2377652607481176e-9,-1.4396420224490136e-11
-72.84,1.2387062223263428e-9,-1.4409533730795253e-11
-72.83,1.2396480310778222e-9,-1.4422660878126322e-11
-72.82,1.2405906881929591e-9,-1.4435801769908903e-11
-72.81,1.2415341941127495e-9,-1.4448956741536858e-11
-72.8,1.2424785499589387e-9,-1.4462125412409317e-11
-72.79,1.2434237566145959e-9,-1.447530778094658e-11
-72.78,1.244369815064125e-9,-1.4488504195011573e-11
-72.77,1.2453167260066079e-9,-1.4501714424971716e-11
-72.76,1.2462644904040328e-9,-1.4514938438790881e-11
-72.75,1.2472131090260011e-9,-1.45281765154217e-11
-72.74,1.2481625830340516e-9,-1.4541428404404872e-11
-72.73,1.2491129125240872e-9,-1.4554694401217707e-11
-72.72,1.250064099971215e-9,-1.4567974091161703e-11
-72.71,1.2510161450068435e-9,-1.4581267831359042e-11
-72.7,1.2519690486302692e-9,-1.4594575611821958e-11
-72.69,1.2529228119373852e-9,-1.460789742328904e-11
-72.68,1.2538774359563503e-9,-1.4621233172569726e-11
-72.67,1.2548329213964478e-9,-1.4634583054704758e-11
-72.66,1.2557892690664052e-9,-1.4647946904184222e-11
-72.65,1.2567464802814084e-9,-1.4661324810571762e-11
-72.64,1.257704555424398e-9,-1.4674716958370868e-11
-72.63,1.2586634956069686e-9,-1.4688123038613313e-11
-72.62,1.259623301884675e-9,-1.4701543327283487e-11
-72.61,1.2605839749052595e-9,-1.471497769316108e-11
-72.6,1.2615455157220524e-9,-1.472842625996318e-11
-72.59,1.2625079251751728e-9,-1.4741888954994845e-11
-72.58,1.263471204241328e-9,-1.4755365938101034e-11
-72.57,1.2644353537379889e-9,-1.4768857046364757e-11
-72.56,1.2654003746728682e-9,-1.478236235256264e-11
-72.55,1.2663662679472214e-9,-1.4795881917466798e-11
-72.54,1.2673330343133052e-9,-1.480941583235673e-11
-72.53,1.2683006746697817e-9,-1.482296389893632e-11
-72.52,1.2692691904275424e-9,-1.4836526228834823e-11
-72.51,1.2702385818876365e-9,-1.4850102953068726e-11
-72.5,1.27120885026678e-9,-1.4863694012901534e-11
-72.49,1.272179996360938e-9,-1.4877299360384213e-11
-72.48,1.273152021090697e-9,-1.4890919062793433e-11
-72.47,1.2741249253838338e-9,-1.4904553227183833e-11
-72.46,1.2750987103485796e-9,-1.4918201729062087e-11
-72.45,1.2760733766787552e-9,-1.4931864576490074e-11
-72.44,1.2770489253449743e-9,-1.494554178609304e-11
-72.43,1.278025357230193e-9,-1.4959233721836088e-11
-72.42,1.2790026734437815e-9,-1.4972939911491318e-11
-72.41,1.2799808746984704e-9,-1.498666062573163e-11
-72.4,1.2809599619390622e-9,-1.5000395864265028e-11
-72.39,1.2819399361557678e-9,-1.5014145553271724e-11
-72.38,1.2829207983033508e-9,-1.502790981155527e-11
-72.37,1.28390254925291e-9,-1.504168867843636e-11
-72.36,1.2848851899753754e-9,-1.505548200122492e-11
-72.35,1.2858687205634282e-9,-1.506929008995175e-11
-72.34,1.2868531443342453e-9,-1.5083112468897917e-11
-72.33,1.2878384599175912e-9,-1.5096949623731565e-11
-72.32,1.2888246688842684e-9,-1.5110801474269898e-11
-72.31,1.2898117723462574e-9,-1.5124667828935167e-11
-72.3,1.2907997710583287e-9,-1.513854905560195e-11
-72.29,1.2917886662646606e-9,-1.515244480761711e-11
-72.28,1.2927784584493512e-9,-1.5166355421503116e-11
-72.27,1.2937691488617655e-9,-1.5180280603159888e-11
-72.26,1.2947607387211926e-9,-1.519422051120479e-11
-72.25,1.2957532280011585e-9,-1.5208175298073915e-11
-72.24,1.2967466184932727e-9,-1.522214480589269e-11
-72.23,1.2977409110109405e-9,-1.523612906923894e-11
-72.22,1.2987361062115317e-9,-1.5250128296140406e-11
-72.21,1.2997322054141553e-9,-1.52641421219059e-11
-72.2,1.3007292093840705e-9,-1.5278170928309667e-11
-72.19,1.3017271189310457e-9,-1.5292214656786426e-11
-72.18,1.3027259351942746e-9,-1.5306273111087006e-11
-72.17,1.3037256589873977e-9,-1.532034664862828e-11
-72.16,1.3047262914910496e-9,-1.533443493685251e-11
-72.15,1.3057278334163581e-9,-1.534853820873421e-11
-72.14,1.3067302857271902e-9,-1.5362656489584934e-11
-72.13,1.307733649522631e-9,-1.537678971619468e-11
-72.12,1.3087379256905419e-9,-1.539093788705573e-11
-72.11,1.3097431151593793e-9,-1.5405101109370477e-11
-72.1,1.3107492189142166e-9,-1.541927932667181e-11
-72.09,1.3117562378672567e-9,-1.543347266135326e-11
-72.08,1.312764173256501e-9,-1.54476807656983e-11
-72.07,1.3137730254968126e-9,-1.5461904336018127e-11
-72.06,1.3147827960097264e-9,-1.5476142849008756e-11
-72.05,1.3157934855893285e-9,-1.5490396517830397e-11
-72.04,1.3168050951667068e-9,-1.5504665234650298e-11
-72.03,1.317817625844741e-9,-1.551894920559889e-11
-72.02,1.3188310785079142e-9,-1.5533248263191576e-11
-72.01,1.3198454541043295e-9,-1.5547562580326904e-11
-72.0,1.3208607536194164e-9,-1.5561892037610053e-11
-71.99,1.321876978001547e-9,-1.5576236724537797e-11
-71.98,1.3228941282672082e-9,-1.559059667788751e-11
-71.97,1.3239122052354955e-9,-1.560497189023901e-11
-71.96,1.3249312103484533e-9,-1.5619362362595016e-11
-71.95,1.3259511439484748e-9,-1.5633768246730234e-11
-71.94,1.326972007445264e-9,-1.5648189253558404e-11
-71.93,1.3279938016574469e-9,-1.5662625721517117e-11
-71.92,1.3290165275878002e-9,-1.5677077483151963e-11
-71.91,1.33004018613198e-9,-1.5691544630758365e-11
-71.9,1.3310647784511528e-9,-1.5706027279235525e-11
-71.89,1.3320903052817393e-9,-1.5720525168307048e-11
-71.88,1.3331167677711725e-9,-1.5735038761277524e-11
-71.87,1.3341441670212193e-9,-1.574956744691538e-11
-71.86,1.335172503923354e-9,-1.576411169225216e-11
-71.85,1.3362017792659104e-9,-1.5778671443406388e-11
-71.84,1.3372319942572665e-9,-1.5793246762751183e-11
-71.83,1.3382631498379471e-9,-1.5807837575651435e-11
-71.82,1.3392952469858205e-9,-1.5822443903633787e-11
-71.81,1.3403282866550618e-9,-1.5837065769602104e-11
-71.8,1.3413622697822232e-9,-1.585170327744758e-11
-71.79,1.342397197417269e-9,-1.5866356593836793e-11
-71.78,1.3434330708662343e-9,-1.5881025103512217e-11
-71.77,1.3444698907442156e-9,-1.5895709369313945e-11
-71.76,1.3455076580402838e-9,-1.5910409388314455e-11
-71.75,1.3465463740043934e-9,-1.5925124975576174e-11
-71.74,1.347586039295834e-9,-1.5939856371685223e-11
-71.73,1.3486266551853327e-9,-1.5954603374736633e-11
-71.72,1.3496682226226666e-9,-1.5969366179673268e-11
-71.71,1.350710742675596e-9,-1.598414467927441e-11
-71.7,1.3517542161497596e-9,-1.5998938993386498e-11
-71.69,1.3527986442298262e-9,-1.601374900415396e-11
-71.68,1.3538440278990958e-9,-1.6028574950844207e-11
-71.67,1.3548903678850676e-9,-1.6043416534993102e-11
-71.66,1.355937665721548e-9,-1.605827408418282e-11
-71.65,1.356985921986262e-9,-1.6073147442357105e-11
-71.64,1.3580351377974753e-9,-1.6088036736625118e-11
-71.63,1.3590853142786605e-9,-1.6102941896384167e-11
-71.62,1.3601364523476363e-9,-1.611786301987828e-11
-71.61,1.361188553047616e-9,-1.6132800014300564e-11
-71.6,1.362241617314295e-9,-1.614775302093756e-11
-71.59,1.3632956463511271e-9,-1.616272187024585e-11
-71.58,1.3643506410869893e-9,-1.617770691047095e-11
-71.57,1.3654066024645827e-9,-1.6192707853904084e-11
-71.56,1.3664635315528203e-9,-1.620772486475533e-11
-71.55,1.3675214294031418e-9,-1.6222757893439067e-11
-71.54,1.3685802969380054e-9,-1.6237806975474626e-11
-71.53,1.3696401353961334e-9,-1.6252872223905416e-11
-71.52,1.3707009456706704e-9,-1.626795356643285e-11
-71.51,1.3717627285634458e-9,-1.628305102226107e-11
-71.5,1.3728254857083854e-9,-1.6298164435671112e-11
-71.49,1.3738892173689574e-9,-1.631329439638354e-11
-71.48,1.3749539252088876e-9,-1.6328440339940543e-11
-71.47,1.3760196098913708e-9,-1.6343602547743974e-11
-71.46,1.3770862725572917e-9,-1.6358780914126383e-11
-71.45,1.378153914323145e-9,-1.6373975569602226e-11
-71.44,1.379222536151772e-9,-1.6389186555837603e-11
-71.43,1.3802921390759144e-9,-1.6404413674213392e-11
-71.42,1.3813627241438562e-9,-1.6419657243530023e-11
-71.41,1.382434292355115e-9,-1.643491682336142e-11
-71.4,1.3835068448619959e-9,-1.645019318972783e-11
-71.39,1.3845803825205457e-9,-1.6465485763308172e-11
-71.38,1.385654906678527e-9,-1.648079462676923e-11
-71.37,1.3867304180002777e-9,-1.649612004542577e-11
-71.36,1.387806917805381e-9,-1.6511461827631558e-11
-71.35,1.3888844070140867e-9,-1.6526820027897884e-11
-71.34,1.3899628867657274e-9,-1.654219472452209e-11
-71.33,1.391042358045462e-9,-1.655758585589787e-11
-71.32,1.392122821778626e-9,-1.6572993824133857e-11
-71.31,1.393204279495258e-9,-1.658841773109802e-11
-71.3,1.3942867316567578e-9,-1.6603858496662304e-11
-71.29,1.3953701796014554e-9,-1.6619315843213556e-11
-71.28,1.3964546244743814e-9,-1.6634789699473678e-11
-71.27,1.3975400671078323e-9,-1.6650280196259372e-11
-71.26,1.398626508602035e-9,-1.6665787284718375e-11
-71.25,1.3997139503112039e-9,-1.6681311063547406e-11
-71.24,1.400802392915277e-9,-1.6696851517977814e-11
-71.23,1.4018918375280457e-9,-1.6712408918099585e-11
-71.22,1.402982285494508e-9,-1.672798251039432e-11
-71.21,1.40407373755401e-9,-1.674357308458566e-11
-71.2,1.4051661950963907e-9,-1.6759180330238654e-11
-71.19,1.4062596588813859e-9,-1.6774804413120153e-11
-71.18,1.4073541301566758e-9,-1.6790445321946878e-11
-71.17,1.4084496098517034e-9,-1.680610297975582e-11
-71.16,1.409546099261256e-9,-1.682177746229536e-11
-71.15,1.4106435992184021e-9,-1.6837468888178962e-11
-71.14,1.4117421107228268e-9,-1.68531771593915e-11
-71.13,1.4128416353959091e-9,-1.686890218454186e-11
-71.12,1.41394217383723e-9,-1.688464418080973e-11
-71.11,1.4150437271293282e-9,-1.6900403105888118e-11
-71.1,1.4161462966048797e-9,-1.6916179053733574e-11
-71.09,1.417249883041263e-9,-1.6931971916924242e-11
-71.08,1.4183544877126532e-9,-1.6947781765913712e-11
-71.07,1.4194601117200092e-9,-1.6963608610407995e-11
-71.06,1.4205667560495176e-9,-1.6979452600009758e-11
-71.05,1.4216744219478564e-9,-1.6995313603790415e-11
-71.04,1.4227831101716976e-9,-1.7011191591470945e-11
-71.03,1.4238928221129697e-9,-1.7027086729646483e-11
-71.02,1.4250035587131918e-9,-1.704299906549225e-11
-71.01,1.4261153212472114e-9,-1.70589284368764e-11
-71.0,1.4272281104991358e-9,-1.7074875008995003e-11
-70.99,1.4283419278942192e-9,-1.709083874135237e-11
-70.98,1.4294567743035916e-9,-1.71068197074957e-11
-70.97,1.4305726508710578e-9,-1.7122817838859274e-11
-70.96,1.4316895587298858e-9,-1.7138833241100295e-11
-70.95,1.4328074989465247e-9,-1.715486593756345e-11
-70.94,1.4339264727359927e-9,-1.7170915792609632e-11
-70.93,1.4350464809403734e-9,-1.718698312287478e-11
-70.92,1.436167524925569e-9,-1.7203067768820493e-11
-70.91,1.437289605766287e-9,-1.7219169738705198e-11
-70.9,1.438412724371369e-9,-1.7235289007118123e-11
-70.89,1.4395368820008762e-9,-1.725142568982205e-11
-70.88,1.440662079706117e-9,-1.726757981852714e-11
-70.87,1.441788318738457e-9,-1.728375137785918e-11
-70.86,1.4429155999079857e-9,-1.729994036078381e-11
-70.85,1.4440439244583017e-9,-1.7316147071076935e-11
-70.84,1.4451732938421407e-9,-1.7332370788175416e-11
-70.83,1.446303708826346e-9,-1.734861227753099e-11
-70.82,1.44743517040932e-9,-1.7364871391924956e-11
-70.81,1.4485676800014044e-9,-1.7381147965465086e-11
-70.8,1.4497012385621368e-9,-1.739744214823774e-11
-70.79,1.4508358473048086e-9,-1.7413753885503802e-11
-70.78,1.4519715073214502e-9,-1.7430083322199903e-11
-70.77,1.4531082195655537e-9,-1.744643037610898e-11
-70.76,1.4542459854501234e-9,-1.7462794894788744e-11
-70.75,1.4553848058984418e-9,-1.74791774787944e-11
-70.74,1.456524682122512e-9,-1.7495577637115033e-11
-70.73,1.4576656151735e-9,-1.7511995457163542e-11
-70.72,1.458807606349336e-9,-1.7528431195994374e-11
-70.71,1.4599506565044697e-9,-1.7544884455761567e-11
-70.7,1.4610947670911579e-9,-1.7561355699754075e-11
-70.69,1.4622399388305282e-9,-1.757784470273518e-11
-70.68,1.4633861733614266e-9,-1.759435154254658e-11
-70.67,1.4645334714968105e-9,-1.7610876203652018e-11
-70.66,1.4656818344360988e-9,-1.76274188834363e-11
-70.65,1.4668312633397382e-9,-1.7643979311162356e-11
-70.64,1.467981759331699e-9,-1.7660557810102782e-11
-70.63,1.4691333235059347e-9,-1.7677154232325197e-11
-70.62,1.470285957133676e-9,-1.7693768532544678e-11
-70.61,1.471439661182792e-9,-1.7710400971363587e-11
-70.6,1.4725944370033084e-9,-1.772705132558541e-11
-70.59,1.473750285682803e-9,-1.7743719726643468e-11
-70.58,1.4749072082331774e-9,-1.776040614744267e-11
-70.57,1.4760652059664684e-9,-1.777711068860238e-11
-70.56,1.4772242801281742e-9,-1.7793833376144877e-11
-70.55,1.4783844311514053e-9,-1.7810574213426653e-11
-70.54,1.4795456611058549e-9,-1.7827333162343527e-11
-70.53,1.4807079707425962e-9,-1.7844110274402974e-11
-70.52,1.4818713613162266e-9,-1.7860905574756935e-11
-70.51,1.4830358339332468e-9,-1.7877719175313996e-11
-70.5,1.4842013896882597e-9,-1.7894550920478403e-11
-70.49,1.485368029870557e-9,-1.7911400943740662e-11
-70.48,1.4865357555146913e-9,-1.792826922319315e-11
-70.47,1.4877045678476221e-9,-1.7945155816791277e-11
-70.46,1.4888744682036449e-9,-1.7962060801231655e-11
-70.45,1.490045457424505e-9,-1.797898411377854e-11
-70.44,1.4912175368094802e-9,-1.799592574622284e-11
-70.43,1.4923907076592643e-9,-1.801288582229863e-11
-70.42,1.4935649709560843e-9,-1.8029864387515167e-11
-70.41,1.4947403280700178e-9,-1.8046861243663684e-11
-70.4,1.4959167800122792e-9,-1.8063876630720427e-11
-70.39,1.4970943279438425e-9,-1.8080910545213517e-11
-70.38,1.4982729730619013e-9,-1.809796313180754e-11
-70.37,1.4994527167662176e-9,-1.811503388830294e-11
-70.36,1.500633559977727e-9,-1.8132123423541393e-11
-70.35,1.5018155039284672e-9,-1.814923154334872e-11
-70.34,1.5029985498908817e-9,-1.81663581295609e-11
-70.33,1.5041826989979107e-9,-1.8183503391376906e-11
-70.32,1.5053679523697592e-9,-1.820066737582772e-11
-70.31,1.5065543112712497e-9,-1.8217849901214426e-11
-70.3,1.5077417768295611e-9,-1.8235051232805692e-11
-70.29,1.5089303503462307e-9,-1.825227126638488e-11
-70.28,1.5101200327945254e-9,-1.826951002403433e-11
-70.27,1.5113108256355786e-9,-1.8286767471114204e-11
-70.26,1.5125027300050672e-9,-1.8304043742647522e-11
-70.25,1.5136957469407483e-9,-1.8321338876701513e-11
-70.24,1.514889877679013e-9,-1.83386528486508e-11
-70.23,1.5160851235327346e-9,-1.8355985577777943e-11
-70.22,1.5172814857563858e-9,-1.837333726953285e-11
-70.21,1.518478965292881e-9,-1.83907078053487e-11
-70.2,1.5196775636915435e-9,-1.8408097322609028e-11
-70.19,1.5208772816461832e-9,-1.8425505748152725e-11
-70.18,1.5220781207972421e-9,-1.844293317431593e-11
-70.17,1.523280082235204e-9,-1.8460379532241196e-11
-70.16,1.5244831671762525e-9,-1.8477844980849212e-11
-70.15,1.5256873767392915e-9,-1.8495329433072477e-11
-70.14,1.5268927123062192e-9,-1.8512832970440788e-11
-70.13,1.5280991749718826e-9,-1.8530355552565772e-11
-70.12,1.5293067659773883e-9,-1.8547897254260755e-11
-70.11,1.530515486380224e-9,-1.856545808606649e-11
-70.1,1.5317253377630377e-9,-1.8583038161982186e-11
-70.09,1.532936321106666e-9,-1.8600637358240344e-11
-70.08,1.5341484375546082e-9,-1.8618255720308693e-11
-70.07,1.5353616884349028e-9,-1.8635893319378232e-11
-70.06,1.5365760751682546e-9,-1.8653550221511535e-11
-70.05,1.5377915985051287e-9,-1.8671226334495153e-11
-70.04,1.5390082600734114e-9,-1.8688921845117584e-11
-70.03,1.5402260609878017e-9,-1.8706636621813954e-11
-70.02,1.5414450024533215e-9,-1.8724370790836297e-11
-70.01,1.5426650857093602e-9,-1.8742124226433257e-11
-70.0,1.5438863118780973e-9,-1.8759897211381198e-11
-69.99,1.545108682496282e-9,-1.8777689437399417e-11
-69.98,1.5463321985252534e-9,-1.8795501201862804e-11
-69.97,1.5475568612348477e-9,-1.8813332441224593e-11
-69.96,1.5487826720040593e-9,-1.883118308857722e-11
-69.95,1.550009631932098e-9,-1.8849053373517946e-11
-69.94,1.5512377423560356e-9,-1.886694317214257e-11
-69.93,1.5524670045796e-9,-1.8884852457409126e-11
-69.92,1.5536974194595312e-9,-1.8902781407027504e-11
-69.91,1.554928989217158e-9,-1.8920730128845836e-11
-69.9,1.5561617133042612e-9,-1.8938698145094465e-11
-69.89,1.5573955946042873e-9,-1.895668592440889e-11
-69.88,1.5586306339895547e-9,-1.8974693413202622e-11
-69.87,1.5598668323134274e-9,-1.899272070551847e-11
-69.86,1.561104191177938e-9,-1.9010767689039125e-11
-69.85,1.5623427117508757e-9,-1.9028834302120242e-11
-69.84,1.5635823952977006e-9,-1.904692091800425e-11
-69.83,1.5648232429980344e-9,-1.9065027161307677e-11
-69.82,1.56606525627415e-9,-1.9083153339400995e-11
-69.81,1.5673084361586073e-9,-1.9101299292410677e-11
-69.8,1.5685527839160477e-9,-1.9119465193438295e-11
-69.79,1.5697983012271919e-9,-1.913765093996016e-11
-69.78,1.5710449890086289e-9,-1.91558566907991e-11
-69.77,1.5722928484035472e-9,-1.9174082337603335e-11
-69.76,1.5735418809407666e-9,-1.91923280267916e-11
-69.75,1.5747920877936395e-9,-1.921059367773004e-11
-69.74,1.5760434702736884e-9,-1.922887936268138e-11
-69.73,1.5772960296375173e-9,-1.924718505695958e-11
-69.72,1.5785497671271384e-9,-1.9265510917629282e-11
-69.71,1.5798046841391316e-9,-1.9283856773126547e-11
-69.7,1.5810607817176474e-9,-1.9302222839529134e-11
-69.69,1.5823180613330822e-9,-1.9320609085093178e-11
-69.68,1.5835765241979394e-9,-1.9339015420572924e-11
-69.67,1.58483617156322e-9,-1.9357442066254073e-11
-69.66,1.5860970049134255e-9,-1.937588883549343e-11
-69.65,1.5873590253849429e-9,-1.9394355877421563e-11
-69.64,1.5886222341693719e-9,-1.94128431837671e-11
-69.63,1.5898866326030297e-9,-1.943135094374405e-11
-69.62,1.591152222165188e-9,-1.944987887925015e-11
-69.61,1.592419003883664e-9,-1.9468427149709757e-11
-69.6,1.593686979238861e-9,-1.948699584078619e-11
-69.59,1.5949561494983913e-9,-1.9505585015438725e-11
-69.58,1.596226515891214e-9,-1.9524194526810228e-11
-69.57,1.59749807973236e-9,-1.95428245877077e-11
-69.56,1.5987708423411067e-9,-1.9561475032776537e-11
-69.55,1.6000448050368325e-9,-1.9580145993690818e-11
-69.54,1.6013199691421817e-9,-1.9598837508503753e-11
-69.53,1.6025963357739825e-9,-1.9617549593728698e-11
-69.52,1.6038739066769448e-9,-1.9636282255022253e-11
-69.51,1.6051526828151555e-9,-1.9655035494719327e-11
-69.5,1.6064326653933597e-9,-1.967380943413092e-11
-69.49,1.6077138559032892e-9,-1.969260397220681e-11
-69.48,1.6089962556863373e-9,-1.9711419215527108e-11
-69.47,1.6102798661082461e-9,-1.973025518307811e-11
-69.46,1.6115646883218505e-9,-1.9749111871566414e-11
-69.45,1.6128507237426088e-9,-1.9767989283559885e-11
-69.44,1.6141379739390852e-9,-1.9786887198293155e-11
-69.43,1.6154264393668083e-9,-1.98058066333791e-11
-69.42,1.6167161221516035e-9,-1.9824746560951513e-11
-69.41,1.618007023377823e-9,-1.98437073370913e-11
-69.4,1.6192991446110324e-9,-1.9862688905725803e-11
-69.39,1.6205924868865218e-9,-1.9881691502981383e-11
-69.38,1.6218870516098824e-9,-1.990071503180357e-11
-69.37,1.6231828400344637e-9,-1.9919759505529063e-11
-69.36,1.6244798537282007e-9,-1.9938825025772668e-11
-69.35,1.62577809356647e-9,-1.9957911182834888e-11
-69.34,1.6270775616837963e-9,-1.9977019015842848e-11
-69.33,1.628378258596001e-9,-1.9996147688238188e-11
-69.32,1.6296801860808293e-9,-2.0015297380947916e-11
-69.31,1.6309833453264814e-9,-2.0034468262050057e-11
-69.3,1.63228773770936e-9,-2.0053660298262043e-11
-69.29,1.6335933645899938e-9,-2.0072873511799127e-11
-69.28,1.6349002273765131e-9,-2.009210792599521e-11
-69.27,1.6362083272548439e-9,-2.0111363481584007e-11
-69.26,1.6375176659955451e-9,-2.013064043345438e-11
-69.25,1.6388282440697698e-9,-2.0149938567629983e-11
-69.24,1.640140063700374e-9,-2.0169258058466387e-11
-69.23,1.641453125839785e-9,-2.018859888326167e-11
-69.22,1.6427674319870804e-9,-2.020796111717402e-11
-69.21,1.6440829834936767e-9,-2.022734461964917e-11
-69.2,1.6453997815794532e-9,-2.024674969767501e-11
-69.19,1.6467178276988873e-9,-2.0266176075125856e-11
-69.18,1.6480371232384378e-9,-2.028562405306984e-11
-69.17,1.6493576695003055e-9,-2.030509359711652e-11
-69.16,1.6506794679059146e-9,-2.0324584553780454e-11
-69.15,1.6520025199235283e-9,-2.0344096987446915e-11
-69.14,1.6533268266692126e-9,-2.0363631005709236e-11
-69.13,1.6546523896328327e-9,-2.0383186729916175e-11
-69.12,1.6559792102339522e-9,-2.0402764052433145e-11
-69.11,1.657307289810348e-9,-2.0422363045895495e-11
-69.1,1.6586366297964613e-9,-2.0441983704628015e-11
-69.09,1.6599672314621748e-9,-2.046162606019796e-11
-69.08,1.6612990962297186e-9,-2.0481290120321286e-11
-69.07,1.6626322255146157e-9,-2.0500976156949435e-11
-69.06,1.6639666206417394e-9,-2.0520683812623462e-11
-69.05,1.665302283098642e-9,-2.0540413345376815e-11
-69.04,1.6666392140861326e-9,-2.0560164727691098e-11
-69.03,1.6679774152617466e-9,-2.057993794020659e-11
-69.02,1.6693168877777234e-9,-2.0599733221664952e-11
-69.01,1.6706576331119716e-9,-2.0619550269711164e-11
-69.0,1.6719996526910724e-9,-2.06393892444385e-11
-68.99,1.6733429478089227e-9,-2.06592503781245e-11
-68.98,1.6746875200244772e-9,-2.067913338056048e-11
-68.97,1.6760333707166903e-9,-2.0699038541557435e-11
-68.96,1.6773805010016551e-9,-2.0718965624385334e-11
-68.95,1.6787289125007715e-9,-2.0738914932253082e-11
-68.94,1.6800786067205811e-9,-2.075888631055307e-11
-68.93,1.6814295849078988e-9,-2.0778879866485806e-11
-68.92,1.6827818485091623e-9,-2.079889560693843e-11
-68.91,1.6841353990399493e-9,-2.081893352775369e-11
-68.9,1.6854902376189258e-9,-2.0838993760011692e-11
-68.89,1.686846365919561e-9,-2.0859076191329056e-11
-68.88,1.6882037854813648e-9,-2.0879180942648766e-11
-68.87,1.6895624972764295e-9,-2.0899307968398468e-11
-68.86,1.6909225030786345e-9,-2.091945736672539e-11
-68.85,1.6922838042332705e-9,-2.0939629132566104e-11
-68.84,1.6936464020919908e-9,-2.0959823321871925e-11
-68.83,1.6950102980210324e-9,-2.09800399556211e-11
-68.82,1.6963754936732153e-9,-2.100027904567255e-11
-68.81,1.6977419902723566e-9,-2.1020540621117886e-11
-68.8,1.6991097893142977e-9,-2.1040824684609898e-11
-68.79,1.700478892289896e-9,-2.1061131249765415e-11
-68.78,1.7018493005107349e-9,-2.1081460603144094e-11
-68.77,1.7032210154710412e-9,-2.1101812335411246e-11
-68.76,1.7045940386228072e-9,-2.1122186879115754e-11
-68.75,1.7059683713783321e-9,-2.1142583990023016e-11
-68.74,1.7073440151423665e-9,-2.1163003741570495e-11
-68.73,1.7087209714585004e-9,-2.118344627052322e-11
-68.72,1.7100992417286595e-9,-2.1203911581807938e-11
-68.71,1.7114788273741767e-9,-2.1224399629275045e-11
-68.7,1.7128597297582877e-9,-2.124491041327074e-11
-68.69,1.7142419504894784e-9,-2.126544410097468e-11
-68.68,1.7156254909208549e-9,-2.1286000721272765e-11
-68.67,1.717010352538803e-9,-2.1306580051919702e-11
-68.66,1.7183965367035505e-9,-2.1327182401171925e-11
-68.65,1.7197840450479512e-9,-2.13478076312164e-11
-68.64,1.7211728789050254e-9,-2.136845591104194e-11
-68.63,1.7225630397816646e-9,-2.1389127148174356e-11
-68.62,1.7239545290640347e-9,-2.1409821493734e-11
-68.61,1.7253473482440374e-9,-2.1430538827649302e-11
-68.6,1.7267414988853696e-9,-2.145127918730482e-11
-68.59,1.7281369822326942e-9,-2.1472042792449713e-11
-68.58,1.7295338000575258e-9,-2.149282957056403e-11
-68.57,1.7309319536646539e-9,-2.1513639481312503e-11
-68.56,1.7323314444864845e-9,-2.1534472575177514e-11
-68.55,1.733732273980125e-9,-2.1555328897259566e-11
-68.54,1.7351344437599897e-9,-2.1576208473483608e-11
-68.53,1.736537955183494e-9,-2.1597111407332893e-11
-68.52,1.7379428097654755e-9,-2.1618037615526713e-11
-68.51,1.7393490090564915e-9,-2.1638987213608393e-11
-68.5,1.7407565543149403e-9,-2.1659960361677125e-11
-68.49,1.7421654474462267e-9,-2.1680956527982573e-11
-68.48,1.7435756895168363e-9,-2.1701976367097567e-11
-68.47,1.7449872821361084e-9,-2.1723019648800407e-11
-68.46,1.7464002268546779e-9,-2.1744086393782194e-11
-68.45,1.7478145251620116e-9,-2.176517675498023e-11
-68.44,1.7492301784923435e-9,-2.178629069664952e-11
-68.43,1.7506471884309145e-9,-2.1807428094993976e-11
-68.42,1.7520655563861137e-9,-2.182858923240684e-11
-68.41,1.7534852842910414e-9,-2.1849773936306627e-11
-68.4,1.7549063724141562e-9,-2.1870982414221477e-11
-68.39,1.756328823651995e-9,-2.1892214510562114e-11
-68.38,1.7577526387931075e-9,-2.1913470430438998e-11
-68.37,1.7591778195664005e-9,-2.1934750041172373e-11
-68.36,1.7606043673750823e-9,-2.1956053501709625e-11
-68.35,1.762032283846669e-9,-2.197738071515105e-11
-68.34,1.7634615703216357e-9,-2.1998731925057197e-11
-68.33,1.7648922284060758e-9,-2.2020106959260737e-11
-68.32,1.7663242596285445e-9,-2.2041506088462597e-11
-68.31,1.7677576656177171e-9,-2.2062928808386086e-11
-68.3,1.7691924477364014e-9,-2.2084375690921598e-11
-68.29,1.7706286073887866e-9,-2.2105846569207887e-11
-68.28,1.7720661464588242e-9,-2.212734147241934e-11
-68.27,1.7735050661057401e-9,-2.214886050868287e-11
-68.26,1.7749453679930162e-9,-2.2170403598412356e-11
-68.25,1.776387053811012e-9,-2.2191970901243786e-11
-68.24,1.7778301248926583e-9,-2.2213562255902693e-11
-68.23,1.7792745830475666e-9,-2.223517781122764e-11
-68.22,1.7807204292237633e-9,-2.225681763035126e-11
-68.21,1.7821676654563263e-9,-2.227848176029186e-11
-68.2,1.7836162932162738e-9,-2.230017009290285e-11
-68.19,1.7850663139620219e-9,-2.2321882788120844e-11
-68.18,1.7865177292534438e-9,-2.2343619824984328e-11
-68.17,1.7879705406357467e-9,-2.2365381215409634e-11
-68.16,1.7894247497103367e-9,-2.238716704767919e-11
-68.15,1.7908803579803445e-9,-2.2408977322303656e-11
-68.14,1.7923373669077275e-9,-2.243081203820212e-11
-68.13,1.7937957782361999e-9,-2.245267124488148e-11
-68.12,1.7952555934046939e-9,-2.2474555030543806e-11
-68.11,1.7967168138125206e-9,-2.24964633570062e-11
-68.1,1.798179441435555e-9,-2.2518396314617973e-11
-68.09,1.7996434774279127e-9,-2.2540353846356605e-11
-68.08,1.8011089235913462e-9,-2.2562336011553366e-11
-68.07,1.8025757813174497e-9,-2.258434294320158e-11
-68.06,1.8040440523278835e-9,-2.2606374572345127e-11
-68.05,1.805513738149688e-9,-2.2628430931970527e-11
-68.04,1.8069848402820656e-9,-2.2650512068617797e-11
-68.03,1.8084573603946363e-9,-2.267261813732431e-11
-68.02,1.8099312998524527e-9,-2.269474888756659e-11
-68.01,1.8114066605292608e-9,-2.2716904564190476e-11
-68.0,1.8128834438191414e-9,-2.273908513164563e-11
-67.99,1.8143616513401875e-9,-2.2761290670702606e-11
-67.98,1.8158412847788612e-9,-2.2783521189603394e-11
-67.97,1.8173223454991426e-9,-2.280577675700295e-11
-67.96,1.8188048351446533e-9,-2.2828057343077382e-11
-67.95,1.8202887555990292e-9,-2.285036293726409e-11
-67.94,1.8217741081079692e-9,-2.287269370117322e-11
-67.93,1.8232608943634764e-9,-2.289504952186597e-11
-67.92,1.8247491159195732e-9,-2.291743053995403e-11
-67.91,1.826238774623501e-9,-2.2939836758328247e-11
-67.9,1.8277298716604202e-9,-2.2962268201612648e-11
-67.89,1.8292224087953942e-9,-2.2984724933966044e-11
-67.88,1.8307163878721717e-9,-2.300720692569555e-11
-67.87,1.8322118102649141e-9,-2.302971425762162e-11
-67.86,1.8337086774884261e-9,-2.3052246908703732e-11
-67.85,1.8352069904801353e-9,-2.30748053453576e-11
-67.84,1.8367067534922455e-9,-2.3097388446909863e-11
-67.83,1.8382079652861256e-9,-2.3119997408997132e-11
-67.82,1.83971062852642e-9,-2.314263184338023e-11
-67.81,1.8412147447678435e-9,-2.3165291740269833e-11
-67.8,1.8427203157104758e-9,-2.3187977264942097e-11
-67.79,1.844227342781271e-9,-2.3210688317177762e-11
-67.78,1.8457358278980771e-9,-2.3233424969683898e-11
-67.77,1.8472457723928277e-9,-2.3256187347258226e-11
-67.76,1.8487571779615244e-9,-2.3278975428873165e-11
-67.75,1.8502700464643003e-9,-2.3301789111915506e-11
-67.74,1.8517843792165155e-9,-2.3324628606478278e-11
-67.73,1.8533001780889257e-9,-2.3347493849033053e-11
-67.72,1.854817444582591e-9,-2.3370384891556168e-11
-67.71,1.8563361802248527e-9,-2.3393301864878062e-11
-67.7,1.8578563869918147e-9,-2.3416244639506684e-11
-67.69,1.8593780662610244e-9,-2.3439213329281897e-11
-67.68,1.860901219705743e-9,-2.3462207955478526e-11
-67.67,1.8624258490677055e-9,-2.3485228633310146e-11
-67.66,1.8639519560117044e-9,-2.350827527183563e-11
-67.65,1.865479541849273e-9,-2.353134790543058e-11
-67.64,1.867008608717865e-9,-2.355444668109746e-11
-67.63,1.8685391579678904e-9,-2.3577571572008917e-11
-67.62,1.870071191329499e-9,-2.360072259736209e-11
-67.61,1.8716047104426542e-9,-2.3623899728128174e-11
-67.6,1.8731397171195904e-9,-2.3647103094773096e-11
-67.59,1.874676212690723e-9,-2.3670332774555093e-11
-67.58,1.876214199044426e-9,-2.3693588731541235e-11
-67.57,1.8777536779212785e-9,-2.371687093224215e-11
-67.56,1.87929465078566e-9,-2.3740179649146087e-11
-67.55,1.8808371195231646e-9,-2.3763514430187776e-11
-67.54,1.8823810856466075e-9,-2.378687577553413e-11
-67.53,1.883926550758262e-9,-2.3810263687773485e-11
-67.52,1.885473516716687e-9,-2.3833677967082603e-11
-67.51,1.8870219852239186e-9,-2.385711875799935e-11
-67.5,1.8885719577947603e-9,-2.3880586039947494e-11
-67.49,1.890123436217782e-9,-2.390407998652767e-11
-67.48,1.891676422065853e-9,-2.3927600537314223e-11
-67.47,1.8932309179991726e-9,-2.395114723872744e-11
-67.46,1.8947869231410188e-9,-2.3974721570281166e-11
-67.45,1.8963444417273004e-9,-2.399832213032643e-11
-67.44,1.8979034745023786e-9,-2.4021949527723523e-11
-67.43,1.899464023285129e-9,-2.4045603632286658e-11
-67.42,1.9010260897554128e-9,-2.4069284594931543e-11
-67.41,1.9025896753608324e-9,-2.4092992437760995e-11
-67.4,1.9041547823347943e-9,-2.411672711537874e-11
-67.39,1.9057214119567534e-9,-2.4140488670553622e-11
-67.38,1.907289565941816e-9,-2.416427736039239e-11
-67.37,1.908859246298065e-9,-2.418809281665432e-11
-67.36,1.9104304544337573e-9,-2.421193540998272e-11
-67.35,1.9120031921600076e-9,-2.4235805056179354e-11
-67.34,1.913577461296998e-9,-2.4259701768060835e-11
-67.33,1.9151532633195072e-9,-2.4283625684674506e-11
-67.32,1.9167306001132514e-9,-2.4307576729840888e-11
-67.31,1.9183094734622696e-9,-2.4331554978979406e-11
-67.3,1.919889884976066e-9,-2.435556042857127e-11
-67.29,1.92147183633874e-9,-2.4379593017917968e-11
-67.28,1.9230553294255924e-9,-2.4403653218757774e-11
-67.27,1.9246403659021715e-9,-2.442774062480862e-11
-67.26,1.9262269474571977e-9,-2.4451855315248698e-11
-67.25,1.9278150758630932e-9,-2.4475997571500073e-11
-67.24,1.9294047528662526e-9,-2.4500167151890334e-11
-67.23,1.9309959801888535e-9,-2.452436429135169e-11
-67.22,1.932588759524109e-9,-2.4548588914281908e-11
-67.21,1.9341830926544953e-9,-2.457284109713009e-11
-67.2,1.935778981488368e-9,-2.4597120777261338e-11
-67.19,1.9373764274163206e-9,-2.462142813146048e-11
-67.18,1.9389754324997605e-9,-2.4645763202075487e-11
-67.17,1.9405759983836807e-9,-2.467012594430621e-11
-67.16,1.9421781267996355e-9,-2.4694516430690928e-11
-67.15,1.9437818195996184e-9,-2.471893459392709e-11
-67.14,1.9453870783035823e-9,-2.474338062176332e-11
-67.13,1.9469939049169945e-9,-2.4767854546205005e-11
-67.12,1.948602301171044e-9,-2.479235621765622e-11
-67.11,1.9502122687041786e-9,-2.4816885879765424e-11
-67.1,1.95182380946243e-9,-2.4841443469067004e-11
-67.09,1.9534369250933156e-9,-2.486602894241735e-11
-67.08,1.9550516173123636e-9,-2.4890642568037706e-11
-67.07,1.95666788797294e-9,-2.4915284193679114e-11
-67.06,1.9582857389405528e-9,-2.4939953875391835e-11
-67.05,1.9599051718924754e-9,-2.496465175550045e-11
-67.04,1.9615261885272133e-9,-2.4989377753410185e-11
-67.03,1.9631487908208944e-9,-2.501413198820823e-11
-67.02,1.9647729804096563e-9,-2.5038914350369433e-11
-67.01,1.966398759146279e-9,-2.506372503178026e-11
-67.0,1.9680261286395354e-9,-2.5088564259386274e-11
-66.99,1.969655091221731e-9,-2.511343138844953e-11
-66.98,1.9712856481714155e-9,-2.513832709091064e-11
-66.97,1.972917801400347e-9,-2.516325117075688e-11
-66.96,1.974551552674322e-9,-2.5188203818633933e-11
-66.95,1.97618690390585e-9,-2.5213184823104456e-11
-66.94,1.977823856848898e-9,-2.5238194495445963e-11
-66.93,1.979462413373883e-9,-2.5263232597336595e-11
-66.92,1.9811025751029183e-9,-2.528829935631426e-11
-66.91,1.9827443439835803e-9,-2.5313394935526473e-11
-66.9,1.984387721938536e-9,-2.5338518790956852e-11
-66.89,1.986032710546887e-9,-2.53636716037152e-11
-66.88,1.9876793118599147e-9,-2.5388853103401204e-11
-66.87,1.9893275275423324e-9,-2.54140634124189e-11
-66.86,1.9909773594691878e-9,-2.5439302510371617e-11
-66.85,1.9926288093895525e-9,-2.5464570448018904e-11
-66.84,1.9942818792475253e-9,-2.5489867262204184e-11
-66.83,1.995936570723542e-9,-2.551519308651152e-11
-66.82,1.997592885649333e-9,-2.554054793141885e-11
-66.81,1.9992508262907487e-9,-2.556593166653035e-11
-66.8,2.0009103939993e-9,-2.559134449768527e-11
-66.79,2.0025715906475413e-9,-2.561678637971893e-11
-66.78,2.004234418268802e-9,-2.5642257378134985e-11
-66.77,2.005898878612009e-9,-2.566775759592114e-11
-66.76,2.0075649735890875e-9,-2.569328692449132e-11
-66.75,2.0092327049010262e-9,-2.5718845538127496e-11
-66.74,2.010902074565844e-9,-2.57444334279042e-11
-66.73,2.012573084374098e-9,-2.5770050600576734e-11
-66.72,2.0142457361467055e-9,-2.5795697007042633e-11
-66.71,2.0159200316871396e-9,-2.5821373094501077e-11
-66.7,2.0175959730445567e-9,-2.584707833405618e-11
-66.69,2.0192735619325747e-9,-2.5872813110699554e-11
-66.68,2.0209528002745994e-9,-2.5898577433588003e-11
-66.67,2.022633689922666e-9,-2.592437122517075e-11
-66.66,2.0243162326970388e-9,-2.595019467384729e-11
-66.65,2.026000430543774e-9,-2.5976047646027884e-11
-66.64,2.0276862852599042e-9,-2.6001930353897005e-11
-66.63,2.029373798818454e-9,-2.6027842647607163e-11
-66.62,2.0310629730447923e-9,-2.6053784813740407e-11
-66.61,2.032753809785132e-9,-2.607975656185618e-11
-66.6,2.0344463109923314e-9,-2.6105758246747684e-11
-66.59,2.0361404785137136e-9,-2.6131789731588425e-11
-66.58,2.0378363142578725e-9,-2.6157851028908673e-11
-66.57,2.0395338200972292e-9,-2.618394237816592e-11
-66.56,2.041232997950544e-9,-2.6210063659281327e-11
-66.55,2.0429338496900638e-9,-2.6236214941706844e-11
-66.54,2.0446363771978517e-9,-2.626239616089246e-11
-66.53,2.046340582428096e-9,-2.628860746991461e-11
-66.52,2.048046467195656e-9,-2.631484905397671e-11
-66.51,2.049754033540602e-9,-2.6341120615536174e-11
-66.5,2.0514632832629392e-9,-2.6367422500664847e-11
-66.49,2.053174218303088e-9,-2.6393754606227815e-11
-66.48,2.0548868406075936e-9,-2.6420116849211292e-11
-66.47,2.056601151983782e-9,-2.6446509502606893e-11
-66.46,2.0583171544648504e-9,-2.6472932546679592e-11
-66.45,2.060034849989385e-9,-2.649938587811033e-11
-66.44,2.0617542403041048e-9,-2.6525869737742705e-11
-66.43,2.063475327586694e-9,-2.6552383952747738e-11
-66.42,2.0651981135376984e-9,-2.6578928717259704e-11
-66.41,2.066922600199394e-9,-2.6605504128236277e-11
-66.4,2.0686487895383055e-9,-2.6632110077176044e-11
-66.39,2.0703766834069656e-9,-2.665874658261046e-11
-66.38,2.072106283736111e-9,-2.6685413763964008e-11
-66.37,2.073837592549317e-9,-2.671211168028162e-11
-66.36,2.0755706117501667e-9,-2.673884038765132e-11
-66.35,2.0773053432126686e-9,-2.67655998743641e-11
-66.34,2.0790417890012656e-9,-2.6792390090960514e-11
-66.33,2.0807799509816776e-9,-2.6819211262373148e-11
-66.32,2.082519831173424e-9,-2.6846063357246125e-11
-66.31,2.084261431495881e-9,-2.6872946396107154e-11
-66.3,2.086004753901373e-9,-2.6899860405145405e-11
-66.29,2.0877498003259483e-9,-2.6926805350922193e-11
-66.28,2.0894965728526276e-9,-2.695378146849753e-11
-66.27,2.0912450732798617e-9,-2.6980788675574542e-11
-66.26,2.0929953036206496e-9,-2.7007826977408642e-11
-66.25,2.094747265979662e-9,-2.703489652953546e-11
-66.24,2.0965009621298835e-9,-2.7061997286000334e-11
-66.23,2.0982563942171206e-9,-2.7089129352505753e-11
-66.22,2.1000135640749926e-9,-2.7116292703793817e-11
-66.21,2.1017724737638706e-9,-2.714348740388393e-11
-66.2,2.103533125313079e-9,-2.7170713481017332e-11
-66.19,2.1052955206396944e-9,-2.7197971024422526e-11
-66.18,2.1070596617281756e-9,-2.722526004805284e-11
-66.17,2.108825550566258e-9,-2.72525804941664e-11
-66.16,2.110593189204116e-9,-2.72799327958756e-11
-66.15,2.1123625796028655e-9,-2.730731628319081e-11
-66.14,2.1141337237218806e-9,-2.7334731662678172e-11
-66.13,2.115906623678175e-9,-2.7362178631106134e-11
-66.12,2.1176812813083383e-9,-2.7389657333158437e-11
-66.11,2.1194576987492456e-9,-2.7417167840508157e-11
-66.1,2.1212358779750398e-9,-2.7444710135140163e-11
-66.09,2.123015820951604e-9,-2.7472284257204228e-11
-66.08,2.124797529717625e-9,-2.749989026525889e-11
-66.07,2.12658100636119e-9,-2.7527528260311498e-11
-66.06,2.128366252869285e-9,-2.7555198142760766e-11
-66.05,2.1301532711065476e-9,-2.7582900122419587e-11
-66.04,2.131942063327063e-9,-2.7610634108631552e-11
-66.03,2.1337326313986724e-9,-2.7638400183282365e-11
-66.02,2.135524977401036e-9,-2.7666198439580643e-11
-66.01,2.137319103421994e-9,-2.7694028845092316e-11
-66.0,2.1391150114419498e-9,-2.772189139878446e-11
-65.99,2.140912703507811e-9,-2.7749786377377813e-11
-65.98,2.1427121816695926e-9,-2.7777713577419784e-11
-65.97,2.1445134477260622e-9,-2.7805673006159887e-11
-65.96,2.1463165043516345e-9,-2.7833665052715185e-11
-65.95,2.148121352980843e-9,-2.786168946064082e-11
-65.94,2.149927995946656e-9,-2.788974634154612e-11
-65.93,2.1517364351875374e-9,-2.7917835640759086e-11
-65.92,2.1535466728491795e-9,-2.7945957644616943e-11
-65.91,2.155358710882521e-9,-2.7974112204322656e-11
-65.9,2.157172551441208e-9,-2.8002299295910874e-11
-65.89,2.15898819656966e-9,-2.8030519232745953e-11
-65.88,2.1608056483311366e-9,-2.8058771544371935e-11
-65.87,2.1626249087649427e-9,-2.8087057251836902e-11
-65.86,2.1644459800248057e-9,-2.8115375445101637e-11
-65.85,2.1662688640174625e-9,-2.8143726487620045e-11
-65.84,2.1680935629779547e-9,-2.8172110475814074e-11
-65.83,2.169920079006908e-9,-2.820052740388853e-11
-65.82,2.1717484140471725e-9,-2.82289772739246e-11
-65.81,2.1735785702762166e-9,-2.825746021780074e-11
-65.8,2.17541054982981e-9,-2.8285976212952812e-11
-65.79,2.1772443546687095e-9,-2.8314525460180338e-11
-65.78,2.179079986899513e-9,-2.8343107639830365e-11
-65.77,2.180917448714651e-9,-2.83717232063567e-11
-65.76,2.1827567421442473e-9,-2.840037190336331e-11
-65.75,2.1845978693313365e-9,-2.8429053931897502e-11
-65.74,2.186440832415624e-9,-2.845776930956809e-11
-65.73,2.1882856333729947e-9,-2.8486518153786585e-11
-65.72,2.1901322743710827e-9,-2.8515300274845037e-11
-65.71,2.1919807576881545e-9,-2.8544116008506144e-11
-65.7,2.193831085135107e-9,-2.8572965149868926e-11
-65.69,2.1956832590596996e-9,-2.8601847924452665e-11
-65.68,2.1975372815126848e-9,-2.8630764208225087e-11
-65.67,2.1993931545174533e-9,-2.8659714221921353e-11
-65.66,2.2012508802482884e-9,-2.868869788638429e-11
-65.65,2.2031104610952837e-9,-2.871771528785315e-11
-65.64,2.204971898816944e-9,-2.8746766457241902e-11
-65.63,2.2068351957349094e-9,-2.877585143387501e-11
-65.62,2.2087003539698624e-9,-2.8804970328558317e-11
-65.61,2.210567375668511e-9,-2.8834123142203405e-11
-65.6,2.2124362629745602e-9,-2.886330987839378e-11
-65.59,2.2143070180143926e-9,-2.8892530604508028e-11
-65.58,2.2161796428356233e-9,-2.8921785384105587e-11
-65.57,2.218054139754918e-9,-2.8951074269291932e-11
-65.56,2.219930510868821e-9,-2.8980397254502403e-11
-65.55,2.2218087583580437e-9,-2.9009754436950816e-11
-65.54,2.2236888842466156e-9,-2.903914586953721e-11
-65.53,2.2255708909801973e-9,-2.9068571507024384e-11
-65.52,2.227454780386948e-9,-2.9098031508132975e-11
-65.51,2.229340554732558e-9,-2.91275258854771e-11
-65.5,2.2312282164064787e-9,-2.915705459529061e-11
-65.49,2.2331177673932685e-9,-2.918661788306882e-11
-65.48,2.2350092098312528e-9,-2.921621555983151e-11
-65.47,2.2369025459798724e-9,-2.92458478197906e-11
-65.46,2.238797778114243e-9,-2.927551465637224e-11
-65.45,2.240694908156287e-9,-2.9305216154901665e-11
-65.44,2.2425939385874476e-9,-2.9334952185067186e-11
-65.43,2.2444948714203505e-9,-2.93647231295681e-11
-65.42,2.2463977088889798e-9,-2.939452880759363e-11
-65.41,2.248302453759247e-9,-2.942436936622091e-11
-65.4,2.2502091064601296e-9,-2.945424455853857e-11
-65.39,2.252117670996713e-9,-2.948415472385342e-11
-65.38,2.2540281489817516e-9,-2.951409997776057e-11
-65.37,2.255940542616742e-9,-2.954408013708709e-11
-65.36,2.2578548540945216e-9,-2.957409532574365e-11
-65.35,2.2597710856100433e-9,-2.960414567924533e-11
-65.34,2.2616892395240504e-9,-2.96342311437902e-11
-65.33,2.2636093178566498e-9,-2.966435175881624e-11
-65.32,2.2655313229046847e-9,-2.969450760938391e-11
-65.31,2.267455257000038e-9,-2.9724698746094494e-11
-65.3,2.2693811221646753e-9,-2.975492525409878e-11
-65.29,2.271308920788887e-9,-2.978518707739099e-11
-65.28,2.273238655061207e-9,-2.981548433789792e-11
-65.27,2.2751703272235916e-9,-2.9845817061337453e-11
-65.26,2.2771039395330174e-9,-2.987618524134524e-11
-65.25,2.2790394941510678e-9,-2.990658905615963e-11
-65.24,2.280976993375516e-9,-2.993702845732578e-11
-65.23,2.282916439406079e-9,-2.9967503517203493e-11
-65.22,2.2848578347103233e-9,-2.999801422302766e-11
-65.21,2.286801181268882e-9,-3.002856066908483e-11
-65.2,2.2887464814470727e-9,-3.005914301103385e-11
-65.19,2.290693737539869e-9,-3.008976109781289e-11
-65.18,2.292642951725889e-9,-3.012041508369495e-11
-65.17,2.294594126365364e-9,-3.015110505356605e-11
-65.16,2.2965472636531713e-9,-3.0181830970895246e-11
-65.15,2.2985023659311675e-9,-3.02125929388366e-11
-65.14,2.300459435403078e-9,-3.024339098018909e-11
-65.13,2.302418474417603e-9,-3.027422515812525e-11
-65.12,2.3043794850606397e-9,-3.0305095440894474e-11
-65.11,2.3063424700040215e-9,-3.033600205430373e-11
-65.1,2.308307431144766e-9,-3.03669448558087e-11
-65.09,2.3102743710181067e-9,-3.0397924016731205e-11
-65.08,2.3122432917994932e-9,-3.0428939527354996e-11
-65.07,2.3142141957892682e-9,-3.0459991430735245e-11
-65.06,2.3161870852942953e-9,-3.0491079820674816e-11
-65.05,2.3181619626952057e-9,-3.052220470627281e-11
-65.04,2.320138830190986e-9,-3.05533661705592e-11
-65.03,2.3221176892937963e-9,-3.058456426551194e-11
-65.02,2.3240985448615704e-9,-3.061579896835226e-11
-65.01,2.326081396650492e-9,-3.064707036557609e-11
-65.0,2.3280662477837543e-9,-3.0678378591151157e-11
-64.99,2.330053100606852e-9,-3.070972349536641e-11
-64.98,2.3320419575610793e-9,-3.074110532883995e-11
-64.97,2.3340328209050276e-9,-3.077252406709038e-11
-64.96,2.33602569271701e-9,-3.080397976021856e-11
-64.95,2.3380205757123575e-9,-3.0835472436511304e-11
-64.94,2.3400174720256752e-9,-3.086700219441727e-11
-64.93,2.34201638401615e-9,-3.089856898073282e-11
-64.92,2.3440173140605942e-9,-3.093017292676131e-11
-64.91,2.346020264457359e-9,-3.0961814075663344e-11
-64.9,2.3480252375587345e-9,-3.099349245768127e-11
-64.89,2.3500322357930765e-9,-3.102520812484049e-11
-64.88,2.352041261431864e-9,-3.10569612003256e-11
-64.87,2.35405231683538e-9,-3.108875161885161e-11
-64.86,2.356065404380384e-9,-3.112057948580905e-11
-64.85,2.3580805265128835e-9,-3.115244487841168e-11
-64.84,2.360097685408351e-9,-3.118434776042648e-11
-64.83,2.3621168836499236e-9,-3.1216288195106606e-11
-64.82,2.364138123347158e-9,-3.1248266362248527e-11
-64.81,2.366161407130443e-9,-3.128028221413266e-11
-64.8,2.368186737289451e-9,-3.1312335762730095e-11
-64.79,2.3702141162230586e-9,-3.1344427136835366e-11
-64.78,2.372243546279994e-9,-3.1376556325872146e-11
-64.77,2.3742750297382612e-9,-3.14087234170956e-11
-64.76,2.37630856930533e-9,-3.1440928424738894e-11
-64.75,2.3783441669767356e-9,-3.1473171461857055e-11
-64.74,2.380381825522563e-9,-3.15054525715945e-11
-64.73,2.382421547067298e-9,-3.153777175002774e-11
-64.72,2.384463334153024e-9,-3.1570129077749644e-11
-64.71,2.3865071891959643e-9,-3.160252453982226e-11
-64.7,2.3885531145465974e-9,-3.163495825482858e-11
-64.69,2.3906011126049057e-9,-3.1667430381370873e-11
-64.68,2.3926511857929265e-9,-3.1699940757481226e-11
-64.67,2.3947033366482782e-9,-3.173248953268464e-11
-64.66,2.3967575673412463e-9,-3.176507682877717e-11
-64.65,2.3988138806079796e-9,-3.17977025624703e-11
-64.64,2.400872278679164e-9,-3.1830366934426026e-11
-64.63,2.4029327639754403e-9,-3.186306982342638e-11
-64.62,2.4049953390252377e-9,-3.189581141234715e-11
-64.61,2.4070600062528706e-9,-3.1928591689279543e-11
-64.6,2.40912676801667e-9,-3.196141070361291e-11
-64.59,2.4111956268565378e-9,-3.199426855236529e-11
-64.58,2.413266585274933e-9,-3.2027165283234736e-11
-64.57,2.415339645492052e-9,-3.2060100902515754e-11
-64.56,2.4174148103211177e-9,-3.209307555868859e-11
-64.55,2.419492081697456e-9,-3.212608911894407e-11
-64.54,2.421571462558341e-9,-3.2159141814637624e-11
-64.53,2.4236529552262856e-9,-3.2192233614552257e-11
-64.52,2.4257365620310083e-9,-3.22253645956922e-11
-64.51,2.427822285589982e-9,-3.225853483975039e-11
-64.5,2.429910128394748e-9,-3.2291744313144974e-11
-64.49,2.432000092889869e-9,-3.232499314872719e-11
-64.48,2.4340921814060855e-9,-3.235828135111858e-11
-64.47,2.436186397040135e-9,-3.239160891225753e-11
-64.46,2.438282741007201e-9,-3.242497620116397e-11
-64.45,2.4403812169765894e-9,-3.245838288372258e-11
-64.44,2.4424818270447175e-9,-3.249182914702033e-11
-64.43,2.444584573743361e-9,-3.252531506948453e-11
-64.42,2.4466894594500933e-9,-3.2558840699066367e-11
-64.41,2.4487964868074773e-9,-3.259240610380258e-11
-64.4,2.4509056583492352e-9,-3.262601124842106e-11
-64.39,2.453016976439127e-9,-3.265965635020396e-11
-64.38,2.4551304436859833e-9,-3.269334131127422e-11
-64.37,2.457246062574244e-9,-3.272706626664243e-11
-64.36,2.4593638356225414e-9,-3.276083124674589e-11
-64.35,2.4614837654782293e-9,-3.2794636285785226e-11
-64.34,2.463605854462637e-9,-3.2828481462032976e-11
-64.33,2.4657301051098098e-9,-3.286236679390196e-11
-64.32,2.4678565201777702e-9,-3.289629239595974e-11
-64.31,2.4699851020382634e-9,-3.2930258270069937e-11
-64.3,2.4721158532876147e-9,-3.2964264540470255e-11
-64.29,2.4742487763213646e-9,-3.299831116451561e-11
-64.28,2.476383873972905e-9,-3.303239819858224e-11
-64.27,2.4785211485181367e-9,-3.306652582854709e-11
-64.26,2.480660602714843e-9,-3.310069392365088e-11
-64.25,2.4828022389765586e-9,-3.313490270098974e-11
-64.24,2.4849460599132747e-9,-3.3169152113527e-11
-64.23,2.487092068120369e-9,-3.3203442236478267e-11
-64.22,2.489240266087799e-9,-3.323777327255711e-11
-64.21,2.491390656451507e-9,-3.327214504203875e-11
-64.2,2.4935432417978415e-9,-3.330655770015686e-11
-64.19,2.4956980245952375e-9,-3.3341011314096686e-11
-64.18,2.497855007555606e-9,-3.3375505884852067e-11
-64.17,2.5000141932365714e-9,-3.3410041582740207e-11
-64.16,2.502175584191854e-9,-3.3444618307108044e-11
-64.15,2.5043391829501224e-9,-3.347923630202058e-11
-64.14,2.506504992203068e-9,-3.351389545711956e-11
-64.13,2.5086730146203176e-9,-3.354859583573899e-11
-64.12,2.5108432526127076e-9,-3.3583337607946985e-11
-64.11,2.513015708913906e-9,-3.3618120754448524e-11
-64.1,2.5151903860858005e-9,-3.365294534877085e-11
-64.09,2.5173672866460606e-9,-3.3687811389971927e-11
-64.08,2.5195464135196866e-9,-3.37227190287709e-11
-64.07,2.5217277689846858e-9,-3.3757668304147125e-11
-64.06,2.523911355820984e-9,-3.3792659232478876e-11
-64.05,2.5260971766514675e-9,-3.382769184211928e-11
-64.04,2.5282852341083453e-9,-3.3862766236489316e-11
-64.03,2.530475530715898e-9,-3.389788244371295e-11
-64.02,2.532668069270949e-9,-3.39330406561482e-11
-64.01,2.534862852361645e-9,-3.396824062419801e-11
-64.0,2.5370598825031195e-9,-3.40034827465954e-11
-63.99,2.539259162530023e-9,-3.40387669371243e-11
-63.98,2.541460694954496e-9,-3.40740931475019e-11
-63.97,2.5436644826265813e-9,-3.410946160937078e-11
-63.96,2.5458705278905134e-9,-3.4144872218648864e-11
-63.95,2.5480788336204427e-9,-3.418032516851867e-11
-63.94,2.550289402457356e-9,-3.4215820419811574e-11
-63.93,2.552502237065187e-9,-3.4251358108588626e-11
-63.92,2.5547173400721345e-9,-3.4286938256461405e-11
-63.91,2.556934714278686e-9,-3.4322561023146254e-11
-63.9,2.5591543621476464e-9,-3.435822615420915e-11
-63.89,2.5613762865155694e-9,-3.4393933984009965e-11
-63.88,2.5636004900365552e-9,-3.442968451110946e-11
-63.87,2.5658269753907633e-9,-3.44654778188954e-11
-63.86,2.5680557453203417e-9,-3.450131389707157e-11
-63.85,2.5702868024494907e-9,-3.453719283624612e-11
-63.84,2.5725201494508246e-9,-3.457311475895979e-11
-63.83,2.5747557891320857e-9,-3.460907952980292e-11
-63.82,2.5769937241583555e-9,-3.4645087427799866e-11
-63.81,2.579233957265296e-9,-3.468113834912738e-11
-63.8,2.5814764910594487e-9,-3.471723249596948e-11
-63.79,2.5837213284158004e-9,-3.475336977751148e-11
-63.78,2.5859684719469932e-9,-3.478955037500691e-11
-63.77,2.5882179243886665e-9,-3.482577427933184e-11
-63.76,2.5904696884732667e-9,-3.486204154520436e-11
-63.75,2.5927237670000113e-9,-3.489835231178508e-11
-63.74,2.594980162594633e-9,-3.493470650488455e-11
-63.73,2.5972388780790356e-9,-3.4971104337296854e-11
-63.72,2.5994999161783028e-9,-3.500754571947883e-11
-63.71,2.6017632796532435e-9,-3.5044030783372826e-11
-63.7,2.6040289711848414e-9,-3.508055962705113e-11
-63.69,2.6062969936612817e-9,-3.511713227119459e-11
-63.68,2.608567349656107e-9,-3.5153748729689126e-11
-63.67,2.610840042120574e-9,-3.519040912392528e-11
-63.66,2.613115073736299e-9,-3.522711343468191e-11
-63.65,2.6153924472500926e-9,-3.5263861773418974e-11
-63.64,2.6176721653769e-9,-3.5300654296682615e-11
-63.63,2.6199542310298257e-9,-3.533749093672352e-11
-63.62,2.6222386469789257e-9,-3.537437173326412e-11
-63.61,2.6245254159118874e-9,-3.541129690003946e-11
-63.6,2.626814540646993e-9,-3.544826630033329e-11
-63.59,2.629106024042651e-9,-3.548528016557954e-11
-63.58,2.6313998688056325e-9,-3.552233843997409e-11
-63.57,2.6336960777095683e-9,-3.555944122376342e-11
-63.56,2.6359946537138668e-9,-3.559658859351662e-11
-63.55,2.6382955995063176e-9,-3.563378061413259e-11
-63.54,2.6405989179090863e-9,-3.567101726372906e-11
-63.53,2.64290461148448e-9,-3.570829888572239e-11
-63.52,2.645212683889728e-9,-3.574562502564719e-11
-63.51,2.647523137066585e-9,-3.578299610771113e-11
-63.5,2.649835974191571e-9,-3.582041216230297e-11
-63.49,2.6521511980186875e-9,-3.585787325355375e-11
-63.48,2.6544688113743876e-9,-3.589537936343672e-11
-63.47,2.656788817200049e-9,-3.5932930606525936e-11
-63.46,2.6591112182279004e-9,-3.597052703783875e-11
-63.45,2.6614360173748095e-9,-3.600816870700179e-11
-63.44,2.6637632172937957e-9,-3.604585583215835e-11
-63.43,2.666092821243745e-9,-3.608358799796905e-11
-63.42,2.668424831656627e-9,-3.6121365697686134e-11
-63.41,2.670759251679384e-9,-3.6159188992796224e-11
-63.4,2.6730960839918067e-9,-3.6197057844618694e-11
-63.39,2.675435331533316e-9,-3.62349721434127e-11
-63.38,2.6777769972555476e-9,-3.627293221080561e-11
-63.37,2.6801210838906563e-9,-3.6310938021296334e-11
-63.36,2.6824675943387207e-9,-3.634898962555976e-11
-63.35,2.6848165316243915e-9,-3.638708710758218e-11
-63.34,2.6871678984974153e-9,-3.642523043772062e-11
-63.33,2.6895216978580114e-9,-3.646341983641446e-11
-63.32,2.6918779326550104e-9,-3.6501655271973226e-11
-63.31,2.6942366057551725e-9,-3.653993677632843e-11
-63.3,2.696597720038852e-9,-3.657826448543813e-11
-63.29,2.6989612784602664e-9,-3.6616638391110765e-11
-63.28,2.7013272839809292e-9,-3.6655058638178085e-11
-63.27,2.703695739315898e-9,-3.669352520153156e-11
-63.26,2.7060666475313673e-9,-3.673203820875219e-11
-63.25,2.7084400116239752e-9,-3.6770597668435956e-11
-63.24,2.7108158342552203e-9,-3.680920375772846e-11
-63.23,2.713194118656846e-9,-3.6847856365242004e-11
-63.22,2.7155748675670943e-9,-3.6886555722064856e-11
-63.21,2.7179580839665826e-9,-3.6925301841320984e-11
-63.2,2.7203437708760382e-9,-3.696409471909391e-11
-63.19,2.7227319310939136e-9,-3.7002934445671455e-11
-63.18,2.725122567704439e-9,-3.7041821113791786e-11
-63.17,2.727515683549302e-9,-3.708075485300463e-11
-63.16,2.7299112817145213e-9,-3.711973555835327e-11
-63.15,2.732309365033059e-9,-3.715876336074202e-11
-63.14,2.7347099365898583e-9,-3.719783841700069e-11
-63.13,2.737112999216878e-9,-3.723696076275187e-11
-63.12,2.739518555988548e-9,-3.7276130411566565e-11
-63.11,2.7419266098388618e-9,-3.7315347342042404e-11
-63.1,2.7443371638096802e-9,-3.7354611789870603e-11
-63.09,2.7467502207851193e-9,-3.739392378304838e-11
-63.08,2.7491657838407995e-9,-3.7433283284695626e-11
-63.07,2.7515838559316048e-9,-3.7472690472482635e-11
-63.06,2.754004440087265e-9,-3.751214543932871e-11
-63.05,2.7564275391958237e-9,-3.7551647937001605e-11
-63.04,2.758853156410622e-9,-3.759119843045168e-11
-63.03,2.7612812946080403e-9,-3.7630796922436054e-11
-63.02,2.763711956957856e-9,-3.767044313335231e-11
-63.01,2.7661451464475985e-9,-3.7710137548988567e-11
-63.0,2.768580866019392e-9,-3.7749880088158784e-11
-62.99,2.771019118629048e-9,-3.778967061190782e-11
-62.98,2.773459907418212e-9,-3.782950953840444e-11
-62.97,2.7759032360629125e-9,-3.78693962053108e-11
-62.96,2.7783491057441487e-9,-3.7909332206979786e-11
-62.95,2.780797521204176e-9,-3.794931620515608e-11
-62.94,2.78324848503378e-9,-3.79893486165142e-11
-62.93,2.785702000180691e-9,-3.80294296069658e-11
-62.92,2.788158069845371e-9,-3.806955929195418e-11
-62.91,2.7906166969379827e-9,-3.810973757649473e-11
-62.9,2.793077884641681e-9,-3.814996464574718e-11
-62.89,2.79554163591092e-9,-3.8190240543732243e-11
-62.88,2.7980079538399053e-9,-3.8230565413515113e-11
-62.87,2.800476841490924e-9,-3.8270939136310305e-11
-62.86,2.8029483020606653e-9,-3.8311361940743384e-11
-62.85,2.8054223385072667e-9,-3.835183383389939e-11
-62.84,2.8078989539760234e-9,-3.8392354813027124e-11
-62.83,2.810378151511621e-9,-3.843292515319133e-11
-62.82,2.812859934243263e-9,-3.847354471720447e-11
-62.81,2.8153443053110604e-9,-3.8514213610292363e-11
-62.8,2.8178312677177082e-9,-3.855493198297573e-11
-62.79,2.8203208246921427e-9,-3.8595699814005874e-11
-62.78,2.82281297919372e-9,-3.863651731350444e-11
-62.77,2.8253077345453174e-9,-3.867738436542254e-11
-62.76,2.827805093682813e-9,-3.871830112888285e-11
-62.75,2.8303050597679136e-9,-3.875926767154459e-11
-62.74,2.832807636050307e-9,-3.8800284019482643e-11
-62.73,2.8353128255059507e-9,-3.8841350318625554e-11
-62.72,2.837820631375027e-9,-3.888246654608861e-11
-62.71,2.840331056730467e-9,-3.892363285794561e-11
-62.7,2.842844104852856e-9,-3.896484928440141e-11
-62.69,2.8453597786433734e-9,-3.900611590793247e-11
-62.68,2.8478780815201094e-9,-3.9047432800916356e-11
-62.67,2.8503990164868975e-9,-3.9088799902497936e-11
-62.66,2.8529225867635333e-9,-3.9130217433955106e-11
-62.65,2.8554487954676083e-9,-3.917168548869626e-11
-62.64,2.8579776458780475e-9,-3.92132039883723e-11
-62.63,2.8605091410150478e-9,-3.925477322017649e-11
-62.62,2.863043284278687e-9,-3.92963929751029e-11
-62.61,2.8655800785926757e-9,-3.933806358051101e-11
-62.6,2.8681195272822514e-9,-3.9379784924472286e-11
-62.59,2.8706616331658126e-9,-3.942155759061957e-11
-62.58,2.873206400603545e-9,-3.9463380329658304e-11
-62.57,2.8757538315960835e-9,-3.95052545045819e-11
-62.56,2.878303929775567e-9,-3.954717970788557e-11
-62.55,2.8808566983217003e-9,-3.9589156157947714e-11
-62.54,2.883412140544806e-9,-3.963118388903207e-11
-62.53,2.885970259402324e-9,-3.9673262695292635e-11
-62.52,2.8885310583746115e-9,-3.971539312869982e-11
-62.51,2.8910945406038784e-9,-3.975757488897953e-11
-62.5,2.893660709269324e-9,-3.979980804356669e-11
-62.49,2.896229567797458e-9,-3.9842093020120136e-11
-62.48,2.8988011192763725e-9,-3.988442955421861e-11
-62.47,2.9013753669469405e-9,-3.992681771359631e-11
-62.46,2.90395231410573e-9,-3.996925769771198e-11
-62.45,2.9065319640244172e-9,-4.0011749620976235e-11
-62.44,2.9091143198331253e-9,-4.005429346592481e-11
-62.43,2.911699384973701e-9,-4.0096889285665076e-11
-62.42,2.9142871625820187e-9,-4.0139537179755453e-11
-62.41,2.9168776559993417e-9,-4.018223723244161e-11
-62.4,2.9194708684508425e-9,-4.022498951334134e-11
-62.39,2.9220668033035263e-9,-4.0267794077012034e-11
-62.38,2.924665463755971e-9,-4.031065103519888e-11
-62.37,2.9272668531375786e-9,-4.035356039460946e-11
-62.36,2.929870974797875e-9,-4.0396522284404734e-11
-62.35,2.9324778318970348e-9,-4.043953675624371e-11
-62.34,2.93508742787331e-9,-4.0482603892746795e-11
-62.33,2.937699765968944e-9,-4.052572380250464e-11
-62.32,2.9403148495203912e-9,-4.0568896410475284e-11
-62.31,2.942932681775992e-9,-4.061212199426595e-11
-62.3,2.945553266157572e-9,-4.0655400480889726e-11
-62.29,2.948176605911063e-9,-4.0698731969469304e-11
-62.28,2.9508027044049678e-9,-4.074211651531164e-11
-62.27,2.9534315650191344e-9,-4.078555432703709e-11
-62.26,2.956063191038806e-9,-4.0829045365197165e-11
-62.25,2.9586975858148656e-9,-4.0872589678458087e-11
-62.24,2.961334752638805e-9,-4.091618745167925e-11
-62.23,2.963974694969352e-9,-4.0959838568446734e-11
-62.22,2.9666174161971524e-9,-4.100354327655492e-11
-62.21,2.9692629194822874e-9,-4.1047301647141155e-11
-62.2,2.971911208450677e-9,-4.1091113631596374e-11
-62.19,2.974562286223976e-9,-4.1134979417653026e-11
-62.18,2.9772161563914838e-9,-4.117889900170037e-11
-62.17,2.979872822118992e-9,-4.122287252691472e-11
-62.16,2.9825322870417396e-9,-4.126690000501585e-11
-62.15,2.985194554367224e-9,-4.1310981557699523e-11
-62.14,2.987859627568603e-9,-4.1355117196288116e-11
-62.13,2.990527509889564e-9,-4.139930712227758e-11
-62.12,2.9931982049881293e-9,-4.144355119493115e-11
-62.11,2.995871716114211e-9,-4.1487849815009893e-11
-62.1,2.9985480467546573e-9,-4.1532202724769406e-11
-62.09,3.0012272002402918e-9,-4.157661024621616e-11
-62.08,3.00390918009103e-9,-4.162107227142492e-11
-62.07,3.0065939897015394e-9,-4.166558898607849e-11
-62.06,3.0092816324541078e-9,-4.17101604197352e-11
-62.05,3.011972111813709e-9,-4.175478665984648e-11
-62.04,3.0146654313359525e-9,-4.1799467711151177e-11
-62.03,3.017361594133214e-9,-4.184420374436716e-11
-62.02,3.020060604071455e-9,-4.1888995047839485e-11
-62.01,3.0227624643976385e-9,-4.193384129985775e-11
-62.0,3.0254671785241288e-9,-4.197874272468292e-11
-61.99,3.028174750045745e-9,-4.20236994491432e-11
-61.98,3.0308851824179673e-9,-4.206871153180253e-11
-61.97,3.0335984790403656e-9,-4.2113778990066434e-11
-61.96,3.0363146433565197e-9,-4.215890194980275e-11
-61.95,3.0390336790372675e-9,-4.2204080488857483e-11
-61.94,3.04175558928537e-9,-4.2249314659782057e-11
-61.93,3.044480377922303e-9,-4.2294604621343223e-11
-61.92,3.0472080482566156e-9,-4.233995039958994e-11
-61.91,3.0499386037689404e-9,-4.238535199246072e-11
-61.9,3.052672048010393e-9,-4.243080961519505e-11
-61.89,3.0554083846503194e-9,-4.247632320177997e-11
-61.88,3.0581476168818513e-9,-4.2521892979619135e-11
-61.87,3.0608897484881315e-9,-4.2567518956074755e-11
-61.86,3.0636347828748723e-9,-4.2613201104879466e-11
-61.85,3.066382723685459e-9,-4.265893971310089e-11
-61.84,3.069133574317236e-9,-4.2704734761516816e-11
-61.83,3.0718873384725928e-9,-4.2750586211728106e-11
-61.82,3.074644019502183e-9,-4.2796494301741453e-11
-61.81,3.077403621156232e-9,-4.2842459083762624e-11
-61.8,3.080166146779833e-9,-4.288848051326674e-11
-61.79,3.0829316001606826e-9,-4.293455887995669e-11
-61.78,3.085699984734675e-9,-4.298069413844643e-11
-61.77,3.088471304044025e-9,-4.3026886332946457e-11
-61.76,3.091245561779788e-9,-4.307313563390018e-11
-61.75,3.0940227614627638e-9,-4.3119442051223104e-11
-61.74,3.0968029065892405e-9,-4.3165805699273015e-11
-61.73,3.0995860009264555e-9,-4.32122266155507e-11
-61.72,3.1023720479690757e-9,-4.3258704970143656e-11
-61.71,3.105161051335003e-9,-4.330524072562067e-11
-61.7,3.107953014620112e-9,-4.3351834068372045e-11
-61.69,3.11074794136253e-9,-4.3398484963069046e-11
-61.68,3.113545835374326e-9,-4.344519365842656e-11
-61.67,3.1163467000826664e-9,-4.3491960058250457e-11
-61.66,3.119150539241966e-9,-4.353878434794962e-11
-61.65,3.1219573563780396e-9,-4.3585666591361185e-11
-61.64,3.1247671551841523e-9,-4.363260683052738e-11
-61.63,3.127579939345912e-9,-4.367960519931293e-11
-61.62,3.1303957124238133e-9,-4.372666174300952e-11
-61.61,3.133214478114514e-9,-4.3773776543933424e-11
-61.6,3.1360362400203342e-9,-4.382094973574825e-11
-61.59,3.138861001947553e-9,-4.3868181279304245e-11
-61.58,3.1416887673334342e-9,-4.391547138739386e-11
-61.57,3.144519540003541e-9,-4.396282006065933e-11
-61.56,3.1473533236737347e-9,-4.4010227429831875e-11
-61.55,3.1501901219017325e-9,-4.405769355475774e-11
-61.54,3.1530299384575583e-9,-4.410521849942882e-11
-61.53,3.1558727769302676e-9,-4.4152802443351495e-11
-61.52,3.158718641134156e-9,-4.420044527161417e-11
-61.51,3.1615675348197046e-9,-4.424814727731799e-11
-61.5,3.1644194614852224e-9,-4.429590840239027e-11
-61.49,3.167274424981893e-9,-4.434372878433937e-11
-61.48,3.1701324288883486e-9,-4.4391608593767775e-11
-61.47,3.172993477194517e-9,-4.443954763846682e-11
-61.46,3.1758575734704714e-9,-4.4487546302683434e-11
-61.45,3.17872472147114e-9,-4.4535604508455125e-11
-61.44,3.1815949247714275e-9,-4.458372242181758e-11
-61.43,3.1844681873208868e-9,-4.4631900025322664e-11
-61.42,3.1873445127875026e-9,-4.468013753355148e-11
-61.41,3.1902239050098675e-9,-4.472843493747827e-11
-61.4,3.193106367601225e-9,-4.4776792326902317e-11
-61.39,3.1959919044418557e-9,-4.482520974176769e-11
-61.38,3.1988805192247707e-9,-4.48736874148445e-11
-61.37,3.2017722157541578e-9,-4.492222531412198e-11
-61.36,3.2046669978395074e-9,-4.497082354850625e-11
-61.35,3.2075648692234164e-9,-4.501948220806026e-11
-61.34,3.210465833656244e-9,-4.506820136722528e-11
-61.33,3.213369895025721e-9,-4.511698111752348e-11
-61.32,3.216277056982088e-9,-4.516582155766343e-11
-61.31,3.2191873235494196e-9,-4.5214722733164347e-11
-61.3,3.2221006983966106e-9,-4.526368478666762e-11
-61.29,3.2250171853402457e-9,-4.531270777571262e-11
-61.28,3.2279367882656834e-9,-4.5361791770738395e-11
-61.27,3.2308595109884476e-9,-4.541093682980036e-11
-61.26,3.2337853572045843e-9,-4.5460143141940783e-11
-61.25,3.2367143309203734e-9,-4.5509410725180456e-11
-61.24,3.2396464359052805e-9,-4.555873962996723e-11
-61.23,3.2425816760490163e-9,-4.560813001555317e-11
-61.22,3.245520055124476e-9,-4.565758191097463e-11
-61.21,3.2484615770551214e-9,-4.57070954200225e-11
-61.2,3.251406245697152e-9,-4.575667067484836e-11
-61.19,3.254354064888249e-9,-4.580630765649313e-11
-61.18,3.257305038416655e-9,-4.5856006564136214e-11
-61.17,3.260259170470513e-9,-4.590576747200425e-11
-61.16,3.2632164646006964e-9,-4.5955590338663804e-11
-61.15,3.2661769249267145e-9,-4.6005475370073035e-11
-61.14,3.2691405550645472e-9,-4.60554227347136e-11
-61.13,3.2721073592932424e-9,-4.6105432340484726e-11
-61.12,3.2750773411626466e-9,-4.615550433057944e-11
-61.11,3.278050504943403e-9,-4.6205638808262336e-11
-61.1,3.2810268540651456e-9,-4.625583590760576e-11
-61.09,3.2840063932379046e-9,-4.6306095663230934e-11
-61.08,3.286989125302021e-9,-4.635641816565489e-11
-61.07,3.2899750549861268e-9,-4.6406803520580646e-11
-61.06,3.2929641860229603e-9,-4.645725175348721e-11
-61.05,3.2959565224134335e-9,-4.65077631571565e-11
-61.04,3.29895206802475e-9,-4.655833749101021e-11
-61.03,3.3019508268146746e-9,-4.6608975074077686e-11
-61.02,3.3049528027506823e-9,-4.665967598913948e-11
-61.01,3.307957999856471e-9,-4.671044020201169e-11
-61.0,3.3109664221243743e-9,-4.6761268016442726e-11
-60.99,3.3139780732890972e-9,-4.68121592721247e-11
-60.98,3.3169929576749476e-9,-4.6863114224651e-11
-60.97,3.320011079000586e-9,-4.691413287218228e-11
-60.96,3.3230324414879887e-9,-4.6965215370161415e-11
-60.95,3.3260570489287638e-9,-4.7016361778007584e-11
-60.94,3.3290849054182726e-9,-4.7067572197398407e-11
-60.93,3.3321160149467147e-9,-4.711884667375551e-11
-60.92,3.3351503815530825e-9,-4.71701853512641e-11
-60.91,3.338188009298919e-9,-4.7221588352970186e-11
-60.9,3.341228902182746e-9,-4.7273055665083296e-11
-60.89,3.344273064179501e-9,-4.732458743739456e-11
-60.88,3.3473204993678257e-9,-4.737618374343122e-11
-60.87,3.3503712117588297e-9,-4.7427844741658054e-11
-60.86,3.3534252054793806e-9,-4.747957048676834e-11
-60.85,3.35648248449981e-9,-4.753136098256587e-11
-60.84,3.3595430530005037e-9,-4.7583216472286836e-11
-60.83,3.3626069149677903e-9,-4.763513689017335e-11
-60.82,3.3656740744524264e-9,-4.7687122424294326e-11
-60.81,3.368744535525336e-9,-4.773917313153668e-11
-60.8,3.3718183023569915e-9,-4.7791289189519445e-11
-60.79,3.374895378949222e-9,-4.784347059408995e-11
-60.78,3.377975769486498e-9,-4.7895717337737696e-11
-60.77,3.3810594779849873e-9,-4.7948029733603524e-11
-60.76,3.3841465085671248e-9,-4.8000407862036057e-11
-60.75,3.387236865352888e-9,-4.805285162587325e-11
-60.74,3.3903305525096908e-9,-4.81053612282239e-11
-60.73,3.393427574024839e-9,-4.815793683227759e-11
-60.72,3.396527934240424e-9,-4.821057842825255e-11
-60.71,3.3996316371045685e-9,-4.826328611537772e-11
-60.7,3.402738686785873e-9,-4.83160600529127e-11
-60.69,3.4058490875446575e-9,-4.836890029278288e-11
-60.68,3.4089628434353924e-9,-4.842180685937636e-11
-60.67,3.412079958688009e-9,-4.847477997517517e-11
-60.66,3.4152004372909598e-9,-4.852781964232223e-11
-60.65,3.418324283773938e-9,-4.858092605222921e-11
-60.64,3.421451501949845e-9,-4.863409915096046e-11
-60.63,3.4245820961071665e-9,-4.868733918284145e-11
-60.62,3.4277160705598866e-9,-4.874064615516158e-11
-60.61,3.4308534292852152e-9,-4.8794020173434094e-11
-60.6,3.4339941766599887e-9,-4.884746137415627e-11
-60.59,3.4371383169233893e-9,-4.890096974332088e-11
-60.58,3.440285853878494e-9,-4.8954545593163924e-11
-60.57,3.4434367923610632e-9,-4.900818880511724e-11
-60.56,3.446591136213795e-9,-4.9061899514540864e-11
-60.55,3.4497488896599632e-9,-4.911567799982014e-11
-60.54,3.4529100571302785e-9,-4.916952407122422e-11
-60.53,3.4560746417750945e-9,-4.922343824004986e-11
-60.52,3.4592426506807636e-9,-4.9277419850822636e-11
-60.51,3.462414085271539e-9,-4.9331469772626385e-11
-60.5,3.4655889508085925e-9,-4.938558769789488e-11
-60.49,3.46876725156629e-9,-4.9439773902328605e-11
-60.48,3.4719489917057346e-9,-4.949402838090619e-11
-60.47,3.4751341755695087e-9,-4.9548351240729996e-11
-60.46,3.4783228073771513e-9,-4.960274270685526e-11
-60.45,3.48151489157079e-9,-4.965720269500774e-11
-60.44,3.484710432300441e-9,-4.97117313459981e-11
-60.43,3.487909433865648e-9,-4.976632880842844e-11
-60.42,3.491111900747004e-9,-4.9820995218327455e-11
-60.41,3.494317837075366e-9,-4.987573060737968e-11
-60.4,3.4975272471964715e-9,-4.993053503128626e-11
-60.39,3.500740135533465e-9,-4.998540866510052e-11
-60.38,3.503956506251552e-9,-5.0040351563221326e-11
-60.37,3.507176363834452e-9,-5.0095363836121813e-11
-60.36,3.510399712589986e-9,-5.0150445646634034e-11
-60.35,3.513626556880839e-9,-5.020559700426584e-11
-60.34,3.5168569010389753e-9,-5.0260818041702656e-11
-60.33,3.5200907493261024e-9,-5.03161088221027e-11
-60.32,3.523328106154852e-9,-5.0371469561778606e-11
-60.31,3.526568976062761e-9,-5.042690020091645e-11
-60.3,3.529813363225025e-9,-5.048240091923617e-11
-60.29,3.5330612722973087e-9,-5.05379718431637e-11
-60.28,3.5363127073391494e-9,-5.059361307952423e-11
-60.27,3.5395676729290107e-9,-5.0649324560306373e-11
-60.26,3.5428261734539956e-9,-5.070510660739474e-11
-60.25,3.5460882133018293e-9,-5.076095921673749e-11
-60.24,3.5493537969517004e-9,-5.081688249485082e-11
-60.23,3.552622928652136e-9,-5.08728765651965e-11
-60.22,3.5558956129573276e-9,-5.092894152034928e-11
-60.21,3.5591718544646925e-9,-5.0985077424115014e-11
-60.2,3.5624516572950394e-9,-5.104128442683701e-11
-60.19,3.5657350261096833e-9,-5.109756265816588e-11
-60.18,3.5690219653492014e-9,-5.1153912119017766e-11
-60.17,3.5723124793447658e-9,-5.121033296863504e-11
-60.16,3.575606572656761e-9,-5.12668253332166e-11
-60.15,3.5789042501057573e-9,-5.132338933298072e-11
-60.14,3.5822055152168526e-9,-5.1380024864118145e-11
-60.13,3.5855103732911276e-9,-5.1436732259605613e-11
-60.12,3.5888188286372985e-9,-5.1493511597542026e-11
-60.11,3.592130885768832e-9,-5.155036290121005e-11
-60.1,3.595446549084545e-9,-5.160728629327014e-11
-60.09,3.598765822955034e-9,-5.1664281959170535e-11
-60.08,3.6020887124168945e-9,-5.172134981968102e-11
-60.07,3.6054152215728156e-9,-5.177849021089939e-11
-60.06,3.608745355051413e-9,-5.1835703142544364e-11
-60.05,3.6120791173122317e-9,-5.189298856995786e-11
-60.04,3.6154165130162854e-9,-5.195034669956285e-11
-60.03,3.6187575466687283e-9,-5.2007777728676196e-11
-60.02,3.6221022227915332e-9,-5.206528166256626e-11
-60.01,3.6254505459973693e-9,-5.212285864941669e-11
-60.0,3.628802520820353e-9,-5.21805088358231e-11
-59.99,3.63215815184297e-9,-5.2238232149111854e-11
-59.98,3.6355174437237707e-9,-5.229602889771786e-11
-59.97,3.6388804009239875e-9,-5.235389903736271e-11
-59.96,3.642247028036278e-9,-5.2411842798531755e-11
-59.95,3.6456173298329484e-9,-5.246986017111322e-11
-59.94,3.648991310766679e-9,-5.252795129633568e-11
-59.93,3.6523689754818e-9,-5.258611635284056e-11
-59.92,3.6557503285891545e-9,-5.264435538003052e-11
-59.91,3.6591353748471627e-9,-5.270266847039026e-11
-59.9,3.6625241185515377e-9,-5.2761055778039895e-11
-59.89,3.665916564878553e-9,-5.2819517372821525e-11
-59.88,3.6693127178141166e-9,-5.287805342763749e-11
-59.87,3.6727125828153867e-9,-5.293666381954368e-11
-59.86,3.676116163569257e-9,-5.299534907820387e-11
-59.85,3.6795234654175336e-9,-5.3054108875822865e-11
-59.84,3.6829344929402885e-9,-5.3112943687229845e-11
-59.83,3.6863492507494053e-9,-5.317185319383821e-11
-59.82,3.689767743603466e-9,-5.323083797374118e-11
-59.81,3.693189975990866e-9,-5.32898978379963e-11
-59.8,3.696615952809394e-9,-5.334903290033259e-11
-59.79,3.700045678761844e-9,-5.340824337355114e-11
-59.78,3.7034791583405174e-9,-5.3467529374798695e-11
-59.77,3.70691639650513e-9,-5.3526890895850255e-11
-59.76,3.710357397975157e-9,-5.358632813858679e-11
-59.75,3.713802167304499e-9,-5.36458412049205e-11
-59.74,3.7172507093382735e-9,-5.3705430177898865e-11
-59.73,3.7207030287521884e-9,-5.376509518925125e-11
-59.72,3.724159130507737e-9,-5.3824836276551754e-11
-59.71,3.727619019191896e-9,-5.388465365341193e-11
-59.7,3.7310826995552485e-9,-5.39445474139951e-11
-59.69,3.734550176459461e-9,-5.400451757577476e-11
-59.68,3.738021454561451e-9,-5.4064564316712364e-11
-59.67,3.741496538927623e-9,-5.412468774522383e-11
-59.66,3.744975433909813e-9,-5.418488797019856e-11
-59.65,3.748458144649401e-9,-5.4245165120740375e-11
-59.64,3.7519446758564045e-9,-5.4305519236109545e-11
-59.63,3.7554350322777895e-9,-5.436595054163905e-11
-59.62,3.7589292187144995e-9,-5.4426458931863664e-11
-59.61,3.7624272402819965e-9,-5.4487044845025274e-11
-59.6,3.765929101503768e-9,-5.4547708219752676e-11
-59.59,3.769434807018181e-9,-5.46084492517682e-11
-59.58,3.772944362660296e-9,-5.466926764043755e-11
-59.57,3.776457772273976e-9,-5.473016400299024e-11
-59.56,3.7799750410301156e-9,-5.479113825280739e-11
-59.55,3.7834961737977886e-9,-5.485219055111415e-11
-59.54,3.787021175537988e-9,-5.4913320939773166e-11
-59.53,3.7905500510342466e-9,-5.4974529551797726e-11
-59.52,3.794082805139245e-9,-5.5035816607627736e-11
-59.51,3.79761944285834e-9,-5.509718205776064e-11
-59.5,3.8011599691043865e-9,-5.515862611429108e-11
-59.49,3.804704388711658e-9,-5.522014889100962e-11
-59.48,3.808252706575793e-9,-5.528175045535064e-11
-59.47,3.8118049277755375e-9,-5.5343430906788975e-11
-59.46,3.815361057003868e-9,-5.540519040589998e-11
-59.45,3.81892109942308e-9,-5.5467029099441024e-11
-59.44,3.8224850598737375e-9,-5.5528947057417056e-11
-59.43,3.826052943332437e-9,-5.559094432484689e-11
-59.42,3.8296247546447686e-9,-5.5653021126765295e-11
-59.41,3.833200499067987e-9,-5.5715177520224185e-11
-59.4,3.836780181238696e-9,-5.5777413633143744e-11
-59.39,3.840363806307799e-9,-5.583972964795893e-11
-59.38,3.843951379237096e-9,-5.590212558775992e-11
-59.37,3.84754290503347e-9,-5.596460152401731e-11
-59.36,3.8511383887253516e-9,-5.602715774363964e-11
-59.35,3.854737835308848e-9,-5.608979421905729e-11
-59.34,3.858341249782512e-9,-5.61525110821792e-11
-59.33,3.861948637050334e-9,-5.621530856842746e-11
-59.32,3.8655600023642816e-9,-5.6278186594775616e-11
-59.31,3.869175350560239e-9,-5.634114546559111e-11
-59.3,3.872794686927959e-9,-5.6404185124647083e-11
-59.29,3.876418016291064e-9,-5.646730591719384e-11
-59.28,3.880045343779326e-9,-5.6530507677892936e-11
-59.27,3.8836766744626066e-9,-5.659379074490641e-11
-59.26,3.887312013451398e-9,-5.6657155227316716e-11
-59.25,3.890951365716451e-9,-5.672060109497289e-11
-59.24,3.894594736454803e-9,-5.678412861306944e-11
-59.23,3.898242130841566e-9,-5.6847737743014735e-11
-59.22,3.901893553761594e-9,-5.691142879271687e-11
-59.21,3.905549010344088e-9,-5.6975201767506745e-11
-59.2,3.909208505984592e-9,-5.7039056783926617e-11
-59.19,3.912872045599815e-9,-5.7102993976199266e-11
-59.18,3.916539634207516e-9,-5.7167013418151764e-11
-59.17,3.9202112771495285e-9,-5.723111539951396e-11
-59.16,3.923886979535502e-9,-5.7295299847101544e-11
-59.15,3.927566746427547e-9,-5.735956691456553e-11
-59.14,3.9312505830935055e-9,-5.742391684904402e-11
-59.13,3.934938494658225e-9,-5.748834961001762e-11
-59.12,3.938630486260554e-9,-5.7552865478376446e-11
-59.11,3.942326563116097e-9,-5.7617464340261475e-11
-59.1,3.946026730360132e-9,-5.768214662374081e-11
-59.09,3.949730993338571e-9,-5.7746912200676416e-11
-59.08,3.953439357151774e-9,-5.7811761283302084e-11
-59.07,3.957151827043164e-9,-5.787669395585651e-11
-59.06,3.960868408176563e-9,-5.7941710433476724e-11
-59.05,3.964589105814948e-9,-5.800681070451791e-11
-59.04,3.968313925293533e-9,-5.807199504871349e-11
-59.03,3.972042871549736e-9,-5.813726346359538e-11
-59.02,3.975775950235997e-9,-5.820261607588989e-11
-59.01,3.979513166347e-9,-5.826805306321498e-11
-59.0,3.9832545252867575e-9,-5.833357455065659e-11
-58.99,3.98700003223448e-9,-5.839918063118365e-11
-58.98,3.990749692568779e-9,-5.846487129321872e-11
-58.97,3.994503511344967e-9,-5.853064702009317e-11
-58.96,3.99826149408691e-9,-5.859650762169325e-11
-58.95,4.002023646016604e-9,-5.866245332842077e-11
-58.94,4.005789972507767e-9,-5.8728484262899e-11
-58.93,4.009560478844366e-9,-5.879460051605313e-11
-58.92,4.013335170340964e-9,-5.886080220548287e-11
-58.91,4.017114052358847e-9,-5.892708953566348e-11
-58.9,4.020897130135955e-9,-5.899346249996071e-11
-58.89,4.0246844091998e-9,-5.905992137623306e-11
-58.88,4.028475894709892e-9,-5.912646624380243e-11
-58.87,4.032271592250927e-9,-5.919309708668853e-11
-58.86,4.0360715069022616e-9,-5.925981430102792e-11
-58.85,4.039875644318085e-9,-5.932661767794248e-11
-58.84,4.043684009808365e-9,-5.939350769966676e-11
-58.83,4.047496608699411e-9,-5.946048420351157e-11
-58.82,4.051313446504449e-9,-5.952754740261883e-11
-58.81,4.0551345285198934e-9,-5.959469743692344e-11
-58.8,4.058959860179181e-9,-5.966193452768986e-11
-58.79,4.062789446984443e-9,-5.972925865769425e-11
-58.78,4.0666232943296645e-9,-5.979667000207302e-11
-58.77,4.0704614076598414e-9,-5.986416880486799e-11
-58.76,4.074303792424726e-9,-5.993175496965858e-11
-58.75,4.078150454016302e-9,-5.99994287741647e-11
-58.74,4.082001398056068e-9,-6.006719030307369e-11
-58.73,4.0858566298924685e-9,-6.013503977142066e-11
-58.72,4.089716155079018e-9,-6.020297710354518e-11
-58.71,4.09357997899299e-9,-6.027100260704848e-11
-58.7,4.097448107202082e-9,-6.033911635202934e-11
-58.69,4.101320545306008e-9,-6.040731850419665e-11
-58.68,4.105197298711321e-9,-6.047560916209129e-11
-58.67,4.109078372923423e-9,-6.054398836521731e-11
-58.66,4.112963773413998e-9,-6.06124564837793e-11
-58.65,4.116853506267933e-9,-6.06810133106781e-11
-58.64,4.120747575833892e-9,-6.074965937068229e-11
-58.63,4.124645988794897e-9,-6.081839448231723e-11
-58.62,4.128548750284832e-9,-6.088721879913472e-11
-58.61,4.13245586589901e-9,-6.09561326939563e-11
-58.6,4.136367341273016e-9,-6.102513605164985e-11
-58.59,4.140283181873686e-9,-6.109422905174489e-11
-58.58,4.144203393389025e-9,-6.116341196129201e-11
-58.57,4.148127981416112e-9,-6.123268472896654e-11
-58.56,4.152056951548065e-9,-6.130204743871597e-11
-58.55,4.155990309396781e-9,-6.137150062267374e-11
-58.54,4.159928060560278e-9,-6.144104403850367e-11
-58.53,4.163870210669385e-9,-6.151067788564017e-11
-58.52,4.167816765433435e-9,-6.15804023387036e-11
-58.51,4.171767730471959e-9,-6.165021759274008e-11
-58.5,4.1757231114815216e-9,-6.172012359274843e-11
-58.49,4.179682913997097e-9,-6.179012064764889e-11
-58.48,4.183647143818364e-9,-6.18602088200351e-11
-58.47,4.187615806600966e-9,-6.19303883346636e-11
-58.46,4.191588907960551e-9,-6.20006591844213e-11
-58.45,4.195566453750188e-9,-6.20710215371665e-11
-58.44,4.199548449513893e-9,-6.21414755905725e-11
-58.43,4.203534901072786e-9,-6.22120214963792e-11
-58.42,4.207525814128062e-9,-6.22826592634075e-11
-58.41,4.211521194362131e-9,-6.235338916547699e-11
-58.4,4.215521047567469e-9,-6.242421121488879e-11
-58.39,4.2195253795095666e-9,-6.249512562670822e-11
-58.38,4.223534195884249e-9,-6.256613253389304e-11
-58.37,4.227547502399341e-9,-6.263723197336592e-11
-58.36,4.231565305146045e-9,-6.270842425728577e-11
-58.35,4.2355876095504726e-9,-6.277970946074903e-11
-58.34,4.239614421462347e-9,-6.285108757145624e-11
-58.33,4.243645746838894e-9,-6.292255888235429e-11
-58.32,4.247681591399143e-9,-6.299412349154028e-11
-58.31,4.25172196091966e-9,-6.30657815681764e-11
-58.3,4.255766861345637e-9,-6.31375331619863e-11
-58.29,4.259816298214191e-9,-6.320937849532529e-11
-58.28,4.263870277741691e-9,-6.328131767925694e-11
-58.27,4.267928805583458e-9,-6.335335080089572e-11
-58.26,4.271991887594731e-9,-6.342547813655681e-11
-58.25,4.276059529759002e-9,-6.349769969265124e-11
-58.24,4.280131737794745e-9,-6.357001560220034e-11
-58.23,4.284208517739814e-9,-6.364242613716177e-11
-58.22,4.288289875269304e-9,-6.37149312680926e-11
-58.21,4.292375816508877e-9,-6.378753117131123e-11
-58.2,4.296466347250783e-9,-6.386022608747146e-11
-58.19,4.300561473445009e-9,-6.39330161349306e-11
-58.18,4.304661201209615e-9,-6.400590133617057e-11
-58.17,4.308765535898917e-9,-6.407888198301776e-11
-58.16,4.3128744840290275e-9,-6.415195813482665e-11
-58.15,4.316988051373066e-9,-6.422512994907032e-11
-58.14,4.3211062438148656e-9,-6.42983975871659e-11
-58.13,4.325229067408482e-9,-6.43717610832676e-11
-58.12,4.3293565280178594e-9,-6.444522085161319e-11
-58.11,4.333488631964575e-9,-6.451877651436077e-11
-58.1,4.337625384960731e-9,-6.459242874231154e-11
-58.09,4.3417667929503774e-9,-6.466617777680793e-11
-58.08,4.345912862019599e-9,-6.474002277965579e-11
-58.07,4.350063598235977e-9,-6.481396491234341e-11
-58.06,4.354219007676217e-9,-6.488800403206335e-11
-58.05,4.358379096316343e-9,-6.496214020341899e-11
-58.04,4.362543870175882e-9,-6.503637349668437e-11
-58.03,4.366713335331473e-9,-6.5110704254543e-11
-58.02,4.370887497877599e-9,-6.518513250164404e-11
-58.01,4.375066363835533e-9,-6.525965844588254e-11
-58.0,4.379249939330757e-9,-6.53342821173577e-11
-57.99,4.383438230503227e-9,-6.540900374135178e-11
-57.98,4.3876312433547735e-9,-6.548382346265179e-11
-57.97,4.391828984026179e-9,-6.555874137978838e-11
-57.96,4.396031458662117e-9,-6.563375769025203e-11
-57.95,4.400238673297413e-9,-6.570887256760131e-11
-57.94,4.404450634265424e-9,-6.578408605330472e-11
-57.93,4.408667347514655e-9,-6.585939838365037e-11
-57.92,4.412888819343259e-9,-6.593480962056756e-11
-57.91,4.417115055810937e-9,-6.601031999467867e-11
-57.9,4.4213460630761355e-9,-6.60859296341034e-11
-57.89,4.425581847405111e-9,-6.616163865980357e-11
-57.88,4.429822415062653e-9,-6.623744725196017e-11
-57.87,4.434067772004807e-9,-6.631335546069967e-11
-57.86,4.438317924596944e-9,-6.63893635823883e-11
-57.85,4.44257287905816e-9,-6.646547165504502e-11
-57.84,4.4468326415897524e-9,-6.654167988429046e-11
-57.83,4.4510972184348424e-9,-6.66179884451515e-11
-57.82,4.455366615792409e-9,-6.66943973551906e-11
-57.81,4.459640839993552e-9,-6.677090687365986e-11
-57.8,4.463919897254997e-9,-6.684751710779269e-11
-57.79,4.468203793863647e-9,-6.692422817491538e-11
-57.78,4.472492536202557e-9,-6.700104042203833e-11
-57.77,4.4767861302700605e-9,-6.707795363733379e-11
-57.76,4.481084582575698e-9,-6.715496831492108e-11
-57.75,4.4853878994979896e-9,-6.723208447654662e-11
-57.74,4.489696087257482e-9,-6.730930226107764e-11
-57.73,4.4940091520913765e-9,-6.73866217690998e-11
-57.72,4.498327100528088e-9,-6.74640432349438e-11
-57.71,4.5026499388885556e-9,-6.754156634116027e-11
-57.7,4.506977673199226e-9,-6.761919263497382e-11
-57.69,4.511310310230375e-9,-6.769692076870751e-11
-57.68,4.515647856273298e-9,-6.777475142940605e-11
-57.67,4.519990317472567e-9,-6.785268489859364e-11
-57.66,4.524337700503545e-9,-6.793072106159058e-11
-57.65,4.528690011590145e-9,-6.800886032440312e-11
-57.64,4.533047257301086e-9,-6.808710272174417e-11
-57.63,4.537409443892589e-9,-6.816544839037307e-11
-57.62,4.541776577888284e-9,-6.824389743151017e-11
-57.61,4.546148665734436e-9,-6.832245021890564e-11
-57.6,4.5505257138009434e-9,-6.840110676575834e-11
-57.59,4.554907728623276e-9,-6.847986713005743e-11
-57.58,4.55929471662819e-9,-6.855873170481834e-11
-57.57,4.563686684276913e-9,-6.863770036147706e-11
-57.56,4.568083638171587e-9,-6.87167734607843e-11
-57.55,4.5724855846468095e-9,-6.879595108348771e-11
-57.54,4.576892530308705e-9,-6.887523338721191e-11
-57.53,4.581304481615933e-9,-6.895462057903128e-11
-57.52,4.585721445179929e-9,-6.903411275553629e-11
-57.51,4.5901434274898284e-9,-6.91137100990686e-11
-57.5,4.594570435023348e-9,-6.919341272774235e-11
-57.49,4.599002474383843e-9,-6.927322083951556e-11
-57.48,4.603439552213033e-9,-6.935313457741464e-11
-57.47,4.607881674959302e-9,-6.94331540537887e-11
-57.46,4.612328849302508e-9,-6.95132795932358e-11
-57.45,4.6167810816598075e-9,-6.959351114505355e-11
-57.44,4.621238378901751e-9,-6.967384897702371e-11
-57.43,4.6257007474389836e-9,-6.97542931626946e-11
-57.42,4.6301681940327875e-9,-6.98348440313874e-11
-57.41,4.634640725138011e-9,-6.991550160634329e-11
-57.4,4.6391183475607005e-9,-6.999626610444053e-11
-57.39,4.64360106785579e-9,-7.00771376087595e-11
-57.38,4.648088892787954e-9,-7.015811627593586e-11
-57.37,4.652581828813877e-9,-7.02392024736873e-11
-57.36,4.65707988280458e-9,-7.032039612044652e-11
-57.35,4.66158306137456e-9,-7.040169742175754e-11
-57.34,4.6660913712724255e-9,-7.048310663429976e-11
-57.33,4.6706048191680105e-9,-7.056462383795158e-11
-57.32,4.6751234118086345e-9,-7.064624922167814e-11
-57.31,4.679647155922347e-9,-7.072798291087437e-11
-57.3,4.684176058161057e-9,-7.080982512383887e-11
-57.29,4.6887101254453975e-9,-7.089177602708077e-11
-57.28,4.693249364393351e-9,-7.097383573755701e-11
-57.27,4.697793781728694e-9,-7.105600449005446e-11
-57.26,4.702343384396682e-9,-7.113828226571651e-11
-57.25,4.706898179076041e-9,-7.122066944050309e-11
-57.24,4.711458172704452e-9,-7.130316616509127e-11
-57.23,4.716023371814812e-9,-7.138577239670548e-11
-57.22,4.720593783461092e-9,-7.146848853345593e-11
-57.21,4.725169414390205e-9,-7.155131453083496e-11
-57.2,4.729750271487586e-9,-7.163425079384046e-11
-57.19,4.734336361480494e-9,-7.171729724895437e-11
-57.18,4.738927691178075e-9,-7.180045431324485e-11
-57.17,4.743524268084316e-9,-7.188372180010324e-11
-57.16,4.7481260982091434e-9,-7.196710016221273e-11
-57.15,4.752733188737706e-9,-7.205058970236408e-11
-57.14,4.757345546937422e-9,-7.213418998983398e-11
-57.13,4.761963179289995e-9,-7.221790177305284e-11
-57.12,4.766586092865262e-9,-7.230172492807305e-11
-57.11,4.771214294592475e-9,-7.238565977219893e-11
-57.1,4.775847791318639e-9,-7.246970642944764e-11
-57.09,4.780486590174579e-9,-7.255386504490709e-11
-57.08,4.785130697917835e-9,-7.263813574890137e-11
-57.07,4.789780121664642e-9,-7.272251876328697e-11
-57.06,4.794434868349334e-9,-7.280701429263731e-11
-57.05,4.799094945053313e-9,-7.28916224062881e-11
-57.04,4.8037603585981554e-9,-7.297634334527063e-11
-57.03,4.808431116072609e-9,-7.3061177276506e-11
-57.02,4.813107224569057e-9,-7.314612433966868e-11
-57.01,4.817788691141885e-9,-7.323118464575001e-11
-57.0,4.822475522643323e-9,-7.331635849901771e-11
-56.99,4.827167726226451e-9,-7.340164600885724e-11
-56.98,4.831865309144836e-9,-7.348704723011882e-11
-56.97,4.836568278166266e-9,-7.357256262351492e-11
-56.96,4.841276640576513e-9,-7.365819214091426e-11
-56.95,4.8459904034293075e-9,-7.374393589768946e-11
-56.94,4.850709573741257e-9,-7.382979426429429e-11
-56.93,4.85543415871665e-9,-7.391576722357022e-11
-56.92,4.86016416562592e-9,-7.400185508766047e-11
-56.91,4.864899601224716e-9,-7.408805794534629e-11
-56.9,4.869640472993086e-9,-7.417437606289687e-11
-56.89,4.874386787950702e-9,-7.426080945393499e-11
-56.88,4.879138553349756e-9,-7.434735844895148e-11
-56.87,4.88389577636236e-9,-7.443402312685736e-11
-56.86,4.888658463971163e-9,-7.452080377092774e-11
-56.85,4.893426623630137e-9,-7.460770040754166e-11
-56.84,4.898200262490878e-9,-7.469471336727347e-11
-56.83,4.902979387695395e-9,-7.478184266198001e-11
-56.82,4.907764006527837e-9,-7.486908858539167e-11
-56.81,4.9125541263431755e-9,-7.495645124555393e-11
-56.8,4.917349754252503e-9,-7.504393084262387e-11
-56.79,4.922150897510086e-9,-7.513152765973262e-11
-56.78,4.926957563460469e-9,-7.521924170772323e-11
-56.77,4.9317697594284786e-9,-7.530707324684264e-11
-56.76,4.936587492624441e-9,-7.539502236791476e-11
-56.75,4.941410770387381e-9,-7.548308933179157e-11
-56.74,4.946239600034435e-9,-7.557127430058204e-11
-56.73,4.951073988917079e-9,-7.565957755662465e-11
-56.72,4.9559139444071834e-9,-7.574799903459886e-11
-56.71,4.960759473717718e-9,-7.583653914343676e-11
-56.7,4.965610584413642e-9,-7.592519791176977e-11
-56.69,4.970467283710245e-9,-7.601397557741046e-11
-56.68,4.975329579058721e-9,-7.610287236773276e-11
-56.67,4.980197477827629e-9,-7.61918884149023e-11
-56.66,4.985070987429486e-9,-7.628102383097649e-11
-56.65,4.989950115342002e-9,-7.637027892659088e-11
-56.64,4.9948348689697095e-9,-7.645965375188544e-11
-56.63,4.99972525564247e-9,-7.654914859372072e-11
-56.62,5.004621283013371e-9,-7.663876358658587e-11
-56.61,5.009522958247572e-9,-7.672849894424077e-11
-56.6,5.014430289166578e-9,-7.681835477719576e-11
-56.59,5.019343283210278e-9,-7.690833125583759e-11
-56.58,5.024261947424561e-9,-7.699842881538574e-11
-56.57,5.02918628988582e-9,-7.70886473329835e-11
-56.56,5.034116317851645e-9,-7.717898708049357e-11
-56.55,5.039052038817109e-9,-7.726944827232505e-11
-56.54,5.043993460401296e-9,-7.736003112050789e-11
-56.53,5.048940590239418e-9,-7.745073572432336e-11
-56.52,5.053893435678554e-9,-7.75415623149595e-11
-56.51,5.058852004399608e-9,-7.76325111525403e-11
-56.5,5.063816304065712e-9,-7.772358226426013e-11
-56.49,5.068786342148802e-9,-7.781477599878534e-11
-56.48,5.073762126398498e-9,-7.790609236685543e-11
-56.47,5.078743664337431e-9,-7.79975316644958e-11
-56.46,5.083730963578242e-9,-7.808909413591169e-11
-56.45,5.0887240317513954e-9,-7.818077975972446e-11
-56.44,5.093722876635941e-9,-7.827258896475446e-11
-56.43,5.098727505766004e-9,-7.836452178378626e-11
-56.42,5.103737926945761e-9,-7.845657848287825e-11
-56.41,5.108754147690349e-9,-7.85487591815525e-11
-56.4,5.113776175838685e-9,-7.864106398307469e-11
-56.39,5.118804019113187e-9,-7.873349338415466e-11
-56.38,5.123837685142604e-9,-7.882604737036351e-11
-56.37,5.1288771816987445e-9,-7.891872612934361e-11
-56.36,5.133922516611113e-9,-7.901152979667392e-11
-56.35,5.138973697415651e-9,-7.910445868993111e-11
-56.34,5.144030732099257e-9,-7.919751292385688e-11
-56.33,5.149093628431146e-9,-7.929069267513148e-11
-56.32,5.154162394022826e-9,-7.938399815875284e-11
-56.31,5.159237036901475e-9,-7.94774296204177e-11
-56.3,5.164317564681376e-9,-7.957098716063892e-11
-56.29,5.169403985354817e-9,-7.966467100366347e-11
-56.28,5.174496306674294e-9,-7.975848133999601e-11
-56.27,5.179594536553839e-9,-7.985241844036578e-11
-56.26,5.184698682775103e-9,-7.994648237922106e-11
-56.25,5.189808753307308e-9,-8.004067342601257e-11
-56.24,5.1949247558466395e-9,-8.013499167578851e-11
-56.23,5.200046698513301e-9,-8.02294374704673e-11
-56.22,5.205174589171837e-9,-8.032401087432281e-11
-56.21,5.210308435239747e-9,-8.041871208587176e-11
-56.2,5.2154482458506136e-9,-8.051354148489131e-11
-56.19,5.220594027878022e-9,-8.060849905602392e-11
-56.18,5.225745789580014e-9,-8.070358502454923e-11
-56.17,5.230903539043889e-9,-8.07987996668768e-11
-56.16,5.2360672840779326e-9,-8.089414317572109e-11
-56.15,5.2412370327706954e-9,-8.098961561213842e-11
-56.14,5.246412793122035e-9,-8.10852173512534e-11
-56.13,5.251594573172207e-9,-8.118094849690978e-11
-56.12,5.2567823809338455e-9,-8.127680936801233e-11
-56.11,5.2619762245067056e-9,-8.137279973902047e-11
-56.1,5.2671761117239485e-9,-8.146892030019433e-11
-56.09,5.272382050907209e-9,-8.156517109867841e-11
-56.08,5.277594049778581e-9,-8.166155234258403e-11
-56.07,5.282812117077774e-9,-8.175806402708717e-11
-56.06,5.2880362602917555e-9,-8.185470663578881e-11
-56.05,5.293266487717157e-9,-8.195148019254375e-11
-56.04,5.29850280764843e-9,-8.204838501859813e-11
-56.03,5.303745228009803e-9,-8.214542120264525e-11
-56.02,5.308993757006697e-9,-8.224258898837429e-11
-56.01,5.3142484028626176e-9,-8.233988861597692e-11
-56.0,5.319509173662224e-9,-8.243732018958861e-11
-55.99,5.324776077678853e-9,-8.253488405067099e-11
-55.98,5.330049123124361e-9,-8.263258025851001e-11
-55.97,5.335328318107921e-9,-8.273040908742036e-11
-55.96,5.340613670961662e-9,-8.282837071767249e-11
-55.95,5.34590518981864e-9,-8.292646540954574e-11
-55.94,5.351202883055745e-9,-8.30246933090593e-11
-55.93,5.356506758892604e-9,-8.312305464403363e-11
-55.92,5.361816825318458e-9,-8.322154953871401e-11
-55.91,5.367133091094159e-9,-8.332017822280715e-11
-55.9,5.372455564277367e-9,-8.341894104192142e-11
-55.89,5.377784253146194e-9,-8.35178381014606e-11
-55.88,5.3831191660646185e-9,-8.361686956813437e-11
-55.87,5.38846031137973e-9,-8.371603567066376e-11
-55.86,5.393807697480549e-9,-8.381533662227639e-11
-55.85,5.399161332726326e-9,-8.391477267383165e-11
-55.84,5.404521225388487e-9,-8.40143440081253e-11
-55.83,5.4098873840079044e-9,-8.411405075462884e-11
-55.82,5.415259816840366e-9,-8.421389323989836e-11
-55.81,5.42063853231985e-9,-8.431387163913597e-11
-55.8,5.426023538869519e-9,-8.441398606562375e-11
-55.79,5.43141484510328e-9,-8.451423678646507e-11
-55.78,5.4368124593447155e-9,-8.461462402221368e-11
-55.77,5.4422163898607215e-9,-8.471514809663661e-11
-55.76,5.447626645434081e-9,-8.481580899751691e-11
-55.75,5.453043234380197e-9,-8.491660710243597e-11
-55.74,5.458466165209246e-9,-8.501754250660703e-11
-55.73,5.463895446558011e-9,-8.511861554762811e-11
-55.72,5.469331086849979e-9,-8.521982631675119e-11
-55.71,5.474773094563091e-9,-8.53211750816491e-11
-55.7,5.480221478457685e-9,-8.542266199142493e-11
-55.69,5.485676246834789e-9,-8.552428741558011e-11
-55.68,5.491137408555583e-9,-8.56260513277524e-11
-55.67,5.496604972000384e-9,-8.572795419748107e-11
-55.66,5.502078945822779e-9,-8.58299960634823e-11
-55.65,5.507559338452804e-9,-8.593217683885523e-11
-55.64,5.513046159166671e-9,-8.60344978348922e-11
-55.63,5.5185394158920306e-9,-8.61369581248282e-11
-55.62,5.5240391176573915e-9,-8.623955830154503e-11
-55.61,5.529545273055377e-9,-8.634229860152823e-11
-55.6,5.5350578905326555e-9,-8.644517930546243e-11
-55.59,5.540576979200894e-9,-8.654820047594888e-11
-55.58,5.546102547545364e-9,-8.665136239816781e-11
-55.57,5.551634604306434e-9,-8.675466535581503e-11
-55.56,5.557173158135298e-9,-8.685810946397738e-11
-55.55,5.5627182180015746e-9,-8.696169501534888e-11
-55.54,5.568269792485328e-9,-8.706542218895653e-11
-55.53,5.573827890410678e-9,-8.716929115841932e-11
-55.52,5.579392520505211e-9,-8.727330229137347e-11
-55.51,5.584963691727885e-9,-8.737745570527093e-11
-55.5,5.590541412732062e-9,-8.748175156764215e-11
-55.49,5.5961256924658715e-9,-8.758619015816286e-11
-55.48,5.601716539610054e-9,-8.769077170276674e-11
-55.47,5.607313963306949e-9,-8.779549641348109e-11
-55.46,5.6129179720787036e-9,-8.790036451696051e-11
-55.45,5.6185285750904576e-9,-8.800537623553282e-11
-55.44,5.624145781117133e-9,-8.811053173173027e-11
-55.43,5.6297695990095314e-9,-8.821583131783685e-11
-55.42,5.635400037879769e-9,-8.832127511191815e-11
-55.41,5.641037106409446e-9,-8.842686345165901e-11
-55.4,5.646680813724211e-9,-8.85325965395837e-11
-55.39,5.652331168693373e-9,-8.863847449259413e-11
-55.38,5.657988180394747e-9,-8.874449767241113e-11
-55.37,5.663651857805495e-9,-8.885066618619257e-11
-55.36,5.66932220978328e-9,-8.895698031109974e-11
-55.35,5.674999245480741e-9,-8.906344027903515e-11
-55.34,5.680682974017177e-9,-8.917004620403306e-11
-55.33,5.686373404158071e-9,-8.927679854655034e-11
-55.32,5.692070545185296e-9,-8.938369735098247e-11
-55.31,5.697774406212217e-9,-8.949074287150569e-11
-55.3,5.703484996094494e-9,-8.959793539925672e-11
-55.29,5.70920232416733e-9,-8.970527510854531e-11
-55.28,5.71492639932746e-9,-8.981276221190452e-11
-55.27,5.720657230644785e-9,-8.992039728329974e-11
-55.26,5.726394827876571e-9,-9.002817956187921e-11
-55.25,5.7321391995433386e-9,-9.013611026949888e-11
-55.24,5.737890354992047e-9,-9.02441892784613e-11
-55.23,5.74364830342725e-9,-9.035241687512771e-11
-55.22,5.7494130539923476e-9,-9.046079325318423e-11
-55.21,5.755184616019226e-9,-9.056931863534587e-11
-55.2,5.760962998496161e-9,-9.067799332869944e-11
-55.19,5.766748211005566e-9,-9.078681741701502e-11
-55.18,5.77254026249084e-9,-9.08957911483976e-11
-55.17,5.7783391625712216e-9,-9.100491501135626e-11
-55.16,5.7841449202385715e-9,-9.111418892281174e-11
-55.15,5.789957544787273e-9,-9.122361327441468e-11
-55.14,5.79577704558369e-9,-9.133318819388734e-11
-55.13,5.801603431975402e-9,-9.144291411908932e-11
-55.12,5.807436713322421e-9,-9.155279100328e-11
-55.11,5.813276898900791e-9,-9.166281926142294e-11
-55.1,5.819123998273956e-9,-9.177299914223728e-11
-55.09,5.824978020527798e-9,-9.188333078977883e-11
-55.08,5.83083897529853e-9,-9.199381445449396e-11
-55.07,5.8367068718120915e-9,-9.210445045547291e-11
-55.06,5.8425817196157516e-9,-9.221523890134679e-11
-55.05,5.848463528173217e-9,-9.232618022128807e-11
-55.04,5.85435230689778e-9,-9.243727433962491e-11
-55.03,5.8602480651421504e-9,-9.254852177525035e-11
-55.02,5.866150812581162e-9,-9.26599227016944e-11
-55.01,5.872060558529337e-9,-9.277147727831103e-11
-55.0,5.877977312705983e-9,-9.28831858308366e-11
-54.99,5.883901084181933e-9,-9.299504871384591e-11
-54.98,5.889831883381086e-9,-9.310706565438377e-11
-54.97,5.89576971905636e-9,-9.321923741950155e-11
-54.96,5.901714600948791e-9,-9.333156411334391e-11
-54.95,5.90766653885851e-9,-9.344404588148508e-11
-54.94,5.913625542135465e-9,-9.355668309209628e-11
-54.93,5.9195916205769994e-9,-9.366947586069734e-11
-54.92,5.925564783696443e-9,-9.378242452547887e-11
-54.91,5.9315450412297244e-9,-9.389552922956705e-11
-54.9,5.937532402731058e-9,-9.400879028512397e-11
-54.89,5.9435268780086746e-9,-9.412220793799904e-11
-54.88,5.949528476622924e-9,-9.423578248747627e-11
-54.87,5.955537208374353e-9,-9.434951405502117e-11
-54.86,5.961553082823346e-9,-9.446340296030315e-11
-54.85,5.967576109923238e-9,-9.457744931410433e-11
-54.84,5.9736062992839756e-9,-9.46916536399336e-11
-54.83,5.979643660650535e-9,-9.480601592396814e-11
-54.82,5.985688203852446e-9,-9.492053656860883e-11
-54.81,5.991739938644709e-9,-9.503521566500635e-11
-54.8,5.997798874759462e-9,-9.515005366294868e-11
-54.79,6.0038650222496434e-9,-9.526505062101923e-11
-54.78,6.0099383908332315e-9,-9.538020690047019e-11
-54.77,6.016018990293704e-9,-9.549552270465353e-11
-54.76,6.022106830549869e-9,-9.561099819853997e-11
-54.75,6.028201921462863e-9,-9.572663383226267e-11
-54.74,6.0343042731427134e-9,-9.584242973036993e-11
-54.73,6.040413895005144e-9,-9.595838607731945e-11
-54.72,6.046530797369736e-9,-9.60745033256871e-11
-54.71,6.052654990373351e-9,-9.619078136816509e-11
-54.7,6.058786483235343e-9,-9.630722099247975e-11
-54.69,6.0649252865770625e-9,-9.642382202467881e-11
-54.68,6.071071410232313e-9,-9.654058484298002e-11
-54.67,6.077224864021928e-9,-9.665750969301053e-11
-54.66,6.083385658290298e-9,-9.677459684115659e-11
-54.65,6.0895538028025345e-9,-9.689184644478562e-11
-54.64,6.095729307745036e-9,-9.700925890772643e-11
-54.63,6.10191218307883e-9,-9.71268344294097e-11
-54.62,6.108102438954202e-9,-9.724457321895295e-11
-54.61,6.1143000855263906e-9,-9.736247560418804e-11
-54.6,6.120505132736177e-9,-9.74805417978778e-11
-54.59,6.1267175908759755e-9,-9.75987720709806e-11
-54.58,6.132937469950297e-9,-9.771716663087337e-11
-54.57,6.139164780282908e-9,-9.783572579782242e-11
-54.56,6.145399531871108e-9,-9.795444984413321e-11
-54.55,6.151641735026996e-9,-9.80733389186915e-11
-54.54,6.1578913998946715e-9,-9.819239331444044e-11
-54.53,6.164148536768715e-9,-9.83116134921254e-11
-54.52,6.170413155875935e-9,-9.843099936112098e-11
-54.51,6.176685267261307e-9,-9.855055148131033e-11
-54.5,6.182964881443901e-9,-9.867026992155419e-11
-54.49,6.189252008681171e-9,-9.879015500329764e-11
-54.48,6.195546659117032e-9,-9.891020708810618e-11
-54.47,6.20184884320101e-9,-9.903042628651605e-11
-54.46,6.208158571258156e-9,-9.91508129043172e-11
-54.45,6.2144758535824685e-9,-9.927136720965326e-11
-54.44,6.2208007005914086e-9,-9.939208954411847e-11
-54.43,6.227133122658315e-9,-9.951298002219198e-11
-54.42,6.233473130103047e-9,-9.963403907410372e-11
-54.41,6.2398207333940505e-9,-9.97552667081827e-11
-54.4,6.246175942981338e-9,-9.987666350093687e-11
-54.39,6.252538769345796e-9,-9.99982295310712e-11
-54.38,6.258909222721209e-9,-1.001199652303686e-10
-54.37,6.265287313880275e-9,-1.002418705316077e-10
-54.36,6.27167305314204e-9,-1.0036394606973031e-10
-54.35,6.278066451074312e-9,-1.0048619181422532e-10
-54.34,6.284467518200221e-9,-1.0060860825669436e-10
-54.33,6.290876265011323e-9,-1.0073119549263323e-10
-54.32,6.29729270211813e-9,-1.0085395396219486e-10
-54.31,6.3037168401134766e-9,-1.0097688389661315e-10
-54.3,6.310148689515158e-9,-1.0109998543022193e-10
-54.29,6.3165882609461016e-9,-1.0122325888086639e-10
-54.28,6.323035565060765e-9,-1.0134670458989596e-10
-54.27,6.3294906125041775e-9,-1.0147032279581346e-10
-54.26,6.335953413864762e-9,-1.0159411378285875e-10
-54.25,6.342423979902206e-9,-1.0171807775845827e-10
-54.24,6.348902321282233e-9,-1.0184221507820821e-10
-54.23,6.355388448646662e-9,-1.0196652591757872e-10
-54.22,6.361882372722297e-9,-1.0209101069644851e-10
-54.21,6.368384104496499e-9,-1.0221566957709689e-10
-54.2,6.374893654235502e-9,-1.0234050278653872e-10
-54.19,6.3814110330992464e-9,-1.0246551079172276e-10
-54.18,6.387936251835894e-9,-1.0259069360721385e-10
-54.17,6.394469321066068e-9,-1.0271605173843967e-10
-54.16,6.4010102518074505e-9,-1.0284158531957664e-10
-54.15,6.407559054622687e-9,-1.0296729471001713e-10
-54.14,6.4141157409542614e-9,-1.030931800944415e-10
-54.13,6.420680321016121e-9,-1.0321924178775178e-10
-54.12,6.42725280604078e-9,-1.033454801286616e-10
-54.11,6.433833206822484e-9,-1.034718954522599e-10
-54.1,6.440421534368357e-9,-1.0359848778266679e-10
-54.09,6.447017799483128e-9,-1.0372525760466902e-10
-54.08,6.4536220132155905e-9,-1.0385220508297466e-10
-54.07,6.460234186573083e-9,-1.0397933069783548e-10
-54.06,6.4668543305332034e-9,-1.041066345290177e-10
-54.05,6.473482455918498e-9,-1.0423411685760988e-10
-54.04,6.480118574069617e-9,-1.0436177811137543e-10
-54.03,6.486762695813504e-9,-1.0448961840212427e-10
-54.02,6.493414832357744e-9,-1.0461763815706548e-10
-54.01,6.500074994488377e-9,-1.0474583770221154e-10
-54.0,6.506743193596974e-9,-1.0487421707949571e-10
-53.99,6.513419440711211e-9,-1.0500277672732708e-10
-53.98,6.520103746878261e-9,-1.051315168910125e-10
-53.97,6.526796123406607e-9,-1.0526043794110444e-10
-53.96,6.533496581240491e-9,-1.0538954018086276e-10
-53.95,6.54020513173709e-9,-1.0551882362850289e-10
-53.94,6.546921786007489e-9,-1.0564828886641366e-10
-53.93,6.553646555263746e-9,-1.0577793604300846e-10
-53.92,6.560379450797369e-9,-1.0590776541892576e-10
-53.91,6.5671204838431085e-9,-1.0603777744438932e-10
-53.9,6.573869665652963e-9,-1.0616797225508004e-10
-53.89,6.580627007416845e-9,-1.0629835017099681e-10
-53.88,6.5873925205958955e-9,-1.0642891153132026e-10
-53.87,6.594166216461363e-9,-1.0655965656211944e-10
-53.86,6.600948106294486e-9,-1.0669058560436095e-10
-53.85,6.607738201392481e-9,-1.0682169895183672e-10
-53.84,6.614536513361785e-9,-1.0695299680866443e-10
-53.83,6.621343053393542e-9,-1.0708447957346178e-10
-53.82,6.6281578329469815e-9,-1.0721614752363748e-10
-53.81,6.63498086345488e-9,-1.0734800086558275e-10
-53.8,6.641812156327856e-9,-1.0748003998761465e-10
-53.79,6.648651723061614e-9,-1.0761226509457348e-10
-53.78,6.655499575164931e-9,-1.0774467657999725e-10
-53.77,6.662355723976755e-9,-1.0787727493045759e-10
-53.76,6.669220181372291e-9,-1.0801005972585042e-10
-53.75,6.676092958493845e-9,-1.081430320043047e-10
-53.74,6.682974067057427e-9,-1.0827619181308035e-10
-53.73,6.6898635186912835e-9,-1.0840953923925997e-10
-53.72,6.69676132479658e-9,-1.085430749580147e-10
-53.71,6.703667497068452e-9,-1.0867679904343587e-10
-53.7,6.71058204732475e-9,-1.088107118588275e-10
-53.69,6.717504986921879e-9,-1.0894481363336458e-10
-53.68,6.724436327690757e-9,-1.0907910461992597e-10
-53.67,6.731376081092005e-9,-1.0921358543228417e-10
-53.66,6.738324259150644e-9,-1.0934825605295277e-10
-53.65,6.745280873304937e-9,-1.094831168383378e-10
-53.64,6.752245935452911e-9,-1.0961816820204235e-10
-53.63,6.7592194572278736e-9,-1.0975341033553898e-10
-53.62,6.766201450545775e-9,-1.0988884351675847e-10
-53.61,6.773191927106737e-9,-1.1002446826707597e-10
-53.6,6.78019089866522e-9,-1.1016028457942205e-10
-53.59,6.787198376990862e-9,-1.1029629299648792e-10
-53.58,6.794214374218352e-9,-1.1043249374930466e-10
-53.57,6.801238901885343e-9,-1.1056888713138597e-10
-53.56,6.808271971982553e-9,-1.1070547338372371e-10
-53.55,6.8153135965293115e-9,-1.1084225300477004e-10
-53.54,6.8223637873140926e-9,-1.1097922612225638e-10
-53.53,6.829422556300787e-9,-1.1111639312106275e-10
-53.52,6.836489915427756e-9,-1.1125375418883634e-10
-53.51,6.843565876714508e-9,-1.1139130984630526e-10
-53.5,6.850650452068086e-9,-1.1152906034347309e-10
-53.49,6.8577436536245775e-9,-1.116670056898984e-10
-53.48,6.864845493322496e-9,-1.118051467409797e-10
-53.47,6.871955983184995e-9,-1.1194348334977247e-10
-53.46,6.879075135348033e-9,-1.1208201601863616e-10
-53.45,6.886202961917889e-9,-1.1222074505807047e-10
-53.44,6.8933394749211634e-9,-1.1235967072525518e-10
-53.43,6.900484686480189e-9,-1.1249879344380915e-10
-53.42,6.907638608824583e-9,-1.1263811326391924e-10
-53.41,6.914801254069935e-9,-1.1277763079797423e-10
-53.4,6.921972634361226e-9,-1.1291734624945882e-10
-53.39,6.9291527618905206e-9,-1.1305725991888596e-10
-53.38,6.936341648993103e-9,-1.1319737210508297e-10
-53.37,6.943539307869848e-9,-1.1333768316535429e-10
-53.36,6.950745750633356e-9,-1.134781933843302e-10
-53.35,6.957960989733237e-9,-1.1361890314281515e-10
-53.34,6.9651850372542015e-9,-1.1375981267130741e-10
-53.33,6.972417905852013e-9,-1.1390092236610805e-10
-53.32,6.97965960760588e-9,-1.1404223245505052e-10
-53.31,6.9869101548811865e-9,-1.1418374334732901e-10
-53.3,6.994169560003096e-9,-1.1432545500470615e-10
-53.29,7.001437835685519e-9,-1.1446736868887254e-10
-53.28,7.0087149940117445e-9,-1.1460948384107087e-10
-53.27,7.016001047522482e-9,-1.1475180099224024e-10
-53.26,7.0232960086204755e-9,-1.148943205481237e-10
-53.25,7.030599889817256e-9,-1.1503704279959596e-10
-53.24,7.037912703708957e-9,-1.1517996797899948e-10
-53.23,7.0452344626151055e-9,-1.1532309668475574e-10
-53.22,7.0525651791462704e-9,-1.1546642896646165e-10
-53.21,7.059904865259379e-9,-1.1560996580491879e-10
-53.2,7.06725353543435e-9,-1.157537058773398e-10
-53.19,7.074611200216417e-9,-1.1589765110803408e-10
-53.18,7.081977872966999e-9,-1.1604180136931548e-10
-53.17,7.089353566291875e-9,-1.1618615691281827e-10
-53.16,7.096738292968808e-9,-1.1633071810000658e-10
-53.15,7.104132065402707e-9,-1.164754851923709e-10
-53.14,7.1115348964836205e-9,-1.166204586153333e-10
-53.13,7.118946798845174e-9,-1.1676563871601093e-10
-53.12,7.12636778519016e-9,-1.1691102568066085e-10
-53.11,7.133797868239625e-9,-1.1705662002207142e-10
-53.1,7.141237061065857e-9,-1.1720242188030855e-10
-53.09,7.14868537594675e-9,-1.1734843178664783e-10
-53.08,7.156142826105438e-9,-1.1749464987886665e-10
-53.07,7.163609424191684e-9,-1.1764107669244987e-10
-53.06,7.1710851831383575e-9,-1.1778771234824072e-10
-53.05,7.178570115645093e-9,-1.1793455730623714e-10
-53.04,7.186064234835532e-9,-1.1808161191015267e-10
-53.03,7.193567553407884e-9,-1.1822887650528184e-10
-53.02,7.20108008452975e-9,-1.1837635136659174e-10
-53.01,7.208601840947476e-9,-1.185240367927792e-10
-53.0,7.2161328356487126e-9,-1.1867193325588234e-10
-52.99,7.223673081771027e-9,-1.1882004105195462e-10
-52.98,7.231222592182195e-9,-1.1896836041471686e-10
-52.97,7.238781379940729e-9,-1.1911689178356598e-10
-52.96,7.246349458095465e-9,-1.1926563549323721e-10
-52.95,7.253926839849918e-9,-1.1941459184251147e-10
-52.94,7.261513538128969e-9,-1.1956376125541093e-10
-52.93,7.269109566163305e-9,-1.1971314399934585e-10
-52.92,7.276714937085536e-9,-1.198627403271185e-10
-52.91,7.284329663954655e-9,-1.2001255081581163e-10
-52.9,7.291953759875585e-9,-1.201625756218161e-10
-52.89,7.299587238393845e-9,-1.2031281512394004e-10
-52.88,7.307230112423242e-9,-1.2046326976863366e-10
-52.87,7.314882395228924e-9,-1.206139398280913e-10
-52.86,7.322544100163531e-9,-1.2076482561926622e-10
-52.85,7.330215240573594e-9,-1.2091592743802e-10
-52.84,7.337895829561214e-9,-1.210672458392909e-10
-52.83,7.345585880657322e-9,-1.2121878112603584e-10
-52.82,7.353285406949905e-9,-1.2137053323106032e-10
-52.81,7.3609944221321375e-9,-1.2152250302323733e-10
-52.8,7.368712939328522e-9,-1.2167469067302104e-10
-52.79,7.376440972055768e-9,-1.2182709653847089e-10
-52.78,7.384178533762907e-9,-1.2197972089029286e-10
-52.77,7.391925637749159e-9,-1.2213256425155752e-10
-52.76,7.399682297788321e-9,-1.2228562677356092e-10
-52.75,7.407448527118218e-9,-1.2243890892915118e-10
-52.74,7.415224339467502e-9,-1.2259241119572098e-10
-52.73,7.423009747971244e-9,-1.227461334822534e-10
-52.72,7.430804766616461e-9,-1.229000765951454e-10
-52.71,7.43860940876227e-9,-1.2305424073959094e-10
-52.7,7.446423688169566e-9,-1.2320862628094644e-10
-52.69,7.454247618207514e-9,-1.2336323357110987e-10
-52.68,7.462081212762567e-9,-1.2351806287652737e-10
-52.67,7.469924485407984e-9,-1.2367311473534542e-10
-52.66,7.477777449785287e-9,-1.2382838934487654e-10
-52.65,7.48564011974595e-9,-1.2398388711198658e-10
-52.64,7.493512508928704e-9,-1.241396084785163e-10
-52.63,7.501394630964564e-9,-1.2429555373920557e-10
-52.62,7.509286499822616e-9,-1.2445172325091235e-10
-52.61,7.517188129349289e-9,-1.246081173353212e-10
-52.6,7.525099533007747e-9,-1.2476473642838225e-10
-52.59,7.533020724954613e-9,-1.2492158090341958e-10
-52.58,7.540951719129135e-9,-1.250786509895511e-10
-52.57,7.548892529051297e-9,-1.2523594728468922e-10
-52.56,7.556843168993228e-9,-1.253934698901675e-10
-52.55,7.564803652300801e-9,-1.2555121949960017e-10
-52.54,7.57277399401619e-9,-1.2570919593919729e-10
-52.53,7.580754207175504e-9,-1.2586740015020729e-10
-52.52,7.588744306065283e-9,-1.2602583223921914e-10
-52.51,7.596744304655235e-9,-1.2618449260019688e-10
-52.5,7.604754216968305e-9,-1.2634338155046908e-10
-52.49,7.612774057148237e-9,-1.26502499604748e-10
-52.48,7.620803839280648e-9,-1.2666184697481617e-10
-52.47,7.628843577342279e-9,-1.2682142411727105e-10
-52.46,7.636893285697538e-9,-1.269812314391899e-10
-52.45,7.644952978290067e-9,-1.27141269181694e-10
-52.44,7.6530226693333e-9,-1.2730153781862792e-10
-52.43,7.661102373120923e-9,-1.2746203771627973e-10
-52.42,7.66919210374665e-9,-1.2762276924851177e-10
-52.41,7.677291875534195e-9,-1.2778373273764705e-10
-52.4,7.685401702792874e-9,-1.2794492865993938e-10
-52.39,7.693521599727701e-9,-1.2810635724508686e-10
-52.38,7.701651580617108e-9,-1.2826801903244175e-10
-52.37,7.709791659973173e-9,-1.284299142719689e-10
-52.36,7.717941851998474e-9,-1.2859204335062753e-10
-52.35,7.72610217095203e-9,-1.287544068029761e-10
-52.34,7.734272631471998e-9,-1.2891700479065225e-10
-52.33,7.742453247971451e-9,-1.2907983791432387e-10
-52.32,7.750644034776155e-9,-1.2924290640530896e-10
-52.31,7.758845006374335e-9,-1.2940621064660338e-10
-52.3,7.767056177355445e-9,-1.295697510941177e-10
-52.29,7.775277562144257e-9,-1.2973352801612175e-10
-52.28,7.783509175344732e-9,-1.2989754190611953e-10
-52.27,7.791751031386645e-9,-1.300617930785472e-10
-52.26,7.800003145069706e-9,-1.302262821148628e-10
-52.25,7.808265530916237e-9,-1.3039100914344065e-10
-52.24,7.816538203551081e-9,-1.3055597459109823e-10
-52.23,7.824821177531746e-9,-1.3072117898181095e-10
-52.22,7.833114467674273e-9,-1.3088662259426235e-10
-52.21,7.841418088651835e-9,-1.3105230593062847e-10
-52.2,7.849732055167466e-9,-1.312182291496783e-10
-52.19,7.858056381979576e-9,-1.3138439288833802e-10
-52.18,7.866391083882625e-9,-1.315507974132932e-10
-52.17,7.874736175612346e-9,-1.3171744321979933e-10
-52.16,7.88309167219314e-9,-1.318843305316229e-10
-52.15,7.891457588214742e-9,-1.3205145982365671e-10
-52.14,7.899833938625036e-9,-1.3221883151840018e-10
-52.13,7.908220738410423e-9,-1.3238644600672314e-10
-52.12,7.916618002443943e-9,-1.3255430365803048e-10
-52.11,7.925025745597524e-9,-1.327224048991442e-10
-52.1,7.933443982836704e-9,-1.3289075010434173e-10
-52.09,7.941872729267788e-9,-1.3305933963056192e-10
-52.08,7.950311999934729e-9,-1.3322817393014559e-10
-52.07,7.95876180962916e-9,-1.3339725347326718e-10
-52.06,7.967222173607248e-9,-1.3356657855211714e-10
-52.05,7.975693106862353e-9,-1.337361495884097e-10
-52.04,7.984174624659955e-9,-1.3390596687990988e-10
-52.03,7.992666742068606e-9,-1.3407603104074064e-10
-52.02,8.001169474013384e-9,-1.342463423545778e-10
-52.01,8.009682836016493e-9,-1.3441690121587067e-10
-52.0,8.018206843053445e-9,-1.345877080515274e-10
-51.99,8.026741510517423e-9,-1.3475876324860657e-10
-51.98,8.03528685357236e-9,-1.3493006721387475e-10
-51.97,8.043842887336892e-9,-1.3510162047052748e-10
-51.96,8.052409627550319e-9,-1.3527342317911643e-10
-51.95,8.060987089247085e-9,-1.354454759359481e-10
-51.94,8.069575287770804e-9,-1.3561777916005894e-10
-51.93,8.078174238560858e-9,-1.357903331492657e-10
-51.92,8.086783957056414e-9,-1.3596313838267162e-10
-51.91,8.095404458536042e-9,-1.3613619525836794e-10
-51.9,8.104035758650638e-9,-1.3630950418454812e-10
-51.89,8.112677872733883e-9,-1.364830655723487e-10
-51.88,8.121330816260301e-9,-1.3665687987343106e-10
-51.87,8.129994605057631e-9,-1.368309473469508e-10
-51.86,8.138669254303325e-9,-1.3700526868487198e-10
-51.85,8.147354779771036e-9,-1.3717984404900704e-10
-51.84,8.156051197043461e-9,-1.3735467393735616e-10
-51.83,8.16475852167944e-9,-1.3752975880643603e-10
-51.82,8.173476769481725e-9,-1.3770509898725465e-10
-51.81,8.182205955995473e-9,-1.3788069498795743e-10
-51.8,8.19094609672763e-9,-1.3805654737337128e-10
-51.79,8.19969720804417e-9,-1.3823265604374263e-10
-51.78,8.208459305131336e-9,-1.384090220034959e-10
-51.77,8.217232403940132e-9,-1.3858564522684045e-10
-51.76,8.226016520261686e-9,-1.3876252649308396e-10
-51.75,8.234811669894234e-9,-1.389396660681883e-10
-51.74,8.243617868793956e-9,-1.3911706430244243e-10
-51.73,8.252435132701407e-9,-1.3929472172179209e-10
-51.72,8.261263477721164e-9,-1.394726386847301e-10
-51.71,8.270102919673135e-9,-1.3965081582742253e-10
-51.7,8.27895347435316e-9,-1.3982925321930479e-10
-51.69,8.287815158043317e-9,-1.4000795149681892e-10
-51.68,8.29668798652893e-9,-1.4018691108198333e-10
-51.67,8.30557197607041e-9,-1.403661323366957e-10
-51.66,8.31446714263591e-9,-1.4054561582045634e-10
-51.65,8.32337350207028e-9,-1.4072536179288565e-10
-51.64,8.33229107071878e-9,-1.409053709023342e-10
-51.63,8.34121986479157e-9,-1.4108564331387996e-10
-51.62,8.350159900338673e-9,-1.4126617968435895e-10
-51.61,8.359111193446752e-9,-1.4144698039551173e-10
-51.6,8.368073760666451e-9,-1.4162804569982565e-10
-51.59,8.377047617937468e-9,-1.418093762647252e-10
-51.58,8.386032781655111e-9,-1.4199097237130107e-10
-51.57,8.395029268011779e-9,-1.4217283457207913e-10
-51.56,8.404037093461373e-9,-1.4235496331860206e-10
-51.55,8.413056274283169e-9,-1.4253735892380476e-10
-51.54,8.422086826923614e-9,-1.4272002187294744e-10
-51.53,8.431128767765808e-9,-1.4290295260653783e-10
-51.52,8.440182113114915e-9,-1.4308615159851866e-10
-51.51,8.449246879499494e-9,-1.4326961928713826e-10
-51.5,8.458323083544369e-9,-1.4345335613015897e-10
-51.49,8.467410741531108e-9,-1.4363736240174658e-10
-51.48,8.47650987009164e-9,-1.4382163886021953e-10
-51.47,8.485620485868081e-9,-1.440061856422725e-10
-51.46,8.494742605286781e-9,-1.441910034098782e-10
-51.45,8.503876245136809e-9,-1.4437609246300397e-10
-51.44,8.513021421976478e-9,-1.4456145337280414e-10
-51.43,8.522178152452769e-9,-1.4474708645056347e-10
-51.42,8.531346453247702e-9,-1.449329922158442e-10
-51.41,8.54052634127187e-9,-1.4511917119456294e-10
-51.4,8.549717833028835e-9,-1.453056235732431e-10
-51.39,8.558920945401714e-9,-1.4549235020471754e-10
-51.38,8.568135695281012e-9,-1.456793512794796e-10
-51.37,8.577362099390003e-9,-1.4586662726261982e-10
-51.36,8.586600174581313e-9,-1.4605417864491374e-10
-51.35,8.595849937732386e-9,-1.4624200585072865e-10
-51.34,8.605111405842852e-9,-1.464301094258057e-10
-51.33,8.614384595878411e-9,-1.4661848978495152e-10
-51.32,8.623669524684594e-9,-1.468071472009568e-10
-51.31,8.632966209401359e-9,-1.4699608235559092e-10
-51.3,8.64227466670772e-9,-1.471852958245496e-10
-51.29,8.651594914322449e-9,-1.473747877067388e-10
-51.28,8.660926968766809e-9,-1.4756455864828963e-10
-51.27,8.670270847271467e-9,-1.4775460912050894e-10
-51.26,8.679626567007015e-9,-1.4794493955557862e-10
-51.25,8.688994145158412e-9,-1.4813555044433038e-10
-51.24,8.698373598894936e-9,-1.483264422202629e-10
-51.23,8.70776494554298e-9,-1.4851761545655373e-10
-51.22,8.717168202162244e-9,-1.4870907044702504e-10
-51.21,8.72658338614308e-9,-1.4890080773209029e-10
-51.2,8.736010514807492e-9,-1.490928277397264e-10
-51.19,8.745449605355115e-9,-1.4928513103735728e-10
-51.18,8.75490067524711e-9,-1.4947771804139431e-10
-51.17,8.764363741833008e-9,-1.4967058925016559e-10
-51.16,8.773838822667098e-9,-1.4986374505487526e-10
-51.15,8.783325935069195e-9,-1.500571859521939e-10
-51.14,8.792825096482956e-9,-1.502509124033618e-10
-51.13,8.802336324417685e-9,-1.5044492500517626e-10
-51.12,8.811859636518105e-9,-1.50639224115358e-10
-51.11,8.82139505026827e-9,-1.5083381021331975e-10
-51.1,8.830942583269188e-9,-1.5102868373877115e-10
-51.09,8.840502253106345e-9,-1.512238453206395e-10
-51.08,8.850074077440375e-9,-1.5141929521188016e-10
-51.07,8.859658073948294e-9,-1.5161503408477185e-10
-51.06,8.869254260335424e-9,-1.5181106230739515e-10
-51.05,8.878862654460196e-9,-1.520073804458625e-10
-51.04,8.88848327371646e-9,-1.5220398895424572e-10
-51.03,8.898116136258574e-9,-1.5240088824600112e-10
-51.02,8.907761259728926e-9,-1.525980788934478e-10
-51.01,8.917418662114838e-9,-1.527955613244376e-10
-51.0,8.927088361225515e-9,-1.5299333611922508e-10
-50.99,8.936770374853587e-9,-1.5319140357508556e-10
-50.98,8.946464721067278e-9,-1.533897642416622e-10
-50.97,8.956171417838154e-9,-1.5358841872023543e-10
-50.96,8.965890483061438e-9,-1.5378736744668097e-10
-50.95,8.975621934764772e-9,-1.5398661089160146e-10
-50.94,8.985365791244498e-9,-1.5418614948024422e-10
-50.93,8.995122070245292e-9,-1.543859838312899e-10
-50.92,9.004890790035467e-9,-1.5458611434880777e-10
-50.91,9.01467196871446e-9,-1.5478654151881084e-10
-50.9,9.024465624586198e-9,-1.5498726587537003e-10
-50.89,9.034271775732991e-9,-1.5518828791764388e-10
-50.88,9.044090440319831e-9,-1.5538960810812383e-10
-50.87,9.05392163669825e-9,-1.5559122701038788e-10
-50.86,9.063765382448279e-9,-1.5579314534603132e-10
-50.85,9.073621698135028e-9,-1.5599536268146153e-10
-50.84,9.083490599648981e-9,-1.5619788052366303e-10
-50.83,9.093372106293809e-9,-1.5640069906437158e-10
-50.82,9.103266236726549e-9,-1.5660381863886046e-10
-50.81,9.11317300893262e-9,-1.5680723994911075e-10
-50.8,9.123092441734225e-9,-1.5701096321974516e-10
-50.79,9.133024553305836e-9,-1.5721498943503796e-10
-50.78,9.142969362430326e-9,-1.5741931868348026e-10
-50.77,9.15292688823961e-9,-1.576239513990183e-10
-50.76,9.16289714742551e-9,-1.5782888866708313e-10
-50.75,9.172880160447559e-9,-1.5803413048943694e-10
-50.74,9.18287594540345e-9,-1.5823967745039468e-10
-50.73,9.192884520949005e-9,-1.5844553014227682e-10
-50.72,9.202905905811426e-9,-1.5865168899116339e-10
-50.71,9.212940118765995e-9,-1.588581546257205e-10
-50.7,9.222987178457517e-9,-1.590649274313006e-10
-50.69,9.233047103837358e-9,-1.592720080112882e-10
-50.68,9.243119913682114e-9,-1.594793968304525e-10
-50.67,9.253205626941049e-9,-1.5968709448036773e-10
-50.66,9.263304262301241e-9,-1.5989510133835476e-10
-50.65,9.273415838899957e-9,-1.6010341802302203e-10
-50.64,9.28354037565656e-9,-1.6031204504483257e-10
-50.63,9.293677891451643e-9,-1.6052098287507715e-10
-50.62,9.303828405514702e-9,-1.6073023211326752e-10
-50.61,9.31399193668072e-9,-1.6093979319969256e-10
-50.6,9.324168504198546e-9,-1.6114966667203602e-10
-50.59,9.334358127099715e-9,-1.6135985311959663e-10
-50.58,9.344560824546334e-9,-1.6157035299966746e-10
-50.57,9.354776615721016e-9,-1.617811667390597e-10
-50.56,9.365005519910305e-9,-1.6199229509346132e-10
-50.55,9.37524755626929e-9,-1.6220373837149552e-10
-50.54,9.385502744013274e-9,-1.6241549722614482e-10
-50.53,9.39577110261769e-9,-1.6262757221482602e-10
-50.52,9.406052651349665e-9,-1.6283996378716752e-10
-50.51,9.416347409485379e-9,-1.6305267249785205e-10
-50.5,9.426655396560219e-9,-1.632656988098154e-10
-50.49,9.436976631932809e-9,-1.634790433583263e-10
-50.48,9.44731113523693e-9,-1.636927066323494e-10
-50.47,9.457658925683758e-9,-1.6390668920766682e-10
-50.46,9.468020022975344e-9,-1.6412099151644e-10
-50.45,9.478394446691999e-9,-1.643356141829361e-10
-50.44,9.488782216390163e-9,-1.6455055774594545e-10
-50.43,9.499183351609592e-9,-1.6476582264425559e-10
-50.42,9.509597872125973e-9,-1.6498140959865407e-10
-50.41,9.520025797672782e-9,-1.651973189475256e-10
-50.4,9.530467147875705e-9,-1.6541355139186005e-10
-50.39,9.540921942332911e-9,-1.6563010722204892e-10
-50.38,9.551390201275212e-9,-1.6584698740249551e-10
-50.37,9.561871944216245e-9,-1.6606419214772162e-10
-50.36,9.572367191059289e-9,-1.6628172211848023e-10
-50.35,9.582875961642754e-9,-1.664995778029176e-10
-50.34,9.593398276024368e-9,-1.667177598202654e-10
-50.33,9.603934153856835e-9,-1.6693626878355848e-10
-50.32,9.614483615639035e-9,-1.6715510480995056e-10
-50.31,9.625046680958097e-9,-1.6737426896460795e-10
-50.3,9.635623370120506e-9,-1.6759376134766508e-10
-50.29,9.646213702990742e-9,-1.678135832690171e-10
-50.28,9.656817699776388e-9,-1.680337345650937e-10
-50.27,9.66743538065991e-9,-1.6825421602848946e-10
-50.26,9.678066765857791e-9,-1.6847502812815155e-10
-50.25,9.688711875574624e-9,-1.686961714823076e-10
-50.24,9.699370729922298e-9,-1.6891764670521655e-10
-50.23,9.710043349425191e-9,-1.691394543017053e-10
-50.22,9.720729754218428e-9,-1.6936159477750467e-10
-50.21,9.731429964630173e-9,-1.6958406887276935e-10
-50.2,9.742144001297719e-9,-1.6980687688043927e-10
-50.19,9.752871884460857e-9,-1.7003001951574776e-10
-50.18,9.763613634501893e-9,-1.7025349741506783e-10
-50.17,9.774369272036424e-9,-1.7047731105120653e-10
-50.16,9.785138817618098e-9,-1.7070146089457022e-10
-50.15,9.795922291602266e-9,-1.709259477029963e-10
-50.14,9.806719714772426e-9,-1.7115077196016826e-10
-50.13,9.817531107716586e-9,-1.7137593421813306e-10
-50.12,9.82835649101642e-9,-1.716014350151181e-10
-50.11,9.839195885536124e-9,-1.7182727508016016e-10
-50.1,9.85004931164703e-9,-1.7205345473509363e-10
-50.09,9.860916790542776e-9,-1.7227997471520933e-10
-50.08,9.871798342712936e-9,-1.7250683561911635e-10
-50.07,9.88269398918024e-9,-1.7273403792253042e-10
-50.06,9.893603750617113e-9,-1.7296158222619813e-10
-50.05,9.904527648127835e-9,-1.7318946920321247e-10
-50.04,9.915465702481846e-9,-1.7341769937795638e-10
-50.03,9.926417934716151e-9,-1.7364627319514377e-10
-50.02,9.937384366015242e-9,-1.7387519136917962e-10
-50.01,9.948365016978414e-9,-1.7410445454766713e-10
-50.0,9.95935990904088e-9,-1.7433406316151568e-10
-49.99,9.970369063205022e-9,-1.7456401790784228e-10
-49.98,9.981392500626773e-9,-1.7479431926199267e-10
-49.97,9.99243024253449e-9,-1.7502496791860897e-10
-49.96,1.0003482309988072e-8,-1.7525596436940167e-10
-49.95,1.001454872434695e-8,-1.7548730924860941e-10
-49.94,1.0025629506953817e-8,-1.7571900318037755e-10
-49.93,1.003672467894883e-8,-1.7595104674940063e-10
-49.92,1.0047834261959471e-8,-1.761834403605029e-10
-49.91,1.0058958276934965e-8,-1.764161850120262e-10
-49.9,1.007009674571643e-8,-1.7664928091442005e-10
-49.89,1.0081249689697209e-8,-1.7688272875035633e-10
-49.88,1.0092417130228903e-8,-1.7711652921962357e-10
-49.87,1.010359908895171e-8,-1.773506828365318e-10
-49.86,1.0114795587330712e-8,-1.775851902827586e-10
-49.85,1.0126006647149917e-8,-1.7782005202392627e-10
-49.84,1.0137232289863571e-8,-1.7805526878075211e-10
-49.83,1.0148472537185766e-8,-1.7829084098677268e-10
-49.82,1.0159727411028257e-8,-1.785267695337721e-10
-49.81,1.0170996932909882e-8,-1.7876305478009116e-10
-49.8,1.0182281124631649e-8,-1.7899969741789576e-10
-49.79,1.019358000816066e-8,-1.7923669807282365e-10
-49.78,1.0204893605158803e-8,-1.7947405721898693e-10
-49.77,1.0216221937765558e-8,-1.7971177567638845e-10
-49.76,1.0227565027748421e-8,-1.7994985385342224e-10
-49.75,1.0238922897030349e-8,-1.8018829252736742e-10
-49.74,1.025029556768478e-8,-1.8042709216379662e-10
-49.73,1.0261683061902668e-8,-1.8066625345468902e-10
-49.72,1.0273085401426888e-8,-1.8090577706765793e-10
-49.71,1.0284502608675944e-8,-1.8114566351216227e-10
-49.7,1.0295934705604513e-8,-1.8138591344170674e-10
-49.69,1.0307381714587163e-8,-1.8162652746038116e-10
-49.68,1.0318843657712023e-8,-1.8186750615293092e-10
-49.67,1.033032055723378e-8,-1.8210885030623674e-10
-49.66,1.0341812435552867e-8,-1.8235056036799873e-10
-49.65,1.0353319314939607e-8,-1.825926370552427e-10
-49.64,1.0364841217775213e-8,-1.828350808766975e-10
-49.63,1.0376378166422882e-8,-1.830778925264907e-10
-49.62,1.0387930183444894e-8,-1.8332107267241023e-10
-49.61,1.0399497291279757e-8,-1.8356462191995125e-10
-49.6,1.041107951242827e-8,-1.8380854084849798e-10
-49.59,1.0422676869379904e-8,-1.840528301480711e-10
-49.58,1.0434289384803788e-8,-1.8429749041051548e-10
-49.57,1.044591708154325e-8,-1.8454252218761282e-10
-49.56,1.0457559981940423e-8,-1.847879263117168e-10
-49.55,1.0469218108778652e-8,-1.8503370330813352e-10
-49.54,1.0480891485006099e-8,-1.8527985371257103e-10
-49.53,1.0492580133398799e-8,-1.85526378199024e-10
-49.52,1.0504284076438173e-8,-1.857732776302234e-10
-49.51,1.0516003337366269e-8,-1.8602055240841164e-10
-49.5,1.0527737938857981e-8,-1.8626820325109222e-10
-49.49,1.0539487904048885e-8,-1.8651623075023082e-10
-49.48,1.055125325579683e-8,-1.867646355891562e-10
-49.47,1.0563034017111967e-8,-1.8701341846671213e-10
-49.46,1.0574830211021024e-8,-1.8726257988674085e-10
-49.45,1.0586641860758792e-8,-1.875121206069548e-10
-49.44,1.059846898933948e-8,-1.8776204130668046e-10
-49.43,1.061031161992904e-8,-1.8801234245811444e-10
-49.42,1.062216977587852e-8,-1.8826302484812032e-10
-49.41,1.0634043480382762e-8,-1.8851408915876825e-10
-49.4,1.064593275667975e-8,-1.8876553597089944e-10
-49.39,1.0657837628003768e-8,-1.8901736589778054e-10
-49.38,1.0669758118000209e-8,-1.8926957967728967e-10
-49.37,1.0681694249846768e-8,-1.8952217791879688e-10
-49.36,1.0693646047245722e-8,-1.8977516128143004e-10
-49.35,1.0705613533080912e-8,-1.9002853055124157e-10
-49.34,1.0717596731650719e-8,-1.9028228608934187e-10
-49.33,1.0729595666018788e-8,-1.9053642893858584e-10
-49.32,1.074161036004434e-8,-1.9079095932794362e-10
-49.31,1.0753640837245286e-8,-1.9104587832129813e-10
-49.3,1.0765687121309185e-8,-1.9130118630332987e-10
-49.29,1.077774923596053e-8,-1.9155688411501817e-10
-49.28,1.0789827205019495e-8,-1.918129723292299e-10
-49.27,1.0801921052457509e-8,-1.9206945153770864e-10
-49.26,1.0814030801553544e-8,-1.9232632277290736e-10
-49.25,1.0826156476766976e-8,-1.925835863392323e-10
-49.24,1.083829810177215e-8,-1.928412429333002e-10
-49.23,1.0850455700593923e-8,-1.9309929338312587e-10
-49.22,1.0862629297114427e-8,-1.9335773820791357e-10
-49.21,1.0874818915729394e-8,-1.9361657825755078e-10
-49.2,1.0887024580091938e-8,-1.9387581408853527e-10
-49.19,1.0899246314655521e-8,-1.9413544638079113e-10
-49.18,1.0911484143353808e-8,-1.9439547583426105e-10
-49.17,1.092373809059986e-8,-1.946559030888241e-10
-49.16,1.0936008180397949e-8,-1.9491672892235478e-10
-49.15,1.094829443726144e-8,-1.9517795400630566e-10
-49.14,1.0960596885427185e-8,-1.9543957891020473e-10
-49.13,1.097291554924156e-8,-1.9570160448377227e-10
-49.12,1.0985250453251847e-8,-1.9596403125677836e-10
-49.11,1.0997601621818034e-8,-1.9622685995231617e-10
-49.1,1.1009969079274484e-8,-1.9649009144021965e-10
-49.09,1.1022352850371545e-8,-1.9675372615960314e-10
-49.08,1.1034752959527138e-8,-1.970177648880467e-10
-49.07,1.1047169431774882e-8,-1.9728220823147794e-10
-49.06,1.105960229130327e-8,-1.9754705716502125e-10
-49.05,1.1072051562987352e-8,-1.9781231213998106e-10
-49.04,1.1084517271577448e-8,-1.980779739801566e-10
-49.03,1.1096999441708352e-8,-1.9834404329124672e-10
-49.02,1.1109498098504038e-8,-1.9861052080505776e-10
-49.01,1.112201326655166e-8,-1.9887740723013325e-10
-49.0,1.1134544971017205e-8,-1.9914470327224076e-10
-48.99,1.1147093236638727e-8,-1.9941240960410215e-10
-48.98,1.1159658088536209e-8,-1.9968052710281385e-10
-48.97,1.1172239551660794e-8,-1.9994905614925144e-10
-48.96,1.1184837651160026e-8,-2.0021799762197807e-10
-48.95,1.11974524122499e-8,-2.004873523260888e-10
-48.94,1.121008385977764e-8,-2.0075712086831372e-10
-48.93,1.1222732019294884e-8,-2.0102730398318223e-10
-48.92,1.1235396915884229e-8,-2.0129790238518672e-10
-48.91,1.124807857487306e-8,-2.0156891675336795e-10
-48.9,1.1260777021639234e-8,-2.0184034782109915e-10
-48.89,1.1273492281611566e-8,-2.0211219618991758e-10
-48.88,1.1286224379849733e-8,-2.0238446308851556e-10
-48.87,1.1298973342224873e-8,-2.0265714861252053e-10
-48.86,1.1311739194291908e-8,-2.029302537547633e-10
-48.85,1.1324521961057439e-8,-2.03203779212554e-10
-48.84,1.1337321668669198e-8,-2.0347772568448405e-10
-48.83,1.1350138342568397e-8,-2.0375209398654433e-10
-48.82,1.1362972008457233e-8,-2.0402688469847827e-10
-48.81,1.137582269195909e-8,-2.04302098674141e-10
-48.8,1.1388690419231098e-8,-2.0457773659128994e-10
-48.79,1.1401575215400523e-8,-2.0485379915731354e-10
-48.78,1.141447710682914e-8,-2.051302871860739e-10
-48.77,1.1427396119358337e-8,-2.0540720133646367e-10
-48.76,1.1440332278807529e-8,-2.0568454239692094e-10
-48.75,1.1453285611258238e-8,-2.059623110253818e-10
-48.74,1.1466256142740922e-8,-2.0624050802426786e-10
-48.73,1.1479243899193562e-8,-2.0651913414345628e-10
-48.72,1.1492248907014547e-8,-2.0679819011125693e-10
-48.71,1.1505271192154587e-8,-2.0707767663231247e-10
-48.7,1.1518310780712035e-8,-2.073575945407075e-10
-48.69,1.1531367699308383e-8,-2.076379444306078e-10
-48.68,1.1544441973870166e-8,-2.079187272075179e-10
-48.67,1.155753363098784e-8,-2.0819994348134494e-10
-48.66,1.1570642696933632e-8,-2.0848159414149826e-10
-48.65,1.1583769198135645e-8,-2.0876367984899191e-10
-48.64,1.159691316110617e-8,-2.0904620129971997e-10
-48.63,1.1610074612472633e-8,-2.0932915932974384e-10
-48.62,1.1623253578561196e-8,-2.096125547714291e-10
-48.61,1.1636450085893495e-8,-2.0989638833252436e-10
-48.6,1.164966416199828e-8,-2.1018066058001464e-10
-48.59,1.1662895832528892e-8,-2.1046537251134012e-10
-48.58,1.1676145124697429e-8,-2.1075052482960776e-10
-48.57,1.1689412065235571e-8,-2.1103611823132315e-10
-48.56,1.170269668094613e-8,-2.113221535423324e-10
-48.55,1.1715998998811413e-8,-2.116086315354918e-10
-48.54,1.1729319045686528e-8,-2.118955529200966e-10
-48.53,1.1742656848534549e-8,-2.1218291851548854e-10
-48.52,1.175601243448332e-8,-2.1247072897960485e-10
-48.51,1.1769385830529891e-8,-2.127589852586592e-10
-48.5,1.1782777063759916e-8,-2.1304768806000232e-10
-48.49,1.1796186161365838e-8,-2.1333683806650357e-10
-48.48,1.1809613150532831e-8,-2.1362643619560293e-10
-48.47,1.1823058058620213e-8,-2.139164831142331e-10
-48.46,1.1836520912792305e-8,-2.1420697964293732e-10
-48.45,1.1850001740399002e-8,-2.1449792654391979e-10
-48.44,1.186350056899949e-8,-2.147893247082183e-10
-48.43,1.1877017425896669e-8,-2.1508117482754893e-10
-48.42,1.1890552339182138e-8,-2.1537347758341244e-10
-48.41,1.1904105334627229e-8,-2.1566623394535965e-10
-48.4,1.1917676441584094e-8,-2.1595944448953186e-10
-48.39,1.1931265687154581e-8,-2.1625311023825826e-10
-48.38,1.1944873098859198e-8,-2.1654723182250234e-10
-48.37,1.1958498704656751e-8,-2.1684181015402366e-10
-48.36,1.1972142531916807e-8,-2.1713684606971632e-10
-48.35,1.1985804608977947e-8,-2.1743234006405606e-10
-48.34,1.1999484963410115e-8,-2.1772829318449095e-10
-48.33,1.2013183622090992e-8,-2.1802470649004767e-10
-48.32,1.2026900616050828e-8,-2.1832157987580559e-10
-48.31,1.2040635970309212e-8,-2.186189150016932e-10
-48.3,1.2054389713925462e-8,-2.1891671244493884e-10
-48.29,1.2068161875002333e-8,-2.1921497295270957e-10
-48.28,1.2081952481621652e-8,-2.195136974244218e-10
-48.27,1.2095761562136158e-8,-2.198128864448295e-10
-48.26,1.21095891446499e-8,-2.201125409840853e-10
-48.25,1.212343525754039e-8,-2.2041266188046686e-10
-48.24,1.2137299929069551e-8,-2.2071324989289772e-10
-48.23,1.215118318767988e-8,-2.2101430587237835e-10
-48.22,1.2165085061885938e-8,-2.213158306252376e-10
-48.21,1.2179005580097025e-8,-2.2161782487622425e-10
-48.2,1.2192944770855675e-8,-2.219202895316333e-10
-48.19,1.2206902662811644e-8,-2.2222322538268857e-10
-48.18,1.2220879284467831e-8,-2.2252663325857727e-10
-48.17,1.2234874664720345e-8,-2.2283051400902298e-10
-48.16,1.22488888321057e-8,-2.2313486840778143e-10
-48.15,1.2262921815462883e-8,-2.2343969739036572e-10
-48.14,1.2276973643853228e-8,-2.237450016066675e-10
-48.13,1.2291044345612221e-8,-2.2405078211562717e-10
-48.12,1.2305133950173872e-8,-2.2435703947763473e-10
-48.11,1.2319242486337455e-8,-2.2466377484373996e-10
-48.1,1.2333369983270091e-8,-2.2497098862536087e-10
-48.09,1.2347516469911623e-8,-2.2527868195787262e-10
-48.08,1.2361681975428603e-8,-2.2558685577119317e-10
-48.07,1.2375866529049106e-8,-2.258955106100725e-10
-48.06,1.2390070159868988e-8,-2.2620464755419114e-10
-48.05,1.2404292897343742e-8,-2.265142673838242e-10
-48.04,1.2418534770711903e-8,-2.2682437071804165e-10
-48.03,1.2432795809341454e-8,-2.271349588399288e-10
-48.02,1.2447076042796735e-8,-2.2744603223565182e-10
-48.01,1.2461375500438836e-8,-2.277575918332499e-10
-48.0,1.247569421182553e-8,-2.2806963854997115e-10
-47.99,1.2490032206556793e-8,-2.2838217333253715e-10
-47.98,1.2504389514254602e-8,-2.2869519676907967e-10
-47.97,1.2518766164589516e-8,-2.2900870994939098e-10
-47.96,1.253316218735171e-8,-2.293227135754769e-10
-47.95,1.2547577612426758e-8,-2.296372084783581e-10
-47.94,1.2562012469338009e-8,-2.2995219580373175e-10
-47.93,1.2576466788259018e-8,-2.3026767610776354e-10
-47.92,1.2590940599028262e-8,-2.305836503340358e-10
-47.91,1.2605433931707478e-8,-2.30900119430093e-10
-47.9,1.2619946816304914e-8,-2.3121708429793464e-10
-47.89,1.2634479283187992e-8,-2.3153454551911478e-10
-47.88,1.2649031361601536e-8,-2.3185250439198782e-10
-47.87,1.2663603082847058e-8,-2.3217096144486675e-10
-47.86,1.2678194475968124e-8,-2.324899179358023e-10
-47.85,1.269280557327814e-8,-2.3280937396827414e-10
-47.84,1.270743640328702e-8,-2.3312933121361795e-10
-47.83,1.2722086996893936e-8,-2.3344979026815743e-10
-47.82,1.2736757384808951e-8,-2.337707519806974e-10
-47.81,1.2751447597331062e-8,-2.340922172463113e-10
-47.8,1.276615766518803e-8,-2.344141869118809e-10
-47.79,1.2780887618831233e-8,-2.34736662026733e-10
-47.78,1.2795637489077204e-8,-2.350596433008616e-10
-47.77,1.2810407306688732e-8,-2.353831316710871e-10
-47.76,1.2825197102142968e-8,-2.3570712806241585e-10
-47.75,1.2840006906625581e-8,-2.360316334033963e-10
-47.74,1.2854836750908607e-8,-2.363566484965535e-10
-47.73,1.2869686665882393e-8,-2.366821742911124e-10
-47.72,1.2884556682625243e-8,-2.370082115894934e-10
-47.71,1.2899446832045584e-8,-2.373347614636994e-10
-47.7,1.2914357145359012e-8,-2.3766182463668345e-10
-47.69,1.2929287653657564e-8,-2.379894022224561e-10
-47.68,1.294423838825804e-8,-2.3831749488121926e-10
-47.67,1.2959209380495785e-8,-2.3864610351023786e-10
-47.66,1.2974200661159467e-8,-2.389752295143227e-10
-47.65,1.2989212262284928e-8,-2.3930487323769196e-10
-47.64,1.3004244214956906e-8,-2.3963503581506404e-10
-47.63,1.301929655069715e-8,-2.3996571819685226e-10
-47.62,1.3034369301091804e-8,-2.4029692112152344e-10
-47.61,1.3049462497616904e-8,-2.4062864562787753e-10
-47.6,1.3064576172077511e-8,-2.409608926755034e-10
-47.59,1.3079710356035429e-8,-2.4129366313483784e-10
-47.58,1.3094865081366234e-8,-2.416269578564273e-10
-47.57,1.3110040379724082e-8,-2.4196077795494774e-10
-47.56,1.3125236283097372e-8,-2.422951241677639e-10
-47.55,1.314045282330299e-8,-2.4262999750282473e-10
-47.54,1.3155690032456758e-8,-2.4296539892357143e-10
-47.53,1.3170947942440244e-8,-2.433013292542109e-10
-47.52,1.3186226585464876e-8,-2.436377895855729e-10
-47.51,1.3201525993588645e-8,-2.4397478067414897e-10
-47.5,1.3216846199043098e-8,-2.4431230359549115e-10
-47.49,1.3232187233995564e-8,-2.4465035917959444e-10
-47.48,1.324754913076063e-8,-2.4498894846021464e-10
-47.47,1.3262931921945379e-8,-2.4532807238770037e-10
-47.46,1.3278335639709372e-8,-2.456677317763968e-10
-47.45,1.3293760316584165e-8,-2.460079277754006e-10
-47.44,1.33092059851229e-8,-2.4634866103830157e-10
-47.43,1.33246726779681e-8,-2.466899328069872e-10
-47.42,1.3340160427641043e-8,-2.4703174395012457e-10
-47.41,1.3355669266969773e-8,-2.473740953122152e-10
-47.4,1.337119922863436e-8,-2.477169879806422e-10
-47.39,1.3386750346227238e-8,-2.4806042252870057e-10
-47.38,1.3402322650317618e-8,-2.48404400825472e-10
-47.37,1.3417916176193024e-8,-2.4874892301279336e-10
-47.36,1.3433530956057717e-8,-2.490939902589106e-10
-47.35,1.3449167022869204e-8,-2.4943960357270773e-10
-47.34,1.346482440977737e-8,-2.497857638121101e-10
-47.33,1.3480503150012487e-8,-2.5013247210400315e-10
-47.32,1.3496203276652085e-8,-2.5047972939322547e-10
-47.31,1.3511924823210208e-8,-2.5082753658531396e-10
-47.3,1.3527667822707493e-8,-2.511758946922057e-10
-47.29,1.354343230875895e-8,-2.5152480464654617e-10
-47.28,1.3559218314710047e-8,-2.5187426754609755e-10
-47.27,1.3575025874154463e-8,-2.52224284195886e-10
-47.26,1.359085502056857e-8,-2.5257485565211466e-10
-47.25,1.3606705787652736e-8,-2.529259829988405e-10
-47.24,1.3622578209044603e-8,-2.532776670455718e-10
-47.23,1.3638472318395447e-8,-2.5362990898915577e-10
-47.22,1.3654388149722636e-8,-2.539827095920317e-10
-47.21,1.3670325736773944e-8,-2.5433607002883013e-10
-47.2,1.3686285113264112e-8,-2.5468999116821486e-10
-47.19,1.370226631358128e-8,-2.5504447401993584e-10
-47.18,1.3718269371393855e-8,-2.553995196541593e-10
-47.17,1.3734294321053072e-8,-2.557551290149215e-10
-47.16,1.3750341196527809e-8,-2.5611130316228326e-10
-47.15,1.3766410032151308e-8,-2.564680430351011e-10
-47.14,1.3782500862105973e-8,-2.5682534970864755e-10
-47.13,1.3798613720840734e-8,-2.571832240492063e-10
-47.12,1.3814748642638192e-8,-2.5754166717319837e-10
-47.11,1.383090566199009e-8,-2.5790068018652405e-10
-47.1,1.3847084813569706e-8,-2.582602638644457e-10
-47.09,1.386328613164351e-8,-2.586204193157757e-10
-47.08,1.3879509651044498e-8,-2.589811477046823e-10
-47.07,1.3895755406411749e-8,-2.593424498385394e-10
-47.06,1.3912023432524532e-8,-2.5970432692664424e-10
-47.05,1.3928313764154178e-8,-2.600667797864437e-10
-47.04,1.3944626436326214e-8,-2.6042980965440397e-10
-47.03,1.396096148380049e-8,-2.6079341743160975e-10
-47.02,1.3977318941617019e-8,-2.611576042457749e-10
-47.01,1.3993698844920549e-8,-2.615223709249768e-10
-47.0,1.4010101228741307e-8,-2.618877186489817e-10
-46.99,1.4026526128301576e-8,-2.622536484511378e-10
-46.98,1.4042973578853323e-8,-2.626201614324341e-10
-46.97,1.405944361572689e-8,-2.6298725846890356e-10
-46.96,1.407593627416538e-8,-2.6335494070795065e-10
-46.95,1.4092451589808812e-8,-2.637232091395192e-10
-46.94,1.4108989597995451e-8,-2.640920649037748e-10
-46.93,1.4125550334250266e-8,-2.644615089515289e-10
-46.92,1.4142133834532838e-8,-2.6483154218029433e-10
-46.91,1.415874013371029e-8,-2.652021662255939e-10
-46.9,1.4175369268405327e-8,-2.6557338146646426e-10
-46.89,1.4192021274063862e-8,-2.659451892664419e-10
-46.88,1.4208696186494118e-8,-2.6631759067891943e-10
-46.87,1.42253940417501e-8,-2.666905867114522e-10
-46.86,1.4242114875755003e-8,-2.670641784472063e-10
-46.85,1.4258858724590083e-8,-2.6743836692139877e-10
-46.84,1.4275625624336274e-8,-2.678131532754012e-10
-46.83,1.429241561108409e-8,-2.681885386809204e-10
-46.82,1.4309228721527547e-8,-2.6856452373690296e-10
-46.81,1.432606499152339e-8,-2.689411100105243e-10
-46.8,1.4342924457407511e-8,-2.693182982998198e-10
-46.79,1.4359807155939916e-8,-2.696960898557168e-10
-46.78,1.4376713123626971e-8,-2.700744856061166e-10
-46.77,1.4393642396396414e-8,-2.704534868739574e-10
-46.76,1.4410595011546163e-8,-2.7083309442674193e-10
-46.75,1.4427571005695285e-8,-2.712133095931072e-10
-46.74,1.4444570415416845e-8,-2.715941333017481e-10
-46.73,1.4461593277689075e-8,-2.719755667034469e-10
-46.72,1.4478639629164297e-8,-2.7235761092495644e-10
-46.71,1.4495709507008545e-8,-2.727402669166899e-10
-46.7,1.4512802948167201e-8,-2.7312353602052034e-10
-46.69,1.4529919989716541e-8,-2.7350741914649706e-10
-46.68,1.4547060668933434e-8,-2.7389191741066246e-10
-46.67,1.456422502271162e-8,-2.7427703196193506e-10
-46.66,1.4581413088623832e-8,-2.746627639523159e-10
-46.65,1.4598624903968849e-8,-2.750491143510161e-10
-46.64,1.4615860506089775e-8,-2.7543608441861426e-10
-46.63,1.463311993245641e-8,-2.75823675084157e-10
-46.62,1.4650403220668507e-8,-2.762118876229808e-10
-46.61,1.4667710408239195e-8,-2.7660072308750117e-10
-46.6,1.4685041532948927e-8,-2.769901825699317e-10
-46.59,1.4702396632420554e-8,-2.7738026722763753e-10
-46.58,1.4719775744663662e-8,-2.777709782100841e-10
-46.57,1.4737178907354085e-8,-2.781623165676779e-10
-46.56,1.4754606158550476e-8,-2.7855428348645324e-10
-46.55,1.4772057536144105e-8,-2.789468800972136e-10
-46.54,1.4789533078318366e-8,-2.793401073711728e-10
-46.53,1.4807032823055494e-8,-2.797339667078292e-10
-46.52,1.4824556808738552e-8,-2.801284590526749e-10
-46.51,1.4842105073627318e-8,-2.8052358563213543e-10
-46.5,1.485967765606971e-8,-2.809193475079378e-10
-46.49,1.4877274594354676e-8,-2.813157459121329e-10
-46.48,1.4894895927057665e-8,-2.8171278195352663e-10
-46.47,1.4912541692598322e-8,-2.821104567503926e-10
-46.46,1.4930211929838276e-8,-2.825087714999567e-10
-46.45,1.4947906677346644e-8,-2.8290772733458494e-10
-46.44,1.4965625973690035e-8,-2.8330732529020526e-10
-46.43,1.4983369858032978e-8,-2.8370756664942415e-10
-46.42,1.500113836900279e-8,-2.8410845253743064e-10
-46.41,1.5018931545462128e-8,-2.845099842419496e-10
-46.4,1.50367494269195e-8,-2.849121627476348e-10
-46.39,1.5054592051922075e-8,-2.8531498922463054e-10
-46.38,1.5072459459963873e-8,-2.857184649534078e-10
-46.37,1.50903516901557e-8,-2.861225910667643e-10
-46.36,1.510826878184365e-8,-2.8652736854506257e-10
-46.35,1.5126210774385866e-8,-2.869327989247608e-10
-46.34,1.5144177707284846e-8,-2.873388831407379e-10
-46.33,1.5162169619870614e-8,-2.87745622392768e-10
-46.32,1.518018655192122e-8,-2.881530178862572e-10
-46.31,1.519822854290255e-8,-2.8856107085153813e-10
-46.3,1.5216295632790475e-8,-2.8896978237689877e-10
-46.29,1.5234387861241492e-8,-2.893791537138553e-10
-46.28,1.5252505267934854e-8,-2.897891860409024e-10
-46.27,1.5270647893125487e-8,-2.901998805235501e-10
-46.26,1.5288815776587645e-8,-2.90611238465104e-10
-46.25,1.5307008958540714e-8,-2.910232608656553e-10
-46.24,1.532522747911601e-8,-2.914359491103348e-10
-46.23,1.534347137837588e-8,-2.91849304314308e-10
-46.22,1.5361740696829874e-8,-2.922633277022781e-10
-46.21,1.5380035474723874e-8,-2.9267802041400745e-10
-46.2,1.5398355752347016e-8,-2.9309338384504814e-10
-46.19,1.5416701570407808e-8,-2.935094190518223e-10
-46.18,1.5435072969476363e-8,-2.939261271927315e-10
-46.17,1.5453469990275036e-8,-2.9434350952705924e-10
-46.16,1.5471892673044538e-8,-2.9476156757539284e-10
-46.15,1.54903410591571e-8,-2.951803020805939e-10
-46.14,1.5508815189137627e-8,-2.955997146083506e-10
-46.13,1.5527315104094194e-8,-2.960198062047317e-10
-46.12,1.554584084496768e-8,-2.964405781420808e-10
-46.11,1.5564392452834844e-8,-2.9686203173587004e-10
-46.1,1.5582969968879555e-8,-2.9728416812181094e-10
-46.09,1.5601573434385176e-8,-2.977069884849253e-10
-46.08,1.5620202890420753e-8,-2.981304942492088e-10
-46.07,1.5638858378622407e-8,-2.985546864898135e-10
-46.06,1.565753994028198e-8,-2.989795665318023e-10
-46.05,1.5676247617057418e-8,-2.9940513555511403e-10
-46.04,1.5694981450442913e-8,-2.9983139497557377e-10
-46.03,1.5713741482067584e-8,-3.002583458162865e-10
-46.02,1.573252775379895e-8,-3.006859893830512e-10
-46.01,1.5751340307360717e-8,-3.0111432715371e-10
-46.0,1.577017918457429e-8,-3.0154336006238224e-10
-45.99,1.5789044427591643e-8,-3.0197308959505487e-10
-45.98,1.580793607885605e-8,-3.0240351652341373e-10
-45.97,1.5826854179241337e-8,-3.028346433592033e-10
-45.96,1.584579877193281e-8,-3.032664702053296e-10
-45.95,1.5864769899065416e-8,-3.0369899854772746e-10
-45.94,1.58837676028299e-8,-3.0413222985864137e-10
-45.93,1.5902791925736648e-8,-3.0456616529811464e-10
-45.92,1.5921842910185902e-8,-3.050008062411521e-10
-45.91,1.594092059888952e-8,-3.05436153812658e-10
-45.9,1.5960025034381044e-8,-3.058722094730504e-10
-45.89,1.5979156259543138e-8,-3.0630897473831685e-10
-45.88,1.5998314316665153e-8,-3.067464500188888e-10
-45.87,1.6017499249269575e-8,-3.071846373885003e-10
-45.86,1.6036711099944816e-8,-3.0762353800178064e-10
-45.85,1.605594991177683e-8,-3.0806315305235037e-10
-45.84,1.6075215727950262e-8,-3.0850348390075403e-10
-45.83,1.609450859164769e-8,-3.089445318853069e-10
-45.82,1.6113828545961663e-8,-3.093862981029914e-10
-45.81,1.6133175634409257e-8,-3.098287840645624e-10
-45.8,1.6152549900268708e-8,-3.102719910558458e-10
-45.79,1.61719513871787e-8,-3.107159203463066e-10
-45.78,1.6191380138543883e-8,-3.1116057324664047e-10
-45.77,1.621083619808417e-8,-3.116059510514131e-10
-45.76,1.6230319609543844e-8,-3.120520551708157e-10
-45.75,1.6249830416782716e-8,-3.124988868031795e-10
-45.74,1.6269368663480434e-8,-3.1294644738115615e-10
-45.73,1.628893439383382e-8,-3.1339473819127453e-10
-45.72,1.6308527651610563e-8,-3.138437605349595e-10
-45.71,1.6328148481172756e-8,-3.1429351582322193e-10
-45.7,1.634779692652794e-8,-3.1474400532983253e-10
-45.69,1.6367473032323186e-8,-3.1519523035712836e-10
-45.68,1.6387176842442085e-8,-3.156471923431579e-10
-45.67,1.640690840159164e-8,-3.160998925325383e-10
-45.66,1.642666775408484e-8,-3.165533323818266e-10
-45.65,1.64464549447008e-8,-3.1700751315890065e-10
-45.64,1.6466270018048227e-8,-3.1746243627650336e-10
-45.63,1.6486113018834343e-8,-3.1791810306881943e-10
-45.62,1.6505983991975253e-8,-3.183745148107065e-10
-45.61,1.6525882982402e-8,-3.188316729328318e-10
-45.6,1.6545810034838472e-8,-3.1928957885215505e-10
-45.59,1.6565765194726593e-8,-3.197482338717966e-10
-45.58,1.6585748506986117e-8,-3.2020763928680514e-10
-45.57,1.660576001703093e-8,-3.2066779662536605e-10
-45.56,1.6625799770084992e-8,-3.211287071023715e-10
-45.55,1.6645867811424082e-8,-3.2159037237293464e-10
-45.54,1.666596418659257e-8,-3.220527934898075e-10
-45.53,1.668608894140681e-8,-3.2251597186598967e-10
-45.52,1.670624212112021e-8,-3.229799091135892e-10
-45.51,1.6726423771739305e-8,-3.234446064597862e-10
-45.5,1.6746633938917827e-8,-3.239100652684387e-10
-45.49,1.6766872668515883e-8,-3.2437628715791183e-10
-45.48,1.6787140006681417e-8,-3.248432732137777e-10
-45.47,1.6807435999269037e-8,-3.253110250563903e-10
-45.46,1.6827760692697482e-8,-3.257795439974804e-10
-45.45,1.684811413275056e-8,-3.26248831301742e-10
-45.44,1.6868496366267967e-8,-3.267188887328541e-10
-45.43,1.688890743925705e-8,-3.271897174063104e-10
-45.42,1.6909347398452263e-8,-3.276613190130506e-10
-45.41,1.6929816289896905e-8,-3.281336944909241e-10
-45.4,1.6950314160695643e-8,-3.28606845660549e-10
-45.39,1.6970841057542147e-8,-3.290807738705162e-10
-45.38,1.699139702706628e-8,-3.295554804564943e-10
-45.37,1.701198211623844e-8,-3.3003096700616373e-10
-45.36,1.7032596372064018e-8,-3.3050723474833543e-10
-45.35,1.7053239841550534e-8,-3.309842852639063e-10
-45.34,1.7073912571822122e-8,-3.314621199620041e-10
-45.33,1.709461461013145e-8,-3.319407401460662e-10
-45.32,1.7115346003882305e-8,-3.3242014753417803e-10
-45.31,1.713610680041916e-8,-3.32900343224353e-10
-45.3,1.7156897047111555e-8,-3.3338132889706567e-10
-45.29,1.7177716791637673e-8,-3.338631059894542e-10
-45.28,1.7198566081645246e-8,-3.3434567597313126e-10
-45.27,1.721944496481883e-8,-3.348290401265306e-10
-45.26,1.7240353489058938e-8,-3.3531320007956153e-10
-45.25,1.726129170222692e-8,-3.3579815730773855e-10
-45.24,1.7282259652377426e-8,-3.362839131490038e-10
-45.23,1.730325738749863e-8,-3.3677046903175525e-10
-45.22,1.7324284955947472e-8,-3.372578267241562e-10
-45.21,1.734534240563912e-8,-3.3774598745805916e-10
-45.2,1.7366429785267668e-8,-3.3823495277711023e-10
-45.19,1.738754714323216e-8,-3.387247240385972e-10
-45.18,1.7408694527883286e-8,-3.3921530288872924e-10
-45.17,1.742987198786607e-8,-3.397066907834467e-10
-45.16,1.7451079572043834e-8,-3.401988891642963e-10
-45.15,1.7472317328927296e-8,-3.4069189962925804e-10
-45.14,1.7493585307637507e-8,-3.411857235010824e-10
-45.13,1.7514883557075385e-8,-3.416803623888663e-10
-45.12,1.75362121261671e-8,-3.421758177183503e-10
-45.11,1.7557571064223275e-8,-3.4267209117704717e-10
-45.1,1.7578960420322258e-8,-3.4316918398256485e-10
-45.09,1.7600380243836328e-8,-3.436670979011814e-10
-45.08,1.762183058424493e-8,-3.441658343226403e-10
-45.07,1.764331149096558e-8,-3.446653947616111e-10
-45.06,1.7664823013557086e-8,-3.4516578087334083e-10
-45.05,1.7686365201827015e-8,-3.4566699402302237e-10
-45.04,1.770793810535566e-8,-3.4616903583341243e-10
-45.03,1.772954177412626e-8,-3.4667190766494583e-10
-45.02,1.775117625808909e-8,-3.4717561118015116e-10
-45.01,1.777284160717514e-8,-3.4768014808538007e-10
-45.0,1.779453787157633e-8,-3.481855196647759e-10
-44.99,1.7816265101557567e-8,-3.4869172744653467e-10
-44.98,1.783802334740454e-8,-3.491987731213354e-10
-44.97,1.7859812659382187e-8,-3.497066581728869e-10
-44.96,1.788163308818308e-8,-3.5021538412561273e-10
-44.95,1.7903484683926884e-8,-3.507249525303827e-10
-44.94,1.7925367498296375e-8,-3.512353651527069e-10
-44.93,1.7947281581090723e-8,-3.5174662334680614e-10
-44.92,1.7969226983530794e-8,-3.5225872860450563e-10
-44.91,1.7991203756510358e-8,-3.527716826240771e-10
-44.9,1.8013211951100545e-8,-3.532854869371331e-10
-44.89,1.8035251618433756e-8,-3.538001431534778e-10
-44.88,1.8057322809701854e-8,-3.5431565284682105e-10
-44.87,1.807942557631124e-8,-3.5483201752809017e-10
-44.86,1.810155996957984e-8,-3.5534923896115415e-10
-44.85,1.8123726040999498e-8,-3.5586731845462673e-10
-44.84,1.8145923842254094e-8,-3.5638625781024006e-10
-44.83,1.816815342504827e-8,-3.5690605846514713e-10
-44.82,1.8190414841038133e-8,-3.574267221704629e-10
-44.81,1.821270814235974e-8,-3.5794825034629177e-10
-44.8,1.8235033380681195e-8,-3.584706448813708e-10
-44.79,1.8257390608352736e-8,-3.5899390708906143e-10
-44.78,1.827977987735848e-8,-3.595180386761228e-10
-44.77,1.8302201240070196e-8,-3.60043041323422e-10
-44.76,1.832465474859524e-8,-3.605689166673457e-10
-44.75,1.834714045582972e-8,-3.6109566607122303e-10
-44.74,1.8369658413927126e-8,-3.6162329133418273e-10
-44.73,1.8392208675737812e-8,-3.621517942055038e-10
-44.72,1.8414791293877726e-8,-3.626811761986546e-10
-44.71,1.8437406321350746e-8,-3.6321143888861753e-10
-44.7,1.846005381095278e-8,-3.637425838871619e-10
-44.69,1.8482733815606167e-8,-3.6427461296986635e-10
-44.68,1.850544638872847e-8,-3.648075277485629e-10
-44.67,1.852819158341437e-8,-3.6534132958581074e-10
-44.66,1.855096945276454e-8,-3.6587602069149754e-10
-44.65,1.8573780050337144e-8,-3.6641160234995857e-10
-44.64,1.8596623429795416e-8,-3.6694807628366e-10
-44.63,1.8619499644628277e-8,-3.6748544399585683e-10
-44.62,1.8642408748505843e-8,-3.6802370735643216e-10
-44.61,1.8665350795410952e-8,-3.685628680073784e-10
-44.6,1.8688325839025676e-8,-3.691029274394791e-10
-44.59,1.8711333933443736e-8,-3.696438876191517e-10
-44.58,1.8734375132771393e-8,-3.7018574995576784e-10
-44.57,1.8757449491232203e-8,-3.7072851611017815e-10
-44.56,1.8780557062999226e-8,-3.7127218816772136e-10
-44.55,1.8803697902689527e-8,-3.7181676735212894e-10
-44.54,1.882687206461832e-8,-3.7236225557849353e-10
-44.53,1.885007960341934e-8,-3.7290865445661933e-10
-44.52,1.8873320573836736e-8,-3.734559658422032e-10
-44.51,1.889659503063001e-8,-3.7400419116557576e-10
-44.5,1.8919903028711967e-8,-3.7455333223790133e-10
-44.49,1.8943244623036482e-8,-3.75103390966678e-10
-44.48,1.896661986874491e-8,-3.7565436871546375e-10
-44.47,1.8990028821055362e-8,-3.762062676530131e-10
-44.46,1.90134715353159e-8,-3.767590889932196e-10
-44.45,1.9036948066802038e-8,-3.7731283474576053e-10
-44.44,1.9060458471048992e-8,-3.7786750655857067e-10
-44.43,1.9084002803660795e-8,-3.784231062187599e-10
-44.42,1.910758112029129e-8,-3.7897963542706533e-10
-44.41,1.9131193476881554e-8,-3.79537095861921e-10
-44.4,1.9154839929300976e-8,-3.800954893547623e-10
-44.39,1.917852053383521e-8,-3.806548173999619e-10
-44.38,1.9202235345646208e-8,-3.81215082253713e-10
-44.37,1.922598442190136e-8,-3.817762851682144e-10
-44.36,1.924976781865508e-8,-3.8233842816652717e-10
-44.35,1.927358559232148e-8,-3.829015127871187e-10
-44.34,1.929743779904681e-8,-3.8346554094504284e-10
-44.33,1.9321324496426276e-8,-3.840305145811764e-10
-44.32,1.9345245740322186e-8,-3.8459643507169576e-10
-44.31,1.9369201587743772e-8,-3.8516330442758505e-10
-44.3,1.9393192095777518e-8,-3.857311243504893e-10
-44.29,1.9417217321462805e-8,-3.8629989670649113e-10
-44.28,1.9441277321842454e-8,-3.8686962315497857e-10
-44.27,1.9465372154292655e-8,-3.874403054674454e-10
-44.26,1.9489501875993415e-8,-3.880119455845032e-10
-44.25,1.9513666544582047e-8,-3.885845451641122e-10
-44.24,1.9537866217679278e-8,-3.891581060447352e-10
-44.23,1.9562100952767583e-8,-3.897326301586082e-10
-44.22,1.9586370807791575e-8,-3.9030811901573553e-10
-44.21,1.961067584054469e-8,-3.908845746893425e-10
-44.2,1.9635016109183545e-8,-3.914619988966926e-10
-44.19,1.9659391671475654e-8,-3.920403933688173e-10
-44.18,1.9683802585983824e-8,-3.926197600337487e-10
-44.17,1.9708248910809767e-8,-3.9320010073471426e-10
-44.16,1.9732730704552025e-8,-3.937814172615979e-10
-44.15,1.9757248025506064e-8,-3.9436371132380735e-10
-44.14,1.9781800932561828e-8,-3.9494698495076034e-10
-44.13,1.9806389484273664e-8,-3.9553123983158734e-10
-44.12,1.9831013739583213e-8,-3.961164778889885e-10
-44.11,1.9855673757488337e-8,-3.96702700959097e-10
-44.1,1.9880369597001836e-8,-3.972899107952408e-10
-44.09,1.99051013173858e-8,-3.9787810944518435e-10
-44.08,1.9929868977708447e-8,-3.9846729856494466e-10
-44.07,1.995467263760878e-8,-3.990574801921184e-10
-44.06,1.997951235653972e-8,-3.996486559827614e-10
-44.05,2.0004388194080543e-8,-4.0024082797572364e-10
-44.04,2.0029300209950695e-8,-4.008339979869404e-10
-44.03,2.0054248464065468e-8,-4.014281678615525e-10
-44.02,2.0079233016243288e-8,-4.020233394915753e-10
-44.01,2.0104253927004822e-8,-4.0261951474269013e-10
-44.0,2.0129311255418508e-8,-4.0321669569075153e-10
-43.99,2.0154405062843875e-8,-4.038148839216862e-10
-43.98,2.0179535409257478e-8,-4.0441408168849295e-10
-43.97,2.0204702355269407e-8,-4.050142903910569e-10
-43.96,2.022990596133481e-8,-4.056155123643841e-10
-43.95,2.0255146288414313e-8,-4.0621774935535734e-10
-43.94,2.0280423397118705e-8,-4.0682100330148644e-10
-43.93,2.0305737348538274e-8,-4.0742527610038e-10
-43.92,2.0331088203729294e-8,-4.0803056978423365e-10
-43.91,2.0356476023823096e-8,-4.086368858837649e-10
-43.9,2.038190087001532e-8,-4.0924422682069115e-10
-43.89,2.040736280390399e-8,-4.098525942470434e-10
-43.88,2.04328618868977e-8,-4.1046199019815563e-10
-43.87,2.045839818061042e-8,-4.110724164666166e-10
-43.86,2.0483971746809025e-8,-4.116838752847419e-10
-43.85,2.05095826474185e-8,-4.1229636833515206e-10
-43.84,2.0535230944331912e-8,-4.129098976364457e-10
-43.83,2.0560916699759565e-8,-4.135244651399521e-10
-43.82,2.0586639975572187e-8,-4.141400729367024e-10
-43.81,2.0612400834393e-8,-4.147567227600163e-10
-43.8,2.0638199338669633e-8,-4.153744166800412e-10
-43.79,2.066403555081928e-8,-4.159931567482905e-10
-43.78,2.0689909533518842e-8,-4.166129448184248e-10
-43.77,2.0715821349507133e-8,-4.1723378302387e-10
-43.76,2.0741771061899154e-8,-4.178556730905841e-10
-43.75,2.07677587334938e-8,-4.184786172601771e-10
-43.74,2.0793784427431875e-8,-4.1910261741363816e-10
-43.73,2.0819848207072826e-8,-4.19727675419981e-10
-43.72,2.08459501356503e-8,-4.2035379364070103e-10
-43.71,2.0872090276719644e-8,-4.2098097371177283e-10
-43.7,2.089826869382881e-8,-4.2160921776556306e-10
-43.69,2.0924485450934747e-8,-4.2223852788049743e-10
-43.68,2.095074061145991e-8,-4.228689060365024e-10
-43.67,2.0977034239704773e-8,-4.235003542048008e-10
-43.66,2.100336639965747e-8,-4.241328744549406e-10
-43.65,2.102973715508574e-8,-4.247664687744749e-10
-43.64,2.1056146571108107e-8,-4.254011392306091e-10
-43.63,2.1082594711393032e-8,-4.260368878985398e-10
-43.62,2.1109081640997685e-8,-4.266737167625959e-10
-43.61,2.1135607424348345e-8,-4.2731162781334807e-10
-43.6,2.116217212639299e-8,-4.279506232335086e-10
-43.59,2.118877581182153e-8,-4.2859070496760177e-10
-43.58,2.121541854570874e-8,-4.292318751804543e-10
-43.57,2.1242100393523558e-8,-4.2987413575166414e-10
-43.56,2.1268821420080977e-8,-4.305174889808717e-10
-43.55,2.1295581691045652e-8,-4.3116193679538024e-10
-43.54,2.132238127152638e-8,-4.318074814241038e-10
-43.53,2.134922022823389e-8,-4.3245412455642307e-10
-43.52,2.1376098625884705e-8,-4.331018687243469e-10
-43.51,2.1403016530519868e-8,-4.337507157939815e-10
-43.5,2.142997400839332e-8,-4.3440066788257775e-10
-43.49,2.1456971125488013e-8,-4.35051727173648e-10
-43.48,2.1484007948105317e-8,-4.3570389557592614e-10
-43.47,2.1511084542597994e-8,-4.363571754125658e-10
-43.46,2.1538200975549115e-8,-4.370115686423443e-10
-43.45,2.1565357313731864e-8,-4.3766707704177245e-10
-43.44,2.1592553623112806e-8,-4.3832370398468486e-10
-43.43,2.1619789971349918e-8,-4.389814503148316e-10
-43.42,2.1647066425196242e-8,-4.3964031854077774e-10
-43.41,2.1674383051690023e-8,-4.4030031082920044e-10
-43.4,2.1701739918322364e-8,-4.4096142937057703e-10
-43.39,2.1729137092150987e-8,-4.4162367624212745e-10
-43.38,2.175657464094719e-8,-4.422870536011334e-10
-43.37,2.17840526321069e-8,-4.429515635334879e-10
-43.36,2.1811571133435832e-8,-4.436172083627803e-10
-43.35,2.1839130212853606e-8,-4.442839900815419e-10
-43.34,2.1866729938371646e-8,-4.449519109337619e-10
-43.33,2.1894370378051245e-8,-4.456209730605016e-10
-43.32,2.192205160018829e-8,-4.4629117861324494e-10
-43.31,2.194977367315594e-8,-4.469625299054174e-10
-43.3,2.1977536665401695e-8,-4.476350289167642e-10
-43.29,2.200534064558259e-8,-4.483086779573159e-10
-43.28,2.2033185682601812e-8,-4.4898347918398315e-10
-43.27,2.2061071845241636e-8,-4.4965943479127885e-10
-43.26,2.2088999202479623e-8,-4.503365471127896e-10
-43.25,2.211696782347626e-8,-4.510148179984358e-10
-43.24,2.2144977777588528e-8,-4.516942499695473e-10
-43.23,2.21730291340917e-8,-4.523748452063126e-10
-43.22,2.22011219629033e-8,-4.530566058457877e-10
-43.21,2.2229256333154746e-8,-4.5373953410321377e-10
-43.2,2.225743231489774e-8,-4.544236323199338e-10
-43.19,2.2285649978123282e-8,-4.551089026257995e-10
-43.18,2.231390939285499e-8,-4.5579534722239e-10
-43.17,2.234221062914754e-8,-4.5648296846046975e-10
-43.16,2.2370553757519788e-8,-4.5717176853640023e-10
-43.15,2.2398938848391007e-8,-4.5786174978282533e-10
-43.14,2.2427365972158616e-8,-4.5855291433504754e-10
-43.13,2.245583519977082e-8,-4.592452643743122e-10
-43.12,2.248434660192659e-8,-4.5993880242118133e-10
-43.11,2.2512900249808746e-8,-4.606335304969991e-10
-43.1,2.2541496214338652e-8,-4.613294510556431e-10
-43.09,2.2570134566731844e-8,-4.620265663136552e-10
-43.08,2.2598815378536873e-8,-4.6272487859616454e-10
-43.07,2.2627538721051865e-8,-4.6342439007067033e-10
-43.06,2.2656304666315204e-8,-4.6412510309947685e-10
-43.05,2.2685113286024432e-8,-4.6482702005315814e-10
-43.04,2.2713964651594993e-8,-4.6553014308745577e-10
-43.03,2.2742858835471578e-8,-4.66234474667002e-10
-43.02,2.277179590990084e-8,-4.669400170179329e-10
-43.01,2.2800775947010967e-8,-4.676467724228617e-10
-43.0,2.282979901955452e-8,-4.683547433892297e-10
-42.99,2.285886519980851e-8,-4.690639320162473e-10
-42.98,2.2887974560801203e-8,-4.697743405498812e-10
-42.97,2.2917127175082127e-8,-4.704859718453724e-10
-42.96,2.2946323115855796e-8,-4.711988277333194e-10
-42.95,2.2975562456320554e-8,-4.719129107674322e-10
-42.94,2.300484526961395e-8,-4.726282232764013e-10
-42.93,2.3034171629253217e-8,-4.733447676180896e-10
-42.92,2.3063541608749387e-8,-4.740625461103877e-10
-42.91,2.3092955281875018e-8,-4.747815611404521e-10
-42.9,2.312241272217313e-8,-4.755018151010326e-10
-42.89,2.315191400401652e-8,-4.762233104839801e-10
-42.88,2.318145920158482e-8,-4.769460493143247e-10
-42.87,2.321104838851027e-8,-4.776700344066815e-10
-42.86,2.3240681639683365e-8,-4.783952678674776e-10
-42.85,2.327035902965028e-8,-4.791217522461889e-10
-42.84,2.3300080632907286e-8,-4.798494898086244e-10
-42.83,2.3329846524230876e-8,-4.805784831004462e-10
-42.82,2.335965677868159e-8,-4.813087344355632e-10
-42.81,2.338951147145354e-8,-4.820402463819039e-10
-42.8,2.3419410677569962e-8,-4.827730211113271e-10
-42.79,2.344935447251969e-8,-4.835070612311037e-10
-42.78,2.347934293163557e-8,-4.842423692116921e-10
-42.77,2.350937613111262e-8,-4.849789472916566e-10
-42.76,2.3539454146212057e-8,-4.857167980635689e-10
-42.75,2.3569577053078806e-8,-4.864559240145259e-10
-42.74,2.3599744927754033e-8,-4.871963274508117e-10
-42.73,2.36299578465491e-8,-4.879380108434557e-10
-42.72,2.366021588588058e-8,-4.886809768832553e-10
-42.71,2.3690519122090544e-8,-4.894252277723764e-10
-42.7,2.3720867631945615e-8,-4.901707660376271e-10
-42.69,2.375126149242749e-8,-4.909175943269724e-10
-42.68,2.3781700780225478e-8,-4.91665715004295e-10
-42.67,2.3812185572503e-8,-4.924151304478155e-10
-42.66,2.384271594667296e-8,-4.931658433495499e-10
-42.65,2.38732919799163e-8,-4.939178561469591e-10
-42.64,2.3903913749996905e-8,-4.946711712793335e-10
-42.63,2.393458133430586e-8,-4.954257913394389e-10
-42.62,2.3965294810996067e-8,-4.961817187260105e-10
-42.61,2.3996054257877135e-8,-4.969389560905395e-10
-42.6,2.4026859753069573e-8,-4.976975059197279e-10
-42.59,2.4057711374877052e-8,-4.984573707765196e-10
-42.58,2.4088609201735914e-8,-4.992185531354626e-10
-42.57,2.411955331218958e-8,-4.999810554717191e-10
-42.56,2.4150543784969936e-8,-5.007448805070429e-10
-42.55,2.4181580698960606e-8,-5.015100306843544e-10
-42.54,2.4212664133233814e-8,-5.022765085962147e-10
-42.53,2.4243794166848946e-8,-5.030443168033224e-10
-42.52,2.4274970879185267e-8,-5.038134578571569e-10
-42.51,2.430619434989189e-8,-5.045839342795748e-10
-42.5,2.4337464658087522e-8,-5.053557488519519e-10
-42.49,2.436878188401443e-8,-5.06128903971393e-10
-42.48,2.4400146107501458e-8,-5.069034022950575e-10
-42.47,2.4431557408389452e-8,-5.076792464031969e-10
-42.46,2.4463015867176542e-8,-5.084564388450843e-10
-42.45,2.4494521564109035e-8,-5.092349823242925e-10
-42.44,2.452607457996599e-8,-5.100148793479585e-10
-42.43,2.4557674994773188e-8,-5.107961328158972e-10
-42.42,2.458932289006308e-8,-5.115787449578482e-10
-42.41,2.46210183465061e-8,-5.123627185608567e-10
-42.4,2.4652761445245723e-8,-5.131480564293759e-10
-42.39,2.4684552267674192e-8,-5.139347610023683e-10
-42.38,2.4716390895264326e-8,-5.147228349595593e-10
-42.37,2.4748277409433595e-8,-5.155122810150501e-10
-42.36,2.4780211892117522e-8,-5.163031017406087e-10
-42.35,2.4812194425185552e-8,-5.170952998904637e-10
-42.34,2.4844225090686355e-8,-5.17888878108048e-10
-42.33,2.4876303970872123e-8,-5.186838390417013e-10
-42.32,2.49084311481439e-8,-5.194801854043902e-10
-42.31,2.4940606704936588e-8,-5.202779198573507e-10
-42.3,2.4972830724020907e-8,-5.210770450292707e-10
-42.29,2.500510328824883e-8,-5.218775637522621e-10
-42.28,2.503742448067562e-8,-5.22679478662213e-10
-42.27,2.5069794384404472e-8,-5.234827924783143e-10
-42.26,2.510221308271615e-8,-5.242875078893813e-10
-42.25,2.5134680659204976e-8,-5.250936276750495e-10
-42.24,2.5167197197627318e-8,-5.259011545367154e-10
-42.23,2.5199762781611e-8,-5.267100911959106e-10
-42.22,2.523237749476021e-8,-5.27520440327158e-10
-42.21,2.526504142183398e-8,-5.283322046963969e-10
-42.2,2.529775464688269e-8,-5.291453871153474e-10
-42.19,2.5330517254310696e-8,-5.299599903935187e-10
-42.18,2.5363329328712687e-8,-5.307760171420262e-10
-42.17,2.5396190954886412e-8,-5.315934703052533e-10
-42.16,2.5429102217766008e-8,-5.324123524656191e-10
-42.15,2.5462063202483137e-8,-5.332326664910129e-10
-42.14,2.5495073994149317e-8,-5.340544152002149e-10
-42.13,2.5528134678274776e-8,-5.34877601321208e-10
-42.12,2.5561245340417868e-8,-5.357022277347392e-10
-42.11,2.5594406066347116e-8,-5.365282970817157e-10
-42.1,2.5627616941971252e-8,-5.373558123410148e-10
-42.09,2.5660878053293653e-8,-5.38184776311471e-10
-42.08,2.569418948655144e-8,-5.390151916719043e-10
-42.07,2.5727551328225085e-8,-5.398470614687566e-10
-42.06,2.5760963664766975e-8,-5.406803882659658e-10
-42.05,2.5794426582971054e-8,-5.415151751992245e-10
-42.04,2.5827940169722042e-8,-5.423514250687649e-10
-42.03,2.5861504512071734e-8,-5.431891402473309e-10
-42.02,2.5895119697248382e-8,-5.440283241437689e-10
-42.01,2.5928785812489333e-8,-5.448689795237398e-10
-42.0,2.5962502945794453e-8,-5.457111089956581e-10
-41.99,2.5996271184398156e-8,-5.465547157849733e-10
-41.98,2.6030090616492295e-8,-5.47399802476518e-10
-41.97,2.6063961329936133e-8,-5.482463722000852e-10
-41.96,2.609788341310638e-8,-5.490944276415953e-10
-41.95,2.613185695415014e-8,-5.499439717028601e-10
-41.94,2.6165882042263096e-8,-5.507950076260886e-10
-41.93,2.619995876547815e-8,-5.516475379759827e-10
-41.92,2.6234087212953877e-8,-5.525015657196191e-10
-41.91,2.6268267473875282e-8,-5.533570938590993e-10
-41.9,2.6302499637380788e-8,-5.542141253461535e-10
-41.89,2.633678379294099e-8,-5.550726630334581e-10
-41.88,2.6371120030075533e-8,-5.559327098882993e-10
-41.87,2.6405508438618205e-8,-5.567942689994448e-10
-41.86,2.643994910842513e-8,-5.576573430362819e-10
-41.85,2.6474442129635773e-8,-5.585219352507516e-10
-41.84,2.6508987592619734e-8,-5.593880484619145e-10
-41.83,2.6543585587784534e-8,-5.602556855316594e-10
-41.82,2.657823620552646e-8,-5.611248497233958e-10
-41.81,2.661293953681149e-8,-5.619955440405302e-10
-41.8,2.6647695672776188e-8,-5.62867771104777e-10
-41.79,2.6682504704397144e-8,-5.637415341401318e-10
-41.78,2.67173667230295e-8,-5.646168361407671e-10
-41.77,2.6752281820128326e-8,-5.654936802183748e-10
-41.76,2.6787250087384803e-8,-5.663720693012239e-10
-41.75,2.6822271616713023e-8,-5.6725200622997e-10
-41.74,2.6857346500032118e-8,-5.681334944393303e-10
-41.73,2.6892474829587936e-8,-5.690165366828173e-10
-41.72,2.6927656697823922e-8,-5.699011360945812e-10
-41.71,2.696289219718069e-8,-5.707872955891835e-10
-41.7,2.6998181420511763e-8,-5.716750185565304e-10
-41.69,2.7033524460588915e-8,-5.725643077439831e-10
-41.68,2.706892141057663e-8,-5.73455166314914e-10
-41.67,2.7104372363753977e-8,-5.743475974100302e-10
-41.66,2.7139877413547767e-8,-5.752416040924878e-10
-41.65,2.717543665367098e-8,-5.761371893253239e-10
-41.64,2.7211050177847343e-8,-5.770343564066855e-10
-41.63,2.7246718080026004e-8,-5.779331083183818e-10
-41.62,2.72824404543915e-8,-5.788334481611989e-10
-41.61,2.731821739539517e-8,-5.797353792707893e-10
-41.6,2.7354048997531922e-8,-5.806389045547844e-10
-41.59,2.7389935355363992e-8,-5.815440270872865e-10
-41.58,2.7425876564014587e-8,-5.82450750135215e-10
-41.57,2.746187271818062e-8,-5.833590768081628e-10
-41.56,2.749792391382117e-8,-5.8426901046316e-10
-41.55,2.7534030245796825e-8,-5.85180553876777e-10
-41.54,2.7570191810140615e-8,-5.860937103996896e-10
-41.53,2.760640870194253e-8,-5.870084833084455e-10
-41.52,2.7642681017994043e-8,-5.879248755988693e-10
-41.51,2.7679008854043794e-8,-5.888428905581316e-10
-41.5,2.771539230668041e-8,-5.897625314623489e-10
-41.49,2.775183147228714e-8,-5.90683801338904e-10
-41.48,2.7788326447743265e-8,-5.91606703432178e-10
-41.47,2.7824877329910042e-8,-5.92531241149829e-10
-41.46,2.7861484215887138e-8,-5.934574175426903e-10
-41.45,2.7898147202916278e-8,-5.943852357605608e-10
-41.44,2.7934866388689025e-8,-5.953146991062467e-10
-41.43,2.7971641870712516e-8,-5.96245810929412e-10
-41.42,2.800847374700681e-8,-5.971785743900838e-10
-41.41,2.80453621153988e-8,-5.981129927102885e-10
-41.4,2.808230707422034e-8,-5.990490693157765e-10
-41.39,2.8119308721985808e-8,-5.999868071613924e-10
-41.38,2.8156367157414057e-8,-6.009262098711885e-10
-41.37,2.819348247913111e-8,-6.018672804597767e-10
-41.36,2.823065478605297e-8,-6.028100224670356e-10
-41.35,2.8267884177635913e-8,-6.03754438976947e-10
-41.34,2.830517075314005e-8,-6.047005334369063e-10
-41.33,2.834251461220262e-8,-6.056483091187914e-10
-41.32,2.8379915854454868e-8,-6.065977691679317e-10
-41.31,2.8417374580019094e-8,-6.075489172168585e-10
-41.3,2.8454890888973523e-8,-6.085017563451419e-10
-41.29,2.8492464881861546e-8,-6.094562900968435e-10
-41.28,2.8530096658896175e-8,-6.104125217568627e-10
-41.27,2.8567786321075855e-8,-6.113704546139727e-10
-41.26,2.8605533969222997e-8,-6.123300920269832e-10
-41.25,2.8643339704487794e-8,-6.132914373873164e-10
-41.24,2.8681203628322802e-8,-6.142544940705719e-10
-41.23,2.871912584203855e-8,-6.152192654938354e-10
-41.22,2.8757106447559677e-8,-6.161857550134621e-10
-41.21,2.8795145546781553e-8,-6.171539662287461e-10
-41.2,2.8833243241555085e-8,-6.18123902175267e-10
-41.19,2.887139963449164e-8,-6.190955666166016e-10
-41.18,2.8909614828031608e-8,-6.200689626865201e-10
-41.17,2.8947888924820846e-8,-6.210440939427139e-10
-41.16,2.898622202789725e-8,-6.220209638679176e-10
-41.15,2.9024614240288612e-8,-6.229995759079869e-10
-41.14,2.9063065665278154e-8,-6.239799333466759e-10
-41.13,2.9101576406408802e-8,-6.249620398841769e-10
-41.12,2.9140146567480756e-8,-6.259458987550676e-10
-41.11,2.9178776252213752e-8,-6.269315137405382e-10
-41.1,2.9217465565052445e-8,-6.279188881063515e-10
-41.09,2.9256214609726022e-8,-6.289080250681819e-10
-41.08,2.9295023491277583e-8,-6.298989285858279e-10
-41.07,2.9333892314384072e-8,-6.308916020534301e-10
-41.06,2.937282118386592e-8,-6.318860488020466e-10
-41.05,2.9411810204763238e-8,-6.328822725206276e-10
-41.04,2.945085948253229e-8,-6.338802768151953e-10
-41.03,2.9489969122734248e-8,-6.348800648833162e-10
-41.02,2.9529139230979195e-8,-6.358816405841242e-10
-41.01,2.9568369913494255e-8,-6.368850074834507e-10
-41.0,2.9607661276122167e-8,-6.378901687716258e-10
-40.99,2.964701342529319e-8,-6.388971283190425e-10
-40.98,2.9686426467694875e-8,-6.39905889632596e-10
-40.97,2.9725900510124374e-8,-6.409164563729201e-10
-40.96,2.976543565941656e-8,-6.419288320312416e-10
-40.95,2.9805032022935414e-8,-6.429430202032034e-10
-40.94,2.984468970791007e-8,-6.439590244343271e-10
-40.93,2.988440882206686e-8,-6.449768484316665e-10
-40.92,2.992418947324838e-8,-6.459964958761069e-10
-40.91,2.996403176929231e-8,-6.470179703267741e-10
-40.9,3.000393581859517e-8,-6.480412753787996e-10
-40.89,3.004390172971794e-8,-6.490664147050686e-10
-40.88,3.008392961110355e-8,-6.500933919144637e-10
-40.87,3.0124019571841586e-8,-6.511222107017586e-10
-40.86,3.016417172093927e-8,-6.521528747900676e-10
-40.85,3.020438616757303e-8,-6.531853878177736e-10
-40.84,3.024466302136691e-8,-6.54219753420063e-10
-40.83,3.02850023919623e-8,-6.552559753172414e-10
-40.82,3.0325404389781625e-8,-6.562940571839631e-10
-40.81,3.0365869124081535e-8,-6.573340028817215e-10
-40.8,3.040639670590649e-8,-6.58375815880655e-10
-40.79,3.0446987245583055e-8,-6.594195001139283e-10
-40.78,3.048764085422917e-8,-6.60465059205626e-10
-40.77,3.052835764244505e-8,-6.615124968418167e-10
-40.76,3.0569137721679914e-8,-6.625618169293909e-10
-40.75,3.060998120354915e-8,-6.63613023046417e-10
-40.74,3.0650888199387716e-8,-6.646661191080899e-10
-40.73,3.069185882139317e-8,-6.657211087864217e-10
-40.72,3.073289318132472e-8,-6.66777995929524e-10
-40.71,3.0773991391800994e-8,-6.678367843522872e-10
-40.7,3.0815153565344406e-8,-6.688974777129596e-10
-40.69,3.085637981456119e-8,-6.699600799663123e-10
-40.68,3.089767025257595e-8,-6.71024594793673e-10
-40.67,3.0939024992502086e-8,-6.720910262002871e-10
-40.66,3.0980444147937354e-8,-6.73159377734401e-10
-40.65,3.1021927832399683e-8,-6.74229653538371e-10
-40.64,3.106347615979046e-8,-6.753018573444462e-10
-40.63,3.110508924427444e-8,-6.763759928119901e-10
-40.62,3.1146767200012414e-8,-6.774520641110331e-10
-40.61,3.118851014157196e-8,-6.785300749212982e-10
-40.6,3.1230318183989444e-8,-6.796100292134873e-10
-40.59,3.1272191442056564e-8,-6.80691930874969e-10
-40.58,3.131413003093924e-8,-6.81775783772655e-10
-40.57,3.1356134066104426e-8,-6.82861591863087e-10
-40.56,3.139820366334368e-8,-6.839493588163723e-10
-40.55,3.144033893851452e-8,-6.85039088847214e-10
-40.54,3.1482540007512584e-8,-6.86130785969533e-10
-40.53,3.152480698722103e-8,-6.872244537282426e-10
-40.52,3.156713999383558e-8,-6.883200962821293e-10
-40.51,3.1609539144134725e-8,-6.894177176929939e-10
-40.5,3.1652004555352274e-8,-6.905173218187905e-10
-40.49,3.169453634458744e-8,-6.916189126172665e-10
-40.48,3.1737134629412625e-8,-6.927224941476843e-10
-40.47,3.1779799527617514e-8,-6.938280703045409e-10
-40.46,3.182253115705723e-8,-6.949356451679671e-10
-40.45,3.186532963617392e-8,-6.960452226117425e-10
-40.44,3.190819508287051e-8,-6.971568069349651e-10
-40.43,3.195112761630344e-8,-6.982704019709328e-10
-40.42,3.1994127355271174e-8,-6.993860117365454e-10
-40.41,3.203719441876678e-8,-7.005036403320535e-10
-40.4,3.208032892623939e-8,-7.016232917271997e-10
-40.39,3.212353099725673e-8,-7.027449701648869e-10
-40.38,3.216680075163792e-8,-7.038686795040569e-10
-40.37,3.221013830951195e-8,-7.049944240042215e-10
-40.36,3.225354379106247e-8,-7.061222076554585e-10
-40.35,3.2297017316831274e-8,-7.07252034536764e-10
-40.34,3.2340559007896094e-8,-7.083839089364322e-10
-40.33,3.238416898483624e-8,-7.09517834718862e-10
-40.32,3.242784736924303e-8,-7.106538161697028e-10
-40.31,3.2471594282315013e-8,-7.117918573822881e-10
-40.3,3.251540984604012e-8,-7.129319624422122e-10
-40.29,3.255929418237515e-8,-7.140741356201188e-10
-40.28,3.260324741330144e-8,-7.152183809239863e-10
-40.27,3.264726966149612e-8,-7.163647026686115e-10
-40.26,3.269136104943261e-8,-7.175131051573691e-10
-40.25,3.273552170039552e-8,-7.18663592102233e-10
-40.24,3.277975173713039e-8,-7.198161682029768e-10
-40.23,3.282405128351398e-8,-7.209708373850064e-10
-40.22,3.2868420462827665e-8,-7.221276039622167e-10
-40.21,3.291285939911186e-8,-7.232864721778536e-10
-40.2,3.29573682164922e-8,-7.244474462231979e-10
-40.19,3.3001947039524847e-8,-7.256105303395088e-10
-40.18,3.304659599258714e-8,-7.267757288231774e-10
-40.17,3.3091315200841523e-8,-7.279430459138326e-10
-40.16,3.313610478911768e-8,-7.291124857689965e-10
-40.15,3.31809648830962e-8,-7.30284052959938e-10
-40.14,3.322589560826744e-8,-7.314577515628921e-10
-40.13,3.327089709035751e-8,-7.326335859325136e-10
-40.12,3.331596945587854e-8,-7.338115602889219e-10
-40.11,3.33611128308568e-8,-7.349916791379541e-10
-40.1,3.340632734212871e-8,-7.361739466524688e-10
-40.09,3.345161311638706e-8,-7.373583671344454e-10
-40.08,3.349697028097501e-8,-7.385449451544645e-10
-40.07,3.3542398963139537e-8,-7.397336847528054e-10
-40.06,3.358789929023057e-8,-7.409245907556601e-10
-40.05,3.3633471390683255e-8,-7.421176670927533e-10
-40.04,3.36791153922519e-8,-7.43312918407579e-10
-40.03,3.3724831423488854e-8,-7.445103490197522e-10
-40.02,3.377061961308005e-8,-7.457099633039529e-10
-40.01,3.3816480089717674e-8,-7.469117656338814e-10
-40.0,3.386241298267949e-8,-7.481157605475959e-10
-39.99,3.390841842137368e-8,-7.493219525303265e-10
-39.98,3.3954496535309953e-8,-7.505303458238201e-10
-39.97,3.400064745482619e-8,-7.517409450304053e-10
-39.96,3.4046871309698965e-8,-7.529537546061871e-10
-39.95,3.4093168230634995e-8,-7.541687790069681e-10
-39.94,3.4139538347973005e-8,-7.55386022754914e-10
-39.93,3.418598179296617e-8,-7.566054901764967e-10
-39.92,3.423249869671606e-8,-7.578271859818755e-10
-39.91,3.4279089190711e-8,-7.59051114604468e-10
-39.9,3.432575340675067e-8,-7.602772805679243e-10
-39.89,3.437249147681794e-8,-7.615056883990946e-10
-39.88,3.44193035331457e-8,-7.627363427062955e-10
-39.87,3.4466189708148684e-8,-7.639692479989322e-10
-39.86,3.4513150134745135e-8,-7.652044087306464e-10
-39.85,3.4560184945990846e-8,-7.664418296924244e-10
-39.84,3.4607294275049446e-8,-7.676815153039961e-10
-39.83,3.465447825566528e-8,-7.689234702176583e-10
-39.82,3.47017370216863e-8,-7.701676990727057e-10
-39.81,3.474907070704478e-8,-7.714142064692951e-10
-39.8,3.4796479446165804e-8,-7.726629969681541e-10
-39.79,3.48439633739086e-8,-7.739140751343673e-10
-39.78,3.4891522624824487e-8,-7.751674459919843e-10
-39.77,3.4939157334413114e-8,-7.764231136814293e-10
-39.76,3.498686763785296e-8,-7.776810833406538e-10
-39.75,3.503465367108439e-8,-7.789413593169852e-10
-39.74,3.508251556994868e-8,-7.80203946443691e-10
-39.73,3.513045347076576e-8,-7.814688493434333e-10
-39.72,3.5178467510122236e-8,-7.827360728598133e-10
-39.71,3.522655782466171e-8,-7.840056215377309e-10
-39.7,3.527472455155241e-8,-7.852775001895374e-10
-39.69,3.532296782800582e-8,-7.865517136498328e-10
-39.68,3.537128779193558e-8,-7.878282664906495e-10
-39.67,3.541968458099042e-8,-7.891071635427267e-10
-39.66,3.5468158333294185e-8,-7.903884095870857e-10
-39.65,3.5516709187552394e-8,-7.91672009465999e-10
-39.64,3.556533728218239e-8,-7.929579679084105e-10
-39.63,3.561404275638586e-8,-7.942462897240057e-10
-39.62,3.5662825749379704e-8,-7.955369796944637e-10
-39.61,3.571168640053033e-8,-7.96830042682988e-10
-39.6,3.576062485030783e-8,-7.981254832724064e-10
-39.59,3.5809641237513004e-8,-7.99423307124961e-10
-39.58,3.585873570380016e-8,-8.007235182004223e-10
-39.57,3.5907908389341987e-8,-8.020261217013622e-10
-39.56,3.595715943510876e-8,-8.033311224896425e-10
-39.55,3.600648898234452e-8,-8.046385255415599e-10
-39.54,3.605589717253257e-8,-8.059483356294241e-10
-39.53,3.610538414756649e-8,-8.072605577290939e-10
-39.52,3.6154950049340264e-8,-8.085751967249498e-10
-39.51,3.6204595020290534e-8,-8.098922577426575e-10
-39.5,3.625431920314897e-8,-8.112117451724805e-10
-39.49,3.6304122740759586e-8,-8.125336646100718e-10
-39.48,3.635400577628292e-8,-8.138580207405501e-10
-39.47,3.6403968453332096e-8,-8.151848185272057e-10
-39.46,3.645401091550232e-8,-8.165140630256922e-10
-39.45,3.650413330715689e-8,-8.178457592232373e-10
-39.44,3.655433577240823e-8,-8.191799120674786e-10
-39.43,3.660461845597513e-8,-8.205165267054163e-10
-39.42,3.665498150292002e-8,-8.218556079867381e-10
-39.41,3.670542505822466e-8,-8.231971610716298e-10
-39.4,3.6755949267696037e-8,-8.245411909735288e-10
-39.39,3.6806554277139264e-8,-8.258877028805117e-10
-39.38,3.6857240232132517e-8,-8.272367017759095e-10
-39.37,3.6908007279536444e-8,-8.285881926175963e-10
-39.36,3.695885556610839e-8,-8.299421807798418e-10
-39.35,3.700978523859168e-8,-8.312986711791904e-10
-39.34,3.706079644438333e-8,-8.326576689636263e-10
-39.33,3.7111889330992844e-8,-8.340191792686505e-10
-39.32,3.716306404605183e-8,-8.35383207314647e-10
-39.31,3.721432073848606e-8,-8.367497581710368e-10
-39.3,3.726565955594376e-8,-8.381188369919939e-10
-39.29,3.731708064767636e-8,-8.394904491190735e-10
-39.28,3.736858416232622e-8,-8.40864599730465e-10
-39.27,3.742017024962375e-8,-8.422412936723859e-10
-39.26,3.747183905905928e-8,-8.436205365963023e-10
-39.25,3.7523590740572686e-8,-8.450023334960984e-10
-39.24,3.757542544445663e-8,-8.463866896578847e-10
-39.23,3.7627343321240677e-8,-8.477736103395979e-10
-39.22,3.767934452175526e-8,-8.49163100801661e-10
-39.21,3.773142919734947e-8,-8.50555166386557e-10
-39.2,3.7783597499214236e-8,-8.519498122599734e-10
-39.19,3.7835849579304054e-8,-8.5334704375086e-10
-39.18,3.788818558968924e-8,-8.547468662099518e-10
-39.17,3.794060568270765e-8,-8.561492848970273e-10
-39.16,3.7993110010900914e-8,-8.575543053253433e-10
-39.15,3.804569872750857e-8,-8.589619325566013e-10
-39.14,3.809837198579221e-8,-8.603721721753066e-10
-39.13,3.8151129938857433e-8,-8.617850295683856e-10
-39.12,3.820397274174825e-8,-8.6320050967213e-10
-39.11,3.825690054766927e-8,-8.646186183669919e-10
-39.1,3.830991351136819e-8,-8.660393609506499e-10
-39.09,3.836301178803195e-8,-8.674627428207284e-10
-39.08,3.841619553254272e-8,-8.688887693992049e-10
-39.07,3.846946490034614e-8,-8.703174461885509e-10
-39.06,3.852282004739887e-8,-8.717487783613918e-10
-39.05,3.857626112962386e-8,-8.731827717386063e-10
-39.04,3.86297883035567e-8,-8.74619431502161e-10
-39.03,3.868340172600532e-8,-8.760587634206291e-10
-39.02,3.873710155377734e-8,-8.775007727663188e-10
-39.01,3.879088794443099e-8,-8.789454652290335e-10
-39.0,3.8844761055556085e-8,-8.803928462373201e-10
-38.99,3.889872104508896e-8,-8.818429213232639e-10
-38.98,3.895276807147418e-8,-8.832956960890828e-10
-38.97,3.900690229327512e-8,-8.847511760739562e-10
-38.96,3.9061123869393166e-8,-8.862093668830508e-10
-38.95,3.911543295924897e-8,-8.876702740411352e-10
-38.94,3.9169829722270455e-8,-8.8913390319864e-10
-38.93,3.922431431849237e-8,-8.906002599482778e-10
-38.92,3.9278886908108484e-8,-8.920693499228414e-10
-38.91,3.933354765163375e-8,-8.93541178734881e-10
-38.9,3.93882967101362e-8,-8.950157520683463e-10
-38.89,3.944313424454435e-8,-8.964930755905411e-10
-38.88,3.949806041662697e-8,-8.97973155082558e-10
-38.87,3.9553075388128705e-8,-8.994559960043013e-10
-38.86,3.9608179321260056e-8,-9.009416042312907e-10
-38.85,3.966337237873405e-8,-9.024299853608088e-10
-38.84,3.9718654722865304e-8,-9.039211452750897e-10
-38.83,3.977402651740702e-8,-9.054150895805553e-10
-38.82,3.9829487925534054e-8,-9.069118241329286e-10
-38.81,3.988503911120861e-8,-9.084113546272152e-10
-38.8,3.9940680238636105e-8,-9.099136868237747e-10
-38.79,3.9996411472210265e-8,-9.114188266385522e-10
-38.78,4.00522329770379e-8,-9.129267796625731e-10
-38.77,4.010814491755171e-8,-9.144375519889824e-10
-38.76,4.016414746001259e-8,-9.1595114922585e-10
-38.75,4.0220240770002913e-8,-9.174675773686735e-10
-38.74,4.027642501357589e-8,-9.189868421355233e-10
-38.73,4.033270035745547e-8,-9.205089495357506e-10
-38.72,4.0389066968246465e-8,-9.220339053665256e-10
-38.71,4.0445525013357075e-8,-9.235617155917184e-10
-38.7,4.050207466012651e-8,-9.250923860368111e-10
-38.69,4.0558716076482034e-8,-9.266259226820451e-10
-38.68,4.0615449430652135e-8,-9.281623314038387e-10
-38.67,4.067227489115842e-8,-9.29701618173603e-10
-38.66,4.072919262695427e-8,-9.31243789045582e-10
-38.65,4.07862028069634e-8,-9.327888501553111e-10
-38.64,4.08433056011008e-8,-9.34336807058742e-10
-38.63,4.090050117913329e-8,-9.358876660422711e-10
-38.62,4.095778971127543e-8,-9.374414330585683e-10
-38.61,4.101517136817219e-8,-9.38998114152669e-10
-38.6,4.107264632092128e-8,-9.40557715339958e-10
-38.59,4.113021474054488e-8,-9.421202428200406e-10
-38.58,4.1187876798862916e-8,-9.436857024108776e-10
-38.57,4.124563266803353e-8,-9.452541003381654e-10
-38.56,4.130348251969503e-8,-9.468254428827206e-10
-38.55,4.136142652719693e-8,-9.483997358969503e-10
-38.54,4.141946486350121e-8,-9.499769855575578e-10
-38.53,4.147759770191284e-8,-9.515571980621575e-10
-38.52,4.153582521609466e-8,-9.531403796182236e-10
-38.51,4.1594147580194175e-8,-9.54726536268784e-10
-38.5,4.165256496868707e-8,-9.563156742572883e-10
-38.49,4.171107755644313e-8,-9.57907799738948e-10
-38.48,4.176968551843026e-8,-9.595029191043727e-10
-38.47,4.182838903034627e-8,-9.611010382946617e-10
-38.46,4.188718826799609e-8,-9.627021638362007e-10
-38.45,4.194608340756635e-8,-9.643063018393385e-10
-38.44,4.200507462563262e-8,-9.659134585091353e-10
-38.43,4.206416209942267e-8,-9.67523640182413e-10
-38.42,4.2123346005932914e-8,-9.691368532256415e-10
-38.41,4.2182626522870845e-8,-9.7075310388812e-10
-38.4,4.224200382836351e-8,-9.723723984597287e-10
-38.39,4.2301478100751826e-8,-9.739947434174207e-10
-38.38,4.2361049518675103e-8,-9.756201450093626e-10
-38.37,4.2420718261687384e-8,-9.772486096467012e-10
-38.36,4.2480484508884116e-8,-9.788801436811411e-10
-38.35,4.2540348440118916e-8,-9.8051475341643e-10
-38.34,4.260031023582135e-8,-9.821524454256216e-10
-38.33,4.2660370076292924e-8,-9.8379322609397e-10
-38.32,4.272052814285305e-8,-9.854371019003043e-10
-38.31,4.278078461652631e-8,-9.870840791208905e-10
-38.3,4.284113967914677e-8,-9.887341643697792e-10
-38.29,4.290159351275832e-8,-9.903873641578415e-10
-38.28,4.2962146299695687e-8,-9.920436849218393e-10
-38.27,4.3022798222917614e-8,-9.937031331173092e-10
-38.26,4.3083549465511026e-8,-9.95365715400453e-10
-38.25,4.314440021110753e-8,-9.970314382493604e-10
-38.24,4.3205350643496913e-8,-9.987003083195257e-10
-38.23,4.326640094714979e-8,-1.0003723319046406e-9
-38.22,4.332755130669166e-8,-1.0020475160472471e-9
-38.21,4.33888019072023e-8,-1.0037258668968322e-9
-38.2,4.34501529339829e-8,-1.005407391276981e-9
-38.19,4.35116045729738e-8,-1.0070920958506128e-9
-38.18,4.3573157010398285e-8,-1.0087799872267435e-9
-38.17,4.3634810432997405e-8,-1.0104710719856935e-9
-38.16,4.369656502705435e-8,-1.012165357085345e-9
-38.15,4.375842098062531e-8,-1.0138628488747797e-9
-38.14,4.382037848114067e-8,-1.0155635541999083e-9
-38.13,4.388243771674966e-8,-1.0172674797680435e-9
-38.12,4.394459887588189e-8,-1.0189746324969694e-9
-38.11,4.4006862147562054e-8,-1.0206850188735585e-9
-38.1,4.406922772083414e-8,-1.0223986457745657e-9
-38.09,4.413169578567374e-8,-1.0241155200392746e-9
-38.08,4.419426653184244e-8,-1.025835648462506e-9
-38.07,4.4256940149885773e-8,-1.0275590377643508e-9
-38.06,4.4319716830604986e-8,-1.0292856948157826e-9
-38.05,4.4382596765083666e-8,-1.0310156265132275e-9
-38.04,4.444558014517234e-8,-1.0327488396413343e-9
-38.03,4.450866716271142e-8,-1.0344853411779273e-9
-38.02,4.457185801005439e-8,-1.0362251380167755e-9
-38.01,4.463515288005118e-8,-1.037968236958398e-9
-38.0,4.4698551965944754e-8,-1.0397146450610656e-9
-37.99,4.4762055461172814e-8,-1.0414643690775986e-9
-37.98,4.482566355979531e-8,-1.0432174161207263e-9
-37.97,4.4889376456088073e-8,-1.0449737931120206e-9
-37.96,4.495319434493571e-8,-1.0467335071173187e-9
-37.95,4.501711742142685e-8,-1.0484965650284436e-9
-37.94,4.508114588123341e-8,-1.050262973950903e-9
-37.93,4.5145279920129705e-8,-1.0520327408454217e-9
-37.92,4.5209519734652316e-8,-1.0538058728413291e-9
-37.91,4.527386552160991e-8,-1.0555823769674879e-9
-37.9,4.5338317477941905e-8,-1.0573622603113395e-9
-37.89,4.5402875801551814e-8,-1.0591455299045288e-9
-37.88,4.5467540690196114e-8,-1.0609321931161606e-9
-37.87,4.5532312342345585e-8,-1.0627222567539414e-9
-37.86,4.559719095680372e-8,-1.0645157280937565e-9
-37.85,4.566217673266617e-8,-1.0663126143954693e-9
-37.84,4.572726986981066e-8,-1.068112922762716e-9
-37.83,4.5792470568003825e-8,-1.0699166604972954e-9
-37.82,4.585777902813208e-8,-1.0717238345474004e-9
-37.81,4.59231954503489e-8,-1.0735344523760104e-9
-37.8,4.598872003643361e-8,-1.0753485211788069e-9
-37.79,4.605435298798616e-8,-1.0771660482210417e-9
-37.78,4.612009450706981e-8,-1.0789870408236288e-9
-37.77,4.618594479619065e-8,-1.0808115061608912e-9
-37.76,4.625190405825953e-8,-1.0826394516633596e-9
-37.75,4.6317972496720174e-8,-1.084470884605099e-9
-37.74,4.6384150315146954e-8,-1.0863058124545632e-9
-37.73,4.6450437717907366e-8,-1.0881442423784658e-9
-37.72,4.651683490966219e-8,-1.0899861818774465e-9
-37.71,4.658334209521412e-8,-1.0918316383054424e-9
-37.7,4.664995948007218e-8,-1.0936806191421537e-9
-37.69,4.671668727031168e-8,-1.0955331317941212e-9
-37.68,4.678352567214254e-8,-1.097389183678131e-9
-37.67,4.6850474892134035e-8,-1.0992487823029846e-9
-37.66,4.691753513756095e-8,-1.1011119350721518e-9
-37.65,4.6984706615936855e-8,-1.1029786496138473e-9
-37.64,4.7051989535417536e-8,-1.104848933391413e-9
-37.63,4.711938410433257e-8,-1.1067227937896387e-9
-37.62,4.718689053152354e-8,-1.1086002386944562e-9
-37.61,4.7254509026455844e-8,-1.110481275364483e-9
-37.6,4.73222397985879e-8,-1.11236591157716e-9
-37.59,4.739008305829198e-8,-1.1142541547470694e-9
-37.58,4.7458039016113514e-8,-1.1161460127110507e-9
-37.57,4.752610788301238e-8,-1.1180414930125161e-9
-37.56,4.759428987066202e-8,-1.1199406031814228e-9
-37.55,4.7662585190613096e-8,-1.1218433512894982e-9
-37.54,4.773099405544427e-8,-1.1237497446159493e-9
-37.53,4.779951667792417e-8,-1.1256597908754724e-9
-37.52,4.786815327136846e-8,-1.1275734980495732e-9
-37.51,4.793690404922883e-8,-1.1294908737191866e-9
-37.5,4.80057692256946e-8,-1.131411925807154e-9
-37.49,4.807474901536631e-8,-1.1333366619270928e-9
-37.48,4.8143843633157205e-8,-1.1352650899096599e-9
-37.47,4.821305329470234e-8,-1.1371972176287863e-9
-37.46,4.828237821550016e-8,-1.1391330529275108e-9
-37.45,4.835181861216729e-8,-1.141072603478244e-9
-37.44,4.842137470149122e-8,-1.143015877381427e-9
-37.43,4.8491046700508684e-8,-1.1449628824329125e-9
-37.42,4.856083482704974e-8,-1.1469136265223641e-9
-37.41,4.863073929920959e-8,-1.1488681175986666e-9
-37.4,4.870076033555826e-8,-1.150826363636506e-9
-37.39,4.87708981550837e-8,-1.152788372500469e-9
-37.38,4.8841152977363534e-8,-1.1547541522889126e-9
-37.37,4.8911525022095164e-8,-1.156723710878705e-9
-37.36,4.898201450986239e-8,-1.1586970563608742e-9
-37.35,4.90526216615299e-8,-1.160674196884168e-9
-37.34,4.9123346698480514e-8,-1.1626551402119901e-9
-37.33,4.919418984244866e-8,-1.1646398946374015e-9
-37.32,4.926515131540272e-8,-1.166628468184733e-9
-37.31,4.933623134034064e-8,-1.168620869077466e-9
-37.3,4.940743014024021e-8,-1.1706171051641053e-9
-37.29,4.9478747938736914e-8,-1.1726171847990766e-9
-37.28,4.9550184960059365e-8,-1.1746211162010993e-9
-37.27,4.9621741428587414e-8,-1.1766289073876795e-9
-37.26,4.9693417569262466e-8,-1.1786405666951848e-9
-37.25,4.9765213607644933e-8,-1.1806561023406613e-9
-37.24,4.9837129769973585e-8,-1.182675522409826e-9
-37.23,4.9909166282187756e-8,-1.1846988353651944e-9
-37.22,4.9981323371354745e-8,-1.1867260493610744e-9
-37.21,5.005360126501765e-8,-1.1887571726027568e-9
-37.2,5.012600019073001e-8,-1.1907922136321146e-9
-37.19,5.019852037694111e-8,-1.1928311806512765e-9
-37.18,5.027116205230476e-8,-1.1948740820767325e-9
-37.17,5.034392544627241e-8,-1.1969209262386169e-9
-37.16,5.0416810788421304e-8,-1.198971721455779e-9
-37.15,5.048981830903413e-8,-1.2010264763437053e-9
-37.14,5.056294823877488e-8,-1.203085199196164e-9
-37.13,5.06362008087976e-8,-1.205147898526941e-9
-37.12,5.070957625066676e-8,-1.2072145826669988e-9
-37.11,5.078307479671448e-8,-1.2092852602297708e-9
-37.1,5.085669667933789e-8,-1.2113599397325198e-9
-37.09,5.0930442131792446e-8,-1.2134386296084086e-9
-37.08,5.1004311387530386e-8,-1.2155213385007487e-9
-37.07,5.1078304680736504e-8,-1.2176080749334425e-9
-37.06,5.115242224588967e-8,-1.2196988476765256e-9
-37.05,5.122666431809676e-8,-1.2217936650880003e-9
-37.04,5.130103113276574e-8,-1.2238925358501496e-9
-37.03,5.1375522926155125e-8,-1.2259954686844176e-9
-37.02,5.145013993460308e-8,-1.2281024722023218e-9
-37.01,5.1524882395131296e-8,-1.2302135550884058e-9
-37.0,5.159975054530918e-8,-1.232328726095743e-9
-36.99,5.167474462301483e-8,-1.2344479939694825e-9
-36.98,5.174986486694263e-8,-1.2365713673910406e-9
-36.97,5.182511151585812e-8,-1.238698855181823e-9
-36.96,5.1900484809471235e-8,-1.240830466123431e-9
-36.95,5.19759849876615e-8,-1.24296620893558e-9
-36.94,5.205161229096676e-8,-1.2451060926722295e-9
-36.93,5.21273669603856e-8,-1.2472501259776955e-9
-36.92,5.2203249237289296e-8,-1.249398317861785e-9
-36.91,5.227925936383432e-8,-1.2515506770066218e-9
-36.9,5.235539758241423e-8,-1.2537072125463564e-9
-36.89,5.243166413619244e-8,-1.2558679332303748e-9
-36.88,5.250805926852448e-8,-1.2580328482685066e-9
-36.87,5.258458322359214e-8,-1.2602019664563826e-9
-36.86,5.26612362459185e-8,-1.262375296759316e-9
-36.85,5.2738018580498113e-8,-1.2645528482578973e-9
-36.84,5.2814930472863016e-8,-1.2667346299356524e-9
-36.83,5.2891972169065525e-8,-1.2689206509261249e-9
-36.82,5.2969143916005674e-8,-1.2711109203912994e-9
-36.81,5.304644596040634e-8,-1.2733054470965479e-9
-36.8,5.31238785500098e-8,-1.275504240432182e-9
-36.79,5.320144193305051e-8,-1.2777073096679297e-9
-36.78,5.327913635813093e-8,-1.2799146635882103e-9
-36.77,5.3356962074575084e-8,-1.2821263116996408e-9
-36.76,5.343491933185672e-8,-1.284342263056061e-9
-36.75,5.351300838043953e-8,-1.2865625268785474e-9
-36.74,5.3591229470898435e-8,-1.2887871125063204e-9
-36.73,5.366958285445933e-8,-1.2910160291090786e-9
-36.72,5.374806878316555e-8,-1.2932492861151032e-9
-36.71,5.382668750922653e-8,-1.295486892706827e-9
-36.7,5.39054392855531e-8,-1.2977288581809007e-9
-36.69,5.398432436533765e-8,-1.2999751921846584e-9
-36.68,5.406334300278252e-8,-1.3022259036054868e-9
-36.67,5.414249545219753e-8,-1.304481002302722e-9
-36.66,5.4221781968520415e-8,-1.306740497497621e-9
-36.65,5.4301202807529557e-8,-1.3090043986368858e-9
-36.64,5.438075822503833e-8,-1.3112727152033305e-9
-36.63,5.446044847761899e-8,-1.313545456666771e-9
-36.62,5.45402738225447e-8,-1.315822632666879e-9
-36.61,5.4620234517489674e-8,-1.3181042525897418e-9
-36.6,5.470033082061268e-8,-1.3203903260139507e-9
-36.59,5.4780562990654225e-8,-1.322680862456209e-9
-36.58,5.4860931287093366e-8,-1.3249758716335456e-9
-36.57,5.49414359695682e-8,-1.327275363107507e-9
-36.56,5.502207729851621e-8,-1.32957934657074e-9
-36.55,5.510285553488451e-8,-1.3318878315848215e-9
-36.54,5.518377094030554e-8,-1.3342008279496802e-9
-36.53,5.526482377662194e-8,-1.3365183453566468e-9
-36.52,5.5346014306523055e-8,-1.3388403935611997e-9
-36.51,5.542734279308626e-8,-1.3411669821824931e-9
-36.5,5.550880950010405e-8,-1.3434981211368759e-9
-36.49,5.559041469172946e-8,-1.3458338201521092e-9
-36.48,5.567215863289715e-8,-1.3481740891222035e-9
-36.47,5.57540415888384e-8,-1.3505189377634284e-9
-36.46,5.583606382549061e-8,-1.3528683761081892e-9
-36.45,5.5918225609327266e-8,-1.3552224139375451e-9
-36.44,5.6000527207482796e-8,-1.3575810612909634e-9
-36.43,5.6082968887501054e-8,-1.3599443278575962e-9
-36.42,5.616555091757251e-8,-1.3623122239341483e-9
-36.41,5.624827356633597e-8,-1.3646847591743418e-9
-36.4,5.633113710321364e-8,-1.3670619438926203e-9
-36.39,5.6414141798014165e-8,-1.3694437879192614e-9
-36.38,5.6497287921157285e-8,-1.371830301358578e-9
-36.37,5.658057574367249e-8,-1.3742214943535325e-9
-36.36,5.66640055371636e-8,-1.376617376902195e-9
-36.35,5.6747577573772e-8,-1.3790179591845323e-9
-36.34,5.683129212597097e-8,-1.381423251276067e-9
-36.33,5.6915149467634755e-8,-1.3838332635222767e-9
-36.32,5.699914987205043e-8,-1.3862480060205516e-9
-36.31,5.70832936139557e-8,-1.388667488945159e-9
-36.3,5.716758096826275e-8,-1.391091722698857e-9
-36.29,5.72520122106925e-8,-1.3935207172680132e-9
-36.28,5.733658761737073e-8,-1.3959544831889347e-9
-36.27,5.74213074650429e-8,-1.3983930306635891e-9
-36.26,5.75061720311115e-8,-1.4008363701321446e-9
-36.25,5.7591181593561664e-8,-1.4032845117910642e-9
-36.24,5.767633643088999e-8,-1.4057374662816902e-9
-36.23,5.776163682215978e-8,-1.4081952438025262e-9
-36.22,5.784708304703752e-8,-1.4106578549830387e-9
-36.21,5.7932675386280686e-8,-1.4131253099420273e-9
-36.2,5.801841412014202e-8,-1.4155976194288677e-9
-36.19,5.81042995304089e-8,-1.4180747940169585e-9
-36.18,5.8190331899155394e-8,-1.4205568440727481e-9
-36.17,5.827651150902501e-8,-1.4230437802479366e-9
-36.16,5.8362838643301015e-8,-1.425535613102476e-9
-36.15,5.8449313585903794e-8,-1.4280323533319439e-9
-36.14,5.853593662124942e-8,-1.4305340113961885e-9
-36.13,5.862270803443592e-8,-1.433040597881787e-9
-36.12,5.87096281112472e-8,-1.435552123922838e-9
-36.11,5.879669713771616e-8,-1.4380685998585388e-9
-36.1,5.888391540103428e-8,-1.4405900364808125e-9
-36.09,5.8971283188311505e-8,-1.4431164445741724e-9
-36.08,5.905880078817223e-8,-1.4456478348619767e-9
-36.07,5.9146468488842324e-8,-1.4481842183221649e-9
-36.06,5.923428658007276e-8,-1.4507256056404568e-9
-36.05,5.9322255351419324e-8,-1.453272007675439e-9
-36.04,5.9410375093669864e-8,-1.4558234354246658e-9
-36.03,5.949864609802603e-8,-1.4583798997563445e-9
-36.02,5.9587068656027876e-8,-1.4609414115409463e-9
-36.01,5.967564306038066e-8,-1.46350798168555e-9
-36.0,5.976436960397734e-8,-1.4660796214294789e-9
-35.99,5.985324858049768e-8,-1.4686563415923692e-9
-35.98,5.994228028411855e-8,-1.4712381532007483e-9
-35.97,6.003146500983438e-8,-1.4738250675005084e-9
-35.96,6.012080305300598e-8,-1.4764170953746534e-9
-35.95,6.02102947101841e-8,-1.4790142480123834e-9
-35.94,6.029994027772856e-8,-1.4816165367565328e-9
-35.93,6.03897400531634e-8,-1.4842239723596055e-9
-35.92,6.047969433452587e-8,-1.4868365663748473e-9
-35.91,6.05698034206487e-8,-1.489454329788799e-9
-35.9,6.066006761052714e-8,-1.4920772740630108e-9
-35.89,6.075048720444722e-8,-1.494705410294097e-9
-35.88,6.084106250282598e-8,-1.497338749941071e-9
-35.87,6.093179380681211e-8,-1.4999773042593591e-9
-35.86,6.102268141837382e-8,-1.5026210845753868e-9
-35.85,6.111372563987482e-8,-1.5052701023150187e-9
-35.84,6.120492677462633e-8,-1.5079243687999391e-9
-35.83,6.129628512633394e-8,-1.510583895599286e-9
-35.82,6.138780099936691e-8,-1.513248694111195e-9
-35.81,6.147947469896875e-8,-1.5159187758347763e-9
-35.8,6.157130653060771e-8,-1.5185941522245264e-9
-35.79,6.166329680100603e-8,-1.5212748348370903e-9
-35.78,6.17554458169634e-8,-1.5239608354264698e-9
-35.77,6.18477538862099e-8,-1.5266521652553742e-9
-35.76,6.194022131709124e-8,-1.529348836314664e-9
-35.75,6.203284841849571e-8,-1.5320508599359152e-9
-35.74,6.212563550045386e-8,-1.5347582480182887e-9
-35.73,6.22185828727254e-8,-1.5374710121834959e-9
-35.72,6.231169084665432e-8,-1.5401891642270817e-9
-35.71,6.240495973393956e-8,-1.5429127157451206e-9
-35.7,6.249838984662693e-8,-1.5456416787001825e-9
-35.69,6.259198149772677e-8,-1.5483760648640218e-9
-35.68,6.268573500099755e-8,-1.5511158860758051e-9
-35.67,6.277965067066547e-8,-1.5538611540438068e-9
-35.66,6.287372882185978e-8,-1.5566118810498311e-9
-35.65,6.296796976982938e-8,-1.5593680786582277e-9
-35.64,6.306237383126357e-8,-1.5621297589808062e-9
-35.63,6.315694132299727e-8,-1.5648969340357696e-9
-35.62,6.325167256270273e-8,-1.5676696157423378e-9
-35.61,6.334656786886677e-8,-1.57044781622836e-9
-35.6,6.344162756026568e-8,-1.5732315475485134e-9
-35.59,6.353685195689766e-8,-1.576020821666364e-9
-35.58,6.363224137885037e-8,-1.5788156508481647e-9
-35.57,6.372779614741151e-8,-1.5816160472933798e-9
-35.56,6.382351658425365e-8,-1.5844220231592872e-9
-35.55,6.391940301178367e-8,-1.587233590581549e-9
-35.54,6.401545575330171e-8,-1.5900507617578564e-9
-35.53,6.411167513239145e-8,-1.5928735490562004e-9
-35.52,6.420806147379697e-8,-1.5957019648005485e-9
-35.51,6.430461510251026e-8,-1.5985360213334795e-9
-35.5,6.440133634463695e-8,-1.6013757308448284e-9
-35.49,6.449822552666839e-8,-1.6042211058859662e-9
-35.48,6.459528297580794e-8,-1.6070721588062738e-9
-35.47,6.469250902040099e-8,-1.6099289020638772e-9
-35.46,6.478990398873953e-8,-1.6127913482393657e-9
-35.45,6.48874682104347e-8,-1.6156595096912564e-9
-35.44,6.498520201555851e-8,-1.618533398925832e-9
-35.43,6.508310573494373e-8,-1.6214130286169647e-9
-35.42,6.518117970014697e-8,-1.6242984113618826e-9
-35.41,6.52794242431876e-8,-1.6271895596760907e-9
-35.4,6.537783969746219e-8,-1.6300864862794479e-9
-35.39,6.54764263961525e-8,-1.6329892039339905e-9
-35.38,6.557518467391962e-8,-1.6358977252120418e-9
-35.37,6.567411486570464e-8,-1.638812062888679e-9
-35.36,6.577321730733808e-8,-1.641732229854242e-9
-35.35,6.587249233546261e-8,-1.6446582387912143e-9
-35.34,6.597194028703577e-8,-1.6475901024768601e-9
-35.33,6.607156150033361e-8,-1.6505278339940963e-9
-35.32,6.617135631404011e-8,-1.6534714460497112e-9
-35.31,6.627132506733962e-8,-1.6564209516532636e-9
-35.3,6.637146810048373e-8,-1.6593763635565874e-9
-35.29,6.64717857544342e-8,-1.662337695256687e-9
-35.28,6.657227837084931e-8,-1.6653049591739456e-9
-35.27,6.66729462918113e-8,-1.668278168675869e-9
-35.26,6.67737898605318e-8,-1.671257336847682e-9
-35.25,6.687480942084042e-8,-1.6742424766734186e-9
-35.24,6.697600531738684e-8,-1.6772336013000915e-9
-35.23,6.707737789530046e-8,-1.68023072404982e-9
-35.22,6.717892750067463e-8,-1.6832338580501012e-9
-35.21,6.72806544801646e-8,-1.6862430164345397e-9
-35.2,6.738255918155624e-8,-1.6892582125786612e-9
-35.19,6.748464195324231e-8,-1.6922794596538393e-9
-35.18,6.758690314321497e-8,-1.6953067712312857e-9
-35.17,6.7689343102279e-8,-1.6983401604291713e-9
-35.16,6.779196218068888e-8,-1.7013796408301399e-9
-35.15,6.789476072966094e-8,-1.7044252256963295e-9
-35.14,6.799773910126025e-8,-1.7074769285088655e-9
-35.13,6.810089764810295e-8,-1.7105347627864294e-9
-35.12,6.820423672387664e-8,-1.7135987421121181e-9
-35.11,6.830775668294762e-8,-1.7166688799628246e-9
-35.1,6.841145788020533e-8,-1.7197451898257135e-9
-35.09,6.851534067166825e-8,-1.7228276856180063e-9
-35.08,6.861940541359935e-8,-1.7259163806915358e-9
-35.07,6.872365246374581e-8,-1.7290112888784413e-9
-35.06,6.882808217989869e-8,-1.7321124238297327e-9
-35.05,6.89326949216242e-8,-1.7352197990588468e-9
-35.04,6.903749104723857e-8,-1.738333428999202e-9
-35.03,6.914247091837395e-8,-1.741453326822569e-9
-35.02,6.924763489600075e-8,-1.744579506666067e-9
-35.01,6.935298334193904e-8,-1.7477119823275647e-9
-35.0,6.945851661900972e-8,-1.750850767762949e-9
-34.99,6.956423509086046e-8,-1.7539958768406e-9
-34.98,6.967013912178617e-8,-1.7571473235632064e-9
-34.97,6.977622907692969e-8,-1.7603051219794042e-9
-34.96,6.988250532223658e-8,-1.7634692861793597e-9
-34.95,6.998896822428594e-8,-1.7666398299330094e-9
-34.94,7.009561815075741e-8,-1.7698167677186926e-9
-34.93,7.020245546970282e-8,-1.7730001135077498e-9
-34.92,7.030948055037746e-8,-1.7761898815828326e-9
-34.91,7.041669376233714e-8,-1.7793860862317706e-9
-34.9,7.052409547720373e-8,-1.782588741109362e-9
-34.89,7.063168606544656e-8,-1.785797861118107e-9
-34.88,7.07394658997389e-8,-1.7890134604631979e-9
-34.87,7.084743535306991e-8,-1.7922355533306463e-9
-34.86,7.095559479940709e-8,-1.7954641541422415e-9
-34.85,7.106394461345664e-8,-1.7986992774366923e-9
-34.84,7.117248517061494e-8,-1.801940937432356e-9
-34.83,7.128121684736303e-8,-1.805189148859173e-9
-34.82,7.139014002070232e-8,-1.8084439260578259e-9
-34.81,7.149925506862666e-8,-1.8117052836262014e-9
-34.8,7.160856236972824e-8,-1.8149732362152173e-9
-34.79,7.171806230391253e-8,-1.818247798403485e-9
-34.78,7.182775525130473e-8,-1.821528984833239e-9
-34.77,7.193764159335219e-8,-1.824816810173834e-9
-34.76,7.204772171197199e-8,-1.8281112891069586e-9
-34.75,7.215799599000349e-8,-1.8314124366127455e-9
-34.74,7.226846481120725e-8,-1.8347202672146107e-9
-34.73,7.237912856000813e-8,-1.8380347959055083e-9
-34.72,7.248998762207662e-8,-1.841356037318224e-9
-34.71,7.260104238318056e-8,-1.8446840068407536e-9
-34.7,7.271229323070026e-8,-1.8480187189509403e-9
-34.69,7.282374055244447e-8,-1.8513601887499958e-9
-34.68,7.29353847367799e-8,-1.8547084314745189e-9
-34.67,7.304722617368865e-8,-1.8580634618433794e-9
-34.66,7.315926525346313e-8,-1.861425295091533e-9
-34.65,7.32715023673677e-8,-1.8647939462802008e-9
-34.64,7.338393790728967e-8,-1.868169430603102e-9
-34.63,7.349657226629303e-8,-1.871551763177124e-9
-34.62,7.360940583820727e-8,-1.8749409592946535e-9
-34.61,7.372243901780919e-8,-1.8783370342418816e-9
-34.6,7.383567220020703e-8,-1.8817400033540323e-9
-34.59,7.394910578209853e-8,-1.885149881779631e-9
-34.58,7.406274016055499e-8,-1.8885666850565773e-9
-34.57,7.417657573369099e-8,-1.891990428480722e-9
-34.56,7.429061290059612e-8,-1.8954211275836048e-9
-34.55,7.440485206081676e-8,-1.898858797835371e-9
-34.54,7.451929361506835e-8,-1.9023034546841817e-9
-34.53,7.463393796510238e-8,-1.9057551137459666e-9
-34.52,7.474878551312794e-8,-1.9092137905837955e-9
-34.51,7.486383666254242e-8,-1.9126795008490024e-9
-34.5,7.49790918174862e-8,-1.916152260222578e-9
-34.49,7.509455138294369e-8,-1.9196320843725856e-9
-34.48,7.52102157649448e-8,-1.923118988984843e-9
-34.47,7.53260853701637e-8,-1.92661298995445e-9
-34.46,7.544216060646363e-8,-1.930114103025687e-9
-34.45,7.555844188236456e-8,-1.933622344141709e-9
-34.44,7.567492960719826e-8,-1.9371377290551577e-9
-34.43,7.579162419134083e-8,-1.9406602738115233e-9
-34.42,7.590852604622093e-8,-1.944189994332526e-9
-34.41,7.602563558384836e-8,-1.9477269066033515e-9
-34.4,7.614295321703827e-8,-1.951271026624065e-9
-34.39,7.626047936010825e-8,-1.954822370648035e-9
-34.38,7.637821442774094e-8,-1.9583809547294104e-9
-34.37,7.649615883560172e-8,-1.961946794874989e-9
-34.36,7.661431300048933e-8,-1.965519907453572e-9
-34.35,7.673267733977744e-8,-1.9691003086005763e-9
-34.34,7.685125227200283e-8,-1.9726880147564736e-9
-34.33,7.697003821637909e-8,-1.976283042011227e-9
-34.32,7.708903559358408e-8,-1.979885406900009e-9
-34.31,7.720824482438224e-8,-1.9834951258045156e-9
-34.3,7.732766633103838e-8,-1.9871122149942406e-9
-34.29,7.74473005365894e-8,-1.990736691093996e-9
-34.28,7.756714786502084e-8,-1.994368570612168e-9
-34.27,7.768720874130411e-8,-1.9980078698856936e-9
-34.26,7.780748359097224e-8,-2.0016546058761635e-9
-34.25,7.792797284109232e-8,-2.0053087948985406e-9
-34.24,7.804867691888664e-8,-2.0089704537972322e-9
-34.23,7.816959625329077e-8,-2.012639599180595e-9
-34.22,7.829073127376017e-8,-2.0163162478759784e-9
-34.21,7.841208241072549e-8,-2.020000416666378e-9
-34.2,7.853365009552506e-8,-2.0236921223483567e-9
-34.19,7.865543476055856e-8,-2.027391381845525e-9
-34.18,7.877743683925518e-8,-2.031098211937014e-9
-34.17,7.889965676560674e-8,-2.0348126297468875e-9
-34.16,7.902209497506064e-8,-2.03853465217092e-9
-34.15,7.914475190333804e-8,-2.0422642961148196e-9
-34.14,7.926762798789954e-8,-2.046001578954338e-9
-34.13,7.939072366662983e-8,-2.0497465175733384e-9
-34.12,7.95140393785495e-8,-2.0534991292540804e-9
-34.11,7.96375755636384e-8,-2.0572594310617104e-9
-34.1,7.976133266260964e-8,-2.0610274404540308e-9
-34.09,7.98853111176322e-8,-2.064803174513572e-9
-34.08,8.000951137122426e-8,-2.0685866505846975e-9
-34.07,8.013393386759564e-8,-2.0723778861211373e-9
-34.06,8.025857905117908e-8,-2.0761768984445328e-9
-34.05,8.038344736791546e-8,-2.0799837050469648e-9
-34.04,8.050853926437438e-8,-2.08379832339101e-9
-34.03,8.06338551883535e-8,-2.087620771047284e-9
-34.02,8.075939558863515e-8,-2.091451065541178e-9
-34.01,8.088516091461858e-8,-2.095289224514271e-9
-34.0,8.101115161722353e-8,-2.0991352656423286e-9
-33.99,8.113736814777987e-8,-2.10298920661129e-9
-33.98,8.126381095927233e-8,-2.106851065094966e-9
-33.97,8.139048050528812e-8,-2.11072085874629e-9
-33.96,8.15173772397508e-8,-2.1145986060020607e-9
-33.95,8.164450161896741e-8,-2.1184843241250663e-9
-33.94,8.177185409935256e-8,-2.1223780312154046e-9
-33.93,8.189943513850498e-8,-2.1262797452952793e-9
-33.92,8.202724519496812e-8,-2.1301894842150918e-9
-33.91,8.21552847284825e-8,-2.1341072661167123e-9
-33.9,8.228355419937289e-8,-2.138033109114329e-9
-33.89,8.241205406950302e-8,-2.1419670313042227e-9
-33.88,8.254078480148282e-8,-2.145909050827009e-9
-33.87,8.266974685878694e-8,-2.149859185939127e-9
-33.86,8.279894070619297e-8,-2.153817454842095e-9
-33.85,8.29283668095059e-8,-2.157783875961337e-9
-33.84,8.305802563512555e-8,-2.1617584675586883e-9
-33.83,8.318791765121135e-8,-2.1657412477234025e-9
-33.82,8.331804332582296e-8,-2.1697322358492364e-9
-33.81,8.344840312929942e-8,-2.1737314495624845e-9
-33.8,8.357899753241223e-8,-2.177738907437417e-9
-33.79,8.370982700673854e-8,-2.181754628297725e-9
-33.78,8.384089202537903e-8,-2.185778630755758e-9
-33.77,8.397219306224131e-8,-2.189810933322173e-9
-33.76,8.410373059204707e-8,-2.1938515548055934e-9
-33.75,8.423550509107476e-8,-2.197900513915664e-9
-33.74,8.436751703617512e-8,-2.2019578294554986e-9
-33.73,8.449976690554374e-8,-2.206023520265678e-9
-33.72,8.46322551782719e-8,-2.2100976052216695e-9
-33.71,8.476498233457183e-8,-2.2141801033294176e-9
-33.7,8.48979488555774e-8,-2.2182710335769265e-9
-33.69,8.503115522356925e-8,-2.2223704150661086e-9
-33.68,8.516460192247455e-8,-2.22647826627185e-9
-33.67,8.529828943598147e-8,-2.230594606972583e-9
-33.66,8.543221824998063e-8,-2.2347194561914735e-9
-33.65,8.556638885084829e-8,-2.238852833064018e-9
-33.64,8.570080172635935e-8,-2.242994756796262e-9
-33.63,8.583545736508024e-8,-2.2471452467216667e-9
-33.62,8.597035625691956e-8,-2.251304322208769e-9
-33.61,8.610549889254151e-8,-2.2554720026459606e-9
-33.6,8.62408857641726e-8,-2.259648307567349e-9
-33.59,8.637651736459678e-8,-2.263833256329092e-9
-33.58,8.651239418795551e-8,-2.2680268684411798e-9
-33.57,8.66485167293435e-8,-2.2722291636377357e-9
-33.56,8.678488548531187e-8,-2.2764401613820777e-9
-33.55,8.692150095313456e-8,-2.280659881463388e-9
-33.54,8.705836363111438e-8,-2.2848883435194484e-9
-33.53,8.719547401890827e-8,-2.289125567441106e-9
-33.52,8.733283261728467e-8,-2.2933715729095392e-9
-33.51,8.747043992776423e-8,-2.297626379896254e-9
-33.5,8.760829645348549e-8,-2.301890008263526e-9
-33.49,8.774640269829949e-8,-2.3061624779586805e-9
-33.48,8.788475916732152e-8,-2.3104438091144423e-9
-33.47,8.802336636681594e-8,-2.3147340216999385e-9
-33.46,8.816222480387946e-8,-2.3190331358530437e-9
-33.45,8.830133498723168e-8,-2.3233411715761418e-9
-33.44,8.84406974263152e-8,-2.3276581493067172e-9
-33.43,8.858031263180227e-8,-2.331984089192816e-9
-33.42,8.87201811155709e-8,-2.336319011452746e-9
-33.41,8.88603033905078e-8,-2.340662936599454e-9
-33.4,8.900067997061152e-8,-2.345015884888347e-9
-33.39,8.914131137114435e-8,-2.349377876916067e-9
-33.38,8.92821981085737e-8,-2.3537489331249023e-9
-33.37,8.942334070024089e-8,-2.3581290740173137e-9
-33.36,8.956473966483971e-8,-2.362518320170693e-9
-33.35,8.970639552201705e-8,-2.366916692319744e-9
-33.34,8.984830879293533e-8,-2.371324211199455e-9
-33.33,8.99904799993888e-8,-2.3757408974431725e-9
-33.32,9.013290966487141e-8,-2.380166771876517e-9
-33.31,9.027559831350911e-8,-2.384601855413576e-9
-33.3,9.041854647107468e-8,-2.3890461688734456e-9
-33.29,9.056175466411252e-8,-2.3934997332957273e-9
-33.28,9.07052234203458e-8,-2.3979625695802695e-9
-33.27,9.084895326915994e-8,-2.4024346988661382e-9
-33.26,9.099294474058848e-8,-2.406916142282781e-9
-33.25,9.113719836595536e-8,-2.4114069208309745e-9
-33.24,9.128171467781112e-8,-2.4159070559193955e-9
-33.23,9.142649420982903e-8,-2.4204165686247965e-9
-33.22,9.157153749711165e-8,-2.424935480402113e-9
-33.21,9.171684507567593e-8,-2.4294638124164512e-9
-33.2,9.186241748268777e-8,-2.4340015862678305e-9
-33.19,9.200825525665e-8,-2.438548823386951e-9
-33.18,9.215435893729015e-8,-2.4431055451791737e-9
-33.17,9.230072906542806e-8,-2.4476717734079803e-9
-33.16,9.244736618307035e-8,-2.4522475294089063e-9
-33.15,9.259427083346339e-8,-2.4568328352349925e-9
-33.14,9.274144356116272e-8,-2.4614277122295952e-9
-33.13,9.28888849116671e-8,-2.4660321823865507e-9
-33.12,9.303659543200761e-8,-2.4706462675683372e-9
-33.11,9.318457567010305e-8,-2.475269989518401e-9
-33.1,9.333282617534607e-8,-2.479903370241698e-9
-33.09,9.348134749821913e-8,-2.4845464317577514e-9
-33.08,9.363014019047856e-8,-2.4891991960260417e-9
-33.07,9.377920480495489e-8,-2.4938616851763238e-9
-33.06,9.392854189603844e-8,-2.4985339214089704e-9
-33.05,9.407815201899835e-8,-2.5032159268334925e-9
-33.04,9.422803573048187e-8,-2.5079077238307736e-9
-33.03,9.437819358821043e-8,-2.512609334678635e-9
-33.02,9.452862615168897e-8,-2.517320781688637e-9
-33.01,9.467933398089991e-8,-2.52204208722653e-9
-33.0,9.483031763763754e-8,-2.5267732739291433e-9
-32.99,9.49815776846459e-8,-2.531514364285856e-9
-32.98,9.513311468601509e-8,-2.5362653807880013e-9
-32.97,9.528492920715148e-8,-2.5410263461946457e-9
-32.96,9.543702181452098e-8,-2.545797282968164e-9
-32.95,9.558939307609966e-8,-2.5505782141093053e-9
-32.94,9.574204356111747e-8,-2.5553691622959788e-9
-32.93,9.58949738396599e-8,-2.560170150531919e-9
-32.92,9.60481844835036e-8,-2.564981201489929e-9
-32.91,9.62016760655819e-8,-2.569802338307835e-9
-32.9,9.635544916011529e-8,-2.574633584062657e-9
-32.89,9.650950434257375e-8,-2.579474961616012e-9
-32.88,9.666384218959336e-8,-2.5843264942804063e-9
-32.87,9.681846327929094e-8,-2.58918820535811e-9
-32.86,9.697336819087014e-8,-2.594060117774219e-9
-32.85,9.712855750510828e-8,-2.598942255159791e-9
-32.84,9.728403180379125e-8,-2.6038346405515017e-9
-32.83,9.743979167001794e-8,-2.6087372976153477e-9
-32.82,9.759583768842465e-8,-2.6136502498807893e-9
-32.81,9.775217044460911e-8,-2.618573520724447e-9
-32.8,9.790879052588749e-8,-2.623507133642513e-9
-32.79,9.806569852046736e-8,-2.6284511124780906e-9
-32.78,9.822289501811207e-8,-2.6334054809877166e-9
-32.77,9.83803806098132e-8,-2.638370262823565e-9
-32.76,9.85381558878958e-8,-2.6433454817937847e-9
-32.75,9.869622144606466e-8,-2.6483311615961776e-9
-32.74,9.88545778792065e-8,-2.6533273265174553e-9
-32.73,9.90132257835903e-8,-2.6583340005483425e-9
-32.72,9.917216575704147e-8,-2.6633512075788177e-9
-32.71,9.933139839823502e-8,-2.6683789716618303e-9
-32.7,9.949092430763256e-8,-2.67341731700154e-9
-32.69,9.965074408679791e-8,-2.678466267868602e-9
-32.68,9.981085833871737e-8,-2.6835258487347285e-9
-32.67,9.99712676676654e-8,-2.6885960836746836e-9
-32.66,1.0013197267926116e-7,-2.6936769971978368e-9
-32.65,1.0029297398057482e-7,-2.6987686138011273e-9
-32.64,1.0045427217996e-7,-2.7038709578631102e-9
-32.63,1.0061586788711257e-7,-2.7089840542329172e-9
-32.62,1.0077776171316971e-7,-2.7141079273709445e-9
-32.61,1.0093995427027316e-7,-2.7192426020024246e-9
-32.6,1.0110244617276708e-7,-2.72438810300997e-9
-32.59,1.0126523803537766e-7,-2.7295444550288853e-9
-32.58,1.0142833047478278e-7,-2.7347116831587922e-9
-32.57,1.015917241089561e-7,-2.7398898122590906e-9
-32.56,1.017554195570829e-7,-2.7450788671638433e-9
-32.55,1.0191941743989814e-7,-2.750278873090572e-9
-32.54,1.0208371837948546e-7,-2.7554898552931907e-9
-32.53,1.0224832299933717e-7,-2.7607118388025287e-9
-32.52,1.02413231924181e-7,-2.765944848982224e-9
-32.51,1.0257844578031222e-7,-2.7711889109852186e-9
-32.5,1.0274396519542547e-7,-2.7764440503323893e-9
-32.49,1.0290979079857593e-7,-2.7817102923448376e-9
-32.48,1.030759232200675e-7,-2.7869876626314435e-9
-32.47,1.0324236309211724e-7,-2.792276186887602e-9
-32.46,1.0340911104731828e-7,-2.79757589030687e-9
-32.45,1.0357616772098105e-7,-2.8028867989663963e-9
-32.44,1.0374353374893807e-7,-2.8082089384034723e-9
-32.43,1.0391120976887687e-7,-2.8135423346240406e-9
-32.42,1.0407919641959578e-7,-2.8188870133098512e-9
-32.41,1.0424749434144322e-7,-2.8242430005290894e-9
-32.4,1.0441610417636964e-7,-2.8296103221384065e-9
-32.39,1.0458502656748199e-7,-2.8349890044510304e-9
-32.38,1.0475426215962177e-7,-2.840379073271006e-9
-32.37,1.0492381159885226e-7,-2.845780555062129e-9
-32.36,1.050936755327068e-7,-2.851193476084857e-9
-32.35,1.0526385461021971e-7,-2.8566178624316087e-9
-32.34,1.0543434948183368e-7,-2.8620537405827526e-9
-32.33,1.0560516079958053e-7,-2.867501137105583e-9
-32.32,1.0577628921678138e-7,-2.8729600783550127e-9
-32.31,1.0594773538827243e-7,-2.8784305910640127e-9
-32.3,1.0611949997041127e-7,-2.883912701753852e-9
-32.29,1.0629158362101497e-7,-2.8894064371020022e-9
-32.28,1.0646398699924425e-7,-2.8949118239647897e-9
-32.27,1.0663671076593016e-7,-2.9004288892784263e-9
-32.26,1.068097555833462e-7,-2.90595765978683e-9
-32.25,1.0698312211487713e-7,-2.9114981624534853e-9
-32.24,1.0715681102624246e-7,-2.91705042447008e-9
-32.23,1.0733082298370664e-7,-2.922614472768966e-9
-32.22,1.0750515865548989e-7,-2.9281903346654587e-9
-32.21,1.0767981871136763e-7,-2.93377803714846e-9
-32.2,1.078548038225581e-7,-2.9393776078006286e-9
-32.19,1.0803011466164259e-7,-2.9449890738646507e-9
-32.18,1.0820575190279964e-7,-2.950612462711055e-9
-32.17,1.083817162218471e-7,-2.9562478019933106e-9
-32.16,1.0855800829581218e-7,-2.96189511916082e-9
-32.15,1.0873462880370638e-7,-2.967554441839794e-9
-32.14,1.0891157842546541e-7,-2.9732257978525895e-9
-32.13,1.0908885784304e-7,-2.97890921498205e-9
-32.12,1.0926646773977669e-7,-2.9846047207754998e-9
-32.11,1.0944440880050464e-7,-2.990312343443864e-9
-32.1,1.0962268171145067e-7,-2.9960321109815906e-9
-32.09,1.098012871608302e-7,-3.001764051183489e-9
-32.08,1.0998022583786365e-7,-3.007508192383485e-9
-32.07,1.1015949843366044e-7,-3.0132645626300733e-9
-32.06,1.1033910564084147e-7,-3.019033190085166e-9
-32.05,1.1051904815348608e-7,-3.0248141033112814e-9
-32.04,1.1069932666721724e-7,-3.0306073305256952e-9
-32.03,1.1087994187927245e-7,-3.036412900333271e-9
-32.02,1.1106089448866771e-7,-3.0422308411142617e-9
-32.01,1.1124218519555787e-7,-3.0480611815501913e-9
-32.0,1.1142381470204716e-7,-3.05390395023869e-9
-31.99,1.1160578371155387e-7,-3.059759175936832e-9
-31.98,1.1178809292937058e-7,-3.0656268874820836e-9
-31.97,1.1197074306205424e-7,-3.0715071137156093e-9
-31.96,1.1215373481793141e-7,-3.077399883680398e-9
-31.95,1.1233706890685092e-7,-3.0833052262632954e-9
-31.94,1.1252074604035218e-7,-3.0892231705693617e-9
-31.93,1.1270476693150606e-7,-3.0951537458019942e-9
-31.92,1.1288913229500359e-7,-3.101096981229408e-9
-31.91,1.1307384284715745e-7,-3.1070529061041914e-9
-31.9,1.1325889930582588e-7,-3.1130215497672328e-9
-31.89,1.1344430239054441e-7,-3.1190029417470588e-9
-31.88,1.1363005282251178e-7,-3.1249971116059687e-9
-31.87,1.138161513243265e-7,-3.1310040886902057e-9
-31.86,1.1400259862056415e-7,-3.13702390286751e-9
-31.85,1.1418939543722349e-7,-3.14305658394233e-9
-31.84,1.1437654250185109e-7,-3.149102161495507e-9
-31.83,1.1456404054373985e-7,-3.1551606655717506e-9
-31.82,1.1475189029401712e-7,-3.1612321260718653e-9
-31.81,1.1494009248508296e-7,-3.16731657297351e-9
-31.8,1.1512864785124679e-7,-3.1734140364977432e-9
-31.79,1.1531755712833152e-7,-3.1795245467668107e-9
-31.78,1.1550682105399894e-7,-3.185648134014897e-9
-31.77,1.1569644036740748e-7,-3.1917848285557324e-9
-31.76,1.1588641580935878e-7,-3.197934660818703e-9
-31.75,1.1607674812260246e-7,-3.2040976611634085e-9
-31.74,1.1626743805101436e-7,-3.2102738604151604e-9
-31.73,1.16458486340729e-7,-3.2164632888551484e-9
-31.72,1.1664989373933504e-7,-3.2226659773772244e-9
-31.71,1.1684166099609798e-7,-3.2288819567481245e-9
-31.7,1.1703378886183769e-7,-3.235111257777752e-9
-31.69,1.1722627808933979e-7,-3.2413539113443836e-9
-31.68,1.1741912943286823e-7,-3.247609948459713e-9
-31.67,1.1761234364843932e-7,-3.2538794002464185e-9
-31.66,1.1780592149391887e-7,-3.2601622978757257e-9
-31.65,1.1799986372882788e-7,-3.2664586724344417e-9
-31.64,1.1819417111413849e-7,-3.2727685554505747e-9
-31.63,1.1838884441290713e-7,-3.2790919781653566e-9
-31.62,1.1858388438954914e-7,-3.285428971934709e-9
-31.61,1.1877929181067965e-7,-3.291779568433217e-9
-31.6,1.1897506744422455e-7,-3.2981437993202167e-9
-31.59,1.1917121205991738e-7,-3.3045216961331753e-9
-31.58,1.1936772642948088e-7,-3.310913290748656e-9
-31.57,1.1956461132615387e-7,-3.317318614920391e-9
-31.56,1.1976186752492324e-7,-3.3237377005830887e-9
-31.55,1.1995949580259645e-7,-3.3301705797763572e-9
-31.54,1.2015749693782123e-7,-3.3366172847535082e-9
-31.53,1.2035587171027038e-7,-3.343077847402277e-9
-31.52,1.2055462090343278e-7,-3.3495522999224537e-9
-31.51,1.2075374529960934e-7,-3.3560406748466078e-9
-31.5,1.2095324568531008e-7,-3.362543004448236e-9
-31.49,1.211531228476234e-7,-3.369059321184082e-9
-31.48,1.2135337757566104e-7,-3.3755896577933126e-9
-31.47,1.2155401066048182e-7,-3.3821340466046505e-9
-31.46,1.21755022894795e-7,-3.388692520510946e-9
-31.45,1.2195641507313516e-7,-3.395265112365938e-9
-31.44,1.221581879917656e-7,-3.4018518549107413e-9
-31.43,1.223603424488909e-7,-3.4084527811461395e-9
-31.42,1.2256287924442805e-7,-3.415067924113591e-9
-31.41,1.22765799180089e-7,-3.4216973168300953e-9
-31.4,1.2296910305947725e-7,-3.4283409928010526e-9
-31.39,1.2317279168828833e-7,-3.4349989848025228e-9
-31.38,1.233768658725497e-7,-3.441671326773522e-9
-31.37,1.2358132642262486e-7,-3.4483580517171782e-9
-31.36,1.237861741486814e-7,-3.4550591932720566e-9
-31.35,1.239914098637273e-7,-3.4617747851109392e-9
-31.34,1.2419703438212587e-7,-3.468504860833284e-9
-31.33,1.2440304852027757e-7,-3.4752494542933695e-9
-31.32,1.2460945309635132e-7,-3.4820085993220395e-9
-31.31,1.2481624893056056e-7,-3.488782329818503e-9
-31.3,1.2502343684475714e-7,-3.4955706798539467e-9
-31.29,1.2523101766277258e-7,-3.50237368350562e-9
-31.28,1.2543899221011567e-7,-3.509191374892162e-9
-31.27,1.2564736131461173e-7,-3.5160237884237513e-9
-31.26,1.2585612580554802e-7,-3.522870958363773e-9
-31.25,1.260652865144567e-7,-3.5297329189980127e-9
-31.24,1.2627484427361192e-7,-3.536609705370582e-9
-31.23,1.264847999190426e-7,-3.543501351549277e-9
-31.22,1.2669515428731208e-7,-3.550407892447075e-9
-31.21,1.2690590821741795e-7,-3.557329362716167e-9
-31.2,1.2711706255013196e-7,-3.5642657974120017e-9
-31.19,1.2732861812801707e-7,-3.571217231394762e-9
-31.18,1.2754057579568211e-7,-3.5781836995958438e-9
-31.17,1.2775293639962456e-7,-3.5851652373109965e-9
-31.16,1.279657007882317e-7,-3.5921618796248312e-9
-31.15,1.2817886981174336e-7,-3.599173661917936e-9
-31.14,1.2839244432275208e-7,-3.6062006195238696e-9
-31.13,1.2860642517522363e-7,-3.6132427878056164e-9
-31.12,1.2882081322520313e-7,-3.6203002025512323e-9
-31.11,1.2903560933096426e-7,-3.6273728992194378e-9
-31.1,1.2925081435254433e-7,-3.634460913622684e-9
-31.09,1.2946642915183264e-7,-3.641564281448581e-9
-31.08,1.2968245459289706e-7,-3.64868303880483e-9
-31.07,1.2989889154140304e-7,-3.65581722151542e-9
-31.06,1.3011574086553133e-7,-3.662966865789924e-9
-31.05,1.3033300343486104e-7,-3.6701320076847493e-9
-31.04,1.3055068012137362e-7,-3.677312683480762e-9
-31.03,1.3076877179865245e-7,-3.6845089296236404e-9
-31.02,1.3098727934294364e-7,-3.691720782306471e-9
-31.01,1.3120620363156167e-7,-3.698948278262531e-9
-31.0,1.31425545544418e-7,-3.7061914541673786e-9
-30.99,1.3164530596325723e-7,-3.713450346594499e-9
-30.98,1.318654857719586e-7,-3.7207249924008777e-9
-30.97,1.3208608585620933e-7,-3.728015428357618e-9
-30.96,1.3230710710376832e-7,-3.73532169150874e-9
-30.95,1.325285504046337e-7,-3.742643818946387e-9
-30.94,1.327504166505365e-7,-3.749981847880686e-9
-30.93,1.3297270673524694e-7,-3.757335815377954e-9
-30.92,1.3319542155473645e-7,-3.764705759013942e-9
-30.91,1.3341856200700103e-7,-3.772091715981683e-9
-30.9,1.3364212899194137e-7,-3.779493723956295e-9
-30.89,1.3386612341156292e-7,-3.786911820623593e-9
-30.88,1.340905461699735e-7,-3.794346043551607e-9
-30.87,1.34315398173368e-7,-3.8017964305457455e-9
-30.86,1.345406803298621e-7,-3.8092630195410905e-9
-30.85,1.3476639354980702e-7,-3.816745848554179e-9
-30.84,1.3499253874548165e-7,-3.824244955517737e-9
-30.83,1.3521911683125128e-7,-3.83176037880965e-9
-30.82,1.3544612872371884e-7,-3.8392921565504335e-9
-30.81,1.356735753413408e-7,-3.8468403272040885e-9
-30.8,1.3590145760479617e-7,-3.8544049290793146e-9
-30.79,1.3612977643683577e-7,-3.861986000901664e-9
-30.78,1.363585327626275e-7,-3.869583581278252e-9
-30.77,1.3658772750882002e-7,-3.87719770887899e-9
-30.76,1.3681736160455752e-7,-3.884828422500216e-9
-30.75,1.3704743598113138e-7,-3.892475761195893e-9
-30.74,1.3727795157174655e-7,-3.900139763955205e-9
-30.73,1.3750890931206883e-7,-3.90782046982572e-9
-30.72,1.377403101393848e-7,-3.915517918205031e-9
-30.71,1.3797215499348287e-7,-3.9232321480198795e-9
-30.7,1.3820444481650364e-7,-3.930963199105845e-9
-30.69,1.3843718055218888e-7,-3.938711110793741e-9
-30.68,1.386703631467815e-7,-3.946475922711764e-9
-30.67,1.389039935486081e-7,-3.954257674476755e-9
-30.66,1.3913807270804647e-7,-3.962056405965624e-9
-30.65,1.3937260157787782e-7,-3.969872157168171e-9
-30.64,1.3960758111279832e-7,-3.977704967827859e-9
-30.63,1.3984301226991812e-7,-3.985554878295296e-9
-30.62,1.400788960083408e-7,-3.993421928655289e-9
-30.61,1.4031523328937292e-7,-4.001306159075072e-9
-30.6,1.4055202507682296e-7,-4.009207610175738e-9
-30.59,1.407892723361892e-7,-4.0171263223491085e-9
-30.58,1.410269760355234e-7,-4.025062336098874e-9
-30.57,1.4126513714494908e-7,-4.033015692223004e-9
-30.56,1.4150375663689951e-7,-4.040986431415954e-9
-30.55,1.4174283548595205e-7,-4.048974594656948e-9
-30.54,1.4198237466898735e-7,-4.056980222888068e-9
-30.53,1.422223751651312e-7,-4.065003357095535e-9
-30.52,1.424628379551867e-7,-4.07304403874117e-9
-30.51,1.4270376402341736e-7,-4.08110230885509e-9
-30.5,1.429451543551674e-7,-4.0891782090412015e-9
-30.49,1.4318700993853334e-7,-4.097271780590695e-9
-30.48,1.4342933176373177e-7,-4.105383065072981e-9
-30.47,1.436721208233743e-7,-4.113512104407139e-9
-30.46,1.4391537811229685e-7,-4.121658940307107e-9
-30.45,1.4415910462758235e-7,-4.1298236145970714e-9
-30.44,1.444033013685422e-7,-4.138006169388937e-9
-30.43,1.4464796933689696e-7,-4.146206646593603e-9
-30.42,1.4489310953646636e-7,-4.154425088721455e-9
-30.41,1.4513872297360517e-7,-4.162661537830024e-9
-30.4,1.4538481065679782e-7,-4.170916036471168e-9
-30.39,1.4563137359679505e-7,-4.179188627165307e-9
-30.38,1.4587841280677523e-7,-4.187479352530849e-9
-30.37,1.4612592930224706e-7,-4.195788255356519e-9
-30.36,1.463739241009268e-7,-4.2041153781719456e-9
-30.35,1.4662239822299226e-7,-4.212460764338896e-9
-30.34,1.4687135269081183e-7,-4.220824456661464e-9
-30.33,1.47120788529201e-7,-4.229206498371114e-9
-30.32,1.4737070676527682e-7,-4.237606932665566e-9
-30.31,1.4762110842829283e-7,-4.246025803161721e-9
-30.3,1.478719945506458e-7,-4.254463152809251e-9
-30.29,1.4812336616597495e-7,-4.2629190257537775e-9
-30.28,1.4837522431092064e-7,-4.271393465249741e-9
-30.27,1.48627570024356e-7,-4.279886515353569e-9
-30.26,1.4888040434788882e-7,-4.288398219916444e-9
-30.25,1.4913372832492063e-7,-4.296928622930612e-9
-30.24,1.4938754300162244e-7,-4.305477768468842e-9
-30.23,1.4964184942640236e-7,-4.314045700739523e-9
-30.22,1.4989664865012675e-7,-4.3226324642040745e-9
-30.21,1.5015194172606836e-7,-4.331238103239905e-9
-30.2,1.5040772970992748e-7,-4.339862662303367e-9
-30.19,1.5066401365970772e-7,-4.348506186166799e-9
-30.18,1.509207946360419e-7,-4.357168719554948e-9
-30.17,1.511780737020922e-7,-4.365850307141139e-9
-30.16,1.514358519223072e-7,-4.374550994718794e-9
-30.15,1.5169413036554679e-7,-4.383270826404908e-9
-30.14,1.5195291010157614e-7,-4.392009847880802e-9
-30.13,1.5221219220310227e-7,-4.400768104498499e-9
-30.12,1.5247197774561278e-7,-4.409545641536651e-9
-30.11,1.5273226780627768e-7,-4.418342504657322e-9
-30.1,1.5299306346547241e-7,-4.42715873947519e-9
-30.09,1.5325436580584105e-7,-4.435994391591814e-9
-30.08,1.535161759121908e-7,-4.444849507254574e-9
-30.07,1.5377849487219338e-7,-4.453724132058582e-9
-30.06,1.5404132377586514e-7,-4.46261831236465e-9
-30.05,1.5430466371572722e-7,-4.4715320944432836e-9
-30.04,1.5456851578683543e-7,-4.480465524364425e-9
-30.03,1.5483288108692277e-7,-4.489418648608313e-9
-30.02,1.5509776071536457e-7,-4.498391514297379e-9
-30.01,1.5536315577540238e-7,-4.5073841675240325e-9
-30.0,1.5562906737199472e-7,-4.516396655074402e-9
-29.99,1.558954966126996e-7,-4.525429024045061e-9
-29.98,1.5616244460769213e-7,-4.534481321472382e-9
-29.97,1.5642991246980593e-7,-4.543553594408407e-9
-29.96,1.566979013140978e-7,-4.552645890113555e-9
-29.95,1.5696641225863382e-7,-4.561758256053445e-9
-29.94,1.572354464236663e-7,-4.5708907395020035e-9
-29.93,1.575050049321567e-7,-4.5800433883040955e-9
-29.92,1.5777508890984285e-7,-4.5892162499499225e-9
-29.91,1.580456994846751e-7,-4.598409372467343e-9
-29.9,1.5831683778725272e-7,-4.607622803692403e-9
-29.89,1.5858850495109681e-7,-4.616856591726309e-9
-29.88,1.5886070211197745e-7,-4.6261107847835545e-9
-29.87,1.591334304084766e-7,-4.635385431215147e-9
-29.86,1.5940669098165645e-7,-4.644680579250259e-9
-29.85,1.5968048497536166e-7,-4.6539962775798216e-9
-29.84,1.5995481353588568e-7,-4.663332574829542e-9
-29.83,1.6022967781209807e-7,-4.6726895198036445e-9
-29.82,1.6050507895594956e-7,-4.682067161369828e-9
-29.81,1.6078101812149984e-7,-4.691465548576017e-9
-29.8,1.6105749646565606e-7,-4.70088473061701e-9
-29.79,1.6133451514810535e-7,-4.7103247565917715e-9
-29.78,1.616120753309614e-7,-4.719785675981914e-9
-29.77,1.6189017817926397e-7,-4.7292675383623494e-9
-29.76,1.6216882486058248e-7,-4.738770393192143e-9
-29.75,1.6244801654510078e-7,-4.748294290390852e-9
-29.74,1.6272775440591312e-7,-4.757839279707569e-9
-29.73,1.6300803961856006e-7,-4.767405411066707e-9
-29.72,1.6328887336138615e-7,-4.776992734821958e-9
-29.71,1.6357025681552105e-7,-4.786601301015268e-9
-29.7,1.6385219116473378e-7,-4.796231160067097e-9
-29.69,1.641346775954646e-7,-4.805882362422627e-9
-29.68,1.6441771729697548e-7,-4.815554958673343e-9
-29.67,1.6470131146116198e-7,-4.825248999665349e-9
-29.66,1.6498546128267617e-7,-4.834964536088367e-9
-29.65,1.6527016795901146e-7,-4.844701619030925e-9
-29.64,1.6555543269047593e-7,-4.854460299683277e-9
-29.63,1.6584125667978127e-7,-4.864240628978526e-9
-29.62,1.661276411326603e-7,-4.8740426584993146e-9
-29.61,1.6641458725784515e-7,-4.883866439712652e-9
-29.6,1.6670209626632842e-7,-4.893712024123834e-9
-29.59,1.6699016937216398e-7,-4.903579463676097e-9
-29.58,1.6727880779231545e-7,-4.913468809992499e-9
-29.57,1.6756801274626324e-7,-4.92338011521764e-9
-29.56,1.6785778545646884e-7,-4.933313431247028e-9
-29.55,1.6814812714830807e-7,-4.943268810551429e-9
-29.54,1.6843903904983074e-7,-4.953246305423609e-9
-29.53,1.6873052239170394e-7,-4.963245968339388e-9
-29.52,1.6902257840773018e-7,-4.9732678519362746e-9
-29.51,1.69315208334445e-7,-4.983312008939063e-9
-29.5,1.6960841341143536e-7,-4.9933784923309665e-9
-29.49,1.6990219488068286e-7,-5.003467355020968e-9
-29.48,1.7019655398749715e-7,-5.013578650113667e-9
-29.47,1.704914919797087e-7,-5.0237124310625694e-9
-29.46,1.7078701010805466e-7,-5.033868751106153e-9
-29.45,1.7108310962661268e-7,-5.044047663842528e-9
-29.44,1.7137979179154729e-7,-5.054249222862349e-9
-29.43,1.7167705786260277e-7,-5.0644734821185615e-9
-29.42,1.71974909102199e-7,-5.0747204954408205e-9
-29.41,1.7227334677540613e-7,-5.084990316835278e-9
-29.4,1.7257237215060986e-7,-5.095283000607439e-9
-29.39,1.7287198649877423e-7,-5.105598600910335e-9
-29.38,1.7317219109410032e-7,-5.115937172387302e-9
-29.37,1.734729872134248e-7,-5.126298769621779e-9
-29.36,1.737743761368058e-7,-5.136683447182735e-9
-29.35,1.740763591471141e-7,-5.147091259974834e-9
-29.34,1.7437893752988895e-7,-5.157522263177413e-9
-29.33,1.7468211257418636e-7,-5.167976511634167e-9
-29.32,1.749858855716946e-7,-5.178454060712651e-9
-29.31,1.752902578170388e-7,-5.188954965947191e-9
-29.3,1.7559523060791485e-7,-5.199479282716201e-9
-29.29,1.7590080524515348e-7,-5.210027066664532e-9
-29.28,1.7620698303221695e-7,-5.2205983736819595e-9
-29.27,1.7651376527595474e-7,-5.231193259821464e-9
-29.26,1.7682115328594204e-7,-5.241811780863557e-9
-29.25,1.7712914837491675e-7,-5.252453993259972e-9
-29.24,1.7743775185871348e-7,-5.2631199532010325e-9
-29.23,1.7774696505593365e-7,-5.273809717391991e-9
-29.22,1.780567892884211e-7,-5.284523342091753e-9
-29.21,1.7836722588091606e-7,-5.295260884447962e-9
-29.2,1.7867827616155404e-7,-5.3060224011602765e-9
-29.19,1.7898994146116718e-7,-5.316807949346106e-9
-29.18,1.7930222311356665e-7,-5.327617586094286e-9
-29.17,1.7961512245614567e-7,-5.338451368979118e-9
-29.16,1.7992864082877368e-7,-5.349309354998326e-9
-29.15,1.8024277957500601e-7,-5.3601916021046316e-9
-29.14,1.8055754004094808e-7,-5.371098168037654e-9
-29.13,1.8087292357621051e-7,-5.382029110567885e-9
-29.12,1.811889315332237e-7,-5.392984487726548e-9
-29.11,1.8150556526768406e-7,-5.4039643578063245e-9
-29.1,1.8182282613857618e-7,-5.4149687788600735e-9
-29.09,1.8214071550749298e-7,-5.425997809773935e-9
-29.08,1.824592347399009e-7,-5.437051508421077e-9
-29.07,1.8277838520364791e-7,-5.448129934157394e-9
-29.06,1.8309816827029194e-7,-5.4592331456924265e-9
-29.05,1.8341858531426398e-7,-5.470361202106508e-9
-29.04,1.8373963771339797e-7,-5.481514162344801e-9
-29.03,1.840613268483283e-7,-5.492692085864926e-9
-29.02,1.8438365410337074e-7,-5.50389503216553e-9
-29.01,1.8470662086567544e-7,-5.515123060760361e-9
-29.0,1.85030228525667e-7,-5.5263762315153896e-9
-28.99,1.8535447847697526e-7,-5.5376546041346495e-9
-28.98,1.856793721165071e-7,-5.5489582388132885e-9
-28.97,1.8600491084419424e-7,-5.560287195660865e-9
-28.96,1.8633109606355268e-7,-5.5716415350204904e-9
-28.95,1.8665792918101932e-7,-5.583021317292335e-9
-28.94,1.8698541160638984e-7,-5.594426603240938e-9
-28.93,1.8731354475268467e-7,-5.605857453493096e-9
-28.92,1.8764233003626814e-7,-5.617313929094258e-9
-28.91,1.8797176887653806e-7,-5.628796091054545e-9
-28.9,1.883018626964927e-7,-5.640304000657796e-9
-28.89,1.8863261292215618e-7,-5.651837719107445e-9
-28.88,1.889640209829982e-7,-5.663397308058809e-9
-28.87,1.8929608831166085e-7,-5.674982829050599e-9
-28.86,1.8962881634418057e-7,-5.6865943440220745e-9
-28.85,1.899622065198823e-7,-5.698231914850034e-9
-28.84,1.9029626028129693e-7,-5.7098956039029774e-9
-28.83,1.9063097907449733e-7,-5.721585473066897e-9
-28.82,1.9096636434876737e-7,-5.733301584953386e-9
-28.81,1.913024175562251e-7,-5.7450440021609046e-9
-28.8,1.9163914015429014e-7,-5.756812787104513e-9
-28.79,1.9197653360091148e-7,-5.768608003230818e-9
-28.78,1.9231459935931094e-7,-5.7804297130686835e-9
-28.77,1.9265333889544787e-7,-5.792277979933443e-9
-28.76,1.9299275367893366e-7,-5.804152867348891e-9
-28.75,1.933328451826142e-7,-5.816054438561186e-9
-28.74,1.9367361488261245e-7,-5.827982757373587e-9
-28.73,1.9401506425871245e-7,-5.8399378873611225e-9
-28.72,1.943571947939921e-7,-5.851919892765866e-9
-28.71,1.9470000797496869e-7,-5.863928837573424e-9
-28.7,1.9504350529147697e-7,-5.8759647858460575e-9
-28.69,1.9538768823690694e-7,-5.888027802344108e-9
-28.68,1.9573255830816518e-7,-5.900117951456072e-9
-28.67,1.960781170052854e-7,-5.912235297919211e-9
-28.66,1.9642436583232084e-7,-5.924379906567318e-9
-28.65,1.9677130629624274e-7,-5.936551842600382e-9
-28.64,1.9711893990780684e-7,-5.948751171192054e-9
-28.63,1.9746726818105549e-7,-5.960977957538512e-9
-28.62,1.978162926338133e-7,-5.973232267284328e-9
-28.61,1.9816601478717871e-7,-5.985514166140301e-9
-28.6,1.985164361657709e-7,-5.997823719888418e-9
-28.59,1.9886755829780126e-7,-6.010160994594973e-9
-28.58,1.9921938271491403e-7,-6.0225260564110425e-9
-28.57,1.9957191095250184e-7,-6.0349189713574475e-9
-28.56,1.9992514454927377e-7,-6.0473398063551255e-9
-28.55,2.0027908504752845e-7,-6.059788627851663e-9
-28.54,2.006337339933166e-7,-6.0722655025368504e-9
-28.53,2.009890929358288e-7,-6.084770497637169e-9
-28.52,2.013451634283693e-7,-6.097303680071967e-9
-28.51,2.0170194702742738e-7,-6.109865117187832e-9
-28.5,2.020594452933395e-7,-6.1224548764479755e-9
-28.49,2.02417659789823e-7,-6.135073025437806e-9
-28.48,2.0277659208434047e-7,-6.147719631907466e-9
-28.47,2.031362437479817e-7,-6.160394763997728e-9
-28.46,2.0349661635535668e-7,-6.173098489531752e-9
-28.45,2.038577114847542e-7,-6.185830876929017e-9
-28.44,2.0421953071819587e-7,-6.198591994639154e-9
-28.43,2.045820756413267e-7,-6.211381911190455e-9
-28.42,2.0494534784329115e-7,-6.224200695423463e-9
-28.41,2.0530934891706605e-7,-6.2370484161872045e-9
-28.4,2.0567408045927957e-7,-6.249925142845106e-9
-28.39,2.060395440702793e-7,-6.262830944201872e-9
-28.38,2.064057413539278e-7,-6.27576589010757e-9
-28.37,2.067726739179876e-7,-6.288730049925685e-9
-28.36,2.0714034337378702e-7,-6.301723493533431e-9
-28.35,2.0750875133670092e-7,-6.314746290850299e-9
-28.34,2.0787789942509162e-7,-6.327798512069159e-9
-28.33,2.082477892621003e-7,-6.340880227234127e-9
-28.32,2.0861842247373197e-7,-6.353991506973852e-9
-28.31,2.0898980069007132e-7,-6.36713242186559e-9
-28.3,2.0936192554522374e-7,-6.380303042714365e-9
-28.29,2.0973479867644303e-7,-6.3935034404716145e-9
-28.28,2.101084217253808e-7,-6.406733686302073e-9
-28.27,2.1048279633711913e-7,-6.419993851474516e-9
-28.26,2.108579241606996e-7,-6.4332840075162635e-9
-28.25,2.112338068489133e-7,-6.446604225887919e-9
-28.24,2.1161044605828304e-7,-6.4599545785499825e-9
-28.23,2.119878434495049e-7,-6.473335137361212e-9
-28.22,2.1236600068645198e-7,-6.486745974860375e-9
-28.21,2.1274491943756127e-7,-6.5001871630060565e-9
-28.2,2.131246013747084e-7,-6.513658774351345e-9
-28.19,2.1350504817349495e-7,-6.5271608818220976e-9
-28.18,2.138862615138188e-7,-6.540693558004336e-9
-28.17,2.1426824307917522e-7,-6.554256876113541e-9
-28.16,2.14650994557167e-7,-6.5678509093434195e-9
-28.15,2.1503451763899481e-7,-6.581475731009657e-9
-28.14,2.1541881401985357e-7,-6.595131414722379e-9
-28.13,2.158038853990377e-7,-6.608818034208083e-9
-28.12,2.161897334796632e-7,-6.622535663386979e-9
-28.11,2.165763599684807e-7,-6.636284376341085e-9
-28.1,2.1696376657669667e-7,-6.650064247434076e-9
-28.09,2.173519550191404e-7,-6.6638753510187285e-9
-28.08,2.1774092701464598e-7,-6.677717761868921e-9
-28.07,2.1813068428615065e-7,-6.6915915545551225e-9
-28.06,2.1852122856021706e-7,-6.705496804412789e-9
-28.05,2.1891256156800393e-7,-6.7194335862870665e-9
-28.04,2.193046850440499e-7,-6.733401975691978e-9
-28.03,2.1969760072716234e-7,-6.747402048103525e-9
-28.02,2.200913103602808e-7,-6.761433879311107e-9
-28.01,2.2048581568995243e-7,-6.7754975451825655e-9
-28.0,2.2088111846729906e-7,-6.789593121768609e-9
-27.99,2.212772204472217e-7,-6.8037206854047575e-9
-27.98,2.2167412338860747e-7,-6.8178803123711785e-9
-27.97,2.220718290542929e-7,-6.832072079463512e-9
-27.96,2.2247033921164938e-7,-6.846296063406032e-9
-27.95,2.228696556316916e-7,-6.860552341248227e-9
-27.94,2.2326978008966056e-7,-6.87484099014255e-9
-27.93,2.2367071436490128e-7,-6.88916208749885e-9
-27.92,2.2407246024083833e-7,-6.9035157108475204e-9
-27.91,2.2447501950504243e-7,-6.917901937829753e-9
-27.9,2.248783939493717e-7,-6.932320846488014e-9
-27.89,2.252825853693248e-7,-6.946772514832541e-9
-27.88,2.2568759556520705e-7,-6.961257021312227e-9
-27.87,2.2609342634098613e-7,-6.9757744443443105e-9
-27.86,2.2650007950478142e-7,-6.990324862377099e-9
-27.85,2.2690755686919889e-7,-7.004908354474346e-9
-27.84,2.2731586025104264e-7,-7.019524999780392e-9
-27.83,2.2772499147090646e-7,-7.034174877356218e-9
-27.82,2.2813495235374275e-7,-7.048858066689569e-9
-27.81,2.2854574472910604e-7,-7.063574647417568e-9
-27.8,2.289573704303325e-7,-7.078324699336901e-9
-27.79,2.2936983129490904e-7,-7.09310830234867e-9
-27.78,2.2978312916509332e-7,-7.107925536747108e-9
-27.77,2.3019726588676683e-7,-7.122776482932651e-9
-27.76,2.3061224331055995e-7,-7.137661221386963e-9
-27.75,2.3102806329114077e-7,-7.152579832925304e-9
-27.74,2.3144472768738405e-7,-7.16753239840314e-9
-27.73,2.3186223836276908e-7,-7.1825189990622355e-9
-27.72,2.3228059718462397e-7,-7.197539716287737e-9
-27.71,2.326998060249685e-7,-7.212594631556697e-9
-27.7,2.331198667600307e-7,-7.22768382654066e-9
-27.69,2.335407812702683e-7,-7.242807383259544e-9
-27.68,2.3396255144049904e-7,-7.2579653838012436e-9
-27.67,2.3438517916009866e-7,-7.27315791032617e-9
-27.66,2.3480866632238903e-7,-7.2883850456798375e-9
-27.65,2.3523301482540258e-7,-7.3036468723053375e-9
-27.64,2.356582265715362e-7,-7.318943473054801e-9
-27.63,2.3608430346750048e-7,-7.334274931255025e-9
-27.62,2.3651124742415367e-7,-7.34964133012556e-9
-27.61,2.3693906035714168e-7,-7.365042753007261e-9
-27.6,2.3736774418635793e-7,-7.380479283849333e-9
-27.59,2.3779730083586778e-7,-7.395951006552926e-9
-27.58,2.38227732235357e-7,-7.411458004525214e-9
-27.57,2.3865904031712814e-7,-7.4270003629203786e-9
-27.56,2.3909122701910897e-7,-7.442578165795797e-9
-27.55,2.395242942834578e-7,-7.45819149802427e-9
-27.54,2.399582440568284e-7,-7.473840444389541e-9
-27.53,2.403930782902764e-7,-7.489525090183698e-9
-27.52,2.4082879893941756e-7,-7.505245520345403e-9
-27.51,2.4126540796447116e-7,-7.52100182055002e-9
-27.5,2.4170290732996503e-7,-7.536794076564152e-9
-27.49,2.421412990051448e-7,-7.552622374203663e-9
-27.48,2.425805849635082e-7,-7.568486799614387e-9
-27.47,2.430207671835088e-7,-7.58438743903168e-9
-27.46,2.4346184764771584e-7,-7.600324379145122e-9
-27.45,2.439038283437106e-7,-7.616297706433032e-9
-27.44,2.4434671126334786e-7,-7.632307507938671e-9
-27.43,2.447904984032832e-7,-7.648353870873497e-9
-27.42,2.452351917644783e-7,-7.664436882417577e-9
-27.41,2.456807933528024e-7,-7.680556630178777e-9
-27.4,2.461273051785437e-7,-7.696713201950618e-9
-27.39,2.465747292567046e-7,-7.712906685702474e-9
-27.38,2.4702306760689964e-7,-7.729137169382224e-9
-27.37,2.474723222535629e-7,-7.74540474160333e-9
-27.36,2.479224952255e-7,-7.761709490829841e-9
-27.35,2.4837358855643123e-7,-7.778051505804007e-9
-27.34,2.4882560428454566e-7,-7.794430875656404e-9
-27.33,2.4927854445293396e-7,-7.810847689540866e-9
-27.32,2.4973241110916403e-7,-7.827302036875717e-9
-27.31,2.5018720630594763e-7,-7.843794007228589e-9
-27.3,2.5064293209996696e-7,-7.860323690411681e-9
-27.29,2.5109959055353784e-7,-7.87689117658278e-9
-27.28,2.515571837331509e-7,-7.893496555957648e-9
-27.27,2.520157137101328e-7,-7.910139919062539e-9
-27.26,2.524751825606812e-7,-7.926821356485411e-9
-27.25,2.5293559236560275e-7,-7.943540959201026e-9
-27.24,2.5339694521063636e-7,-7.960298818129272e-9
-27.23,2.538592431865007e-7,-7.977095025031886e-9
-27.22,2.543224883884294e-7,-7.993929670918961e-9
-27.21,2.547866829163797e-7,-8.01080284785788e-9
-27.2,2.552518288754986e-7,-8.027714647822869e-9
-27.19,2.5571792837564976e-7,-8.044665162882202e-9
-27.18,2.561849835312811e-7,-8.061654485547191e-9
-27.17,2.5665299646222967e-7,-8.078682708236764e-9
-27.16,2.5712196929286605e-7,-8.095749924137047e-9
-27.15,2.5759190415221107e-7,-8.11285622587195e-9
-27.14,2.580628031746485e-7,-8.130001707136973e-9
-27.13,2.5853466849928205e-7,-8.147186461050224e-9
-27.12,2.5900750227008755e-7,-8.164410581569986e-9
-27.11,2.5948130663620964e-7,-8.181674162556323e-9
-27.1,2.599560837511007e-7,-8.198977298039298e-9
-27.09,2.6043183577417546e-7,-8.216320082622548e-9
-27.08,2.6090856486879095e-7,-8.23370261061698e-9
-27.07,2.6138627320394115e-7,-8.251124976971651e-9
-27.06,2.6186496295324e-7,-8.26858727678399e-9
-27.05,2.6234463629570205e-7,-8.286089605227645e-9
-27.04,2.628252954147808e-7,-8.303632057646633e-9
-27.03,2.633069424994039e-7,-8.321214729955449e-9
-27.02,2.63789579743442e-7,-8.338837717940292e-9
-27.01,2.6427320934577136e-7,-8.356501117779651e-9
-27.0,2.647578335100597e-7,-8.37420502592752e-9
-26.99,2.6524345444557575e-7,-8.391949538846584e-9
-26.98,2.657300743660478e-7,-8.409734753410814e-9
-26.97,2.6621769549103597e-7,-8.427560766391763e-9
-26.96,2.6670632004426046e-7,-8.445427675544645e-9
-26.95,2.6719595025540016e-7,-8.463335578155782e-9
-26.94,2.676865883586812e-7,-8.481284571737438e-9
-26.93,2.6817823659385805e-7,-8.499274754504072e-9
-26.92,2.6867089720557554e-7,-8.517306224380126e-9
-26.91,2.691645724436217e-7,-8.535379080074402e-9
-26.9,2.6965926456317153e-7,-8.55349342000897e-9
-26.89,2.7015497582432777e-7,-8.571649343042594e-9
-26.88,2.7065170849256793e-7,-8.589846948161281e-9
-26.87,2.711494648384313e-7,-8.608086335006106e-9
-26.86,2.7164824713769417e-7,-8.626367602881646e-9
-26.85,2.7214805767142264e-7,-8.644690851570861e-9
-26.84,2.7264889872588846e-7,-8.66305618115215e-9
-26.83,2.7315077259254224e-7,-8.681463691733558e-9
-26.82,2.7365368156824156e-7,-8.699913483848232e-9
-26.81,2.741576279548834e-7,-8.718405658437696e-9
-26.8,2.7466261405973515e-7,-8.736940316129388e-9
-26.79,2.7516864219554464e-7,-8.755517557993149e-9
-26.78,2.7567571468011627e-7,-8.774137485836217e-9
-26.77,2.7618383383664436e-7,-8.792800200994821e-9
-26.76,2.7669300199364986e-7,-8.81150580541248e-9
-26.75,2.7720322148508466e-7,-8.830254401132134e-9
-26.74,2.7771449465003305e-7,-8.849046090549311e-9
-26.73,2.782268238332509e-7,-8.86788097622578e-9
-26.72,2.78740211384414e-7,-8.886759161019252e-9
-26.71,2.7925465965911443e-7,-8.905680747963177e-9
-26.7,2.7977017101781475e-7,-8.924645840304159e-9
-26.69,2.802867478268971e-7,-8.943654541582247e-9
-26.68,2.808043924577882e-7,-8.96270695539864e-9
-26.67,2.8132310728740874e-7,-8.981803186085432e-9
-26.66,2.8184289469832647e-7,-9.000943337561774e-9
-26.65,2.823637570784137e-7,-9.02012751438698e-9
-26.64,2.8288569682072137e-7,-9.039355821487294e-9
-26.63,2.8340871632435684e-7,-9.058628363436191e-9
-26.62,2.8393281799351753e-7,-9.077945245680536e-9
-26.61,2.8445800423810303e-7,-9.09730657363388e-9
-26.6,2.8498427747326325e-7,-9.116712452971463e-9
-26.59,2.855116401199393e-7,-9.136162989510417e-9
-26.58,2.8604009460458137e-7,-9.155658289408144e-9
-26.57,2.8656964335900325e-7,-9.175198459192384e-9
-26.56,2.8710028882083793e-7,-9.194783605540104e-9
-26.55,2.8763203343297683e-7,-9.214413835048996e-9
-26.54,2.8816487964402506e-7,-9.234089255315666e-9
-26.53,2.886988299085316e-7,-9.253809973137896e-9
-26.52,2.8923388668619094e-7,-9.273576096597791e-9
-26.51,2.8977005244231707e-7,-9.293387733256147e-9
-26.5,2.903073296483188e-7,-9.313244991573727e-9
-26.49,2.908457207807653e-7,-9.333147979613463e-9
-26.48,2.913852283220896e-7,-9.353096805994623e-9
-26.47,2.919258547603953e-7,-9.373091579799877e-9
-26.46,2.924676025894625e-7,-9.393132409796405e-9
-26.45,2.9301047430869414e-7,-9.413219405610973e-9
-26.44,2.9355447242344755e-7,-9.433352676690848e-9
-26.43,2.9409959944431536e-7,-9.453532332926783e-9
-26.42,2.946458578881785e-7,-9.473758484271927e-9
-26.41,2.951932502771563e-7,-9.494031241323452e-9
-26.4,2.957417791396221e-7,-9.51435071445995e-9
-26.39,2.962914470092563e-7,-9.534717014659348e-9
-26.38,2.9684225642588375e-7,-9.55513025295951e-9
-26.37,2.973942099347802e-7,-9.5755905407998e-9
-26.36,2.97947310087362e-7,-9.596097989282755e-9
-26.35,2.9850155944062487e-7,-9.616652710827733e-9
-26.34,2.990569605575552e-7,-9.637254817355072e-9
-26.33,2.9961351600677755e-7,-9.657904421205614e-9
-26.32,3.001712283631194e-7,-9.678601635060969e-9
-26.31,3.0073010020672714e-7,-9.69934657157119e-9
-26.3,3.012901341242396e-7,-9.720139343991958e-9
-26.29,3.018513327078924e-7,-9.74098006571728e-9
-26.28,3.024136985556167e-7,-9.761868850239822e-9
-26.27,3.0297723427163214e-7,-9.782805811469534e-9
-26.26,3.035419424659622e-7,-9.80379106371013e-9
-26.25,3.0410782575442095e-7,-9.824824721172775e-9
-26.24,3.0467488675910805e-7,-9.84590689869397e-9
-26.23,3.052431281076262e-7,-9.867037710808316e-9
-26.22,3.0581255243400264e-7,-9.888217273026238e-9
-26.21,3.0638316237810513e-7,-9.909445700548053e-9
-26.2,3.0695496058557693e-7,-9.930723109297963e-9
-26.19,3.0752794970839014e-7,-9.952049614926423e-9
-26.18,3.0810213240429165e-7,-9.973425333841866e-9
-26.17,3.086775113375441e-7,-9.99485038237332e-9
-26.16,3.09254089177857e-7,-1.0016324877163429e-8
-26.15,3.09831868601462e-7,-1.0037848935433491e-8
-26.14,3.104108522903491e-7,-1.0059422674215025e-8
-26.13,3.109910429327834e-7,-1.0081046211074432e-8
-26.12,3.115724432231794e-7,-1.0102719663755852e-8
-26.11,3.12155055861968e-7,-1.0124443150347118e-8
-26.1,3.12738883555657e-7,-1.0146216789040126e-8
-26.09,3.1332392901710775e-7,-1.0168040698396117e-8
-26.08,3.1391019496511733e-7,-1.0189914997266252e-8
-26.07,3.144976841248408e-7,-1.0211839804589108e-8
-26.06,3.1508639922748495e-7,-1.0233815239878912e-8
-26.05,3.156763430105147e-7,-1.0255841422722066e-8
-26.04,3.162675182176251e-7,-1.0277918472827519e-8
-26.03,3.168599275986621e-7,-1.0300046510497375e-8
-26.02,3.174535739097581e-7,-1.0322225656019024e-8
-26.01,3.1804845991317716e-7,-1.0344456030120915e-8
-26.0,3.186445883777543e-7,-1.0366737753609903e-8
-25.99,3.1924196207827835e-7,-1.0389070947833953e-8
-25.98,3.19840583795929e-7,-1.041145573421774e-8
-25.97,3.204404563182888e-7,-1.0433892234515808e-8
-25.96,3.210415824391176e-7,-1.0456380570652897e-8
-25.95,3.216439649585263e-7,-1.047892086493993e-8
-25.94,3.222476066830646e-7,-1.0501513239870837e-8
-25.93,3.228525104255277e-7,-1.0524157818406949e-8
-25.92,3.2345867900511125e-7,-1.0546854723405444e-8
-25.91,3.240661152473862e-7,-1.0569604078386243e-8
-25.9,3.2467482198414617e-7,-1.0592406006828254e-8
-25.89,3.2528480205431595e-7,-1.0615260632767569e-8
-25.88,3.2589605830216627e-7,-1.0638168080196318e-8
-25.87,3.265085935792027e-7,-1.066112847370943e-8
-25.86,3.2712241074301475e-7,-1.0684141937982179e-8
-25.85,3.27737512657615e-7,-1.070720859784135e-8
-25.84,3.2835390219383636e-7,-1.0730328578606945e-8
-25.83,3.2897158222860777e-7,-1.075350200591668e-8
-25.82,3.295905556456136e-7,-1.0776729005702311e-8
-25.81,3.3021082533489763e-7,-1.0800009703763237e-8
-25.8,3.308323941931943e-7,-1.0823344226377838e-8
-25.79,3.314552651235643e-7,-1.0846732700328798e-8
-25.78,3.320794410358015e-7,-1.087017525252426e-8
-25.77,3.327049248461864e-7,-1.0893672010110772e-8
-25.76,3.3333171947750426e-7,-1.0917223100508522e-8
-25.75,3.3395982785943437e-7,-1.0940828651343693e-8
-25.74,3.3458925292782657e-7,-1.0964488791012656e-8
-25.73,3.352199976253988e-7,-1.0988203647376403e-8
-25.72,3.358520649014735e-7,-1.1011973349060907e-8
-25.71,3.3648545771209547e-7,-1.1035798024957024e-8
-25.7,3.371201790197979e-7,-1.1059677804307653e-8
-25.69,3.3775623179398715e-7,-1.1083612816321912e-8
-25.68,3.383936190105143e-7,-1.1107603190853963e-8
-25.67,3.390323436522611e-7,-1.1131649057607272e-8
-25.66,3.3967240870850195e-7,-1.1155750547061193e-8
-25.65,3.4031381717506904e-7,-1.1179907789592597e-8
-25.64,3.4095657205543736e-7,-1.1204120915893861e-8
-25.63,3.416006763588253e-7,-1.1228390057324447e-8
-25.62,3.4224613310182113e-7,-1.1252715344966481e-8
-25.61,3.4289294530724205e-7,-1.1277096910515683e-8
-25.6,3.435411160054562e-7,-1.1301534885994687e-8
-25.59,3.4419064823290376e-7,-1.1326029403600397e-8
-25.58,3.4484154503349015e-7,-1.135058059579226e-8
-25.57,3.454938094575053e-7,-1.1375188595310534e-8
-25.56,3.461474445622272e-7,-1.1399853535067876e-8
-25.55,3.468024534117346e-7,-1.1424575548540295e-8
-25.54,3.4745883907722853e-7,-1.1449354769340378e-8
-25.53,3.481166046364105e-7,-1.1474191331426284e-8
-25.52,3.4877575317424106e-7,-1.1499085368928648e-8
-25.51,3.494362877824429e-7,-1.1524037016239021e-8
-25.5,3.5009821155968196e-7,-1.1549046408247837e-8
-25.49,3.50761527611485e-7,-1.1574113680027881e-8
-25.48,3.514262390505592e-7,-1.1599238966676455e-8
-25.47,3.5209234899631395e-7,-1.1624422404011951e-8
-25.46,3.527598605755024e-7,-1.1649664127863743e-8
-25.45,3.53428776921474e-7,-1.16749642745071e-8
-25.44,3.5409910117458503e-7,-1.1700322980364285e-8
-25.43,3.547708364828248e-7,-1.1725740382022093e-8
-25.42,3.5544398600070173e-7,-1.1751216617025104e-8
-25.41,3.561185528897622e-7,-1.1776751822212204e-8
-25.4,3.5679454031869764e-7,-1.1802346135512018e-8
-25.39,3.5747195146358586e-7,-1.182799969462417e-8
-25.38,3.58150789507031e-7,-1.1853712637922344e-8
-25.37,3.5883105763943424e-7,-1.1879485103890092e-8
-25.36,3.595127590577333e-7,-1.1905317231366858e-8
-25.35,3.601958969663765e-7,-1.1931209159300325e-8
-25.34,3.6088047457665565e-7,-1.1957161027092623e-8
-25.33,3.615664951072199e-7,-1.1983172974507234e-8
-25.32,3.6225396178398397e-7,-1.200924514159263e-8
-25.31,3.6294287783993534e-7,-1.2035377668185925e-8
-25.3,3.636332465151811e-7,-1.2061570695220191e-8
-25.29,3.643250710570492e-7,-1.2087824363482463e-8
-25.28,3.650183547206678e-7,-1.2114138813884296e-8
-25.27,3.657131007676677e-7,-1.2140514187951322e-8
-25.26,3.6640931246715185e-7,-1.2166950627647926e-8
-25.25,3.6710699309561616e-7,-1.219344827464994e-8
-25.24,3.6780614593705127e-7,-1.2220007271288723e-8
-25.23,3.6850677428218316e-7,-1.2246627760434735e-8
-25.22,3.692088814296041e-7,-1.227330988463725e-8
-25.21,3.6991247068516095e-7,-1.2300053787303878e-8
-25.2,3.706175453615782e-7,-1.2326859611794533e-8
-25.19,3.713241087796218e-7,-1.2353727502018839e-8
-25.18,3.7203216426698536e-7,-1.2380657601879469e-8
-25.17,3.727417151587885e-7,-1.2407650055826549e-8
-25.16,3.7345276479779515e-7,-1.2434705008531548e-8
-25.15,3.7416531653421746e-7,-1.246182260493986e-8
-25.14,3.7487937372477325e-7,-1.2489002990566335e-8
-25.13,3.7559493973500586e-7,-1.2516246310493506e-8
-25.12,3.763120179373107e-7,-1.2543552710824219e-8
-25.11,3.770306117113219e-7,-1.2570922337735686e-8
-25.1,3.7775072444446596e-7,-1.2598355337565396e-8
-25.09,3.7847235953162954e-7,-1.2625851857193108e-8
-25.08,3.7919552037510167e-7,-1.2653412043533182e-8
-25.07,3.799202103847491e-7,-1.2681036044104178e-8
-25.06,3.806464329782616e-7,-1.2708724006301261e-8
-25.05,3.813741915803389e-7,-1.2736476078210344e-8
-25.04,3.8210348962371686e-7,-1.2764292408165833e-8
-25.03,3.8283433054873307e-7,-1.2792173144541016e-8
-25.02,3.8356671780284995e-7,-1.2820118436233153e-8
-25.01,3.843006548416707e-7,-1.2848128432451005e-8
-25.0,3.850361451280958e-7,-1.2876203282423717e-8
-24.99,3.8577319213279113e-7,-1.2904343136193039e-8
-24.98,3.865117993343929e-7,-1.2932548143663508e-8
-24.97,3.872519702185407e-7,-1.2960818455199237e-8
-24.96,3.879937082791092e-7,-1.298915422131247e-8
-24.95,3.887370170176135e-7,-1.3017555593154827e-8
-24.94,3.8948189994307767e-7,-1.3046022721816298e-8
-24.93,3.902283605722369e-7,-1.307455575899373e-8
-24.92,3.909764024298121e-7,-1.3103154856452908e-8
-24.91,3.917260290481443e-7,-1.3131820166371138e-8
-24.9,3.9247724396742776e-7,-1.316055184108877e-8
-24.89,3.9323005073558576e-7,-1.3189350033668478e-8
-24.88,3.939844529081429e-7,-1.3218214896888451e-8
-24.87,3.9474045404884135e-7,-1.3247146584222319e-8
-24.86,3.954980577292182e-7,-1.327614524924492e-8
-24.85,3.962572675281147e-7,-1.3305211046140146e-8
-24.84,3.970180870329896e-7,-1.3334344128997133e-8
-24.83,3.977805198385368e-7,-1.3363544652512958e-8
-24.82,3.9854456954768295e-7,-1.339281277161161e-8
-24.81,3.993102397713259e-7,-1.3422148641331757e-8
-24.8,4.000775341279338e-7,-1.3451552417239367e-8
-24.79,4.0084645624417144e-7,-1.3481024255179188e-8
-24.78,4.0161700975471236e-7,-1.351056431131333e-8
-24.77,4.0238919830195517e-7,-1.3540172741893142e-8
-24.76,4.0316302553649334e-7,-1.3569849703659766e-8
-24.75,4.0393849511662796e-7,-1.3599595353728368e-8
-24.74,4.0471561070895006e-7,-1.3629409849405512e-8
-24.73,4.0549437598796457e-7,-1.3659293348322896e-8
-24.72,4.0627479463609064e-7,-1.368924600841801e-8
-24.71,4.0705687034410075e-7,-1.3719267987823997e-8
-24.7,4.078406068105292e-7,-1.3749359445226342e-8
-24.69,4.0862600774207206e-7,-1.3779520539510442e-8
-24.68,4.094130768534495e-7,-1.3809751429827166e-8
-24.67,4.102018178678538e-7,-1.3840052275482352e-8
-24.66,4.10992234516141e-7,-1.387042323641349e-8
-24.65,4.117843305372668e-7,-1.3900864472665421e-8
-24.64,4.125781096788996e-7,-1.3931376144663592e-8
-24.63,4.133735756960441e-7,-1.3961958413114503e-8
-24.62,4.141707323529026e-7,-1.3992611438932806e-8
-24.61,4.1496958342094826e-7,-1.4023335383525949e-8
-24.6,4.15770132680312e-7,-1.4054130408323265e-8
-24.59,4.165723839191725e-7,-1.4084996675586096e-8
-24.58,4.1737634093411334e-7,-1.4115934347235046e-8
-24.57,4.181820075298315e-7,-1.4146943585983072e-8
-24.56,4.1898938751932963e-7,-1.4178024554714516e-8
-24.55,4.197984847237328e-7,-1.4209177416560373e-8
-24.54,4.2060930297292466e-7,-1.4240402334722813e-8
-24.53,4.214218461043526e-7,-1.4271699473429575e-8
-24.52,4.222361179645174e-7,-1.4303068996447442e-8
-24.51,4.230521224077355e-7,-1.4334511068195773e-8
-24.5,4.2386986329714326e-7,-1.43660258535247e-8
-24.49,4.2468934450353655e-7,-1.4397613517242934e-8
-24.48,4.255105699069548e-7,-1.4429274224835414e-8
-24.47,4.2633354339498604e-7,-1.4461008141843589e-8
-24.46,4.2715826886421124e-7,-1.4492815434228042e-8
-24.45,4.279847502195024e-7,-1.4524696268212726e-8
-24.44,4.2881299137398356e-7,-1.4556650810251582e-8
-24.43,4.2964299624939815e-7,-1.4588679227386246e-8
-24.42,4.304747687758153e-7,-1.4620781686721786e-8
-24.41,4.313083128920634e-7,-1.4652958355564121e-8
-24.4,4.32143632544884e-7,-1.4685209401957186e-8
-24.39,4.329807316903248e-7,-1.4717534993884988e-8
-24.38,4.338196142921384e-7,-1.4749935299592756e-8
-24.37,4.3466028432331467e-7,-1.4782410488100988e-8
-24.36,4.355027457647618e-7,-1.4814960728048533e-8
-24.35,4.3634700260633714e-7,-1.4847586189101352e-8
-24.34,4.3719305884644996e-7,-1.4880287040612089e-8
-24.33,4.3804091849203627e-7,-1.491306345273737e-8
-24.32,4.3889058555856395e-7,-1.494591559560688e-8
-24.31,4.3974206407015997e-7,-1.4978843639843342e-8
-24.3,4.40595358059774e-7,-1.5011847756258104e-8
-24.29,4.414504715687318e-7,-1.504492811602022e-8
-24.28,4.423074086470328e-7,-1.5078084890618303e-8
-24.27,4.4316617335341984e-7,-1.5111318251807994e-8
-24.26,4.440267697554024e-7,-1.5144628371864244e-8
-24.25,4.4488920192928574e-7,-1.5178015422841038e-8
-24.24,4.4575347395967e-7,-1.521147957790816e-8
-24.23,4.466195899403236e-7,-1.5245021009627114e-8
-24.22,4.4748755397331747e-7,-1.527863989177486e-8
-24.21,4.483573701699205e-7,-1.5312336397573343e-8
-24.2,4.49229042650287e-7,-1.5346110701264886e-8
-24.19,4.501025755425369e-7,-1.5379962976874747e-8
-24.18,4.509779729845243e-7,-1.541389339908802e-8
-24.17,4.5185523912223925e-7,-1.544790214280915e-8
-24.16,4.527343781108183e-7,-1.5481989383097086e-8
-24.15,4.536153941143832e-7,-1.551615529536297e-8
-24.14,4.5449829130532927e-7,-1.5550400055626065e-8
-24.13,4.553830738657547e-7,-1.558472383990025e-8
-24.12,4.5626974598591646e-7,-1.5619126824350586e-8
-24.11,4.5715831186507815e-7,-1.5653609186074636e-8
-24.1,4.580487757120546e-7,-1.5688171101767438e-8
-24.09,4.589411417438259e-7,-1.5722812748818664e-8
-24.08,4.598354141864104e-7,-1.5757534304890173e-8
-24.07,4.607315972752883e-7,-1.579233594790889e-8
-24.06,4.616296952545963e-7,-1.5827217856066057e-8
-24.05,4.6252971237699574e-7,-1.5862180208006378e-8
-24.04,4.6343165290524515e-7,-1.589722318238693e-8
-24.03,4.6433552110978743e-7,-1.5932346958504718e-8
-24.02,4.652413212711141e-7,-1.5967551715674655e-8
-24.01,4.661490576782775e-7,-1.6002837633843465e-8
-24.0,4.670587346294499e-7,-1.6038204892907223e-8
-23.99,4.679703564319694e-7,-1.6073653673241765e-8
-23.98,4.6888392740211725e-7,-1.6109184155607507e-8
-23.97,4.697994518653255e-7,-1.6144796520967635e-8
-23.96,4.707169341562185e-7,-1.6180490950482587e-8
-23.95,4.7163637861824643e-7,-1.6216267625790036e-8
-23.94,4.725577896043404e-7,-1.6252126728858414e-8
-23.93,4.7348117147614807e-7,-1.6288068441600725e-8
-23.92,4.744065286051562e-7,-1.6324092946932543e-8
-23.91,4.753338653712796e-7,-1.6360200427164687e-8
-23.9,4.7626318616423256e-7,-1.639639106577749e-8
-23.89,4.771944953823623e-7,-1.6432665045748013e-8
-23.88,4.781277974335848e-7,-1.6469022551079686e-8
-23.87,4.790630967350171e-7,-1.6505463765750087e-8
-23.86,4.800003977129377e-7,-1.654198887387572e-8
-23.85,4.80939704802732e-7,-1.657859806014156e-8
-23.84,4.81881022449379e-7,-1.6615291509532332e-8
-23.83,4.828243551069646e-7,-1.66520694069602e-8
-23.82,4.837697072387332e-7,-1.6688931938210088e-8
-23.81,4.847170833174339e-7,-1.6725879288835487e-8
-23.8,4.856664878249382e-7,-1.6762911644965115e-8
-23.79,4.866179252528765e-7,-1.680002919317431e-8
-23.78,4.875714001017198e-7,-1.6837232119747346e-8
-23.77,4.88526916881312e-7,-1.687452061214513e-8
-23.76,4.894844801113127e-7,-1.6911894857173605e-8
-23.75,4.904440943203431e-7,-1.6949355042620877e-8
-23.74,4.914057640465329e-7,-1.6986901356366272e-8
-23.73,4.923694938376428e-7,-1.7024533986462513e-8
-23.72,4.933352882505057e-7,-1.7062253121389108e-8
-23.71,4.943031518515063e-7,-1.71000589499643e-8
-23.7,4.952730892166336e-7,-1.713795166115982e-8
-23.69,4.962451049311032e-7,-1.7175931444273137e-8
-23.68,4.972192035898825e-7,-1.7213998488961886e-8
-23.67,4.98195389797099e-7,-1.7252152985107864e-8
-23.66,4.991736681665107e-7,-1.7290395123013015e-8
-23.65,5.001540433215489e-7,-1.7328725092966023e-8
-23.64,5.011365198949186e-7,-1.7367143085975437e-8
-23.63,5.021211025289451e-7,-1.7405649292958466e-8
-23.62,5.031077958757947e-7,-1.7444243905199142e-8
-23.61,5.040966045965095e-7,-1.7482927114743277e-8
-23.6,5.05087533362408e-7,-1.752169911312187e-8
-23.59,5.060805868540013e-7,-1.7560560092817092e-8
-23.58,5.070757697614678e-7,-1.7599510246164442e-8
-23.57,5.080730867847404e-7,-1.7638549765947534e-8
-23.56,5.090725426332255e-7,-1.767767884555056e-8
-23.55,5.100741420260413e-7,-1.77168976780453e-8
-23.54,5.110778896916966e-7,-1.7756206457261234e-8
-23.53,5.12083790368948e-7,-1.7795605377044563e-8
-23.52,5.13091848805436e-7,-1.7835094631642412e-8
-23.51,5.141020697591494e-7,-1.7874674415586248e-8
-23.5,5.15114457997499e-7,-1.7914344923581933e-8
-23.49,5.16129018297615e-7,-1.7954106350869886e-8
-23.48,5.171457554463997e-7,-1.7993958892631707e-8
-23.47,5.181646742402131e-7,-1.8033902744583197e-8
-23.46,5.191857794857103e-7,-1.807393810271264e-8
-23.45,5.202090759989506e-7,-1.811406516298431e-8
-23.44,5.212345686055142e-7,-1.8154284122093572e-8
-23.43,5.222622621413385e-7,-1.819459517666833e-8
-23.42,5.23292161451638e-7,-1.8234998523693486e-8
-23.41,5.243242713918363e-7,-1.827549436057558e-8
-23.4,5.253585968268009e-7,-1.831608288498167e-8
-23.39,5.263951426316059e-7,-1.8356764294349754e-8
-23.38,5.274339136906966e-7,-1.8397538787349916e-8
-23.37,5.284749148987876e-7,-1.8438406561917233e-8
-23.36,5.295181511602922e-7,-1.8479367816872027e-8
-23.35,5.305636273895182e-7,-1.8520422751237748e-8
-23.34,5.316113485105961e-7,-1.8561571564232234e-8
-23.33,5.326613194576164e-7,-1.8602814455173084e-8
-23.32,5.337135451744918e-7,-1.8644151623804485e-8
-23.31,5.347680306151526e-7,-1.8685583270327828e-8
-23.3,5.358247807433982e-7,-1.872710959477521e-8
-23.29,5.368838005328157e-7,-1.876873079798848e-8
-23.28,5.379450949674602e-7,-1.88104470805325e-8
-23.27,5.390086690407487e-7,-1.8852258643495402e-8
-23.26,5.400745277562671e-7,-1.8894165688297808e-8
-23.25,5.411426761278316e-7,-1.893616841651137e-8
-23.24,5.422131191789223e-7,-1.8978267029822136e-8
-23.23,5.432858619432502e-7,-1.90204617306322e-8
-23.22,5.443609094641195e-7,-1.9062752721140664e-8
-23.21,5.454382667956324e-7,-1.910514020410769e-8
-23.2,5.46517939001026e-7,-1.914762438222857e-8
-23.19,5.475999311543513e-7,-1.919020545870888e-8
-23.18,5.48684248339209e-7,-1.9232883637093522e-8
-23.17,5.497708956496385e-7,-1.9275659121001218e-8
-23.16,5.508598781893721e-7,-1.9318532114229042e-8
-23.15,5.519512010725536e-7,-1.9361502820892e-8
-23.14,5.530448694231561e-7,-1.9404571445565962e-8
-23.13,5.541408883755044e-7,-1.9447738192882676e-8
-23.12,5.552392630739188e-7,-1.949100326755422e-8
-23.11,5.563399986727716e-7,-1.9534366874943443e-8
-23.1,5.574431003369391e-7,-1.9577829220412882e-8
-23.09,5.585485732406642e-7,-1.9621390509572923e-8
-23.08,5.596564225691893e-7,-1.9665050948276993e-8
-23.07,5.607666535176047e-7,-1.970881074273697e-8
-23.06,5.61879271290974e-7,-1.9752670099172267e-8
-23.05,5.629942811047529e-7,-1.9796629224495855e-8
-23.04,5.641116881847744e-7,-1.98406883252165e-8
-23.03,5.652314977665137e-7,-1.988484760869751e-8
-23.02,5.663537150962824e-7,-1.992910728202993e-8
-23.01,5.67478345430169e-7,-1.997346755278839e-8
-23.0,5.686053940347208e-7,-2.0017928629004418e-8
-22.99,5.697348661865285e-7,-2.0062490718599435e-8
-22.98,5.708667671730569e-7,-2.0107154029679037e-8
-22.97,5.720011022908833e-7,-2.015191877089882e-8
-22.96,5.731378768478063e-7,-2.0196785150861484e-8
-22.95,5.742770961617205e-7,-2.0241753378694333e-8
-22.94,5.754187655604813e-7,-2.028682366316329e-8
-22.93,5.765628903824705e-7,-2.0331996214093793e-8
-22.92,5.777094759763609e-7,-2.0377271240970297e-8
-22.91,5.788585277011781e-7,-2.0422648953365133e-8
-22.9,5.800100509261979e-7,-2.04681295617227e-8
-22.89,5.811640510308652e-7,-2.0513713276245127e-8
-22.88,5.823205334052816e-7,-2.055940030710963e-8
-22.87,5.834795034496874e-7,-2.06051908653622e-8
-22.86,5.846409665746173e-7,-2.0651085161822665e-8
-22.85,5.858049282012676e-7,-2.069708340759432e-8
-22.84,5.869713937606585e-7,-2.074318581381093e-8
-22.83,5.881403686948383e-7,-2.07893925923702e-8
-22.82,5.893118584558275e-7,-2.083570395499922e-8
-22.81,5.904858685060776e-7,-2.0882120113398683e-8
-22.8,5.916624043184365e-7,-2.092864128009216e-8
-22.79,5.928414713762273e-7,-2.0975267667010335e-8
-22.78,5.940230751732823e-7,-2.1021999486986258e-8
-22.77,5.952072212134531e-7,-2.1068836953086553e-8
-22.76,5.963939150115089e-7,-2.1115780277787054e-8
-22.75,5.975831620925105e-7,-2.116282967427687e-8
-22.74,5.987749679915863e-7,-2.120998535638661e-8
-22.73,5.999693382547913e-7,-2.125724753710476e-8
-22.72,6.011662784383057e-7,-2.1304616430674833e-8
-22.71,6.023657941088267e-7,-2.1352092250582926e-8
-22.7,6.035678908442515e-7,-2.139967521113717e-8
-22.69,6.047725742315142e-7,-2.1447365526831485e-8
-22.68,6.059798498690312e-7,-2.1495163411886702e-8
-22.67,6.071897233654518e-7,-2.1543069081030965e-8
-22.66,6.084022003400986e-7,-2.159108274915715e-8
-22.65,6.096172864224298e-7,-2.163920463123566e-8
-22.64,6.108349872527289e-7,-2.1687434942526145e-8
-22.63,6.120553084815824e-7,-2.1735773898566982e-8
-22.62,6.132782557699969e-7,-2.1784221714591868e-8
-22.61,6.145038347900045e-7,-2.1832778606454186e-8
-22.6,6.157320512237897e-7,-2.188144478998131e-8
-22.59,6.169629107637591e-7,-2.1930220481425326e-8
-22.58,6.181964191133039e-7,-2.197910589688549e-8
-22.57,6.194325819864368e-7,-2.2028101252664832e-8
-22.56,6.206714051072214e-7,-2.2077206765433872e-8
-22.55,6.219128942106524e-7,-2.2126422651710767e-8
-22.54,6.231570550424324e-7,-2.217574912844905e-8
-22.53,6.244038933583758e-7,-2.222518641266231e-8
-22.52,6.256534149249157e-7,-2.2274734721548974e-8
-22.51,6.269056255193674e-7,-2.2324394272399177e-8
-22.5,6.2816053092942e-7,-2.237416528249441e-8
-22.49,6.294181369532779e-7,-2.242404796967752e-8
-22.48,6.306784493998732e-7,-2.247404255157387e-8
-22.47,6.319414740886248e-7,-2.2524149245841167e-8
-22.46,6.332072168493906e-7,-2.257436827110364e-8
-22.45,6.344756835231001e-7,-2.2624699844733745e-8
-22.44,6.357468799607794e-7,-2.2675144185683554e-8
-22.43,6.370208120242052e-7,-2.2725701511908767e-8
-22.42,6.382974855858641e-7,-2.2776372042312553e-8
-22.41,6.395769065285847e-7,-2.2827155995217152e-8
-22.4,6.408590807461331e-7,-2.2878053589695386e-8
-22.39,6.421440141426791e-7,-2.2929065044543068e-8
-22.38,6.434317126330684e-7,-2.2980190578753375e-8
-22.37,6.447221821425886e-7,-2.3031430411579736e-8
-22.36,6.460154286074537e-7,-2.3082784762097664e-8
-22.35,6.473114579741645e-7,-2.3134253849925057e-8
-22.34,6.48610276200232e-7,-2.3185837894288046e-8
-22.33,6.499118892533635e-7,-2.3237537115068636e-8
-22.32,6.512163031122041e-7,-2.328935173165212e-8
-22.31,6.525235237657492e-7,-2.3341281964119222e-8
-22.3,6.53833557213873e-7,-2.3393328032086195e-8
-22.29,6.551464094669752e-7,-2.3445490155633496e-8
-22.28,6.564620865460152e-7,-2.3497768554876952e-8
-22.27,6.577805944827206e-7,-2.3550163450056684e-8
-22.26,6.591019393192907e-7,-2.3602675061296213e-8
-22.25,6.604261271086831e-7,-2.36553036088713e-8
-22.24,6.617531639143079e-7,-2.3708049313472678e-8
-22.23,6.630830558108045e-7,-2.3760912395287875e-8
-22.22,6.644158088824582e-7,-2.38138930750076e-8
-22.21,6.65751429224814e-7,-2.386699157332473e-8
-22.2,6.670899229440818e-7,-2.3920208110885022e-8
-22.19,6.684312961569061e-7,-2.3973542908496348e-8
-22.18,6.697755549905979e-7,-2.402699618693716e-8
-22.17,6.711227055829853e-7,-2.4080568167088955e-8
-22.16,6.724727540827843e-7,-2.4134259070169516e-8
-22.15,6.7382570664932e-7,-2.4188069116889597e-8
-22.14,6.751815694522242e-7,-2.4241998528532805e-8
-22.13,6.765403486720422e-7,-2.429604752598379e-8
-22.12,6.779020504999068e-7,-2.435021633058459e-8
-22.11,6.792666811373828e-7,-2.440450516357709e-8
-22.1,6.806342467970217e-7,-2.4458914245977405e-8
-22.09,6.820047537015282e-7,-2.451344379922435e-8
-22.08,6.833782080847935e-7,-2.4568094044732894e-8
-22.07,6.84754616190693e-7,-2.462286520348179e-8
-22.06,6.861339842741648e-7,-2.4677757497164592e-8
-22.05,6.875163186004615e-7,-2.4732771147029677e-8
-22.04,6.889016254458852e-7,-2.4787906374440053e-8
-22.03,6.902899110968649e-7,-2.484316340091109e-8
-22.02,6.916811818504701e-7,-2.4898542447817978e-8
-22.01,6.930754440148644e-7,-2.4954043736656167e-8
-22.0,6.944727039079793e-7,-2.5009667488808142e-8
-21.99,6.958729678592257e-7,-2.50654139257692e-8
-21.98,6.972762422080367e-7,-2.512128326877769e-8
-21.97,6.986825333046324e-7,-2.517727573958209e-8
-21.96,7.000918475093509e-7,-2.523339155954623e-8
-21.95,7.01504191194249e-7,-2.5289630949706004e-8
-21.94,7.029195707405867e-7,-2.5345994132023418e-8
-21.93,7.043379925409206e-7,-2.540248132759671e-8
-21.92,7.057594629983917e-7,-2.5459092757621922e-8
-21.91,7.071839885263732e-7,-2.551582864364958e-8
-21.9,7.086115755490908e-7,-2.557268920690314e-8
-21.89,7.100422305011463e-7,-2.5629674668629734e-8
-21.88,7.114759598276512e-7,-2.5686785250205732e-8
-21.87,7.129127699843075e-7,-2.5744021172374717e-8
-21.86,7.143526674373945e-7,-2.5801382656763265e-8
-21.85,7.157956586637294e-7,-2.5858869924167693e-8
-21.84,7.172417501502111e-7,-2.591648319568936e-8
-21.83,7.186909483949529e-7,-2.5974222692195403e-8
-21.82,7.201432599059848e-7,-2.603208863474428e-8
-21.81,7.215986912019999e-7,-2.6090081243959736e-8
-21.8,7.230572488123489e-7,-2.6148200740785536e-8
-21.79,7.24518939276727e-7,-2.620644734572627e-8
-21.78,7.259837691449427e-7,-2.6264821279575787e-8
-21.77,7.274517449780328e-7,-2.6323322762654232e-8
-21.76,7.289228733465766e-7,-2.6381952015433773e-8
-21.75,7.303971608322862e-7,-2.6440709258435445e-8
-21.74,7.318746140271825e-7,-2.6499594711495263e-8
-21.73,7.333552395333468e-7,-2.6558608595198317e-8
-21.72,7.34839043963554e-7,-2.66177511292723e-8
-21.71,7.363260339410134e-7,-2.6677022533776647e-8
-21.7,7.378162160991219e-7,-2.6736423028337095e-8
-21.69,7.393095970819613e-7,-2.6795952832748347e-8
-21.68,7.408061835435304e-7,-2.6855612166646557e-8
-21.67,7.423059821487326e-7,-2.6915401249286225e-8
-21.66,7.438089995723024e-7,-2.6975320299953036e-8
-21.65,7.453152424996503e-7,-2.703536953801043e-8
-21.64,7.468247176263439e-7,-2.709554918227085e-8
-21.63,7.483374316582908e-7,-2.7155859451627015e-8
-21.62,7.498533913117435e-7,-2.721630056483364e-8
-21.61,7.513726033132633e-7,-2.727687274035223e-8
-21.6,7.528950743997701e-7,-2.7337576196604066e-8
-21.59,7.544208113180709e-7,-2.7398411151866582e-8
-21.58,7.559498208255191e-7,-2.745937782404363e-8
-21.57,7.574821096897459e-7,-2.7520476431217327e-8
-21.56,7.590176846886655e-7,-2.758170719087061e-8
-21.55,7.605565526098363e-7,-2.7643070320464073e-8
-21.54,7.620987202518573e-7,-2.7704566037563462e-8
-21.53,7.636441944227113e-7,-2.7766194558910876e-8
-21.52,7.651929819411939e-7,-2.7827956101717687e-8
-21.51,7.667450896358157e-7,-2.7889850882446176e-8
-21.5,7.683005243454965e-7,-2.795187911767004e-8
-21.49,7.698592929189341e-7,-2.8014041023853657e-8
-21.48,7.714214022155328e-7,-2.807633681639443e-8
-21.47,7.729868591040893e-7,-2.8138766711792245e-8
-21.46,7.745556704636616e-7,-2.8201330925100955e-8
-21.45,7.761278431839341e-7,-2.8264029671993384e-8
-21.44,7.777033841636727e-7,-2.832686316728337e-8
-21.43,7.792823003126356e-7,-2.8389831625936854e-8
-21.42,7.808645985498984e-7,-2.8452935262602395e-8
-21.41,7.824502858045387e-7,-2.851617429131179e-8
-21.4,7.840393690161963e-7,-2.857954892631521e-8
-21.39,7.856318551339575e-7,-2.8643059381089572e-8
-21.38,7.872277511168832e-7,-2.8706705869383945e-8
-21.37,7.888270639338585e-7,-2.8770488604266064e-8
-21.36,7.904298005640917e-7,-2.883440779857432e-8
-21.35,7.920359679961099e-7,-2.8898463665000905e-8
-21.34,7.936455732289612e-7,-2.8962656415739655e-8
-21.33,7.952586232707667e-7,-2.9026986262663975e-8
-21.32,7.968751251398703e-7,-2.9091453417648187e-8
-21.31,7.984950858644347e-7,-2.915605809189161e-8
-21.3,8.001185124822326e-7,-2.9220800496540047e-8
-21.29,8.01745412040982e-7,-2.9285680841849862e-8
-21.28,8.033757915981212e-7,-2.935069933855456e-8
-21.27,8.050096582203669e-7,-2.9415856196407426e-8
-21.26,8.06647018984606e-7,-2.948115162507903e-8
-21.25,8.082878809770522e-7,-2.954658583385902e-8
-21.24,8.099322512940519e-7,-2.9612159031481543e-8
-21.23,8.115801370409632e-7,-2.9677871426528944e-8
-21.22,8.132315453328086e-7,-2.9743723227197522e-8
-21.21,8.148864832947041e-7,-2.980971464096866e-8
-21.2,8.165449580606517e-7,-2.987584587556767e-8
-21.19,8.182069767746219e-7,-2.9942117137626766e-8
-21.18,8.198725465899522e-7,-3.000852863372021e-8
-21.17,8.215416746692341e-7,-3.007508056995065e-8
-21.16,8.232143681846967e-7,-3.014177315213801e-8
-21.15,8.248906343181594e-7,-3.0208606585313626e-8
-21.14,8.265704802604432e-7,-3.027558107449412e-8
-21.13,8.28253913211687e-7,-3.034269682392872e-8
-21.12,8.299409403819021e-7,-3.040995403755576e-8
-21.11,8.31631568989834e-7,-3.047735291878684e-8
-21.1,8.333258062636936e-7,-3.054489367068956e-8
-21.09,8.350236594412642e-7,-3.061257649575952e-8
-21.08,8.367251357689831e-7,-3.0680401596158715e-8
-21.07,8.384302425027189e-7,-3.0748369173259524e-8
-21.06,8.401389869074786e-7,-3.0816479428208765e-8
-21.05,8.418513762574403e-7,-3.0884732561386077e-8
-21.04,8.435674178361251e-7,-3.09531287729557e-8
-21.03,8.452871189355099e-7,-3.1021668262619486e-8
-21.02,8.470104868570108e-7,-3.109035122919786e-8
-21.01,8.487375289110472e-7,-3.1159177870902946e-8
-21.0,8.50468252417009e-7,-3.122814838617521e-8
-20.99,8.522026647028437e-7,-3.129726297196927e-8
-20.98,8.539407731060868e-7,-3.1366521825233835e-8
-20.97,8.556825849724032e-7,-3.1435925142328386e-8
-20.96,8.57428107656769e-7,-3.150547311871611e-8
-20.95,8.59177348522869e-7,-3.157516594960018e-8
-20.94,8.609303149432379e-7,-3.1645003829507797e-8
-20.93,8.626870142987607e-7,-3.171498695213986e-8
-20.92,8.644474539794749e-7,-3.178511551113629e-8
-20.91,8.662116413837476e-7,-3.185538969876974e-8
-20.9,8.679795839188021e-7,-3.1925809707389785e-8
-20.89,8.6975128900041e-7,-3.199637572831146e-8
-20.88,8.715267640526239e-7,-3.2067087952319046e-8
-20.87,8.733060165083471e-7,-3.213794656948005e-8
-20.86,8.750890538089798e-7,-3.220895176931456e-8
-20.85,8.768758834038749e-7,-3.228010374064761e-8
-20.84,8.786665127512747e-7,-3.235140267156965e-8
-20.83,8.8046094931768e-7,-3.2422848749470815e-8
-20.82,8.822592005777394e-7,-3.249444216103728e-8
-20.81,8.840612740144479e-7,-3.25661830927523e-8
-20.8,8.858671771191573e-7,-3.2638071729477185e-8
-20.79,8.876769173911389e-7,-3.271010825585367e-8
-20.78,8.894905023383885e-7,-3.2782292855895065e-8
-20.77,8.913079394762138e-7,-3.2854625712779266e-8
-20.76,8.931292363285023e-7,-3.2927107008720044e-8
-20.75,8.949544004273279e-7,-3.2999736925464955e-8
-20.74,8.967834393121606e-7,-3.307251564385812e-8
-20.73,8.986163605307667e-7,-3.3145443344063244e-8
-20.72,9.004531716387337e-7,-3.321852020521696e-8
-20.71,9.022938801997537e-7,-3.329174640584393e-8
-20.7,9.041384937848132e-7,-3.3365122123702214e-8
-20.69,9.059870199731193e-7,-3.3438647535634634e-8
-20.68,9.078394663513089e-7,-3.3512322817593847e-8
-20.67,9.096958405138038e-7,-3.35861481450002e-8
-20.66,9.115561500623438e-7,-3.3660123691953e-8
-20.65,9.134204026068868e-7,-3.3734249632300096e-8
-20.64,9.152886057643668e-7,-3.3808526138275657e-8
-20.63,9.171607671593817e-7,-3.3882953381775545e-8
-20.62,9.190368944236367e-7,-3.3957531533905644e-8
-20.61,9.209169951966202e-7,-3.403226076416666e-8
-20.6,9.228010771250677e-7,-3.410714124210006e-8
-20.59,9.246891478626604e-7,-3.4182173135521745e-8
-20.58,9.265812150706862e-7,-3.425735661171332e-8
-20.57,9.284772864174684e-7,-3.4332691837002963e-8
-20.56,9.303773695782122e-7,-3.4408178976687046e-8
-20.55,9.322814722356361e-7,-3.448381819516434e-8
-20.54,9.341896020787638e-7,-3.455960965557425e-8
-20.53,9.361017668042468e-7,-3.4635553520564817e-8
-20.52,9.380179741154408e-7,-3.471164995136366e-8
-20.51,9.399382317222395e-7,-3.4787899108498724e-8
-20.5,9.418625473417111e-7,-3.4864301151143514e-8
-20.49,9.43790928697365e-7,-3.494085623785319e-8
-20.48,9.457233835194283e-7,-3.5017564525757966e-8
-20.47,9.476599195448846e-7,-3.5094426171156606e-8
-20.46,9.49600544516927e-7,-3.517144132915565e-8
-20.45,9.515452661859375e-7,-3.524861015373702e-8
-20.44,9.53494092307774e-7,-3.532593279833064e-8
-20.43,9.554470306452345e-7,-3.540340941446844e-8
-20.42,9.57404088967587e-7,-3.548104015292165e-8
-20.41,9.593652750498282e-7,-3.555882516361522e-8
-20.4,9.61330596673462e-7,-3.563676459475928e-8
-20.39,9.63300061626146e-7,-3.571485859406357e-8
-20.38,9.65273677701223e-7,-3.579310730754212e-8
-20.37,9.672514526985429e-7,-3.5871510880116434e-8
-20.36,9.692333944235133e-7,-3.595006945588066e-8
-20.35,9.712195106877005e-7,-3.602878317732643e-8
-20.34,9.73209809308042e-7,-3.610765218591926e-8
-20.33,9.752042981076351e-7,-3.618667662202167e-8
-20.32,9.77202984914917e-7,-3.6265856624341754e-8
-20.31,9.79205877564192e-7,-3.634519233090063e-8
-20.3,9.812129838950222e-7,-3.642468387787537e-8
-20.29,9.832243117527257e-7,-3.650433140067859e-8
-20.28,9.852398689876378e-7,-3.658413503309683e-8
-20.27,9.87259663455929e-7,-3.666409490772016e-8
-20.26,9.892837030179646e-7,-3.674421115560272e-8
-20.25,9.913119955408813e-7,-3.682448390708644e-8
-20.24,9.93344548895636e-7,-3.6904913290590045e-8
-20.23,9.953813709587142e-7,-3.6985499433181695e-8
-20.22,9.974224696112432e-7,-3.7066242460948024e-8
-20.21,9.994678527397695e-7,-3.7147142498255485e-8
-20.2,1.001517528235106e-6,-3.722819966834363e-8
-20.19,1.0035715039931509e-6,-3.730941409254018e-8
-20.18,1.0056297879140586e-6,-3.73907858913788e-8
-20.17,1.0076923879030554e-6,-3.747231518351154e-8
-20.16,1.009759311869429e-6,-3.7554002086290324e-8
-20.15,1.011830567727302e-6,-3.7635846715758726e-8
-20.14,1.0139061633945549e-6,-3.7717849185866136e-8
-20.13,1.0159861067939258e-6,-3.7800009609887175e-8
-20.12,1.0180704058519853e-6,-3.788232809890391e-8
-20.11,1.0201590684993788e-6,-3.7964804762993634e-8
-20.1,1.0222521026709545e-6,-3.804743971017841e-8
-20.09,1.0243495163053612e-6,-3.813023304734571e-8
-20.08,1.0264513173451474e-6,-3.8213184879638195e-8
-20.07,1.0285575137365505e-6,-3.829629531041969e-8
-20.06,1.0306681134295344e-6,-3.8379564441724105e-8
-20.05,1.03278312437756e-6,-3.8462992374073476e-8
-20.04,1.0349025545377348e-6,-3.854657920595438e-8
-20.03,1.0370264118704235e-6,-3.863032503434506e-8
-20.02,1.03915470433939e-6,-3.871422995474055e-8
-20.01,1.0412874399116276e-6,-3.879829406072056e-8
-20.0,1.0434246265573555e-6,-3.888251744412865e-8
-19.99,1.045566272249666e-6,-3.896690019549076e-8
-19.98,1.0477123849648118e-6,-3.905144240305126e-8
-19.97,1.0498629726817044e-6,-3.9136144153828535e-8
-19.96,1.0520180433820353e-6,-3.922100553257239e-8
-19.95,1.0541776050504736e-6,-3.930602662264716e-8
-19.94,1.0563416656737944e-6,-3.939120750546544e-8
-19.93,1.0585102332418015e-6,-3.9476548260357683e-8
-19.92,1.0606833157463068e-6,-3.9562048965351865e-8
-19.91,1.06286092118129e-6,-3.964770969644158e-8
-19.9,1.0650430575435247e-6,-3.973353052726656e-8
-19.89,1.067229732831306e-6,-3.981951153009881e-8
-19.88,1.0694209550451257e-6,-3.990565277552355e-8
-19.87,1.0716167321873484e-6,-3.9991954331454266e-8
-19.86,1.0738170722622514e-6,-4.0078416264228557e-8
-19.85,1.0760219832755292e-6,-4.0165038638671056e-8
-19.84,1.0782314732348016e-6,-4.02518215169896e-8
-19.83,1.0804455501487935e-6,-4.0338764959517625e-8
-19.82,1.0826642220280987e-6,-4.04258690248448e-8
-19.81,1.0848874968839947e-6,-4.0513133769133345e-8
-19.8,1.0871153827292632e-6,-4.060055924724905e-8
-19.79,1.0893478875778525e-6,-4.068814551077197e-8
-19.78,1.0915850194442663e-6,-4.077589261045026e-8
-19.77,1.0938267863442666e-6,-4.086380059420514e-8
-19.76,1.096073196293938e-6,-4.095186950802185e-8
-19.75,1.0983242573100936e-6,-4.104009939562043e-8
-19.74,1.1005799774103517e-6,-4.1128490298849423e-8
-19.73,1.1028403646123893e-6,-4.121704225710824e-8
-19.72,1.1051054269341719e-6,-4.130575530752476e-8
-19.71,1.1073751723939164e-6,-4.139462948545205e-8
-19.7,1.1096496090099357e-6,-4.1483664823400326e-8
-19.69,1.1119287448001475e-6,-4.157286135218575e-8
-19.68,1.1142125877826649e-6,-4.166221909988942e-8
-19.67,1.1165011459750127e-6,-4.1751738092559484e-8
-19.66,1.1187944273945526e-6,-4.184141835395983e-8
-19.65,1.121092440057358e-6,-4.193125990513144e-8
-19.64,1.1233951919798809e-6,-4.2021262765262756e-8
-19.63,1.125702691177147e-6,-4.2111426950914394e-8
-19.62,1.1280149456631806e-6,-4.2201752476210436e-8
-19.61,1.1303319634511831e-6,-4.2292239352501886e-8
-19.6,1.1326537525530932e-6,-4.2382887589899536e-8
-19.59,1.1349803209795156e-6,-4.247369719449376e-8
-19.58,1.1373116767395933e-6,-4.256466817075579e-8
-19.57,1.1396478278408587e-6,-4.265580052082696e-8
-19.56,1.1419887822893287e-6,-4.274709424369958e-8
-19.55,1.1443345480890388e-6,-4.283854933619641e-8
-19.54,1.1466851332420792e-6,-4.293016579266012e-8
-19.53,1.149040545748451e-6,-4.302194360431427e-8
-19.52,1.1514007936058678e-6,-4.3113882760247944e-8
-19.51,1.1537658848095098e-6,-4.320598324685299e-8
-19.5,1.1561358273525062e-6,-4.3298245047690764e-8
-19.49,1.1585106292250515e-6,-4.3390668143569644e-8
-19.48,1.160890298414542e-6,-4.3483252513016735e-8
-19.47,1.1632748429053073e-6,-4.357599813132439e-8
-19.46,1.1656642706788754e-6,-4.366890497123488e-8
-19.45,1.1680585897135356e-6,-4.3761973002705396e-8
-19.44,1.1704578079839033e-6,-4.385520219305038e-8
-19.43,1.17286193346141e-6,-4.394859250628601e-8
-19.42,1.1752709741138768e-6,-4.404214390425672e-8
-19.41,1.177684937904862e-6,-4.413585634538561e-8
-19.4,1.1801038327947205e-6,-4.42297297853138e-8
-19.39,1.1825276667388902e-6,-4.432376417687047e-8
-19.38,1.184956447689128e-6,-4.441795946993682e-8
-19.37,1.1873901835926623e-6,-4.451231561128857e-8
-19.36,1.189828882392035e-6,-4.460683254469942e-8
-19.35,1.1922725520250414e-6,-4.470151021127807e-8
-19.34,1.1947212004250162e-6,-4.47963485486867e-8
-19.33,1.1971748355197625e-6,-4.489134749137382e-8
-19.32,1.1996334652321218e-6,-4.4986506971316026e-8
-19.31,1.2020970974796687e-6,-4.5081826916782375e-8
-19.3,1.204565740174429e-6,-4.517730725319168e-8
-19.29,1.2070394012226527e-6,-4.5272947902675214e-8
-19.28,1.2095180885248136e-6,-4.5368748784228683e-8
-19.27,1.2120018099755294e-6,-4.546470981348641e-8
-19.26,1.2144905734630358e-6,-4.5560830902938616e-8
-19.25,1.2169843868695018e-6,-4.565711196192297e-8
-19.24,1.219483258070305e-6,-4.575355289616289e-8
-19.23,1.2219871949345084e-6,-4.5850153608355874e-8
-19.22,1.2244962053237908e-6,-4.5946913997398755e-8
-19.21,1.227010297093693e-6,-4.604383395934199e-8
-19.2,1.229529478091522e-6,-4.614091338639255e-8
-19.19,1.2320537561580402e-6,-4.6238152167708086e-8
-19.18,1.2345831391261532e-6,-4.63355501886263e-8
-19.17,1.2371176348211114e-6,-4.643310733090792e-8
-19.16,1.23965725106029e-6,-4.653082347322451e-8
-19.15,1.2422019956527756e-6,-4.662869849035917e-8
-19.14,1.2447518763997126e-6,-4.672673225359659e-8
-19.13,1.2473069010939258e-6,-4.6824924630561945e-8
-19.12,1.2498670775189502e-6,-4.692327548521873e-8
-19.11,1.2524324134502804e-6,-4.7021784678147825e-8
-19.1,1.2550029166538798e-6,-4.712045206564685e-8
-19.09,1.2575785948867303e-6,-4.7219277500832986e-8
-19.08,1.2601594558965433e-6,-4.7318260832916174e-8
-19.07,1.2627455074214012e-6,-4.741740190700899e-8
-19.06,1.2653367571894898e-6,-4.751670056481434e-8
-19.05,1.2679332129196755e-6,-4.761615664402536e-8
-19.04,1.2705348823185556e-6,-4.771576997838634e-8
-19.03,1.273141773085525e-6,-4.7815540397717076e-8
-19.02,1.2757538929074664e-6,-4.7915467728054215e-8
-19.01,1.2783712494607035e-6,-4.801555179109269e-8
-19.0,1.2809938504108265e-6,-4.811579240519755e-8
-18.99,1.283621703412497e-6,-4.8216189383866184e-8
-18.98,1.28625481610863e-6,-4.831674253705382e-8
-18.97,1.2888931961308079e-6,-4.8417451670760075e-8
-18.96,1.2915368510987998e-6,-4.8518316586210816e-8
-18.95,1.2941857886201314e-6,-4.8619337081108585e-8
-18.94,1.2968400162906584e-6,-4.872051294851432e-8
-18.93,1.299499541693274e-6,-4.882184397745991e-8
-18.92,1.3021643723988324e-6,-4.892332995263051e-8
-18.91,1.304834515964721e-6,-4.902497065462377e-8
-18.9,1.3075099799357576e-6,-4.91267658593671e-8
-18.89,1.3101907718431568e-6,-4.9228715338698415e-8
-18.88,1.3128768992050789e-6,-4.9330818859737305e-8
-18.87,1.3155683695253613e-6,-4.943307618560436e-8
-18.86,1.3182651902943853e-6,-4.953548707475681e-8
-18.85,1.3209673689880795e-6,-4.9638051280872364e-8
-18.84,1.32367491306845e-6,-4.974076855347474e-8
-18.83,1.3263878299819493e-6,-4.9843638637472625e-8
-18.82,1.3291061271612338e-6,-4.994666127288906e-8
-18.81,1.3318298120231973e-6,-5.0049836195372585e-8
-18.8,1.3345588919697195e-6,-5.015316313579409e-8
-18.79,1.337293374386858e-6,-5.025664182035872e-8
-18.78,1.3400332666450233e-6,-5.0360271970415855e-8
-18.77,1.342778576098816e-6,-5.046405330261738e-8
-18.76,1.3455293100860644e-6,-5.0567985528762016e-8
-18.75,1.3482854759286535e-6,-5.067206835574971e-8
-18.74,1.3510470809311702e-6,-5.077630148569857e-8
-18.73,1.353814132381504e-6,-5.088068461563044e-8
-18.72,1.3565866375503673e-6,-5.098521743789599e-8
-18.71,1.3593646036906307e-6,-5.1089899639238627e-8
-18.7,1.362148038037622e-6,-5.119473090208576e-8
-18.69,1.3649369478087368e-6,-5.129971090325446e-8
-18.68,1.3677313402028854e-6,-5.14048393146157e-8
-18.67,1.37053122240065e-6,-5.151011580308483e-8
-18.66,1.3733366015637135e-6,-5.161554002982775e-8
-18.65,1.3761474848347922e-6,-5.172111165133893e-8
-18.64,1.378963879337297e-6,-5.182683031850941e-8
-18.63,1.3817857921748373e-6,-5.193269567684829e-8
-18.62,1.3846132304317079e-6,-5.203870736697466e-8
-18.61,1.3874462011714855e-6,-5.2144865023517825e-8
-18.6,1.3902847114377131e-6,-5.225116827605817e-8
-18.59,1.3931287682531013e-6,-5.235761674862677e-8
-18.58,1.3959783786202248e-6,-5.246421005942787e-8
-18.57,1.39883354951893e-6,-5.2570947821470745e-8
-18.56,1.4016942879088727e-6,-5.2677829642066113e-8
-18.55,1.4045606007274735e-6,-5.2784855122918294e-8
-18.54,1.4074324948902848e-6,-5.289202385972362e-8
-18.53,1.4103099772904043e-6,-5.299933544294407e-8
-18.52,1.4131930547982865e-6,-5.3106789456802303e-8
-18.51,1.4160817342614165e-6,-5.3214385480064614e-8
-18.5,1.4189760225045019e-6,-5.332212308546321e-8
-18.49,1.4218759263284512e-6,-5.343000183965151e-8
-18.48,1.4247814525105749e-6,-5.3538021303813794e-8
-18.47,1.4276926078036035e-6,-5.364618103272585e-8
-18.46,1.4306093989364933e-6,-5.3754480575329686e-8
-18.45,1.4335318326135472e-6,-5.3862919474212806e-8
-18.44,1.4364599155137675e-6,-5.3971497266339277e-8
-18.43,1.4393936542907142e-6,-5.4080213482019944e-8
-18.42,1.4423330555730503e-6,-5.418906764553823e-8
-18.41,1.4452781259627367e-6,-5.4298059275155175e-8
-18.4,1.4482288720364784e-6,-5.440718788234745e-8
-18.39,1.4511853003435115e-6,-5.451645297238981e-8
-18.38,1.4541474174070376e-6,-5.46258540445465e-8
-18.37,1.4571152297223534e-6,-5.473539059123844e-8
-18.36,1.4600887437578803e-6,-5.4845062098429595e-8
-18.35,1.46306796595416e-6,-5.495486804566602e-8
-18.34,1.4660529027234863e-6,-5.5064807905753055e-8
-18.33,1.469043560449451e-6,-5.5174881145063234e-8
-18.32,1.4720399454874454e-6,-5.528508722319809e-8
-18.31,1.4750420641636177e-6,-5.539542559287084e-8
-18.3,1.4780499227744118e-6,-5.5505895700355233e-8
-18.29,1.4810635275863294e-6,-5.5616496984746534e-8
-18.28,1.4840828848366437e-6,-5.572722887845282e-8
-18.27,1.487108000731378e-6,-5.5838090806906425e-8
-18.26,1.4901388814459538e-6,-5.59490821885045e-8
-18.25,1.4931755331248563e-6,-5.606020243483401e-8
-18.24,1.4962179618807482e-6,-5.6171450949978465e-8
-18.23,1.4992661737949673e-6,-5.628282713139474e-8
-18.22,1.5023201749162312e-6,-5.6394330369023795e-8
-18.21,1.5053799712608363e-6,-5.650596004567124e-8
-18.2,1.5084455688122114e-6,-5.6617715536841114e-8
-18.19,1.5115169735204987e-6,-5.672959621070621e-8
-18.18,1.514594191302508e-6,-5.684160142800632e-8
-18.17,1.5176772280406456e-6,-5.695373054222529e-8
-18.16,1.5207660895831257e-6,-5.7065982899145866e-8
-18.15,1.5238607817435266e-6,-5.7178357836904626e-8
-18.14,1.5269613103002903e-6,-5.729085468628978e-8
-18.13,1.5300676809964418e-6,-5.740347277044838e-8
-18.12,1.5331798995391475e-6,-5.751621140463058e-8
-18.11,1.5362979715992707e-6,-5.7629069896278025e-8
-18.1,1.539421902811138e-6,-5.774204754536856e-8
-18.09,1.5425516987722084e-6,-5.785514364344839e-8
-18.08,1.5456873650424625e-6,-5.796835747468145e-8
-18.07,1.548828907143801e-6,-5.80816883149575e-8
-18.06,1.551976330560674e-6,-5.8195135431906844e-8
-18.05,1.5551296407385419e-6,-5.8308698085524744e-8
-18.04,1.5582888430837864e-6,-5.8422375527555435e-8
-18.03,1.5614539429637787e-6,-5.853616700110786e-8
-18.02,1.5646249457061658e-6,-5.865007174158326e-8
-18.01,1.5678018565977302e-6,-5.876408897542874e-8
-18.0,1.570984680885873e-6,-5.887821792130369e-8
-17.99,1.5741734237760437e-6,-5.899245778912015e-8
-17.98,1.5773680904325636e-6,-5.910680778021485e-8
-17.97,1.5805686859786288e-6,-5.9221267087446014e-8
-17.96,1.5837752154938996e-6,-5.933583489518448e-8
-17.95,1.5869876840164164e-6,-5.945051037880009e-8
-17.94,1.590206096540882e-6,-5.956529270511553e-8
-17.93,1.5934304580182853e-6,-5.968018103209202e-8
-17.92,1.5966607733559516e-6,-5.979517450889952e-8
-17.91,1.5998970474167473e-6,-5.991027227555969e-8
-17.9,1.6031392850188192e-6,-6.002547346323e-8
-17.89,1.6063874909349193e-6,-6.014077719420102e-8
-17.88,1.6096416698921358e-6,-6.02561825813127e-8
-17.87,1.6129018265715208e-6,-6.037168872819364e-8
-17.86,1.616167965607507e-6,-6.048729472954801e-8
-17.85,1.6194400915874444e-6,-6.060299967041547e-8
-17.84,1.6227182090515058e-6,-6.07188026268773e-8
-17.83,1.6260023224911346e-6,-6.083470266494723e-8
-17.82,1.6292924363507012e-6,-6.09506988418921e-8
-17.81,1.6325885550243682e-6,-6.106679020465325e-8
-17.8,1.6358906828576193e-6,-6.118297579102001e-8
-17.79,1.6391988241460453e-6,-6.129925462879894e-8
-17.78,1.6425129831350905e-6,-6.141562573635977e-8
-17.77,1.645833164019199e-6,-6.153208812175872e-8
-17.76,1.649159370941824e-6,-6.16486407835512e-8
-17.75,1.6524916079945412e-6,-6.176528270997694e-8
-17.74,1.6558298792167203e-6,-6.188201287950294e-8
-17.73,1.6591741885953042e-6,-6.19988302604733e-8
-17.72,1.6625245400637897e-6,-6.211573381068487e-8
-17.71,1.6658809375019818e-6,-6.223272247808335e-8
-17.7,1.6692433847358775e-6,-6.234979520013783e-8
-17.69,1.6726118855362493e-6,-6.246695090365156e-8
-17.68,1.6759864436193613e-6,-6.258418850564784e-8
-17.67,1.6793670626452112e-6,-6.27015069116806e-8
-17.66,1.682753746217931e-6,-6.281890501757368e-8
-17.65,1.6861464978848414e-6,-6.293638170785186e-8
-17.64,1.689545321135969e-6,-6.305393585647355e-8
-17.63,1.6929502194037642e-6,-6.31715663267187e-8
-17.62,1.696361196062425e-6,-6.328927197071079e-8
-17.61,1.6997782544270866e-6,-6.340705162982426e-8
-17.6,1.703201397753826e-6,-6.35249041339872e-8
-17.59,1.7066306292386777e-6,-6.364282830255426e-8
-17.58,1.710065952017339e-6,-6.376082294342102e-8
-17.57,1.7135073691646936e-6,-6.387888685295022e-8
-17.56,1.7169548836939425e-6,-6.399701881634424e-8
-17.55,1.7204084985563139e-6,-6.411521760746178e-8
-17.54,1.7238682166403726e-6,-6.423348198853856e-8
-17.53,1.7273340407717234e-6,-6.43518107104838e-8
-17.52,1.730805973712045e-6,-6.44702025118136e-8
-17.51,1.7342840181589857e-6,-6.458865612028329e-8
-17.5,1.7377681767453666e-6,-6.470717025106629e-8
-17.49,1.741258452038132e-6,-6.482574360762267e-8
-17.48,1.7447548465387853e-6,-6.49443748814863e-8
-17.47,1.7482573626819818e-6,-6.506306275233182e-8
-17.46,1.7517660028352512e-6,-6.518180588742888e-8
-17.45,1.7552807692985962e-6,-6.530060294164263e-8
-17.44,1.7588016643037307e-6,-6.541945255780081e-8
-17.43,1.762328690012975e-6,-6.553835336639163e-8
-17.42,1.7658618485196727e-6,-6.56573039853408e-8
-17.41,1.769401141846817e-6,-6.57763030197549e-8
-17.4,1.7729465719467148e-6,-6.589534906254688e-8
-17.39,1.7764981407003602e-6,-6.60144406934867e-8
-17.38,1.7800558499169898e-6,-6.613357647961026e-8
-17.37,1.783619701333013e-6,-6.625275497559615e-8
-17.36,1.7871896966119113e-6,-6.637197472219908e-8
-17.35,1.7907658373430667e-6,-6.649123424800856e-8
-17.34,1.7943481250419098e-6,-6.661053206769568e-8
-17.33,1.79793656114846e-6,-6.672986668313825e-8
-17.32,1.801531147027215e-6,-6.684923658273945e-8
-17.31,1.8051318839661372e-6,-6.696864024150135e-8
-17.3,1.808738773176549e-6,-6.708807612102005e-8
-17.29,1.812351815791922e-6,-6.720754266899912e-8
-17.28,1.8159710128676808e-6,-6.732703831965792e-8
-17.27,1.819596365380019e-6,-6.744656149338003e-8
-17.26,1.8232278742256225e-6,-6.756611059676415e-8
-17.25,1.8268655402211927e-6,-6.768568402229378e-8
-17.24,1.830509364102186e-6,-6.780528014840475e-8
-17.23,1.8341593465227886e-6,-6.792489733956158e-8
-17.22,1.8378154880546278e-6,-6.804453394570185e-8
-17.21,1.841477789186577e-6,-6.816418830262308e-8
-17.2,1.8451462503237364e-6,-6.828385873169363e-8
-17.19,1.8488208717869861e-6,-6.840354353958552e-8
-17.18,1.852501653812258e-6,-6.852324101856332e-8
-17.17,1.8561885965494811e-6,-6.864294944586613e-8
-17.16,1.8598817000624815e-6,-6.876266708438526e-8
-17.15,1.863580964327747e-6,-6.888239218160838e-8
-17.14,1.8672863892340555e-6,-6.900212297004004e-8
-17.13,1.870997974581656e-6,-6.912185766750221e-8
-17.12,1.8747157200812517e-6,-6.924159447650854e-8
-17.11,1.8784396253538778e-6,-6.936133158366464e-8
-17.1,1.8821696899297163e-6,-6.948106716082968e-8
-17.09,1.8859059132474367e-6,-6.96007993640412e-8
-17.08,1.889648294653483e-6,-6.972052633387631e-8
-17.07,1.8933968334015957e-6,-6.984024619534963e-8
-17.06,1.8971515286512717e-6,-6.99599570568689e-8
-17.05,1.900912379468358e-6,-7.007965701173302e-8
-17.04,1.9046793848227482e-6,-7.019934413703366e-8
-17.03,1.9084525435887547e-6,-7.031901649373688e-8
-17.02,1.9122318545438255e-6,-7.043867212614265e-8
-17.01,1.916017316368075e-6,-7.055830906292712e-8
-17.0,1.919808927643183e-6,-7.067792531569585e-8
-16.99,1.923606686851536e-6,-7.079751887997354e-8
-16.98,1.927410592376268e-6,-7.091708773432027e-8
-16.97,1.931220642499359e-6,-7.10366298405282e-8
-16.96,1.935036835401505e-6,-7.115614314388151e-8
-16.95,1.93885916916118e-6,-7.127562557200267e-8
-16.94,1.9426876417538614e-6,-7.139507503607832e-8
-16.93,1.946522251051089e-6,-7.151448942973378e-8
-16.92,1.9503629948196494e-6,-7.163386662954089e-8
-16.91,1.9542098707210477e-6,-7.175320449421672e-8
-16.9,1.9580628763102605e-6,-7.187250086544634e-8
-16.89,1.961922009035329e-6,-7.199175356682862e-8
-16.88,1.965787266236165e-6,-7.211096040442491e-8
-16.87,1.969658645143869e-6,-7.223011916615966e-8
-16.86,1.973536142879889e-6,-7.234922762268303e-8
-16.85,1.9774197564550193e-6,-7.246828352552049e-8
-16.84,1.9813094827689694e-6,-7.258728460852858e-8
-16.83,1.985205318609059e-6,-7.270622858723624e-8
-16.82,1.989107260649234e-6,-7.282511315882946e-8
-16.81,1.993015305449864e-6,-7.294393600135222e-8
-16.8,1.9969294494561703e-6,-7.306269477467753e-8
-16.79,2.0008496889978533e-6,-7.31813871195907e-8
-16.78,2.004776020287806e-6,-7.330001065811527e-8
-16.77,2.0087084394214084e-6,-7.341856299305991e-8
-16.76,2.012646942375837e-6,-7.353704170803539e-8
-16.75,2.0165915250084817e-6,-7.365544436761861e-8
-16.74,2.020542183056869e-6,-7.37737685166358e-8
-16.73,2.0244989121373355e-6,-7.38920116803104e-8
-16.72,2.0284617077439874e-6,-7.401017136468915e-8
-16.71,2.032430565248037e-6,-7.412824505539883e-8
-16.7,2.036405479896703e-6,-7.424623021863075e-8
-16.69,2.0403864468121663e-6,-7.436412430024936e-8
-16.68,2.044373460991202e-6,-7.44819247258077e-8
-16.67,2.048366517303414e-6,-7.459962890115088e-8
-16.66,2.0523656104906405e-6,-7.471723421088855e-8
-16.65,2.0563707351666954e-6,-7.483473801969318e-8
-16.64,2.0603818858148686e-6,-7.495213767110648e-8
-16.63,2.0643990567882337e-6,-7.506943048805945e-8
-16.62,2.068422242308297e-6,-7.518661377259927e-8
-16.61,2.072451436463842e-6,-7.530368480555795e-8
-16.6,2.0764866332101235e-6,-7.54206408463403e-8
-16.59,2.0805278263677645e-6,-7.553747913359091e-8
-16.58,2.0845750096217944e-6,-7.56541968835595e-8
-16.57,2.0886281765207456e-6,-7.577079129175987e-8
-16.56,2.092687320475552e-6,-7.588725953142488e-8
-16.55,2.0967524347583588e-6,-7.600359875388759e-8
-16.54,2.100823512501629e-6,-7.611980608870946e-8
-16.53,2.1049005466973885e-6,-7.623587864306461e-8
-16.52,2.1089835301957495e-6,-7.635181350181462e-8
-16.51,2.1130724557041913e-6,-7.646760772748654e-8
-16.5,2.11716731578589e-6,-7.658325835985249e-8
-16.49,2.1212681028599536e-6,-7.669876241597854e-8
-16.48,2.1253748091987377e-6,-7.681411689044529e-8
-16.47,2.129487426928157e-6,-7.692931875380996e-8
-16.46,2.133605948025533e-6,-7.704436495457509e-8
-16.45,2.1377303643196134e-6,-7.715925241718949e-8
-16.44,2.141860667488197e-6,-7.727397804299193e-8
-16.43,2.1459968490580296e-6,-7.738853870950824e-8
-16.42,2.1501389004037006e-6,-7.750293127087117e-8
-16.41,2.154286812745519e-6,-7.761715255659879e-8
-16.4,2.1584405771499215e-6,-7.773119937307037e-8
-16.39,2.1626001845263824e-6,-7.784506850165577e-8
-16.38,2.166765625628779e-6,-7.795875669984727e-8
-16.37,2.170936891051841e-6,-7.807226070043904e-8
-16.36,2.1751139712316602e-6,-7.818557721159862e-8
-16.35,2.1792968564436704e-6,-7.829870291685603e-8
-16.34,2.183485536801695e-6,-7.841163447428542e-8
-16.33,2.1876800022572108e-6,-7.852436851773679e-8
-16.32,2.1918802425975036e-6,-7.86369016546485e-8
-16.31,2.1960862474449593e-6,-7.874923046796707e-8
-16.3,2.2002980062555813e-6,-7.886135151449452e-8
-16.29,2.2045155083181152e-6,-7.897326132574311e-8
-16.28,2.2087387427527114e-6,-7.908495640673536e-8
-16.27,2.2129676985093473e-6,-7.919643323702548e-8
-16.26,2.217202364367378e-6,-7.930768826943712e-8
-16.25,2.2214427289335714e-6,-7.941871793076694e-8
-16.24,2.225688780641612e-6,-7.952951862135646e-8
-16.23,2.2299405077500008e-6,-7.964008671407608e-8
-16.22,2.2341978983414885e-6,-7.975041855588688e-8
-16.21,2.2384609403217095e-6,-7.986051046617099e-8
-16.2,2.242729621417592e-6,-7.99703587371488e-8
-16.19,2.2470039291767106e-6,-8.007995963365697e-8
-16.18,2.251283850965157e-6,-8.018930939311602e-8
-16.17,2.2555693739670734e-6,-8.029840422520682e-8
-16.16,2.2598604851827663e-6,-8.040724031175561e-8
-16.15,2.2641571714281472e-6,-8.051581380607658e-8
-16.14,2.2684594193326724e-6,-8.062412083417236e-8
-16.13,2.2727672153381536e-6,-8.073215749281754e-8
-16.12,2.2770805456979596e-6,-8.083991985053098e-8
-16.11,2.2813993964752763e-6,-8.094740394718845e-8
-16.1,2.2857237535415557e-6,-8.105460579337619e-8
-16.09,2.290053602575797e-6,-8.116152137111134e-8
-16.08,2.294388929063131e-6,-8.126814663268378e-8
-16.07,2.2987297182924616e-6,-8.137447750122744e-8
-16.06,2.303075955356429e-6,-8.148050986993719e-8
-16.05,2.3074276251492094e-6,-8.158623960263495e-8
-16.04,2.3117847123658145e-6,-8.169166253270431e-8
-16.03,2.3161472014995243e-6,-8.179677446360103e-8
-16.02,2.3205150768420885e-6,-8.190157116836422e-8
-16.01,2.3248883224809023e-6,-8.200604838939101e-8
-16.0,2.3292669222984114e-6,-8.211020183861584e-8
-15.99,2.333650859970376e-6,-8.22140271968849e-8
-15.98,2.338040118964895e-6,-8.231752011356998e-8
-15.97,2.3424346825399403e-6,-8.242067620766305e-8
-15.96,2.3468345337431473e-6,-8.252349106579218e-8
-15.95,2.3512396554096294e-6,-8.262596024341169e-8
-15.94,2.3556500301606707e-6,-8.272807926401082e-8
-15.93,2.3600656404022593e-6,-8.282984361877047e-8
-15.92,2.3644864683236716e-6,-8.2931248766969e-8
-15.91,2.368912495895952e-6,-8.303229013550838e-8
-15.9,2.373343704870552e-6,-8.313296311817322e-8
-15.89,2.377780076777302e-6,-8.323326307633518e-8
-15.88,2.3822215929235643e-6,-8.333318533822361e-8
-15.87,2.3866682343923475e-6,-8.343272519883945e-8
-15.86,2.3911199820412227e-6,-8.353187791976403e-8
-15.85,2.3955768164999084e-6,-8.363063872889655e-8
-15.84,2.4000387181693375e-6,-8.372900282028409e-8
-15.83,2.4045056672205584e-6,-8.382696535410806e-8
-15.82,2.408977643591866e-6,-8.392452145622062e-8
-15.81,2.413454626988605e-6,-8.402166621801384e-8
-15.8,2.417936596880732e-6,-8.411839469623329e-8
-15.79,2.4224235325012268e-6,-8.421470191280697e-8
-15.78,2.4269154128453105e-6,-8.43105828546242e-8
-15.77,2.4314122166677952e-6,-8.44060324732895e-8
-15.76,2.4359139224821093e-6,-8.450104568469379e-8
-15.75,2.440420508558635e-6,-8.459561736949034e-8
-15.74,2.4449319529225162e-6,-8.46897423721526e-8
-15.73,2.449448233352857e-6,-8.478341550104056e-8
-15.72,2.4539693273805553e-6,-8.487663152822095e-8
-15.71,2.4584952122865456e-6,-8.496938518915857e-8
-15.7,2.4630258651007115e-6,-8.506167118266546e-8
-15.69,2.4675612625994276e-6,-8.515348417048452e-8
-15.68,2.4721013813042282e-6,-8.524481877729424e-8
-15.67,2.4766461974804827e-6,-8.533566959022786e-8
-15.66,2.4811956871349364e-6,-8.542603115864388e-8
-15.65,2.4857498260145074e-6,-8.551589799437505e-8
-15.64,2.4903085896047487e-6,-8.560526457092236e-8
-15.63,2.494871953127165e-6,-8.569412532341236e-8
-15.62,2.4994398915387563e-6,-8.57824746486865e-8
-15.61,2.5040123795291485e-6,-8.587030690460895e-8
-15.6,2.5085893915195016e-6,-8.595761641018401e-8
-15.59,2.513170901660085e-6,-8.604439744513638e-8
-15.58,2.5177568838293815e-6,-8.613064424962063e-8
-15.57,2.5223473116317775e-6,-8.621635102427909e-8
-15.56,2.5269421583953087e-6,-8.630151192988959e-8
-15.55,2.5315413971708927e-6,-8.63861210868049e-8
-15.54,2.5361450007296087e-6,-8.647017257505221e-8
-15.53,2.5407529415611485e-6,-8.655366043435311e-8
-15.52,2.54536519187225e-6,-8.66365786629185e-8
-15.51,2.549981723584021e-6,-8.671892121896641e-8
-15.5,2.5546025083314197e-6,-8.680068201776915e-8
-15.49,2.5592275174598666e-6,-8.688185493456127e-8
-15.48,2.5638567220246373e-6,-8.696243380192778e-8
-15.47,2.5684900927879263e-6,-8.704241241037602e-8
-15.46,2.573127600217698e-6,-8.712178450850987e-8
-15.45,2.577769214485072e-6,-8.720054380192312e-8
-15.44,2.582414905463513e-6,-8.727868395352276e-8
-15.43,2.5870646427253525e-6,-8.73561985834136e-8
-15.42,2.591718395541054e-6,-8.743308126814893e-8
-15.41,2.596376132876851e-6,-8.750932554077001e-8
-15.4,2.601037823392716e-6,-8.758492489032921e-8
-15.39,2.605703435440217e-6,-8.765987276210068e-8
-15.38,2.610372937060977e-6,-8.773416255692209e-8
-15.37,2.615046295984238e-6,-8.78077876308965e-8
-15.36,2.6197234796247823e-6,-8.788074129549298e-8
-15.35,2.6244044550818776e-6,-8.79530168168805e-8
-15.34,2.629089189135648e-6,-8.802460741602719e-8
-15.33,2.63377764824619e-6,-8.809550626834355e-8
-15.32,2.6384697985511683e-6,-8.816570650302374e-8
-15.31,2.6431656058637665e-6,-8.823520120356663e-8
-15.3,2.647865035670481e-6,-8.830398340650239e-8
-15.29,2.6525680531291834e-6,-8.837204610201311e-8
-15.28,2.657274623066877e-6,-8.843938223345987e-8
-15.27,2.661984709977552e-6,-8.850598469662582e-8
-15.26,2.6666982780205174e-6,-8.857184634015081e-8
-15.25,2.67141529101731e-6,-8.863695996439693e-8
-15.24,2.6761357124506546e-6,-8.870131832229562e-8
-15.23,2.6808595054611455e-6,-8.876491411811548e-8
-15.22,2.6855866328463155e-6,-8.882774000750739e-8
-15.21,2.6903170570573855e-6,-8.888978859722793e-8
-15.2,2.6950507401974424e-6,-8.895105244522728e-8
-15.19,2.6997876440194695e-6,-8.901152405956515e-8
-15.18,2.7045277299236117e-6,-8.907119589870455e-8
-15.17,2.709270958955576e-6,-8.913006037136073e-8
-15.16,2.7140172918036504e-6,-8.91881098357173e-8
-15.15,2.7187666887970474e-6,-8.924533659946596e-8
-15.14,2.723519109903314e-6,-8.930173291933745e-8
-15.13,2.7282745147259715e-6,-8.93572910011575e-8
-15.12,2.7330328625029596e-6,-8.941200299901485e-8
-15.11,2.737794112102906e-6,-8.946586101540422e-8
-15.1,2.742558222024067e-6,-8.951885710079764e-8
-15.09,2.7473251503914303e-6,-8.957098325336547e-8
-15.08,2.7520948549545126e-6,-8.962223141853654e-8
-15.07,2.7568672930851235e-6,-8.967259348889476e-8
-15.06,2.7616424217742364e-6,-8.972206130386637e-8
-15.05,2.7664201976310546e-6,-8.977062664938125e-8
-15.04,2.771200576878969e-6,-8.981828125736494e-8
-15.03,2.775983515354004e-6,-8.986501680587033e-8
-15.02,2.780768968503155e-6,-8.991082491810007e-8
-15.01,2.7855568913798147e-6,-8.995569716325266e-8
-15.0,2.790347238643643e-6,-8.99996250545893e-8
-14.99,2.7951399645562244e-6,-9.004260005080247e-8
-14.98,2.799935022980198e-6,-9.008461355428687e-8
-14.97,2.8047323673753718e-6,-9.012565691188006e-8
-14.96,2.809531950796986e-6,-9.016572141416704e-8
-14.95,2.8143337258932815e-6,-9.020479829469201e-8
-14.94,2.819137644902417e-6,-9.024287873048177e-8
-14.93,2.823943659650343e-6,-9.027995384094886e-8
-14.92,2.8287517215483603e-6,-9.031601468849789e-8
-14.91,2.8335617815895735e-6,-9.035105227721696e-8
-14.9,2.8383737903479287e-6,-9.038505755297768e-8
-14.89,2.8431876979738053e-6,-9.041802140320005e-8
-14.88,2.8480034541934675e-6,-9.04499346564733e-8
-14.87,2.8528210083043385e-6,-9.048078808239014e-8
-14.86,2.857640309173362e-6,-9.051057239067047e-8
-14.85,2.8624613052348486e-6,-9.05392782312172e-8
-14.84,2.8672839444867634e-6,-9.056689619397003e-8
-14.83,2.872108174488836e-6,-9.059341680849374e-8
-14.82,2.876933942359142e-6,-9.061883054284074e-8
-14.81,2.881761194772126e-6,-9.064312780460273e-8
-14.8,2.886589877955717e-6,-9.066629893939266e-8
-14.79,2.8914199376877473e-6,-9.068833423109651e-8
-14.78,2.8962513192945593e-6,-9.070922390147574e-8
-14.77,2.9010839676472065e-6,-9.072895810951649e-8
-14.76,2.905917827159055e-6,-9.074752695159325e-8
-14.75,2.9107528417827703e-6,-9.076492046045338e-8
-14.74,2.915588955008009e-6,-9.07811286056078e-8
-14.73,2.9204261098581094e-6,-9.07961412924772e-8
-14.72,2.925264248887188e-6,-9.080994836236829e-8
-14.71,2.9301033141777753e-6,-9.082253959131291e-8
-14.7,2.934943247337422e-6,-9.083390469126612e-8
-14.69,2.939783989496149e-6,-9.084403330792798e-8
-14.68,2.9446254813034976e-6,-9.085291502199008e-8
-14.67,2.9494676629253387e-6,-9.086053934753319e-8
-14.66,2.954310474041457e-6,-9.086689573249054e-8
-14.65,2.959153853842069e-6,-9.087197355803199e-8
-14.64,2.9639977410250676e-6,-9.087576213796953e-8
-14.63,2.968842073793058e-6,-9.087825071858356e-8
-14.62,2.9736867898508753e-6,-9.08794284782793e-8
-14.61,2.9785318264011124e-6,-9.087928452745242e-8
-14.6,2.9833771201431025e-6,-9.087780790739432e-8
-14.59,2.9882226072679517e-6,-9.087498759067828e-8
-14.58,2.9930682234569927e-6,-9.087081248034443e-8
-14.57,2.997913903877754e-6,-9.086527140974678e-8
-14.56,3.0027595831812476e-6,-9.085835314208763e-8
-14.55,3.0076051954988458e-6,-9.085004637004012e-8
-14.54,3.012450674439255e-6,-9.084033971515566e-8
-14.53,3.0172959530851047e-6,-9.082922172821621e-8
-14.52,3.0221409639901416e-6,-9.081668088762283e-8
-14.51,3.0269856391756633e-6,-9.080270560008077e-8
-14.5,3.031829910127663e-6,-9.078728420014383e-8
-14.49,3.036673707793728e-6,-9.077040494875423e-8
-14.48,3.0415169625790033e-6,-9.075205603430386e-8
-14.47,3.046359604344222e-6,-9.073222557123978e-8
-14.46,3.051201562401626e-6,-9.07109016000815e-8
-14.45,3.0560427655118502e-6,-9.068807208674032e-8
-14.44,3.0608831418804373e-6,-9.066372492262905e-8
-14.43,3.0657226191552308e-6,-9.063784792357987e-8
-14.42,3.0705611244224703e-6,-9.061042882984863e-8
-14.41,3.075398584203123e-6,-9.058145530592387e-8
-14.4,3.0802349244507514e-6,-9.055091493988588e-8
-14.39,3.0850700705470613e-6,-9.051879524228367e-8
-14.38,3.089903947298882e-6,-9.048508364740776e-8
-14.37,3.094736478934635e-6,-9.044976751081969e-8
-14.36,3.0995675891014225e-6,-9.041283411113429e-8
-14.35,3.104397200860832e-6,-9.037427064741879e-8
-14.34,3.109225236686029e-6,-9.033406424048539e-8
-14.33,3.1140516184581834e-6,-9.029220193158547e-8
-14.32,3.1188762674628564e-6,-9.024867068216449e-8
-14.31,3.123699104386628e-6,-9.020345737382132e-8
-14.3,3.1285200493135305e-6,-9.015654880693723e-8
-14.29,3.133339021721497e-6,-9.010793170165111e-8
-14.28,3.1381559404788312e-6,-9.005759269581943e-8
-14.27,3.1429707238405447e-6,-9.00055183461093e-8
-14.26,3.147783289445128e-6,-8.995169512635893e-8
-14.25,3.152593554310234e-6,-8.989610942808752e-8
-14.24,3.1574014348298174e-6,-8.983874755934273e-8
-14.23,3.16220684677026e-6,-8.977959574457142e-8
-14.22,3.1670097052660982e-6,-8.971864012440262e-8
-14.21,3.17180992481724e-6,-8.965586675456663e-8
-14.2,3.1766074192849988e-6,-8.959126160650162e-8
-14.19,3.181402101888245e-6,-8.952481056511778e-8
-14.18,3.1861938851991847e-6,-8.945649943104316e-8
-14.17,3.1909826811405937e-6,-8.9386313917134e-8
-14.16,3.195768400981558e-6,-8.931423965039211e-8
-14.15,3.2005509553335255e-6,-8.924026217059084e-8
-14.14,3.205330254146791e-6,-8.916436692952132e-8
-14.13,3.210106206706492e-6,-8.908653929119558e-8
-14.12,3.214878721628773e-6,-8.900676453071401e-8
-14.11,3.21964770685737e-6,-8.892502783451757e-8
-14.1,3.2244130696587755e-6,-8.884131429962973e-8
-14.09,3.2291747166191355e-6,-8.875560893263578e-8
-14.08,3.233932553640126e-6,-8.86678966504177e-8
-14.07,3.2386864859349084e-6,-8.857816227824632e-8
-14.06,3.243436418024429e-6,-8.848639055099556e-8
-14.05,3.2481822537331913e-6,-8.839256611070556e-8
-14.04,3.252923896184938e-6,-8.829667350773396e-8
-14.03,3.2576612477997904e-6,-8.819869719983509e-8
-14.02,3.262394210288492e-6,-8.809862155111971e-8
-14.01,3.2671226846503537e-6,-8.799643083207899e-8
-14.0,3.2718465711673604e-6,-8.789210921922449e-8
-13.99,3.2765657694011158e-6,-8.778564079431406e-8
-13.98,3.2812801781884827e-6,-8.767700954405336e-8
-13.97,3.2859896956375993e-6,-8.756619935893286e-8
-13.96,3.29069421912312e-6,-8.74531940343534e-8
-13.95,3.2953936452829534e-6,-8.733797726819255e-8
-13.94,3.3000878700133783e-6,-8.722053266185522e-8
-13.93,3.3047767884651606e-6,-8.710084371845887e-8
-13.92,3.3094602950391443e-6,-8.697889384368804e-8
-13.91,3.3141382833822344e-6,-8.685466634453127e-8
-13.9,3.3188106463827024e-6,-8.672814442829981e-8
-13.89,3.323477276166293e-6,-8.659931120376294e-8
-13.88,3.328138064092015e-6,-8.646814967852374e-8
-13.87,3.3327929007471535e-6,-8.633464276027276e-8
-13.86,3.3374416759437337e-6,-8.61987732553649e-8
-13.85,3.342084278713399e-6,-8.606052386852439e-8
-13.84,3.3467205973036733e-6,-8.591987720229603e-8
-13.83,3.351350519172881e-6,-8.577681575701921e-8
-13.82,3.3559739309867474e-6,-8.56313219293177e-8
-13.81,3.3605907186126188e-6,-8.548337801257285e-8
-13.8,3.3652007671156995e-6,-8.533296619535874e-8
-13.79,3.3698039607549523e-6,-8.518006856249125e-8
-13.78,3.3744001829773446e-6,-8.502466709271433e-8
-13.77,3.3789893164150774e-6,-8.486674365956115e-8
-13.76,3.3835712428791712e-6,-8.470628003002247e-8
-13.75,3.388145843356138e-6,-8.45432578643941e-8
-13.74,3.3927129980029317e-6,-8.437765871555328e-8
-13.73,3.3972725861423985e-6,-8.420946402841431e-8
-13.72,3.401824486258488e-6,-8.403865513983268e-8
-13.71,3.406368575991666e-6,-8.386521327733368e-8
-13.7,3.4109047321346956e-6,-8.368911955919915e-8
-13.69,3.4154328306268745e-6,-8.351035499370974e-8
-13.68,3.4199527465503768e-6,-8.332890047846984e-8
-13.67,3.424464354124591e-6,-8.314473680006663e-8
-13.66,3.4289675267024485e-6,-8.295784463342145e-8
-13.65,3.4334621367643707e-6,-8.276820454128778e-8
-13.64,3.43794805591421e-6,-8.257579697325099e-8
-13.63,3.4424251548747553e-6,-8.238060226683241e-8
-13.62,3.4468933034814353e-6,-8.218260064408324e-8
-13.61,3.451352370679164e-6,-8.198177221359473e-8
-13.6,3.455802224516168e-6,-8.177809696910367e-8
-13.59,3.460242732139621e-6,-8.157155478813264e-8
-13.58,3.464673759790837e-6,-8.136212543313743e-8
-13.57,3.469095172799702e-6,-8.114978854884694e-8
-13.56,3.4735068355799213e-6,-8.093452366360935e-8
-13.55,3.477908611624904e-6,-8.071631018733447e-8
-13.54,3.4823003635007865e-6,-8.04951274121787e-8
-13.53,3.4866819528434595e-6,-8.027095451101054e-8
-13.52,3.4910532403517483e-6,-8.004377053733736e-8
-13.51,3.49541408578367e-6,-7.98135544246713e-8
-13.5,3.4997643479502396e-6,-7.958028498574542e-8
-13.49,3.504103884711273e-6,-7.93439409120888e-8
-13.48,3.5084325529689613e-6,-7.910450077345115e-8
-13.47,3.512750208664542e-6,-7.88619430172606e-8
-13.46,3.5170567067707526e-6,-7.861624596824325e-8
-13.45,3.5213519012882747e-6,-7.8367387826866e-8
-13.44,3.525635645240297e-6,-7.811534667011482e-8
-13.43,3.5299077906665044e-6,-7.786010044972344e-8
-13.42,3.534168188617998e-6,-7.760162699277847e-8
-13.41,3.5384166891525254e-6,-7.733990399983484e-8
-13.4,3.542653141328271e-6,-7.70749090452162e-8
-13.39,3.5468773931993224e-6,-7.680661957626664e-8
-13.38,3.551089291809374e-6,-7.653501291210563e-8
-13.37,3.555288683187022e-6,-7.626006624411027e-8
-13.36,3.5594754123400144e-6,-7.598175663457522e-8
-13.35,3.563649323249527e-6,-7.570006101604751e-8
-13.34,3.567810258864813e-6,-7.541495619122365e-8
-13.33,3.5719580610987938e-6,-7.512641883217705e-8
-13.32,3.576092570819864e-6,-7.483442547894974e-8
-13.31,3.5802136278491806e-6,-7.453895254072604e-8
-13.3,3.5843210709530884e-6,-7.423997629323585e-8
-13.29,3.5884147378387352e-6,-7.393747287929561e-8
-13.28,3.592494465147491e-6,-7.363141830784527e-8
-13.27,3.5965600884495196e-6,-7.33217884537351e-8
-13.26,3.600611442238891e-6,-7.300855905639826e-8
-13.25,3.604648359926494e-6,-7.269170571994864e-8
-13.24,3.608670673835447e-6,-7.237120391172186e-8
-13.23,3.612678215194586e-6,-7.204702896239184e-8
-13.22,3.616670814133072e-6,-7.171915606527926e-8
-13.21,3.6206482996744153e-6,-7.138756027536963e-8
-13.2,3.6246104997304554e-6,-7.105221650890844e-8
-13.19,3.6285572410961836e-6,-7.071309954223428e-8
-13.18,3.6324883494429825e-6,-7.037018401218446e-8
-13.17,3.636403649312978e-6,-7.002344441478194e-8
-13.16,3.640302964113532e-6,-6.967285510453568e-8
-13.15,3.644186116110366e-6,-6.931839029409475e-8
-13.14,3.6480529264229104e-6,-6.896002405301693e-8
-13.13,3.6519032150168285e-6,-6.859773030834325e-8
-13.12,3.6557368006988336e-6,-6.823148284266375e-8
-13.11,3.6595535011107e-6,-6.786125529377951e-8
-13.1,3.66335313272251e-6,-6.748702115500963e-8
-13.09,3.667135510827203e-6,-6.710875377324212e-8
-13.08,3.6709004495337855e-6,-6.672642634887476e-8
-13.07,3.6746477617618247e-6,-6.634001193519362e-8
-13.06,3.6783772592349775e-6,-6.59494834375978e-8
-13.05,3.6820887524744487e-6,-6.555481361314394e-8
-13.04,3.6857820507931755e-6,-6.515597506952045e-8
-13.03,3.6894569622895226e-6,-6.475294026452551e-8
-13.02,3.693113293840525e-6,-6.43456815060024e-8
-13.01,3.6967508510959735e-6,-6.393417094966399e-8
-13.0,3.7003694384726893e-6,-6.35183806004899e-8
-12.99,3.7039688591464514e-6,-6.309828231005579e-8
-12.98,3.70754891504705e-6,-6.267384777759144e-8
-12.97,3.7111094068514426e-6,-6.224504854796703e-8
-12.96,3.7146501339772203e-6,-6.181185601127102e-8
-12.95,3.718170894576176e-6,-6.13742414032353e-8
-12.94,3.721671485527415e-6,-6.093217580315812e-8
-12.93,3.725151702431866e-6,-6.048563013413222e-8
-12.92,3.728611339604608e-6,-6.003457516152631e-8
-12.91,3.7320501900688483e-6,-5.9578981493268873e-8
-12.9,3.7354680455492086e-6,-5.911881957906683e-8
-12.89,3.738864696465227e-6,-5.865405970837988e-8
-12.88,3.7422399319239656e-6,-5.818467201144674e-8
-12.87,3.7455935397146105e-6,-5.771062645780861e-8
-12.86,3.7489253063007644e-6,-5.723189285504352e-8
-12.85,3.752235016814088e-6,-5.674844085002679e-8
-12.84,3.7555224550472696e-6,-5.626023992576059e-8
-12.83,3.7587874034472597e-6,-5.576725940237316e-8
-12.82,3.762029643109305e-6,-5.526946843564669e-8
-12.81,3.765248953768771e-6,-5.476683601700157e-8
-12.8,3.7684451137949657e-6,-5.42593309718084e-8
-12.79,3.7716179001843162e-6,-5.374692195993409e-8
-12.78,3.7747670885533026e-6,-5.3229577473948625e-8
-12.77,3.7778924531311994e-6,-5.270726583899728e-8
-12.76,3.7809937667538995e-6,-5.2179955211664776e-8
-12.75,3.784070800856296e-6,-5.1647613579942924e-8
-12.74,3.7871233254648393e-6,-5.1110208762219134e-8
-12.73,3.7901511091916757e-6,-5.056770840597868e-8
-12.72,3.7931539192264303e-6,-5.0020079988311157e-8
-12.71,3.796131521330028e-6,-4.946729081377511e-8
-12.7,3.799083679826481e-6,-4.8909308015112593e-8
-12.69,3.8020101575969245e-6,-4.8346098551243404e-8
-12.68,3.8049107160714643e-6,-4.777762920763253e-8
-12.67,3.8077851152225123e-6,-4.720386659495136e-8
-12.66,3.8106331135571704e-6,-4.662477714835301e-8
-12.65,3.8134544681103764e-6,-4.6040327127374276e-8
-12.64,3.816248934437396e-6,-4.545048261407369e-8
-12.63,3.819016266606069e-6,-4.485520951381808e-8
-12.62,3.821756217190271e-6,-4.4254473553030825e-8
-12.61,3.824468537262119e-6,-4.3648240279832904e-8
-12.6,3.827152976384447e-6,-4.3036475062273444e-8
-12.59,3.829809282603379e-6,-4.241914308828334e-8
-12.58,3.8324372024413296e-6,-4.1796209364236254e-8
-12.57,3.83503648088899e-6,-4.11676387154205e-8
-12.56,3.8376068613978706e-6,-4.0533395784130375e-8
-12.55,3.840148085873432e-6,-3.989344502949863e-8
-12.54,3.842659894666436e-6,-3.924775072661018e-8
-12.53,3.845142026565827e-6,-3.859627696578456e-8
-12.52,3.847594218791988e-6,-3.7938987652091946e-8
-12.51,3.850016206987355e-6,-3.72758465046331e-8
-12.5,3.852407725210404e-6,-3.6606817054950484e-8
-12.49,3.8547685059266984e-6,-3.5931862647409274e-8
-12.48,3.857098280002033e-6,-3.525094643834145e-8
-12.47,3.8593967766940825e-6,-3.4564031394238526e-8
-12.46,3.861663723645146e-6,-3.387108029231535e-8
-12.45,3.863898846873886e-6,-3.3172055719229025e-8
-12.44,3.866101870767804e-6,-3.246692007027878e-8
-12.43,3.8682725180750695e-6,-3.175563554833919e-8
-12.42,3.870410509896986e-6,-3.1038164164603975e-8
-12.41,3.8725155656797535e-6,-3.031446773560087e-8
-12.4,3.8745874032066424e-6,-2.9584507884419706e-8
-12.39,3.876625738590289e-6,-2.8848246039126547e-8
-12.38,3.878630286264167e-6,-2.8105643431602444e-8
-12.37,3.880600758975158e-6,-2.735666109816741e-8
-12.36,3.88253686777488e-6,-2.6601259877266224e-8
-12.35,3.88443832201222e-6,-2.583940040973294e-8
-12.34,3.886304829324676e-6,-2.507104313800843e-8
-12.33,3.888136095630475e-6,-2.4296148304795848e-8
-12.32,3.889931825120789e-6,-2.3514675952958455e-8
-12.31,3.8916917202508005e-6,-2.272658592453012e-8
-12.3,3.8934154817319885e-6,-2.19318378599318e-8
-12.29,3.8951028085238986e-6,-2.113039119715483e-8
-12.28,3.896753397825745e-6,-2.0322205171534545e-8
-12.27,3.898366945067985e-6,-1.950723881431518e-8
-12.26,3.89994314390401e-6,-1.8685450952258887e-8
-12.25,3.901481686202677e-6,-1.785680020712896e-8
-12.24,3.9029822620380995e-6,-1.702124499442968e-8
-12.23,3.904444559683189e-6,-1.617874352314907e-8
-12.22,3.905868265600111e-6,-1.5329253794700333e-8
-12.21,3.907253064432228e-6,-1.4472733602546362e-8
-12.2,3.9085986389951965e-6,-1.360914053089386e-8
-12.19,3.9099046702689845e-6,-1.2738431954358152e-8
-12.18,3.9111708373894225e-6,-1.1860565037483893e-8
-12.17,3.9123968176389735e-6,-1.0975496733278485e-8
-12.16,3.91358228643826e-6,-1.0083183783388771e-8
-12.15,3.914726917338669e-6,-9.183582716207609e-9
-12.14,3.915830382011863e-6,-8.276649847210153e-9
-12.13,3.916892350242587e-6,-7.3623412780201175e-9
-12.12,3.917912489919102e-6,-6.440612894768696e-9
-12.11,3.91889046702486e-6,-5.511420368802459e-9
-12.1,3.919825945630212e-6,-4.574719154865022e-9
-12.09,3.920718587882253e-6,-3.630464490722674e-9
-12.08,3.921568053997613e-6,-2.6786113963173288e-9
-12.07,3.92237400225267e-6,-1.719114673362884e-9
-12.06,3.923136088974943e-6,-7.519289042900041e-10
-12.05,3.923853968534623e-6,2.229915482425564e-10
-12.04,3.924527293334806e-6,1.2056925425936717e-9
-12.03,3.925155713803526e-6,2.1962201580117386e-9
-12.02,3.925738878384082e-6,3.1946206957953583e-9
-12.01,3.926276433526723e-6,4.200940680852691e-9
-12.0,3.926768023678966e-6,5.215226860604275e-9
-11.99,3.927213291276734e-6,6.23752620725801e-9
-11.98,3.927611876736229e-6,7.267885917859952e-9
-11.97,3.9279634184434205e-6,8.306353415322476e-9
-11.96,3.928267552746151e-6,9.352976348583851e-9
-11.95,3.9285239139440135e-6,1.0407802594120671e-8
-11.94,3.928732134280167e-6,1.1470880256107972e-8
-11.93,3.928891843931291e-6,1.2542257666890809e-8
-11.92,3.929002670999675e-6,1.3621983388677774e-8
-11.91,3.929064241502063e-6,1.4710106213484687e-8
-11.9,3.929076179362016e-6,1.580667516367297e-8
-11.89,3.929038106400233e-6,1.6911739493198118e-8
-11.88,3.928949642324858e-6,1.8025348688462268e-8
-11.87,3.928810404723131e-6,1.9147552467836017e-8
-11.86,3.928620009050413e-6,2.0278400784047686e-8
-11.85,3.928378068622366e-6,2.1417943823630064e-8
-11.84,3.928084194605171e-6,2.2566232007835342e-8
-11.83,3.927737996005344e-6,2.3723315994154177e-8
-11.82,3.927339079661697e-6,2.4889246675425016e-8
-11.81,3.926887050234455e-6,2.606407518233382e-8
-11.8,3.9263815101966136e-6,2.7247852882674138e-8
-11.79,3.925822059824265e-6,2.8440631382801e-8
-11.78,3.925208297187624e-6,2.9642462528215126e-8
-11.77,3.924539818139425e-6,3.0853398403929564e-8
-11.76,3.923816216308771e-6,3.2073491335339927e-8
-11.75,3.92303708308782e-6,3.330279388932545e-8
-11.74,3.922202007625183e-6,3.454135887388067e-8
-11.73,3.921310576814815e-6,3.578923933996745e-8
-11.72,3.920362375286201e-6,3.704648858127312e-8
-11.71,3.919356985395222e-6,3.8313160135716825e-8
-11.7,3.9182939872149004e-6,3.958930778532693e-8
-11.69,3.917172958524507e-6,4.0874985556513265e-8
-11.68,3.915993474800067e-6,4.217024772317806e-8
-11.67,3.914755109205871e-6,4.3475148803697264e-8
-11.66,3.913457432583278e-6,4.4789743565014314e-8
-11.65,3.912100013441161e-6,4.611408702086161e-8
-11.64,3.910682417946763e-6,4.7448234433447985e-8
-11.63,3.9092042099147e-6,4.8792241314298535e-8
-11.62,3.9076649507983895e-6,5.014616342447497e-8
-11.61,3.9060641996796686e-6,5.1510056774933404e-8
-11.6,3.90440151325792e-6,5.28839776278485e-8
-11.59,3.902676445841642e-6,5.4267982496977915e-8
-11.58,3.900888549337911e-6,5.566212814787097e-8
-11.57,3.899037373241556e-6,5.706647159917407e-8
-11.56,3.897122464626844e-6,5.848107012273726e-8
-11.55,3.895143368136293e-6,5.990598124434527e-8
-11.54,3.893099625970564e-6,6.13412627445204e-8
-11.53,3.890990777879041e-6,6.278697265898034e-8
-11.52,3.888816361149653e-6,6.424316927896664e-8
-11.51,3.886575910598295e-6,6.570991115258926e-8
-11.5,3.8842689585592735e-6,6.718725708422203e-8
-11.49,3.881895034875224e-6,6.867526613713201e-8
-11.48,3.879453666886184e-6,7.017399763077444e-8
-11.47,3.876944379420526e-6,7.168351114509919e-8
-11.46,3.874366694783766e-6,7.32038665184767e-8
-11.45,3.871720132749359e-6,7.473512384943578e-8
-11.44,3.86900421054765e-6,7.627734349656194e-8
-11.43,3.866218442855977e-6,7.783058607978734e-8
-11.42,3.863362341788936e-6,7.939491248068284e-8
-11.41,3.8604354168868774e-6,8.097038384234593e-8
-11.4,3.857437175106989e-6,8.255706157109153e-8
-11.39,3.854367120812206e-6,8.41550073359616e-8
-11.38,3.851224755761454e-6,8.576428307024037e-8
-11.37,3.848009579098518e-6,8.738495097050841e-8
-11.36,3.844721087342427e-6,8.901707349918935e-8
-11.35,3.841358774376956e-6,9.066071338260666e-8
-11.34,3.837922131440285e-6,9.231593361453761e-8
-11.33,3.834410647114232e-6,9.398279745353063e-8
-11.32,3.830823807314662e-6,9.566136842564815e-8
-11.31,3.827161095280128e-6,9.735171032382258e-8
-11.3,3.8234219915623e-6,9.90538872090376e-8
-11.29,3.819605974014668e-6,1.0076796341002653e-7
-11.28,3.815712517783313e-6,1.0249400352475663e-7
-11.27,3.8117410952953866e-6,1.0423207242011279e-7
-11.26,3.8076911762490363e-6,1.059822352322458e-7
-11.25,3.8035622276030648e-6,1.0774455736776908e-7
-11.24,3.7993537135658884e-6,1.0951910450357796e-7
-11.23,3.7950650955859215e-6,1.1130594258735065e-7
-11.22,3.7906958323406077e-6,1.1310513783841065e-7
-11.21,3.7862453797256542e-6,1.1491675674785877e-7
-11.2,3.7817131908448954e-6,1.167408660783892e-7
-11.19,3.7770987159996466e-6,1.1857753286585173e-7
-11.18,3.772401402677915e-6,1.2042682441895787e-7
-11.17,3.7676206955445947e-6,1.222888083200192e-7
-11.16,3.762756036429387e-6,1.241635524241897e-7
-11.15,3.7578068643184435e-6,1.2605112486214666e-7
-11.14,3.75277261534173e-6,1.2795159403783505e-7
-11.13,3.7476527227637344e-6,1.2986502863047677e-7
-11.12,3.742446616972128e-6,1.3179149759482698e-7
-11.11,3.737153725467385e-6,1.3373107016081012e-7
-11.1,3.731773472852724e-6,1.3568381583411085e-7
-11.09,3.7263052808224066e-6,1.376498043970757e-7
-11.08,3.720748568152329e-6,1.3962910590825638e-7
-11.07,3.7151027506887892e-6,1.4162179070282183e-7
-11.06,3.7093672413373072e-6,1.4362792939379933e-7
-11.05,3.7035414500529527e-6,1.4564759287066883e-7
-11.04,3.697624783829401e-6,1.4768085230124028e-7
-11.03,3.691616646688235e-6,1.4972777913099322e-7
-11.02,3.6855164396680173e-6,1.51788445083989e-7
-11.01,3.679323560814427e-6,1.5386292216220426e-7
-11.0,3.6730374051687864e-6,1.5595128264665357e-7
-10.99,3.6666573647574405e-6,1.5805359909708853e-7
-10.98,3.6601828285822793e-6,1.601699443528236e-7
-10.97,3.6536131826083723e-6,1.6230039153180493e-7
-10.96,3.6469478097547062e-6,1.6444501403227988e-7
-10.95,3.6401860898826775e-6,1.6660388553183288e-7
-10.94,3.6333273997858195e-6,1.687770799878551e-7
-10.93,3.6263711131794857e-6,1.7096467163807973e-7
-10.92,3.619316600689257e-6,1.7316673500060422e-7
-10.91,3.6121632298415122e-6,1.753833448732448e-7
-10.9,3.604910365051295e-6,1.7761457633498312e-7
-10.89,3.5975573676131846e-6,1.79860504745418e-7
-10.88,3.5901035956899487e-6,1.8212120574400107e-7
-10.87,3.582548404301609e-6,1.8439675525249255e-7
-10.86,3.57489114531549e-6,1.8668722947227364e-7
-10.85,3.5671311674350435e-6,1.8899270488624876e-7
-10.84,3.559267816189758e-6,1.9131325825849553e-7
-10.83,3.551300433923864e-6,1.9364896663352098e-7
-10.82,3.543228359786261e-6,1.9599990733806108e-7
-10.81,3.5350509297201114e-6,1.9836615797877932e-7
-10.8,3.5267674764512835e-6,2.0074779644455086e-7
-10.79,3.51837732947891e-6,2.0314490090472184e-7
-10.78,3.509879815064178e-6,2.0555754981010583e-7
-10.77,3.5012742562199622e-6,2.079858218922942e-7
-10.76,3.492559972699985e-6,2.1042979616436244e-7
-10.75,3.483736280988721e-6,2.1288955192010688e-7
-10.74,3.4748024942904545e-6,2.1536516873453307e-7
-10.73,3.465757922518987e-6,2.178567264625998e-7
-10.72,3.4566018722874284e-6,2.203643052415585e-7
-10.71,3.4473336468969667e-6,2.2288798548765585e-7
-10.7,3.4379525463268547e-6,2.2542784789867618e-7
-10.69,3.42845786722418e-6,2.2798397345241855e-7
-10.68,3.418848902892499e-6,2.3055644340683975e-7
-10.67,3.409124943282765e-6,2.331453392999836e-7
-10.66,3.3992852749815786e-6,2.357507429495403e-7
-10.65,3.389329181201578e-6,2.3837273645315128e-7
-10.64,3.3792559417709094e-6,2.4101140218742305e-7
-10.63,3.369064833122649e-6,2.436668228082241e-7
-10.62,3.358755128284747e-6,2.463390812508981e-7
-10.61,3.3483260968692832e-6,2.4902826072815604e-7
-10.6,3.337777005062711e-6,2.5173444473236323e-7
-10.59,3.3271071156152703e-6,2.544577170329048e-7
-10.58,3.3163156878302432e-6,2.5719816167738723e-7
-10.57,3.305401977554747e-6,2.599558629909092e-7
-10.56,3.2943652371684746e-6,2.627309055751197e-7
-10.55,3.283204715574546e-6,2.655233743084789e-7
-10.54,3.2719196581885507e-6,2.6833335434581593e-7
-10.53,3.2605093069280826e-6,2.711609311175154e-7
-10.52,3.248972900203841e-6,2.7400619032967946e-7
-10.51,3.2373096729085947e-6,2.768692179633218e-7
-10.5,3.225518856406959e-6,2.7975010027319803e-7
-10.49,3.2135996785265076e-6,2.8264892378945235e-7
-10.48,3.2015513635462327e-6,2.8556577531433415e-7
-10.47,3.189373132187954e-6,2.8850074192379505e-7
-10.46,3.1770642016052238e-6,2.914539109665392e-7
-10.45,3.1646237853742657e-6,2.9442537006210484e-7
-10.44,3.1520510934837102e-6,2.9741520710218076e-7
-10.43,3.1393453323242254e-6,3.0042351024898514e-7
-10.42,3.1265057046797774e-6,3.0345036793432243e-7
-10.41,3.1135314097175803e-6,3.0649586886017635e-7
-10.4,3.1004216429774353e-6,3.09560101996172e-7
-10.39,3.0871755963626384e-6,3.1264315658129016e-7
-10.38,3.07379245813083e-6,3.1574512212093025e-7
-10.37,3.060271412883117e-6,3.188660883876485e-7
-10.36,3.0466116415557345e-6,3.220061454194218e-7
-10.35,3.0328123214097383e-6,3.251653835198507e-7
-10.34,3.018872626021608e-6,3.283438932562093e-7
-10.33,3.0047917252737974e-6,3.315417654600295e-7
-10.32,2.9905687853454043e-6,3.347590912247342e-7
-10.31,2.976202968702603e-6,3.3799596190615965e-7
-10.3,2.96169343408933e-6,3.412524691207512e-7
-10.29,2.947039336518116e-6,3.4452870474482184e-7
-10.28,2.932239827260913e-6,3.478247609138856e-7
-10.27,2.9172940538389365e-6,3.5114073002165467e-7
-10.26,2.9022011600152177e-6,3.544767047191522e-7
-10.25,2.8869602857839725e-6,3.5783277791259704e-7
-10.24,2.871570567362194e-6,3.612090427644821e-7
-10.23,2.8560311371807666e-6,3.6460559269069457e-7
-10.22,2.8403411238744933e-6,3.680225213600054e-7
-10.21,2.8244996522747506e-6,3.714599226931441e-7
-10.2,2.8085058434001113e-6,3.7491789086172854e-7
-10.19,2.7923588144458947e-6,3.7839652028694965e-7
-10.18,2.77605767877825e-6,3.818959056377348e-7
-10.17,2.759601545922676e-6,3.854161418309664e-7
-10.16,2.7429895215582987e-6,3.8895732402887704e-7
-10.15,2.7262207075063136e-6,3.925195476387422e-7
-10.14,2.7092942017232968e-6,3.961029083109533e-7
-10.13,2.692209098292954e-6,3.997075019379097e-7
-10.12,2.6749644874163483e-6,4.033334246528839e-7
-10.11,2.657559455404724e-6,4.069807728283813e-7
-10.1,2.639993084670792e-6,4.1064964307442615e-7
-10.09,2.622264453720562e-6,4.1434013223837185e-7
-10.08,2.604372637145273e-6,4.180523374018106e-7
-10.07,2.586316705613344e-6,4.217863558801609e-7
-10.06,2.568095725862526e-6,4.2554228522056316e-7
-10.05,2.5497087606918632e-6,4.2932022320108504e-7
-10.04,2.5311548689535255e-6,4.331202678280529e-7
-10.03,2.5124331055454435e-6,4.3694251733540294e-7
-10.02,2.4935425214034082e-6,4.407870701828208e-7
-10.01,2.474482163493794e-6,4.4465402505343083e-7
-10.0,2.455251074805642e-6,4.485434808530081e-7
-9.99,2.4358482943430946e-6,4.5245553670709206e-7
-9.98,2.4162728571186784e-6,4.563902919611453e-7
-9.97,2.3965237941447816e-6,4.6034784617633276e-7
-9.96,2.376600132427755e-6,4.6432829912932287e-7
-9.95,2.356500894960024e-6,4.6833175081024684e-7
-9.94,2.3362251007130935e-6,4.7235830142018616e-7
-9.93,2.3157717646306922e-6,4.764080513693968e-7
-9.92,2.295139897621805e-6,4.804811012761331e-7
-9.91,2.2743285065540695e-6,4.845775519632065e-7
-9.9,2.2533365942466065e-6,4.886975044576255e-7
-9.89,2.2321631594639956e-6,4.92841059986713e-7
-9.88,2.2108071969095032e-6,4.970083199778397e-7
-9.87,2.1892676972177717e-6,5.011993860548731e-7
-9.86,2.167543646950599e-6,5.054143600367146e-7
-9.85,2.1456340285880014e-6,5.096533439343094e-7
-9.84,2.1235378205247742e-6,5.139164399497077e-7
-9.83,2.101253997062218e-6,5.182037504726776e-7
-9.82,2.0787815284030363e-6,5.225153780784344e-7
-9.81,2.0561193806463875e-6,5.268514255260184e-7
-9.8,2.033266515780405e-6,5.312119957552637e-7
-9.79,2.010221891677673e-6,5.355971918841792e-7
-9.78,1.986984462089875e-6,5.400071172073622e-7
-9.77,1.9635531766414683e-6,5.444418751922608e-7
-9.76,1.9399269808251146e-6,5.489015694780147e-7
-9.75,1.9161048159960683e-6,5.533863038713102e-7
-9.74,1.8920856193674267e-6,5.578961823448841e-7
-9.73,1.8678683240048946e-6,5.624313090347007e-7
-9.72,1.8434518588219414e-6,5.669917882368145e-7
-9.71,1.8188351485749214e-6,5.715777244046048e-7
-9.7,1.7940171138592309e-6,5.761892221467867e-7
-9.69,1.7689966711032885e-6,5.808263862229065e-7
-9.68,1.7437727325658357e-6,5.854893215423081e-7
-9.67,1.7183442063307227e-6,5.90178133160558e-7
-9.66,1.6927099963026618e-6,5.948929262754774e-7
-9.65,1.6668690022038907e-6,5.996338062254626e-7
-9.64,1.6408201195694258e-6,6.044008784857409e-7
-9.63,1.614562239744211e-6,6.091942486656744e-7
-9.62,1.588094249878746e-6,6.140140225050417e-7
-9.61,1.561415032926511e-6,6.188603058711632e-7
-9.6,1.5345234676391575e-6,6.237332047558913e-7
-9.59,1.5074184285650518e-6,6.286328252720827e-7
-9.58,1.480098786044504e-6,6.33559273649749e-7
-9.57,1.4525634062080943e-6,6.385126562337136e-7
-9.56,1.424811150973479e-6,6.434930794793018e-7
-9.55,1.3968408780424242e-6,6.485006499494927e-7
-9.54,1.3686514408990507e-6,6.535354743110107e-7
-9.53,1.3402416888060737e-6,6.585976593307967e-7
-9.52,1.3116104668045033e-6,6.636873118724642e-7
-9.51,1.2827566157095035e-6,6.68804538892592e-7
-9.5,1.253678972110976e-6,6.739494474370725e-7
-9.49,1.224376368369195e-6,6.791221446373694e-7
-9.48,1.1948476326149059e-6,6.843227377063864e-7
-9.47,1.1650915887474723e-6,6.895513339350777e-7
-9.46,1.1351070564336276e-6,6.948080406879907e-7
-9.45,1.104892851105596e-6,7.00092965399736e-7
-9.44,1.0744477839618797e-6,7.054062155710331e-7
-9.43,1.0437706619645838e-6,7.107478987640668e-7
-9.42,1.0128602878399868e-6,7.161181225985437e-7
-9.41,9.81715460077701e-7,7.215169947482484e-7
-9.4,9.503349729303905e-7,7.269446229357575e-7
-9.39,9.187176164142271e-7,7.32401114928353e-7
-9.38,8.868621763073859e-7,7.378865785348562e-7
-9.37,8.547674341526166e-7,7.434011215993376e-7
-9.36,8.224321672559495e-7,7.489448519978663e-7
-9.35,7.898551486872452e-7,7.545178776341049e-7
-9.34,7.570351472826812e-7,7.601203064338863e-7
-9.33,7.239709276443582e-7,7.657522463413907e-7
-9.32,6.906612501408542e-7,7.714138053138922e-7
-9.31,6.57104870910451e-7,7.771050913178548e-7
-9.3,6.233005418618627e-7,7.82826212322664e-7
-9.29,5.89247010675159e-7,7.885772762971164e-7
-9.28,5.549430208047291e-7,7.943583912039734e-7
-9.27,5.203873114815859e-7,8.001696649951394e-7
-9.26,4.855786177145583e-7,8.060112056064589e-7
-9.25,4.505156702944506e-7,8.118831209530296e-7
-9.24,4.1519719579529866e-7,8.177855189225294e-7
-9.23,3.7962191657793516e-7,8.237185073722135e-7
-9.22,3.4378855079391855e-7,8.296821941226252e-7
-9.21,3.076958123874233e-7,8.356766869512498e-7
-9.2,2.713424111002354e-7,8.417020935893027e-7
-9.19,2.3472705247488927e-7,8.47758521713943e-7
-9.18,1.9784843785885624e-7,8.538460789445334e-7
-9.17,1.6070526440874902e-7,8.599648728358355e-7
-9.16,1.232962250948056e-7,8.661150108729053e-7
-9.15,8.56200087057034e-8,8.72296600465267e-7
-9.14,4.767529985381427e-8,8.785097489415156e-7
-9.13,9.460778979975073e-9,8.847545635423791e-7
-9.12,-2.9024877641236642e-8,8.910311514158699e-7
-9.11,-6.77829978957385e-8,8.973396196106252e-7
-9.1,-1.0681491382347816e-7,9.036800750705738e-7
-9.09,-1.4612196161298536e-7,9.100526246278408e-7
-9.08,-1.8570548159447113e-7,9.164573749972284e-7
-9.07,-2.2556681823379144e-7,9.228944327697768e-7
-9.06,-2.6570732012501214e-7,9.29363904405869e-7
-9.05,-3.0612833998375456e-7,9.358658962301994e-7
-9.04,-3.468312346395947e-7,9.424005144237921e-7
-9.03,-3.878173650280493e-7,9.489678650182135e-7
-9.02,-4.290880961833343e-7,9.555680538886202e-7
-9.01,-4.7064479722988953e-7,9.62201186748088e-7
-9.0,-5.124888413739139e-7,9.688673691385871e-7
-8.99,-5.546216058949302e-7,9.755667064268108e-7
-8.98,-5.970444721363153e-7,9.822993037949682e-7
-8.97,-6.397588254966148e-7,9.890652662356363e-7
-8.96,-6.827660554199141e-7,9.958646985431422e-7
-8.95,-7.260675553857901e-7,1.0026977053079204e-6
-8.94,-7.696647228993914e-7,1.0095643909078089e-6
-8.93,-8.13558959481204e-7,1.0164648595016157e-6
-8.92,-8.577516706558777e-7,1.0233992150215994e-6
-8.91,-9.02244265942674e-7,1.0303675611660956e-6
-8.9,-9.470381588428842e-7,1.0373700013911508e-6
-8.89,-9.921347668282863e-7,1.0444066389051695e-6
-8.88,-1.0375355113300864e-6,1.051477576657971e-6
-8.87,-1.0832418177273256e-6,1.0585829173357114e-6
-8.86,-1.1292551153323019e-6,1.0657227633518252e-6
-8.85,-1.1755768373805405e-6,1.0728972168390471e-6
-8.84,-1.2222084210155849e-6,1.0801063796418297e-6
-8.83,-1.269151307276788e-6,1.0873503533082941e-6
-8.82,-1.316406941085646e-6,1.094629239081487e-6
-8.81,-1.3639767712313365e-6,1.1019431378914633e-6
-8.8,-1.4118622503570103e-6,1.1092921503472244e-6
-8.79,-1.4600648349444497e-6,1.1166763767278367e-6
-8.78,-1.508585985299712e-6,1.124095916973923e-6
-8.77,-1.5574271655381002e-6,1.1315508706793301e-6
-8.76,-1.606589843567329e-6,1.1390413370823385e-6
-8.75,-1.6560754910736356e-6,1.146567415056887e-6
-8.74,-1.7058855835028104e-6,1.1541292031033622e-6
-8.73,-1.7560216000462177e-6,1.1617267993405775e-6
-8.72,-1.806485023622173e-6,1.169360301495374e-6
-8.71,-1.8572773408595387e-6,1.1770298068952743e-6
-8.7,-1.9084000420792977e-6,1.1847354124569328e-6
-8.69,-1.959854621276978e-6,1.192477214679103e-6
-8.68,-2.01164257610424e-6,1.2002553096321343e-6
-8.67,-2.063765407850127e-6,1.2080697929481253e-6
-8.66,-2.1162246214222205e-6,1.2159207598125332e-6
-8.65,-2.1690217253268288e-6,1.223808304953021e-6
-8.64,-2.2221582316485857e-6,1.2317325226311634e-6
-8.63,-2.2756356560320623e-6,1.2396935066312984e-6
-8.62,-2.3294555176592773e-6,1.2476913502519865e-6
-8.61,-2.383619339229317e-6,1.2557261462941247e-6
-8.6,-2.438128646937849e-6,1.2637979870524346e-6
-8.59,-2.492984970454492e-6,1.2719069643045042e-6
-8.58,-2.5481898429006017e-6,1.2800531693007756e-6
-8.57,-2.6037448008272438e-6,1.2882366927530884e-6
-8.56,-2.6596513841920333e-6,1.2964576248260327e-6
-8.55,-2.7159111363361275e-6,1.304716055124415e-6
-8.54,-2.7725256039601143e-6,1.3130120726835456e-6
-8.53,-2.829496337099603e-6,1.3213457659584515e-6
-8.52,-2.886824889101724e-6,1.3297172228125205e-6
-8.51,-2.9445128165996754e-6,1.338126530506415e-6
-8.5,-3.002561679486637e-6,1.3465737756875807e-6
-8.49,-3.060973040891182e-6,1.3550590443787608e-6
-8.48,-3.119748467150135e-6,1.3635824219656079e-6
-8.47,-3.1788895277823535e-6,1.372143993187178e-6
-8.46,-3.238397795461641e-6,1.3807438421229402e-6
-8.45,-3.2982748459892125e-6,1.3893820521815085e-6
-8.44,-3.3585222582656204e-6,1.3980587060886836e-6
-8.43,-3.4191416142628436e-6,1.4067738858768824e-6
-8.42,-3.4801344989943006e-6,1.4155276728704676e-6
-8.41,-3.541502500487284e-6,1.4243201476771164e-6
-8.4,-3.6032472097514623e-6,1.4331513901728516e-6
-8.39,-3.665370220749935e-6,1.4420214794908672e-6
-8.38,-3.7278731303681104e-6,1.450930494009283e-6
-8.37,-3.7907575383822987e-6,1.4598785113384192e-6
-8.36,-3.85402504742899e-6,1.4688656083080667e-6
-8.35,-3.917677262972072e-6,1.4778918609548829e-6
-8.34,-3.981715793269788e-6,1.4869573445097336e-6
-8.33,-4.046142249343145e-6,1.4960621333846753e-6
-8.32,-4.110958244941566e-6,1.5052063011590373e-6
-8.31,-4.176165396509005e-6,1.5143899205683495e-6
-8.3,-4.2417653231489654e-6,1.5236130634882147e-6
-8.29,-4.3077596465906e-6,1.532875800923724e-6
-8.28,-4.3741499911523075e-6,1.54217820299416e-6
-8.27,-4.4409379837063776e-6,1.5515203389196838e-6
-8.26,-4.508125253641834e-6,1.5609022770079355e-6
-8.25,-4.575713432828522e-6,1.5703240846402717e-6
-8.24,-4.643704155577922e-6,1.5797858282572612e-6
-8.23,-4.712099058606998e-6,1.5892875733446913e-6
-8.22,-4.780899780998821e-6,1.5988293844203127e-6
-8.21,-4.8501079641623136e-6,1.6084113250181498e-6
-8.2,-4.919725251795245e-6,1.6180334576746977e-6
-8.19,-4.989753289841458e-6,1.627695843914553e-6
-8.18,-5.060193726451915e-6,1.6373985442356492e-6
-8.17,-5.131048211942792e-6,1.6471416180933033e-6
-8.16,-5.202318398753965e-6,1.656925123887599e-6
-8.15,-5.274005941406636e-6,1.666749118946581e-6
-8.14,-5.34611249645977e-6,1.676613659511287e-6
-8.13,-5.418639722467953e-6,1.6865188007204285e-6
-8.12,-5.491589279936272e-6,1.6964645965960743e-6
-8.11,-5.564962831276184e-6,1.7064511000268858e-6
-8.1,-5.63876204076094e-6,1.7164783627526047e-6
-8.09,-5.712988574478639e-6,1.7265464353488174e-6
-8.08,-5.787644100287197e-6,1.736655367210699e-6
-8.07,-5.862730287766234e-6,1.746805206536535e-6
-8.06,-5.9382488081709035e-6,1.7569960003128073e-6
-8.05,-6.01420133438253e-6,1.7672277942963891e-6
-8.04,-6.090589540861756e-6,1.7775006329989293e-6
-8.03,-6.167415103596823e-6,1.7878145596707894e-6
-8.02,-6.244679700055649e-6,1.7981696162826247e-6
-8.01,-6.322385009135163e-6,1.8085658435104932e-6
-8.0,-6.400532711109181e-6,1.8190032807180977e-6
-7.99,-6.479124487577065e-6,1.829481965939513e-6
-7.98,-6.558162021412707e-6,1.8400019358621642e-6
-7.97,-6.6376469967099004e-6,1.8505632258092276e-6
-7.96,-6.717581098729486e-6,1.86116586972282e-6
-7.95,-6.797966013844746e-6,1.8718099001462162e-6
-7.94,-6.878803429487175e-6,1.8824953482050998e-6
-7.93,-6.9600950340908545e-6,1.8932222435912093e-6
-7.92,-7.0418425170352595e-6,1.9039906145428723e-6
-7.91,-7.124047568590523e-6,1.9148004878282598e-6
-7.9,-7.2067118798572765e-6,1.9256518887261842e-6
-7.89,-7.289837142711394e-6,1.936544841007486e-6
-7.88,-7.3734250497419205e-6,1.94747936691711e-6
-7.87,-7.457477294195626e-6,1.9584554871556664e-6
-7.86,-7.541995569913266e-6,1.9694732208596353e-6
-7.85,-7.626981571270271e-6,1.9805325855828098e-6
-7.84,-7.71243699311569e-6,1.991633597277679e-6
-7.83,-7.798363530709122e-6,2.002776270275582e-6
-7.82,-7.88476287965805e-6,2.0139606172670533e-6
-7.81,-7.971636735854496e-6,2.025186649283418e-6
-7.8,-8.058986795410604e-6,2.0364543756758604e-6
-7.79,-8.146814754593422e-6,2.047763804096868e-6
-7.78,-8.235122309759656e-6,2.0591149404785447e-6
-7.77,-8.323911157288523e-6,2.0705077890143603e-6
-7.76,-8.413182993515298e-6,2.081942352138339e-6
-7.75,-8.502939514663429e-6,2.0934186305031585e-6
-7.74,-8.593182416774916e-6,2.1049366229625386e-6
-7.73,-8.683913395642394e-6,2.1164963265476674e-6
-7.72,-8.775134146738027e-6,2.128097736448142e-6
-7.71,-8.866846365142926e-6,2.1397408459903237e-6
-7.7,-8.959051745475646e-6,2.151425646616784e-6
-7.69,-9.05175198182037e-6,2.163152127864254e-6
-7.68,-9.144948767652559e-6,2.1749202773433875e-6
-7.67,-9.238643795765684e-6,2.1867300807148607e-6
-7.66,-9.332838758197659e-6,2.1985815216710366e-6
-7.65,-9.427535346153512e-6,2.21047458191126e-6
-7.64,-9.522735249930929e-6,2.222409241121684e-6
-7.63,-9.618440158842061e-6,2.23438547695157e-6
-7.62,-9.714651761136425e-6,2.2464032649928994e-6
-7.61,-9.81137174392202e-6,2.2584625787557343e-6
-7.6,-9.90860179308651e-6,2.2705633896477617e-6
-7.59,-1.0006343593216288e-5,2.282705666949676e-6
-7.58,-1.010459882751614e-5,2.2948893777940724e-6
-7.57,-1.0203369177727504e-5,2.307114487140624e-6
-7.56,-1.030265632404521e-5,2.319380957754238e-6
-7.55,-1.0402461945035089e-5,2.3316887501809945e-6
-7.54,-1.0502787717548665e-5,2.344037822725271e-6
-7.53,-1.0603635316639104e-5,2.3564281314251196e-6
-7.52,-1.0705006415474588e-5,2.36885963002967e-6
-7.51,-1.0806902685251848e-5,2.381332269974056e-6
-7.5,-1.0909325795108688e-5,2.3938460003559684e-6
-7.49,-1.1012277412035755e-5,2.406400767911379e-6
-7.48,-1.1115759200786067e-5,2.4189965169896836e-6
-7.47,-1.1219772823786544e-5,2.4316331895293254e-6
-7.46,-1.1324319941045972e-5,2.4443107250338126e-6
-7.45,-1.1429402210063464e-5,2.4570290605456187e-6
-7.44,-1.1535021285735323e-5,2.4697881306212605e-6
-7.43,-1.1641178820261923e-5,2.482587867307944e-6
-7.42,-1.1747876463052943e-5,2.495428200115228e-6
-7.41,-1.185511586063197e-5,2.5083090559925605e-6
-7.4,-1.1962898656540023e-5,2.5212303593008566e-6
-7.39,-1.2071226491238847e-5,2.5341920317892672e-6
-7.38,-1.2180101002012542e-5,2.547193992566509e-6
-7.37,-1.2289523822868027e-5,2.5602361580774156e-6
-7.36,-1.2399496584436397e-5,2.5733184420747686e-6
-7.35,-1.2510020913870166e-5,2.586440755593761e-6
-7.34,-1.2621098434743976e-5,2.599603006925058e-6
-7.33,-1.273273076694981e-5,2.612805101588054e-6
-7.32,-1.2844919526593907e-5,2.6260469423039673e-6
-7.31,-1.2957666325893333e-5,2.6393284289689007e-6
-7.3,-1.3070972773068444e-5,2.652649458626219e-6
-7.29,-1.3184840472238451e-5,2.6660099254401106e-6
-7.28,-1.3299271023312934e-5,2.679409720667003e-6
-7.27,-1.3414266021883352e-5,2.692848732627874e-6
-7.26,-1.3529827059114435e-5,2.7063268466812716e-6
-7.25,-1.364595572163318e-5,2.7198439451949144e-6
-7.24,-1.3762653591418444e-5,2.7333999075168893e-6
-7.23,-1.3879922245687291e-5,2.7469946099478696e-6
-7.22,-1.3997763256783924e-5,2.7606279257129555e-6
-7.21,-1.4116178192063164e-5,2.774299724932506e-6
-7.2,-1.4235168613776834e-5,2.7880098745927836e-6
-7.19,-1.4354736078957535e-5,2.801758238518824e-6
-7.18,-1.4474882139299696e-5,2.8155446773433827e-6
-7.17,-1.4595608341044233e-5,2.8293690484780297e-6
-7.16,-1.4716916224857056e-5,2.8432312060846403e-6
-7.15,-1.4838807325708898e-5,2.8571310010452704e-6
-7.14,-1.4961283172756402e-5,2.871068280932132e-6
-7.13,-1.5084345289217476e-5,2.8850428899777343e-6
-7.12,-1.5207995192248458e-5,2.899054669045209e-6
-7.11,-1.5332234392820537e-5,2.913103455597845e-6
-7.1,-1.5457064395593917e-5,2.9271890836682387e-6
-7.09,-1.5582486698791645e-5,2.941311383828446e-6
-7.08,-1.570850279407211e-5,2.9554701831592806e-6
-7.07,-1.5835114166399838e-5,2.9696653052185937e-6
-7.06,-1.5962322293917375e-5,2.983896570011437e-6
-7.05,-1.6090128647813844e-5,2.9981637939573914e-6
-7.04,-1.6218534692192252e-5,3.012466789860902e-6
-7.03,-1.6347541883938858e-5,3.0268053668789167e-6
-7.02,-1.6477151672588123e-5,3.0411793304887244e-6
-7.01,-1.6607365500187447e-5,3.0555884824573804e-6
-7.0,-1.673818480116243e-5,3.070032620808815e-6
-6.99,-1.686961100217826e-5,3.0845115397915535e-6
-6.98,-1.7001645522003034e-5,3.099025029847923e-6
-6.97,-1.7134289771367287e-5,3.1135728775798897e-6
-6.96,-1.726754515282449e-5,3.1281548657170024e-6
-6.95,-1.7401413060609244e-5,3.1427707730843454e-6
-6.94,-1.753589488049447e-5,3.157420374569021e-6
-6.93,-1.767099198964796e-5,3.17210344108687e-6
-6.92,-1.7806705756487582e-5,3.186819739550035e-6
-6.91,-1.794303754053536e-5,3.201569032833452e-6
-6.9,-1.8079988692270148e-5,3.216351079740158e-6
-6.89,-1.8217560552979822e-5,3.231165634969834e-6
-6.88,-1.835575445461157e-5,3.2460124490826358e-6
-6.87,-1.8494571719621213e-5,3.2608912684674513e-6
-6.86,-1.8634013660822888e-5,3.27580183530597e-6
-6.85,-1.877408158123431e-5,3.2907438875397368e-6
-6.84,-1.891477677392434e-5,3.3057171588346135e-6
-6.83,-1.90561005218573e-5,3.320721378547036e-6
-6.82,-1.919805409773698e-5,3.335756271690056e-6
-6.81,-1.934063876384883e-5,3.3508215588962674e-6
-6.8,-1.9483855771901557e-5,3.36591695638499e-6
-6.79,-1.9627706362867754e-5,3.381042175925741e-6
-6.78,-1.9772191766822314e-5,3.3961969248040113e-6
-6.77,-1.9917313202780913e-5,3.4113809057848935e-6
-6.76,-2.0063071878536164e-5,3.4265938170785723e-6
-6.75,-2.0209468990493294e-5,3.4418353523033667e-6
-6.74,-2.035650572350505e-5,3.4571052004508533e-6
-6.73,-2.0504183250703825e-5,3.4724030458498535e-6
-6.72,-2.0652502733334422e-5,3.487728568129444e-6
-6.71,-2.0801465320583727e-5,3.5030814421832096e-6
-6.7,-2.0951072149411465e-5,3.518461338134163e-6
-6.69,-2.1101324344378097e-5,3.5338679212954885e-6
-6.68,-2.1252223017470738e-5,3.5493008521359756e-6
-6.67,-2.1403769267930723e-5,3.5647597862426717e-6
-6.66,-2.1555964182077426e-5,3.580244374283387e-6
-6.65,-2.170880883313121e-5,3.595754261970449e-6
-6.64,-2.186230428103668e-5,3.6112890900231215e-6
-6.63,-2.201645157228251e-5,3.6268484941297367e-6
-6.62,-2.2171251739721928e-5,3.6424321049116214e-6
-6.61,-2.2326705802390873e-5,3.6580395478839093e-6
-6.6,-2.2482814765324882e-5,3.6736704434183107e-6
-6.59,-2.2639579619376158e-5,3.689324406706321e-6
-6.58,-2.279700134102665e-5,3.7050010477198884e-6
-6.57,-2.2955080892203353e-5,3.720699971173497e-6
-6.56,-2.3113819220088542e-5,3.73642077648697e-6
-6.55,-2.3273217256932817e-5,3.752163057746024e-6
-6.54,-2.343327591986255e-5,3.767926403664043e-6
-6.53,-2.359399611069045e-5,3.783710397543488e-6
-6.52,-2.375537871572106e-5,3.7995146172379402e-6
-6.51,-2.391742460555774e-5,3.815338635111984e-6
-6.5,-2.4080134634906983e-5,3.831182018003687e-6
-6.49,-2.4243509642380616e-5,3.847044327184184e-6
-6.48,-2.4407550450300533e-5,3.862925118319326e-6
-6.47,-2.457225786449586e-5,3.878823941430207e-6
-6.46,-2.473763267410584e-5,3.8947403408539316e-6
-6.45,-2.490367565137588e-5,3.910673855204346e-6
-6.44,-2.5070387551455343e-5,3.926624017331183e-6
-6.43,-2.5237769112192254e-5,3.942590354281778e-6
-6.42,-2.5405821053929392e-5,3.958572387261006e-6
-6.41,-2.5574544079295312e-5,3.974569631590862e-6
-6.4,-2.5743938872997878e-5,3.990581596670857e-6
-6.39,-2.5914006101613077e-5,4.0066077859375745e-6
-6.38,-2.608474641337485e-5,4.0226476968249835e-6
-6.37,-2.6256160437963303e-5,4.038700820723902e-6
-6.36,-2.642824878629092e-5,4.054766642941132e-6
-6.35,-2.660101205028673e-5,4.070844642660251e-6
-6.34,-2.6774450802682593e-5,4.086934292899522e-6
-6.33,-2.6948565596793152e-5,4.103035060472197e-6
-6.32,-2.7123356966299077e-5,4.1191464059461415e-6
-6.31,-2.729882542502583e-5,4.13526778360123e-6
-6.3,-2.747497146672225e-5,4.151398641391348e-6
-6.29,-2.7651795564839338e-5,4.167538420900216e-6
-6.28,-2.782929817230444e-5,4.183686557302743e-6
-6.27,-2.8007479721297108e-5,4.199842479323138e-6
-6.26,-2.8186340623021614e-5,4.216005609193077e-6
-6.25,-2.8365881267480008e-5,4.232175362611864e-6
-6.24,-2.8546102023241954e-5,4.2483511487036964e-6
-6.23,-2.872700323721408e-5,4.264532369976849e-6
-6.22,-2.8908585234409038e-5,4.280718422282446e-6
-6.21,-2.9090848317710902e-5,4.296908694772755e-6
-6.2,-2.9273792767641724e-5,4.313102569859462e-6
-6.19,-2.9457418842124608e-5,4.329299423172462e-6
-6.18,-2.9641726776247257e-5,4.345498623517588e-6
-6.17,-2.9826716782022898e-5,4.36169953283534e-6
-6.16,-3.0012389048151144e-5,4.377901506159322e-6
-6.15,-3.019874373977517e-5,4.394103891573885e-6
-6.14,-3.0385780998241147e-5,4.4103060301722204e-6
-6.13,-3.0573500940852466e-5,4.4265072560149204e-6
-6.12,-3.076190366062594e-5,4.442706896088141e-6
-6.11,-3.095098922604435e-5,4.4589042702612515e-6
-6.1,-3.114075768080911e-5,4.475098691244303e-6
-6.09,-3.1331209043590606e-5,4.49128946454753e-6
-6.08,-3.1522343307778074e-5,4.507475888438287e-6
-6.07,-3.171416044122803e-5,4.523657253898544e-6
-6.06,-3.1906660386009355e-5,4.539832844583647e-6
-6.05,-3.2099843058150816e-5,4.556001936780227e-6
-6.04,-3.2293708347384096e-5,4.572163799363095e-6
-6.03,-3.248825611688704e-5,4.588317693754607e-6
-6.02,-3.268348620302513e-5,4.604462873881154e-6
-6.01,-3.2879398415091305e-5,4.620598586131358e-6
-6.0,-3.3075992535044974e-5,4.636724069315046e-6
-5.99,-3.32732683172502e-5,4.652838554618894e-6
-5.98,-3.347122548821084e-5,4.66894126556699e-6
-5.97,-3.366986374630604e-5,4.685031417976328e-6
-5.96,-3.386918276152399e-5,4.701108219916041e-6
-5.95,-3.40691821751939e-5,4.717170871665098e-6
-5.94,-3.4269861599716486e-5,4.733218565669542e-6
-5.93,-3.447122061829539e-5,4.7492504865013365e-6
-5.92,-3.467325878466301e-5,4.765265810816846e-6
-5.91,-3.4875975622809734e-5,4.781263707311839e-6
-5.9,-3.5079370626708605e-5,4.797243336683703e-6
-5.89,-3.528344326003968e-5,4.8132038515864e-6
-5.88,-3.548819295591381e-5,4.829144396590327e-6
-5.87,-3.5693619116593725e-5,4.845064108138904e-6
-5.86,-3.589972111321585e-5,4.86096211450869e-6
-5.85,-3.6106498285507605e-5,4.876837535766265e-6
-5.84,-3.631394994150741e-5,4.892689483726428e-6
-5.83,-3.6522075357280556e-5,4.9085170619122355e-6
-5.82,-3.67308737766339e-5,4.92431936551134e-6
-5.81,-3.6940344410831806e-5,4.940095481335839e-6
-5.8,-3.715048643830691e-5,4.955844487780606e-6
-5.79,-3.73612990043737e-5,4.9715654547819844e-6
-5.78,-3.757278122093736e-5,4.987257443776256e-6
-5.77,-3.778493216620413e-5,5.002919507658075e-6
-5.76,-3.7997750884388246e-5,5.018550690741706e-6
-5.75,-3.821123638541817e-5,5.034150028716291e-6
-5.74,-3.842538764464417e-5,5.0497165486084505e-6
-5.73,-3.864020360253932e-5,5.065249268739857e-6
-5.72,-3.8855683164405166e-5,5.0807471986861244e-6
-5.71,-3.907182520007125e-5,5.096209339237486e-6
-5.7,-3.928862854359778e-5,5.1116346823579906e-6
-5.69,-3.9506091992971554e-5,5.127022211144773e-6
-5.68,-3.972421430980797e-5,5.142370899788208e-6
-5.67,-3.9942994219044635e-5,5.157679713531573e-6
-5.66,-4.016243040863836e-5,5.172947608632064e-6
-5.65,-4.038252152925948e-5,5.188173532319305e-6
-5.64,-4.0603266193984983e-5,5.2033564227576055e-6
-5.63,-4.0824662977990135e-5,5.218495209005537e-6
-5.62,-4.104671041823964e-5,5.23358881097659e-6
-5.61,-4.1269407013177435e-5,5.248636139399841e-6
-5.6,-4.1492751222415974e-5,5.263636095782056e-6
-5.59,-4.171674146642076e-5,5.278587572367571e-6
-5.58,-4.194137612620077e-5,5.293489452100408e-6
-5.57,-4.2166653542989124e-5,5.308340608585846e-6
-5.56,-4.239257201793088e-5,5.323139906051865e-6
-5.55,-4.261912981176279e-5,5.337886199311285e-6
-5.54,-4.28463251444972e-5,5.352578333723577e-6
-5.53,-4.307415619510144e-5,5.367215145157742e-6
-5.52,-4.330262110117779e-5,5.381795459954804e-6
-5.51,-4.353171795864166e-5,5.396318094889921e-6
-5.5,-4.376144482139816e-5,5.41078185713625e-6
-5.49,-4.399179970102003e-5,5.425185544227691e-6
-5.48,-4.422278056642153e-5,5.439527944022275e-6
-5.47,-4.445438534353247e-5,5.453807834666602e-6
-5.46,-4.468661191497248e-5,5.46802398455787e-6
-5.45,-4.491945811972118e-5,5.482175152311343e-6
-5.44,-4.515292175279057e-5,5.496260086721553e-6
-5.43,-4.538700056489499e-5,5.510277526728818e-6
-5.42,-4.562169226211894e-5,5.524226201383726e-6
-5.41,-4.585699450558595e-5,5.5381048298128205e-6
-5.4,-4.6092904911125455e-5,5.5519121211834245e-6
-5.39,-4.63294210489388e-5,5.565646774670082e-6
-5.38,-4.6566540443263696e-5,5.579307479420688e-6
-5.37,-4.6804260572039316e-5,5.592892914522579e-6
-5.36,-4.7042578866567454e-5,5.606401748969577e-6
-5.35,-4.728149271117742e-5,5.619832641628693e-6
-5.34,-4.7520999442885385e-5,5.633184241208557e-6
-5.33,-4.7761096351055354e-5,5.646455186225737e-6
-5.32,-4.800178067705843e-5,5.6596441049738735e-6
-5.31,-4.8243049613931465e-5,5.672749615491285e-6
-5.3,-4.848490030603476e-5,5.685770325530759e-6
-5.29,-4.87273298487091e-5,5.698704832527295e-6
-5.28,-4.897033528793105e-5,5.7115517235691544e-6
-5.27,-4.921391361996943e-5,5.724309575366472e-6
-5.26,-4.945806179103819e-5,5.736976954221728e-6
-5.25,-4.9702776696950726e-5,5.749552416001102e-6
-5.24,-4.9948055182772695e-5,5.762034506104623e-6
-5.23,-5.019389404247291e-5,5.77442175943811e-6
-5.22,-5.0440290018576827e-5,5.786712700384293e-6
-5.21,-5.068723980181476e-5,5.798905842776265e-6
-5.2,-5.093474003077178e-5,5.810999689869235e-6
-5.19,-5.118278729153834e-5,5.822992734313236e-6
-5.18,-5.143137811735715e-5,5.834883458127953e-6
-5.17,-5.168050898827075e-5,5.846670332675688e-6
-5.16,-5.193017633076983e-5,5.858351818636273e-6
-5.15,-5.2180376517436815e-5,5.869926365981458e-6
-5.14,-5.243110586659537e-5,5.881392413950898e-6
-5.13,-5.2682360641951295e-5,5.892748391027636e-6
-5.12,-5.2934137052240045e-5,5.90399271491423e-6
-5.11,-5.31864312508687e-5,5.91512379251011e-6
-5.1,-5.3439239335560344e-5,5.926140019888457e-6
-5.09,-5.369255734799573e-5,5.937039782274416e-6
-5.08,-5.394638127345659e-5,5.9478214540228235e-6
-5.07,-5.420070704046493e-5,5.958483398597665e-6
-5.06,-5.445553052042835e-5,5.969023968551769e-6
-5.05,-5.4710847527276255e-5,5.97944150550558e-6
-5.04,-5.496665381710186e-5,5.9897343401288135e-6
-5.03,-5.522294508780341e-5,5.999900792120608e-6
-5.02,-5.547971697872055e-5,6.009939170192703e-6
-5.01,-5.5736965070275216e-5,6.019847772049432e-6
-5.0,-5.5994684883609514e-5,6.029624884371966e-6
-4.99,-5.6252871880223824e-5,6.039268782802417e-6
-4.98,-5.651152146161496e-5,6.048777731925493e-6
-4.97,-5.6770628968912936e-5,6.058149985254966e-6
-4.96,-5.7030189682518974e-5,6.067383785219391e-6
-4.95,-5.729019882174152e-5,6.07647736314529e-6
-4.94,-5.7550651544433426e-5,6.085428939246797e-6
-4.93,-5.781154294662807e-5,6.094236722611114e-6
-4.92,-5.807286806217531e-5,6.102898911186413e-6
-4.91,-5.8334621862378175e-5,6.11141369176998e-6
-4.9,-5.8596799255627406e-5,6.1197792399992854e-6
-4.89,-5.885939508703859e-5,6.127993720339157e-6
-4.88,-5.912240413808641e-5,6.136055286075226e-6
-4.87,-5.93858211262398e-5,6.143962079301514e-6
-4.86,-5.96496407045988e-5,6.15171223091689e-6
-4.85,-5.9913857461529074e-5,6.1593038606135065e-6
-4.84,-6.017846592029574e-5,6.166735076873315e-6
-4.83,-6.0443460538700034e-5,6.174003976960353e-6
-4.82,-6.0708835708715164e-5,6.181108646916942e-6
-4.81,-6.097458575611878e-5,6.188047161558183e-6
-4.8,-6.124070494013269e-5,6.194817584470239e-6
-4.79,-6.150718745305219e-5,6.201417968004858e-6
-4.78,-6.177402741988796e-5,6.2078463532801655e-6
-4.77,-6.20412188979973e-5,6.214100770178324e-6
-4.76,-6.230875587672186e-5,6.220179237344579e-6
-4.75,-6.257663227702244e-5,6.226079762188843e-6
-4.74,-6.284484195111707e-5,6.231800340887073e-6
-4.73,-6.31133786821157e-5,6.237338958381758e-6
-4.72,-6.338223618365754e-5,6.242693588387482e-6
-4.71,-6.365140809954858e-5,6.2478621933930406e-6
-4.7,-6.392088800339836e-5,6.252842724666346e-6
-4.69,-6.419066939825854e-5,6.257633122261211e-6
-4.68,-6.44607457162599e-5,6.262231315022202e-6
-4.67,-6.473111031825109e-5,6.26663522059424e-6
-4.66,-6.500175649343934e-5,6.2708427454290295e-6
-4.65,-6.527267745902759e-5,6.274851784795599e-6
-4.64,-6.554386635985593e-5,6.278660222789425e-6
-4.63,-6.581531626804205e-5,6.28226593234592e-6
-4.62,-6.608702018262158e-5,6.2856667752499316e-6
-4.61,-6.635897102919041e-5,6.288860602149784e-6
-4.6,-6.663116165954711e-5,6.291845252573156e-6
-4.59,-6.690358485133523e-5,6.294618554939378e-6
-4.58,-6.717623330768855e-5,6.297178326577249e-6
-4.57,-6.744909965687325e-5,6.2995223737429065e-6
-4.56,-6.772217645193519e-5,6.301648491635919e-6
-4.55,-6.799545617034434e-5,6.303554464420188e-6
-4.54,-6.826893121364233e-5,6.305238065243795e-6
-4.53,-6.85425939070909e-5,6.306697056259514e-6
-4.52,-6.881643649931845e-5,6.307929188649482e-6
-4.51,-6.909045116197086e-5,6.308932202645823e-6
-4.5,-6.936462998936282e-5,6.309703827557484e-6
-4.49,-6.96389649981266e-5,6.310241781794734e-6
-4.48,-6.99134481268673e-5,6.3105437728970155e-6
-4.47,-7.018807123581503e-5,6.310607497559307e-6
-4.46,-7.046282610647884e-5,6.3104306416638115e-6
-4.45,-7.073770444130444e-5,6.310010880307214e-6
-4.44,-7.101269786332938e-5,6.309345877834339e-6
-4.43,-7.12877979158433e-5,6.30843328787066e-6
-4.42,-7.156299606204436e-5,6.307270753354381e-6
-4.41,-7.183828368470226e-5,6.305855906573437e-6
-4.4,-7.211365208582005e-5,6.304186369200734e-6
-4.39,-7.238909248629655e-5,6.302259752331649e-6
-4.38,-7.266459602559189e-5,6.3000736565226974e-6
-4.37,-7.29401537613937e-5,6.297625671832985e-6
-4.36,-7.321575666928463e-5,6.294913377862562e-6
-4.35,-7.349139564241135e-5,6.291934343797119e-6
-4.34,-7.376706149115624e-5,6.2886861284516245e-6
-4.33,-7.404274494280877e-5,6.2851662803140706e-6
-4.32,-7.431843664124015e-5,6.281372337593672e-6
-4.31,-7.459412714657834e-5,6.27730182826744e-6
-4.3,-7.486980693488662e-5,6.272952270128866e-6
-4.29,-7.514546639784184e-5,6.26832117083973e-6
-4.28,-7.542109584241588e-5,6.263406027980522e-6
-4.27,-7.569668549055824e-5,6.258204329105101e-6
-4.26,-7.597222547888075e-5,6.252713551793178e-6
-4.25,-7.624770585834468e-5,6.246931163708119e-6
-4.24,-7.652311659394836e-5,6.240854622653024e-6
-4.23,-7.679844756441957e-5,6.234481376630482e-6
-4.22,-7.707368856190641e-5,6.2278088639021074e-6
-4.21,-7.734882929167268e-5,6.220834513050602e-6
-4.2,-7.762385937179565e-5,6.213555743041635e-6
-4.19,-7.789876833286438e-5,6.205969963291318e-6
-4.18,-7.817354561768192e-5,6.198074573728481e-6
-4.17,-7.844818058096716e-5,6.189866964865183e-6
-4.16,-7.872266248906356e-5,6.1813445178647885e-6
-4.15,-7.899698051964505e-5,6.172504604612013e-6
-4.14,-7.927112376142844e-5,6.1633445877858805e-6
-4.13,-7.954508121388586e-5,6.153861820932989e-6
-4.12,-7.981884178696148e-5,6.144053648543346e-6
-4.11,-8.009239430078815e-5,6.133917406126147e-6
-4.1,-8.036572748541073e-5,6.1234504202888484e-6
-4.09,-8.06388299805076e-5,6.1126500088172825e-6
-4.08,-8.091169033511825e-5,6.101513480756875e-6
-4.07,-8.118429700737193e-5,6.090038136496346e-6
-4.06,-8.145663836421903e-5,6.078221267852055e-6
-4.05,-8.17287026811679e-5,6.066060158154609e-6
-4.04,-8.200047814201975e-5,6.053552082338218e-6
-4.03,-8.227195283861065e-5,6.040694307028182e-6
-4.02,-8.25431147705556e-5,6.027484090634534e-6
-4.01,-8.281395184499519e-5,6.013918683444892e-6
-4.0,-8.308445187634303e-5,5.999995327718304e-6
-3.99,-8.335460258604278e-5,5.9857112577837196e-6
-3.98,-8.36243916023203e-5,5.97106370013642e-6
-3.97,-8.389380645994608e-5,5.956049873539742e-6
-3.96,-8.416283459999647e-5,5.940666989126903e-6
-3.95,-8.443146336961909e-5,5.9249122505035475e-6
-3.94,-8.469968002180484e-5,5.908782853854153e-6
-3.93,-8.496747171515855e-5,5.892275988049031e-6
-3.92,-8.523482551367648e-5,5.875388834754286e-6
-3.91,-8.550172838652638e-5,5.8581185685411315e-6
-3.9,-8.576816720783147e-5,5.840462357000338e-6
-3.89,-8.60341287564561e-5,5.822417360855668e-6
-3.88,-8.629959971580082e-5,5.803980734080452e-6
-3.87,-8.656456667359288e-5,5.785149624017253e-6
-3.86,-8.682901612168788e-5,5.76592117149645e-6
-3.85,-8.709293445587166e-5,5.74629251095871e-6
-3.84,-8.735630797566722e-5,5.7262607705807185e-6
-3.83,-8.761912288414538e-5,5.70582307239844e-6
-3.82,-8.7881365287739e-5,5.684976532437509e-6
-3.81,-8.814302119606323e-5,5.663718260841749e-6
-3.8,-8.840407652173738e-5,5.642045362004894e-6
-3.79,-8.866451708021333e-5,5.619954934705288e-6
-3.78,-8.892432858960628e-5,5.5974440722411534e-6
-3.77,-8.918349667053194e-5,5.5745098625685354e-6
-3.76,-8.944200684594563e-5,5.551149388440164e-6
-3.75,-8.969984454098884e-5,5.5273597275493914e-6
-3.74,-8.9956995082838e-5,5.503137952672006e-6
-3.73,-9.021344370055771e-5,5.478481131812332e-6
-3.72,-9.046917552496182e-5,5.453386328352895e-6
-3.71,-9.072417558847514e-5,5.427850601202227e-6
-3.7,-9.097842882500184e-5,5.40187100494858e-6
-3.69,-9.12319200697993e-5,5.375444590013325e-6
-3.68,-9.148463405935681e-5,5.348568402807019e-6
-3.67,-9.173655543127635e-5,5.321239485888987e-6
-3.66,-9.198766872416326e-5,5.293454878126503e-6
-3.65,-9.22379583775173e-5,5.265211614858356e-6
-3.64,-9.248740873163305e-5,5.236506728058839e-6
-3.63,-9.273600402750079e-5,5.207337246505635e-6
-3.62,-9.298372840671801e-5,5.177700195948654e-6
-3.61,-9.323056591140219e-5,5.147592599280708e-6
-3.6,-9.347650048410983e-5,5.117011476712051e-6
-3.59,-9.372151596776315e-5,5.085953845945141e-6
-3.58,-9.396559610557851e-5,5.054416722353461e-6
-3.57,-9.42087245410051e-5,5.022397119161213e-6
-3.56,-9.445088481766402e-5,4.989892047625371e-6
-3.55,-9.469206037929776e-5,4.956898517220835e-6
-3.54,-9.493223456972331e-5,4.923413535827674e-6
-3.53,-9.517139063278988e-5,4.889434109918834e-6
-3.52,-9.540951171234525e-5,4.854957244753386e-6
-3.51,-9.564658085220731e-5,4.8199799445690584e-6
-3.5,-9.588258099613987e-5,4.784499212777961e-6
-3.49,-9.611749498783544e-5,4.748512052166886e-6
-3.48,-9.635130557090762e-5,4.7120154650953815e-6
-3.47,-9.658399538888313e-5,4.675006453700724e-6
-3.46,-9.681554698520552e-5,4.63748202010148e-6
-3.45,-9.704594280324382e-5,4.5994391666071426e-6
-3.44,-9.727516518630637e-5,4.560874895926744e-6
-3.43,-9.75031963776624e-5,4.521786211380978e-6
-3.42,-9.773001852057041e-5,4.482170117118289e-6
-3.41,-9.795561365831189e-5,4.442023618330494e-6
-3.4,-9.817996373423202e-5,4.401343721473944e-6
-3.39,-9.84030505917905e-5,4.360127434489751e-6
-3.38,-9.862485597461215e-5,4.318371767028929e-6
-3.37,-9.884536152655216e-5,4.276073730679167e-6
-3.36,-9.90645487917634e-5,4.233230339194199e-6
-3.35,-9.928239921477121e-5,4.189838608724443e-6
-3.34,-9.949889414055852e-5,4.145895558052179e-6
-3.33,-9.971401481465436e-5,4.101398208826914e-6
-3.32,-9.992774238323161e-5,4.05634358580554e-6
-3.31,-0.00010014005789321128,4.010728717092567e-6
-3.3,-0.0001003509422923758,3.964550634384474e-6
-3.29,-0.00010056037642948649,3.917806373216452e-6
-3.28,-0.0001007683410544126,3.8704929732105346e-6
-3.27,-0.00010097481681826502,3.822607478327248e-6
-3.26,-0.00010117978427353831,3.774146937119925e-6
-3.25,-0.0001013832238742615,3.7251084029896325e-6
-3.24,-0.00010158511597615599,3.675488934445155e-6
-3.23,-0.00010178544083679995,3.625285595364901e-6
-3.22,-0.00010198417861580386,3.5744954552588134e-6
-3.21,-0.00010218130937499081,3.523115589536526e-6
-3.2,-0.00010237681307858735,3.471143079775754e-6
-3.19,-0.00010257066959342059,3.4185750139934325e-6
-3.18,-0.00010276285868912564,3.3654084869198457e-6
-3.17,-0.00010295336003835738,3.311640600276009e-6
-3.16,-0.00010314215321701774,3.2572684630517666e-6
-3.15,-0.00010332921770448256,3.202289191788049e-6
-3.14,-0.00010351453288384436,3.1466999108605924e-6
-3.13,-0.00010369807804215964,3.090497752767849e-6
-3.12,-0.00010387983237070586,3.0336798584190614e-6
-3.11,-0.00010405977496524734,2.9762433774276116e-6
-3.1,-0.00010423788482631038,2.9181854684039658e-6
-3.09,-0.00010441414085946649,2.8595032992542582e-6
-3.08,-0.00010458852187562344,2.800194047479216e-6
-3.07,-0.00010476100659132938,2.740254900476709e-6
-3.06,-0.00010493157362908027,2.679683055847356e-6
-3.05,-0.00010510020151764233,2.618475721700108e-6
-3.04,-0.00010526686869237857,2.5566301169650384e-6
-3.03,-0.000105431553495588,2.4941434717036178e-6
-3.02,-0.00010559423417685342,2.431013027425528e-6
-3.01,-0.00010575488889339791,2.3672360374056027e-6
-3.0,-0.00010591349571045063,2.302809767005571e-6
-2.99,-0.00010607003260162459,2.2377314939959955e-6
-2.98,-0.00010622447744930013,2.1719985088816383e-6
-2.97,-0.00010637680804502188,2.105608115232467e-6
-2.96,-0.00010652700208990313,2.038557630011248e-6
-2.95,-0.00010667503719504165,1.9708443839089553e-6
-2.94,-0.00010682089088194287,1.9024657216808155e-6
-2.93,-0.00010696454058295672,1.833419002484618e-6
-2.92,-0.00010710596364172176,1.7637016002224146e-6
-2.91,-0.0001072451373136202,1.6933109038838357e-6
-2.9,-0.0001073820387662431,1.6222443178940795e-6
-2.89,-0.00010751664507986709,1.5504992624611939e-6
-2.88,-0.00010764893324793823,1.4780731739299152e-6
-2.87,-0.00010777888017757001,1.4049635051341912e-6
-2.86,-0.00010790646269005063,1.3311677257551864e-6
-2.85,-0.00010803165752135783,1.2566833226806452e-6
-2.84,-0.00010815444132268991,1.1815078003670244e-6
-2.83,-0.00010827479066100162,1.1056386812042504e-6
-2.82,-0.00010839268201955669,1.0290735058829e-6
-2.81,-0.000108508091798485,9.518098337640918e-7
-2.8,-0.0001086209963153557,8.73845243252108e-7
-2.79,-0.00010873137180575906,7.951773321692377e-7
-2.78,-0.00010883919442389808,7.15803718133803e-7
-2.77,-0.00010894444024319554,6.357220389401422e-7
-2.76,-0.00010904708525690695,5.549299529405067e-7
-2.75,-0.00010914710537874806,4.7342513943179836e-7
-2.74,-0.00010924447644353325,3.912052990417328e-7
-2.73,-0.00010933917420782382,3.082681541207461e-7
-2.72,-0.00010943117435059019,2.2461144913310558e-7
-2.71,-0.00010952045247388225,1.4023295105525666e-7
-2.7,-0.00010960698410351453,5.51304497694606e-8
-2.69,-0.00010969074468976149,-3.0698241532456136e-8
-2.68,-0.00010977170960806384,-1.1725528594737567e-7
-2.67,-0.0001098498541597484,-2.0454282245542997e-7
-2.66,-0.00010992515357275787,-2.9256296551210773e-7
-2.65,-0.00010999758300239419,-3.8131780463863463e-7
-2.64,-0.00011006711753207256,-4.7080940400777627e-7
-2.63,-0.0001101337321740879,-5.610398020299028e-7
-2.62,-0.00011019740187039421,-6.520110109345996e-7
-2.61,-0.00011025810149339426,-7.437250163513695e-7
-2.6,-0.0001103158058467436,-8.361837768860787e-7
-2.59,-0.00011037048966616473,-9.293892236966321e-7
-2.58,-0.00011042212762027541,-1.0233432600659396e-6
-2.57,-0.00011047069431142803,-1.1180477609719796e-6
-2.56,-0.00011051616427656288,-1.2135045726553369e-6
-2.55,-0.00011055851198807223,-1.3097155121855602e-6
-2.54,-0.00011059771185467675,-1.4066823670243796e-6
-2.53,-0.00011063373822231877,-1.5044068945860428e-6
-2.52,-0.00011066656537506126,-1.6028908217964246e-6
-2.51,-0.00011069616753600601,-1.7021358446495163e-6
-2.5,-0.00011072251886822068,-1.802143627760398e-6
-2.49,-0.00011074559347568008,-1.902915803919816e-6
-2.48,-0.00011076536540422142,-2.0044539736394644e-6
-2.47,-0.0001107818086425077,-2.106759704703713e-6
-2.46,-0.0001107948971230133,-2.209834531711952e-6
-2.45,-0.00011080460472301239,-2.313679955621969e-6
-2.44,-0.00011081090526558757,-2.4182974432918002e-6
-2.43,-0.00011081377252064798,-2.523688427017191e-6
-2.42,-0.00011081318020596367,-2.629854304068733e-6
-2.41,-0.00011080910198821003,-2.736796436225267e-6
-2.4,-0.00011080151148402772,-2.8445161493070283e-6
-2.39,-0.00011079038226109528,-2.9530147327061714e-6
-2.38,-0.00011077568783921586,-3.0622934389131354e-6
-2.37,-0.00011075740169141568,-3.172353483044358e-6
-2.36,-0.0001107354972450593,-3.2831960423660512e-6
-2.35,-0.00011070994788297361,-3.3948222558151104e-6
-2.34,-0.0001106807269445909,-3.507233223520755e-6
-2.33,-0.00011064780772710139,-3.6204300063206163e-6
-2.32,-0.0001106111634866225,-3.7344136252800163e-6
-2.31,-0.00011057076743937902,-3.849185061202827e-6
-2.3,-0.00011052659276289983,-3.964745254145903e-6
-2.29,-0.00011047861259722682,-4.081095102929995e-6
-2.28,-0.00011042680004613788,-4.198235464646295e-6
-2.27,-0.00011037112817838507,-4.316167154165795e-6
-2.26,-0.00011031157002894532,-4.434890943642905e-6
-2.25,-0.00011024809860028566,-4.554407562019047e-6
-2.24,-0.00011018068686364267,-4.674717694525221e-6
-2.23,-0.00011010930776031779,-4.795821982180921e-6
-2.22,-0.00011003393420298103,-4.9177210212932465e-6
-2.21,-0.00010995453907699693,-5.040415362952234e-6
-2.2,-0.00010987109524175944,-5.163905512528699e-6
-2.19,-0.00010978357553204124,-5.2881919291635835e-6
-2.18,-0.00010969195275936022,-5.413275025264281e-6
-2.17,-0.00010959619971335711,-5.5391551659922865e-6
-2.16,-0.00010949628916318996,-5.665832668752532e-6
-2.15,-0.00010939219385894261,-5.793307802681646e-6
-2.14,-0.00010928388653304457,-5.921580788133155e-6
-2.13,-0.00010917133990171192,-6.05065179616345e-6
-2.12,-0.00010905452666639392,-6.1805209480124985e-6
-2.11,-0.00010893341951524396,-6.31118831458888e-6
-2.1,-0.00010880799112459432,-6.4426539159501854e-6
-2.09,-0.00010867821416045805,-6.574917720779765e-6
-2.08,-0.00010854406128003198,-6.7079796458663035e-6
-2.07,-0.00010840550513322633,-6.8418395555834396e-6
-2.06,-0.00010826251836419936,-6.976497261361467e-6
-2.05,-0.00010811507361291621,-7.1119525211653255e-6
-2.04,-0.00010796314351671174,-7.248205038967352e-6
-2.03,-0.00010780670071187794,-7.385254464218859e-6
-2.02,-0.00010764571783526018,-7.523100391323678e-6
-2.01,-0.00010748016752586894,-7.661742359107536e-6
-2.0,-0.00010731002242651045,-7.801179850289286e-6
-1.99,-0.00010713525518542559,-7.941412290948397e-6
-1.98,-0.00010695583845794837,-8.082439049994523e-6
-1.97,-0.00010677174490817968,-8.224259438633528e-6
-1.96,-0.00010658294721067009,-8.366872709834502e-6
-1.95,-0.0001063894180521258,-8.510278057797036e-6
-1.94,-0.00010619113013312338,-8.654474617414626e-6
-1.93,-0.00010598805616984041,-8.79946146373941e-6
-1.92,-0.0001057801688958032,-8.945237611448187e-6
-1.91,-0.00010556744106364759,-9.091802014303819e-6
-1.9,-0.00010534984544689515,-9.239153564619397e-6
-1.89,-0.00010512735484174449,-9.38729109272029e-6
-1.88,-0.00010489994206887587,-9.536213366406852e-6
-1.87,-0.0001046675799752756,-9.685919090415397e-6
-1.86,-0.00010443024143606679,-9.83640690588231e-6
-1.85,-0.00010418789935636562,-9.987675389800867e-6
-1.84,-0.00010394052667314237,-1.0139723054487297e-5
-1.83,-0.00010368809635710503,-1.0292548347038534e-5
-1.82,-0.00010343058141459356,-1.0446149648794333e-5
-1.81,-0.00010316795488948993,-1.0600525274797905e-5
-1.8,-0.00010290018986514466,-1.0755673473255731e-5
-1.79,-0.00010262725946631629,-1.0911592425001855e-5
-1.78,-0.00010234913686112556,-1.1068280242953998e-5
-1.77,-0.00010206579526302794,-1.1225734971578849e-5
-1.76,-0.00010177720793279434,-1.1383954586350793e-5
-1.75,-0.00010148334818051598,-1.154293699321514e-5
-1.74,-0.0001011841893676134,-1.1702680028050374e-5
-1.73,-0.00010087970490887001,-1.1863181456128279e-5
-1.72,-0.00010056986827447237,-1.2024438971578392e-5
-1.71,-0.00010025465299207341,-1.2186450196852218e-5
-1.7,-9.99340326488617e-5,-1.2349212682184052e-5
-1.69,-9.960798089365174e-5,-1.2512723905058349e-5
-1.68,-9.927647143898697e-5,-1.2676981269673912e-5
-1.67,-9.893947806325718e-5,-1.2841982106408804e-5
-1.66,-9.859697461282988e-5,-1.3007723671287418e-5
-1.65,-9.824893500419894e-5,-1.3174203145449155e-5
-1.64,-9.789533322614353e-5,-1.3341417634613597e-5
-1.63,-9.753614334190625e-5,-1.350936416855411e-5
-1.62,-9.717133949138336e-5,-1.3678039700564366e-5
-1.61,-9.68008958933276e-5,-1.3847441106931644e-5
-1.6,-9.64247868475716e-5,-1.4017565186409719e-5
-1.59,-9.604298673725668e-5,-1.4188408659690428e-5
-1.58,-9.565547003108498e-5,-1.4359968168881055e-5
-1.57,-9.526221128558074e-5,-1.4532240276979307e-5
-1.56,-9.486318514736485e-5,-1.4705221467352136e-5
-1.55,-9.445836635545033e-5,-1.4878908143213177e-5
-1.54,-9.40477297435428e-5,-1.5053296627106487e-5
-1.53,-9.363125024236249e-5,-1.5228383160385048e-5
-1.52,-9.320890288197599e-5,-1.5404163902698434e-5
-1.51,-9.278066279414517e-5,-1.5580634931475855e-5
-1.5,-9.234650521468767e-5,-1.575779224141605e-5
-1.49,-9.190640548585012e-5,-1.5935631743974173e-5
-1.48,-9.146033905870126e-5,-1.6114149266856063e-5
-1.47,-9.100828149553151e-5,-1.629334055350837e-5
-1.46,-9.055020847227082e-5,-1.647320126261835e-5
-1.45,-9.00860957809184e-5,-1.665372696760619e-5
-1.44,-8.961591933198648e-5,-1.6834913156128592e-5
-1.43,-8.913965515695736e-5,-1.70167552295817e-5
-1.42,-8.865727941075636e-5,-1.7199248502601864e-5
-1.41,-8.816876837423278e-5,-1.7382388202575284e-5
-1.4,-8.767409845665887e-5,-1.7566169469147128e-5
-1.39,-8.717324619824094e-5,-1.775058735373309e-5
-1.38,-8.666618827264299e-5,-1.7935636819034907e-5
-1.37,-8.615290148952276e-5,-1.8121312738557204e-5
-1.36,-8.56333627970825e-5,-1.830760989612764e-5
-1.35,-8.510754928463265e-5,-1.8494522985420486e-5
-1.34,-8.457543818516476e-5,-1.8682046609483815e-5
-1.33,-8.403700687794364e-5,-1.8870175280266146e-5
-1.32,-8.349223289110449e-5,-1.9058903418151492e-5
-1.31,-8.294109390427039e-5,-1.9248225351493047e-5
-1.3,-8.23835677511748e-5,-1.9438135316153596e-5
-1.29,-8.181963242230342e-5,-1.9628627455045724e-5
-1.28,-8.124926606754135e-5,-1.981969581768021e-5
-1.27,-8.067244699884002e-5,-2.001133435971135e-5
-1.26,-8.00891536928888e-5,-2.020353694249388e-5
-1.25,-7.949936479380383e-5,-2.0396297332636572e-5
-1.24,-7.890305911582577e-5,-2.058960920156409e-5
-1.23,-7.830021564603162e-5,-2.078346612507965e-5
-1.22,-7.769081354705584e-5,-2.0977861582933815e-5
-1.21,-7.707483215982534e-5,-2.1172788958397263e-5
-1.2,-7.645225100630277e-5,-2.1368241537834478e-5
-1.19,-7.582304979224544e-5,-2.15642125102879e-5
-1.18,-7.518720840997104e-5,-2.1760694967058275e-5
-1.17,-7.454470694113777e-5,-2.1957681901295697e-5
-1.16,-7.389552565953335e-5,-2.215516620759454e-5
-1.15,-7.323964503387539e-5,-2.2353140681588216e-5
-1.14,-7.257704573062296e-5,-2.2551598019553173e-5
-1.13,-7.190770861679999e-5,-2.2750530818016885e-5
-1.12,-7.123161476282398e-5,-2.2949931573366838e-5
-1.11,-7.054874544535147e-5,-2.3149792681472465e-5
-1.1,-6.985908215012993e-5,-2.3350106437301357e-5
-1.09,-6.916260657486067e-5,-2.355086503455042e-5
-1.08,-6.845930063207081e-5,-2.3752060565275423e-5
-1.07,-6.77491464519966e-5,-2.3953685019528937e-5
-1.06,-6.703212638547467e-5,-2.4155730285003885e-5
-1.05,-6.630822300684441e-5,-2.4358188146678758e-5
-1.04,-6.557741911685816e-5,-2.456105028647438e-5
-1.03,-6.483969774559967e-5,-2.4764308282910734e-5
-1.02,-6.40950421554175e-5,-2.4967953610772595e-5
-1.01,-6.334343584385698e-5,-2.5171977640778953e-5
-1.0,-6.258486254661131e-5,-2.5376371639261e-5
-0.99,-6.181930624047444e-5,-2.558112676784238e-5
-0.98,-6.104675114630553e-5,-2.5786234083130043e-5
-0.97,-6.026718173199912e-5,-2.5991684536406297e-5
-0.96,-5.9480582715465635e-5,-2.6197468973331313e-5
-0.95,-5.8686939067620025e-5,-2.6403578133647788e-5
-0.94,-5.7886236015374895e-5,-2.661000265089797e-5
-0.93,-5.7078459044644715e-5,-2.6816733052140103e-5
-0.92,-5.62635939033552e-5,-2.7023759757676543e-5
-0.91,-5.5441626604461325e-5,-2.7231073080787496e-5
-0.9,-5.4612543428970665e-5,-2.7438663227469974e-5
-0.89,-5.3776330928975176e-5,-2.7646520296185624e-5
-0.88,-5.293297593068924e-5,-2.7854634277613895e-5
-0.87,-5.208246553749213e-5,-2.8062995054413165e-5
-0.86,-5.1224787132980726e-5,-2.8271592400989633e-5
-0.85,-5.035992838402399e-5,-2.848041598327157e-5
-0.84,-4.948787724382642e-5,-2.868945535849423e-5
-0.83,-4.860862195499573e-5,-2.889869997498571e-5
-0.82,-4.772215105261641e-5,-2.9108139171970538e-5
-0.81,-4.682845336732838e-5,-2.9317762179371e-5
-0.8,-4.5927518028410074e-5,-2.9527558117622475e-5
-0.79,-4.501933446686863e-5,-2.973751599749239e-5
-0.78,-4.4103892418531455e-5,-2.9947624719912187e-5
-0.77,-4.318118192714557e-5,-3.0157873075811042e-5
-0.76,-4.2251193347478055e-5,-3.036824974596437e-5
-0.75,-4.131391734842296e-5,-3.057874330084469e-5
-0.74,-4.0369344916110856e-5,-3.0789342200484325e-5
-0.73,-3.941746735702196e-5,-3.1000034794345866e-5
-0.72,-3.845827630110321e-5,-3.1210809321200674e-5
-0.71,-3.7491763704886566e-5,-3.1421653909017134e-5
-0.7,-3.651792185461455e-5,-3.163255657485409e-5
-0.69,-3.5536743369363854e-5,-3.184350522476848e-5
-0.68,-3.4548221204171125e-5,-3.205448765372874e-5
-0.67,-3.355234865316751e-5,-3.226549154553574e-5
-0.66,-3.254911935270702e-5,-3.2476504472757234e-5
-0.65,-3.153852728450148e-5,-3.26875138966667e-5
-0.64,-3.052056677875562e-5,-3.289850716719647e-5
-0.63,-2.9495232517303573e-5,-3.310947152289529e-5
-0.62,-2.846251953674624e-5,-3.332039409089868e-5
-0.61,-2.742242323158898e-5,-3.353126188690703e-5
-0.6,-2.637493935738134e-5,-3.374206181517653e-5
-0.59,-2.5320064033854657e-5,-3.395278066851547e-5
-0.58,-2.4257793748061797e-5,-3.416340512829313e-5
-0.57,-2.3188125357517385e-5,-3.437392176445887e-5
-0.56,-2.211105609333039e-5,-3.4584317035570044e-5
-0.55,-2.1026583563349555e-5,-3.4794577288831605e-5
-0.54,-1.9934705755292805e-5,-3.5004688760142506e-5
-0.53,-1.8835421039884982e-5,-3.5214637574157144e-5
-0.52,-1.7728728173992038e-5,-3.542440974435797e-5
-0.51,-1.661462630375176e-5,-3.563399117312868e-5
-0.5,-1.5493114967700516e-5,-3.584336765185095e-5
-0.49,-1.4364194099906797e-5,-3.6052524861005575e-5
-0.48,-1.3227864033088951e-5,-3.626144837028271e-5
-0.47,-1.2084125501738748e-5,-3.647012363870839e-5
-0.46,-1.0932979645242094e-5,-3.667853601477782e-5
-0.45,-9.774428010989086e-6,-3.68866707366007e-5
-0.44,-8.60847255748912e-6,-3.7094512932060345e-5
-0.43,-7.435115657474815e-6,-3.730204761897882e-5
-0.42,-6.2543601010046525e-6,-3.750925970530178e-5
-0.41,-5.066209098562486e-6,-3.771613398928433e-5
-0.4,-3.870666284147252e-6,-3.792265515969867e-5
-0.39,-2.6677357183633467e-6,-3.8128807796045825e-5
-0.38,-1.4574218915003713e-6,-3.833457636878406e-5
-0.37,-2.397297266089326e-7,-3.853994523956629e-5
-0.36,9.853354174269628e-7,-3.8744898661490946e-5
-0.35,2.2177677428301777e-6,-3.8949420779365496e-5
-0.34,3.457561009872487e-6,-3.91534956299793e-5
-0.33,4.70470853382405e-6,-3.9357107142391e-5
-0.32,5.959203181911792e-6,-3.956023913823022e-5
-0.31,7.2210373702875395e-6,-3.976287533200652e-5
-0.3,8.490203060999595e-6,-3.996499933143484e-5
-0.29,9.766691758974192e-6,-4.016659463777314e-5
-0.28,1.105049450900902e-5,-4.0367644646171433e-5
-0.27,1.2341601892771352e-5,-4.056813264603375e-5
-0.26,1.3640004025806975e-5,-4.076804182139515e-5
-0.25,1.4945690554559263e-5,-4.0967355251308794e-5
-0.24,1.62586506533996e-5,-4.116605591024795e-5
-0.23,1.7578873021664523e-5,-4.136412666852012e-5
-0.22,1.8906345880704166e-5,-4.156155029269539e-5
-0.21,2.0241056970948597e-5,-4.175830944604804e-5
-0.2,2.1582993548972743e-5,-4.195438668901002e-5
-0.19,2.2932142384586333e-5,-4.2149764479639924e-5
-0.18,2.4288489757924213e-5,-4.234442517410396e-5
-0.17,2.565202145655859e-5,-4.253835102717203e-5
-0.16,2.7022722772618025e-5,-4.273152419272621e-5
-0.15,2.8400578499919483e-5,-4.292392672428403e-5
-0.14,2.9785572931119187e-5,-4.3115540575534426e-5
-0.13,3.117768985486958e-5,-4.3306347600889284e-5
-0.12,3.257691255299626e-5,-4.349632955604892e-5
-0.11,3.398322379768647e-5,-4.368546809857839e-5
-0.1,3.5396605848693945e-5,-4.387374478850469e-5
-0.09,3.68170404505564e-5,-4.406114108891897e-5
-0.08,3.8244508829831956e-5,-4.4247638366603324e-5
-0.07,3.967899169234823e-5,-4.443321789266465e-5
-0.06,4.112046922046857e-5,-4.461786084318527e-5
-0.05,4.256892107037739e-5,-4.480154829988792e-5
-0.04,4.402432636937807e-5,-4.498426125081797e-5
-0.03,4.548666371321095e-5,-4.5165980591035135e-5
-0.02,4.695591116338876e-5,-4.534668712332413e-5
-0.01,4.8432046244549565e-5,-4.552636155892148e-5
0.0,4.991504594182681e-5,-4.570498451824968e-5
0.01,5.14048866982413e-5,-4.588253653167706e-5
0.02,5.2901544412110045e-5,-4.6058998040281596e-5
0.03,5.440499443447389e-5,-4.6234349396639535e-5
0.04,5.5915211566547134e-5,-4.6408570865624595e-5
0.05,5.743217005718659e-5,-4.658164262522044e-5
0.06,5.8955843600379216e-5,-4.675354476735272e-5
0.07,6.048620533275664e-5,-4.6924257298734524e-5
0.08,6.202322783112277e-5,-4.70937601417274e-5
0.09,6.356688311000868e-5,-4.726203313521748e-5
0.1,6.511714261924934e-5,-4.742905603550676e-5
0.11,6.66739772415829e-5,-4.759480851722222e-5
0.12,6.823735729026776e-5,-4.775927017423966e-5
0.13,6.980725250673165e-5,-4.7922420520621064e-5
0.14,7.13836320582371e-5,-4.8084238991569714e-5
0.15,7.296646453557551e-5,-4.824470494440022e-5
0.16,7.455571795078084e-5,-4.840379765952817e-5
0.17,7.615135973487552e-5,-4.856149634146793e-5
0.18,7.775335673563338e-5,-4.871778011985496e-5
0.19,7.936167521537394e-5,-4.887262805047698e-5
0.2,8.097628084878168e-5,-4.9026019116327724e-5
0.21,8.259713872074771e-5,-4.917793222867037e-5
0.22,8.422421332424469e-5,-4.932834622812146e-5
0.23,8.585746855822499e-5,-4.947723988574912e-5
0.24,8.749686772554596e-5,-4.962459190419018e-5
0.25,8.914237353092373e-5,-4.977038091877899e-5
0.26,9.079394807891987e-5,-4.9914585498695524e-5
0.27,9.245155287194847e-5,-5.00571841481308e-5
0.28,9.411514880832064e-5,-5.019815530746335e-5
0.29,9.578469618031125e-5,-5.033747735446161e-5
0.3,9.746015467226215e-5,-5.0475128605492114e-5
0.31,9.914148335871181e-5,-5.0611087316750436e-5
0.32,0.00010082864070255773,-5.074533168550604e-5
0.33,0.00010252158455324731,-5.087783985136955e-5
0.34,0.00010422027214500364,-5.100858989756587e-5
0.35,0.00010592466009508013,-5.1137559852230203e-5
0.36,0.0001076347044020524,-5.126472768972564e-5
0.37,0.0001093503604441355,-5.139007133196483e-5
0.38,0.00011107158297754145,-5.151356864976143e-5
0.39,0.00011279832613486594,-5.1635197464185204e-5
0.4,0.00011453054342351145,-5.1754935547946526e-5
0.41,0.00011626818772414303,-5.1872760626790015e-5
0.42,0.00011801121128917896,-5.198865038090463e-5
0.43,0.00011975956574131957,-5.210258244635163e-5
0.44,0.00012151320207210799,-5.2214534416512296e-5
0.45,0.0001232720706405262,-5.2324483843547234e-5
0.46,0.00012503612117163398,-5.243240823987925e-5
0.47,0.00012680530275523607,-5.2538285079681017e-5
0.48,0.00012857956384459217,-5.264209180039396e-5
0.49,0.00013035885225516487,-5.274380580425105e-5
0.5,0.00013214311516340037,-5.2843404459827604e-5
0.51,0.00013393229910555311,-5.29408651035975e-5
0.52,0.00013572634997654687,-5.303616504151543e-5
0.53,0.00013752521302887438,-5.3129281550610706e-5
0.54,0.0001393288328715384,-5.3220191880598204e-5
0.55,0.00014113715346903205,-5.330887325550834e-5
0.56,0.00014295011814035707,-5.339530287532983e-5
0.57,0.00014476766955808838,-5.3479457917673046e-5
0.58,0.0001465897497474744,-5.356131553944725e-5
0.59,0.0001484163000855805,-5.364085287855712e-5
0.6,0.00015024726130047784,-5.371804705560827e-5
0.61,0.0001520825734704695,-5.379287517564038e-5
0.62,0.00015392217602336157,-5.386531432987126e-5
0.63,0.0001557660077357797,-5.393534159745486e-5
0.64,0.00015761400673252465,-5.400293404725613e-5
0.65,0.00015946611048597566,-5.406806873964948e-5
0.66,0.00016132225581553565,-5.413072272832572e-5
0.67,0.0001631823788871238,-5.419087306211779e-5
0.68,0.0001650464152127087,-5.4248496786844036e-5
0.69,0.0001669142996498932,-5.430357094716413e-5
0.7,0.00016878596640154038,-5.435607258845635e-5
0.71,0.00017066134901544684,-5.440597875870467e-5
0.72,0.0001725403803840635,-5.445326651041201e-5
0.73,0.00017442299274426373,-5.4497912902514484e-5
0.74,0.0001763091176771572,-5.4539895002326836e-5
0.75,0.00017819868610795335,-5.4579189887491765e-5
0.76,0.0001800916283058699,-5.461577464795559e-5
0.77,0.00018198787388409786,-5.464962638794905e-5
0.78,0.00018388735179980257,-5.468072222799424e-5
0.79,0.0001857899903541868,-5.470903930691814e-5
0.8,0.00018769571719259474,-5.473455478388636e-5
0.81,0.00018960445930467205,-5.4757245840455304e-5
0.82,0.00019151614302457087,-5.477708968263138e-5
0.83,0.00019343069403120967,-5.4794063542954147e-5
0.84,0.0001953480373485839,-5.4808144682587574e-5
0.85,0.00019726809734612471,-5.4819310393434084e-5
0.86,0.00019919079773911283,-5.48275380002565e-5
0.87,0.0002011160615891456,-5.483280486281937e-5
0.88,0.00020304381130465069,-5.4835088378043097e-5
0.89,0.00020497396864146167,-5.483436598217692e-5
0.9,0.0002069064547034371,-5.483061515297777e-5
0.91,0.00020884118994314208,-5.482381341191662e-5
0.92,0.0002107780941625766,-5.4813938326386404e-5
0.93,0.00021271708651396243,-5.480096751193444e-5
0.94,0.0002146580855005854,-5.4784878634505514e-5
0.95,0.00021660100897768827,-5.476564941269457e-5
0.96,0.0002185457741534211,-5.474325762002245e-5
0.97,0.00022049229758985123,-5.4717681087219756e-5
0.98,0.00022244049520402133,-5.468889770452525e-5
0.99,0.0002243902822690704,-5.465688542400265e-5
1.0,0.0002263415734154091,-5.4621622261861e-5
1.01,0.0002282942826319516,-5.458308630080271e-5
1.02,0.0002302483232674038,-5.454125569237086e-5
1.03,0.00023220360803161372,-5.449610865932163e-5
1.04,0.00023416004899697184,-5.4447623498000824e-5
1.05,0.00023611755759988056,-5.4395778580742524e-5
1.06,0.00023807604464226898,-5.43405523582675e-5
1.07,0.00024003542029317766,-5.4281923362114746e-5
1.08,0.00024199559409039876,-5.421987020705951e-5
1.09,0.000243956474942173,-5.415437159357136e-5
1.1,0.0002459179711289503,-5.4085406310261886e-5
1.11,0.00024787999030520573,-5.401295323635764e-5
1.12,0.0002498424395013228,-5.393699134418223e-5
1.13,0.00025180522512553027,-5.385749970164932e-5
1.14,0.0002537682529659023,-5.377445747476797e-5
1.15,0.0002557314281924236,-5.368784393015669e-5
1.16,0.0002576946553591078,-5.359763843757847e-5
1.17,0.00025965783840618605,-5.3503820472474086e-5
1.18,0.0002616208806623526,-5.340636961851825e-5
1.19,0.0002635836848470718,-5.330526557017582e-5
1.2,0.0002655461530729536,-5.320048813528059e-5
1.21,0.0002675081868481826,-5.3092017237615956e-5
1.22,0.00026946968707901753,-5.297983291950973e-5
1.23,0.00027143055407235394,-5.2863915344437506e-5
1.24,0.00027339068753834286,-5.274424479963762e-5
1.25,0.0002753499865930818,-5.262080169873715e-5
1.26,0.0002773083497613646,-5.2493566584384946e-5
1.27,0.0002792656749794967,-5.236252013089311e-5
1.28,0.0002812218595981753,-5.2227643146896925e-5
1.29,0.00028317680038543534,-5.2088916578010166e-5
1.3,0.0002851303935296533,-5.1946321509499884e-5
1.31,0.00028708253464262724,-5.179983916896837e-5
1.32,0.0002890331187627144,-5.164945092903816e-5
1.33,0.00029098204035803306,-5.149513831005281e-5
1.34,0.00029292919332973654,-5.1336882982780945e-5
1.35,0.0002948744710153476,-5.117466677112985e-5
1.36,0.0002968177661921607,-5.100847165486756e-5
1.37,0.00029875897108070965,-5.0838279772349924e-5
1.38,0.0003006979773483048,-5.066407342326079e-5
1.39,0.0003026346761126313,-5.0485835071352185e-5
1.4,0.0003045689579454168,-5.030354734719383e-5
1.41,0.0003065007128761693,-5.011719305093423e-5
1.42,0.00030842983039597587,-4.992675515506083e-5
1.43,0.0003103561994613715,-4.973221680717143e-5
1.44,0.00031227970849827746,-4.9533561332748595e-5
1.45,0.000314200245406003,-4.9330772237944235e-5
1.46,0.0003161176975613157,-4.9123833212364525e-5
1.47,0.00031803195182258253,-4.891272813185788e-5
1.48,0.0003199428945339762,-4.869744106132441e-5
1.49,0.0003218504115297451,-4.847795625750645e-5
1.5,0.0003237543881385648,-4.8254258171798775e-5
1.51,0.0003256547091879394,-4.80263314530654e-5
1.52,0.00032755125900868715,-4.7794160950448184e-5
1.53,0.0003294439214394841,-4.755773171618557e-5
1.54,0.0003313325798314827,-4.731702900844222e-5
1.55,0.00033321711705299487,-4.707203829412819e-5
1.56,0.00033509741549424325,-4.682274525173085e-5
1.57,0.00033697335707218564,-4.656913577414506e-5
1.58,0.00033884482323540534,-4.631119597150973e-5
1.59,0.0003407116949690672,-4.6048912174042914e-5
1.6,0.00034257385279995114,-4.578227093487907e-5
1.61,0.000344431176801543,-4.551125903291098e-5
1.62,0.0003462835465992045,-4.523586347563192e-5
1.63,0.0003481308413754096,-4.495607150197443e-5
1.64,0.0003499729398750415,-4.467187058515971e-5
1.65,0.0003518097204107746,-4.438324843553641e-5
1.66,0.00035364106086851083,-4.4090193003428574e-5
1.67,0.00035546683871289306,-4.3792692481976536e-5
1.68,0.00035728693099288224,-4.349073530998568e-5
1.69,0.0003591012143474138,-4.3184310174764927e-5
1.7,0.00036090956501110645,-4.287340601497335e-5
1.71,0.00036271185882005835,-4.2558012023459324e-5
1.72,0.00036450797121769874,-4.2238117650100184e-5
1.73,0.00036629777726071425,-4.191371260464376e-5
1.74,0.00036808115162504496,-4.158478685953947e-5
1.75,0.0003698579686119469,-4.125133065277451e-5
1.76,0.0003716281021541216,-4.091333449070714e-5
1.77,0.000373391425821922,-4.0570789150889464e-5
1.78,0.0003751478128296189,-4.022368568489699e-5
1.79,0.00037689713604174016,-3.987201542114542e-5
1.8,0.0003786392679794806,-3.95157699677123e-5
1.81,0.00038037408082717053,-3.915494121514517e-5
1.82,0.0003821014464388293,-3.8789521339272104e-5
1.83,0.00038382123634477113,-3.841950280400512e-5
1.84,0.000385533321758286,-3.8044878364137064e-5
1.85,0.0003872375735823921,-3.766564106813539e-5
1.86,0.00038893386241664986,-3.728178426092739e-5
1.87,0.0003906220585640468,-3.6893301586680306e-5
1.88,0.00039230203203795126,-3.650018699157758e-5
1.89,0.00039397365256912937,-3.610243472658217e-5
1.9,0.00039563678961283664,-3.570003935019732e-5
1.91,0.00039729131235596876,-3.529299573122111e-5
1.92,0.0003989370897242859,-3.488129905148739e-5
1.93,0.0004005739903897035,-3.446494480860105e-5
1.94,0.0004022018827776374,-3.4043928818670196e-5
1.95,0.00040382063507444105,-3.361824721901833e-5
1.96,0.0004054301152348841,-3.318789647089833e-5
1.97,0.00040703019098970746,-3.275287336218775e-5
1.98,0.00040862072985324886,-3.231317501008234e-5
1.99,0.0004102015991311256,-3.186879886377056e-5
2.0,0.0004117726659279868,-3.141974270710525e-5
2.01,0.0004133337971553304,-3.096600466126112e-5
2.02,0.00041488485953939145,-3.0507583187377413e-5
2.03,0.0004164257196290772,-3.0044477089196266e-5
2.04,0.0004179562438039904,-2.9576685515680587e-5
2.05,0.0004194762982825003,-2.9104207963626793e-5
2.06,0.0004209857491298825,-2.8627044280259667e-5
2.07,0.0004224844622665256,-2.8145194665817875e-5
2.08,0.00042397230347619296,-2.7658659676119484e-5
2.09,0.00042544913841435897,-2.7167440225124582e-5
2.1,0.0004269148326166013,-2.667153758747104e-5
2.11,0.0004283692515070525,-2.6170953401003214e-5
2.12,0.00042981226040692406,-2.5665689669287055e-5
2.13,0.0004312437245430813,-2.5155748764102813e-5
2.14,0.0004326635090566885,-2.4641133427925254e-5
2.15,0.0004340714790119102,-2.4121846776392845e-5
2.16,0.0004354674994046739,-2.3597892300751734e-5
2.17,0.0004368514351714981,-2.306927387028864e-5
2.18,0.00043822315119837165,-2.2535995734743428e-5
2.19,0.0004395825123297012,-2.1998062526708944e-5
2.2,0.0004409293833773135,-2.1455479264003934e-5
2.21,0.0004422636291295189,-2.0908251352036153e-5
2.22,0.00044358511436023003,-2.0356384586144194e-5
2.23,0.000444893703838145,-1.979988515391718e-5
2.24,0.0004461892623359823,-1.9238759637497292e-5
2.25,0.000447471654639772,-1.8673015015862898e-5
2.26,0.00044874074555821504,-1.8102658667090654e-5
2.27,0.00044999639993208314,-1.7527698370597903e-5
2.28,0.0004512384826436882,-1.6948142309359e-5
2.29,0.00045246685862639655,-1.6363999072109722e-5
2.3,0.0004536813928742104,-1.5775277655520026e-5
2.31,0.0004548819504513881,-1.5181987466349499e-5
2.32,0.0004560683965021373,-1.4584138323582575e-5
2.33,0.0004572405962603439,-1.3981740460533133e-5
2.34,0.00045839841505936703,-1.3374804526933642e-5
2.35,0.00045954171834187735,-1.2763341590996116e-5
2.36,0.00046067037166975876,-1.2147363141451123e-5
2.37,0.0004617842407340472,-1.1526881089556759e-5
2.38,0.00046288319136493505,-1.0901907771094421e-5
2.39,0.0004639670895418125,-1.0272455948325427e-5
2.4,0.0004650358014033741,-9.63853881193095e-6
2.41,0.0004660891932577576,-9.000169982924797e-6
2.42,0.00046712713159274827,-8.357363514535215e-6
2.43,0.0004681494830860149,-7.7101338940655e-6
2.44,0.00046915611461541246,-7.058496044724369e-6
2.45,0.00047014689326931204,-6.402465327427431e-6
2.46,0.00047112168635699795,-5.742057542574695e-6
2.47,0.0004720803614190851,-5.077288931795772e-6
2.48,0.00047302278623801287,-4.4081761796695665e-6
2.49,0.0004739488288485525,-3.734736415410336e-6
2.5,0.00047485835754838384,-3.056987214530783e-6
2.51,0.0004757512409087008,-2.3749466004689653e-6
2.52,0.00047662734778486344,-1.6886330461867886e-6
2.53,0.00047748654732708876,-9.980654757420214e-7
2.54,0.00047832870899119884,-3.032632658217691e-7
2.55,0.0004791537025493838,3.957537527490693e-7
2.56,0.00047996139810102696,1.098965293535208e-6
2.57,0.0004807516660835564,1.80635061304718e-6
2.58,0.00048152437728334404,2.5178885093328117e-6
2.59,0.000482279402846639,3.233557320603187e-6
2.6,0.00048301661429053116,3.953334923885155e-6
2.61,0.00048373588351396604,4.6771987337143014e-6
2.62,0.00048443708280878435,5.405125700861636e-6
2.63,0.0004851200848707997,6.1370923110867445e-6
2.64,0.0004857847628109115,6.873074583938914e-6
2.65,0.0004864309901662519,7.613048071580701e-6
2.66,0.0004870586409113623,8.356987857656258e-6
2.67,0.0004876675894694097,9.104868556189054e-6
2.68,0.00048825771072341927,9.856664310520103e-6
2.69,0.0004888288800275589,1.0612348792282264e-5
2.7,0.0004893809732184364,1.1371895200410155e-5
2.71,0.0004899138666264269,1.2135276260186141e-5
2.72,0.0004904274370870457,1.2902464222329198e-5
2.73,0.0004909215619523168,1.367343086211729e-5
2.74,0.000491396119102208,1.4448147478547667e-5
2.75,0.0004918509869560524,1.5226584893541511e-5
2.76,0.0004922860444840237,1.6008713451181614e-5
2.77,0.0004927011712186219,1.6794503016990933e-5
2.78,0.0004930962472661835,1.7583922977256267e-5
2.79,0.0004934711533184184,1.8376942238383594e-5
2.8,0.0004938257706639611,1.9173529226300178e-5
2.81,0.0004941599811999541,1.997365188589596e-5
2.82,0.0004944736674436353,2.0777277680506e-5
2.83,0.0004947667125439604,2.1584373591432704e-5
2.84,0.0004950390002932326,2.2394906117512785e-5
2.85,0.0004952904151387487,2.3208841274725754e-5
2.86,0.0004955208421944763,2.4026144595844555e-5
2.87,0.0004957301672527174,2.48467811301279e-5
2.88,0.0004959182767958222,2.5670715443057387e-5
2.89,0.0004960850580078889,2.649791161611758e-5
2.9,0.0004962303987864809,2.732833324662227e-5
2.91,0.0004963541877543754,2.816194344757785e-5
2.92,0.0004964563142712869,2.8998704847602162e-5
2.93,0.0004965366684456354,2.9838579590877057e-5
2.94,0.0004965951411463062,3.0681529337153543e-5
2.95,0.0004966316240144099,3.152751526179933e-5
2.96,0.0004966460094750687,3.237649805589383e-5
2.97,0.0004966381907491989,3.3228437926364837e-5
2.98,0.0004966080618652858,3.408329459617763e-5
2.99,0.0004965555176711925,3.494102730456822e-5
3.0,0.0004964804538459381,3.58015948073195e-5
3.01,0.000496382766911497,3.6664955377091166e-5
3.02,0.0004962623542445995,3.7531066803794284e-5
3.03,0.000496119114088524,3.839988639501084e-5
3.04,0.000495952945564891,3.9271370976466286e-5
3.05,0.0004957637486854549,4.0145476892547576e-5
3.06,0.0004955514243638962,4.1022160006869016e-5
3.07,0.0004953158744276029,4.190137570288954e-5
3.08,0.0004950570016294503,4.278307888457762e-5
3.09,0.0004947747096595714,4.3667223977125624e-5
3.1,0.0004944689031571309,4.455376492771178e-5
3.11,0.0004941394877220674,4.544265520631805e-5
3.12,0.0004937863699268566,4.633384780659154e-5
3.13,0.0004934094573282302,4.722729524675967e-5
3.14,0.0004930086584789155,4.812294957059434e-5
3.15,0.00049258388293934,4.9020762348430736e-5
3.16,0.0004921350412893249,4.9920684678229216e-5
3.17,0.0004916620451397802,5.0822667186699784e-5
3.18,0.0004911648071443549,5.172666003046684e-5
3.19,0.0004906432410111018,5.2632612897295504e-5
3.2,0.0004900972615140992,5.354047500735949e-5
3.21,0.0004895267845050624,5.445019511457226e-5
3.22,0.0004889317269249377,5.536172150796348e-5
3.23,0.0004883120068154723,5.6275002013108314e-5
3.24,0.00048766754333075566,5.718998399361201e-5
3.25,0.0004869982567487502,5.810661435264961e-5
3.26,0.00048630406848277854,5.9024839534548586e-5
3.27,0.000485584901093003,5.994460552644051e-5
3.28,0.0004848406782978681,6.086585785995095e-5
3.29,0.0004840713249855073,6.178854161295246e-5
3.3,0.00048327676722514657,6.271260141137214e-5
3.31,0.0004824569322784398,6.36379814310431e-5
3.32,0.00048161174861080687,6.456462539962328e-5
3.33,0.000480741145902716,6.549247659855855e-5
3.34,0.0004798450550609411,6.642147786510741e-5
3.35,0.0004789234082297844,6.735157159441325e-5
3.36,0.00047797613880225633,6.828269974163967e-5
3.37,0.00047700318143122783,6.921480382415267e-5
3.38,0.0004760044720405321,7.014782492376382e-5
3.39,0.0004749799478360339,7.108170368902478e-5
3.4,0.00047392954731665776,7.201638033758091e-5
3.41,0.00047285321028536586,7.29517946585776e-5
3.42,0.0004717508778601059,7.388788601512149e-5
3.43,0.00047062249248469985,7.482459334679843e-5
3.44,0.0004694679979396946,7.576185517225011e-5
3.45,0.00046828733935316944,7.669960959180137e-5
3.46,0.00046708046321148044,7.763779429014526e-5
3.47,0.00046584731736997576,7.857634653908691e-5
3.48,0.0004645878510636357,7.951520320033906e-5
3.49,0.00046330201491768895,8.04543007283789e-5
3.5,0.00046198976095814865,8.139357517335342e-5
3.51,0.0004606510426223193,8.233296218405014e-5
3.52,0.00045928581476921784,8.327239701091673e-5
3.53,0.00045789403368997575,8.421181450914365e-5
3.54,0.000456475657118145,8.515114914179239e-5
3.55,0.000455030644239978,8.60903349829999e-5
3.56,0.00045355895570462255,8.702930572120941e-5
3.57,0.00045206055363426626,8.796799466249276e-5
3.58,0.00045053540163422063,8.890633473390019e-5
3.59,0.00044898346480293417,8.984425848688053e-5
3.6,0.00044740470974194543,9.078169810076041e-5
3.61,0.0004457991045657677,9.171858538626914e-5
3.62,0.0004441666189117047,9.265485178912807e-5
3.63,0.00044250722394960037,9.359042839369632e-5
3.64,0.0004408208923915179,9.452524592666822e-5
3.65,0.0004391075985013507,9.54592347608314e-5
3.66,0.0004373673181043468,9.6392324918881e-5
3.67,0.0004356000285965837,9.732444607728834e-5
3.68,0.00043380570895434477,9.825552757022493e-5
3.69,0.00043198433974343635,9.9185498393548e-5
3.7,0.00043013590312841954,0.00010011428720883637
3.71,0.00042826038288176505,0.00010104182234748593
3.72,0.0004263577643929274,0.00010196803181486134
3.73,0.0004244280346773434,0.00010289284329449911
3.74,0.00042247118238534175,0.00010381618415237419
3.75,0.0004204871978109747,0.00010473798144121519
3.76,0.00041847607290076326,0.00010565816190488133
3.77,0.000416437801262358,0.00010657665198278905
3.78,0.0004143723781731067,0.00010749337781439812
3.79,0.0004122798005885486,0.00010840826524375403
3.8,0.00041016006715080273,0.00010932123982407998
3.81,0.000408013178196878,0.00011023222682243297
3.82,0.00040583913576688457,0.00011114115122440276
3.83,0.00040363794361215774,0.00011204793773888068
3.84,0.0004014096072032849,0.00011295251080286654
3.85,0.00039915413373803945,0.00011385479458634598
3.86,0.0003968715321492154,0.00011475471299720862
3.87,0.00039456181311236626,0.00011565218968623208
3.88,0.00039222498905345013,0.00011654714805210732
3.89,0.0003898610741563656,0.00011743951124653341
3.9,0.00038747008437039533,0.00011832920217934969
3.91,0.0003850520374175442,0.0001192161435237321
3.92,0.000382606952799773,0.00012010025772144083
3.93,0.00038013485180612896,0.00012098146698811873
3.94,0.00037763575751977507,0.00012185969331863867
3.95,0.00037510969482490463,0.00012273485849251833
3.96,0.0003725566904135565,0.0001236068840793674
3.97,0.00036997677279231446,0.0001244756914444017
3.98,0.00036736997228890286,0.00012534120175400096
3.99,0.000364736321058663,0.00012620333598132344
4.0,0.0003620758530909326,0.00012706201491196988
4.01,0.00035938860421529036,0.0001279171591496923
4.02,0.00035667461210770526,0.00012876868912216742
4.03,0.0003539339162965607,0.00012961652508681147
4.04,0.0003511665581685657,0.00013046058713663276
4.05,0.0003483725809745468,0.00013130079520616605
4.06,0.00034555202983511837,0.0001321370690774227
4.07,0.00034270495174624203,0.00013296932838591507
4.08,0.0003398313955846557,0.00013379749262671476
4.09,0.000336931412113185,0.0001346214811605613
4.1,0.00033400505398593417,0.000135441213220029
4.11,0.00033105237575334524,0.00013625660791572844
4.12,0.0003280734338671433,0.00013706758424256646
4.13,0.000325068286685142,0.0001378740610860462
4.14,0.00032203699447593833,0.00013867595722861345
4.15,0.00031897961942346087,0.00013947319135605474
4.16,0.000315896225631406,0.00014026568206394372
4.17,0.0003127868791275303,0.00014105334786411488
4.18,0.00030965164786782485,0.00014183610719121088
4.19,0.00030649060174054094,0.00014261387840924924
4.2,0.000303303812570101,0.00014338657981824917
4.21,0.00030009135412086143,0.00014415412966089597
4.22,0.0002968533021007457,0.00014491644612924556
4.23,0.00029358973416474367,0.0001456734473714841
4.24,0.00029030072991826755,0.00014642505149871658
4.25,0.0002869863709203764,0.00014717117659181008
4.26,0.0002836467406868587,0.00014791174070826464
4.27,0.00028028192469317545,0.00014864666188913993
4.28,0.00027689201037725954,0.00014937585816601661
4.29,0.00027347708714218263,0.00015009924756799155
4.3,0.00027003724635866826,0.0001508167481287257
4.31,0.0002665725813674678,0.00015152827789352138
4.32,0.0002630831874815931,0.00015223375492644448
4.33,0.00025956916198840063,0.00015293309731747746
4.34,0.0002560306041515266,0.00015362622318972305
4.35,0.00025246761521268964,0.0001543130507066324
4.36,0.0002488802983933253,0.0001549934980792755
4.37,0.00024526875889608756,0.0001556674835736499
4.38,0.000241633103906194,0.00015633492551802086
4.39,0.00023797344259262403,0.00015699574231030415
4.4,0.000234289886109163,0.00015764985242547116
4.41,0.00023058254759529548,0.00015829717442299797
4.42,0.00022685154217695096,0.0001589376269543495
4.43,0.00022309698696708517,0.00015957112877048536
4.44,0.0002193190010661187,0.00016019759872941546
4.45,0.00021551770556221705,0.00016081695580376696
4.46,0.00021169322353140847,0.0001614291190883987
4.47,0.00020784568003755742,0.0001620340078080388
4.48,0.0002039752021321701,0.00016263154132495393
4.49,0.00020008191885405237,0.00016322163914664993
4.5,0.00019616596122879666,0.00016380422093359643
4.51,0.00019222746226812336,0.00016437920650698516
4.52,0.0001882665569690536,0.00016494651585651271
4.53,0.0001842833823129218,0.00016550606914818866
4.54,0.00018027807726423586,0.0001660577867321762
4.55,0.0001762507827693623,0.00016660158915064857
4.56,0.0001722016417550612,0.0001671373971456846
4.57,0.00016813079912685015,0.0001676651316671715
4.58,0.00016403840176720897,0.00016818471388074408
4.59,0.00015992459853362076,0.00016869606517574276
4.6,0.00015578954025644303,0.0001691991071731965
4.61,0.00015163337973662052,0.0001696937617338177
4.62,0.00014745627174322815,0.00017017995096603098
4.63,0.00014325837301084812,0.0001706575972340168
4.64,0.00013903984223678214,0.00017112662316577006
4.65,0.0001348008400780912,0.0001715869516611833
4.66,0.00013054152914847902,0.0001720385059001463
4.67,0.0001262620740149907,0.00017248120935066367
4.68,0.00012196264119455799,0.0001729149857769899
4.69,0.00011764339915036609,0.00017333975924777219
4.7,0.00011330451828805592,0.00017375545414422488
4.71,0.00010894617095175213,0.00017416199516829569
4.72,0.00010456853141992448,0.00017455930735087407
4.73,0.00010017177590107588,0.00017494731605998106
4.74,9.575608252926171e-5,0.0001753259470090005
4.75,9.13216313594341e-5,0.00017569512626489824
4.76,8.68686043626173e-5,0.00017605478025646602
4.77,8.23971854209117e-5,0.00017640483578256928
4.78,7.790756032232054e-5,0.00017674522002041426
4.79,7.339991675541033e-5,0.00017707586053380072
4.8,6.887444430379064e-5,0.00017739668528140144
4.81,6.433133444042856e-5,0.00017770762262505317
4.82,5.9770780521781985e-5,0.0001780086013380305
4.83,5.5192977781765815e-5,0.00017829955061334662
4.84,5.059812332553918e-5,0.00017858040007204094
4.85,4.598641612311891e-5,0.0001788510797714886
4.86,4.135805700282167e-5,0.0001791115202136993
4.87,3.67132486445287e-5,0.0001793616523536132
4.88,3.2052195572775725e-5,0.00017960140760742396
4.89,2.7375104149668173e-5,0.00017983071786086403
4.9,2.2682182567622516e-5,0.00018004951547752622
4.91,1.797364084193116e-5,0.00018025773330715577
4.92,1.3249690803152267e-5,0.000180455304693957
4.93,8.510546089323094e-6,0.00018064216348488872
4.94,3.7564221379988393e-6,0.00018081824403795864
4.95,-1.0124638218812565e-6,0.00018098348123050934
4.96,-5.795892778310713e-6,0.0001811378104675043
4.97,-1.0593643944700883e-5,0.00018128116768980528
4.98,-1.5405494768545276e-5,0.00018141348938243608
4.99,-2.023122094025783e-5,0.00018153471258284485
5.0,-2.5070596402189887e-5,0.0001816447748891589
5.01,-2.992339335781857e-5,0.00018174361446842116
5.02,-3.478938228111371e-5,0.00018183117006482274
5.03,-3.966833192607837e-5,0.00018190738100791609
5.04,-4.456000933646472e-5,0.00018197218722082597
5.05,-4.9464179855667326e-5,0.00018202552922843963
5.06,-5.438060713678899e-5,0.00018206734816558217
5.07,-5.930905315288275e-5,0.00018209758578517798
5.08,-6.424927820736651e-5,0.000182116184466402
5.09,-6.92010409446166e-5,0.000182123087222792
5.1,-7.416409836073112e-5,0.00018211823771037856
5.11,-7.91382058144705e-5,0.0001821015802357593
5.12,-8.412311703836951e-5,0.00018207305976418
5.13,-8.911858415002594e-5,0.00018203262192758064
5.14,-9.412435766356053e-5,0.00018198021303261996
5.15,-9.914018650124946e-5,0.00018191578006868507
5.16,-0.00010416581800533044,0.00018183927071587224
5.17,-0.00010920099794998481,0.00018175063335294566
5.18,-0.0001142454705534845,0.00018164981706526534
5.19,-0.00011929897849051727,0.00018153677165269028
5.2,-0.0001243612629046797,0.00018141144763746375
5.21,-0.0001294320634211431,0.00018127379627206155
5.22,-0.00013451111815948892,0.00018112376954700424
5.23,-0.00013959816374671722,0.00018096132019865697
5.24,-0.0001446929353304179,0.00018078640171698463
5.25,-0.0001497951665921196,0.00018059896835327703
5.26,-0.00015490458976080316,0.00018039897512785007
5.27,-0.00016002093562658318,0.00018018637783769907
5.28,-0.00016514393355455948,0.00017996113306412753
5.29,-0.00017027331149883159,0.00017972319818033934
5.3,-0.00017540879601668657,0.00017947253135899036
5.31,-0.00018055011228294878,0.00017920909157970435
5.32,-0.0001856969841044943,0.0001789328386365477
5.33,-0.00019084913393493195,0.0001786437331454762
5.34,-0.00019600628288945048,0.0001783417365517217
5.35,-0.00020116815075982863,0.00017802681113715575
5.36,-0.00020633445602960226,0.0001776989200276009
5.37,-0.00021150491588940406,0.00017735802720010522
5.38,-0.00021667924625245807,0.00017700409749016487
5.39,-0.00022185716177023835,0.00017663709659890582
5.4,-0.0002270383758482842,0.00017625699110022136
5.41,-0.00023222260066217858,0.00017586374844786397
5.42,-0.0002374095471736858,0.00017545733698248172
5.43,-0.00024259892514704316,0.00017503772593861208
5.44,-0.00024779044316541415,0.0001746048854516239
5.45,-0.0002529838086474941,0.00017415878656461284
5.46,-0.00025817872786427495,0.00017369940123523666
5.47,-0.0002633749059559639,0.0001732267023425067
5.48,-0.0002685720469490526,0.00017274066369352045
5.49,-0.0002737698537735429,0.00017224126003014152
5.5,-0.00027896802828032696,0.00017172846703563115
5.51,-0.00028416627125870953,0.00017120226134120133
5.52,-0.0002893642824540904,0.0001706626205325444
5.53,-0.00029456176058579106,0.00017010952315627483
5.54,-0.0002997584033650262,0.00016954294872632725
5.55,-0.0003049539075130345,0.00016896287773029148
5.56,-0.00031014796877934286,0.0001683692916356854
5.57,-0.00031534028196017954,0.00016776217289617002
5.58,-0.0003205305409170359,0.00016714150495769655
5.59,-0.00032571843859536767,0.00016650727226459039
5.6,-0.0003309036670434381,0.00016585946026557657
5.61,-0.0003360859174313033,0.00016519805541973868
5.62,-0.0003412648800699364,0.00016452304520240044
5.63,-0.00034644024443049255,0.00016383441811095828
5.64,-0.00035161169916370826,0.00016313216367063168
5.65,-0.0003567789321194391,0.00016241627244014886
5.66,-0.0003619416303663339,0.0001616867360173667
5.67,-0.00036709948021164043,0.00016094354704481226
5.68,-0.000372252167221144,0.0001601866992151643
5.69,-0.00037739937623924185,0.0001594161872766482
5.7,-0.00038254079140914027,0.00015863200703836687
5.71,-0.0003876760961931892,0.00015783415537556214
5.72,-0.0003928049733933397,0.0001570226302347837
5.73,-0.00039792710517172605,0.0001561974306390023
5.74,-0.00040304217307138084,0.00015535855669262846
5.75,-0.0004081498580370666,0.00015450600958647268
5.76,-0.0004132498404362274,0.00015363979160261287
5.77,-0.0004183418000800803,0.00015275990611917647
5.78,-0.0004234254162447961,0.00015186635761507353
5.79,-0.00042850036769282536,0.00015095915167460873
5.8,-0.00043356633269433126,0.00015003829499204326
5.81,-0.00043862298904873473,0.00014910379537605312
5.82,-0.0004436700141063804,0.00014815566175412474
5.83,-0.0004487070847903023,0.00014719390417684114
5.84,-0.00045373387761812607,0.00014621853382210752
5.85,-0.00045875006872405185,0.00014522956299927733
5.86,-0.00046375533388096497,0.00014422700515319357
5.87,-0.00046874934852264056,0.00014321087486814384
5.88,-0.0004737317877660732,0.0001421811878717332
5.89,-0.0004787023264338798,0.00014113796103865247
5.9,-0.00048366063907683156,0.0001400812123943805
5.91,-0.0004886063999964721,0.0001390109611187706
5.92,-0.000493539283267839,0.00013792722754956606
5.93,-0.0004984589627622861,0.00013683003318580968
5.94,-0.000503365112170392,0.00013571940069117636
5.95,-0.0005082574050249651,0.0001345953538971875
5.96,-0.0005131355147241541,0.00013345791780636232
5.97,-0.0005179991145546274,0.0001323071185952519
5.98,-0.0005228478777148618,0.00013114298361737884
5.99,-0.0005276814773385013,0.00012996554140609666
6.0,-0.0005324995865178152,0.00012877482167733992
6.01,-0.0005373018783272324,0.0001275708553322659
6.02,-0.0005420880258469587,0.00012635367445983268
6.03,-0.000546857702186682,0.00012512331233924045
6.04,-0.0005516105805093333,0.0001238798034422913
6.05,-0.0005563463340549646,0.0001226231834356535
6.06,-0.0005610646361646516,0.00012135348918300986
6.07,-0.0005657651603045229,0.00012007075874711691
6.08,-0.0005704475800898084,0.00011877503139175993
6.09,-0.0005751115693090006,0.00011746634758359793
6.1,-0.0005797568019480577,0.00011614474899390933
6.11,-0.0005843829522146831,0.00011481027850024148
6.12,-0.0005889896945626597,0.00011346298018793855
6.13,-0.0005935767037162657,0.00011210289935158034
6.14,-0.0005981436546947253,0.00011073008249630728
6.15,-0.0006026902228367373,0.00010934457733903818
6.16,-0.0006072160838250461,0.00010794643280958713
6.17,-0.0006117209137110875,0.00010653569905166503
6.18,-0.000616204388939657,0.00010511242742377394
6.19,-0.0006206661863736569,0.00010367667050000579
6.2,-0.0006251059833188756,0.00010222848207071136
6.21,-0.0006295234575488216,0.0001007679171430745
6.22,-0.0006339182873295968,9.92950319415703e-5
6.23,-0.0006382901514448143,9.780988390831397e-5
6.24,-0.0006426387292205591,9.631253170329666e-5
6.25,-0.0006469637005503875,9.48030352045139e-5
6.26,-0.0006512647459203526,9.328145550797465e-5
6.27,-0.0006555415464340901,9.174785492760733e-5
6.28,-0.0006597937838379002,9.020229699503982e-5
6.29,-0.0006640211405458939,8.864484645928152e-5
6.3,-0.0006682232996651506,8.707556928627683e-5
6.31,-0.0006723999450208981,8.54945326583536e-5
6.32,-0.0006765507611817329,8.39018049735549e-5
6.33,-0.0006806754334848549,8.22974558448491e-5
6.34,-0.0006847736480613084,8.068155609923666e-5
6.35,-0.0006888450918612688,7.905417777672569e-5
6.36,-0.0006928894526793208,7.74153941292077e-5
6.37,-0.0006969064191797644,7.576527961920288e-5
6.38,-0.0007008956809219272,7.410390991849291e-5
6.39,-0.0007048569283854868,7.243136190663869e-5
6.4,-0.0007087898529958033,7.074771366937999e-5
6.41,-0.0007126941471492488,6.905304449691198e-5
6.42,-0.0007165695042385558,6.734743488204942e-5
6.43,-0.0007204156186781455,6.563096651826681e-5
6.44,-0.0007242321859294769,6.390372229762678e-5
6.45,-0.0007280189025263717,6.216578630858056e-5
6.46,-0.0007317754661003526,6.0417243833653803e-5
6.47,-0.0007355015754059588,5.865818134701469e-5
6.48,-0.0007391969303460616,5.688868651191556e-5
6.49,-0.0007428612319971553,5.5108848178023355e-5
6.5,-0.0007464941826346546,5.331875637861607e-5
6.51,-0.0007500954857581546,5.1518502327676705e-5
6.52,-0.000753664846116681,4.970817841684752e-5
6.53,-0.0007572019697339201,4.788787821227672e-5
6.54,-0.0007607065639334238,4.605769645134232e-5
6.55,-0.0007641783373637874,4.4217729039243844e-5
6.56,-0.0007676170000238042,4.2368073045488276e-5
6.57,-0.0007710222632875789,4.0508826700243776e-5
6.58,-0.0007743938399296349,3.864008939057117e-5
6.59,-0.0007777314441499506,3.676196165654447e-5
6.6,-0.0007810347915989844,3.487454518723493e-5
6.61,-0.000784303599402655,3.2977942816585545e-5
6.62,-0.0007875375861872815,3.107225851915121e-5
6.63,-0.0007907364721044703,2.9157597405732985e-5
6.64,-0.0007938999788559719,2.7234065718873367e-5
6.65,-0.0007970278297184737,2.5301770828240014e-5
6.66,-0.0008001197495683562,2.3360821225883405e-5
6.67,-0.0008031754649063837,2.141132652137428e-5
6.68,-0.0008061947038823582,1.945339743681389e-5
6.69,-0.0008091771963196891,1.7487145801730742e-5
6.7,-0.000812122673739933,1.5512684547845895e-5
6.71,-0.0008150308693872484,1.3530127703723738e-5
6.72,-0.0008179015182528009,1.1539590389294665e-5
6.73,-0.000820734357099095,9.541188810259393e-6
6.74,-0.0008235291244842416,7.535040252371006e-6
6.75,-0.0008262855607861463,5.521263075595144e-6
6.76,-0.0008290034082266376,3.499976708145769e-6
6.77,-0.0008316824108955082,1.4713016404039123e-6
6.78,-0.0008343223147744861,-5.646405812895135e-7
6.79,-0.0008369228677611191,-2.6077273609564118e-6
6.8,-0.0008394838196925815,-4.657835059433486e-6
6.81,-0.0008420049223694003,-6.714839000936213e-6
6.82,-0.0008444859295790806,-8.778613479752361e-6
6.83,-0.0008469265971196595,-1.0849031767047225e-5
6.84,-0.0008493266828231542,-1.2925966117796492e-5
6.85,-0.0008516859465789235,-1.5009287777834455e-5
6.86,-0.0008540041503569318,-1.7098866991026546e-5
6.87,-0.0008562810582309229,-1.9194573006555195e-5
6.88,-0.0008585164364014685,-2.1296274086331892e-5
6.89,-0.0008607100532189528,-2.34038375125223e-5
6.9,-0.0008628616792064102,-2.551712959519625e-5
6.91,-0.0008649710870822869,-2.7636015680089488e-5
6.92,-0.0008670380517830855,-2.976036015648772e-5
6.93,-0.0008690623504858844,-3.189002646522959e-5
6.94,-0.0008710437626307612,-3.4024877106822615e-5
6.95,-0.0008729820699430861,-3.6164773649679315e-5
6.96,-0.0008748770564557083,-3.8309576738469626e-5
6.97,-0.0008767285085310121,-4.045914610258969e-5
6.98,-0.0008785362148828588,-4.2613340564745174e-5
6.99,-0.0008802999665983945,-4.4772018049650944e-5
7.0,-0.0008820195571597342,-4.69350355928481e-5
7.01,-0.0008836947824655213,-4.9102249349630785e-5
7.02,-0.0008853254408523492,-5.1273514604090076e-5
7.03,-0.0008869113331160516,-5.3448685778273124e-5
7.04,-0.0008884522625328525,-5.562761644145173e-5
7.05,-0.0008899480348803871,-5.7810159319505665e-5
7.06,-0.0008913984584585713,-5.999616630441903e-5
7.07,-0.0008928033441103364,-6.218548846388505e-5
7.08,-0.0008941625052422109,-6.437797605102696e-5
7.09,-0.0008954757578447732,-6.65734785142236e-5
7.1,-0.0008967429205129308,-6.877184450705074e-5
7.11,-0.000897963814466061,-7.097292189832698e-5
7.12,-0.0008991382635680011,-7.31765577822712e-5
7.13,-0.0009002660943468775,-7.538259848876783e-5
7.14,-0.0009013471360147802,-7.759088959373992e-5
7.15,-0.0009023812204872773,-7.980127592962666e-5
7.16,-0.0009033681824027568,-8.201360159597231e-5
7.17,-0.000904307859141626,-8.422770997011498e-5
7.18,-0.0009052000908453277,-8.644344371798525e-5
7.19,-0.0009060447204351939,-8.866064480500589e-5
7.2,-0.000906841593631129,-9.087915450709594e-5
7.21,-0.0009075905589701205,-9.309881342177981e-5
7.22,-0.0009082914678245775,-9.53194614793956e-5
7.23,-0.0009089441744204891,-9.754093795440595e-5
7.24,-0.0009095485358554045,-9.976308147680966e-5
7.25,-0.000910104412116244,-0.00010198573004365515
7.26,-0.0009106116660969115,-0.00010420872103064841
7.27,-0.0009110701636157255,-0.00010643189120386517
7.28,-0.0009114797734326808,-0.00010865507673155423
7.29,-0.0009118403672664999,-0.0001108781131960431
7.3,-0.0009121518198115021,-0.00011310083560573848
7.31,-0.0009124140087542946,-0.00011532307840721798
7.32,-0.0009126268147902445,-0.0001175446754974207
7.33,-0.0009127901216397742,-0.00011976546023592785
7.34,-0.0009129038160644513,-0.00012198526545733937
7.35,-0.000912967787882878,-0.00012420392348373892
7.36,-0.0009129819299863861,-0.00012642126613725014
7.37,-0.0009129461383545176,-0.00012863712475268528
7.38,-0.0009128603120703093,-0.00013085133019027933
7.39,-0.0009127243533353662,-0.0001330637128485123
7.4,-0.0009125381674847283,-0.00013527410267702504
7.41,-0.0009123016630015236,-0.0001374823291896086
7.42,-0.000912014751531407,-0.00013968822147729018
7.43,-0.0009116773478967981,-0.00014189160822149853
7.44,-0.0009112893701108838,-0.00014409231770731208
7.45,-0.0009108507393914202,-0.00014629017783678865
7.46,-0.0009103613801742947,-0.0001484850161423804
7.47,-0.0009098212201268946,-0.00015067665980042117
7.48,-0.0009092301901612347,-0.00015286493564470077
7.49,-0.0009085882244468545,-0.00015504967018011262
7.5,-0.0009078952604235106,-0.00015723068959637987
7.51,-0.0009071512388136191,-0.0001594078197818542
7.52,-0.000906356103634482,-0.00016158088633739615
7.53,-0.0009055098022102913,-0.00016374971459032098
7.54,-0.0009046122851838653,-0.00016591412960842206
7.55,-0.0009036635065281912,-0.00016807395621406342
7.56,-0.0009026634235577133,-0.00017022901899834637
7.57,-0.0009016119969393738,-0.00017237914233533803
7.58,-0.0009005091907034411,-0.00017452415039637288
7.59,-0.000899354972254073,-0.00017666386716442585
7.6,-0.000898149312379652,-0.00017879811644853355
7.61,-0.0008968921852628749,-0.00018092672189830308
7.62,-0.0008955835684905887,-0.00018304950701846596
7.63,-0.0008942234430633987,-0.00018516629518350495
7.64,-0.0008928117934050122,-0.0001872769096523302
7.65,-0.0008913486073713402,-0.0001893811735830325
7.66,-0.0008898338762593487,-0.00019147891004767236
7.67,-0.000888267594815657,-0.00019356994204715048
7.68,-0.0008866497612448855,-0.00019565409252611093
7.69,-0.0008849803772177449,-0.00019773118438791778
7.7,-0.0008832594478788793,-0.0001998010405096713
7.71,-0.0008814869818544333,-0.00020186348375728617
7.72,-0.0008796629912593921,-0.0002039183370006117
7.73,-0.0008777874917046229,-0.00020596542312861042
7.74,-0.0008758605023036903,-0.0002080045650645736
7.75,-0.0008738820456793952,-0.00021003558578140073
7.76,-0.0008718521479700465,-0.00021205830831690125
7.77,-0.0008697708388354826,-0.00021407255578915878
7.78,-0.0008676381514628079,-0.00021607815141193627
7.79,-0.0008654541225718882,-0.0002180749185101101
7.8,-0.000863218792420555,-0.0002200626805351596
7.81,-0.0008609322048095577,-0.0002220412610806827
7.82,-0.0008585944070872388,-0.00022401048389796092
7.83,-0.0008562054501539416,-0.00022597017291154457
7.84,-0.0008537653884661425,-0.00022792015223489388
7.85,-0.0008512742800403203,-0.0002298602461860262
7.86,-0.0008487321864565358,-0.00023179027930322427
7.87,-0.000846139172861756,-0.00023371007636075166
7.88,-0.0008434953079728952,-0.0002356194623846071
7.89,-0.0008408006640795723,-0.000237518262668306
7.9,-0.0008380553170466035,-0.0002394063027886847
7.91,-0.0008352593463162089,-0.000241283408621733
7.92,-0.0008324128349099517,-0.0002431494063584516
7.93,-0.0008295158694303767,-0.0002450041225207197
7.94,-0.0008265685400623972,-0.0002468473839771967
7.95,-0.0008235709405743771,-0.00024867901795923536
7.96,-0.000820523168318946,-0.00025049885207681377
7.97,-0.000817425324233524,-0.00025230671433447904
7.98,-0.0008142775128405651,-0.0002541024331473202
7.99,-0.000811079842247526,-0.00025588583735692443
8.0,-0.0008078324241465338,-0.0002576567562473845
8.01,-0.0008045353738137921,-0.00025941501956127386
8.02,-0.0008011888101086753,-0.00026116045751566503
8.03,-0.0007977928554725557,-0.0002628929008181347
8.04,-0.0007943476359273458,-0.00026461218068278005
8.05,-0.000790853281073735,-0.0002663181288462341
8.06,-0.000787309924089161,-0.00026801057758369604
8.07,-0.0007837177017254819,-0.00026968935972494676
8.08,-0.0007800767543063573,-0.0002713543086703733
8.09,-0.0007763872257243525,-0.00027300525840698536
8.1,-0.0007726492634377433,-0.00027464204352443283
8.11,-0.000768863018467034,-0.0002762644992310119
8.12,-0.0007650286453911906,-0.0002778724613696726
8.13,-0.000761146302343582,-0.00027946576643400606
8.14,-0.0007572161510076288,-0.0002810442515842339
8.15,-0.0007532383566121589,-0.0002826077546631739
8.16,-0.0007492130879264822,-0.0002841561142122033
8.17,-0.0007451405172551633,-0.0002856891694872012
8.18,-0.0007410208204325219,-0.00028720676047447135
8.19,-0.0007368541768168138,-0.00028870872790665557
8.2,-0.0007326407692841468,-0.00029019491327862164
8.21,-0.0007283807842220887,-0.00029166515886332764
8.22,-0.0007240744115230006,-0.0002931193077276739
8.23,-0.0007197218445770549,-0.0002945572037483176
8.24,-0.0007153232802649896,-0.000295978691627468
8.25,-0.0007108789189505463,-0.00029738361690865835
8.26,-0.0007063889644726384,-0.00029877182599247746
8.27,-0.000701853624137211,-0.0003001431661522779
8.28,-0.0006972731087088174,-0.00030149748554985896
8.29,-0.0006926476324019096,-0.00030283463325109293
8.3,-0.0006879774128718299,-0.0003041544592415448
8.31,-0.0006832626712055128,-0.0003054568144420275
8.32,-0.0006785036319119014,-0.00030674155072414215
8.33,-0.0006737005229120658,-0.0003080085209257612
8.34,-0.000668853575529044,-0.0003092575788664757
8.35,-0.0006639630244773827,-0.00031048857936299756
8.36,-0.0006590291078523881,-0.00031170137824452495
8.37,-0.0006540520671190955,-0.0003128958323680442
8.38,-0.0006490321471009483,-0.00031407179963360144
8.39,-0.0006439695959681844,-0.0003152291389995098
8.4,-0.0006388646652259347,-0.0003163677104975136
8.41,-0.00063371760970204,-0.0003174873752479005
8.42,-0.0006285286875345816,-0.0003185879954745486
8.43,-0.0006232981601591159,-0.00031966943451993253
8.44,-0.0006180262922956333,-0.00032073155686005426
8.45,-0.0006127133519352239,-0.0003217742281193299
8.46,-0.0006073596103264686,-0.0003227973150854091
8.47,-0.0006019653419615376,-0.00032380068572392665
8.48,-0.0005965308245620038,-0.00032478420919320106
8.49,-0.000591056339064381,-0.00032574775585885704
8.5,-0.0005855421696053803,-0.00032669119730838696
8.51,-0.0005799886035068761,-0.0003276144063656389
8.52,-0.0005743959312605958,-0.00032851725710524195
8.53,-0.0005687644465125391,-0.0003293996248669453
8.54,-0.0005630944460470991,-0.0003302613862699017
8.55,-0.0005573862297709227,-0.00033110241922685815
8.56,-0.0005516401006964864,-0.000331922602958284
8.57,-0.0005458563649253931,-0.0003327218180064129
8.58,-0.0005400353316313989,-0.0003334999462492036
8.59,-0.0005341773130431568,-0.0003342568709142276
8.6,-0.0005282826244267032,-0.0003349924765924661
8.61,-0.0005223515840676508,-0.00033570664925202336
8.62,-0.0005163845132531202,-0.00033639927625176075
8.63,-0.0005103817362534047,-0.0003370702463548285
8.64,-0.0005043435803033624,-0.00033771944974213345
8.65,-0.0004982703755835312,-0.00033834677802568256
8.66,-0.0004921624552009862,-0.0003389521242618675
8.67,-0.00048602015516993114,-0.000339535382964631
8.68,-0.0004798438143920158,-0.0003400964501185553
8.69,-0.0004736337746364004,-0.0003406352231918412
8.7,-0.0004673903805195475,-0.00034115160114919085
8.71,-0.000461113979484758,-0.0003416454844646065
8.72,-0.0004548049217814498,-0.00034211677513406344
8.73,-0.0004484635604441628,-0.0003425653766880977
8.74,-0.0004420902512713256,-0.00034299119420428564
8.75,-0.00043568535280375344,-0.0003433941343196176
8.76,-0.0004292492263028946,-0.0003437741052427616
8.77,-0.0004227822357288235,-0.00034413101676622487
8.78,-0.0004162847477179785,-0.00034446478027839984
8.79,-0.0004097571315606572,-0.00034477530877550497
8.8,-0.0004031997591782489,-0.00034506251687339915
8.81,-0.0003966130051002369,-0.0003453263208193047
8.82,-0.00038999724644093716,-0.00034556663850339556
8.83,-0.00038335286287600063,-0.0003457833894702785
8.84,-0.0003766802366186746,-0.00034597649493034503
8.85,-0.0003699797523958196,-0.0003461458777710239
8.86,-0.00036325179742368284,-0.0003462914625678949
8.87,-0.00035649676138343973,-0.0003464131755956764
8.88,-0.0003497150363964935,-0.00034651094483911706
8.89,-0.00034290701699954596,-0.00034658470000372376
8.9,-0.00033607310011942663,-0.00034663437252640075
8.91,-0.00032921368504769383,-0.00034665989558593145
8.92,-0.00032232917341501303,-0.00034666120411335307
8.93,-0.0003154199691652953,-0.0003466382348021829
8.94,-0.0003084864785296166,-0.00034659092611852033
8.95,-0.0003015291099999127,-0.00034651921831103244
8.96,-0.00029454827430244756,-0.0003464230534207602
8.97,-0.0002875443843710682,-0.0003463023752908588
8.98,-0.0002805178553202303,-0.000346157129576122
8.99,-0.0002734691044178156,-0.0003459872637524311
9.0,-0.00026639855105773156,-0.00034579272712603645
9.01,-0.0002593066167322978,-0.0003455734708427001
9.02,-0.00025219372500442195,-0.00034532944789670476
9.03,-0.0002450603014795656,-0.00034506061313971213
9.04,-0.0002379067737775036,-0.00034476692328948223
9.05,-0.00023073357150387916,-0.0003444483369384407
9.06,-0.00022354112622155898,-0.00034410481456211516
9.07,-0.0002163298714217778,-0.0003437363185274
9.08,-0.00020910024249509493,-0.0003433428131007008
9.09,-0.00020185267670215024,-0.00034292426445590405
9.1,-0.00019458761314422428,-0.0003424806406822039
9.11,-0.00018730549273360817,-0.00034201191179179395
9.12,-0.00018000675816378333,-0.000341518049727377
9.13,-0.00017269185387940996,-0.00034099902836953993
9.14,-0.0001653612260461407,-0.00034045482354396427
9.15,-0.00015801532252023387,-0.00033988541302849465
9.16,-0.00015065459281799964,-0.00033929077656002886
9.17,-0.0001432794880850636,-0.0003386708958412615
9.18,-0.00013589046106545069,-0.0003380257545472799
9.19,-0.00012848796607049977,-0.0003373553383319685
9.2,-0.00012107245894760276,-0.00033665963483427863
9.21,-0.00011364439704877465,-0.0003359386336843356
9.22,-0.00010620423919906389,-0.000335192326509359
9.23,-9.875244566478166e-5,-0.0003344207069394406
9.24,-9.128947812158811e-5,-0.000333623770613159
9.25,-8.381579962240519e-5,-0.000332801515183008
9.26,-7.633187456518031e-5,-0.00033195394032067344
9.27,-6.883816866048829e-5,-0.0003310810477221419
9.28,-6.133514889898797e-5,-0.00033018284111263396
9.29,-5.382328351872343e-5,-0.00032925932625137367
9.3,-4.630304197228068e-5,-0.0003283105109361784
9.31,-3.87748948938038e-5,-0.0003273364050078959
9.32,-3.123931406585564e-5,-0.00032633702035464413
9.33,-2.3696772386154182e-5,-0.0003253123709159032
9.34,-1.6147743834162894e-5,-0.00032426247268641195
9.35,-8.592703437550307e-6,-0.0003231873437199131
9.36,-1.0321272385149676e-6,-0.0003220870041326898
9.37,6.533507740013891e-6,-0.0003209614761069715
9.38,1.41037235283102e-5,-0.0003198107838941174
9.39,2.1678041243895307e-5,-0.0003186349538176518
9.4,2.9255981125721716e-5,-0.00031743401427612006
9.41,3.683706256845905e-5,-0.00031620799574574453
9.42,4.4420804156903615e-5,-0.00031495693078292683
9.43,5.200672370049841e-5,-0.00031368085402655216
9.44,5.95943382679655e-5,-0.0003123798022001251
9.45,6.718316422204216e-5,-0.00031105381411371475
9.46,7.477271725433158e-5,-0.0003097029306657192
9.47,8.236251242023103e-5,-0.00030832719484446023
9.48,8.995206417399703e-5,-0.0003069266517295772
9.49,9.754088640387305e-5,-0.0003055013484932435
9.5,0.00010512849246732456,-0.00030405133440121294
9.51,0.00011271439522636889,-0.0003025766608136527
9.52,0.00012029810708298444,-0.00030107738118582245
9.53,0.00012787914001460715,-0.0002995535510685511
9.54,0.00013545700560971312,-0.0002980052281085181
9.55,0.00014303121510347657,-0.0002964324720483791
9.56,0.00015060127941350242,-0.0002948353447266744
9.57,0.00015816670917563906,-0.00029321391007756443
9.58,0.00016572701477985806,-0.0002915682341303785
9.59,0.00017328170640619698,-0.000289898385008966
9.6,0.00018083029406077396,-0.00028820443293087216
9.61,0.000188372287611861,-0.00028648645020631604
9.62,0.0001959071968260157,-0.0002847445112369805
9.63,0.00020343453140427055,-0.0002829786925146233
9.64,0.00021095380101837148,-0.00028118907261947786
9.65,0.00021846451534707272,-0.00027937573221848544
9.66,0.00022596618411247155,-0.00027753875406332754
9.67,0.0002334583171163933,-0.00027567822298826
9.68,0.00024094042427681288,-0.00027379422590778266
9.69,0.0002484120156643124,-0.0002718868518140855
9.7,0.00025587260153858785,-0.00026995619177432875
9.71,0.00026332169238496393,-0.0002680023389277235
9.72,0.000270758798950958,-0.0002660253884824095
9.73,0.00027818343228286444,-0.0002640254377121767
9.74,0.0002855951037623577,-0.00026200258595294367
9.75,0.00029299332514311715,-0.000259956934599095
9.76,0.00030037760858747073,-0.0002578885870995968
9.77,0.0003077474667030546,-0.00025579764895393154
9.78,0.0003151024125794759,-0.00025368422770783415
9.79,0.0003224419598249833,-0.00025154843294885194
9.8,0.0003297656226031602,-0.000249390376301689
9.81,0.0003370729156695849,-0.0002472101714233908
9.82,0.0003443633544085353,-0.00024500793399830295
9.83,0.0003516364548696386,-0.00024278378173286604
9.84,0.0003588917338045555,-0.00024053783435020593
9.85,0.00036612870870362477,-0.00023827021358453207
9.86,0.0003733468978325173,-0.00023598104317535933
9.87,0.0003805458202688467,-0.0002336704488615109
9.88,0.00038772499593879177,-0.0002313385583749678
9.89,0.0003948839456536614,-0.00022898550143449429
9.9,0.0004020221911464636,-0.00022661140973909524
9.91,0.000409139255108426,-0.00022421641696126167
9.92,0.00041623466122549127,-0.00022180065874006404
9.93,0.0004233079342147736,-0.0002193642726740044
9.94,0.00043035859986098693,-0.00021690739831373032
9.95,0.0004373861850528121,-0.0002144301771545219
9.96,0.0004443902178192401,-0.00021193275262860765
9.97,0.0004513702273658513,-0.00020941527009729648
9.98,0.00045832574411105705,-0.00020687787684290713
9.99,0.00046525629972227553,-0.00020432072206051803
10.0,0.0004721614271520541,-0.00020174395684953466
10.01,0.00047904066067414535,-0.00019914773420506013
10.02,0.00048589353591948483,-0.00019653220900908483
10.03,0.0004927195899121501,-0.00019389753802149284
10.04,0.0004995183611052097,-0.00019124387987088198
10.05,0.0005062893894165202,-0.00018857139504518524
10.06,0.0005130322162644403,-0.00018588024588213453
10.07,0.0005197463846034672,-0.00018317059655951495
10.08,0.0005264314389598051,-0.00018044261308525634
10.09,0.000533086925466819,-0.00017769646328731886
10.1,0.0005397123919004311,-0.00017493231680342262
10.11,0.0005463073877144058,-0.00017215034507057743
10.12,0.0005528714640755519,-0.00016935072131443857
10.13,0.0005594041738988267,-0.0001665336205384749
10.14,0.000565905071882331,-0.00016369921951297746
10.15,0.0005723737145422113,-0.0001608476967638581
10.16,0.0005788096602474556,-0.00015797923256129944
10.17,0.0005852124692545725,-0.00015509400890820836
10.18,0.0005915817037421621,-0.0001521922095285033
10.19,0.0005979169278453748,-0.00014927401985521753
10.2,0.0006042177076902492,-0.0001463396270184336
10.21,0.0006104836114279289,-0.00014338921983303576
10.22,0.0006167142092687489,-0.00014042298878630166
10.23,0.0006229090735162181,-0.0001374411260253061
10.24,0.0006290677786008359,-0.00013444382534416087
10.25,0.0006351899011138082,-0.00013143128217108884
10.26,0.000641275019840608,-0.0001284036935553084
10.27,0.0006473227157944038,-0.0001253612581537758
10.28,0.0006533325722493505,-0.0001223041762177345
10.29,0.0006593041747737288,-0.00011923264957910742
10.3,0.0006652371112629321,-0.00011614688163673125
10.31,0.0006711309719723217,-0.00011304707734240734
10.32,0.0006769853495499088,-0.00010993344318679662
10.33,0.0006827998390688894,-0.00010680618718515826
10.34,0.0006885740380600255,-0.00010366551886291127
10.35,0.0006943075465438445,-0.00010051164924104493
10.36,0.0006999999670626976,-9.734479082136625e-5
10.37,0.000705650904712637,-9.416515757158703e-5
10.38,0.0007112599671751223,-9.097296491024972e-5
10.39,0.0007168267647485613,-8.776842969150345e-5
10.4,0.0007223509103796672,-8.455177018971796e-5
10.41,0.0007278320196946366,-8.13232060839415e-5
10.42,0.0007332697110301575,-7.808295844221168e-5
10.43,0.0007386636054642177,-7.483124970571044e-5
10.44,0.0007440133268467299,-7.156830367276067e-5
10.45,0.0007493185018299761,-6.829434548268477e-5
10.46,0.000754578759898851,-6.500960159950445e-5
10.47,0.0007597937334009103,-6.171429979549947e-5
10.48,0.0007649630575762185,-5.840866913461366e-5
10.49,0.0007700863705870167,-5.509293995571973e-5
10.5,0.0007751633135471481,-5.176734385574074e-5
10.51,0.0007801935305513173,-4.843211367262701e-5
10.52,0.0007851766687041095,-4.5087483468187065e-5
10.53,0.000790112378148828,-4.173368851079312e-5
10.54,0.0007950003120960936,-3.8370965257928905e-5
10.55,0.0007998401268522336,-3.499955133861503e-5
10.56,0.0008046314818474613,-3.161968553569142e-5
10.57,0.0008093740396638296,-2.8231607767966926e-5
10.58,0.0008140674660629477,-2.483555907223516e-5
10.59,0.000818711430013498,-2.143178158516127e-5
10.6,0.0008233056037184926,-1.8020518525033586e-5
10.61,0.0008278496626423246,-1.460201417339201e-5
10.62,0.000832343285537572,-1.1176513856523327e-5
10.63,0.0008367861544715703,-7.744263926838364e-6
10.64,0.0008411779548527349,-4.305511744118569e-6
10.65,0.0008455183754566705,-8.605056566355995e-7
10.66,0.0008498071084519979,2.5905050178321043e-6
10.67,0.0008540438494259733,6.047270011127456e-6
10.68,0.0008582282974098267,9.509538123939475e-6
10.69,0.0008623601549038728,1.2977057245156936e-5
10.7,0.0008664391279023643,1.6449574371334597e-5
10.71,0.0008704649259180787,1.9926835626269323e-5
10.72,0.0008744372620066551,2.340858628069146e-5
10.73,0.000878355852790687,2.6894570772065374e-5
10.74,0.0008822204184835193,3.0384532724499807e-5
10.75,0.0008860306829128129,3.387821496876376e-5
10.76,0.0008897863735438281,3.737535956240221e-5
10.77,0.0008934872215024416,4.087570780997098e-5
10.78,0.0008971329615978937,4.437900028335389e-5
10.79,0.0009007233323452626,4.78849768421962e-5
10.8,0.0009042580759876727,5.139337665442529e-5
10.81,0.0009077369385182019,5.4903938216874904e-5
10.82,0.0009111596697015485,5.8416399376002495e-5
10.83,0.000914526023095373,6.193049734869735e-5
10.84,0.0009178357560713955,6.544596874318549e-5
10.85,0.0009210886298361926,6.896254958001756e-5
10.86,0.0009242844094516917,7.247997531315041e-5
10.87,0.0009274228638554119,7.599798085111127e-5
10.88,0.0009305037658803928,7.951630057825157e-5
10.89,0.0009335268922748141,8.303466837607017e-5
10.9,0.0009364920237213705,8.655281764463575e-5
10.91,0.0009393989448562972,9.007048132407486e-5
10.92,0.000942247444288127,9.358739191614165e-5
10.93,0.0009450373146161525,9.710328150585944e-5
10.94,0.0009477683524485706,0.00010061788178324218
10.95,0.0009504403584203106,0.00010413092406507951
10.96,0.0009530531372106199,0.0001076421393167966
10.97,0.0009556064975602523,0.0001111512581743812
10.98,0.0009581002522884334,0.00011465801096637395
10.99,0.0009605342183094578,0.00011816212773592408
11.0,0.0009629082166490074,0.00012166333826290742
11.01,0.0009652220724601417,0.00012516137208610337
11.02,0.000967475615038977,0.00012865595852543031
11.03,0.0009696686778400575,0.00013214682670423852
11.04,0.0009718010984913861,0.00013563370557165389
11.05,0.0009738727188091776,0.00013911632392497755
11.06,0.0009758833848122479,0.00014259441043213187
11.07,0.000977832946736094,0.00014606769365416012
11.08,0.000979721259046689,0.00014953590206776617
11.09,0.0009815481804538839,0.00015299876408790363
11.1,0.0009833135739245411,0.0001564560080904027
11.11,0.000985017306695326,0.0001599073624346418
11.12,0.0009866592502851372,0.00016335255548625385
11.13,0.0009882392805072608,0.00016679131563987246
11.14,0.0009897572774811645,0.0001702233713419056
11.15,0.000991213125643947,0.0001736484511133507
11.16,0.0009926067137614883,0.00017706628357263318
11.17,0.0009939379349392353,0.00018047659745847538
11.18,0.0009952066866326724,0.00018387912165278986
11.19,0.0009964128706574401,0.0001872735852036001
11.2,0.0009975563931991327,0.0001906597173479808
11.21,0.0009986371648227352,0.00019403724753501767
11.22,0.0009996551004817491,0.00019740590544878515
11.23,0.0010006101195269533,0.000200765421031343
11.24,0.0010015021457148324,0.00020411552450574205
11.25,0.0010023311072156714,0.00020745594639904417
11.26,0.0010030969366212855,0.00021078641756535073
11.27,0.0010037995709524302,0.0002141066692088425
11.28,0.0010044389516658556,0.000217416432906815
11.29,0.0010050150246610093,0.00022071544063272965
11.3,0.0010055277402864023,0.00022400342477925614
11.31,0.0010059770533456173,0.00022728011818131912
11.32,0.0010063629231029977,0.0002305452541391399
11.33,0.0010066853132889356,0.0002337985664412757
11.34,0.0010069441921048746,0.00023703978938764556
11.35,0.0010071395322278904,0.0002402686578125551
11.36,0.0010072713108150117,0.0002434849071077009
11.37,0.0010073395095070903,0.00024668827324517015
11.38,0.0010073441144324042,0.0002498784928004206
11.39,0.0010072851162098554,0.00025305530297523596
11.4,0.001007162509951833,0.0002562184416206777
11.41,0.001006976295266742,0.0002593676472599972
11.42,0.0010067264762611398,0.000262502659111537
11.43,0.0010064130615415573,0.00026562321711159594
11.44,0.001006036064215937,0.00026872906193727437
11.45,0.0010055955018947417,0.0002718199350292828
11.46,0.0010050913966916887,0.00027489557861472096
11.47,0.0010045237752241423,0.00027795573572982063
11.48,0.0010038926686131429,0.00028100015024265355
11.49,0.0010031981124830854,0.0002840285668757989
11.5,0.0010024401469610502,0.0002870407312289669
11.51,0.0010016188166757582,0.0002900363898015883
11.52,0.0010007341707561936,0.0002930152900153466
11.53,0.0009997862628298567,0.00029597718023667444
11.54,0.0009987751510206618,0.0002989218097991905
11.55,0.0009977008979464947,0.0003018489290260901
11.56,0.0009965635707163873,0.0003047582892524843
11.57,0.000995363240927369,0.0003076496428476785
11.58,0.0009940999846609364,0.0003105227432373921
11.59,0.0009927738824791815,0.0003133773449259271
11.6,0.000991385019420563,0.00031621320351826136
11.61,0.000989933484995323,0.0003190300757420901
11.62,0.0009884193731805404,0.0003218277194697964
11.63,0.0009868427824148507,0.00032460589374034714
11.64,0.0009852038155927826,0.00032736435878113053
11.65,0.0009835025800587734,0.00033010287602971094
11.66,0.0009817391876008007,0.00033282120815551666
11.67,0.0009799137544436857,0.0003355191190814433
11.68,0.0009780264012420245,0.00033819637400538935
11.69,0.0009760772530727825,0.00034085273942169704
11.7,0.0009740664394275309,0.0003434879831425237
11.71,0.0009719940942043246,0.0003461018743191204
11.72,0.0009698603556992452,0.0003486941834630256
11.73,0.000967665366597581,0.00035126468246717257
11.74,0.0009654092739646661,0.0003538131446269023
11.75,0.0009630922292363604,0.0003563393446608844
11.76,0.0009607143882091907,0.0003588430587319443
11.77,0.0009582759110301421,0.0003613240644677959
11.78,0.0009557769621860984,0.0003637821409816666
11.79,0.000953217710492945,0.0003662170688928333
11.8,0.0009505983290843169,0.00036862863034704433
11.81,0.0009479189954000041,0.00037101660903684467
11.82,0.0009451798911740243,0.000373380790221792
11.83,0.0009423812024223292,0.0003757209607485614
11.84,0.0009395231194302036,0.00037803690907094086
11.85,0.0009366058367392816,0.0003803284252697194
11.86,0.0009336295531342653,0.0003825953010724479
11.87,0.0009305944716292644,0.00038483732987309896
11.88,0.0009275007994538328,0.00038705430675159977
11.89,0.0009243487480386468,0.0003892460284932357
11.9,0.000921138533000848,0.00039141229360795343
11.91,0.0009178703741290618,0.0003935529023495267
11.92,0.000914544495368074,0.0003956676567345882
11.93,0.0009111611248031842,0.00039775636056155325
11.94,0.000907720494644205,0.00039981881942939513
11.95,0.0009042228412091674,0.00040185484075630306
11.96,0.0009006684049076543,0.00040386423379819904
11.97,0.0008970574302238565,0.0004058468096671168
11.98,0.0008933901656992436,0.0004078023813494545
11.99,0.0008896668639149633,0.0004097307637240736
12.0,0.0008858877814738847,0.00041163177358027723
12.01,0.0008820531789823316,0.00041350522963561976
12.02,0.0008781633210314927,0.00041535095255360065
12.03,0.0008742184761785068,0.0004171687649611871
12.04,0.0008702189169272445,0.0004189584914662049
12.05,0.000866164919708755,0.0004207199586745799
12.06,0.0008620567648614101,0.00042245299520741016
12.07,0.0008578947366107337,0.000424157431717913
12.08,0.0008536791230489153,0.0004258331009081938
12.09,0.0008494102161140096,0.00042747983754586977
12.1,0.0008450883115688434,0.0004290974784805329
12.11,0.0008407137089795992,0.00043068586266005704
12.12,0.0008362867116940992,0.0004322448311467337
12.13,0.0008318076268197857,0.0004337742271332622
12.14,0.0008272767652014048,0.0004352738959585513
12.15,0.0008226944413983753,0.00043674368512337694
12.16,0.0008180609736618812,0.0004381834443058688
12.17,0.0008133766839116482,0.0004395930253768071
12.18,0.0008086418977124322,0.0004409722824147728
12.19,0.0008038569442502206,0.00044232107172111426
12.2,0.0007990221563081344,0.00044363925183474415
12.21,0.000794137870242045,0.00044492668354675734
12.22,0.0007892044259559099,0.0004461832299148697
12.23,0.0007842221668768124,0.0004474087562776812
12.24,0.0007791914399297168,0.0004486031302687675
12.25,0.000774112595511966,0.0004497662218305712
12.26,0.0007689859874674651,0.0004508979032281276
12.27,0.000763811973060623,0.0004519980490626008
12.28,0.0007585909129499885,0.00045306653628462724
12.29,0.0007533231711616352,0.00045410324420747756
12.3,0.0007480091150622679,0.000455108054520038
12.31,0.00074264911533206,0.0004560808512995856
12.32,0.0007372435459372268,0.0004570215210243822
12.33,0.0007317927841023299,0.00045792995258607945
12.34,0.000726297210282329,0.0004588060373019145
12.35,0.0007207572081343689,0.0004596496689267337
12.36,0.0007151731644893025,0.00046046074366479445
12.37,0.000709545469322975,0.000461239160181389
12.38,0.0007038745157272412,0.0004619848196142608
12.39,0.0006981606998807384,0.0004626976255848167
12.4,0.0006924044210194101,0.0004633774842091516
12.41,0.0006866060814067856,0.00046402430410885426
12.42,0.0006807660863040159,0.0004646379964216223
12.43,0.0006748848439396689,0.00046521847481165846
12.44,0.0006689627654792869,0.00046576565547987896
12.45,0.0006630002649947052,0.0004662794571738991
12.46,0.0006569977594331404,0.00046675980119781124
12.47,0.0006509556685860523,0.00046720661142177385
12.48,0.0006448744150577688,0.00046761981429135576
12.49,0.0006387544242338899,0.0004679993388367001
12.5,0.000632596124249465,0.0004683451166814565
12.51,0.0006263999459569613,0.0004686570820515095
12.52,0.0006201663228939977,0.00046893517178349316
12.53,0.0006138956912508748,0.00046917932533307
12.54,0.0006075884898378911,0.0004693894847830326
12.55,0.0006012451600524392,0.00046956559485114677
12.56,0.0005948661458459189,0.00046970760289779975
12.57,0.0005884518936904122,0.00046981545893342826
12.58,0.0005820028525451828,0.0004698891156257154
12.59,0.000575519473822971,0.0004699285283065717
12.6,0.000569002211356081,0.00046993365497890663
12.61,0.0005624515213622895,0.00046990445632315607
12.62,0.0005558678624105533,0.000469840895703596
12.63,0.0005492516953865313,0.0004697429391744395
12.64,0.0005426034834579328,0.0004696105554856989
12.65,0.0005359236920396579,0.00046944371608882257
12.66,0.0005292127887587841,0.00046924239514210857
12.67,0.0005224712434193653,0.0004690065695158971
12.68,0.000515699527967056,0.00046873621879751844
12.69,0.0005088981164535676,0.00046843132529602753
12.7,0.0005020674850009535,0.00046809187404670477
12.71,0.0004952081117657358,0.00046771785281532447
12.72,0.0004883204769028674,0.0004673092521021959
12.73,0.0004814050625295261,0.0004668660651459717
12.74,0.0004744623526887684,0.00046638828792722837
12.75,0.0004674928333130149,0.0004658759191718084
12.76,0.00046049699218739866,0.00046532896035393547
12.77,0.000453475318912959,0.0004647474156990913
12.78,0.0004464283048696898,0.0004641312921866724
12.79,0.00043935644317945414,0.00046348059955238956
12.8,0.0004322602286687521,0.00046279535029045355
12.81,0.0004251401578313653,0.0004620755596555211
12.82,0.00041799672879085466,0.0004613212456643948
12.83,0.0004108304412629413,0.00046053242909750665
12.84,0.00040364179651775686,0.00045970913350014604
12.85,0.00039643129734197324,0.00045885138518346295
12.86,0.00038919944800080926,0.00045795921322524174
12.87,0.000381946754199927,0.00045703264947040813
12.88,0.00037467372304720637,0.00045607172853134767
12.89,0.00036738086301442235,0.00045507648778793304
12.9,0.00036006868389879974,0.0004540469673873544
12.91,0.0003527376967844749,0.00045298321024369345
12.92,0.00034538841400385563,0.0004518852620372681
12.93,0.00033802134909888157,0.00045075317121372465
12.94,0.00033063701678218767,0.00044958698898291924
12.95,0.0003232359328981853,0.000448386769317525
12.96,0.0003158186143840434,0.00044715256895142984
12.97,0.0003083855792306006,0.0004458844473778919
12.98,0.00030093734644317665,0.00044458246684743425
12.99,0.0002934744360023239,0.0004432466923655295
13.0,0.0002859973688244918,0.0004418771916900342
13.01,0.00027850666672262636,0.0004404740353283833
13.02,0.0002710028523666956,0.000439037296534538
13.03,0.0002634864492441566,0.00043756705130572094
13.04,0.00025595798162035235,0.0004360633783788858
13.05,0.0002484179744988572,0.0004345263592269669
13.06,0.00024086695358176575,0.0004329560780548785
13.07,0.00023330544522992203,0.00043135262179529307
13.08,0.00022573397642310832,0.00042971608010415184
13.09,0.00021815307472018635,0.00042804654535597475
13.1,0.0002105632682191932,0.00042634411263891116
13.11,0.00020296508551740185,0.0004246088797495481
13.12,0.00019535905567134276,0.0004228409471875153
13.13,0.00018774570815679255,0.00042104041814979736
13.14,0.00018012557282874074,0.0004192073985248775
13.15,0.00017249917988131688,0.00041734199688658245
13.16,0.0001648670598077097,0.0004154443244877394
13.17,0.00015722974336005629,0.00041351449525357163
13.18,0.00014958776150931978,0.0004115526257748675
13.19,0.00014194164540515464,0.0004095588353009123
13.2,0.00013429192633576074,0.0004075332457321965
13.21,0.00012663913568772896,0.000405475981612875
13.22,0.00011898380490589425,0.00040338717012300916
13.23,0.00011132646545317185,0.00040126694107055894
13.24,0.00010366764877041331,0.0003991154268831677
13.25,9.60078862362616e-5,0.000396932762599688
13.26,8.8347709127016e-5,0.00039471908586149676
13.27,8.068764857651573e-5,0.00039247453690357246
13.28,7.302823553603416e-5,0.0003901992585453469
13.29,6.53700007341975e-5,0.00038789339618132656
13.3,5.7713474636924146e-5,0.00038555709777147464
13.31,5.005918740739876e-5,0.0003831905138313886
13.32,4.2407668866059106e-5,0.00038079379742223435
13.33,3.4759448450633314e-5,0.0003783671041404505
13.34,2.711505517620575e-5,0.0003759105921072514
13.35,1.94750175953248e-5,0.00037342442195786895
13.36,1.1839863758152947e-5,0.00037090875683061286
13.37,4.210121172660562e-6,0.00036836376235566565
13.38,-3.4136832351260054e-6,0.0003657896066436909
13.39,-1.1031023160820067e-5,0.00036318646027420025
13.4,-1.864137296133376e-5,0.00036055449628369845
13.41,-2.6244207694447857e-5,0.00035789389015362987
13.42,-3.383900315834722e-5,0.0003552048197980827
13.43,-4.1425235931071884e-5,0.0003524874655512807
13.44,-4.900238340990385e-5,0.000349742010154872
13.45,-5.656992385068967e-5,0.0003469686387449857
13.46,-6.412733640707784e-5,0.0003441675388390882
13.47,-7.167410116967507e-5,0.00034133890032260293
13.48,-7.920969920513823e-5,0.0003384829154353514
13.49,-8.673361259516062e-5,0.0003355997787577496
13.5,-9.424532447538202e-5,0.0003326896871968098
13.51,-0.00010174431907420295,0.0003297528399719347
13.52,-0.00010923008175150718,0.00032678943860049557
13.53,-0.00011670209903728562,0.00032379968688321306
13.54,-0.00012415985867015656,0.0003207837908893104
13.55,-0.00013160284963578692,0.0003177419589414949
13.56,-0.00013903056220519755,0.00031467440160070585
13.57,-0.00014644248797297533,0.00031158133165066864
13.58,-0.00015383811989535195,0.00030846296408226537
13.59,-0.00016121695232817644,0.0003053195160776682
13.6,-0.000168578481064773,0.000302151206994314
13.61,-0.00017592220337366487,0.0002989582583486523
13.62,-0.00018324761803617754,0.0002957408937997137
13.63,-0.0001905542253839222,0.0002924993391324724
13.64,-0.0001978415273361217,0.00028923382224102376
13.65,-0.00020510902743684346,0.00028594457311156103
13.66,-0.00021235623089204813,0.0002826318238051699
13.67,-0.00021958264460653337,0.00027929580844042614
13.68,-0.00022678777722071291,0.0002759367631758111
13.69,-0.0002339711391472614,0.0002725549261919383
13.7,-0.00024113224260760026,0.0002691505376735857
13.71,-0.00024827060166823545,0.00026572383979156256
13.72,-0.00025538573227694205,0.00026227507668438136
13.73,-0.0002624771522987827,0.0002588044944397477
13.74,-0.00026954438155197386,0.000255312341075879
13.75,-0.00027658694184358457,0.00025179886652263833
13.76,-0.00028360435700505585,0.0002482643226024976
13.77,-0.0002905961529275746,0.0002447089630113139
13.78,-0.00029756185759725304,0.00024113304329895962
13.79,-0.00030450100113014127,0.00023753682084974315
13.8,-0.0003114131158070624,0.00023392055486269896
13.81,-0.00031829773610825805,0.00023028450633167237
13.82,-0.0003251543987478711,0.00022662893802526875
13.83,-0.0003319826427082065,0.00022295411446662146
13.84,-0.0003387820092738334,0.00021926030191299725
13.85,-0.0003455520420654864,0.00021554776833524226
13.86,-0.0003522922870737614,0.00021181678339707573
13.87,-0.00035900229269262424,0.00020806761843420767
13.88,-0.00036568160975272197,0.00020430054643331345
13.89,-0.00037232979155447005,0.00020051584201086152
13.9,-0.00037894639390096785,0.00019671378139176347
13.91,-0.00038553097513067107,0.00019289464238789373
13.92,-0.00039208309614987744,0.00018905870437645173
13.93,-0.0003986023204649875,0.00018520624827818115
13.94,-0.000405088214214548,0.00018133755653543563
13.95,-0.0004115403462010889,0.00017745291309011188
13.96,-0.00041795828792272425,0.00017355260336142345
13.97,-0.0004243416136045344,0.00016963691422356044
13.98,-0.00043068990022972935,0.00016570613398318292
13.99,-0.00043700272757056925,0.0001617605523567937
14.0,-0.0004432796782190723,0.00015780046044797983
14.01,-0.0004495203376174642,0.00015382615072450563
14.02,-0.00045572429408842317,0.00014983791699529686
14.03,-0.00046189113886505257,0.00014583605438727067
14.04,-0.00046802046612063973,0.00014182085932206456
14.05,-0.00047411187299815693,0.00013779262949261835
14.06,-0.000480164959639522,0.0001337516638396534
14.07,-0.0004861793292146123,0.00012969826252801645
14.08,-0.0004921545879500277,0.00012563272692290385
14.09,-0.0004980903451575938,0.00012155535956598285
14.1,-0.0005039862132626187,0.00011746646415138816
14.11,-0.0005098418078319042,0.00011336634550160402
14.12,-0.0005156567476014685,0.00010925530954324479
14.13,-0.0005214306545040356,0.000105133663282711
14.14,-0.0005271631536962406,0.00010100171478176561
14.15,-0.0005328538735855894,9.685977313297514e-5
14.16,-0.0005385024458571394,9.270814843506614e-5
14.17,-0.000544108505499906,8.854715176818152e-5
14.18,-0.0005496716908330097,8.437709516903499e-5
14.19,-0.0005551916435315402,8.019829160596516e-5
14.2,-0.0005606680086521536,7.601105495390817e-5
14.21,-0.0005661004346583804,7.18156999692606e-5
14.22,-0.0005714885734456627,6.761254226467312e-5
14.23,-0.0005768320803661095,6.340189828373992e-5
14.24,-0.0005821306142529595,5.9184085275613374e-5
14.25,-0.0005873838374447798,5.4959421269526783e-5
14.26,-0.0005925914158093474,5.072822504925104e-5
14.27,-0.0005977530187672639,4.649081612745026e-5
14.28,-0.0006028683193152779,4.2247514719984886e-5
14.29,-0.0006079369940493025,3.7998641720119695e-5
14.3,-0.0006129587231871508,3.3744518672676214e-5
14.31,-0.0006179331905909669,2.9485467748103006e-5
14.32,-0.0006228600837893652,2.52218117164881e-5
14.33,-0.0006277390939992706,2.095387392149695e-5
14.34,-0.000632569916147445,1.6681978254252603e-5
14.35,-0.0006373522488917328,1.2406449127157778e-5
14.36,-0.0006420857946419809,8.127611447647917e-6
14.37,-0.0006467702595806729,3.84579059190194e-6
14.38,-0.0006514053536832263,-4.3868762151859493e-7
14.39,-0.0006559907907380221,-4.725496958059253e-6
14.4,-0.000660526288366084,-9.014310793639956e-6
14.41,-0.0006650115680404705,-1.3304802141141375e-5
14.42,-0.0006694463551053465,-1.7596643676959127e-5
14.43,-0.0006738303787947366,-2.1889507767585933e-5
14.44,-0.0006781633722509686,-2.6183066496243295e-5
14.45,-0.000682445072542793,-3.0476991689543937e-5
14.46,-0.0006866752206831903,-3.47709549441975e-5
14.47,-0.0006908535616468491,-3.9064627653739736e-5
14.48,-0.0006949798443873366,-4.335768103530875e-5
14.49,-0.0006990538218539348,-4.764978615643168e-5
14.5,-0.0007030752510081523,-5.19406139618529e-5
14.51,-0.0007070438928399172,-5.6229835300374496e-5
14.52,-0.0007109595123834478,-6.051712095173095e-5
14.53,-0.0007148218787327831,-6.48021416534727e-5
14.54,-0.0007186307650569891,-6.908456812787258e-5
14.55,-0.0007223859486150472,-7.336407110884677e-5
14.56,-0.000726087210770392,-7.764032136888416e-5
14.57,-0.0007297343370051379,-8.191298974599512e-5
14.58,-0.0007333271169339585,-8.618174717065662e-5
14.59,-0.0007368653443176345,-9.044626469277229e-5
14.6,-0.0007403488170762745,-9.470621350863143e-5
14.61,-0.000743777337302194,-9.896126498786833e-5
14.62,-0.0007471507112724582,-0.0001032110907004218
14.63,-0.0007504687494610964,-0.00010745536244349439
14.64,-0.0007537312665509589,-0.00011169375226849301
14.65,-0.000756938081445257,-0.00011592593250798039
14.66,-0.0007600890172787504,-0.00012015157580259698
14.67,-0.0007631839014286015,-0.00012437035512798106
14.68,-0.0007662225655248758,-0.00012858194382167276
14.69,-0.0007692048454607255,-0.00013278601560999065
14.7,-0.0007721305814021963,-0.00013698224463490186
14.71,-0.0007749996177977276,-0.0001411703054808591
14.72,-0.0007778118033872803,-0.0001453498732016174
14.73,-0.0007805669912111382,-0.00014952062334702443
14.74,-0.000783265038618354,-0.0001536822319897791
14.75,-0.0007859058072748577,-0.00015783437575215797
14.76,-0.0007884891631712244,-0.00016197673183270865
14.77,-0.0007910149766300658,-0.00016610897803290847
14.78,-0.0007934831223131278,-0.00017023079278378063
14.79,-0.0007958934792279857,-0.00017434185517247169
14.8,-0.0007982459307344362,-0.0001784418449687844
14.81,-0.0008005403645505081,-0.00018253044265166565
14.82,-0.0008027766727581553,-0.00018660732943564552
14.83,-0.0008049547518085788,-0.00019067218729722753
14.84,-0.0008070745025272133,-0.00019472469900122343
14.85,-0.0008091358301183516,-0.00019876454812703414
14.86,-0.0008111386441694468,-0.00020279141909487666
14.87,-0.0008130828586550289,-0.00020680499719194558
14.88,-0.0008149683919403156,-0.00021080496859851724
14.89,-0.0008167951667844228,-0.00021479102041398434
14.9,-0.0008185631103432786,-0.00021876284068283544
14.91,-0.0008202721541721537,-0.00022272011842055131
14.92,-0.0008219222342278494,-0.00022666254363943938
14.93,-0.0008235132908705439,-0.00023058980737439353
14.94,-0.0008250452688652903,-0.00023450160170857776
14.95,-0.0008265181173831501,-0.0002383976197990297
14.96,-0.0008279317900020016,-0.0002422775559021901
14.97,-0.000829286244706973,-0.00024614110539934134
14.98,-0.0008305814438905562,-0.0002499879648219724
14.99,-0.0008318173543523423,-0.00025381783187704813
15.0,-0.0008329939472984379,-0.0002576304054721925
15.01,-0.0008341111983405081,-0.0002614253857407844
15.02,-0.0008351690874944912,-0.00026520247406695277
15.03,-0.0008361675991789531,-0.00026896137311048404
15.04,-0.0008371067222131092,-0.00027270178683162647
15.05,-0.0008379864498144812,-0.0002764234205157975
15.06,-0.0008388067795962231,-0.0002801259807981873
15.07,-0.0008395677135640991,-0.00028380917568826216
15.08,-0.000840269258113109,-0.0002874727145941532
15.09,-0.0008409114240237758,-0.00029111630834694895
15.1,-0.000841494226458089,-0.0002947396692248644
15.11,-0.0008420176849550985,-0.0002983425109773067
15.12,-0.0008424818234261759,-0.00030192454884882405
15.13,-0.000842886670149924,-0.0003054854996029324
15.14,-0.0008432322577667477,-0.0003090250815458313
15.15,-0.0008435186232730808,-0.0003125430145499942
15.16,-0.0008437458080152864,-0.00031603902007763617
15.17,-0.0008439138576831984,-0.0003195128212040539
15.18,-0.0008440228223033365,-0.00032296414264084723
15.19,-0.000844072756231776,-0.00032639271075899805
15.2,-0.0008440637181466923,-0.00032979825361183207
15.21,-0.0008439957710405461,-0.0003331805009578363
15.22,-0.0008438689822119696,-0.00033653918428334657
15.23,-0.0008436834232572692,-0.0003398740368250984
15.24,-0.0008434391700616468,-0.0003431847935926336
15.25,-0.000843136302790045,-0.00034647119139057434
15.26,-0.0008427749058776892,-0.00034973296884074255
15.27,-0.0008423550680202798,-0.0003529698664041457
15.28,-0.0008418768821638675,-0.00035618162640280507
15.29,-0.0008413404454943982,-0.0003593679930414473
15.3,-0.0008407458594269179,-0.0003625287124290308
15.31,-0.0008400932295944679,-0.00036566353260012976
15.32,-0.0008393826658366475,-0.00036877220353616314
15.33,-0.0008386142821878422,-0.0003718544771864605
15.34,-0.0008377881968651522,-0.0003749101074891751
15.35,-0.0008369045322559778,-0.0003779388503920343
15.36,-0.0008359634149052885,-0.000380940463872932
15.37,-0.000834964975502583,-0.00038391470796034834
15.38,-0.0008339093488685246,-0.0003868613447536165
15.39,-0.0008327966739412493,-0.0003897801384430104
15.4,-0.0008316270937623798,-0.0003926708553296684
15.41,-0.0008304007554627089,-0.00039553326384535095
15.42,-0.0008291178102475752,-0.0003983671345720134
15.43,-0.0008277784133819291,-0.0004011722402612155
15.44,-0.0008263827241750914,-0.0004039483558533521
15.45,-0.0008249309059651912,-0.00040669525849670163
15.46,-0.0008234231261033128,-0.00040941272756629996
15.47,-0.0008218595559373343,-0.0004121005446826337
15.48,-0.0008202403707954427,-0.0004147584937301444
15.49,-0.0008185657499693759,-0.00041738636087555796
15.5,-0.0008168358766973535,-0.00041998393458601976
15.51,-0.0008150509381466942,-0.00042255100564704535
15.52,-0.0008132111253961502,-0.0004250873671802839
15.53,-0.0008113166334179534,-0.00042759281466109035
15.54,-0.0008093676610595419,-0.00043006714593589907
15.55,-0.0008073644110250224,-0.0004325101612394137
15.56,-0.0008053070898563275,-0.0004349216632115953
15.57,-0.0008031959079140737,-0.00043730145691445616
15.58,-0.0008010310793581656,-0.00043964934984865375
15.59,-0.0007988128221280725,-0.0004419651519698868
15.6,-0.0007965413579228582,-0.00044424867570508553
15.61,-0.0007942169121809084,-0.0004464997359684123
15.62,-0.0007918397140593829,-0.0004487181501770391
15.63,-0.0007894099964133962,-0.00045090373826673497
15.64,-0.0007869279957749108,-0.0004530563227072391
15.65,-0.0007843939523313702,-0.00045517572851743317
15.66,-0.0007818081099040451,-0.00045726178328029147
15.67,-0.0007791707159261219,-0.0004593143171576359
15.68,-0.0007764820214205185,-0.000461333162904668
15.69,-0.0007737422809774334,-0.00046331815588428996
15.7,-0.0007709517527316266,-0.00046526913408121036
15.71,-0.0007681106983394558,-0.00046718593811584554
15.72,-0.0007652193829556287,-0.00046906841125798324
15.73,-0.0007622780752097113,-0.00047091639944024324
15.74,-0.0007592870471823852,-0.0004727297512713145
15.75,-0.0007562465743814372,-0.00047450831804897654
15.76,-0.0007531569357175104,-0.00047625195377288274
15.77,-0.0007500184134796005,-0.0004779605151571454
15.78,-0.0007468312933103,-0.0004796338616426741
15.79,-0.0007435958641808143,-0.0004812718554093049
15.8,-0.0007403124183657111,-0.0004828743613876944
15.81,-0.0007369812514174611,-0.00048444124727099253
15.82,-0.000733602662140699,-0.00048597238352627496
15.83,-0.0007301769525662933,-0.00048746764340577115
15.84,-0.0007267044279251512,-0.0004889269029578361
15.85,-0.0007231853966218066,-0.0004903500410377031
15.86,-0.0007196201702077732,-0.0004917369393180064
15.87,-0.0007160090633546791,-0.000493087482299063
15.88,-0.0007123523938271656,-0.0004944015573189267
15.89,-0.0007086504824555796,-0.0004956790545632122
15.9,-0.0007049036531084318,-0.0004969198670746652
15.91,-0.0007011122326646466,-0.0004981238907625192
15.92,-0.0006972765509855968,-0.0004992910244115931
15.93,-0.0006933969408869291,-0.0005004211696911757
15.94,-0.000689473738110168,-0.0005015142311636361
15.95,-0.0006855072812941299,-0.0005025701162928433
15.96,-0.0006814979119461258,-0.0005035887354522898
15.97,-0.0006774459744129552,-0.0005045700019330199
15.98,-0.0006733518158517037,-0.0005055138319512855
15.99,-0.000669215786200361,-0.0005064201446559902
16.0,-0.0006650382381482168,-0.0005072888621358504
16.01,-0.000660819527106085,-0.0005081199094263482
16.02,-0.0006565600111763328,-0.0005089132145164225
16.03,-0.0006522600511227188,-0.0005096687083549184
16.04,-0.0006479200103400596,-0.0005103863248567924
16.05,-0.0006435402548236988,-0.0005110660009090659
16.06,-0.0006391211531388191,-0.0005117076763765487
16.07,-0.0006346630763895447,-0.0005123112941072882
16.08,-0.000630166398187916,-0.0005128767999377925
16.09,-0.0006256314946226505,-0.0005134041426980116
16.1,-0.0006210587442277633,-0.0005138932742160316
16.11,-0.0006164485279510152,-0.0005143441493225705
16.12,-0.0006118012291221916,-0.0005147567258551862
16.13,-0.000607117233421231,-0.000515130964662256
16.14,-0.0006023969288461894,-0.0005154668296066974
16.15,-0.0005976407056810642,-0.000515764287569436
16.16,-0.0005928489564634386,-0.0005160233084526316
16.17,-0.0005880220759520131,-0.000516243865182651
16.18,-0.0005831604610939666,-0.0005164259337127786
16.19,-0.000578264510992174,-0.0005165694930256934
16.2,-0.0005733346268723047,-0.0005166745251356782
16.21,-0.0005683712120497551,-0.0005167410150905891
16.22,-0.0005633746718964751,-0.0005167689509735662
16.23,-0.000558345413807636,-0.000516758323904492
16.24,-0.0005532838471681938,-0.0005167091280411995
16.25,-0.0005481903833193029,-0.0005166213605804316
16.26,-0.000543065435524627,-0.0005164950217585387
16.27,-0.0005379094189365194,-0.000516330114851929
16.28,-0.0005327227505620839,-0.0005161266461772744
16.29,-0.0005275058492291287,-0.0005158846250914401
16.3,-0.0005222591355519975,-0.0005156040639911939
16.31,-0.0005169830318973082,-0.0005152849783126364
16.32,-0.0005116779623495645,-0.000514927386530384
16.33,-0.0005063443526766887,-0.0005145313101565166
16.34,-0.0005009826302954238,-0.0005140967737392467
16.35,-0.0004955932242366712,-0.0005136238048613556
16.36,-0.0004901765651107156,-0.0005131124341383717
16.37,-0.0004847330850723492,-0.0005125626952164954
16.38,-0.0004792632177859381,-0.0005119746247702654
16.39,-0.00047376739839036556,-0.0005113482624999936
16.4,-0.00046824606346392787,-0.0005106836511289267
16.41,-0.00046269965098912064,-0.000509980836400168
16.42,-0.0004571286003173702,-0.0005092398670733445
16.43,-0.0004515333521336828,-0.0005084607949210309
16.44,-0.0004459143484212114,-0.0005076436747249044
16.45,-0.000440272032425783,-0.0005067885642716759
16.46,-0.00043460684862032547,-0.0005058955243487526
16.47,-0.00042891924266926976,-0.0005049646187396504
16.48,-0.00042320966139285316,-0.0005039959142191735
16.49,-0.0004174785527314078,-0.0005029894805483296
16.5,-0.0004117263657095573,-0.0005019453904690034
16.51,-0.000405953550400393,-0.0005008637196983823
16.52,-0.00040016055788959107,-0.0004997445469231375
16.53,-0.0003943478402394733,-0.000498587953793352
16.54,-0.0003885158504530571,-0.0004973940249162121
16.55,-0.0003826650424380289,-0.0004961628478494378
16.56,-0.0003767958709707248,-0.0004948945130944836
16.57,-0.00037090879166003216,-0.0004935891140894963
16.58,-0.00036500426091130953,-0.0004922467472020096
16.59,-0.0003590827358902344,-0.0004908675117214147
16.6,-0.00035314467448666737,-0.0004894515098511785
16.61,-0.0003471905352784723,-0.000487998846700833
16.62,-0.0003412207774953145,-0.0004865096302776964
16.63,-0.0003352358609824754,-0.00048498397147838594
16.64,-0.000329236246164611,-0.00048342198408007437
16.65,-0.0003232223940095497,-0.0004818237847314985
16.66,-0.0003171947659920371,-0.0004801894929437517
16.67,-0.00031115382405751986,-0.0004785192310808287
16.68,-0.00030510003058590364,-0.000476813124349923
16.69,-0.000299033848355314,-0.00047507130079150713
16.7,-0.00029295574050589024,-0.00047329389126916476
16.71,-0.00028686617050354785,-0.00047148102945919614
16.72,-0.00028076560210379335,-0.00046963285183999036
16.73,-0.00027465449931551834,-0.0004677494976811515
16.74,-0.00026853332636484563,-0.00046583110903242495
16.75,-0.00026240254765896035,-0.000463877830712352
16.76,-0.000256262627749999,-0.000461889810296733
16.77,-0.00025011403129894484,-0.0004598671981068382
16.78,-0.00024395722303954806,-0.00045781014719739794
16.79,-0.0002377926677423036,-0.0004557188133443742
16.8,-0.0002316208301784341,-0.00045359335503249377
16.81,-0.00022544217508393906,-0.0004514339334425717
16.82,-0.00021925716712365757,-0.00044924071243859244
16.83,-0.0002130662708554046,-0.0004470138585545977
16.84,-0.0002068699506941228,-0.00044475354098131274
16.85,-0.0002006686708761149,-0.0004424599315526067
16.86,-0.00019446289542330742,-0.0004401332047316765
16.87,-0.0001882530881075708,-0.00043777353759706173
16.88,-0.00018203971241511702,-0.0004353811098284117
16.89,-0.00017582323151093128,-0.00043295610369205366
16.9,-0.00016960410820329632,-0.000430498704026346
16.91,-0.00016338280490834983,-0.00042800909822681115
16.92,-0.0001571597836147513,-0.00042548747623106093
16.93,-0.00015093550584838772,-0.00042293403050352833
16.94,-0.0001447104326371657,-0.0004203489560199539
16.95,-0.00013848502447589526,-0.000417732450251707
16.96,-0.00013225974129122878,-0.0004150847131498689
16.97,-0.00012603504240671273,-0.0004124059471291345
16.98,-0.00011981138650789133,-0.0004096963570514939
16.99,-0.00011358923160753965,-0.0004069561502097226
17.0,-0.00010736903501094776,-0.000404185536310665
17.01,-0.00010115125328133552,-0.00040138472745832873
17.02,-9.49363422053407e-5,-0.00039855393813677107
17.03,-8.872475675860813e-5,-0.00039569338519279343
17.04,-8.251695107150587e-5,-0.00039280328781844665
17.05,-7.631337839490837e-5,-0.0003898838675333332
17.06,-7.01144910661276e-5,-0.0003869353481667325
17.07,-6.392074047491963e-5,-0.00038395795583951185
17.08,-5.773257702963418e-5,-0.00038095191894589153
17.09,-5.155045012345493e-5,-0.00037791746813496414
17.1,-4.537480810078035e-5,-0.00037485483629209123
17.11,-3.920609822371276e-5,-0.00037176425852007445
17.12,-3.3044766638664875e-5,-0.00036864597212014894
17.13,-2.68912583431187e-5,-0.00036550021657282146
17.14,-2.0746017152482438e-5,-0.00036232723351850273
17.15,-1.4609485667104545e-5,-0.0003591272667379777
17.16,-8.482105239398613e-6,-0.0003559005621326962
17.17,-2.3643159411289977e-6,-0.0003526473677048886
17.18,3.743443469180087e-6,-0.0003493679335375159
17.19,9.840735578698777e-6,-0.0003460625117740375
17.2,1.5927124352575778e-5,-0.00034273135659802724
17.21,2.2002175166115462e-5,-0.0003393747242126085
17.22,2.8065454836757226e-5,-0.0003359928728197334
17.23,3.411653165595524e-5,-0.00033258606259929023
17.24,4.015497542085785e-5,-0.0003291545556880635
17.25,4.6180357465870816e-5,-0.00032569861615851546
17.26,5.21922506940229e-5,-0.00032221850999742595
17.27,5.8190229608200376e-5,-0.00031871450508437845
17.28,6.417387034221194e-5,-0.0003151868711700646
17.29,7.014275069167173e-5,-0.0003116358798544763
17.3,7.609645014473812e-5,-0.000308061804564918
17.31,8.203454991265595e-5,-0.0003044649205338818
17.32,8.795663296015412e-5,-0.0003008455047767743
17.33,9.386228403564039e-5,-0.00029720383606950346
17.34,9.975108970124509e-5,-0.0002935401949259064
17.35,0.00010562263836266174,-0.00028985486357506604
17.36,0.0001114765202988202,-0.00028614812593845705
17.37,0.00011731232769137667,-0.0002824202676069724
17.38,0.00012312965465400405,-0.0002786715758178198
17.39,0.00012892809726151302,-0.000274902339431265
17.4,0.00013470725357875838,-0.00027111284890726404
17.41,0.00014046672368938726,-0.0002673033962819583
17.42,0.0001462061097243486,-0.00026347427514404067
17.43,0.00015192501589024536,-0.0002596257806110032
17.44,0.00015762304849747035,-0.00025575820930525274
17.45,0.00016329981598812822,-0.0002518718593301155
17.46,0.00016895492896378873,-0.0002479670302457122
17.47,0.00017458800021299785,-0.0002440440230447337
17.48,0.00018019864473860778,-0.00024010314012807521
17.49,0.00018578647978488387,-0.0002361446852803882
17.5,0.00019135112486440693,-0.0002321689636454964
17.51,0.00019689220178476045,-0.00022817628170171926
17.52,0.00020240933467499867,-0.00022416694723708104
17.53,0.00020790215001191537,-0.00022014126932441865
17.54,0.0002133702766460618,-0.00021609955829639263
17.55,0.00021881334582757992,-0.00021204212572037637
17.56,0.00022423099123178398,-0.00020796928437328497
17.57,0.00022962284898453956,-0.00020388134821626867
17.58,0.00023498855768739704,-0.00019977863236934456
17.59,0.0002403277584425218,-0.00019566145308591102
17.6,0.00024564009487736094,-0.00019153012772719523
17.61,0.00025092521316911164,-0.00018738497473659842
17.62,0.00025618276206894233,-0.00018322631361396017
17.63,0.0002614123929259726,-0.00017905446488974814
17.64,0.0002666137597110285,-0.0001748697500991469
17.65,0.0002717865190401506,-0.00017067249175609425
17.66,0.0002769303301978763,-0.00016646301332722476
17.67,0.00028204485516025447,-0.00016224163920574197
17.68,0.00028712975861764554,-0.00015800869468522076
17.69,0.00029218470799726744,-0.000153764505933338
17.7,0.0002972093734854787,-0.0001495093999655434
17.71,0.00030220342804984814,-0.00014524370461865238
17.72,0.00030716654746093525,-0.00014096774852438804
17.73,0.0003120984103138571,-0.0001366818610828582
17.74,0.00031699869804957575,-0.0001323863724359652
17.75,0.00032186709497595276,-0.00012808161344078078
17.76,0.000326703288288527,-0.0001237679156428487
17.77,0.0003315069680910585,-0.00011944561124943619
17.78,0.0003362778274158037,-0.00011511503310274884
17.79,0.00034101556224352226,-0.00011077651465308877
17.8,0.0003457198715232525,-0.00010643038993196836
17.81,0.0003503904571917865,-0.00010207699352518315
17.82,0.0003550270241929207,-9.771666054584815e-5
17.83,0.00035962928049640386,-9.334972660739084e-5
17.84,0.0003641969371166687,-8.897652779650436e-5
17.85,0.0003687297081312393,-8.459740064608277e-5
17.86,0.0003732273106989143,-8.021268210811458e-5
17.87,0.00037768946507767267,-7.582270952653382e-5
17.88,0.00038211589464229003,-7.142782061007881e-5
17.89,0.0003865063259017084,-6.702835340509249e-5
17.9,0.0003908604885161171,-6.262464626832588e-5
17.91,0.0003951781153137721,-5.8217037839696635e-5
17.92,0.00039945894230752855,-5.380586701506308e-5
17.93,0.0004037027087111091,-4.939147291894896e-5
17.94,0.00040790915695509494,-4.497419487727449e-5
17.95,0.00041207803270263126,-4.055437239008115e-5
17.96,0.00041620908486486347,-3.6132345104227705e-5
17.97,0.0004203020656160877,-3.170845278610509e-5
17.98,0.00042435673040862863,-2.7283035294324042e-5
17.99,0.0004283728379874291,-2.2856432552423976e-5
18.0,0.0004323501504043634,-1.8428984521558635e-5
18.01,0.00043628843303226544,-1.400103117320779e-5
18.02,0.0004401874545786724,-9.57291246188315e-6
18.03,0.00044404698709929404,-5.144968297833499e-6
18.04,0.00044786680601117674,-7.175385197818602e-7
18.05,0.00045164669010561083,3.709037132347376e-6
18.06,0.0004553864215607163,8.134419044669192e-6
18.07,0.0004590857859537875,1.2558267756576321e-5
18.08,0.0004627445722732949,1.698024398794497e-5
18.09,0.0004663625729306488,2.140000866633581e-5
18.1,0.000469939583771649,2.5817222954150635e-5
18.11,0.0004734754040876416,3.0231548275775938e-5
18.12,0.00047696983662640785,3.464264634470735e-5
18.13,0.00048042268760273526,3.905017919061568e-5
18.14,0.000483833766708725,4.345380918641322e-5
18.15,0.0004872028871237819,4.78531990752524e-5
18.16,0.0004905298655243366,5.2248011997521403e-5
18.17,0.0004938145220932593,5.6637911517768756e-5
18.18,0.0004970566805289826,6.102256165160294e-5
18.19,0.0005002561680543472,6.540162689255591e-5
18.2,0.0005034128154251257,6.977477223887248e-5
18.21,0.0005065264569382883,7.41416632202851e-5
18.22,0.0005095969304399371,7.850196592470674e-5
18.23,0.0005126240773329786,8.285534702490139e-5
18.24,0.0005156077425844824,8.720147380506725e-5
18.25,0.0005185477747327528,9.154001418739611e-5
18.26,0.000521444025894102,9.58706367585418e-5
18.27,0.0005242963517693309,0.00010019301079604701
18.28,0.0005271046116499175,0.00010450680629470913
18.29,0.000529868668423902,0.000108811693992857
18.3,0.0005325883885814863,0.00011310734539858804
18.31,0.0005352636422203264,0.00011739343281590945
18.32,0.0005378943030505412,0.00012166962937083015
18.33,0.0005404802483994208,0.00012593560903735652
18.34,0.0005430213592158371,0.0001301910466634306
18.35,0.0005455175200743642,0.00013443561799677246
18.36,0.0005479686191790918,0.00013866899971065169
18.37,0.0005503745483671662,0.00014289086942957893
18.38,0.0005527352031120084,0.000147100905754896
18.39,0.0005550504825262603,0.0001512987882902998
18.4,0.0005573202893644143,0.00015548419766725572
18.41,0.0005595445300251741,0.0001596568155703394
18.42,0.0005617231145534976,0.0001638163247624663
18.43,0.0005638559566423551,0.00016796240911003807
18.44,0.0005659429736341974,0.00017209475360799062
18.45,0.0005679840865221212,0.00017621304440473118
18.46,0.0005699792199507487,0.0001803169688269889
18.47,0.0005719283022168054,0.00018440621540454514
18.48,0.0005738312652694168,0.0001884804738948775
18.49,0.0005756880447101025,0.00019253943530767089
18.5,0.0005774985797924828,0.00019658279192924744
18.51,0.0005792628134216921,0.00020061023734685578
18.52,0.0005809806921534953,0.0002046214664728657
18.53,0.0005826521661931371,0.0002086161755688452
18.54,0.0005842771893938584,0.00021259406226950512
18.55,0.0005858557192551728,0.00021655482560654682
18.56,0.0005873877169208108,0.00022049816603235962
18.57,0.0005888731471764018,0.00022442378544362793
18.58,0.0005903119784468525,0.00022833138720477778
18.59,0.0005917041827934596,0.00023222067617132889
18.6,0.0005930497359107023,0.00023609135871308776
18.61,0.0005943486171227793,0.0002399431427372274
18.62,0.0005956008093798441,0.00024377573771123843
18.63,0.0005968062992539548,0.0002475888546857192
18.64,0.0005979650769347544,0.0002513822063170605
18.65,0.0005990771362248449,0.0002551555068899676
18.66,0.0006001424745349009,0.00025890847233985703
18.67,0.0006011610928784864,0.00026264082027509944
18.68,0.000602132995866593,0.0002663522699991251
18.69,0.0006030581917019097,0.0002700425425323865
18.7,0.0006039366921727951,0.0002737113606341605
18.71,0.0006047685126469813,0.00027735844882421695
18.72,0.0006055536720649999,0.0002809835334043209
18.73,0.0006062921929333316,0.0002845863424795966
18.74,0.0006069841013172764,0.000288166605979721
18.75,0.0006076294268335483,0.00029172405567997695
18.76,0.000608228202642607,0.00029525842522213524
18.77,0.0006087804654406941,0.0002987694501351809
18.78,0.0006092862554516303,0.0003022568678558888
18.79,0.0006097456164183058,0.00030572041774921195
18.8,0.00061015859559393,0.000309159841128535
18.81,0.0006105252437329972,0.00031257488127573173
18.82,0.000610845615081985,0.0003159652834610843
18.83,0.0006111197673697962,0.00031933079496300064
18.84,0.0006113477617979227,0.00032267116508759666
18.85,0.0006115296630303637,0.0003259861451880709
18.86,0.0006116655391832485,0.0003292754886839288
18.87,0.0006117554618142379,0.00033253895108002675
18.88,0.0006117995059116331,0.00033577628998542725
18.89,0.0006117977498832442,0.00033898726513209164
18.9,0.0006117502755449904,0.0003421716383933831
18.91,0.000611657168109249,0.00034532917380238813
18.92,0.00061151851617295,0.0003484596375700575
18.93,0.0006113344117054026,0.0003515627981031639
18.94,0.0006111049500358995,0.00035463842602207087
18.95,0.000610830229841034,0.00035768629417831345
18.96,0.0006105103531317912,0.00036070617767199693
18.97,0.0006101454252403831,0.00036369785386899484
18.98,0.000609735554806837,0.0003666611024179681
18.99,0.0006092808537653394,0.0003695957052671773
19.0,0.0006087814373303358,0.0003725014466811152
19.01,0.0006082374239823758,0.0003753781132569349
19.02,0.0006076489354537465,0.00037822549394068105
19.03,0.0006070160967138335,0.0003810433800433315
19.04,0.0006063390359542602,0.0003838315652566279
19.05,0.0006056178845737952,0.0003865898456687188
19.06,0.0006048527771630116,0.0003893180197795899
19.07,0.0006040438514887126,0.00039201588851629906
19.08,0.0006031912484781502,0.00039468325524800253
19.09,0.0006022951122029783,0.00039731992580078313
19.1,0.0006013555898629986,0.0003999257084722617
19.11,0.0006003728317696783,0.0004025004140460103
19.12,0.0005993469913294375,0.0004050438558057564
19.13,0.0005982782250267118,0.0004075558495493679
19.14,0.0005971666924068027,0.00041003621360264416
19.15,0.0005960125560584928,0.00041248476883287553
19.16,0.0005948159815964544,0.00041490133866221445
19.17,0.0005935771376434449,0.0004172857490808024
19.18,0.0005922961958122665,0.0004196378286597143
19.19,0.0005909733306875385,0.0004219574085636654
19.2,0.0005896087198072431,0.00042424432256350726
19.21,0.0005882025436440619,0.0004264984070485103
19.22,0.0005867549855865118,0.0004287195010384259
19.23,0.0005852662319198677,0.0004309074461953256
19.24,0.0005837364718068891,0.00043306208683522543
19.25,0.0005821658972683342,0.0004351832699394857
19.26,0.0005805547031632881,0.0004372708451659904
19.27,0.0005789030871692721,0.00043932466486010366
19.28,0.0005772112497621846,0.00044134458406540296
19.29,0.0005754793941960144,0.0004433304605341892
19.3,0.0005737077264823915,0.0004452821547377694
19.31,0.0005718964553699339,0.00044719952987651236
19.32,0.0005700457923233953,0.0004490824518896861
19.33,0.0005681559515026514,0.00045093078946505615
19.34,0.0005662271497414783,0.000452744414048266
19.35,0.0005642596065261563,0.00045452319985198725
19.36,0.0005622535439739056,0.00045626702386482917
19.37,0.0005602091868111173,0.0004579757658600431
19.38,0.0005581267623514318,0.00045964930840396455
19.39,0.0005560065004736264,0.00046128753686425385
19.4,0.000553848633599347,0.0004628903394178879
19.41,0.0005516533966706505,0.0004644576070589244
19.42,0.0005494210271273955,0.0004659892336060335
19.43,0.0005471517648844508,0.00046748511570979484
19.44,0.0005448458523087521,0.00046894515285976794
19.45,0.0005425035341961998,0.00047036924739131706
19.46,0.0005401250577483783,0.00047175730449221275
19.47,0.0005377106725491414,0.00047310923220899095
19.48,0.0005352606305410179,0.00047442494145307645
19.49,0.0005327751860014901,0.0004757043460066807
19.5,0.0005302545955190905,0.0004769473625284493
19.51,0.0005276991179693779,0.0004781539105588853
19.52,0.0005251090144907559,0.0004793239125255254
19.53,0.0005224845484601362,0.00048045729374788913
19.54,0.0005198259854684785,0.0004815539824421836
19.55,0.000517133593296169,0.00048261390972577313
19.56,0.0005144076418882816,0.00048363700962140847
19.57,0.0005116484033296958,0.0004846232190612267
19.58,0.000508856151820066,0.00048557247789050064
19.59,0.0005060311636486893,0.0004864847288711541
19.6,0.0005031737171692114,0.0004873599176850469
19.61,0.0005002840927742382,0.00048819799293700915
19.62,0.0004973625728697908,0.0004889989061576437
19.63,0.0004944094418496652,0.0004897626118058881
19.64,0.0004914249860696544,0.0004904890672713322
19.65,0.0004884094938216631,0.0004911782328763114
19.66,0.00048536325530770076,0.0004918300718777405
19.67,0.0004822865626137633,0.0004924445504687232
19.68,0.00047917970968360793,0.000493021637779923
19.69,0.000476042992292411,0.0004935613058806745
19.7,0.00047287670802033063,0.0004940635297798898
19.71,0.0004696811562259525,0.0004945282874266945
19.72,0.0004664566380196476,0.0004949555597108423
19.73,0.00046320345623682195,0.0004953453304628784
19.74,0.0004599219154110734,0.0004956975864540859
19.75,0.00045661232174724783,0.00049601231739616
19.76,0.00045327498309441424,0.0004962895159406772
19.77,0.00044991020891874144,0.0004965291776783069
19.78,0.00044651831027628456,0.0004967313011377848
19.79,0.00044309959978570073,0.0004968958877846598
19.8,0.00043965439160086305,0.0004970229420197964
19.81,0.00043618300138341463,0.0004971124711776319
19.82,0.0004326857462752214,0.0004971644855242144
19.83,0.0004291629448707739,0.0004971789982549881
19.84,0.0004256149171894951,0.000497156025492351
19.85,0.00042204198464798934,0.0004970955862829673
19.86,0.0004184444700322238,0.0004969977025948597
19.87,0.00041482269746962954,0.0004968623993142472
19.88,0.00041117699240115796,0.0004966897042421658
19.89,0.0004075076815532616,0.0004964796480908403
19.9,0.000403815092909827,0.0004962322644798271
19.91,0.00040009955568403503,0.000495947589931931
19.92,0.0003963614002901897,0.000495625663868869
19.93,0.000392600958315475,0.0004952665286067279
19.94,0.00038881856249166916,0.0004948702293511662
19.95,0.0003850145466668202,0.0004944368141923956
19.96,0.00038118924577686174,0.0004939663340999291
19.97,0.0003773429958172003,0.0004934588429171053
19.98,0.000373476133814251,0.0004929143973553638
19.99,0.0003695889977969502,0.0004923330569883111
20.0,0.0003656819267682157,0.0004917148842455515
20.01,0.0003617552606763898,0.0004910599444062817
20.02,0.0003578093403866458,0.000490368305592674
20.03,0.0003538445076523559,0.0004896400387630127
20.04,0.0003498611050864635,0.0004888752177046204
20.05,0.0003458594761327928,0.0004880739190265535
20.06,0.00034183996503737405,0.00048723622215207136
20.07,0.0003378029168197219,0.0004863622093108881
20.08,0.00033374867724412355,0.0004854519655311832
20.09,0.0003296775927908849,0.00048450557863141745
20.1,0.0003255900106275962,0.0004835231392119078
20.11,0.0003214862785803632,0.00048250474064617967
20.12,0.0003173667451050437,0.0004814504790721175
20.13,0.000313231759258484,0.00048036045338287426
20.14,0.0003090816706697389,0.00047923476521757993
20.15,0.0003049168295113129,0.0004780735189518247
20.16,0.00030073758647038243,0.00047687682168792847
20.17,0.0002965442927200402,0.0004756447832449891
20.18,0.0002923372998905433,0.00047437751614872814
20.19,0.00028811696004055827,0.00047307513562110977
20.2,0.0002838836256284452,0.0004717377595697557
20.21,0.0002796376494835247,0.0004703655085771509
20.22,0.0002753793847773937,0.0004689585058896252
20.23,0.0002711091849952302,0.00046751687740614423
20.24,0.0002668274039071482,0.0004660407516668732
20.25,0.00026253439553954966,0.00046453025984155084
20.26,0.00025823051414652925,0.00046298553571764295
20.27,0.0002539161141812867,0.0004614067156883009
20.28,0.00024959155026757393,0.0004597939387401081
20.29,0.00024525717717119365,0.00045814734644063237
20.3,0.00024091334977150363,0.0004564670829257627
20.31,0.00023656042303298643,0.00045475329488686966
20.32,0.00023219875197683776,0.0004530061315577354
20.33,0.00022782869165261456,0.00045122574470130933
20.34,0.0002234505971099119,0.0004494122885962601
20.35,0.00021906482337010125,0.0004475659200233277
20.36,0.00021467172539810933,0.0004456867982514847
20.37,0.00021027165807424345,0.0004437750850239042
20.38,0.00020586497616608776,0.0004418309445437369
20.39,0.00020145203430043307,0.0004398545434596878
20.4,0.0001970331869352874,0.00043784605085142613
20.41,0.00019260878833192303,0.0004358056382147816
20.42,0.00018817919252700816,0.00043373347944676945
20.43,0.0001837447533047895,0.0004316297508304241
20.44,0.0001793058241693406,0.0004294946310194545
20.45,0.00017486275831689262,0.00042732830102270756
20.46,0.00017041590860821627,0.00042513094418846403
20.47,0.00016596562754110061,0.00042290274618853697
20.48,0.00016151226722287986,0.00042064389500220755
20.49,0.00015705617934306658,0.0004183545808999839
20.5,0.00015259771514603723,0.0004160349964271617
20.51,0.0001481372254038211,0.00041368533638724315
20.52,0.00014367506038896454,0.00041130579782516286
20.53,0.00013921156984746937,0.0004088965800103451
20.54,0.00013474710297184657,0.00040645788441959863
20.55,0.00013028200837423,0.0004039899147198346
20.56,0.00012581663405960926,0.00040149287675062694
20.57,0.00012135132739912983,0.0003989669785066014
20.58,0.00011688643510351762,0.00039641243011966196
20.59,0.00011242230319657375,0.00039382944384105847
20.6,0.00010795927698879503,0.0003912182340232905
20.61,0.00010349770105108015,0.00038857901710185797
20.62,9.903791918853901e-5,0.00038591201157684774
20.63,9.458027441442697e-5,0.00038321743799436705
20.64,9.01251089241606e-5,0.0003804955189278275
20.65,8.567276406946968e-5,0.00037774647895907437
20.66,8.122358033263727e-5,0.00037497054465935903
20.67,7.677789730087706e-5,0.0003721679445701747
20.68,7.233605364080833e-5,0.0003693389091839334
20.69,6.78983870730515e-5,0.00036648367092450917
20.7,6.346523434696054e-5,0.0003636024641276216
20.71,5.9036931215446776e-5,0.00036069552502109443
20.72,5.4613812409961956e-5,0.0003577630917049642
20.73,5.019621161556876e-5,0.00035480540413144866
20.74,4.5784461446175007e-5,0.0003518227040847873
20.75,4.1378893419863666e-5,0.0003488152351609324
20.76,3.6979837934382674e-5,0.00034578324274712726
20.77,3.258762424274878e-5,0.0003427269740013345
20.78,2.8202580428984985e-5,0.00033964667783153117
20.79,2.38250333840123e-5,0.0003365426048749123
20.8,1.9455308781656747e-5,0.0003334150074769096
20.81,1.5093731054814176e-5,0.0003302641396701411
20.82,1.0740623371742797e-5,0.00032709025715320215
20.83,6.396307612510618e-6,0.00032389361726935706
20.84,2.0611043455762874e-6,0.0003206744789850914
20.85,-2.2646671954733205e-6,0.0003174331028685702
20.86,-6.580689135043396e-6,0.00031416975106796666
20.87,-1.0886644978503318e-5,0.00031088468728966787
20.88,-1.5182219634997594e-5,0.0003075781767764006
20.89,-1.9467099440119362e-5,0.0003042504862852076
20.9,-2.374097217840927e-5,0.0003009018840653595
20.91,-2.8003527105723225e-5,0.00029753263983611284
20.92,-3.225445497141369e-5,0.0002941430247644036
20.93,-3.649344804037294e-5,0.0002907333114424291
20.94,-4.0720200114912356e-5,0.00028730377386510154
20.95,-4.493440655646727e-5,0.00028385468740745225
20.96,-4.9135764307154373e-5,0.00028038632880189503
20.97,-5.332397191114544e-5,0.0002768989761154202
20.98,-5.749872953589483e-5,0.00027339290872669205
20.99,-6.16597389931768e-5,0.0002698684073030487
21.0,-6.580670375997407e-5,0.00026632575377741243
21.01,-6.993932899917572e-5,0.00026276523132513167
21.02,-7.405732158011667e-5,0.00025918712434071554
21.03,-7.81603900989374e-5,0.0002555917184144957
21.04,-8.224824489876514e-5,0.0002519793003092097
21.05,-8.632059808972812e-5,0.00024835015793649867
21.06,-9.037716356877463e-5,0.000244704580333338
21.07,-9.441765703933649e-5,0.00024104285763838025
21.08,-9.844179603078332e-5,0.00023736528106824102
21.09,-0.0001024492999177232,0.00023367214289369298
21.1,-0.00010643988993909403,0.0002299637364158136
21.11,-0.00011041328921709122,0.0002262403559420568
21.12,-0.00011436922277589643,0.00022250229676224473
21.13,-0.0001183074175602221,0.0002187498551245286
21.14,-0.0001222276024536742,0.00021498332821125388
21.15,-0.00012612950829690985,0.0002112030141148
21.16,-0.00013001286790562537,0.0002074092118133269
21.17,-0.00013387741608833479,0.00020360222114650908
21.18,-0.00013772288966395653,0.00019978234279117776
21.19,-0.00014154902747923203,0.00019594987823693273
21.2,-0.0001453555704258955,0.00019210512976170716
21.21,-0.00014914226145771182,0.0001882484004072728
21.22,-0.00015290884560726384,0.00018437999395471612
21.23,-0.0001566550700025741,0.0001805002148998547
21.24,-0.00016038068388350802,0.0001766093684286345
21.25,-0.00016408543861799006,0.00017270776039246077
21.26,-0.00016776908771800816,0.00016879569728352303
21.27,-0.00017143138685542063,0.0001648734862100637
21.28,-0.0001750720938775612,0.00016094143487162016
21.29,-0.00017869096882263246,0.00015699985153424305
21.3,-0.000182287773934908,0.00015304904500567534
21.31,-0.00018586227367970497,0.00014908932461051635
21.32,-0.0001894142347581798,0.00014512100016534984
21.33,-0.00019294342612188325,0.0001411443819538698
21.34,-0.00019644961898714346,0.00013715978070194955
21.35,-0.00019993258684919928,0.00013316750755274206
21.36,-0.00020339210549615212,0.00012916787404172373
21.37,-0.00020682795302270392,0.000125161192071735
21.38,-0.0002102399098436623,0.0001211477738880299
21.39,-0.0002136277587072642,0.00011712793205328032
21.4,-0.00021699128470825197,0.00011310197942260323
21.41,-0.00022033027530077073,0.0001090702291185655
21.42,-0.00022364452031101623,0.00010503299450619092
21.43,-0.00022693381194969332,0.00010099058916796647
21.44,-0.00023019794482425,9.694332687883828e-5
21.45,-0.00023343671595088612,9.289152158123337e-5
21.46,-0.00023664992476635845,8.883548736005518e-5
21.47,-0.00023983737313955616,8.477553841771345e-5
21.48,-0.0002429988653828664,8.071198904914519e-5
21.49,-0.000246134208263315,7.664515361685668e-5
21.5,-0.0002492432110134906,7.257534652596382e-5
21.51,-0.0002523256853422426,6.850288219927064e-5
21.52,-0.00025538144544517115,6.442807505234088e-5
21.53,-0.0002584103080148799,6.035123946859651e-5
21.54,-0.00026141209225102175,5.627268977445063e-5
21.55,-0.00026438661987011083,5.2192740214434375e-5
21.56,-0.0002673337151151183,4.811170492638017e-5
21.57,-0.00027025320476484384,4.4029897916606304e-5
21.58,-0.00027314491814306186,3.9947633035148595e-5
21.59,-0.00027600868712744875,3.586522395100735e-5
21.6,-0.00027884434615828296,3.178298412744162e-5
21.61,-0.0002816517322469117,2.7701226797289558e-5
21.62,-0.0002844306849840199,2.3620264938321916e-5
21.63,-0.0002871810465476401,1.9540411248649544e-5
21.64,-0.00028990266171095803,1.5461978122150688e-5
21.65,-0.000292595377849888,1.138527762396193e-5
21.66,-0.00029525904495042844,7.3106214659969055e-6
21.67,-0.00029789351561577537,3.2383209825221434e-6
21.68,-0.0003004986450732256,-8.313128942215129e-7
21.69,-0.00030307429118084486,-4.89796965835283e-6
21.7,-0.00030562031443391564,-8.9613392546181e-6
21.71,-0.0003081365779711552,-1.3021112102622284e-5
21.72,-0.000310622947580699,-1.70769791209867e-5
21.73,-0.00031307929170587746,-2.1128631751460784e-5
21.74,-0.0003155054814507429,-2.5175761982965903e-5
21.75,-0.0003179013905853846,-2.9218062375585132e-5
21.76,-0.0003202668955510118,-3.325522608447892e-5
21.77,-0.00032260187546480855,-3.728694688374136e-5
21.78,-0.0003249062121245663,-4.1312919190192474e-5
21.79,-0.0003271797900130805,-4.533283808708897e-5
21.8,-0.0003294224963023334,-4.934639934777799e-5
21.81,-0.00033163422085743366,-5.3353299459256406e-5
21.82,-0.00033381485624034527,-5.735323564568836e-5
21.83,-0.00033596429771338076,-6.134590589180569e-5
21.84,-0.0003380824432424638,-6.53310089662632e-5
21.85,-0.00034016919350017647,-6.93082444448917e-5
21.86,-0.00034222445186857307,-7.327731273387578e-5
21.87,-0.0003442481244417675,-7.723791509285675e-5
21.88,-0.0003462401200282955,-8.118975365792334e-5
21.89,-0.00034820035015325823,-8.513253146454964e-5
21.9,-0.0003501287290602202,-8.906595247040643e-5
21.91,-0.0003520251737129111,-9.298972157811291e-5
21.92,-0.0003538896037966719,-9.690354465787217e-5
21.93,-0.00035572194171970344,-0.00010080712857001921
21.94,-0.0003575221126140698,-0.00010470018118748481
21.95,-0.00035929004433648913,-0.00010858241141813152
21.96,-0.00036102566746889185,-0.00011245352922702215
21.97,-0.0003627289153187705,-0.00011631324565855651
21.98,-0.0003643997239192831,-0.0001201612728585311
21.99,-0.00036603803202915955,-0.00012399732409606863
22.0,-0.0003676437811323672,-0.0001278211137854612
22.01,-0.0003692169154375538,-0.00013163235750788684
22.02,-0.00037075738187728987,-0.0001354307720330269
22.03,-0.0003722651301070604,-0.00013921607534057382
22.04,-0.0003737401125040645,-0.0001429879866416054
22.05,-0.0003751822841657702,-0.0001467462263998712
22.06,-0.00037659160290826835,-0.00015049051635293513
22.07,-0.0003779680292643953,-0.00015422057953322013
22.08,-0.000379311526481647,-0.00015793614028891686
22.09,-0.00038062206051986213,-0.00016163692430478372
22.1,-0.0003818996000487011,-0.00016532265862280834
22.11,-0.00038314411644490214,-0.0001689930716627557
22.12,-0.00038435558378932424,-0.00017264789324258954
22.13,-0.0003855339788637647,-0.0001762868545987513
22.14,-0.0003866792811475753,-0.00017990968840632987
22.15,-0.00038779147281405404,-0.00018351612879907942
22.16,-0.0003888705387266333,-0.0001871059113893213
22.17,-0.00038991646643484265,-0.000190678773287698
22.18,-0.0003909292461700684,-0.00019423445312279888
22.19,-0.00039190887084110095,-0.000197772691060651
22.2,-0.0003928553360294687,-0.00020129322882405843
22.21,-0.00039376863998456335,-0.0002047958097118167
22.22,-0.0003946487836185527,-0.00020828017861776945
22.23,-0.00039549577050109467,-0.00021174608204974177
22.24,-0.00039630960685383445,-0.0002151932681483047
22.25,-0.0003970903015446939,-0.00021862148670541656
22.26,-0.0003978378660819683,-0.0002220304891828994
22.27,-0.0003985523146081949,-0.00022542002873077502
22.28,-0.0003992336638938511,-0.0002287898602054543
22.29,-0.00039988193333080835,-0.00023213974018776142
22.3,-0.00040049714492562286,-0.0002354694270008225
22.31,-0.00040107932329259526,-0.00023877868072778264
22.32,-0.00040162849564664554,-0.00024206726322938398
22.33,-0.0004021446917959875,-0.00024533493816137047
22.34,-0.0004026279441345971,-0.0002485814709917521
22.35,-0.00040307828763449285,-0.0002518066290178919
22.36,-0.00040349575983780273,-0.000255010181383444
22.37,-0.00040388040084866764,-0.00025819189909513163
22.38,-0.00040423225332490996,-0.00026135155503934673
22.39,-0.000404551362469539,-0.0002644889239986064
22.4,-0.0004048377760220537,-0.0002676037826678233
22.41,-0.000405091544249552,-0.00027069590967042877
22.42,-0.0004053127199376479,-0.00027376508557430684
22.43,-0.0004055013583812116,-0.00027681109290758095
22.44,-0.0004056575173749055,-0.0002798337161742164
22.45,-0.0004057812572035437,-0.0002828327418694522
22.46,-0.00040587264063226473,-0.00028580795849506973
22.47,-0.00040593173289651626,-0.0002887591565744776
22.48,-0.0004059586016918558,-0.0002916861286676279
22.49,-0.00040595331716357315,-0.0002945886693857543
22.5,-0.00040591595189612504,-0.00029746657540593734
22.51,-0.00040584658090240356,-0.0003003196454854843
22.52,-0.0004057452816128092,-0.0003031476804761388
22.53,-0.0004056121338641538,-0.0003059504833381094
22.54,-0.0004054472198883874,-0.0003087278591539086
22.55,-0.000405250624301154,-0.00031147961514202394
22.56,-0.000405022434090166,-0.00031420556067039343
22.57,-0.00040476273860340817,-0.0003169055072697091
22.58,-0.00040447162953717055,-0.00031957926864652843
22.59,-0.00040414920092392173,-0.0003222266606962009
22.6,-0.00040379554911999566,-0.0003248475015156124
22.61,-0.00040341077279312093,-0.0003274416114157391
22.62,-0.0004029949729097846,-0.00033000881293401645
22.63,-0.0004025482527224342,-0.00033254893084651435
22.64,-0.00040207071775650704,-0.00033506179217993064
22.65,-0.00040156247579730065,-0.0003375472262233813
22.66,-0.00040102363687669637,-0.0003400050645400201
22.67,-0.00040045431325970275,-0.00034243514097844055
22.68,-0.0003998546194308534,-0.00034483729168390583
22.69,-0.00039922467208044815,-0.00034721135510937934
22.7,-0.0003985645900906402,-0.0003495571720263537
22.71,-0.0003978744945213592,-0.0003518745855354961
22.72,-0.00039715450859610266,-0.0003541634410770898
22.73,-0.0003964047576875538,-0.0003564235864412837
22.74,-0.00039562536930307156,-0.0003586548717781422
22.75,-0.0003948164730700097,-0.000360857149607503
22.76,-0.0003939782007209193,-0.00036303027482862755
22.77,-0.00039311068607858,-0.00036517410472966094
22.78,-0.0003922140650409019,-0.0003672884989968898
22.79,-0.00039128847556568606,-0.00036937331972379897
22.8,-0.00039033405765522965,-0.0003714284314199301
22.81,-0.00038935095334083087,-0.00037345370101953587
22.82,-0.00038833930666709636,-0.00037544899789003874
22.83,-0.0003872992636761794,-0.0003774141938402746
22.84,-0.00038623097239183165,-0.0003793491631285579
22.85,-0.0003851345828033549,-0.0003812537824705144
22.86,-0.00038401024684940957,-0.00038312793104673177
22.87,-0.0003828581184016901,-0.0003849714905102012
22.88,-0.0003816783532484813,-0.00038678434499354907
22.89,-0.0003804711090780942,-0.0003885663811160705
22.9,-0.00037923654546215133,-0.00039031748799055383
22.91,-0.0003779748238387871,-0.00039203755722990173
22.92,-0.0003766861074956947,-0.0003937264829535493
22.93,-0.00037537056155306667,-0.00039538416179366357
22.94,-0.00037402835294642327,-0.0003970104929011588
22.95,-0.00037265965040931875,-0.00039860537795147996
22.96,-0.000371264624455923,-0.00040016872115020017
22.97,-0.0003698434473635119,-0.0004017004292383954
22.98,-0.0003683962931548324,-0.000403200411497823
22.99,-0.00036692333758035376,-0.0004046685797558878
23.0,-0.0003654247581004262,-0.0004061048483903939
23.01,-0.00036390073386732125,-0.0004075091343341032
23.02,-0.00036235144570717577,-0.00040888135707907344
23.03,-0.0003607770761018196,-0.00041022143868079
23.04,-0.0003591778091705227,-0.000411529303762092
23.05,-0.00035755383065162315,-0.0004128048795168883
23.06,-0.00035590532788407417,-0.0004140480957136638
23.07,-0.00035423248978887645,-0.00041525888469878103
23.08,-0.00035253550685043674,-0.0004164371813995638
23.09,-0.0003508145710978203,-0.0004175829233271834
23.1,-0.00034906987608591646,-0.00041869605057932266
23.11,-0.0003473016168765143,-0.0004197765058426427
23.12,-0.0003455099900192933,-0.00042082423439503667
23.13,-0.0003436951935327264,-0.0004218391841076682
23.14,-0.00034185742688489873,-0.0004228213054468147
23.15,-0.0003399968909742503,-0.00042377055147548053
23.16,-0.00033811378811022505,-0.00042468687785482645
23.17,-0.00033620832199385584,-0.00042557024284536703
23.18,-0.00033428069769826657,-0.00042642060730798087
23.19,-0.00033233112164909574,-0.0004272379347046868
23.2,-0.00033035980160485217,-0.00042802219109923617
23.21,-0.0003283669466371984,-0.0004287733451574861
23.22,-0.0003263527671111622,-0.00042949136814755736
23.23,-0.0003243174746652795,-0.00043017623393979836
23.24,-0.0003222612821916765,-0.0004308279190065325
23.25,-0.00032018440381607937,-0.00043144640242160005
23.26,-0.0003180870548777702,-0.00043203166585969
23.27,-0.0003159694519094743,-0.00043258369359546877
23.28,-0.0003138318126171917,-0.0004331024725025057
23.29,-0.0003116743558599763,-0.0004335879920519786
23.3,-0.00030949730162964416,-0.00043404024431118533
23.31,-0.00030730087103045305,-0.0004344592239418445
23.32,-0.0003050852862587024,-0.00043484492819819494
23.33,-0.0003028507705823053,-0.00043519735692488045
23.34,-0.00030059754832029666,-0.00043551651255463534
23.35,-0.0002983258448223091,-0.00043580240010577945
23.36,-0.0002960358864479887,-0.000436055027179471
23.37,-0.00029372790054638164,-0.0004362744039568031
23.38,-0.0002914021154352708,-0.0004364605431956589
23.39,-0.00028905876038047535,-0.00043661346022738845
23.4,-0.00028669806557511695,-0.0004367331729532668
23.41,-0.00028432026211884184,-0.00043681970184075844
23.42,-0.0002819255819970189,-0.00043687306991958185
23.43,-0.0002795142580598958,-0.0004368933027775687
23.44,-0.0002770865240017321,-0.0004368804285563227
23.45,-0.0002746426143399015,-0.00043683447794668466
23.46,-0.0002721827643939628,-0.00043675548418398554
23.47,-0.00026970721026471834,-0.00043664348304311876
23.48,-0.0002672161888132318,-0.00043649851283339983
23.49,-0.0002647099376398391,-0.0004363206143932341
23.5,-0.00026218869506313195,-0.00043610983108458424
23.51,-0.00025965270009892737,-0.0004358662087872508
23.52,-0.0002571021924392209,-0.000435589795892946
23.53,-0.0002545374124311181,-0.0004352806432991817
23.54,-0.00025195860105576987,-0.000434938804402948
23.55,-0.00024936599990727583,-0.00043456433509422447
23.56,-0.00024675985117159977,-0.00043415729374927464
23.57,-0.00024414039760546017,-0.0004337177412237564
23.58,-0.0002415078825152301,-0.0004332457408456429
23.59,-0.00023886254973581858,-0.00043274135840795815
23.6,-0.00023620464360956764,-0.0004322046621613041
23.61,-0.00023353440896513303,-0.00043163572280622555
23.62,-0.0002308520910963722,-0.0004310346134853561
23.63,-0.00022815793574124452,-0.00043040140977541246
23.64,-0.00022545218906069918,-0.00042973618967896346
23.65,-0.0002227350976175883,-0.00042903903361604786
23.66,-0.00022000690835557286,-0.00042831002441558213
23.67,-0.00021726786857805214,-0.0004275492473065996
23.68,-0.00021451822592709704,-0.00042675678990930217
23.69,-0.00021175822836239712,-0.0004259327422259225
23.7,-0.00020898812414023025,-0.00042507719663142105
23.71,-0.00020620816179244008,-0.0004241902478639825
23.72,-0.00020341859010544487,-0.0004232719930153536
23.73,-0.00020061965809924857,-0.00042232253152098514
23.74,-0.00019781161500649752,-0.00042134196515001063
23.75,-0.0001949947102515389,-0.0004203303979950286
23.76,-0.00019216919342952235,-0.0004192879364617448
23.77,-0.00018933531428552003,-0.00041821468925839345
23.78,-0.00018649332269367355,-0.00041711076738502537
23.79,-0.00018364346863638435,-0.00041597628412260677
23.8,-0.00018078600218352035,-0.0004148113550219364
23.81,-0.00017792117347167143,-0.0004136160978924155
23.82,-0.00017504923268342953,-0.00041239063279063467
23.83,-0.0001721704300267148,-0.0004111350820087881
23.84,-0.0001692850157141335,-0.0004098495700629346
23.85,-0.00016639323994238473,-0.00040853422368108434
23.86,-0.00016349535287170301,-0.0004071891717911186
23.87,-0.0001605916046053462,-0.0004058145455085542
23.88,-0.00015768224516913537,-0.00040441047812413784
23.89,-0.0001547675244910288,-0.0004029771050912773
23.9,-0.00015184769238076417,-0.0004015145640133334
23.91,-0.00014892299850952878,-0.000400022994630718
23.92,-0.00014599369238970362,-0.000398502538807861
23.93,-0.00014306002335464645,-0.0003969533405200174
23.94,-0.00014012224053853154,-0.00039537554583990865
23.95,-0.00013718059285625946,-0.00039376930292421656
23.96,-0.0001342353289834044,-0.00039213476199992717
23.97,-0.00013128669733624332,-0.0003904720753505161
23.98,-0.00012833494605182682,-0.0003887813973019869
23.99,-0.0001253803229681306,-0.0003870628842087661
24.0,-0.00012242307560425664,-0.00038531669443943865
24.01,-0.00011946345114071398,-0.0003835429883623468
24.02,-0.00011650169639975653,-0.00038174192833103737
24.03,-0.00011353805782579345,-0.00037991367866957584
24.04,-0.00011057278146587673,-0.00037805840565769826
24.05,-0.00010760611295024804,-0.0003761762775158458
24.06,-0.00010463829747297392,-0.0003742674643900427
24.07,-0.00010166957977264213,-0.00037233213833663903
24.08,-9.870020411314925e-5,-0.0003703704733069217
24.09,-9.5730414264549e-5,-0.0003683826451315875
24.1,-9.276045348399783e-5,-0.0003663688315050762
24.11,-8.979056449677187e-5,-0.00036432921196978394
24.12,-8.682098947736208e-5,-0.00036226396790012223
24.13,-8.385197003066753e-5,-0.0003601732824864774
24.14,-8.088374717325726e-5,-0.00035805734071901437
24.15,-7.791656131473458e-5,-0.0003559163293713714
24.16,-7.495065223917358e-5,-0.00035375043698421645
24.17,-7.198625908666075e-5,-0.00035155985384868743
24.18,-6.90236203349162e-5,-0.0003493447719897073
24.19,-6.606297378100775e-5,-0.0003471053851491735
24.2,-6.310455652316923e-5,-0.00034484188876904363
24.21,-6.01486049426962e-5,-0.0003425544799742717
24.22,-5.719535468595718e-5,-0.00034024335755566493
24.23,-5.4245040646482504e-5,-0.000337908721952591
24.24,-5.129789694717171e-5,-0.0003355507752356035
24.25,-4.835415692258317e-5,-0.00033316972108891993
24.26,-4.541405310133918e-5,-0.0003307657647928275
24.27,-4.2477817188624786e-5,-0.0003283391132059445
24.28,-3.954568004879229e-5,-0.00032588997474739353
24.29,-3.6617871688075825e-5,-0.0003234185593788685
24.3,-3.369462123740414e-5,-0.00032092507858658706
24.31,-3.0776156935329916e-5,-0.00031840974536315056
24.32,-2.7862706111057668e-5,-0.00031587277418929056
24.33,-2.4954495167594114e-5,-0.00031331438101553025
24.34,-2.2051749564996355e-5,-0.00031073478324373556
24.35,-1.915469380374459e-5,-0.00030813419970857146
24.36,-1.6263551408220967e-5,-0.0003055128506588735
24.37,-1.3378544910302227e-5,-0.0003028709577389047
24.38,-1.0499895833076703e-5,-0.0003002087439695461
24.39,-7.627824674667543e-6,-0.0002975264337293703
24.4,-4.762550892185132e-6,-0.00029482425273565923
24.41,-1.904292885785189e-6,-0.0002921024280252934
24.42,9.467320171374115e-7,-0.0002893611879355969
24.43,3.7903075776432074e-6,-0.00028660076208506576
24.44,6.626218660822744e-6,-0.00028382138135403696
24.45,9.454251251234134e-6,-0.0002810232778652634
24.46,1.2274192468232192e-5,-0.00027820668496441334
24.47,1.5085830581159686e-5,-0.00027537183720049817
24.48,1.7888955024419365e-5,-0.00027251897030621474
24.49,2.068335641241209e-5,-0.00026964832117822387
24.5,2.3468826554354776e-5,-0.00026676012785734776
24.51,2.6245158468956738e-5,-0.0002638546295087
24.52,2.9012146398976698e-5,-0.00026093206640175336
24.53,3.1769585825644844e-5,-0.00025799267989032456
24.54,3.451727348294417e-5,-0.00025503671239251595
24.55,3.725500737177393e-5,-0.00025206440737056494
24.56,3.998258677396121e-5,-0.0002490760093106628
24.57,4.2699812266154076e-5,-0.0002460717637026817
24.58,4.5406485733561e-5,-0.0002430519170198717
24.59,4.8102410383573255e-5,-0.00024001671669847597
24.6,5.078739075922641e-5,-0.00023696641111730843
24.61,5.346123275254432e-5,-0.00023390124957726967
24.62,5.612374361773099e-5,-0.0002308214822808076
24.63,5.8774731984221686e-5,-0.00022772736031133914
24.64,6.141400786960139e-5,-0.00022461913561261048
24.65,6.404138269237253e-5,-0.00022149706096802088
24.66,6.665666928458306e-5,-0.0002183613899798905
24.67,6.925968190431006e-5,-0.0002152123770486987
24.68,7.185023624800018e-5,-0.0002120502773522681
24.69,7.442814946266887e-5,-0.0002088753468249114
24.7,7.699324015793672e-5,-0.00020568784213655092
24.71,7.954532841794606e-5,-0.00020248802067177765
24.72,8.20842358131014e-5,-0.00019927614050890694
24.73,8.46097854116899e-5,-0.0001960524603989705
24.74,8.712180179132257e-5,-0.0001928172397447008
24.75,8.962011105026211e-5,-0.00018957073857946686
24.76,9.210454081856094e-5,-0.00018631321754620004
24.77,9.457492026907982e-5,-0.00018304493787627907
24.78,9.70310801283454e-5,-0.00017976616136839276
24.79,9.947285268724595e-5,-0.00017647715036739358
24.8,0.00010190007181159089,-0.00017317816774310832
24.81,0.00010431257295250268,-0.0001698694768691513
24.82,0.00010671019315666606,-0.00016655134160169826
24.83,0.00010909277107641269,-0.0001632240262582658
24.84,0.00011146014697966641,-0.0001598877955964594
24.85,0.0001138121627597097,-0.00015654291479271951
24.86,0.00011614866194482006,-0.00015318964942105472
24.87,0.00011846948970773365,-0.00014982826543175661
24.88,0.0001207744928749523,-0.00014645902913012668
24.89,0.00012306351993590482,-0.000143082207155176
24.9,0.0001253364210519356,-0.00013969806645833865
24.91,0.00012759304806514917,-0.00013630687428217088
24.92,0.00012983325450708385,-0.0001329088981390562
24.93,0.00013205689560723234,-0.0001295044057899126
24.94,0.0001342638283014079,-0.00012609366522289356
24.95,0.00013645391123993795,-0.00012267694463211033
24.96,0.00013862700479571233,-0.00011925451239634076
24.97,0.0001407829710720538,-0.00011582663705776225
24.98,0.0001429216739104459,-0.00011239358730068724
24.99,0.00014504297889808484,-0.00010895563193030958
25.0,0.0001471467533752825,-0.00010551303985147015
25.01,0.00014923286644269348,-0.00010206608004742815
25.02,0.00015130118896839134,-9.861502155865923e-5
25.03,0.0001533515935947771,-9.516013346165727e-5
25.04,0.00015538395474533226,-9.170168484778087e-5
25.05,0.00015739814863119375,-8.823994480208881e-5
25.06,0.00015939405325758157,-8.477518238222908e-5
25.07,0.0001613715484300542,-8.130766659733302e-5
25.08,0.00016333051576060683,-7.78376663869457e-5
25.09,0.0001652708386735969,-7.436545059997888e-5
25.1,0.00016719240241151346,-7.089128797370084e-5
25.11,0.0001690950940405774,-6.741544711275221e-5
25.12,0.00017097880245618688,-6.393819646819299e-5
25.13,0.00017284341838817895,-6.0459804316595164e-5
25.14,0.0001746888344059549,-5.6980538739155094e-5
25.15,0.00017651494492341277,-5.3500667600866434e-5
25.16,0.0001783216462037333,-5.0020458529707156e-5
25.17,0.00018010883636399168,-4.654017889588937e-5
25.18,0.00018187641537961474,-4.306009579114351e-5
25.19,0.0001836242850886643,-3.958047600804145e-5
25.2,0.0001853523491959538,-3.610158601937917e-5
25.21,0.0001870605132770129,-3.262369195759386e-5
25.22,0.0001887486847818707,-2.914705959424342e-5
25.23,0.00019041677303869022,-2.5671954319522622e-5
25.24,0.00019206468925722387,-2.219864112184731e-5
25.25,0.00019369234653211588,-1.8727384567476976e-5
25.26,0.00019529965984602826,-1.5258448780209838e-5
25.27,0.00019688654607261173,-1.1792097421121802e-5
25.28,0.0001984529239793136,-8.328593668366791e-6
25.29,0.00019999871423000273,-4.868200197048117e-6
25.3,0.0002015238393874619,-1.4111791591338456e-6
25.31,0.00020302822391567963,2.0422078365438965e-6
25.32,0.00020451179418200723,5.491699744245398e-6
25.33,0.0002059744784591365,8.937036101191402e-6
25.34,0.0002074162069269189,1.2377957047386065e-5
25.35,0.00020883691167401612,1.5814203345350162e-5
25.36,0.00021023652669939478,1.924551639979136e-5
25.37,0.00021161498791364932,2.2671638277210894e-5
25.38,0.00021297223314017402,2.6092311725414016e-5
25.39,0.00021430820211615475,2.9507280192970094e-5
25.4,0.00021562283649341154,3.291628784857386e-5
25.41,0.00021691607983908136,3.6319079600344466e-5
25.42,0.0002181878776361217,3.971540111503336e-5
25.43,0.00021943817728366553,4.310499883715516e-5
25.44,0.00022066692809722484,4.648762000803991e-5
25.45,0.00022187408130869957,4.9863012684789925e-5
25.46,0.000223059590066267,5.323092575916412e-5
25.47,0.00022422340943407468,5.659110897636031e-5
25.48,0.00022536549639179865,5.9943312953726077e-5
25.49,0.00022648580983402562,6.328728919936216e-5
25.5,0.00022758431056948996,6.662279013065039e-5
25.51,0.00022866096132013062,6.994956909267453e-5
25.52,0.00022971572672001586,7.326738037655641e-5
25.53,0.0002307485733140873,7.657597923769778e-5
25.54,0.00023175946955676153,7.987512191391293e-5
25.55,0.00023274838581036268,8.316456564348067e-5
25.56,0.0002337152943434034,8.644406868307926e-5
25.57,0.00023466016932871558,8.971339032563648e-5
25.58,0.0002355829868414093,9.297229091806194e-5
25.59,0.00023648372485669507,9.622053187889302e-5
25.6,0.00023736236324753055,9.945787571581836e-5
25.61,0.00023821888378213542,0.0001026840860431063
25.62,0.0002390532701213329,0.00010589892759892873
25.63,0.00023986550781574464,0.00010910216626256176
25.64,0.0002406555843028423,0.00011229356907149542
25.65,0.00024142348890382812,0.00011547290423841294
25.66,0.00024216921282037786,0.00011863994116807705
25.67,0.00024289274913122434,0.0001217944504740856
25.68,0.00024359409278860487,0.0001249362039955217
25.69,0.00024427324061453344,0.00012806497481349083
25.7,0.0002449301912969483,0.00013118053726752767
25.71,0.00024556494538569517,0.00013428266697190143
25.72,0.00024617750528836826,0.00013737114083178459
25.73,0.0002467678752660107,0.00014044573705931896
25.74,0.0002473360614286448,0.00014350623518954127
25.75,0.00024788207173068795,0.00014655241609620205
25.76,0.0002484059159661946,0.00014958406200744906
25.77,0.0002489076057639748,0.00015260095652139106
25.78,0.0002493871545825568,0.00015560288462153652
25.79,0.0002498445777050009,0.00015858963269209752
25.8,0.00025027989223359577,0.0001615609885331766
25.81,0.0002506931170843782,0.00016451674137581008
25.82,0.0002510842729815439,0.00016745668189689685
25.83,0.0002514533824516903,0.00017038060223397767
25.84,0.0002518004698179434,0.00017328829599990141
25.85,0.0002521255611939327,0.00017617955829733856
25.86,0.00025242868447762423,0.00017905418573317233
25.87,0.00025270986934503123,0.00018191197643275433
25.88,0.000252969147243775,0.00018475273005401282
25.89,0.000253206551386514,0.0001875762478014368
25.9,0.0002534221167442451,0.00019038233243990943
25.91,0.00025361588003945397,0.00019317078830841455
25.92,0.0002537878797391546,0.00019594142133358812
25.93,0.00025393815604777897,0.00019869403904314027
25.94,0.0002540667508999415,0.00020142845057913268
25.95,0.00025417370795307513,0.00020414446671110486
25.96,0.00025425907257993247,0.00020684189984906923
25.97,0.00025432289186096363,0.00020952056405634678
25.98,0.000254365214576564,0.00021218027506227202
25.99,0.00025438609119919544,0.00021482085027473818
26.0,0.00025438557388537573,0.00021744210879260365
26.01,0.0002543637164675548,0.00022004387141794524
26.02,0.0002543205744458577,0.00022262596066816283
26.03,0.0002542562049797067,0.00022518820078794156
26.04,0.0002541706668793201,0.00022773041776104734
26.05,0.00025406402059709404,0.00023025243932199102
26.06,0.000253936328218857,0.00023275409496752058
26.07,0.00025378765345501487,0.00023523521596797832
26.08,0.0002536180616315648,0.00023769563537848697
26.09,0.00025342761968100467,0.00024013518805000137
26.1,0.00025321639613311834,0.00024255371064018185
26.11,0.00025298446110564443,0.00024495104162413234
26.12,0.00025273188629484173,0.0002473270213049724
26.13,0.0002524587449659233,0.0002496814918242508
26.14,0.0002521651119433995,0.0002520142971722071
26.15,0.0002518510636012915,0.00025432528319786724
26.16,0.00025151667785324795,0.0002566142976189916
26.17,0.000251162034142538,0.00025888119003184945
26.18,0.00025078721343195644,0.00026112581192084324
26.19,0.00025039229819360387,0.00026334801666797137
26.2,0.0002499773723985706,0.0002655476595621223
26.21,0.0002495425215065111,0.00026772459780821694
26.22,0.00024908783245511845,0.0002698786905361785
26.23,0.00024861339364949523,0.0002720097988097495
26.24,0.0002481192949514214,0.000274117785635134
26.25,0.00024760562766852195,0.00027620251596949025
26.26,0.0002470724845433401,0.00027826385672924007
26.27,0.0002465199597423047,0.00028030167679823307
26.28,0.000245948148844606,0.00028231584703573354
26.29,0.00024535714883097416,0.0002843062402842405
26.3,0.00024474705807236584,0.00028627273137715205
26.31,0.00024411797631854873,0.0002882151971462479
26.32,0.00024347000468660554,0.00029013351642902306
26.33,0.00024280324564934002,0.0002920275700758347
26.34,0.00024211780302358946,0.00029389724095689847
26.35,0.0002414137819584582,0.00029574241396910416
26.36,0.00024069128892345508,0.00029756297604266837
26.37,0.00023995043169654662,0.00029935881614762057
26.38,0.00023919131935212965,0.00030112982530011386
26.39,0.0002384140622489126,0.0003028758965685695
26.4,0.00023761877201771624,0.0003045969250796539
26.41,0.00023680556154919647,0.000306292808024083
26.42,0.00023597454498148286,0.0003079634446622532
26.43,0.000235125837687737,0.00030960873632970967
26.44,0.0002342595562636374,0.0003112285864424386
26.45,0.0002333758185147812,0.0003128229005019864
26.46,0.00023247474344401806,0.000314391586100415
26.47,0.00023155645123870306,0.00031593455292507864
26.48,0.00023062106325787474,0.00031745171276323397
26.49,0.0002296687020193748,0.0003189429795064745
26.5,0.00022869949118687778,0.00032040826915499636
26.51,0.0002277135555568668,0.0003218474998216905
26.52,0.0002267110210455345,0.00032326059173606495
26.53,0.00022569201467561274,0.00032464746724799063
26.54,0.00022465666456315025,0.00032600805083127964
26.55,0.0002236050999042116,0.0003273422690870881
26.56,0.00022253745096151848,0.00032865005074714644
26.57,0.00022145384905103072,0.0003299313266768201
26.58,0.00022035442652846592,0.0003311860298779955
26.59,0.00021923931677575816,0.00033241409549179167
26.6,0.00021810865418745768,0.00033361546080110566
26.61,0.00021696257415707815,0.00033479006523297604
26.62,0.00021580121306338375,0.0003359378503607867
26.63,0.000214624708256624,0.0003370587599062805
26.64,0.0002134331980447134,0.00033815273974141866
26.65,0.00021222682167936852,0.00033921973789005877
26.66,0.00021100571934217684,0.00034025970452945803
26.67,0.00020977003213063495,0.0003412725919916124
26.68,0.00020851990204412833,0.0003422583547644116
26.69,0.00020725547196986504,0.0003432169494926405
26.7,0.00020597688566877204,0.0003441483349787876
26.71,0.00020468428776133015,0.00034505247218369854
26.72,0.00020337782371339166,0.00034592932422704823
26.73,0.00020205763982193242,0.00034677885638764803
26.74,0.00020072388320077915,0.0003476010361035736
26.75,0.0001993767017662888,0.0003483958329721335
26.76,0.00019801624422299675,0.00034916321874965483
26.77,0.00019664266004922705,0.0003499031673511073
26.78,0.00019525609948266125,0.000350615654849552
26.79,0.00019385671350588682,0.00035130065947542086
26.8,0.00019244465383190095,0.0003519581616156322
26.81,0.0001910200728895871,0.0003525881438125257
26.82,0.0001895831238091643,0.00035319059076263664
26.83,0.0001881339604076087,0.0003537654893153021
26.84,0.00018667273717403804,0.0003543128284710888
26.85,0.0001851996092550858,0.0003548325993800682
26.86,0.00018371473244023688,0.0003553247953399046
26.87,0.00018221826314714822,0.00035578941179379645
26.88,0.0001807103584069437,0.0003562264463282311
26.89,0.00017919117584949012,0.0003566358986705876
26.9,0.00017766087368865355,0.00035701777068656546
26.91,0.0001761196107075354,0.0003573720663774493
26.92,0.00017456754624369542,0.00035769879187720665
26.93,0.00017300484017435748,0.0003579979554494235
26.94,0.00017143165290159584,0.00035826956748407604
26.95,0.0001698481453375208,0.0003585136404941288
26.96,0.00016825447888943888,0.0003587301891119838
26.97,0.00016665081544501385,0.00035891923008575467
26.98,0.0001650373173574091,0.00035908078227538386
26.99,0.0001634141474304318,0.0003592148666485941
27.0,0.00016178146890366018,0.0003593215062766809
27.01,0.00016013944543757653,0.0003594007263301455
27.02,0.0001584882410986871,0.00035945255407416325
27.03,0.0001568280203446428,0.0003594770188638889
27.04,0.0001551589480093608,0.00035947415213961637
27.05,0.00015348118928813979,0.0003594439874217618
27.06,0.00015179490972278562,0.00035938656030570467
27.07,0.00015010027518672794,0.0003593019084564545
27.08,0.0001483974518701513,0.00035919007160317717
27.09,0.00014668660626512167,0.00035905109153355275
27.1,0.00014496790515072761,0.00035888501208798787
27.11,0.0001432415155782233,0.0003586918791536561
27.12,0.00014150760485617957,0.0003584717406584077
27.13,0.00013976634053565156,0.00035822464656450477
27.14,0.00013801789039534636,0.00035795064886221445
27.15,0.00013626242242681686,0.0003576498015632448
27.16,0.0001345001048196559,0.0003573221606940327
27.17,0.00013273110594671435,0.0003569677842888794
27.18,0.00013095559434933194,0.0003565867323829357
27.19,0.00012917373872258249,0.0003561790670050345
27.2,0.0001273857079005455,0.0003557448521703826
27.21,0.0001255916708415875,0.00035528415387309816
27.22,0.00012379179661367495,0.00035479704007860066
27.23,0.00012198625437969711,0.0003542835807158598
27.24,0.00012017521338282636,0.0003537438476694938
27.25,0.00011835884293188725,0.000353177914771725
27.26,0.00011653731238676764,0.00035258585779419325
27.27,0.0001147107911438446,0.0003519677544396239
27.28,0.00011287944862144158,0.0003513236843333521
27.29,0.0001110434542453193,0.0003506537290147117
27.3,0.00010920297743418946,0.00034995797192827514
27.31,0.00010735818758526893,0.0003492364984149647
27.32,0.00010550925405985735,0.0003484893957030146
27.33,0.00010365634616895839,0.0003477167528987994
27.34,0.0001017996331589266,0.00034691866097752823
27.35,9.993928419715764e-5,0.0003460952127737985
27.36,9.807546835781432e-5,0.0003452465029720173
27.37,9.620835460758606e-5,0.00034437262809668796
27.38,9.433811179149813e-5,0.00034347368650256433
27.39,9.246490861875013e-5,0.00034254977836466866
27.4,9.05889136486073e-5,0.0003416010056681847
27.41,8.871029527632411e-5,0.00034062747219821817
27.42,8.682922171912394e-5,0.0003396292835294226
27.43,8.49458610022135e-5,0.00033860654701550557
27.44,8.306038094484755e-5,0.00033755937177860126
27.45,8.117294914644508e-5,0.0003364878686985185
27.46,7.928373297274556e-5,0.00033539215040186534
27.47,7.739289954202474e-5,0.00033427233125105104
27.48,7.5500615711351e-5,0.0003331285273331487
27.49,7.360704806290351e-5,0.00033196085644866856
27.5,7.171236289033349e-5,0.00033076943810017226
27.51,6.98167261851874e-5,0.00032955439348079577
27.52,6.792030362338265e-5,0.0003283158454626402
27.53,6.60232605517328e-5,0.0003270539185850452
27.54,6.412576197454336e-5,0.0003257687390427482
27.55,6.222797254024987e-5,0.00032446043467393096
27.56,6.033005652813055e-5,0.0003231291349481431
27.57,5.8432177835063785e-5,0.0003217749709541165
27.58,5.65344999623614e-5,0.0003203980753874753
27.59,5.463718600265107e-5,0.0003189985825383156
27.6,5.274039862683057e-5,0.0003175766282786952
27.61,5.084430007108476e-5,0.00031613235005000147
27.62,4.894905212396069e-5,0.0003146658868502161
27.63,4.705481611352e-5,0.0003131773792210746
27.64,4.5161752894547844e-5,0.00031166696923511463
27.65,4.327002283583709e-5,0.00031013480048262435
27.66,4.1379785807536525e-5,0.00030858101805848775
27.67,3.9491201168572115e-5,0.00030700576854892866
27.68,3.760442775413878e-5,0.00030540920001814726
27.69,3.571962386325783e-5,0.000303791461994865
27.7,3.383694724641958e-5,0.0003021527054587691
27.71,3.1956555093284425e-5,0.00030049308282685473
27.72,3.0078604020472293e-5,0.0002988127479396798
27.73,2.8203250059413298e-5,0.00029711185604751485
27.74,2.6330648644290668e-5,0.00029539056379641345
27.75,2.4460954600043577e-5,0.00029364902921416775
27.76,2.2594322130463194e-5,0.0002918874116962011
27.77,2.0730904806356798e-5,0.000290105871991352
27.78,1.8870855553795815e-5,0.00028830457218756574
27.79,1.7014326642446188e-5,0.0002864836756975204
27.8,1.5161469673973009e-5,0.00028464334724414344
27.81,1.3312435570537233e-5,0.00028278375284605746
27.82,1.1467374563365864e-5,0.00028090505980293503
27.83,9.626436181413305e-6,0.0002790074366807816
27.84,7.789769240099486e-6,0.00027709105329712125
27.85,5.957521830143663e-6,0.0002751560807061186
27.86,4.1298413064730225e-6,0.0002732026911836117
27.87,2.3068742772248284e-6,0.00027123105821207403
27.88,4.887665928387565e-7,0.00026924135646549724
27.89,-1.3243366647734954e-6,0.0002672337617941976
27.9,-3.1322911929550316e-6,0.000265208451209559
27.91,-4.93495347895415e-6,0.0002631656028686888
27.92,-6.732180810472345e-6,0.000261105396059017
27.93,-8.523831286131061e-6,0.000259028011182821
27.94,-1.0309763825842276e-5,0.0002569336297416742
27.95,-1.2089838181080792e-5,0.0002548224343208466
27.96,-1.3863914945075154e-5,0.00025269460857361905
27.97,-1.563185556289346e-5,0.00025055033720555156
27.98,-1.7393522341441873e-5,0.0002483898059586758
27.99,-1.9148778459360508e-5,0.00024621320159563717
28.0,-2.0897487976832688e-5,0.00024402071188376194
28.01,-2.263951584528974e-5,0.00024181252557908643
28.02,-2.4374727917019305e-5,0.00023958883241030995
28.03,-2.6102990954680813e-5,0.0002373498230627034
28.04,-2.7824172640717514e-5,0.0002350956891619585
28.05,-2.953814158666895e-5,0.00023282662325798252
28.06,-3.124476734239018e-5,0.00023054281880865153
28.07,-3.294392040516281e-5,0.00022824447016349354
28.08,-3.4635472228707347e-5,0.00022593177254734575
28.09,-3.631929523209825e-5,0.0002236049220439434
28.1,-3.799526280857226e-5,0.00022126411557948035
28.11,-3.966324933423496e-5,0.0002189095509061078
28.12,-4.132313017666811e-5,0.00021654142658540255
28.13,-4.297478170342576e-5,0.00021415994197178652
28.14,-4.4618081290433835e-5,0.00021176529719590424
28.15,-4.6252907330281495e-5,0.00020935769314796982
28.16,-4.7879139240407365e-5,0.00020693733146106227
28.17,-4.949665747118134e-5,0.00020450441449439656
28.18,-5.110534351387622e-5,0.00020205914531655207
28.19,-5.2705079908541045e-5,0.00019960172768866756
28.2,-5.429575025176008e-5,0.00019713236604760868
28.21,-5.5877239204306794e-5,0.00019465126548909724
28.22,-5.744943249868752e-5,0.00019215863175081686
28.23,-5.901221694658404e-5,0.00018965467119548497
28.24,-6.0565480446177986e-5,0.0001871395907939025
28.25,-6.210911198937383e-5,0.00018461359810797306
28.26,-6.364300166890645e-5,0.00018207690127370455
28.27,-6.516704068534293e-5,0.0001795297089841805
28.28,-6.668112135397204e-5,0.00017697223047251356
28.29,-6.818513711158492e-5,0.0001744046754947781
28.3,-6.967898252314065e-5,0.00017182725431292745
28.31,-7.11625532883266e-5,0.0001692401776776885
28.32,-7.263574624800085e-5,0.00016664365681144164
28.33,-7.409845939052541e-5,0.00016403790339109098
28.34,-7.555059185799201e-5,0.0001614231295309124
28.35,-7.699204395232134e-5,0.00015879954776540096
28.36,-7.842271714126914e-5,0.0001561673710320969
28.37,-7.984251406429936e-5,0.00015352681265441012
28.38,-8.125133853835798e-5,0.0001508780863244326
28.39,-8.264909556352584e-5,0.00014822140608574958
28.4,-8.403569132856051e-5,0.0001455569863162399
28.41,-8.541103321632432e-5,0.00014288504171087465
28.42,-8.677502980909391e-5,0.00014020578726451916
28.43,-8.81275908937568e-5,0.00013751943825472348
28.44,-8.946862746690244e-5,0.00013482621022452428
28.45,-9.079805173977903e-5,0.00013212631896524288
28.46,-9.211577714315207e-5,0.00012941998049928436
28.47,-9.342171833203976e-5,0.00012670741106295182
28.48,-9.471579119033599e-5,0.0001239888270892475
28.49,-9.599791283531285e-5,0.00012126444519070793
28.5,-9.726800162201267e-5,0.00011853448214222133
28.51,-9.8525977147521e-5,0.00011579915486387275
28.52,-9.977176025512257e-5,0.00011305868040379517
28.53,-0.0001010052730383451,0.00011031327592102772
28.54,-0.0001022264388448792,0.00010756315866840009
28.55,-0.00010343518228039255,0.00010480854597541966
28.56,-0.00010463142921221574,0.00010204965523118844
28.57,-0.00010581510677292321,9.928670386732303e-5
28.58,-0.0001069861433637827,9.651990934091054e-5
28.59,-0.00010814446865810633,9.374948911747e-5
28.6,-0.00010929001360446595,9.097566065394761e-5
28.61,-0.00011042271042980635,8.819864138173098e-5
28.62,-0.00011154249264243541,8.541864868968292e-5
28.63,-0.00011264929503489583,8.263589990721443e-5
28.64,-0.00011374305368672087,7.985061228736857e-5
28.65,-0.00011482370596707846,7.706300298994933e-5
28.66,-0.00011589119053728919,7.427328906466765e-5
28.67,-0.00011694544735323696,7.148168743432644e-5
28.68,-0.0001179864176676529,6.868841487803608e-5
28.69,-0.00011901404403229308,6.589368801446147e-5
28.7,-0.00012002827029998882,6.30977232851091e-5
28.71,-0.00012102904162658926,6.030073693764282e-5
28.72,-0.00012201630447278195,5.750294500925116e-5
28.73,-0.00012299000660580066,5.470456331003404e-5
28.74,-0.00012395009710100942,5.190580740645242e-5
28.75,-0.00012489652634338163,4.910689260479548e-5
28.76,-0.00012582924602885218,4.6308033934713225e-5
28.77,-0.00012674820916555989,4.350944613277903e-5
28.78,-0.00012765337007497057,4.071134362609701e-5
28.79,-0.0001285446843928887,3.791394051596882e-5
28.8,-0.00012942210907034872,3.511745056159117e-5
28.81,-0.0001302856023743892,3.232208716381913e-5
28.82,-0.00013113512388872276,2.9528063348962566e-5
28.83,-0.0001319706345142736,2.6735591752650977e-5
28.84,-0.00013279209646961716,2.3944884603736948e-5
28.85,-0.00013359947329129405,2.1156153708263696e-5
28.86,-0.00013439272983401147,1.8369610433481974e-5
28.87,-0.0001351718322707358,1.5585465691921983e-5
28.88,-0.00013593674809265935,1.280392992553168e-5
28.89,-0.0001366874461090706,1.0025213089860091e-5
28.9,-0.0001374238964470915,7.249524638316563e-6
28.91,-0.00013814607055131519,4.477073506473123e-6
28.92,-0.00013885394118332692,1.7080680964463035e-6
28.93,-0.00013954748242110722,-1.057283738669315e-6
28.94,-0.0001402266696583327,-3.818774710301385e-6
28.95,-0.00014089147960355208,-6.576198109827736e-6
28.96,-0.00014154189027925873,-9.329347823947272e-6
28.97,-0.00014217788102085334,-1.2078018349973527e-5
28.98,-0.00014279943247548507,-1.4822004811068849e-5
28.99,-0.00014340652660079365,-1.75611029713974e-5
29.0,-0.00014399914666353002,-2.0295109251220177e-5
29.01,-0.00014457727723807512,-2.3023820741903195e-5
29.02,-0.00014514090420484453,-2.574703522086283e-5
29.03,-0.0001456900147485836,-2.8464551166436805e-5
29.04,-0.0001462245973565545,-3.117616777266844e-5
29.05,-0.00014674464181661535,-3.388168496402994e-5
29.06,-0.0001472501392151861,-3.658090341005321e-5
29.07,-0.0001477410819351121,-3.9273624539894554e-5
29.08,-0.00014821746365341828,-4.195965055680758e-5
29.09,-0.00014867927933895272,-4.463878445254837e-5
29.1,-0.0001491265252499287,-4.731083002168419e-5
29.11,-0.00014955919893135588,-4.997559187583148e-5
29.12,-0.00014997729921237008,-5.2632875457806916e-5
29.13,-0.00015038082620344898,-5.528248705568443e-5
29.14,-0.00015076978129353676,-5.792423381678311e-5
29.15,-0.00015114416714704938,-6.055792376154957e-5
29.16,-0.00015150398770078533,-6.318336579736985e-5
29.17,-0.00015184924816073097,-6.58003697322779e-5
29.18,-0.00015217995499875722,-6.84087462885821e-5
29.19,-0.00015249611594922224,-7.100830711640306e-5
29.2,-0.0001527977400054685,-7.35988648071093e-5
29.21,-0.00015308483741620848,-7.618023290667393e-5
29.22,-0.00015335741968183295,-7.875222592892328e-5
29.23,-0.0001536154995505891,-8.131465936870567e-5
29.24,-0.00015385909101468435,-8.386734971494991e-5
29.25,-0.00015408820930627325,-8.641011446364251e-5
29.26,-0.00015430287089335533,-8.894277213069268e-5
29.27,-0.00015450309347556912,-9.146514226471034e-5
29.28,-0.00015468889597989108,-9.397704545968235e-5
29.29,-0.00015486029855623802,-9.647830336754308e-5
29.3,-0.00015501732257296803,-9.896873871065408e-5
29.31,-0.00015515999061229186,-0.00010144817529417175
29.32,-0.00015528832646558366,-0.00010391643801832204
29.33,-0.00015540235512860031,-0.00010637335289056373
29.34,-0.00015550210279660293,-0.00010881874703765479
29.35,-0.00015558759685938776,-0.00011125244871760719
29.36,-0.0001556588658962242,-0.00011367428733153951
29.37,-0.00015571593967069586,-0.00011608409343542702
29.38,-0.0001557588491254569,-0.00011848169875173187
29.39,-0.00015578762637689065,-0.00012086693618094289
29.4,-0.00015580230470968017,-0.00012323963981298824
29.41,-0.0001558029185712921,-0.00012559964493855436
29.42,-0.00015578950356636643,-0.00012794678806028246
29.43,-0.00015576209645102004,-0.00013028090690386045
29.44,-0.00015572073512706348,-0.00013260184042900448
29.45,-0.00015566545863612442,-0.00013490942884031903
29.46,-0.0001555963071536977,-0.0001372035135980573
29.47,-0.0001555133219830943,-0.00013948393742875247
29.48,-0.00015541654554931508,-0.0001417505443357487
29.49,-0.000155306021392838,-0.00014400317960960415
29.5,-0.00015518179416331882,-0.0001462416898383903
29.51,-0.00015504390961321336,-0.00014846592291786414
29.52,-0.00015489241459131433,-0.00015067572806152667
29.53,-0.00015472735703620533,-0.00015287095581057044
29.54,-0.0001545487859696406,-0.00015505145804369452
29.55,-0.0001543567514898359,-0.00015721708798681504
29.56,-0.0001541513047646884,-0.0001593677002226438
29.57,-0.00015393249802491158,-0.00016150315070015793
29.58,-0.00015370038455709553,-0.00016362329674393544
29.59,-0.00015345501869669126,-0.00016572799706338485
29.6,-0.00015319645582091322,-0.0001678171117618384
29.61,-0.00015292475234157584,-0.00016989050234552983
29.62,-0.00015263996569784413,-0.00017194803173245233
29.63,-0.0001523421543489203,-0.00017398956426108284
29.64,-0.00015203137776665084,-0.00017601496569899367
29.65,-0.00015170769642806244,-0.00017802410325132802
29.66,-0.00015137117180782816,-0.00018001684556916096
29.67,-0.00015102186637066156,-0.0001819930627577279
29.68,-0.00015065984356364405,-0.00018395262638452777
29.69,-0.00015028516780847363,-0.0001858954094873037
29.7,-0.0001498979044936582,-0.0001878212865818898
29.71,-0.00014949811996663043,-0.00018973013366994072
29.72,-0.00014908588152580247,-0.00019162182824651876
29.73,-0.00014866125741255396,-0.00019349624930756876
29.74,-0.00014822431680315082,-0.00019535327735724955
29.75,-0.00014777512980060123,-0.0001971927944151494
29.76,-0.00014731376742645733,-0.00019901468402336124
29.77,-0.0001468403016125391,-0.00020081883125343115
29.78,-0.0001463548051926061,-0.00020260512271318536
29.79,-0.00014585735189396711,-0.0002043734465534094
29.8,-0.0001453480163290298,-0.00020612369247441286
29.81,-0.00014482687398678767,-0.00020785575173245147
29.82,-0.00014429400122425485,-0.00020956951714602704
29.83,-0.00014374947525783817,-0.00021126488310204298
29.84,-0.00014319337415465258,-0.00021294174556184267
29.85,-0.0001426257768237874,-0.000214600002067102
29.86,-0.0001420467630075093,-0.0002162395517455963
29.87,-0.00014145641327241684,-0.0002178602953168363
29.88,-0.00014085480900054048,-0.00021946213509755813
29.89,-0.00014024203238038836,-0.00022104497500709925
29.9,-0.00013961816639794487,-0.00022260872057262176
29.91,-0.00013898329482761414,-0.0002241532789342131
29.92,-0.00013833750222311906,-0.0002256785588498508
29.93,-0.00013768087390834494,-0.0002271844707002254
29.94,-0.00013701349596814325,-0.000228670926493443
29.95,-0.0001363354552390824,-0.00023013783986957538
29.96,-0.00013564683930015448,-0.00023158512610509113
29.97,-0.0001349477364634387,-0.0002330127021171421
29.98,-0.00013423823576471898,-0.0002344204864677157
29.99,-0.00013351842695405333,-0.00023580839936765597
30.0,-0.00013278840048631412,-0.00023717636268054515
30.01,-0.0001320482475116736,-0.00023852429992644956
30.02,-0.00013129805986605495,-0.00023985213628553183
30.03,-0.0001305379300615397,-0.00024115979860152856
30.04,-0.00012976795127674757,-0.00024244721538508446
30.05,-0.00012898821734715874,-0.00024371431681696293
30.06,-0.00012819882275542243,-0.00024496103475110523
30.07,-0.00012739986262160855,-0.0002461873027175695
30.08,-0.00012659143269343792,-0.00024739305592531976
30.09,-0.00012577362933647592,-0.00024857823126488946
30.1,-0.0001249465495242858,-0.0002497427673109005
30.11,-0.00012411029082855894,-0.00025088660432445194
30.12,-0.00012326495140920616,-0.00025200968425537093
30.13,-0.00012241063000442655,-0.000253111950744321
30.14,-0.00012154742592073914,-0.00025419334912479054
30.15,-0.00012067543902298862,-0.0002552538264249245
30.16,-0.00011979476972432642,-0.00025629333136923695
30.17,-0.00011890551897616021,-0.00025731181438017466
30.18,-0.00011800778825808139,-0.00025830922757955733
30.19,-0.0001171016795677646,-0.0002592855247898723
30.2,-0.00011618729541084575,-0.00026024066153543756
30.21,-0.00011526473879077512,-0.00026117459504342537
30.22,-0.00011433411319865158,-0.0002620872842447607
30.23,-0.0001133955226030298,-0.0002629786897748674
30.24,-0.00011244907143971204,-0.0002638487739742961
30.25,-0.00011149486460152155,-0.00026469750088920695
30.26,-0.00011053300742805106,-0.00026552483627171773
30.27,-0.00010956360569540203,-0.0002663307475801233
30.28,-0.00010858676560589818,-0.00026711520397897337
30.29,-0.00010760259377779544,-0.000267878176339021
30.3,-0.00010661119723496263,-0.0002686196372370324
30.31,-0.0001056126833965617,-0.00026933956095546904
30.32,-0.00010460716006670559,-0.0002700379234820279
30.33,-0.00010359473542411197,-0.00027071470250905497
30.34,-0.00010257551801173667,-0.00027136987743282153
30.35,-0.00010154961672640687,-0.00027200342935266875
30.36,-0.00010051714080843796,-0.00027261534107002013
30.37,-9.947819983124613e-5,-0.000273205597087259
30.38,-9.843290369095019e-5,-0.00027377418360647633
30.39,-9.738136259597187e-5,-0.00027432108852808797
30.4,-9.632368705662606e-5,-0.0002748463014493108
30.41,-9.525998787470717e-5,-0.00027534981366252325
30.42,-9.419037613307627e-5,-0.00027583161815348053
30.43,-9.311496318523822e-5,-0.00027629170959940594
30.44,-9.20338606449226e-5,-0.00027673008436695005
30.45,-9.094718037566348e-5,-0.0002771467405100217
30.46,-8.985503448037362e-5,-0.0002775416777674887
30.47,-8.875753529092872e-5,-0.0002779148975607461
30.48,-8.765479535774288e-5,-0.00027826640299115997
30.49,-8.654692743935706e-5,-0.0002785961988373802
30.5,-8.54340444920225e-5,-0.0002789042915525265
30.51,-8.431625965929474e-5,-0.00027919068926124526
30.52,-8.319368626162994e-5,-0.0002794554017566391
30.53,-8.206643778598796e-5,-0.000279698440497073
30.54,-8.093462787544326e-5,-0.00027991981860284935
30.55,-7.97983703188027e-5,-0.0002801195508527603
30.56,-7.86577790402349e-5,-0.0002802976536805116
30.57,-7.751296808890556e-5,-0.0002804541451710263
30.58,-7.636405162862668e-5,-0.0002805890450566174
30.59,-7.521114392751535e-5,-0.0002807023747130426
30.6,-7.405435934766793e-5,-0.0002807941571554328
30.61,-7.289381233484357e-5,-0.00028086441703409554
30.62,-7.172961740816336e-5,-0.0002809131806301984
30.63,-7.056188914982856e-5,-0.00028094047585133466
30.64,-6.939074219484653e-5,-0.00028094633222695305
30.65,-6.821629122078354e-5,-0.00028093078090368507
30.66,-6.703865093752464e-5,-0.00028089385464054035
30.67,-6.585793607706198e-5,-0.00028083558780398225
30.68,-6.467426138329584e-5,-0.0002807560163628903
30.69,-6.348774160185702e-5,-0.00028065517788339843
30.7,-6.229849146995405e-5,-0.00028053311152361876
30.71,-6.110662570623629e-5,-0.0002803898580282433
30.72,-5.9912259000685934e-5,-0.0002802254597230356
30.73,-5.871550600452832e-5,-0.0002800399605091981
30.74,-5.751648132017121e-5,-0.0002798334058576309
30.75,-5.631529949116416e-5,-0.00027960584280307054
30.76,-5.5112074992190324e-5,-0.0002793573199381178
30.77,-5.390692221908007e-5,-0.0002790878874071482
30.78,-5.269995547885267e-5,-0.0002787975969001124
30.79,-5.149128897979002e-5,-0.00027848650164622384
30.8,-5.028103682153606e-5,-0.0002781546564075309
30.81,-4.906931298522866e-5,-0.00027780211747238345
30.82,-4.7856231323659654e-5,-0.000277428942648785
30.83,-4.664190555147081e-5,-0.00027703519125763594
30.84,-4.542644923537831e-5,-0.00027662092412587033
30.85,-4.420997578443226e-5,-0.00027618620357947754
30.86,-4.299259844031072e-5,-0.0002757310934364277
30.87,-4.177443026764665e-5,-0.00027525565899947583
30.88,-4.055558414439431e-5,-0.00027475996704887166
30.89,-3.933617275222601e-5,-0.00027424408583495865
30.9,-3.8116308566973316e-5,-0.0002737080850706706
30.91,-3.689610384909865e-5,-0.00027315203592391925
30.92,-3.5675670634212734e-5,-0.0002725760110098873
30.93,-3.4455120723626965e-5,-0.0002719800843832064
30.94,-3.323456567494412e-5,-0.00027136433153005185
30.95,-3.2014116792697904e-5,-0.00027072882936011447
30.96,-3.0793885119024334e-5,-0.000270073656198494
30.97,-2.957398142438455e-5,-0.0002693988917774753
30.98,-2.8354516198322097e-5,-0.00026870461722821465
30.99,-2.7135599640271875e-5,-0.0002679909150723291
31.0,-2.5917341650407722e-5,-0.0002672578692133864
31.01,-2.469985182053916e-5,-0.00026650556492830026
31.02,-2.348323942505171e-5,-0.00026573408885862716
31.03,-2.2267613411893764e-5,-0.0002649435290017716
31.04,-2.1053082393613386e-5,-0.00026413397470210055
31.05,-1.983975463843972e-5,-0.00026330551664195554
31.06,-1.862773806141674e-5,-0.0002624582468325891
31.07,-1.741714021558144e-5,-0.0002615922586049877
31.08,-1.620806828319801e-5,-0.00026070764660062753
31.09,-1.5000629067037255e-5,-0.0002598045067621278
31.1,-1.3794928981711095e-5,-0.0002588829363238119
31.11,-1.2591074045058293e-5,-0.0002579430338021997
31.12,-1.1389169869580366e-5,-0.0002569848989863887
31.13,-1.0189321653934978e-5,-0.00025600863292836944
31.14,-8.99163417447901e-6,-0.0002550143379332465
31.15,-7.796211776870876e-6,-0.0002540021175493757
31.16,-6.6031583677220905e-6,-0.0002529720765584198
31.17,-5.4125774063109145e-6,-0.00025192432096532576
31.18,-4.224571896348821e-6,-0.000250858957988212
31.19,-3.03924437780235e-6,-0.0002497760960481868
31.2,-1.8566969187792502e-6,-0.0002486758447590728
31.21,-6.770311074630398e-7,-0.0002475583149170675
31.22,4.996519558825308e-7,-0.00024642361849031827
31.23,1.673251666859432e-6,-0.0002452718686084221
31.24,2.843667924814419e-6,-0.00024410317955185103
31.25,4.010801140663312e-6,-0.00024291766674130048
31.26,5.1745522446473665e-6,-0.00024171544672696573
31.27,6.3348226940351115e-6,-0.0002404966371777477
31.28,7.491514480756277e-6,-0.00023926135687038098
31.29,8.644530138976948e-6,-0.00023800972567849702
31.3,9.793772752610003e-6,-0.0002367418645616147
31.31,1.093914596275947e-5,-0.00023545789555406223
31.32,1.208055397510544e-5,-0.0002341579417538304
31.33,1.321790156721791e-5,-0.00023284212731136198
31.34,1.4351094095813439e-5,-0.00023151057741826965
31.35,1.5480037503936067e-5,-0.00023016341829600037
31.36,1.660463832808054e-5,-0.00022880077718441432
31.37,1.772480370524438e-5,-0.0002274227823303286
31.38,1.88404413799119e-5,-0.0002260295629759787
31.39,1.995145971097386e-5,-0.00022462124934742047
31.4,2.1057767678575353e-5,-0.00022319797264288855
31.41,2.2159274890898085e-5,-0.00022175986502107376
31.42,2.3255891590869466e-5,-0.00022030705958936037
31.43,2.4347528662806995e-5,-0.00021883969039199395
31.44,2.543409763898859e-5,-0.00021735789239820427
31.45,2.6515510706153016e-5,-0.0002158618014902645
31.46,2.7591680711932223e-5,-0.00021435155445150017
31.47,2.866252117120799e-5,-0.00021282728895424658
31.48,2.9727946272401235e-5,-0.00021128914354775452
31.49,3.078787088368416e-5,-0.0002097372576460421
31.5,3.184221055912536e-5,-0.0002081717715156975
31.51,3.28908815447569e-5,-0.0002065928262636394
31.52,3.393380078457142e-5,-0.00020500056382482247
31.53,3.497088592644298e-5,-0.00020339512694989638
31.54,3.600205532797823e-5,-0.0002017766591928282
31.55,3.7027228062285355e-5,-0.00020014530489846744
31.56,3.8046323923675644e-5,-0.00019850120919008037
31.57,3.905926343328772e-5,-0.00019684451795683058
31.58,4.006596784463213e-5,-0.00019517537784123013
31.59,4.1066359149067395e-5,-0.00019349393622653758
31.6,4.2060360081192044e-5,-0.00019180034122412987
31.61,4.3047894124166914e-5,-0.0001900947416608277
31.62,4.402888551495604e-5,-0.0001883772870661829
31.63,4.500325924949227e-5,-0.00018664812765973723
31.64,4.597094108776576e-5,-0.00018490741433824118
31.65,4.693185755883292e-5,-0.00018315529866283882
31.66,4.788593596575037e-5,-0.000181391932846222
31.67,4.8833104390425684e-5,-0.00017961746973975217
31.68,4.977329169839548e-5,-0.00017783206282055242
31.69,5.070642754352141e-5,-0.00017603586617856413
31.7,5.1632442372606655e-5,-0.0001742290345035869
31.71,5.255126742993383e-5,-0.00017241172307227862
31.72,5.3462834761723196e-5,-0.00017058408773513935
31.73,5.4367077220513874e-5,-0.00016874628490346055
31.74,5.526392846945618e-5,-0.00016689847153625924
31.75,5.615332298653912e-5,-0.00016504080512718221
31.76,5.703519606871883e-5,-0.00016317344369139237
31.77,5.790948383598122e-5,-0.0001612965457524319
31.78,5.8776123235318e-5,-0.00015941027032906712
31.79,5.963505204462001e-5,-0.00015751477692211137
31.8,6.048620887649218e-5,-0.00015561022550123366
31.81,6.132953318198544e-5,-0.00015369677649175229
31.82,6.21649652542499e-5,-0.00015177459076140515
31.83,6.299244623209993e-5,-0.00014984382960711424
31.84,6.381191810350589e-5,-0.00014790465474172907
31.85,6.462332370899622e-5,-0.00014595722828076612
31.86,6.542660674498365e-5,-0.0001440017127291307
31.87,6.622171176700361e-5,-0.0001420382709678261
31.88,6.70085841928724e-5,-0.00014006706624066428
31.89,6.778717030576588e-5,-0.0001380882621409569
31.9,6.855741725720793e-5,-0.00013610202259820847
31.91,6.931927306998772e-5,-0.00013410851186479393
31.92,7.007268664098191e-5,-0.00013210789450264263
31.93,7.081760774389888e-5,-0.00013010033536990943
31.94,7.155398703194623e-5,-0.00012808599960764425
31.95,7.228177604040439e-5,-0.0001260650526264679
31.96,7.300092718912212e-5,-0.00012403766009323446
31.97,7.371139378493278e-5,-0.0001220039879177056
31.98,7.44131300239796e-5,-0.00011996420223921771
31.99,7.510609099396208e-5,-0.00011791846941335936
32.0,7.57902326763012e-5,-0.00011586695599864414
32.01,7.646551194821492e-5,-0.00011380982874319723
32.02,7.71318865847178e-5,-0.00011174725457143427
32.03,7.778931526052952e-5,-0.00010967940057076828
32.04,7.843775755190537e-5,-0.00010760643397829773
32.05,7.907717393838415e-5,-0.0001055285221675247
32.06,7.970752580444751e-5,-0.00010344583263507254
32.07,8.032877544110068e-5,-0.00010135853298742159
32.08,8.094088604736615e-5,-9.926679092764386e-5
32.09,8.154382173169975e-5,-9.71707742421644e-5
32.1,8.213754751331542e-5,-9.507065078753424e-5
32.11,8.272202932343318e-5,-9.29665884772073e-5
32.12,8.32972340064419e-5,-9.085875526834651e-5
32.13,8.386312932098092e-5,-8.874731914863854e-5
32.14,8.441968394093032e-5,-8.663244812313661e-5
32.15,8.496686745633357e-5,-8.451431020110602e-5
32.16,8.550465037421965e-5,-8.239307338290467e-5
32.17,8.603300411935896e-5,-8.026890564687772e-5
32.18,8.655190103492146e-5,-7.814197493627945e-5
32.19,8.706131438306289e-5,-7.601244914620752e-5
32.2,8.756121834542689e-5,-7.388049611057145e-5
32.21,8.805158802355918e-5,-7.174628358908966e-5
32.22,8.853239943924601e-5,-6.960997925429277e-5
32.23,8.900362953476728e-5,-6.747175067857828e-5
32.24,8.946525617306591e-5,-6.5331765321275e-5
32.25,8.991725813783981e-5,-6.319019051575238e-5
32.26,9.035961513354932e-5,-6.104719345654022e-5
32.27,9.079230778534652e-5,-5.890294118649576e-5
32.28,9.121531763891429e-5,-5.6757600584000845e-5
32.29,9.162862716023645e-5,-5.461133835018076e-5
32.3,9.20322197352789e-5,-5.246432099616818e-5
32.31,9.242607966959072e-5,-5.031671483039754e-5
32.32,9.281019218782516e-5,-4.8168685945940386e-5
32.33,9.31845434331854e-5,-4.602040020786383e-5
32.34,9.354912046678032e-5,-4.3872023240641246e-5
32.35,9.390391126691013e-5,-4.172372041559982e-5
32.36,9.424890472826095e-5,-3.957565683839504e-5
32.37,9.45840906610363e-5,-3.7427997336540054e-5
32.38,9.490945978998908e-5,-3.528090644696813e-5
32.39,9.522500375339185e-5,-3.3134548403646704e-5
32.4,9.55307151019198e-5,-3.09890871252174e-5
32.41,9.582658729745238e-5,-2.8844686202698627e-5
32.42,9.611261471180827e-5,-2.6701508887221266e-5
32.43,9.638879262538564e-5,-2.4559718077820705e-5
32.44,9.665511722574387e-5,-2.2419476309260435e-5
32.45,9.691158560608829e-5,-2.028094573991711e-5
32.46,9.71581957636914e-5,-1.8144288139713266e-5
32.47,9.739494659823369e-5,-1.600966487808735e-5
32.48,9.762183791006301e-5,-1.3877236912028047e-5
32.49,9.78388703983856e-5,-1.174716477415178e-5
32.5,9.804604565937137e-5,-9.619608560839634e-6
32.51,9.824336618419567e-5,-7.494727920415095e-6
32.52,9.84308353569925e-5,-5.372682041385693e-6
32.53,9.860845745274176e-5,-3.253629640741972e-6
32.54,9.87762376350807e-5,-1.1377289522966518e-6
32.55,9.893418195403354e-5,9.748622849029026e-7
32.56,9.908229734367849e-5,3.0839868381168333e-6
32.57,9.922059161972968e-5,5.189487992385046e-6
32.58,9.934907347705564e-5,7.291209561957569e-6
32.59,9.946775248711942e-5,9.388995901651896e-6
32.6,9.957663909534073e-5,1.1482691918148275e-5
32.61,9.967574461840204e-5,1.3572143081238174e-5
32.62,9.976508124146435e-5,1.5657195434997e-5
32.63,9.984466201532142e-5,1.7737695608900975e-5
32.64,9.99145008534842e-5,1.9813490828872952e-5
32.65,9.997461252918727e-5,2.1884428928277136e-5
32.66,0.00010002501267232916,2.3950358358836796e-5
32.67,0.00010006571776634722,2.601112820149089e-5
32.68,0.00010009674514501291,2.8066588177179052e-5
32.69,0.00010011811298916508,3.011658865757154e-5
32.7,0.0001001298403233716,3.216098067571878e-5
32.71,0.00010013194701252766,3.4199615936631616e-5
32.72,0.00010012445375837653,3.623234682780588e-5
32.73,0.00010010738209597274,3.825902642966032e-5
32.74,0.00010008075439007283,4.027950852591501e-5
32.75,0.00010004459383146266,4.2293647613887155e-5
32.76,9.999892443321243e-5,4.430129891472866e-5
32.77,9.99437710268742e-5,4.630231838357956e-5
32.78,9.987915925861188e-5,4.829656271964569e-5
32.79,9.980511558525886e-5,5.028388937621682e-5
32.8,9.972166727032609e-5,5.226415657059217e-5
32.81,9.962884237993028e-5,5.4237223293942055e-5
32.82,9.95266697786715e-5,5.620294932108226e-5
32.83,9.941517912543978e-5,5.816119522018679e-5
32.84,9.929440086916562e-5,6.0111822362408396e-5
32.85,9.916436624450192e-5,6.205469293142198e-5
32.86,9.902510726745307e-5,6.398966993290268e-5
32.87,9.887665673093367e-5,6.591661720390654e-5
32.88,9.87190482002741e-5,6.783539942218346e-5
32.89,9.855231600866303e-5,6.974588211539787e-5
32.9,9.83764952525333e-5,7.164793167028382e-5
32.91,9.819162178688321e-5,7.354141534170144e-5
32.92,9.799773222054742e-5,7.54262012616229e-5
32.93,9.779486391140416e-5,7.730215844802259e-5
32.94,9.75830549615274e-5,7.91691568137006e-5
32.95,9.736234421228279e-5,8.102706717500706e-5
32.96,9.71327712393664e-5,8.287576126048322e-5
32.97,9.689437634778896e-5,8.471511171942763e-5
32.98,9.664720056680227e-5,8.65449921303644e-5
32.99,9.639128564477597e-5,8.836527700943137e-5
33.0,9.612667404401751e-5,9.017584181867481e-5
33.01,9.585340893553756e-5,9.197656297426771e-5
33.02,9.557153419376268e-5,9.376731785462946e-5
33.03,9.528109439120126e-5,9.554798480845715e-5
33.04,9.498213479304936e-5,9.731844316267782e-5
33.05,9.467470135175226e-5,9.907857323030014e-5
33.06,9.435884070150953e-5,0.00010082825631818126
33.07,9.403460015274017e-5,0.0001025673747346988
33.08,9.370202768648266e-5,0.00010429581179734051
33.09,9.336117194876206e-5,0.0001060134518401946
33.1,9.301208224489812e-5,0.00010772018022134442
33.11,9.265480853377429e-5,0.00010941588333018772
33.12,9.228940142204708e-5,0.00011110044859464283
33.13,9.191591215832408e-5,0.0001127737644882762
33.14,9.153439262728986e-5,0.00011443572053732489
33.15,9.114489534377845e-5,0.00011608620732763874
33.16,9.074747344681595e-5,0.00011772511651151366
33.17,9.034218069360656e-5,0.00011935234081444269
33.18,8.992907145348608e-5,0.0001209677740417561
33.19,8.95082007018197e-5,0.00012257131108518767
33.2,8.907962401387294e-5,0.00012416284792932615
33.21,8.86433975586276e-5,0.0001257422816579743
33.22,8.819957809256251e-5,0.00012730951046042202
33.23,8.774822295339675e-5,0.00012886443363760834
33.24,8.72893900537885e-5,0.00013040695160819717
33.25,8.682313787499577e-5,0.00013193696591454142
33.26,8.63495254604991e-5,0.00013345437922856945
33.27,8.586861240959044e-5,0.00013495909535755644
33.28,8.53804588709168e-5,0.00013645101924979934
33.29,8.488512553599308e-5,0.00013793005700020257
33.3,8.438267363268062e-5,0.00013939611585575475
33.31,8.387316491862498e-5,0.0001408491042209105
33.32,8.335666167466233e-5,0.00014228893166286843
33.33,8.283322669819206e-5,0.00014371550891675687
33.34,8.230292329651437e-5,0.0001451287478907126
33.35,8.176581528013706e-5,0.0001465285616708577
33.36,8.122196695605189e-5,0.0001479148645261858
33.37,8.067144312097253e-5,0.00014928757191333544
33.38,8.011430905454998e-5,0.00015064660048127185
33.39,7.955063051255561e-5,0.00015199186807585675
33.4,7.898047372002922e-5,0.00015332329374432975
33.41,7.840390536440821e-5,0.00015464079773967927
33.42,7.782099258861948e-5,0.0001559443015249125
33.43,7.723180298415112e-5,0.0001572337277772214
33.44,7.663640458409076e-5,0.00015850900039205768
33.45,7.60348658561442e-5,0.00015977004448709003
33.46,7.542725569562466e-5,0.00016101678640606645
33.47,7.481364341841794e-5,0.00016224915372257628
33.48,7.419409875392226e-5,0.00016346707524370519
33.49,7.356869183797028e-5,0.0001646704810135883
33.5,7.293749320572136e-5,0.00016585930231685736
33.51,7.230057378453534e-5,0.00016703347168199375
33.52,7.16580048868236e-5,0.00016819292288456822
33.53,7.100985820288224e-5,0.00016933759095038025
33.54,7.035620579370135e-5,0.0001704674121584987
33.55,6.969712008375551e-5,0.00017158232404419324
33.56,6.903267385377878e-5,0.000172682265401763
33.57,6.836294023351958e-5,0.00017376717628726432
33.58,6.768799269447455e-5,0.00017483699802113263
33.59,6.700790504261402e-5,0.00017589167319070374
33.6,6.632275141108252e-5,0.00017693114565262393
33.61,6.563260625289017e-5,0.00017795536053516535
33.62,6.493754433358662e-5,0.0001789642642404316
33.63,6.423764072392077e-5,0.00017995780444646407
33.64,6.353297079248995e-5,0.00018093593010923522
33.65,6.282361019837136e-5,0.00018189859146455482
33.66,6.210963488374686e-5,0.0001828457400298522
33.67,6.139112106651223e-5,0.00018377732860587297
33.68,6.066814523288059e-5,0.00018469331127825725
33.69,5.99407841299684e-5,0.0001855936434190257
33.7,5.920911475837884e-5,0.000186478281687956
33.71,5.847321436477546e-5,0.00018734718403385498
33.72,5.773316043444472e-5,0.00018820030969573148
33.73,5.698903068385262e-5,0.00018903761920386442
33.74,5.6240903053196204e-5,0.00018985907438076325
33.75,5.548885569894886e-5,0.0001906646383420308
33.76,5.473296698639682e-5,0.00019145427549712118
33.77,5.397331548217612e-5,0.00019222795154999413
33.78,5.320997994680212e-5,0.0001929856334996651
33.79,5.244303932719557e-5,0.00019372728964065682
33.8,5.1672572749209736e-5,0.00019445288956334306
33.81,5.0898659510149806e-5,0.0001951624041541953
33.82,5.012137907129627e-5,0.00019585580559591776
33.83,4.934081105042587e-5,0.0001965330673674953
33.84,4.8557035214328445e-5,0.00019719416424412634
33.85,4.7770131471333384e-5,0.00019783907229705452
33.86,4.698017986382809e-5,0.00019846776889330858
33.87,4.6187260560783104e-5,0.0001990802326953319
33.88,4.539145385028032e-5,0.0001996764436605109
33.89,4.459284013204421e-5,0.00020025638304061016
33.9,4.379149990997207e-5,0.0002008200333810951
33.91,4.2987513784676804e-5,0.00020136737852036494
33.92,4.218096244602918e-5,0.0002018984035888788
33.93,4.137192666570918e-5,0.00020241309500818069
33.94,4.056048728976006e-5,0.00020291144048983282
33.95,3.974672523115281e-5,0.00020339342903423707
33.96,3.893072146236085e-5,0.00020385905092936752
33.97,3.811255700793392e-5,0.00020430829774939824
33.98,3.7292312937091796e-5,0.0002047411623532332
33.99,3.6470070356320137e-5,0.000205157638882941
34.0,3.56459104019824e-5,0.0002055577227620807
34.01,3.481991423293652e-5,0.00020594141069394547
34.02,3.399216302316811e-5,0.00020630870065969537
34.03,3.316273795443565e-5,0.0002066595919163972
34.04,3.2331720208923836e-5,0.0002069940849949689
34.05,3.149919096191688e-5,0.0002073121816980264
34.06,3.066523137448023e-5,0.00020761388509763087
34.07,2.9829922586163663e-5,0.00020789919953294062
34.08,2.899334570771019e-5,0.0002081681306077739
34.09,2.8155581813789676e-5,0.000208420685188067
34.1,2.731671193574735e-5,0.0002086568713992426
34.11,2.647681705436323e-5,0.00020887669862348072
34.12,2.5635978092637777e-5,0.0002090801774968988
34.13,2.4794275908590202e-5,0.00020926731990663578
34.14,2.395179128808002e-5,0.00020943813898783613
34.15,2.310860493764288e-5,0.0002095926491205571
34.16,2.2264797477351434e-5,0.0002097308659265648
34.17,2.1420449433694394e-5,0.0002098528062660522
34.18,2.0575641232480043e-5,0.00020995848823425245
34.19,1.9730453191754312e-5,0.00021004793115797347
34.2,1.8884965514752036e-5,0.00021012115559203257
34.21,1.8039258282862794e-5,0.00021017818331560133
34.22,1.7193411448623205e-5,0.00021021903732846507
34.23,1.634750482873455e-5,0.00021024374184718656
34.24,1.5501618097104193e-5,0.00021025232230118728
34.25,1.465583077791345e-5,0.00021024480532872905
34.26,1.3810222238708588e-5,0.0002102212187728206
34.27,1.2964871683521332e-5,0.00021018159167702274
34.28,1.2119858146017119e-5,0.0002101259542811789
34.29,1.1275260482666356e-5,0.00021005433801704875
34.3,1.0431157365949082e-5,0.00020996677550385917
34.31,9.5876272775844e-6,0.0002098633005437707
34.32,8.74474850179434e-6,0.00020974394811725195
34.33,7.902599118590057e-6,0.00020960875437838367
34.34,7.061256997094056e-6,0.00020945775665005552
34.35,6.220799788894674e-6,0.00020929099341910267
34.36,5.381304921424453e-6,0.00020910850433134134
34.37,4.542849591378e-6,0.00020891033018653277
34.38,3.705510758158367e-6,0.00020869651293325427
34.39,2.869365137359799e-6,0.00020846709566370094
34.4,2.0344891942782276e-6,0.0002082221226083948
34.41,1.2009591374622148e-6,0.00020796163913081842
34.42,3.688509122933583e-7,0.0002076856917219705
34.43,-4.6175980539261153e-7,0.00020739432799483617
34.44,-1.290797615657175e-6,0.0002070875966787814
34.45,-2.118187400767456e-6,0.00020676554761387038
34.46,-2.9438543314681195e-6,0.00020642823174510144
34.47,-3.7677238732235015e-6,0.00020607570111656954
34.48,-4.589721792414171e-6,0.00020570800886554765
34.49,-5.409774162499387e-6,0.00020532520921649657
34.5,-6.227807370139354e-6,0.00020492735747499428
34.51,-7.043748121281627e-6,0.00020451451002159764
34.52,-7.857523447205509e-6,0.00020408672430561868
34.53,-8.669060710524603e-6,0.00020364405883884198
34.54,-9.478287611155774e-6,0.00020318657318915307
34.55,-1.0285132192240421e-5,0.00020271432797410756
34.56,-1.108952284602825e-5,0.00020222738485441827
34.57,-1.1891388319717312e-5,0.00020172580652738262
34.58,-1.269065772125468e-5,0.00020120965672022593
34.59,-1.3487260525092986e-5,0.00020067900018338463
34.6,-1.428112657790096e-5,0.0002001339026837193
34.61,-1.5072186104238549e-5,0.00019957443099765296
34.62,-1.58603697121789e-5,0.0001990006529042489
34.63,-1.6645608398893447e-5,0.00019841263717821614
34.64,-1.7427833556186268e-5,0.0001978104535828517
34.65,-1.82069769759903e-5,0.0001971941728629139
34.66,-1.8982970855811724e-5,0.00019656386673743095
34.67,-1.9755747804131646e-5,0.00019591960789244945
34.68,-2.0525240845759915e-5,0.00019526146997371222
34.69,-2.129138342714623e-5,0.00019458952757927704
34.7,-2.2054109421639104e-5,0.0001939038562520698
34.71,-2.2813353134698065e-5,0.00019320453247238575
34.72,-2.3569049309063987e-5,0.0001924916336503093
34.73,-2.4321133129873095e-5,0.00019176523811809725
34.74,-2.5069540229728743e-5,0.0001910254251224841
34.75,-2.5814206693719124e-5,0.0001902722748169413
34.76,-2.6555069064391354e-5,0.00018950586825386217
34.77,-2.7292064346671673e-5,0.00018872628737671114
34.78,-2.8025130012736268e-5,0.00018793361501209704
34.79,-2.875420400683467e-5,0.00018712793486179622
34.8,-2.9479224750058984e-5,0.00018630933149472762
34.81,-3.0200131145064232e-5,0.00018547789033886126
34.82,-3.0916862580736303e-5,0.0001846336976730816
34.83,-3.162935893681071e-5,0.0001837768406189937
34.84,-3.2337560588435426e-5,0.0001829074071326762
34.85,-3.304140841068446e-5,0.00018202548599638858
34.86,-3.374084378301935e-5,0.00018113116681021726
34.87,-3.4435808593695755e-5,0.00018022453998368078
34.88,-3.512624524411725e-5,0.00017930569672728217
34.89,-3.581209665313681e-5,0.00017837472904401054
34.9,-3.649330626130529e-5,0.00017743172972079597
34.91,-3.7169818035062224e-5,0.00017647679231992054
34.92,-3.784157647087793e-5,0.00017551001117037716
34.93,-3.8508526599334476e-5,0.00017453148135918752
34.94,-3.917061398915897e-5,0.00017354129872267077
34.95,-3.9827784751197445e-5,0.00017253955983767314
34.96,-4.047998554233003e-5,0.0001715263620127494
34.97,-4.1127163569342974e-5,0.00017050180327930395
34.98,-4.176926659272938e-5,0.00016946598238269065
34.99,-4.240624293044534e-5,0.00016841899877326766
35.0,-4.3038041461603496e-5,0.00016736095259742197
35.01,-4.366461163011392e-5,0.00016629194468853822
35.02,-4.428590344826735e-5,0.00016521207655794458
35.03,-4.490186750025791e-5,0.00016412145038581164
35.04,-4.551245494565587e-5,0.0001630201690120168
35.05,-4.6117617522813496e-5,0.0001619083359269727
35.06,-4.6717307552226864e-5,0.0001607860552624159
35.07,-4.7311477939822005e-5,0.00015965343178217148
35.08,-4.7900082180201004e-5,0.0001585105708728673
35.09,-4.8483074359818036e-5,0.00015735757853463063
35.1,-4.906040916010146e-5,0.0001561945613717437
35.11,-4.963204186051783e-5,0.00015502162658326935
35.12,-5.0197928341576186e-5,0.0001538388819536453
35.13,-5.075802508777518e-5,0.00015264643584325048
35.14,-5.1312289190485536e-5,0.00015144439717894317
35.15,-5.186067835078389e-5,0.00015023287544456234
35.16,-5.240315088221528e-5,0.00014901198067141227
35.17,-5.293966571350851e-5,0.00014778182342871314
35.18,-5.347018239122023e-5,0.00014654251481403054
35.19,-5.399466108232838e-5,0.0001452941664436729
35.2,-5.451306257676025e-5,0.00014403689044307006
35.21,-5.502534828986391e-5,0.00014277079943713234
35.22,-5.5531480264819166e-5,0.00014149600654057002
35.23,-5.6031421174986115e-5,0.00014021262534821176
35.24,-5.652513432619597e-5,0.00013892076992528635
35.25,-5.7012583658979955e-5,0.00013762055479769422
35.26,-5.749373375074062e-5,0.00013631209494225003
35.27,-5.796854981785685e-5,0.00013499550577691325
35.28,-5.8436997717736276e-5,0.0001336709031510007
35.29,-5.8899043950800525e-5,0.00013233840333537637
35.3,-5.935465566241069e-5,0.00013099812301262898
35.31,-5.980380064473659e-5,0.00012965017926723586
35.32,-6.024644733855898e-5,0.0001282946895757082
35.33,-6.068256483501619e-5,0.00012693177179672147
35.34,-6.111212287728499e-5,0.000125561544161237
35.35,-6.153509186220525e-5,0.0001241841252626105
35.36,-6.195144284183885e-5,0.00012279963404668353
35.37,-6.236114752497288e-5,0.00012140818980187126
35.38,-6.276417827855621e-5,0.00012000991214923454
35.39,-6.31605081290782e-5,0.00011860492103255161
35.4,-6.355011076388621e-5,0.00011719333670836731
35.41,-6.393296053244083e-5,0.00011577527973604717
35.42,-6.43090324475106e-5,0.0001143508709678199
35.43,-6.46783021863059e-5,0.00011292023153881618
35.44,-6.504074609154957e-5,0.00011148348285709643
35.45,-6.539634117249166e-5,0.00011004074659368092
35.46,-6.574506510585536e-5,0.00010859214467257529
35.47,-6.608689623672975e-5,0.00010713779926078887
35.48,-6.64218135793951e-5,0.00010567783275835393
35.49,-6.674979681809109e-5,0.00010421236778834618
35.5,-6.707082630772142e-5,0.00010274152718690246
35.51,-6.738488307450183e-5,0.0001012654339932363
35.52,-6.769194881654e-5,9.978421143965755e-5
35.53,-6.799200590436213e-5,9.829798294159931e-5
35.54,-6.82850373813747e-5,9.680687208763455e-5
35.55,-6.857102696426499e-5,9.531100262950738e-5
35.56,-6.884995904334226e-5,9.381049847216465e-5
35.57,-6.912181868281974e-5,9.230548366379622e-5
35.58,-6.938659162103325e-5,9.0796082385873e-5
35.59,-6.964426427060175e-5,8.928241894319841e-5
35.6,-6.989482371852494e-5,8.776461775397015e-5
35.61,-7.013825772622396e-5,8.624280333983879e-5
35.62,-7.037455472952039e-5,8.471710031598712e-5
35.63,-7.060370383855248e-5,8.318763338121144e-5
35.64,-7.082569483763643e-5,8.165452730802235e-5
35.65,-7.104051818506483e-5,8.011790693274325e-5
35.66,-7.124816501284538e-5,7.857789714563282e-5
35.67,-7.144862712638264e-5,7.703462288101685e-5
35.68,-7.16418970040957e-5,7.548820910743321e-5
35.69,-7.182796779698058e-5,7.393878081778739e-5
35.7,-7.200683332811295e-5,7.238646301952941e-5
35.71,-7.21784880920889e-5,7.083138072484712e-5
35.72,-7.234292725441083e-5,6.927365894086736e-5
35.73,-7.250014665081275e-5,6.771342265988297e-5
35.74,-7.265014278652536e-5,6.615079684959432e-5
35.75,-7.279291283548483e-5,6.458590644337475e-5
35.76,-7.29284546394852e-5,6.301887633054264e-5
35.77,-7.30567667072673e-5,6.144983134667037e-5
35.78,-7.317784821355554e-5,5.9878896263904895e-5
35.79,-7.329169899803193e-5,5.830619578130877e-5
35.8,-7.339831956425694e-5,5.6731854515228274e-5
35.81,-7.349771107853074e-5,5.5155996989683556e-5
35.82,-7.358987536869692e-5,5.3578747626785276e-5
35.83,-7.367481492289272e-5,5.200023073716672e-5
35.84,-7.375253288823687e-5,5.042057051045095e-5
35.85,-7.382303306946564e-5,4.8839891005744295e-5
35.86,-7.388631992750982e-5,4.7258316142146736e-5
35.87,-7.394239857801953e-5,4.56759696892999e-5
35.88,-7.399127478982863e-5,4.409297525795752e-5
35.89,-7.403295498336489e-5,4.250945629059288e-5
35.9,-7.40674462290058e-5,4.092553605202054e-5
35.91,-7.409475624538099e-5,3.934133762006522e-5
35.92,-7.411489339761419e-5,3.775698387624916e-5
35.93,-7.412786669551522e-5,3.6172597496523075e-5
35.94,-7.413368579171754e-5,3.4588300942015125e-5
35.95,-7.41323609797594e-5,3.3004216449822344e-5
35.96,-7.412390319211052e-5,3.14204660238401e-5
35.97,-7.410832399815051e-5,2.9837171425610106e-5
35.98,-7.408563560208592e-5,2.8254454165220003e-5
35.99,-7.405585084082361e-5,2.6672435492227808e-5
36.0,-7.40189831817787e-5,2.5091236386632264e-5
36.01,-7.397504672064785e-5,2.351097754986681e-5
36.02,-7.39240561791099e-5,2.1931779395843797e-5
36.03,-7.386602690249025e-5,2.0353762042034228e-5
36.04,-7.380097485736862e-5,1.8777045300578643e-5
36.05,-7.372891662913032e-5,1.720174866944772e-5
36.06,-7.364986941947577e-5,1.5627991323636106e-5
36.07,-7.356385104387151e-5,1.4055892106405245e-5
36.08,-7.347087992895645e-5,1.2485569520554712e-5
36.09,-7.337097510989113e-5,1.0917141719746512e-5
36.1,-7.3264156227667e-5,9.350726499872419e-6
36.11,-7.315044352635581e-5,7.78644129045437e-6
36.12,-7.302985785031628e-5,6.224403146099401e-6
36.13,-7.29024206413526e-5,4.664728737993006e-6
36.14,-7.27681539358183e-5,3.1075343454444025e-6
36.15,-7.262708036167754e-5,1.5529358474656143e-6
36.16,-7.24792231355189e-5,1.04871440886048e-9
36.17,-7.23246060595149e-5,-1.5480120003566823e-6
36.18,-7.216325351834348e-5,-3.094131668712639e-6
36.19,-7.199519047605754e-5,-4.6371960960244255e-6
36.2,-7.182044247290678e-5,-6.177091529313465e-6
36.21,-7.16390356221168e-5,-7.713704665381493e-6
36.22,-7.145099660662187e-5,-9.246922658894981e-6
36.23,-7.12563526757514e-5,-1.0776633130407612e-5
36.24,-7.105513164187019e-5,-1.2302724174339236e-5
36.25,-7.084736187697711e-5,-1.3825084366896899e-5
36.26,-7.06330723092594e-5,-1.534360277395365e-5
36.27,-7.041229241959885e-5,-1.6858168958867635e-5
36.28,-7.018505223803732e-5,-1.836867299024532e-5
36.29,-6.995138234020321e-5,-1.9875005449662618e-5
36.3,-6.97113138436878e-5,-2.1377057439321554e-5
36.31,-6.946487840438171e-5,-2.2874720589656973e-5
36.32,-6.9212108212775e-5,-2.4367887066884478e-5
36.33,-6.895303599020684e-5,-2.5856449580501382e-5
36.34,-6.868769498508034e-5,-2.734030139072207e-5
36.35,-6.841611896903348e-5,-2.8819336315859323e-5
36.36,-6.813834223307276e-5,-3.029344873965402e-5
36.37,-6.785439958366377e-5,-3.176253361854129e-5
36.38,-6.756432633878283e-5,-3.3226486488861575e-5
36.39,-6.726815832393242e-5,-3.468520347400885e-5
36.4,-6.69659318681143e-5,-3.613858129152956e-5
36.41,-6.665768379976531e-5,-3.758651726015153e-5
36.42,-6.634345144265583e-5,-3.902890930676184e-5
36.43,-6.602327261175396e-5,-4.046565597331321e-5
36.44,-6.5697185609044e-5,-4.1896656423685414e-5
36.45,-6.536522921931857e-5,-4.332181045047251e-5
36.46,-6.502744270592799e-5,-4.474101848171088e-5
36.47,-6.468386580649649e-5,-4.615418158755301e-5
36.48,-6.433453872860084e-5,-4.7561201486868396e-5
36.49,-6.397950214541781e-5,-4.896198055379063e-5
36.5,-6.361879719133474e-5,-5.0356421824189806e-5
36.51,-6.325246545752723e-5,-5.174442900209798e-5
36.52,-6.288054898749902e-5,-5.312590646605564e-5
36.53,-6.250309027259942e-5,-5.450075927539783e-5
36.54,-6.212013224749522e-5,-5.586889317648187e-5
36.55,-6.17317182856194e-5,-5.723021460884155e-5
36.56,-6.133789219458328e-5,-5.858463071128123e-5
36.57,-6.0938698211562085e-5,-5.9932049327897115e-5
36.58,-6.05341809986449e-5,-6.127237901404411e-5
36.59,-6.01243856381559e-5,-6.260552904222554e-5
36.6,-5.9709357627949505e-5,-6.393140940791654e-5
36.61,-5.928914287666892e-5,-6.524993083532758e-5
36.62,-5.886378769898098e-5,-6.656100478309424e-5
36.63,-5.843333881078106e-5,-6.78645434498993e-5
36.64,-5.799784332437329e-5,-6.916045978002629e-5
36.65,-5.7557348743613216e-5,-7.044866746884984e-5
36.66,-5.711190295903649e-5,-7.17290809682492e-5
36.67,-5.666155424295081e-5,-7.300161549195885e-5
36.68,-5.620635124450804e-5,-7.426618702084275e-5
36.69,-5.574634298474649e-5,-7.552271230810735e-5
36.7,-5.5281578851610235e-5,-7.677110888443847e-5
36.71,-5.481210859494379e-5,-7.801129506306733e-5
36.72,-5.43379823214611e-5,-7.924318994476874e-5
36.73,-5.3859250489693156e-5,-8.046671342278912e-5
36.74,-5.337596390490843e-5,-8.168178618769992e-5
36.75,-5.2888173714016844e-5,-8.288832973217801e-5
36.76,-5.239593140044368e-5,-8.408626635572371e-5
36.77,-5.189928877898757e-5,-8.527551916929513e-5
36.78,-5.1398297990657443e-5,-8.645601209987571e-5
36.79,-5.089301149748234e-5,-8.762766989497351e-5
36.8,-5.038348207730734e-5,-8.879041812703703e-5
36.81,-4.986976281856657e-5,-8.994418319781188e-5
36.82,-4.935190711504186e-5,-9.108889234260709e-5
36.83,-4.8829968660590287e-5,-9.222447363450698e-5
36.84,-4.8304001443868615e-5,-9.33508559884962e-5
36.85,-4.777405974302995e-5,-9.446796916551318e-5
36.86,-4.7240198120406204e-5,-9.55757437764353e-5
36.87,-4.670247141717137e-5,-9.667411128598356e-5
36.88,-4.6160934747994684e-5,-9.77630040165582e-5
36.89,-4.561564349566801e-5,-9.884235515199009e-5
36.9,-4.506665330573002e-5,-9.991209874123547e-5
36.91,-4.451402008106172e-5,-0.00010097216970197417
36.92,-4.395779997648043e-5,-0.00010202250382415214
36.93,-4.339804939331143e-5,-0.00010306303777343179
36.94,-4.283482497394836e-5,-0.0001040937090945836
36.95,-4.226818359640347e-5,-0.0001051144562147911
36.96,-4.169818236884313e-5,-0.00010612521844687947
36.97,-4.112487862410928e-5,-0.0001071259359924799
36.98,-4.0548329914234765e-5,-0.00010811654994510553
36.99,-3.996859400494203e-5,-0.00010909700229315911
37.0,-3.938572887013757e-5,-0.00011006723592285985
37.01,-3.879979268639113e-5,-0.00011102719462110079
37.02,-3.821084382740617e-5,-0.00011197682307822388
37.03,-3.761894085848828e-5,-0.00011291606689071798
37.04,-3.702414253099278e-5,-0.00011384487256384881
37.05,-3.642650777677672e-5,-0.00011476318751420386
37.06,-3.582609570263468e-5,-0.00011567096007216524
37.07,-3.522296558473608e-5,-0.00011656813948430289
37.08,-3.4617176863044966e-5,-0.00011745467591569565
37.09,-3.4008789135745136e-5,-0.00011833052045217352
37.1,-3.339786215365327e-5,-0.00011919562510247908
37.11,-3.278445581462801e-5,-0.0001200499428003614
37.12,-3.216863015797661e-5,-0.00012089342740658461
37.13,-3.1550445358855786e-5,-0.00012172603371086378
37.14,-3.0929961722673166e-5,-0.0001225477174337229
37.15,-3.0307239679476264e-5,-0.00012335843522827723
37.16,-2.9682339778351818e-5,-0.00012415814468193836
37.17,-2.9055322681811784e-5,-0.00012494680431804223
37.18,-2.8426249160188933e-5,-0.0001257243735973976
37.19,-2.779518008602023e-5,-0.0001264908129197652
37.2,-2.716217642843581e-5,-0.00012724608362525307
37.21,-2.652729924755144e-5,-0.00012799014799563604
37.22,-2.5890609688852967e-5,-0.00012872296925560284
37.23,-2.5252168977589257e-5,-0.0001294445115739241
37.24,-2.4612038413161213e-5,-0.00013015474006454058
37.25,-2.3970279363519533e-5,-0.00013085362078758003
37.26,-2.3326953259556083e-5,-0.00013154112075029428
37.27,-2.268212158950579e-5,-0.0001322172079079222
37.28,-2.203584589335062e-5,-0.00013288185116447346
37.29,-2.1388187757222492e-5,-0.00013353502037343945
37.3,-2.073920880781811e-5,-0.00013417668633842298
37.31,-2.0088970706811947e-5,-0.00013480682081369935
37.32,-1.9437535145281797e-5,-0.00013542539650469317
37.33,-1.8784963838132565e-5,-0.00013603238706838536
37.34,-1.813131851853159e-5,-0.00013662776711364174
37.35,-1.7476660932350224e-5,-0.00013721151220146482
37.36,-1.6821052832611062e-5,-0.00013778359884517407
37.37,-1.616455597394344e-5,-0.0001383440045105053
37.38,-1.5507232107048834e-5,-0.0001388927076156409
37.39,-1.4849142973175015e-5,-0.00013942968753115657
37.4,-1.4190350298594774e-5,-0.00013995492457990346
37.41,-1.3530915789101502e-5,-0.00014046840003680518
37.42,-1.28709011245097e-5,-0.00014097009612858765
37.43,-1.2210367953169073e-5,-0.00014145999603342883
37.44,-1.1549377886486755e-5,-0.00014193808388053954
37.45,-1.0887992493464459e-5,-0.0001424043447496638
37.46,-1.022627329524738e-5,-0.00014285876467050917
37.47,-9.564281759680129e-6,-0.00014330133062210435
37.48,-8.902079295884048e-6,-0.00014373203053207704
37.49,-8.239727248841558e-6,-0.00014415085327586558
37.5,-7.577286893998265e-6,-0.00014455778867585
37.51,-6.914819431875908e-6,-0.00014495282750041788
37.52,-6.252385982702612e-6,-0.00014533596146294842
37.53,-5.5900475810590166e-6,-0.00014570718322073147
37.54,-4.927865170536337e-6,-0.00014606648637380953
37.55,-4.265899598414215e-6,-0.0001464138654637486
37.56,-3.604211610353504e-6,-0.00014674931597233776
37.57,-2.9428618451080126e-6,-0.00014707283432021436
37.58,-2.2819108292488523e-6,-0.00014738441786542311
37.59,-1.6214189719121293e-6,-0.00014768406490189552
37.6,-9.614465595629697e-7,-0.00014797177465786682
37.61,-3.0205375077567607e-7,-0.00014824754729421362
37.62,3.566994289621465e-7,-0.00014851138390273194
37.63,1.0147530924314956e-6,-0.00014876328650432997
37.64,1.6720474958347436e-6,-0.0001490032580471665
37.65,2.3285230439426796e-6,-0.00014923130240470717
37.66,2.9841202952048e-6,-0.00014944742437371884
37.67,3.6387799668495547e-6,-0.00014965162967219125
37.68,4.292442939955928e-6,-0.00014984392493719057
37.69,4.945050264509337e-6,-0.0001500243177226438
37.7,5.596543164429652e-6,-0.00015019281649705608
37.71,6.246863042577325e-6,-0.00015034943064115873
37.72,6.895951485739508e-6,-0.0001504941704454887
37.73,7.5437502695890034e-6,-0.00015062704710790608
37.74,8.19020136362041e-6,-0.00015074807273103574
37.75,8.835246936060185e-6,-0.000150857260319648
37.76,9.478829358755803e-6,-0.00015095462377797414
37.77,1.0120891212035695e-5,-0.00015104017790694971
37.78,1.076137528954343e-5,-0.0001511139384013978
37.79,1.1400224603050252e-5,-0.00015117592184714452
37.8,1.2037382387236021e-5,-0.00015122614571806925
37.81,1.267279210444687e-5,-0.000151264628373091
37.82,1.3306397449422058e-5,-0.00015129138905308834
37.83,1.3938142353998372e-5,-0.00015130644787776052
37.84,1.4567970991782587e-5,-0.00015130982584241547
37.85,1.519582778279543e-5,-0.00015130154481470724
37.86,1.5821657398090388e-5,-0.00015128162753129816
37.87,1.6445404764340523e-5,-0.0001512500975944673
37.88,1.706701506839646e-5,-0.00015120697946865083
37.89,1.7686433761814312e-5,-0.00015115229847692662
37.9,1.8303606565355856e-5,-0.00015108608079743063
37.91,1.891847947345494e-5,-0.000151008353459719
37.92,1.95309987586563e-5,-0.00015091914434106342
37.93,2.0141110976019172e-5,-0.00015081848216269168
37.94,2.0748762967494158e-5,-0.00015070639648596533
37.95,2.1353901866266384e-5,-0.00015058291770849808
37.96,2.1956475101062913e-5,-0.00015044807706021787
37.97,2.2556430400435803e-5,-0.00015030190659936541
37.98,2.3153715797003433e-5,-0.00015014443920844208
37.99,2.3748279631666e-5,-0.00014997570859009123
38.0,2.4340070557781593e-5,-0.00014979574926293106
38.01,2.4929037545314152e-5,-0.00014960459655732382
38.02,2.5515129884943565e-5,-0.00014940228661109188
38.03,2.6098297192141132e-5,-0.00014918885636517923
38.04,2.667848941121496e-5,-0.00014896434355925314
38.05,2.7255656819314316e-5,-0.00014872878672725568
38.06,2.7829750030403298e-5,-0.00014848222519289528
38.07,2.8400719999195355e-5,-0.0001482246990650925
38.08,2.896851802505736e-5,-0.00014795624923336157
38.09,2.9533095755870667e-5,-0.00014767691736314664
38.1,3.0094405191859744e-5,-0.0001473867458911048
38.11,3.0652398689387315e-5,-0.00014708577802032986
38.12,3.120702896470232e-5,-0.00014677405771553438
38.13,3.175824909766292e-5,-0.00014645162969817313
38.14,3.230601253541266e-5,-0.00014611853944151895
38.15,3.285027309602409e-5,-0.00014577483316568647
38.16,3.3390984972102365e-5,-0.00014542055783260801
38.17,3.392810273435109e-5,-0.00014505576114095799
38.18,3.4461581335097466e-5,-0.000144680491521032
38.19,3.499137611178341e-5,-0.00014429479812957146
38.2,3.5517442790413424e-5,-0.0001438987308445473
38.21,3.6039737488963654e-5,-0.00014349234025989272
38.22,3.655821672075361e-5,-0.00014307567768018792
38.23,3.707283739777712e-5,-0.00014264879511530074
38.24,3.758355683399185e-5,-0.00014221174527498116
38.25,3.809033274856958e-5,-0.00014176458156341167
38.26,3.859312326910856e-5,-0.0001413073580737082
38.27,3.909188693480019e-5,-0.00014084012958238057
38.28,3.958658269955843e-5,-0.00014036295154375275
38.29,4.007716993510801e-5,-0.00013987588008433006
38.3,4.056360843403006e-5,-0.0001393789719971315
38.31,4.10458584127664e-5,-0.00013887228473597835
38.32,4.1523880514582364e-5,-0.00013835587640974152
38.33,4.199763581248919e-5,-0.00013782980577654267
38.34,4.2467085812121405e-5,-0.0001372941322379227
38.35,4.2932192454574136e-5,-0.00013674891583296468
38.36,4.339291811919696e-5,-0.00013619421723238043
38.37,4.384922562634701e-5,-0.00013563009773255374
38.38,4.4301078240095814e-5,-0.00013505661924955028
38.39,4.4748439670896105e-5,-0.00013447384431308873
38.4,4.519127407820449e-5,-0.00013388183606047007
38.41,4.562954607305963e-5,-0.000133280658230476
38.42,4.606322072061992e-5,-0.0001326703751572265
38.43,4.6492263542654796e-5,-0.00013205105176400625
38.44,4.6916640519992435e-5,-0.00013142275355705195
38.45,4.7336318094925483e-5,-0.0001307855466193051
38.46,4.7751263173569936e-5,-0.00013013949760413664
38.47,4.816144312818374e-5,-0.0001294846737290297
38.48,4.8566825799435936e-5,-0.00012882114276923577
38.49,4.896737949863573e-5,-0.00012814897305139523
38.5,4.9363073009913926e-5,-0.00012746823344712968
38.51,4.975387559236222e-5,-0.0001267789933665982
38.52,5.013975698212643e-5,-0.00012608132275202622
38.53,5.052068739445124e-5,-0.00012537529207120712
38.54,5.089663752568859e-5,-0.00012466097231096545
38.55,5.126757855525097e-5,-0.00012393843497060143
38.56,5.16334821475277e-5,-0.0001232077520552999
38.57,5.1994320453747824e-5,-0.00012246899606951765
38.58,5.235006611380489e-5,-0.00012172224001033623
38.59,5.2700692258033544e-5,-0.00012096755736079354
38.6,5.304617250893618e-5,-0.00012020502208319208
38.61,5.338648098287139e-5,-0.000119434708612371
38.62,5.372159229169107e-5,-0.00011865669184896497
38.63,5.4051481544333035e-5,-0.00011787104715263264
38.64,5.437612434836883e-5,-0.00011707785033526346
38.65,5.469549681150343e-5,-0.00011627717765415954
38.66,5.5009575543030885e-5,-0.00011546910580519633
38.67,5.531833765524351e-5,-0.00011465371191596264
38.68,5.5621760764791456e-5,-0.0001138310735388784
38.69,5.591982299400199e-5,-0.00011300126864428848
38.7,5.621250297214846e-5,-0.00011216437561354071
38.71,5.6499779836670576e-5,-0.00011132047323204575
38.72,5.6781633234356556e-5,-0.0001104696406823092
38.73,5.7058043322469217e-5,-0.00010961195753695656
38.74,5.732899076983298e-5,-0.00010874750375173178
38.75,5.759445675786891e-5,-0.00010787635965848378
38.76,5.785442298158865e-5,-0.0001069986059581342
38.77,5.8108871650536065e-5,-0.00010611432371362646
38.78,5.835778548968763e-5,-0.00010522359434286765
38.79,5.860114774030162e-5,-0.00010432649961164632
38.8,5.883894216072539e-5,-0.00010342312162654024
38.81,5.907115302715228e-5,-0.00010251354282781147
38.82,5.9297765134333e-5,-0.00010159784598228752
38.83,5.951876379624174e-5,-0.00010067611417622755
38.84,5.973413484669332e-5,-9.974843080817922e-5
38.85,5.9943864639918296e-5,-9.881487958182672e-5
38.86,6.014794005108694e-5,-9.787554449882108e-5
38.87,6.034634847678514e-5,-9.693050985160609e-5
38.88,6.05390778354529e-5,-9.597986021623284e-5
38.89,6.072611656776781e-5,-9.502368044516845e-5
38.9,6.09074536369813e-5,-9.406205566008713e-5
38.91,6.108307852922152e-5,-9.309507124466558e-5
38.92,6.125298125372979e-5,-9.212281283736209e-5
38.93,6.141715234306775e-5,-9.114536632419546e-5
38.94,6.157558285327167e-5,-9.01628178315118e-5
38.95,6.172826436395892e-5,-8.917525371874954e-5
38.96,6.187518897839183e-5,-8.818276057120253e-5
38.97,6.201634932349327e-5,-8.718542519277046e-5
38.98,6.215173854981889e-5,-8.618333459871379e-5
38.99,6.228135033147755e-5,-8.51765760084004e-5
39.0,6.240517886601585e-5,-8.416523683805525e-5
39.01,6.25232188742449e-5,-8.314940469350042e-5
39.02,6.263546560003175e-5,-8.212916736289946e-5
39.03,6.274191481003979e-5,-8.110461280950217e-5
39.04,6.284256279342458e-5,-8.007582916438233e-5
39.05,6.293740636148511e-5,-7.904290471918323e-5
39.06,6.302644284726785e-5,-7.800592791885828e-5
39.07,6.31096701051298e-5,-7.696498735442064e-5
39.08,6.318708651024966e-5,-7.59201717556849e-5
39.09,6.325869095810163e-5,-7.487156998401949e-5
39.1,6.332448286387878e-5,-7.381927102510074e-5
39.11,6.338446216187404e-5,-7.276336398166715e-5
39.12,6.343862930481461e-5,-7.170393806628244e-5
39.13,6.34869852631554e-5,-7.064108259410028e-5
39.14,6.352953152432497e-5,-6.957488697564024e-5
39.15,6.356627009192672e-5,-6.85054407095595e-5
39.16,6.359720348490053e-5,-6.743283337544218e-5
39.17,6.362233473663316e-5,-6.635715462658881e-5
39.18,6.364166739403244e-5,-6.527849418281852e-5
39.19,6.365520551655206e-5,-6.419694182327384e-5
39.2,6.36629536751761e-5,-6.311258737923842e-5
39.21,6.366491695135716e-5,-6.202552072696706e-5
39.22,6.366110093591552e-5,-6.093583178051679e-5
39.23,6.365151172788942e-5,-5.984361048459667e-5
39.24,6.363615593334887e-5,-5.874894680742472e-5
39.25,6.361504066416136e-5,-5.765193073360107e-5
39.26,6.358817353671882e-5,-5.6552652256984355e-5
39.27,6.355556267061732e-5,-5.545120137359022e-5
39.28,6.35172166873011e-5,-5.434766807450015e-5
39.29,6.347314470865811e-5,-5.324214233877958e-5
39.3,6.342335635558029e-5,-5.213471412641689e-5
39.31,6.336786174647281e-5,-5.102547337127322e-5
39.32,6.330667149573226e-5,-4.991450997405268e-5
39.33,6.323979671217648e-5,-4.880191379527833e-5
39.34,6.316724899743626e-5,-4.768777464829645e-5
39.35,6.308904044430403e-5,-4.6572182292292475e-5
39.36,6.300518363504456e-5,-4.545522642532172e-5
39.37,6.29156916396612e-5,-4.433699667736258e-5
39.38,6.282057801412713e-5,-4.321758260338719e-5
39.39,6.271985679857302e-5,-4.209707367645272e-5
39.4,6.261354251543263e-5,-4.097555928080523e-5
39.41,6.250165016755429e-5,-3.985312870501408e-5
39.42,6.238419523626904e-5,-3.8729871135118185e-5
39.43,6.226119367942274e-5,-3.760587564780141e-5
39.44,6.213266192936224e-5,-3.648123120357979e-5
39.45,6.199861689089253e-5,-3.5356026640018565e-5
39.46,6.185907593918743e-5,-3.4230350664972926e-5
39.47,6.171405691766652e-5,-3.310429184984342e-5
39.48,6.156357813583312e-5,-3.197793862286278e-5
39.49,6.14076583670695e-5,-3.08513792624036e-5
39.5,6.124631684640555e-5,-2.9724701890314186e-5
39.51,6.107957326823716e-5,-2.859799446527208e-5
39.52,6.0907447784017444e-5,-2.747134477616959e-5
39.53,6.0729960999907934e-5,-2.6344840435526623e-5
39.54,6.0547133974389594e-5,-2.5218568872921993e-5
39.55,6.0358988215841894e-5,-2.4092617328460055e-5
39.56,6.016554568008731e-5,-2.2967072846259443e-5
39.57,5.996682876789531e-5,-2.18420222679753e-5
39.58,5.976286032244989e-5,-2.071755222634246e-5
39.59,5.955366362679127e-5,-1.959374913875247e-5
39.6,5.9339262401211656e-5,-1.8470699200862344e-5
39.61,5.911968080062188e-5,-1.7348488380224456e-5
39.62,5.889494341188379e-5,-1.6227202409955823e-5
39.63,5.866507525110623e-5,-1.5106926782431578e-5
39.64,5.8430101760909135e-5,-1.3987746743016416e-5
39.65,5.819004880765176e-5,-1.2869747283817857e-5
39.66,5.794494267863207e-5,-1.1753013137480201e-5
39.67,5.769481007924615e-5,-1.0637628771006924e-5
39.68,5.743967813012409e-5,-9.523678379619265e-6
39.69,5.717957436422297e-5,-8.411245880640707e-6
39.7,5.691452672389726e-5,-7.300414907423302e-6
39.71,5.664456355793181e-5,-6.191268803306178e-6
39.72,5.636971361854435e-5,-5.0838906156038634e-6
39.73,5.609000605835852e-5,-3.978363089635112e-6
39.74,5.580547042734411e-5,-2.874768662783889e-6
39.75,5.5516136669727485e-5,-1.7731894586007625e-6
39.76,5.522203512087245e-5,-6.737072809320177e-7
39.77,5.492319650412869e-5,4.235963919075427e-7
39.78,5.4619651927654845e-5,1.5186404129241259e-6
39.79,5.431143288120737e-5,2.61134397220416e-6
39.8,5.3998571232904356e-5,3.7016266026295547e-6
39.81,5.3681099225957817e-5,4.7894081855574576e-6
39.82,5.335904947538067e-5,5.874608956457441e-6
39.83,5.3032454964662925e-5,6.957149510518595e-6
39.84,5.270134904241992e-5,8.036950808208798e-6
39.85,5.236576541901771e-5,9.113934180794835e-6
39.86,5.202573816316452e-5,1.0188021335831252e-5
39.87,5.1681301698482185e-5,1.1259134362597317e-5
39.88,5.1332490800045525e-5,1.2327195737502313e-5
39.89,5.097934059090123e-5,1.3392128329441813e-5
39.9,5.062188653855576e-5,1.4453855405120879e-5
39.91,5.0260164451443054e-5,1.5512300634329504e-5
39.92,4.989421047535944e-5,1.6567388095178755e-5
39.93,4.952406108988594e-5,1.7619042279290693e-5
39.94,4.914975310477239e-5,1.8667188096952296e-5
39.95,4.8771323656310457e-5,1.9711750882220756e-5
39.96,4.838881020367272e-5,2.0752656397983795e-5
39.97,4.80022505252348e-5,2.1789830840985374e-5
39.98,4.761168271487191e-5,2.282320084679624e-5
39.99,4.7217145178233806e-5,2.3852693494748526e-5
40.0,4.6818676628997506e-5,2.4878236312816705e-5
40.01,4.641631608509735e-5,2.589975728246749e-5
40.02,4.6010102864933105e-5,2.6917184843449784e-5
40.03,4.5600076583561436e-5,2.7930447898545474e-5
40.04,4.518627714885799e-5,2.8939475818277606e-5
40.05,4.476874475766898e-5,2.9944198445566657e-5
40.06,4.4347519891933304e-5,3.094454610034279e-5
40.07,4.392264331479391e-5,3.194044958411009e-5
40.08,4.3494156066682426e-5,3.293184018446757e-5
40.09,4.3062099461388556e-5,3.391864967957921e-5
40.1,4.262651508211077e-5,3.490081034259463e-5
40.11,4.218744477748773e-5,3.587825494602904e-5
40.12,4.174493065761225e-5,3.6850916766088785e-5
40.13,4.12990150900263e-5,3.78187295869507e-5
40.14,4.084974069570459e-5,3.878162770499125e-5
40.15,4.039715034501164e-5,3.9739545932972115e-5
40.16,3.9941287153653594e-5,4.069241960417015e-5
40.17,3.948219447860206e-5,4.1640184576462304e-5
40.18,3.9019915914016445e-5,4.2582777236357475e-5
40.19,3.8554495287135764e-5,4.3520134502984444e-5
40.2,3.8085976654168026e-5,4.445219383202294e-5
40.21,3.7614404296158505e-5,4.537889321958834e-5
40.22,3.713982271484599e-5,4.630017120606729e-5
40.23,3.666227662850393e-5,4.7215966879899225e-5
40.24,3.618181096776993e-5,4.8126219881308514e-5
40.25,3.569847087146222e-5,4.9030870405985565e-5
40.26,3.5212301682381565e-5,4.99298592087183e-5
40.27,3.472334894310186e-5,5.082312760696996e-5
40.28,3.423165839175107e-5,5.1710617484404535e-5
40.29,3.3737275957776804e-5,5.259227129436486e-5
40.3,3.324024775770458e-5,5.346803206329434e-5
40.31,3.274062009088076e-5,5.4337843394109134e-5
40.32,3.223843943521299e-5,5.5201649469513504e-5
40.33,3.173375244289024e-5,5.605939505527201e-5
40.34,3.122660593610221e-5,5.691102550341953e-5
40.35,3.071704690274579e-5,5.775648675542138e-5
40.36,3.0205122492121538e-5,5.859572534528526e-5
40.37,2.969088001062543e-5,5.942868840261239e-5
40.38,2.9174366917427758e-5,6.0255323655602636e-5
40.39,2.8655630820150716e-5,6.107557943399945e-5
40.4,2.813471947053211e-5,6.188940467198835e-5
40.41,2.761168076008621e-5,6.269674891103484e-5
40.42,2.7086562715757652e-5,6.349756230267697e-5
40.43,2.6559413495568095e-5,6.429179561125133e-5
40.44,2.6030281384258362e-5,6.50794002165813e-5
40.45,2.549921478892286e-5,6.58603281165974e-5
40.46,2.4966262234644895e-5,6.663453192990943e-5
40.47,2.4431472360118793e-5,6.74019648983266e-5
40.48,2.3894893913275353e-5,6.81625808893164e-5
40.49,2.335657574689914e-5,6.891633439841577e-5
40.5,2.2816566814246346e-5,6.966318055158415e-5
40.51,2.2274916164653694e-5,7.040307510750119e-5
40.52,2.173167293914966e-5,7.113597445981475e-5
40.53,2.1186886366063503e-5,7.186183563932597e-5
40.54,2.0640605756628884e-5,7.258061631612688e-5
40.55,2.0092880500586115e-5,7.329227480168046e-5
40.56,1.9543760061790828e-5,7.399677005084472e-5
40.57,1.899329397381152e-5,7.469406166384092e-5
40.58,1.8441531835532257e-5,7.538410988817065e-5
40.59,1.7888523306754655e-5,7.606687562047482e-5
40.6,1.7334318103801852e-5,7.674232040833691e-5
40.61,1.6778965995119467e-5,7.741040645203287e-5
40.62,1.622251679688065e-5,7.80710966062253e-5
40.63,1.5665020368591416e-5,7.872435438160213e-5
40.64,1.5106526608699929e-5,7.937014394645777e-5
40.65,1.4547085450204697e-5,8.000843012822298e-5
40.66,1.3986746856267975e-5,8.063917841493913e-5
40.67,1.3425560815830715e-5,8.126235495667234e-5
40.68,1.2863577339233931e-5,8.187792656687312e-5
40.69,1.2300846453839459e-5,8.248586072369118e-5
40.7,1.1737418199656424e-5,8.308612557121868e-5
40.71,1.1173342624975735e-5,8.367868992068951e-5
40.72,1.0608669782004675e-5,8.426352325161779e-5
40.73,1.0043449722507678e-5,8.484059571288619e-5
40.74,9.47773249345616e-6,8.540987812377244e-5
40.75,8.911568132681994e-6,8.597134197492477e-5
40.76,8.345006664533875e-6,8.65249594292822e-5
40.77,7.778098095546867e-6,8.707070332293783e-5
40.78,7.2108924101171295e-6,8.760854716594656e-5
40.79,6.643439566179706e-6,8.81384651430804e-5
40.8,6.075789490898881e-6,8.866043211452712e-5
40.81,5.507992076366331e-6,8.917442361653285e-5
40.82,4.940097175306493e-6,8.968041586199005e-5
40.83,4.37215459679015e-6,9.017838574097358e-5
40.84,3.804214101958084e-6,9.066831082121716e-5
40.85,3.2363253997577165e-6,9.115016934853817e-5
40.86,2.6685381426823706e-6,9.162394024720562e-5
40.87,2.100901922527545e-6,9.208960312025778e-5
40.88,1.5334662661544893e-6,9.254713824975998e-5
40.89,9.662806312674313e-7,9.299652659700984e-5
40.9,3.9939440219792726e-7,9.343774980268948e-5
40.91,-1.6714311429523166e-7,9.387079018696113e-5
40.92,-7.332826932152658e-7,9.429563074951257e-5
40.93,-1.2989751955037975e-6,9.471225516954113e-5
40.94,-1.8641715722062026e-6,9.512064780569237e-5
40.95,-2.4288228686226098e-6,9.552079369593914e-5
40.96,-2.9928802284434074e-6,9.59126785574071e-5
40.97,-3.5562948978758657e-6,9.629628878615002e-5
40.98,-4.119018229751911e-6,9.66716114568702e-5
40.99,-4.6810016876250515e-6,9.70386343225804e-5
41.0,-5.2421968498479785e-6,9.739734581422108e-5
41.01,-5.802555413641469e-6,9.774773504021948e-5
41.02,-6.3620291991419966e-6,9.808979178599486e-5
41.03,-6.920570153435934e-6,9.842350651341348e-5
41.04,-7.4781303545795165e-6,9.874887036019014e-5
41.05,-8.034662015597399e-6,9.906587513923713e-5
41.06,-8.590117488471908e-6,9.937451333796009e-5
41.07,-9.14444926810521e-6,9.967477811750073e-5
41.08,-9.697609996274816e-6,9.996666331193084e-5
41.09,-1.0249552465564464e-5,0.00010025016342739218
41.1,-1.0800229623277634e-5,0.00010052527364118385
41.11,-1.1349594575335643e-5,0.00010079198980079836
41.12,-1.1897600590156099e-5,0.00010105030842290892
41.13,-1.244420110250994e-5,0.0001013002266923033
41.14,-1.2989349717361012e-5,0.00010154174246076383
41.15,-1.3533000213687655e-5,0.00010177485424590351
41.16,-1.4075106548283134e-5,0.00010199956122994549
41.17,-1.4615622859533991e-5,0.00010221586325845487
41.18,-1.5154503471179435e-5,0.00010242376083901866
41.19,-1.5691702896053386e-5,0.00010262325513987735
41.2,-1.6227175839799538e-5,0.00010281434798850534
41.21,-1.676087720456794e-5,0.00010299704187014352
41.22,-1.729276209269122e-5,0.00010317133992627848
41.23,-1.782278581033739e-5,0.00010333724595307825
41.24,-1.835090387114011e-5,0.00010349476439977313
41.25,-1.887707199980608e-5,0.00010364390036699251
41.26,-1.9401246135703442e-5,0.00010378465960505086
41.27,-1.9923382436421966e-5,0.00010391704851218548
41.28,-2.0443437281312584e-5,0.0001040410741327463
41.29,-2.096136727500461e-5,0.00010415674415533753
41.3,-2.147712925089603e-5,0.00010426406691091545
41.31,-2.1990680274622327e-5,0.00010436305137083135
41.32,-2.2501977647498364e-5,0.00010445370714483345
41.33,-2.301097890993896e-5,0.00010453604447902045
41.34,-2.3517641844852002e-5,0.00010461007425374984
41.35,-2.402192448100629e-5,0.00010467580798149399
41.36,-2.4523785096376282e-5,0.00010473325780465961
41.37,-2.5023182221458626e-5,0.00010478243649335215
41.38,-2.552007464256465e-5,0.00010482335744310027
41.39,-2.6014421405084278e-5,0.00010485603467253505
41.4,-2.6506181816727462e-5,0.00010488048282102016
41.41,-2.69953154507354e-5,0.0001048967171462426
41.42,-2.7481782149065882e-5,0.00010490475352175268
41.43,-2.7965542025551586e-5,0.00010490460843446752
41.44,-2.8446555469032683e-5,0.00010489629898212508
41.45,-2.8924783146459005e-5,0.00010487984287069418
41.46,-2.9400186005965272e-5,0.00010485525841174705
41.47,-2.9872725279920406e-5,0.00010482256451978127
41.48,-3.034236248794518e-5,0.00010478178070950624
41.49,-3.080905943990481e-5,0.0001047329270930817
41.5,-3.127277823886884e-5,0.00010467602437731672
41.51,-3.17334812840464e-5,0.0001046110938608269
41.52,-3.219113127368986e-5,0.0001045381574311508
41.53,-3.264569120796758e-5,0.00010445723756182261
41.54,-3.3097124391812374e-5,0.00010436835730940495
41.55,-3.354539443773436e-5,0.00010427154031048428
41.56,-3.399046526860775e-5,0.00010416681077862191
41.57,-3.44323011204249e-5,0.00010405419350126657
41.58,-3.487086654502186e-5,0.00010393371383662957
41.59,-3.530612641277424e-5,0.00010380539771051548
41.6,-3.573804591525723e-5,0.00010366927161312031
41.61,-3.616659056788185e-5,0.00010352536259578738
41.62,-3.6591726212494615e-5,0.00010337369826772533
41.63,-3.701341901994887e-5,0.00010321430679268822
41.64,-3.743163549264216e-5,0.00010304721688561893
41.65,-3.784634246702477e-5,0.00010287245780925502
41.66,-3.825750711607398e-5,0.00010269005937069753
41.67,-3.866509695173883e-5,0.00010250005191794283
41.68,-3.906907982734968e-5,0.00010230246633637931
41.69,-3.94694239399982e-5,0.00010209733404524761
41.7,-3.986609783288336e-5,0.0001018846869940655
41.71,-4.025907039762472e-5,0.00010166455765901809
41.72,-4.0648310876544553e-5,0.00010143697903931209
41.73,-4.103378886491449e-5,0.00010120198465349705
41.74,-4.141547431317199e-5,0.00010095960853575169
41.75,-4.1793337529099645e-5,0.0001007098852321377
41.76,-4.216734917997615e-5,0.00010045284979681821
41.77,-4.253748029469026e-5,0.00010018853778824556
41.78,-4.290370226581901e-5,9.991698526531525e-5
41.79,-4.32659868516802e-5,9.963822878348762e-5
41.8,-4.362430617834148e-5,9.935230539087836e-5
41.81,-4.397863274160259e-5,9.905925262431758e-5
41.82,-4.4328939408937236e-5,9.875910850537783e-5
41.83,-4.467519942140795e-5,9.845191153636913e-5
41.84,-4.501738639553951e-5,9.813770069630894e-5
41.85,-4.5355474325161886e-5,9.781651543685646e-5
41.86,-4.568943758321775e-5,9.748839567822095e-5
41.87,-4.601925092353504e-5,9.715338180504007e-5
41.88,-4.634488948256438e-5,9.681151466222876e-5
41.89,-4.6666328781081445e-5,9.646283555080139e-5
41.9,-4.698354472585566e-5,9.610738622366325e-5
41.91,-4.729651361128157e-5,9.574520888137761e-5
41.92,-4.760521212097742e-5,9.537634616790301e-5
41.93,-4.790961732934547e-5,9.500084116630496e-5
41.94,-4.8209706703099996e-5,9.46187373944422e-5
41.95,-4.850545810275845e-5,9.423007880062396e-5
41.96,-4.879684978409464e-5,9.3834909759245e-5
41.97,-4.9083860399561166e-5,9.343327506639343e-5
41.98,-4.936646899967281e-5,9.302521993543398e-5
41.99,-4.96446550343532e-5,9.261078999256672e-5
42.0,-4.991839835424894e-5,9.219003127236456e-5
42.01,-5.0187679212005736e-5,9.176299021328173e-5
42.02,-5.04524782635073e-5,9.132971365314409e-5
42.03,-5.071277656908256e-5,9.089024882461391e-5
42.04,-5.0968555594670725e-5,9.044464335063422e-5
42.05,-5.121979721295706e-5,8.999294523984725e-5
42.06,-5.146648370446408e-5,8.953520288199819e-5
42.07,-5.170859775861444e-5,8.907146504331107e-5
42.08,-5.194612247475441e-5,8.860178086184751e-5
42.09,-5.2179041363139066e-5,8.812619984284325e-5
42.1,-5.240733834588374e-5,8.764477185402769e-5
42.11,-5.2630997757877874e-5,8.715754712092079e-5
42.12,-5.28500043476635e-5,8.66645762221116e-5
42.13,-5.3064343278275826e-5,8.616591008452048e-5
42.14,-5.3274000128047805e-5,8.566159997864057e-5
42.15,-5.347896089137837e-5,8.515169751376163e-5
42.16,-5.367921197946528e-5,8.463625463317709e-5
42.17,-5.3874740220998835e-5,8.411532360937495e-5
42.18,-5.406553286282094e-5,8.358895703921119e-5
42.19,-5.4251577570547933e-5,8.305720783906639e-5
42.2,-5.443286242915434e-5,8.252012923998657e-5
42.21,-5.460937594352377e-5,8.197777478281243e-5
42.22,-5.478110703895958e-5,8.143019831328804e-5
42.23,-5.494804506166108e-5,8.087745397715823e-5
42.24,-5.511017977916394e-5,8.03195962152528e-5
42.25,-5.5267501380740376e-5,7.975667975855473e-5
42.26,-5.542000047776754e-5,7.918875962325713e-5
42.27,-5.556766810405672e-5,7.861589110580474e-5
42.28,-5.571049571614437e-5,7.803812977792829e-5
42.29,-5.584847519355142e-5,7.745553148165968e-5
42.3,-5.598159883900241e-5,7.686815232434302e-5
42.31,-5.6109859378608546e-5,7.627604867362812e-5
42.32,-5.623324996201519e-5,7.567927715245973e-5
42.33,-5.6351764162514614e-5,7.507789463404928e-5
42.34,-5.646539597711768e-5,7.447195823684348e-5
42.35,-5.657413982659549e-5,7.386152531948079e-5
42.36,-5.66779905554789e-5,7.324665347573686e-5
42.37,-5.677694343202548e-5,7.262740052946483e-5
42.38,-5.6870994148150055e-5,7.20038245295257e-5
42.39,-5.696013881931735e-5,7.137598374471287e-5
42.4,-5.704437398440096e-5,7.074393665866492e-5
42.41,-5.712369660550333e-5,7.010774196477823e-5
42.42,-5.719810406774383e-5,6.946745856110584e-5
42.43,-5.726759417900744e-5,6.88231455452577e-5
42.44,-5.733216516965892e-5,6.817486220928884e-5
42.45,-5.739181569222237e-5,6.752266803458568e-5
42.46,-5.7446544821023174e-5,6.686662268674903e-5
42.47,-5.749635205179611e-5,6.620678601046812e-5
42.48,-5.7541237301257695e-5,6.554321802439481e-5
42.49,-5.758120090664055e-5,6.487597891601242e-5
42.5,-5.761624362519804e-5,6.420512903650384e-5
42.51,-5.764636663366739e-5,6.353072889561202e-5
42.52,-5.767157152770262e-5,6.285283915650307e-5
42.53,-5.7691860321269005e-5,6.217152063062687e-5
42.54,-5.7707235446005054e-5,6.14868342725734e-5
42.55,-5.77176997505486e-5,6.0798841174929986e-5
42.56,-5.772325649982754e-5,6.0107602563139303e-5
42.57,-5.772390937431785e-5,5.9413179790355274e-5
42.58,-5.771966246926395e-5,5.871563433229926e-5
42.59,-5.771052029386997e-5,5.8015027782116715e-5
42.6,-5.769648777044939e-5,5.7311421845239134e-5
42.61,-5.7677570233547396e-5,5.6604878334239374e-5
42.62,-5.765377342902498e-5,5.589545916369623e-5
42.63,-5.762510351311188e-5,5.5183226345058124e-5
42.64,-5.7591567051421645e-5,5.446824198151071e-5
42.65,-5.7553171017939e-5,5.3750568262844975e-5
42.66,-5.7509922793966336e-5,5.303026746033231e-5
42.67,-5.746183016704614e-5,5.230740192160075e-5
42.68,-5.740890132983869e-5,5.158203406551921e-5
42.69,-5.735114487897818e-5,5.085422637708067e-5
42.7,-5.728856981388711e-5,5.0124041402295705e-5
42.71,-5.722118553556105e-5,4.9391541743090446e-5
42.72,-5.7149001845322924e-5,4.865679005220767e-5
42.73,-5.707202894354158e-5,4.791984902811753e-5
42.74,-5.699027742831737e-5,4.718078140993319e-5
42.75,-5.6903758294140133e-5,4.643964997233593e-5
42.76,-5.681248293050899e-5,4.569651752050289e-5
42.77,-5.671646312052487e-5,4.4951446885047315e-5
42.78,-5.661571103944947e-5,4.4204500916967145e-5
42.79,-5.6510239253232236e-5,4.3455742482598356e-5
42.8,-5.640006071700728e-5,4.2705234458580546e-5
42.81,-5.628518877355725e-5,4.195303972683109e-5
42.82,-5.6165637151746804e-5,4.1199221169530996e-5
42.83,-5.604141996492729e-5,4.044384166411597e-5
42.84,-5.591255170930599e-5,3.9686964078283316e-5
42.85,-5.5779047262289096e-5,3.892865126500918e-5
42.86,-5.564092188079234e-5,3.816896605757264e-5
42.87,-5.549819119952254e-5,3.7407971264597174e-5
42.88,-5.535087122922726e-5,3.664572966510004e-5
42.89,-5.519897835491541e-5,3.588230400355886e-5
42.9,-5.504252933405064e-5,3.511775698498453e-5
42.91,-5.488154129471064e-5,3.435215127001313e-5
42.92,-5.4716031733721556e-5,3.358554947000838e-5
42.93,-5.454601851475971e-5,3.2818014142180655e-5
42.94,-5.437151986642811e-5,3.204960778471547e-5
42.95,-5.4192554380300535e-5,3.1280392831922284e-5
42.96,-5.400914100894054e-5,3.0510431649396413e-5
42.97,-5.382129906388955e-5,2.973978652919283e-5
42.98,-5.362904821362817e-5,2.8968519685021553e-5
42.99,-5.343240848151126e-5,2.8196693247453172e-5
43.0,-5.323140024366973e-5,2.742436925915013e-5
43.01,-5.3026044226892477e-5,2.665160967010101e-5
43.02,-5.281636150647575e-5,2.5878476332884044e-5
43.03,-5.260237350404822e-5,2.5105030997944836e-5
43.04,-5.2384101985365816e-5,2.4331335308886957e-5
43.05,-5.216156905808535e-5,2.3557450797787156e-5
43.06,-5.193479716950808e-5,2.2783438880526334e-5
43.07,-5.1703809104296545e-5,2.2009360852140692e-5
43.08,-5.146862798216908e-5,2.1235277882188735e-5
43.09,-5.1229277255564136e-5,2.0461251010140756e-5
43.1,-5.098578070728529e-5,1.9687341140790756e-5
43.11,-5.0738162448114416e-5,1.8913609039680606e-5
43.12,-5.048644691440257e-5,1.8140115328553062e-5
43.13,-5.0230658865639624e-5,1.7366920480820312e-5
43.14,-4.997082338199477e-5,1.6594084817057787e-5
43.15,-4.9706965861832315e-5,1.5821668500514635e-5
43.16,-4.943911201920884e-5,1.5049731532649551e-5
43.17,-4.9167287881341214e-5,1.4278333748687987e-5
43.18,-4.889151978605487e-5,1.35075348132033e-5
43.19,-4.861183437920519e-5,1.2737394215715297e-5
43.2,-4.832825861207931e-5,1.196797126631814e-5
43.21,-4.804081973877343e-5,1.119932509132955e-5
43.22,-4.77495453135478e-5,1.0431514628961157e-5
43.23,-4.7454463188159475e-5,9.66459862501529e-6
43.24,-4.715560150917319e-5,8.898635628605897e-6
43.25,-4.6852988715251426e-5,8.133683987905851e-6
43.26,-4.654665353442065e-5,7.36980184591251e-6
43.27,-4.623662498131838e-5,6.607047136245363e-6
43.28,-4.59229323544186e-5,5.845477578968292e-6
43.29,-4.5605605233237335e-5,5.085150676432384e-6
43.3,-4.5284673475515253e-5,4.326123709149928e-6
43.31,-4.496016721438267e-5,3.5684537316931353e-6
43.32,-4.4632116855505255e-5,2.812197568619941e-6
43.33,-4.430055307420637e-5,2.0574118104239966e-6
43.34,-4.396550681257299e-5,1.3041528095138229e-6
43.35,-4.3627009276543076e-5,5.524766762231e-7
43.36,-4.328509193297127e-5,-1.9756072516100496e-7
43.37,-4.29397865066788e-5,-9.459037803319394e-7
43.38,-4.2591124977482484e-5,-1.69249712887516e-6
43.39,-4.22391395772098e-5,-2.4372856681489965e-6
43.4,-4.188386278669104e-5,-3.180214557137535e-6
43.41,-4.1525327332738056e-5,-3.921229220275251e-6
43.42,-4.1163566185102815e-5,-4.660275351242023e-6
43.43,-4.079861255342336e-5,-5.397298916725434e-6
43.44,-4.043049988414796e-5,-6.1322461601604e-6
43.45,-4.005926185744561e-5,-6.865063605433307e-6
43.46,-3.96849323841025e-5,-7.595698060555819e-6
43.47,-3.9307545602396936e-5,-8.324096621313242e-6
43.48,-3.892713587496473e-5,-9.050206674877648e-6
43.49,-3.854373778564657e-5,-9.773975903392163e-6
43.5,-3.815738613632051e-5,-1.0495352287521187e-5
43.51,-3.7768115943720514e-5,-1.1214284109976193e-5
43.52,-3.737596243623947e-5,-1.193071995900381e-5
43.53,-3.69809610507199e-5,-1.264460873184172e-5
43.54,-3.658314742922994e-5,-1.335589963814894e-5
43.55,-3.6182557415825486e-5,-1.4064542203397661e-5
43.56,-3.577922705329966e-5,-1.4770486272236335e-5
43.57,-3.537319257991989e-5,-1.547368201181642e-5
43.58,-3.4964490426151166e-5,-1.617407991509305e-5
43.59,-3.455315721136739e-5,-1.687163080408504e-5
43.6,-3.413922974055243e-5,-1.7566285833106784e-5
43.61,-3.372274500098618e-5,-1.8257996491965754e-5
43.62,-3.330374015892199e-5,-1.8946714609125635e-5
43.63,-3.2882252556251826e-5,-1.9632392354836156e-5
43.64,-3.245831970716147e-5,-2.031498224422832e-5
43.65,-3.203197929477313e-5,-2.0994437140377067e-5
43.66,-3.160326916777959e-5,-2.1670710257330473e-5
43.67,-3.11722273370684e-5,-2.234375516309972e-5
43.68,-3.0738891972336835e-5,-2.3013525782619247e-5
43.69,-3.0303301398694242e-5,-2.3679976400671837e-5
43.7,-2.9865494093259663e-5,-2.4343061664775574e-5
43.71,-2.9425508681749243e-5,-2.5002736588038135e-5
43.72,-2.898338393505318e-5,-2.5658956551975968e-5
43.73,-2.8539158765806727e-5,-2.6311677309296667e-5
43.74,-2.8092872224953438e-5,-2.696085498664847e-5
43.75,-2.764456349829986e-5,-2.7606446087327877e-5
43.76,-2.7194271903062214e-5,-2.8248407493960393e-5
43.77,-2.6742036884408914e-5,-2.8886696471138666e-5
43.78,-2.6287898011994025e-5,-2.9521270668023955e-5
43.79,-2.5831894976484192e-5,-3.0152088120918852e-5
43.8,-2.537406758608169e-5,-3.07791072557942e-5
43.81,-2.491445576303979e-5,-3.1402286890785795e-5
43.82,-2.4453099540174536e-5,-3.202158623865091e-5
43.83,-2.3990039057367647e-5,-3.2636964909191004e-5
43.84,-2.352531455806959e-5,-3.3248382911636505e-5
43.85,-2.3058966385794777e-5,-3.385580065699137e-5
43.86,-2.2591034980613527e-5,-3.445917896034581e-5
43.87,-2.2121560875639136e-5,-3.505847904314872e-5
43.88,-2.1650584693513062e-5,-3.5653662535443655e-5
43.89,-2.1178147142886545e-5,-3.624469147806436e-5
43.9,-2.0704289014896434e-5,-3.6831528324798366e-5
43.91,-2.022905117964205e-5,-3.741413594450935e-5
43.92,-1.97524745826568e-5,-3.799247762322104e-5
43.93,-1.927460024138016e-5,-3.8566517066165515e-5
43.94,-1.8795469241625776e-5,-3.913621839979264e-5
43.95,-1.8315122734047914e-5,-3.970154617374132e-5
43.96,-1.7833601930608012e-5,-4.026246536277202e-5
43.97,-1.7350948101040793e-5,-4.0818941368663876e-5
43.98,-1.686720256931712e-5,-4.137094002206986e-5
43.99,-1.6382406710108263e-5,-4.191842758433643e-5
44.0,-1.5896601945252352e-5,-4.246137074928204e-5
44.01,-1.5409829740214536e-5,-4.2999736644941565e-5
44.02,-1.4922131600556387e-5,-4.353349283526803e-5
44.03,-1.4433549068397928e-5,-4.406260732179633e-5
44.04,-1.3944123718886666e-5,-4.458704854527192e-5
44.05,-1.3453897156665015e-5,-4.51067853872361e-5
44.06,-1.2962911012340947e-5,-4.562178717157618e-5
44.07,-1.2471206938960532e-5,-4.6132023666032694e-5
44.08,-1.1978826608480648e-5,-4.6637465083674644e-5
44.09,-1.1485811708247469e-5,-4.7138082084329285e-5
44.1,-1.099220393747693e-5,-4.7633845775974006e-5
44.11,-1.0498045003736587e-5,-4.812472771609499e-5
44.12,-1.000337661943299e-5,-4.8610699912999015e-5
44.13,-9.508240498302221e-6,-4.909173482709261e-5
44.14,-9.01267835190497e-6,-4.956780537211641e-5
44.15,-8.516731886124564e-6,-5.00388849163478e-5
44.16,-8.02044279767125e-6,-5.050494728375746e-5
44.17,-7.5238527705900386e-6,-5.0965966755131356e-5
44.18,-7.0270034727765654e-6,-5.1421918069149966e-5
44.19,-6.529936552493918e-6,-5.187277642343428e-5
44.2,-6.032693634898872e-6,-5.231851747554634e-5
44.21,-5.535316318573841e-6,-5.275911734395328e-5
44.22,-5.037846172064246e-6,-5.319455260895498e-5
44.23,-4.5403247304215125e-6,-5.3624800313568075e-5
44.24,-4.042793491755765e-6,-5.40498379643736e-5
44.25,-3.545293913794857e-6,-5.446964353232468e-5
44.26,-3.04786741044827e-6,-5.4884195453516265e-5
44.27,-2.5505553483824222e-6,-5.529347262991507e-5
44.28,-2.053399043603088e-6,-5.5697454430050236e-5
44.29,-1.5564397580433163e-6,-5.6096120689664574e-5
44.3,-1.0597186961647835e-6,-5.6489451712330295e-5
44.31,-5.632770015637843e-7,-5.6877428270020993e-5
44.32,-6.715575358926585e-8,-5.726003160364654e-5
44.33,4.286040360317954e-7,-5.763724342355271e-5
44.34,9.239614265584724e-7,-5.8009045909975453e-5
44.35,1.4188755515877723e-6,-5.837542171346252e-5
44.36,1.9133056224015464e-6,-5.873635395525229e-5
44.37,2.4072109312975618e-6,-5.909182622761622e-5
44.38,2.9005508549128343e-6,-5.944182259416151e-5
44.39,3.3932848575334455e-6,-5.978632759009537e-5
44.4,3.8853724943976486e-6,-6.012532622245234e-5
44.41,4.376773414981353e-6,-6.045880397028071e-5
44.42,4.867447366276773e-6,-6.07867467847919e-5
44.43,5.357354196055494e-6,-6.110914108947215e-5
44.44,5.846453856121899e-6,-6.142597378015492e-5
44.45,6.334706405552522e-6,-6.173723222505472e-5
44.46,6.822072013921861e-6,-6.204290426476524e-5
44.47,7.3085109645170975e-6,-6.234297821221657e-5
44.48,7.793983657537468e-6,-6.263744285259692e-5
44.49,8.27845061328289e-6,-6.292628744323354e-5
44.5,8.761872475322128e-6,-6.32095017134406e-5
44.51,9.244210013656403e-6,-6.348707586432414e-5
44.52,9.725424127861637e-6,-6.375900056855335e-5
44.53,1.0205475850216408e-5,-6.402526697009249e-5
44.54,1.068432634881921e-5,-6.428586668389494e-5
44.55,1.1161936930687358e-5,-6.454079179556386e-5
44.56,1.1638269044840403e-5,-6.479003486096986e-5
44.57,1.2113284285368796e-5,-6.503358890583561e-5
44.58,1.2586944394488453e-5,-6.527144742528293e-5
44.59,1.3059211265576092e-5,-6.550360438334288e-5
44.6,1.3530046946189396e-5,-6.573005421242636e-5
44.61,1.3999413641072338e-5,-6.59507918127647e-5
44.62,1.4467273715141995e-5,-6.616581255180636e-5
44.63,1.4933589696457928e-5,-6.637511226358286e-5
44.64,1.5398324279175615e-5,-6.657868724803406e-5
44.65,1.586144032648296e-5,-6.677653427030139e-5
44.66,1.632290087351739e-5,-6.696865055998297e-5
44.67,1.678266913026589e-5,-6.715503381035275e-5
44.68,1.7240708484446323e-5,-6.733568217754535e-5
44.69,1.7696982504372685e-5,-6.751059427970244e-5
44.7,1.815145494179915e-5,-6.767976919608878e-5
44.71,1.8604089734745588e-5,-6.78432064661669e-5
44.72,1.905485101030671e-5,-6.800090608864196e-5
44.73,1.9503703087438987e-5,-6.815286852046915e-5
44.74,1.9950610479729912e-5,-6.829909467582495e-5
44.75,2.039553789814625e-5,-6.843958592504672e-5
44.76,2.0838450253764824e-5,-6.857434409353716e-5
44.77,2.1279312660481202e-5,-6.870337146063162e-5
44.78,2.17180904376981e-5,-6.882667075843444e-5
44.79,2.215474911299578e-5,-6.894424517062123e-5
44.8,2.258925442477861e-5,-6.905609833120417e-5
44.81,2.3021572324903753e-5,-6.916223432326729e-5
44.82,2.3451668981286037e-5,-6.926265767766567e-5
44.83,2.387951078048441e-5,-6.935737337169313e-5
44.84,2.430506433026546e-5,-6.944638682771545e-5
44.85,2.4728296462144636e-5,-6.952970391177169e-5
44.86,2.5149174233908327e-5,-6.960733093214182e-5
44.87,2.556766493211144e-5,-6.967927463788156e-5
44.88,2.598373607455401e-5,-6.974554221732631e-5
44.89,2.6397355412734804e-5,-6.980614129656218e-5
44.9,2.68084909342846e-5,-6.986107993786326e-5
44.91,2.721711086537324e-5,-6.991036663809979e-5
44.92,2.7623183673097673e-5,-6.995401032711209e-5
44.93,2.8026678067843257e-5,-6.999202036605702e-5
44.94,2.8427563005625902e-5,-7.002440654571675e-5
44.95,2.8825807690407973e-5,-7.005117908478305e-5
44.96,2.9221381576388796e-5,-7.007234862810829e-5
44.97,2.961425437028096e-5,-7.008792624492169e-5
44.98,3.0004396033549846e-5,-7.00979234270235e-5
44.99,3.0391776784638132e-5,-7.010235208694089e-5
45.0,3.077636710116232e-5,-7.010122455606001e-5
45.01,3.115813772208834e-5,-7.009455358272348e-5
45.02,3.153705964987855e-5,-7.008235233030115e-5
45.03,3.191310415261685e-5,-7.006463437523069e-5
45.04,3.2286242766108786e-5,-7.004141370502888e-5
45.05,3.265644729595583e-5,-7.001270471627381e-5
45.06,3.3023689819606525e-5,-6.997852221256006e-5
45.07,3.338794268837853e-5,-6.993888140242287e-5
45.08,3.374917852946123e-5,-6.989379789723536e-5
45.09,3.4107370247888206e-5,-6.984328770907704e-5
45.1,3.446249102848487e-5,-6.978736724857738e-5
45.11,3.4814514337793394e-5,-6.972605332272664e-5
45.12,3.516341392596819e-5,-6.965936313266508e-5
45.13,3.550916382864757e-5,-6.958731427143942e-5
45.14,3.5851738368797744e-5,-6.950992472173843e-5
45.15,3.6191112158533254e-5,-6.942721285359595e-5
45.16,3.652726010090864e-5,-6.933919742207242e-5
45.17,3.686015739168481e-5,-6.924589756490805e-5
45.18,3.7189779521067466e-5,-6.914733280014909e-5
45.19,3.7516102275421914e-5,-6.9043523023751e-5
45.2,3.783910173895869e-5,-6.89344885071547e-5
45.21,3.815875429539137e-5,-6.882024989483822e-5
45.22,3.847503662957169e-5,-6.870082820184133e-5
45.23,3.878792572909235e-5,-6.857624481127084e-5
45.24,3.90973988858669e-5,-6.844652147177439e-5
45.25,3.940343369767954e-5,-6.83116802949971e-5
45.26,3.970600806970954e-5,-6.817174375300888e-5
45.27,4.0005100216026504e-5,-6.802673467571095e-5
45.28,4.030068866106e-5,-6.787667624821881e-5
45.29,4.0592752241039526e-5,-6.772159200822097e-5
45.3,4.0881270105407886e-5,-6.756150584331656e-5
45.31,4.116622171820781e-5,-6.739644198832848e-5
45.32,4.144758685943804e-5,-6.72264250225957e-5
45.33,4.1725345626383577e-5,-6.705147986724263e-5
45.34,4.199947843491761e-5,-6.687163178242767e-5
45.35,4.226996602077428e-5,-6.668690636456903e-5
45.36,4.2536789440795315e-5,-6.64973295435505e-5
45.37,4.2799930074145644e-5,-6.63029275799058e-5
45.38,4.3059369623503383e-5,-6.610372706198135e-5
45.39,4.33150901162188e-5,-6.589975490308092e-5
45.4,4.3567073905448715e-5,-6.569103833858763e-5
45.41,4.3815303671257946e-5,-6.547760492306719e-5
45.42,4.405976242169492e-5,-6.525948252735197e-5
45.43,4.4300433493839755e-5,-6.503669933560454e-5
45.44,4.453730055481719e-5,-6.480928384236534e-5
45.45,4.4770347602792436e-5,-6.457726484957528e-5
45.46,4.499955896792558e-5,-6.434067146358761e-5
45.47,4.5224919313307526e-5,-6.409953309215566e-5
45.48,4.544641363585942e-5,-6.385387944140514e-5
45.49,4.56640272672083e-5,-6.360374051278864e-5
45.5,4.587774587453221e-5,-6.334914660002341e-5
45.51,4.608755546137474e-5,-6.309012828601006e-5
45.52,4.6293442368434275e-5,-6.282671643973622e-5
45.53,4.649539327431983e-5,-6.255894221316415e-5
45.54,4.669339519628162e-5,-6.228683703809963e-5
45.55,4.688743549091136e-5,-6.201043262304833e-5
45.56,4.707750185481148e-5,-6.172976095005272e-5
45.57,4.726358232523856e-5,-6.144485427151769e-5
45.58,4.744566528071579e-5,-6.115574510701868e-5
45.59,4.7623739441616635e-5,-6.086246624009398e-5
45.6,4.779779387071885e-5,-6.056505071502704e-5
45.61,4.796781797373072e-5,-6.0263531833608886e-5
45.62,4.813380149978708e-5,-5.995794315189063e-5
45.63,4.829573454191615e-5,-5.964831847692186e-5
45.64,4.845360753747734e-5,-5.933469186347459e-5
45.65,4.8607411268571435e-5,-5.9017097610754055e-5
45.66,4.875713686241863e-5,-5.869557025909876e-5
45.67,4.890277579171078e-5,-5.837014458666543e-5
45.68,4.9044319874930505e-5,-5.8040855606105165e-5
45.69,4.918176127664672e-5,-5.7707738561223994e-5
45.7,4.931509250777419e-5,-5.7370828923634466e-5
45.71,4.944430642581154e-5,-5.7030162389396466e-5
45.72,4.956939623504299e-5,-5.668577487564396e-5
45.73,4.969035548671622e-5,-5.633770251720441e-5
45.74,4.9807178079188995e-5,-5.598598166320618e-5
45.75,4.991985825804704e-5,-5.5630648873677196e-5
45.76,5.002839061619268e-5,-5.5271740916131175e-5
45.77,5.013277009390545e-5,-5.490929476214705e-5
45.78,5.0232991978873206e-5,-5.454334758393984e-5
45.79,5.0329051906193894e-5,-5.417393675091865e-5
45.8,5.0420945858349626e-5,-5.3801099826240104e-5
45.81,5.050867016515045e-5,-5.342487456335147e-5
45.82,5.0592221503650985e-5,-5.304529890252834e-5
45.83,5.067159689803686e-5,-5.266241096739971e-5
45.84,5.074679371948436e-5,-5.2276249061470834e-5
45.85,5.081780968598799e-5,-5.1886851664636835e-5
45.86,5.088464286216354e-5,-5.1494257429688716e-5
45.87,5.09472916590215e-5,-5.109850517881445e-5
45.88,5.100575483370813e-5,-5.0699633900093065e-5
45.89,5.106003148922475e-5,-5.029768274398347e-5
45.9,5.1110121074113216e-5,-4.989269101980727e-5
45.91,5.115602338211542e-5,-4.948469819222523e-5
45.92,5.119773855180475e-5,-4.9073743877711114e-5
45.93,5.123526706618826e-5,-4.865986784101972e-5
45.94,5.126860975228176e-5,-4.824310999164935e-5
45.95,5.12977677806568e-5,-4.782351038030145e-5
45.96,5.132274266495834e-5,-4.740110919533776e-5
45.97,5.1343536261396914e-5,-4.697594675923027e-5
45.98,5.136015076821097e-5,-4.654806352501151e-5
45.99,5.137258872510237e-5,-4.6117500072719934e-5
46.0,5.138085301264363e-5,-4.568429710584426e-5
46.01,5.138494685165961e-5,-4.524849544776333e-5
46.02,5.138487380257814e-5,-4.481013603818596e-5
46.03,5.138063776475781e-5,-4.436925992958847e-5
46.04,5.1372242975783504e-5,-4.39259082836496e-5
46.05,5.1359694010739e-5,-4.3480122367686334e-5
46.06,5.1342995781450634e-5,-4.3031943551086725e-5
46.07,5.132215353570357e-5,-4.2581413301744944e-5
46.08,5.129717285643196e-5,-4.212857318249232e-5
46.09,5.126805966088169e-5,-4.167346484753151e-5
46.1,5.123482019974781e-5,-4.12161300388701e-5
46.11,5.1197461056283556e-5,-4.0756610582754036e-5
46.12,5.1155989145383494e-5,-4.029494838610253e-5
46.13,5.111041171264186e-5,-3.9831185432944294e-5
46.14,5.106073633338202e-5,-3.9365363780855374e-5
46.15,5.1006970911660625e-5,-3.8897525557398115e-5
46.16,5.094912367924891e-5,-3.842771295656182e-5
46.17,5.088720319458171e-5,-3.7955968235207e-5
46.18,5.082121834168826e-5,-3.748233370951291e-5
46.19,5.075117832908905e-5,-3.7006851751423635e-5
46.2,5.0677092688676e-5,-3.652956478510242e-5
46.21,5.059897127455935e-5,-3.605051528338803e-5
46.22,5.051682426189445e-5,-3.556974576425194e-5
46.23,5.043066214568109e-5,-3.5087298787263565e-5
46.24,5.0340495739537795e-5,-3.4603216950057095e-5
46.25,5.0246336174453204e-5,-3.4117542884805224e-5
46.26,5.014819489750948e-5,-3.3630319254694094e-5
46.27,5.0046083670584263e-5,-3.3141588750407035e-5
46.28,4.994001456902619e-5,-3.265139408661305e-5
46.29,4.9829999980305944e-5,-3.215977799845795e-5
46.3,4.971605260264567e-5,-3.1666783238065156e-5
46.31,4.959818544361948e-5,-3.1172452571040674e-5
46.32,4.947641181873716e-5,-3.0676828772986615e-5
46.33,4.935074534999554e-5,-3.0179954626016847e-5
46.34,4.922119996441439e-5,-2.9681872915285393e-5
46.35,4.9087789892542765e-5,-2.9182626425519448e-5
46.36,4.895052966694567e-5,-2.868225793755853e-5
46.37,4.880943412066578e-5,-2.8180810224903206e-5
46.38,4.8664518385663775e-5,-2.7678326050273083e-5
46.39,4.8515797891233226e-5,-2.7174848162170625e-5
46.4,4.83632883623961e-5,-2.6670419291454913e-5
46.41,4.82070058182727e-5,-2.6165082147923756e-5
46.42,4.8046966570431976e-5,-2.565887941690493e-5
46.43,4.788318722121721e-5,-2.5151853755859348e-5
46.44,4.771568466205102e-5,-2.4644047790988167e-5
46.45,4.754447607171942e-5,-2.4135504113855262e-5
46.46,4.7369578914630264e-5,-2.3626265278019522e-5
46.47,4.719101093905767e-5,-2.3116373795671506e-5
46.48,4.70087901753561e-5,-2.2605872134288952e-5
46.49,4.682293493415927e-5,-2.2094802713297778e-5
46.5,4.663346380455752e-5,-2.158320790074699e-5
46.51,4.6440395652251266e-5,-2.107113000999208e-5
46.52,4.6243749617687785e-5,-2.0558611296392983e-5
46.53,4.604354511417455e-5,-2.0045693954024072e-5
46.54,4.583980182597371e-5,-1.953242011239196e-5
46.55,4.5632539706377015e-5,-1.9018831833171534e-5
46.56,4.5421778975758414e-5,-1.85049711069501e-5
46.57,4.520754011961008e-5,-1.7990879849988127e-5
46.58,4.498984388655693e-5,-1.747659990098851e-5
46.59,4.4768711286351814e-5,-1.69621730178835e-5
46.6,4.4544163587853535e-5,-1.6447640874633486e-5
46.61,4.4316222316982966e-5,-1.5933045058038258e-5
46.62,4.4084909254662854e-5,-1.5418427064564983e-5
46.63,4.385024643473698e-5,-1.4903828297187672e-5
46.64,4.361225614187544e-5,-1.438929006224383e-5
46.65,4.337096090945183e-5,-1.3874853566304009e-5
46.66,4.3126383517417544e-5,-1.3360559913055181e-5
46.67,4.287854699014366e-5,-1.2846450100203638e-5
46.68,4.262747459425407e-5,-1.233256501638893e-5
46.69,4.237318983643704e-5,-1.1818945438113773e-5
46.7,4.211571646124332e-5,-1.1305632026692981e-5
46.71,4.185507844886406e-5,-1.0792665325215973e-5
46.72,4.159130001289275e-5,-1.0280085755524414e-5
46.73,4.132440559807147e-5,-9.767933615209175e-6
46.74,4.1054419878020756e-5,-9.256249074621435e-6
46.75,4.078136775295238e-5,-8.745072173904558e-6
46.76,4.050527434736694e-5,-8.23444282003584e-6
46.77,4.0226165007734694e-5,-7.724400783893018e-6
46.78,3.99440653001638e-5,-7.2149856973354755e-6
46.79,3.9659001008049365e-5,-6.7062370503003534e-6
46.8,3.937099812971068e-5,-6.198194187921627e-6
46.81,3.9080082876009724e-5,-5.6908963076622225e-6
46.82,3.878628166796185e-5,-5.1843824564699e-6
46.83,3.84896211343236e-5,-4.6786915279449085e-6
46.84,3.819012810917265e-5,-4.173862259532857e-6
46.85,3.78878296294713e-5,-3.6699332297326657e-6
46.86,3.7582752932616266e-5,-3.1669428553232047e-6
46.87,3.7274925453974396e-5,-2.664929388611684e-6
46.88,3.696437482440741e-5,-2.163930914699377e-6
46.89,3.66511288677814e-5,-1.663985348768729e-6
46.9,3.6335215598463355e-5,-1.165130433387175e-6
46.91,3.6016663218805316e-5,-6.674037358348305e-7
46.92,3.569550011661809e-5,-1.7084264544858044e-7
46.93,3.537175486263163e-5,3.245156290101651e-7
46.94,3.504545620793901e-5,8.186340619699517e-7
46.95,3.471663308143656e-5,1.3114758136424388e-6
46.96,3.4385314587247254e-5,1.8030042325923291e-6
46.97,3.405153000213342e-5,2.2931828582911e-6
46.98,3.371530877289979e-5,2.7819754236456887e-6
46.99,3.3376680513784165e-5,3.2693458575072516e-6
47.0,3.303567500383935e-5,3.755258287156966e-6
47.01,3.269232218430237e-5,4.239677040774113e-6
47.02,3.2346652155955044e-5,4.722566649879333e-6
47.03,3.1998695176475325e-5,5.203891851753554e-6
47.04,3.164848165777599e-5,5.6836175918428106e-6
47.05,3.129604216333826e-5,6.161709026131879e-6
47.06,3.094140740553121e-5,6.638131523501871e-6
47.07,3.058460824292711e-5,7.112850668060989e-6
47.08,3.022567567760424e-5,7.585832261456687e-6
47.09,2.9864640852441478e-5,8.057042325162883e-6
47.1,2.9501535048409818e-5,8.526447102742454e-6
47.11,2.9136389681846616e-5,8.994013062090557e-6
47.12,2.8769236301730924e-5,9.459706897652634e-6
47.13,2.840010658694425e-5,9.923495532618897e-6
47.14,2.8029032343531237e-5,1.0385346121094735e-5
47.15,2.7656045501944488e-5,1.0845226050250521e-5
47.16,2.7281178114290683e-5,1.1303102942445026e-5
47.17,2.6904462351564422e-5,1.1758944657325523e-5
47.18,2.652593050087956e-5,1.2212719293903727e-5
47.19,2.6145614962690462e-5,1.2664395192608828e-5
47.2,2.5763548248010752e-5,1.311394093731632e-5
47.21,2.537976297562531e-5,1.3561325357350117e-5
47.22,2.499429186929551e-5,1.400651752946309e-5
47.23,2.460716775496086e-5,1.4449486779792319e-5
47.24,2.421842355793445e-5,1.4890202685788724e-5
47.25,2.3828092300096036e-5,1.53286350781222e-5
47.26,2.3436207097076288e-5,1.5764754042563564e-5
47.27,2.304280115544108e-5,1.6198529921840465e-5
47.28,2.2647907769869875e-5,1.66299333174666e-5
47.29,2.2251560320329507e-5,1.705893509154868e-5
47.3,2.18537922692461e-5,1.7485506368566885e-5
47.31,2.145463715867204e-5,1.790961853712986e-5
47.32,2.1054128607453075e-5,1.8331243251703663e-5
47.33,2.0652300308386704e-5,1.8750352434317524e-5
47.34,2.0249186025383515e-5,1.91669182762416e-5
47.35,1.9844819590624838e-5,1.9580913239639678e-5
47.36,1.9439234901715732e-5,1.9992310059197692e-5
47.37,1.903246591883849e-5,2.040108174372451e-5
47.38,1.8624546661904346e-5,2.0807201577727464e-5
47.39,1.8215511207702442e-5,2.121064312296275e-5
47.4,1.78053936870517e-5,2.1611380219956902e-5
47.41,1.7394228281941137e-5,2.2009386989508485e-5
47.42,1.6982049222684543e-5,2.240463783415586e-5
47.43,1.656889078506368e-5,2.279710743962254e-5
47.44,1.6154787287474272e-5,2.3186770776238897e-5
47.45,1.5739773088072383e-5,2.3573603100331604e-5
47.46,1.5323882581922234e-5,2.395757995559101e-5
47.47,1.4907150198141173e-5,2.433867717441169e-5
47.48,1.448961039704871e-5,2.471687087920374e-5
47.49,1.4071297667314181e-5,2.5092137483680893e-5
47.5,1.365224652310805e-5,2.546445369411983e-5
47.51,1.3232491501250825e-5,2.5833796510593465e-5
47.52,1.2812067158366896e-5,2.620014322817791e-5
47.53,1.2391008068040309e-5,2.6563471438131988e-5
47.54,1.1969348817969562e-5,2.6923759029050647e-5
47.55,1.1547124007127268e-5,2.7280984187990816e-5
47.56,1.112436824292192e-5,2.7635125401571955e-5
47.57,1.0701116138363867e-5,2.7986161457046286e-5
47.58,1.0277402309229323e-5,2.8334071443347278e-5
47.59,9.853261371233383e-6,2.8678834752106375e-5
47.6,9.42872793720449e-6,2.9020431078645026e-5
47.61,9.00383661426088e-6,2.9358840422940305e-5
47.62,8.578622000992929e-6,2.9694043090561495e-5
47.63,8.153118684648943e-6,3.0026019693582086e-5
47.64,7.727361238326425e-6,3.035475115146161e-5
47.65,7.301384218166027e-6,3.06802186919037e-5
47.66,6.8752221605507186e-6,3.100240385168516e-5
47.67,6.448909579312275e-6,3.132128847745917e-5
47.68,6.022480962940202e-6,3.163685472652847e-5
47.69,5.5959707717979205e-6,3.194908506759541e-5
47.7,5.169413435343609e-6,3.2257962281484035e-5
47.71,4.7428433493581824e-6,3.2563469461830995e-5
47.72,4.316294873177937e-6,3.2865590015755245e-5
47.73,3.889802326934694e-6,3.316430766449692e-5
47.74,3.463399988802553e-6,3.345960644403113e-5
47.75,3.0371220922512022e-6,3.375147070565038e-5
47.76,2.6110028233056496e-6,3.403988511652797e-5
47.77,2.1850763178140114e-6,3.432483466024582e-5
47.78,1.759376658723476e-6,3.460630463730113e-5
47.79,1.333937873361525e-6,3.488428066558289e-5
47.8,9.08793930727066e-7,3.5158748680822874e-5
47.81,4.839787387901608e-7,3.542969493701886e-5
47.82,5.9526141798232827e-8,3.5697106006831094e-5
47.83,-3.645300824084887e-7,3.596096878195294e-5
47.84,-7.881562250724802e-7,3.6221270473452396e-5
47.85,-1.2113186491848363e-6,3.6477998612088634e-5
47.86,-1.6339837921428896e-6,3.6731141048601026e-5
47.87,-2.0561181684025515e-6,3.698068595397069e-5
47.88,-2.477688372108177e-6,3.722662181965718e-5
47.89,-2.8986610797288234e-6,3.74689374578063e-5
47.9,-3.319003052675136e-6,3.770762200143202e-5
47.91,-3.7386811399072982e-6,3.7942664904572715e-5
47.92,-4.157662280533222e-6,3.81740559424193e-5
47.93,-4.575913506396215e-6,3.840178521141652e-5
47.94,-4.993401944653284e-6,3.862584312934154e-5
47.95,-5.410094820339404e-6,3.8846220435350014e-5
47.96,-5.825959458923116e-6,3.90629081900003e-5
47.97,-6.240963288849369e-6,3.927589777525074e-5
47.98,-6.655073844071611e-6,3.948518089442809e-5
47.99,-7.06825876657255e-6,3.969074957217345e-5
48.0,-7.480485808870396e-6,3.9892596154358196e-5
48.01,-7.891722836516545e-6,4.0090713307976736e-5
48.02,-8.301937830579262e-6,4.02850940210121e-5
48.03,-8.711098890112806e-6,4.047573160227582e-5
48.04,-9.119174234618045e-6,4.066261968122027e-5
48.05,-9.526132206487279e-6,4.084575220772917e-5
48.06,-9.931941273435555e-6,4.102512345187705e-5
48.07,-1.0336570030921454e-5,4.1200728003667236e-5
48.08,-1.0739987204552068e-5,4.137256077274289e-5
48.09,-1.1142161652475152e-5,4.154061698807154e-5
48.1,-1.1543062367757234e-5,4.1704892197605223e-5
48.11,-1.1942658480748769e-5,4.1865382267915225e-5
48.12,-1.234091926143311e-5,4.2022083383801645e-5
48.13,-1.2737814121763937e-5,4.217499204787679e-5
48.14,-1.3133312617985165e-5,4.2324105080123303e-5
48.15,-1.3527384452937448e-5,4.246941961743178e-5
48.16,-1.3919999478353122e-5,4.261093311310419e-5
48.17,-1.4311127697128971e-5,4.274864333634335e-5
48.18,-1.4700739265590336e-5,4.288254837170872e-5
48.19,-1.5088804495736705e-5,4.301264661855338e-5
48.2,-1.547529385747292e-5,4.3138936790432755e-5
48.21,-1.5860177980824168e-5,4.3261417914491944e-5
48.22,-1.6243427658135057e-5,4.3380089330826205e-5
48.23,-1.6625013846253463e-5,4.3494950691818814e-5
48.24,-1.700490766869776e-5,4.3606001961453924e-5
48.25,-1.7383080417806823e-5,4.3713243414604824e-5
48.26,-1.775950355687573e-5,4.381667563630224e-5
48.27,-1.813414872227268e-5,4.391629952097197e-5
48.28,-1.8506987725540052e-5,4.40121162716556e-5
48.29,-1.8877992555479595e-5,4.410412739920303e-5
48.3,-1.9247135380218372e-5,4.419233472144443e-5
48.31,-1.9614388549259098e-5,4.4276740362336854e-5
48.32,-1.99797245955125e-5,4.435734675108979e-5
48.33,-2.0343116237312525e-5,4.443415662126423e-5
48.34,-2.070453638041409e-5,4.450717300985319e-5
48.35,-2.1063958119971035e-5,4.457639925633614e-5
48.36,-2.142135474250015e-5,4.464183900171123e-5
48.37,-2.1776699727823673e-5,4.4703496187506625e-5
48.38,-2.2129966750993526e-5,4.476137505476761e-5
48.39,-2.2481129684200126e-5,4.481548014302146e-5
48.4,-2.2830162598660796e-5,4.486581628922207e-5
48.41,-2.317703976648829e-5,4.491238862666957e-5
48.42,-2.352173566254499e-5,4.495520258391107e-5
48.43,-2.3864224966271235e-5,4.499426388361661e-5
48.44,-2.4204482563502718e-5,4.5029578541436904e-5
48.45,-2.4542483548263208e-5,4.506115286483601e-5
48.46,-2.4878203224538924e-5,4.508899345190546e-5
48.47,-2.5211617108035807e-5,4.511310719015595e-5
48.48,-2.5542700927915397e-5,4.513350125528764e-5
48.49,-2.5871430628510966e-5,4.5150183109940737e-5
48.5,-2.619778237102548e-5,4.516316050242435e-5
48.51,-2.652173253520815e-5,4.517244146542453e-5
48.52,-2.684325772101284e-5,4.5178034314693326e-5
48.53,-2.7162334750234112e-5,4.5179947647715584e-5
48.54,-2.7478940668125225e-5,4.517819034235778e-5
48.55,-2.779305274499537e-5,4.5172771555493486e-5
48.56,-2.810464847778569e-5,4.516370072161361e-5
48.57,-2.8413705591624994e-5,4.515098755141319e-5
48.58,-2.8720202041366926e-5,4.5134642030359654e-5
48.59,-2.902411601310381e-5,4.511467441724265e-5
48.6,-2.9325425925660834e-5,4.509109524270406e-5
48.61,-2.9624110432069528e-5,4.506391530774881e-5
48.62,-2.9920148421022385e-5,4.5033145682235834e-5
48.63,-3.021351901829999e-5,4.4998797703354006e-5
48.64,-3.050420158818442e-5,4.496088297407447e-5
48.65,-3.079217573484868e-5,4.4919413361588e-5
48.66,-3.107742130372265e-5,4.4874400995723495e-5
48.67,-3.1359918382841355e-5,4.4825858267347605e-5
48.68,-3.163964730416817e-5,4.477379782674764e-5
48.69,-3.191658864489979e-5,4.471823258199539e-5
48.7,-3.219072322874817e-5,4.465917569729523e-5
48.71,-3.2462032127198866e-5,4.459664059131275e-5
48.72,-3.2730496660751825e-5,4.453064093548831e-5
48.73,-3.299609840013665e-5,4.446119065233169e-5
48.74,-3.325881916750751e-5,4.438830391370162e-5
48.75,-3.351864103761586e-5,4.43119951390677e-5
48.76,-3.377554633896108e-5,4.423227899375568e-5
48.77,-3.402951765491962e-5,4.414917038717643e-5
48.78,-3.428053782485024e-5,4.406268447104109e-5
48.79,-3.452858994517884e-5,4.397283663755619e-5
48.8,-3.4773657370460516e-5,4.3879642517606026e-5
48.81,-3.501572371441998e-5,4.378311797891894e-5
48.82,-3.525477285096521e-5,4.3683279124218586e-5
48.83,-3.54907889151863e-5,4.358014228935742e-5
48.84,-3.572375630432491e-5,4.3473724041439646e-5
48.85,-3.595365967872495e-5,4.3364041176924914e-5
48.86,-3.618048396275979e-5,4.325111071972031e-5
48.87,-3.640421434573466e-5,4.313494991925733e-5
48.88,-3.662483628277155e-5,4.3015576248553e-5
48.89,-3.684233549566546e-5,4.2893007402259596e-5
48.9,-3.70566979737195e-5,4.276726129469881e-5
48.91,-3.726790997456293e-5,4.2638356057881266e-5
48.92,-3.747595802493747e-5,4.250631003951528e-5
48.93,-3.768082892146464e-5,4.237114180100128e-5
48.94,-3.788250973139364e-5,4.223287011541119e-5
48.95,-3.808098779331977e-5,4.209151396545739e-5
48.96,-3.827625071788476e-5,4.194709254144852e-5
48.97,-3.8468286388451635e-5,4.1799625239231114e-5
48.98,-3.8657082961758766e-5,4.164913165812177e-5
48.99,-3.8842628868547336e-5,4.149563159882431e-5
49.0,-3.902491281416941e-5,4.133914506133699e-5
49.01,-3.9203923779170425e-5,4.11796922428472e-5
49.02,-3.937965101985053e-5,4.101729353561451e-5
49.03,-3.9552084068800034e-5,4.0851969524844026e-5
49.04,-3.972121273541572e-5,4.068374098654494e-5
49.05,-3.9887027106389086e-5,4.051262888538308e-5
49.06,-4.0049517546176355e-5,4.033865437251805e-5
49.07,-4.020867469744102e-5,4.016183878343415e-5
49.08,-4.036448948147638e-5,3.998220363575685e-5
49.09,-4.051695309860464e-5,3.9799770627062105e-5
49.1,-4.0666057028548184e-5,3.961456163267571e-5
49.11,-4.081179303078574e-5,3.942659870346043e-5
49.12,-4.0954153144878216e-5,3.923590406359645e-5
49.13,-4.109312969077508e-5,3.9042500108350596e-5
49.14,-4.12287152690963e-5,3.8846409401838514e-5
49.15,-4.136090276139183e-5,3.8647654674774954e-5
49.16,-4.148968533037667e-5,3.84462588222189e-5
49.17,-4.161505642014463e-5,3.824224490130698e-5
49.18,-4.173700975635767e-5,3.803563612898128e-5
49.19,-4.185553934641152e-5,3.78264558797074e-5
49.2,-4.197063947958048e-5,3.7614727683184966e-5
49.21,-4.2082304727137114e-5,3.7400475222050894e-5
49.22,-4.219052994244894e-5,3.7183722329575297e-5
49.23,-4.229531026105453e-5,3.696449298734954e-5
49.24,-4.2396641100711864e-5,3.674281132296756e-5
49.25,-4.249451816142912e-5,3.6518701607701e-5
49.26,-4.258893742546878e-5,3.62921882541662e-5
49.27,-4.2679895157330696e-5,3.6063295813986266e-5
49.28,-4.276738790370969e-5,3.583204897544671e-5
49.29,-4.285141249343497e-5,3.559847256114413e-5
49.3,-4.2931966037381626e-5,3.536259152563006e-5
49.31,-4.300904592836255e-5,3.512443095304877e-5
49.32,-4.3082649840996056e-5,3.488401605477041e-5
49.33,-4.315277573155219e-5,3.4641372167017564e-5
49.34,-4.321942183777571e-5,3.4396524748487875e-5
49.35,-4.328258667868438e-5,3.4149499377972955e-5
49.36,-4.334226905434911e-5,3.390032175196971e-5
49.37,-4.339846804564658e-5,3.3649017682291127e-5
49.38,-4.345118301399465e-5,3.3395613093668215e-5
49.39,-4.350041360106002e-5,3.31401340213543e-5
49.4,-4.354615972844786e-5,3.288260660871922e-5
49.41,-4.3588421597365556e-5,3.2623057104844226e-5
49.42,-4.3627199688267204e-5,3.236151186211166e-5
49.43,-4.3662494760474394e-5,3.209799733379345e-5
49.44,-4.369430785177503e-5,3.1832540071632756e-5
49.45,-4.3722640278000174e-5,3.156516672342796e-5
49.46,-4.374749363257778e-5,3.1295904030611104e-5
49.47,-4.376886978606769e-5,3.1024778825824084e-5
49.48,-4.378677088567023e-5,3.075181803049373e-5
49.49,-4.380119935471705e-5,3.0477048652404764e-5
49.5,-4.3812157892137495e-5,3.0200497783271785e-5
49.51,-4.381964947190476e-5,2.992219259630748e-5
49.52,-4.3823677342459224e-5,2.964216034379225e-5
49.53,-4.3824245026112484e-5,2.936042835464148e-5
49.54,-4.382135631842692e-5,2.9077024031972186e-5
49.55,-4.3815015287576116e-5,2.8791974850668565e-5
49.56,-4.3805226273683694e-5,2.85053083549482e-5
49.57,-4.379199388813951e-5,2.821705215592735e-5
49.58,-4.3775323012896846e-5,2.792723392918526e-5
49.59,-4.3755218799746804e-5,2.7635881412330715e-5
49.6,-4.373168666957283e-5,2.7343022402568003e-5
49.61,-4.370473231158353e-5,2.7048684754261867e-5
49.62,-4.367436168252571e-5,2.675289637650612e-5
49.63,-4.3640581005875574e-5,2.6455685230690806e-5
49.64,-4.360339677101074e-5,2.6157079328072747e-5
49.65,-4.356281573236031e-5,2.585710672734438e-5
49.66,-4.351884490853551e-5,2.5555795532207673e-5
49.67,-4.34714915814394e-5,2.5253173888946716e-5
49.68,-4.34207632953567e-5,2.4949269984005348e-5
49.69,-4.3366667856024496e-5,2.4644112041563303e-5
49.7,-4.330921332968113e-5,2.433772832111781e-5
49.71,-4.324840804209567e-5,2.403014711506707e-5
49.72,-4.3184260577579085e-5,2.372139674629435e-5
49.73,-4.3116779777973487e-5,2.341150556575821e-5
49.74,-4.304597474162418e-5,2.3100501950083063e-5
49.75,-4.2971854822329775e-5,2.2788414299155884e-5
49.76,-4.289442962827503e-5,2.2475271033722935e-5
49.77,-4.281370902094332e-5,2.2161100592992964e-5
49.78,-4.272970311401055e-5,2.1845931432244415e-5
49.79,-4.264242227221923e-5,2.1529792020433633e-5
49.8,-4.255187711023466e-5,2.1212710837810908e-5
49.81,-4.245807849148226e-5,2.089471637353895e-5
49.82,-4.236103752696473e-5,2.0575837123317377e-5
49.83,-4.226076557406288e-5,2.025610158700993e-5
49.84,-4.215727423531802e-5,1.993553826627795e-5
49.85,-4.2050575357191014e-5,1.9614175662221476e-5
49.86,-4.194068102881223e-5,1.9292042273020053e-5
49.87,-4.1827603580705596e-5,1.8969166591584803e-5
49.88,-4.171135558349732e-5,1.8645577103212168e-5
49.89,-4.1591949846609605e-5,1.8321302283247522e-5
49.9,-4.1469399416930925e-5,1.7996370594749558e-5
49.91,-4.1343717577475176e-5,1.7670810486166907e-5
49.92,-4.121491784601773e-5,1.7344650389016263e-5
49.93,-4.108301397371879e-5,1.701791871557133e-5
49.94,-4.094801994372693e-5,1.6690643856554628e-5
49.95,-4.080994996976605e-5,1.6362854178838325e-5
49.96,-4.066881849470665e-5,1.6034578023154717e-5
49.97,-4.052464018911917e-5,1.5705843701807873e-5
49.98,-4.037742994981136e-5,1.537667949639884e-5
49.99,-4.0227202898348736e-5,1.5047113655554954e-5
50.0,-4.0073974379559867e-5,1.4717174392669046e-5
50.01,-3.991775996002395e-5,1.4386889883645632e-5
50.02,-3.975857542654369e-5,1.4056288264654179e-5
50.03,-3.959643678460194e-5,1.372539762989433e-5
50.04,-3.943136025680211e-5,1.3394246029366011e-5
50.05,-3.926336228129374e-5,1.3062861466649543e-5
50.06,-3.909245951018284e-5,1.2731271896695028e-5
50.07,-3.891866880792512e-5,1.2399505223621646e-5
50.08,-3.8742007249707564e-5,1.2067589298522547e-5
50.09,-3.856249211981144e-5,1.1735551917283855e-5
50.1,-3.838014090996307e-5,1.1403420818410038e-5
50.11,-3.819497131766834e-5,1.107122368085911e-5
50.12,-3.800700124453352e-5,1.0738988121889275e-5
50.13,-3.781624879457166e-5,1.0406741694914851e-5
50.14,-3.762273227249547e-5,1.0074511887371599e-5
50.15,-3.7426470181994186e-5,9.742326118592538e-6
50.16,-3.7227481223998795e-5,9.410211737696193e-6
50.17,-3.702578429493202e-5,9.0781960214817e-6
50.18,-3.68213984849465e-5,8.746306172339127e-6
50.19,-3.6614343076146626e-5,8.414569316166834e-6
50.2,-3.640463754080064e-5,8.083012500301347e-6
50.21,-3.6192301539537584e-5,7.75166269146095e-6
50.22,-3.5977354919531615e-5,7.4205467736948166e-6
50.23,-3.5759817712673684e-5,7.0896915463501606e-6
50.24,-3.553971013373083e-5,6.759123722045404e-6
50.25,-3.531705257849405e-5,6.4288699246607765e-6
50.26,-3.5091865621910956e-5,6.0989566873345616e-6
50.27,-3.486417001621035e-5,5.769410450476242e-6
50.28,-3.463398668901171e-5,5.440257559791056e-6
50.29,-3.4401336741424606e-5,5.111524264313883e-6
50.3,-3.416624144613539e-5,4.783236714460418e-6
50.31,-3.392872224548479e-5,4.45542096008421e-6
50.32,-3.368880074953111e-5,4.128102948557148e-6
50.33,-3.3446498734105024e-5,3.80130852284967e-6
50.34,-3.320183813885175e-5,3.4750634196341096e-6
50.35,-3.2954841065264496e-5,3.1493932673973297e-6
50.36,-3.2705529774704865e-5,2.8243235845660833e-6
50.37,-3.2453926686414984e-5,2.4998797776469576e-6
50.38,-3.220005437551836e-5,2.1760871393796358e-6
50.39,-3.19439355710124e-5,1.8529708469042117e-6
50.4,-3.168559315374752e-5,1.5305559599404095e-6
50.41,-3.142505015440092e-5,1.208867418983156e-6
50.42,-3.116232975143805e-5,8.879300435103381e-7
50.43,-3.089745526906598e-5,5.677685302061583e-7
50.44,-3.0630450175177426e-5,2.4840745119681647e-7
50.45,-3.0361338079285043e-5,-7.012874769757962e-8
50.46,-3.0090142730449298e-5,-3.8781574869742673e-7
50.47,-2.981688801519448e-5,-7.046293637838375e-7
50.48,-2.9541597955419053e-5,-1.0205455364032544e-6
50.49,-2.9264296706296193e-5,-1.3355403431585424e-6
50.5,-2.8985008554168476e-5,-1.649589995482863e-6
50.51,-2.8703757914430824e-5,-1.9626708413022326e-6
50.52,-2.842056932940968e-5,-2.2747593666791277e-6
50.53,-2.8135467466233682e-5,-2.5858321974425947e-6
50.54,-2.7848477114694475e-5,-2.8958661008044576e-6
50.55,-2.7559623185104887e-5,-3.2048379869568844e-6
50.56,-2.7268930706145796e-5,-3.512724910656943e-6
50.57,-2.6976424822709963e-5,-3.819504072795062e-6
50.58,-2.6682130793736122e-5,-4.125152821946542e-6
50.59,-2.6386073990039042e-5,-4.429648655909572e-6
50.6,-2.6088279892132503e-5,-4.732969223224048e-6
50.61,-2.5788774088045892e-5,-5.03509232467832e-6
50.62,-2.5487582271135555e-5,-5.335995914796156e-6
50.63,-2.518473023789046e-5,-5.635658103310892e-6
50.64,-2.4880243885732758e-5,-5.9340571566195805e-6
50.65,-2.457414921081126e-5,-6.231171499224516e-6
50.66,-2.4266472305793028e-5,-6.5269797151562e-6
50.67,-2.395723935764652e-5,-6.82146054938005e-6
50.68,-2.364647664542327e-5,-7.114592909186465e-6
50.69,-2.3334210538032575e-5,-7.406355865565254e-6
50.7,-2.3020467492012905e-5,-7.696728654562535e-6
50.71,-2.2705274049300628e-5,-7.985690678619075e-6
50.72,-2.238865683499039e-5,-8.273221507895739e-6
50.73,-2.207064255509702e-5,-8.559300881578901e-6
50.74,-2.1751257994310423e-5,-8.843908709169084e-6
50.75,-2.143053001374855e-5,-9.127025071753116e-6
50.76,-2.1108485548706275e-5,-9.40863022325954e-6
50.77,-2.078515160640143e-5,-9.688704591696243e-6
50.78,-2.0460555263719377e-5,-9.967228780369757e-6
50.79,-2.013472366495246e-5,-1.0244183569089319e-5
50.8,-1.9807684019538658e-5,-1.0519549915351712e-5
50.81,-1.9479463599798136e-5,-1.0793308955509596e-5
50.82,-1.9150089738667446e-5,-1.1065442005921862e-5
50.83,-1.8819589827430164e-5,-1.1335930564085968e-5
50.84,-1.848799131344839e-5,-1.1604756309753907e-5
50.85,-1.8155321697891837e-5,-1.1871901106029175e-5
50.86,-1.7821608533463733e-5,-1.213734700044602e-5
50.87,-1.7486879422128965e-5,-1.2401076226032272e-5
50.88,-1.7151162012837518e-5,-1.266307120235271e-5
50.89,-1.6814483999251222e-5,-1.2923314536534484e-5
50.9,-1.6476873117465822e-5,-1.3181789024276265e-5
50.91,-1.6138357143735067e-5,-1.3438477650837608e-5
50.92,-1.5798963892193974e-5,-1.36933635920116e-5
50.93,-1.5458721212583056e-5,-1.3946430215077428e-5
50.94,-1.5117656987969943e-5,-1.4197661079737469e-5
50.95,-1.4775799132473799e-5,-1.44470399390343e-5
50.96,-1.4433175588990766e-5,-1.4694550740250399e-5
50.97,-1.4089814326916549e-5,-1.4940177625788108e-5
50.98,-1.374574333987402e-5,-1.5183904934034381e-5
50.99,-1.3400990643438762e-5,-1.5425717200204084e-5
51.0,-1.3055584272868571e-5,-1.5665599157165644e-5
51.01,-1.27095522808316e-5,-1.5903535736250186e-5
51.02,-1.236292273513726e-5,-1.613951206804064e-5
51.03,-1.2015723716471194e-5,-1.637351348314185e-5
51.04,-1.16679833161274e-5,-1.6605525512933802e-5
51.05,-1.1319729633746831e-5,-1.683553389030656e-5
51.06,-1.0970990775055216e-5,-1.706352455037391e-5
51.07,-1.0621794849607752e-5,-1.7289483631172253e-5
51.08,-1.0272169968530223e-5,-1.7513397474338057e-5
51.09,-9.922144242267737e-6,-1.77352526257685e-5
51.1,-9.571745778336344e-6,-1.795503583626266e-5
51.11,-9.221002679073916e-6,-1.817273406214492e-5
51.12,-8.869943039399413e-6,-1.8388334465868278e-5
51.13,-8.51859494457187e-6,-1.8601824416601606e-5
51.14,-8.166986467956794e-6,-1.88131914907951e-5
51.15,-7.815145668791805e-6,-1.9022423472730313e-5
51.16,-7.463100589960372e-6,-1.922950835504957e-5
51.17,-7.110879255768583e-6,-1.9434434339266858e-5
51.18,-6.758509669725865e-6,-1.963718983626144e-5
51.19,-6.406019812330126e-6,-1.9837763466751634e-5
51.2,-6.053437638858813e-6,-2.0036144061749596e-5
51.21,-5.7007910771650285e-6,-2.0232320662999492e-5
51.22,-5.348108025476083e-6,-2.0426282523395314e-5
51.23,-4.995416350201058e-6,-2.061801910738039e-5
51.24,-4.642743883741925e-6,-2.0807520091329025e-5
51.25,-4.29011842230981e-6,-2.099477536390814e-5
51.26,-3.937567723748767e-6,-2.117977502642223e-5
51.27,-3.585119505363337e-6,-2.136250939313897e-5
51.28,-3.232801441755306e-6,-2.1542968991594864e-5
51.29,-2.880641162663047e-6,-2.1721144562885e-5
51.3,-2.5286662508102707e-6,-2.189702706193234e-5
51.31,-2.1769042397604413e-6,-2.2070607657738835e-5
51.32,-1.8253826117780775e-6,-2.2241877733618978e-5
51.33,-1.4741287956959146e-6,-2.241082888741412e-5
51.34,-1.1231701647919126e-6,-2.257745293168743e-5
51.35,-7.725340346709659e-7,-2.274174189390405e-5
51.36,-4.22247661153868e-7,-2.2903688016587473e-5
51.37,-7.233823817766495e-8,-2.306328375746277e-5
51.38,2.771671043013594e-7,-2.3220521789578235e-5
51.39,6.262413023921465e-7,-2.3375395001408944e-5
51.4,9.748573603492083e-7,-2.352789649694433e-5
51.41,1.322988352641689e-6,-2.3678019595755427e-5
51.42,1.670607426015753e-6,-2.3825757833044466e-5
51.43,2.017687801546473e-6,-2.397110495967574e-5
51.44,2.364202776684476e-6,-2.4114054942190466e-5
51.45,2.710125727289935e-6,-2.425460196280098e-5
51.46,3.0554301096593125e-6,-2.4392740419368245e-5
51.47,3.4000894625438828e-6,-2.4528464925361278e-5
51.48,3.7440774091564715e-6,-2.4661770309798492e-5
51.49,4.087367659171303e-6,-2.4792651617171363e-5
51.5,4.429934010711498e-6,-2.492110410734901e-5
51.51,4.771750352329583e-6,-2.5047123255467525e-5
51.52,5.1127906649770555e-6,-2.517070475179868e-5
51.53,5.453029023961423e-6,-2.529184450160225e-5
51.54,5.792439600897947e-6,-2.5410538624962038e-5
51.55,6.130996665646639e-6,-2.5526783456601114e-5
51.56,6.468674588241062e-6,-2.5640575545682384e-5
51.57,6.805447840805436e-6,-2.5751911655590267e-5
51.58,7.1412909994616675e-6,-2.586078876369476e-5
51.59,7.476178746225856e-6,-2.5967204061099622e-5
51.6,7.810085870891201e-6,-2.607115495237112e-5
51.61,8.14298727290382e-6,-2.6172639055251028e-5
51.62,8.474857963224022e-6,-2.6271654200352212e-5
51.63,8.805673066176447e-6,-2.6368198430836272e-5
51.64,9.13540782129034e-6,-2.6462270002075116e-5
51.65,9.464037585126886e-6,-2.6553867381295174e-5
51.66,9.791537833094399e-6,-2.664298924720389e-5
51.67,1.0117884161252676e-5,-2.6729634489601173e-5
51.68,1.0443052288103087e-5,-2.6813802208971488e-5
51.69,1.0767018056369722e-5,-2.689549171606216e-5
51.7,1.1089757434765194e-5,-2.6974702531442156e-5
51.71,1.1411246519745055e-5,-2.7051434385046968e-5
51.72,1.1731461537250072e-5,-2.712568721570403e-5
51.73,1.2050378844435042e-5,-2.7197461170644994e-5
51.74,1.2367974931384997e-5,-2.7266756604999003e-5
51.75,1.2684226422817794e-5,-2.7333574081270586e-5
51.76,1.299911007977556e-5,-2.7397914368802132e-5
51.77,1.3312602801300658e-5,-2.7459778443219027e-5
51.78,1.3624681626098377e-5,-2.7519167485859232e-5
51.79,1.393532373418917e-5,-2.7576082883187514e-5
51.8,1.4244506448543504e-5,-2.7630526226192353e-5
51.81,1.4552207236704425e-5,-2.7682499309769678e-5
51.82,1.4858403712397982e-5,-2.7732004132086388e-5
51.83,1.5163073637127458e-5,-2.7779042893933955e-5
51.84,1.546619492175451e-5,-2.7823617998062187e-5
51.85,1.5767745628065648e-5,-2.7865732048498746e-5
51.86,1.606770397032617e-5,-2.790538784985491e-5
51.87,1.6366048316817458e-5,-2.7942588406613555e-5
51.88,1.666275719136181e-5,-2.7977336922403707e-5
51.89,1.6957809274830458e-5,-2.8009636799259505e-5
51.9,1.7251183406639917e-5,-2.8039491636864195e-5
51.91,1.754285858623131e-5,-2.8066905231779413e-5
51.92,1.783281397453501e-5,-2.8091881576659684e-5
51.93,1.812102889542166e-5,-2.8114424859451672e-5
51.94,1.8407482837137167e-5,-2.8134539462579952e-5
51.95,1.8692155453722482e-5,-2.815222996211761e-5
51.96,1.8975026566418143e-5,-2.8167501126942026e-5
51.97,1.925607616505498e-5,-2.8180357917877612e-5
51.98,1.953528440942661e-5,-2.8190805486823562e-5
51.99,1.9812631630649638e-5,-2.8198849175867593e-5
52.0,2.008809833250506e-5,-2.820449451638602e-5
52.01,2.036166519276631e-5,-2.820774722812927e-5
52.02,2.0633313064512106e-5,-2.820861321829506e-5
52.03,2.0903022977419134e-5,-2.820709858058685e-5
52.04,2.117077613904488e-5,-2.820320959425848e-5
52.05,2.1436553936089875e-5,-2.819695272314634e-5
52.06,2.170033793564602e-5,-2.8188334614688248e-5
52.07,2.196210988642668e-5,-2.817736209892798e-5
52.08,2.2221851719984637e-5,-2.816404218750805e-5
52.09,2.2479545551908424e-5,-2.8148382072648387e-5
52.1,2.273517368300629e-5,-2.8130389126113584e-5
52.11,2.2988718600472446e-5,-2.8110070898165794e-5
52.12,2.324016297903573e-5,-2.808743511650624e-5
52.13,2.3489489682093802e-5,-2.8062489685203597e-5
52.14,2.373668176282817e-5,-2.8035242683610168e-5
52.15,2.3981722465304883e-5,-2.80057023652658e-5
52.16,2.4224595225556473e-5,-2.7973877156789936e-5
52.17,2.446528367264877e-5,-2.793977565676099e-5
52.18,2.47037716297285e-5,-2.7903406634584237e-5
52.19,2.4940043115056865e-5,-2.786477902934827e-5
52.2,2.5174082343023682e-5,-2.7823901948669036e-5
52.21,2.5405873725144987e-5,-2.7780784667522596e-5
52.22,2.5635401871043897e-5,-2.77354366270672e-5
52.23,2.5862651589414478e-5,-2.7687867433452806e-5
52.24,2.6087607888968176e-5,-2.7638086856620392e-5
52.25,2.6310255979360657e-5,-2.7586104829089846e-5
52.26,2.6530581272105856e-5,-2.753193144473735e-5
52.27,2.6748569381469198e-5,-2.747557695756102e-5
52.28,2.6964206125341908e-5,-2.741705178043711e-5
52.29,2.717747752610467e-5,-2.7356366483864767e-5
52.3,2.7388369811465114e-5,-2.7293531794700924e-5
52.31,2.7596869415283475e-5,-2.722855859488442e-5
52.32,2.7802962978378024e-5,-2.7161457920150908e-5
52.33,2.8006637349314844e-5,-2.7092240958736275e-5
52.34,2.8207879585177652e-5,-2.7020919050071542e-5
52.35,2.840667695232079e-5,-2.6947503683467694e-5
52.36,2.860301692710526e-5,-2.6872006496789946e-5
52.37,2.879688719661587e-5,-2.679443927512417e-5
52.38,2.898827565936049e-5,-2.671481394943244e-5
52.39,2.917717042595195e-5,-2.6633142595200554e-5
52.4,2.9363559819771848e-5,-2.654943743107508e-5
52.41,2.954743237761634e-5,-2.6463710817493357e-5
52.42,2.97287768503237e-5,-2.637597525530287e-5
52.43,2.9907582203384668e-5,-2.62862433843729e-5
52.44,3.0083837617533845e-5,-2.6194527982197425e-5
52.45,3.0257532489323084e-5,-2.610084196249006e-5
52.46,3.0428656431677858e-5,-2.6005198373769528e-5
52.47,3.0597199274434246e-5,-2.5907610397938267e-5
52.48,3.076315106485905e-5,-2.580809134885243e-5
52.49,3.0926502068150246e-5,-2.5706654670884108e-5
52.5,3.108724276792039e-5,-2.5603313937476213e-5
52.51,3.124536386666245e-5,-2.549808284968904e-5
52.52,3.140085628619568e-5,-2.5390975234739433e-5
52.53,3.1553711168094494e-5,-2.5282005044534343e-5
52.54,3.170391987409923e-5,-2.5171186354194385e-5
52.55,3.185147398650848e-5,-2.5058533360573084e-5
52.56,3.1996365308553023e-5,-2.4944060380766603e-5
52.57,3.2138585864750766e-5,-2.482778185062044e-5
52.58,3.227812790124705e-5,-2.4709712323224582e-5
52.59,3.241498388613096e-5,-2.4589866467407268e-5
52.6,3.2549146509738535e-5,-2.4468259066218422e-5
52.61,3.268060868493548e-5,-2.4344905015409083e-5
52.62,3.280936354738156e-5,-2.4219819321904565e-5
52.63,3.29354044557781e-5,-2.4093017102270756e-5
52.64,3.305872499209509e-5,-2.396451358117611e-5
52.65,3.317931896178277e-5,-2.383432408984676e-5
52.66,3.329718039396321e-5,-2.370246406451648e-5
52.67,3.341230354160395e-5,-2.356894904487171e-5
52.68,3.3524682881674154e-5,-2.3433794672491887e-5
52.69,3.3634313115282126e-5,-2.3297016689282945e-5
52.7,3.374118916779486e-5,-2.3158630935907145e-5
52.71,3.384530618893896e-5,-2.3018653350209433e-5
52.72,3.3946659552884554e-5,-2.2877099965635736e-5
52.73,3.404524485831049e-5,-2.273398690965045e-5
52.74,3.414105792845069e-5,-2.2589330402147373e-5
52.75,3.423409481112453e-5,-2.244314675385641e-5
52.76,3.432435177874625e-5,-2.229545236474922e-5
52.77,3.441182532831955e-5,-2.2146263722435706e-5
52.78,3.449651218141291e-5,-2.1995597400562184e-5
52.79,3.457840928411489e-5,-2.184347005720215e-5
52.8,3.4657513806975614e-5,-2.1689898433244764e-5
52.81,3.473382314492682e-5,-2.1534899350781775e-5
52.82,3.480733491718642e-5,-2.1378489711488223e-5
52.83,3.4878046967143174e-5,-2.1220686495001833e-5
52.84,3.494595736222644e-5,-2.1061506757299488e-5
52.85,3.5011064393754e-5,-2.0900967629071632e-5
52.86,3.50733665767671e-5,-2.0739086314091053e-5
52.87,3.513286264984389e-5,-2.0575880087583382e-5
52.88,3.518955157489715e-5,-2.041136629459225e-5
52.89,3.524343253695396e-5,-2.0245562348343625e-5
52.9,3.529450494391787e-5,-2.0078485728607502e-5
52.91,3.5342768426313657e-5,-1.991015398005839e-5
52.92,3.538822283701466e-5,-1.9740584710632818e-5
52.93,3.543086825095189e-5,-1.956979558988728e-5
52.94,3.547070496480788e-5,-1.939780434735242e-5
52.95,3.5507733496690175e-5,-1.9224628770887432e-5
52.96,3.554195458579053e-5,-1.90502867050331e-5
52.97,3.5573369192025014e-5,-1.8874796049362963e-5
52.98,3.560197849565808e-5,-1.8698174756834634e-5
52.99,3.5627783896908414e-5,-1.852044083213967e-5
53.0,3.5650787015538574e-5,-1.834161233005362e-5
53.01,3.5670989690427426e-5,-1.8161707353784024e-5
53.02,3.568839397912616e-5,-1.7980744053319778e-5
53.03,3.570300215739588e-5,-1.7798740623780184e-5
53.04,3.571481671873056e-5,-1.7615715303762067e-5
53.05,3.572384037386177e-5,-1.7431686373689394e-5
53.06,3.573007605024661e-5,-1.7246672154161798e-5
53.07,3.573352689154015e-5,-1.7060691004303876e-5
53.08,3.5734196257050684e-5,-1.687376132011438e-5
53.09,3.573208772117823e-5,-1.668590153281695e-5
53.1,3.572720507283727e-5,-1.6497130107211197e-5
53.11,3.571955231486236e-5,-1.630746554002467e-5
53.12,3.570913366339839e-5,-1.6116926358265734e-5
53.13,3.5695953547273744e-5,-1.592553111757824e-5
53.14,3.568001660735851e-5,-1.573329840059673e-5
53.15,3.566132769590483e-5,-1.5540246815304065e-5
53.16,3.56398918758732e-5,-1.5346394993389405e-5
53.17,3.561571442024139e-5,-1.5151761588609051e-5
53.18,3.5588800811299237e-5,-1.495636527514908e-5
53.19,3.5559156739925255e-5,-1.476022474598878e-5
53.2,3.552678810485015e-5,-1.4563358711267495e-5
53.21,3.5491701011902636e-5,-1.4365785896654146e-5
53.22,3.5453901773241896e-5,-1.4167525041717068e-5
53.23,3.5413396906572226e-5,-1.3968594898298385e-5
53.24,3.537019313434385e-5,-1.3769014228889986e-5
53.25,3.532429738293935e-5,-1.356880180501341e-5
53.26,3.5275716781842285e-5,-1.3367976405601241e-5
53.27,3.522445866279287e-5,-1.3166556815381738e-5
53.28,3.517053055892876e-5,-1.2964561823269488e-5
53.29,3.5113940203909425e-5,-1.27620102207538e-5
53.3,3.505469553102673e-5,-1.255892080029631e-5
53.31,3.499280467230087e-5,-1.235531235372855e-5
53.32,3.492827595756205e-5,-1.2151203670655044e-5
53.33,3.486111791351575e-5,-1.1946613536858583e-5
53.34,3.479133926279653e-5,-1.1741560732711264e-5
53.35,3.471894892300466e-5,-1.1536064031588597e-5
53.36,3.464395600573055e-5,-1.1330142198287913e-5
53.37,3.456636981556425e-5,-1.1123813987450863e-5
53.38,3.4486199849090464e-5,-1.0917098141991169e-5
53.39,3.440345579387118e-5,-1.0710013391526671e-5
53.4,3.431814752741219e-5,-1.0502578450815043e-5
53.41,3.4230285116118346e-5,-1.0294812018196305e-5
53.42,3.413987881423345e-5,-1.0086732774038088e-5
53.43,3.404693906276719e-5,-9.878359379188103e-6
53.44,3.395147648840918e-5,-9.66971047343013e-6
53.45,3.385350190242879e-5,-9.460804673945693e-6
53.46,3.375302629956234e-5,-9.251660573782567e-6
53.47,3.365006085688721e-5,-9.042296740326217e-6
53.48,3.354461693268284e-5,-8.832731713779537e-6
53.49,3.343670606527927e-5,-8.622984005645793e-6
53.5,3.3326339971890984e-5,-8.413072097221482e-6
53.51,3.3213530547442576e-5,-8.203014438089192e-6
53.52,3.309828986337639e-5,-7.992829444622256e-6
53.53,3.298063016645182e-5,-7.782535498493055e-6
53.54,3.286056387753017e-5,-7.5721509451871896e-6
53.55,3.27381035903482e-5,-7.361694092525407e-6
53.56,3.2613262070279995e-5,-7.151183209191471e-6
53.57,3.248605225308509e-5,-6.940636523267393e-6
53.58,3.2356487243647996e-5,-6.730072220773899e-6
53.59,3.222458031470164e-5,-6.519508444218797e-6
53.6,3.209034490554368e-5,-6.308963291153875e-6
53.61,3.195379462073766e-5,-6.098454812735606e-6
53.62,3.1814943228805836e-5,-5.8880010122954e-6
53.63,3.167380466090763e-5,-5.6776198439170095e-6
53.64,3.153039300951086e-5,-5.467329211020701e-6
53.65,3.138472252704794e-5,-5.257146964955018e-6
53.66,3.123680762456378e-5,-5.0470909035973175e-6
53.67,3.108666287035237e-5,-4.837178769959232e-6
53.68,3.093430298858297e-5,-4.627428250804346e-6
53.69,3.077974285791433e-5,-4.417856975269233e-6
53.7,3.062299751010088e-5,-4.208482513495579e-6
53.71,3.0464082128586882e-5,-3.999322375269956e-6
53.72,3.0303012047091492e-5,-3.790394008669724e-6
53.73,3.0139802748182543e-5,-3.581714798721115e-6
53.74,2.997446986184259e-5,-3.3733020660614773e-6
53.75,2.9807029164023553e-5,-3.165173065613279e-6
53.76,2.9637496575191548e-5,-2.9573449852657075e-6
53.77,2.9465888158864562e-5,-2.749834944563558e-6
53.78,2.929222012013576e-5,-2.5426599934082634e-6
53.79,2.9116508804196577e-5,-2.335837110763131e-6
53.8,2.8938770694840147e-5,-2.129383203371798e-6
53.81,2.875902241296246e-5,-1.923315104484401e-6
53.82,2.8577280715054396e-5,-1.7176495725917075e-6
53.83,2.839356249168154e-5,-1.5124032901696395e-6
53.84,2.8207884765959783e-5,-1.3075928624329238e-6
53.85,2.80202646920189e-5,-1.1032348160986107e-6
53.86,2.7830719553460137e-5,-8.993455981577528e-7
53.87,2.7639266761804934e-5,-6.959415746582258e-7
53.88,2.7445923854935382e-5,-4.930390294958833e-7
53.89,2.725070849552766e-5,-2.906541632170122e-7
53.9,2.705363846947665e-5,-8.880309182878957e-8
53.91,2.6854731684313355e-5,1.1249815437894233e-7
53.92,2.6654006167615957e-5,3.132336320030322e-7
53.93,2.645148006541205e-5,5.133874856844369e-7
53.94,2.6247171640574178e-5,7.1294394925787e-7
53.95,2.6041099271208682e-5,9.118873468906358e-7
53.96,2.5833281449038305e-5,1.1102020942087675e-6
53.97,2.5623736777775046e-5,1.3078726994160378e-6
53.98,2.541248397149096e-5,1.50488376440154e-6
53.99,2.5199541852978817e-5,1.7012199858353237e-6
54.0,2.4984929352108467e-5,1.8968661562556952e-6
54.01,2.4768665504174966e-5,2.0918071651435256e-6
54.02,2.455076944824336e-5,2.2860279999881557e-6
54.03,2.4331260425485926e-5,2.4795137473404193e-6
54.04,2.4110157777513186e-5,2.672249593857155e-6
54.05,2.3887480944700508e-5,2.864220827332096e-6
54.06,2.3663249464508845e-5,3.0554128377186387e-6
54.07,2.343748296980023e-5,3.2458111181380403e-6
54.08,2.3210201187147176e-5,3.4354012658811396e-6
54.09,2.298142393513822e-5,3.6241689833944677e-6
54.1,2.2751171122678266e-5,3.81210007925746e-6
54.11,2.251946274728348e-5,3.999180469148541e-6
54.12,2.2286318893372595e-5,4.185396176799248e-6
54.13,2.2051759730552655e-5,4.37073333493622e-6
54.14,2.1815805511902013e-5,4.555178186213453e-6
54.15,2.1578476572246753e-5,4.738717084131716e-6
54.16,2.1339793326435493e-5,4.921336493947142e-6
54.17,2.109977626760866e-5,5.103022993567762e-6
54.18,2.0858445965465145e-5,5.283763274437936e-6
54.19,2.0615823064524456e-5,5.463544142413746e-6
54.2,2.0371928282385474e-5,5.642352518621849e-6
54.21,2.0126782407983078e-5,5.820175440311108e-6
54.22,1.988040629983955e-5,5.997000061690461e-6
54.23,1.963282088431476e-5,6.172813654754207e-6
54.24,1.9384047153852715e-5,6.347603610096958e-6
54.25,1.9134106165225283e-5,6.521357437714692e-6
54.26,1.8883019037773797e-5,6.694062767796215e-6
54.27,1.863080695164724e-5,6.86570735150038e-6
54.28,1.8377491146039776e-5,7.036279061722395e-6
54.29,1.812309291742402e-5,7.205765893847413e-6
54.3,1.7867633617783916e-5,7.374155966492406e-6
54.31,1.761113465284527e-5,7.541437522235578e-6
54.32,1.7353617480304557e-5,7.707598928333667e-6
54.33,1.7095103608055696e-5,7.872628677426368e-6
54.34,1.68356145924156e-5,8.03651538822968e-6
54.35,1.6575172036349962e-5,8.199247806215395e-6
54.36,1.6313797587694513e-5,8.360814804279406e-6
54.37,1.6051512937378633e-5,8.52120538339719e-6
54.38,1.5788339817646345e-5,8.68040867326719e-6
54.39,1.5524300000277173e-5,8.838413932940324e-6
54.4,1.5259415294805964e-5,8.99521055143869e-6
54.41,1.499370754674264e-5,9.150788048361647e-6
54.42,1.4727198635791199e-5,9.305136074477957e-6
54.43,1.4459910474070221e-5,9.458244412306424e-6
54.44,1.4191865004330334e-5,9.61010297668436e-6
54.45,1.3923084198174642e-5,9.760701815322203e-6
54.46,1.3653590054278215e-5,9.910031109346317e-6
54.47,1.3383404596608084e-5,1.0058081173829115e-5
54.48,1.3112549872643421e-5,1.0204842458306269e-5
54.49,1.2841047951597472e-5,1.0350305547281948e-5
54.5,1.2568920922639598e-5,1.0494461160719326e-5
54.51,1.229619089311823e-5,1.0637300154521423e-5
54.52,1.2022879986784788e-5,1.0778813520997252e-5
54.53,1.1749010342020484e-5,1.0918992389314631e-5
54.54,1.1474604110061855e-5,1.1057828025942387e-5
54.55,1.1199683453230045e-5,1.1195311835078632e-5
54.56,1.0924270543160561e-5,1.133143535906536e-5
54.57,1.0648387559036259e-5,1.1466190278792199e-5
54.58,1.0372056685819924e-5,1.1599568414085723e-5
54.59,1.0095300112491198e-5,1.1731561724087641e-5
54.6,9.81814003028515e-6,1.186216230761778e-5
54.61,9.540598630932299e-6,1.199136240352722e-5
54.62,9.262698104902152e-6,1.2119154391036385e-5
54.63,8.984460639649137e-6,1.2245530790060917e-5
54.64,8.70590841786139e-6,1.2370484261525692e-5
54.65,8.42706361571222e-6,1.2494007607664947e-5
54.66,8.147948401114441e-6,1.261609377230959e-5
54.67,7.86858493197867e-6,1.273673584116271e-5
54.68,7.588995354474777e-6,1.2855927042061715e-5
54.69,7.309201801295756e-6,1.2973660745227091e-5
54.7,7.029226389926316e-6,1.3089930463500047e-5
54.71,6.749091220915862e-6,1.320472985256556e-5
54.72,6.4688183761517125e-6,1.33180527111623e-5
54.73,6.188429917142589e-6,1.3429892981284891e-5
54.74,5.907947883299343e-6,1.3540244748365493e-5
54.75,5.6273942902255e-6,1.3649102241448336e-5
54.76,5.3467911280084206e-6,1.3756459833349929e-5
54.77,5.066160359516739e-6,1.3862312040806863e-5
54.78,4.785523918703289e-6,1.39666535246099e-5
54.79,4.504903708910244e-6,1.4069479089726494e-5
54.8,4.224321601181078e-6,1.4170783685410726e-5
54.81,3.943799432577563e-6,1.4270562405300025e-5
54.82,3.663359004501459e-6,1.4368810487498941e-5
54.83,3.3830220810204474e-6,1.446552331465151e-5
54.84,3.102810387201617e-6,1.4560696414000247e-5
54.85,2.82274560744914e-6,1.4654325457432674e-5
54.86,2.5428493838479064e-6,1.4746406261515639e-5
54.87,2.263143314512366e-6,1.4836934787516933e-5
54.88,1.9836489519424747e-6,1.4925907141414254e-5
54.89,1.7043878013852632e-6,1.5013319573891736e-5
54.9,1.425381319201406e-6,1.5099168480324892e-5
54.91,1.146650911239929e-6,1.5183450400752148e-5
54.92,8.682179312176712e-7,1.5266162019834577e-5
54.93,5.901036791068425e-7,1.534730016680244e-5
54.94,3.123293995273604e-7,1.5426861815391435e-5
54.95,3.491628014750472e-8,1.550484408376422e-5
54.96,-2.421145499086005e-7,1.5581244234421382e-5
54.97,-5.187420216482874e-7,1.5656059674099884e-5
54.98,-7.949451277879428e-7,1.5729287953658467e-5
54.99,-1.0707029243260035e-6,1.580092676795275e-5
55.0,-1.3459945321058683e-6,1.5870973955695572e-5
55.01,-1.6207991383736517e-6,1.593942749930872e-5
55.02,-1.89509599832806e-6,1.6006285524759488e-5
55.03,-2.1688644366604535e-6,1.607154630138645e-5
55.04,-2.4420838490901845e-6,1.613520824171443e-5
55.05,-2.714733703889838e-6,1.6197269901255768e-5
55.06,-2.9867935434036035e-6,1.6257729978300785e-5
55.07,-3.258242985556321e-6,1.6316587313696236e-5
55.08,-3.529061725355854e-6,1.63738408906121e-5
55.09,-3.79922953638654e-6,1.6429489834296285e-5
55.1,-4.068726272292311e-6,1.648353341181798e-5
55.11,-4.337531868255354e-6,1.6535971031799683e-5
55.12,-4.605626342461956e-6,1.65868022441369e-5
55.13,-4.872989797562265e-6,1.6636026739707106e-5
55.14,-5.1396024221193745e-6,1.668364435006668e-5
55.15,-5.405444492051052e-6,1.6729655047136574e-5
55.16,-5.670496372061745e-6,1.6774058942877044e-5
55.17,-5.934738517065115e-6,1.681685628895027e-5
55.18,-6.198151473595825e-6,1.68580474763727e-5
55.19,-6.460715881219925e-6,1.689763303515402e-5
55.2,-6.722412473919025e-6,1.6935613633929995e-5
55.21,-6.983222081484806e-6,1.697199007957704e-5
55.22,-7.243125630890091e-6,1.7006763316821947e-5
55.23,-7.502104147655837e-6,1.703993442783678e-5
55.24,-7.760138757205919e-6,1.707150463182573e-5
55.25,-8.01721068621382e-6,1.7101475284598615e-5
55.26,-8.273301263937979e-6,1.712984787813479e-5
55.27,-8.528391923548976e-6,1.7156624040136578e-5
55.28,-8.782464203441438e-6,1.71818055335712e-5
55.29,-9.035499748544068e-6,1.7205394256202686e-5
55.3,-9.28748031161085e-6,1.7227392240112792e-5
55.31,-9.53838775450674e-6,1.7247801651212154e-5
55.32,-9.788204049480671e-6,1.7266624788740374e-5
55.33,-1.0036911280429678e-5,1.7283864084755235e-5
55.34,-1.0284491644150516e-5,1.7299522103613572e-5
55.35,-1.0530927451581137e-5,1.7313601541439478e-5
55.36,-1.0776201129031547e-5,1.7326105225584315e-5
55.37,-1.1020295219403256e-5,1.7337036114075272e-5
55.38,-1.126319238339835e-5,1.7346397295054954e-5
55.39,-1.150487540071524e-5,1.7354191986210194e-5
55.4,-1.1745327171237092e-5,1.7360423534191327e-5
55.41,-1.1984530716204657e-5,1.7365095414022126e-5
55.42,-1.222246917938134e-5,1.736821122849901e-5
55.43,-1.2459125828203512e-5,1.7369774707581217e-5
55.44,-1.2694484054922414e-5,1.7369789707771448e-5
55.45,-1.2928527377732617e-5,1.7368260211486754e-5
55.46,-1.3161239441888258e-5,1.7365190326419868e-5
55.47,-1.3392604020809545e-5,1.736058428489176e-5
55.48,-1.3622605017176008e-5,1.7354446443194035e-5
55.49,-1.3851226464008108e-5,1.734678128092268e-5
55.5,-1.4078452525736474e-5,1.7337593400302942e-5
55.51,-1.4304267499260546e-5,1.732688752550424e-5
55.52,-1.452865581499379e-5,1.7314668501946772e-5
55.53,-1.4751602037895971e-5,1.730094129559961e-5
55.54,-1.4973090868496472e-5,1.728571099226816e-5
55.55,-1.5193107143901324e-5,1.726898279687587e-5
55.56,-1.541163583879123e-5,1.725076203273379e-5
55.57,-1.5628662066404145e-5,1.723105414080456e-5
55.58,-1.58441710795081e-5,1.7209864678956167e-5
55.59,-1.6058148271360373e-5,1.718719932120783e-5
55.6,-1.627057917665296e-5,1.716306385696725e-5
55.61,-1.648144947244729e-5,1.713746419026038e-5
55.62,-1.6690744979096086e-5,1.7110406338951805e-5
55.63,-1.6898451661150104e-5,1.7081896433958254e-5
55.64,-1.7104555628254992e-5,1.7051940718453367e-5
55.65,-1.730904313603353e-5,1.702054554706484e-5
55.66,-1.751190058695597e-5,1.698771738506354e-5
55.67,-1.7713114531196655e-5,1.6953462807545026e-5
55.68,-1.7912671667477585e-5,1.6917788498603457e-5
55.69,-1.8110558843899777e-5,1.6880701250497985e-5
55.7,-1.8306763058760933e-5,1.6842207962811145e-5
55.71,-1.850127146135933e-5,1.6802315641600713e-5
55.72,-1.8694071352785525e-5,1.6761031398544085e-5
55.73,-1.8885150186701782e-5,1.67183624500736e-5
55.74,-1.9074495570104773e-5,1.6674316116508417e-5
55.75,-1.926209526407892e-5,1.6628899821176223e-5
55.76,-1.9447937184532753e-5,1.65821210895286e-5
55.77,-1.9632009402925668e-5,1.6533987548250734e-5
55.78,-1.9814300146977643e-5,1.6484506924363397e-5
55.79,-1.999479780136842e-5,1.643368704431848e-5
55.8,-2.0173490908420693e-5,1.6381535833087442e-5
55.81,-2.0350368168771728e-5,1.632806131324491e-5
55.82,-2.052541844203024e-5,1.6273271604043213e-5
55.83,-2.069863074741986e-5,1.621717492048388e-5
55.84,-2.086999426440995e-5,1.615977957237948e-5
55.85,-2.1039498333330675e-5,1.610109396341262e-5
55.86,-2.1207132455976412e-5,1.604112659018623e-5
55.87,-2.1372886296195274e-5,1.5979886041269777e-5
55.88,-2.1536749680462516e-5,1.5917380996238556e-5
55.89,-2.1698712598443304e-5,1.585362022470821e-5
55.9,-2.185876520354003e-5,1.5788612585362236e-5
55.91,-2.2016897813425883e-5,1.5722367024975356e-5
55.92,-2.2173100910564826e-5,1.5654892577430786e-5
55.93,-2.2327365142717726e-5,1.55861983627324e-5
55.94,-2.2479681323433506e-5,1.551629358601064e-5
55.95,-2.2630040432530325e-5,1.5445187536525143e-5
55.96,-2.2778433616555898e-5,1.537288958666089e-5
55.97,-2.292485218924142e-5,1.529940919091934e-5
55.98,-2.306928763193579e-5,1.5224755884905963e-5
55.99,-2.3211731594029344e-5,1.5148939284311074e-5
56.0,-2.33521758933615e-5,1.5071969083888206e-5
56.01,-2.3490612516616133e-5,1.4993855056426329e-5
56.02,-2.3627033619701752e-5,1.491460705171774e-5
56.03,-2.3761431528117644e-5,1.4834234995522643e-5
56.04,-2.3893798737307187e-5,1.4752748888527983e-5
56.05,-2.4024127912996048e-5,1.4670158805303348e-5
56.06,-2.4152411891516407e-5,1.4586474893252024e-5
56.07,-2.4278643680117583e-5,1.4501707371558349e-5
56.08,-2.440281645726261e-5,1.4415866530131537e-5
56.09,-2.4524923572910594e-5,1.4328962728544609e-5
56.1,-2.464495854878467e-5,1.4241006394971166e-5
56.11,-2.476291507862706e-5,1.4152008025117312e-5
56.12,-2.4878787028438566e-5,1.4061978181150739e-5
56.13,-2.4992568436705825e-5,1.397092749062595e-5
56.14,-2.510425351461188e-5,1.3878866645407395e-5
56.15,-2.5213836646236287e-5,1.3785806400587792e-5
56.16,-2.5321312388738094e-5,1.3691757573403786e-5
56.17,-2.5426675472526342e-5,1.3596731042150034e-5
56.18,-2.5529920801416075e-5,1.3500737745088477e-5
56.19,-2.5631043452771006e-5,1.3403788679356064e-5
56.2,-2.5730038677630945e-5,1.3305894899869252e-5
56.21,-2.5826901900826537e-5,1.3207067518226403e-5
56.22,-2.5921628721079435e-5,1.3107317701606139e-5
56.23,-2.6014214911088524e-5,1.3006656671666671e-5
56.24,-2.6104656417602246e-5,1.2905095703438853e-5
56.25,-2.619294936147706e-5,1.2802646124219742e-5
56.26,-2.6279090037722036e-5,1.2699319312463132e-5
56.27,-2.6363074915529727e-5,1.2595126696668033e-5
56.28,-2.6444900638292084e-5,1.2490079754265987e-5
56.29,-2.6524564023605e-5,1.2384190010505159e-5
56.3,-2.6602062063255502e-5,1.2277469037334547e-5
56.31,-2.6677391923198863e-5,1.2169928452285026e-5
56.32,-2.6750550943518908e-5,1.2061579917350405e-5
56.33,-2.68215366383763e-5,1.195243513786514e-5
56.34,-2.6890346695942827e-5,1.1842505861382876e-5
56.35,-2.6956978978320834e-5,1.1731803876552515e-5
56.36,-2.7021431521451223e-5,1.1620341011993534e-5
56.37,-2.7083702535005462e-5,1.1508129135170092e-5
56.38,-2.7143790402265344e-5,1.1395180151264519e-5
56.39,-2.7201693679989138e-5,1.1281506002050226e-5
56.4,-2.7257411098263196e-5,1.11671186647637e-5
56.41,-2.7310941560340828e-5,1.1052030150975052e-5
56.42,-2.73622841424686e-5,1.0936252505459846e-5
56.43,-2.741143809369648e-5,1.0819797805069037e-5
56.44,-2.7458402835677868e-5,1.0702678157599136e-5
56.45,-2.750317796245314e-5,1.0584905700662462e-5
56.46,-2.7545763240222506e-5,1.0466492600556667e-5
56.47,-2.7586158607103318e-5,1.0347451051134959e-5
56.48,-2.762436417287614e-5,1.0227793272675442e-5
56.49,-2.766038021871621e-5,1.0107531510752044e-5
56.5,-2.769420719691146e-5,9.986678035104495e-6
56.51,-2.7725845730569594e-5,9.865245138509143e-6
56.52,-2.775529661330898e-5,9.743245135650099e-6
56.53,-2.778256080893888e-5,9.62069036199184e-6
56.54,-2.7807639451125565e-5,9.497593172650844e-6
56.55,-2.7830533843046096e-5,9.373965941269345e-6
56.56,-2.785124545702824e-5,9.249821058889596e-6
56.57,-2.7869775934178784e-5,9.12517093282897e-6
56.58,-2.7886127083997768e-5,9.000027985556091e-6
56.59,-2.7900300883980942e-5,8.874404653567751e-6
56.6,-2.791229947920918e-5,8.748313386268423e-6
56.61,-2.7922125181924523e-5,8.621766644849662e-6
56.62,-2.792978047109588e-5,8.494776901171307e-6
56.63,-2.7935267991968246e-5,8.367356636644429e-6
56.64,-2.7938590555603703e-5,8.239518341116431e-6
56.65,-2.7939751138407276e-5,8.111274511756494e-6
56.66,-2.7938752881640914e-5,7.982637651944082e-6
56.67,-2.7935599090925898e-5,7.853620270158433e-6
56.68,-2.7930293235732403e-5,7.724234878870838e-6
56.69,-2.792283894885685e-5,7.594493993438898e-6
56.7,-2.7913240025886376e-5,7.4644101310017445e-6
56.71,-2.7901500424653572e-5,7.333995809379421e-6
56.72,-2.7887624264676426e-5,7.203263545973111e-6
56.73,-2.7871615826588296e-5,7.072225856668451e-6
56.74,-2.785347955155456e-5,6.9408952547411376e-6
56.75,-2.783322004067864e-5,6.8092842497659025e-6
56.76,-2.7810842054395412e-5,6.677405346526798e-6
56.77,-2.778635051185339e-5,6.5452710439313575e-6
56.78,-2.7759750490284985e-5,6.412893833927844e-6
56.79,-2.7731047224365392e-5,6.280286200424152e-6
56.8,-2.7700246105559955e-5,6.147460618210776e-6
56.81,-2.7667352681460247e-5,6.014429551887311e-6
56.82,-2.763237265510795e-5,5.881205454791224e-6
56.83,-2.759531188430918e-5,5.74780076793023e-6
56.84,-2.7556176380935358e-5,5.614227918917915e-6
56.85,-2.7514972310215263e-5,5.480499320914181e-6
56.86,-2.74717059900141e-5,5.346627371566895e-6
56.87,-2.742638389010281e-5,5.212624451959446e-6
56.88,-2.7379012631415682e-5,5.0785029255601235e-6
56.89,-2.7329598985297897e-5,4.944275137177604e-6
56.9,-2.727814987274134e-5,4.809953411917793e-6
56.91,-2.72246723636111e-5,4.6755500541460844e-6
56.92,-2.716917367585936e-5,4.541077346454321e-6
56.93,-2.7111661174731537e-5,4.406547548630059e-6
56.94,-2.7052142371958564e-5,4.271972896631405e-6
56.95,-2.699062492494227e-5,4.1373656015660234e-6
56.96,-2.6927116635927734e-5,4.002737848673807e-6
56.97,-2.6861625451167036e-5,3.868101796315251e-6
56.98,-2.6794159460072494e-5,3.7334695749628735e-6
56.99,-2.6724726894359066e-5,3.598853286198589e-6
57.0,-2.6653336127178768e-5,3.46426500171478e-6
57.01,-2.6579995672242318e-5,3.3297167623211543e-6
57.02,-2.650471418293402e-5,3.195220576955204e-6
57.03,-2.6427500451415304e-5,3.060788421698654e-6
57.04,-2.6348363407717807e-5,2.926432238798513e-6
57.05,-2.6267312118829728e-5,2.7921639356930304e-6
57.06,-2.618435578776986e-5,2.6579953840428903e-6
57.07,-2.6099503752653864e-5,2.5239384187683134e-6
57.08,-2.6012765485750983e-5,2.3900048370902116e-6
57.09,-2.5924150592531244e-5,2.2562063975773964e-6
57.1,-2.5833668810704323e-5,2.1225548191994287e-6
57.11,-2.5741330009248443e-5,1.9890617803846656e-6
57.12,-2.5647144187430808e-5,1.855738918083898e-6
57.13,-2.5551121473819888e-5,1.7225978268392114e-6
57.14,-2.5453272125288176e-5,1.5896500578601412e-6
57.15,-2.5353606526006617e-5,1.4569071181029162e-6
57.16,-2.525213518642868e-5,1.3243804693594886e-6
57.17,-2.5148868742271853e-5,1.1920815273466556e-6
57.18,-2.504381795348272e-5,1.0600216608077397e-6
57.19,-2.493699370319981e-5,9.282121906160353e-7
57.2,-2.482840699670553e-5,7.96664388884841e-7
57.21,-2.47180689603712e-5,6.653894780860404e-7
57.22,-2.460599084059382e-5,5.343986301714386e-7
57.23,-2.4492184002724948e-5,4.0370296570314476e-7
57.24,-2.4376659929990366e-5,2.73313552989337e-7
57.25,-2.425943022240653e-5,1.4324140722649928e-7
57.26,-2.4140506595682954e-5,1.3497489647671273e-8
57.27,-2.401990088012301e-5,-1.1590729332166083e-7
57.28,-2.3897625019514384e-5,-2.449620909020723e-7
57.29,-2.3773691070012197e-5,-3.7365610879166975e-7
57.3,-2.3648111199016237e-5,-5.019786099904545e-7
57.31,-2.3520897684040537e-5,-6.299189156191927e-7
57.32,-2.3392062911575603e-5,-7.574664057289144e-7
57.33,-2.3261619375944484e-5,-8.846105201073156e-7
57.34,-2.3129579678151273e-5,-1.0113407590740354e-6
57.35,-2.2995956524724416e-5,-1.1376466842720446e-6
57.36,-2.2860762726550865e-5,-1.2635179194507119e-6
57.37,-2.272401119770719e-5,-1.3889441512415028e-6
57.38,-2.2585714954281194e-5,-1.513915129927824e-6
57.39,-2.2445887113189557e-5,-1.63842067020556e-6
57.4,-2.230454089098764e-5,-1.7624506519385041e-6
57.41,-2.2161689602674443e-5,-1.8859950209052465e-6
57.42,-2.2017346660491433e-5,-2.0090437895387905e-6
57.43,-2.1871525572715416e-5,-2.131587037659081e-6
57.44,-2.1724239942444772e-5,-2.2536149131979106e-6
57.45,-2.157550346638169e-5,-2.3751176329166797e-6
57.46,-2.1425329933608153e-5,-2.496085483115052e-6
57.47,-2.1273733224356005e-5,-2.6165088203350423e-6
57.48,-2.112072730877287e-5,-2.7363780720543256e-6
57.49,-2.0966326245681585e-5,-2.8556837373733906e-6
57.5,-2.0810544181335843e-5,-2.9744163876949953e-6
57.51,-2.0653395348169607e-5,-3.092566667395466e-6
57.52,-2.049489406354239e-5,-3.2101252944883247e-6
57.53,-2.033505472848063e-5,-3.3270830612798272e-6
57.54,-2.017389182641171e-5,-3.443430835017286e-6
57.55,-2.0011419921896723e-5,-3.559159558528427e-6
57.56,-1.9847653659356072e-5,-3.6742602508536556e-6
57.57,-1.968260776179289e-5,-3.788724007870068e-6
57.58,-1.9516297029510956e-5,-3.902542002906644e-6
57.59,-1.9348736338828258e-5,-4.0157054873532335e-6
57.6,-1.91799406407881e-5,-4.1282057912587026e-6
57.61,-1.9009924959864202e-5,-4.2400343239236904e-6
57.62,-1.883870439266461e-5,-4.351182574483039e-6
57.63,-1.8666294106627528e-5,-4.461642112482108e-6
57.64,-1.849270933872166e-5,-4.5714045884414084e-6
57.65,-1.831796539413269e-5,-4.680461734417018e-6
57.66,-1.8142077644954705e-5,-4.788805364550237e-6
57.67,-1.7965061528874357e-5,-4.8964273756090905e-6
57.68,-1.7786932547853018e-5,-5.003319747521916e-6
57.69,-1.7607706266806126e-5,-5.1094745439027555e-6
57.7,-1.7427398312279106e-5,-5.214883912567453e-6
57.71,-1.724602437112068e-5,-5.3195400860418235e-6
57.72,-1.7063600189153615e-5,-5.423435382061604e-6
57.73,-1.6880141569842374e-5,-5.52656220406354e-6
57.74,-1.669566437295937e-5,-5.628913041667413e-6
57.75,-1.651018451324797e-5,-5.730480471150522e-6
57.76,-1.63237179590835e-5,-5.83125715591297e-6
57.77,-1.613628073113135e-5,-5.931235846934563e-6
57.78,-1.5947888901005847e-5,-6.030409383222447e-6
57.79,-1.575855858992273e-5,-6.128770692251036e-6
57.8,-1.556830596735391e-5,-6.226312790393053e-6
57.81,-1.5377147249678412e-5,-6.323028783341011e-6
57.82,-1.518509869883223e-5,-6.418911866520891e-6
57.83,-1.4992176620956382e-5,-6.513955325496724e-6
57.84,-1.4798397365045182e-5,-6.608152536366976e-6
57.85,-1.4603777321589886e-5,-6.701496966150554e-6
57.86,-1.4408332921225425e-5,-6.7939821731666166e-6
57.87,-1.421208063337219e-5,-6.885601807402672e-6
57.88,-1.4015036964880047e-5,-6.9763496108766865e-6
57.89,-1.3817218458670065e-5,-7.066219417987702e-6
57.9,-1.361864169237404e-5,-7.155205155859907e-6
57.91,-1.341932327697756e-5,-7.243300844676537e-6
57.92,-1.3219279855457469e-5,-7.330500598005045e-6
57.93,-1.3018528101423641e-5,-7.41679862311359e-6
57.94,-1.2817084717757238e-5,-7.5021892212790666e-6
57.95,-1.2614966435249771e-5,-7.586666788085703e-6
57.96,-1.2412190011243374e-5,-7.670225813714301e-6
57.97,-1.2208772228268841e-5,-7.752860883224004e-6
57.98,-1.2004729892685846e-5,-7.834566676824099e-6
57.99,-1.1800079833321791e-5,-7.91533797013661e-6
58.0,-1.1594838900113034e-5,-7.995169634451042e-6
58.01,-1.1389023962744262e-5,-8.074056636969589e-6
58.02,-1.1182651909290026e-5,-8.151994041043333e-6
58.03,-1.0975739644857008e-5,-8.22897700639974e-6
58.04,-1.0768304090226016e-5,-8.305000789361062e-6
58.05,-1.0560362180495829e-5,-8.380060743054017e-6
58.06,-1.0351930863727423e-5,-8.454152317610584e-6
58.07,-1.0143027099590636e-5,-8.527271060359278e-6
58.08,-9.933667858009797e-6,-8.599412616008359e-6
58.09,-9.723870117812711e-6,-8.67057272681951e-6
58.1,-9.51365086538084e-6,-8.740747232772792e-6
58.11,-9.303027093299333e-6,-8.809932071722638e-6
58.12,-9.092015799010824e-6,-8.878123279545103e-6
58.13,-8.880633983470002e-6,-8.945316990276166e-6
58.14,-8.668898649800038e-6,-9.011509436240297e-6
58.15,-8.456826801950806e-6,-9.076696948172115e-6
58.16,-8.244435443360847e-6,-9.14087595532694e-6
58.17,-8.031741575617157e-6,-9.204042985584019e-6
58.18,-7.818762197123787e-6,-9.266194665539575e-6
58.19,-7.605514301766386e-6,-9.327327720593043e-6
58.2,-7.392014877583989e-6,-9.387438975021877e-6
58.21,-7.178280905440835e-6,-9.446525352049163e-6
58.22,-6.964329357700818e-6,-9.504583873902722e-6
58.23,-6.750177196906386e-6,-9.561611661863918e-6
58.24,-6.535841374458898e-6,-9.617605936308922e-6
58.25,-6.321338829302973e-6,-9.67256401674055e-6
58.26,-6.106686486612619e-6,-9.726483321811662e-6
58.27,-5.891901256481508e-6,-9.779361369339823e-6
58.28,-5.677000032617266e-6,-9.831195776312753e-6
58.29,-5.461999691036821e-6,-9.881984258885885e-6
58.3,-5.246917088767916e-6,-9.931724632370547e-6
58.31,-5.0317690625515816e-6,-9.98041481121331e-6
58.32,-4.8165724275512065e-6,-1.0028052808967465e-5
58.33,-4.6013439760624345e-6,-1.0074636738255755e-5
58.34,-4.38610047622919e-6,-1.012016481072349e-5
58.35,-4.1708586707625545e-6,-1.0164635336983813e-5
58.36,-3.955635275663341e-6,-1.0208046726554773e-5
58.37,-3.740446978950677e-6,-1.025039748778751e-5
58.38,-3.5253104393919495e-6,-1.029168622778434e-5
58.39,-3.310242285240737e-6,-1.0331911652312504e-5
58.4,-3.0952591129753184e-6,-1.037107256570394e-5
58.41,-2.880377486044428e-6,-1.0409167870751228e-5
58.42,-2.6656139336167518e-6,-1.0446196568592446e-5
58.43,-2.4509849493353156e-6,-1.0482157758588642e-5
58.44,-2.2365069900760376e-6,-1.0517050638192888e-5
58.45,-2.0221964747122764e-6,-1.05508745028112e-5
58.46,-1.8080697828830314e-6,-1.0583628745653352e-5
58.47,-1.5941432537677532e-6,-1.0615312857578957e-5
58.48,-1.3804331848649477e-6,-1.0645926426931423e-5
58.49,-1.166955830776755e-6,-1.0675469139366612e-5
58.5,-9.537274019996114e-7,-1.0703940777671464e-5
58.51,-7.40764063717582e-7,-1.0731341221575305e-5
58.52,-5.280819346048173e-7,-1.0757670447553432e-5
58.53,-3.1569708563121463e-7,-1.0782928528621033e-5
58.54,-1.0362553887488294e-7,-1.080711563412118e-5
58.55,1.0811673366083765e-7,-1.0830232029502751e-5
58.56,3.195138112234117e-7,-1.0852278076092045e-5
58.57,5.305498254802765e-7,-1.0873254230855081e-5
58.58,7.41208961684835e-7,-1.0893161046153215e-5
58.59,9.514754598343067e-7,-1.0911999169489823e-5
58.6,1.1613336158206897e-6,-1.0929769343249799e-5
58.61,1.3707677825778244e-6,-1.0946472404431233e-5
58.62,1.5797623712198634e-6,-1.096210928436836e-5
58.63,1.7883018521752783e-6,-1.097668100844905e-5
58.64,1.996370756311576e-6,-1.0990188695821548e-5
58.65,2.203953676056629e-6,-1.1002633559096578e-5
58.66,2.411035266511969e-6,-1.1014016904038112e-5
58.67,2.617600246557702e-6,-1.1024340129253247e-5
58.68,2.8236333999533285e-6,-1.1033604725865568e-5
58.69,3.0291195764300926e-6,-1.1041812277188462e-5
58.7,3.2340436927767122e-6,-1.1048964458387241e-5
58.71,3.438390733917596e-6,-1.1055063036135619e-5
58.72,3.6421457539850626e-6,-1.106010986826309e-5
58.73,3.845293877382963e-6,-1.106410690339742e-5
58.74,4.0478202998444746e-6,-1.1067056180597088e-5
58.75,4.249710289480679e-6,-1.1068959828979227e-5
58.76,4.450949187823463e-6,-1.1069820067338396e-5
58.77,4.651522410860847e-6,-1.1069639203759057e-5
58.78,4.851415450062721e-6,-1.1068419635221579e-5
58.79,5.050613873401647e-6,-1.1066163847199945e-5
58.8,5.2491033263643265e-6,-1.106287441325324e-5
58.81,5.4468695329554975e-6,-1.1058553994610614e-5
58.82,5.643898296694081e-6,-1.1053205339748464e-5
58.83,5.8401755016023035e-6,-1.1046831283961514e-5
58.84,6.035687113185256e-6,-1.1039434748926718e-5
58.85,6.230419179403123e-6,-1.103101874226106e-5
58.86,6.42435783163651e-6,-1.1021586357071643e-5
58.87,6.617489285641423e-6,-1.1011140771500127e-5
58.88,6.809799842497769e-6,-1.0999685248260723e-5
58.89,7.001275889548379e-6,-1.098722313417037e-5
58.9,7.191903901330735e-6,-1.0973757859674576e-5
58.91,7.381670440499843e-6,-1.0959292938364376e-5
58.92,7.570562158742116e-6,-1.0943831966489089e-5
58.93,7.758565797681162e-6,-1.0927378622462007e-5
58.94,7.945668189775862e-6,-1.090993666635935e-5
58.95,8.13185625920825e-6,-1.0891509939413818e-5
58.96,8.31711702276322e-6,-1.0872102363501986e-5
58.97,8.501437590700327e-6,-1.0851717940625005e-5
58.98,8.68480516761606e-6,-1.0830360752383593e-5
58.99,8.86720705329671e-6,-1.0808034959448035e-5
59.0,9.048630643563272e-6,-1.0784744801020734e-5
59.01,9.229063431107273e-6,-1.0760494594294077e-5
59.02,9.408493006317228e-6,-1.0735288733901859e-5
59.03,9.586907058095871e-6,-1.0709131691365753e-5
59.04,9.76429337466843e-6,-1.0682028014535282e-5
59.05,9.940639844382889e-6,-1.065398232702281e-5
59.06,1.0115934456498346e-5,-1.0624999327633257e-5
59.07,1.0290165301967186e-5,-1.0595083789786966e-5
59.08,1.0463320574205351e-5,-1.0564240560938974e-5
59.09,1.063538856985553e-5,-1.053247456199199e-5
59.1,1.080635768953846e-5,-1.0499790786703984e-5
59.11,1.0976216438597215e-5,-1.0466194301091016e-5
59.12,1.114495342783053e-5,-1.0431690242824368e-5
59.13,1.1312557374216727e-5,-1.0396283820623525e-5
59.14,1.1479017101628524e-5,-1.0359980313642817e-5
59.15,1.164432154153796e-5,-1.0322785070854548e-5
59.16,1.1808459733711587e-5,-1.0284703510426035e-5
59.17,1.197142082689655e-5,-1.0245741119092319e-5
59.18,1.2133194079495304e-5,-1.0205903451524267e-5
59.19,1.2293768860232941e-5,-1.0165196129691676e-5
59.2,1.245313464881312e-5,-1.0123624842221656e-5
59.21,1.2611281036563504e-5,-1.0081195343753076e-5
59.22,1.2768197727073862e-5,-1.003791345428555e-5
59.23,1.2923874536821534e-5,-9.99378505852508e-6
59.24,1.3078301395788753e-5,-9.948816105223777e-6
59.25,1.3231468348068673e-5,-9.903012606517226e-6
59.26,1.3383365552462524e-5,-9.856380637256208e-6
59.27,1.3533983283066359e-5,-9.808926334334446e-6
59.28,1.3683311929846796e-5,-9.760655896012624e-6
59.29,1.3831341999208205e-5,-9.711575581238491e-6
59.3,1.3978064114549187e-5,-9.661691708961798e-6
59.31,1.4123469016807593e-5,-9.611010657447232e-6
59.32,1.4267547564997473e-5,-9.559538863582002e-6
59.33,1.4410290736734318e-5,-9.50728282218004e-6
59.34,1.45516896287511e-5,-9.454249085282815e-6
59.35,1.4691735457402356e-5,-9.400444261456146e-6
59.36,1.483041955916033e-5,-9.345875015083854e-6
59.37,1.4967733391099177e-5,-9.290548065657135e-6
59.38,1.51036685313687e-5,-9.234470187061779e-6
59.39,1.5238216679659038e-5,-9.177648206860902e-6
59.4,1.537136965765382e-5,-9.120089005574411e-6
59.41,1.5503119409473646e-5,-9.061799515956372e-6
59.42,1.5633458002108445e-5,-9.002786722267725e-6
59.43,1.5762377625839767e-5,-8.943057659547366e-6
59.44,1.5889870594653243e-5,-8.882619412878848e-6
59.45,1.601592934663963e-5,-8.821479116655232e-6
59.46,1.614054644438555e-5,-8.759643953840552e-6
59.47,1.6263714575354343e-5,-8.697121155228592e-6
59.48,1.6385426552255953e-5,-8.633917998698618e-6
59.49,1.6505675313406224e-5,-8.570041808469173e-6
59.5,1.6624453923075843e-5,-8.505499954348497e-6
59.51,1.6741755571828944e-5,-8.440299850983185e-6
59.52,1.685757357685068e-5,-8.374448957103356e-6
59.53,1.6971901382264795e-5,-8.307954774766913e-6
59.54,1.708473255944003e-5,-8.24082484859979e-6
59.55,1.719606080728674e-5,-8.173066765035486e-6
59.56,1.7305879952542074e-5,-8.104688151551468e-6
59.57,1.7414183950045144e-5,-8.035696675903903e-6
59.58,1.752096688300153e-5,-7.96610004536019e-6
59.59,1.762622296323699e-5,-7.895906005929252e-6
59.6,1.7729946531441102e-5,-7.825122341592398e-6
59.61,1.7832132057399204e-5,-7.753756873526132e-6
59.62,1.7932774140215047e-5,-7.681817459331164e-6
59.63,1.8031867508522395e-5,-7.6093119922546524e-6
59.64,1.8129407020685255e-5,-7.536248400411864e-6
59.65,1.8225387664988878e-5,-7.4626346460067975e-6
59.66,1.831980455981915e-5,-7.388478724551225e-6
59.67,1.841265295383163e-5,-7.313788664082498e-6
59.68,1.8503928226110327e-5,-7.238572524379354e-6
59.69,1.8593625886315482e-5,-7.162838396177246e-6
59.7,1.8681741574821373e-5,-7.086594400382016e-6
59.71,1.876827106284232e-5,-7.009848687283133e-6
59.72,1.8853210252550105e-5,-6.932609435764916e-6
59.73,1.8936555177178907e-5,-6.854884852517251e-6
59.74,1.9018302001120695e-5,-6.776683171246024e-6
59.75,1.909844702000991e-5,-6.698012651881959e-6
59.76,1.9176986660797722e-5,-6.618881579788607e-6
59.77,1.9253917481815768e-5,-6.539298264970365e-6
59.78,1.932923617282895e-5,-6.459271041279579e-6
59.79,1.940293955507848e-5,-6.3788082656229746e-6
59.8,1.947502458131379e-5,-6.297918317167398e-6
59.81,1.9545488335814762e-5,-6.216609596546089e-6
59.82,1.9614328034402483e-5,-6.134890525063456e-6
59.83,1.9681541024440428e-5,-6.052769543900747e-6
59.84,1.9747124784825365e-5,-5.970255113320063e-6
59.85,1.9811076925966452e-5,-5.887355711870446e-6
59.86,1.987339518975606e-5,-5.804079835591314e-6
59.87,1.9934077449528645e-5,-5.720435997218184e-6
59.88,1.999312171001016e-5,-5.636432725386954e-6
59.89,2.005052610725602e-5,-5.552078563839507e-6
59.9,2.010628890858082e-5,-5.467382070628657e-6
59.91,2.0160408512475644e-5,-5.382351817323432e-6
59.92,2.0212883448516547e-5,-5.296996388215573e-6
59.93,2.026371237726198e-5,-5.211324379526011e-6
59.94,2.0312894090140877e-5,-5.125344398611026e-6
59.95,2.036042750932959e-5,-5.0390650631705236e-6
59.96,2.0406311687619705e-5,-4.952495000455847e-6
59.97,2.0450545808274715e-5,-4.865642846478364e-6
59.98,2.0493129184877895e-5,-4.778517245219807e-6
59.99,2.0534061261168342e-5,-4.691126847841821e-6
60.0,2.0573341610869076e-5,-4.603480311898551e-6
60.01,2.0610969937503603e-5,-4.51558630054761e-6
60.02,2.0646946074202952e-5,-4.427453481764865e-6
60.03,2.0681269983503094e-5,-4.339090527557972e-6
60.04,2.0713941757132252e-5,-4.250506113182911e-6
60.05,2.0744961615788083e-5,-4.161708916360276e-6
60.06,2.0774329908906134e-5,-4.0727076164942705e-6
60.07,2.080204711441505e-5,-3.983510893891483e-6
60.08,2.082811383848934e-5,-3.894127428983426e-6
60.09,2.0852530815282977e-5,-3.8045659015476863e-6
60.1,2.0875298906661093e-5,-3.7148349899335618e-6
60.11,2.0896419101917366e-5,-3.6249433702864888e-6
60.12,2.0915892517484353e-5,-3.534899715777031e-6
60.13,2.0933720396633068e-5,-3.444712695828985e-6
60.14,2.094990410916306e-5,-3.3543909753519265e-6
60.15,2.0964445151083873e-5,-3.263943213973059e-6
60.16,2.0977345144285733e-5,-3.1733780652731664e-6
60.17,2.098860583620211e-5,-3.0827041760231617e-6
60.18,2.0998229099461998e-5,-2.991930185423621e-6
60.19,2.1006216931533184e-5,-2.901064724346012e-6
60.2,2.101257145435683e-5,-2.8101164145761794e-6
60.21,2.101729491397155e-5,-2.7190938680602907e-6
60.22,2.1020389680129834e-5,-2.628005686152903e-6
60.23,2.1021858245903647e-5,-2.536860458867651e-6
60.24,2.1021703227282667e-5,-2.445666764130172e-6
60.25,2.1019927362762177e-5,-2.3544331670337623e-6
60.26,2.101653351292253e-5,-2.263168219097502e-6
60.27,2.1011524659999686e-5,-2.171880457526784e-6
60.28,2.1004903907446655e-5,-2.0805784044775636e-6
60.29,2.0996674479485928e-5,-1.9892705663214053e-6
60.3,2.0986839720653955e-5,-1.8979654329155832e-6
60.31,2.0975403095335626e-5,-1.8066714768747206e-6
60.32,2.0962368187291128e-5,-1.715397152845255e-6
60.33,2.0947738699173714e-5,-1.624150896783906e-6
60.34,2.0931518452039167e-5,-1.532941125238354e-6
60.35,2.0913711384843727e-5,-1.441776234630949e-6
60.36,2.0894321553942568e-5,-1.3506646005468548e-6
60.37,2.0873353132566867e-5,-1.2596145770233159e-6
60.38,2.0850810410302642e-5,-1.1686344958439235e-6
60.39,2.082669779255763e-5,-1.0777326658360542e-6
60.4,2.0801019800018907e-5,-9.86917372170519e-7
60.41,2.0773781068104467e-5,-8.961968756656832e-7
60.42,2.0744986346405607e-5,-8.05579412095227e-7
60.43,2.071464049812087e-5,-7.150731914987767e-7
60.44,2.0682748499482673e-5,-6.246863974961642e-7
60.45,2.064931543917578e-5,-5.344271866059082e-7
60.46,2.061434651774744e-5,-4.443036875673811e-7
60.47,2.0577847047010213e-5,-3.543240006658668e-7
60.48,2.0539822449436725e-5,-2.644961970623013e-7
60.49,2.050027825754668e-5,-1.748283181269825e-7
60.5,2.0459220113286747e-5,-8.532837477620166e-8
60.51,2.0416653767401325e-5,3.995653186114158e-9
60.52,2.037258507879841e-5,9.313581772354162e-8
60.53,2.032702001390468e-5,1.8208420321701543e-7
60.54,2.0279964646016247e-5,2.7083292711248023e-7
60.55,2.0231425154639687e-5,3.593741405624633e-7
60.56,2.0181407824827523e-5,4.477000290648649e-7
60.57,2.012991904650545e-5,5.358028130961058e-7
60.58,2.0076965313792756e-5,6.236747487415629e-7
60.59,2.0022553224315018e-5,7.113081283202192e-7
60.6,1.9966689478511466e-5,7.986952810060811e-7
60.61,1.990938087893369e-5,8.858285734438611e-7
60.62,1.985063432953754e-5,9.72700410361406e-7
60.63,1.979045683497108e-5,1.059303235177376e-6
60.64,1.9728855499848535e-5,1.145629530602689e-6
60.65,1.9665837528027917e-5,1.231671819239989e-6
60.66,1.960141022187333e-5,1.3174226641769913e-6
60.67,1.953558098151498e-5,1.4028746695744311e-6
60.68,1.9468357304101363e-5,1.488020481250828e-6
60.69,1.9399746783045875e-5,1.5728527872612207e-6
60.7,1.9329757107265662e-5,1.6573643184720779e-6
60.71,1.9258396060416604e-5,1.7415478491301333e-6
60.72,1.91856715201191e-5,1.8253961974270708e-6
60.73,1.91115914571802e-5,1.908902226059702e-6
60.74,1.9036163934808405e-5,1.9920588427839213e-6
60.75,1.895939710782346e-5,2.0748590009641714e-6
60.76,1.888129922185868e-5,2.1572957001184874e-6
60.77,1.8801878612558934e-5,2.2393619864573907e-6
60.78,1.872114370477273e-5,2.3210509534179815e-6
60.79,1.8639103011737357e-5,2.4023557421935405e-6
60.8,1.8555765134260242e-5,2.483269542256508e-6
60.81,1.8471138759892224e-5,2.563785591877438e-6
60.82,1.8385232662101015e-5,2.6438971786379627e-6
60.83,1.829805569942863e-5,2.723597639938938e-6
60.84,1.820961681465616e-5,2.8028803635025196e-6
60.85,1.8119925033954756e-5,2.8817387878694692e-6
60.86,1.8028989466033597e-5,2.96016640289082e-6
60.87,1.7936819301284493e-5,3.0381567502138123e-6
60.88,1.7843423810918975e-5,3.1157034237627374e-6
60.89,1.7748812346102522e-5,3.1928000702140306e-6
60.9,1.7652994337082574e-5,3.2694403894656075e-6
60.91,1.7555979292312346e-5,3.3456181351011315e-6
60.92,1.7457776797569915e-5,3.4213271148481714e-6
60.93,1.7358396515072897e-5,3.4965611910306986e-6
60.94,1.7257848182588117e-5,3.5713142810162233e-6
60.95,1.7156141612537204e-5,3.645580357657358e-6
60.96,1.7053286691096262e-5,3.7193534497264497e-6
60.97,1.6949293377296123e-5,3.7926276423463683e-6
60.98,1.6844171702111235e-5,3.8653970774139295e-6
60.99,1.6737931767549716e-5,3.937655954017671e-6
61.0,1.6630583745737866e-5,4.009398528850632e-6
61.01,1.652213787799961e-5,4.080619116617047e-6
61.02,1.6412604473934098e-5,4.15131209043163e-6
61.03,1.6301993910487572e-5,4.221471882215467e-6
61.04,1.6190316631022327e-5,4.291092983083743e-6
61.05,1.607758314438223e-5,4.360169943729028e-6
61.06,1.5963804023954416e-5,4.4286973747972355e-6
61.07,1.5848989906726486e-5,4.496669947258952e-6
61.08,1.5733151492343267e-5,4.564082392773426e-6
61.09,1.5616299542156583e-5,4.630929504047805e-6
61.1,1.54984448782721e-5,4.697206135188821e-6
61.11,1.537959838259905e-5,4.762907202049784e-6
61.12,1.525977099588677e-5,4.8280276825704526e-6
61.13,1.513897371676643e-5,4.892562617111426e-6
61.14,1.5017217600786816e-5,4.956507108781934e-6
61.15,1.4894513759446344e-5,5.01985632376168e-6
61.16,1.4770873359224315e-5,5.0826054916166205e-6
61.17,1.464630762060802e-5,5.144749905607916e-6
61.18,1.4520827817118082e-5,5.20628492299572e-6
61.19,1.4394445274331024e-5,5.2672059653356915e-6
61.2,1.4267171368898614e-5,5.327508518770008e-6
61.21,1.4139017527566617e-5,5.387188134311308e-6
61.22,1.4009995226189118e-5,5.446240428121617e-6
61.23,1.3880115988743052e-5,5.504661081783826e-6
61.24,1.3749391386337458e-5,5.562445842567009e-6
61.25,1.3617833036224723e-5,5.619590523686192e-6
61.26,1.348545260080596e-5,5.676091004555016e-6
61.27,1.3352261786637288e-5,5.731943231032622e-6
61.28,1.3218272343432878e-5,5.787143215663402e-6
61.29,1.3083496063067099e-5,5.841687037911606e-6
61.3,1.2947944778573822e-5,5.895570844388344e-6
61.31,1.2811630363146223e-5,5.948790849073035e-6
61.32,1.2674564729133763e-5,6.001343333528373e-6
61.33,1.2536759827036457e-5,6.053224647108285e-6
61.34,1.2398227644501169e-5,6.104431207160545e-6
61.35,1.2258980205314692e-5,6.154959499221941e-6
61.36,1.2119029568394822e-5,6.204806077207709e-6
61.37,1.1978387826782514e-5,6.2539675635945866e-6
61.38,1.1837067106631702e-5,6.302440649596817e-6
61.39,1.1695079566198704e-5,6.350222095336443e-6
61.4,1.1552437394830323e-5,6.397308730006809e-6
61.41,1.140915281195239e-5,6.443697452029867e-6
61.42,1.1265238066055264e-5,6.4893852292065614e-6
61.43,1.1120705433683434e-5,6.534369098861747e-6
61.44,1.0975567218418235e-5,6.578646167981454e-6
61.45,1.0829835749865588e-5,6.622213613344864e-6
61.46,1.068352338264109e-5,6.665068681649009e-6
61.47,1.0536642495354856e-5,6.707208689627594e-6
61.48,1.038920548959679e-5,6.748631024163296e-6
61.49,1.024122478892122e-5,6.7893331423933076e-6
61.5,1.0092712837832664e-5,6.829312571808683e-6
61.51,9.943682100770058e-6,6.868566910347594e-6
61.52,9.79414506109236e-6,6.907093826481757e-6
61.53,9.6441142200642e-6,6.944891059296278e-6
61.54,9.493602095841536e-6,6.981956418563769e-6
61.55,9.342621222457801e-6,7.018287784811429e-6
61.56,9.191184148810955e-6,7.0538831093822354e-6
61.57,9.039303437650695e-6,7.088740414489173e-6
61.58,8.886991664566508e-6,7.12285779326361e-6
61.59,8.734261416975872e-6,7.156233409797123e-6
61.6,8.581125293115025e-6,7.188865499176815e-6
61.61,8.427595901027774e-6,7.2207523675146e-6
61.62,8.273685857558352e-6,7.251892391969667e-6
61.63,8.119407787342718e-6,7.282284020765304e-6
61.64,7.964774321803159e-6,7.311925773198383e-6
61.65,7.809798098142276e-6,7.340816239643633e-6
61.66,7.654491758339278e-6,7.368954081550965e-6
61.67,7.498867948147584e-6,7.3963380314367075e-6
61.68,7.342939316093685e-6,7.422966892867806e-6
61.69,7.18671851247725e-6,7.448839540441908e-6
61.7,7.030218188373105e-6,7.473954919758194e-6
61.71,6.873450994635574e-6,7.498312047384328e-6
61.72,6.716429580902709e-6,7.521910010816261e-6
61.73,6.559166594604433e-6,7.544747968431713e-6
61.74,6.401674679971074e-6,7.5668251494379006e-6
61.75,6.243966477045149e-6,7.588140853812845e-6
61.76,6.08605462069361e-6,7.608694452239988e-6
61.77,5.927951739623307e-6,7.628485386038054e-6
61.78,5.769670455399408e-6,7.647513167083344e-6
61.79,5.6112233814635826e-6,7.665777377726439e-6
61.8,5.452623122157193e-6,7.683277670703278e-6
61.81,5.293882271745086e-6,7.700013769039558e-6
61.82,5.135013413442985e-6,7.715985465948768e-6
61.83,4.9760291184471015e-6,7.73119262472581e-6
61.84,4.816941944965977e-6,7.745635178632413e-6
61.85,4.657764437255582e-6,7.759313130778024e-6
61.86,4.498509124656538e-6,7.77222655399444e-6
61.87,4.3391885206353575e-6,7.784375590704177e-6
61.88,4.179815121827059e-6,7.795760452783185e-6
61.89,4.0204014070828595e-6,7.806381421417568e-6
61.9,3.860959836518256e-6,7.81623884695441e-6
61.91,3.70150285056626e-6,7.825333148746824e-6
61.92,3.5420428690337387e-6,7.833664814993014e-6
61.93,3.3825922901598904e-6,7.841234402569612e-6
61.94,3.223163489678478e-6,7.848042536859279e-6
61.95,3.0637688198846982e-6,7.854089911572431e-6
61.96,2.904420608704013e-6,7.859377288563405e-6
61.97,2.745131158764517e-6,7.863905497640748e-6
61.98,2.5859127464744794e-6,7.867675436371719e-6
61.99,2.426777621101875e-6,7.870688069881697e-6
62.0,2.2677380038586735e-6,7.872944430647077e-6
62.01,2.108806086988348e-6,7.874445618283513e-6
62.02,1.9499940328577317e-6,7.875192799327747e-6
62.03,1.7913139730522692e-6,7.87518720701424e-6
62.04,1.632778007478129e-6,7.874430141047907e-6
62.05,1.474398203460191e-6,7.872922967366414e-6
62.06,1.3161865948555146e-6,7.870667117903605e-6
62.07,1.1581551811645204e-6,7.867664090343678e-6
62.08,1.0003159266434998e-6,7.863915447868697e-6
62.09,8.426807594298398e-7,7.859422818905305e-6
62.1,6.852615706646121e-7,7.854187896861635e-6
62.11,5.280702136227465e-7,7.848212439861568e-6
62.12,3.71118502846825e-7,7.84149827047266e-6
62.13,2.1441821328574406e-7,7.834047275429128e-6
62.14,5.798107943865623e-8,7.825861405349705e-6
62.15,-9.818120549845005e-8,7.816942674450348e-6
62.16,-2.5405699047870647e-7,7.807293160251395e-6
62.17,-4.0963466744742264e-7,7.796915003280295e-6
62.18,-5.649026721809514e-7,7.78581040676832e-6
62.19,-7.198494851160314e-7,7.773981636344366e-6
62.2,-8.744636321804976e-7,7.761431019720724e-6
62.21,-1.0287336856150936e-6,7.748160946375879e-6
62.22,-1.1826482647907434e-6,7.7341738672325e-6
62.23,-1.3361960370208242e-6,7.719472294329819e-6
62.24,-1.4893657183685576e-6,7.704058800490906e-6
62.25,-1.642146074448512e-6,7.687936018986516e-6
62.26,-1.7945259212237328e-6,7.671106643192574e-6
62.27,-1.9464941257966443e-6,7.653573426243955e-6
62.28,-2.0980396071943838e-6,7.635339180683513e-6
62.29,-2.24915133714956e-6,7.616406778105599e-6
62.3,-2.399818340874928e-6,7.596779148796449e-6
62.31,-2.550029697831652e-6,7.576459281368942e-6
62.32,-2.699774542495336e-6,7.555450222391499e-6
62.33,-2.8490420651090857e-6,7.53375507601751e-6
62.34,-2.9978215124405787e-6,7.511377003603575e-6
62.35,-3.1461021885252004e-6,7.4883192233280846e-6
62.36,-3.2938734554074786e-6,7.464585009803974e-6
62.37,-3.4411247338757285e-6,7.440177693686945e-6
62.38,-3.587845504189881e-6,7.415100661279803e-6
62.39,-3.7340253068048095e-6,7.389357354132142e-6
62.4,-3.8796537430863405e-6,7.362951268636589e-6
62.41,-4.0247204760223176e-6,7.33588595561961e-6
62.42,-4.169215230926148e-6,7.308165019929933e-6
62.43,-4.31312779613554e-6,7.279792120021442e-6
62.44,-4.45644802370438e-6,7.250770967532418e-6
62.45,-4.5991658300883725e-6,7.221105326861556e-6
62.46,-4.7412711968242155e-6,7.190799014738863e-6
62.47,-4.882754171202961e-6,7.159855899793831e-6
62.48,-5.023604866936528e-6,7.128279902118547e-6
62.49,-5.163813464817894e-6,7.096074992828385e-6
62.5,-5.3033702133741905e-6,7.063245193618186e-6
62.51,-5.4422654295174645e-6,7.029794576312593e-6
62.52,-5.580489499178226e-6,6.99572726241954e-6
62.53,-5.718032877946844e-6,6.961047422670736e-6
62.54,-5.854886091696816e-6,6.925759276566485e-6
62.55,-5.991039737207495e-6,6.889867091911612e-6
62.56,-6.12648448277716e-6,6.853375184351766e-6
62.57,-6.261211068830313e-6,6.816287916903913e-6
62.58,-6.3952103085189965e-6,6.778609699484456e-6
62.59,-6.528473088315995e-6,6.740344988433461e-6
62.6,-6.660990368601844e-6,6.701498286036326e-6
62.61,-6.7927531842448535e-6,6.662074140041003e-6
62.62,-6.923752645174329e-6,6.622077143173907e-6
62.63,-7.053979936946666e-6,6.581511932650385e-6
62.64,-7.183426321304226e-6,6.540383189684457e-6
62.65,-7.31208313672782e-6,6.4986956389931645e-6
62.66,-7.439941798981781e-6,6.456454048300085e-6
62.67,-7.566993801652067e-6,6.413663227833901e-6
62.68,-7.693230716676408e-6,6.370328029826305e-6
62.69,-7.818644194869081e-6,6.32645334800454e-6
62.7,-7.943225966437222e-6,6.282044117083248e-6
62.71,-8.066967841489624e-6,6.237105312252443e-6
62.72,-8.189861710539618e-6,6.1916419486631474e-6
62.73,-8.311899544999767e-6,6.145659080910049e-6
62.74,-8.433073397669599e-6,6.099161802512008e-6
62.75,-8.553375403215359e-6,6.052155245389882e-6
62.76,-8.672797778643881e-6,6.0046445793416e-6
62.77,-8.791332823768007e-6,5.956635011514946e-6
62.78,-8.908972921663613e-6,5.908131785878499e-6
62.79,-9.025710539124067e-6,5.859140182687143e-6
62.8,-9.14153822709809e-6,5.809665517952993e-6
62.81,-9.256448621130846e-6,5.7597131429033154e-6
62.82,-9.370434441789523e-6,5.709288443444928e-6
62.83,-9.483488495086367e-6,5.6583968396227056e-6
62.84,-9.595603672890119e-6,5.607043785076208e-6
62.85,-9.706772953333695e-6,5.5552347664948755e-6
62.86,-9.81698940121175e-6,5.502975303071571e-6
62.87,-9.926246168372224e-6,5.450270945952631e-6
62.88,-1.0034536494098805e-5,5.397127277687912e-6
62.89,-1.0141853705487597e-5,5.343549911677397e-6
62.9,-1.024819121781435e-5,5.289544491617484e-6
62.91,-1.035354253489551e-5,5.235116690943885e-6
62.92,-1.0457901249440932e-5,5.1802722122743605e-6
62.93,-1.0561261043398528e-5,5.125016786849222e-6
62.94,-1.0663615688292473e-5,5.069356173969618e-6
62.95,-1.0764959045552541e-5,5.013296160435682e-6
62.96,-1.0865285066836251e-5,4.956842559981754e-6
62.97,-1.0964587794343269e-5,4.9000012127113716e-6
62.98,-1.106286136112198e-5,4.842777984529339e-6
62.99,-1.1160099991368753e-5,4.7851787665750725e-6
63.0,-1.1256298000718413e-5,4.7272094746519194e-6
63.01,-1.1351449796528167e-5,4.668876048656478e-6
63.02,-1.1445549878153348e-5,4.610184452007181e-6
63.03,-1.1538592837214417e-5,4.551140671071059e-6
63.04,-1.163057335785839e-5,4.491750714589287e-6
63.05,-1.172148621701004e-5,4.432020613102976e-6
63.06,-1.1811326284617103e-5,4.371956418375896e-6
63.07,-1.1900088523885123e-5,4.311564202819949e-6
63.08,-1.1987767991510441e-5,4.2508500589129805e-6
63.09,-1.2074359837896937e-5,4.189820098624737e-6
63.1,-1.215985930737159e-5,4.128480452835252e-6
63.11,-1.22442617383895e-5,4.066837270754851e-6
63.12,-1.2327562563731456e-5,4.0048967193439064e-6
63.13,-1.240975731069376e-5,3.942664982731557e-6
63.14,-1.249084160127045e-5,3.880148261633501e-6
63.15,-1.257081115232721e-5,3.817352772769839e-6
63.16,-1.2649661775767998e-5,3.7542847482826337e-6
63.17,-1.2727389378693246e-5,3.69095043515222e-6
63.18,-1.2803989963551138e-5,3.627356094614042e-6
63.19,-1.2879459628279808e-5,3.563508001574961e-6
63.2,-1.2953794566443395e-5,3.49941244402883e-6
63.21,-1.3026991067358202e-5,3.435075722473056e-6
63.22,-1.3099045516213104e-5,3.3705041493233738e-6
63.23,-1.3169954394180809e-5,3.305704048330283e-6
63.24,-1.3239714278522056e-5,3.2406817539940147e-6
63.25,-1.3308321842680992e-5,3.175443610980606e-6
63.26,-1.337577385637419e-5,3.109995973538029e-6
63.27,-1.344206718567121e-5,3.0443452049099034e-6
63.28,-1.3507198793066914e-5,2.978497676754288e-6
63.29,-1.3571165737546469e-5,2.912459768558034e-6
63.3,-1.3633965174642952e-5,2.8462378670543175e-6
63.31,-1.3695594356486816e-5,2.7798383656385275e-6
63.32,-1.3756050631847263e-5,2.7132676637864346e-6
63.33,-1.3815331446166481e-5,2.6465321664711087e-6
63.34,-1.387343434158639e-5,2.5796382835814605e-6
63.35,-1.3930356956966224e-5,2.5125924293410526e-6
63.36,-1.3986097027894831e-5,2.4454010217267027e-6
63.37,-1.4040652386692717e-5,2.3780704818890387e-6
63.38,-1.409402096240842e-5,2.310607233572681e-6
63.39,-1.4146200780805855e-5,2.2430177025380578e-6
63.4,-1.4197189964345303e-5,2.1753083159818424e-6
63.41,-1.424698673215546e-5,2.107485501962743e-6
63.42,-1.429558939999899e-5,2.039555688822581e-6
63.43,-1.4342996380229584e-5,1.9715253046123044e-6
63.44,-1.4389206181742243e-5,1.9034007765174902e-6
63.45,-1.4434217409915775e-5,1.835188530284722e-6
63.46,-1.4478028766546942e-5,1.7668949896502286e-6
63.47,-1.4520639049778655e-5,1.6985265757676025e-6
63.48,-1.4562047154019256e-5,1.6300897066388695e-6
63.49,-1.4602252069855052e-5,1.5615907965451812e-6
63.5,-1.4641252883954861e-5,1.4930362554798717e-6
63.51,-1.4679048778968374e-5,1.4244324885815406e-6
63.52,-1.4715639033415176e-5,1.3557858955705328e-6
63.53,-1.4751023021567788e-5,1.2871028701847669e-6
63.54,-1.4785200213327222e-5,1.2183897996166764e-6
63.55,-1.4818170174090849e-5,1.14965306395598e-6
63.56,-1.4849932564612473e-5,1.080899035627751e-6
63.57,-1.4880487140856365e-5,1.0121340788366676e-6
63.58,-1.490983375384284e-5,9.433645490110022e-7
63.59,-1.4937972349487263e-5,8.745967922484234e-7
63.6,-1.4964902968431661e-5,8.058371447649883e-7
63.61,-1.499062574586881e-5,7.370919323429385e-7
63.62,-1.501514091135984e-5,6.68367469783347e-7
63.63,-1.5038448788644313e-5,5.996700603591884e-7
63.64,-1.5060549795442344e-5,5.310059952704097e-7
63.65,-1.5081444443251846e-5,4.623815531008974e-7
63.66,-1.5101133337136237e-5,3.938029992776111e-7
63.67,-1.5119617175506802e-5,3.252765855322757e-7
63.68,-1.5136896749897104e-5,2.5680854936410935e-7
63.69,-1.5152972944731236e-5,1.8840511350543717e-7
63.7,-1.5167846737084415e-5,1.2007248538910783e-7
63.71,-1.5181519196436873e-5,5.181685661885234e-8
63.72,-1.5193991484421466e-5,-1.635559755960053e-8
63.73,-1.5205264854563451e-5,-8.443871878323805e-8
63.74,-1.5215340652014232e-5,-1.524263660958354e-7
63.75,-1.5224220313277785e-5,-2.2031241646822758e-7
63.76,-1.5231905365931238e-5,-2.8809076531698144e-7
63.77,-1.5238397428337355e-5,-3.5575532702076167e-7
63.78,-1.5243698209351624e-5,-4.2330003543337377e-7
63.79,-1.5247809508021876e-5,-4.907188443948553e-7
63.8,-1.5250733213282283e-5,-5.580057282398638e-7
63.81,-1.5252471303639223e-5,-6.251546823034735e-7
63.82,-1.525302584685244e-5,-6.921597234240389e-7
63.83,-1.5252398999607977e-5,-7.590148904435576e-7
63.84,-1.5250593007186502e-5,-8.257142447054875e-7
63.85,-1.524761020312329e-5,-8.922518705492771e-7
63.86,-1.5243453008863416e-5,-9.586218758023501e-7
63.87,-1.5238123933409664e-5,-1.024818392269579e-6
63.88,-1.5231625572964346e-5,-1.0908355762188785e-6
63.89,-1.522396061056546e-5,-1.1566676088646242e-6
63.9,-1.5215131815715389e-5,-1.2223086968485308e-6
63.91,-1.5205142044005143e-5,-1.2877530727160804e-6
63.92,-1.5193994236730561e-5,-1.3529949953912542e-6
63.93,-1.5181691420503934e-5,-1.4180287506472106e-6
63.94,-1.5168236706858661e-5,-1.48284865157473e-6
63.95,-1.5153633291848867e-5,-1.5474490390467428e-6
63.96,-1.513788445564157e-5,-1.6118242821800063e-6
63.97,-1.5120993562104388e-5,-1.6759687787935671e-6
63.98,-1.5102964058386546e-5,-1.7398769558637068e-6
63.99,-1.5083799474494503e-5,-1.803543269976064e-6
64.0,-1.5063503422861235e-5,-1.8669622077736952e-6
64.01,-1.5042079597910373e-5,-1.9301282864025705e-6
64.02,-1.5019531775614294e-5,-1.993036053953008e-6
64.03,-1.4995863813046406e-5,-2.055680089898336e-6
64.04,-1.4971079647928638e-5,-2.118055005529222e-6
64.05,-1.494518329817202e-5,-2.1801554443849825e-6
64.06,-1.491817886141317e-5,-2.2419760826821103e-6
64.07,-1.4890070514544305e-5,-2.3035116297373767e-6
64.08,-1.4860862513238272e-5,-2.3647568283893915e-6
64.09,-1.4830559191468236e-5,-2.4257064554149794e-6
64.1,-1.4799164961021595e-5,-2.4863553219423797e-6
64.11,-1.476668431100936e-5,-2.546698273862032e-6
64.12,-1.4733121807369434e-5,-2.606730192231003e-6
64.13,-1.4698482092365918e-5,-2.6664459936759504e-6
64.14,-1.4662769884081641e-5,-2.725840630791658e-6
64.15,-1.462598997590684e-5,-2.7849090925350772e-6
64.16,-1.4588147236023268e-5,-2.843646404616323e-6
64.17,-1.4549246606880972e-5,-2.902047629886083e-6
64.18,-1.4509293104673134e-5,-2.9601078687177617e-6
64.19,-1.4468291818803713e-5,-3.017822259387124e-6
64.2,-1.4426247911351863e-5,-3.075185978447337e-6
64.21,-1.438316661653006e-5,-3.132194241100097e-6
64.22,-1.4339053240138909e-5,-3.188842301562907e-6
64.23,-1.4293913159016712e-5,-3.245125453432212e-6
64.24,-1.4247751820483876e-5,-3.301039030042346e-6
64.25,-1.420057474178367e-5,-3.356578404821082e-6
64.26,-1.4152387509517682e-5,-3.4117389916400663e-6
64.27,-1.4103195779078096e-5,-3.466516245161778e-6
64.28,-1.4053005274073261e-5,-3.520905661182625e-6
64.29,-1.4001821785751688e-5,-3.5749027769709994e-6
64.3,-1.3949651172419205e-5,-3.6285031716015923e-6
64.31,-1.3896499358853772e-5,-3.6817024662864908e-6
64.32,-1.3842372335715242e-5,-3.7344963246995503e-6
64.33,-1.3787276158950647e-5,-3.786880453299245e-6
64.34,-1.3731216949196483e-5,-3.838850601645639e-6
64.35,-1.3674200891175982e-5,-3.890402562713367e-6
64.36,-1.3616234233092857e-5,-3.941532173200696e-6
64.37,-1.3557323286020625e-5,-3.992235313833603e-6
64.38,-1.3497474423289385e-5,-4.042507909666203e-6
64.39,-1.3436694079866985e-5,-4.092345930376144e-6
64.4,-1.3374988751737945e-5,-4.141745390556103e-6
64.41,-1.3312364995277846e-5,-4.190702350000607e-6
64.42,-1.3248829426624156e-5,-4.239212913988701e-6
64.43,-1.3184388721044085e-5,-4.287273233561432e-6
64.44,-1.3119049612298276e-5,-4.334879505795945e-6
64.45,-1.3052818892000992e-5,-4.3820279740745836e-6
64.46,-1.298570340897742e-5,-4.428714928348769e-6
64.47,-1.2917710068617e-5,-4.4749367054001026e-6
64.48,-1.2848845832225625e-5,-4.52068968909469e-6
64.49,-1.2779117716368775e-5,-4.56597031063522e-6
64.5,-1.2708532792219268e-5,-4.6107750488070836e-6
64.51,-1.2637098184897442e-5,-4.65510043021967e-6
64.52,-1.2564821072807226e-5,-4.6989430295441595e-6
64.53,-1.2491708686972265e-5,-4.742299469746307e-6
64.54,-1.2417768310367748e-5,-4.785166422314188e-6
64.55,-1.2343007277249092e-5,-4.827540607481713e-6
64.56,-1.226743297247793e-5,-4.869418794447365e-6
64.57,-1.2191052830845781e-5,-4.91079780158867e-6
64.58,-1.2113874336394456e-5,-4.95167449667115e-6
64.59,-1.2035905021734279e-5,-4.992045797053674e-6
64.6,-1.1957152467359502e-5,-5.03190866988828e-6
64.61,-1.187762430096042e-5,-5.071260132315563e-6
64.62,-1.179732819673615e-5,-5.110097251655803e-6
64.63,-1.1716271874698963e-5,-5.148417145594324e-6
64.64,-1.1634463099982853e-5,-5.18621698236384e-6
64.65,-1.1551909682145878e-5,-5.223493980919844e-6
64.66,-1.1468619474471468e-5,-5.260245411113263e-6
64.67,-1.1384600373266741e-5,-5.296468593857467e-6
64.68,-1.1299860317160547e-5,-5.332160901290413e-6
64.69,-1.1214407286396835e-5,-5.3673197569321965e-6
64.7,-1.1128249302128779e-5,-5.401942635838362e-6
64.71,-1.1041394425708548e-5,-5.436027064747263e-6
64.72,-1.0953850757976715e-5,-5.469570622224209e-6
64.73,-1.0865626438549773e-5,-5.5025709387991585e-6
64.74,-1.0776729645104911e-5,-5.5350256971010086e-6
64.75,-1.0687168592664536e-5,-5.566932631986456e-6
64.76,-1.0596951532875862e-5,-5.5982895306639215e-6
64.77,-1.050608675329654e-5,-5.6290942328131985e-6
64.78,-1.0414582576668251e-5,-5.659344630699872e-6
64.79,-1.0322447360196839e-5,-5.68903866928523e-6
64.8,-1.0229689494828624e-5,-5.7181743463309075e-6
64.81,-1.013631740452423e-5,-5.746749712499767e-6
64.82,-1.0042339545532815e-5,-5.7747628714501115e-6
64.83,-9.947764405663868e-6,-5.802211979927641e-6
64.84,-9.852600503559313e-6,-5.829095247850255e-6
64.85,-9.756856387962284e-6,-5.855410938388837e-6
64.86,-9.660540636987282e-6,-5.88115736804474e-6
64.87,-9.563661857387713e-6,-5.906332906719401e-6
64.88,-9.4662286838231e-6,-5.930935977782167e-6
64.89,-9.36824977812562e-6,-5.954965058131545e-6
64.9,-9.269733828565383e-6,-5.97841867825204e-6
64.91,-9.170689549115683e-6,-6.001295422266896e-6
64.92,-9.071125678716278e-6,-6.023593927984555e-6
64.93,-8.971050980537545e-6,-6.045312886942235e-6
64.94,-8.870474241244426e-6,-6.066451044442893e-6
64.95,-8.769404270254219e-6,-6.087007199588458e-6
64.96,-8.667849899007115e-6,-6.106980205308842e-6
64.97,-8.56581998021933e-6,-6.126368968384077e-6
64.98,-8.463323387149994e-6,-6.145172449464147e-6
64.99,-8.360369012858896e-6,-6.163389663082101e-6
65.0,-8.256965769469449e-6,-6.181019677664018e-6
65.01,-8.15312258742868e-6,-6.198061615532867e-6
65.02,-8.04884841476836e-6,-6.214514652908294e-6
65.03,-7.944152216364659e-6,-6.230378019902076e-6
65.04,-7.839042973200167e-6,-6.245651000507731e-6
65.05,-7.733529681623973e-6,-6.2603329325863844e-6
65.06,-7.627621352612392e-6,-6.274423207847599e-6
65.07,-7.52132701103098e-6,-6.2879212718254355e-6
65.08,-7.414655694895085e-6,-6.30082662385002e-6
65.09,-7.307616454632426e-6,-6.313138817013892e-6
65.1,-7.200218352345283e-6,-6.324857458134846e-6
65.11,-7.0924704610719366e-6,-6.335982207712802e-6
65.12,-6.984381864051581e-6,-6.346512779882648e-6
65.13,-6.875961653986886e-6,-6.356448942362233e-6
65.14,-6.7672189323083935e-6,-6.365790516396761e-6
65.15,-6.658162808440096e-6,-6.37453737669666e-6
65.16,-6.548802399065113e-6,-6.3826894513724834e-6
65.17,-6.439146827391406e-6,-6.390246721864544e-6
65.18,-6.329205222420511e-6,-6.3972092228679506e-6
65.19,-6.2189867182149104e-6,-6.403577042253442e-6
65.2,-6.108500453167527e-6,-6.40935032098324e-6
65.21,-5.997755569272292e-6,-6.4145292530226e-6
65.22,-5.886761211394289e-6,-6.419114085246745e-6
65.23,-5.7755265265473975e-6,-6.423105117344495e-6
65.24,-5.664060663158186e-6,-6.426502701713635e-6
65.25,-5.552372770350381e-6,-6.429307243357471e-6
65.26,-5.440471997216731e-6,-6.431519199772215e-6
65.27,-5.328367492097249e-6,-6.433139080831785e-6
65.28,-5.2160684018581765e-6,-6.434167448668687e-6
65.29,-5.103583871173318e-6,-6.434604917549529e-6
65.3,-4.99092304180458e-6,-6.434452153745983e-6
65.31,-4.8780950518871e-6,-6.433709875402825e-6
65.32,-4.765109035213808e-6,-6.432378852400127e-6
65.33,-4.6519741205217696e-6,-6.4304599062113175e-6
65.34,-4.538699430782166e-6,-6.427953909758309e-6
65.35,-4.42529408249008e-6,-6.4248617872604276e-6
65.36,-4.3117671849558635e-6,-6.42118451408008e-6
65.37,-4.198127839601179e-6,-6.416923116564482e-6
65.38,-4.084385139253982e-6,-6.412078671882231e-6
65.39,-3.970548167446575e-6,-6.406652307856805e-6
65.4,-3.856625997716247e-6,-6.4006452027940235e-6
65.41,-3.7426276929081007e-6,-6.394058585308081e-6
65.42,-3.6285623044781064e-6,-6.38689373414037e-6
65.43,-3.5144388718008517e-6,-6.379151977977106e-6
65.44,-3.4002664214786045e-6,-6.370834695260422e-6
65.45,-3.2860539666516142e-6,-6.361943313996724e-6
65.46,-3.1718105063128373e-6,-6.352479311560855e-6
65.47,-3.0575450246232657e-6,-6.342444214495947e-6
65.48,-2.943266490230161e-6,-6.331839598308952e-6
65.49,-2.828983855589644e-6,-6.320667087263416e-6
65.5,-2.714706056287364e-6,-6.3089283541663785e-6
65.51,-2.6004420103704328e-6,-6.29662512015443e-6
65.52,-2.4862006176670334e-6,-6.283759154470672e-6
65.53,-2.3719907591262485e-6,-6.270332274243747e-6
65.54,-2.2578212961495415e-6,-6.256346344259407e-6
65.55,-2.1437010699271575e-6,-6.241803276728409e-6
65.56,-2.0296389007784424e-6,-6.226705031052211e-6
65.57,-1.915643587495497e-6,-6.2110536135833e-6
65.58,-1.801723906688303e-6,-6.194851077382674e-6
65.59,-1.6878886121336914e-6,-6.17809952197308e-6
65.6,-1.5741464341274213e-6,-6.160801093089439e-6
65.61,-1.460506078838306e-6,-6.142957982424019e-6
65.62,-1.3469762276678184e-6,-6.124572427369316e-6
65.63,-1.2335655366100694e-6,-6.105646710757345e-6
65.64,-1.1202826356162587e-6,-6.086183160593974e-6
65.65,-1.007136127963317e-6,-6.06618414979144e-6
65.66,-8.941345896247322e-7,-6.045652095895937e-6
65.67,-7.812865686440224e-7,-6.024589460812323e-6
65.68,-6.686005845132359e-7,-6.0029987505256185e-6
65.69,-5.560851275547163e-7,-5.980882514818253e-6
65.7,-4.4374865830610986e-7,-5.958243346985318e-6
65.71,-3.315996069057012e-7,-5.93508388354369e-6
65.72,-2.196463724877126e-7,-5.911406803941263e-6
65.73,-1.0789732257646147e-7,-5.8872148302605405e-6
65.74,3.6392075145978207e-9,-5.862510726919693e-6
65.75,1.149549152803138e-7,-5.837297300369902e-6
65.76,2.260415316169933e-7,-5.811577398790041e-6
65.77,3.3689082141162557e-7,-5.785353911778207e-6
65.78,4.4749458412908893e-7,-5.758629770039039e-6
65.79,5.578446543927085e-7,-5.7314079450694374e-6
65.8,6.679329025633092e-7,-5.703691448840027e-6
65.81,7.777512353129713e-7,-5.675483333473402e-6
65.82,8.872915961957387e-7,-5.646786690920968e-6
65.83,9.965459662137161e-7,-5.617604652634254e-6
65.84,1.1055063643770212e-6,-5.587940389236795e-6
65.85,1.2141648482667981e-6,-5.557797110187846e-6
65.86,1.3225135145848955e-6,-5.527178063448528e-6
65.87,1.4305444997046025e-6,-5.496086535142709e-6
65.88,1.5382499802174371e-6,-5.464525849213895e-6
65.89,1.6456221734733176e-6,-5.432499367081789e-6
65.9,1.7526533381185604e-6,-5.400010487294414e-6
65.91,1.859335774627915e-6,-5.367062645177435e-6
65.92,1.9656618258336625e-6,-5.333659312482508e-6
65.93,2.0716238774494436e-6,-5.299803997030461e-6
65.94,2.1772143585893662e-6,-5.2655002423541195e-6
65.95,2.282425742285791e-6,-5.230751627336393e-6
65.96,2.387250545995804e-6,-5.1955617658487295e-6
65.97,2.49168133211148e-6,-5.1599343063836255e-6
65.98,2.595710708461394e-6,-5.1238729316854076e-6
65.99,2.6993313288032797e-6,-5.087381358383583e-6
66.0,2.8025358933230676e-6,-5.050463336614785e-6
66.01,2.9053171491184938e-6,-5.013122649649726e-6
66.02,3.0076678906839365e-6,-4.97536311351482e-6
66.03,3.1095809603892983e-6,-4.937188576611467e-6
66.04,3.2110492489531088e-6,-4.898602919333884e-6
66.05,3.312065695912295e-6,-4.859610053684288e-6
66.06,3.412623290087032e-6,-4.82021392288564e-6
66.07,3.5127150700388175e-6,-4.780418500992485e-6
66.08,3.612334124527466e-6,-4.740227792500053e-6
66.09,3.71147359295912e-6,-4.699645831950316e-6
66.1,3.8101266658322567e-6,-4.658676683536677e-6
66.11,3.908286585177985e-6,-4.617324440706996e-6
66.12,4.0059466449943975e-6,-4.575593225763285e-6
66.13,4.103100191677855e-6,-4.533487189461066e-6
66.14,4.199740624447804e-6,-4.491010510605557e-6
66.15,4.295861395766598e-6,-4.44816739564677e-6
66.16,4.391456011755614e-6,-4.4049620782722805e-6
66.17,4.486518032605262e-6,-4.361398818998858e-6
66.18,4.5810410729792656e-6,-4.317481904761329e-6
66.19,4.675018802415589e-6,-4.2732156485007956e-6
66.2,4.768444945720593e-6,-4.228604388750631e-6
66.21,4.861313283359524e-6,-4.183652489220672e-6
66.22,4.953617651840828e-6,-4.138364338380032e-6
66.23,5.045351944094974e-6,-4.092744349038628e-6
66.24,5.13651010984907e-6,-4.046796957926805e-6
66.25,5.227086155996005e-6,-4.000526625273539e-6
66.26,5.317074146957789e-6,-3.953937834383204e-6
66.27,5.406468205043695e-6,-3.9070350912110285e-6
66.28,5.495262510804526e-6,-3.859822923937223e-6
66.29,5.583451303379032e-6,-3.812305882539521e-6
66.3,5.671028880837228e-6,-3.7644885383646145e-6
66.31,5.75798960051769e-6,-3.7163754836983886e-6
66.32,5.844327879358501e-6,-3.6679713313349864e-6
66.33,5.93003819422495e-6,-3.6192807141439418e-6
66.34,6.015115082229197e-6,-3.5703082846379627e-6
66.35,6.09955314104683e-6,-3.5210587145374975e-6
66.36,6.183347029227179e-6,-3.4715366943352896e-6
66.37,6.266491466497503e-6,-3.4217469328606484e-6
66.38,6.348981234062386e-6,-3.3716941568410807e-6
66.39,6.430811174898201e-6,-3.3213831104642215e-6
66.4,6.511976194041099e-6,-3.270818554938462e-6
66.41,6.592471258869634e-6,-3.2200052680529846e-6
66.42,6.672291399383189e-6,-3.16894804373596e-6
66.43,6.751431708472469e-6,-3.117651691613848e-6
66.44,6.829887342186998e-6,-3.066121036568288e-6
66.45,6.907653519995915e-6,-3.0143609182923236e-6
66.46,6.984725525042372e-6,-2.9623761908477902e-6
66.47,7.061098704394363e-6,-2.910171722219558e-6
66.48,7.1367684692882825e-6,-2.8577523938711577e-6
66.49,7.2117302953675e-6,-2.8051231002991195e-6
66.5,7.285979722916095e-6,-2.7522887485859517e-6
66.51,7.359512357085499e-6,-2.6992542579549476e-6
66.52,7.432323868116679e-6,-2.6460245593219085e-6
66.53,7.504409991556666e-6,-2.592604594848115e-6
66.54,7.575766528468619e-6,-2.538999317493177e-6
66.55,7.646389345637203e-6,-2.4852136905658263e-6
66.56,7.716274375768362e-6,-2.431252687276247e-6
66.57,7.7854176176822e-6,-2.3771212902874423e-6
66.58,7.853815136501952e-6,-2.3228244912664927e-6
66.59,7.921463063836105e-6,-2.2683672904350525e-6
66.6,7.98835759795513e-6,-2.2137546961215868e-6
66.61,8.054495003963428e-6,-2.1589917243103974e-6
66.62,8.11987161396383e-6,-2.1040833981945495e-6
66.63,8.184483827218815e-6,-2.0490347477250235e-6
66.64,8.248328110303541e-6,-1.9938508091624044e-6
66.65,8.31140099725537e-6,-1.9385366246279958e-6
66.66,8.37369908971623e-6,-1.8830972416546655e-6
66.67,8.435219057070883e-6,-1.82753771273772e-6
66.68,8.495957636577175e-6,-1.7718630948872137e-6
66.69,8.555911633493308e-6,-1.7160784491791308e-6
66.7,8.615077921198183e-6,-1.660188840306947e-6
66.71,8.673453441304639e-6,-1.6041993361351544e-6
66.72,8.731035203770571e-6,-1.5481150072506067e-6
66.73,8.787820287000821e-6,-1.491940926516065e-6
66.74,8.843805837945573e-6,-1.4356821686241131e-6
66.75,8.898989072192824e-6,-1.379343809650015e-6
66.76,8.953367274053727e-6,-1.322930926607009e-6
66.77,9.0069377966448e-6,-1.2664485970012736e-6
66.78,9.059698061962115e-6,-1.209901898386617e-6
66.79,9.111645560951936e-6,-1.1532959079214504e-6
66.8,9.162777853573168e-6,-1.096635701925734e-6
66.81,9.213092568857596e-6,-1.0399263554374158e-6
66.82,9.262587404960793e-6,-9.83172941771859e-7
66.83,9.311260129211268e-6,-9.263805320798148e-7
66.84,9.35910857814973e-6,-8.695541949081937e-7
66.85,9.406130657566812e-6,-8.126989957600898e-7
66.86,9.45232434253298e-6,-7.558199966561911e-7
66.87,9.49768767742311e-6,-6.989222556975175e-7
66.88,9.542218775935752e-6,-6.420108266288992e-7
66.89,9.585915821107493e-6,-5.850907584028499e-7
66.9,9.628777065319898e-6,-5.281670947452987e-7
66.91,9.670800830303202e-6,-4.7124487372165484e-7
66.92,9.711985507132619e-6,-4.1432912730618503e-7
66.93,9.752329556220926e-6,-3.5742488094649087e-7
66.94,9.791831507303609e-6,-3.005371531376897e-7
66.95,9.830489959419374e-6,-2.4367095499153876e-7
66.96,9.868303580886252e-6,-1.8683128980829885e-7
66.97,9.905271109270163e-6,-1.3002315265115022e-7
66.98,9.94139135134979e-6,-7.32515299205283e-8
66.99,9.976663183074961e-6,-1.6521398930478776e-8
67.0,1.0011085549520103e-5,4.016227251406515e-8
67.01,1.0044657464832079e-5,9.679452653764555e-8
67.02,1.0077378012172732e-5,1.533704156150155e-7
67.03,1.0109246343656185e-5,2.0988500298818023e-7
67.04,1.0140261680280292e-5,2.663333630836588e-7
67.05,1.0170423311853316e-5,3.2271058192747175e-7
67.06,1.0199730596914215e-5,3.790117575577726e-7
67.07,1.0228182962649975e-5,4.352320004386364e-7
67.08,1.0255779904804465e-5,4.913664338685194e-7
67.09,1.0282520987584705e-5,5.474101943894615e-7
67.1,1.030840584355945e-5,6.033584321939926e-7
67.11,1.0333434173555833e-5,6.592063115301922e-7
67.12,1.0357605746546678e-5,7.149490111049493e-7
67.13,1.0380920399536087e-5,7.705817244858475e-7
67.14,1.0403378037437925e-5,8.260996605000373e-7
67.15,1.0424978632949584e-5,8.814980436329934e-7
67.16,1.0445722226420942e-5,9.367721144236863e-7
67.17,1.0465608925718006e-5,9.919171298591105e-7
67.18,1.0484638906080681e-5,1.0469283637658645e-6
67.19,1.050281240997672e-5,1.1018011072002283e-6
67.2,1.0520129746950567e-5,1.1565306688372706e-6
67.21,1.053659129346441e-5,1.2111123753540422e-6
67.22,1.0552197492738995e-5,1.265541571816533e-6
67.23,1.0566948854585623e-5,1.3198136220593278e-6
67.24,1.0580845955233795e-5,1.3739239090662023e-6
67.25,1.0593889437155729e-5,1.427867835347128e-6
67.26,1.0606080008884053e-5,1.4816408233134463e-6
67.27,1.0617418444824809e-5,1.5352383156506512e-6
67.28,1.0627905585066982e-5,1.5886557756898604e-6
67.29,1.0637542335185553e-5,1.6418886877752669e-6
67.3,1.0646329666039966e-5,1.69493255763038e-6
67.31,1.0654268613569449e-5,1.7477829127229584e-6
67.32,1.0661360278581232e-5,1.8004353026241204e-6
67.33,1.0667605826535029e-5,1.8528852993695001e-6
67.34,1.0673006487323304e-5,1.9051284978143223e-6
67.35,1.06775635550463e-5,1.9571605159878192e-6
67.36,1.0681278387781997e-5,2.0089769954454197e-6
67.37,1.0684152407352441e-5,2.060573601616786e-6
67.38,1.0686187099083853e-5,2.1119460241524936e-6
67.39,1.0687384011565135e-5,2.163089977269827e-6
67.4,1.0687744756397254e-5,2.214001200090374e-6
67.41,1.0687271007942654e-5,2.2646754569823266e-6
67.42,1.0685964503067354e-5,2.3151085378947917e-6
67.43,1.0683827040879492e-5,2.3652962586917386e-6
67.44,1.068086048246344e-5,2.4152344614821466e-6
67.45,1.0677066750609219e-5,2.4649190149490276e-6
67.46,1.0672447829537693e-5,2.514345814673591e-6
67.47,1.0667005764621517e-5,2.5635107834585556e-6
67.48,1.0660742662101888e-5,2.6124098716472607e-6
67.49,1.0653660688799969e-5,2.661039057440885e-6
67.5,1.0645762071825384e-5,2.7093943472125047e-6
67.51,1.0637049098279978e-5,2.7574717758181915e-6
67.52,1.0627524114957106e-5,2.8052674069050557e-6
67.53,1.0617189528037086e-5,2.852777333217341e-6
67.54,1.0606047802778257e-5,2.899997676898315e-6
67.55,1.0594101463204318e-5,2.9469245897897996e-6
67.56,1.0581353091786813e-5,2.993554253729118e-6
67.57,1.0567805329125168e-5,3.039882880842384e-6
67.58,1.0553460873620207e-5,3.0859067138349755e-6
67.59,1.0538322481146487e-5,3.1316220262791336e-6
67.6,1.0522392964718601e-5,3.1770251228986335e-6
67.61,1.0505675194154646e-5,3.222112339849967e-6
67.62,1.0488172095735437e-5,3.2668800450006183e-6
67.63,1.0469886651859927e-5,3.3113246382042313e-6
67.64,1.0450821900697042e-5,3.3554425515730156e-6
67.65,1.043098093583347e-5,3.399230249745984e-6
67.66,1.0410366905917673e-5,3.442684230155583e-6
67.67,1.0388983014300923e-5,3.485801023288373e-6
67.68,1.036683251867352e-5,3.5285771929475968e-6
67.69,1.0343918730698222e-5,3.5710093365061214e-6
67.7,1.0320245015639873e-5,3.613094085160893e-6
67.71,1.0295814791991824e-5,3.6548281041820943e-6
67.72,1.0270631531097873e-5,3.6962080931598287e-6
67.73,1.0244698756771764e-5,3.737230786246676e-6
67.74,1.0218020044912891e-5,3.7778929523978735e-6
67.75,1.0190599023118424e-5,3.818191395607477e-6
67.76,1.0162439370292252e-5,3.858122955141277e-6
67.77,1.0133544816250566e-5,3.897684505767083e-6
67.78,1.0103919141324027e-5,3.936872957980415e-6
67.79,1.0073566175957093e-5,3.97568525822786e-6
67.8,1.0042489800303651e-5,4.01411838912633e-6
67.81,1.0010693943819797e-5,4.052169369679781e-6
67.82,9.978182584853414e-6,4.089835255491238e-6
67.83,9.944959750230314e-6,4.127113138972427e-6
67.84,9.911029514838287e-6,4.164000149549697e-6
67.85,9.876396001206761e-6,4.200493453866043e-6
67.86,9.841063379084415e-6,4.2365902559803866e-6
67.87,9.805035865014309e-6,4.272287797562575e-6
67.88,9.768317721904554e-6,4.307583358085733e-6
67.89,9.73091325859758e-6,4.342474255014149e-6
67.9,9.692826829435849e-6,4.376957843988444e-6
67.91,9.654062833825209e-6,4.411031519006564e-6
67.92,9.614625715794727e-6,4.444692712602329e-6
67.93,9.574519963555494e-6,4.4779388960184784e-6
67.94,9.533750109054655e-6,4.510767579378253e-6
67.95,9.492320727528396e-6,4.543176311851888e-6
67.96,9.450236437051404e-6,4.575162681820793e-6
67.97,9.407501898084796e-6,4.606724317036502e-6
67.98,9.364121813020581e-6,4.6378588847779e-6
67.99,9.320100925724249e-6,4.668564092002892e-6
68.0,9.275444021074554e-6,4.698837685498473e-6
68.01,9.230155924501446e-6,4.728677452025524e-6
68.02,9.184241501521416e-6,4.758081218460703e-6
68.03,9.137705657270151e-6,4.787046851934858e-6
68.04,9.090553336033688e-6,4.815572259966883e-6
68.05,9.042789520777114e-6,4.843655390595536e-6
68.06,8.994419232670525e-6,4.871294232505835e-6
68.07,8.945447530614064e-6,4.898486815152766e-6
68.08,8.895879510759403e-6,4.925231208881482e-6
68.09,8.845720306030685e-6,4.951525525042827e-6
68.1,8.794975085642495e-6,4.977367916106442e-6
68.11,8.743649054616196e-6,5.002756575769237e-6
68.12,8.691747453293978e-6,5.0276897390607165e-6
68.13,8.639275556852248e-6,5.052165682443886e-6
68.14,8.58623867481205e-6,5.076182723913752e-6
68.15,8.532642150546957e-6,5.099739223090611e-6
68.16,8.478491360792219e-6,5.122833581310981e-6
68.17,8.423791715148704e-6,5.145464241713553e-6
68.18,8.368548655587803e-6,5.167629689322854e-6
68.19,8.312767655953469e-6,5.189328451127704e-6
68.2,8.25645422146218e-6,5.210559096157111e-6
68.21,8.199613888203837e-6,5.231320235551992e-6
68.22,8.142252222637708e-6,5.251610522633032e-6
68.23,8.084374821090218e-6,5.271428652965345e-6
68.24,8.025987309248987e-6,5.290773364418561e-6
68.25,7.967095341656972e-6,5.3096434372244695e-6
68.26,7.907704601204213e-6,5.328037694029667e-6
68.27,7.84782079861943e-6,5.345954999944721e-6
68.28,7.787449671960268e-6,5.363394262591015e-6
68.29,7.72659698610006e-6,5.380354432141827e-6
68.3,7.665268532217953e-6,5.396834501360998e-6
68.31,7.603470127283089e-6,5.412833505637551e-6
68.32,7.541207613542143e-6,5.4283505230165194e-6
68.33,7.4784868580012655e-6,5.443384674226654e-6
68.34,7.415313751912339e-6,5.457935122703024e-6
68.35,7.35169421025326e-6,5.472001074607563e-6
68.36,7.287634171210877e-6,5.485581778845008e-6
68.37,7.2231395956613905e-6,5.498676527075204e-6
68.38,7.1582164666509445e-6,5.51128465372205e-6
68.39,7.092870788873724e-6,5.5234055359786735e-6
68.4,7.02710858815259e-6,5.5350385938079e-6
68.41,6.960935910915904e-6,5.5461832899415e-6
68.42,6.894358823673514e-6,5.556839129872962e-6
68.43,6.827383412497524e-6,5.567005661848252e-6
68.44,6.760015782494779e-6,5.576682476852901e-6
68.45,6.692262057284563e-6,5.585869208594682e-6
68.46,6.6241283784735965e-6,5.5945655334830485e-6
68.47,6.555620905131013e-6,5.602771170605306e-6
68.48,6.486745813263292e-6,5.610485881698254e-6
68.49,6.4175092952884904e-6,5.617709471117141e-6
68.5,6.347917559510029e-6,5.624441785800274e-6
68.51,6.277976829591298e-6,5.6306827152312716e-6
68.52,6.207693344028547e-6,5.636432191395168e-6
68.53,6.137073355624833e-6,5.641690188733771e-6
68.54,6.066123130963961e-6,5.64645672409624e-6
68.55,5.994848949882985e-6,5.650731856685218e-6
68.56,5.92325710494615e-6,5.6545156880013595e-6
68.57,5.851353900918464e-6,5.657808361782292e-6
68.58,5.779145654238811e-6,5.660610063939414e-6
68.59,5.7066386924942334e-6,5.662921022490619e-6
68.6,5.63383935389302e-6,5.664741507489513e-6
68.61,5.560753986738933e-6,5.666071830951366e-6
68.62,5.487388948905996e-6,5.66691234677529e-6
68.63,5.413750607312181e-6,5.667263450662845e-6
68.64,5.339845337394923e-6,5.667125580033756e-6
68.65,5.265679522586108e-6,5.666499213937287e-6
68.66,5.191259553787762e-6,5.6653848729611835e-6
68.67,5.116591828847963e-6,5.66378311913608e-6
68.68,5.0416827520377485e-6,5.661694555837511e-6
68.69,4.966538733528273e-6,5.659119827683983e-6
68.7,4.891166188867797e-6,5.656059620431065e-6
68.71,4.8155715384611425e-6,5.652514660863821e-6
68.72,4.739761207047519e-6,5.6484857166837475e-6
68.73,4.663741623180966e-6,5.643973596394175e-6
68.74,4.587519218710828e-6,5.63897914918087e-6
68.75,4.511100428261764e-6,5.633503264790599e-6
68.76,4.434491688717517e-6,5.627546873405378e-6
68.77,4.357699438702306e-6,5.6211109455139335e-6
68.78,4.280730118065186e-6,5.614196491779623e-6
68.79,4.203590167365022e-6,5.606804562905535e-6
68.8,4.1262860273552355e-6,5.5989362494957425e-6
68.81,4.0488241384713215e-6,5.590592681913623e-6
68.82,3.971210940318858e-6,5.581775030136992e-6
68.83,3.89345287116085e-6,5.5724845036103624e-6
68.84,3.815556367409175e-6,5.5627223510928005e-6
68.85,3.737527863115328e-6,5.552489860504313e-6
68.86,3.659373789462018e-6,5.541788358767783e-6
68.87,3.581100574257966e-6,5.530619211648286e-6
68.88,3.5027146414318496e-6,5.51898382358947e-6
68.89,3.4242224105292354e-6,5.5068836375461435e-6
68.9,3.345630296209009e-6,5.494320134814827e-6
68.91,3.266944707743768e-6,5.4812948348600985e-6
68.92,3.1881720485192342e-6,5.4678092951388684e-6
68.93,3.1093187155364055e-6,5.453865110921196e-6
68.94,3.0303910989153863e-6,5.439463915108194e-6
68.95,2.9513955813992746e-6,5.424607378046261e-6
68.96,2.8723385378616006e-6,5.409297207340138e-6
68.97,2.793226334814142e-6,5.3935351476609e-6
68.98,2.714065329917412e-6,5.3773229805527924e-6
68.99,2.634861871490539e-6,5.3606625242354694e-6
69.0,2.5556222980261716e-6,5.3435556334053166e-6
69.01,2.4763529377042596e-6,5.326004199031969e-6
69.02,2.397060107910104e-6,5.3080101481538295e-6
69.03,2.317750114751387e-6,5.289575443668667e-6
69.04,2.2384292525804978e-6,5.270702084123742e-6
69.05,2.159103803515328e-6,5.251392103501401e-6
69.06,2.0797800369644334e-6,5.231647571002594e-6
69.07,2.0004642091533475e-6,5.211470590827657e-6
69.08,1.9211625626527954e-6,5.190863301954656e-6
69.09,1.8418813259088098e-6,5.16982787791404e-6
69.1,1.7626267127759167e-6,5.148366526561938e-6
69.11,1.6834049220507874e-6,5.126481489850038e-6
69.12,1.6042221370095638e-6,5.10417504359306e-6
69.13,1.525084524946988e-6,5.08144949723335e-6
69.14,1.4459982367161091e-6,5.058307193603223e-6
69.15,1.366969406273501e-6,5.034750508685158e-6
69.16,1.2880041502239259e-6,5.010781851368803e-6
69.17,1.209108567367669e-6,4.986403663204932e-6
69.18,1.1302887382521065e-6,4.961618418159044e-6
69.19,1.051550724723306e-6,4.936428622360139e-6
69.2,9.729005694813086e-7,4.9108368138484645e-6
69.21,8.943442956381864e-7,4.884845562320547e-6
69.22,8.158879062767801e-7,4.858457468871787e-6
69.23,7.375373840143576e-7,4.831675165736811e-6
69.24,6.592986905668871e-7,4.804501316027004e-6
69.25,5.811777663161363e-7,4.776938613466796e-6
69.26,5.031805298807398e-7,4.748989782126664e-6
69.27,4.253128776885888e-7,4.720657576154296e-6
69.28,3.475806835511278e-7,4.691944779503682e-6
69.29,2.699897982427082e-7,4.6628542056616315e-6
69.3,1.9254604908095772e-7,4.633388697372505e-6
69.31,1.1525523950923149e-7,4.6035511263608346e-6
69.32,3.812314868418613e-8,4.573344393050836e-6
69.33,-3.8844468936128476e-8,4.542771426285787e-6
69.34,-1.1564188400031036e-7,4.511835183043336e-6
69.35,-1.9226339266922255e-7,4.480538648149877e-6
69.36,-2.6870331701729126e-7,4.44888483399323e-6
69.37,-3.44956005434665e-7,4.4168767802314976e-6
69.38,-4.2101583302134086e-7,4.384517553502565e-6
69.39,-4.968772019819121e-7,4.3518102471301636e-6
69.4,-5.725345420173334e-7,4.318757980827192e-6
69.41,-6.47982310711112e-7,4.2853639003994485e-6
69.42,-7.232149939152218e-7,4.251631177446287e-6
69.43,-7.98227106131255e-7,4.217563009058352e-6
69.44,-8.730131908897632e-7,4.183162617515708e-6
69.45,-9.475678211244299e-7,4.148433249983174e-6
69.46,-1.0218855995467156e-6,4.113378178202946e-6
69.47,-1.0959611590135798e-6,4.0780006981875055e-6
69.48,-1.1697891628937314e-6,4.042304129909554e-6
69.49,-1.2433643054316446e-6,4.006291816989962e-6
69.5,-1.3166813121051676e-6,3.969967126386295e-6
69.51,-1.3897349399853797e-6,3.9333334480762206e-6
69.52,-1.462519978086554e-6,3.8963941947427475e-6
69.53,-1.535031247718177e-6,3.859152801456057e-6
69.54,-1.6072636028310794e-6,3.8216127253544675e-6
69.55,-1.6792119303602895e-6,3.783777445323336e-6
69.56,-1.7508711505659065e-6,3.745650461673624e-6
69.57,-1.822236217369729e-6,3.707235295817481e-6
69.58,-1.89330211868756e-6,3.6685354899444858e-6
69.59,-1.9640638767599645e-6,3.629554606694506e-6
69.6,-2.034516548478849e-6,3.5902962288305578e-6
69.61,-2.1046552257099576e-6,3.5507639589095134e-6
69.62,-2.174475035612505e-6,3.5109614189524834e-6
69.63,-2.2439711409549538e-6,3.4708922501138575e-6
69.64,-2.313138740430036e-6,3.430560112346199e-6
69.65,-2.381973068959377e-6,3.3899686840709132e-6
69.66,-2.4504693980023503e-6,3.349121661839279e-6
69.67,-2.5186230358577082e-6,3.3080227599984714e-6
69.68,-2.586429327961187e-6,3.2666757103542882e-6
69.69,-2.6538836571800136e-6,3.225084261832776e-6
69.7,-2.7209814441055898e-6,3.1832521801407356e-6
69.71,-2.787718147339786e-6,3.1411832474265425e-6
69.72,-2.8540892637796083e-6,3.098881261937929e-6
69.73,-2.9200903288969595e-6,3.0563500376808934e-6
69.74,-2.9857169170160317e-6,3.013593404076166e-6
69.75,-3.0509646415857123e-6,2.9706152056154016e-6
69.76,-3.1158291554485737e-6,2.92741930151707e-6
69.77,-3.180306151107715e-6,2.8840095653803425e-6
69.78,-3.244391360987325e-6,2.840389884839181e-6
69.79,-3.308080557691198e-6,2.796564161215013e-6
69.8,-3.371369554257435e-6,2.752536309169776e-6
69.81,-3.4342542044090057e-6,2.708310256356507e-6
69.82,-3.4967304027989756e-6,2.6638899430712165e-6
69.83,-3.558794085258271e-6,2.6192793219015034e-6
69.84,-3.620441229027236e-6,2.574482357379546e-6
69.85,-3.6816678529981996e-6,2.5295030256274498e-6
69.86,-3.7424700179436033e-6,2.4843453140083402e-6
69.87,-3.8028438267446544e-6,2.4390132207734024e-6
69.88,-3.862785424614471e-6,2.393510754709882e-6
69.89,-3.922290999319536e-6,2.347841934788144e-6
69.9,-3.981356781394596e-6,2.3020107898082187e-6
69.91,-4.0399790443557454e-6,2.2560213580467904e-6
69.92,-4.098154104908584e-6,2.209877686902222e-6
69.93,-4.155878323153029e-6,2.163583832541366e-6
69.94,-4.213148102783352e-6,2.1171438595442017e-6
69.95,-4.269959891286176e-6,2.0705618405489805e-6
69.96,-4.3263101801315515e-6,2.0238418558976422e-6
69.97,-4.3821955049637735e-6,1.976987993279821e-6
69.98,-4.437612445784972e-6,1.9300043473782594e-6
69.99,-4.492557627136279e-6,1.8828950195122527e-6
70.0,-4.5470277182761105e-6,1.8356641172822759e-6
70.01,-4.601019433351534e-6,1.7883157542146585e-6
70.02,-4.654529531568877e-6,1.7408540494049705e-6
70.03,-4.707554817358538e-6,1.6932831271626136e-6
70.04,-4.76009214053582e-6,1.6456071166547363e-6
70.05,-4.812138396458422e-6,1.597830151550772e-6
70.06,-4.86369052618037e-6,1.5499563696659454e-6
70.07,-4.91474551660016e-6,1.5019899126063164e-6
70.08,-4.965300400607543e-6,1.453934925412897e-6
70.09,-5.0153522572231265e-6,1.4057955562065697e-6
70.1,-5.0648982117375395e-6,1.3575759558320528e-6
70.11,-5.1139354358422194e-6,1.309280277505563e-6
70.12,-5.162461147762926e-6,1.2609126764550275e-6
70.13,-5.210472612380643e-6,1.2124773095710954e-6
70.14,-5.257967141355657e-6,1.163978335050005e-6
70.15,-5.304942093243768e-6,1.1154199120403012e-6
70.16,-5.351394873610143e-6,1.0668062002897246e-6
70.17,-5.397322935138157e-6,1.0181413597921393e-6
70.18,-5.442723777735611e-6,9.694295504342207e-7
70.19,-5.487594948634474e-6,9.2067493164505e-7
70.2,-5.5319340424900416e-6,8.718816620421842e-7
70.21,-5.575738701472095e-6,8.230538990822768e-7
70.22,-5.6190066153569955e-6,7.741957987095721e-7
70.23,-5.661735521609919e-6,7.253115150062021e-7
70.24,-5.703923205468002e-6,6.764051998430131e-7
70.25,-5.7455675000173175e-6,6.274810025297821e-7
70.26,-5.786666286265768e-6,5.785430694683512e-7
70.27,-5.827217493212191e-6,5.295955438041851e-7
70.28,-5.867219097912282e-6,4.806425650801539e-7
70.29,-5.9066691255392765e-6,4.3168826889050034e-7
70.3,-5.94556564944178e-6,3.827367865348905e-7
70.31,-5.983906791196186e-6,3.3379224467524764e-7
70.32,-6.021690720656759e-6,2.848587649912121e-7
70.33,-6.058915656000659e-6,2.3594046383743042e-7
70.34,-6.095579863769043e-6,1.8704145190215662e-7
70.35,-6.131681658904696e-6,1.381658338661376e-7
70.36,-6.1672194047861885e-6,8.931770806190072e-8
70.37,-6.202191513255239e-6,4.050116613624758e-8
70.38,-6.236596444644601e-6,-8.279707289889067e-9
70.39,-6.270432707796735e-6,-5.702083495552434e-8
70.4,-6.303698860085642e-6,-1.0571814729982252e-7
70.41,-6.336393507425977e-6,-1.543675827929251e-7
70.42,-6.3685153042856014e-6,-2.0296508827206036e-7
70.43,-6.400062953690349e-6,-2.515066192734946e-7
70.44,-6.431035207226093e-6,-2.9998814036423434e-7
70.45,-6.461430865036831e-6,-3.484056254723583e-7
70.46,-6.491248775818533e-6,-3.9675505821605934e-7
70.47,-6.520487836809179e-6,-4.4503243223197494e-7
70.48,-6.54914699377679e-6,-4.932337515008368e-7
70.49,-6.577225240997975e-6,-5.413550306741759e-7
70.5,-6.604721621240688e-6,-5.893922953974824e-7
70.51,-6.631635225736633e-6,-6.373415826331702e-7
70.52,-6.657965194152571e-6,-6.851989409816688e-7
70.53,-6.683710714557513e-6,-7.329604310020601e-7
70.54,-6.708871023385783e-6,-7.806221255299747e-7
70.55,-6.733445405396273e-6,-8.28180109994717e-7
70.56,-6.7574331936288876e-6,-8.756304827356918e-7
70.57,-6.780833769354436e-6,-9.229693553156015e-7
70.58,-6.803646562024833e-6,-9.701928528333792e-7
70.59,-6.825871049216203e-6,-1.017297114236289e-6
70.6,-6.847506756569392e-6,-1.064278292627776e-6
70.61,-6.868553257726759e-6,-1.1111325555767497e-6
70.62,-6.8890101742656375e-6,-1.1578560854236044e-6
70.63,-6.90887717562703e-6,-1.2044450795844396e-6
70.64,-6.9281539790415114e-6,-1.250895750855155e-6
70.65,-6.946840349451092e-6,-1.297204327711855e-6
70.66,-6.964936099427569e-6,-1.3433670546112e-6
70.67,-6.982441089086776e-6,-1.3893801922881093e-6
70.68,-6.999355225999995e-6,-1.4352400180521268e-6
70.69,-7.015678465100611e-6,-1.4809428260814814e-6
70.7,-7.031410808588255e-6,-1.5264849277165596e-6
70.71,-7.0465523058287045e-6,-1.5718626517499821e-6
70.72,-7.061103053250262e-6,-1.6170723447155887e-6
70.73,-7.075063194237017e-6,-1.6621103711767264e-6
70.74,-7.0884329190176575e-6,-1.7069731140100003e-6
70.75,-7.101212464551831e-6,-1.751656974689697e-6
70.76,-7.113402114412019e-6,-1.7961583735687423e-6
70.77,-7.125002198661787e-6,-1.8404737501584778e-6
70.78,-7.1360130937329155e-6,-1.8845995634059985e-6
70.79,-7.14643522229502e-6,-1.9285322919697547e-6
70.8,-7.156269053125405e-6,-1.9722684344931703e-6
70.81,-7.1655151009732286e-6,-2.0158045098762916e-6
70.82,-7.174173926420979e-6,-2.059137057544598e-6
70.83,-7.182246135743518e-6,-2.102262637717695e-6
70.84,-7.189732380761037e-6,-2.1451778316730278e-6
70.85,-7.196633358692095e-6,-2.1878792420097635e-6
70.86,-7.202949812001396e-6,-2.2303634929120508e-6
70.87,-7.208682528242764e-6,-2.2726272304029784e-6
70.88,-7.2138323399025805e-6,-2.314667122605823e-6
70.89,-7.21840012423688e-6,-2.356479859997169e-6
70.9,-7.22238680310627e-6,-2.398062155659073e-6
70.91,-7.225793342807269e-6,-2.4394107455290727e-6
70.92,-7.228620753901167e-6,-2.4805223886489726e-6
70.93,-7.230870091038751e-6,-2.5213938674095413e-6
70.94,-7.232542452782288e-6,-2.5620219877946978e-6
70.95,-7.2336389814242385e-6,-2.602403579621914e-6
70.96,-7.2341608628030235e-6,-2.6425354967816968e-6
70.97,-7.234109326115596e-6,-2.6824146174738124e-6
70.98,-7.2334856437265205e-6,-2.7220378444411182e-6
70.99,-7.232291130974403e-6,-2.7614021052018038e-6
71.0,-7.230527145975364e-6,-2.8005043522784835e-6
71.01,-7.228195089423032e-6,-2.839341563425365e-6
71.02,-7.225296404385822e-6,-2.8779107418528448e-6
71.03,-7.221832576100934e-6,-2.916208916449537e-6
71.04,-7.217805131766186e-6,-2.954233142002149e-6
71.05,-7.213215640327453e-6,-2.9919804994131157e-6
71.06,-7.208065712264737e-6,-3.029448095914349e-6
71.07,-7.2023569993746065e-6,-3.066633065281005e-6
71.08,-7.19609119454925e-6,-3.103532568040319e-6
71.09,-7.18927003155365e-6,-3.140143791679197e-6
71.1,-7.181895284799592e-6,-3.1764639508491534e-6
71.11,-7.17396876911639e-6,-3.212490287568431e-6
71.12,-7.165492339519562e-6,-3.2482200714217277e-6
71.13,-7.156467890976169e-6,-3.2836505997573805e-6
71.14,-7.146897358167878e-6,-3.318779197882085e-6
71.15,-7.136782715251214e-6,-3.3536032192525703e-6
71.16,-7.126125975614201e-6,-3.3881200456648798e-6
71.17,-7.114929191632335e-6,-3.422327087441848e-6
71.18,-7.103194454419904e-6,-3.4562217836164337e-6
71.19,-7.090923893579968e-6,-3.4898016021130998e-6
71.2,-7.078119676951189e-6,-3.5230640399277076e-6
71.21,-7.0647840103523334e-6,-3.5560066233024195e-6
71.22,-7.05091913732396e-6,-3.5886269079000912e-6
71.23,-7.036527338868164e-6,-3.620922478974279e-6
71.24,-7.021610933185465e-6,-3.6528909515380956e-6
71.25,-7.00617227540882e-6,-3.6845299705290734e-6
71.26,-6.99021375733634e-6,-3.7158372109718925e-6
71.27,-6.973737807160373e-6,-3.746810378138707e-6
71.28,-6.9567468891952555e-6,-3.7774472077057143e-6
71.29,-6.939243503601886e-6,-3.8077454659082163e-6
71.3,-6.921230186110616e-6,-3.837702949691631e-6
71.31,-6.9027095077414535e-6,-3.867317486861228e-6
71.32,-6.883684074521703e-6,-3.896586936227391e-6
71.33,-6.864156527204153e-6,-3.9255091877500616e-6
71.34,-6.8441295409759135e-6,-3.954082162677815e-6
71.35,-6.823605825175115e-6,-3.982303813687213e-6
71.36,-6.802588122996873e-6,-4.010172125016363e-6
71.37,-6.781079211202027e-6,-4.0376851125983946e-6
71.38,-6.759081899821323e-6,-4.064840824189368e-6
71.39,-6.736599031859064e-6,-4.091637339496072e-6
71.4,-6.713633482993719e-6,-4.1180727702988465e-6
71.41,-6.690188161277401e-6,-4.14414526057236e-6
71.42,-6.666266006831881e-6,-4.169852986603919e-6
71.43,-6.641869991544937e-6,-4.195194157108829e-6
71.44,-6.617003118762575e-6,-4.220167013341755e-6
71.45,-6.591668422980335e-6,-4.244769829206677e-6
71.46,-6.56586896953286e-6,-4.269000911363281e-6
71.47,-6.539607854281399e-6,-4.29285859933066e-6
71.48,-6.512888203299532e-6,-4.316341265587782e-6
71.49,-6.485713172557043e-6,-4.339447315671274e-6
71.5,-6.458085947602065e-6,-4.3621751882709384e-6
71.51,-6.430009743241269e-6,-4.384523355321308e-6
71.52,-6.401487803219617e-6,-4.406490322090534e-6
71.53,-6.372523399896243e-6,-4.428074627267405e-6
71.54,-6.343119833920794e-6,-4.449274843044079e-6
71.55,-6.313280433906932e-6,-4.4700895751965275e-6
71.56,-6.283008556104551e-6,-4.490517463162417e-6
71.57,-6.252307584070884e-6,-4.51055718011535e-6
71.58,-6.221180928339394e-6,-4.530207433036715e-6
71.59,-6.189632026087998e-6,-4.5494669627841285e-6
71.6,-6.157664340804867e-6,-4.568334544157811e-6
71.61,-6.125281361953347e-6,-4.586808985963109e-6
71.62,-6.092486604635813e-6,-4.604889131070351e-6
71.63,-6.0592836092558996e-6,-4.62257385647235e-6
71.64,-6.025675941178523e-6,-4.639862073337885e-6
71.65,-5.991667190390015e-6,-4.656752727063696e-6
71.66,-5.957260971156398e-6,-4.6732447973218575e-6
71.67,-5.922460921679903e-6,-4.689337298105852e-6
71.68,-5.887270703755142e-6,-4.70502927777277e-6
71.69,-5.851694002423428e-6,-4.720319819082245e-6
71.7,-5.815734525626504e-6,-4.735208039233851e-6
71.71,-5.7793960038583104e-6,-4.7496930899003006e-6
71.72,-5.742682189817028e-6,-4.763774157257839e-6
71.73,-5.705596858054675e-6,-4.7774504620144145e-6
71.74,-5.668143804626042e-6,-4.790721259434666e-6
71.75,-5.6303268467374865e-6,-4.803585839361437e-6
71.76,-5.5921498223935644e-6,-4.81604352623485e-6
71.77,-5.553616590043675e-6,-4.828093679108445e-6
71.78,-5.514731028226844e-6,-4.8397356916626165e-6
71.79,-5.475497035216473e-6,-4.850968992214238e-6
71.8,-5.435918528665188e-6,-4.861793043724922e-6
71.81,-5.395999445244252e-6,-4.872207343804411e-6
71.82,-5.355743740289413e-6,-4.882211424712906e-6
71.83,-5.315155387439477e-6,-4.8918048533592725e-6
71.84,-5.2742383782786115e-6,-4.90098723129699e-6
71.85,-5.232996721974974e-6,-4.909758194717079e-6
71.86,-5.1914344449200954e-6,-4.9181174144377045e-6
71.87,-5.149555590368151e-6,-4.926064595891679e-6
71.88,-5.107364218072803e-6,-4.933599479110306e-6
71.89,-5.064864403925945e-6,-4.940721838705112e-6
71.9,-5.022060239592614e-6,-4.947431483845802e-6
71.91,-4.9789558321495834e-6,-4.953728258236244e-6
71.92,-4.935555303719011e-6,-4.959612040087147e-6
71.93,-4.891862791105672e-6,-4.965082742086181e-6
71.94,-4.847882445430981e-6,-4.970140311364292e-6
71.95,-4.8036184317674835e-6,-4.974784729460819e-6
71.96,-4.7590749287735295e-6,-4.97901601228432e-6
71.97,-4.7142561283269395e-6,-4.98283421007134e-6
71.98,-4.669166235158907e-6,-4.986239407342231e-6
71.99,-4.6238094664869405e-6,-4.989231722854009e-6
72.0,-4.57819005164832e-6,-4.991811309550336e-6
72.01,-4.532312231732609e-6,-4.993978354509256e-6
72.02,-4.486180259215017e-6,-4.995733078887457e-6
72.03,-4.4397983975882435e-6,-4.997075737862207e-6
72.04,-4.393170920995688e-6,-4.998006620570119e-6
72.05,-4.346302113863201e-6,-4.998526050044136e-6
72.06,-4.299196270531642e-6,-4.9986343831461595e-6
72.07,-4.251857694889996e-6,-4.998332010498195e-6
72.08,-4.204290700005461e-6,-4.997619356410584e-6
72.09,-4.1564996077589075e-6,-4.9964968788074285e-6
72.1,-4.108488748474809e-6,-4.994965069148378e-6
72.11,-4.060262460554741e-6,-4.993024452349582e-6
72.12,-4.011825090110053e-6,-4.99067558670017e-6
72.13,-3.9631809905944955e-6,-4.987919063777343e-6
72.14,-3.914334522437111e-6,-4.984755508357749e-6
72.15,-3.865290052675359e-6,-4.981185578326999e-6
72.16,-3.81605195458933e-6,-4.9772099645861185e-6
72.17,-3.7666246073342215e-6,-4.97282939095566e-6
72.18,-3.7170123955750756e-6,-4.9680446140761796e-6
72.19,-3.6672197091214464e-6,-4.962856423308772e-6
72.2,-3.6172509425609194e-6,-4.957265640629072e-6
72.21,-3.5671104948956444e-6,-4.951273120521875e-6
72.22,-3.5168027691763236e-6,-4.9448797498718535e-6
72.23,-3.466332172139592e-6,-4.9380864478518965e-6
72.24,-3.4157031138433563e-6,-4.930894165808931e-6
72.25,-3.364920007304337e-6,-4.923303887146957e-6
72.26,-3.3139872681350343e-6,-4.915316627208454e-6
72.27,-3.262909314182388e-6,-4.906933433151224e-6
72.28,-3.211690565165518e-6,-4.898155383826111e-6
72.29,-3.1603354423155927e-6,-4.888983589648538e-6
72.3,-3.108848368015559e-6,-4.87941919246978e-6
72.31,-3.0572337654406034e-6,-4.869463365445712e-6
72.32,-3.0054960581990546e-6,-4.85911731290214e-6
72.33,-2.953639669974686e-6,-4.848382270198455e-6
72.34,-2.9016690241697996e-6,-4.837259503588451e-6
72.35,-2.8495885435474614e-6,-4.825750310079548e-6
72.36,-2.7974026498778153e-6,-4.813856017288074e-6
72.37,-2.7451157635806143e-6,-4.80157798329406e-6
72.38,-2.692732303373428e-6,-4.7889175964922065e-6
72.39,-2.640256685917365e-6,-4.775876275440914e-6
72.4,-2.5876933254654735e-6,-4.762455468709963e-6
72.41,-2.5350466335110645e-6,-4.74865665472394e-6
72.42,-2.4823210184373372e-6,-4.73448134160548e-6
72.43,-2.4295208851687265e-6,-4.719931067014375e-6
72.44,-2.376650634822202e-6,-4.705007397985929e-6
72.45,-2.3237146643592065e-6,-4.689711930766859e-6
72.46,-2.270717366241858e-6,-4.674046290646529e-6
72.47,-2.2176631280851844e-6,-4.658012131790459e-6
72.48,-2.1645563323150585e-6,-4.641611137067562e-6
72.49,-2.111401355824877e-6,-4.624845017877639e-6
72.5,-2.058202569633569e-6,-4.6077155139754785e-6
72.51,-2.004964338545634e-6,-4.5902243932930586e-6
72.52,-1.9516910208123947e-6,-4.5723734517603366e-6
72.53,-1.8983869677930555e-6,-4.554164513123233e-6
72.54,-1.8450565236189186e-6,-4.535599428759375e-6
72.55,-1.7917040248581633e-6,-4.516680077492374e-6
72.56,-1.738333800180652e-6,-4.497408365403653e-6
72.57,-1.684950170026995e-6,-4.47778622564253e-6
72.58,-1.6315574462758286e-6,-4.457815618233546e-6
72.59,-1.5781599319150256e-6,-4.437498529883618e-6
72.6,-1.5247619207123568e-6,-4.416836973784351e-6
72.61,-1.4713676968890078e-6,-4.395832989415061e-6
72.62,-1.4179815347945058e-6,-4.374488642342881e-6
72.63,-1.3646076985814729e-6,-4.352806024020017e-6
72.64,-1.3112504418841082e-6,-4.3307872515807145e-6
72.65,-1.2579140074967591e-6,-4.308434467635395e-6
72.66,-1.2046026270550808e-6,-4.285749840063095e-6
72.67,-1.1513205207173933e-6,-4.262735561801891e-6
72.68,-1.0980718968492463e-6,-4.23939385063821e-6
72.69,-1.044860951707829e-6,-4.2157269489930395e-6
72.7,-9.91691869130652e-7,-4.191737123708422e-6
72.71,-9.385688202228087e-7,-4.167426665829348e-6
72.72,-8.854959630478276e-7,-4.142797890386779e-6
72.73,-8.324774423204852e-7,-4.117853136177085e-6
72.74,-7.795173890995096e-7,-4.092594765540061e-6
72.75,-7.266199204847939e-7,-4.067025164136461e-6
72.76,-6.737891393133284e-7,-4.041146740722182e-6
72.77,-6.210291338595764e-7,-4.014961926921917e-6
72.78,-5.683439775358339e-7,-3.988473177000555e-6
72.79,-5.157377285953651e-7,-3.9616829676338875e-6
72.8,-4.6321442983787525e-7,-3.934593797676721e-6
72.81,-4.1077810831476305e-7,-3.907208187929938e-6
72.82,-3.584327750389649e-7,-3.87952868090609e-6
72.83,-3.061824246948993e-7,-3.8515578405932255e-6
72.84,-2.5403103535074406e-7,-3.823298252217484e-6
72.85,-2.0198256817410766e-7,-3.794752522004102e-6
72.86,-1.500409671460911e-7,-3.7659232769366223e-6
72.87,-9.821015878192213e-8,-3.7368131645157163e-6
72.88,-4.649405185021538e-8,-3.707424852515402e-6
72.89,5.1034629040680765e-9,-3.677761028738302e-6
72.9,5.657851303594792e-8,-3.6478244007702672e-6
72.91,1.0792724467249688e-7,-3.6176176957325126e-6
72.92,1.5914582278525974e-7,-3.5871436600330105e-6
72.93,2.102304314591526e-7,-3.5564050591169378e-6
72.94,2.6117727415926816e-7,-3.5254046772152324e-6
72.95,3.119825739961225e-7,-3.4941453170918854e-6
72.96,3.6264257398840363e-7,-3.4626297997908496e-6
72.97,4.131535373234886e-7,-3.430860964380758e-6
72.98,4.635117476154699e-7,-3.3988416676991253e-6
72.99,5.137135091621938e-7,-3.3665747840950825e-6
73.0,5.637551471984792e-7,-3.334063205170953e-6
73.01,6.136330081480971e-7,-3.3013098395227733e-6
73.02,6.633434598728923e-7,-3.2683176124804833e-6
73.03,7.128828919208362e-7,-3.2350894658452164e-6
73.04,7.622477157700047e-7,-3.201628357627546e-6
73.05,8.11434365071248e-7,-3.1679372617839656e-6
73.06,8.604392958890831e-7,-3.134019167951164e-6
73.07,9.09258986938859e-7,-3.0998770811818024e-6
73.08,9.578899398228815e-7,-3.0655140216771644e-6
73.09,1.0063286792631742e-6,-3.030933024519945e-6
73.1,1.0545717533323966e-6,-2.9961371394060855e-6
73.11,1.1026157336829439e-6,-2.9611294303750384e-6
73.12,1.1504572157717467e-6,-2.925912975540504e-6
73.13,1.1980928190846852e-6,-2.890490866818637e-6
73.14,1.2455191873580332e-6,-2.85486620965667e-6
73.15,1.2927329887962691e-6,-2.819042122760967e-6
73.16,1.339730916288725e-6,-2.7830217378233802e-6
73.17,1.3865096876239766e-6,-2.74680819924662e-6
73.18,1.4330660457001674e-6,-2.7104046638707672e-6
73.19,1.4793967587346478e-6,-2.6738143006972834e-6
73.2,1.5254986204695926e-6,-2.637040290612468e-6
73.21,1.57136845037651e-6,-2.600085826112592e-6
73.22,1.6170030938568584e-6,-2.562954111023747e-6
73.23,1.6623994224409245e-6,-2.525648360227132e-6
73.24,1.7075543339842885e-6,-2.4881717993780783e-6
73.25,1.7524647528612461e-6,-2.450527664628625e-6
73.26,1.7971276301559697e-6,-2.4127192023472265e-6
73.27,1.8415399438502659e-6,-2.3747496688391823e-6
73.28,1.885698699010544e-6,-2.3366223300657133e-6
73.29,1.9296009279700782e-6,-2.298340461363523e-6
73.3,1.973243690510586e-6,-2.259907347164144e-6
73.31,2.0166240740392534e-6,-2.2213262807095725e-6
73.32,2.0597391937645075e-6,-2.182600563773202e-6
73.33,2.102586192869713e-6,-2.143733506375661e-6
73.34,2.145162242681499e-6,-2.1047284265025823e-6
73.35,2.1874645428384857e-6,-2.0655886498214195e-6
73.36,2.2294903214557117e-6,-2.026317509397702e-6
73.37,2.2712368352867917e-6,-1.9869183454119713e-6
73.38,2.312701369883282e-6,-1.9473945048757e-6
73.39,2.3538812397513752e-6,-1.907749341347389e-6
73.4,2.3947737885062073e-6,-1.8679862146474204e-6
73.41,2.4353763890227977e-6,-1.828108490575069e-6
73.42,2.4756864435853907e-6,-1.788119540622714e-6
73.43,2.515701384032149e-6,-1.7480227416919267e-6
73.44,2.5554186718998287e-6,-1.7078214758086285e-6
73.45,2.594835798563358e-6,-1.6675191298374655e-6
73.46,2.6339502853737724e-6,-1.627119095198384e-6
73.47,2.6727596837932684e-6,-1.5866247675801502e-6
73.48,2.711261575527436e-6,-1.5460395466568865e-6
73.49,2.7494535726550134e-6,-1.5053668358023334e-6
73.5,2.787333317754211e-6,-1.464610041805283e-6
73.51,2.8248984840273844e-6,-1.423772574584808e-6
73.52,2.8621467754212465e-6,-1.3828578469060967e-6
73.53,2.8990759267469687e-6,-1.341869274095165e-6
73.54,2.935683703794255e-6,-1.3008102737549905e-6
73.55,2.9719679034449572e-6,-1.2596842654814815e-6
73.56,3.0079263537835866e-6,-1.218494670578994e-6
73.57,3.0435569142046183e-6,-1.1772449117768564e-6
73.58,3.078857475516276e-6,-1.1359384129459456e-6
73.59,3.113825960043699e-6,-1.094578598815084e-6
73.6,3.148460321726286e-6,-1.0531688946883586e-6
73.61,3.1827585462162823e-6,-1.011712726162187e-6
73.62,3.2167186509697898e-6,-9.702135188431548e-7
73.63,3.250338685339058e-6,-9.286746980660605e-7
73.64,3.283616730659756e-6,-8.870996886118855e-7
73.65,3.3165509003363186e-6,-8.454919144272737e-7
73.66,3.3491393399235064e-6,-8.038547983431076e-7
73.67,3.3813802272073277e-6,-7.621917617946003e-7
73.68,3.4132717722801113e-6,-7.2050622454058e-7
73.69,3.444812217615477e-6,-6.788016043859377e-7
73.7,3.4759998381391234e-6,-6.370813169004882e-7
73.71,3.506832941296994e-6,-5.953487751421476e-7
73.72,3.537309867120953e-6,-5.536073893784763e-7
73.73,3.5674289882913802e-6,-5.118605668099997e-7
73.74,3.5971887101969982e-6,-4.7011171129333606e-7
73.75,3.6265874709923023e-6,-4.2836422306479535e-7
73.76,3.6556237416517527e-6,-3.8662149846573793e-7
73.77,3.6842960260201533e-6,-3.44886929667631e-7
73.78,3.7126028608643285e-6,-3.031639043979378e-7
73.79,3.7405428159155105e-6,-2.614558056671644e-7
73.8,3.768114493914947e-6,-2.1976601149610659e-7
73.81,3.795316530653322e-6,-1.780978946440401e-7
73.82,3.82214759500824e-6,-1.364548223380147e-7
73.83,3.848606388979664e-6,-9.484015600215663e-8
73.84,3.874691647721442e-6,-5.3257250989163506e-8
73.85,3.900402139570649e-6,-1.1709456310599215e-8
73.86,3.925736666073932e-6,2.979988562947452e-8
73.87,3.9506940620117864e-6,7.126743930276461e-8
73.88,3.975273195418971e-6,1.1268987632136025e-7
73.89,3.99947296760292e-6,1.540638757033208e-7
73.9,4.023292313159209e-6,1.9538612413619326e-7
73.91,4.046730199984223e-6,2.3665331624128417e-7
73.92,4.069785629284864e-6,2.7786215483393486e-7
73.93,4.092457635586207e-6,3.1900935118585774e-7
73.94,4.114745286735948e-6,3.6009162528504396e-7
73.95,4.136647683905676e-6,4.011057060942132e-7
73.96,4.158163961590498e-6,4.420483318093817e-7
73.97,4.179293287604905e-6,4.829162501160337e-7
73.98,4.200034863076868e-6,5.237062184454965e-7
73.99,4.220387922437869e-6,5.644150042287867e-7
74.0,4.240351733412539e-6,6.050393851512442e-7
74.01,4.2599255970023125e-6,6.455761494033253e-7
74.02,4.279108847469886e-6,6.860220959328034e-7
74.03,4.29790085231861e-6,7.263740346944582e-7
74.04,4.316301012269954e-6,7.666287868984653e-7
74.05,4.33430876123883e-6,8.067831852579533e-7
74.06,4.351923566304877e-6,8.468340742356131e-7
74.07,4.369144927682951e-6,8.867783102877354e-7
74.08,4.385972378688904e-6,9.266127621087062e-7
74.09,4.402405485705348e-6,9.663343108726554e-7
74.1,4.418443848141614e-6,1.0059398504746374e-6
74.11,4.434087098394011e-6,1.0454262877705653e-6
74.12,4.449334901801584e-6,1.0847905428148374e-6
74.13,4.464186956600255e-6,1.1240295490972956e-6
74.14,4.4786429938737824e-6,1.163140253779287e-6
74.15,4.4927027775021275e-6,1.2021196179270267e-6
74.16,4.5063661041089424e-6,1.2409646167442388e-6
74.17,4.5196328030033055e-6,1.2796722398034798e-6
74.18,4.532502736121693e-6,1.318239491275868e-6
74.19,4.544975797966322e-6,1.3566633901587654e-6
74.2,4.557051915540853e-6,1.3949409705030577e-6
74.21,4.568731048283953e-6,1.4330692816375394e-6
74.22,4.580013188000167e-6,1.4710453883932904e-6
74.23,4.590898358788314e-6,1.5088663713248117e-6
74.24,4.6013866169667876e-6,1.546529326931658e-6
74.25,4.61147805099881e-6,1.5840313678755966e-6
74.26,4.621172781411539e-6,1.6213696231999179e-6
74.27,4.6304709607145795e-6,1.6585412385422349e-6
74.28,4.639372773318223e-6,1.6955433763523004e-6
74.29,4.647878435444672e-6,1.7323732161007774e-6
74.3,4.655988195040684e-6,1.7690279544914393e-6
74.31,4.663702331686025e-6,1.8055048056706882e-6
74.32,4.671021156500022e-6,1.8418010014333186e-6
74.33,4.6779450120453924e-6,1.8779137914300621e-6
74.34,4.684474272230722e-6,1.9138404433688096e-6
74.35,4.690609342209158e-6,1.9495782432193022e-6
74.36,4.69635065827565e-6,1.9851244954118912e-6
74.37,4.701698687761965e-6,2.020476523036547e-6
74.38,4.706653928928551e-6,2.055631668039488e-6
74.39,4.711216910855346e-6,2.090587291418758e-6
74.4,4.715388193329072e-6,2.1253407734165037e-6
74.41,4.719168366729302e-6,2.159889513710612e-6
74.42,4.722558051911203e-6,2.1942309316048147e-6
74.43,4.7255579000874615e-6,2.2283624662151965e-6
74.44,4.728168592706449e-6,2.2622815766569846e-6
74.45,4.730390841329036e-6,2.2959857422278293e-6
74.46,4.7322253875034426e-6,2.3294724625901958e-6
74.47,4.733673002636922e-6,2.362739257951216e-6
74.48,4.734734487866539e-6,2.395783669240965e-6
74.49,4.735410673926688e-6,2.428603258288519e-6
74.5,4.735702421014895e-6,2.4611956079966496e-6
74.51,4.735610618656377e-6,2.493558322513699e-6
74.52,4.735136185564547e-6,2.525689027404788e-6
74.53,4.7342800695009625e-6,2.55758536981908e-6
74.54,4.733043247133239e-6,2.5892450186570394e-6
74.55,4.731426723889781e-6,2.6206656647345767e-6
74.56,4.7294315338141265e-6,2.65184502094587e-6
74.57,4.727058739415027e-6,2.682780822423026e-6
74.58,4.724309431516693e-6,2.7134708266951136e-6
74.59,4.721184729106111e-6,2.7439128138443905e-6
74.6,4.717685779177999e-6,2.7741045866600785e-6
74.61,4.713813756578633e-6,2.8040439707912078e-6
74.62,4.709569863847288e-6,2.8337288148966807e-6
74.63,4.704955331055657e-6,2.8631569907929097e-6
74.64,4.699971415645751e-6,2.892326393600213e-6
74.65,4.694619402265562e-6,2.9212349418868876e-6
74.66,4.688900602602798e-6,2.94988057781015e-6
74.67,4.6828163552172695e-6,2.978261267256508e-6
74.68,4.676368025371061e-6,3.0063749999795176e-6
74.69,4.669557004857197e-6,3.034219789734494e-6
74.7,4.662384711825743e-6,3.06179367441221e-6
74.71,4.654852590608091e-6,3.0890947161693876e-6
74.72,4.646962111542362e-6,3.1161210015590167e-6
74.73,4.638714770792465e-6,3.142870641655718e-6
74.74,4.630112090168321e-6,3.169341772181006e-6
74.75,4.6211556169442535e-6,3.1955325536256066e-6
74.76,4.61184692367464e-6,3.2214411713700362e-6
74.77,4.602187608009524e-6,3.2470658358020433e-6
74.78,4.592179292505588e-6,3.272404782432818e-6
74.79,4.58182362443893e-6,3.2974562720107416e-6
74.8,4.571122275615796e-6,3.3222185906329674e-6
74.81,4.560076942177029e-6,3.3466900498534724e-6
74.82,4.548689344407873e-6,3.3708689867916384e-6
74.83,4.536961226542205e-6,3.3947537642362448e-6
74.84,4.524894356564466e-6,3.4183427707476433e-6
74.85,4.512490526013952e-6,3.4416344207586672e-6
74.86,4.499751549782849e-6,3.4646271546724475e-6
74.87,4.486679265916744e-6,3.487319438957872e-6
74.88,4.473275535411403e-6,3.5097097662434293e-6
74.89,4.459542242008816e-6,3.53179665540838e-6
74.9,4.445481291992097e-6,3.5535786516717525e-6
74.91,4.4310946139786446e-6,3.5750543266791756e-6
74.92,4.416384158711439e-6,3.596222278586723e-6
74.93,4.40135189885032e-6,3.6170811321437028e-6
74.94,4.385999828760643e-6,3.637629538772368e-6
74.95,4.370329964301016e-6,3.657866176645344e-6
74.96,4.354344342610147e-6,3.677789750761008e-6
74.97,4.338045021891952e-6,3.6973989930165455e-6
74.98,4.3214340811994094e-6,3.7166926622782793e-6
74.99,4.3045136202176204e-6,3.7356695444508178e-6
75.0,4.2872857590448e-6,3.7543284525423637e-6
75.01,4.269752637973436e-6,3.772668226728852e-6
75.02,4.251916417268655e-6,3.7906877344154533e-6
75.03,4.233779276946657e-6,3.808385870295864e-6
75.04,4.2153434165516514e-6,3.825761556408725e-6
75.05,4.196611054931314e-6,3.842813742192614e-6
75.06,4.17758443001176e-6,3.859541404538105e-6
75.07,4.158265798570831e-6,3.875943547837757e-6
75.08,4.138657436010856e-6,3.892019204033787e-6
75.09,4.118761636130884e-6,3.90776743266278e-6
75.1,4.0985807108952585e-6,3.923187320899904e-6
75.11,4.078116990205322e-6,3.938277983598182e-6
75.12,4.0573728216668715e-6,3.953038563327668e-6
75.13,4.03635057035744e-6,3.967468230411498e-6
75.14,4.015052618594408e-6,3.9815661829590984e-6
75.15,3.993481365698972e-6,3.995331646897657e-6
75.16,3.971639227762595e-6,4.008763876001769e-6
75.17,3.94952863741065e-6,4.02186215192004e-6
75.18,3.927152043563937e-6,4.034625784197834e-6
75.19,3.90451191120494e-6,4.047054110302943e-6
75.2,3.88161072113538e-6,4.0591464956419455e-6
75.21,3.8584509697393055e-6,4.070902333579551e-6
75.22,3.835035168742472e-6,4.082321045452973e-6
75.23,3.811365844972042e-6,4.093402080585393e-6
75.24,3.787445540114523e-6,4.104144916296695e-6
75.25,3.763276810474938e-6,4.1145490579106025e-6
75.26,3.7388622267323145e-6,4.124614038761865e-6
75.27,3.714204373698969e-6,4.134339420199551e-6
75.28,3.6893058500727714e-6,4.143724791588181e-6
75.29,3.6641692681962168e-6,4.152769770306938e-6
75.3,3.6387972538091395e-6,4.161474001746714e-6
75.31,3.613192445803456e-6,4.169837159304503e-6
75.32,3.5873574959772615e-6,4.177858944375123e-6
75.33,3.5612950687872616e-6,4.185539086342261e-6
75.34,3.5350078411022475e-6,4.192877342564996e-6
75.35,3.5084985019544777e-6,4.199873498363446e-6
75.36,3.481769752293375e-6,4.206527367004031e-6
75.37,3.4548243047335094e-6,4.212838789675742e-6
75.38,3.4276648833086067e-6,4.218807635473311e-6
75.39,3.400294223220794e-6,4.2244338013712485e-6
75.4,3.372715070590637e-6,4.229717212198578e-6
75.41,3.3449301822076408e-6,4.234657820610767e-6
75.42,3.3169423252790394e-6,4.239255607058873e-6
75.43,3.288754277179307e-6,4.2435105797575656e-6
75.44,3.2603688251997562e-6,4.247422774650314e-6
75.45,3.231788766295151e-6,4.250992255371167e-6
75.46,3.2030169068346173e-6,4.254219113207344e-6
75.47,3.174056062347895e-6,4.257103467056447e-6
75.48,3.144909057274747e-6,4.259645463383117e-6
75.49,3.115578724711806e-6,4.2618452761733494e-6
75.5,3.086067906160461e-6,4.263703106886285e-6
75.51,3.056379451274562e-6,4.2652191844041215e-6
75.52,3.0265162176077157e-6,4.266393764979376e-6
75.53,2.996481070360711e-6,4.2672271321807316e-6
75.54,2.966276882128386e-6,4.26771959683621e-6
75.55,2.9359065326475483e-6,4.267871496973878e-6
75.56,2.9053729085432147e-6,4.267683197761396e-6
75.57,2.87467890307673e-6,4.267155091442379e-6
75.58,2.8438274158919145e-6,4.266287597271548e-6
75.59,2.812821352763226e-6,4.265081161446758e-6
75.6,2.7816636253423945e-6,4.2635362570400465e-6
75.61,2.7503571509060476e-6,4.26165338392561e-6
75.62,2.718904852102922e-6,4.259433068705982e-6
75.63,2.687309656701432e-6,4.2568758646369e-6
75.64,2.6555744973376864e-6,4.2539823515485465e-6
75.65,2.6237023112628576e-6,4.25075313576594e-6
75.66,2.5916960400911625e-6,4.247188850027413e-6
75.67,2.559558629548922e-6,4.243290153399464e-6
75.68,2.5272930292217553e-6,4.239057731191609e-6
75.69,2.494902192304124e-6,4.2344922948679505e-6
75.7,2.462389075347788e-6,4.229594581956795e-6
75.71,2.429756638011347e-6,4.2243653559586265e-6
75.72,2.397007842809394e-6,4.218805406252072e-6
75.73,2.364145654862781e-6,4.212915547997786e-6
75.74,2.331173041648198e-6,4.206696622039562e-6
75.75,2.298092972749138e-6,4.200149494805748e-6
75.76,2.264908419606537e-6,4.19327505820543e-6
75.77,2.231622355270349e-6,4.186074229525712e-6
75.78,2.1982377541506524e-6,4.17854795132519e-6
75.79,2.1647575917706323e-6,4.1706971913263485e-6
75.8,2.1311848445187718e-6,4.162522942305309e-6
75.81,2.09752248940136e-6,4.154026221981004e-6
75.82,2.063773503796903e-6,4.145208072900657e-6
75.83,2.029940865210268e-6,4.13606956232499e-6
75.84,1.9960275510262056e-6,4.126611782110579e-6
75.85,1.962036538265935e-6,4.116835848591105e-6
75.86,1.927970803341422e-6,4.1067429024557994e-6
75.87,1.8938333218134115e-6,4.096334108626831e-6
75.88,1.859627068146892e-6,4.08561065613496e-6
75.89,1.8253550154692064e-6,4.07457375799262e-6
75.9,1.7910201353283034e-6,4.063224651065929e-6
75.91,1.756625397451768e-6,4.051564595944756e-6
75.92,1.7221737695062725e-6,4.039594876810663e-6
75.93,1.68766821685739e-6,4.027316801303673e-6
75.94,1.6531117023315511e-6,4.014731700386495e-6
75.95,1.6185071859764547e-6,4.001840928208395e-6
75.96,1.5838576248250815e-6,3.988645861965593e-6
75.97,1.549165972657621e-6,3.975147901761301e-6
75.98,1.5144351797662953e-6,3.961348470463692e-6
75.99,1.4796681927200964e-6,3.9472490135618945e-6
76.0,1.4448679541302202e-6,3.932850999020666e-6
76.01,1.410037402416863e-6,3.918155917133531e-6
76.02,1.375179471576271e-6,3.903165280373806e-6
76.03,1.3402970909496204e-6,3.8878806232446165e-6
76.04,1.3053931849918977e-6,3.872303502126305e-6
76.05,1.270470673041355e-6,3.856435495124148e-6
76.06,1.2355324690915986e-6,3.840278201912183e-6
76.07,1.200581481563207e-6,3.823833243577201e-6
76.08,1.165620613075871e-6,3.807102262460374e-6
76.09,1.1306527602235493e-6,3.7900869219977767e-6
76.1,1.0956808133489339e-6,3.772788906558961e-6
76.11,1.0607076563189925e-6,3.7552099212844895e-6
76.12,1.0257361663015815e-6,3.7373516919218736e-6
76.13,9.907692135453972e-7,3.7192159646594857e-6
76.14,9.55809661156832e-7,3.7008045059600012e-6
76.15,9.208603648812363e-7,3.68211910239169e-6
76.16,8.859241728840018e-7,3.663161560458699e-6
76.17,8.510039255328713e-7,3.6439337064292954e-6
76.18,8.16102455181291e-7,3.624437386163487e-6
76.19,7.812225859536378e-7,3.604674464939259e-6
76.2,7.463671335301657e-7,3.584646827276466e-6
76.21,7.115389049341671e-7,3.5643563767606697e-6
76.22,6.767406983207369e-7,3.54380503586456e-6
76.23,6.419753027659734e-7,3.5229947457691943e-6
76.24,6.072454980563689e-7,3.5019274661827522e-6
76.25,5.725540544821321e-7,3.4806051751587865e-6
76.26,5.379037326296987e-7,3.459029868913243e-6
76.27,5.03297283175453e-7,3.437203561639644e-6
76.28,4.687374466824668e-7,3.415128285324027e-6
76.29,4.342269533960351e-7,3.392806089557563e-6
76.3,3.99768523043207e-7,3.370239041347686e-6
76.31,3.6536486463109354e-7,3.347429224931712e-6
76.32,3.3101867624838783e-7,3.3243787415832556e-6
76.33,2.967326448674755e-7,3.3010897094225338e-6
76.34,2.6250944614784747e-7,3.2775642632232896e-6
76.35,2.283517442404767e-7,3.253804554218746e-6
76.36,1.9426219159562052e-7,3.2298127499076097e-6
76.37,1.6024342876850797e-7,3.205591033857502e-6
76.38,1.2629808423015542e-7,3.1811416055080342e-6
76.39,9.242877417668387e-8,3.156466679973358e-6
76.4,5.8638102341921245e-8,3.131568487842615e-6
76.41,2.492865981075524e-8,3.1064492749804646e-6
76.42,-8.696975166476192e-9,3.0811113023256924e-6
76.43,-4.223623735695423e-8,3.055556845689628e-6
76.44,-7.568657472812692e-8,3.0297881955531784e-6
76.45,-1.0904544862814933e-7,3.0038076568629535e-6
76.46,-1.4231033396501143e-7,2.97761754882667e-6
76.47,-1.754787193843604e-7,2.951220204707522e-6
76.48,-2.0854810744573456e-7,2.924617971617854e-6
76.49,-2.4151601479661416e-7,2.8978132103117796e-6
76.5,-2.7437997234602074e-7,2.8708082949766844e-6
76.51,-3.07137525435627e-7,2.84360561302505e-6
76.52,-3.397862340097747e-7,2.81620756488401e-6
76.53,-3.7232367278396956e-7,2.7886165637848856e-6
76.54,-4.04747431411413e-7,2.7608350355522985e-6
76.55,-4.3705511464768854e-7,2.732865418391701e-6
76.56,-4.692443425151863e-7,2.7047101626766403e-6
76.57,-5.013127504638312e-7,2.6763717307355686e-6
76.58,-5.332579895323987e-7,2.64785259663723e-6
76.59,-5.650777265066174e-7,2.6191552459762656e-6
76.6,-5.967696440752461e-7,2.5902821756574435e-6
76.61,-6.283314409871393e-7,2.561235893679214e-6
76.62,-6.59760832203118e-7,2.5320189189178973e-6
76.63,-6.910555490488849e-7,2.502633780909313e-6
76.64,-7.222133393647575e-7,2.4730830196313195e-6
76.65,-7.532319676542029e-7,2.4433691852853786e-6
76.66,-7.841092152309614e-7,2.413494838077298e-6
76.67,-8.148428803639168e-7,2.3834625479978386e-6
76.68,-8.454307784192099e-7,2.3532748946026197e-6
76.69,-8.758707420049356e-7,2.322934466791467e-6
76.7,-9.061606211080103e-7,2.2924438625874838e-6
76.71,-9.362982832329912e-7,2.2618056889157552e-6
76.72,-9.662816135397439e-7,2.2310225613809e-6
76.73,-9.961085149762917e-7,2.200097104045361e-6
76.74,-1.0257769084127927e-6,2.169031949206631e-6
76.75,-1.055284732772091e-6,2.1378297371735938e-6
76.76,-1.0846299451589856e-6,2.1064931160437748e-6
76.77,-1.1138105209881303e-6,2.0750247414793888e-6
76.78,-1.142824454108775e-6,2.043427276482946e-6
76.79,-1.171669756929374e-6,2.011703391173083e-6
76.8,-1.2003444605392522e-6,1.979855762560104e-6
76.81,-1.2288466148292593e-6,1.9478870743206294e-6
76.82,-1.2571742886093834e-6,1.9158000165728225e-6
76.83,-1.2853255697261805e-6,1.8835972856506522e-6
76.84,-1.313298565176532e-6,1.8512815838783325e-6
76.85,-1.341091401221733e-6,1.8188556193450883e-6
76.86,-1.3687022234966828e-6,1.786322105678196e-6
76.87,-1.3961291971212648e-6,1.7536837618176156e-6
76.88,-1.4233705068062785e-6,1.720943311789694e-6
76.89,-1.4504243569586342e-6,1.6881034844805005e-6
76.9,-1.477288971785998e-6,1.6551670134094942e-6
76.91,-1.5039625953976285e-6,1.622136636503147e-6
76.92,-1.5304434919047687e-6,1.5890150958680844e-6
76.93,-1.55672994551807e-6,1.55580513756481e-6
76.94,-1.5828202606440437e-6,1.5225095113806809e-6
76.95,-1.6087127619790432e-6,1.4891309706037295e-6
76.96,-1.6344057946018356e-6,1.4556722717951179e-6
76.97,-1.659897724063318e-6,1.4221361745640778e-6
76.98,-1.6851869364755438e-6,1.388525441339835e-6
76.99,-1.7102718385981711e-6,1.354842837146074e-6
77.0,-1.7351508579232113e-6,1.3210911293739331e-6
77.01,-1.7598224427576834e-6,1.2872730875564588e-6
77.02,-1.7842850623041962e-6,1.2533914831418686e-6
77.03,-1.808537206740568e-6,1.219449089267669e-6
77.04,-1.832577387296137e-6,1.185448680534979e-6
77.05,-1.8564041363273766e-6,1.1513930327828205e-6
77.06,-1.880016007389708e-6,1.1172849228628835e-6
77.07,-1.9034115753119383e-6,1.083127128413337e-6
77.08,-1.9265894362620154e-6,1.0489224276351868e-6
77.09,-1.9495482078164222e-6,1.014673599066616e-6
77.1,-1.972286529024957e-6,9.803834213589e-7
77.11,-1.9948030604742614e-6,9.460546730519213e-7
77.12,-2.0170964843504058e-6,9.116901323504855e-7
77.13,-2.039165504497249e-6,8.772925769008073e-7
77.14,-2.061008846475e-6,8.428647835675689e-7
77.15,-2.0826252576151947e-6,8.084095282090062e-7
77.16,-2.1040135070761017e-6,7.73929585458852e-7
77.17,-2.1251723858931337e-6,7.394277284997984e-7
77.18,-2.14610070702948e-6,7.049067288433377e-7
77.19,-2.1667973054242708e-6,6.703693561102439e-7
77.2,-2.187261038038806e-6,6.358183778067554e-7
77.21,-2.207490783900781e-6,6.012565591068974e-7
77.22,-2.2274854441454982e-6,5.666866626311543e-7
77.23,-2.2472439420574955e-6,5.321114482272009e-7
77.24,-2.266765223110195e-6,4.975336727523482e-7
77.25,-2.2860482549980773e-6,4.629560898531898e-7
77.26,-2.3050920276757537e-6,4.283814497496882e-7
77.27,-2.323895553388069e-6,3.9381249901722157e-7
77.28,-2.342457866702227e-6,3.5925198036986935e-7
77.29,-2.360778024535369e-6,3.247026324449574e-7
77.3,-2.3788551061820047e-6,2.9016718958711017e-7
77.31,-2.396688213339345e-6,2.556483816339613e-7
77.32,-2.4142764701290623e-6,2.2114893370206944e-7
77.33,-2.4316190231210154e-6,1.8667156597234303e-7
77.34,-2.4487150413483798e-6,1.5221899347986486e-7
77.35,-2.4655637163290107e-6,1.1779392589931422e-7
77.36,-2.4821642620780607e-6,8.339906733489747e-8
77.37,-2.4985159151229647e-6,4.9037116109705095e-8
77.38,-2.5146179345144773e-6,1.4710764555468528e-8
77.39,-2.530469601836154e-6,-1.957730119610158e-8
77.4,-2.546070221212576e-6,-5.382440142185493e-8
77.41,-2.561419119314268e-6,-8.802786301410551e-8
77.42,-2.576515645363745e-6,-1.2218501968841665e-7
77.43,-2.5913591711349155e-6,-1.5629321218822844e-7
77.44,-2.6059490909557825e-6,-1.9034978849075144e-7
77.45,-2.620284821705015e-6,-2.243521040106758e-7
77.46,-2.6343658028093255e-6,-2.582975218030827e-7
77.47,-2.648191496237846e-6,-2.9218341276696017e-7
77.48,-2.6617613864949205e-6,-3.260071558452518e-7
77.49,-2.675074980611069e-6,-3.597661382265388e-7
77.5,-2.688131808131554e-6,-3.9345775554375946e-7
77.51,-2.700931421104416e-6,-4.2707941207395055e-7
77.52,-2.713473394064804e-6,-4.6062852093444097e-7
77.53,-2.7257573240197875e-6,-4.941025042813596e-7
77.54,-2.7377828304281456e-6,-5.274987935034186e-7
77.55,-2.7495495551819215e-6,-5.608148294181559e-7
77.56,-2.76105716258373e-6,-5.940480624648729e-7
77.57,-2.772305339323206e-6,-6.271959528979362e-7
77.58,-2.783293794450792e-6,-6.602559709768809e-7
77.59,-2.794022259350925e-6,-6.93225597158835e-7
77.6,-2.804490487712619e-6,-7.261023222867861e-7
77.61,-2.8146982554989185e-6,-7.588836477781498e-7
77.62,-2.824645360912241e-6,-7.915670858120764e-7
77.63,-2.8343316243629575e-6,-8.241501595155585e-7
77.64,-2.8437568884301484e-6,-8.566304031486834e-7
77.65,-2.852921017825278e-6,-8.890053622879692e-7
77.66,-2.86182389935091e-6,-9.212725940091301e-7
77.67,-2.870465441860907e-6,-9.534296670691885e-7
77.68,-2.8788455762149067e-6,-9.854741620859736e-7
77.69,-2.886964255235124e-6,-1.0174036717176142e-6
77.7,-2.8948214536580095e-6,-1.0492158008404887e-6
77.71,-2.9024171680879067e-6,-1.0809081667259192e-6
77.72,-2.9097514169431763e-6,-1.1124783992152137e-6
77.73,-2.916824240407456e-6,-1.143924140894244e-6
77.74,-2.9236357003749567e-6,-1.1752430472660916e-6
77.75,-2.930185880394643e-6,-1.2064327869232224e-6
77.76,-2.9364748856137804e-6,-1.237491041716871e-6
77.77,-2.9425028427186453e-6,-1.268415506926998e-6
77.78,-2.9482698998748914e-6,-1.299203891429725e-6
77.79,-2.953776226664622e-6,-1.3298539178633055e-6
77.8,-2.9590220140238817e-6,-1.3603633227937585e-6
77.81,-2.964007474175802e-6,-1.3907298568785233e-6
77.82,-2.9687328405652236e-6,-1.4209512850285556e-6
77.83,-2.973198367788729e-6,-1.4510253865696158e-6
77.84,-2.977404331525571e-6,-1.4809499554013786e-6
77.85,-2.981351028465295e-6,-1.510722800156278e-6
77.86,-2.9850387762344437e-6,-1.5403417443559935e-6
77.87,-2.9884679133216873e-6,-1.5698046265667957e-6
77.88,-2.9916387990015646e-6,-1.5991093005538062e-6
77.89,-2.994551813255724e-6,-1.6282536354332292e-6
77.9,-2.9972073566932553e-6,-1.6572355158234403e-6
77.91,-2.9996058504708e-6,-1.686052841994939e-6
77.92,-3.001747736208476e-6,-1.7147035300182489e-6
77.93,-3.0036334759057822e-6,-1.7431855119107336e-6
77.94,-3.005263551856723e-6,-1.771496735781614e-6
77.95,-3.006638466561691e-6,-1.7996351659761308e-6
77.96,-3.0077587426386276e-6,-1.8275987832169624e-6
77.97,-3.00862492273376e-6,-1.8553855847460036e-6
77.98,-3.0092375694289203e-6,-1.8829935844622816e-6
77.99,-3.0095972651486688e-6,-1.9104208130608466e-6
78.0,-3.0097046120661083e-6,-1.9376653181676417e-6
78.01,-3.0095602320064274e-6,-1.9647251644752065e-6
78.02,-3.009164766349315e-6,-1.991598433874748e-6
78.03,-3.008518875930421e-6,-2.018283225588262e-6
78.04,-3.007623240940769e-6,-2.044777656297531e-6
78.05,-3.0064785608255273e-6,-2.0710798602732394e-6
78.06,-3.005085554180406e-6,-2.0971879895012508e-6
78.07,-3.003444958647411e-6,-2.1231002138074383e-6
78.08,-3.001557530808807e-6,-2.1488147209813594e-6
78.09,-2.999424046082235e-6,-2.1743297168984685e-6
78.1,-2.997045298607359e-6,-2.199643425639449e-6
78.11,-2.994422101140764e-6,-2.2247540896094365e-6
78.12,-2.991555284942935e-6,-2.2496599696549972e-6
78.13,-2.988445699665977e-6,-2.2743593451789137e-6
78.14,-2.985094213240111e-6,-2.298850514254264e-6
78.15,-2.9815017117579388e-6,-2.323131793735886e-6
78.16,-2.9776690993601543e-6,-2.3472015193716525e-6
78.17,-2.9735972981155153e-6,-2.371058045909774e-6
78.18,-2.9692872479053966e-6,-2.3946997472075084e-6
78.19,-2.964739906299394e-6,-2.418125016333923e-6
78.2,-2.959956248438439e-6,-2.4413322656758072e-6
78.21,-2.9549372669110366e-6,-2.4643199270383827e-6
78.22,-2.9496839716283785e-6,-2.4870864517459056e-6
78.23,-2.9441973897015837e-6,-2.509630310739717e-6
78.24,-2.938478565314648e-6,-2.5319499946751684e-6
78.25,-2.932528559598337e-6,-2.5540440140169227e-6
78.26,-2.9263484505016655e-6,-2.5759108991322087e-6
78.27,-2.9199393326615015e-6,-2.5975492003803126e-6
78.28,-2.913302317275081e-6,-2.61895748820717e-6
78.29,-2.906438531965428e-6,-2.6401343532286857e-6
78.3,-2.8993491206510916e-6,-2.6610784063190172e-6
78.31,-2.8920352434111905e-6,-2.681788278695302e-6
78.32,-2.88449807635154e-6,-2.702262622000287e-6
78.33,-2.876738811468725e-6,-2.7225001083831466e-6
78.34,-2.86875865651329e-6,-2.742499430578939e-6
78.35,-2.8605588348527396e-6,-2.7622593019864794e-6
78.36,-2.852140585330735e-6,-2.78177845674302e-6
78.37,-2.843505162131082e-6,-2.801055649799987e-6
78.38,-2.834653834633231e-6,-2.8200896569934698e-6
78.39,-2.8255878872729232e-6,-2.8388792751156945e-6
78.4,-2.816308619398983e-6,-2.8574233219832546e-6
78.41,-2.806817345129877e-6,-2.875720636504134e-6
78.42,-2.7971153932094057e-6,-2.8937700787424136e-6
78.43,-2.7872041068611297e-6,-2.911570529982286e-6
78.44,-2.7770848436424125e-6,-2.9291208927885407e-6
78.45,-2.7667589752971466e-6,-2.9464200910673675e-6
78.46,-2.7562278876086313e-6,-2.9634670701227925e-6
78.47,-2.7454929802490253e-6,-2.9802607967144593e-6
78.48,-2.734555666631802e-6,-2.9968002591101546e-6
78.49,-2.7234173737600154e-6,-3.013084467139686e-6
78.5,-2.7120795420755807e-6,-3.029112452244792e-6
78.51,-2.700543625307168e-6,-3.044883267527958e-6
78.52,-2.688811090317416e-6,-3.060395987799866e-6
78.53,-2.6768834169493047e-6,-3.0756497096241553e-6
78.54,-2.6647620978723244e-6,-3.090643551361064e-6
78.55,-2.652448638426833e-6,-3.1053766532090035e-6
78.56,-2.6399445564686216e-6,-3.1198481772442135e-6
78.57,-2.627251382212964e-6,-3.134057307458802e-6
78.58,-2.614370658076751e-6,-3.14800324979673e-6
78.59,-2.601303938521103e-6,-3.1616852321885258e-6
78.6,-2.588052789892862e-6,-3.17510250458323e-6
78.61,-2.5746187902658147e-6,-3.1882543389793926e-6
78.62,-2.561003529280397e-6,-3.201140029453925e-6
78.63,-2.547208607983972e-6,-3.2137588921890167e-6
78.64,-2.5332356386700243e-6,-3.226110265497591e-6
78.65,-2.519086244715076e-6,-3.238193509846187e-6
78.66,-2.504762060419691e-6,-3.250008007877421e-6
78.67,-2.4902647308427904e-6,-3.261553164428709e-6
78.68,-2.475595911640802e-6,-3.2728284065516185e-6
78.69,-2.4607572689019777e-6,-3.2838331835262146e-6
78.7,-2.44575047898409e-6,-3.2945669668768875e-6
78.71,-2.430577228348484e-6,-3.305029250384119e-6
78.72,-2.415239213395705e-6,-3.3152195500958604e-6
78.73,-2.3997381402990157e-6,-3.3251374043355863e-6
78.74,-2.3840757248402306e-6,-3.334782373710071e-6
78.75,-2.3682536922405883e-6,-3.3441540411142962e-6
78.76,-2.3522737769953815e-6,-3.353252011735153e-6
78.77,-2.3361377227070262e-6,-3.3620759130531396e-6
78.78,-2.3198472819163627e-6,-3.3706253948424013e-6
78.79,-2.3034042159351616e-6,-3.378900129168417e-6
78.8,-2.2868102946774092e-6,-3.3868998103844353e-6
78.81,-2.2700672964911576e-6,-3.394624155126694e-6
78.82,-2.2531770079879623e-6,-3.402072902305993e-6
78.83,-2.23614122387545e-6,-3.4092458130996585e-6
78.84,-2.218961746785866e-6,-3.4161426709402445e-6
78.85,-2.20164038710731e-6,-3.4227632815029484e-6
78.86,-2.184178962812523e-6,-3.4291074726916476e-6
78.87,-2.1665792992893046e-6,-3.4351750946222836e-6
78.88,-2.1488432291685855e-6,-3.4409660196048436e-6
78.89,-2.130972592154811e-6,-3.4464801421245805e-6
78.9,-2.112969234853216e-6,-3.4517173788196065e-6
78.91,-2.094835010599946e-6,-3.4566776684582217e-6
78.92,-2.0765717792892926e-6,-3.461360971913975e-6
78.93,-2.0581814072030783e-6,-3.4657672721390775e-6
78.94,-2.039665766836973e-6,-3.469896574135728e-6
78.95,-2.0210267367309664e-6,-3.473748904926067e-6
78.96,-2.002266201294722e-6,-3.477324313520493e-6
78.97,-1.98338605063708e-6,-3.48062287088397e-6
78.98,-1.9643881803927824e-6,-3.4836446699005986e-6
78.99,-1.9452744915506207e-6,-3.486389825337056e-6
79.0,-1.926046890280364e-6,-3.4888584738031158e-6
79.01,-1.906707287760787e-6,-3.4910507737117444e-6
79.02,-1.8872576000069417e-6,-3.4929669052372903e-6
79.03,-1.867699747696356e-6,-3.4946070702700764e-6
79.04,-1.8480356559993403e-6,-3.495971492373637e-6
79.05,-1.8282672544033566e-6,-3.4970604167349505e-6
79.06,-1.8083964765420133e-6,-3.4978741101167985e-6
79.07,-1.7884252600220225e-6,-3.49841286080702e-6
79.08,-1.7683555462513462e-6,-3.4986769785664403e-6
79.09,-1.74818928026622e-6,-3.4986667945748644e-6
79.1,-1.7279284105588877e-6,-3.4983826613757264e-6
79.11,-1.7075748889058288e-6,-3.4978249528189145e-6
79.12,-1.6871306701936923e-6,-3.4969940640015325e-6
79.13,-1.66659771225176e-6,-3.4958904112089024e-6
79.14,-1.6459779756750292e-6,-3.4945144318510543e-6
79.15,-1.6252734236552018e-6,-3.4928665843995937e-6
79.16,-1.6044860218091994e-6,-3.490947348322929e-6
79.17,-1.5836177380067264e-6,-3.4887572240191266e-6
79.18,-1.5626705422003618e-6,-3.4862967327470775e-6
79.19,-1.5416464062528594e-6,-3.48356641655735e-6
79.2,-1.5205473037684762e-6,-3.480566838219678e-6
79.21,-1.4993752099207843e-6,-3.477298581152269e-6
79.22,-1.4781321012836666e-6,-3.473762249341949e-6
79.23,-1.4568199556607586e-6,-3.4699584672737467e-6
79.24,-1.4354407519155888e-6,-3.4658878798498878e-6
79.25,-1.4139964698025916e-6,-3.461551152310889e-6
79.26,-1.3924890897976811e-6,-3.4569489701554812e-6
79.27,-1.3709205929297415e-6,-3.4520820390574323e-6
79.28,-1.349292960611909e-6,-3.4469510847824317e-6
79.29,-1.3276081744740757e-6,-3.441556853102113e-6
79.3,-1.3058682161934915e-6,-3.4359001097075155e-6
79.31,-1.2840750673302348e-6,-3.42998164012101e-6
79.32,-1.2622307091574042e-6,-3.423802249606056e-6
79.33,-1.2403371224959952e-6,-3.417362763076113e-6
79.34,-1.2183962875488973e-6,-3.4106640250023887e-6
79.35,-1.1964101837337028e-6,-3.4037068993187405e-6
79.36,-1.1743807895193136e-6,-3.396492269327172e-6
79.37,-1.1523100822597972e-6,-3.3890210376001737e-6
79.38,-1.1302000380303802e-6,-3.3812941258825582e-6
79.39,-1.1080526314632517e-6,-3.373312474991478e-6
79.4,-1.0858698355845254e-6,-3.3650770447155064e-6
79.41,-1.0636536216516295e-6,-3.3565888137120216e-6
79.42,-1.041405958989429e-6,-3.347848779402964e-6
79.43,-1.019128814830431e-6,-3.3388579578697294e-6
79.44,-9.968241541511216e-7,-3.329617383746583e-6
79.45,-9.74493939513498e-7,-3.3201281101125998e-6
79.46,-9.521401309031903e-7,-3.3103912083822257e-6
79.47,-9.297646855705868e-7,-3.3004077681950043e-6
79.48,-9.073695578708868e-7,-3.290178897302623e-6
79.49,-8.849566991072797e-7,-3.2797057214572284e-6
79.5,-8.625280573711576e-7,-3.26898938429548e-6
79.51,-8.400855773861857e-7,-3.2580310472234516e-6
79.52,-8.176312003518929e-7,-3.2468318892996256e-6
79.53,-7.9516686378614e-7,-3.235393107115786e-6
79.54,-7.72694501371495e-7,-3.2237159146782515e-6
79.55,-7.502160428002121e-7,-3.211801543287155e-6
79.56,-7.277334136196549e-7,-3.1996512414134322e-6
79.57,-7.052485350794132e-7,-3.1872662745765197e-6
79.58,-6.827633239799376e-7,-3.1746479252195164e-6
79.59,-6.602796925174411e-7,-3.1617974925845194e-6
79.6,-6.37799548137863e-7,-3.1487162925836606e-6
79.61,-6.153247933819604e-7,-3.135405657673446e-6
79.62,-5.92857325737802e-7,-3.1218669367244284e-6
79.63,-5.703990374916877e-7,-3.1081014948915382e-6
79.64,-5.479518155803076e-7,-3.0941107134822556e-6
79.65,-5.255175414430253e-7,-3.079895989824905e-6
79.66,-5.030980908752032e-7,-3.065458737133793e-6
79.67,-4.806953338827912e-7,-3.0508003843761997e-6
79.68,-4.583111345396332e-7,-3.035922376135144e-6
79.69,-4.359473508385115e-7,-3.020826172474012e-6
79.7,-4.1360583455257024e-7,-3.0055132487977463e-6
79.71,-3.912884310906704e-7,-2.989985095714107e-6
79.72,-3.689969793564593e-7,-2.9742432188935432e-6
79.73,-3.467333116081991e-7,-2.9582891389298566e-6
79.74,-3.2449925331842157e-7,-2.9421243911963035e-6
79.75,-3.022966230348886e-7,-2.925750525703506e-6
79.76,-2.8012723224321415e-7,-2.9091691069561083e-6
79.77,-2.579928852297709e-7,-2.8923817138070997e-6
79.78,-2.3589537894500033e-7,-2.875389939312527e-6
79.79,-2.1383650286870238e-7,-2.8581953905851545e-6
79.8,-1.9181803887552212e-7,-2.840799688645633e-6
79.81,-1.6984176110175986e-7,-2.8232044682753594e-6
79.82,-1.4790943581297915e-7,-2.8054113778663003e-6
79.83,-1.2602282127260022e-7,-2.7874220792708637e-6
79.84,-1.0418366761060388e-7,-2.7692382476507598e-6
79.85,-8.239371669599205e-8,-2.7508615713248035e-6
79.86,-6.065470200633616e-8,-2.7322937516164964e-6
79.87,-3.896834850085939e-8,-2.713536502699782e-6
79.88,-1.7336372495314897e-8,-2.694591551445104e-6
79.89,4.2395184659155636e-9,-2.675460637263573e-6
79.9,2.575762573216655e-8,-2.6561455119513975e-6
79.91,4.7216259670941915e-8,-2.6366479395326328e-6
79.92,6.861373979009025e-8,-2.6169696961017556e-6
79.93,8.994839485902609e-8,-2.597112569665297e-6
79.94,1.1121856302907115e-7,-2.5770783599827456e-6
79.95,1.3242259195257928e-7,-2.5568688784067977e-6
79.96,1.5355883890173222e-7,-2.5364859477226933e-6
79.97,1.7462567088356626e-7,-2.515931401987182e-6
79.98,1.956214647592175e-7,-2.4952070863665763e-6
79.99,2.1654460735588265e-7,-2.4743148569742394e-6
80.0,2.3739349558201466e-7,-2.4532565807074177e-6
80.01,2.581665365395328e-7,-2.432034135083417e-6
80.02,2.788621476355949e-7,-2.410649408075269e-6
80.03,2.994787566929859e-7,-2.389104297946477e-6
80.04,3.2001480205952637e-7,-2.367400713085713e-6
80.05,3.4046873271666143e-7,-2.3455405718403614e-6
80.06,3.6083900838295254e-7,-2.323525802349513e-6
80.07,3.8112409962749117e-7,-2.301358342377585e-6
80.08,4.0132248796701984e-7,-2.2790401391455196e-6
80.09,4.214326659736616e-7,-2.2565731491627464e-6
80.1,4.414531373757294e-7,-2.2339593380583743e-6
80.11,4.6138241715937703e-7,-2.211200680411992e-6
80.12,4.81219031669531e-7,-2.188299159583644e-6
80.13,5.009615187068072e-7,-2.1652567675431804e-6
80.14,5.206084276271117e-7,-2.1420755047000713e-6
80.15,5.401583194360291e-7,-2.1187573797328656e-6
80.16,5.596097668870224e-7,-2.0953044094151676e-6
80.17,5.789613545727261e-7,-2.071718618446411e-6
80.18,5.982116790188441e-7,-2.0480020392781987e-6
80.19,6.173593487762772e-7,-2.0241567119412474e-6
80.2,6.364029845103506e-7,-2.0001846838729995e-6
80.21,6.553412190911519e-7,-1.9760880097439122e-6
80.22,6.741726976809218e-7,-1.9518687512832124e-6
80.23,6.928960778202322e-7,-1.9275289771046007e-6
80.24,7.115100295149305e-7,-1.9030707625352656e-6
80.25,7.300132353185466e-7,-1.8784961894342329e-6
80.26,7.484043904166214e-7,-1.8538073460237253e-6
80.27,7.666822027076075e-7,-1.8290063267114002e-6
80.28,7.84845392883827e-7,-1.8040952319148004e-6
80.29,8.028926945103776e-7,-1.7790761678861143e-6
80.3,8.208228541028005e-7,-1.7539512465359493e-6
80.31,8.386346312044346e-7,-1.7287225852571011e-6
80.32,8.563267984609015e-7,-1.703392306748904e-6
80.33,8.738981416943695e-7,-1.6779625388401173e-6
80.34,8.913474599775899e-7,-1.652435414311765e-6
80.35,9.086735657035921e-7,-1.6268130707218102e-6
80.36,9.258752846568221e-7,-1.6010976502271318e-6
80.37,9.429514560819019e-7,-1.5752912994065407e-6
80.38,9.599009327514539e-7,-1.5493961690840794e-6
80.39,9.767225810323037e-7,-1.5234144141514115e-6
80.4,9.93415280950316e-7,-1.4973481933908852e-6
80.41,1.0099779262543518e-6,-1.4711996692976943e-6
80.42,1.0264094244785744e-6,-1.4449710079029586e-6
80.43,1.042708697003507e-6,-1.418664378595954e-6
80.44,1.0588746791162511e-6,-1.3922819539468842e-6
80.45,1.0749063200683362e-6,-1.3658259095292372e-6
80.46,1.0908025831332996e-6,-1.3392984237425882e-6
80.47,1.106562445662195e-6,-1.3127016776350066e-6
80.48,1.1221848991387395e-6,-1.2860378547256965e-6
80.49,1.1376689492316854e-6,-1.2593091408279648e-6
80.5,1.1530136158475138e-6,-1.2325177238716112e-6
80.51,1.1682179331802321e-6,-1.2056657937260907e-6
80.52,1.1832809497615934e-6,-1.1787555420232624e-6
80.53,1.1982017285073314e-6,-1.1517891619803872e-6
80.54,1.212979346766253e-6,-1.1247688482237964e-6
80.55,1.2276128963626691e-6,-1.0976967966118014e-6
80.56,1.2421014836425e-6,-1.0705752040580398e-6
80.57,1.2564442295146987e-6,-1.0434062683556921e-6
80.58,1.2706402694929772e-6,-1.016192188000873e-6
80.59,1.284688753735561e-6,-9.889351620169096e-7
80.6,1.2985888470834853e-6,-9.616373897782302e-7
80.61,1.3123397290987189e-6,-9.343010708354428e-7
80.62,1.3259405940992184e-6,-9.069284047397451e-7
80.63,1.3393906511936816e-6,-8.795215908675946e-7
80.64,1.352689124315209e-6,-8.520828282462768e-7
80.65,1.365835252252779e-6,-8.246143153795788e-7
80.66,1.3788282886819798e-6,-7.971182500731866e-7
80.67,1.39166750219435e-6,-7.695968292611845e-7
80.68,1.4043521763250826e-6,-7.420522488322224e-7
80.69,1.416881609579976e-6,-7.144867034561895e-7
80.7,1.429255115460302e-6,-6.869023864115336e-7
80.71,1.4414720224868021e-6,-6.59301489413445e-7
80.72,1.4535316742223744e-6,-6.316862024398878e-7
80.73,1.4654334292934243e-6,-6.040587135617032e-7
80.74,1.477176661409502e-6,-5.764212087703257e-7
80.75,1.4887607593822523e-6,-5.487758718066747e-7
80.76,1.5001851271423756e-6,-5.211248839913498e-7
80.77,1.5114491837557536e-6,-4.934704240542738e-7
80.78,1.5225523634381406e-6,-4.658146679644208e-7
80.79,1.533494115568198e-6,-4.3815978876153214e-7
80.8,1.5442739046998633e-6,-4.1050795638727536e-7
80.81,1.5548912105728888e-6,-3.8286133751656104e-7
80.82,1.5653455281214824e-6,-3.5522209539063376e-7
80.83,1.5756363674839282e-6,-3.2759238964863826e-7
80.84,1.5857632540080653e-6,-2.9997437616253863e-7
80.85,1.595725728256383e-6,-2.723702068702914e-7
80.86,1.6055233460117796e-6,-2.4478202960983826e-7
80.87,1.6151556782788e-6,-2.172119879550908e-7
80.88,1.6246223112858374e-6,-1.8966222105051824e-7
80.89,1.6339228464849874e-6,-1.6213486344842405e-7
80.9,1.6430569005518711e-6,-1.3463204494506853e-7
80.91,1.652024105382162e-6,-1.0715589041818383e-7
80.92,1.6608241080877097e-6,-7.970851966494166e-8
80.93,1.6694565709931936e-6,-5.229204724095385e-8
80.94,1.6779211716284448e-6,-2.4908582299648295e-8
80.95,1.686217602721456e-6,2.43977156822601e-9
80.96,1.6943455721893982e-6,2.9750916493485044e-8
80.97,1.7023048031286037e-6,5.702276048718804e-8
80.98,1.7100950338033072e-6,8.425321759842089e-8
80.99,1.7177160176326742e-6,1.1144020807183427e-7
81.0,1.7251675231785936e-6,1.3858165850477064e-7
81.01,1.7324493341268956e-6,1.6567550200044914e-7
81.02,1.7395612492748384e-6,1.9271967832617054e-7
81.03,1.7465030825114318e-6,2.197121340657798e-7
81.04,1.7532746627991752e-6,2.466508227732955e-7
81.05,1.7598758341533444e-6,2.735337051259517e-7
81.06,1.7663064556211845e-6,3.0035874907588524e-7
81.07,1.7725664012592609e-6,3.2712393000133e-7
81.08,1.7786555601098606e-6,3.538272308569774e-7
81.09,1.7845738361736498e-6,3.804666423230993e-7
81.1,1.7903211483882626e-6,4.07040162954637e-7
81.11,1.795897430595605e-6,4.335457993286517e-7
81.12,1.8013026315169871e-6,4.5998156619127363e-7
81.13,1.8065367147202137e-6,4.863454866040008e-7
81.14,1.8115996585908046e-6,5.126355920887229e-7
81.15,1.8164914562983701e-6,5.388499227718503e-7
81.16,1.8212121157639827e-6,5.649865275278758e-7
81.17,1.825761659625503e-6,5.910434641222337e-7
81.18,1.8301401251991165e-6,6.170187993518761e-7
81.19,1.834347564447551e-6,6.429106091869469e-7
81.2,1.8383840439370627e-6,6.687169789100134e-7
81.21,1.8422496448000294e-6,6.944360032547234e-7
81.22,1.8459444626946338e-6,7.200657865441047e-7
81.23,1.8494686077627222e-6,7.456044428261862e-7
81.24,1.8528222045871005e-6,7.710500960116971e-7
81.25,1.8560053921478443e-6,7.964008800072716e-7
81.26,1.8590183237768673e-6,8.216549388504081e-7
81.27,1.861861167112045e-6,8.468104268416055e-7
81.28,1.8645341040495524e-6,8.718655086765692e-7
81.29,1.867037330695895e-6,8.968183595770099e-7
81.3,1.869371057318154e-6,9.216671654203663e-7
81.31,1.871535508293215e-6,9.464101228687105e-7
81.32,1.873530922056185e-6,9.710454394960988e-7
81.33,1.8753575510479354e-6,9.955713339156474e-7
81.34,1.8770156616604017e-6,1.0199860359049016e-6
81.35,1.878505534182157e-6,1.0442877865300644e-6
81.36,1.8798274627433073e-6,1.0684748382704657e-6
81.37,1.8809817552563908e-6,1.092545455139029e-6
81.38,1.8819687333593888e-6,1.1164979128054289e-6
81.39,1.882788732357146e-6,1.1403304987148914e-6
81.4,1.8834421011598755e-6,1.1640415122079595e-6
81.41,1.8839292022232797e-6,1.1876292646379e-6
81.42,1.8842504114849222e-6,1.2110920794877617e-6
81.43,1.884406118302023e-6,1.2344282924855946e-6
81.44,1.8843967253865539e-6,1.257636251719354e-6
81.45,1.8842226487404147e-6,1.2807143177498503e-6
81.46,1.8838843175888315e-6,1.303660863722981e-6
81.47,1.8833821743134712e-6,1.3264742754811667e-6
81.48,1.8827166743836275e-6,1.3491529516720531e-6
81.49,1.8818882862875325e-6,1.3716953038581434e-6
81.5,1.8808974914622506e-6,1.3940997566237617e-6
81.51,1.8797447842219046e-6,1.4163647476813567e-6
81.52,1.878430671687277e-6,1.4384887279769487e-6
81.53,1.8769556737102054e-6,1.4604701617926178e-6
81.54,1.8753203228020948e-6,1.4823075268506686e-6
81.55,1.8735251640583525e-6,1.5039993144139018e-6
81.56,1.871570755080464e-6,1.5255440293862381e-6
81.57,1.8694576659045428e-6,1.5469401904117519e-6
81.58,1.8671864789184812e-6,1.5681863299718447e-6
81.59,1.8647577887859512e-6,1.589280994481846e-6
81.6,1.8621722023671986e-6,1.6102227443861672e-6
81.61,1.8594303386383658e-6,1.6310101542524502e-6
81.62,1.856532828610875e-6,1.6516418128639194e-6
81.63,1.8534803152486808e-6,1.6721163233104425e-6
81.64,1.8502734533864972e-6,1.692432303079017e-6
81.65,1.8469129096469076e-6,1.7125883841435178e-6
81.66,1.8433993623533659e-6,1.7325832130493288e-6
81.67,1.83973350144771e-6,1.7524154510027024e-6
81.68,1.835916028402934e-6,1.7720837739540764e-6
81.69,1.8319476561370593e-6,1.7915868726817397e-6
81.7,1.8278291089245121e-6,1.810923452874832e-6
81.71,1.8235611223087702e-6,1.8300922352135115e-6
81.72,1.8191444430128063e-6,1.8490919554489935e-6
81.73,1.8145798288494165e-6,1.8679213644824496e-6
81.74,1.809868048630196e-6,1.8865792284405148e-6
81.75,1.8050098820747696e-6,1.9050643287530711e-6
81.76,1.8000061197183898e-6,1.923375462226008e-6
81.77,1.794857562818579e-6,1.9415114411147686e-6
81.78,1.7895650232627336e-6,1.9594710931963805e-6
81.79,1.7841293234729425e-6,1.9772532618391186e-6
81.8,1.7785512963115497e-6,1.9948568060720973e-6
81.81,1.7728317849850005e-6,2.012280600652865e-6
81.82,1.7669716429483993e-6,2.029523536133184e-6
81.83,1.7609717338078331e-6,2.0465845189246783e-6
81.84,1.7548329312226801e-6,2.063462471361614e-6
81.85,1.748556118808251e-6,2.080156331763986e-6
81.86,1.7421421900361085e-6,2.0966650544978824e-6
81.87,1.735592048134339e-6,2.1129876100347674e-6
81.88,1.7289066059882539e-6,2.1291229850101766e-6
81.89,1.7220867860393003e-6,2.145070182279756e-6
81.9,1.715133520183031e-6,2.1608282209747486e-6
81.91,1.7080477496684565e-6,2.1763961365569246e-6
81.92,1.7008304249945055e-6,2.191772980869664e-6
81.93,1.6934825058070087e-6,2.206957822190435e-6
81.94,1.6860049607964437e-6,2.221949745279082e-6
81.95,1.6783987675914623e-6,2.236747851428595e-6
81.96,1.6706649126559556e-6,2.251351258509813e-6
81.97,1.6628043911832373e-6,2.2657591010182677e-6
81.98,1.6548182069905252e-6,2.279970530118193e-6
81.99,1.646707372412042e-6,2.2939847136853614e-6
82.0,1.6384729081928387e-6,2.3078008363484637e-6
82.01,1.630115843381755e-6,2.321418099529358e-6
82.02,1.6216372152234052e-6,2.334835721481587e-6
82.03,1.6130380690482758e-6,2.3480529373279367e-6
82.04,1.604319458168481e-6,2.361068999095404e-6
82.05,1.5954824437642157e-6,2.373883175750692e-6
82.06,1.586528094775531e-6,2.386494753232649e-6
82.07,1.5774574877945611e-6,2.3989030344843235e-6
82.08,1.568271706952035e-6,2.411107339482932e-6
82.09,1.5589718438085432e-6,2.4231070052687094e-6
82.1,1.5495589972425055e-6,2.4349013859726492e-6
82.11,1.5400342733382363e-6,2.4464898528420387e-6
82.12,1.530398785277167e-6,2.45787179426534e-6
82.13,1.520653653219592e-6,2.469046615795645e-6
82.14,1.5108000041976607e-6,2.4800137401722783e-6
82.15,1.5008389719999456e-6,2.4907726073413126e-6
82.16,1.4907716970582891e-6,2.5013226744742944e-6
82.17,1.4805993263342252e-6,2.5116634159862017e-6
82.18,1.4703230132056347e-6,2.521794323551778e-6
82.19,1.4599439173516264e-6,2.531714906119952e-6
82.2,1.449463204638921e-6,2.541424689926873e-6
82.21,1.438882047005887e-6,2.5509232185109647e-6
82.22,1.4282016223484807e-6,2.5602100527173917e-6
82.23,1.4174231144049635e-6,2.5692847707136762e-6
82.24,1.4065477126394521e-6,2.578146967993839e-6
82.25,1.3955766121269858e-6,2.5867962573862655e-6
82.26,1.384511013436495e-6,2.595232269058061e-6
82.27,1.373352122515782e-6,2.6034546505191547e-6
82.28,1.3621011505742144e-6,2.611463066624592e-6
82.29,1.3507593139658064e-6,2.619257199574826e-6
82.3,1.339327834074142e-6,2.626836748916111e-6
82.31,1.3278079371917555e-6,2.6342014315378667e-6
82.32,1.3162008544074795e-6,2.6413509816699304e-6
82.33,1.3045078214854183e-6,2.648285150877626e-6
82.34,1.2927300787498264e-6,2.6550037080558338e-6
82.35,1.2808688709657584e-6,2.6615064394217847e-6
82.36,1.2689254472222747e-6,2.6677931485059813e-6
82.37,1.256901060814608e-6,2.673863656142405e-6
82.38,1.2447969691258569e-6,2.679717800456916e-6
82.39,1.2326144335088258e-6,2.6853554368541966e-6
82.4,1.2203547191687164e-6,2.6907764380041094e-6
82.41,1.208019095043345e-6,2.6959806938253598e-6
82.42,1.195608833686879e-6,2.7009681114693317e-6
82.43,1.1831252111498044e-6,2.7057386153017227e-6
82.44,1.1705695068614e-6,2.7102921468822477e-6
82.45,1.1579430035113623e-6,2.7146286649446137e-6
82.46,1.1452469869303095e-6,2.7187481453735533e-6
82.47,1.1324827459734434e-6,2.7226505811819355e-6
82.48,1.119651572400158e-6,2.726335982485257e-6
82.49,1.1067547607565255e-6,2.729804376475549e-6
82.5,1.0937936082562407e-6,2.733055807393414e-6
82.51,1.0807694146638175e-6,2.736090336500286e-6
82.52,1.0676834821739644e-6,2.7389080420469132e-6
82.53,1.0545371152953291e-6,2.7415090192426077e-6
82.54,1.0413316207308796e-6,2.7438933802221486e-6
82.55,1.0280683072609197e-6,2.746061254011642e-6
82.56,1.014748485623401e-6,2.748012786493585e-6
82.57,1.0013734683983005e-6,2.7497481403692634e-6
82.58,9.87944569886935e-7,2.751267495121527e-6
82.59,9.744631059972674e-7,2.752571046975399e-6
82.6,9.609303941227642e-7,2.7536590088571977e-6
82.61,9.473477530278979e-7,2.7545316103530338e-6
82.62,9.337165027293431e-7,2.7551890976659234e-6
82.63,9.200379643786405e-7,2.7556317335707432e-6
82.64,9.063134601458965e-7,2.7558597973694803e-6
82.65,8.925443131019286e-7,2.755873584843663e-6
82.66,8.787318471025107e-7,2.755673408207257e-6
82.67,8.648773866704585e-7,2.7552595960558513e-6
82.68,8.509822568816709e-7,2.754632493318233e-6
82.69,8.370477832457093e-7,2.7537924612022336e-6
82.7,8.230752915923716e-7,2.752739877143663e-6
82.71,8.09066107955543e-7,2.751475134751075e-6
82.72,7.950215584566793e-7,2.749998643750885e-6
82.73,7.8094296919086e-7,2.7483108299305006e-6
82.74,7.668316661109968e-7,2.746412135080557e-6
82.75,7.52688974913614e-7,2.7443030169362116e-6
82.76,7.385162209238837e-7,2.7419839491164923e-6
82.77,7.24314728982092e-7,2.7394554210634633e-6
82.78,7.100858233283107e-7,2.7367179379793862e-6
82.79,6.958308274918736e-7,2.733772020763159e-6
82.8,6.815510641751194e-7,2.7306182059458648e-6
82.81,6.672478551410067e-7,2.727257045624122e-6
82.82,6.529225211023487e-7,2.723689107393526e-6
82.83,6.385763816071615e-7,2.719914974280287e-6
82.84,6.242107549282556e-7,2.715935244671665e-6
82.85,6.098269579512747e-7,2.711750532246141e-6
82.86,5.954263060631402e-7,2.707361465900709e-6
82.87,5.810101130413844e-7,2.702768689679393e-6
82.88,5.665796909441099e-7,2.697972862698739e-6
82.89,5.521363499995686e-7,2.692974659073337e-6
82.9,5.376813984961043e-7,2.68777476783934e-6
82.91,5.232161426736352e-7,2.6823738928782623e-6
82.92,5.087418866141747e-7,2.67677275283801e-6
82.93,4.942599321339106e-7,2.670972081054573e-6
82.94,4.797715786747371e-7,2.6649726254710096e-6
82.95,4.652781231968244e-7,2.6587751485570643e-6
82.96,4.507808600715378e-7,2.652380427225918e-6
82.97,4.3628108097571063e-7,2.6457892527526194e-6
82.98,4.217800747828722e-7,2.6390024306871205e-6
82.99,4.0727912746038166e-7,2.6320207807715906e-6
83.0,3.9277952196270335e-7,2.624845136852596e-6
83.01,3.78282538126951e-7,2.617476346794336e-6
83.02,3.637894525682258e-7,2.6099152723902324e-6
83.03,3.493015385773594e-7,2.602162789273264e-6
83.04,3.348200660151863e-7,2.594219786827027e-6
83.05,3.2034630121248833e-7,2.586087168093009e-6
83.06,3.0588150686430283e-7,2.5777658496793516e-6
83.07,2.9142694193343923e-7,2.569256761667683e-6
83.08,2.7698386154443833e-7,2.5605608475185642e-6
83.09,2.6255351688578436e-7,2.551679063978263e-6
83.1,2.4813715510844685e-7,2.542612380980316e-6
83.11,2.3373601922729514e-7,2.5333617815507187e-6
83.12,2.1935134802232105e-7,2.5239282617098284e-6
83.13,2.0498437593944587e-7,2.514312830373966e-6
83.14,1.9063633299391084e-7,2.50451650925575e-6
83.15,1.7630844467224104e-7,2.494540332763332e-6
83.16,1.6200193183644335e-7,2.4843853479011624e-6
83.17,1.477180106275397e-7,2.474052614165941e-6
83.18,1.3345789237081462e-7,2.4635432034448396e-6
83.19,1.1922278348068258e-7,2.4528581999118576e-6
83.2,1.0501388536703966e-7,2.4419986999231915e-6
83.21,9.083239434134253e-8,2.430965811912041e-6
83.22,7.667950152452829e-8,2.4197606562825093e-6
83.23,6.255639275478836e-8,2.408384365303279e-6
83.24,4.8464248494487355e-8,2.3968380829983884e-6
83.25,3.4404243743235984e-8,2.3851229650416702e-6
83.26,2.0377547943261776e-8,2.373240178644654e-6
83.27,6.385324892869711e-9,2.3611909024484715e-6
83.28,-7.57126734323103e-9,2.3489763264127255e-6
83.29,-2.1491076522076607e-8,2.33659765170373e-6
83.3,-3.5372956309500116e-8,2.3240560905832407e-6
83.31,-4.921576636705006e-8,2.3113528662950177e-6
83.32,-6.301837243779758e-8,2.298489212951427e-6
83.33,-7.677964643291124e-8,2.285466375419314e-6
83.34,-9.049846651205997e-8,2.2722856092056766e-6
83.35,-1.0417371717380908e-7,2.258948180340889e-6
83.36,-1.1780428933265515e-7,2.2454553652636523e-6
83.37,-1.3138908040477244e-7,2.231808450703389e-6
83.38,-1.4492699438833384e-7,2.218008733563598e-6
83.39,-1.584169419450639e-7,2.20405752080274e-6
83.4,-1.7185784047989023e-7,2.1899561293163124e-6
83.41,-1.8524861422050493e-7,2.175705885817047e-6
83.42,-1.9858819429596966e-7,2.161308126714935e-6
83.43,-2.118755188145931e-7,2.146764197997217e-6
83.44,-2.2510953294038948e-7,2.1320754551069285e-6
83.45,-2.3828918897095685e-7,2.117243262820998e-6
83.46,-2.5141344641086287e-7,2.102268995128577e-6
83.47,-2.644812720486093e-7,2.087154035107751e-6
83.48,-2.7749164002831684e-7,2.071899774802501e-6
83.49,-2.9044353192471566e-7,2.0565076150990583e-6
83.5,-3.03335936814453e-7,2.0409789656012946e-6
83.51,-3.161678513479026e-7,2.0253152445058342e-6
83.52,-3.289382798197254e-7,2.009517878477233e-6
83.53,-3.416462342402751e-7,1.993588302520984e-6
83.54,-3.542907344011188e-7,1.977527959859261e-6
83.55,-3.668708079474412e-7,1.961338301801944e-6
83.56,-3.7938549044238335e-7,1.9450207876214174e-6
83.57,-3.91833825435766e-7,1.928576884423137e-6
83.58,-4.0421486452879087e-7,1.9120080670190568e-6
83.59,-4.1652766743882664e-7,1.8953158177983317e-6
83.6,-4.287713020641889e-7,1.8785016265991753e-6
83.61,-4.4094484454697076e-7,1.861566990578483e-6
83.62,-4.530473793353732e-7,1.8445134140836378e-6
83.63,-4.6507799924573736e-7,1.8273424085209896e-6
83.64,-4.770358055227972e-7,1.8100554922269518e-6
83.65,-4.889199078992902e-7,1.7926541903361654e-6
83.66,-5.007294246559828e-7,1.775140034651006e-6
83.67,-5.124634826781258e-7,1.7575145635102799e-6
83.68,-5.241212175146136e-7,1.7397793216567393e-6
83.69,-5.357017734323573e-7,1.7219358601064844e-6
83.7,-5.472043034736518e-7,1.7039857360149629e-6
83.71,-5.586279695090795e-7,1.6859305125463174e-6
83.72,-5.699719422927615e-7,1.6677717587384857e-6
83.73,-5.812354015137707e-7,1.649511049371852e-6
83.74,-5.924175358492324e-7,1.6311499648347924e-6
83.75,-6.035175430148304e-7,1.612690090990609e-6
83.76,-6.145346298148266e-7,1.5941330190434434e-6
83.77,-6.254680121917318e-7,1.5754803454045488e-6
83.78,-6.363169152745467e-7,1.5567336715573207e-6
83.79,-6.470805734261994e-7,1.5378946039239439e-6
83.8,-6.577582302899039e-7,1.518964753729924e-6
83.81,-6.683491388347812e-7,1.499945736869786e-6
83.82,-6.788525614021887e-7,1.4808391737709001e-6
83.83,-6.892677697463315e-7,1.4616466892609372e-6
83.84,-6.995940450804249e-7,1.4423699124299294e-6
83.85,-7.098306781169551e-7,1.423010476496273e-6
83.86,-7.199769691092393e-7,1.4035700186710859e-6
83.87,-7.300322278920324e-7,1.3840501800222824e-6
83.88,-7.399957739198328e-7,1.3644526053392424e-6
83.89,-7.498669363059654e-7,1.344778942996908e-6
83.9,-7.596450538603918e-7,1.3250308448200614e-6
83.91,-7.693294751247502e-7,1.3052099659462417e-6
83.92,-7.789195584100281e-7,1.2853179646921896e-6
83.93,-7.884146718293047e-7,1.2653565024155698e-6
83.94,-7.978141933326784e-7,1.245327243380255e-6
83.95,-8.071175107397851e-7,1.225231854619141e-6
83.96,-8.163240217714793e-7,1.205072005799629e-6
83.97,-8.254331340813158e-7,1.1848493690857616e-6
83.98,-8.344442652847131e-7,1.1645656190040284e-6
83.99,-8.433568429889685e-7,1.1442224323060405e-6
84.0,-8.521703048216865e-7,1.1238214878317894e-6
84.01,-8.608840984561591e-7,1.1033644663772396e-6
84.02,-8.694976816397211e-7,1.0828530505542926e-6
84.03,-8.780105222189941e-7,1.0622889246566892e-6
84.04,-8.86422098162545e-7,1.0416737745253517e-6
84.05,-8.947318975861054e-7,1.0210092874109433e-6
84.06,-9.029394187754786e-7,1.0002971518392516e-6
84.07,-9.110441702061537e-7,9.795390574758993e-7
84.08,-9.190456705653495e-7,9.587366949900925e-7
84.09,-9.269434487752604e-7,9.37891755920149e-7
84.1,-9.347370440025781e-7,9.170059325391961e-7
84.11,-9.424260056866793e-7,8.960809177185876e-7
84.12,-9.500098935507757e-7,8.751184047943847e-7
84.13,-9.574882776198116e-7,8.541200874326909e-7
84.14,-9.64860738235465e-7,8.330876594945133e-7
84.15,-9.72126866070085e-7,8.120228149026424e-7
84.16,-9.792862621402564e-7,7.909272475070352e-7
84.17,-9.863385378189167e-7,7.698026509516334e-7
84.18,-9.932833148470238e-7,7.486507185391067e-7
84.19,-1.0001202253443381e-6,7.274731431008811e-7
84.2,-1.006848911818527e-6,7.062716168606487e-7
84.21,-1.0134690271738115e-6,6.850478313038646e-7
84.22,-1.0199802347192373e-6,6.638034770441081e-7
84.23,-1.0263822081750708e-6,6.425402436910923e-7
84.24,-1.0326746316788527e-6,6.212598197192062e-7
84.25,-1.0388571997905523e-6,5.999638923350066e-7
84.26,-1.0449296174965128e-6,5.786541473467001e-7
84.27,-1.0508916002120884e-6,5.573322690325965e-7
84.28,-1.0567428737852626e-6,5.359999400107098e-7
84.29,-1.062483174496457e-6,5.146588411080256e-7
84.3,-1.0681122490598362e-6,4.933106512310453e-7
84.31,-1.073629854622672e-6,4.7195704723545375e-7
84.32,-1.0790357587638804e-6,4.505997037976981e-7
84.33,-1.0843297394919378e-6,4.292402932848504e-7
84.34,-1.0895115852411425e-6,4.07880485627574e-7
84.35,-1.0945810948683997e-6,3.865219481907477e-7
84.36,-1.0995380776471173e-6,3.6516634564632575e-7
84.37,-1.1043823532625552e-6,3.438153398460615e-7
84.38,-1.1091137518041268e-6,3.224705896943062e-7
84.39,-1.1137321137579369e-6,3.0113375102189225e-7
84.4,-1.1182372899986332e-6,2.7980647645994073e-7
84.41,-1.1226291417793338e-6,2.5849041531432255e-7
84.42,-1.1269075407216731e-6,2.371872134406142e-7
84.43,-1.1310723688048947e-6,2.1589851311941574e-7
84.44,-1.135123518352848e-6,1.9462595293265355e-7
84.45,-1.139060892021991e-6,1.7337116763870199e-7
84.46,-1.1428844027865491e-6,1.5213578805101203e-7
84.47,-1.1465939739264552e-6,1.309214409139199e-7
84.48,-1.1501895390066016e-6,1.097297487813456e-7
84.49,-1.1536710418657494e-6,8.856232989514735e-8
84.5,-1.1570384365964306e-6,6.742079806356579e-8
84.51,-1.1602916875274707e-6,4.630676254129131e-8
84.52,-1.1634307692050367e-6,2.5221827909141807e-8
84.53,-1.1664556663724729e-6,4.16759395490193e-9
84.54,-1.1693663739502054e-6,-1.6854344445935805e-8
84.55,-1.17216289701394e-6,-3.7842397448071614e-8
84.56,-1.1748452507699944e-6,-5.87949803533781e-8
84.57,-1.1774134605381044e-6,-7.971051373004962e-8
84.58,-1.1798675617208645e-6,-1.0058742352692224e-7
84.59,-1.1822075997821507e-6,-1.2142414119037968e-7
84.6,-1.1844336302211415e-6,-1.422191037793995e-7
84.61,-1.1865457185449812e-6,-1.6297075408023926e-7
84.62,-1.1885439402422983e-6,-1.836775407198821e-7
84.63,-1.1904283807545455e-6,-2.0433791828045616e-7
84.64,-1.1921991354472035e-6,-2.2495034741108685e-7
84.65,-1.1938563095803672e-6,-2.455132949395824e-7
84.66,-1.1954000182772278e-6,-2.660252339850047e-7
84.67,-1.19683038649406e-6,-2.864846440673223e-7
84.68,-1.1981475489866904e-6,-3.0689001121753104e-7
84.69,-1.1993516502788732e-6,-3.272398280874738e-7
84.7,-1.2004428446274409e-6,-3.475325940578784e-7
84.71,-1.201421295988735e-6,-3.677668153465329e-7
84.72,-1.202287177982691e-6,-3.8794100511542694e-7
84.73,-1.2030406738571234e-6,-4.080536835771495e-7
84.74,-1.2036819764509456e-6,-4.281033781003502e-7
84.75,-1.204211288156395e-6,-4.4808862331581646e-7
84.76,-1.2046288208810468e-6,-4.6800796121901994e-7
84.77,-1.2049347960083032e-6,-4.878599412748682e-7
84.78,-1.2051294443583563e-6,-5.076431205200341e-7
84.79,-1.20521300614661e-6,-5.273560636652812e-7
84.8,-1.2051857309432635e-6,-5.469973431959058e-7
84.81,-1.2050478776310118e-6,-5.665655394728801e-7
84.82,-1.2047997143620559e-6,-5.860592408321181e-7
84.83,-1.2044415185152143e-6,-6.054770436834668e-7
84.84,-1.2039735766510608e-6,-6.248175526085444e-7
84.85,-1.2033961844684686e-6,-6.44079380458601e-7
84.86,-1.202709646756203e-6,-6.632611484497987e-7
84.87,-1.201914277349932e-6,-6.82361486260265e-7
84.88,-1.201010399083241e-6,-7.013790321235422e-7
84.89,-1.1999983437407568e-6,-7.203124329232462e-7
84.9,-1.1988784520090576e-6,-7.391603442863004e-7
84.91,-1.1976510734286515e-6,-7.57921430674759e-7
84.92,-1.1963165663439517e-6,-7.765943654777057e-7
84.93,-1.1948752978519687e-6,-7.951778311015955e-7
84.94,-1.1933276437534655e-6,-8.136705190587778e-7
84.95,-1.1916739884986469e-6,-8.320711300595419e-7
84.96,-1.1899147251369063e-6,-8.503783740967087e-7
84.97,-1.1880502552629412e-6,-8.68590970534455e-7
84.98,-1.1860809889633342e-6,-8.867076481940158e-7
84.99,-1.1840073447624753e-6,-9.047271454391267e-7
85.0,-1.1818297495680216e-6,-9.22648210260728e-7
85.01,-1.1795486386142026e-6,-9.404696003603225e-7
85.02,-1.1771644554073278e-6,-9.581900832321278e-7
85.03,-1.1746776516675576e-6,-9.758084362448708e-7
85.04,-1.1720886872736237e-6,-9.933234467240626e-7
85.05,-1.169398030202878e-6,-1.010733912029888e-6
85.06,-1.1666061564742619e-6,-1.028038639637129e-6
85.07,-1.1637135500883856e-6,-1.0452364472131422e-6
85.08,-1.16072070296857e-6,-1.0623261626949209e-6
85.09,-1.1576281149004067e-6,-1.079306624365108e-6
85.1,-1.1544362934707567e-6,-1.0961766809272623e-6
85.11,-1.1511457540064013e-6,-1.112935191580375e-6
85.12,-1.1477570195148062e-6,-1.129581026091802e-6
85.13,-1.1442706206157692e-6,-1.146113064869809e-6
85.14,-1.1406870954846528e-6,-1.1625301990350736e-6
85.15,-1.1370069897858654e-6,-1.1788313304909507e-6
85.16,-1.1332308566092436e-6,-1.1950153719928043e-6
85.17,-1.129359256406049e-6,-1.2110812472168836e-6
85.18,-1.1253927569236683e-6,-1.2270278908275665e-6
85.19,-1.121331933139826e-6,-1.2428542485438356e-6
85.2,-1.117177367197435e-6,-1.2585592772051746e-6
85.21,-1.1129296483369467e-6,-1.2741419448352212e-6
85.22,-1.108589372830207e-6,-1.2896012307071748e-6
85.23,-1.1041571439131303e-6,-1.3049361254041705e-6
85.24,-1.0996335717169712e-6,-1.3201456308820578e-6
85.25,-1.0950192732003254e-6,-1.3352287605302194e-6
85.26,-1.0903148720810885e-6,-1.3501845392302648e-6
85.27,-1.085520998765631e-6,-1.3650120034152152e-6
85.28,-1.0806382902803049e-6,-1.3797102011268236e-6
85.29,-1.0756673902008158e-6,-1.3942781920721655e-6
85.3,-1.0706089485813297e-6,-1.408715047679171e-6
85.31,-1.0654636218841083e-6,-1.423019851151003e-6
85.32,-1.0602320729078394e-6,-1.437191697519643e-6
85.33,-1.0549149707154626e-6,-1.4512296936983998e-6
85.34,-1.04951299056239e-6,-1.4651329585332033e-6
85.35,-1.0440268138233544e-6,-1.4789006228529078e-6
85.36,-1.0384571279200462e-6,-1.4925318295189267e-6
85.37,-1.0328046262473323e-6,-1.5060257334735892e-6
85.38,-1.0270700080993878e-6,-1.5193815017867851e-6
85.39,-1.021253978595844e-6,-1.532598313703168e-6
85.4,-1.0153572486070208e-6,-1.5456753606866613e-6
85.41,-1.0093805346795666e-6,-1.5586118464646083e-6
85.42,-1.0033245589605236e-6,-1.5714069870718052e-6
85.43,-9.971900491224553e-7,-1.5840600108910643e-6
85.44,-9.909777382873731e-7,-1.5965701586958243e-6
85.45,-9.846883649505925e-7,-1.6089366836889185e-6
85.46,-9.78322672904047e-7,-1.6211588515420714e-6
85.47,-9.718814111599973e-7,-1.6332359404337482e-6
85.48,-9.65365333873225e-7,-1.6451672410858589e-6
85.49,-9.587752002642026e-7,-1.656952056799413e-6
85.5,-9.521117745418846e-7,-1.6685897034898208e-6
85.51,-9.453758258239807e-7,-1.680079509719599e-6
85.52,-9.385681280609126e-7,-1.6914208167316109e-6
85.53,-9.316894599557226e-7,-1.7026129784806597e-6
85.54,-9.247406048862408e-7,-1.713655361663521e-6
85.55,-9.177223508258833e-7,-1.7245473457487283e-6
85.56,-9.106354902641758e-7,-1.7352883230046712e-6
85.57,-9.034808201273355e-7,-1.7458776985272906e-6
85.58,-8.96259141698998e-7,-1.7563148902656147e-6
85.59,-8.889712605403961e-7,-1.7665993290481387e-6
85.6,-8.81617986408838e-7,-1.7767304586048362e-6
85.61,-8.742001331795623e-7,-1.7867077355927926e-6
85.62,-8.667185187634513e-7,-1.7965306296161766e-6
85.63,-8.591739650272025e-7,-1.8061986232479854e-6
85.64,-8.515672977120791e-7,-1.8157112120499701e-6
85.65,-8.438993463531981e-7,-1.8250679045911658e-6
85.66,-8.361709441979951e-7,-1.834268222465464e-6
85.67,-8.283829281247816e-7,-1.8433117003090022e-6
85.68,-8.205361385617205e-7,-1.8521978858147363e-6
85.69,-8.12631419404422e-7,-1.8609263397480118e-6
85.7,-8.046696179347654e-7,-1.869496635958983e-6
85.71,-7.966515847380751e-7,-1.8779083613962088e-6
85.72,-7.885781736222475e-7,-1.8861611161171299e-6
85.73,-7.804502415346796e-7,-1.8942545132986686e-6
85.74,-7.722686484802667e-7,-1.9021881792463894e-6
85.75,-7.640342574386644e-7,-1.9099617534028522e-6
85.76,-7.557479342823896e-7,-1.917574888354768e-6
85.77,-7.47410547693525e-7,-1.9250272498388416e-6
85.78,-7.390229690825669e-7,-1.9323185167464753e-6
85.79,-7.305860725030204e-7,-1.93944838112948e-6
85.8,-7.221007345708376e-7,-1.946416548200269e-6
85.81,-7.135678343809619e-7,-1.9532227363358677e-6
85.82,-7.04988253424225e-7,-1.9598666770779836e-6
85.83,-6.963628755046202e-7,-1.966348115132763e-6
85.84,-6.87692586655959e-7,-1.9726668083697905e-6
85.85,-6.789782750592318e-7,-1.9788225278193554e-6
85.86,-6.702208309596098e-7,-1.984815057669552e-6
85.87,-6.614211465829768e-7,-1.990644195261556e-6
85.88,-6.525801160529727e-7,-1.9963097510845082e-6
85.89,-6.436986353087439e-7,-2.0018115487688302e-6
85.9,-6.347776020206753e-7,-2.0071494250785723e-6
85.91,-6.258179155083133e-7,-2.0123232299037012e-6
85.92,-6.16820476656653e-7,-2.0173328262494474e-6
85.93,-6.077861878338654e-7,-2.022178090226499e-6
85.94,-5.987159528078293e-7,-2.0268589110392423e-6
85.95,-5.896106766634062e-7,-2.0313751909730072e-6
85.96,-5.804712657203439e-7,-2.0357268453806686e-6
85.97,-5.712986274469171e-7,-2.0399138026674552e-6
85.98,-5.620936703843934e-7,-2.0439360042764086e-6
85.99,-5.528573040566801e-7,-2.0477934046704303e-6
86.0,-5.435904388931409e-7,-2.0514859713155645e-6
86.01,-5.342939861425179e-7,-2.0550136846616957e-6
86.02,-5.249688577934392e-7,-2.0583765381234727e-6
86.03,-5.156159664891018e-7,-2.061574538058806e-6
86.04,-5.062362254491002e-7,-2.0646077037485e-6
86.05,-4.968305483835725e-7,-2.067476067372559e-6
86.06,-4.873998494125722e-7,-2.070179673985581e-6
86.07,-4.779450429857609e-7,-2.0727185814956032e-6
86.08,-4.684670437980412e-7,-2.0750928606348734e-6
86.09,-4.5896676671025296e-7,-2.0773025949349345e-6
86.1,-4.494451266664545e-7,-2.0793478806989616e-6
86.11,-4.3990303861340207e-7,-2.0812288269730937e-6
86.12,-4.303414174191339e-7,-2.082945555517036e-6
86.13,-4.207611777921065e-7,-2.0844982007735117e-6
86.14,-4.1116323420037386e-7,-2.0858869098368335e-6
86.15,-4.015485007922837e-7,-2.0871118424213056e-6
86.16,-3.9191789131335354e-7,-2.0881731708264433e-6
86.17,-3.8227231902871996e-7,-2.0890710799040525e-6
86.18,-3.726126966423837e-7,-2.089805767022657e-6
86.19,-3.6293993621666163e-7,-2.090377442031133e-6
86.2,-3.532549490940191e-7,-2.090786327222077e-6
86.21,-3.435586458168046e-7,-2.09103265729339e-6
86.22,-3.338519360483602e-7,-2.091116679309947e-6
86.23,-3.241357284940975e-7,-2.0910386526630705e-6
86.24,-3.1441093082312407e-7,-2.090798849030804e-6
86.25,-3.046784495903041e-7,-2.0903975523353496e-6
86.26,-2.949391901565261e-7,-2.0898350587007374e-6
86.27,-2.851940566128781e-7,-2.0891116764099085e-6
86.28,-2.7544395170163225e-7,-2.0882277258597497e-6
86.29,-2.656897767399761e-7,-2.087183539516943e-6
86.3,-2.559324315417406e-7,-2.085979461870114e-6
86.31,-2.4617281434198757e-7,-2.08461584938444e-6
86.32,-2.364118217194129e-7,-2.0830930704532665e-6
86.33,-2.2665034852128713e-7,-2.081411505349308e-6
86.34,-2.1688928778657289e-7,-2.07957154617528e-6
86.35,-2.0712953067072428e-7,-2.0775735968131327e-6
86.36,-1.97371966371051e-7,-2.075418072873269e-6
86.37,-1.8761748205074056e-7,-2.073105401642013e-6
86.38,-1.7786696276540725e-7,-2.070636022028911e-6
86.39,-1.6812129138792637e-7,-2.068010384512648e-6
86.4,-1.583813485348773e-7,-2.0652289510872933e-6
86.41,-1.4864801249305654e-7,-2.0622921952050314e-6
86.42,-1.3892215914636168e-7,-2.059200601722065e-6
86.43,-1.292046619020444e-7,-2.0559546668398454e-6
86.44,-1.1949639162004108e-7,-2.052554898048396e-6
86.45,-1.0979821653865473e-7,-2.0490018140668053e-6
86.46,-1.0011100220445223e-7,-2.04529594478411e-6
86.47,-9.043561139951235e-8,-2.0414378311989136e-6
86.48,-8.077290407235015e-8,-2.0374280253586317e-6
86.49,-7.112373726546372e-8,-2.0332670902971065e-6
86.5,-6.148896504548644e-8,-2.028955599972905e-6
86.51,-5.1869438434295676e-8,-2.024494139204922e-6
86.52,-4.2266005338633265e-8,-2.019883303608884e-6
86.53,-3.267951048122424e-8,-2.015123699533073e-6
86.54,-2.311079533290238e-8,-2.010215943991043e-6
86.55,-1.3560698043777547e-8,-2.0051606645968367e-6
86.56,-4.030053375413639e-9,-1.9999584994973937e-6
86.57,5.480307365790724e-9,-1.9946100973047667e-6
86.58,1.496955639651587e-8,-1.989116117027368e-6
86.59,2.4436869521938946e-8,-1.983477228001228e-6
86.6,3.3881426202178097e-8,-1.9776941098198087e-6
86.61,4.33024096180235e-8,-1.971767452263253e-6
86.62,5.2699006735392955e-8,-1.9656979552274084e-6
86.63,6.207040837092185e-8,-1.9594863286515043e-6
86.64,7.141580925494782e-8,-1.9531332924457024e-6
86.65,8.07344080965169e-8,-1.9466395764177394e-6
86.66,9.002540764527834e-8,-1.9400059201987355e-6
86.67,9.928801475519834e-8,-1.9332330731687086e-6
86.68,1.0852144044613267e-7,-1.9263217943813518e-6
86.69,1.1772489996634426e-7,-1.919272852487694e-6
86.7,1.2689761285314577e-7,-1.91208702566011e-6
86.71,1.3603880299360738e-7,-1.904765101514524e-6
86.72,1.451476986858997e-7,-1.8973078770327227e-6
86.73,1.5422353269718383e-7,-1.8897161584844646e-6
86.74,1.6326554232477655e-7,-1.8819907613475859e-6
86.75,1.7227296945382222e-7,-1.8741325102286152e-6
86.76,1.8124506061571234e-7,-1.8661422387831897e-6
86.77,1.9018106704591546e-7,-1.8580207896343415e-6
86.78,1.9908024474119215e-7,-1.8497690142912268e-6
86.79,2.07941854516204e-7,-1.8413877730677384e-6
86.8,2.167651620593491e-7,-1.8328779349997338e-6
86.81,2.255494379893779e-7,-1.8242403777610981e-6
86.82,2.3429395790720172e-7,-1.8154759875819877e-6
86.83,2.429980024566455e-7,-1.8065856591622743e-6
86.84,2.516608573717319e-7,-1.7975702955887545e-6
86.85,2.602818135338907e-7,-1.78843080824912e-6
86.86,2.6886016702362926e-7,-1.7791681167463968e-6
86.87,2.773952191733108e-7,-1.7697831488125268e-6
86.88,2.8588627661815185e-7,-1.7602768402216704e-6
86.89,2.94332651348263e-7,-1.7506501347031402e-6
86.9,3.0273366075810253e-7,-1.740903983854315e-6
86.91,3.110886276983274e-7,-1.7310393470482863e-6
86.92,3.1939688052262703e-7,-1.7210571913536548e-6
86.93,3.2765775313925376e-7,-1.7109584914365808e-6
86.94,3.3587058505614384e-7,-1.7007442294765398e-6
86.95,3.440347214329557e-7,-1.6904153950738253e-6
86.96,3.5214951312426325e-7,-1.6799729851602874e-6
86.97,3.6021431672750295e-7,-1.6694180039078506e-6
86.98,3.682284946291652e-7,-1.6587514626376509e-6
86.99,3.7619141505022623e-7,-1.6479743797275743e-6
87.0,3.841024520883862e-7,-1.6370877805212316e-6
87.01,3.9196098576732497e-7,-1.626092697233942e-6
87.02,3.997664020749134e-7,-1.614990168860983e-6
87.03,4.0751809300898363e-7,-1.6037812410838864e-6
87.04,4.152154566189648e-7,-1.5924669661767127e-6
87.05,4.228578970470841e-7,-1.5810484029119682e-6
87.06,4.304448245704399e-7,-1.5695266164663172e-6
87.07,4.3797565564038764e-7,-1.5579026783256246e-6
87.08,4.454498129219211e-7,-1.5461776661901398e-6
87.09,4.528667253379871e-7,-1.5343526638786196e-6
87.1,4.602258280973644e-7,-1.5224287612330398e-6
87.11,4.6752656274358447e-7,-1.5104070540222953e-6
87.12,4.747683771860251e-7,-1.4982886438459116e-6
87.13,4.819507257388256e-7,-1.4860746380370335e-6
87.14,4.89073069156223e-7,-1.4737661495657313e-6
87.15,4.961348746678485e-7,-1.4613642969418678e-6
87.16,5.031356160140723e-7,-1.4488702041171507e-6
87.17,5.100747734799031e-7,-1.4362850003878756e-6
87.18,5.169518339275983e-7,-1.423609820296032e-6
87.19,5.237662908313102e-7,-1.4108458035319902e-6
87.2,5.305176443075825e-7,-1.397994094835162e-6
87.21,5.372054011482361e-7,-1.3850558438953768e-6
87.22,5.438290748495535e-7,-1.372032205254314e-6
87.23,5.50388185645029e-7,-1.3589243382055438e-6
87.24,5.568822605326097e-7,-1.3457334066956423e-6
87.25,5.633108333048331e-7,-1.3324605792243663e-6
87.26,5.69673444577258e-7,-1.3191070287445846e-6
87.27,5.759696418152728e-7,-1.3056739325626301e-6
87.28,5.82198979361898e-7,-1.2921624722378828e-6
87.29,5.883610184638941e-7,-1.2785738334823122e-6
87.3,5.944553272972479e-7,-1.2649092060601833e-6
87.31,6.004814809925093e-7,-1.2511697836871535e-6
87.32,6.064390616587053e-7,-1.2373567639295187e-6
87.33,6.123276584074099e-7,-1.223471348103631e-6
87.34,6.181468673760074e-7,-1.2095147411735395e-6
87.35,6.238962917493286e-7,-1.1954881516516446e-6
87.36,6.295755417820643e-7,-1.1813927914959355e-6
87.37,6.351842348193723e-7,-1.16722987600916e-6
87.38,6.407219953181792e-7,-1.1530006237369278e-6
87.39,6.461884548649851e-7,-1.1387062563668837e-6
87.4,6.5158325219708e-7,-1.1243479986258248e-6
87.41,6.569060332196105e-7,-1.1099270781795053e-6
87.42,6.621564510239799e-7,-1.0954447255290674e-6
87.43,6.673341659041671e-7,-1.0809021739107032e-6
87.44,6.724388453743129e-7,-1.0663006591928578e-6
87.45,6.774701641830222e-7,-1.0516414197746112e-6
87.46,6.824278043298879e-7,-1.0369256964835468e-6
87.47,6.873114550778811e-7,-1.0221547324739942e-6
87.48,6.921208129701292e-7,-1.007329773124762e-6
87.49,6.968555818400662e-7,-9.924520659372529e-7
87.5,7.015154728252821e-7,-9.775228604336591e-7
87.51,7.061002043789292e-7,-9.625434080545233e-7
87.52,7.106095022809823e-7,-9.475149620571135e-7
87.53,7.150430996482577e-7,-9.32438777413476e-7
87.54,7.194007369445482e-7,-9.173161107083967e-7
87.55,7.236821619897932e-7,-9.02148220037317e-7
87.56,7.278871299682209e-7,-8.869363649053676e-7
87.57,7.32015403435395e-7,-8.716818061246871e-7
87.58,7.360667523270489e-7,-8.563858057127885e-7
87.59,7.400409539638321e-7,-8.410496267921448e-7
87.6,7.439377930579302e-7,-8.256745334870806e-7
87.61,7.477570617179989e-7,-8.102617908234747e-7
87.62,7.514985594536197e-7,-7.948126646268776e-7
87.63,7.551620931790197e-7,-7.793284214215442e-7
87.64,7.587474772161682e-7,-7.638103283291866e-7
87.65,7.622545332971452e-7,-7.482596529683078e-7
87.66,7.656830905665548e-7,-7.32677663352808e-7
87.67,7.690329855816373e-7,-7.17065627791816e-7
87.68,7.723040623136308e-7,-7.014248147890697e-7
87.69,7.75496172147432e-7,-6.857564929421989e-7
87.7,7.786091738804742e-7,-6.700619308425961e-7
87.71,7.816429337214329e-7,-6.543423969758347e-7
87.72,7.845973252884192e-7,-6.385991596209457e-7
87.73,7.874722296057418e-7,-6.228334867515544e-7
87.74,7.902675351008629e-7,-6.070466459357769e-7
87.75,7.929831376003811e-7,-5.91239904236918e-7
87.76,7.956189403240903e-7,-5.754145281155678e-7
87.77,7.981748538829577e-7,-5.595717833285106e-7
87.78,8.006507962685347e-7,-5.437129348320326e-7
87.79,8.030466928501379e-7,-5.278392466828851e-7
87.8,8.053624763657943e-7,-5.119519819395962e-7
87.81,8.07598086914745e-7,-4.96052402565441e-7
87.82,8.097534719490853e-7,-4.801417693297097e-7
87.83,8.118285862641748e-7,-4.642213417115566e-7
87.84,8.138233919891722e-7,-4.482923778015169e-7
87.85,8.157378585783586e-7,-4.3235613420567373e-7
87.86,8.175719627949941e-7,-4.1641386594869204e-7
87.87,8.193256887057216e-7,-4.00466826377169e-7
87.88,8.209990276646363e-7,-3.845162670642402e-7
87.89,8.225919783016299e-7,-3.685634377136252e-7
87.9,8.241045465081503e-7,-3.526095860640067e-7
87.91,8.255367454247384e-7,-3.3665595779432547e-7
87.92,8.268885954236724e-7,-3.207037964289902e-7
87.93,8.281601240961542e-7,-3.0475434324250003e-7
87.94,8.293513662338636e-7,-2.8880883716906377e-7
87.95,8.304623638157609e-7,-2.728685147019757e-7
87.96,8.314931659879442e-7,-2.5693460980682096e-7
87.97,8.324438290466532e-7,-2.4100835382608563e-7
87.98,8.333144164206593e-7,-2.2509097538549505e-7
87.99,8.341049986517237e-7,-2.0918370030306685e-7
88.0,8.348156533753342e-7,-1.9328775149676082e-7
88.01,8.354464653001646e-7,-1.774043488933235e-7
88.02,8.359975261877117e-7,-1.6153470933650957e-7
88.03,8.364689348320396e-7,-1.4568004649674345e-7
88.04,8.368607970346867e-7,-1.298415707813948e-7
88.05,8.37173225586037e-7,-1.1402048924377268e-7
88.06,8.37406340239852e-7,-9.821800549459508e-8
88.07,8.375602676908474e-7,-8.243531961254305e-8
88.08,8.376351415497639e-7,-6.667362805545963e-8
88.09,8.376311023195074e-7,-5.093412357260863e-8
88.1,8.375482973686576e-7,-3.521799511725956e-8
88.11,8.373868809071512e-7,-1.9526427758152406e-8
88.12,8.371470139580386e-7,-3.860602593677894e-9
88.13,8.368288643327426e-7,1.1778303334046387e-8
88.14,8.364326066014028e-7,2.738911712641888e-8
88.15,8.359584220664005e-7,4.297067011260955e-8
88.16,8.354064987330932e-7,5.8521797934968696e-8
88.17,8.347770312806666e-7,7.404134063340438e-8
88.18,8.340702210325276e-7,8.952814272911126e-8
88.19,8.332862759266172e-7,1.049810533082576e-7
88.2,8.324254104838498e-7,1.2039892610483066e-7
88.21,8.314878457779748e-7,1.3578061958357276e-7
88.22,8.30473809402156e-7,1.511249970198893e-7
88.23,8.293835354386138e-7,1.6643092658433543e-7
88.24,8.282172644249587e-7,1.816972814211133e-7
88.25,8.269752433202197e-7,1.9692293972897968e-7
88.26,8.256577254723584e-7,2.1210678484137336e-7
88.27,8.242649705832534e-7,2.272477053054884e-7
88.28,8.227972446737548e-7,2.423445949606867e-7
88.29,8.212548200491759e-7,2.573963530171679e-7
88.3,8.196379752623665e-7,2.7240188413261797e-7
88.31,8.179469950788524e-7,2.873600984906797e-7
88.32,8.161821704385058e-7,3.022699118754967e-7
88.33,8.143437984199502e-7,3.1713024574960205e-7
88.34,8.124321822019242e-7,3.319400273273008e-7
88.35,8.104476310250847e-7,3.4669818965095297e-7
88.36,8.083904601538418e-7,3.6140367166380995e-7
88.37,8.062609908368852e-7,3.7605541828437315e-7
88.38,8.040595502680858e-7,3.90652380478711e-7
88.39,8.017864715463078e-7,4.051935153333825e-7
88.4,7.9944209363467e-7,4.1967778612636056e-7
88.41,7.970267613197576e-7,4.341041623989556e-7
88.42,7.945408251713464e-7,4.484716200253673e-7
88.43,7.919846414990311e-7,4.627791412833348e-7
88.44,7.893585723110343e-7,4.770257149223891e-7
88.45,7.866629852715985e-7,4.912103362337625e-7
88.46,7.83898253657584e-7,5.053320071170545e-7
88.47,7.810647563153697e-7,5.193897361481291e-7
88.48,7.781628776165233e-7,5.333825386455739e-7
88.49,7.751930074146205e-7,5.473094367368483e-7
88.5,7.721555409987493e-7,5.611694594234092e-7
88.51,7.690508790506677e-7,5.749616426455583e-7
88.52,7.658794275977287e-7,5.886850293463644e-7
88.53,7.626415979674141e-7,6.023386695352129e-7
88.54,7.593378067420877e-7,6.159216203501732e-7
88.55,7.55968475710336e-7,6.294329461200023e-7
88.56,7.525340318222691e-7,6.428717184259903e-7
88.57,7.490349071406768e-7,6.562370161618046e-7
88.58,7.45471538793805e-7,6.695279255943151e-7
88.59,7.418443689279521e-7,6.827435404222116e-7
88.6,7.38153844657265e-7,6.958829618346528e-7
88.61,7.344004180169404e-7,7.089452985697293e-7
88.62,7.305845459130654e-7,7.219296669708111e-7
88.63,7.267066900731854e-7,7.348351910436433e-7
88.64,7.227673169969806e-7,7.476610025119288e-7
88.65,7.187668979054358e-7,7.604062408723042e-7
88.66,7.147059086911906e-7,7.730700534488554e-7
88.67,7.105848298673198e-7,7.856515954466572e-7
88.68,7.064041465162932e-7,7.981500300045378e-7
88.69,7.02164348238377e-7,8.105645282480286e-7
88.7,6.978659291005678e-7,8.228942693398838e-7
88.71,6.935093875839981e-7,8.351384405309099e-7
88.72,6.890952265317655e-7,8.472962372107406e-7
88.73,6.846239530966323e-7,8.593668629565923e-7
88.74,6.800960786876928e-7,8.713495295818979e-7
88.75,6.755121189179131e-7,8.83243457184306e-7
88.76,6.708725935496189e-7,8.950478741920977e-7
88.77,6.661780264422429e-7,9.067620174114708e-7
88.78,6.614289454972846e-7,9.18385132071606e-7
88.79,6.566258826033157e-7,9.299164718691018e-7
88.8,6.517693735846266e-7,9.413552990131831e-7
88.81,6.468599581430865e-7,9.527008842679275e-7
88.82,6.4189817980483e-7,9.639525069954798e-7
88.83,6.368845858647897e-7,9.75109455197598e-7
88.84,6.318197273317665e-7,9.861710255568926e-7
88.85,6.267041588712612e-7,9.97136523477025e-7
88.86,6.215384387514081e-7,1.0080052631223159e-6
88.87,6.163231287857237e-7,1.0187765674562688e-6
88.88,6.110587942772381e-7,1.029449768280781e-6
88.89,6.057460039618345e-7,1.040024206270893e-6
88.9,6.00385329951393e-7,1.0504992310138888e-6
88.91,5.949773476772103e-7,1.0608742010438843e-6
88.92,5.895226358326168e-7,1.0711484838764267e-6
88.93,5.840217763158824e-7,1.081321456043027e-6
88.94,5.784753541723193e-7,1.091392503125304e-6
88.95,5.728839575373373e-7,1.1013610197858417e-6
88.96,5.67248177577124e-7,1.1112264098010766e-6
88.97,5.615686084352965e-7,1.1209880860945635e-6
88.98,5.558458471658206e-7,1.1306454707614784e-6
88.99,5.500804936839819e-7,1.1401979951040376e-6
89.0,5.442731507027154e-7,1.149645099657017e-6
89.01,5.384244236757685e-7,1.1589862342169119e-6
89.02,5.325349207384323e-7,1.1682208578683757e-6
89.03,5.266052526488059e-7,1.1773484390109117e-6
89.04,5.206360327288397e-7,1.1863684553846362e-6
89.05,5.14627876806332e-7,1.1952803940945853e-6
89.06,5.085814031502259e-7,1.204083751634902e-6
89.07,5.024972324222303e-7,1.212778033912726e-6
89.08,4.963759876062407e-7,1.2213627562695859e-6
89.09,4.902182939549205e-7,1.2298374435037403e-6
89.1,4.840247789279365e-7,1.2382016298905414e-6
89.11,4.777960721331536e-7,1.2464548592030383e-6
89.12,4.7153280526642733e-7,1.2545966847309063e-6
89.13,4.652356120518624e-7,1.2626266692990952e-6
89.14,4.5890512818164905e-7,1.2705443852853884e-6
89.15,4.525419912560327e-7,1.2783494146375539e-6
89.16,4.4614684072375003e-7,1.2860413488889578e-6
89.17,4.397203178210735e-7,1.2936197891747045e-6
89.18,4.3326306551227854e-7,1.301084346245496e-6
89.19,4.267757284292564e-7,1.3084346404816506e-6
89.2,4.2025895281079173e-7,1.3156703019061253e-6
89.21,4.137133864429173e-7,1.322790970196639e-6
89.22,4.071396785979499e-7,1.3297962946969616e-6
89.23,4.005384799746847e-7,1.3366859344277862e-6
89.24,3.9391044263751625e-7,1.343459558096323e-6
89.25,3.8725621995630786e-7,1.3501168441054796e-6
89.26,3.8057646654593034e-7,1.356657480561828e-6
89.27,3.7387183820582397e-7,1.3630811652836454e-6
89.28,3.671429918592784e-7,1.3693876058069516e-6
89.29,3.603905854940136e-7,1.3755765193918479e-6
89.3,3.536152781002667e-7,1.3816476330275143e-6
89.31,3.4681772961174964e-7,1.3876006834365478e-6
89.32,3.3999860084454334e-7,1.3934354170782907e-6
89.33,3.3315855343684035e-7,1.3991515901522366e-6
89.34,3.262982497896156e-7,1.4047489685990446e-6
89.35,3.194183530036578e-7,1.4102273281032386e-6
89.36,3.125195268234307e-7,1.415586454091803e-6
89.37,3.0560243557373425e-7,1.4208261417354735e-6
89.38,2.986677441002579e-7,1.4259461959467249e-6
89.39,2.917161177101244e-7,1.4309464313782977e-6
89.4,2.847482221117345e-7,1.435826672420463e-6
89.41,2.777647233541783e-7,1.4405867531974859e-6
89.42,2.7076628776880486e-7,1.4452265175636887e-6
89.43,2.6375358190745205e-7,1.4497458190980953e-6
89.44,2.5672727248479957e-7,1.4541445211001606e-6
89.45,2.4968802631752835e-7,1.4584224965805241e-6
89.46,2.426365102647039e-7,1.4625796282566658e-6
89.47,2.3557339116936252e-7,1.466615808543288e-6
89.48,2.2849933579827247e-7,1.4705309395443288e-6
89.49,2.2141501078321787e-7,1.4743249330427853e-6
89.5,2.143210825620014e-7,1.4779977104912463e-6
89.51,2.0721821731897537e-7,1.4815492030003164e-6
89.52,2.0010708092699016e-7,1.484979351327237e-6
89.53,1.9298833888743921e-7,1.4882881058633616e-6
89.54,1.8586265627348102e-7,1.4914754266206855e-6
89.55,1.7873069766978484e-7,1.4945412832182215e-6
89.56,1.7159312711575052e-7,1.4974856548670667e-6
89.57,1.6445060804603841e-7,1.5003085303550962e-6
89.58,1.5730380323374726e-7,1.5030099080308794e-6
89.59,1.501533747320468e-7,1.5055897957865042e-6
89.6,1.4299998381604794e-7,1.5080482110403178e-6
89.61,1.3584429092644864e-7,1.5103851807182947e-6
89.62,1.2868695561135708e-7,1.512600741235056e-6
89.63,1.2152863646919305e-7,1.5146949384741925e-6
89.64,1.1436999109205531e-7,1.516667827767742e-6
89.65,1.072116760087023e-7,1.5185194738747116e-6
89.66,1.000543466283022e-7,1.5202499509595594e-6
89.67,9.289865718340295e-8,1.5218593425692261e-6
89.68,8.57452606741647e-8,1.5233477416101432e-6
89.69,7.859480881295994e-8,1.5247152503236047e-6
89.7,7.144795196711417e-8,1.5259619802618924e-6
89.71,6.43053391046823e-8,1.5270880522620644e-6
89.72,5.716761773869202e-8,1.5280935964199887e-6
89.73,5.00354338718162e-8,1.5289787520642363e-6
89.74,4.29094319411762e-8,1.5297436677275239e-6
89.75,3.5790254765062756e-8,1.5303885011191535e-6
89.76,2.8678543486927343e-8,1.530913419096306e-6
89.77,2.1574937521919272e-8,1.5313185976339792e-6
89.78,1.4480074503077413e-8,1.5316042217951645e-6
89.79,7.394590227192045e-9,1.531770485699883e-6
89.8,3.1911860183127484e-10,1.5318175924936876e-6
89.81,-6.745708409512125e-9,1.5317457543153604e-6
89.82,-1.3799260834282613e-8,1.5315551922642831e-6
89.83,-2.0840910754516514e-8,1.5312461363666095e-6
89.84,-2.7870032348859447e-8,1.5308188255412992e-6
89.85,-3.488600194950623e-8,1.530273507565609e-6
89.86,-4.1888198093416836e-8,1.5296104390390514e-6
89.87,-4.887600157327659e-8,1.5288298853477512e-6
89.88,-5.584879548945242e-8,1.5279321206278107e-6
89.89,-6.28059653006051e-8,1.5269174277275587e-6
89.9,-6.974689887502225e-8,1.525786098169391e-6
89.91,-7.667098653736915e-8,1.5245384321137462e-6
89.92,-8.35776211264346e-8,1.5231747383146244e-6
89.93,-9.046619803680976e-8,1.521695334085124e-6
89.94,-9.733611527433295e-8,1.52010054525418e-6
89.95,-1.0418677349997989e-7,1.5183907061263827e-6
89.96,-1.1101757608311435e-7,1.5165661594401985e-6
89.97,-1.1782792914810074e-7,1.514627256325475e-6
89.98,-1.246172416226609e-7,1.5125743562611926e-6
89.99,-1.3138492528591555e-7,1.510407827031278e-6
90.0,-1.3813039481501333e-7,1.508128044682666e-6
90.01,-1.4485306783440568e-7,1.505735393477122e-6
90.02,-1.5155236496061935e-7,1.5032302658493456e-6
90.03,-1.5822770984962305e-7,1.5006130623602366e-6
90.04,-1.6487852924309932e-7,1.4978841916501073e-6
90.05,-1.7150425301393114e-7,1.495044070392822e-6
90.06,-1.7810431421208574e-7,1.4920931232475157e-6
90.07,-1.8467814910944223e-7,1.4890317828112733e-6
90.08,-1.9122519724419853e-7,1.4858604895705213e-6
90.09,-1.9774490146597422e-7,1.482579691851731e-6
90.1,-2.042367079799671e-7,1.4791898457725153e-6
90.11,-2.10700066389459e-7,1.4756914151909742e-6
90.12,-2.1713442973989181e-7,1.4720848716553652e-6
90.13,-2.2353925456203116e-7,1.4683706943531566e-6
90.14,-2.2991400091405578e-7,1.4645493700588896e-6
90.15,-2.3625813242356298e-7,1.4606213930825794e-6
90.16,-2.42571116329917e-7,1.4565872652168633e-6
90.17,-2.4885242352491125e-7,1.45244749568368e-6
90.18,-2.551015285947015e-7,1.4482026010809556e-6
90.19,-2.613179098591803e-7,1.4438531053286142e-6
90.2,-2.675010494132743e-7,1.4393995396130033e-6
90.21,-2.7365043316599914e-7,1.4348424423334826e-6
90.22,-2.797655508806516e-7,1.4301823590449757e-6
90.23,-2.858458962125603e-7,1.425419842403462e-6
90.24,-2.918909667490059e-7,1.4205554521085932e-6
90.25,-2.979002640467658e-7,1.4155897548473471e-6
90.26,-3.0387329366962747e-7,1.4105233242360403e-6
90.27,-3.0980956522631837e-7,1.4053567407629161e-6
90.28,-3.1570859240692907e-7,1.400090591729621e-6
90.29,-3.215698930197418e-7,1.3947254711927668e-6
90.3,-3.2739298902736394e-7,1.389261979904419e-6
90.31,-3.331774065819299e-7,1.3837007252528041e-6
90.32,-3.3892267606114137e-7,1.3780423212019505e-6
90.33,-3.446283321020441e-7,1.372287388231873e-6
90.34,-3.5029391363644944e-7,1.36643655327712e-6
90.35,-3.559189639238565e-7,1.3604904496659419e-6
90.36,-3.615030305860568e-7,1.354449717058492e-6
90.37,-3.6704566563894987e-7,1.3483150013848564e-6
90.38,-3.72546425526678e-7,1.3420869547829802e-6
90.39,-3.7800487115210606e-7,1.3357662355350413e-6
90.4,-3.834205679100032e-7,1.3293535080052277e-6
90.41,-3.887930857171212e-7,1.3228494425759086e-6
90.42,-3.94121999044588e-7,1.3162547155832145e-6
90.43,-3.9940688694657195e-7,1.3095700092534624e-6
90.44,-4.046473330912977e-7,1.3027960116385638e-6
90.45,-4.098429257903688e-7,1.2959334165504364e-6
90.46,-4.1499325802736075e-7,1.2889829234963802e-6
90.47,-4.2009792748701595e-7,1.2819452376133603e-6
90.48,-4.2515653658269235e-7,1.2748210696013872e-6
90.49,-4.3016869248441985e-7,1.2676111356585613e-6
90.5,-4.3513400714635425e-7,1.2603161574129115e-6
90.51,-4.4005209733277676e-7,1.2529368618568626e-6
90.52,-4.449225846446189e-7,1.245473981279174e-6
90.53,-4.497450955460258e-7,1.23792825319779e-6
90.54,-4.5451926138791344e-7,1.2303004202921306e-6
90.55,-4.592447184348472e-7,1.2225912303344845e-6
90.56,-4.6392110788784425e-7,1.2148014361226323e-6
90.57,-4.685480759094424e-7,1.2069317954101616e-6
90.58,-4.73125273645588e-7,1.1989830708379903e-6
90.59,-4.776523572507361e-7,1.1909560298653756e-6
90.6,-4.821289879082652e-7,1.1828514447003215e-6
90.61,-4.865548318538146e-7,1.174670092229745e-6
90.62,-4.909295603958547e-7,1.1664127539499205e-6
90.63,-4.952528499376184e-7,1.1580802158959378e-6
90.64,-4.995243819970421e-7,1.1496732685714902e-6
90.65,-5.037438432269429e-7,1.141192706878313e-6
90.66,-5.079109254346948e-7,1.1326393300450616e-6
90.67,-5.120253256014106e-7,1.124013941556747e-6
90.68,-5.160867459003238e-7,1.1153173490827745e-6
90.69,-5.200948937149846e-7,1.1065503644061198e-6
90.7,-5.24049481656881e-7,1.0977138033515234e-6
90.71,-5.279502275829299e-7,1.0888084857129314e-6
90.72,-5.317968546118023e-7,1.0798352351825575e-6
90.73,-5.355890911398361e-7,1.0707948792779265e-6
90.74,-5.393266708575136e-7,1.0616882492695144e-6
90.75,-5.430093327641807e-7,1.052516180108615e-6
90.76,-5.466368211817048e-7,1.0432795103540886e-6
90.77,-5.502088857715653e-7,1.0339790820998443e-6
90.78,-5.537252815454702e-7,1.0246157409016772e-6
90.79,-5.571857688801594e-7,1.015190335704051e-6
90.8,-5.605901135301922e-7,1.0057037187668512e-6
90.81,-5.639380866393628e-7,9.961567455920364e-7
90.82,-5.672294647534224e-7,9.865502748498528e-7
90.83,-5.704640298304899e-7,9.768851683054762e-7
90.84,-5.736415692522456e-7,9.671622907451605e-7
90.85,-5.767618758353638e-7,9.573825099007328e-7
90.86,-5.798247478381184e-7,9.475466963795793e-7
90.87,-5.828299889727855e-7,9.37655723586481e-7
90.88,-5.857774084132968e-7,9.277104676510976e-7
90.89,-5.886668208034605e-7,9.177118073539808e-7
90.9,-5.914980462648376e-7,9.076606240512765e-7
90.91,-5.942709104039962e-7,8.97557801602265e-7
90.92,-5.969852443195473e-7,8.87404226291828e-7
90.93,-5.996408846083286e-7,8.772007867590063e-7
90.94,-6.022376733717918e-7,8.669483739195285e-7
90.95,-6.047754582196202e-7,8.566478808947368e-7
90.96,-6.072540922768672e-7,8.463002029335505e-7
90.97,-6.09673434186864e-7,8.359062373393836e-7
90.98,-6.120333481154557e-7,8.254668833954537e-7
90.99,-6.143337037545172e-7,8.149830422894669e-7
91.0,-6.165743763246505e-7,8.044556170392419e-7
91.01,-6.187552465778509e-7,7.938855124180499e-7
91.02,-6.208762007992946e-7,7.832736348792794e-7
91.03,-6.229371308077143e-7,7.726208924827639e-7
91.04,-6.249379339589353e-7,7.619281948184723e-7
91.05,-6.268785131437465e-7,7.51196452933112e-7
91.06,-6.287587767889868e-7,7.404265792550076e-7
91.07,-6.305786388573095e-7,7.296194875187385e-7
91.08,-6.323380188451185e-7,7.187760926916759e-7
91.09,-6.340368417821332e-7,7.078973108984845e-7
91.1,-6.356750382289792e-7,6.96984059346991e-7
91.11,-6.372525442747299e-7,6.860372562528536e-7
91.12,-6.387693015340248e-7,6.750578207667063e-7
91.13,-6.402252571436553e-7,6.640466728976162e-7
91.14,-6.416203637588096e-7,6.530047334408548e-7
91.15,-6.429545795483463e-7,6.419329239020719e-7
91.16,-6.442278681903034e-7,6.308321664238171e-7
91.17,-6.454401988666404e-7,6.197033837115924e-7
91.18,-6.465915462568933e-7,6.085474989590289e-7
91.19,-6.476818905327385e-7,5.973654357748746e-7
91.2,-6.48711217350428e-7,5.861581181086364e-7
91.21,-6.496795178439977e-7,5.749264701773281e-7
91.22,-6.50586788617934e-7,5.636714163912414e-7
91.23,-6.514330317381069e-7,5.523938812807915e-7
91.24,-6.522182547243953e-7,5.410947894236688e-7
91.25,-6.529424705405043e-7,5.297750653706534e-7
91.26,-6.536056975848872e-7,5.184356335734123e-7
91.27,-6.542079596807328e-7,5.070774183110876e-7
91.28,-6.547492860663167e-7,4.95701343617401e-7
91.29,-6.552297113819098e-7,4.843083332085656e-7
91.3,-6.556492756607801e-7,4.728993104102359e-7
91.31,-6.560080243160853e-7,4.61475198085555e-7
91.32,-6.563060081296409e-7,4.50036918562826e-7
91.33,-6.565432832372775e-7,4.385853935636995e-7
91.34,-6.567199111175805e-7,4.2712154413133343e-7
91.35,-6.568359585776024e-7,4.156462905582046e-7
91.36,-6.568914977386393e-7,4.0416055231604655e-7
91.37,-6.568866060219417e-7,3.926652479834755e-7
91.38,-6.568213661334476e-7,3.811612951751374e-7
91.39,-6.56695866049164e-7,3.6964961047137346e-7
91.4,-6.565101989982564e-7,3.581311093468815e-7
91.41,-6.562644634474702e-7,3.466067061021e-7
91.42,-6.55958763085014e-7,3.3507731378995177e-7
91.43,-6.55593206801642e-7,3.235438441489162e-7
91.44,-6.551679086753072e-7,3.120072075316927e-7
91.45,-6.546829879512689e-7,3.004683128366912e-7
91.46,-6.541385690250684e-7,2.8892806743769364e-7
91.47,-6.535347814228756e-7,2.773873771159135e-7
91.48,-6.528717597828321e-7,2.658471459908888e-7
91.49,-6.5214964383479e-7,2.5430827645193607e-7
91.5,-6.513685783809248e-7,2.42771669090315e-7
91.51,-6.505287132744994e-7,2.3123822263073166e-7
91.52,-6.496302033997781e-7,2.1970883386446735e-7
91.53,-6.486732086499581e-7,2.0818439758112746e-7
91.54,-6.476578939061872e-7,1.9666580650237432e-7
91.55,-6.465844290146353e-7,1.8515395121466517e-7
91.56,-6.454529887650517e-7,1.7364972010318493e-7
91.57,-6.442637528667224e-7,1.6215399928450564e-7
91.58,-6.430169059259802e-7,1.506676725423851e-7
91.59,-6.417126374221845e-7,1.3919162126079908e-7
91.6,-6.403511416838543e-7,1.2772672435959073e-7
91.61,-6.389326178635879e-7,1.162738582286783e-7
91.62,-6.374572699144654e-7,1.0483389666381256e-7
91.63,-6.359253065631797e-7,9.340771080266922e-8
91.64,-6.343369412859482e-7,8.199616906010791e-8
91.65,-6.326923922816592e-7,7.060013706490515e-8
91.66,-6.30991882445492e-7,5.922047759649841e-8
91.67,-6.2923563934276e-7,4.785805052196962e-8
91.68,-6.274238951815442e-7,3.651371273308954e-8
91.69,-6.255568867847978e-7,2.518831808448871e-8
91.7,-6.236348555627654e-7,1.38827173325236e-8
91.71,-6.216580474859063e-7,2.5977580707730766e-9
91.72,-6.196267130546968e-7,-8.665715327418526e-9
91.73,-6.175411072715195e-7,-1.9906861772119374e-8
91.74,-6.154014896114415e-7,-3.1124843516500206e-8
91.75,-6.132081239927937e-7,-4.2318826217122186e-8
91.76,-6.109612787468156e-7,-5.3487978993160956e-8
91.77,-6.086612265879172e-7,-6.463147448638612e-8
91.78,-6.063082445828229e-7,-7.57484889191357e-8
91.79,-6.03902614118113e-7,-8.683820215499941e-8
91.8,-6.014446208735035e-7,-9.789979775308216e-8
91.81,-5.989345547848692e-7,-1.0893246302983618e-7
91.82,-5.963727100151883e-7,-1.1993538911268082e-7
91.83,-5.937593849225018e-7,-1.3090777100108744e-7
91.84,-5.910948820262905e-7,-1.4184880761881943e-7
91.85,-5.88379507975148e-7,-1.5275770187288442e-7
91.86,-5.856135735135194e-7,-1.6363366070745034e-7
91.87,-5.827973934480203e-7,-1.7447589516056438e-7
91.88,-5.799312866143642e-7,-1.8528362041736173e-7
91.89,-5.770155758424524e-7,-1.96056055866162e-7
91.9,-5.740505879225047e-7,-2.067924251508721e-7
91.91,-5.710366535702907e-7,-2.1749195622517643e-7
91.92,-5.679741073921267e-7,-2.2815388140578028e-7
91.93,-5.648632878496385e-7,-2.3877743742432686e-7
91.94,-5.617045372243767e-7,-2.4936186548015227e-7
91.95,-5.584982015818508e-7,-2.599064112919528e-7
91.96,-5.552446307345759e-7,-2.704103251477657e-7
91.97,-5.519441782103226e-7,-2.8087286196025293e-7
91.98,-5.485972012066158e-7,-2.912932813087362e-7
91.99,-5.452040605622028e-7,-3.0167084749704876e-7
92.0,-5.417651207166023e-7,-3.1200482959918024e-7
92.01,-5.382807496725747e-7,-3.222945015088775e-7
92.02,-5.347513189587333e-7,-3.3253914198772247e-7
92.03,-5.31177203591776e-7,-3.4273803471367595e-7
92.04,-5.275587820383752e-7,-3.528904683282957e-7
92.05,-5.238964361767601e-7,-3.629957364838064e-7
92.06,-5.201905512580217e-7,-3.7305313788899546e-7
92.07,-5.164415158671006e-7,-3.830619763566527e-7
92.08,-5.126497218839531e-7,-3.9302156084763837e-7
92.09,-5.088155644442965e-7,-4.029312055168619e-7
92.1,-5.049394418997081e-7,-4.127902297571723e-7
92.11,-5.010217557781603e-7,-4.225979582440149e-7
92.12,-4.970629107440481e-7,-4.323537209786312e-7
92.13,-4.930633145576331e-7,-4.420568533310161e-7
92.14,-4.890233780349244e-7,-4.517066960827069e-7
92.15,-4.849435150073632e-7,-4.6130259546869284e-7
92.16,-4.808241422804254e-7,-4.708439032186537e-7
92.17,-4.7666567959291786e-7,-4.803299765984344e-7
92.18,-4.7246854957575834e-7,-4.897601784502211e-7
92.19,-4.682331777106048e-7,-4.991338772328209e-7
92.2,-4.639599922882313e-7,-5.0845044706026e-7
92.21,-4.596494243667254e-7,-5.177092677415476e-7
92.22,-4.5530190772988135e-7,-5.26909724819092e-7
92.23,-4.50917878844379e-7,-5.360512096056977e-7
92.24,-4.464977768185636e-7,-5.451331192227209e-7
92.25,-4.4204204335864254e-7,-5.541548566366043e-7
92.26,-4.375511227279705e-7,-5.631158306950634e-7
92.27,-4.3302546170162307e-7,-5.720154561627612e-7
92.28,-4.284655095262367e-7,-5.808531537567085e-7
92.29,-4.23871717875361e-7,-5.896283501806334e-7
92.3,-4.1924454080644365e-7,-5.983404781594918e-7
92.31,-4.1458443471776e-7,-6.069889764725993e-7
92.32,-4.098918583047097e-7,-6.155732899868343e-7
92.33,-4.0516727251631176e-7,-6.240928696890903e-7
92.34,-4.0041114051159957e-7,-6.325471727183036e-7
92.35,-3.956239276147594e-7,-6.409356623966128e-7
92.36,-3.908061012730931e-7,-6.49257808260434e-7
92.37,-3.859581310106556e-7,-6.575130860905423e-7
92.38,-3.810804883856038e-7,-6.6570097794176e-7
92.39,-3.7617364694504345e-7,-6.738209721723125e-7
92.4,-3.7123808218095637e-7,-6.818725634722613e-7
92.41,-3.6627427148551536e-7,-6.898552528916419e-7
92.42,-3.6128269410616737e-7,-6.977685478678083e-7
92.43,-3.5626383110160813e-7,-7.056119622528309e-7
92.44,-3.5121816529585824e-7,-7.133850163390554e-7
92.45,-3.4614618123445483e-7,-7.210872368856409e-7
92.46,-3.4104836513840015e-7,-7.287181571432999e-7
92.47,-3.359252048600393e-7,-7.362773168793703e-7
92.48,-3.307771898371604e-7,-7.437642624016956e-7
92.49,-3.2560481104839426e-7,-7.511785465822058e-7
92.5,-3.204085609673645e-7,-7.585197288800659e-7
92.51,-3.1518893351715597e-7,-7.657873753636303e-7
92.52,-3.099464240259578e-7,-7.729810587328269e-7
92.53,-3.0468152918027417e-7,-7.801003583401301e-7
92.54,-2.993947469803895e-7,-7.871448602114986e-7
92.55,-2.9408657669430616e-7,-7.941141570659014e-7
92.56,-2.88757518812294e-7,-8.010078483357102e-7
92.57,-2.834080750011642e-7,-8.078255401851967e-7
92.58,-2.780387480585326e-7,-8.145668455290694e-7
92.59,-2.7265004186739894e-7,-8.21231384050303e-7
92.6,-2.6724246134984974e-7,-8.278187822173624e-7
92.61,-2.618165124221532e-7,-8.34328673300999e-7
92.62,-2.5637270194794344e-7,-8.407606973903552e-7
92.63,-2.5091153769338935e-7,-8.471145014084932e-7
92.64,-2.454335282804051e-7,-8.533897391273281e-7
92.65,-2.399391831422384e-7,-8.595860711825681e-7
92.66,-2.3442901247578254e-7,-8.65703165086232e-7
92.67,-2.2890352719743054e-7,-8.717406952413787e-7
92.68,-2.233632388965538e-7,-8.776983429540715e-7
92.69,-2.178086597895357e-7,-8.835757964454965e-7
92.7,-2.122403026743547e-7,-8.893727508637331e-7
92.71,-2.0665868088476504e-7,-8.950889082942949e-7
92.72,-2.0106430824378165e-7,-9.007239777710257e-7
92.73,-1.9545769902146257e-7,-9.062776752865125e-7
92.74,-1.8983936788183845e-7,-9.117497237988242e-7
92.75,-1.8420982984518495e-7,-9.171398532430623e-7
92.76,-1.7856960023799963e-7,-9.224478005382388e-7
92.77,-1.7291919464862615e-7,-9.276733095945042e-7
92.78,-1.67259128881397e-7,-9.32816131320685e-7
92.79,-1.6158991891201573e-7,-9.378760236308055e-7
92.8,-1.559120808402897e-7,-9.428527514487562e-7
92.81,-1.5022613084645657e-7,-9.477460867152093e-7
92.82,-1.4453258514625463e-7,-9.525558083901861e-7
92.83,-1.3883195994286797e-7,-9.5728170246009e-7
92.84,-1.3312477138502792e-7,-9.619235619386278e-7
92.85,-1.2741153552035027e-7,-9.664811868708207e-7
92.86,-1.2169276824967708e-7,-9.709543843354077e-7
92.87,-1.1596898528350086e-7,-9.75342968446662e-7
92.88,-1.1024070209650019e-7,-9.796467603557097e-7
92.89,-1.0450843388257612e-7,-9.838655882511066e-7
92.9,-9.877269550992723e-8,-9.879992873594898e-7
92.91,-9.303400147801536e-8,-9.920476999431434e-7
92.92,-8.729286587040523e-8,-9.96010675303247e-7
92.93,-8.154980231284915e-8,-9.998880697740318e-7
92.94,-7.580532392750676e-8,-1.003679746722758e-6
92.95,-7.005994328966508e-8,-1.0073855765469697e-6
92.96,-6.431417238256601e-8,-1.0110054366709858e-6
92.97,-5.8568522554759616e-8,-1.0145392115423552e-6
92.98,-5.282350447560783e-8,-1.0179867926273492e-6
92.99,-4.707962809128501e-8,-1.0213480784064733e-6
93.0,-4.133740258110861e-8,-1.0246229743684087e-6
93.01,-3.5597336315494506e-8,-1.0278113930051687e-6
93.02,-2.985993681091922e-8,-1.0309132538043713e-6
93.03,-2.4125710687595503e-8,-1.0339284832430883e-6
93.04,-1.8395163626293007e-8,-1.0368570147798585e-6
93.05,-1.2668800325266063e-8,-1.0396987888466374e-6
93.06,-6.9471244579221396e-9,-1.0424537528401848e-6
93.07,-1.2306386295990688e-9,-1.0451218611128766e-6
93.08,4.480155664185773e-9,-1.0477030749627358e-6
93.09,1.0184758080641486e-8,-1.0501973626238432e-6
93.1,1.588266947126858e-8,-1.0526046992545058e-6
93.11,2.1573391924437316e-8,-1.0549250669266546e-6
93.12,2.7256428806504065e-8,-1.057158454613819e-6
93.13,3.2931284803804876e-8,-1.0593048581786458e-6
93.14,3.859746596414567e-8,-1.0613642803601787e-6
93.15,4.425447973804398e-8,-1.0633367307599733e-6
93.16,4.990183501946978e-8,-1.0652222258287004e-6
93.17,5.553904218719745e-8,-1.0670207888512704e-6
93.18,6.116561314511192e-8,-1.068732449931865e-6
93.19,6.678106136323723e-8,-1.0703572459787067e-6
93.2,7.23849019173188e-8,-1.0718952206875552e-6
93.21,7.797665152982744e-8,-1.0733464245256723e-6
93.22,8.355582860891501e-8,-1.0747109147145054e-6
93.23,8.912195328917664e-8,-1.0759887552120644e-6
93.24,9.467454747000555e-8,-1.0771800166951245e-6
93.25,1.0021313485639706e-7,-1.0782847765401264e-6
93.26,1.0573724099592122e-7,-1.0793031188051115e-6
93.27,1.1124639331953979e-7,-1.080235134209217e-6
93.28,1.1674012117935236e-7,-1.0810809201128067e-6
93.29,1.2221795588767289e-7,-1.081840580497533e-6
93.3,1.2767943075372577e-7,-1.0825142259444176e-6
93.31,1.3312408112346326e-7,-1.0831019736133013e-6
93.32,1.385514444158668e-7,-1.0836039472197527e-6
93.33,1.4396106016151826e-7,-1.0840202770136538e-6
93.34,1.4935247003947214e-7,-1.0843510997557312e-6
93.35,1.5472521791312597e-7,-1.0845965586938758e-6
93.36,1.600788498697122e-7,-1.0847568035396863e-6
93.37,1.6541291425389204e-7,-1.0848319904440405e-6
93.38,1.7072696170617617e-7,-1.0848222819720165e-6
93.39,1.7602054519737753e-7,-1.0847278470779294e-6
93.4,1.8129322006571746e-7,-1.0845488610789243e-6
93.41,1.8654454405175095e-7,-1.0842855056296303e-6
93.42,1.9177407733311068e-7,-1.0839379686951466e-6
93.43,1.9698138256076595e-7,-1.0835064445231995e-6
93.44,2.0216602489280144e-7,-1.0829911336176793e-6
93.45,2.073275720289492e-7,-1.0823922427099106e-6
93.46,2.1246559424507678e-7,-1.0817099847304575e-6
93.47,2.1757966442706593e-7,-1.0809445787802129e-6
93.48,2.2266935810465764e-7,-1.0800962501007486e-6
93.49,2.2773425348416793e-7,-1.0791652300449252e-6
93.5,2.327739314821344e-7,-1.0781517560464835e-6
93.51,2.377879757581255e-7,-1.0770560715894318e-6
93.52,2.427759727472764e-7,-1.0758784261770246e-6
93.53,2.477375116919778e-7,-1.074619075300308e-6
93.54,2.5267218467443345e-7,-1.0732782804060502e-6
93.55,2.575795866483715e-7,-1.071856308864611e-6
93.56,2.624593154696559e-7,-1.0703534339372635e-6
93.57,2.67310971928461e-7,-1.0687699347426557e-6
93.58,2.72134159779727e-7,-1.067106096223845e-6
93.59,2.769284857718616e-7,-1.0653622091141127e-6
93.6,2.8169355967994704e-7,-1.0635385699023718e-6
93.61,2.864289943332449e-7,-1.0616354807989283e-6
93.62,2.911344056458829e-7,-1.0596532496999954e-6
93.63,2.958094126457378e-7,-1.0575921901524292e-6
93.64,3.0045363750349516e-7,-1.0554526213174864e-6
93.65,3.0506670556086676e-7,-1.0532348679352483e-6
93.66,3.0964824535902805e-7,-1.0509392602873984e-6
93.67,3.141978886686545e-7,-1.0485661341595744e-6
93.68,3.1871527051272993e-7,-1.0461158308061724e-6
93.69,3.2320002919937454e-7,-1.0435886969102846e-6
93.7,3.2765180634494055e-7,-1.0409850845468017e-6
93.71,3.3207024690297977e-7,-1.038305351143627e-6
93.72,3.364549991892001e-7,-1.03554985944293e-6
93.73,3.408057149087035e-7,-1.0327189774619101e-6
93.74,3.451220491806417e-7,-1.0298130784534469e-6
93.75,3.494036605640358e-7,-1.0268325408661915e-6
93.76,3.5365021108354277e-7,-1.0237777483041174e-6
93.77,3.5786136625249516e-7,-1.0206490894864352e-6
93.78,3.6203679509861644e-7,-1.0174469582064332e-6
93.79,3.66176170188628e-7,-1.0141717532904468e-6
93.8,3.7027916764925764e-7,-1.010823878556224e-6
93.81,3.743454671934566e-7,-1.0074037427714362e-6
93.82,3.7837475214263045e-7,-1.0039117596108133e-6
93.83,3.8236670944787225e-7,-1.0003483476145691e-6
93.84,3.8632102971460407e-7,-9.967139301451379e-7
93.85,3.9023740722160716e-7,-9.930089353446462e-7
93.86,3.941155399466905e-7,-9.89233796090359e-7
93.87,3.9795512958393357e-7,-9.853889499524491e-7
93.88,4.017558815669696e-7,-9.81474839149273e-7
93.89,4.055175050887321e-7,-9.774919105033483e-7
93.9,4.092397131220863e-7,-9.73440615396802e-7
93.91,4.1292222243907984e-7,-9.693214097267623e-7
93.92,4.165647536313011e-7,-9.651347538598054e-7
93.93,4.201670311265548e-7,-9.608811125878486e-7
93.94,4.2372878321604955e-7,-9.565609550795133e-7
93.95,4.2724974205747884e-7,-9.521747548395565e-7
93.96,4.307296437074586e-7,-9.477229896574341e-7
93.97,4.3416822813302097e-7,-9.432061415638308e-7
93.98,4.375652392292965e-7,-9.386246967833095e-7
93.99,4.409204248369956e-7,-9.339791456876706e-7
94.0,4.4423353675922286e-7,-9.292699827483676e-7
94.01,4.47504330777303e-7,-9.244977064896848e-7
94.02,4.5073256666661266e-7,-9.196628194413102e-7
94.03,4.539180082131993e-7,-9.147658280894612e-7
94.04,4.570604232266518e-7,-9.098072428303419e-7
94.05,4.6015958355760204e-7,-9.047875779207054e-7
94.06,4.6321526511002123e-7,-8.997073514302639e-7
94.07,4.662272478561837e-7,-8.945670851923868e-7
94.08,4.6919531585057417e-7,-8.893673047555285e-7
94.09,4.721192572425198e-7,-8.841085393341585e-7
94.1,4.749988642893522e-7,-8.78791321759466e-7
94.11,4.778339333691244e-7,-8.734161884298573e-7
94.12,4.806242649927885e-7,-8.679836792612557e-7
94.13,4.833696638156279e-7,-8.624943376374518e-7
94.14,4.860699386490967e-7,-8.569487103598628e-7
94.15,4.887249024718666e-7,-8.513473475976442e-7
94.16,4.91334372440303e-7,-8.456908028369432e-7
94.17,4.938981698984353e-7,-8.399796328306321e-7
94.18,4.964161203892972e-7,-8.342143975472411e-7
94.19,4.988880536619327e-7,-8.283956601213446e-7
94.2,5.01313803683738e-7,-8.225239868002965e-7
94.21,5.036932086468538e-7,-8.165999468952544e-7
94.22,5.060261109764914e-7,-8.10624112729102e-7
94.23,5.083123573432546e-7,-8.045970595835949e-7
94.24,5.105517986628345e-7,-7.985193656511353e-7
94.25,5.127442901107168e-7,-7.923916119795752e-7
94.26,5.148896911256136e-7,-7.862143824222581e-7
94.27,5.169878654169131e-7,-7.799882635855827e-7
94.28,5.190386809702672e-7,-7.737138447769613e-7
94.29,5.210420100540214e-7,-7.673917179525663e-7
94.3,5.229977292238969e-7,-7.610224776651858e-7
94.31,5.24905719328941e-7,-7.546067210117432e-7
94.32,5.267658655153468e-7,-7.481450475802602e-7
94.33,5.285780572308743e-7,-7.41638059398596e-7
94.34,5.303421882295791e-7,-7.350863608799839e-7
94.35,5.320581565741268e-7,-7.284905587717442e-7
94.36,5.337258646399572e-7,-7.218512621013394e-7
94.37,5.353452191171428e-7,-7.151690821243144e-7
94.38,5.369161310135257e-7,-7.084446322704336e-7
94.39,5.384385156565055e-7,-7.016785280911981e-7
94.4,5.399122926942176e-7,-6.948713872064565e-7
94.41,5.413373860984854e-7,-6.880238292507497e-7
94.42,5.427137241627562e-7,-6.81136475821278e-7
94.43,5.440412395054648e-7,-6.742099504228502e-7
94.44,5.453198690688043e-7,-6.672448784158392e-7
94.45,5.46549554118688e-7,-6.602418869623133e-7
94.46,5.477302402443815e-7,-6.532016049723139e-7
94.47,5.488618773570651e-7,-6.461246630507012e-7
94.48,5.49944419689479e-7,-6.390116934434416e-7
94.49,5.509778257928792e-7,-6.318633299840238e-7
94.5,5.519620585359549e-7,-6.246802080401581e-7
94.51,5.528970851022067e-7,-6.174629644597397e-7
94.52,5.537828769867708e-7,-6.102122375172689e-7
94.53,5.546194099937626e-7,-6.02928666860839e-7
94.54,5.554066642320177e-7,-5.956128934577915e-7
94.55,5.561446241122893e-7,-5.882655595411913e-7
94.56,5.568332783416399e-7,-5.808873085566984e-7
94.57,5.5747261991987e-7,-5.734787851083228e-7
94.58,5.580626461339506e-7,-5.660406349050595e-7
94.59,5.586033585531307e-7,-5.585735047074285e-7
94.6,5.590947630223707e-7,-5.510780422738613e-7
94.61,5.59536869657656e-7,-5.43554896307181e-7
94.62,5.599296928378276e-7,-5.360047164001472e-7
94.63,5.602732511989299e-7,-5.284281529839867e-7
94.64,5.605675676272216e-7,-5.208258572729678e-7
94.65,5.608126692509009e-7,-5.13198481212019e-7
94.66,5.610085874320526e-7,-5.055466774232733e-7
94.67,5.611553577601143e-7,-4.978710991522888e-7
94.68,5.612530200412319e-7,-4.901724002154244e-7
94.69,5.613016182917118e-7,-4.824512349452418e-7
94.7,5.613012007229126e-7,-4.747082581419734e-7
94.71,5.612518197423695e-7,-4.669441250119055e-7
94.72,5.611535319332185e-7,-4.591594911227031e-7
94.73,5.610063980492575e-7,-4.513550123464667e-7
94.74,5.608104830032292e-7,-4.4353134480749663e-7
94.75,5.605658558555966e-7,-4.356891448297925e-7
94.76,5.602725898034198e-7,-4.278290688841256e-7
94.77,5.599307621687522e-7,-4.199517735357225e-7
94.78,5.595404543863873e-7,-4.1205791539125977e-7
94.79,5.59101751991378e-7,-4.0414815104796853e-7
94.8,5.586147446073062e-7,-3.962231370385678e-7
94.81,5.580795259314474e-7,-3.8828352978242913e-7
94.82,5.57496193724394e-7,-3.8032998552992516e-7
94.83,5.568648497921395e-7,-3.723631603145347e-7
94.84,5.561855999759591e-7,-3.643837098977263e-7
94.85,5.554585541360088e-7,-3.5639228971835183e-7
94.86,5.546838261374163e-7,-3.483895548415562e-7
94.87,5.53861533834962e-7,-3.403761599065498e-7
94.88,5.529917990579142e-7,-3.3235275907609827e-7
94.89,5.520747475942172e-7,-3.243200059843791e-7
94.9,5.51110509174706e-7,-3.162785536867638e-7
94.91,5.500992174568896e-7,-3.082290546087418e-7
94.92,5.490410100084612e-7,-3.0017216049479813e-7
94.93,5.479360282898477e-7,-2.9210852235846124e-7
94.94,5.467844176375662e-7,-2.840387904313332e-7
94.95,5.455863272469062e-7,-2.7596361411311863e-7
94.96,5.44341910153254e-7,-2.678836419213557e-7
94.97,5.430513232142197e-7,-2.597995214421473e-7
94.98,5.417147270923889e-7,-2.517118992789385e-7
94.99,5.403322862349424e-7,-2.4362142100461334e-7
95.0,5.38904168855454e-7,-2.355287311110358e-7
95.01,5.374305469146511e-7,-2.2743447296026033e-7
95.02,5.359115961003928e-7,-2.193392887353319e-7
95.03,5.34347495808069e-7,-2.1124381939158147e-7
95.04,5.327384291203723e-7,-2.0314870460787079e-7
95.05,5.31084582786406e-7,-1.950545827383995e-7
95.06,5.293861472015814e-7,-1.8696209076382103e-7
95.07,5.276433163860627e-7,-1.788718642442906e-7
95.08,5.258562879633367e-7,-1.7078453727057434e-7
95.09,5.240252631394816e-7,-1.6270074241698764e-7
95.1,5.221504466796814e-7,-1.5462111069398894e-7
95.11,5.202320468878281e-7,-1.4654627150069451e-7
95.12,5.182702755825696e-7,-1.3847685257824567e-7
95.13,5.162653480755934e-7,-1.3041347996295233e-7
95.14,5.142174831481324e-7,-1.223567779398135e-7
95.15,5.121269030278661e-7,-1.1430736899607236e-7
95.16,5.099938333655685e-7,-1.0626587377534419e-7
95.17,5.078185032105504e-7,-9.823291103239144e-8
95.18,5.056011449882141e-7,-9.02090975859558e-8
95.19,5.033419944738512e-7,-8.219504827504411e-8
95.2,5.010412907697049e-7,-7.41913759132912e-8
95.21,4.986992762788604e-7,-6.61986912441796e-8
95.22,4.963161966813141e-7,-5.821760289611517e-8
95.23,4.938923009078613e-7,-5.0248717338725704e-8
95.24,4.914278411150207e-7,-4.2292638838565765e-8
95.25,4.889230726589346e-7,-3.434996941508491e-8
95.26,4.863782540701668e-7,-2.6421308797873155e-8
95.27,4.837936470256764e-7,-1.8507254382253214e-8
95.28,4.811695163246239e-7,-1.0608401187163234e-8
95.29,4.785061298596022e-7,-2.7253418125683706e-9
95.3,4.7580375859098435e-7,5.141333603568488e-9
95.31,4.7306267651938175e-7,1.2991037427113246e-8
95.32,4.702831606578959e-7,2.0823184569506466e-8
95.33,4.674654910052225e-7,2.8637192529515955e-8
95.34,4.6460995051717874e-7,3.643248143470588e-8
95.35,4.617168250781041e-7,4.4208474080663285e-8
95.36,4.587864034748546e-7,5.19645959755759e-8
95.37,4.558189773661605e-7,5.970027537651475e-8
95.38,4.5281484125412484e-7,6.741494333170278e-8
95.39,4.497742924563389e-7,7.510803371971975e-8
95.4,4.466976310761663e-7,8.277898328926118e-8
95.41,4.4358515997365514e-7,9.042723169813339e-8
95.42,4.404371847358358e-7,9.805222155159939e-8
95.43,4.372540136471145e-7,1.0565339844227233e-7
95.44,4.340359576599041e-7,1.1323021098670738e-7
95.45,4.307833303635584e-7,1.2078211086491546e-7
95.46,4.2749644795530076e-7,1.283085528563869e-7
95.47,4.241756292086345e-7,1.35808994878757e-7
95.48,4.2082119544353533e-7,1.43282898023821e-7
95.49,4.174334704960376e-7,1.5072972659457095e-7
95.5,4.1401278068561246e-7,1.5814894814127596e-7
95.51,4.1055945478604326e-7,1.6554003349760398e-7
95.52,4.070738239929686e-7,1.7290245681637725e-7
95.53,4.035562218925391e-7,1.8023569560426688e-7
95.54,4.00006984430261e-7,1.8753923075743736e-7
95.55,3.9642644987857285e-7,1.9481254659601778e-7
95.56,3.9281495880572174e-7,2.020551308975115e-7
95.57,3.891728540427274e-7,2.0926647493207028e-7
95.58,3.8550048065195877e-7,2.1644607349500392e-7
95.59,3.817981858945915e-7,2.2359342494060188e-7
95.6,3.780663191972818e-7,2.3070803121471135e-7
95.61,3.743052321209893e-7,2.3778939788723464e-7
95.62,3.7051527832686237e-7,2.4483703418458373e-7
95.63,3.66696813544302e-7,2.518504530210141e-7
95.64,3.628501955355628e-7,2.5882917103044957e-7
95.65,3.5897578406725273e-7,2.657727085975983e-7
95.66,3.5507394087187596e-7,2.726805898882141e-7
95.67,3.511450296176606e-7,2.795523428801089e-7
95.68,3.4718941587346686e-7,2.863874993925795e-7
95.69,3.432074670755744e-7,2.9318559511608645e-7
95.7,3.391995524944619e-7,2.9994616964223675e-7
95.71,3.351660431996801e-7,3.06668766491509e-7
95.72,3.3110731202682945e-7,3.133529331424227e-7
95.73,3.2702373354263907e-7,3.199982210601115e-7
95.74,3.229156840119329e-7,3.266041857229473e-7
95.75,3.1878354136198994e-7,3.331703866508793e-7
95.76,3.1462768514880016e-7,3.396963874321265e-7
95.77,3.1044849652247187e-7,3.461817557496015e-7
95.78,3.062463581926024e-7,3.5262606340748554e-7
95.79,3.0202165439369574e-7,3.59028886356811e-7
95.8,2.9777477084983524e-7,3.653898047211989e-7
95.81,2.935060947412543e-7,3.7170840282158624e-7
95.82,2.892160146664298e-7,3.779842692020261e-7
95.83,2.8490492061143054e-7,3.842169966514691e-7
95.84,2.805732039109959e-7,3.9040618223077395e-7
95.85,2.7622125721556393e-7,3.9655142729439607e-7
95.86,2.718494744547805e-7,4.0265233751384584e-7
95.87,2.674582508031196e-7,4.0870852290058126e-7
95.88,2.6304798264426914e-7,4.1471959782838527e-7
95.89,2.586190675356606e-7,4.206851810554249e-7
95.9,2.541719041743028e-7,4.266048957459248e-7
95.91,2.4970689235497714e-7,4.324783694891582e-7
95.92,2.452244329476193e-7,4.3830523432532924e-7
95.93,2.407249278486e-7,4.440851267604967e-7
95.94,2.362087799517819e-7,4.498176877894717e-7
95.95,2.3167639311174737e-7,4.555025629151311e-7
95.96,2.2712817210727112e-7,4.6113940216627825e-7
95.97,2.2256452260665153e-7,4.667278601182281e-7
95.98,2.1798585113186748e-7,4.722675959098803e-7
95.99,2.1339256502093838e-7,4.777582732622029e-7
96.0,2.0878507239571058e-7,4.831995604957521e-7
96.01,2.04163782122393e-7,4.885911305477505e-7
96.02,1.9952910377785996e-7,4.939326609887126e-7
96.03,1.9488144761323422e-7,4.992238340392987e-7
96.04,1.9022122451810108e-7,5.044643365856904e-7
96.05,1.8554884598415057e-7,5.096538601952936e-7
96.06,1.8086472407026967e-7,5.147921011322611e-7
96.07,1.7616927136595648e-7,5.198787603714998e-7
96.08,1.714629009555684e-7,5.249135436136658e-7
96.09,1.6674602638262664e-7,5.29896161298569e-7
96.1,1.6201906161378265e-7,5.34826328619024e-7
96.11,1.572824210035762e-7,5.397037655339451e-7
96.12,1.5253651925749906e-7,5.445281967806343e-7
96.13,1.4778177139711153e-7,5.492993518873989e-7
96.14,1.4301859272400154e-7,5.540169651853818e-7
96.15,1.3824739878401623e-7,5.586807758198977e-7
96.16,1.3346860533142892e-7,5.632905277617794e-7
96.17,1.2868262829351363e-7,5.678459698172882e-7
96.18,1.2388988373425512e-7,5.723468556394479e-7
96.19,1.1909078781928437e-7,5.767929437366606e-7
96.2,1.142857567814664e-7,5.811839974833073e-7
96.21,1.0947520688155275e-7,5.855197851275487e-7
96.22,1.046595543769648e-7,5.898000798008248e-7
96.23,9.983921548406179e-8,5.940246595259263e-7
96.24,9.501460634303227e-8,5.981933072239602e-7
96.25,9.018614298304836e-8,6.023058107228572e-7
96.26,8.535424128614873e-8,6.06361962763576e-7
96.27,8.051931695274253e-8,6.103615610067342e-7
96.28,7.568178546597501e-8,6.143044080389907e-7
96.29,7.084206205747584e-8,6.181903113784645e-7
96.3,6.6000561670591e-8,6.220190834806843e-7
96.31,6.115769892708125e-8,6.257905417422845e-7
96.32,5.631388809128379e-8,6.295045085071774e-7
96.33,5.146954303603604e-8,6.331608110687534e-7
96.34,4.662507720703767e-8,6.367592816754397e-7
96.35,4.1780903588854176e-8,6.402997575326477e-7
96.36,3.6937434670001176e-8,6.43782080806316e-7
96.37,3.209508240875927e-8,6.472060986248127e-7
96.38,2.7254258198586735e-8,6.505716630821144e-7
96.39,2.2415372833619034e-8,6.538786312380313e-7
96.4,1.7578836474854e-8,6.571268651205119e-7
96.41,1.2745058615776347e-8,6.603162317263946e-7
96.42,7.914448048509274e-9,6.634466030212548e-7
96.43,3.087412829691688e-9,6.665178559402089e-7
96.44,-1.7356397529584755e-9,6.695298723872934e-7
96.45,-6.554303214779519e-9,6.724825392346053e-7
96.46,-1.1368171907326092e-8,6.753757483212229e-7
96.47,-1.61768410518933e-8,6.782093964519971e-7
96.48,-2.097990677363421e-8,6.8098338539487e-7
96.49,-2.577696613278526e-8,6.836976218796625e-7
96.5,-3.0567617160677174e-8,6.863520175943846e-7
96.51,-3.5351458889915423e-8,6.889464891827199e-7
96.52,-4.0128091388927486e-8,6.91480958240093e-7
96.53,-4.489711579408238e-8,6.939553513102274e-7
96.54,-4.9658134342241985e-8,6.963695998805501e-7
96.55,-5.441075040341054e-8,6.987236403777117e-7
96.56,-5.91545685129418e-8,7.010174141623772e-7
96.57,-6.388919440368158e-8,7.032508675239047e-7
96.58,-6.861423503737434e-8,7.054239516742323e-7
96.59,-7.332929863833847e-8,7.075366227423768e-7
96.6,-7.803399472301363e-8,7.095888417672193e-7
96.61,-8.272793413286496e-8,7.115805746904713e-7
96.62,-8.741072906515224e-8,7.135117923497389e-7
96.63,-9.208199310475519e-8,7.153824704707233e-7
96.64,-9.674134125475807e-8,7.171925896586847e-7
96.65,-1.0138838996792112e-7,7.18942135390465e-7
96.66,-1.0602275717618235e-7,7.206310980058684e-7
96.67,-1.1064406232450844e-7,7.222594726962577e-7
96.68,-1.1525192639589071e-7,7.238272594992722e-7
96.69,-1.1984597194708715e-7,7.253344632844808e-7
96.7,-1.2442582313501448e-7,7.26781093745076e-7
96.71,-1.2899110574910416e-7,7.28167165387505e-7
96.72,-1.3354144723935764e-7,7.294926975191533e-7
96.73,-1.3807647674705683e-7,7.307577142380877e-7
96.74,-1.4259582513258148e-7,7.319622444202899e-7
96.75,-1.4709912500681307e-7,7.331063217083083e-7
96.76,-1.5158601075805656e-7,7.341899844980662e-7
96.77,-1.5605611858230443e-7,7.352132759265047e-7
96.78,-1.6050908651120092e-7,7.361762438579813e-7
96.79,-1.649445544403587e-7,7.370789408710389e-7
96.8,-1.6936216415843464e-7,7.379214242440419e-7
96.81,-1.7376155937367306e-7,7.387037559413397e-7
96.82,-1.7814238574349712e-7,7.394260025980653e-7
96.83,-1.8250429090083875e-7,7.400882355059114e-7
96.84,-1.8684692448207114e-7,7.406905305968787e-7
96.85,-1.9116993815460283e-7,7.412329684294368e-7
96.86,-1.9547298564294297e-7,7.417156341693639e-7
96.87,-1.9975572275631448e-7,7.421386175762351e-7
96.88,-2.0401780741520095e-7,7.425020129857605e-7
96.89,-2.0825889967723735e-7,7.428059192926403e-7
96.9,-2.1247866176398358e-7,7.430504399333784e-7
96.91,-2.166767580863286e-7,7.432356828685314e-7
96.92,-2.2085285527083153e-7,7.433617605647449e-7
96.93,-2.2500662218446742e-7,7.434287899764448e-7
96.94,-2.2913772996051926e-7,7.43436892526894e-7
96.95,-2.332458520239151e-7,7.433861940899411e-7
96.96,-2.3733066411497746e-7,7.432768249699808e-7
96.97,-2.413918443149291e-7,7.431089198825507e-7
96.98,-2.4542907307014663e-7,7.428826179345001e-7
96.99,-2.4944203321605985e-7,7.425980626037996e-7
97.0,-2.5343041000108967e-7,7.422554017189496e-7
97.01,-2.5739389111081e-7,7.418547874377923e-7
97.02,-2.61332166690564e-7,7.413963762269205e-7
97.03,-2.6524492936947715e-7,7.408803288397071e-7
97.04,-2.691318742827768e-7,7.403068102948473e-7
97.05,-2.72992699095013e-7,7.396759898540077e-7
97.06,-2.7682710402223086e-7,7.389880409998307e-7
97.07,-2.806347918544448e-7,7.382431414128649e-7
97.08,-2.844154679770812e-7,7.374414729489545e-7
97.09,-2.8816884039363934e-7,7.365832216156963e-7
97.1,-2.918946197460553e-7,7.356685775492298e-7
97.11,-2.955925193371287e-7,7.346977349901201e-7
97.12,-2.992622551504035e-7,7.336708922594172e-7
97.13,-3.0290354587184846e-7,7.325882517342189e-7
97.14,-3.0651611290917033e-7,7.314500198232711e-7
97.15,-3.1009968041385226e-7,7.302564069413939e-7
97.16,-3.13653975299015e-7,7.290076274851514e-7
97.17,-3.171787272604558e-7,7.277038998066274e-7
97.18,-3.2067366879589004e-7,7.263454461880549e-7
97.19,-3.2413853522387634e-7,7.24932492815946e-7
97.2,-3.275730647026214e-7,7.234652697544619e-7
97.21,-3.309769982490591e-7,7.219440109190515e-7
97.22,-3.343500797567761e-7,7.203689540499763e-7
97.23,-3.3769205601520143e-7,7.187403406845568e-7
97.24,-3.410026767253827e-7,7.170584161306013e-7
97.25,-3.4428169451938384e-7,7.153234294388943e-7
97.26,-3.475288649772692e-7,7.135356333744959e-7
97.27,-3.507439466432849e-7,7.116952843899021e-7
97.28,-3.5392670104366083e-7,7.098026425961484e-7
97.29,-3.570768927026747e-7,7.078579717342331e-7
97.3,-3.601942891585908e-7,7.058615391467286e-7
97.31,-3.6327866097970156e-7,7.038136157490253e-7
97.32,-3.6632978178099474e-7,7.017144759989049e-7
97.33,-3.69347428237558e-7,6.995643978690274e-7
97.34,-3.7233138010179666e-7,6.973636628155019e-7
97.35,-3.7528142021649424e-7,6.951125557494237e-7
97.36,-3.7819733453071755e-7,6.928113650058367e-7
97.37,-3.81078912113191e-7,6.904603823138778e-7
97.38,-3.839259451667516e-7,6.880599027663076e-7
97.39,-3.867382290419461e-7,6.856102247885535e-7
97.4,-3.895155622501095e-7,6.831116501081792e-7
97.41,-3.922577464775668e-7,6.805644837231787e-7
97.42,-3.9496458659672184e-7,6.779690338712388e-7
97.43,-3.9763589068026214e-7,6.75325611998026e-7
97.44,-4.002714700125067e-7,6.726345327254001e-7
97.45,-4.0287113910189146e-7,6.698961138195517e-7
97.46,-4.0543471569241317e-7,6.671106761589059e-7
97.47,-4.0796202077495736e-7,6.642785437020041e-7
97.48,-4.1045287859882237e-7,6.614000434547724e-7
97.49,-4.12907116681932e-7,6.584755054380505e-7
97.5,-4.1532456582222074e-7,6.555052626549739e-7
97.51,-4.17705060106921e-7,6.524896510574245e-7
97.52,-4.200484369232587e-7,6.494290095136561e-7
97.53,-4.2235453696828207e-7,6.463236797743842e-7
97.54,-4.2462320425713207e-7,6.431740064393117e-7
97.55,-4.268542861335569e-7,6.399803369238649e-7
97.56,-4.290476332775191e-7,6.367430214250516e-7
97.57,-4.312030997146153e-7,6.334624128877315e-7
97.58,-4.3332054282354544e-7,6.301388669702593e-7
97.59,-4.35399823344632e-7,6.267727420105709e-7
97.6,-4.374408053869161e-7,6.233643989908429e-7
97.61,-4.394433564365228e-7,6.199142015061678e-7
97.62,-4.4140734736181006e-7,6.1642251572352e-7
97.63,-4.4333265242196293e-7,6.128897103535692e-7
97.64,-4.4521914927281385e-7,6.093161566120947e-7
97.65,-4.470667189725595e-7,6.057022281858281e-7
97.66,-4.4887524598802644e-7,6.020483011970384e-7
97.67,-4.506446182009545e-7,5.983547541687862e-7
97.68,-4.523747269113158e-7,5.946219679883483e-7
97.69,-4.5406546684486614e-7,5.908503258722514e-7
97.7,-4.5571673615402725e-7,5.870402133319266e-7
97.71,-4.5732843642795013e-7,5.831920181348946e-7
97.72,-4.589004726915185e-7,5.793061302712975e-7
97.73,-4.60432753411002e-7,5.753829419172925e-7
97.74,-4.619251904980892e-7,5.714228473985805e-7
97.75,-4.6337769931234195e-7,5.674262431541678e-7
97.76,-4.64790198664387e-7,5.633935277008422e-7
97.77,-4.6616261081841163e-7,5.593251015957259e-7
97.78,-4.6749486149548544e-7,5.55221367400207e-7
97.79,-4.687868798713466e-7,5.510827296439185e-7
97.8,-4.700385985865524e-7,5.469095947868841e-7
97.81,-4.7124995373943925e-7,5.427023711838107e-7
97.82,-4.724208848917485e-7,5.384614690467727e-7
97.83,-4.7355133506810317e-7,5.34187300408489e-7
97.84,-4.746412507570214e-7,5.298802790852333e-7
97.85,-4.7569058191144576e-7,5.255408206397709e-7
97.86,-4.7669928194788886e-7,5.21169342344645e-7
97.87,-4.776673077467702e-7,5.167662631442551e-7
97.88,-4.78594619652031e-7,5.12332003618426e-7
97.89,-4.794811814694431e-7,5.07866985944583e-7
97.9,-4.80326960465914e-7,5.03371633860808e-7
97.91,-4.811319273681748e-7,4.98846372628115e-7
97.92,-4.818960563608239e-7,4.942916289932581e-7
97.93,-4.826193250841248e-7,4.897078311510856e-7
97.94,-4.83301714632051e-7,4.850954087073996e-7
97.95,-4.839432095493584e-7,4.804547926409595e-7
97.96,-4.84543797828804e-7,4.7578641526604825e-7
97.97,-4.85103470907882e-7,4.710907101950344e-7
97.98,-4.856222236656696e-7,4.663681123005467e-7
97.99,-4.861000544183944e-7,4.616190576780401e-7
98.0,-4.865369649160967e-7,4.568439836076537e-7
98.01,-4.869329603380208e-7,4.5204332851712237e-7
98.02,-4.872880492878136e-7,4.4721753194381016e-7
98.03,-4.876022437890283e-7,4.4236703449646157e-7
98.04,-4.878755592795966e-7,4.374922778185367e-7
98.05,-4.881080146065689e-7,4.3259370454952075e-7
98.06,-4.882996320201855e-7,4.27671758287762e-7
98.07,-4.88450437168287e-7,4.227268835522642e-7
98.08,-4.885604590896358e-7,4.177595257454627e-7
98.09,-4.886297302074088e-7,4.127701311150471e-7
98.1,-4.886582863224868e-7,4.0775914671660223e-7
98.11,-4.886461666064743e-7,4.0272702037550426e-7
98.12,-4.88593413593687e-7,3.9767420064969685e-7
98.13,-4.885000731742084e-7,3.926011367916678e-7
98.14,-4.883661945856375e-7,3.875082787108217e-7
98.15,-4.881918304048471e-7,3.823960769361356e-7
98.16,-4.879770365393375e-7,3.7726498257836256e-7
98.17,-4.877218722202896e-7,3.721154472918374e-7
98.18,-4.87426399989352e-7,3.669479232386767e-7
98.19,-4.870906856943143e-7,3.6176286304918126e-7
98.2,-4.867147984759412e-7,3.5656071978616476e-7
98.21,-4.862988107601697e-7,3.513419469061297e-7
98.22,-4.858427982473892e-7,3.461069982227283e-7
98.23,-4.853468399013234e-7,3.408563278696373e-7
98.24,-4.848110179404258e-7,3.3559039026215414e-7
98.25,-4.842354178248837e-7,3.3030964006126305e-7
98.26,-4.836201282470889e-7,3.2501453213550335e-7
98.27,-4.82965241119211e-7,3.1970552152489367e-7
98.28,-4.822708515621914e-7,3.143830634027082e-7
98.29,-4.815370578937723e-7,3.0904761303948397e-7
98.3,-4.807639616157498e-7,3.036996257656246e-7
98.31,-4.799516674032025e-7,2.983395569346781e-7
98.32,-4.791002830899398e-7,2.929678618865937e-7
98.33,-4.782099196567108e-7,2.875849959111197e-7
98.34,-4.772806912183237e-7,2.821914142109935e-7
98.35,-4.7631271500884023e-7,2.7678757186591157e-7
98.36,-4.7530611137001095e-7,2.713739237953464e-7
98.37,-4.742610037359074e-7,2.659509247228033e-7
98.38,-4.7317751861921184e-7,2.6051902913957714e-7
98.39,-4.720557855971108e-7,2.5507869126818894e-7
98.4,-4.7089593729621647e-7,2.4963036502681436e-7
98.41,-4.6969810937911585e-7,2.441745039927019e-7
98.42,-4.684624405269229e-7,2.3871156136711805e-7
98.43,-4.671890724263924e-7,2.332419899388909e-7
98.44,-4.6587814975309413e-7,2.277662420492864e-7
98.45,-4.6452982015597506e-7,2.2228476955628396e-7
98.46,-4.6314423424179774e-7,2.1679802379839431e-7
98.47,-4.6172154555786307e-7,2.113064555613178e-7
98.48,-4.602619105768654e-7,2.0581051504051557e-7
98.49,-4.5876548867954654e-7,2.0031065180766286e-7
98.5,-4.5723244213765984e-7,1.9480731477518304e-7
98.51,-4.556629360976138e-7,1.8930095216117573e-7
98.52,-4.540571385625508e-7,1.8379201145537483e-7
98.53,-4.52415220374896e-7,1.7828093938396308e-7
98.54,-4.507373551990971e-7,1.7276818187551954e-7
98.55,-4.4902371950222275e-7,1.6725418402700884e-7
98.56,-4.472744925385896e-7,1.6173939006858537e-7
98.57,-4.454898563286683e-7,1.562242433305989e-7
98.58,-4.43669995641637e-7,1.5070918620952878e-7
98.59,-4.418150979762156e-7,1.4519466013415115e-7
98.6,-4.399253535427371e-7,1.396811055317165e-7
98.61,-4.380009552423318e-7,1.3416896179514525e-7
98.62,-4.3604209864893266e-7,1.286586672491131e-7
98.63,-4.340489819885165e-7,1.2315065911738322e-7
98.64,-4.320218061210627e-7,1.1764537348970987e-7
98.65,-4.2996077451826677e-7,1.1214324528902834e-7
98.66,-4.2786609324461395e-7,1.0664470823917799e-7
98.67,-4.257379709383635e-7,1.0115019483129239e-7
98.68,-4.2357661878755625e-7,9.566013629331453e-8
98.69,-4.2138225051218673e-7,9.017496255680952e-8
98.7,-4.1915508234323115e-7,8.4695102224095e-8
98.71,-4.168953329991522e-7,7.922098253864684e-8
98.72,-4.146032236678155e-7,7.375302935158229e-8
98.73,-4.1227897798034146e-7,6.829166709211802e-8
98.74,-4.0992282199661735e-7,6.283731873359743e-8
98.75,-4.0753498417636525e-7,5.739040576514602e-8
98.76,-4.0511569536117873e-7,5.1951348159412175e-8
98.77,-4.026651887512367e-7,4.6520564342102397e-8
98.78,-4.001836998825882e-7,4.109847116171085e-8
98.79,-3.976714666055951e-7,3.5685483858973025e-8
98.8,-3.951287290614793e-7,3.0282016036822975e-8
98.81,-3.9255572965923143e-7,2.4888479631543125e-8
98.82,-3.8995271305642893e-7,1.9505284878035216e-8
98.83,-3.8731992612772463e-7,1.4132840290123656e-8
98.84,-3.846576179500689e-7,8.77155262150457e-9
98.85,-3.8196603977504923e-7,3.421826841511104e-9
98.86,-3.792454450061815e-7,-1.915933894660407e-9
98.87,-3.764960891751613e-7,-7.241328275051533e-9
98.88,-3.7371822991766175e-7,-1.2553956858932511e-8
98.89,-3.709121269496204e-7,-1.7853422105501434e-8
98.9,-3.6807804204277e-7,-2.3139328401416062e-8
98.91,-3.6521623900162117e-7,-2.841128208934926e-8
98.92,-3.623269836358657e-7,-3.366889149497966e-8
98.93,-3.5941054373932394e-7,-3.891176695481465e-8
98.94,-3.564671890633576e-7,-4.413952084327738e-8
98.95,-3.534971912919368e-7,-4.9351767599560386e-8
98.96,-3.505008240173154e-7,-5.454812375443285e-8
98.97,-3.474783627146823e-7,-5.972820795688641e-8
98.98,-3.4443008471674716e-7,-6.489164100035972e-8
98.99,-3.4135626918848505e-7,-7.003804584859257e-8
99.0,-3.3825719710150134e-7,-7.516704766195196e-8
99.01,-3.351331512089265e-7,-8.027827382250909e-8
99.02,-3.3198441601887265e-7,-8.537135395957296e-8
99.03,-3.288112777693141e-7,-9.044591997507296e-8
99.04,-3.2561402440210173e-7,-9.550160606859183e-8
99.05,-3.223929455361541e-7,-1.0053804876085282e-7
99.06,-3.1914833244229973e-7,-1.0555488691989682e-7
99.07,-3.1588047801608005e-7,-1.105517617832723e-7
99.08,-3.125896767523611e-7,-1.1552831698435382e-7
99.09,-3.092762247180608e-7,-1.204841985740328e-7
99.1,-3.059404195254005e-7,-1.2541905504430637e-7
99.11,-3.0258256030740204e-7,-1.3033253735405132e-7
99.12,-2.9920294768734974e-7,-1.3522429894739332e-7
99.13,-2.9580188375519625e-7,-1.4009399578041348e-7
99.14,-2.92379672039396e-7,-1.4494128634193458e-7
99.15,-2.8893661747974506e-7,-1.4976583167591942e-7
99.16,-2.85473026400616e-7,-1.54567295403201e-7
99.17,-2.819892064842236e-7,-1.5934534374404613e-7
99.18,-2.7848546674179484e-7,-1.6409964553802305e-7
99.19,-2.749621174882132e-7,-1.688298722666225e-7
99.2,-2.7141947031310834e-7,-1.735356980738829e-7
99.21,-2.678578380543472e-7,-1.7821679978602484e-7
99.22,-2.642775347700936e-7,-1.8287285693315556e-7
99.23,-2.6067887571072674e-7,-1.875035517688498e-7
99.24,-2.5706217729225766e-7,-1.921085692898828e-7
99.25,-2.5342775706768574e-7,-1.9668759725598502e-7
99.26,-2.4977593369960217e-7,-2.0124032620927284e-7
99.27,-2.461070269323222e-7,-2.0576644949294788e-7
99.28,-2.4242135756346217e-7,-2.1026566327050511e-7
99.29,-2.3871924741745185e-7,-2.1473766654484786e-7
99.3,-2.350010193152935e-7,-2.1918216117440116e-7
99.31,-2.3126699704839413e-7,-2.2359885189373337e-7
99.32,-2.275175053497498e-7,-2.2798744632941592e-7
99.33,-2.2375286986590077e-7,-2.3234765501852284e-7
99.34,-2.1997341712860126e-7,-2.3667919142530237e-7
99.35,-2.161794745266232e-7,-2.4098177195820554e-7
99.36,-2.1237137027826658e-7,-2.452551159866528e-7
99.37,-2.085494334009433e-7,-2.4949894585698854e-7
99.38,-2.0471399368610102e-7,-2.537129869091352e-7
99.39,-2.0086538166816357e-7,-2.578969674918709e-7
99.4,-1.9700392859685106e-7,-2.6205061897866156e-7
99.41,-1.9312996640990372e-7,-2.66173675782942e-7
99.42,-1.892438277030993e-7,-2.702658753726858e-7
99.43,-1.8534584570291317e-7,-2.743269582856241e-7
99.44,-1.8143635423780468e-7,-2.783566681433454e-7
99.45,-1.775156877094525e-7,-2.82354751665419e-7
99.46,-1.7358418106438853e-7,-2.8632095868319e-7
99.47,-1.6964216976597013e-7,-2.902550421536654e-7
99.48,-1.6568998976541164e-7,-2.9415675817245673e-7
99.49,-1.6172797747387113e-7,-2.9802586598719394e-7
99.5,-1.5775646973222354e-7,-3.0186212800939865e-7
99.51,-1.5377580378557304e-7,-3.05665309827771e-7
99.52,-1.4978631725210517e-7,-3.0943518022007926e-7
99.53,-1.457883480960368e-7,-3.131715111649648e-7
99.54,-1.4178223459809017e-7,-3.168740778532277e-7
99.55,-1.3776831532867075e-7,-3.205426586999108e-7
99.56,-1.3374692911746843e-7,-3.241770353544463e-7
99.57,-1.2971841502646308e-7,-3.277769927124866e-7
99.58,-1.2568311232043932e-7,-3.313423189226825e-7
99.59,-1.216413604401416e-7,-3.3487280540431354e-7
99.6,-1.175934989722781e-7,-3.383682468495064e-7
99.61,-1.1353986762170494e-7,-3.418284412364605e-7
99.62,-1.0948080618358862e-7,-3.45253189838384e-7
99.63,-1.0541665451460313e-7,-3.4864229723206013e-7
99.64,-1.0134775250471189e-7,-3.5199557130687607e-7
99.65,-9.727444004922498e-8,-3.553128232729758e-7
99.66,-9.319705701995646e-8,-3.58593867669448e-7
99.67,-8.9115943239129e-8,-3.6183852237306253e-7
99.68,-8.503143844716887e-8,-3.6504660860359995e-7
99.69,-8.094388227910374e-8,-3.6821795093368466e-7
99.7,-7.685361423380101e-8,-3.713523772945188e-7
99.71,-7.276097364684111e-8,-3.744497189820496e-7
99.72,-6.866629966303522e-8,-3.77509810664552e-7
99.73,-6.456993120688981e-8,-3.805324903879275e-7
99.74,-6.047220695712822e-8,-3.83517599582107e-7
99.75,-5.6373465317610254e-8,-3.8646498306638166e-7
99.76,-5.2274044388680744e-8,-3.8937448905384814e-7
99.77,-4.8174281941696885e-8,-3.9224596915798046e-7
99.78,-4.4074515390039756e-8,-3.95079278396162e-7
99.79,-3.9975081761925e-8,-3.9787427519421004e-7
99.8,-3.58763176727559e-8,-4.0063082139075654e-7
99.81,-3.177855929808969e-8,-4.033487822410697e-7
99.82,-2.7682142346122373e-8,-4.0602802642016733e-7
99.83,-2.3587402030572765e-8,-4.086684260270137e-7
99.84,-1.9494673043331673e-8,-4.1126985658603347e-7
99.85,-1.540428952797906e-8,-4.138321970512648e-7
99.86,-1.1316585051499312e-8,-4.163553298077583e-7
99.87,-7.231892578665923e-9,-4.188391406741783e-7
99.88,-3.150544445008586e-9,-4.2128351890454964e-7
99.89,9.271276706940628e-10,-4.236883571895901e-7
99.9,5.000792772319309e-9,-4.2605355165824677e-7
99.91,9.070120573333795e-9,-4.2837900187853686e-7
99.92,1.3134781522952258e-8,-4.306646108582299e-7
99.93,1.7194446832877774e-8,-4.329102850453196e-7
99.94,2.1248788503327904e-8,-4.351159343282761e-7
99.95,2.5297479349503746e-8,-4.3728147203548925e-7
99.96,2.9340193027017326e-8,-4.3940681493524277e-7
99.97,3.337660405870129e-8,-4.4149188323505987e-7
99.98,3.7406387859883256e-8,-4.4353660058030043e-7
99.99,4.142922076434326e-8,-4.455408940533435e-7
100.0,4.544478004986425e-8,-4.475046941718258e-7
100.01,4.9452743964162305e-8,-4.494279348867098e-7
100.02,5.345279174961081e-8,-4.5131055358040426e-7
100.03,5.744460366931227e-8,-4.531524910645361e-7
100.04,6.142786103175881e-8,-4.5495369157684556e-7
100.05,6.54022462155292e-8,-4.5671410277891336e-7
100.06,6.936744269595304e-8,-4.5843367575223233e-7
100.07,7.332313506795409e-8,-4.601123649951994e-7
100.08,7.726900907169079e-8,-4.617501284194758e-7
100.09,8.120475161699589e-8,-4.633469273458486e-7
100.1,8.513005080792811e-8,-4.649027264997215e-7
100.11,8.904459596698937e-8,-4.6641749400702104e-7
100.12,9.294807765930077e-8,-4.678912013892033e-7
100.13,9.684018771662018e-8,-4.69323823557995e-7
100.14,1.0072061926134562e-7,-4.707153388103665e-7
100.15,1.0458906673022608e-7,-4.7206572882264796e-7
100.16,1.0844522589823189e-7,-4.733749786452147e-7
100.17,1.1228879390156698e-7,-4.7464307669534476e-7
100.18,1.1611946926121663e-7,-4.758700147520569e-7
100.19,1.1993695190663173e-7,-4.770557879485328e-7
100.2,1.2374094319810134e-7,-4.78200394765673e-7
100.21,1.2753114595007935e-7,-4.793038370248997e-7
100.22,1.3130726445392914e-7,-4.803661198802294e-7
100.23,1.3506900450006413e-7,-4.813872518112461e-7
100.24,1.388160734010799e-7,-4.823672446154264e-7
100.25,1.4254818001360552e-7,-4.833061133988141e-7
100.26,1.4626503476079677e-7,-4.842038765685638e-7
100.27,1.4996634965368775e-7,-4.850605558238215e-7
100.28,1.5365183831404292e-7,-4.858761761468625e-7
100.29,1.5732121599507445e-7,-4.866507657940579e-7
100.3,1.60974199603072e-7,-4.87384356286362e-7
100.31,1.6461050771953527e-7,-4.880769823993875e-7
100.32,1.682298606213715e-7,-4.887286821539106e-7
100.33,1.7183198030268458e-7,-4.893394968054557e-7
100.34,1.7541659049416597e-7,-4.899094708337398e-7
100.35,1.7898341668630766e-7,-4.904386519325134e-7
100.36,1.8253218614765557e-7,-4.909270909979959e-7
100.37,1.8606262794559176e-7,-4.91374842118473e-7
100.38,1.8957447296742626e-7,-4.917819625623392e-7
100.39,1.9306745393918494e-7,-4.921485127667426e-7
100.4,1.9654130544620918e-7,-4.924745563258625e-7
100.41,1.9999576395233974e-7,-4.927601599788001e-7
100.42,2.0343056781932087e-7,-4.930053935968887e-7
100.43,2.0684545732688882e-7,-4.932103301718613e-7
100.44,2.1024017469000953e-7,-4.93375045802455e-7
100.45,2.1361446407981508e-7,-4.934996196818801e-7
100.46,2.1696807164111562e-7,-4.935841340843174e-7
100.47,2.2030074551092134e-7,-4.936286743518644e-7
100.48,2.236122358373657e-7,-4.936333288801312e-7
100.49,2.2690229479726125e-7,-4.935981891056186e-7
100.5,2.301706766139999e-7,-4.935233494902143e-7
100.51,2.3341713757612335e-7,-4.934089075079597e-7
100.52,2.366414360533647e-7,-4.93254963630074e-7
100.53,2.3984333251596623e-7,-4.930616213102274e-7
100.54,2.430225895500179e-7,-4.928289869696402e-7
100.55,2.4617897187543923e-7,-4.925571699821653e-7
100.56,2.493122463624371e-7,-4.922462826585091e-7
100.57,2.5242218204832424e-7,-4.918964402307727e-7
100.58,2.555085501531049e-7,-4.915077608370684e-7
100.59,2.5857112409688794e-7,-4.910803655050889e-7
100.6,2.616096795143607e-7,-4.906143781361654e-7
100.61,2.646239942725172e-7,-4.901099254882099e-7
100.62,2.6761384848358824e-7,-4.895671371608882e-7
100.63,2.705790245227501e-7,-4.889861455766908e-7
100.64,2.73519307042043e-7,-4.883670859654461e-7
100.65,2.7643448298575355e-7,-4.877100963464514e-7
100.66,2.7932434160460223e-7,-4.87015317511342e-7
100.67,2.8218867447096845e-7,-4.862828930069822e-7
100.68,2.8502727549275593e-7,-4.855129691165928e-7
100.69,2.878399409269245e-7,-4.847056948430008e-7
100.7,2.9062646939598833e-7,-4.838612218900139e-7
100.71,2.933866618968365e-7,-4.829797046441843e-7
100.72,2.9612032181920493e-7,-4.820613001563185e-7
100.73,2.9882725495560905e-7,-4.811061681230498e-7
100.74,3.0150726951625356e-7,-4.801144708675401e-7
100.75,3.0416017614057284e-7,-4.790863733211533e-7
100.76,3.067857879101803e-7,-4.78022043003826e-7
100.77,3.0938392036230136e-7,-4.769216500048385e-7
100.78,3.1195439149919133e-7,-4.757853669643422e-7
100.79,3.1449702180469936e-7,-4.7461336904890724e-7
100.8,3.1701163425009495e-7,-4.734058339410184e-7
100.81,3.1949805431017034e-7,-4.721629418099274e-7
100.82,3.2195610997291e-7,-4.7088487529582413e-7
100.83,3.2438563175040665e-7,-4.695718194890674e-7
100.84,3.267864526895204e-7,-4.6822396190923716e-7
100.85,3.2915840838321233e-7,-4.668414924848972e-7
100.86,3.3150133698007345e-7,-4.6542460353265864e-7
100.87,3.338150791960133e-7,-4.6397348973558866e-7
100.88,3.3609947832131375e-7,-4.6248834812382314e-7
100.89,3.3835438023332795e-7,-4.6096937805166006e-7
100.9,3.405796334043381e-7,-4.594167811768882e-7
100.91,3.4277508891130853e-7,-4.57830761439358e-7
100.92,3.449406004445063e-7,-4.562115250390574e-7
100.93,3.4707602431701493e-7,-4.5455928041440976e-7
100.94,3.491812194723981e-7,-4.5287423822055544e-7
100.95,3.5125604749375196e-7,-4.511566113070751e-7
100.96,3.5330037261145783e-7,-4.494066146957957e-7
100.97,3.5531406171112295e-7,-4.476244655585331e-7
100.98,3.572969843414141e-7,-4.4581038319455786e-7
100.99,3.5924901272117466e-7,-4.439645890082867e-7
101.0,3.611700217467374e-7,-4.420873064862908e-7
101.01,3.6305988899936763e-7,-4.40178761174411e-7
101.02,3.649184947507695e-7,-4.3823918065538907e-7
101.03,3.667457219710548e-7,-4.3626879452479223e-7
101.04,3.6854145633404664e-7,-4.3426783436898493e-7
101.05,3.7030558622340225e-7,-4.3223653374111707e-7
101.06,3.720380027392988e-7,-4.3017512813767855e-7
101.07,3.737385997028649e-7,-4.2808385497556e-7
101.08,3.754072736608612e-7,-4.259629535682395e-7
101.09,3.7704392389450944e-7,-4.2381266510127937e-7
101.1,3.7864845241965137e-7,-4.2163323260977264e-7
101.11,3.8022076399441304e-7,-4.194249009535252e-7
101.12,3.8176076612237077e-7,-4.171879167934571e-7
101.13,3.8326836905745936e-7,-4.1492252856735603e-7
101.14,3.8474348580724514e-7,-4.1262898646549467e-7
101.15,3.861860321374384e-7,-4.1030754240672167e-7
101.16,3.8759592657453233e-7,-4.079584500137116e-7
101.17,3.889730904092546e-7,-4.055819645888174e-7
101.18,3.9031744770052634e-7,-4.031783430890593e-7
101.19,3.916289252769807e-7,-4.007478441021101e-7
101.2,3.929074527403516e-7,-3.982907278209848e-7
101.21,3.9415296246721153e-7,-3.958072560194608e-7
101.22,3.9536538961170234e-7,-3.932976920274407e-7
101.23,3.965446721068541e-7,-3.90762300705476e-7
101.24,3.97690750666812e-7,-3.8820134842029787e-7
101.25,3.9880356878722376e-7,-3.856151030193969e-7
101.26,3.998830727479751e-7,-3.830038338059015e-7
101.27,4.009292116127185e-7,-3.803678115134992e-7
101.28,4.019419372297252e-7,-3.777073082808848e-7
101.29,4.029212042336106e-7,-3.7502259762674136e-7
101.3,4.0386697004425207e-7,-3.723139544241291e-7
101.31,4.047791948673769e-7,-3.695816548750346e-7
101.32,4.0565784169413836e-7,-3.6682597648487255e-7
101.33,4.0650287630126166e-7,-3.640471980368638e-7
101.34,4.0731426724948453e-7,-3.612455995667183e-7
101.35,4.080919858831162e-7,-3.584214623365079e-7
101.36,4.088360063295758e-7,-3.555750688092767e-7
101.37,4.095463054962178e-7,-3.527067026233111e-7
101.38,4.102228630712788e-7,-3.498166485659191e-7
101.39,4.108656615199058e-7,-3.469051925481589e-7
101.4,4.1147468608310825e-7,-3.439726215787238e-7
101.41,4.1204992477563636e-7,-3.4101922373792585e-7
101.42,4.12591368382884e-7,-3.3804528815199466e-7
101.43,4.1309901045889494e-7,-3.350511049668153e-7
101.44,4.1357284732286733e-7,-3.320369653222193e-7
101.45,4.140128780564981e-7,-3.2900316132583777e-7
101.46,4.14419104499344e-7,-3.2594998602754216e-7
101.47,4.1479153124777955e-7,-3.2287773339194716e-7
101.48,4.15130165648838e-7,-3.197866982738184e-7
101.49,4.154350177966117e-7,-3.1667717639186293e-7
101.5,4.157061005290612e-7,-3.1354946430161717e-7
101.51,4.159434294223113e-7,-3.104038593701441e-7
101.52,4.1614702278672995e-7,-3.072406597497848e-7
101.53,4.1631690166171293e-7,-3.040601643516071e-7
101.54,4.1645308981073487e-7,-3.008626728201747e-7
101.55,4.1655561371533165e-7,-2.976484855055112e-7
101.56,4.166245025708514e-7,-2.944179034398765e-7
101.57,4.1665978827944856e-7,-2.91171228308652e-7
101.58,4.1666150544415955e-7,-2.879087624264899e-7
101.59,4.1662969136392367e-7,-2.8463080870916324e-7
101.6,4.1656438602565975e-7,-2.813376706491238e-7
101.61,4.1646563209868834e-7,-2.780296522883554e-7
101.62,4.163334749270355e-7,-2.7470705819277864e-7
101.63,4.161679625230398e-7,-2.7137019342593506e-7
101.64,4.1596914555978497e-7,-2.6801936352277365e-7
101.65,4.157370773638638e-7,-2.646548744638861e-7
101.66,4.1547181390726235e-7,-2.612770326491474e-7
101.67,4.151734137998156e-7,-2.578861448721182e-7
101.68,4.148419382812375e-7,-2.5448251829318993e-7
101.69,4.1447745121227917e-7,-2.510664604147073e-7
101.7,4.140800190665679e-7,-2.4763827905442384e-7
101.71,4.136497109221208e-7,-2.441982823193523e-7
101.72,4.131865984518383e-7,-2.407467785801711e-7
101.73,4.126907559153688e-7,-2.372840764459206e-7
101.74,4.12162260148388e-7,-2.3381048473678156e-7
101.75,4.1160119055391644e-7,-2.3032631245978956e-7
101.76,4.110076290931206e-7,-2.268318687821816e-7
101.77,4.1038166027435946e-7,-2.2332746300592093e-7
101.78,4.097233711438239e-7,-2.1981340454233462e-7
101.79,4.090328512745667e-7,-2.1629000288596273e-7
101.8,4.0831019275691234e-7,-2.127575675895473e-7
101.81,4.0755549018650774e-7,-2.0921640823796987e-7
101.82,4.067688406547962e-7,-2.056668344235992e-7
101.83,4.059503437375171e-7,-2.0210915571996316e-7
101.84,4.0510010148255784e-7,-1.9854368165693804e-7
101.85,4.042182183998667e-7,-1.9497072169552877e-7
101.86,4.033048014486974e-7,-1.9139058520230434e-7
101.87,4.023599600265021e-7,-1.8780358142450871e-7
101.88,4.0138380595658554e-7,-1.8421001946486708e-7
101.89,4.0037645347616935e-7,-1.8061020825656947e-7
101.9,3.993380192237944e-7,-1.7700445653824526e-7
101.91,3.9826862222657005e-7,-1.7339307282916383e-7
101.92,3.971683838881245e-7,-1.697763654043978e-7
101.93,3.960374279752479e-7,-1.661546422701142e-7
101.94,3.9487588060477955e-7,-1.625282111385311e-7
101.95,3.9368387023035323e-7,-1.5889737940398717e-7
101.96,3.924615276287867e-7,-1.5526245411797984e-7
101.97,3.912089858875949e-7,-1.516237419647199e-7
101.98,3.899263803892509e-7,-1.479815492369555e-7
101.99,3.8861384879915596e-7,-1.4433618181164793e-7
102.0,3.8727153105023604e-7,-1.4068794512582424e-7
102.01,3.8589956932937295e-7,-1.3703714415228427e-7
102.02,3.8449810806225586e-7,-1.3338408337603872e-7
102.03,3.8306729390011923e-7,-1.2972906676979944e-7
102.04,3.816072757031931e-7,-1.2607239777072148e-7
102.05,3.8011820452668063e-7,-1.224143792564569e-7
102.06,3.786002336060276e-7,-1.1875531352149799e-7
102.07,3.7705351834109223e-7,-1.1509550225353844e-7
102.08,3.7547821628076957e-7,-1.1143524651044242e-7
102.09,3.738744871075681e-7,-1.0777484669662341e-7
102.1,3.7224249262171916e-7,-1.0411460253994658e-7
102.11,3.7058239672608345e-7,-1.0045481306808466e-7
102.12,3.6889436540838473e-7,-9.679577658696601e-8
102.13,3.671785667268012e-7,-9.313779065609723e-8
102.14,3.6543517079283774e-7,-8.948115206692699e-8
102.15,3.636643497550167e-7,-8.582615681992112e-8
102.16,3.6186627778195423e-7,-8.217310010184752e-8
102.17,3.6004113104610174e-7,-7.852227626349338e-8
102.18,3.5818908770642233e-7,-7.487397879717233e-8
102.19,3.563103278915479e-7,-7.122850031516215e-8
102.2,3.5440503368267535e-7,-6.758613252608644e-8
102.21,3.5247338909579973e-7,-6.39471662152356e-8
102.22,3.505155800650166e-7,-6.031189122043697e-8
102.23,3.485317944241205e-7,-5.6680596412223506e-8
102.24,3.465222218896478e-7,-5.305356967046861e-8
102.25,3.4448705404189366e-7,-4.943109786493772e-8
102.26,3.4242648430860913e-7,-4.581346683229665e-8
102.27,3.403407079453607e-7,-4.2200961355619463e-8
102.28,3.3822992201793117e-7,-3.859386514335007e-8
102.29,3.360943253843989e-7,-3.499246080808596e-8
102.3,3.3393411867526047e-7,-3.139702984612989e-8
102.31,3.3174950427639176e-7,-2.7807852616897205e-8
102.32,3.2954068630969655e-7,-2.4225208321714707e-8
102.33,3.273078706140507e-7,-2.0649374984182522e-8
102.34,3.250512647266181e-7,-1.708062942970631e-8
102.35,3.2277107786309715e-7,-1.3519247265407239e-8
102.36,3.2046752090033134e-7,-9.9655028598752e-9
102.37,3.1814080635499455e-7,-6.419669324089411e-9
102.38,3.157911483653358e-7,-2.8820184908928613e-9
102.39,3.1341876267082703e-7,6.471791038495919e-10
102.4,3.110238665936133e-7,4.167654240908118e-9
102.41,3.086066790186009e-7,7.679139036948666e-9
102.42,3.0616742037244675e-7,1.1181366963097667e-8
102.43,3.0370631260503063e-7,1.4674072864715926e-8
102.44,3.012235791687592e-7,1.8156992979335767e-8
102.45,2.98719444998764e-7,2.162986495558887e-8
102.46,2.9619413649233496e-7,2.5092427871746256e-8
102.47,2.9364788148893905e-7,2.8544422253914874e-8
102.48,2.910809092483802e-7,3.1985590093117615e-8
102.49,2.884934504368321e-7,3.5415674867084996e-8
102.5,2.858857370933098e-7,3.883442155144382e-8
102.51,2.832580026220817e-7,4.224157664350018e-8
102.52,2.8061048176516866e-7,4.563688817670444e-8
102.53,2.7794341058317164e-7,4.902010573862471e-8
102.54,2.752570264342246e-7,5.2390980488088306e-8
102.55,2.7255156795283595e-7,5.5749265171976646e-8
102.56,2.69827275029193e-7,5.909471414235119e-8
102.57,2.67084388787615e-7,6.242708337303318e-8
102.58,2.643231515658835e-7,6.574613047486955e-8
102.59,2.6154380689325044e-7,6.905161471458949e-8
102.6,2.587465994702332e-7,7.234329702892413e-8
102.61,2.559317751454632e-7,7.562094004058787e-8
102.62,2.530995808960447e-7,7.888430807500017e-8
102.63,2.502502648048772e-7,8.213316717531746e-8
102.64,2.4738407603980303e-7,8.536728511790982e-8
102.65,2.445012648306874e-7,8.858643142779924e-8
102.66,2.416020824499326e-7,9.179037739401467e-8
102.67,2.386867811863978e-7,9.497889608207859e-8
102.68,2.3575561433047836e-7,9.815176235390715e-8
102.69,2.3280883614574845e-7,1.0130875287660467e-7
102.7,2.298467018499069e-7,1.0444964614075944e-7
102.71,2.2686946759260687e-7,1.0757422247236352e-7
102.72,2.238773904331721e-7,1.1068226404828509e-7
102.73,2.2087072831871363e-7,1.1377355490928282e-7
102.74,2.1784974006149355e-7,1.1684788097351117e-7
102.75,2.1481468531706077e-7,1.199050300508217e-7
102.76,2.1176582456418907e-7,1.2294479185472316e-7
102.77,2.0870341907709278e-7,1.2596695801702643e-7
102.78,2.0562773090937716e-7,1.2897132209929706e-7
102.79,2.0253902286798368e-7,1.3195767960635716e-7
102.8,1.994375584921014e-7,1.349258279983847e-7
102.81,1.9632360203084806e-7,1.3787556670372304e-7
102.82,1.9319741842019464e-7,1.4080669713035838e-7
102.83,1.90059273261265e-7,1.4371902267842973e-7
102.84,1.8690943279759905e-7,1.466123487516459e-7
102.85,1.8374816389280904e-7,1.494864827690742e-7
102.86,1.805757340074327e-7,1.523412341762619e-7
102.87,1.7739241117778945e-7,1.551764144563669e-7
102.88,1.741984639922837e-7,1.5799183714158298e-7
102.89,1.7099416156901326e-7,1.607873178235785e-7
102.9,1.6777977353385422e-7,1.6356267416387952e-7
102.91,1.6455556999730017e-7,1.6631772590497704e-7
102.92,1.6132182153191158e-7,1.6905229487957471e-7
102.93,1.5807879915029266e-7,1.7176620502171846e-7
102.94,1.5482677428172815e-7,1.7445928237541882e-7
102.95,1.5156601875025515e-7,1.771313551052412e-7
102.96,1.4829680475191988e-7,1.7978225350524634e-7
102.97,1.450194048314309e-7,1.8241181000828295e-7
102.98,1.4173409186120146e-7,1.8501985919502512e-7
102.99,1.3844113901682873e-7,1.8760623780305916e-7
103.0,1.351408197560005e-7,1.9017078473483764e-7
103.01,1.3183340779524054e-7,1.9271334106712578e-7
103.02,1.285191770876003e-7,1.9523375005821565e-7
103.03,1.2519840179959244e-7,1.977318571566379e-7
103.04,1.2187135629074159e-7,2.0020751000928977e-7
103.05,1.1853831508498103e-7,2.0266055846686746e-7
103.06,1.1519955285825963e-7,2.0509085459547977e-7
103.07,1.118553444065955e-7,2.0749825267987458e-7
103.08,1.0850596462853028e-7,2.0988260923223643e-7
103.09,1.0515168850126055e-7,2.1224378299921815e-7
103.1,1.0179279105834264e-7,2.1458163496804934e-7
103.11,9.842954736746289e-8,2.168960283729061e-7
103.12,9.506223250810228e-8,2.191868287019251e-7
103.13,9.169112154934081e-8,2.2145390370235002e-7
103.14,8.831648952588808e-8,2.236971233870808e-7
103.15,8.493861141918108e-8,2.2591636003967026e-7
103.16,8.155776213201863e-8,2.2811148822026072e-7
103.17,7.817421646771574e-8,2.3028238477073914e-7
103.18,7.478824910709978e-8,2.3242892881941504e-7
103.19,7.140013458803526e-8,2.3455100178684352e-7
103.2,6.801014728173182e-8,2.3664848738912308e-7
103.21,6.461856137115447e-8,2.387212716432848e-7
103.22,6.122565082916154e-8,2.407692428713582e-7
103.23,5.783168939645222e-8,2.427922917042705e-7
103.24,5.443695055993181e-8,2.447903110856881e-7
103.25,5.104170753051015e-8,2.467631962759391e-7
103.26,4.76462332212062e-8,2.487108448549144e-7
103.27,4.425080022569243e-8,2.5063315672588656e-7
103.28,4.085568079639322e-8,2.525300341183976e-7
103.29,3.7461146823735346e-8,2.5440138159107556e-7
103.3,3.4067469812442945e-8,2.562471060338987e-7
103.31,3.067492086229811e-8,2.5806711667131554e-7
103.32,2.7283770645241983e-8,2.5986132506410614e-7
103.33,2.3894289385091064e-8,2.616296451114134e-7
103.34,2.0506746834654793e-8,2.6337199305298137e-7
103.35,1.712141225624544e-8,2.650882874701694e-7
103.36,1.3738554399286166e-8,2.667784492880056e-7
103.37,1.0358441479479301e-8,2.684424017761945e-7
103.38,6.981341157827859e-9,2.700800705501185e-7
103.39,3.607520519582483e-9,2.716913835719385e-7
103.4,2.372460536837971e-10,2.73276271150961e-7
103.41,-3.1292163686158123e-9,2.7483466594460983e-7
103.42,-6.491601513944097e-9,2.763665029581149e-7
103.43,-9.849644808819585e-9,2.77871719544468e-7
103.44,-1.32030823576164e-8,2.793502554057927e-7
103.45,-1.6551650965836233e-8,2.808020525912871e-7
103.46,-1.9895088158741494e-8,2.8222705549727787e-7
103.47,-2.3233132203055016e-8,2.8362521086698623e-7
103.48,-2.6565522125323697e-8,2.8499646778936373e-7
103.49,-2.9891997734079876e-8,2.863407776977198e-7
103.5,-3.321229963884415e-8,2.8765809436899497e-7
103.51,-3.6526169269935924e-8,2.8894837392190693e-7
103.52,-3.983334889969289e-8,2.902115748153801e-7
103.53,-4.313358165994919e-8,2.91447657847002e-7
103.54,-4.642661156381723e-8,2.9265658615042456e-7
103.55,-4.971218352449705e-8,2.9383832519373883e-7
103.56,-5.299004337462515e-8,2.9499284277678687e-7
103.57,-5.625993788589146e-8,2.9612010902829763e-7
103.58,-5.952161478838304e-8,2.9722009640381305e-7
103.59,-6.277482278919406e-8,2.98292779682405e-7
103.6,-6.601931159220385e-8,2.993381359628533e-7
103.61,-6.925483191804232e-8,3.0035614466092945e-7
103.62,-7.248113551929339e-8,3.0134678750655363e-7
103.63,-7.569797520342261e-8,3.0231004853886846e-7
103.64,-7.890510484875026e-8,3.0324591410275613e-7
103.65,-8.210227942499471e-8,3.0415437284505863e-7
103.66,-8.52892550095636e-8,3.0503541570997283e-7
103.67,-8.846578880736042e-8,3.0588903593489164e-7
103.68,-9.163163916850806e-8,3.067152290455731e-7
103.69,-9.478656560624899e-8,3.075139928511258e-7
103.7,-9.793032881496116e-8,3.082853274407943e-7
103.71,-1.0106269068853577e-7,3.0902923517498873e-7
103.72,-1.0418341433715552e-7,3.0974572068402375e-7
103.73,-1.0729226410570639e-7,3.104347908602508e-7
103.74,-1.1038900559056219e-7,3.110964548534039e-7
103.75,-1.1347340565750034e-7,3.1173072406403006e-7
103.76,-1.165452324584929e-7,3.1233761213800276e-7
103.77,-1.1960425544903307e-7,3.129171349600161e-7
103.78,-1.2265024540540608e-7,3.1346931064702226e-7
103.79,-1.2568297443969466e-7,3.1399415954279657e-7
103.8,-1.287022160199434e-7,3.1449170420954874e-7
103.81,-1.317077449829473e-7,3.149619694221538e-7
103.82,-1.3469933755333268e-7,3.15404982160864e-7
103.83,-1.3767677135867193e-7,3.158207716039979e-7
103.84,-1.4063982544552268e-7,3.1620936912060445e-7
103.85,-1.4358828029617485e-7,3.16570808262952e-7
103.86,-1.465219178439949e-7,3.1690512475868777e-7
103.87,-1.494405214894437e-7,3.1721235650297514e-7
103.88,-1.5234387611529866e-7,3.1749254355051676e-7
103.89,-1.5523176810239872e-7,3.1774572810748495e-7
103.9,-1.5810398534494133e-7,3.179719545226689e-7
103.91,-1.6096031726588226e-7,3.181712692795032e-7
103.92,-1.638005548312929e-7,3.1834372098724726e-7
103.93,-1.666244905658207e-7,3.184893603716132e-7
103.94,-1.694319185670436e-7,3.186082402667372e-7
103.95,-1.722226345207007e-7,3.187004156049692e-7
103.96,-1.7499643571413626e-7,3.187659434084087e-7
103.97,-1.777531210516578e-7,3.1880488277906633e-7
103.98,-1.80492491067482e-7,3.188172948892605e-7
103.99,-1.8321434794152368e-7,3.188032429712614e-7
104.0,-1.8591849551057315e-7,3.187627923092719e-7
104.01,-1.8860473928450563e-7,3.186960102272844e-7
104.02,-1.9127288645831458e-7,3.186029660795421e-7
104.03,-1.9392274592636654e-7,3.184837312406295e-7
104.04,-1.9655412829485997e-7,3.1833837909467263e-7
104.05,-1.9916684589548315e-7,3.181669850244298e-7
104.06,-2.0176071279756214e-7,3.179696264008876e-7
104.07,-2.0433554482167588e-7,3.1774638257226414e-7
104.08,-2.068911595522125e-7,3.1749733485265433e-7
104.09,-2.0942737634828518e-7,3.17222566511207e-7
104.1,-2.119440163579834e-7,3.169221627605312e-7
104.11,-2.1444090252968543e-7,3.165962107452022e-7
104.12,-2.169178596232826e-7,3.1624479953036166e-7
104.13,-2.1937471422309316e-7,3.1586802008968284e-7
104.14,-2.2181129474878897e-7,3.1546596529368647e-7
104.15,-2.242274314669254e-7,3.1503872989759493e-7
104.16,-2.2662295650237477e-7,3.1458641052931514e-7
104.17,-2.2899770384932055e-7,3.141091056771009e-7
104.18,-2.3135150938244735e-7,3.136069156769505e-7
104.19,-2.3368421086708808e-7,3.1307994270044833e-7
104.2,-2.359956479704231e-7,3.125282907419783e-7
104.21,-2.3828566227208208e-7,3.119520656055117e-7
104.22,-2.4055409727348e-7,3.1135137489252126e-7
104.23,-2.4280079840905107e-7,3.107263279882227e-7
104.24,-2.450256130551503e-7,3.100770360489367e-7
104.25,-2.4722839054089794e-7,3.094036119880723e-7
104.26,-2.4940898215648777e-7,3.0870617046419295e-7
104.27,-2.515672411637058e-7,3.0798482786572535e-7
104.28,-2.537030228047157e-7,3.0723970229882033e-7
104.29,-2.5581618431110435e-7,3.0647091357267034e-7
104.3,-2.5790658491267684e-7,3.0567858318636865e-7
104.31,-2.5997408584652146e-7,3.0486283431435886e-7
104.32,-2.6201855036545395e-7,3.040237917928175e-7
104.33,-2.640398437460068e-7,3.031615821052844e-7
104.34,-2.660378332968574e-7,3.022763333686238e-7
104.35,-2.6801238836743597e-7,3.013681753182417e-7
104.36,-2.6996338035471156e-7,3.00437239293836e-7
104.37,-2.7189068271177245e-7,2.9948365822535414e-7
104.38,-2.737941709545801e-7,2.9850756661707817e-7
104.39,-2.7567372266971833e-7,2.975091005340345e-7
104.4,-2.775292175216008e-7,2.9648839758649904e-7
104.41,-2.793605372589256e-7,2.954455969153069e-7
104.42,-2.811675657221338e-7,2.943808391765257e-7
104.43,-2.82950188849488e-7,2.932942665265592e-7
104.44,-2.847082946837363e-7,2.9218602260676035e-7
104.45,-2.8644177337910705e-7,2.910562525272811e-7
104.46,-2.8815051720270967e-7,2.8990510285573764e-7
104.47,-2.8983442055015043e-7,2.887327215937346e-7
104.48,-2.914933799414304e-7,2.8753925816884146e-7
104.49,-2.931272940314068e-7,2.863248634155638e-7
104.5,-2.94736063613692e-7,2.850896895600816e-7
104.51,-2.963195916266828e-7,2.8383389020421816e-7
104.52,-2.978777831575844e-7,2.82557620309601e-7
104.53,-2.994105454482521e-7,2.812610361819411e-7
104.54,-3.009177878990389e-7,2.7994429545436745e-7
104.55,-3.023994220725746e-7,2.786075570727018e-7
104.56,-3.0385536170036536e-7,2.7725098127674195e-7
104.57,-3.052855226842429e-7,2.758747295860771e-7
104.58,-3.0668982310226477e-7,2.744789647829231e-7
104.59,-3.0806818321061226e-7,2.730638508960089e-7
104.6,-3.094205254483326e-7,2.7162955318379135e-7
104.61,-3.107467744410344e-7,2.701762381171414e-7
104.62,-3.120468570025831e-7,2.6870407336471044e-7
104.63,-3.1332070213914227e-7,2.6721322777424563e-7
104.64,-3.1456824105241526e-7,2.6570387135664874e-7
104.65,-3.1578940714059293e-7,2.6417617526911245e-7
104.66,-3.169841360023904e-7,2.6263031179834007e-7
104.67,-3.1815236543842063e-7,2.6106645434332786e-7
104.68,-3.1929403545386754e-7,2.594847773984715e-7
104.69,-3.204090882599189e-7,2.57885456536585e-7
104.7,-3.214974682754583e-7,2.5626866839182605e-7
104.71,-3.225591221291786e-7,2.5463459064233544e-7
104.72,-3.2359399866014947e-7,2.5298340199326237e-7
104.73,-3.246020489191621e-7,2.5131528215942075e-7
104.74,-3.255832261706992e-7,2.49630411847832e-7
104.75,-3.2653748589216164e-7,2.4792897274081533e-7
104.76,-3.2746478577567343e-7,2.4621114747813296e-7
104.77,-3.2836508572824873e-7,2.4447711963980073e-7
104.78,-3.29238347871556e-7,2.4272707372854143e-7
104.79,-3.300845365426763e-7,2.409611951523288e-7
104.8,-3.309036182938336e-7,2.3917967020679825e-7
104.81,-3.316955618917069e-7,2.3738268605788705e-7
104.82,-3.32460338317421e-7,2.355704307237647e-7
104.83,-3.331979207663126e-7,2.3374309305746155e-7
104.84,-3.339082846458751e-7,2.319008627295592e-7
104.85,-3.345914075757119e-7,2.3004393020969084e-7
104.86,-3.35247269386507e-7,2.2817248674928892e-7
104.87,-3.35875852118143e-7,2.2628672436408374e-7
104.88,-3.364771400181669e-7,2.2438683581567692e-7
104.89,-3.3705111954076447e-7,2.2247301459419598e-7
104.9,-3.375977793442346e-7,2.20545454900241e-7
104.91,-3.3811711028892914e-7,2.1860435162735434e-7
104.92,-3.3860910543578905e-7,2.166499003435582e-7
104.93,-3.3907376004326577e-7,2.146822972743019e-7
104.94,-3.395110715645755e-7,2.1270173928371205e-7
104.95,-3.3992103964554287e-7,2.1070842385724772e-7
104.96,-3.403036661215968e-7,2.0870254908348012e-7
104.97,-3.406589550142424e-7,2.066843136364391e-7
104.98,-3.4098691252835015e-7,2.0465391675720832e-7
104.99,-3.4128754704806446e-7,2.0261155823681514e-7
105.0,-3.415608691340187e-7,2.00557438397115e-7
105.01,-3.418068915188206e-7,1.9849175807370092e-7
105.02,-3.420256291040473e-7,1.9641471859770225e-7
105.03,-3.4221709895422127e-7,1.9432652177767252e-7
105.04,-3.4238132029492734e-7,1.9222736988182118e-7
105.05,-3.4251831450681406e-7,1.9011746561976448e-7
105.06,-3.426281051213905e-7,1.8799701212505465e-7
105.07,-3.4271071781627584e-7,1.858662129365758e-7
105.08,-3.4276618041010255e-7,1.83725271981109e-7
105.09,-3.4279452285770155e-7,1.8157439355506848e-7
105.1,-3.4279577724441613e-7,1.7941378230668834e-7
105.11,-3.427699777805974e-7,1.7724364321855467e-7
105.12,-3.427171607968085e-7,1.75064181588324e-7
105.13,-3.426373647369328e-7,1.7287560301245012e-7
105.14,-3.425306301530031e-7,1.7067811336724037e-7
105.15,-3.4239699969872745e-7,1.6847191879122112e-7
105.16,-3.4223651812329776e-7,1.6625722566773902e-7
105.17,-3.420492322651879e-7,1.6403424060616375e-7
105.18,-3.418351910452507e-7,1.6180317042522588e-7
105.19,-3.415944454599678e-7,1.5956422213426274e-7
105.2,-3.413270485749641e-7,1.573176029158703e-7
105.21,-3.4103305551740525e-7,1.5506352010806986e-7
105.22,-3.4071252346885654e-7,1.5280218118696232e-7
105.23,-3.4036551165868256e-7,1.50533793748111e-7
105.24,-3.3999208135523577e-7,1.4825856548996733e-7
105.25,-3.3959229585928035e-7,1.4597670419539366e-7
105.26,-3.3916622049558705e-7,1.436884177145173e-7
105.27,-3.387139226046969e-7,1.4139391394699343e-7
105.28,-3.382354715358067e-7,1.3909340082451392e-7
105.29,-3.377309386374351e-7,1.3678708629323684e-7
105.3,-3.3720039724923117e-7,1.3447517829668772e-7
105.31,-3.366439226939078e-7,1.3215788475731936e-7
105.32,-3.360615922675621e-7,1.2983541356085634e-7
105.33,-3.3545348523179373e-7,1.2750797253691453e-7
105.34,-3.348196828041221e-7,1.2517576944342253e-7
105.35,-3.3416026814850874e-7,1.2283901194836246e-7
105.36,-3.334753263668245e-7,1.204979076128158e-7
105.37,-3.327649444888531e-7,1.1815266387417908e-7
105.38,-3.320292114627039e-7,1.1580348802825467e-7
105.39,-3.3126821814551165e-7,1.134505872130034e-7
105.4,-3.3048205729157376e-7,1.110941683911426e-7
105.41,-3.296708235464939e-7,1.0873443833289616e-7
105.42,-3.2883461343265624e-7,1.0637160359980238e-7
105.43,-3.279735253411092e-7,1.0400587052732212e-7
105.44,-3.270876595208125e-7,1.0163744520801542e-7
105.45,-3.2617711806812797e-7,9.926653347510012e-8
105.46,-3.252420049151174e-7,9.689334088582529e-8
105.47,-3.2428242582054405e-7,9.451807270430315e-8
105.48,-3.232984883578938e-7,9.214093388548313e-8
105.49,-3.22290301901636e-7,8.976212905864754e-8
105.5,-3.212579776226888e-7,8.738186251050149e-8
105.51,-3.202016284704273e-7,8.500033816931722e-8
105.52,-3.1912136916345407e-7,8.261775958806732e-8
105.53,-3.180173161795699e-7,8.023432992917845e-8
105.54,-3.168895877413996e-7,7.785025194721992e-8
105.55,-3.15738303807228e-7,7.546572797338251e-8
105.56,-3.145635860557024e-7,7.308095989955942e-8
105.57,-3.1336555787689624e-7,7.069614916249707e-8
105.58,-3.121443443584052e-7,6.831149672605538e-8
105.59,-3.1090007227312695e-7,6.592720306943205e-8
105.6,-3.096328700670907e-7,6.354346816716826e-8
105.61,-3.083428678469258e-7,6.116049147612824e-8
105.62,-3.0703019736650167e-7,5.877847191852361e-8
105.63,-3.056949920149027e-7,5.639760786731657e-8
105.64,-3.0433738680292506e-7,5.4018097130793675e-8
105.65,-3.0295751835057037e-7,5.164013693620442e-8
105.66,-3.015555248738764e-7,4.926392391612355e-8
105.67,-3.001315461683809e-7,4.6889654091043866e-8
105.68,-2.986857236034891e-7,4.451752285693288e-8
105.69,-2.972182001008127e-7,4.214772496842656e-8
105.7,-2.957291201246522e-7,3.978045452447571e-8
105.71,-2.9421862966773084e-7,3.741590495313378e-8
105.72,-2.926868762369665e-7,3.505426899772271e-8
105.73,-2.911340088400242e-7,3.26957387010838e-8
105.74,-2.895601779708322e-7,3.034050539212913e-8
105.75,-2.879655355959021e-7,2.7988759670023098e-8
105.76,-2.863502351398467e-7,2.5640691391269316e-8
105.77,-2.847144314710665e-7,2.329648965457315e-8
105.78,-2.830582808874521e-7,2.095634278682301e-8
105.79,-2.81381941101756e-7,1.8620438329023418e-8
105.8,-2.7968557122714005e-7,1.628896302242368e-8
105.81,-2.779693317626707e-7,1.3962102794229384e-8
105.82,-2.7623338457781594e-7,1.1640042744548646e-8
105.83,-2.7447789289835423e-7,9.32296713194609e-9
105.84,-2.7270302129112544e-7,7.011059360296733e-9
105.85,-2.7090893564896073e-7,4.704501965187335e-9
105.86,-2.690958031755173e-7,2.403476600398903e-9
105.87,-2.6726379236996447e-7,1.0816402487906898e-10
105.88,-2.654130730121793e-7,-2.181255910502075e-9
105.89,-2.635438161467433e-7,-4.464604276452061e-9
105.9,-2.616561940679993e-7,-6.741703077323779e-9
105.91,-2.5975038030388904e-7,-9.01237526495263e-9
105.92,-2.578265496013271e-7,-1.1276444750699977e-8
105.93,-2.5588487790927017e-7,-1.3533736418425176e-8
105.94,-2.539255423640817e-7,-1.5784076137137994e-8
105.95,-2.519487212731337e-7,-1.8027290772789682e-8
105.96,-2.499545940980739e-7,-2.0263208201368568e-8
105.97,-2.479433414413893e-7,-2.2491657320937882e-8
105.98,-2.459151450272691e-7,-2.4712468062846778e-8
105.99,-2.438701876876409e-7,-2.692547140506101e-8
106.0,-2.418086533448036e-7,-2.9130499382910704e-8
106.01,-2.3973072699597806e-7,-3.1327385101493864e-8
106.02,-2.376365946963508e-7,-3.3515962747188126e-8
106.03,-2.355264435434615e-7,-3.569606759873293e-8
106.04,-2.3340046165956319e-7,-3.786753603908774e-8
106.05,-2.3125883817650985e-7,-4.003020556655381e-8
106.06,-2.2910176321806548e-7,-4.21839148061609e-8
106.07,-2.269294278840077e-7,-4.4328503519940855e-8
106.08,-2.2474202423327075e-7,-4.646381261900483e-8
106.09,-2.2253974526666374e-7,-4.858968417312036e-8
106.1,-2.2032278491148492e-7,-5.070596142255896e-8
106.11,-2.1809133800310848e-7,-5.2812488787703186e-8
106.12,-2.1584560026908894e-7,-5.4909111879852395e-8
106.13,-2.1358576831197118e-7,-5.699567751164434e-8
106.14,-2.1131203959206728e-7,-5.907203370721429e-8
106.15,-2.0902461241101398e-7,-6.113802971179829e-8
106.16,-2.0672368589426786e-7,-6.319351600240574e-8
106.17,-2.0440945997415868e-7,-6.523834429704198e-8
106.18,-2.020821353727425e-7,-6.727236756468702e-8
106.19,-1.997419135846148e-7,-6.929544003461245e-8
106.2,-1.9738899685966648e-7,-7.130741720617245e-8
106.21,-1.9502358818578437e-7,-7.330815585777522e-8
106.22,-1.9264589127165878e-7,-7.52975140561233e-8
106.23,-1.902561105296603e-7,-7.727535116521621e-8
106.24,-1.8785445105805276e-7,-7.924152785601862e-8
106.25,-1.854411186235741e-7,-8.119590611350329e-8
106.26,-1.830163196447942e-7,-8.313834924722835e-8
106.27,-1.8058026117397857e-7,-8.506872189865002e-8
106.28,-1.7813315087946524e-7,-8.698689004994934e-8
106.29,-1.7567519702886415e-7,-8.889272103240149e-8
106.3,-1.7320660847100562e-7,-9.078608353391507e-8
106.31,-1.707275946186997e-7,-9.266684760796305e-8
106.32,-1.6823836543072785e-7,-9.453488468070231e-8
106.33,-1.657391313952406e-7,-9.639006755881917e-8
106.34,-1.6323010351093286e-7,-9.823227043716497e-8
106.35,-1.6071149327004583e-7,-1.0006136890682942e-7
106.36,-1.581835126409369e-7,-1.0187723996155976e-7
106.37,-1.5564637405005925e-7,-1.0367976200535133e-7
106.38,-1.53100290364871e-7,-1.0546881485950546e-7
106.39,-1.5054547487520159e-7,-1.0724427976974632e-7
106.4,-1.479821412763646e-7,-1.0900603941258005e-7
106.41,-1.454105036513169e-7,-1.1075397790239957e-7
106.42,-1.4283077645316678e-7,-1.1248798079806665e-7
106.43,-1.4024317448635797e-7,-1.1420793510761226e-7
106.44,-1.376479128912321e-7,-1.1591372929795787e-7
106.45,-1.3504520712367513e-7,-1.1760525329753916e-7
106.46,-1.3243527294023864e-7,-1.1928239850472333e-7
106.47,-1.2981832637699896e-7,-1.2094505779147155e-7
106.48,-1.2719458373538473e-7,-1.225931255113135e-7
106.49,-1.2456426156176122e-7,-1.242264975026242e-7
106.5,-1.2192757663233418e-7,-1.258450710967087e-7
106.51,-1.1928474593274985e-7,-1.2744874512046645e-7
106.52,-1.1663598664195494e-7,-1.2903741990313943e-7
106.53,-1.1398151611479734e-7,-1.3061099728067092e-7
106.54,-1.1132155186400077e-7,-1.3216938060124156e-7
106.55,-1.0865631154126433e-7,-1.3371247472861321e-7
106.56,-1.0598601292234088e-7,-1.3524018604893968e-7
106.57,-1.0331087388704983e-7,-1.3675242247302415e-7
106.58,-1.0063111240256929e-7,-1.3824909344156802e-7
106.59,-9.794694650620069e-8,-1.397301099300034e-7
106.6,-9.525859428730623e-8,-1.4119538445121454e-7
106.61,-9.256627386978245e-8,-1.4264483106058307e-7
106.62,-8.987020339505368e-8,-1.4407836535896563e-7
106.63,-8.717060100395771e-8,-1.4549590449677401e-7
106.64,-8.446768481997795e-8,-1.4689736717725697e-7
106.65,-8.176167293110788e-8,-1.482826736599655e-7
106.66,-7.905278337264649e-8,-1.4965174576402409e-7
106.67,-7.634123411048539e-8,-1.5100450687093431e-7
106.68,-7.362724302294777e-8,-1.5234088192782768e-7
106.69,-7.091102788387303e-8,-1.5366079744986626e-7
106.7,-6.819280634502303e-8,-1.549641815233069e-7
106.71,-6.547279591918772e-8,-1.5625096380788905e-7
106.72,-6.27512139628999e-8,-1.5752107553912994e-7
106.73,-6.002827765947502e-8,-1.5877444953071826e-7
106.74,-5.7304204001087114e-8,-1.6001102017623278e-7
106.75,-5.457920977251727e-8,-1.6123072345167801e-7
106.76,-5.1853511533726037e-8,-1.6243349691688845e-7
106.77,-4.9127325603092906e-8,-1.6361927971718823e-7
106.78,-4.6400868040498284e-8,-1.6478801258573752e-7
106.79,-4.367435462912376e-8,-1.6593963784332056e-7
106.8,-4.094800086113656e-8,-1.6707409940144414e-7
106.81,-3.8222021918547165e-8,-1.6819134276239649e-7
106.82,-3.549663265716971e-8,-1.692913150204347e-7
106.83,-3.277204759044549e-8,-1.70373964862795e-7
106.84,-3.0048480872147646e-8,-1.7143924257019847e-7
106.85,-2.732614627987436e-8,-1.7248710001786784e-7
106.86,-2.4605257198685412e-8,-1.7351749067553443e-7
106.87,-2.188602660442927e-8,-1.7453036960791311e-7
106.88,-1.9168667047402896e-8,-1.755256934749937e-7
106.89,-1.6453390635633148e-8,-1.7650342053196185e-7
106.9,-1.374040901889207e-8,-1.7746351062925549e-7
106.91,-1.1029933372690732e-8,-1.7840592521214103e-7
106.92,-8.322174381082809e-9,-1.793306273205225e-7
106.93,-5.617342221728987e-9,-1.8023758158846295e-7
106.94,-2.9156465487039557e-9,-1.811267542433512e-7
106.95,-2.1729647725235038e-10,-1.819981131055028e-7
106.96,2.477499432554363e-9,-1.82851627587029e-7
106.97,5.168533191534311e-9,-1.8368726869050932e-7
106.98,7.855597397378198e-9,-1.8450500900875314e-7
106.99,1.0538485249504482e-8,-1.8530482272283433e-7
107.0,1.3216990566887769e-8,-1.8608668560035103e-7
107.01,1.5890907801631068e-8,-1.8685057499478419e-7
107.02,1.8560032054840922e-8,-1.875964698431409e-7
107.03,2.122415909286036e-8,-1.883243506645036e-7
107.04,2.3883085361867722e-8,-1.8903419955785974e-7
107.05,2.653660800395432e-8,-1.8972600020019387e-7
107.06,2.9184524871431235e-8,-1.9039973784411556e-7
107.07,3.18266345422429e-8,-1.9105539931568418e-7
107.08,3.446273633700603e-8,-1.916929730121908e-7
107.09,3.7092630329633805e-8,-1.9231244889882077e-7
107.1,3.9716117366507276e-8,-1.9291381850683112e-7
107.11,4.2332999079231815e-8,-1.934970749300945e-7
107.12,4.4943077899725956e-8,-1.9406221282251643e-7
107.13,4.754615707510891e-8,-1.946092283947229e-7
107.14,5.014204068165785e-8,-1.9513811941087744e-7
107.15,5.273053364000733e-8,-1.9564888518553588e-7
107.16,5.531144172922961e-8,-1.9614152657979094e-7
107.17,5.7884571601133106e-8,-1.966160459983218e-7
107.18,6.044973079433535e-8,-1.9707244738494861e-7
107.19,6.300672774857072e-8,-1.9751073621929082e-7
107.2,6.555537181848623e-8,-1.979309195128901e-7
107.21,6.809547328809352e-8,-1.9833300580472249e-7
107.22,7.062684338370403e-8,-1.9871700515735986e-7
107.23,7.31492942891886e-8,-1.9908292915211334e-7
107.24,7.56626391573706e-8,-1.9943079088580666e-7
107.25,7.81666921256527e-8,-1.9976060496480788e-7
107.26,8.06612683281315e-8,-2.0007238750135713e-7
107.27,8.314618391025776e-8,-2.0036615610810233e-7
107.28,8.562125604052829e-8,-2.0064192989366342e-7
107.29,8.8086302924212e-8,-2.0089972945778468e-7
107.3,9.054114381732249e-8,-2.0113957688539688e-7
107.31,9.298559903831278e-8,-2.0136149574227156e-7
107.32,9.541948998144472e-8,-2.0156551106888103e-7
107.33,9.784263912940044e-8,-2.0175164937573375e-7
107.34,1.0025487006603981e-7,-2.019199386370207e-7
107.35,1.0265600748884273e-7,-2.0207040828542645e-7
107.36,1.0504587722151233e-7,-2.022030892051407e-7
107.37,1.0742430622521409e-7,-2.0231801373072113e-7
107.38,1.0979112261283216e-7,-2.0241521563167034e-7
107.39,1.121461556589235e-7,-2.024947301157679e-7
107.4,1.1448923581301639e-7,-2.0255659381785754e-7
107.41,1.168201947112253e-7,-2.026008447946925e-7
107.42,1.191388651871786e-7,-2.0262752251853975e-7
107.43,1.214450812849421e-7,-2.0263666787015586e-7
107.44,1.2373867826940986e-7,-2.0262832313289586e-7
107.45,1.260194926386182e-7,-2.026025319847121e-7
107.46,1.282873621344643e-7,-2.025593394934505e-7
107.47,1.3054212575384623e-7,-2.0249879210669733e-7
107.48,1.3278362375993595e-7,-2.0242093764778279e-7
107.49,1.350116976933171e-7,-2.023258253064877e-7
107.5,1.3722619038246043e-7,-2.0221350563299576e-7
107.51,1.3942694595400112e-7,-2.0208403053001303e-7
107.52,1.416138098448626e-7,-2.01937453245024e-7
107.53,1.4378662881080044e-7,-2.0177382836344188e-7
107.54,1.45945250938089e-7,-2.0159321180043046e-7
107.55,1.4808952565295567e-7,-2.013956607923807e-7
107.56,1.5021930373238475e-7,-2.0118123389131626e-7
107.57,1.523344373134258e-7,-2.0094999095442865e-7
107.58,1.5443477990330522e-7,-2.007019931374272e-7
107.59,1.5652018638959682e-7,-2.0043730288595704e-7
107.6,1.5859051304836728e-7,-2.0015598392756707e-7
107.61,1.6064561755584923e-7,-1.9985810126313e-7
107.62,1.6268535899606006e-7,-1.9954372115855234e-7
107.63,1.647095978719882e-7,-1.9921291113624988e-7
107.64,1.667181961073553e-7,-1.988657399668542e-7
107.65,1.6871101707050037e-7,-1.985022776597716e-7
107.66,1.7068792556818072e-7,-1.9812259545507747e-7
107.67,1.7264878786184617e-7,-1.9772676581453695e-7
107.68,1.7459347167475176e-7,-1.9731486241235675e-7
107.69,1.765218462000194e-7,-1.968869601267231e-7
107.7,1.7843378210961858e-7,-1.9644313503005172e-7
107.71,1.8032915156196805e-7,-1.9598346438033932e-7
107.72,1.822078282104629e-7,-1.955080266113638e-7
107.73,1.8406968721070573e-7,-1.950169013239793e-7
107.74,1.8591460522945387e-7,-1.9451016927607323e-7
107.75,1.8774246045093484e-7,-1.9398791237344145e-7
107.76,1.8955313258542974e-7,-1.9345021366010705e-7
107.77,1.9134650287587806e-7,-1.9289715730865062e-7
107.78,1.931224541059041e-7,-1.9232882861040464e-7
107.79,1.9488087060628894e-7,-1.9174531396582048e-7
107.8,1.9662163826258472e-7,-1.9114670087436478e-7
107.81,1.9834464452107373e-7,-1.9053307792483448e-7
107.82,2.0004977839641177e-7,-1.8990453478513354e-7
107.83,2.0173693047780905e-7,-1.8926116219216226e-7
107.84,2.0340599293537516e-7,-1.8860305194187566e-7
107.85,2.0505685952667614e-7,-1.8793029687878652e-7
107.86,2.0668942560276038e-7,-1.8724299088600694e-7
107.87,2.0830358811393525e-7,-1.8654122887443153e-7
107.88,2.0989924561687444e-7,-1.8582510677264498e-7
107.89,2.114762982785344e-7,-1.8509472151643556e-7
107.9,2.1303464788290486e-7,-1.843501710380992e-7
107.91,2.1457419783686556e-7,-1.835915542556848e-7
107.92,2.1609485317375708e-7,-1.8281897106351018e-7
107.93,2.1759652056243953e-7,-1.8203252231801462e-7
107.94,2.1907910830643984e-7,-1.8123230983249993e-7
107.95,2.2054252635420627e-7,-1.8041843636141664e-7
107.96,2.2198668630193123e-7,-1.7959100559076752e-7
107.97,2.2341150139735142e-7,-1.7875012212902742e-7
107.98,2.2481688654574031e-7,-1.778958914936695e-7
107.99,2.2620275831324647e-7,-1.770284201014113e-7
108.0,2.2756903493216781e-7,-1.7614781525672305e-7
108.01,2.2891563630360976e-7,-1.7525418514072674e-7
108.02,2.3024248400239323e-7,-1.7434763880044434e-7
108.03,2.3154950128176344e-7,-1.7342828613599047e-7
108.04,2.3283661307490467e-7,-1.724962378913581e-7
108.05,2.3410374599999306e-7,-1.7155160564147726e-7
108.06,2.3535082836362054e-7,-1.7059450178135511e-7
108.07,2.3657779016312337e-7,-1.6962503951469737e-7
108.08,2.3778456309038494e-7,-1.6864333284231473e-7
108.09,2.3897108053488614e-7,-1.676494965504871e-7
108.1,2.4013727758599306e-7,-1.666436461995197e-7
108.11,2.412830910366938e-7,-1.6562589811182431e-7
108.12,2.4240845938466226e-7,-1.6459636936077628e-7
108.13,2.435133228358739e-7,-1.6355517775854534e-7
108.14,2.445976233064297e-7,-1.6250244184447755e-7
108.15,2.4566130442488375e-7,-1.6143828087342808e-7
108.16,2.4670431153406605e-7,-1.6036281480364695e-7
108.17,2.477265916924465e-7,-1.5927616428581466e-7
108.18,2.4872809367734636e-7,-1.581784506495487e-7
108.19,2.497087679850317e-7,-1.5706979589299824e-7
108.2,2.5066856683282275e-7,-1.5595032267018572e-7
108.21,2.516074441595266e-7,-1.5482015427944986e-7
108.22,2.5252535562864375e-7,-1.5367941465066482e-7
108.23,2.5342225862714583e-7,-1.5252822833404368e-7
108.24,2.5429811226729456e-7,-1.5136672048779783e-7
108.25,2.551528773877744e-7,-1.5019501686587923e-7
108.26,2.5598651655345087e-7,-1.490132438058938e-7
108.27,2.567989940565011e-7,-1.4782152821731831e-7
108.28,2.575902759164056e-7,-1.4661999756899845e-7
108.29,2.5836032988007604e-7,-1.4540877987696886e-7
108.3,2.591091254222242e-7,-1.441880036926583e-7
108.31,2.5983663374505997e-7,-1.4295779808987929e-7
108.32,2.605428277778113e-7,-1.4171829265364093e-7
108.33,2.612276821771779e-7,-1.4046961746689494e-7
108.34,2.6189117332536827e-7,-1.3921190309921396e-7
108.35,2.625332793313279e-7,-1.3794528059356587e-7
108.36,2.6315398002815475e-7,-1.3666988145480435e-7
108.37,2.6375325697340483e-7,-1.3538583763695288e-7
108.38,2.643310934477265e-7,-1.3409328153086498e-7
108.39,2.648874744529975e-7,-1.327923459522159e-7
108.4,2.654223867125104e-7,-1.314831641284506e-7
108.41,2.6593581866756825e-7,-1.301658696877593e-7
108.42,2.664277604774724e-7,-1.2884059664538415e-7
108.43,2.6689820401682386e-7,-1.2750747939157414e-7
108.44,2.673471428745063e-7,-1.2616665268004025e-7
108.45,2.6777457235089805e-7,-1.24818251614508e-7
108.46,2.681804894557026e-7,-1.2346241163694263e-7
108.47,2.685648929066103e-7,-1.2209926851520012e-7
108.48,2.689277831260322e-7,-1.2072895833018583e-7
108.49,2.6926916223876795e-7,-1.1935161746402245e-7
108.5,2.69589034069427e-7,-1.1796738258726738e-7
108.51,2.698874041392212e-7,-1.16576390647271e-7
108.52,2.701642796644111e-7,-1.1517877885400767e-7
108.53,2.704196695510869e-7,-1.1377468467037884e-7
108.54,2.7065358439347696e-7,-1.1236424579773504e-7
108.55,2.7086603647080654e-7,-1.1094760016414595e-7
108.56,2.7105703974239833e-7,-1.0952488591242179e-7
108.57,2.7122660984544525e-7,-1.0809624138752966e-7
108.58,2.713747640910578e-7,-1.0666180512341573e-7
108.59,2.715015214596051e-7,-1.0522171583281193e-7
108.6,2.716069025976617e-7,-1.0377611239268918e-7
108.61,2.716909298136551e-7,-1.0232513383323808e-7
108.62,2.7175362707319784e-7,-1.008689193250792e-7
108.63,2.7179501999556893e-7,-9.940760816738908e-8
108.64,2.718151358484017e-7,-9.794133977517547e-8
108.65,2.718140035436251e-7,-9.6470253667473e-8
108.66,2.7179165363229304e-7,-9.499448945490653e-8
108.67,2.7174811830034807e-7,-9.351418682780739e-8
108.68,2.716834313632865e-7,-9.202948554313899e-8
108.69,2.7159762826080774e-7,-9.054052541362975e-8
108.7,2.714907460519549e-7,-8.90474462946272e-8
108.71,2.7136282340956445e-7,-8.755038807260199e-8
108.72,2.712139006151882e-7,-8.604949065261401e-8
108.73,2.7104401955311923e-7,-8.454489394639112e-8
108.74,2.708532237047521e-7,-8.30367378607757e-8
108.75,2.706415581428512e-7,-8.15251622845787e-8
108.76,2.7040906952535467e-7,-8.00103070781138e-8
108.77,2.7015580608997143e-7,-7.849231205971766e-8
108.78,2.698818176473884e-7,-7.697131699513603e-8
108.79,2.69587155574869e-7,-7.544746158460707e-8
108.8,2.6927187281050824e-7,-7.392088545158889e-8
108.81,2.689360238464159e-7,-7.239172813076842e-8
108.82,2.6857966472109994e-7,-7.086012905636221e-8
108.83,2.6820285301498037e-7,-6.932622755009108e-8
108.84,2.678056478412059e-7,-6.779016280972696e-8
108.85,2.6738810983995417e-7,-6.625207389703407e-8
108.86,2.6695030117087325e-7,-6.47120997268901e-8
108.87,2.664922855063335e-7,-6.31703790543841e-8
108.88,2.660141280233071e-7,-6.162705046484378e-8
108.89,2.655158953968202e-7,-6.008225236094996e-8
108.9,2.6499765579206397e-7,-5.85361229516968e-8
108.91,2.6445947885661584e-7,-5.6988800241317924e-8
108.92,2.639014357128577e-7,-5.5440422017209944e-8
108.93,2.633235989503389e-7,-5.389112583892795e-8
108.94,2.627260426170753e-7,-5.234104902699238e-8
108.95,2.62108842212484e-7,-5.079032865135274e-8
108.96,2.614720746785928e-7,-4.923910152000245e-8
108.97,2.608158183919374e-7,-4.768750416828375e-8
108.98,2.6014015315507116e-7,-4.613567284736711e-8
108.99,2.5944516018828915e-7,-4.45837435132671e-8
109.0,2.587309221209213e-7,-4.3031851815770854e-8
109.01,2.579975229828199e-7,-4.1480133087505827e-8
109.02,2.5724504819548683e-7,-3.99287223327569e-8
109.03,2.564735845631212e-7,-3.837775421711051e-8
109.04,2.5568322026379354e-7,-3.6827363055999376e-8
109.05,2.548740448401103e-7,-3.527768280426521e-8
109.06,2.540461491907379e-7,-3.372884704535496e-8
109.07,2.5319962556035955e-7,-3.2180988980579184e-8
109.08,2.5233456753074913e-7,-3.063424141867301e-8
109.09,2.5145107001097396e-7,-2.908873676513271e-8
109.1,2.505492292290549e-7,-2.7544607011205247e-8
109.11,2.496291427204988e-7,-2.600198372463093e-8
109.12,2.4869090931976124e-7,-2.4460998038109616e-8
109.13,2.477346291503341e-7,-2.2921780639540843e-8
109.14,2.4676040361506736e-7,-2.138446176125781e-8
109.15,2.4576833538526024e-7,-1.9849171170737695e-8
109.16,2.4475852839141015e-7,-1.8316038159518468e-8
109.17,2.437310878130586e-7,-1.6785191533471775e-8
109.18,2.4268612006840873e-7,-1.5256759603046342e-8
109.19,2.416237328037662e-7,-1.3730870172530484e-8
109.2,2.4054403488339695e-7,-1.2207650531308184e-8
109.21,2.394471363791068e-7,-1.0687227442987822e-8
109.22,2.3833314855944194e-7,-9.169727136251165e-9
109.23,2.3720218387940267e-7,-7.655275294736092e-9
109.24,2.360543559689688e-7,-6.143997048106399e-9
109.25,2.3488977962448555e-7,-4.6360169613456446e-9
109.26,2.3370857079379141e-7,-3.1314590263700232e-9
109.27,2.3251084656927058e-7,-1.6304466522037196e-9
109.28,2.3129672517468743e-7,-1.331026555804243e-10
109.29,2.3006632595461363e-7,1.360450748561596e-9
109.3,2.2881976936356599e-7,2.8500919557235326e-9
109.31,2.2755717695421182e-7,4.33569998142397e-9
109.32,2.2627867136620785e-7,5.817154470160009e-9
109.33,2.2498437631510688e-7,7.294335704962595e-9
109.34,2.2367441658074852e-7,8.767124613135286e-9
109.35,2.2234891799553732e-7,1.0235402781585434e-8
109.36,2.2100800743311215e-7,1.1699052458976174e-8
109.37,2.1965181279688565e-7,1.3157956567988088e-8
109.38,2.1828046300774165e-7,1.4611998712889707e-8
109.39,2.1689408799266261e-7,1.6061063188281767e-8
109.4,2.1549281867287023e-7,1.750503498748177e-8
109.41,2.1407678695197857e-7,1.8943799810986252e-8
109.42,2.1264612570379207e-7,2.0377244074992925e-8
109.43,2.1120096876049316e-7,2.180525491854582e-8
109.44,2.09741450900385e-7,2.3227720213281614e-8
109.45,2.082677078361256e-7,2.4644528570754823e-8
109.46,2.0677987620219566e-7,2.6055569349835023e-8
109.47,2.0527809354246974e-7,2.7460732665340212e-8
109.48,2.0376249829844142e-7,2.8859909395675754e-8
109.49,2.0223322979678546e-7,3.02529911907423e-8
109.5,2.0069042823640679e-7,3.163987047905273e-8
109.51,1.9913423467659898e-7,3.302044047606309e-8
109.52,1.9756479102400943e-7,3.4394595190138215e-8
109.53,1.9598224002086924e-7,3.5762229432876244e-8
109.54,1.943867252317521e-7,3.712323882322491e-8
109.55,1.9277839103059755e-7,3.847751979649896e-8
109.56,1.911573825891299e-7,3.98249696110536e-8
109.57,1.8952384586324015e-7,4.116548635567306e-8
109.58,1.8787792758042955e-7,4.249896895595399e-8
109.59,1.8621977522689272e-7,4.3825317181628086e-8
109.6,1.8454953703520482e-7,4.514443165330679e-8
109.61,1.8286736197018953e-7,4.645621384917789e-8
109.62,1.8117339971786526e-7,4.776056611155902e-8
109.63,1.7946780067056927e-7,4.905739165335607e-8
109.64,1.7775071591499028e-7,5.034659456482087e-8
109.65,1.760222972187616e-7,5.162807981957882e-8
109.66,1.7428269701770893e-7,5.29017532810456e-8
109.67,1.7253206840242528e-7,5.416752170856834e-8
109.68,1.707705651049898e-7,5.542529276379528e-8
109.69,1.6899834148631558e-7,5.6674975015994085e-8
109.7,1.6721555252243112e-7,5.791647794870229e-8
109.71,1.6542235379150466e-7,5.914971196519798e-8
109.72,1.6361890146046674e-7,6.037458839405009e-8
109.73,1.6180535227178777e-7,6.159101949513993e-8
109.74,1.599818635299166e-7,6.279891846485083e-8
109.75,1.581485930884296e-7,6.399819944191377e-8
109.76,1.5630569933624637e-7,6.518877751225788e-8
109.77,1.5445334118414693e-7,6.637056871467517e-8
109.78,1.5259167805189394e-7,6.754349004601325e-8
109.79,1.5072086985440594e-7,6.870745946576893e-8
109.8,1.4884107698797755e-7,6.986239590155145e-8
109.81,1.4695246031788477e-7,7.10082192539199e-8
109.82,1.4505518116367365e-7,7.214485040100177e-8
109.83,1.4314940128627758e-7,7.327221120305232e-8
109.84,1.4123528287468082e-7,7.43902245075723e-8
109.85,1.3931298853199303e-7,7.549881415349594e-8
109.86,1.3738268126196893e-7,7.65979049754784e-8
109.87,1.3544452445553596e-7,7.768742280832601e-8
109.88,1.334986818774585e-7,7.876729449146155e-8
109.89,1.315453176521071e-7,7.98374478726561e-8
109.9,1.2958459625107832e-7,8.089781181268974e-8
109.91,1.2761668247782617e-7,8.194831618827553e-8
109.92,1.2564174145574777e-7,8.2988891896789e-8
109.93,1.236599386138246e-7,8.40194708597378e-8
109.94,1.2167143967306989e-7,8.503998602630084e-8
109.95,1.1967641063283719e-7,8.60503713771838e-8
109.96,1.1767501775766661e-7,8.705056192752506e-8
109.97,1.156674275629749e-7,8.804049373091298e-8
109.98,1.1365380680230559e-7,8.902010388214756e-8
109.99,1.1163432245278552e-7,8.998933052072166e-8
110.0,1.0960914170220888e-7,9.094811283377279e-8
110.01,1.0757843193547194e-7,9.189639105880541e-8
110.02,1.0554236072038358e-7,9.283410648720022e-8
110.03,1.0350109579469699e-7,9.376120146648961e-8
110.04,1.0145480505220646e-7,9.467761940286245e-8
110.05,9.940365652930082e-8,9.558330476466987e-8
110.06,9.734781839116873e-8,9.647820308374897e-8
110.07,9.528745891890366e-8,9.736226095855181e-8
110.08,9.322274649510437e-8,9.823542605659688e-8
110.09,9.115384959086871e-8,9.909764711576866e-8
110.1,8.908093675248477e-8,9.994887394733286e-8
110.11,8.70041765871962e-8,1.0078905743764265e-7
110.12,8.492373775031332e-8,1.0161814954978538e-7
110.13,8.283978893182983e-8,1.0243610332585914e-7
110.14,8.075249884256796e-8,1.0324287288823859e-7
110.15,7.866203620091879e-8,1.0403841344155658e-7
110.16,7.656856971961541e-8,1.048226812738573e-7
110.17,7.447226809193399e-8,1.0559563375863829e-7
110.18,7.237329997907279e-8,1.0635722935530794e-7
110.19,7.027183399588968e-8,1.0710742761137747e-7
110.2,6.816803869825807e-8,1.0784618916246682e-7
110.21,6.606208256970375e-8,1.0857347573467054e-7
110.22,6.395413400772848e-8,1.0928925014440727e-7
110.23,6.184436131108698e-8,1.09993476299847e-7
110.24,5.973293266608285e-8,1.1068611920130181e-7
110.25,5.762001613415065e-8,1.1136714494239943e-7
110.26,5.550577963768371e-8,1.1203652071001588e-7
110.27,5.339039094891316e-8,1.1269421478536494e-7
110.28,5.127401767127959e-8,1.1334019654345682e-7
110.29,4.9156827236153907e-8,1.1397443645468858e-7
110.3,4.703898688077461e-8,1.1459690608400159e-7
110.31,4.4920663639073995e-8,1.1520757809096656e-7
110.32,4.280202432850835e-8,1.1580642623079565e-7
110.33,4.068323553729798e-8,1.163934253527887e-7
110.34,3.856446361073928e-8,1.1696855140111759e-7
110.35,3.6445874639180625e-8,1.1753178141439333e-7
110.36,3.4327634445494236e-8,1.1808309352567142e-7
110.37,3.2209908569417124e-8,1.1862246695942527e-7
110.38,3.00928622606091e-8,1.1914988203588745e-7
110.39,2.797666046045142e-8,1.1966532016578238e-7
110.4,2.5861467791487494e-8,1.201687638511848e-7
110.41,2.3747448546054405e-8,1.2066019668575813e-7
110.42,2.1634766671773515e-8,1.2113960335208992e-7
110.43,1.9523585760391003e-8,1.2160696962170358e-7
110.44,1.7414069034478124e-8,1.220622823535816e-7
110.45,1.5306379335710716e-8,1.2250552949299513e-7
110.46,1.3200679112781182e-8,1.2293670006996795e-7
110.47,1.1097130407615753e-8,1.2335578419855143e-7
110.48,8.995894844845366e-9,1.237627730746089e-7
110.49,6.897133618967054e-9,1.24157658974413e-7
110.5,4.801007482001429e-9,1.2454043525343797e-7
110.51,2.7076767315849562e-9,1.2491109634375207e-7
110.52,6.173011992378878e-10,1.252696377532291e-7
110.53,-1.469959762068678e-9,1.256160560623907e-7
110.54,-3.5539472891445987e-9,1.2595034892333474e-7
110.55,-5.634503021707996e-9,1.2627251505774049e-7
110.56,-7.711469112365532e-9,1.2658255425338076e-7
110.57,-9.78468823970281e-9,1.2688046736303076e-7
110.58,-1.185400361971084e-8,1.271662563019605e-7
110.59,-1.3919259016751385e-8,1.2743992404504518e-7
110.6,-1.598029875598717e-8,1.2770147462433384e-7
110.61,-1.803696773427261e-8,1.279509131266564e-7
110.62,-2.0089111431563648e-8,1.281882456905988e-7
110.63,-2.2136575922668548e-8,1.2841347950395598e-7
110.64,-2.4179207888511946e-8,1.286266228006122e-7
110.65,-2.621685462614609e-8,1.288276848576923e-7
110.66,-2.82493640620829e-8,1.2901667599240724e-7
110.67,-3.027658476148511e-8,1.2919360755922996e-7
110.68,-3.229836594032947e-8,1.2935849194595297e-7
110.69,-3.4314557475378303e-8,1.2951134257124262e-7
110.7,-3.6325009916117155e-8,1.296521738807516e-7
110.71,-3.8329574494779145e-8,1.2978100134360116e-7
110.72,-4.0328103137322045e-8,1.2989784144907008e-7
110.73,-4.232044847428905e-8,1.300027117028612e-7
110.74,-4.430646385093177e-8,1.30095630623287e-7
110.75,-4.6286003338375534e-8,1.3017661773756916e-7
110.76,-4.8258921743624234e-8,1.302456935780913e-7
110.77,-5.0225074619803507e-8,1.3030287967811587e-7
110.78,-5.2184318276722125e-8,1.3034819856811109e-7
110.79,-5.413650979124126e-8,1.3038167377128611e-7
110.8,-5.608150701686382e-8,1.3040332979981468e-7
110.81,-5.8019168594475276e-8,1.3041319215017373e-7
110.82,-5.994935396187448e-8,1.304112872990466e-7
110.83,-6.18719233631878e-8,1.3039764269889496e-7
110.84,-6.37867378610618e-8,1.3037228677326657e-7
110.85,-6.569365934234717e-8,1.3033524891248287e-7
110.86,-6.75925505313728e-8,1.3028655946884827e-7
110.87,-6.948327499798705e-8,1.3022624975217973e-7
110.88,-7.136569716727216e-8,1.3015435202438393e-7
110.89,-7.323968232879159e-8,1.3007089949552815e-7
110.9,-7.510509664650864e-8,1.299759263180333e-7
110.91,-7.696180716676175e-8,1.2986946758236325e-7
110.92,-7.880968182913602e-8,1.297515593113403e-7
110.93,-8.064858947456572e-8,1.2962223845568306e-7
110.94,-8.247839985387885e-8,1.2948154288810335e-7
110.95,-8.429898363747632e-8,1.2932951139846365e-7
110.96,-8.611021242427348e-8,1.2916618368843506e-7
110.97,-8.791195875008708e-8,1.289916003655641e-7
110.98,-8.97040960955754e-8,1.2880580293873042e-7
110.99,-9.148649889612167e-8,1.286088338116879e-7
111.0,-9.325904254948452e-8,1.284007362778211e-7
111.01,-9.502160342396628e-8,1.2818155451485053e-7
111.02,-9.677405886814449e-8,1.2795133357778978e-7
111.03,-9.851628721653143e-8,1.2771011939504325e-7
111.04,-1.0024816780033574e-7,1.2745795876093068e-7
111.05,-1.0196958095356598e-7,1.271948993305974e-7
111.06,-1.036804080216789e-7,1.269209896136622e-7
111.07,-1.0538053136964331e-7,1.2663627896825527e-7
111.08,-1.0706983438924024e-7,1.2634081759481799e-7
111.09,-1.0874820150692997e-7,1.2603465653018476e-7
111.1,-1.1041551819091184e-7,1.2571784764104548e-7
111.11,-1.1207167095935889e-7,1.2539044361784969e-7
111.12,-1.1371654738726914e-7,1.250524979683186e-7
111.13,-1.1535003611340122e-7,1.2470406501097093e-7
111.14,-1.1697202684885921e-7,1.2434519986888973e-7
111.15,-1.1858241038163119e-7,1.2397595846305955e-7
111.16,-1.201810785862297e-7,1.2359639750566668e-7
111.17,-1.2176792442894e-7,1.2320657449369055e-7
111.18,-1.233428419749667e-7,1.2280654770201084e-7
111.19,-1.24905726395295e-7,1.2239637617687704e-7
111.2,-1.2645647397285236e-7,1.2197611972878195e-7
111.21,-1.2799498210965844e-7,1.2154583892602133e-7
111.22,-1.2952114933215158e-7,1.2110559508743475e-7
111.23,-1.310348752988155e-7,1.2065545027572064e-7
111.24,-1.3253606080527139e-7,1.2019546728992776e-7
111.25,-1.3402460779071168e-7,1.197257096593879e-7
111.26,-1.3550041934317458e-7,1.1924624163558775e-7
111.27,-1.36963399707423e-7,1.1875712818558185e-7
111.28,-1.384134542885939e-7,1.1825843498455377e-7
111.29,-1.3985048965869856e-7,1.1775022840878502e-7
111.3,-1.4127441356215143e-7,1.1723257552856458e-7
111.31,-1.4268513492146895e-7,1.1670554409924442e-7
111.32,-1.4408256384176322e-7,1.1616920255706274e-7
111.33,-1.4546661161732238e-7,1.15623620008392e-7
111.34,-1.468371907357537e-7,1.1506886622463049e-7
111.35,-1.4819421488327933e-7,1.1450501163304604e-7
111.36,-1.495375989499219e-7,1.1393212731007884e-7
111.37,-1.5086725903382622e-7,1.1335028497424804e-7
111.38,-1.5218311244692295e-7,1.1275955697703611e-7
111.39,-1.5348507771813472e-7,1.1216001629674124e-7
111.4,-1.5477307459970106e-7,1.115517365298646e-7
111.41,-1.56047024069911e-7,1.1093479188351581e-7
111.42,-1.573068483385276e-7,1.10309257168067e-7
111.43,-1.5855247085049177e-7,1.0967520778850681e-7
111.44,-1.5978381629043173e-7,1.0903271973764302e-7
111.45,-1.6100081058603078e-7,1.0838186958720986e-7
111.46,-1.622033809124862e-7,1.0772273448087571e-7
111.47,-1.6339145569640187e-7,1.0705539212522916e-7
111.48,-1.6456496461914217e-7,1.063799207827699e-7
111.49,-1.6572383861947038e-7,1.0569639926334842e-7
111.5,-1.668680098998277e-7,1.0500490691632205e-7
111.51,-1.6799741192667e-7,1.0430552362233633e-7
111.52,-1.6911197943526746e-7,1.0359832978547033e-7
111.53,-1.7021164843243796e-7,1.0288340632467544e-7
111.54,-1.712963562006973e-7,1.021608346659555e-7
111.55,-1.723660412985823e-7,1.0143069673413661e-7
111.56,-1.7342064356637287e-7,1.0069307494459773e-7
111.57,-1.744601041271752e-7,9.994805219477056e-8
111.58,-1.7548436539033527e-7,9.919571185648563e-8
111.59,-1.764933710531181e-7,9.843613776698274e-8
111.6,-1.774870661039754e-7,9.766941422104805e-8
111.61,-1.7846539682415455e-7,9.68956259626959e-8
111.62,-1.794283107905573e-7,9.611485817631218e-8
111.63,-1.8037575687760275e-7,9.532719647873941e-8
111.64,-1.8130768525844714e-7,9.45327269109529e-8
111.65,-1.8222404740838568e-7,9.373153592912012e-8
111.66,-1.831247961052551e-7,9.292371039672878e-8
111.67,-1.8400988543160585e-7,9.210933757562122e-8
111.68,-1.8487927077645718e-7,9.128850511792346e-8
111.69,-1.8573290883654157e-7,9.046130105740971e-8
111.7,-1.8657075761786032e-7,8.962781380086253e-8
111.71,-1.8739277643638894e-7,8.878813211967141e-8
111.72,-1.8819892591965059e-7,8.79423451414146e-8
111.73,-1.8898916800780948e-7,8.709054234096435e-8
111.74,-1.8976346595455205e-7,8.623281353231968e-8
111.75,-1.9052178432752027e-7,8.536924885976829e-8
111.76,-1.9126408900927082e-7,8.449993878931818e-8
111.77,-1.9199034719832856e-7,8.36249741002519e-8
111.78,-1.927005274087412e-7,8.27444458763988e-8
111.79,-1.933945994714785e-7,8.185844549753366e-8
111.8,-1.9407253453387467e-7,8.0967064630636e-8
111.81,-1.9473430506042312e-7,8.007039522160443e-8
111.82,-1.9537988483248952e-7,7.916852948625807e-8
111.83,-1.9600924894828128e-7,7.826155990185701e-8
111.84,-1.9662237382305114e-7,7.734957919838039e-8
111.85,-1.9721923718877445e-7,7.643268034998896e-8
111.86,-1.977998180934997e-7,7.551095656626415e-8
111.87,-1.9836409690026256e-7,7.458450128377286e-8
111.88,-1.9891205528891562e-7,7.365340815683529e-8
111.89,-1.9944367625323507e-7,7.271777104939584e-8
111.9,-1.9995894410035012e-7,7.17776840263642e-8
111.91,-2.0045784445103104e-7,7.083324134462246e-8
111.92,-2.0094036423764075e-7,6.988453744463149e-8
111.93,-2.0140649170381652e-7,6.893166694149219e-8
111.94,-2.0185621640287157e-7,6.797472461671597e-8
111.95,-2.0228952919663278e-7,6.701380540888777e-8
111.96,-2.027064222536263e-7,6.604900440666679e-8
111.97,-2.031068890491011e-7,6.508041683710907e-8
111.98,-2.0349092436139595e-7,6.41081380599133e-8
111.99,-2.0385852427182732e-7,6.313226355772317e-8
112.0,-2.0420968616199958e-7,6.215288892692927e-8
112.01,-2.045444087125268e-7,6.117010987025883e-8
112.02,-2.0486269190055335e-7,6.018402218715573e-8
112.03,-2.0516453699825986e-7,5.91947217655767e-8
112.04,-2.054499465699338e-7,5.820230457332251e-8
112.05,-2.0571892447047959e-7,5.720686664944642e-8
112.06,-2.0597147584229103e-7,5.620850409587399e-8
112.07,-2.0620760711343885e-7,5.520731306856891e-8
112.08,-2.0642732599464092e-7,5.420338976908753e-8
112.09,-2.0663064147674952e-7,5.319683043614657e-8
112.1,-2.0681756382806467e-7,5.2187731337076934e-8
112.11,-2.0698810459136689e-7,5.117618875871727e-8
112.12,-2.0714227658095172e-7,5.0162299000399994e-8
112.13,-2.0728009387926317e-7,4.9146158363850936e-8
112.14,-2.0740157183430876e-7,4.812786314571427e-8
112.15,-2.075067270569983e-7,4.710750962851067e-8
112.16,-2.0759557741530497e-7,4.6085194072864515e-8
112.17,-2.076681420334177e-7,4.506101270882707e-8
112.18,-2.0772444128728835e-7,4.403506172701668e-8
112.19,-2.077644968006709e-7,4.300743727108238e-8
112.2,-2.0778833144203282e-7,4.197823542874954e-8
112.21,-2.0779596931991917e-7,4.094755222381855e-8
112.22,-2.077874357800578e-7,3.991548360761879e-8
112.23,-2.0776275740031717e-7,3.888212545098659e-8
112.24,-2.0772196198636296e-7,3.784757353586293e-8
112.25,-2.0766507857229952e-7,3.6811923547403676e-8
112.26,-2.0759213740635722e-7,3.577527106470304e-8
112.27,-2.0750316995618985e-7,3.4737711554268913e-8
112.28,-2.073982088997736e-7,3.369934036057331e-8
112.29,-2.0727728812216367e-7,3.2660252698359564e-8
112.3,-2.0714044271016685e-7,3.1620543644788286e-8
112.31,-2.0698770894781634e-7,3.0580308130704316e-8
112.32,-2.0681912431225914e-7,2.953964093356917e-8
112.33,-2.0663472746782068e-7,2.849863666864698e-8
112.34,-2.0643455826193112e-7,2.7457389781018605e-8
112.35,-2.0621865771913108e-7,2.6415994538425365e-8
112.36,-2.0598706803679653e-7,2.5374545022765798e-8
112.37,-2.0573983257910993e-7,2.433313512190714e-8
112.38,-2.0547699587296766e-7,2.3291858522479064e-8
112.39,-2.0519860360055517e-7,2.2250808702137424e-8
112.4,-2.049047025961455e-7,2.1210078920565255e-8
112.41,-2.0459534083902126e-7,2.016976221348349e-8
112.42,-2.042705674485841e-7,1.9129951383753922e-8
112.43,-2.0393043267650727e-7,1.8090738993707183e-8
112.44,-2.035749879055562e-7,1.7052217358247667e-8
112.45,-2.0320428563885737e-7,1.6014478536705212e-8
112.46,-2.0281837949628643e-7,1.4977614325109562e-8
112.47,-2.0241732420843955e-7,1.394171624904113e-8
112.48,-2.0200117560892276e-7,1.2906875556432072e-8
112.49,-2.015699906307775e-7,1.1873183209086771e-8
112.5,-2.0112382729781245e-7,1.0840729876228115e-8
112.51,-2.0066274472050544e-7,9.809605926495444e-9
112.52,-2.0018680308310493e-7,8.779901421735524e-9
112.53,-1.9969606364987892e-7,7.751706107798915e-9
112.54,-1.9919058874559463e-7,6.725109408924887e-9
112.55,-1.9867044175559103e-7,5.700200420132183e-9
112.56,-1.9813568711731843e-7,4.6770678995892846e-9
112.57,-1.975863903137941e-7,3.6558002621498197e-9
112.58,-1.9702261786658738e-7,2.636485571731092e-9
112.59,-1.964444373290472e-7,1.6192115346077542e-9
112.6,-1.9585191727943563e-7,6.040654923778841e-10
112.61,-1.9524512731263463e-7,-4.0886558513675424e-10
112.62,-1.9462413803486923e-7,-1.4194951065315068e-9
112.63,-1.9398902105519592e-7,-2.427736865764851e-9
112.64,-1.9333984897834644e-7,-3.4335050491065876e-9
112.65,-1.9267669539756942e-7,-4.436714241587013e-9
112.66,-1.9199963488718937e-7,-5.437279433911074e-9
112.67,-1.9130874299513724e-7,-6.435116029226904e-9
112.68,-1.9060409623521873e-7,-7.430139849414417e-9
112.69,-1.8988577207952443e-7,-8.42226714183721e-9
112.7,-1.8915384895092356e-7,-9.41141458574478e-9
112.71,-1.8840840621489127e-7,-1.0397499298630195e-8
112.72,-1.8764952417221735e-7,-1.1380438843298942e-8
112.73,-1.8687728405067484e-7,-1.2360151233143788e-8
112.74,-1.8609176799744935e-7,-1.3336554939218157e-8
112.75,-1.8529305907043952e-7,-1.4309568896123483e-8
112.76,-1.8448124123186055e-7,-1.5279112508852555e-8
112.77,-1.8365639933744928e-7,-1.6245105657721667e-8
112.78,-1.8281861913088214e-7,-1.720746870544848e-8
112.79,-1.8196798723380064e-7,-1.8166122503004002e-8
112.8,-1.8110459113870954e-7,-1.9120988395101025e-8
112.81,-1.8022851919973889e-7,-2.007198822721113e-8
112.82,-1.793398606248091e-7,-2.1019044349915516e-8
112.83,-1.784387054665611e-7,-2.1962079625733235e-8
112.84,-1.7752514461465477e-7,-2.2901017434934395e-8
112.85,-1.7659926978651385e-7,-2.3835781680635064e-8
112.86,-1.7566117351914725e-7,-2.4766296794868354e-8
112.87,-1.7471094916034515e-7,-2.5692487744179903e-8
112.88,-1.7374869085959176e-7,-2.6614280034755766e-8
112.89,-1.727744935601215e-7,-2.7531599718493854e-8
112.9,-1.7178845298904588e-7,-2.844437339754603e-8
112.91,-1.7079066564964996e-7,-2.9352528230911663e-8
112.92,-1.69781228811645e-7,-3.02559919386122e-8
112.93,-1.687602405023543e-7,-3.1154692807449607e-8
112.94,-1.677277994978965e-7,-3.2048559695849385e-8
112.95,-1.6668400531408975e-7,-3.293752203950784e-8
112.96,-1.6562895819751208e-7,-3.3821509856050773e-8
112.97,-1.6456275911571366e-7,-3.470045374994307e-8
112.98,-1.634855097488804e-7,-3.5574284917596214e-8
112.99,-1.6239731248037027e-7,-3.644293515252252e-8
113.0,-1.6129827038691046e-7,-3.730633684948183e-8
113.01,-1.6018848723000915e-7,-3.816442300986182e-8
113.02,-1.5906806744622406e-7,-3.9017127245750326e-8
113.03,-1.579371161381314e-7,-3.986438378529235e-8
113.04,-1.5679573906423784e-7,-4.070612747653278e-8
113.05,-1.5564404263018283e-7,-4.154229379244116e-8
113.06,-1.544821338793231e-7,-4.237281883492722e-8
113.07,-1.533101204824747e-7,-4.31976393396705e-8
113.08,-1.5212811072923695e-7,-4.401669268007478e-8
113.09,-1.5093621351719366e-7,-4.4829916871164676e-8
113.1,-1.4973453834403752e-7,-4.563725057487731e-8
113.11,-1.4852319529652112e-7,-4.6438633103341377e-8
113.12,-1.4730229504101912e-7,-4.7234004422521567e-8
113.13,-1.4607194881439132e-7,-4.802330515747463e-8
113.14,-1.4483226841340976e-7,-4.880647659504493e-8
113.15,-1.4358336618592024e-7,-4.9583460688467244e-8
113.16,-1.4232535502012475e-7,-5.035420006084867e-8
113.17,-1.4105834833516528e-7,-5.1118638008862936e-8
113.18,-1.397824600720064e-7,-5.187671850663067e-8
113.19,-1.38497804681496e-7,-5.262838620880785e-8
113.2,-1.372044971172402e-7,-5.337358645485715e-8
113.21,-1.3590265282327617e-7,-5.411226527198018e-8
113.22,-1.3459238772533085e-7,-5.484436937854823e-8
113.23,-1.3327381822080434e-7,-5.5569846187451724e-8
113.24,-1.3194706116849181e-7,-5.628864380952869e-8
113.25,-1.3061223387856076e-7,-5.7000711056425384e-8
113.26,-1.292694541025711e-7,-5.770599744415834e-8
113.27,-1.2791884002343383e-7,-5.8404453195662156e-8
113.28,-1.2656051024626658e-7,-5.909602924438362e-8
113.29,-1.2519458378594467e-7,-5.978067723636205e-8
113.3,-1.2382118005993928e-7,-6.045834953376966e-8
113.31,-1.224404188749285e-7,-6.112899921766656e-8
113.32,-1.2105242042058543e-7,-6.179258009021808e-8
113.33,-1.1965730525620022e-7,-6.24490466777633e-8
113.34,-1.1825519430170378e-7,-6.309835423309936e-8
113.35,-1.1684620882777792e-7,-6.374045873849791e-8
113.36,-1.1543047044504663e-7,-6.437531690750309e-8
113.37,-1.1400810109463045e-7,-6.500288618786172e-8
113.38,-1.1257922303695895e-7,-6.562312476306838e-8
113.39,-1.1114395884263444e-7,-6.623599155533738e-8
113.4,-1.0970243138132447e-7,-6.684144622798822e-8
113.41,-1.0825476381233602e-7,-6.74394491862416e-8
113.42,-1.0680107957346895e-7,-6.802996158042764e-8
113.43,-1.0534150237221961e-7,-6.861294530789983e-8
113.44,-1.038761561734861e-7,-6.91883630139569e-8
113.45,-1.0240516519123168e-7,-6.975617809452331e-8
113.46,-1.0092865387712628e-7,-7.031635469831079e-8
113.47,-9.944674691084011e-8,-7.086885772675425e-8
113.48,-9.795956918973121e-8,-7.141365283762559e-8
113.49,-9.646724581823514e-8,-7.19507064452138e-8
113.5,-9.49699020977584e-8,-7.247998572237015e-8
113.51,-9.346766351711068e-8,-7.300145860187878e-8
113.52,-9.196065574102477e-8,-7.351509377762209e-8
113.53,-9.044900460114808e-8,-7.4020860705977e-8
113.54,-8.893283608501191e-8,-7.451872960706578e-8
113.55,-8.741227632590637e-8,-7.50086714653991e-8
113.56,-8.588745159308663e-8,-7.54906580320307e-8
113.57,-8.43584882811367e-8,-7.596466182400304e-8
113.58,-8.28255128997892e-8,-7.643065612686619e-8
113.59,-8.128865206400785e-8,-7.688861499413218e-8
113.6,-7.97480324834715e-8,-7.733851324908304e-8
113.61,-7.82037809526307e-8,-7.778032648498027e-8
113.62,-7.665602434024381e-8,-7.821403106581255e-8
113.63,-7.5104889579661e-8,-7.863960412698268e-8
113.64,-7.355050365811427e-8,-7.905702357528708e-8
113.65,-7.199299360712004e-8,-7.946626809051156e-8
113.66,-7.04324864920011e-8,-7.986731712442688e-8
113.67,-6.886910940176327e-8,-8.026015090194306e-8
113.68,-6.730298943944183e-8,-8.064475042130524e-8
113.69,-6.573425371147296e-8,-8.102109745407431e-8
113.7,-6.416302931796789e-8,-8.138917454466589e-8
113.71,-6.258944334168396e-8,-8.174896501180076e-8
113.72,-6.10136228407176e-8,-8.210045294715796e-8
113.73,-5.9435694835068036e-8,-8.244362321574087e-8
113.74,-5.785578629863842e-8,-8.277846145600266e-8
113.75,-5.627402414917496e-8,-8.310495407878932e-8
113.76,-5.469053523752506e-8,-8.342308826805669e-8
113.77,-5.3105446338648055e-8,-8.373285197978136e-8
113.78,-5.1518884140840253e-8,-8.403423394171021e-8
113.79,-4.993097523646335e-8,-8.432722365289621e-8
113.8,-4.8341846111417014e-8,-8.461181138308977e-8
113.81,-4.67516231369337e-8,-8.488798817229436e-8
113.82,-4.516043255739834e-8,-8.515574582969286e-8
113.83,-4.3568400482428785e-8,-8.541507693303892e-8
113.84,-4.1975652876124856e-8,-8.566597482799613e-8
113.85,-4.038231554805733e-8,-8.590843362704273e-8
113.86,-3.878851414313017e-8,-8.614244820855724e-8
113.87,-3.7194374131573746e-8,-8.63680142157009e-8
113.88,-3.560002080031719e-8,-8.658512805557856e-8
113.89,-3.400557924258644e-8,-8.679378689760691e-8
113.9,-3.241117434845242e-8,-8.699398867293462e-8
113.91,-3.081693079537979e-8,-8.718573207251014e-8
113.92,-2.9222973039092898e-8,-8.736901654626715e-8
113.93,-2.7629425302798928e-8,-8.7543842301053e-8
113.94,-2.6036411569930686e-8,-8.77102102999748e-8
113.95,-2.4444055572648752e-8,-8.786812226032267e-8
113.96,-2.2852480783810632e-8,-8.801758065210994e-8
113.97,-2.126181040629551e-8,-8.815858869570656e-8
113.98,-1.967216736554999e-8,-8.829115036199909e-8
113.99,-1.8083674298981385e-8,-8.841527036824579e-8
114.0,-1.649645354674593e-8,-8.853095417782445e-8
114.01,-1.4910627143495743e-8,-8.863820799777057e-8
114.02,-1.332631680803628e-8,-8.873703877677289e-8
114.03,-1.174364393552549e-8,-8.882745420323077e-8
114.04,-1.0162729587043765e-8,-8.890946270320085e-8
114.05,-8.583694481957816e-9,-8.898307343812832e-8
114.06,-7.006658987661495e-9,-8.904829630243162e-8
114.07,-5.4317431114826676e-9,-8.91051419217804e-8
114.08,-3.859066491685663e-9,-8.915362165016123e-8
114.09,-2.2887483881268024e-9,-8.91937475678724e-8
114.1,-7.209076743799256e-10,-8.922553247892632e-8
114.11,8.443371720933832e-10,-8.924898990842611e-8
114.12,2.4068680777509605e-9,-8.926413409995777e-8
114.13,3.9665673825878525e-9,-8.927098001353037e-8
114.14,5.5233178474865915e-9,-8.926954332201862e-8
114.15,7.077002663712559e-9,-8.92598404090246e-8
114.16,8.6275054614022e-9,-8.924188836578083e-8
114.17,1.017471031749407e-8,-8.921570498839161e-8
114.18,1.1718501764706417e-8,-8.91813087749855e-8
114.19,1.325876479953132e-8,-8.913871892260272e-8
114.2,1.4795384890720403e-8,-8.908795532424211e-8
114.21,1.632824798785543e-8,-8.902903856547721e-8
114.22,1.7857240527712785e-8,-8.896198992240312e-8
114.23,1.9382249446127513e-8,-8.888683135661102e-8
114.24,2.09031621826942e-8,-8.880358551342984e-8
114.25,2.2419866689968066e-8,-8.871227571826569e-8
114.26,2.3932251441676105e-8,-8.861292597291813e-8
114.27,2.5440205440476407e-8,-8.850556095241629e-8
114.28,2.6943618225905305e-8,-8.839020600156943e-8
114.29,2.844237988240027e-8,-8.826688713143799e-8
114.3,2.993638104650677e-8,-8.813563101549462e-8
114.31,3.142551291445646e-8,-8.799646498683608e-8
114.32,3.290966725155849e-8,-8.78494170331019e-8
114.33,3.43887363974694e-8,-8.769451579413614e-8
114.34,3.586261327545729e-8,-8.753179055757165e-8
114.35,3.733119139871508e-8,-8.736127125505408e-8
114.36,3.8794364878544975e-8,-8.718298845840948e-8
114.37,4.025202843160986e-8,-8.699697337581591e-8
114.38,4.170407738680116e-8,-8.680325784766234e-8
114.39,4.3150407693182244e-8,-8.660187434248458e-8
114.4,4.4590915926053e-8,-8.639285595395977e-8
114.41,4.602549929574619e-8,-8.617623639459963e-8
114.42,4.7454055653182427e-8,-8.595204999382943e-8
114.43,4.887648349740837e-8,-8.57203316923367e-8
114.44,5.0292681982668406e-8,-8.548111703883005e-8
114.45,5.1702550924853284e-8,-8.52344421849962e-8
114.46,5.3105990809102795e-8,-8.498034388132903e-8
114.47,5.450290279530184e-8,-8.471885947327627e-8
114.48,5.589318872789945e-8,-8.445002689544553e-8
114.49,5.72767511326297e-8,-8.417388467031568e-8
114.5,5.8653493241116575e-8,-8.389047189861047e-8
114.51,6.002331897985139e-8,-8.359982825953923e-8
114.52,6.13861329850632e-8,-8.330199400376701e-8
114.53,6.274184060760788e-8,-8.299700994938645e-8
114.54,6.409034791910955e-8,-8.268491747709526e-8
114.55,6.543156171782863e-8,-8.236575852590292e-8
114.56,6.676538953567183e-8,-8.20395755875097e-8
114.57,6.809173964324512e-8,-8.17064117024414e-8
114.58,6.941052105656703e-8,-8.136631045470203e-8
114.59,7.07216435428721e-8,-8.101931596705317e-8
114.6,7.20250176260505e-8,-8.066547289587882e-8
114.61,7.332055459274833e-8,-8.030482642678375e-8
114.62,7.460816649856155e-8,-7.993742226877697e-8
114.63,7.588776617202811e-8,-7.956330665009267e-8
114.64,7.715926722301565e-8,-7.918252631268126e-8
114.65,7.842258404530369e-8,-7.87951285070207e-8
114.66,7.967763182376238e-8,-7.840116098734104e-8
114.67,8.092432653931244e-8,-7.800067200629154e-8
114.68,8.216258497371468e-8,-7.759371030950817e-8
114.69,8.339232471583687e-8,-7.718032513091146e-8
114.7,8.461346416565261e-8,-7.676056618689592e-8
114.71,8.582592254008133e-8,-7.633448367146473e-8
114.72,8.702961987755281e-8,-7.590212825037709e-8
114.73,8.822447704332206e-8,-7.546355105669175e-8
114.74,8.941041573395997e-8,-7.501880368416581e-8
114.75,9.05873584822782e-8,-7.456793818291008e-8
114.76,9.175522866204745e-8,-7.411100705338574e-8
114.77,9.291395049258568e-8,-7.364806324093069e-8
114.78,9.406344904315757e-8,-7.31791601306694e-8
114.79,9.520365023780098e-8,-7.270435154118944e-8
114.8,9.633448085958858e-8,-7.222369171988748e-8
114.81,9.745586855446149e-8,-7.173723533673756e-8
114.82,9.856774183631139e-8,-7.124503747887918e-8
114.83,9.967003009058487e-8,-7.074715364508472e-8
114.84,1.007626635783693e-7,-7.024363973984813e-8
114.85,1.0184557344093642e-7,-6.973455206789136e-8
114.86,1.0291869170290839e-7,-6.92199473284073e-8
114.87,1.0398195127661607e-7,-6.869988260900456e-8
114.88,1.0503528596572954e-7,-6.81744153806908e-8
114.89,1.0607863046944036e-7,-6.764360349121533e-8
114.9,1.0711192038527811e-7,-6.710750515974169e-8
114.91,1.081350922132303e-7,-6.65661789710825e-8
114.92,1.0914808335840974e-7,-6.601968386945249e-8
114.93,1.1015083213610786e-7,-6.546807915284298e-8
114.94,1.1114327777347537e-7,-6.491142446730556e-8
114.95,1.1212536041337929e-7,-6.43497798006806e-8
114.96,1.1309702111778145e-7,-6.378320547674601e-8
114.97,1.1405820187032546e-7,-6.321176214934739e-8
114.98,1.1500884557981057e-7,-6.263551079670389e-8
114.99,1.1594889608287953e-7,-6.205451271462728e-8
115.0,1.1687829814701558e-7,-6.14688295114252e-8
115.01,1.1779699747275636e-7,-6.087852310125738e-8
115.02,1.1870494069735787e-7,-6.028365569841959e-8
115.03,1.1960207539665719e-7,-5.96842898110264e-8
115.04,1.2048835008773566e-7,-5.908048823525343e-8
115.05,1.213637142315385e-7,-5.847231404895594e-8
115.06,1.2222811823514477e-7,-5.785983060582209e-8
115.07,1.2308151345414087e-7,-5.7243101529129525e-8
115.08,1.2392385219453756e-7,-5.6622190705566504e-8
115.09,1.2475508771558988e-7,-5.599716227936096e-8
115.1,1.255751742307904e-7,-5.536808064571792e-8
115.11,1.2638406691104484e-7,-5.4735010445100657e-8
115.12,1.2718172188546405e-7,-5.4098016556860646e-8
115.13,1.2796809624405068e-7,-5.345716409288334e-8
115.14,1.2874314803900074e-7,-5.28125183917606e-8
115.15,1.29506836286974e-7,-5.2164145012552565e-8
115.16,1.3025912096752732e-7,-5.151210972799238e-8
115.17,1.3099996303124685e-7,-5.085647851919091e-8
115.18,1.3172932439451919e-7,-5.019731756901018e-8
115.19,1.3244716794381262e-7,-4.9534693255530614e-8
115.2,1.331534575375868e-7,-4.8868672146203115e-8
115.21,1.3384815800504767e-7,-4.819932099161081e-8
115.22,1.345312351498707e-7,-4.7526706719054843e-8
115.23,1.3520265574959945e-7,-4.685089642636557e-8
115.24,1.3586238755684486e-7,-4.617195737609981e-8
115.25,1.3651039930095987e-7,-4.5489956987776866e-8
115.26,1.3714666068761763e-7,-4.480496283422162e-8
115.27,1.3777114240039095e-7,-4.411704263307487e-8
115.28,1.3838381610098867e-7,-4.3426264240876866e-8
115.29,1.3898465442989e-7,-4.2732695648137794e-8
115.3,1.3957363100689166e-7,-4.203640497158722e-8
115.31,1.401507204316776e-7,-4.133746044861814e-8
115.32,1.4071589828354425e-7,-4.063593043095734e-8
115.33,1.4126914112219589e-7,-3.993188337829895e-8
115.34,1.4181042648686393e-7,-3.922538785258442e-8
115.35,1.4233973289869367e-7,-3.851651251065397e-8
115.36,1.4285703985850508e-7,-3.780532609891639e-8
115.37,1.4336232784692022e-7,-3.709189744697016e-8
115.38,1.4385557832574719e-7,-3.6376295461155295e-8
115.39,1.4433677373582184e-7,-3.565858911833324e-8
115.4,1.4480589749830713e-7,-3.4938847459835116e-8
115.41,1.4526293401330553e-7,-3.421713958505439e-8
115.42,1.45707868659467e-7,-3.3493534645791246e-8
115.43,1.4614068779466592e-7,-3.276810183802132e-8
115.44,1.4656137875305523e-7,-3.2040910399390116e-8
115.45,1.4696992984629516e-7,-3.131202959952517e-8
115.46,1.4736633036243616e-7,-3.058152873537111e-8
115.47,1.4775057056454369e-7,-2.984947712512019e-8
115.48,1.4812264169013836e-7,-2.9115944101349345e-8
115.49,1.4848253594987627e-7,-2.8380999005805108e-8
115.5,1.4883024652689227e-7,-2.76447111820848e-8
115.51,1.4916576757568573e-7,-2.6907149970544693e-8
115.52,1.494890942204719e-7,-2.6168384701898973e-8
115.53,1.4980022255320645e-7,-2.5428484690513802e-8
115.54,1.500991496347198e-7,-2.4687519229017246e-8
115.55,1.5038587349025224e-7,-2.3945557582043738e-8
115.56,1.506603931098832e-7,-2.3202668979810417e-8
115.57,1.5092270844614102e-7,-2.2458922612575552e-8
115.58,1.5117282041265882e-7,-2.1714387624089372e-8
115.59,1.5141073088210488e-7,-2.09691331060022e-8
115.6,1.51636442684601e-7,-2.0223228091517064e-8
115.61,1.5184995960587683e-7,-1.9476741549681035e-8
115.62,1.5205128638496826e-7,-1.8729742379019388e-8
115.63,1.5224042871246703e-7,-1.7982299401972728e-8
115.64,1.524173932285795e-7,-1.723448135859582e-8
115.65,1.5258218752025166e-7,-1.648635690087506e-8
115.66,1.5273482011989747e-7,-1.5737994586787497e-8
115.67,1.5287530050190572e-7,-1.4989462874332423e-8
115.68,1.5300363908144277e-7,-1.4240830115566285e-8
115.69,1.5311984721111434e-7,-1.3492164550945702e-8
115.7,1.5322393717857546e-7,-1.2743534303445744e-8
115.71,1.533159222042159e-7,-1.1995007372451716e-8
115.72,1.5339581643939164e-7,-1.1246651628486594e-8
115.73,1.5346363496060506e-7,-1.0498534807020521e-8
115.74,1.535193937701319e-7,-9.750724502815565e-9
115.75,1.535631097910886e-7,-9.003288164399595e-9
115.76,1.5359480086562004e-7,-8.25629308804863e-9
115.77,1.5361448575084995e-7,-7.509806412514235e-9
115.78,1.536221841166319e-7,-6.763895112586601e-9
115.79,1.5361791654205715e-7,-6.018625994637271e-9
115.8,1.5360170451189305e-7,-5.274065689886603e-9
115.81,1.535735704142291e-7,-4.530280649490043e-9
115.82,1.535335375359258e-7,-3.787337138752725e-9
115.83,1.5348163006006983e-7,-3.0453012316302044e-9
115.84,1.5341787306232624e-7,-2.3042388052329674e-9
115.85,1.5334229250712003e-7,-1.564215534271117e-9
115.86,1.532549152440991e-7,-8.2529688577106e-10
115.87,1.5315576900491508e-7,-8.754811346936609e-11
115.88,1.530448823987865e-7,6.48965747436196e-10
115.89,1.5292228490882776e-7,1.3841798856131636e-9
115.9,1.5278800688879223e-7,2.118029719451075e-9
115.91,1.5264207955857886e-7,2.850450901353255e-9
115.92,1.5248453500009864e-7,3.581379324116922e-9
115.93,1.523154061538097e-7,4.310751125391685e-9
115.94,1.5213472681414744e-7,5.038502693167025e-9
115.95,1.5194253162543914e-7,5.764570671051455e-9
115.96,1.5173885607782082e-7,6.488891963374153e-9
115.97,1.5152373650259827e-7,7.211403740354403e-9
115.98,1.512972100683634e-7,7.932043442860066e-9
115.99,1.5105931477632923e-7,8.650748787862408e-9
116.0,1.5081008945540704e-7,9.367457773180125e-9
116.01,1.505495737589695e-7,1.008210868301638e-8
116.02,1.502778081586531e-7,1.0794640091924346e-8
116.03,1.4999483394059164e-7,1.150499087058593e-8
116.04,1.4970069320095422e-7,1.2213100190458545e-8
116.05,1.4939542884052592e-7,1.291890752854137e-8
116.06,1.4907908456030715e-7,1.3622352672182064e-8
116.07,1.487517048564943e-7,1.4323375724022878e-8
116.08,1.4841333501550916e-7,1.502191710640789e-8
116.09,1.4806402110920112e-7,1.571791756678093e-8
116.1,1.477038099897012e-7,1.6411318181180082e-8
116.11,1.4733274928456054e-7,1.71020603602732e-8
116.12,1.4695088739069862e-7,1.7790085853091933e-8
116.13,1.4655827347094285e-7,1.8475336751661613e-8
116.14,1.4615495744638113e-7,1.9157755495294658e-8
116.15,1.4574098999398307e-7,1.9837284876192727e-8
116.16,1.4531642253863931e-7,2.051386804262051e-8
116.17,1.44881307249203e-7,2.1187448503858436e-8
116.18,1.4443569703284693e-7,2.1857970134882013e-8
116.19,1.4397964552861267e-7,2.2525377179132876e-8
116.2,1.4351320710387616e-7,2.3189614255753016e-8
116.21,1.430364368464866e-7,2.3850626360897528e-8
116.22,1.4254939056092875e-7,2.4508358873471458e-8
116.23,1.4205212476126438e-7,2.5162757558879913e-8
116.24,1.415446966662196e-7,2.5813768573364613e-8
116.25,1.4102716419386842e-7,2.646133846746376e-8
116.26,1.404995859541165e-7,2.7105414191234513e-8
116.27,1.3996202124424734e-7,2.7745943097244406e-8
116.28,1.3941453004315807e-7,2.838287294481275e-8
116.29,1.388571730042309e-7,2.901615190379773e-8
116.3,1.3829001145011565e-7,2.9645728559048024e-8
116.31,1.3771310736673586e-7,3.0271551913149104e-8
116.32,1.371265233969054e-7,3.0893571391651164e-8
116.33,1.3653032283421985e-7,3.1511736845686515e-8
116.34,1.3592456961751165e-7,3.212599855536323e-8
116.35,1.3530932832337898e-7,3.2736307235364196e-8
116.36,1.346846641615428e-7,3.334261403635467e-8
116.37,1.3405064296592864e-7,3.394487054951988e-8
116.38,1.334073311925973e-7,3.454302881040388e-8
116.39,1.3275479590937356e-7,3.513704130177778e-8
116.4,1.3209310479131043e-7,3.572686095718948e-8
116.41,1.3142232611351318e-7,3.631244116458168e-8
116.42,1.307425287461585e-7,3.6893735769751055e-8
116.43,1.3005378214541757e-7,3.747069907879827e-8
116.44,1.2935615634973992e-7,3.8043285862826426e-8
116.45,1.2864972197129453e-7,3.861145135932223e-8
116.46,1.2793455018903972e-7,3.917515127719094e-8
116.47,1.272107127451661e-7,3.9734341798207166e-8
116.48,1.2647828193471527e-7,4.028897958145006e-8
116.49,1.2573733060086997e-7,4.0839021765354906e-8
116.5,1.249879321275133e-7,4.138442597104999e-8
116.51,1.2423016043314583e-7,4.1925150305513575e-8
116.52,1.2346408996320813e-7,4.246115336375867e-8
116.53,1.226897956841336e-7,4.29923942325799e-8
116.54,1.2190735307543357e-7,4.351883249242109e-8
116.55,1.2111683812402416e-7,4.4040428220852214e-8
116.56,1.203183273161719e-7,4.455714199449663e-8
116.57,1.1951189763142705e-7,4.506893489270349e-8
116.58,1.186976265350987e-7,4.55757684991122e-8
116.59,1.178755919713619e-7,4.6077604904575916e-8
116.6,1.170458723566571e-7,4.6574406709952855e-8
116.61,1.162085465716808e-7,4.706613702794624e-8
116.62,1.1536369395527989e-7,4.7552759485910676e-8
116.63,1.1451139429733485e-7,4.8034238228524237e-8
116.64,1.1365172783051809e-7,4.851053791897936e-8
116.65,1.1278477522426157e-7,4.898162374234155e-8
116.66,1.1191061757744597e-7,4.944746140699055e-8
116.67,1.1102933641060016e-7,4.990801714753242e-8
116.68,1.1014101365939604e-7,5.03632577258932e-8
116.69,1.0924573166711668e-7,5.081315043438255e-8
116.7,1.0834357317725049e-7,5.125766309693996e-8
116.71,1.0743462132609969e-7,5.1696764071153044e-8
116.72,1.0651895963645121e-7,5.213042225096913e-8
116.73,1.055966720091192e-7,5.255860706740665e-8
116.74,1.0466784271614771e-7,5.2981288491108607e-8
116.75,1.0373255639332816e-7,5.339843703343366e-8
116.76,1.0279089803324162e-7,5.381002374909405e-8
116.77,1.018429529771747e-7,5.421602023706554e-8
116.78,1.0088880690850484e-7,5.4616398642129985e-8
116.79,9.992854584459849e-8,5.5011131656993007e-8
116.8,9.896225613013565e-8,5.5400192523392876e-8
116.81,9.799002442871086e-8,5.578355503333016e-8
116.82,9.701193771654638e-8,5.616119353113044e-8
116.83,9.60280832736946e-8,5.653308291384148e-8
116.84,9.503854867868017e-8,5.689919863354417e-8
116.85,9.404342179823622e-8,5.725951669792511e-8
116.86,9.30427907819918e-8,5.761401367168576e-8
116.87,9.203674405438232e-8,5.79626666774735e-8
116.88,9.102537030678071e-8,5.8305453397430414e-8
116.89,9.00087584902143e-8,5.864235207350757e-8
116.9,8.898699780797232e-8,5.897334150932967e-8
116.91,8.796017770816102e-8,5.929840107036694e-8
116.92,8.692838787587607e-8,5.96175106851579e-8
116.93,8.589171822559961e-8,5.993065084630573e-8
116.94,8.485025889438096e-8,6.023780261078217e-8
116.95,8.380410023346983e-8,6.053894760118149e-8
116.96,8.275333280115084e-8,6.083406800609068e-8
116.97,8.169804735515622e-8,6.112314658069325e-8
116.98,8.063833484505786e-8,6.140616664750728e-8
116.99,7.957428640480047e-8,6.168311209690113e-8
117.0,7.850599334527566e-8,6.19539673874465e-8
117.01,7.743354714634703e-8,6.221871754652628e-8
117.02,7.635703944966549e-8,6.247734817037472e-8
117.03,7.527656205145656e-8,6.272984542516239e-8
117.04,7.41922068932854e-8,6.297619604583987e-8
117.05,7.310406605739289e-8,6.32163873384683e-8
117.06,7.201223175616658e-8,6.345040717805875e-8
117.07,7.091679632668761e-8,6.367824401053109e-8
117.08,6.981785222204984e-8,6.389988685193587e-8
117.09,6.871549200459436e-8,6.411532528859396e-8
117.1,6.760980833748929e-8,6.432454947715323e-8
117.11,6.650089397829792e-8,6.45275501445714e-8
117.12,6.538884176956961e-8,6.472431858655914e-8
117.13,6.427374463625965e-8,6.491484667349167e-8
117.14,6.315569556943649e-8,6.509912683870191e-8
117.15,6.203478762761299e-8,6.527715208923669e-8
117.16,6.091111392406815e-8,6.544891600026379e-8
117.17,5.978476762151889e-8,6.56144127158219e-8
117.18,5.8655841923902145e-8,6.577363694805348e-8
117.19,5.752443006877351e-8,6.5926583977061e-8
117.2,5.639062532058138e-8,6.607324965041095e-8
117.21,5.525452096223075e-8,6.621363038188501e-8
117.22,5.4116210288674156e-8,6.63477231528851e-8
117.23,5.297578659875562e-8,6.647552550835628e-8
117.24,5.183334318810099e-8,6.659703555915594e-8
117.25,5.0688973341528455e-8,6.671225198026363e-8
117.26,4.954277032637598e-8,6.68211740093314e-8
117.27,4.839482738432274e-8,6.692380144689281e-8
117.28,4.7245237723762896e-8,6.702013465447933e-8
117.29,4.6094094514137874e-8,6.711017455452345e-8
117.3,4.494149087748761e-8,6.719392262911852e-8
117.31,4.3787519878936917e-8,6.727138091761626e-8
117.32,4.2632274525211265e-8,6.73425520185337e-8
117.33,4.147584775165553e-8,6.740743908552876e-8
117.34,4.0318332417310876e-8,6.746604582747347e-8
117.35,3.915982129849673e-8,6.751837650738051e-8
117.36,3.800040707975918e-8,6.75644359402468e-8
117.37,3.6840182348014236e-8,6.760422949268358e-8
117.38,3.5679239585262654e-8,6.763776308140889e-8
117.39,3.45176711615512e-8,6.766504317201014e-8
117.4,3.3355569324635504e-8,6.768607677347727e-8
117.41,3.219302620011219e-8,6.770087144592678e-8
117.42,3.103013377710647e-8,6.77094352896248e-8
117.43,2.986698390502631e-8,6.771177694819184e-8
117.44,2.8703668285175536e-8,6.770790560579452e-8
117.45,2.7540278464564064e-8,6.769783098555663e-8
117.46,2.637690582825886e-8,6.768156334808947e-8
117.47,2.5213641592999483e-8,6.76591134892236e-8
117.48,2.4050576800200395e-8,6.763049273882898e-8
117.49,2.2887802307648143e-8,6.759571295810331e-8
117.5,2.1725408785443255e-8,6.755478653847641e-8
117.51,2.0563486706657978e-8,6.750772639928729e-8
117.52,1.9402126341560958e-8,6.745454598574405e-8
117.53,1.824141775085494e-8,6.739525926713188e-8
117.54,1.7081450778439687e-8,6.732988073447195e-8
117.55,1.5922315045197397e-8,6.72584253984387e-8
117.56,1.4764099942166861e-8,6.718090878761698e-8
117.57,1.3606894623658567e-8,6.709734694567946e-8
117.58,1.2450788000763797e-8,6.700775642939089e-8
117.59,1.1295868735031157e-8,6.691215430660418e-8
117.6,1.0142225231019354e-8,6.681055815353516e-8
117.61,8.989945630973881e-9,6.670298605260092e-8
117.62,7.839117807367522e-9,6.658945658994557e-8
117.63,6.6898293567449325e-9,6.646998885307999e-8
117.64,5.542167593475485e-9,6.634460242836645e-8
117.65,4.396219542967133e-9,6.621331739823472e-8
117.66,3.252071935547807e-9,6.607615433906094e-8
117.67,2.109811199929722e-9,6.593313431823526e-8
117.68,9.69523457484218e-10,6.578427889212236e-8
117.69,-1.6870548495707396e-10,6.562961010135893e-8
117.7,-1.3047901407080838e-9,6.546915047194764e-8
117.71,-2.438645349151025e-9,6.530292300871308e-8
117.72,-3.570186283109883e-9,6.513095119406409e-8
117.73,-4.699328453343373e-9,6.495325898570151e-8
117.74,-5.825987715866754e-9,6.476987081282147e-8
117.75,-6.950080277438266e-9,6.458081157354888e-8
117.76,-8.071522701799597e-9,6.438610663224743e-8
117.77,-9.190231915228535e-9,6.418578181609716e-8
117.78,-1.0306125213183856e-8,6.397986341205614e-8
117.79,-1.1419120265305606e-8,6.376837816473257e-8
117.8,-1.2529135122187081e-8,6.355135327191904e-8
117.81,-1.3636088220182188e-8,6.332881638278126e-8
117.82,-1.473989838815459e-8,6.310079559356674e-8
117.83,-1.5840484852382735e-8,6.286731944527677e-8
117.84,-1.69377672428357e-8,6.262841692013239e-8
117.85,-1.803166559830468e-8,6.238411743821239e-8
117.86,-1.912210037250192e-8,6.21344508543038e-8
117.87,-2.020899243914874e-8,6.187944745466717e-8
117.88,-2.1292263097783397e-8,6.161913795337697e-8
117.89,-2.2371834079067654e-8,6.135355348937036e-8
117.9,-2.344762755021188e-8,6.108272562270935e-8
117.91,-2.4519566120600132e-8,6.080668633126332e-8
117.92,-2.5587572846607832e-8,6.052546800727985e-8
117.93,-2.6651571237398875e-8,6.023910345364298e-8
117.94,-2.771148525979936e-8,5.994762588067055e-8
117.95,-2.8767239343699205e-8,5.965106890235323e-8
117.96,-2.9818758387165287e-8,5.9349466532878996e-8
117.97,-3.086596776135723e-8,5.904285318277241e-8
117.98,-3.1908793315978516e-8,5.8731263655270815e-8
117.99,-3.2947161383762424e-8,5.841473314330672e-8
118.0,-3.39809987856293e-8,5.809329722482945e-8
118.01,-3.501023283592398e-8,5.776699185960598e-8
118.02,-3.6034791347091795e-8,5.7435853385333825e-8
118.03,-3.705460263356856e-8,5.70999185141697e-8
118.04,-3.8069595518398434e-8,5.6759224328111014e-8
118.05,-3.9079699336428606e-8,5.641380827606565e-8
118.06,-4.008484393911642e-8,5.606370816949071e-8
118.07,-4.1084959700708803e-8,5.570896217859725e-8
118.08,-4.2079977519832523e-8,5.5349608828337756e-8
118.09,-4.3069828827171606e-8,5.498568699461231e-8
118.1,-4.4054445587750906e-8,5.4617235900378094e-8
118.11,-4.5033760306351516e-8,5.42442951112999e-8
118.12,-4.600770603175288e-8,5.386690453221131e-8
118.13,-4.697621636056315e-8,5.348510440255255e-8
118.14,-4.7939225442221415e-8,5.309893529282702e-8
118.15,-4.889666798274203e-8,5.270843810017515e-8
118.16,-4.9848479248266596e-8,5.231365404421287e-8
118.17,-5.0794595070997904e-8,5.191462466344168e-8
118.18,-5.1734951851103954e-8,5.151139181048318e-8
118.19,-5.266948656221987e-8,5.1103997648134267e-8
118.2,-5.3598136754628136e-8,5.069248464539542e-8
118.21,-5.4520840559512746e-8,5.0276895572913184e-8
118.22,-5.5437536692508714e-8,4.9857273498628846e-8
118.23,-5.634816445778222e-8,4.943366178455244e-8
118.24,-5.725266375154953e-8,4.900610408109964e-8
118.25,-5.81509750660335e-8,4.857464432371427e-8
118.26,-5.904303949241204e-8,4.813932672827108e-8
118.27,-5.992879872520443e-8,4.7700195786959256e-8
118.28,-6.080819506549949e-8,4.72572962635567e-8
118.29,-6.168117142397123e-8,4.681067318935593e-8
118.3,-6.254767132498741e-8,4.636037185886533e-8
118.31,-6.340763890928835e-8,4.590643782545334e-8
118.32,-6.426101893798166e-8,4.5448916896291704e-8
118.33,-6.510775679484355e-8,4.4987855128825806e-8
118.34,-6.59477984911749e-8,4.452329882608193e-8
118.35,-6.678109066634613e-8,4.405529453184238e-8
118.36,-6.760758059328672e-8,4.3583889026593826e-8
118.37,-6.842721618011018e-8,4.3109129322798304e-8
118.38,-6.923994597380296e-8,4.2631062660584346e-8
118.39,-7.004571916259609e-8,4.2149736503307936e-8
118.4,-7.084448557924672e-8,4.1665198532678235e-8
118.41,-7.16361957033318e-8,4.11774966448522e-8
118.42,-7.242080066434675e-8,4.0686678945063924e-8
118.43,-7.31982522446912e-8,4.019279374394005e-8
118.44,-7.396850288104451e-8,3.969588955238295e-8
118.45,-7.473150566842264e-8,3.919601507714933e-8
118.46,-7.548721436196517e-8,3.8693219216379485e-8
118.47,-7.623558337918203e-8,3.818755105484698e-8
118.48,-7.697656780273208e-8,3.767905985959579e-8
118.49,-7.771012338257037e-8,3.716779507500783e-8
118.5,-7.843620653832292e-8,3.6653806318491776e-8
118.51,-7.915477436151564e-8,3.6137143375777714e-8
118.52,-7.986578461745752e-8,3.561785619612181e-8
118.53,-8.05691957476592e-8,3.509599488790236e-8
118.54,-8.126496687184989e-8,3.4571609714051055e-8
118.55,-8.195305778954493e-8,3.404475108693814e-8
118.56,-8.263342898275317e-8,3.3515469564336786e-8
118.57,-8.330604161717112e-8,3.298381584427841e-8
118.58,-8.397085754372744e-8,3.244984076065573e-8
118.59,-8.462783930221308e-8,3.191359527838073e-8
118.6,-8.527695011996163e-8,3.137513048900967e-8
118.61,-8.591815391589845e-8,3.083449760577363e-8
118.62,-8.655141530166549e-8,3.0291747958832144e-8
118.63,-8.717669958170523e-8,2.974693299112458e-8
118.64,-8.779397275721572e-8,2.920010425307351e-8
118.65,-8.84032015248756e-8,2.8651313398263298e-8
118.66,-8.900435328043963e-8,2.8100612178634732e-8
118.67,-8.959739611843187e-8,2.75480524397849e-8
118.68,-9.018229883440547e-8,2.6993686116242255e-8
118.69,-9.075903092556157e-8,2.6437565227044067e-8
118.7,-9.13275625917316e-8,2.5879741870759807e-8
118.71,-9.188786473732906e-8,2.532026822085424e-8
118.72,-9.24399089710925e-8,2.4759196521102054e-8
118.73,-9.298366760824032e-8,2.4196579080839633e-8
118.74,-9.351911367027155e-8,2.363246827014369e-8
118.75,-9.404622088662595e-8,2.3066916515716295e-8
118.76,-9.45649636949295e-8,2.2499976295317295e-8
118.77,-9.507531724200288e-8,2.1931700133708162e-8
118.78,-9.557725738438666e-8,2.1362140597920635e-8
118.79,-9.607076068893192e-8,2.079135029237504e-8
118.8,-9.65558044333351e-8,2.0219381854707628e-8
118.81,-9.703236660627742e-8,1.9646287949805663e-8
118.82,-9.750042590885158e-8,1.907212126734411e-8
118.83,-9.79599617538374e-8,1.849693451497981e-8
118.84,-9.841095426647483e-8,1.7920780414856582e-8
118.85,-9.885338428477311e-8,1.7343711698914907e-8
118.86,-9.928723335964542e-8,1.6765781103631787e-8
118.87,-9.971248375428846e-8,1.6187041366282826e-8
118.88,-1.0012911844612392e-7,1.560754521947892e-8
118.89,-1.0053712112477355e-7,1.5027345387315067e-8
118.9,-1.0093647619296367e-7,1.4446494579898702e-8
118.91,-1.0132716876683589e-7,1.3865045489858592e-8
118.92,-1.0170918467488714e-7,1.3283050786643105e-8
118.93,-1.0208251045816867e-7,1.2700563112770523e-8
118.94,-1.0244713337028525e-7,1.2117635078748623e-8
118.95,-1.0280304137667931e-7,1.1534319258823826e-8
118.96,-1.031502231544302e-7,1.095066818623843e-8
118.97,-1.0348866809174453e-7,1.036673434878744e-8
118.98,-1.0381836628758713e-7,9.78257018456077e-9
118.99,-1.0413930855095541e-7,9.19822807668826e-9
119.0,-1.0445148640021749e-7,8.613760349615104e-9
119.01,-1.0475489206341873e-7,8.029219264184602e-9
119.02,-1.0504951847547777e-7,7.444657013294125e-9
119.03,-1.0533535927966581e-7,6.860125717576418e-9
119.04,-1.0561240882557237e-7,6.27567742042494e-9
119.05,-1.0588066216838226e-7,5.6913640842798855e-9
119.06,-1.0614011506807002e-7,5.107237585681371e-9
119.07,-1.0639076398839603e-7,4.523349710961013e-9
119.08,-1.066326060959367e-7,3.939752151949402e-9
119.09,-1.0686563925872e-7,3.356496501046372e-9
119.1,-1.0708986204538946e-7,2.773634249651674e-9
119.11,-1.0730527372391915e-7,2.1912167780475423e-9
119.12,-1.075118742599919e-7,1.60929535666267e-9
119.13,-1.0770966431658648e-7,1.0279211393317917e-9
119.14,-1.0789864525114722e-7,4.471451593148565e-10
119.15,-1.0807881911602963e-7,-1.329816753922291e-10
119.16,-1.0825018865547537e-7,-7.124085852752346e-10
119.17,-1.0841275730485882e-7,-1.2910849249753922e-9
119.18,-1.0856652918895628e-7,-1.868960186221593e-9
119.19,-1.0871150911944829e-7,-2.445984002361845e-9
119.2,-1.0884770259571318e-7,-3.0221061535724752e-9
119.21,-1.0897511580014466e-7,-3.5972765694396906e-9
119.22,-1.0909375559834407e-7,-4.1714453344397e-9
119.23,-1.09203629536477e-7,-4.744562691099587e-9
119.24,-1.0930474583893716e-7,-5.316579044590813e-9
119.25,-1.0939711340816903e-7,-5.88744496720059e-9
119.26,-1.0948074182067989e-7,-6.4571112014392225e-9
119.27,-1.0955564132603648e-7,-7.025528665212458e-9
119.28,-1.0962182284508472e-7,-7.59264845391821e-9
119.29,-1.0967929796661595e-7,-8.158421847744486e-9
119.3,-1.0972807894648734e-7,-8.722800312370978e-9
119.31,-1.0976817870439182e-7,-9.28573550467845e-9
119.32,-1.0979961082236264e-7,-9.84717927618546e-9
119.33,-1.098223895417617e-7,-1.0407083677097397e-8
119.34,-1.0983652976152565e-7,-1.0965400960359888e-8
119.35,-1.0984204703534108e-7,-1.152208358484916e-8
119.36,-1.0983895757012919e-7,-1.2077084221243507e-8
119.37,-1.0982727821844667e-7,-1.2630355750055742e-8
119.38,-1.0980702648668521e-7,-1.3181851275493928e-8
119.39,-1.0977822052185116e-7,-1.3731524119973911e-8
119.4,-1.0974087911341054e-7,-1.427932783176893e-8
119.41,-1.0969502169072903e-7,-1.4825216188640453e-8
119.42,-1.096406683194068e-7,-1.5369143201025647e-8
119.43,-1.0957783969866191e-7,-1.5911063115944463e-8
119.44,-1.0950655715898623e-7,-1.6450930420417207e-8
119.45,-1.0942684265852833e-7,-1.698869984539146e-8
119.46,-1.0933871878068326e-7,-1.7524326369221744e-8
119.47,-1.092422087313062e-7,-1.805776522119272e-8
119.48,-1.0913733633449332e-7,-1.8588971884913114e-8
119.49,-1.0902412603092827e-7,-1.9117902101951352e-8
119.5,-1.0890260287427748e-7,-1.9644511875704266e-8
119.51,-1.0877279252731241e-7,-2.0168757473953387e-8
119.52,-1.0863472126023522e-7,-2.0690595433322686e-8
119.53,-1.084884159459076e-7,-2.1209982561989357e-8
119.54,-1.083339040575099e-7,-2.1726875943372956e-8
119.55,-1.0817121366473952e-7,-2.2241232939019708e-8
119.56,-1.080003734309332e-7,-2.2753011192711214e-8
119.57,-1.0782141260901196e-7,-2.3262168632915582e-8
119.58,-1.0763436103866397e-7,-2.3768663476781748e-8
119.59,-1.0743924914241449e-7,-2.4272454232658593e-8
119.6,-1.0723610792245906e-7,-2.4773499703776892e-8
119.61,-1.0702496895675827e-7,-2.527175899131926e-8
119.62,-1.0680586439549467e-7,-2.576719149755715e-8
119.63,-1.0657882695776373e-7,-2.6259756928578804e-8
119.64,-1.0634388992748233e-7,-2.674941529792424e-8
119.65,-1.06101087150137e-7,-2.7236126929461856e-8
119.66,-1.0585045302803311e-7,-2.7719852460166413e-8
119.67,-1.0559202251804222e-7,-2.8200552843259162e-8
119.68,-1.0532583112635641e-7,-2.8678189351156306e-8
119.69,-1.0505191490509266e-7,-2.915272357817756e-8
119.7,-1.0477031044912093e-7,-2.9624117443954428e-8
119.71,-1.0448105489101137e-7,-3.009233319577846e-8
119.72,-1.0418418589730788e-7,-3.055733341149808e-8
119.73,-1.0387974166514559e-7,-3.1019081002413724e-8
119.74,-1.0356776091798226e-7,-3.147753921602886e-8
119.75,-1.0324828290037772e-7,-3.19326716387377e-8
119.76,-1.0292134737570461e-7,-3.2384442198310433e-8
119.77,-1.0258699462092245e-7,-3.283281516687245e-8
119.78,-1.0224526542250921e-7,-3.327775516362398e-8
119.79,-1.0189620107238373e-7,-3.37192271566463e-8
119.8,-1.0153984336348621e-7,-3.415719646628382e-8
119.81,-1.0117623458558176e-7,-3.459162876732418e-8
119.82,-1.0080541752124646e-7,-3.502249009149594e-8
119.83,-1.0042743544094069e-7,-3.544974682992057e-8
119.84,-1.0004233209930132e-7,-3.5873365735304306e-8
119.85,-9.965015172989648e-8,-3.629331392483758e-8
119.86,-9.925093904210905e-8,-3.670955888198702e-8
119.87,-9.884473921496807e-8,-3.712206845919532e-8
119.88,-9.843159789400574e-8,-3.7530810879931514e-8
119.89,-9.801156118601103e-8,-3.793575474071705e-8
119.9,-9.758467565531427e-8,-3.8336869014155405e-8
119.91,-9.715098831793855e-8,-3.873412305000845e-8
119.92,-9.671054663795109e-8,-3.91274865778898e-8
119.93,-9.626339852293439e-8,-3.9516929709833406e-8
119.94,-9.580959231820284e-8,-3.990242294083228e-8
119.95,-9.534917680377584e-8,-4.028393715263633e-8
119.96,-9.488220118809976e-8,-4.0661443614906964e-8
119.97,-9.440871510431563e-8,-4.1034913986717606e-8
119.98,-9.392876860479158e-8,-4.140432031910416e-8
119.99,-9.344241215742262e-8,-4.1769635057133625e-8
120.0,-9.29496966394663e-8,-4.213083104092201e-8
120.01,-9.245067333365629e-8,-4.24878815079631e-8
120.02,-9.194539392279596e-8,-4.2840760094873006e-8
120.03,-9.143391048721781e-8,-4.318944083921535e-8
120.04,-9.09162754906574e-8,-4.353389818034361e-8
120.05,-9.039254179278873e-8,-4.3874106962817905e-8
120.06,-8.986276262728613e-8,-4.421004243582795e-8
120.07,-8.932699160488921e-8,-4.454168025643231e-8
120.08,-8.878528270767537e-8,-4.486899649067053e-8
120.09,-8.823769028254594e-8,-4.519196761428753e-8
120.1,-8.768426903796954e-8,-4.5510570515300367e-8
120.11,-8.712507403745668e-8,-4.582478249486353e-8
120.12,-8.656016069601321e-8,-4.613458126907096e-8
120.13,-8.598958477160952e-8,-4.6439944968051026e-8
120.14,-8.541340236624191e-8,-4.674085214217716e-8
120.15,-8.483166991468042e-8,-4.703728175852737e-8
120.16,-8.424444418289517e-8,-4.732921320390307e-8
120.17,-8.365178226084093e-8,-4.761662628671491e-8
120.18,-8.305374155948629e-8,-4.789950123705481e-8
120.19,-8.245037980353648e-8,-4.817781870821313e-8
120.2,-8.184175502785362e-8,-4.845155977824135e-8
120.21,-8.122792557104607e-8,-4.872070595027466e-8
120.22,-8.060895007027854e-8,-4.898523915311047e-8
120.23,-7.998488745769273e-8,-4.9245141744126276e-8
120.24,-7.935579695287992e-8,-4.950039650815977e-8
120.25,-7.872173805923063e-8,-4.975098665936819e-8
120.26,-7.808277055763634e-8,-4.99968958418101e-8
120.27,-7.743895450201009e-8,-5.023810813050585e-8
120.28,-7.67903502135053e-8,-5.047460803185718e-8
120.29,-7.613701827506151e-8,-5.070638048474452e-8
120.3,-7.547901952665944e-8,-5.09334108607062e-8
120.31,-7.481641505971432e-8,-5.1155684965982754e-8
120.32,-7.414926621099181e-8,-5.137318903949083e-8
120.33,-7.347763455873655e-8,-5.158590975621541e-8
120.34,-7.280158191595221e-8,-5.179383422619516e-8
120.35,-7.21211703257941e-8,-5.1996949995388464e-8
120.36,-7.143646205583079e-8,-5.219524504600682e-8
120.37,-7.07475195928002e-8,-5.238870779735252e-8
120.38,-7.005440563709628e-8,-5.2577327105574e-8
120.39,-6.935718309769717e-8,-5.2761092264835056e-8
120.4,-6.865591508673979e-8,-5.293999300692542e-8
120.41,-6.79506649125404e-8,-5.3114019501119704e-8
120.42,-6.7241496077174e-8,-5.328316235643447e-8
120.43,-6.652847226855642e-8,-5.344741261937811e-8
120.44,-6.581165735575987e-8,-5.3606761775713155e-8
120.45,-6.509111538401593e-8,-5.376120174984756e-8
120.46,-6.436691056847273e-8,-5.391072490516246e-8
120.47,-6.363910728936923e-8,-5.405532404396995e-8
120.48,-6.290777008688584e-8,-5.41949924078516e-8
120.49,-6.217296365429139e-8,-5.432972367718475e-8
120.5,-6.143475283420268e-8,-5.4459511971212145e-8
120.51,-6.069320261178048e-8,-5.458435184783924e-8
120.52,-5.994837811035467e-8,-5.4704238304092783e-8
120.53,-5.920034458499958e-8,-5.481916677499375e-8
120.54,-5.844916741797315e-8,-5.4929133134312044e-8
120.55,-5.769491211219331e-8,-5.5034133692961646e-8
120.56,-5.693764428739134e-8,-5.5134165200919734e-8
120.57,-5.617742967277161e-8,-5.5229224844276546e-8
120.58,-5.541433410279845e-8,-5.5319310246814006e-8
120.59,-5.4648423511645904e-8,-5.540441946876358e-8
120.6,-5.3879763927144844e-8,-5.5484551006431544e-8
120.61,-5.31084214661221e-8,-5.555970379207455e-8
120.62,-5.2334462328341005e-8,-5.562987719292784e-8
120.63,-5.1557952791222584e-8,-5.569507101084922e-8
120.64,-5.077895920487391e-8,-5.5755285481835036e-8
120.65,-4.999754798584362e-8,-5.5810521275347256e-8
120.66,-4.921378561215225e-8,-5.586077949341332e-8
120.67,-4.84277386182597e-8,-5.590606167028983e-8
120.68,-4.763947358884917e-8,-5.594636977143614e-8
120.69,-4.684905715409835e-8,-5.598170619308382e-8
120.7,-4.605655598379389e-8,-5.601207376092515e-8
120.71,-4.526203678217847e-8,-5.6037475729745264e-8
120.72,-4.4465566282813346e-8,-5.6057915782374e-8
120.73,-4.366721124261645e-8,-5.607339802859006e-8
120.74,-4.286703843686149e-8,-5.608392700455556e-8
120.75,-4.206511465397752e-8,-5.608950767146149e-8
120.76,-4.1261506689807106e-8,-5.609014541484925e-8
120.77,-4.0456281342652794e-8,-5.6085846043035336e-8
120.78,-3.9649505407320296e-8,-5.607661578677521e-8
120.79,-3.8841245670954424e-8,-5.6062461297588926e-8
120.8,-3.803156890649318e-8,-5.6043389646534706e-8
120.81,-3.7220541867868603e-8,-5.601940832345528e-8
120.82,-3.640823128504264e-8,-5.5990525235475205e-8
120.83,-3.559470385816879e-8,-5.595674870566376e-8
120.84,-3.4780026252920543e-8,-5.5918087472078497e-8
120.85,-3.396426509455942e-8,-5.58745506859978e-8
120.86,-3.3147486963368113e-8,-5.5826147910987154e-8
120.87,-3.23297583891078e-8,-5.577288912120122e-8
120.88,-3.151114584550776e-8,-5.571478469986115e-8
120.89,-3.069171574584127e-8,-5.5651845438191016e-8
120.9,-2.987153443713025e-8,-5.558408253389523e-8
120.91,-2.905066819515588e-8,-5.551150758910029e-8
120.92,-2.8229183219383538e-8,-5.54341326092747e-8
120.93,-2.7407145627608614e-8,-5.535197000142204e-8
120.94,-2.6584621451357124e-8,-5.526503257288321e-8
120.95,-2.5761676630090335e-8,-5.517333352887986e-8
120.96,-2.4938377006741852e-8,-5.507688647146547e-8
120.97,-2.411478832203177e-8,-5.497570539760446e-8
120.98,-2.3290976210470527e-8,-5.486980469766032e-8
120.99,-2.246700619379377e-8,-5.4759199152898905e-8
121.0,-2.164294367728274e-8,-5.4643903934620424e-8
121.01,-2.0818853944502513e-8,-5.4523934601546194e-8
121.02,-1.999480215192559e-8,-5.4399307098553314e-8
121.03,-1.9170853323998552e-8,-5.427003775409999e-8
121.04,-1.8347072348587928e-8,-5.413614327899583e-8
121.05,-1.7523523971994747e-8,-5.39976407637504e-8
121.06,-1.6700272793735263e-8,-5.385454767741672e-8
121.07,-1.5877383262325723e-8,-5.370688186421347e-8
121.08,-1.505491966942227e-8,-5.355466154337761e-8
121.09,-1.4232946146181074e-8,-5.339790530526935e-8
121.1,-1.3411526657295344e-8,-5.3236632110279525e-8
121.11,-1.2590724997468834e-8,-5.307086128644516e-8
121.12,-1.1770604785267025e-8,-5.2900612526740376e-8
121.13,-1.0951229460080881e-8,-5.272590588902723e-8
121.14,-1.0132662275339521e-8,-5.254676178974552e-8
121.15,-9.314966295565457e-9,-5.236320100604975e-8
121.16,-8.498204390780692e-9,-5.2175244670433024e-8
121.17,-7.682439232732508e-9,-5.1982914270369226e-8
121.18,-6.867733288958308e-9,-5.1786231644644796e-8
121.19,-6.054148819674372e-9,-5.158521898201859e-8
121.2,-5.241747872109996e-9,-5.137989881760601e-8
121.21,-4.430592275839111e-9,-5.1170294031694804e-8
121.22,-3.6207436408956105e-9,-5.095642784681755e-8
121.23,-2.8122633484112423e-9,-5.073832382503943e-8
121.24,-2.005212551039636e-9,-5.0516005866000495e-8
121.25,-1.1996521643962294e-9,-5.0289498203040634e-8
121.26,-3.956428672896656e-10,-5.005882540336279e-8
121.27,4.067549070419997e-10,-4.982401236260834e-8
121.28,1.2074809729576784e-9,-4.95850843038257e-8
121.29,2.0064753971850734e-9,-4.934206677426559e-8
121.3,2.8036785033271735e-9,-4.9094985643268e-8
121.31,3.59903087592414e-9,-4.8843867098864155e-8
121.32,4.392473364514982e-9,-4.8588737645928954e-8
121.33,5.183947087636464e-9,-4.832962410245414e-8
121.34,5.973393440113576e-9,-4.8066553598275414e-8
121.35,6.7607540899358816e-9,-4.7799553570512435e-8
121.36,7.545970990210166e-9,-4.752865176210154e-8
121.37,8.328986379081896e-9,-4.7253876218499846e-8
121.38,9.109742784493266e-9,-4.697525528514415e-8
121.39,9.888183028451929e-9,-4.6692817604217914e-8
121.4,1.0664250230826402e-8,-4.6406592112043026e-8
121.41,1.143788781366966e-8,-4.6116608035853074e-8
121.42,1.220903950462126e-8,-4.582289489159931e-8
121.43,1.2977649341066281e-8,-4.552548248012541e-8
121.44,1.3743661673975154e-8,-4.522440088518264e-8
121.45,1.4507021171700138e-8,-4.491968046934057e-8
121.46,1.5267672823981584e-8,-4.461135187173159e-8
121.47,1.6025561945306576e-8,-4.4299446005231595e-8
121.48,1.6780634178787263e-8,-4.398399405269549e-8
121.49,1.753283550014205e-8,-4.3665027464485326e-8
121.5,1.828211222096595e-8,-4.334257795511328e-8
121.51,1.902841099252713e-8,-4.301667750039356e-8
121.52,1.9771678809381813e-8,-4.268735833403783e-8
121.53,2.0511863012878204e-8,-4.235465294481837e-8
121.54,2.1248911294676504e-8,-4.201859407324795e-8
121.55,2.198277170026437e-8,-4.1679214708345603e-8
121.56,2.271339263229485e-8,-4.1336548084958897e-8
121.57,2.3440722854261168e-8,-4.0990627679838196e-8
121.58,2.4164711493606583e-8,-4.064148720915841e-8
121.59,2.4885308045332763e-8,-4.028916062428261e-8
121.6,2.5602462374779622e-8,-3.993368211003809e-8
121.61,2.6316124721728447e-8,-3.957508608009453e-8
121.62,2.7026245702840704e-8,-3.921340717447703e-8
121.63,2.7732776315327072e-8,-3.884868025539489e-8
121.64,2.8435667940091465e-8,-3.8480940405411846e-8
121.65,2.913487234448006e-8,-3.811022292287379e-8
121.66,2.9830341685974995e-8,-3.7736563318881506e-8
121.67,3.052202851446201e-8,-3.73599973143181e-8
121.68,3.120988577626893e-8,-3.698056083595774e-8
121.69,3.189386681597e-8,-3.659829001378914e-8
121.7,3.257392538035512e-8,-3.621322117688995e-8
121.71,3.32500156206538e-8,-3.582539085023571e-8
121.72,3.392209209535524e-8,-3.543483575240337e-8
121.73,3.459010977418418e-8,-3.5041592789777404e-8
121.74,3.525402403952193e-8,-3.464569905565069e-8
121.75,3.591379068906824e-8,-3.424719182516877e-8
121.76,3.6569365940118244e-8,-3.38461085526034e-8
121.77,3.722070643058201e-8,-3.344248686749567e-8
121.78,3.786776922273524e-8,-3.3036364571598164e-8
121.79,3.851051180491426e-8,-3.2627779635082254e-8
121.8,3.914889209473505e-8,-3.2216770193085286e-8
121.81,3.978286844140411e-8,-3.180337454236499e-8
121.82,4.0412399627900385e-8,-3.138763113772644e-8
121.83,4.103744487427818e-8,-3.096957858843873e-8
121.84,4.165796383874119e-8,-3.054925565477102e-8
121.85,4.227391662099874e-8,-3.012670124456539e-8
121.86,4.288526376445496e-8,-2.9701954409162887e-8
121.87,4.3491966258140595e-8,-2.927505434097924e-8
121.88,4.409398553920892e-8,-2.8846040368694094e-8
121.89,4.4691283494865494e-8,-2.8414951954599187e-8
121.9,4.528382246500901e-8,-2.7981828690365763e-8
121.91,4.587156524391994e-8,-2.754671029412909e-8
121.92,4.645447508223936e-8,-2.710963660617811e-8
121.93,4.7032515689455453e-8,-2.6670647586565777e-8
121.94,4.7605651235581304e-8,-2.6229783309747496e-8
121.95,4.8173846353023324e-8,-2.5787083962690066e-8
121.96,4.873706613894055e-8,-2.5342589840092487e-8
121.97,4.929527615668869e-8,-2.4896341341599798e-8
121.98,4.984844243765624e-8,-2.4448378967661897e-8
121.99,5.039653148306141e-8,-2.399874331624997e-8
122.0,5.09395102658214e-8,-2.354747507866044e-8
122.01,5.147734623350748e-8,-2.309461503763208e-8
122.02,5.201000730661917e-8,-2.2640204060594294e-8
122.03,5.2537461883014054e-8,-2.2184283099347938e-8
122.04,5.305967883974754e-8,-2.172689318424883e-8
122.05,5.357662753288327e-8,-2.1268075421705848e-8
122.06,5.408827779976422e-8,-2.0807870989938683e-8
122.07,5.4594599960529434e-8,-2.0346321135768412e-8
122.08,5.509556481956363e-8,-1.9883467170706183e-8
122.09,5.559114366643327e-8,-1.941935046784971e-8
122.1,5.608130827834146e-8,-1.895401245659815e-8
122.11,5.656603091956394e-8,-1.8487494621956825e-8
122.12,5.704528434450605e-8,-1.8019838498167863e-8
122.13,5.751904179774604e-8,-1.7551085666413114e-8
122.14,5.798727701590202e-8,-1.70812777508319e-8
122.15,5.8449964228267874e-8,-1.6610456415146135e-8
122.16,5.8907078158191745e-8,-1.61386633586847e-8
122.17,5.935859402391486e-8,-1.566594031314473e-8
122.18,5.980448753945792e-8,-1.519232903858919e-8
122.19,6.024473491654952e-8,-1.4717871320248922e-8
122.2,6.067931286368731e-8,-1.4242608964505235e-8
122.21,6.110819858856563e-8,-1.3766583795580394e-8
122.22,6.153136979888247e-8,-1.3289837651657045e-8
122.23,6.194880470172607e-8,-1.28124123817382e-8
122.24,6.236048200606882e-8,-1.233434984150075e-8
122.25,6.276638092228449e-8,-1.185569188989743e-8
122.26,6.316648116323084e-8,-1.1376480385939994e-8
122.27,6.356076294489367e-8,-1.0896757185072529e-8
122.28,6.394920698637928e-8,-1.0416564133251767e-8
122.29,6.433179451196188e-8,-9.93594306868017e-9
122.3,6.470850724982677e-8,-9.45493581284803e-9
122.31,6.507932743349097e-8,-8.973584169696193e-9
122.32,6.544423780191756e-8,-8.491929921430933e-9
122.33,6.580322160017446e-8,-8.010014825080758e-9
122.34,6.615626257938614e-8,-7.527880609000243e-9
122.35,6.650334499718142e-8,-7.0455689690861105e-9
122.36,6.684445361811527e-8,-6.563121565689495e-9
122.37,6.717957371372336e-8,-6.0805800194311535e-9
122.38,6.750869106221268e-8,-5.597985908600957e-9
122.39,6.783179194978877e-8,-5.115380764704953e-9
122.4,6.814886316945511e-8,-4.632806069684788e-9
122.41,6.845989202191138e-8,-4.1503032521404165e-9
122.42,6.876486631498872e-8,-3.6679136838427083e-9
122.43,6.906377436394339e-8,-3.18567867626295e-9
122.44,6.935660499152416e-8,-2.7036394773877832e-9
122.45,6.964334752714408e-8,-2.221837267979701e-9
122.46,6.992399180796425e-8,-1.7403131579110838e-9
122.47,7.019852817709183e-8,-1.259108183625588e-9
122.48,7.04669474846098e-8,-7.782633037483144e-10
122.49,7.072924108684496e-8,-2.9781939630795257e-10
122.5,7.098540084588641e-8,1.8218274484660392e-10
122.51,7.123541912969394e-8,6.617024135853078e-10
122.52,7.147928881105874e-8,1.1406989945401068e-9
122.53,7.17170032678546e-8,1.6191319668276346e-9
122.54,7.194855638179651e-8,2.096960906970546e-9
122.55,7.217394253841203e-8,2.5741454923336054e-9
122.56,7.23931566271415e-8,3.050645504932812e-9
122.57,7.260619403815931e-8,3.5264208337791422e-9
122.58,7.281305066579582e-8,4.001431479306892e-9
122.59,7.301372290421943e-8,4.4756375556818094e-9
122.6,7.320820764838223e-8,4.948999294586565e-9
122.61,7.33965022932883e-8,5.4214770480236745e-9
122.62,7.35786047325815e-8,5.8930312923175785e-9
122.63,7.375451335805567e-8,6.363622630271622e-9
122.64,7.392422705925456e-8,6.8332117954336085e-9
122.65,7.408774522148511e-8,7.301759654480991e-9
122.66,7.424506772581559e-8,7.769227210847396e-9
122.67,7.439619494749098e-8,8.23557560736965e-9
122.68,7.454112775540291e-8,8.700766130200187e-9
122.69,7.467986751047962e-8,9.164760211203329e-9
122.7,7.481241606535348e-8,9.627519431291391e-9
122.71,7.493877576227479e-8,1.0089005523844949e-8
122.72,7.505894943261948e-8,1.0549180377154958e-8
122.73,7.517294039546474e-8,1.1008006037896033e-8
122.74,7.528075245639334e-8,1.1465444714095227e-8
122.75,7.538238990626714e-8,1.1921458778228794e-8
122.76,7.547785751947016e-8,1.2376010769816344e-8
122.77,7.556716055336226e-8,1.2829063398996599e-8
122.78,7.565030474601384e-8,1.3280579548882253e-8
122.79,7.572729631536468e-8,1.3730522278988587e-8
122.8,7.579814195750685e-8,1.4178854827727207e-8
122.81,7.586284884534852e-8,1.4625540615793092e-8
122.82,7.592142462683908e-8,1.507054324859482e-8
122.83,7.597387742373115e-8,1.5513826519417216e-8
122.84,7.602021582987267e-8,1.5955354412128394e-8
122.85,7.606044890856553e-8,1.63950911037787e-8
122.86,7.60945861932972e-8,1.6833000968092126e-8
122.87,7.61226376834744e-8,1.726904857744224e-8
122.88,7.6144613843981e-8,1.7703198706145706e-8
122.89,7.616052560334665e-8,1.8135416332982356e-8
122.9,7.617038435148654e-8,1.8565666643978512e-8
122.91,7.617420193849012e-8,1.899391503493042e-8
122.92,7.617199067197458e-8,1.9420127114448526e-8
122.93,7.616376331568361e-8,1.984426870639093e-8
122.94,7.61495330873371e-8,2.0266305852233388e-8
122.95,7.612931365783673e-8,2.0686204814178015e-8
122.96,7.610311914613867e-8,2.1103932077499676e-8
122.97,7.607096412077457e-8,2.1519454353076818e-8
122.98,7.60328635960196e-8,2.193273857994394e-8
122.99,7.598883302942842e-8,2.234375192772464e-8
123.0,7.593888832099876e-8,2.275246179949172e-8
123.01,7.588304580987873e-8,2.3158835833855367e-8
123.02,7.582132227266318e-8,2.3562841907485023e-8
123.03,7.575373492124724e-8,2.396444813778256e-8
123.04,7.568030139962482e-8,2.4363622885048693e-8
123.05,7.560103978383729e-8,2.4760334754674776e-8
123.06,7.551596857679719e-8,2.515455259999933e-8
123.07,7.542510670829769e-8,2.5546245524252128e-8
123.08,7.532847353089509e-8,2.5935382883074943e-8
123.09,7.522608881879598e-8,2.6321934286515946e-8
123.1,7.51179727645155e-8,2.6705869601758367e-8
123.11,7.500414597722855e-8,2.708715895475808e-8
123.12,7.488462947941634e-8,2.7465772732921158e-8
123.13,7.475944470507512e-8,2.7841681587298297e-8
123.14,7.462861349650475e-8,2.8214856434135278e-8
123.15,7.449215810225705e-8,2.858526845782628e-8
123.16,7.435010117479467e-8,2.895288911241354e-8
123.17,7.420246576637803e-8,2.931769012391673e-8
123.18,7.404927532841927e-8,2.9679643492475157e-8
123.19,7.389055370699686e-8,3.0038721493986606e-8
123.2,7.372632514166901e-8,3.039489668262043e-8
123.21,7.355661426126148e-8,3.074814189243884e-8
123.22,7.338144608286902e-8,3.10984302392993e-8
123.23,7.320084600689828e-8,3.1445735123163945e-8
123.24,7.30148398160968e-8,3.179003022961811e-8
123.25,7.282345367183613e-8,3.213128953192103e-8
123.26,7.262671411125112e-8,3.2469487292537404e-8
123.27,7.242464804496834e-8,3.280459806583603e-8
123.28,7.221728275297672e-8,3.313659669853895e-8
123.29,7.200464588347267e-8,3.346545833247113e-8
123.3,7.178676544754745e-8,3.379115840618522e-8
123.31,7.156366981927035e-8,3.411367265620316e-8
123.32,7.133538772883441e-8,3.443297711911151e-8
123.33,7.110194826297086e-8,3.474904813311459e-8
123.34,7.086338086049326e-8,3.506186233964259e-8
123.35,7.061971530873978e-8,3.537139668475099e-8
123.36,7.037098174126123e-8,3.567762842085828e-8
123.37,7.011721063439014e-8,3.59805351085357e-8
123.38,6.985843280418475e-8,3.6280094617602494e-8
123.39,6.959467940320462e-8,3.657628512871713e-8
123.4,6.932598191686346e-8,3.6869085134615646e-8
123.41,6.905237216204957e-8,3.715847344283155e-8
123.42,6.877388228089451e-8,3.7444429174645834e-8
123.43,6.849054473978852e-8,3.7726931768715684e-8
123.44,6.820239232602373e-8,3.800596098147649e-8
123.45,6.790945814342732e-8,3.82814968883346e-8
123.46,6.761177560968845e-8,3.8553519885232834e-8
123.47,6.730937845316247e-8,3.882201068999177e-8
123.48,6.700230070913016e-8,3.908695034300075e-8
123.49,6.669057671667687e-8,3.93483202089665e-8
123.5,6.637424111550527e-8,3.9606101978066595e-8
123.51,6.605332884174373e-8,3.986027766639916e-8
123.52,6.572787512594644e-8,4.0110829618040094e-8
123.53,6.539791548820554e-8,4.0357740505498436e-8
123.54,6.506348573546194e-8,4.060099333090176e-8
123.55,6.472462195797668e-8,4.084057142705797e-8
123.56,6.438136052576487e-8,4.107645845854059e-8
123.57,6.403373808516726e-8,4.1308638422342446e-8
123.58,6.368179155510317e-8,4.153709564899566e-8
123.59,6.332555812431537e-8,4.1761814803923054e-8
123.6,6.296507524621486e-8,4.19827808870424e-8
123.61,6.260038063756311e-8,4.2199979235127066e-8
123.62,6.223151227289764e-8,4.2413395521728515e-8
123.63,6.185850838237774e-8,4.262301575817077e-8
123.64,6.14814074470129e-8,4.28288262939852e-8
123.65,6.110024819593314e-8,4.3030813818227554e-8
123.66,6.071506960250012e-8,4.322896535988087e-8
123.67,6.032591088067495e-8,4.3423268288318174e-8
123.68,5.993281148078686e-8,4.361371031384976e-8
123.69,5.9535811088152784e-8,4.380027949032322e-8
123.7,5.913494961555734e-8,4.398296421124382e-8
123.71,5.873026720262532e-8,4.416175321498575e-8
123.72,5.832180421148262e-8,4.433663558271525e-8
123.73,5.7909601222870696e-8,4.4507600739740504e-8
123.74,5.7493699031766666e-8,4.467463845566234e-8
123.75,5.7074138644756824e-8,4.483773884489465e-8
123.76,5.6650961275731955e-8,4.4996892367183894e-8
123.77,5.622420834202492e-8,4.515208982761843e-8
123.78,5.579392146112313e-8,4.530332237743256e-8
123.79,5.536014244679444e-8,4.545058151409685e-8
123.8,5.4922913304946827e-8,4.559385908108638e-8
123.81,5.448227623007408e-8,4.573314726938985e-8
123.82,5.403827360169464e-8,4.586843861647688e-8
123.83,5.359094798035664e-8,4.599972600701251e-8
123.84,5.314034210389034e-8,4.612700267321326e-8
123.85,5.2686498883553493e-8,4.625026219429268e-8
123.86,5.22294614003099e-8,4.636949849747134e-8
123.87,5.176927290086417e-8,4.648470585713082e-8
123.88,5.1305976794269004e-8,4.659587889599133e-8
123.89,5.083961664758039e-8,4.6703012583594215e-8
123.9,5.0370236181999444e-8,4.6806102237783895e-8
123.91,4.989787926980451e-8,4.6905143523512443e-8
123.92,4.942258992934303e-8,4.7000132453573385e-8
123.93,4.894441232273851e-8,4.7091065388046405e-8
123.94,4.846339075025001e-8,4.717793903431811e-8
123.95,4.797956964794514e-8,4.7260750446934276e-8
123.96,4.749299358286017e-8,4.733949702721871e-8
123.97,4.7003707249480834e-8,4.7414176523385344e-8
123.98,4.651175546664722e-8,4.7484787029798725e-8
123.99,4.6017183171972454e-8,4.7551326987306704e-8
124.0,4.552003541948984e-8,4.761379518256633e-8
124.01,4.502035737501093e-8,4.767219074726537e-8
124.02,4.451819431298578e-8,4.772651315907405e-8
124.03,4.401359161191899e-8,4.777676223975055e-8
124.04,4.350659475064186e-8,4.782293815557424e-8
124.05,4.299724930466549e-8,4.7865041416857744e-8
124.06,4.248560094243991e-8,4.790307287728187e-8
124.07,4.1971695420770795e-8,4.793703373265196e-8
124.08,4.145557858197905e-8,4.796692552243582e-8
124.09,4.0937296349550506e-8,4.79927501271077e-8
124.1,4.0416894723348624e-8,4.801450976823911e-8
124.11,3.9894419777876265e-8,4.8032207008396756e-8
124.12,3.9369917656374153e-8,4.8045844749534123e-8
124.13,3.884343456809506e-8,4.805542623360818e-8
124.14,3.831501678396729e-8,4.8060955040269506e-8
124.15,3.778471063225511e-8,4.806243508736172e-8
124.16,3.7252562498270005e-8,4.805987063000224e-8
124.17,3.671861881334336e-8,4.8053266259018095e-8
124.18,3.6182926058000545e-8,4.804262690119757e-8
124.19,3.564553075476102e-8,4.8027957817592545e-8
124.2,3.510647946516401e-8,4.8009264603200956e-8
124.21,3.4565818785082196e-8,4.798655318533607e-8
124.22,3.402359534213292e-8,4.795982982407815e-8
124.23,3.347985579102474e-8,4.7929101109801716e-8
124.24,3.293464680973691e-8,4.789437396365905e-8
124.25,3.238801509685548e-8,4.785565563340713e-8
124.26,3.184000736549141e-8,4.7812953698312683e-8
124.27,3.1290670342041214e-8,4.776627606220999e-8
124.28,3.074005076038933e-8,4.771563095510828e-8
124.29,3.0188195359775356e-8,4.766102693200578e-8
124.3,2.963515087944638e-8,4.760247287136563e-8
124.31,2.9080964056186765e-8,4.753997797399909e-8
124.32,2.852568161976388e-8,4.7473551762022045e-8
124.33,2.7969350289235877e-8,4.7403204077568045e-8
124.34,2.741201677014471e-8,4.7328945081295376e-8
124.35,2.685372774939355e-8,4.725078525187044e-8
124.36,2.6294529892408208e-8,4.716873538379073e-8
124.37,2.5734469839191075e-8,4.7082806586591455e-8
124.38,2.517359420067607e-8,4.699301028344439e-8
124.39,2.4611949555081614e-8,4.689935820975097e-8
124.4,2.4049582443695825e-8,4.680186241154105e-8
124.41,2.3486539368346163e-8,4.6700535244623555e-8
124.42,2.292286678653088e-8,4.659538937238012e-8
124.43,2.2358611108119832e-8,4.6486437765293084e-8
124.44,2.179381869252964e-8,4.6373693698353274e-8
124.45,2.1228535843893547e-8,4.625717075037088e-8
124.46,2.0662808808123006e-8,4.613688280223861e-8
124.47,2.0096683769255635e-8,4.601284403512352e-8
124.48,1.9530206845577324e-8,4.58850689291379e-8
124.49,1.8963424086452046e-8,4.5753572262052535e-8
124.5,1.83963814683003e-8,4.5618369106629206e-8
124.51,1.7829124891508566e-8,4.547947483028924e-8
124.52,1.7261700176752635e-8,4.533690509261438e-8
124.53,1.6694153061062158e-8,4.5190675843674756e-8
124.54,1.6126529194625353e-8,4.504080332281727e-8
124.55,1.5558874137580567e-8,4.488730405655164e-8
124.56,1.4991233356169334e-8,4.473019485680161e-8
124.57,1.4423652219120138e-8,4.45694928189335e-8
124.58,1.3856175994571788e-8,4.4405215320711455e-8
124.59,1.3288849846621866e-8,4.423738001984044e-8
124.6,1.2721718831650769e-8,4.4066004852211945e-8
124.61,1.2154827894753296e-8,4.3891108030049024e-8
124.62,1.1588221866957761e-8,4.3712708039953964e-8
124.63,1.1021945461540512e-8,4.353082364191447e-8
124.64,1.0456043270303647e-8,4.3345473865436416e-8
124.65,9.890559760781952e-9,4.315667800957481e-8
124.66,9.325539272587887e-9,4.296445563988609e-8
124.67,8.761026014328227e-9,4.276882658679334e-8
124.68,8.197064060239227e-9,4.2569810943508004e-8
124.69,7.63369734668773e-9,4.23674290640087e-8
124.7,7.070969669188815e-9,4.2161701560936893e-8
124.71,6.508924678995481e-9,4.1952649303658594e-8
124.72,5.947605880121369e-9,4.174029341615064e-8
124.73,5.38705662581933e-9,4.152465527485692e-8
124.74,4.827320115519326e-9,4.130575650666427e-8
124.75,4.268439391977904e-9,4.10836189865997e-8
124.76,3.7104573375272786e-9,4.0858264835785566e-8
124.77,3.153416671358604e-9,4.062971641924801e-8
124.78,2.5973599465407375e-9,4.039799634412229e-8
124.79,2.0423295464230677e-9,4.016312745647778e-8
124.8,1.4883676821162333e-9,3.9925132839964534e-8
124.81,9.355163890962675e-10,3.968403581359198e-8
124.82,3.838175242380315e-10,3.9439859928465007e-8
124.83,-1.6668723703596343e-10,3.919262896708281e-8
124.84,-7.159564039037573e-10,3.8942366939541204e-8
124.85,-1.2639486730758879e-9,3.868909808228362e-8
124.86,-1.8106229314511117e-9,3.843284685517109e-8
124.87,-2.3559382597689835e-9,3.817363793940678e-8
124.88,-2.8998539345959797e-9,3.7911496235178903e-8
124.89,-3.44232943184595e-9,3.764644685915149e-8
124.9,-3.983324429404565e-9,3.7378515142255644e-8
124.91,-4.522798808114981e-9,3.710772662815414e-8
124.92,-5.06071266395307e-9,3.683410706634744e-8
124.93,-5.597026292012643e-9,3.655768241828604e-8
124.94,-6.131700208089747e-9,3.627847884687689e-8
124.95,-6.664695142101834e-9,3.599652271772201e-8
124.96,-7.195972042485661e-9,3.571184059612503e-8
124.97,-7.725492079398413e-9,3.542445924431094e-8
124.98,-8.253216646372207e-9,3.5134405619312926e-8
124.99,-8.77910736427804e-9,3.48417068702898e-8
125.0,-9.303126082694096e-9,3.454639033614138e-8
125.01,-9.825234883588893e-9,3.4248483541761434e-8
125.02,-1.0345396083097808e-8,3.394801419828707e-8
125.03,-1.0863572234376655e-8,3.364501019762245e-8
125.04,-1.1379726130247415e-8,3.333949961173651e-8
125.05,-1.1893820805808048e-8,3.3031510688677785e-8
125.06,-1.2405819539892908e-8,3.2721071851256676e-8
125.07,-1.2915685859169603e-8,3.240821169369894e-8
125.08,-1.3423383539465163e-8,3.209295897941387e-8
125.09,-1.3928876608519005e-8,3.1775342637918315e-8
125.1,-1.4432129347239598e-8,3.1455391763003224e-8
125.11,-1.4933106294795933e-8,3.113313560882645e-8
125.12,-1.5431772248166174e-8,3.080860358867764e-8
125.13,-1.592809226564635e-8,3.048182527068092e-8
125.14,-1.6422031669140374e-8,3.015283037739706e-8
125.15,-1.6913556046014955e-8,2.982164878087216e-8
125.16,-1.740263125191443e-8,2.9488310501069115e-8
125.17,-1.7889223412306135e-8,2.9152845703164242e-8
125.18,-1.8373298925039792e-8,2.8815284694467773e-8
125.19,-1.8854824462370423e-8,2.8475657921982012e-8
125.2,-1.933376697320586e-8,2.81339959695491e-8
125.21,-1.9810093685043455e-8,2.7790329555190814e-8
125.22,-2.028377210603123e-8,2.7444689528280694e-8
125.23,-2.0754770027173e-8,2.7097106866923314e-8
125.24,-2.1223055524072978e-8,2.674761267509159e-8
125.25,-2.1688596959273885e-8,2.639623817984684e-8
125.26,-2.2151362983740495e-8,2.6043014728511797e-8
125.27,-2.2611322539704208e-8,2.568797378625427e-8
125.28,-2.3068444860699633e-8,2.5331146933229922e-8
125.29,-2.3522699475846283e-8,2.497256586070134e-8
125.3,-2.3974056209949452e-8,2.461226237015883e-8
125.31,-2.442248518604128e-8,2.4250268368981933e-8
125.32,-2.4867956826872108e-8,2.3886615868390245e-8
125.33,-2.53104418567633e-8,2.352133698018966e-8
125.34,-2.5749911303593156e-8,2.315446391448344e-8
125.35,-2.6186336500065847e-8,2.2786028976363574e-8
125.36,-2.6619689085727708e-8,2.241606456331656e-8
125.37,-2.7049941008401222e-8,2.204460316238909e-8
125.38,-2.747706452599226e-8,2.1671677347118426e-8
125.39,-2.7901032208053348e-8,2.1297319775274637e-8
125.4,-2.832181693704161e-8,2.092156318547077e-8
125.41,-2.8739391910319026e-8,2.0544440394400447e-8
125.42,-2.915373064139921e-8,2.0165984294297228e-8
125.43,-2.9564806961302077e-8,1.9786227849704276e-8
125.44,-2.9972595020166345e-8,1.9405204095070852e-8
125.45,-3.03770692889738e-8,1.902294613147735e-8
125.46,-3.0778204560297754e-8,1.863948712387562e-8
125.47,-3.117597595002732e-8,1.8254860298555088e-8
125.48,-3.157035889929815e-8,1.786909893970646e-8
125.49,-3.1961329173720376e-8,1.7482236387519055e-8
125.5,-3.234886286758036e-8,1.7094306033956005e-8
125.51,-3.273293640287399e-8,1.670534132121465e-8
125.52,-3.311352653127426e-8,1.6315375738039207e-8
125.53,-3.3490610335554776e-8,1.5924442817305555e-8
125.54,-3.3864165230338005e-8,1.5532576132842984e-8
125.55,-3.423416896324718e-8,1.513980929679684e-8
125.56,-3.460059961639961e-8,1.4746175956792176e-8
125.57,-3.4963435606841624e-8,1.4351709792819704e-8
125.58,-3.5322655688371636e-8,1.395644451468441e-8
125.59,-3.567823895201066e-8,1.3560413858946318e-8
125.6,-3.603016482658349e-8,1.3163651586267119e-8
125.61,-3.637841308106768e-8,1.2766191478258548e-8
125.62,-3.672296382412643e-8,1.2368067334951313e-8
125.63,-3.706379750546621e-8,1.1969312971780287e-8
125.64,-3.740089491695591e-8,1.156996221681821e-8
125.65,-3.773423719340127e-8,1.1170048907545135e-8
125.66,-3.806380581233017e-8,1.0769606889096813e-8
125.67,-3.838958259682526e-8,1.0368670010048088e-8
125.68,-3.871154971437646e-8,9.967272120282508e-9
125.69,-3.902968967838306e-8,9.565447068440458e-9
125.7,-3.9343985349003796e-8,9.163228698517806e-9
125.71,-3.965441993331007e-8,8.760650847404572e-9
125.72,-3.9960976986165185e-8,8.357747341893363e-9
125.73,-4.0263640410914046e-8,7.954551995932043e-9
125.74,-4.0562394459985215e-8,7.55109860794682e-9
125.75,-4.085722373515909e-8,7.14742095768925e-9
125.76,-4.11481131880164e-8,6.743552803761483e-9
125.77,-4.1435048121168396e-8,6.339527881130705e-9
125.78,-4.171801418757984e-8,5.935379897338341e-9
125.79,-4.1996997392030497e-8,5.531142530577643e-9
125.8,-4.22719840907503e-8,5.126849426810748e-9
125.81,-4.254296099208309e-8,4.722534196759604e-9
125.82,-4.280991515705017e-8,4.3182304132599956e-9
125.83,-4.307283399926324e-8,3.913971608514619e-9
125.84,-4.333170528525683e-8,3.5097912713577233e-9
125.85,-4.358651713535288e-8,3.1057228446884574e-9
125.86,-4.383725802204559e-8,2.7017997221302477e-9
125.87,-4.408391677322459e-8,2.2980552460405837e-9
125.88,-4.4326482569410875e-8,1.8945227045599438e-9
125.89,-4.456494494534237e-8,1.4912353286508614e-9
125.9,-4.4799293790054775e-8,1.0882262897025854e-9
125.91,-4.5029519346443e-8,6.855286966245558e-10
125.92,-4.525561221173771e-8,2.831755934061233e-10
125.93,-4.547756333696024e-8,-1.1880004382316483e-10
125.94,-4.5695364027865495e-8,-5.203653092030604e-10
125.95,-4.590900594390623e-8,-9.214873699989171e-10
125.96,-4.611848109856936e-8,-1.3221334691308216e-9
125.97,-4.632378185966579e-8,-1.7222709278186981e-9
125.98,-4.6524900948212657e-8,-2.121867148322649e-9
125.99,-4.672183143933895e-8,-2.520889616306492e-9
126.0,-4.6914566761267434e-8,-2.919305903636258e-9
126.01,-4.7103100696119245e-8,-3.3170836709815374e-9
126.02,-4.728742737812638e-8,-3.714190670294064e-9
126.03,-4.74675412947681e-8,-4.110594747462056e-9
126.04,-4.764343728591307e-8,-4.506263844941543e-9
126.05,-4.78151105432808e-8,-4.901166003800734e-9
126.06,-4.798255661049727e-8,-5.295269367088707e-9
126.07,-4.8145771382668154e-8,-5.688542181730587e-9
126.08,-4.8304751105539556e-8,-6.080952801123666e-9
126.09,-4.84594923756359e-8,-6.47246968787263e-9
126.1,-4.860999213910613e-8,-6.863061416437155e-9
126.11,-4.875624769204795e-8,-7.2526966745721e-9
126.12,-4.8898256679204315e-8,-7.641344267068508e-9
126.13,-4.9036017094673606e-8,-8.028973117852354e-9
126.14,-4.916952727891704e-8,-8.415552271540641e-9
126.15,-4.929878592093186e-8,-8.801050897366457e-9
126.16,-4.942379205572233e-8,-9.185438289851041e-9
126.17,-4.954454506460122e-8,-9.568683873104199e-9
126.18,-4.966104467410134e-8,-9.950757201554863e-9
126.19,-4.97732909552487e-8,-1.0331627963244137e-8
126.2,-4.9881284322988135e-8,-1.0711265981805254e-8
126.21,-4.998502553373619e-8,-1.1089641219044737e-8
126.22,-5.008451569296452e-8,-1.1466723777371213e-8
126.23,-5.0179756237137725e-8,-1.1842483901038262e-8
126.24,-5.02707489508028e-8,-1.2216891980261004e-8
126.25,-5.0357495955790695e-8,-1.2589918551878068e-8
126.26,-5.043999971348147e-8,-1.2961534302455735e-8
126.27,-5.051826302291283e-8,-1.3331710070379369e-8
126.28,-5.0592289020184375e-8,-1.3700416847992998e-8
126.29,-5.0662081177192076e-8,-1.406762578366475e-8
126.3,-5.0727643301440766e-8,-1.4433308184522994e-8
126.31,-5.078897953353448e-8,-1.4797435518019881e-8
126.32,-5.0846094348268774e-8,-1.515997941457705e-8
126.33,-5.08989925513816e-8,-1.5520911669334367e-8
126.34,-5.094767927967975e-8,-1.588020424468211e-8
126.35,-5.0992159999784274e-8,-1.6237829271886357e-8
126.36,-5.103244050671943e-8,-1.659375905390071e-8
126.37,-5.106852692294607e-8,-1.694796606672958e-8
126.38,-5.110042569716374e-8,-1.730042296197356e-8
126.39,-5.1128143602677206e-8,-1.7651102568531968e-8
126.4,-5.115168773719625e-8,-1.7999977895187096e-8
126.41,-5.117106552001708e-8,-1.8347022131718953e-8
126.42,-5.1186284692209145e-8,-1.869220865181289e-8
126.43,-5.119735331454091e-8,-1.903551101461006e-8
126.44,-5.120427976610332e-8,-1.937690296650109e-8
126.45,-5.120707274342703e-8,-1.9716358443563207e-8
126.46,-5.120574125855153e-8,-2.0053851572984703e-8
126.47,-5.120029463789914e-8,-2.0389356675466482e-8
126.48,-5.1190742521081205e-8,-2.072284826648804e-8
126.49,-5.11770948589789e-8,-2.105430105872239e-8
126.5,-5.115936191254748e-8,-2.138368996382507e-8
126.51,-5.1137554250833363e-8,-2.1710990093530842e-8
126.52,-5.111168275088664e-8,-2.2036176762924176e-8
126.53,-5.108175859430002e-8,-2.235922549078494e-8
126.54,-5.104779326677622e-8,-2.2680112002157212e-8
126.55,-5.100979855659109e-8,-2.2998812229707347e-8
126.56,-5.096778655244261e-8,-2.331530231580559e-8
126.57,-5.0921769642422e-8,-2.3629558614275588e-8
126.58,-5.0871760511940007e-8,-2.3941557691454734e-8
126.59,-5.0817772141493114e-8,-2.425127632850213e-8
126.6,-5.075981780690971e-8,-2.4558691522878963e-8
126.61,-5.069791107568052e-8,-2.4863780489956785e-8
126.62,-5.063206580613045e-8,-2.5166520664810285e-8
126.63,-5.0562296145224204e-8,-2.546688970317423e-8
126.64,-5.0488616527501686e-8,-2.5764865484083954e-8
126.65,-5.0411041672373937e-8,-2.606042611015219e-8
126.66,-5.03295865832373e-8,-2.635354991042846e-8
126.67,-5.024426654508868e-8,-2.664421544083294e-8
126.68,-5.015509712244018e-8,-2.6932401486239837e-8
126.69,-5.0062094158440814e-8,-2.72180870617031e-8
126.7,-4.996527377185408e-8,-2.7501251413939287e-8
126.71,-4.9864652356041126e-8,-2.7781874023018616e-8
126.72,-4.976024657629793e-8,-2.8059934603253487e-8
126.73,-4.965207336863015e-8,-2.8335413105076202e-8
126.74,-4.954014993726126e-8,-2.8608289716047544e-8
126.75,-4.942449375296304e-8,-2.8878544862498727e-8
126.76,-4.930512255096602e-8,-2.9146159210707776e-8
126.77,-4.9182054328734685e-8,-2.9411113668049026e-8
126.78,-4.9055307344430185e-8,-2.96733893845016e-8
126.79,-4.892490011457989e-8,-2.9932967753893866e-8
126.8,-4.8790851411630847e-8,-3.0189830414940774e-8
126.81,-4.8653180262849593e-8,-3.0443959252547725e-8
126.82,-4.851190594725752e-8,-3.069533639912847e-8
126.83,-4.836704799395758e-8,-3.094394423574186e-8
126.84,-4.821862618014651e-8,-3.118976539290839e-8
126.85,-4.8066660528596834e-8,-3.143278275221933e-8
126.86,-4.791117130590719e-8,-3.167297944720542e-8
126.87,-4.775217901962376e-8,-3.191033886411356e-8
126.88,-4.758970441675337e-8,-3.2144844643085775e-8
126.89,-4.742376848331005e-8,-3.237648068149513e-8
126.9,-4.725439243636905e-8,-3.260523112938013e-8
126.91,-4.708159772841509e-8,-3.283108039606803e-8
126.92,-4.6905406041471784e-8,-3.305401314854429e-8
126.93,-4.6725839285640675e-8,-3.3274014312961914e-8
126.94,-4.654291959712022e-8,-3.349106907493942e-8
126.95,-4.6356669335503067e-8,-3.370516288136618e-8
126.96,-4.616711108125843e-8,-3.391628144037088e-8
126.97,-4.59742676348667e-8,-3.4124410723092724e-8
126.98,-4.577816201164316e-8,-3.4329536964109154e-8
126.99,-4.5578817443273476e-8,-3.4531646661593765e-8
127.0,-4.537625737198455e-8,-3.473072657928844e-8
127.01,-4.517050544964867e-8,-3.4926763745948174e-8
127.02,-4.4961585536165284e-8,-3.5119745457988916e-8
127.03,-4.474952169512076e-8,-3.5309659277734676e-8
127.04,-4.453433819348809e-8,-3.549649303612863e-8
127.05,-4.4316059497481905e-8,-3.5680234832385525e-8
127.06,-4.4094710271302495e-8,-3.586087303464701e-8
127.07,-4.387031537409403e-8,-3.6038396281955935e-8
127.08,-4.364289985788575e-8,-3.621279348233785e-8
127.09,-4.3412488964786596e-8,-3.6384053815358855e-8
127.1,-4.3179108124612814e-8,-3.655216673243299e-8
127.11,-4.2942782952629626e-8,-3.671712195653685e-8
127.12,-4.270353924678299e-8,-3.687890948349046e-8
127.13,-4.246140298555035e-8,-3.7037519582129474e-8
127.14,-4.2216400324984957e-8,-3.7192942794583366e-8
127.15,-4.1968557596606814e-8,-3.734516993693914e-8
127.16,-4.171790130427811e-8,-3.749419210022476e-8
127.17,-4.146445812285045e-8,-3.764000064918705e-8
127.18,-4.120825489437618e-8,-3.77825872243474e-8
127.19,-4.094931862613468e-8,-3.7921943741551814e-8
127.2,-4.0687676488097425e-8,-3.805806239223784e-8
127.21,-4.042335581015565e-8,-3.8190935644039626e-8
127.22,-4.0156384079836795e-8,-3.83205562409472e-8
127.23,-3.988678893920181e-8,-3.8446917203286667e-8
127.24,-3.961459818297333e-8,-3.8570011828312177e-8
127.25,-3.933983975575826e-8,-3.8689833690645665e-8
127.26,-3.9062541748521566e-8,-3.880637664125304e-8
127.27,-3.878273239741763e-8,-3.891963480917174e-8
127.28,-3.850044008016417e-8,-3.9029602600528524e-8
127.29,-3.821569331393613e-8,-3.9136274699420365e-8
127.3,-3.7928520752443065e-8,-3.923964606695591e-8
127.31,-3.763895118322009e-8,-3.933971194255049e-8
127.32,-3.734701352556007e-8,-3.9436467843128294e-8
127.33,-3.705273682714652e-8,-3.952990956334651e-8
127.34,-3.675615026201137e-8,-3.962003317581969e-8
127.35,-3.6457283127498226e-8,-3.970683503085511e-8
127.36,-3.615616484168298e-8,-3.979031175631193e-8
127.37,-3.585282494090329e-8,-3.987046025788216e-8
127.38,-3.554729307688342e-8,-3.994727771858942e-8
127.39,-3.5239599014057436e-8,-4.0020761598976687e-8
127.4,-3.492977262727752e-8,-4.009090963684919e-8
127.41,-3.461784389830856e-8,-4.015771984702256e-8
127.42,-3.430384291426737e-8,-4.022119052132754e-8
127.43,-3.3987799863980586e-8,-4.02813202282072e-8
127.44,-3.3669745035941035e-8,-4.033810781298335e-8
127.45,-3.334970881491971e-8,-4.039155239560773e-8
127.46,-3.30277216803071e-8,-4.0441653374359305e-8
127.47,-3.270381420243924e-8,-4.048841042145992e-8
127.48,-3.23780170404136e-8,-4.0531823484958035e-8
127.49,-3.205036093934413e-8,-4.0571892787773615e-8
127.5,-3.172087672747822e-8,-4.0608618827532026e-8
127.51,-3.1389595313755647e-8,-4.064200237567413e-8
127.52,-3.1056547684891276e-8,-4.06720444780585e-8
127.53,-3.072176490279111e-8,-4.069874645329251e-8
127.54,-3.038527810212007e-8,-4.0722109893351975e-8
127.55,-3.004711848686834e-8,-4.074213666236388e-8
127.56,-2.9707317328190272e-8,-4.07588288961508e-8
127.57,-2.93659059617424e-8,-4.0772189002497325e-8
127.58,-2.90229157852716e-8,-4.078221965946383e-8
127.59,-2.8678378254760622e-8,-4.0788923815930884e-8
127.6,-2.8332324882912964e-8,-4.0792304689922904e-8
127.61,-2.7984787235855795e-8,-4.0792365769039635e-8
127.62,-2.763579693096422e-8,-4.078911080904511e-8
127.63,-2.7285385633426517e-8,-4.0782543833505797e-8
127.64,-2.6933585054178002e-8,-4.077266913343481e-8
127.65,-2.658042694685975e-8,-4.0759491265580823e-8
127.66,-2.6225943105377544e-8,-4.074301505326338e-8
127.67,-2.5870165361148037e-8,-4.072324558436298e-8
127.68,-2.5513125580126448e-8,-4.070018821094731e-8
127.69,-2.515485566058737e-8,-4.067384854862855e-8
127.7,-2.4795387530346415e-8,-4.064423247566376e-8
127.71,-2.4434753143567086e-8,-4.061134613213637e-8
127.72,-2.4072984479131702e-8,-4.057519591940437e-8
127.73,-2.3710113536444473e-8,-4.0535788497962185e-8
127.74,-2.334617233489095e-8,-4.0493130788970664e-8
127.75,-2.29811929087587e-8,-4.0447229971042874e-8
127.76,-2.261520730658619e-8,-4.039809348037274e-8
127.77,-2.22482475874635e-8,-4.0345729009681936e-8
127.78,-2.188034581853227e-8,-4.029014450748891e-8
127.79,-2.1511534072848656e-8,-4.02313481764619e-8
127.8,-2.1141844425882735e-8,-4.016934847281057e-8
127.81,-2.077130895377015e-8,-4.010415410573895e-8
127.82,-2.0399959729033582e-8,-4.003577403582164e-8
127.83,-2.0027828823276867e-8,-3.9964217473100835e-8
127.84,-1.9654948294885673e-8,-3.988949387850875e-8
127.85,-1.928135019506972e-8,-3.9811612960204836e-8
127.86,-1.8907066562665084e-8,-3.9730584674043964e-8
127.87,-1.853212942018245e-8,-3.9646419221308554e-8
127.88,-1.8156570772384357e-8,-3.9559127048495384e-8
127.89,-1.778042260347971e-8,-3.9468718846068505e-8
127.9,-1.740371687470775e-8,-3.937520554629512e-8
127.91,-1.70264855218508e-8,-3.9278598323260014e-8
127.92,-1.6648760450981827e-8,-3.917890859089407e-8
127.93,-1.6270573540098787e-8,-3.9076148001994206e-8
127.94,-1.5891956631276675e-8,-3.897032844694683e-8
127.95,-1.551294153303306e-8,-3.886146205205047e-8
127.96,-1.5133560013206396e-8,-3.874956117912903e-8
127.97,-1.4753843800539028e-8,-3.863463842325216e-8
127.98,-1.4373824579200392e-8,-3.851670661196723e-8
127.99,-1.3993533988526576e-8,-3.8395778803802315e-8
128.0,-1.3613003618764111e-8,-3.827186828663976e-8
128.01,-1.3232265009549354e-8,-3.8144988576939596e-8
128.02,-1.2851349647088432e-8,-3.80151534174828e-8
128.03,-1.2470288961888629e-8,-3.7882376776961533e-8
128.04,-1.2089114326412052e-8,-3.774667284764283e-8
128.05,-1.17078570521275e-8,-3.760805604443415e-8
128.06,-1.1326548387806947e-8,-3.746654100317004e-8
128.07,-1.0945219515417327e-8,-3.7322142579478156e-8
128.08,-1.056390155102963e-8,-3.717487584658643e-8
128.09,-1.0182625538659306e-8,-3.702475609460511e-8
128.1,-9.801422451449349e-9,-3.687179882840755e-8
128.11,-9.420323185244231e-9,-3.671601976657147e-8
128.12,-9.039358559599102e-9,-3.655743483900331e-8
128.13,-8.658559314426766e-9,-3.63960601865538e-8
128.14,-8.277956107054758e-9,-3.623191215844859e-8
128.15,-7.897579510434631e-9,-3.6065007310879625e-8
128.16,-7.51746001056194e-9,-3.589536240559803e-8
128.17,-7.137628005292305e-9,-3.572299440844287e-8
128.18,-6.758113800463409e-9,-3.5547920486781096e-8
128.19,-6.378947604999988e-9,-3.5370158009380475e-8
128.2,-6.000159538483335e-9,-3.5189724542784745e-8
128.21,-5.621779617266359e-9,-3.5006637851422395e-8
128.22,-5.24383775878038e-9,-3.4820915894710527e-8
128.23,-4.866363777730819e-9,-3.4632576825971255e-8
128.24,-4.489387383718625e-9,-3.444163899030557e-8
128.25,-4.1129381794151385e-9,-3.424812092303631e-8
128.26,-3.737045658130328e-9,-3.405204134807374e-8
128.27,-3.3617392016092255e-9,-3.385341917558975e-8
128.28,-2.9870480779866706e-9,-3.365227350103904e-8
128.29,-2.613001439797513e-9,-3.344862360286108e-8
128.3,-2.239628321293297e-9,-3.324248894006654e-8
128.31,-1.8669576368632035e-9,-3.303388915185682e-8
128.32,-1.4950181787500565e-9,-3.282284405454849e-8
128.33,-1.1238386149167702e-9,-3.2609373640416704e-8
128.34,-7.534474868626059e-10,-3.23934980753796e-8
128.35,-3.8387320798084253e-10,-3.217523769730846e-8
128.36,-1.5144060674120375e-11,-3.195461301433174e-8
128.37,3.52711804034261e-10,-3.1731644702382035e-8
128.38,7.196663709885342e-10,-3.150635360392133e-8
128.39,1.0856917608742466e-9,-3.1278760725744e-8
128.4,1.4507602327430571e-9,-3.104888723699515e-8
128.41,1.8148441861529248e-9,-3.08167544670893e-8
128.42,2.177916163333245e-9,-3.058238390418396e-8
128.43,2.5399488504755653e-9,-3.034579719268774e-8
128.44,2.900915080984802e-9,-3.010701613184638e-8
128.45,3.260787834991925e-9,-2.9866062673367196e-8
128.46,3.6195402437399263e-9,-2.9622958919254616e-8
128.47,3.977145590092789e-9,-2.9377727120565825e-8
128.48,4.333577311116634e-9,-2.9130389674367863e-8
128.49,4.6888089989023315e-9,-2.8880969122739235e-8
128.5,5.042814403419236e-9,-2.8629488149671616e-8
128.51,5.395567433918173e-9,-2.8375969580404e-8
128.52,5.747042160424076e-9,-2.8120436377758642e-8
128.53,6.0972128166342455e-9,-2.786291164116219e-8
128.54,6.446053799705279e-9,-2.7603418604611056e-8
128.55,6.793539673987224e-9,-2.734198063372736e-8
128.56,7.139645171529235e-9,-2.7078621224428687e-8
128.57,7.484345194705611e-9,-2.6813364001485425e-8
128.58,7.827614816418045e-9,-2.6546232713902945e-8
128.59,8.16942928346447e-9,-2.6277251235725962e-8
128.6,8.509764017387999e-9,-2.6006443562373573e-8
128.61,8.848594615643696e-9,-2.5733833808696528e-8
128.62,9.185896854389541e-9,-2.5459446206926496e-8
128.63,9.521646689064891e-9,-2.5183305104951924e-8
128.64,9.855820256381395e-9,-2.490543496335869e-8
128.65,1.0188393875799957e-8,-2.4625860353869246e-8
128.66,1.0519344051251826e-8,-2.4344605957204816e-8
128.67,1.0848647472413545e-8,-2.4061696560604673e-8
128.68,1.1176281016364293e-8,-2.3777157055682628e-8
128.69,1.15022217490218e-8,-2.349101243681228e-8
128.7,1.1826446926697079e-8,-2.3203287798181167e-8
128.71,1.2148933997364934e-8,-2.2914008331839006e-8
128.72,1.2469660602124605e-8,-2.262319932610154e-8
128.73,1.2788604577029008e-8,-2.2330886162239854e-8
128.74,1.3105743953830654e-8,-2.2037094313342707e-8
128.75,1.3421056961787025e-8,-2.1741849341686793e-8
128.76,1.3734522029056005e-8,-2.144517689647882e-8
128.77,1.4046117783127886e-8,-2.1147102711221276e-8
128.78,1.4355823054300062e-8,-2.0847652602764822e-8
128.79,1.4663616873909114e-8,-2.0546852467838016e-8
128.8,1.4969478478692322e-8,-2.0244728281057982e-8
128.81,1.5273387309879994e-8,-1.9941306093422776e-8
128.82,1.5575323015009337e-8,-1.963661202921792e-8
128.83,1.5875265449838525e-8,-1.933067228431312e-8
128.84,1.617319467874411e-8,-1.9023513123587526e-8
128.85,1.6469090976056664e-8,-1.8715160878806017e-8
128.86,1.6762934827706052e-8,-1.840564194735967e-8
128.87,1.7054706931456164e-8,-1.8094982787462336e-8
128.88,1.734438819921801e-8,-1.7783209918787065e-8
128.89,1.763195975684948e-8,-1.747034991841736e-8
128.9,1.791740294650915e-8,-1.7156429419406818e-8
128.91,1.8200699326329768e-8,-1.684147510815171e-8
128.92,1.8481830672704926e-8,-1.652551372218186e-8
128.93,1.8760778981072533e-8,-1.6208572048154606e-8
128.94,1.9037526466456395e-8,-1.5890676919309037e-8
128.95,1.931205556373039e-8,-1.557185521331934e-8
128.96,1.958434893088836e-8,-1.525213385017492e-8
128.97,1.9854389447962048e-8,-1.493153978963007e-8
128.98,2.012216021883279e-8,-1.4610100029179733e-8
128.99,2.038764457140649e-8,-1.4287841601825432e-8
129.0,2.0650826059187325e-8,-1.3964791573591975e-8
129.01,2.0911688462111294e-8,-1.3640977041536868e-8
129.02,2.1170215786880343e-8,-1.3316425131288275e-8
129.03,2.14263922687302e-8,-1.2991162994589922e-8
129.04,2.1680202369457952e-8,-1.2665217808589158e-8
129.05,2.1931630783612754e-8,-1.2338616770371311e-8
129.06,2.218066243348921e-8,-1.2011387098030251e-8
129.07,2.2427282473177254e-8,-1.1683556026652088e-8
129.08,2.2671476288439165e-8,-1.1355150806444488e-8
129.09,2.2913229496875587e-8,-1.1026198700717041e-8
129.1,2.3152527949692626e-8,-1.0696726983175631e-8
129.11,2.338935773176139e-8,-1.0366762935952457e-8
129.12,2.3623705162223405e-8,-1.003633384784361e-8
129.13,2.3855556793874224e-8,-9.705467010203863e-9
129.14,2.4084899417290525e-8,-9.374189717875429e-9
129.15,2.4311720057482822e-8,-9.042529264103214e-9
129.16,2.4536005976652474e-8,-8.710512939608618e-9
129.17,2.4757744674033198e-8,-8.378168030012926e-9
129.18,2.497692388658508e-8,-8.04552181376197e-9
129.19,2.5193531589205224e-8,-7.712601560044235e-9
129.2,2.540755599546465e-8,-7.379434526217921e-9
129.21,2.5618985558647714e-8,-7.046047955705202e-9
129.22,2.5827808970710726e-8,-6.71246907613635e-9
129.23,2.603401516352768e-8,-6.378725096719873e-9
129.24,2.6237593309673054e-8,-6.044843206131502e-9
129.25,2.643853282214933e-8,-5.710850570481288e-9
129.26,2.6636823354958694e-8,-5.376774331022908e-9
129.27,2.683245480332892e-8,-5.042641601908728e-9
129.28,2.7025417304268826e-8,-4.7084794682229275e-9
129.29,2.7215701236616617e-8,-4.374314983408489e-9
129.3,2.7403297220881714e-8,-4.040175167705085e-9
129.31,2.7588196120893954e-8,-3.7060870053704278e-9
129.32,2.777038904216079e-8,-3.372077442849063e-9
129.33,2.794986733365776e-8,-3.0381733866545384e-9
129.34,2.812662258688516e-8,-2.704401701054356e-9
129.35,2.830064663675499e-8,-2.370789206017733e-9
129.36,2.84719315611772e-8,-2.037362675126573e-9
129.37,2.8640469681859214e-8,-1.7041488333882967e-9
129.38,2.8806253563613084e-8,-1.371174355082753e-9
129.39,2.896927601493654e-8,-1.0384658618260845e-9
129.4,2.9129530088144987e-8,-7.06049920265372e-10
129.41,2.9287009078811945e-8,-3.7395303998960563e-10
129.42,2.94417065265701e-8,-4.220167166463065e-11
129.43,2.9593616214449357e-8,2.891777952885045e-10
129.44,2.9742732169447453e-8,6.201590345264287e-10
129.45,2.988904866140801e-8,9.50715785213391e-10
129.46,3.0032560204704464e-8,1.2808218537400023e-9
129.47,3.017326155673388e-8,1.610451115989375e-9
129.48,3.0311147717803026e-8,1.9395775190963095e-9
129.49,3.044621393215955e-8,2.2681750837554925e-9
129.5,3.05784556865722e-8,2.596217906147102e-9
129.51,3.07078687111628e-8,2.923680160048793e-9
129.52,3.083444897832668e-8,3.2505360986738428e-9
129.53,3.095819270357015e-8,3.5767600565974966e-9
129.54,3.1079096343830645e-8,3.902326452052883e-9
129.55,3.119715659916997e-8,4.227209788775063e-9
129.56,3.13123704106425e-8,4.551384657783349e-9
129.57,3.1424734960920405e-8,4.874825739545534e-9
129.58,3.153424767445851e-8,5.197507805792321e-9
129.59,3.16409062160433e-8,5.5194057218202e-9
129.6,3.17447084909972e-8,5.8404944476969515e-9
129.61,3.1845652645076736e-8,6.1607490407071725e-9
129.62,3.194373706428221e-8,6.48014465769461e-9
129.63,3.2038960373126954e-8,6.798656555626946e-9
129.64,3.213132143558068e-8,7.116260094651677e-9
129.65,3.222081935448879e-8,7.432930739625265e-9
129.66,3.230745347022026e-8,7.74864406191149e-9
129.67,3.239122336147107e-8,8.063375741080934e-9
129.68,3.247212884345195e-8,8.377101567144716e-9
129.69,3.255016996852499e-8,8.68979744217191e-9
129.7,3.262534702494755e-8,9.001439381833766e-9
129.71,3.269766053655574e-8,9.312003517771134e-9
129.72,3.276711126215036e-8,9.62146609894943e-9
129.73,3.283370019534635e-8,9.929803493592817e-9
129.74,3.289742856329411e-8,1.0236992190943914e-8
129.75,3.295829782616321e-8,1.0543008803026778e-8
129.76,3.301630967720215e-8,1.0847830066301852e-8
129.77,3.307146604125243e-8,1.115143284361173e-8
129.78,3.312376907453334e-8,1.1453794125628087e-8
129.79,3.3173221162993474e-8,1.17548910319807e-8
129.8,3.3219824925622695e-8,1.2054700816783395e-8
129.81,3.326358320619823e-8,1.2353200862629091e-8
129.82,3.330449907910827e-8,1.2650368689498031e-8
129.83,3.33425758465834e-8,1.2946181953542257e-8
129.84,3.337781703699806e-8,1.3240618448345775e-8
129.85,3.341022640547706e-8,1.3533656107526366e-8
129.86,3.343980793177257e-8,1.3825273005878196e-8
129.87,3.346656582049264e-8,1.4115447360849055e-8
129.88,3.349050449990589e-8,1.4404157534530024e-8
129.89,3.351162862007567e-8,1.4691382034547923e-8
129.9,3.352994305436324e-8,1.497709951678189e-8
129.91,3.3545452896060953e-8,1.526128878579614e-8
129.92,3.355816345922973e-8,1.55439287966336e-8
129.93,3.3568080276063965e-8,1.582499865676125e-8
129.94,3.357520909804034e-8,1.6104477627230706e-8
129.95,3.3579555892963065e-8,1.6382345123970136e-8
129.96,3.3581126845579255e-8,1.6658580719881426e-8
129.97,3.357992835561747e-8,1.6933164145617037e-8
129.98,3.357596703667449e-8,1.7206075291321692e-8
129.99,3.356924971633823e-8,1.7477294208224094e-8
130.0,3.3559783434207986e-8,1.7746801109917463e-8
130.01,3.354757544012293e-8,1.8014576373257585e-8
130.02,3.353263319532225e-8,1.828060054069225e-8
130.03,3.351496436935183e-8,1.854485432100888e-8
130.04,3.349457683977571e-8,1.8807318590712462e-8
130.05,3.347147869081495e-8,1.9067974395340254e-8
130.06,3.3445678212683035e-8,1.93268029512633e-8
130.07,3.341718389950539e-8,1.9583785646262812e-8
130.08,3.3386004449542745e-8,1.9838904041322366e-8
130.09,3.3352148762864535e-8,2.009213987169472e-8
130.1,3.331562594043691e-8,2.034347504825565e-8
130.11,3.3276445283094596e-8,2.0592891658578945e-8
130.12,3.323461629068144e-8,2.0840371968610725e-8
130.13,3.319014865988275e-8,2.108589842306512e-8
130.14,3.3143052283861365e-8,2.132945364745593e-8
130.15,3.309333725020664e-8,2.1571020448589332e-8
130.16,3.3041013841360386e-8,2.1810581816750687e-8
130.17,3.298609253011139e-8,2.204812092489679e-8
130.18,3.2928583982095295e-8,2.228362113211386e-8
130.19,3.286849905170509e-8,2.2517065983178134e-8
130.2,3.280584878204409e-8,2.2748439210099085e-8
130.21,3.274064440328746e-8,2.2977724733042883e-8
130.22,3.26728973314634e-8,2.3204906662164147e-8
130.23,3.2602619166839145e-8,2.3429969297189267e-8
130.24,3.252982169254462e-8,2.365289712977537e-8
130.25,3.245451687407027e-8,2.3873674843928834e-8
130.26,3.237671685609913e-8,2.4092287316979208e-8
130.27,3.2296433962816424e-8,2.430871962072852e-8
130.28,3.221368069577764e-8,2.452295702218302e-8
130.29,3.212846973223441e-8,2.473498498483393e-8
130.3,3.2040813924436736e-8,2.4944789169241972e-8
130.31,3.195072629744251e-8,2.5152355434264465e-8
130.32,3.1858220047683664e-8,2.5357669837144924e-8
130.33,3.176330854259842e-8,2.5560718636182104e-8
130.34,3.1666005317224095e-8,2.5761488288773872e-8
130.35,3.156632407439696e-8,2.5959965455171214e-8
130.36,3.1464278683123826e-8,2.61561369978201e-8
130.37,3.135988317551226e-8,2.6349989981702194e-8
130.38,3.125315174669357e-8,2.654151167613725e-8
130.39,3.114409875317853e-8,2.673068955503427e-8
130.4,3.103273871080437e-8,2.691751129783548e-8
130.41,3.0919086293344015e-8,2.7101964790070423e-8
130.42,3.0803156331371007e-8,2.7284038124565215e-8
130.43,3.068496380962526e-8,2.7463719600807077e-8
130.44,3.05645238666381e-8,2.7640997727453145e-8
130.45,3.044185179251275e-8,2.7815861221563015e-8
130.46,3.0316963027311986e-8,2.79882990097965e-8
130.47,3.0189873159501515e-8,2.8158300229290812e-8
130.48,3.006059792448794e-8,2.832585422741283e-8
130.49,2.992915320296844e-8,2.8490950563258425e-8
130.5,2.9795555018940998e-8,2.8653579007835843e-8
130.51,2.965981953856839e-8,2.8813729544469167e-8
130.52,2.9521963067985094e-8,2.8971392369440942e-8
130.53,2.9382002052293675e-8,2.91265578928272e-8
130.54,2.9239953072841836e-8,2.927921673790694e-8
130.55,2.909583284713253e-8,2.9429359743648275e-8
130.56,2.8949658225394228e-8,2.9576977963130684e-8
130.57,2.880144619024647e-8,2.9722062664727677e-8
130.58,2.8651213854170247e-8,2.986460533326855e-8
130.59,2.849897845828257e-8,3.000459766900995e-8
130.6,2.834475737025609e-8,3.014203158927724e-8
130.61,2.818856808271391e-8,3.027689922810917e-8
130.62,2.803042821191338e-8,3.040919293699197e-8
130.63,2.7870355495274575e-8,3.05389052848142e-8
130.64,2.7708367790248064e-8,3.0666029058728206e-8
130.65,2.754448307200236e-8,3.079055726376467e-8
130.66,2.737871943249861e-8,3.091248312379081e-8
130.67,2.7211095077927258e-8,3.103180008115229e-8
130.68,2.704162832718832e-8,3.114850179712298e-8
130.69,2.687033761030803e-8,3.1262582152794585e-8
130.7,2.669724146647067e-8,3.137403524791429e-8
130.71,2.6522358542379197e-8,3.148285540231314e-8
130.72,2.634570759019455e-8,3.1589037155281105e-8
130.73,2.6167307466470332e-8,3.1692575266820366e-8
130.74,2.5987177128646e-8,3.1793464715504025e-8
130.75,2.5805335635876017e-8,3.1891700701582814e-8
130.76,2.5621802144955477e-8,3.1987278644875594e-8
130.77,2.5436595909136805e-8,3.2080194185315915e-8
130.78,2.524973627711773e-8,3.217044318386908e-8
130.79,2.5061242690166247e-8,3.22580217213444e-8
130.8,2.4871134680872338e-8,3.234292609935625e-8
130.81,2.4679431871174528e-8,3.242515283992136e-8
130.82,2.4486153970433155e-8,3.250469868540728e-8
130.83,2.4291320774292658e-8,3.2581560598650434e-8
130.84,2.4094952161213153e-8,3.265573576292611e-8
130.85,2.3897068092573793e-8,3.272722158167478e-8
130.86,2.3697688609496928e-8,3.279601567862867e-8
130.87,2.3496833831678035e-8,3.286211589772404e-8
130.88,2.329452395493951e-8,3.292552030238677e-8
130.89,2.3090779250477126e-8,3.2986227177179385e-8
130.9,2.2885620061435348e-8,3.3044235024698276e-8
130.91,2.2679066802462284e-8,3.309954256808899e-8
130.92,2.24711399568261e-8,3.3152148749720454e-8
130.93,2.226186007558114e-8,3.320205273080337e-8
130.94,2.205124777473327e-8,3.324925389151185e-8
130.95,2.1839323733940412e-8,3.329375183103601e-8
130.96,2.16261086945705e-8,3.333554636658729e-8
130.97,2.1411623457635744e-8,3.337463753347859e-8
130.98,2.1195888882041412e-8,3.341102558503132e-8
130.99,2.0978925882991502e-8,3.3444710991925715e-8
131.0,2.0760755429616452e-8,3.3475694441747193e-8
131.01,2.054139854383425e-8,3.350397684040583e-8
131.02,2.0320876297226678e-8,3.352955930773998e-8
131.03,2.00992098106635e-8,3.3552443181744273e-8
131.04,1.9876420251518612e-8,3.357263001513132e-8
131.05,1.9652528832084238e-8,3.359012157626407e-8
131.06,1.942755680740077e-8,3.3604919847949966e-8
131.07,1.9201525474116574e-8,3.3617027027792284e-8
131.08,1.8974456167609303e-8,3.36264455271808e-8
131.09,1.8746370260443057e-8,3.36331779707959e-8
131.1,1.851728916328253e-8,3.363722719622125e-8
131.11,1.828723431629957e-8,3.363859625373133e-8
131.12,1.8056227194298796e-8,3.363728840513464e-8
131.13,1.782428930142069e-8,3.363330712393556e-8
131.14,1.7591442169876445e-8,3.362665609419336e-8
131.15,1.7357707358045007e-8,3.3617339209900616e-8
131.16,1.7123106448845956e-8,3.3605360575215917e-8
131.17,1.6887661047675772e-8,3.359072450266094e-8
131.18,1.66513927806075e-8,3.357343551357976e-8
131.19,1.641432329274244e-8,3.355349833659577e-8
131.2,1.6176474245958328e-8,3.353091790785504e-8
131.21,1.5937867317349213e-8,3.3505699369292266e-8
131.22,1.569852419733355e-8,3.347784806882185e-8
131.23,1.5458466588059693e-8,3.344736955922884e-8
131.24,1.52177162009756e-8,3.341426959751305e-8
131.25,1.4976294755568155e-8,3.337855414412728e-8
131.26,1.4734223977285615e-8,3.334022936234815e-8
131.27,1.4491525595648875e-8,3.3299301617166264e-8
131.28,1.4248221342923347e-8,3.3255777474904376e-8
131.29,1.400433295131993e-8,3.320966370222491e-8
131.3,1.3759882152214014e-8,3.316096726526533e-8
131.31,1.3514890673668797e-8,3.310969532889291e-8
131.32,1.3269380238996255e-8,3.30558552559292e-8
131.33,1.3023372564762005e-8,3.299945460583624e-8
131.34,1.2776889359084676e-8,3.294050113465468e-8
131.35,1.2529952319836284e-8,3.2879002793231724e-8
131.36,1.228258313269939e-8,3.281496772687269e-8
131.37,1.2034803469846077e-8,3.274840427461892e-8
131.38,1.1786634987358377e-8,3.2679320967452584e-8
131.39,1.1538099324172777e-8,3.2607726527753654e-8
131.4,1.1289218100207536e-8,3.2533629868996686e-8
131.41,1.10400129142684e-8,3.245704009404996e-8
131.42,1.079050534257075e-8,3.237796649405778e-8
131.43,1.05407169368522e-8,3.229641854792965e-8
131.44,1.0290669222774515e-8,3.221240592104541e-8
131.45,1.0040383698241471e-8,3.2125938464342104e-8
131.46,9.789881831107797e-9,3.20370262133057e-8
131.47,9.539185058263518e-9,3.19456793866012e-8
131.48,9.28831478337718e-9,3.185190838522596e-8
131.49,9.037292375361081e-9,3.175572379132665e-8
131.5,8.786139166537988e-9,3.165713636780884e-8
131.51,8.534876451194165e-9,3.155615705569336e-8
131.52,8.283525483784295e-9,3.1452796974372266e-8
131.53,8.032107476932227e-9,3.134706741999369e-8
131.54,7.780643600389307e-9,3.123897986403339e-8
131.55,7.529154978434964e-9,3.1128545952896036e-8
131.56,7.277662689416813e-9,3.101577750557739e-8
131.57,7.026187763107454e-9,3.090068651356099e-8
131.58,6.7747511796019035e-9,3.078328513908734e-8
131.59,6.523373866646341e-9,3.0663585714072286e-8
131.6,6.272076700320168e-9,3.0541600738638546e-8
131.61,6.0208805006884795e-9,3.04173428802885e-8
131.62,5.769806031914652e-9,3.0290824972516895e-8
131.63,5.518874000268716e-9,3.016206001307137e-8
131.64,5.268105052032649e-9,3.003106116366445e-8
131.65,5.017519772653554e-9,2.9897841747623195e-8
131.66,4.767138684479029e-9,2.9762415249263246e-8
131.67,4.5169822457835016e-9,2.962479531249442e-8
131.68,4.26707084881269e-9,2.9484995739106276e-8
131.69,4.017424818758573e-9,2.934303048795271e-8
131.7,3.768064410820897e-9,2.9198913673372632e-8
131.71,3.5190098104650075e-9,2.9052659563928585e-8
131.72,3.2702811307334853e-9,2.8904282580555683e-8
131.73,3.021898411134817e-9,2.875379729624472e-8
131.74,2.7738816160197493e-9,2.860121843357116e-8
131.75,2.5262506333708732e-9,2.8446560863805545e-8
131.76,2.2790252726181416e-9,2.8289839604811123e-8
131.77,2.0322252641970343e-9,2.8131069823124633e-8
131.78,1.7858702568125125e-9,2.797026682536023e-8
131.79,1.5399798171665692e-9,2.7807446063999237e-8
131.8,1.2945734274972844e-9,2.764262313222113e-8
131.81,1.0496704851357237e-9,2.747581376345916e-8
131.82,8.052903001987006e-10,2.730703382951381e-8
131.83,5.614520947909089e-10,2.7136299339553176e-8
131.84,3.1817500114022436e-10,2.6963626438243176e-8
131.85,7.547806086902773e-11,2.678903140462594e-8
131.86,-1.6661977839102322e-10,2.6612530649801002e-8
131.87,-4.080996606252508e-10,2.643414071703381e-8
131.88,-6.489428266102248e-10,2.625387827845891e-8
131.89,-8.891306130170024e-10,2.6071760134491272e-8
131.9,-1.1286444546880822e-9,2.5887803212257844e-8
131.91,-1.3674658859728184e-9,2.570202456405407e-8
131.92,-1.6055765410909795e-9,2.5514441365414666e-8
131.93,-1.8429581566242772e-9,2.5325070913971135e-8
131.94,-2.0795925722731353e-9,2.5133930627577086e-8
131.95,-2.3154617330674312e-9,2.4941038043496833e-8
131.96,-2.550547687634999e-9,2.474641081535249e-8
131.97,-2.7848325935372294e-9,2.4550066713014077e-8
131.98,-3.018298715931767e-9,2.435202362020777e-8
131.99,-3.2509284297641513e-9,2.4152299533291543e-8
132.0,-3.4827042202300763e-9,2.3950912559266334e-8
132.01,-3.713608684914391e-9,2.374788091466796e-8
132.02,-3.943624534516302e-9,2.3543222923382865e-8
132.03,-4.172734594081986e-9,2.3336957015520048e-8
132.04,-4.400921804019398e-9,2.3129101724953434e-8
132.05,-4.628169221758712e-9,2.2919675689389116e-8
132.06,-4.854460022268158e-9,2.270869764679647e-8
132.07,-5.079777500011522e-9,2.2496186434728773e-8
132.08,-5.304105069002835e-9,2.2282160988732373e-8
132.09,-5.5274262654223555e-9,2.206664034024667e-8
132.1,-5.749724746792589e-9,2.1849643615244124e-8
132.11,-5.97098429472276e-9,2.1631190032595325e-8
132.12,-6.191188815368876e-9,2.1411298902198395e-8
132.13,-6.410322340702514e-9,2.1189989623174636e-8
132.14,-6.628369028714796e-9,2.0967281682677515e-8
132.15,-6.845313165757262e-9,2.074319465380095e-8
132.16,-7.061139166749575e-9,2.0517748193974493e-8
132.17,-7.2758315762376655e-9,2.0290962043278458e-8
132.18,-7.48937507013565e-9,2.006285602276081e-8
132.19,-7.701754455401711e-9,1.983345003266186e-8
132.2,-7.912954672168807e-9,1.9602764050757653e-8
132.21,-8.122960794242294e-9,1.9370818130586064e-8
132.22,-8.331758030072563e-9,1.913763240007603e-8
132.23,-8.539331723882591e-9,1.890322705893083e-8
132.24,-8.745667356281992e-9,1.8667622377949497e-8
132.25,-8.95075054538407e-9,1.8430838696737055e-8
132.26,-9.154567047424098e-9,1.819289642187504e-8
132.27,-9.357102758545004e-9,1.7953816025699354e-8
132.28,-9.558343714149231e-9,1.7713618044006968e-8
132.29,-9.758276091603366e-9,1.747232307452603e-8
132.3,-9.956886209291054e-9,1.7229951775337693e-8
132.31,-1.0154160528091402e-8,1.698652486292857e-8
132.32,-1.035008565340829e-8,1.6742063110491923e-8
132.33,-1.0544648333795878e-8,1.6496587345766756e-8
132.34,-1.073783546375111e-8,1.625011845054497e-8
132.35,-1.0929634082903294e-8,1.600267735723883e-8
132.36,-1.1120031377765524e-8,1.5754285048520275e-8
132.37,-1.130901468245219e-8,1.550496255472536e-8
132.38,-1.1496571478697422e-8,1.5254730952404934e-8
132.39,-1.1682689397513607e-8,1.500361136240444e-8
132.4,-1.186735621881041e-8,1.4751624948327796e-8
132.41,-1.2050559873452343e-8,1.4498792914735777e-8
132.42,-1.2232288442231676e-8,1.4245136505164165e-8
132.43,-1.2412530158585145e-8,1.3990677000698708e-8
132.44,-1.2591273407142358e-8,1.37354357174537e-8
132.45,-1.276850672626119e-8,1.3479434006179718e-8
132.46,-1.2944218806428213e-8,1.3222693249233946e-8
132.47,-1.311839849386152e-8,1.2965234859130976e-8
132.48,-1.329103478828321e-8,1.2707080277283582e-8
132.49,-1.3462116844853684e-8,1.2448250971427607e-8
132.5,-1.363163397466715e-8,1.2188768434645343e-8
132.51,-1.379957564501511e-8,1.1928654183125234e-8
132.52,-1.3965931480291615e-8,1.1667929754799319e-8
132.53,-1.4130691261805198e-8,1.140661670628052e-8
132.54,-1.4293844929515544e-8,1.1144736613542777e-8
132.55,-1.4455382580791972e-8,1.088231106777558e-8
132.56,-1.4615294472879367e-8,1.0619361674930397e-8
132.57,-1.4773571021740495e-8,1.035591005342605e-8
132.58,-1.4930202802969354e-8,1.0091977832759393e-8
132.59,-1.5085180553247365e-8,9.827586651539357e-9
132.6,-1.5238495168843477e-8,9.562758155710967e-9
132.61,-1.5390137707579248e-8,9.29751399676636e-9
132.62,-1.5540099389034153e-8,9.031875830201575e-9
132.63,-1.568837159393576e-8,8.765865313652436e-9
132.64,-1.5834945865621328e-8,8.499504105139128e-9
132.65,-1.597981390965369e-8,8.232813861396194e-9
132.66,-1.6122967594990817e-8,7.965816235923037e-9
132.67,-1.626439895296252e-8,7.698532877380311e-9
132.68,-1.6404100179254523e-8,7.4309854278830905e-9
132.69,-1.654206363252333e-8,7.16319552151121e-9
132.7,-1.667828183784067e-8,6.895184781688216e-9
132.71,-1.6812747477266334e-8,6.626974821569331e-9
132.72,-1.6945453407831147e-8,6.358587238742861e-9
132.73,-1.7076392645250488e-8,6.090043616734624e-9
132.74,-1.7205558370499616e-8,5.82136552229137e-9
132.75,-1.7332943931021e-8,5.552574503315158e-9
132.76,-1.7458542839043793e-8,5.28369208747416e-9
132.77,-1.7582348772593313e-8,5.014739780071034e-9
132.78,-1.7704355575395763e-8,4.745739063148327e-9
132.79,-1.782455725633584e-8,4.476711393103495e-9
132.8,-1.794294799359759e-8,4.2076781990229594e-9
132.81,-1.8059522126483295e-8,3.93866088156681e-9
132.82,-1.8174274164491683e-8,3.669680810641957e-9
132.83,-1.828719878018152e-8,3.40075932445585e-9
132.84,-1.839829081650609e-8,3.1319177266968793e-9
132.85,-1.8507545279403757e-8,2.863177286140718e-9
132.86,-1.8614957343995844e-8,2.5945592339528185e-9
132.87,-1.8720522349699755e-8,2.326084762872313e-9
132.88,-1.8824235803939318e-8,2.0577750251795656e-9
132.89,-1.8926093380292935e-8,1.7896511306511452e-9
132.9,-1.9026090918953595e-8,1.521734145817251e-9
132.91,-1.9124224426770538e-8,1.2540450915568102e-9
132.92,-1.9220490076628473e-8,9.866049417867645e-10
132.93,-1.9314884208990488e-8,7.194346219448667e-10
132.94,-1.9407403329102604e-8,4.5255500730998584e-10
132.95,-1.9498044111288742e-8,1.859869205484442e-10
132.96,-1.9586803392622567e-8,-8.024886792941592e-11
132.97,-1.967367817940125e-8,-3.461316435787614e-10
132.98,-1.9758665640188224e-8,-6.116407479608613e-10
132.99,-1.984176311438859e-8,-8.767555813298531e-10
133.0,-1.992296810354221e-8,-1.14145560345591e-9
133.01,-2.0002278276081166e-8,-1.405720335217179e-9
133.02,-2.00796914654718e-8,-1.669529360891627e-9
133.03,-2.0155205670466143e-8,-1.9328623288311873e-9
133.04,-2.0228819055279875e-8,-2.19569895357471e-9
133.05,-2.0300529948446412e-8,-2.458019017019118e-9
133.06,-2.037033684084133e-8,-2.7198023695201815e-9
133.07,-2.0438238396036757e-8,-2.9810289348115376e-9
133.08,-2.05042334303437e-8,-3.241678704653851e-9
133.09,-2.056832093113921e-8,-3.5017317470882624e-9
133.1,-2.0630500047199962e-8,-3.761168204436875e-9
133.11,-2.069077009116479e-8,-4.0199682958774985e-9
133.12,-2.074913053795476e-8,-4.278112318334555e-9
133.13,-2.0805581025632342e-8,-4.535580648716039e-9
133.14,-2.0860121354476047e-8,-4.79235374451762e-9
133.15,-2.0912751486430428e-8,-5.048412145862669e-9
133.16,-2.096347154535285e-8,-5.303736476727651e-9
133.17,-2.101228181627283e-8,-5.558307446706367e-9
133.18,-2.105918274475422e-8,-5.812105851827414e-9
133.19,-2.1104174937058065e-8,-6.065112576493843e-9
133.2,-2.1147259159831958e-8,-6.317308594711168e-9
133.21,-2.1188436338226788e-8,-6.568674971331533e-9
133.22,-2.1227707557912874e-8,-6.81919286386285e-9
133.23,-2.1265074062242002e-8,-7.0688435236161786e-9
133.24,-2.1300537253163505e-8,-7.317608296749552e-9
133.25,-2.133409869112181e-8,-7.565468625859639e-9
133.26,-2.1365760092613326e-8,-7.812406052190944e-9
133.27,-2.139552333202073e-8,-8.058402215329691e-9
133.28,-2.1423390439253884e-8,-8.303438855976463e-9
133.29,-2.1449363600649177e-8,-8.547497816486257e-9
133.3,-2.14734451573616e-8,-8.790561042353925e-9
133.31,-2.1495637605053713e-8,-9.032610583486789e-9
133.32,-2.151594359483679e-8,-9.273628596265849e-9
133.33,-2.1534365929580702e-8,-9.513597343125092e-9
133.34,-2.1550907566770245e-8,-9.752499195413168e-9
133.35,-2.1565571614779264e-8,-9.990316634111443e-9
133.36,-2.157836133536975e-8,-1.0227032250983204e-8
133.37,-2.1589280140277764e-8,-1.0462628749626778e-8
133.38,-2.159833159259722e-8,-1.0697088947410614e-8
133.39,-2.1605519404837426e-8,-1.093039577592185e-8
133.4,-2.1610847438989712e-8,-1.1162532282598499e-8
133.41,-2.161431970615439e-8,-1.1393481632044902e-8
133.42,-2.1615940364128112e-8,-1.1623227106382387e-8
133.43,-2.161571371966963e-8,-1.1851752107793975e-8
133.44,-2.1613644224538707e-8,-1.2079040158247087e-8
133.45,-2.1609736477816955e-8,-1.2305074902091376e-8
133.46,-2.160399522231054e-8,-1.2529840105516677e-8
133.47,-2.159642534678468e-8,-1.2753319659601104e-8
133.48,-2.1587031882223206e-8,-1.297549757947436e-8
133.49,-2.157582000364393e-8,-1.3196358007032881e-8
133.5,-2.156279502792851e-8,-1.3415885211168183e-8
133.51,-2.1547962413229457e-8,-1.3634063588926449e-8
133.52,-2.1531327758656158e-8,-1.3850877667201566e-8
133.53,-2.1512896803119314e-8,-1.4066312102491316e-8
133.54,-2.1492675424489326e-8,-1.4280351683438229e-8
133.55,-2.147066963929304e-8,-1.4492981330686298e-8
133.56,-2.1446885600536973e-8,-1.4704186099159848e-8
133.57,-2.1421329599008862e-8,-1.4913951177276443e-8
133.58,-2.1394008060804722e-8,-1.5122261889672637e-8
133.59,-2.1364927546946002e-8,-1.5329103697273854e-8
133.6,-2.1334094752578154e-8,-1.5534462198522143e-8
133.61,-2.1301516506048508e-8,-1.5738323130182157e-8
133.62,-2.1267199768132895e-8,-1.5940672368586796e-8
133.63,-2.1231151631033483e-8,-1.6141495930174265e-8
133.64,-2.1193379317527454e-8,-1.6340779973006833e-8
133.65,-2.1153890179960438e-8,-1.6538510796395008e-8
133.66,-2.1112691700015364e-8,-1.67346748440824e-8
133.67,-2.1069791486171622e-8,-1.6929258702409157e-8
133.68,-2.1025197274694447e-8,-1.7122249103195635e-8
133.69,-2.0978916927377214e-8,-1.7313632923800467e-8
133.7,-2.0930958431614132e-8,-1.7503397188034977e-8
133.71,-2.088132989800805e-8,-1.7691529067059525e-8
133.72,-2.083003956107669e-8,-1.7878015880246457e-8
133.73,-2.0777095776729817e-8,-1.8062845095883846e-8
133.74,-2.0722507023090285e-8,-1.8246004331439408e-8
133.75,-2.0666281897410842e-8,-1.842748135601565e-8
133.76,-2.0608429116545867e-8,-1.8607264089217564e-8
133.77,-2.0548957515428668e-8,-1.878534060279785e-8
133.78,-2.048787604652129e-8,-1.8961699121539875e-8
133.79,-2.0425193777930846e-8,-1.913632802340159e-8
133.8,-2.0360919893312128e-8,-1.9309215840743387e-8
133.81,-2.029506369006344e-8,-1.9480351260773948e-8
133.82,-2.022763457915197e-8,-1.9649723126667863e-8
133.83,-2.0158642082085272e-8,-1.981732043667443e-8
133.84,-2.008809583339194e-8,-1.9983132347634723e-8
133.85,-2.00160055761876e-8,-2.0147148172842704e-8
133.86,-1.994238116263828e-8,-2.0309357384244332e-8
133.87,-1.9867232552695784e-8,-2.0469749612160842e-8
133.88,-1.979056981283081e-8,-2.062831464696206e-8
133.89,-1.97124031154099e-8,-2.0785042438667634e-8
133.9,-1.963274273664073e-8,-2.0939923097694976e-8
133.91,-1.955159905672429e-8,-2.1092946896198745e-8
133.92,-1.9468982557940184e-8,-2.1244104267110035e-8
133.93,-1.9384903823310135e-8,-2.139338580664983e-8
133.94,-1.9299373536159563e-8,-2.1540782273131952e-8
133.95,-1.9212402478999096e-8,-2.1686284588399627e-8
133.96,-1.9124001531394934e-8,-2.1829883837729634e-8
133.97,-1.903418167001737e-8,-2.1971571271056938e-8
133.98,-1.8942953966944124e-8,-2.211133830260709e-8
133.99,-1.885032958842714e-8,-2.224917651220225e-8
134.0,-1.8756319794340197e-8,-2.238507764514954e-8
134.01,-1.8660935934677015e-8,-2.2519033611690053e-8
134.02,-1.8564189453150355e-8,-2.265103649029479e-8
134.03,-1.8466091881291113e-8,-2.2781078525154957e-8
134.04,-1.8366654839294756e-8,-2.2909152127789368e-8
134.05,-1.8265890035002188e-8,-2.3035249877433943e-8
134.06,-1.8163809262016704e-8,-2.3159364521077476e-8
134.07,-1.8060424399032292e-8,-2.3281488973997398e-8
134.08,-1.7955747408604436e-8,-2.340161632033112e-8
134.09,-1.7849790335378907e-8,-2.3519739812627946e-8
134.1,-1.774256530562229e-8,-2.3635852872908285e-8
134.11,-1.7634084525808525e-8,-2.374994909269883e-8
134.12,-1.752436028080764e-8,-2.3862022233140352e-8
134.13,-1.741340493365558e-8,-2.397206622539289e-8
134.14,-1.730123092347763e-8,-2.4080075170989802e-8
134.15,-1.718785076498478e-8,-2.418604334173126e-8
134.16,-1.7073277046416465e-8,-2.4289965180008828e-8
134.17,-1.6957522429095107e-8,-2.4391835299540154e-8
134.18,-1.6840599645543903e-8,-2.4491648484733952e-8
134.19,-1.6722521499399313e-8,-2.4589399691178373e-8
134.2,-1.660330086207722e-8,-2.4685084046070267e-8
134.21,-1.6482950673659646e-8,-2.4778696847998696e-8
134.22,-1.636148394031667e-8,-2.48702335672312e-8
134.23,-1.6238913733967204e-8,-2.4959689845754143e-8
134.24,-1.6115253190080593e-8,-2.504706149762271e-8
134.25,-1.599051550716384e-8,-2.513234450871747e-8
134.26,-1.586471394520107e-8,-2.5215535036834382e-8
134.27,-1.5737861824401653e-8,-2.5296629412182745e-8
134.28,-1.560997252386713e-8,-2.53756241365131e-8
134.29,-1.548105948047623e-8,-2.5452515884373128e-8
134.3,-1.535113618774425e-8,-2.5527301502357805e-8
134.31,-1.522021619394431e-8,-2.559997800906584e-8
134.32,-1.5088313101659256e-8,-2.5670542595038185e-8
134.33,-1.495544056572588e-8,-2.5738992623535797e-8
134.34,-1.4821612292695842e-8,-2.5805325629526437e-8
134.35,-1.4686842038879441e-8,-2.5869539320314503e-8
134.36,-1.455114360946117e-8,-2.593163157497588e-8
134.37,-1.4414530857312312e-8,-2.599160044441194e-8
134.38,-1.4277017681220646e-8,-2.6049444151601847e-8
134.39,-1.4138618025061522e-8,-2.610516109140208e-8
134.4,-1.3999345876523737e-8,-2.6158749829715172e-8
134.41,-1.3859215265150139e-8,-2.6210209104030183e-8
134.42,-1.371824026223306e-8,-2.6259537823433616e-8
134.43,-1.357643497840106e-8,-2.6306735068255007e-8
134.44,-1.3433813562865932e-8,-2.6351800089239453e-8
134.45,-1.329039020210223e-8,-2.6394732308495838e-8
134.46,-1.3146179118432289e-8,-2.6435531318155215e-8
134.47,-1.3001194569059148e-8,-2.6474196881293308e-8
134.48,-1.2855450844042176e-8,-2.6510728930611287e-8
134.49,-1.270896226609905e-8,-2.654512756919918e-8
134.5,-1.256174318788585e-8,-2.657739306914352e-8
134.51,-1.2413807992433626e-8,-2.6607525872644927e-8
134.52,-1.2265171090678539e-8,-2.6635526590547905e-8
134.53,-1.2115846920166935e-8,-2.666139600245777e-8
134.54,-1.1965849944125116e-8,-2.6685135056787753e-8
134.55,-1.1815194650259914e-8,-2.6706744869701607e-8
134.56,-1.1663895549322746e-8,-2.6726226725434055e-8
134.57,-1.1511967173700444e-8,-2.6743582075859e-8
134.58,-1.1359424076529141e-8,-2.675881253946381e-8
134.59,-1.1206280828970282e-8,-2.6771919902265925e-8
134.6,-1.1052552021798091e-8,-2.6782906115836837e-8
134.61,-1.0898252261406033e-8,-2.6791773298199663e-8
134.62,-1.0743396169586147e-8,-2.679852373273888e-8
134.63,-1.0587998382472195e-8,-2.680315986816815e-8
134.64,-1.0432073548400863e-8,-2.6805684317616352e-8
134.65,-1.027563632789285e-8,-2.6806099858558303e-8
134.66,-1.0118701391310015e-8,-2.680440943239591e-8
134.67,-9.961283418055275e-9,-2.680061614339853e-8
134.68,-9.803397095031178e-9,-2.6794723259814648e-8
134.69,-9.645057115888467e-9,-2.6786734210779584e-8
134.7,-9.486278179129256e-9,-2.6776652587771244e-8
134.71,-9.327074987373454e-9,-2.6764482143782746e-8
134.72,-9.167462245584367e-9,-2.675022679230624e-8
134.73,-9.007454660598693e-9,-2.673389060726559e-8
134.74,-8.847066938370337e-9,-2.6715477821944167e-8
134.75,-8.686313784972658e-9,-2.6694992829008403e-8
134.76,-8.525209903302971e-9,-2.667244017950754e-8
134.77,-8.363769992460218e-9,-2.6647824581742157e-8
134.78,-8.20200874727165e-9,-2.6621150902440485e-8
134.79,-8.039940855883749e-9,-2.6592424164146568e-8
134.8,-7.877580999714111e-9,-2.6561649545804986e-8
134.81,-7.714943850664388e-9,-2.6528832381674358e-8
134.82,-7.55204407156333e-9,-2.6493978160697306e-8
134.83,-7.3888963137321255e-9,-2.6457092525640393e-8
134.84,-7.225515216568449e-9,-2.641818127324225e-8
134.85,-7.06191540559598e-9,-2.6377250352517132e-8
134.86,-6.898111491926868e-9,-2.633430586455804e-8
134.87,-6.734118070328736e-9,-2.628935406171589e-8
134.88,-6.5699497190179435e-9,-2.6242401347395032e-8
134.89,-6.4056209970026874e-9,-2.6193454273600083e-8
134.9,-6.241146444492828e-9,-2.6142519542937667e-8
134.91,-6.076540580579129e-9,-2.6089604005483007e-8
134.92,-5.911817902731827e-9,-2.6034714658952735e-8
134.93,-5.746992884683915e-9,-2.5977858648123347e-8
134.94,-5.58207997665503e-9,-2.591904326343097e-8
134.95,-5.417093601955258e-9,-2.585827594084619e-8
134.96,-5.2520481590524455e-9,-2.579556426064831e-8
134.97,-5.086958017307116e-9,-2.5730915946503252e-8
134.98,-4.92183751756549e-9,-2.566433886530735e-8
134.99,-4.7567009701212435e-9,-2.5595841025253158e-8
135.0,-4.591562654481278e-9,-2.552543057600105e-8
135.01,-4.426436817083672e-9,-2.545311580749516e-8
135.02,-4.261337671222917e-9,-2.537890514870829e-8
135.03,-4.0962793950667904e-9,-2.53028071675597e-8
135.04,-3.9312761313490485e-9,-2.522483056853154e-8
135.05,-3.766341985183225e-9,-2.5144984194039084e-8
135.06,-3.6014910239178662e-9,-2.5063277021527372e-8
135.07,-3.4367372756063286e-9,-2.4979718163533086e-8
135.08,-3.272094727873806e-9,-2.4894316866452666e-8
135.09,-3.107577326718392e-9,-2.4807082509508325e-8
135.1,-2.9431989758642983e-9,-2.4718024604293486e-8
135.11,-2.7789735351146308e-9,-2.4627152793242297e-8
135.12,-2.6149148193720173e-9,-2.453447684884807e-8
135.13,-2.4510365987478156e-9,-2.444000667322477e-8
135.14,-2.2873525946850692e-9,-2.43437522960863e-8
135.15,-2.1238764818284413e-9,-2.4245723874623304e-8
135.16,-1.9606218855353234e-9,-2.414593169207008e-8
135.17,-1.7976023809742164e-9,-2.4044386156970866e-8
135.18,-1.6348314922363087e-9,-2.394109780192535e-8
135.19,-1.4723226910080473e-9,-2.3836077282785924e-8
135.2,-1.3100893961796682e-9,-2.372933537723045e-8
135.21,-1.1481449716783843e-9,-2.362088298405577e-8
135.22,-9.865027270308172e-10,-2.3510731122888018e-8
135.23,-8.251759147829467e-10,-2.3398890930499085e-8
135.24,-6.641777297468635e-10,-2.3285373663779625e-8
135.25,-5.035213098909173e-10,-2.317019069451784e-8
135.26,-3.4321973245025933e-10,-2.305335351123569e-8
135.27,-1.832860153306209e-10,-2.2934873716784015e-8
135.28,-2.3733114267632374e-11,-2.2814763027616182e-8
135.29,1.3542607626830017e-10,-2.269303327253233e-8
135.3,2.94178725969152e-10,-2.256969639189936e-8
135.31,4.525120682551306e-10,-2.2444764436325565e-8
135.32,6.104134016698902e-10,-2.23182495650034e-8
135.33,7.678700907101055e-10,-2.2190164045456475e-8
135.34,9.248695672152002e-10,-2.2060520252061594e-8
135.35,1.081399330925213e-9,-2.192933066460108e-8
135.36,1.2374469498198973e-9,-2.1796607867500668e-8
135.37,1.3930000626820423e-9,-2.166236454868867e-8
135.38,1.5480463781319969e-9,-2.152661349804142e-8
135.39,1.7025736765406493e-9,-2.138936760658393e-8
135.4,1.8565698112766624e-9,-2.1250639865064952e-8
135.41,2.010022708709453e-9,-2.1110443363232296e-8
135.42,2.1629203680673765e-9,-2.0968791287162486e-8
135.43,2.31525086601113e-9,-2.0825696920854668e-8
135.44,2.467002354491275e-9,-2.0681173642309244e-8
135.45,2.6181630605636503e-9,-2.0535234923383498e-8
135.46,2.7687212911600456e-9,-2.0387894328886664e-8
135.47,2.91866543005498e-9,-2.0239165514883214e-8
135.48,3.0679839409470976e-9,-2.008906222761666e-8
135.49,3.2166653676768695e-9,-1.9937598302314093e-8
135.5,3.364698334804019e-9,-1.9784787661862667e-8
135.51,3.5120715484462334e-9,-1.9630644315728217e-8
135.52,3.658773797704129e-9,-1.9475182358643652e-8
135.53,3.804793954261209e-9,-1.931841596867405e-8
135.54,3.950120974369814e-9,-1.916035940752978e-8
135.55,4.094743898650339e-9,-1.9001027017966404e-8
135.56,4.238651853667001e-9,-1.8840433222831165e-8
135.57,4.381834052233703e-9,-1.8678592523895745e-8
135.58,4.524279793663558e-9,-1.85155195008502e-8
135.59,4.665978465689091e-9,-1.8351228809304743e-8
135.6,4.806919543920287e-9,-1.818573518024505e-8
135.61,4.9470925935401695e-9,-1.801905341840074e-8
135.62,5.086487269691431e-9,-1.785119840120173e-8
135.63,5.22509331746939e-9,-1.7682185076713496e-8
135.64,5.362900573875378e-9,-1.751202846336081e-8
135.65,5.499898967548721e-9,-1.7340743648051845e-8
135.66,5.636078519430551e-9,-1.7168345785034734e-8
135.67,5.771429344165507e-9,-1.6994850094415056e-8
135.68,5.905941650131116e-9,-1.682027186107853e-8
135.69,6.0396057401517744e-9,-1.6644626433261357e-8
135.7,6.172412012360414e-9,-1.646792922123181e-8
135.71,6.304350959198517e-9,-1.629019569578341e-8
135.72,6.435413172292811e-9,-1.611144138734119e-8
135.73,6.565589337858346e-9,-1.5931681884335098e-8
135.74,6.69487024066366e-9,-1.5750932831956834e-8
135.75,6.823246762976452e-9,-1.5569209930469394e-8
135.76,6.950709886406103e-9,-1.5386528934416568e-8
135.77,7.0772506913861406e-9,-1.5202905651651355e-8
135.78,7.2028603581922746e-9,-1.5018355940282047e-8
135.79,7.327530167123146e-9,-1.4832895709264184e-8
135.8,7.451251500796127e-9,-1.4646540915788738e-8
135.81,7.574015840727744e-9,-1.4459307564820149e-8
135.82,7.695814772258427e-9,-1.4271211706939331e-8
135.83,7.816639982529122e-9,-1.4082269437763705e-8
135.84,7.936483261458624e-9,-1.3892496895782731e-8
135.85,8.055336502134149e-9,-1.3701910261851982e-8
135.86,8.173191701945072e-9,-1.3510525756962634e-8
135.87,8.290040962208113e-9,-1.3318359641813159e-8
135.88,8.405876489105685e-9,-1.3125428214480324e-8
135.89,8.520690593856442e-9,-1.2931747810477035e-8
135.9,8.634475693454059e-9,-1.273733479919285e-8
135.91,8.747224310696502e-9,-1.2542205584752625e-8
135.92,8.858929075240806e-9,-1.2346376603517967e-8
135.93,8.969582722824548e-9,-1.2149864322837578e-8
135.94,9.079178097316094e-9,-1.1952685239802542e-8
135.95,9.18770814920526e-9,-1.1754855880050484e-8
135.96,9.295165937853735e-9,-1.1556392796063231e-8
135.97,9.40154463125753e-9,-1.1357312565351658e-8
135.98,9.506837503086067e-9,-1.1157631792070153e-8
135.99,9.611037940640296e-9,-1.095736710006456e-8
136.0,9.714139437503876e-9,-1.075653513677097e-8
136.01,9.81613559783282e-9,-1.0555152569275812e-8
136.02,9.917020135310041e-9,-1.0353236083635682e-8
136.03,1.0016786874620325e-8,-1.0150802383356295e-8
136.04,1.011542975054159e-8,-9.94786818808759e-9
136.05,1.0212942808431398e-8,-9.744450232316677e-9
136.06,1.0309320206132273e-8,-9.540565263561251e-9
136.07,1.0404556211112085e-8,-9.336230042030429e-9
136.08,1.0498645203412695e-8,-9.131461338168706e-9
136.09,1.0591581674861601e-8,-8.926275931871807e-9
136.1,1.0683360229357567e-8,-8.720690611165644e-9
136.11,1.0773975582951405e-8,-8.51472217056851e-9
136.12,1.0863422564524067e-8,-8.308387410006321e-9
136.13,1.0951696115527246e-8,-8.101703133450282e-9
136.14,1.1038791290459939e-8,-7.89468614716552e-9
136.15,1.1124703256517881e-8,-7.687353258777877e-9
136.16,1.1209427294957441e-8,-7.479721276426618e-9
136.17,1.1292958799649754e-8,-7.2718070058363906e-9
136.18,1.1375293278354297e-8,-7.063627250702956e-9
136.19,1.1456426352765231e-8,-6.8551988103293895e-9
136.2,1.1536353757992395e-8,-6.646538478848608e-9
136.21,1.1615071343903691e-8,-6.437663043212887e-9
136.22,1.1692575073589851e-8,-6.228589282826416e-9
136.23,1.176886102441699e-8,-6.019333967164573e-9
136.24,1.1843925388715737e-8,-5.8099138553213474e-9
136.25,1.1917764472310378e-8,-5.600345694422058e-9
136.26,1.1990374696163578e-8,-5.390646217864319e-9
136.27,1.2061752595222102e-8,-5.180832144455377e-9
136.28,1.2131894819028e-8,-4.9709201772921176e-9
136.29,1.2200798131887146e-8,-4.760927002204042e-9
136.3,1.2268459412861696e-8,-4.550869285813456e-9
136.31,1.2334875655101544e-8,-4.340763675435445e-9
136.32,1.2400043966721407e-8,-4.130626796982439e-9
136.33,1.2463961570510374e-8,-3.9204752539444445e-9
136.34,1.2526625803454101e-8,-3.7103256259094088e-9
136.35,1.2588034117690353e-8,-3.5001944676304757e-9
136.36,1.2648184079897993e-8,-3.290098307257021e-9
136.37,1.2707073370989123e-8,-3.0800536455457154e-9
136.38,1.2764699785525415e-8,-2.8700769539970913e-9
136.39,1.2821061234727453e-8,-2.660184674561418e-9
136.4,1.2876155742218245e-8,-2.450393217165634e-9
136.41,1.2929981446485338e-8,-2.2407189594065658e-9
136.42,1.2982536600527386e-8,-2.031178244773301e-9
136.43,1.3033819570992154e-8,-1.8217873816195124e-9
136.44,1.3083828838830085e-8,-1.6125626419126563e-9
136.45,1.3132562998422086e-8,-1.4035202598646427e-9
136.46,1.3180020758555824e-8,-1.194676431034376e-9
136.47,1.3226200940722604e-8,-9.860473099384012e-10
136.48,1.3271102481013842e-8,-7.776490110060454e-10
136.49,1.3314724428178565e-8,-5.69497605311089e-10
136.5,1.3357065943958442e-8,-3.616091201727535e-10
136.51,1.3398126303279838e-8,-1.5399953798049168e-10
136.52,1.3437904894097273e-8,5.3315204886418816e-11
136.53,1.3476401216359735e-8,2.603192198705011e-10
136.54,1.3513614883316795e-8,4.669966667767415e-10
136.55,1.3549545619246974e-8,6.733317548943303e-10
136.56,1.3584193262424189e-8,8.79308745951784e-10
136.57,1.3617557759655891e-8,1.0849119516259533e-9
136.58,1.3649639172234982e-8,1.2901257385271487e-9
136.59,1.3680437671622847e-8,1.4949345271700876e-9
136.6,1.3709953539979465e-8,1.6993227939104636e-9
136.61,1.3738187170470382e-8,1.903275071865375e-9
136.62,1.3765139066921574e-8,2.106775951824636e-9
136.63,1.3790809843052208e-8,2.309810084160967e-9
136.64,1.3815200222400077e-8,2.5123621793570925e-9
136.65,1.3838311039120913e-8,2.714417008263557e-9
136.66,1.3860143235006817e-8,2.915959405717344e-9
136.67,1.388069786213145e-8,3.1169742693264682e-9
136.68,1.3899976080514187e-8,3.317446561540051e-9
136.69,1.3917979158942526e-8,3.5173613103603916e-9
136.7,1.393470847358181e-8,3.716703610702681e-9
136.71,1.395016550941894e-8,3.9154586260394244e-9
136.72,1.3964351857068641e-8,4.113611587954098e-9
136.73,1.3977269214751259e-8,4.3111477983038294e-9
136.74,1.3988919388572001e-8,4.508052631534664e-9
136.75,1.3999304288354762e-8,4.704311532063966e-9
136.76,1.4008425930991464e-8,4.899910019004555e-9
136.77,1.401628643857544e-8,5.0948336854720576e-9
136.78,1.4022888038085481e-8,5.289068199886246e-9
136.79,1.4028233061250375e-8,5.482599307126686e-9
136.8,1.4032323943058636e-8,5.675412829207704e-9
136.81,1.4035163223066431e-8,5.86749466681895e-9
136.82,1.4036753543445413e-8,6.058830799926353e-9
136.83,1.4037097650258437e-8,6.249407289165615e-9
136.84,1.4036198389830375e-8,6.439210276001632e-9
136.85,1.4034058712166795e-8,6.628225984442122e-9
136.86,1.4030681666918886e-8,6.81644072230318e-9
136.87,1.4026070406571884e-8,7.003840881115374e-9
136.88,1.4020228182713425e-8,7.190412937840859e-9
136.89,1.4013158347035497e-8,7.376143455534809e-9
136.9,1.4004864350774672e-8,7.561019084704153e-9
136.91,1.3995349744064511e-8,7.745026563400364e-9
136.92,1.3984618175099886e-8,7.928152719736098e-9
136.93,1.3972673390124592e-8,8.110384470011203e-9
136.94,1.3959519232860277e-8,8.291708822583568e-9
136.95,1.3945159643583428e-8,8.47211287720946e-9
136.96,1.3929598658427051e-8,8.651583825942435e-9
136.97,1.391284040982382e-8,8.830108954624387e-9
136.98,1.3894889124901646e-8,9.007675643350952e-9
136.99,1.3875749125214492e-8,9.18427136706326e-9
137.0,1.3855424827251045e-8,9.359883697386546e-9
137.01,1.3833920738367055e-8,9.534500301670541e-9
137.02,1.3811241461908298e-8,9.708108946323004e-9
137.03,1.3787391691345565e-8,9.88069749549576e-9
137.04,1.3762376212217438e-8,1.0052253912792394e-8
137.05,1.3736199901386364e-8,1.0222766262029493e-8
137.06,1.3708867724917267e-8,1.0392222707716693e-8
137.07,1.36803847400174e-8,1.0560611516504438e-8
137.08,1.3650756092150876e-8,1.0727921057192177e-8
137.09,1.3619987015255427e-8,1.0894139801936454e-8
137.1,1.3588082831905197e-8,1.1059256326843686e-8
137.11,1.3555048950589976e-8,1.1223259313177487e-8
137.12,1.3520890867084388e-8,1.1386137547165342e-8
137.13,1.3485614162862e-8,1.154787992163337e-8
137.14,1.3449224504632387e-8,1.1708475436248994e-8
137.15,1.3411727643422087e-8,1.1867913198311176e-8
137.16,1.3373129414335217e-8,1.2026182423478405e-8
137.17,1.3333435735653628e-8,1.218327243668147e-8
137.18,1.3292652607296544e-8,1.2339172672234178e-8
137.19,1.3250786113086304e-8,1.2493872675257857e-8
137.2,1.3207842415161303e-8,1.2647362101594313e-8
137.21,1.316382775773476e-8,1.27996307188324e-8
137.22,1.3118748464289255e-8,1.2950668407156977e-8
137.23,1.3072610937061848e-8,1.3100465159762286e-8
137.24,1.3025421656747008e-8,1.3249011083048421e-8
137.25,1.2977187181400221e-8,1.339629639813314e-8
137.26,1.2927914145963711e-8,1.3542311440561044e-8
137.27,1.2877609260935248e-8,1.368704666140734e-8
137.28,1.2826279312814114e-8,1.3830492628225413e-8
137.29,1.2773931162136524e-8,1.3972640024309895e-8
137.3,1.2720571742828842e-8,1.411347965046062e-8
137.31,1.266620806243703e-8,1.4253002425314418e-8
137.32,1.2610847200919379e-8,1.439119938564826e-8
137.33,1.2554496309137201e-8,1.4528061686824617e-8
137.34,1.2497162609002999e-8,1.4663580603512032e-8
137.35,1.2438853391955304e-8,1.4797747530336824e-8
137.36,1.2379576019557795e-8,1.4930553981864373e-8
137.37,1.2319337920116034e-8,1.5061991593935903e-8
137.38,1.2258146591093761e-8,1.5192052123014418e-8
137.39,1.2196009596003252e-8,1.5320727447667793e-8
137.4,1.2132934564764365e-8,1.5448009568481583e-8
137.41,1.206892919124238e-8,1.5573890608950927e-8
137.42,1.200400123543001e-8,1.5698362815076795e-8
137.43,1.1938158519789449e-8,1.5821418556521214e-8
137.44,1.1871408929984462e-8,1.5943050327164493e-8
137.45,1.1803760413154341e-8,1.6063250744730862e-8
137.46,1.1735220978034255e-8,1.6182012551814714e-8
137.47,1.166579869365254e-8,1.6299328616231442e-8
137.48,1.1595501688159838e-8,1.641519193086446e-8
137.49,1.1524338148655066e-8,1.6529595614767182e-8
137.5,1.1452316319558648e-8,1.664253291267413e-8
137.51,1.1379444502937854e-8,1.6753997196398682e-8
137.52,1.1305731056691719e-8,1.6863981964091318e-8
137.53,1.1231184393799632e-8,1.6972480841234658e-8
137.54,1.115581298196375e-8,1.707948758080071e-8
137.55,1.1079625342654818e-8,1.7184996063369413e-8
137.56,1.10026300494058e-8,1.7289000297701886e-8
137.57,1.092483572799057e-8,1.7391494420563176e-8
137.58,1.0846251054781079e-8,1.749247269762158e-8
137.59,1.0766884759025477e-8,1.7591929523519662e-8
137.6,1.0686745614398237e-8,1.7689859421121908e-8
137.61,1.0605842446792355e-8,1.7786257043716327e-8
137.62,1.0524184128206928e-8,1.7881117173258056e-8
137.63,1.0441779578228028e-8,1.7974434721825178e-8
137.64,1.0358637760869299e-8,1.806620473133139e-8
137.65,1.0274767686275085e-8,1.8156422373943132e-8
137.66,1.019017840840729e-8,1.824508295192943e-8
137.67,1.0104879023435304e-8,1.833218189788782e-8
137.68,1.0018878672894808e-8,1.84177147762517e-8
137.69,9.932186535515186e-9,1.850167728045383e-8
137.7,9.844811833710625e-9,1.8584065236129552e-8
137.71,9.756763827312897e-9,1.8664874598976075e-8
137.72,9.66805181708946e-9,1.8744101456802448e-8
137.73,9.57868514035497e-9,1.8821742028298582e-8
137.74,9.488673172249629e-9,1.8897792663727846e-8
137.75,9.39802532293691e-9,1.8972249844203986e-8
137.76,9.306751038780788e-9,1.9045110182964802e-8
137.77,9.214859799704397e-9,1.911637042469687e-8
137.78,9.122361119916138e-9,1.9186027445518524e-8
137.79,9.02926454529884e-9,1.925407825341098e-8
137.8,8.935579653573781e-9,1.9320519987818962e-8
137.81,8.841316053798275e-9,1.9385349920357863e-8
137.82,8.746483383846664e-9,1.9448565453866043e-8
137.83,8.651091312111297e-9,1.951016412395618e-8
137.84,8.555149532952018e-9,1.957014359630943e-8
137.85,8.458667769878258e-9,1.962850166990937e-8
137.86,8.361655769833719e-9,1.968523627357829e-8
137.87,8.264123308622245e-9,1.9740345470058867e-8
137.88,8.166080184196972e-9,1.979382745211245e-8
137.89,8.06753621874971e-9,1.9845680544388017e-8
137.9,7.968501257070324e-9,1.989590320306909e-8
137.91,7.868985164931567e-9,1.9944494015583565e-8
137.92,7.768997830033658e-9,1.9991451700600643e-8
137.93,7.668549159494776e-9,2.003677510817914e-8
137.94,7.567649077814959e-9,2.0080463218173096e-8
137.95,7.466307532958056e-9,2.0122515145032308e-8
137.96,7.3645344829737715e-9,2.016293012886073e-8
137.97,7.262339906761907e-9,2.0201707543922836e-8
137.98,7.159733797359642e-9,2.0238846893664782e-8
137.99,7.056726162301415e-9,2.027434781212945e-8
138.0,6.953327023132124e-9,2.030821006369009e-8
138.01,6.849546413615257e-9,2.034043354223355e-8
138.02,6.7453943794935716e-9,2.0371018271888484e-8
138.03,6.640880977321029e-9,2.03999644056777e-8
138.04,6.536016274111914e-9,2.0427272226584207e-8
138.05,6.430810345341951e-9,2.0452942146515937e-8
138.06,6.325273275036285e-9,2.047697470583762e-8
138.07,6.219415154678981e-9,2.0499370574015907e-8
138.08,6.113246081914873e-9,2.0520130548617016e-8
138.09,6.006776160043719e-9,2.0539255555541188e-8
138.1,5.900015497096315e-9,2.0556746648261124e-8
138.11,5.7929742045503555e-9,2.0572605007636546e-8
138.12,5.685662397030344e-9,2.0586831942181637e-8
138.13,5.578090191883897e-9,2.0599428887226003e-8
138.14,5.470267705862064e-9,2.061039740443352e-8
138.15,5.362205057236428e-9,2.0619739181976553e-8
138.16,5.25391236297731e-9,2.0627456033865833e-8
138.17,5.1453997394211226e-9,2.0633549900027884e-8
138.18,5.036677299420347e-9,2.0638022845117647e-8
138.19,4.927755152960421e-9,2.0640877058967585e-8
138.2,4.818643406139977e-9,2.064211485630307e-8
138.21,4.709352159639808e-9,2.0641738675370808e-8
138.22,4.59989150851058e-9,2.0639751078144052e-8
138.23,4.490271540712739e-9,2.0636154750477372e-8
138.24,4.38050233707662e-9,2.063095250087941e-8
138.25,4.270593969588453e-9,2.0624147260474894e-8
138.26,4.1605565008226345e-9,2.061574208201491e-8
138.27,4.050399983286921e-9,2.0605740140676756e-8
138.28,3.940134458622799e-9,2.059414473221752e-8
138.29,3.829769956381279e-9,2.0580959273575632e-8
138.3,3.719316492927451e-9,2.0566187301518666e-8
138.31,3.6087840719646348e-9,2.0549832473082213e-8
138.32,3.498182681985392e-9,2.053189856413151e-8
138.33,3.387522296528014e-9,2.0512389470377146e-8
138.34,3.276812872905968e-9,2.0491309204755813e-8
138.35,3.1660643514388355e-9,2.0468661897847278e-8
138.36,3.0552866549168363e-9,2.044445179932094e-8
138.37,2.9444896871825836e-9,2.041868327385875e-8
138.38,2.8336833329515358e-9,2.0391360803304814e-8
138.39,2.7228774564304297e-9,2.0362488984837244e-8
138.4,2.6120819008173596e-9,2.0332072531025677e-8
138.41,2.501306487520453e-9,2.030011626884238e-8
138.42,2.390561015343009e-9,2.0266625139670745e-8
138.43,2.2798552595899484e-9,2.0231604198232217e-8
138.44,2.1691989704943964e-9,2.019505861163007e-8
138.45,2.0586018743781596e-9,2.015699366004724e-8
138.46,1.9480736708668074e-9,2.0117414734938553e-8
138.47,1.837624033365285e-9,2.0076327339013557e-8
138.48,1.727262607339286e-9,2.003373708521302e-8
138.49,1.6169990103734446e-9,1.998964969662634e-8
138.5,1.5068428309153834e-9,1.994407100548912e-8
138.51,1.3968036274445595e-9,1.989700695246325e-8
138.52,1.2868909287553778e-9,1.9848463586339703e-8
138.53,1.1771142295480381e-9,1.9798447063408522e-8
138.54,1.0674829961814556e-9,1.9746963645980627e-8
138.55,9.580066598918491e-10,1.9694019702834595e-8
138.56,8.486946186709756e-10,1.9639621707860674e-8
138.57,7.395562360019899e-10,1.9583776239628185e-8
138.58,6.306008408076118e-10,1.9526489980536006e-8
138.59,5.218377256574861e-10,1.9467769716274527e-8
138.6,4.132761465453059e-10,1.940762233490773e-8
138.61,3.049253220708247e-10,1.9346054825870783e-8
138.62,1.96794433636815e-10,1.928307428183259e-8
138.63,8.889262278731554e-11,1.9218687892822395e-8
138.64,-1.8771008117817287e-11,1.9152902950075403e-8
138.65,-1.2618739679229414e-10,1.90857268435802e-8
138.66,-2.3334752182716183e-10,1.9017167061654163e-8
138.67,-3.4024240325020293e-10,1.8947231189310433e-8
138.68,-4.468631041875966e-10,1.8875926909152718e-8
138.69,-5.532007297128408e-10,1.880326199869529e-8
138.7,-6.592464294580636e-10,1.8729244331357797e-8
138.71,-7.649913965766012e-10,1.865388187387142e-8
138.72,-8.704268701965261e-10,1.857718268754388e-8
138.73,-9.755441347894896e-10,1.849915492595819e-8
138.74,-1.0803345208892465e-9,1.8419806834647562e-8
138.75,-1.1847894063669279e-9,1.8339146750401605e-8
138.76,-1.2889002168541847e-9,1.8257183099986503e-8
138.77,-1.392658426304399e-9,1.8173924400165208e-8
138.78,-1.4960555575312976e-9,1.808937925605073e-8
138.79,-1.5990831828666545e-9,1.800355636092294e-8
138.8,-1.7017329255506537e-9,1.791646449470724e-8
138.81,-1.8039964589889437e-9,1.782811252388557e-8
138.82,-1.905865508602102e-9,1.7738509400034904e-8
138.83,-2.007331851274209e-9,1.7647664159519957e-8
138.84,-2.108387317654802e-9,1.7555585922172845e-8
138.85,-2.209023790942215e-9,1.746228389051079e-8
138.86,-2.3092332084181576e-9,1.7367767349358884e-8
138.87,-2.4090075622521837e-9,1.727204566424956e-8
138.88,-2.508338899240338e-9,1.717512828122803e-8
138.89,-2.6072193226854616e-9,1.707702472444855e-8
138.9,-2.7056409910647955e-9,1.6977744598769605e-8
138.91,-2.8035961204338192e-9,1.68772975847534e-8
138.92,-2.901076984264147e-9,1.6775693440071543e-8
138.93,-2.9980759138985236e-9,1.6672941998366885e-8
138.94,-3.0945852989833904e-9,1.6569053167875264e-8
138.95,-3.1905975885246236e-9,1.6464036930776093e-8
138.96,-3.286105291023004e-9,1.635790334251976e-8
138.97,-3.381100975731363e-9,1.625066253018664e-8
138.98,-3.475577270111851e-9,1.614232469275252e-8
138.99,-3.5695268664950667e-9,1.6032900098624562e-8
139.0,-3.662942516580983e-9,1.592239908607519e-8
139.01,-3.755817034790015e-9,1.581083206165492e-8
139.02,-3.8481432981809985e-9,1.5698209499200694e-8
139.03,-3.939914247027074e-9,1.5584541939463763e-8
139.04,-4.031122885309518e-9,1.546983998827239e-8
139.05,-4.121762281353609e-9,1.5354114316364513e-8
139.06,-4.211825567928722e-9,1.523737565805497e-8
139.07,-4.301305942916027e-9,1.5119634810631834e-8
139.08,-4.390196669934651e-9,1.5000902632621507e-8
139.09,-4.478491078499573e-9,1.488119004381025e-8
139.1,-4.566182564598057e-9,1.4760508023596001e-8
139.11,-4.653264591317466e-9,1.4638867610212642e-8
139.12,-4.739730688799264e-9,1.4516279899902747e-8
139.13,-4.8255744551142225e-9,1.4392756045822805e-8
139.14,-4.910789556672001e-9,1.426830725683317e-8
139.15,-4.995369728298491e-9,1.4142944796695123e-8
139.16,-5.07930877408554e-9,1.4016679984275986e-8
139.17,-5.162600567211857e-9,1.3889524189544526e-8
139.18,-5.24523905094493e-9,1.3761488835903338e-8
139.19,-5.32721823859274e-9,1.3632585397137923e-8
139.2,-5.40853221456263e-9,1.350282539712937e-8
139.21,-5.489175133226291e-9,1.3372220408911175e-8
139.22,-5.569141221093713e-9,1.3240782053279786e-8
139.23,-5.648424776422204e-9,1.3108521998435656e-8
139.24,-5.72702016859644e-9,1.2975451958252622e-8
139.25,-5.804921841218391e-9,1.2841583691642026e-8
139.26,-5.882124308311105e-9,1.2706929001596488e-8
139.27,-5.958622158492708e-9,1.2571499734093623e-8
139.28,-6.034410053380607e-9,1.2435307777264356e-8
139.29,-6.109482728678845e-9,1.2298365059763127e-8
139.3,-6.183834992928407e-9,1.2160683550505359e-8
139.31,-6.2574617302966796e-9,1.2022275257319201e-8
139.32,-6.330357898982831e-9,1.188315222593154e-8
139.33,-6.40251853215006e-9,1.1743326539072958e-8
139.34,-6.473938738443119e-9,1.1602810314842031e-8
139.35,-6.544613701228716e-9,1.1461615706964368e-8
139.36,-6.614538680514268e-9,1.1319754902462066e-8
139.37,-6.683709011699849e-9,1.1177240121656414e-8
139.38,-6.752120106654775e-9,1.1034083615742003e-8
139.39,-6.819767453774577e-9,1.0890297667802771e-8
139.4,-6.886646618223335e-9,1.0745894589997056e-8
139.41,-6.95275324183598e-9,1.0600886723401157e-8
139.42,-7.018083044149102e-9,1.0455286436535062e-8
139.43,-7.082631821748135e-9,1.0309106125232383e-8
139.44,-7.146395449045632e-9,1.016235821013368e-8
139.45,-7.209369878055954e-9,1.0015055136924408e-8
139.46,-7.27155113934649e-9,9.86720937490387e-9
139.47,-7.332935340547128e-9,9.718833415688535e-9
139.48,-7.393518669130145e-9,9.569939772505998e-9
139.49,-7.453297390627137e-9,9.420540979256381e-9
139.5,-7.512267848945068e-9,9.270649589243472e-9
139.51,-7.57042646687088e-9,9.120278174072653e-9
139.52,-7.62776974745502e-9,8.969439322661743e-9
139.53,-7.684294271293116e-9,8.818145640553428e-9
139.54,-7.739996699370564e-9,8.66640974862282e-9
139.55,-7.79487377254353e-9,8.51424428188982e-9
139.56,-7.84892230888771e-9,8.361661888889936e-9
139.57,-7.902139209949719e-9,8.208675230322335e-9
139.58,-7.954521454060118e-9,8.055296977940692e-9
139.59,-8.006066101186437e-9,7.901539814092937e-9
139.6,-8.056770290491048e-9,7.747416430166367e-9
139.61,-8.106631241465695e-9,7.592939525549888e-9
139.62,-8.155646254060748e-9,7.4381218069451715e-9
139.63,-8.203812708368308e-9,7.282975987271029e-9
139.64,-8.251128064753275e-9,7.1275147846554284e-9
139.65,-8.297589864544325e-9,6.971750920512298e-9
139.66,-8.343195728571742e-9,6.81569712063021e-9
139.67,-8.387943358891781e-9,6.659366111815651e-9
139.68,-8.431830538238313e-9,6.502770622523606e-9
139.69,-8.474855129327394e-9,6.345923380890582e-9
139.7,-8.517015076495814e-9,6.1888371142981695e-9
139.71,-8.558308403303033e-9,6.031524547991715e-9
139.72,-8.598733215640365e-9,5.873998404415504e-9
139.73,-8.638287698913826e-9,5.716271401813804e-9
139.74,-8.676970118983639e-9,5.5583562534158525e-9
139.75,-8.714778823609447e-9,5.400265666789942e-9
139.76,-8.751712240027141e-9,5.2420123423318964e-9
139.77,-8.78776887698102e-9,5.083608972050396e-9
139.78,-8.822947322943451e-9,4.925068239608282e-9
139.79,-8.8572462476208e-9,4.766402818305663e-9
139.8,-8.89066440078614e-9,4.6076253707846734e-9
139.81,-8.923200613047602e-9,4.448748547216862e-9
139.82,-8.954853794970847e-9,4.289784985215561e-9
139.83,-8.985622938357046e-9,4.1307473085977744e-9
139.84,-9.015507113832402e-9,3.971648125815341e-9
139.85,-9.044505473678882e-9,3.812500029794955e-9
139.86,-9.072617248805722e-9,3.6533155965016954e-9
139.87,-9.09984175204014e-9,3.494107384320575e-9
139.88,-9.126178374301512e-9,3.334887932301071e-9
139.89,-9.151626587196807e-9,3.1756697601376613e-9
139.9,-9.176185941859593e-9,3.0164653668984022e-9
139.91,-9.199856070415151e-9,2.8572872299292504e-9
139.92,-9.222636679377523e-9,2.6981478031349264e-9
139.93,-9.244527561789764e-9,2.539059518207998e-9
139.94,-9.265528585288835e-9,2.380034781570713e-9
139.95,-9.285639697733349e-9,2.221085974134383e-9
139.96,-9.304860925299733e-9,2.0622254506601493e-9
139.97,-9.323192373618362e-9,1.9034655383226533e-9
139.98,-9.340634227039317e-9,1.7448185360835135e-9
139.99,-9.357186747324793e-9,1.5862967137696364e-9
140.0,-9.372850275341204e-9,1.427912311170656e-9
140.01,-9.387625229458574e-9,1.2696775366168707e-9
140.02,-9.401512106410998e-9,1.1116045669038146e-9
140.03,-9.414511479929422e-9,9.537055457172468e-10
140.04,-9.42662400151159e-9,7.959925831332385e-10
140.05,-9.437850400227354e-9,6.384777540687563e-10
140.06,-9.448191481644693e-9,4.811730984272162e-10
140.07,-9.457648128577272e-9,3.240906191812792e-10
140.08,-9.466221299561122e-9,1.6724228224633087e-10
140.09,-9.47391203039472e-9,1.0640014617044318e-11
140.1,-9.480721433079344e-9,-1.4570429460405633e-10
140.11,-9.486650694425544e-9,-3.017787979291104e-10
140.12,-9.491701077312e-9,-4.5757168778018533e-10
140.13,-9.495873920448891e-9,-6.130711986882344e-10
140.14,-9.499170637397444e-9,-7.682656073381451e-10
140.15,-9.501592715710773e-9,-9.231432349125147e-10
140.16,-9.503141718637845e-9,-1.077692446193868e-9
140.17,-9.503819282325985e-9,-1.2319016512787718e-9
140.18,-9.50362711872723e-9,-1.385759306639848e-9
140.19,-9.502567011800484e-9,-1.5392539151676e-9
140.2,-9.500640819401685e-9,-1.6923740279169855e-9
140.21,-9.49785047220869e-9,-1.8451082442765255e-9
140.22,-9.494197974987644e-9,-1.9974452133668876e-9
140.23,-9.489685402337045e-9,-2.149373633738876e-9
140.24,-9.484314903285376e-9,-2.3008822558266502e-9
140.25,-9.478088697627511e-9,-2.451959881493983e-9
140.26,-9.471009076597377e-9,-2.6025953651178604e-9
140.27,-9.463078402944745e-9,-2.7527776148784556e-9
140.28,-9.45429910933343e-9,-2.9024955926899254e-9
140.29,-9.444673700629094e-9,-3.051738316051492e-9
140.3,-9.434204747636821e-9,-3.2004948574877256e-9
140.31,-9.42289489639832e-9,-3.3487543468557684e-9
140.32,-9.410746858207265e-9,-3.4965059709827886e-9
140.33,-9.397763415067035e-9,-3.6437389747243062e-9
140.34,-9.38394741669568e-9,-3.7904426619775356e-9
140.35,-9.369301781503859e-9,-3.936606395977151e-9
140.36,-9.353829495429522e-9,-4.0822196006117285e-9
140.37,-9.337533611841646e-9,-4.227271760535372e-9
140.38,-9.320417251009263e-9,-4.371752422443115e-9
140.39,-9.302483600021847e-9,-4.515651195484835e-9
140.4,-9.283735912111606e-9,-4.658957752120002e-9
140.41,-9.264177505917319e-9,-4.801661828743817e-9
140.42,-9.243811765765401e-9,-4.943753226484377e-9
140.43,-9.2226421407276e-9,-5.085221811677446e-9
140.44,-9.200672144464004e-9,-5.2260575169496405e-9
140.45,-9.177905354867002e-9,-5.366250341746491e-9
140.46,-9.154345413202565e-9,-5.505790352505915e-9
140.47,-9.129996023473594e-9,-5.644667684411446e-9
140.48,-9.104860953291827e-9,-5.782872541020172e-9
140.49,-9.078944031813754e-9,-5.920395194868132e-9
140.5,-9.052249151335915e-9,-6.057225991102423e-9
140.51,-9.024780263348748e-9,-6.1933553419387845e-9
140.52,-8.996541381840784e-9,-6.3287737333604156e-9
140.53,-8.967536580832047e-9,-6.463471722701074e-9
140.54,-8.937769994101559e-9,-6.597439940302101e-9
140.55,-8.907245815166268e-9,-6.730669089407281e-9
140.56,-8.875968296060029e-9,-6.863149947347787e-9
140.57,-8.843941748186814e-9,-6.994873366149259e-9
140.58,-8.811170539961244e-9,-7.125830272988345e-9
140.59,-8.777659097920099e-9,-7.256011669453605e-9
140.6,-8.743411905662715e-9,-7.3854086356019e-9
140.61,-8.708433503144172e-9,-7.51401232694603e-9
140.62,-8.67272848578193e-9,-7.641813976680281e-9
140.63,-8.636301505391064e-9,-7.768804896236165e-9
140.64,-8.599157268020513e-9,-7.894976475338088e-9
140.65,-8.561300535117157e-9,-8.020320183096825e-9
140.66,-8.52273612095144e-9,-8.144827568141452e-9
140.67,-8.483468893631994e-9,-8.268490259739363e-9
140.68,-8.443503774850778e-9,-8.391299966392643e-9
140.69,-8.402845737314847e-9,-8.513248480042608e-9
140.7,-8.361499806243764e-9,-8.634327672829271e-9
140.71,-8.319471058873895e-9,-8.75452950018617e-9
140.72,-8.276764621689026e-9,-8.87384599932267e-9
140.73,-8.233385672397731e-9,-8.992269291318574e-9
140.74,-8.18933943761393e-9,-9.109791581022794e-9
140.75,-8.144631193960506e-9,-9.226405157242562e-9
140.76,-8.099266265808778e-9,-9.342102393809287e-9
140.77,-8.053250025438867e-9,-9.456875749630733e-9
140.78,-8.006587893337981e-9,-9.570717769094265e-9
140.79,-7.95928533568618e-9,-9.683621082688351e-9
140.8,-7.911347865959646e-9,-9.79557840759729e-9
140.81,-7.86278104256479e-9,-9.906582547824216e-9
140.82,-7.813590469299468e-9,-1.0016626394633601e-8
140.83,-7.763781794832986e-9,-1.012570292723648e-8
140.84,-7.713360711188409e-9,-1.0233805213209504e-8
140.85,-7.662332954206507e-9,-1.0340926408756198e-8
140.86,-7.610704301241177e-9,-1.0447059757160903e-8
140.87,-7.558480574318098e-9,-1.0552198594675936e-8
140.88,-7.505667635243528e-9,-1.065633634465562e-8
140.89,-7.452271386782102e-9,-1.0759466521422698e-8
140.9,-7.398297772870579e-9,-1.0861582729527672e-8
140.91,-7.343752777020509e-9,-1.096267866464979e-8
140.92,-7.28864242168808e-9,-1.106274811340796e-8
140.93,-7.232972767866998e-9,-1.116178495401925e-8
140.94,-7.1767499150054484e-9,-1.1259783156807823e-8
140.95,-7.119980000616567e-9,-1.135673678404873e-8
140.96,-7.062669196609706e-9,-1.1452639990344218e-8
140.97,-7.004823713416357e-9,-1.1547487023483322e-8
140.98,-6.946449795578655e-9,-1.1641272224056142e-8
140.99,-6.8875537236910626e-9,-1.1733990026405393e-8
141.0,-6.828141811857278e-9,-1.1825634958024666e-8
141.01,-6.768220408149891e-9,-1.1916201640929326e-8
141.02,-6.7077958936658205e-9,-1.2005684790945425e-8
141.03,-6.646874682046895e-9,-1.2094079218505484e-8
141.04,-6.58546321929362e-9,-1.2181379829115838e-8
141.05,-6.523567981033034e-9,-1.226758162259027e-8
141.06,-6.4611954750564036e-9,-1.235267969452708e-8
141.07,-6.398352238591072e-9,-1.2436669235701667e-8
141.08,-6.335044837653083e-9,-1.2519545532828042e-8
141.09,-6.271279867949606e-9,-1.2601303968039653e-8
141.1,-6.2070639523978166e-9,-1.2681940019899123e-8
141.11,-6.142403741547171e-9,-1.2761449263309395e-8
141.12,-6.077305912394856e-9,-1.283982736899241e-8
141.13,-6.011777170110142e-9,-1.2917070105693297e-8
141.14,-5.945824242122385e-9,-1.2993173337452415e-8
141.15,-5.879453882936626e-9,-1.3068133026035742e-8
141.16,-5.812672870535404e-9,-1.3141945230111198e-8
141.17,-5.745488006546932e-9,-1.3214606106136613e-8
141.18,-5.6779061159668294e-9,-1.3286111907265958e-8
141.19,-5.609934045691601e-9,-1.3356458984791823e-8
141.2,-5.541578664091286e-9,-1.3425643787364718e-8
141.21,-5.472846861208688e-9,-1.349366286139062e-8
141.22,-5.40374554659494e-9,-1.3560512851891384e-8
141.23,-5.334281649822512e-9,-1.3626190500580934e-8
141.24,-5.264462120632168e-9,-1.3690692648558809e-8
141.25,-5.1942939255832706e-9,-1.3754016234153247e-8
141.26,-5.123784049384826e-9,-1.381615829472856e-8
141.27,-5.0529394946267484e-9,-1.3877115965234378e-8
141.28,-4.981767280003146e-9,-1.3936886479643844e-8
141.29,-4.9102744398406906e-9,-1.3995467170042526e-8
141.3,-4.838468023817268e-9,-1.405285546710901e-8
141.31,-4.766355095887132e-9,-1.4109048899476785e-8
141.32,-4.6939427346930605e-9,-1.4164045095536489e-8
141.33,-4.621238031239075e-9,-1.4217841781094891e-8
141.34,-4.548248089664477e-9,-1.4270436781250737e-8
141.35,-4.474980025386021e-9,-1.4321828018901855e-8
141.36,-4.401440966257273e-9,-1.4372013516625391e-8
141.37,-4.327638049875138e-9,-1.4420991394699732e-8
141.38,-4.253578424192958e-9,-1.4468759872326208e-8
141.39,-4.1792692461962045e-9,-1.451531726672594e-8
141.4,-4.104717682464393e-9,-1.4560661994807253e-8
141.41,-4.0299309063779015e-9,-1.4604792570431042e-8
141.42,-3.954916100054853e-9,-1.4647707607022728e-8
141.43,-3.879680451132611e-9,-1.4689405815657279e-8
141.44,-3.804231154629347e-9,-1.4729886005742235e-8
141.45,-3.728575409621443e-9,-1.4769147085309665e-8
141.46,-3.6527204214501857e-9,-1.4807188060089677e-8
141.47,-3.576673399207279e-9,-1.4844008034183869e-8
141.48,-3.5004415549951254e-9,-1.4879606209291822e-8
141.49,-3.4240321044412734e-9,-1.491398188520686e-8
141.5,-3.3474522652058903e-9,-1.4947134459318063e-8
141.51,-3.2707092568365977e-9,-1.4979063426522893e-8
141.52,-3.19381029910798e-9,-1.500976837867869e-8
141.53,-3.116762614417179e-9,-1.5039249007704883e-8
141.54,-3.039573421544439e-9,-1.5067505098357e-8
141.55,-2.9622499408436116e-9,-1.5094536535521187e-8
141.56,-2.8847993901410163e-9,-1.512034330018913e-8
141.57,-2.8072289859817285e-9,-1.5144925469959257e-8
141.58,-2.7295459408185457e-9,-1.516828321898836e-8
141.59,-2.65175746493065e-9,-1.519041681801067e-8
141.6,-2.5738707636105875e-9,-1.521132663367787e-8
141.61,-2.495893038064686e-9,-1.5231013128702742e-8
141.62,-2.417831484112769e-9,-1.5249476861980077e-8
141.63,-2.3396932914518904e-9,-1.5266718487393825e-8
141.64,-2.261485643340235e-9,-1.5282738754460754e-8
141.65,-2.1832157161446673e-9,-1.529753850802448e-8
141.66,-2.1048906777947992e-9,-1.5311118687272755e-8
141.67,-2.0265176886285168e-9,-1.5323480326865572e-8
141.68,-1.948103899572196e-9,-1.5334624555543533e-8
141.69,-1.869656451746204e-9,-1.5344552595794603e-8
141.7,-1.7911824761841454e-9,-1.5353265764330295e-8
141.71,-1.7126890939783166e-9,-1.5360765472543656e-8
141.72,-1.6341834132155392e-9,-1.5367053223336977e-8
141.73,-1.5556725311960508e-9,-1.537213061407922e-8
141.74,-1.477163530958666e-9,-1.5375999333937493e-8
141.75,-1.398663484859845e-9,-1.537866116586275e-8
141.76,-1.3201794492349323e-9,-1.538011798418134e-8
141.77,-1.2417184669094174e-9,-1.538037175519547e-8
141.78,-1.1632875655300144e-9,-1.5379424536937422e-8
141.79,-1.0848937572559968e-9,-1.537727847870475e-8
141.8,-1.006544037290168e-9,-1.537393582117087e-8
141.81,-9.282453852915611e-10,-1.5369398894670922e-8
141.82,-8.500047626427656e-10,-1.5363670120565676e-8
141.83,-7.718291130080926e-10,-1.535675200987146e-8
141.84,-6.937253616796959e-10,-1.5348647163458563e-8
141.85,-6.157004145185901e-10,-1.533935827092853e-8
141.86,-5.377611580973568e-10,-1.532888811125485e-8
141.87,-4.5991445849573947e-10,-1.531723955143635e-8
141.88,-3.821671607475461e-10,-1.5304415547093782e-8
141.89,-3.0452608929433055e-10,-1.5290419140804293e-8
141.9,-2.2699804590224306e-10,-1.5275253463149397e-8
141.91,-1.4958980991545646e-10,-1.5258921731376752e-8
141.92,-7.230813794108513e-11,-1.5241427249315953e-8
141.93,4.840236832642562e-12,-1.5222773406486536e-8
141.94,8.184860619074908e-11,-1.520296367890757e-8
141.95,1.5871028584871984e-10,-1.5182001627027945e-8
141.96,2.3541861722384135e-10,-1.515989089649375e-8
141.97,3.1196696722387987e-10,-1.513663521760387e-8
141.98,3.883487289432033e-10,-1.5112238404203212e-8
141.99,4.6455732271836913e-10,-1.508670435361523e-8
142.0,5.405861961017093e-10,-1.5060037046533435e-8
142.01,6.164288243765245e-10,-1.5032240546060448e-8
142.02,6.920787117880192e-10,-1.5003318997330722e-8
142.03,7.6752939074123e-10,-1.4973276627411938e-8
142.04,8.427744234949119e-10,-1.4942117744263075e-8
142.05,9.178074023609196e-10,-1.4909846736840515e-8
142.06,9.926219505436577e-10,-1.4876468073850012e-8
142.07,1.067211720546039e-9,-1.4841986304360066e-8
142.08,1.141570399143698e-9,-1.4806406055513394e-8
142.09,1.2156917015862668e-9,-1.4769732035541352e-8
142.1,1.2895693793142917e-9,-1.4731969027635895e-8
142.11,1.3631972135136384e-9,-1.4693121895380521e-8
142.12,1.4365690214295936e-9,-1.4653195577716509e-8
142.13,1.509678652408144e-9,-1.4612195091428658e-8
142.14,1.5825199911114954e-9,-1.4570125528698859e-8
142.15,1.6550869569501202e-9,-1.4526992057644586e-8
142.16,1.7273735041350735e-9,-1.4482799921337644e-8
142.17,1.799373623521353e-9,-1.4437554437501527e-8
142.18,1.8710813421616768e-9,-1.4391260997145246e-8
142.19,1.942490723389145e-9,-1.4343925065745662e-8
142.2,2.0135958677787154e-9,-1.4295552179962174e-8
142.21,2.0843909139118515e-9,-1.4246147950898062e-8
142.22,2.1548700385957705e-9,-1.4195718059276738e-8
142.23,2.2250274566945143e-9,-1.4144268258168345e-8
142.24,2.2948574225937958e-9,-1.4091804370820931e-8
142.25,2.3643542292250675e-9,-1.4038332290301681e-8
142.26,2.4335122106580486e-9,-1.398385797908961e-8
142.27,2.5023257400868275e-9,-1.3928387468640556e-8
142.28,2.5707892321846494e-9,-1.3871926858242176e-8
142.29,2.6388971422791106e-9,-1.3814482314846303e-8
142.3,2.7066439676396804e-9,-1.375606007248027e-8
142.31,2.7740242467799852e-9,-1.369666643156232e-8
142.32,2.841032561551459e-9,-1.363630775797582e-8
142.33,2.907663535965438e-9,-1.3574990482733656e-8
142.34,2.9739118368579743e-9,-1.3512721101466992e-8
142.35,3.0397721755623348e-9,-1.3449506173729198e-8
142.36,3.1052393064091866e-9,-1.3385352322004462e-8
142.37,3.1703080285609197e-9,-1.3320266232020964e-8
142.38,3.2349731854663037e-9,-1.3254254650354053e-8
142.39,3.2992296661824196e-9,-1.3187324385729864e-8
142.4,3.3630724047952293e-9,-1.311948230748841e-8
142.41,3.4264963813127502e-9,-1.3050735344569686e-8
142.42,3.489496621701036e-9,-1.2981090485487688e-8
142.43,3.552068198811713e-9,-1.2910554777725906e-8
142.44,3.6142062319651624e-9,-1.2839135326066303e-8
142.45,3.675905887882461e-9,-1.2766839293406935e-8
142.46,3.73716238040354e-9,-1.2693673898255143e-8
142.47,3.797970973036842e-9,-1.2619646418014248e-8
142.48,3.858326974567162e-9,-1.2544764181235238e-8
142.49,3.918225744575294e-9,-1.2469034574066377e-8
142.5,3.977662690336119e-9,-1.2392465035609363e-8
142.51,4.036633269173389e-9,-1.2315063058582885e-8
142.52,4.095132987168077e-9,-1.2236836188355459e-8
142.53,4.153157400682053e-9,-1.2157792021705696e-8
142.54,4.210702115924326e-9,-1.2077938207500666e-8
142.55,4.267762789376765e-9,-1.1997282444503062e-8
142.56,4.324335128413679e-9,-1.1915832481118633e-8
142.57,4.380414891590796e-9,-1.183359611569998e-8
142.58,4.435997887949179e-9,-1.1750581194615489e-8
142.59,4.491079979327855e-9,-1.1666795611132205e-8
142.6,4.545657077976581e-9,-1.1582247307209394e-8
142.61,4.59972514910595e-9,-1.1496944269588211e-8
142.62,4.653280209996596e-9,-1.141089453186375e-8
142.63,4.706318330284424e-9,-1.132410617106843e-8
142.64,4.758835632902533e-9,-1.123658730955278e-8
142.65,4.8108282940484106e-9,-1.1148346112786523e-8
142.66,4.862292542148807e-9,-1.1059390788553804e-8
142.67,4.913224660189023e-9,-1.0969729587009262e-8
142.68,4.9636209850193296e-9,-1.087937079913279e-8
142.69,5.013477906616786e-9,-1.078832275710871e-8
142.7,5.062791870492286e-9,-1.0696593832373367e-8
142.71,5.111559374755128e-9,-1.0604192435690233e-8
142.72,5.1597769744958525e-9,-1.0511127015697929e-8
142.73,5.2074412775623685e-9,-1.0417406059469045e-8
142.74,5.25454894925354e-9,-1.0323038089068929e-8
142.75,5.301096707598778e-9,-1.0228031665136432e-8
142.76,5.34708132742511e-9,-1.0132395382060396e-8
142.77,5.392499639252396e-9,-1.003613786918121e-8
142.78,5.43734852924162e-9,-9.93926778979967e-9
142.79,5.481624939246304e-9,-9.841793840050266e-9
142.8,5.525325868226504e-9,-9.743724749131383e-9
142.81,5.568448370421587e-9,-9.645069276824658e-9
142.82,5.610989558215978e-9,-9.545836214381859e-9
142.83,5.652946596509224e-9,-9.446034383452907e-9
142.84,5.694316712970885e-9,-9.34567263439202e-9
142.85,5.7350971883445e-9,-9.244759846499434e-9
142.86,5.775285361225217e-9,-9.143304926960267e-9
142.87,5.814878627711068e-9,-9.041316809721691e-9
142.88,5.853874441192847e-9,-8.938804455548022e-9
142.89,5.892270312505765e-9,-8.835776850459535e-9
142.9,5.930063810099791e-9,-8.732243005396129e-9
142.91,5.967252559869961e-9,-8.628211955211124e-9
142.92,6.003834246237933e-9,-8.523692758299394e-9
142.93,6.039806610732248e-9,-8.418694495363998e-9
142.94,6.0751674535733e-9,-8.313226269071498e-9
142.95,6.109914632602765e-9,-8.207297203022426e-9
142.96,6.144046063974568e-9,-8.100916440903726e-9
142.97,6.177559722579645e-9,-7.99409314635586e-9
142.98,6.2104536410900345e-9,-7.886836501433897e-9
142.99,6.2427259106345875e-9,-7.779155705734702e-9
143.0,6.274374681305423e-9,-7.671059977048061e-9
143.01,6.305398161452302e-9,-7.562558548750165e-9
143.02,6.335794617981593e-9,-7.453660670478271e-9
143.03,6.365562376469745e-9,-7.3443756062716735e-9
143.04,6.394699821518247e-9,-7.234712634804956e-9
143.05,6.423205396006404e-9,-7.124681047880887e-9
143.06,6.451077601826569e-9,-7.014290149975934e-9
143.07,6.478314999900748e-9,-6.9035492573491635e-9
143.08,6.504916209426158e-9,-6.792467697806638e-9
143.09,6.530879908464213e-9,-6.681054808629734e-9
143.1,6.5562048359459814e-9,-6.569319938167767e-9
143.11,6.580889786396128e-9,-6.457272441884518e-9
143.12,6.604933615248192e-9,-6.344921684290419e-9
143.13,6.628335236529443e-9,-6.232277037282417e-9
143.14,6.651093623091655e-9,-6.119347878771857e-9
143.15,6.673207806368144e-9,-6.006143593095376e-9
143.16,6.694676877045069e-9,-5.892673569062483e-9
143.17,6.71549998438029e-9,-5.778947200383212e-9
143.18,6.7356763366019175e-9,-5.664973883970369e-9
143.19,6.755205200311633e-9,-5.550763018666847e-9
143.2,6.77408590144327e-9,-5.436324007204062e-9
143.21,6.7923178242848524e-9,-5.321666252496604e-9
143.22,6.809900411775937e-9,-5.206799157869164e-9
143.23,6.826833165005576e-9,-5.091732126410452e-9
143.24,6.843115644711757e-9,-4.976474560987322e-9
143.25,6.858747469170434e-9,-4.861035862229381e-9
143.26,6.8737283152734056e-9,-4.745425428357261e-9
143.27,6.888057918430827e-9,-4.62965265426354e-9
143.28,6.901736071742769e-9,-4.513726931526204e-9
143.29,6.914762627549554e-9,-4.397657646090672e-9
143.3,6.927137495329361e-9,-4.2814541795195255e-9
143.31,6.938860642965941e-9,-4.1651259065359684e-9
143.32,6.9499320957602734e-9,-4.048682195140299e-9
143.33,6.960351937622166e-9,-3.932132405945575e-9
143.34,6.97012030956442e-9,-3.815485891127325e-9
143.35,6.979237410386914e-9,-3.6987519935530334e-9
143.36,6.9877034960560236e-9,-3.5819400465904307e-9
143.37,6.995518880499702e-9,-3.4650593732810304e-9
143.38,7.002683934216346e-9,-3.3481192848887163e-9
143.39,7.009199085109446e-9,-3.2311290810512314e-9
143.4,7.015064818135771e-9,-3.114098048923165e-9
143.41,7.0202816742773306e-9,-2.9970354616335467e-9
143.42,7.024850252434515e-9,-2.8799505789614767e-9
143.43,7.02877120730067e-9,-2.762852645545111e-9
143.44,7.03204524981213e-9,-2.645750890373847e-9
143.45,7.034673147406048e-9,-2.528654526608664e-9
143.46,7.0366557236485915e-9,-2.4115727498910936e-9
143.47,7.037993857367969e-9,-2.2945147387302726e-9
143.48,7.038688484130545e-9,-2.1774896532109894e-9
143.49,7.038740593985442e-9,-2.0605066339451933e-9
143.5,7.038151232807522e-9,-1.9435748035332077e-9
143.51,7.0369215015001626e-9,-1.8267032616820175e-9
143.52,7.03505255635214e-9,-1.7099010883677536e-9
143.53,7.032545607776307e-9,-1.5931773420277115e-9
143.54,7.02940192129844e-9,-1.4765410581307314e-9
143.55,7.025622816394262e-9,-1.3600012492181508e-9
143.56,7.021209666804708e-9,-1.2435669039656626e-9
143.57,7.016163900527996e-9,-1.1272469866492217e-9
143.58,7.010486998910637e-9,-1.0110504361243998e-9
143.59,7.004180497134176e-9,-8.949861661596839e-10
143.6,6.997245983324917e-9,-7.79063063202342e-10
143.61,6.989685098867577e-9,-6.632899868836513e-10
143.62,6.981499538126804e-9,-5.476757695414566e-10
143.63,6.972691047170019e-9,-4.3222921448604005e-10
143.64,6.963261426068994e-9,-3.1695909588077784e-10
143.65,6.953212525388061e-9,-2.0187415863985246e-10
143.66,6.942546248493661e-9,-8.698311709799692e-11
143.67,6.931264549850039e-9,2.770534554566465e-11
143.68,6.9193694348785495e-9,1.4218257770252377e-10
143.69,6.906862961440624e-9,2.564399596310464e-10
143.7,6.893747236835309e-9,3.7046890508903663e-10
143.71,6.880024419815971e-9,4.842608611246956e-10
143.72,6.865696718957074e-9,5.978073087030399e-10
143.73,6.850766392266124e-9,7.110997638717167e-10
143.74,6.8352357487539735e-9,8.241297778033212e-10
143.75,6.819107145831137e-9,9.36888937905818e-10
143.76,6.80238299019533e-9,1.0493688672891767e-9
143.77,6.785065737598139e-9,1.1615612286483885e-9
143.78,6.76715789227124e-9,1.273457719081265e-9
143.79,6.748662006514506e-9,1.3850500763880336e-9
143.8,6.729580680668609e-9,1.4963300765859457e-9
143.81,6.709916562861217e-9,1.6072895351526653e-9
143.82,6.6896723480029424e-9,1.7179203081246301e-9
143.83,6.6688507784329145e-9,1.8282142917673857e-9
143.84,6.647454643389627e-9,1.938163423802295e-9
143.85,6.625486777458344e-9,2.04775968381677e-9
143.86,6.602950062940773e-9,2.156995093675521e-9
143.87,6.579847425848508e-9,2.2658617181980194e-9
143.88,6.556181838670368e-9,2.3743516658053704e-9
143.89,6.5319563190619234e-9,2.482457088877771e-9
143.9,6.507173928619492e-9,2.590170184420417e-9
143.91,6.481837774081684e-9,2.697483194572248e-9
143.92,6.455951005479179e-9,2.80438840713712e-9
143.93,6.429516817152182e-9,2.9108781561387902e-9
143.94,6.402538445656311e-9,3.016944822264434e-9
143.95,6.375019172237277e-9,3.1225808337793824e-9
143.96,6.346962318709402e-9,3.2277786659404253e-9
143.97,6.318371250721723e-9,3.332530843086292e-9
143.98,6.28924937474431e-9,3.4368299378350745e-9
143.99,6.259600139167343e-9,3.5406685725238637e-9
144.0,6.229427033358942e-9,3.64403941884118e-9
144.01,6.19873358749359e-9,3.746935198907183e-9
144.02,6.167523371995591e-9,3.8493486856546365e-9
144.03,6.135799997469076e-9,3.951272703444232e-9
144.04,6.103567114138514e-9,4.052700127688585e-9
144.05,6.0708284107537484e-9,4.1536238867767035e-9
144.06,6.037587615758877e-9,4.254036961360267e-9
144.07,6.003848495260677e-9,4.3539323855338465e-9
144.08,5.9696148548814686e-9,4.453303246109402e-9
144.09,5.934890535692877e-9,4.5521426852260646e-9
144.1,5.899679417422354e-9,4.6504438985696644e-9
144.11,5.863985416482702e-9,4.748200136972557e-9
144.12,5.827812485274209e-9,4.845404706859538e-9
144.13,5.7911646128801e-9,4.94205097008069e-9
144.14,5.754045823301535e-9,5.038132345000452e-9
144.15,5.716460176114286e-9,5.133642306534394e-9
144.16,5.678411766164978e-9,5.22857438677365e-9
144.17,5.639904720787739e-9,5.322922174712505e-9
144.18,5.600943204026976e-9,5.416679318105218e-9
144.19,5.5615314114601655e-9,5.509839522526212e-9
144.2,5.521673572529075e-9,5.602396552017424e-9
144.21,5.481373949010076e-9,5.69434423008204e-9
144.22,5.440636835483132e-9,5.785676439465147e-9
144.23,5.3994665576044086e-9,5.876387122675185e-9
144.24,5.357867472878765e-9,5.966470282547575e-9
144.25,5.315843969787587e-9,6.0559199822879e-9
144.26,5.273400467918257e-9,6.14473034648742e-9
144.27,5.230541415635065e-9,6.232895560592631e-9
144.28,5.187271291226848e-9,6.320409871691171e-9
144.29,5.143594603291467e-9,6.40726758891542e-9
144.3,5.099515888757063e-9,6.493463084109945e-9
144.31,5.0550397118726365e-9,6.578990791016241e-9
144.32,5.010170666107426e-9,6.663845207050955e-9
144.33,4.964913371345193e-9,6.748020892367021e-9
144.34,4.919272475726888e-9,6.831512471495471e-9
144.35,4.873252651296061e-9,6.914314631708588e-9
144.36,4.826858599719462e-9,6.996422125904733e-9
144.37,4.780095045714587e-9,7.0778297706479345e-9
144.38,4.732966740065292e-9,7.158532447421853e-9
144.39,4.685478458505974e-9,7.238525103299168e-9
144.4,4.63763500025709e-9,7.31780275002222e-9
144.41,4.589441188822693e-9,7.39636046574622e-9
144.42,4.540901871040592e-9,7.474193394087732e-9
144.43,4.492021916807226e-9,7.551296744915063e-9
144.44,4.442806217430335e-9,7.627665795505263e-9
144.45,4.393259687692729e-9,7.703295888249659e-9
144.46,4.343387262769963e-9,7.77818243382033e-9
144.47,4.293193898760768e-9,7.852320909421519e-9
144.48,4.242684573092198e-9,7.92570686027908e-9
144.49,4.191864282646044e-9,7.99833589884081e-9
144.5,4.1407380442238405e-9,8.070203705760535e-9
144.51,4.089310893281753e-9,8.141306029753117e-9
144.52,4.037587884116619e-9,8.211638687712743e-9
144.53,3.985574090315706e-9,8.28119756570267e-9
144.54,3.9332746014848225e-9,8.349978617858477e-9
144.55,3.880694525220654e-9,8.417977867474442e-9
144.56,3.827838985625862e-9,8.485191407299446e-9
144.57,3.774713123795518e-9,8.551615399096642e-9
144.58,3.72132209555722e-9,8.617246074239097e-9
144.59,3.6676710731668432e-9,8.682079733891117e-9
144.6,3.613765243294311e-9,8.746112749048433e-9
144.61,3.5596098066037193e-9,8.809341560732379e-9
144.62,3.5052099778582748e-9,8.871762679761123e-9
144.63,3.4505709855105398e-9,8.933372687997815e-9
144.64,3.3956980708466835e-9,8.994168237035328e-9
144.65,3.3405964870747553e-9,9.054146049947849e-9
144.66,3.285271500522921e-9,9.113302919722367e-9
144.67,3.2297283878978378e-9,9.17163571047274e-9
144.68,3.1739724377069437e-9,9.229141357326065e-9
144.69,3.118008948258409e-9,9.285816866682904e-9
144.7,3.0618432289060383e-9,9.34165931578213e-9
144.71,3.005480596993782e-9,9.396665853832639e-9
144.72,2.9489263808616013e-9,9.450833700613965e-9
144.73,2.892185916031455e-9,9.504160147769679e-9
144.74,2.8352645472312857e-9,9.556642558897825e-9
144.75,2.7781676258148885e-9,9.60827836857326e-9
144.76,2.7209005111172927e-9,9.659065083446372e-9
144.77,2.663468568444976e-9,9.709000282347297e-9
144.78,2.605877169933592e-9,9.758081614953146e-9
144.79,2.54813169506793e-9,9.80630680524805e-9
144.8,2.490237521673283e-9,9.853673643568237e-9
144.81,2.4322000421308132e-9,9.90017999977007e-9
144.82,2.374024647136164e-9,9.945823810785031e-9
144.83,2.315716732231771e-9,9.99060308706236e-9
144.84,2.2572816965238314e-9,1.0034515911190997e-8
144.85,2.1987249421547303e-9,1.007756043719735e-8
144.86,2.1400518733713447e-9,1.0119734892192678e-8
144.87,2.0812678965343882e-9,1.0161037574951167e-8
144.88,2.0223784192477125e-9,1.0201466856290421e-8
144.89,1.963388850458187e-9,1.0241021179892252e-8
144.9,1.9043045990641923e-9,1.0279699060520845e-8
144.91,1.845131074109186e-9,1.0317499085612382e-8
144.92,1.7858736846509099e-9,1.0354419914948008e-8
144.93,1.726537837942335e-9,1.0390460279939239e-8
144.94,1.6671289407693839e-9,1.0425618984186235e-8
144.95,1.6076523974541309e-9,1.045989490360283e-8
144.96,1.5481136099938568e-9,1.049328698563613e-8
144.97,1.4885179778991048e-9,1.052579425012787e-8
144.98,1.4288708972289552e-9,1.0557415787906201e-8
144.99,1.3691777599662984e-9,1.0588150762672117e-8
145.0,1.3094439543135333e-9,1.0617998409400983e-8
145.01,1.249674863524144e-9,1.0646958034638743e-8
145.02,1.1898758661720143e-9,1.0675029016635678e-8
145.03,1.1300523346677524e-9,1.0702210805124372e-8
145.04,1.0702096356685624e-9,1.0728502921308843e-8
145.05,1.0103531286411857e-9,1.0753904957568556e-8
145.06,9.504881672553473e-10,1.0778416577130308e-8
145.07,8.906200970304269e-10,1.0802037516858335e-8
145.08,8.307542554776544e-10,1.0824767580528472e-8
145.09,7.708959721986394e-10,1.084660664579646e-8
145.1,7.110505677168726e-10,1.0867554660159409e-8
145.11,6.512233531788472e-10,1.0887611641766051e-8
145.12,5.914196302622551e-10,1.0906777679398607e-8
145.13,5.316446904584241e-10,1.0925052932206418e-8
145.14,4.71903814513296e-10,1.0942437629535976e-8
145.15,4.1220227299814747e-10,1.0958932071442692e-8
145.16,3.525453226082248e-10,1.0974536626105524e-8
145.17,2.929382116620466e-10,1.0989251734159298e-8
145.18,2.333861722827974e-10,1.1003077902877245e-8
145.19,1.7389442736919786e-10,1.1016015712156237e-8
145.2,1.1446818386324253e-10,1.1028065808386987e-8
145.21,5.5112636733007697e-11,1.1039228908850532e-8
145.22,-4.167033956360203e-12,1.1049505799094546e-8
145.23,-6.336566263557677e-11,1.1058897333251523e-8
145.24,-1.2247809852051028e-10,1.1067404434247741e-8
145.25,-1.814992062634914e-10,1.1075028093200955e-8
145.26,-2.4042386643503205e-10,1.1081769369468365e-8
145.27,-2.992469756610612e-10,1.108762939019984e-8
145.28,-3.579634472478136e-10,1.1092609350522632e-8
145.29,-4.1656821149620256e-10,1.1096710512554193e-8
145.3,-4.750562167589636e-10,1.109993420606353e-8
145.31,-5.334224284625593e-10,1.1102281827694068e-8
145.32,-5.916618311859113e-10,1.1103754841039659e-8
145.33,-6.497694274811013e-10,1.1104354775778458e-8
145.34,-7.077402393083396e-10,1.1104083228739381e-8
145.35,-7.655693082561112e-10,1.1102941862068343e-8
145.36,-8.232516960590694e-10,1.1100932403782773e-8
145.37,-8.80782483630412e-10,1.1098056647817636e-8
145.38,-9.38156775487249e-10,1.109431645303209e-8
145.39,-9.953696933670493e-10,1.1089713743544879e-8
145.4,-1.0524163832635708e-9,1.1084250507888986e-8
145.41,-1.109292012205091e-9,1.1077928799314612e-8
145.42,-1.1659917693190797e-9,1.1070750735773734e-8
145.43,-1.2225108673553329e-9,1.1062718497576823e-8
145.44,-1.2788445411115323e-9,1.1053834330119485e-8
145.45,-1.3349880491409838e-9,1.1044100541529574e-8
145.46,-1.3909366739387142e-9,1.1033519503259982e-8
145.47,-1.4466857223114717e-9,1.1022093647716332e-8
145.48,-1.502230525287796e-9,1.1009825473160262e-8
145.49,-1.5575664392394725e-9,1.0996717536463164e-8
145.5,-1.6126888454222743e-9,1.0982772458222295e-8
145.51,-1.6675931510026664e-9,1.0967992919740705e-8
145.52,-1.7222747895679982e-9,1.0952381663406236e-8
145.53,-1.7767292197765915e-9,1.0935941493073632e-8
145.54,-1.830951928916902e-9,1.0918675272027616e-8
145.55,-1.8849384296492574e-9,1.0900585924332863e-8
145.56,-1.938684263618016e-9,1.0881676433228615e-8
145.57,-1.99218499876439e-9,1.0861949842073472e-8
145.58,-2.0454362321180637e-9,1.0841409252782073e-8
145.59,-2.098433589078689e-9,1.0820057826007375e-8
145.6,-2.151172723663899e-9,1.0797898780606929e-8
145.61,-2.2036493188171865e-9,1.0774935394083048e-8
145.62,-2.2558590875333602e-9,1.0751171000697225e-8
145.63,-2.307797772248732e-9,1.0726608992350722e-8
145.64,-2.359461145749743e-9,1.0701252817447854e-8
145.65,-2.410845010865513e-9,1.0675105981678954e-8
145.66,-2.461945201686564e-9,1.0648172045685907e-8
145.67,-2.5127575831468493e-9,1.0620454626449374e-8
145.68,-2.5632780514191016e-9,1.059195739661043e-8
145.69,-2.6135025349723452e-9,1.0562684082855471e-8
145.7,-2.663426993648988e-9,1.0532638466618168e-8
145.71,-2.7130474199362347e-9,1.0501824383973542e-8
145.72,-2.76235983878318e-9,1.047024572453826e-8
145.73,-2.8113603083093545e-9,1.0437906430553874e-8
145.74,-2.8600449198020503e-9,1.0404810497062172e-8
145.75,-2.908409797625124e-9,1.0370961973122586e-8
145.76,-2.9564511004374226e-9,1.0336364958454471e-8
145.77,-3.0041650208486452e-9,1.0301023604445057e-8
145.78,-3.0515477853675757e-9,1.0264942114352997e-8
145.79,-3.098595655868163e-9,1.0228124741519676e-8
145.8,-3.145304928490713e-9,1.0190575789981606e-8
145.81,-3.1916719352360468e-9,1.0152299613451696e-8
145.82,-3.2376930422993658e-9,1.0113300615250708e-8
145.83,-3.283364653529229e-9,1.007358324761467e-8
145.84,-3.328683206781966e-9,1.0033152011394512e-8
145.85,-3.373645176827489e-9,9.992011455682935e-9
145.86,-3.4182470754509046e-9,9.950166176793195e-9
145.87,-3.462485450446248e-9,9.907620818333295e-9
145.88,-3.506356886775372e-9,9.864380071330443e-9
145.89,-3.549858006685678e-9,9.820448672432943e-9
145.9,-3.5929854698473834e-9,9.775831404194097e-9
145.91,-3.6357359732389834e-9,9.730533094578673e-9
145.92,-3.6781062525947443e-9,9.684558616543912e-9
145.93,-3.7200930805257235e-9,9.637912887160809e-9
145.94,-3.761693269129375e-9,9.590600867755826e-9
145.95,-3.80290366832804e-9,9.542627563088043e-9
145.96,-3.843721167355189e-9,9.493998020733343e-9
145.97,-3.884142694125981e-9,9.444717330580411e-9
145.98,-3.9241652156834534e-9,9.394790625056077e-9
145.99,-3.963785738783435e-9,9.344223077680777e-9
146.0,-4.0030013096696784e-9,9.293019903057493e-9
146.01,-4.041809013674889e-9,9.24118635697271e-9
146.02,-4.08020597762738e-9,9.188727733844884e-9
146.03,-4.118189367185995e-9,9.135649369345407e-9
146.04,-4.1557563892782026e-9,9.081956636420798e-9
146.05,-4.192904290206094e-9,9.027654948699394e-9
146.06,-4.229630358639584e-9,8.97274975557225e-9
146.07,-4.265931922952702e-9,8.917246545505704e-9
146.08,-4.301806353010019e-9,8.861150843458207e-9
146.09,-4.337251059875746e-9,8.804468211080595e-9
146.1,-4.3722634957447065e-9,8.74720424584638e-9
146.11,-4.4068411549711636e-9,8.689364580745214e-9
146.12,-4.44098157299849e-9,8.630954884006317e-9
146.13,-4.47468232744396e-9,8.571980858563752e-9
146.14,-4.507941038222731e-9,8.51244823922498e-9
146.15,-4.540755366807042e-9,8.452362797607729e-9
146.16,-4.573123017396979e-9,8.39173033587754e-9
146.17,-4.605041736410201e-9,8.330556689250776e-9
146.18,-4.636509313095171e-9,8.268847724568724e-9
146.19,-4.667523579118261e-9,8.206609340299003e-9
146.2,-4.6980824090580875e-9,8.14384746552357e-9
146.21,-4.728183720491053e-9,8.080568059670893e-9
146.22,-4.7578254743908755e-9,8.01677711144317e-9
146.23,-4.787005673452001e-9,7.952480640282076e-9
146.24,-4.815722365934194e-9,7.887684692099035e-9
146.25,-4.843973641545461e-9,7.822395342329442e-9
146.26,-4.8717576345951005e-9,7.756618693616702e-9
146.27,-4.899072522419128e-9,7.690360875834518e-9
146.28,-4.925916526181721e-9,7.623628045198874e-9
146.29,-4.952287910929758e-9,7.556426384006819e-9
146.3,-4.9781849853316924e-9,7.488762099839681e-9
146.31,-5.003606102383226e-9,7.420641425867523e-9
146.32,-5.028549658176023e-9,7.3520706174087964e-9
146.33,-5.0530140942117526e-9,7.283055956790504e-9
146.34,-5.076997895214032e-9,7.21360374726545e-9
146.35,-5.100499590345564e-9,7.1437203157093455e-9
146.36,-5.1235177531866176e-9,7.073412010845722e-9
146.37,-5.146051001027939e-9,7.002685203236341e-9
146.38,-5.16809799688772e-9,6.931546284297037e-9
146.39,-5.189657446718545e-9,6.8600016661280595e-9
146.4,-5.210728101874837e-9,6.7880577799260904e-9
146.41,-5.231308758088928e-9,6.7157210793957895e-9
146.42,-5.251398255493325e-9,6.642998032516207e-9
146.43,-5.2709954787836344e-9,6.569895128641263e-9
146.44,-5.29009935749916e-9,6.4964188741895274e-9
146.45,-5.308708865674911e-9,6.4225757926861785e-9
146.46,-5.326823022495305e-9,6.348372424331562e-9
146.47,-5.3444408904483516e-9,6.2738153254675216e-9
146.48,-5.361561578619983e-9,6.198911068016646e-9
146.49,-5.37818423987391e-9,6.123666238793314e-9
146.5,-5.394308071184707e-9,6.048087439153195e-9
146.51,-5.4099323156411475e-9,5.972181284218759e-9
146.52,-5.4250562601910665e-9,5.895954402614286e-9
146.53,-5.439679236138403e-9,5.819413435788744e-9
146.54,-5.453800620768529e-9,5.742565037062746e-9
146.55,-5.46741983499225e-9,5.665415871774607e-9
146.56,-5.480536344728245e-9,5.587972616375707e-9
146.57,-5.493149660763588e-9,5.510241957600301e-9
146.58,-5.505259338330503e-9,5.432230592932213e-9
146.59,-5.516864977501663e-9,5.353945227583862e-9
146.6,-5.527966222325462e-9,5.275392577924756e-9
146.61,-5.538562762288721e-9,5.196579367406103e-9
146.62,-5.5486543308771646e-9,5.117512327267781e-9
146.63,-5.5582407060022416e-9,5.038198196378346e-9
146.64,-5.567321710051029e-9,4.958643720225003e-9
146.65,-5.57589721018082e-9,4.8788556504589096e-9
146.66,-5.583967117322016e-9,4.798840744057697e-9
146.67,-5.591531386599229e-9,4.718605763245907e-9
146.68,-5.598590018572945e-9,4.638157475122651e-9
146.69,-5.605143056102604e-9,4.5575026500395695e-9
146.7,-5.6111905870554755e-9,4.476648062337947e-9
146.71,-5.616732744422181e-9,4.395600488729879e-9
146.72,-5.621769702675725e-9,4.314366708493041e-9
146.73,-5.626301682030375e-9,4.232953502904276e-9
146.74,-5.630328945377267e-9,4.1513676541520074e-9
146.75,-5.63385180024821e-9,4.069615945255426e-9
146.76,-5.636870597471307e-9,3.987705158375247e-9
146.77,-5.6393857297531736e-9,3.9056420787639506e-9
146.78,-5.641397636163156e-9,3.8234334857014285e-9
146.79,-5.642906796585872e-9,3.741086160175825e-9
146.8,-5.643913735387665e-9,3.6586068807268806e-9
146.81,-5.644419019486255e-9,3.576002422574058e-9
146.82,-5.644423258643455e-9,3.4932795590067995e-9
146.83,-5.643927105702077e-9,3.4104450584297534e-9
146.84,-5.6429312563148135e-9,3.327505686010056e-9
146.85,-5.641436448064078e-9,3.2444682020647544e-9
146.86,-5.639443463454018e-9,3.161339360594056e-9
146.87,-5.6369531232840815e-9,3.0781259117943402e-9
146.88,-5.633966293652795e-9,2.994834598021552e-9
146.89,-5.6304838814261476e-9,2.9114721556789807e-9
146.9,-5.626506836162256e-9,2.8280453132177623e-9
146.91,-5.62203614892289e-9,2.7445607917408284e-9
146.92,-5.617072851837837e-9,2.661025303809417e-9
146.93,-5.611618019273684e-9,2.5774455529507975e-9
146.94,-5.605672766637432e-9,2.493828233162164e-9
146.95,-5.599238250493373e-9,2.410180029795744e-9
146.96,-5.59231566846164e-9,2.326507615476137e-9
146.97,-5.584906259394417e-9,2.24281765395047e-9
146.98,-5.577011302155269e-9,2.159116796449809e-9
146.99,-5.568632116562487e-9,2.07541168203959e-9
147.0,-5.559770062653409e-9,1.9917089384037025e-9
147.01,-5.550426540740142e-9,1.9080151789776327e-9
147.02,-5.540602990762044e-9,1.8243370048566433e-9
147.03,-5.5303008927637046e-9,1.740681002721018e-9
147.04,-5.51952176744503e-9,1.6570537430872908e-9
147.05,-5.508267172478744e-9,1.5734617849756067e-9
147.06,-5.4965387072308545e-9,1.4899116689214705e-9
147.07,-5.4843380083378514e-9,1.4064099211652017e-9
147.08,-5.471666752604157e-9,1.322963050208696e-9
147.09,-5.458526654497722e-9,1.2395775488269671e-9
147.1,-5.444919467750847e-9,1.1562598915426565e-9
147.11,-5.430846983562241e-9,1.0730165351940713e-9
147.12,-5.416311032123977e-9,9.898539184518278e-10
147.13,-5.401313479648783e-9,9.067784608123946e-10
147.14,-5.3858562323527434e-9,8.237965624837766e-10
147.15,-5.369941231949725e-9,7.409146038324532e-10
147.16,-5.353570458490268e-9,6.581389448977831e-10
147.17,-5.336745927397656e-9,5.754759253515719e-10
147.18,-5.319469692845539e-9,4.929318630538289e-10
147.19,-5.301743844084986e-9,4.105130544399432e-10
147.2,-5.283570507161924e-9,3.2822577375433187e-10
147.21,-5.264951843581522e-9,2.4607627263263457e-10
147.22,-5.2458900510669554e-9,1.6407077969507496e-10
147.23,-5.226387363109344e-9,8.221549984757122e-11
147.24,-5.2064460475923e-9,5.166142548443761e-13
147.25,-5.186068408399595e-9,-8.101972050715267e-11
147.26,-5.165256783499518e-9,-1.6238737272729726e-10
147.27,-5.14401354579974e-9,-2.4358023577681887e-10
147.28,-5.122341102110458e-9,-3.245922290588611e-10
147.29,-5.100241893644807e-9,-4.054172980599082e-10
147.3,-5.077718394970021e-9,-4.860494148478986e-10
147.31,-5.054773114930532e-9,-5.664825788740134e-10
147.32,-5.031408594565853e-9,-6.467108164620394e-10
147.33,-5.007627408172048e-9,-7.267281820212507e-10
147.34,-4.983432162568154e-9,-8.065287586704209e-10
147.35,-4.958825499405498e-9,-8.86106657988582e-10
147.36,-4.933810088302887e-9,-9.654560206577762e-10
147.37,-4.908388633168466e-9,-1.0445710168336596e-9
147.38,-4.882563869575804e-9,-1.1234458471631994e-9
147.39,-4.856338564001198e-9,-1.2020747419361366e-9
147.4,-4.829715513865548e-9,-1.280451962891529e-9
147.41,-4.8026975471066434e-9,-1.3585718026283744e-9
147.42,-4.7752875227190395e-9,-1.4364285852067095e-9
147.43,-4.747488329253044e-9,-1.5140166667296393e-9
147.44,-4.71930288631123e-9,-1.5913304363990305e-9
147.45,-4.690734140735895e-9,-1.6683643146054794e-9
147.46,-4.661785071362488e-9,-1.745112756515465e-9
147.47,-4.632458683733021e-9,-1.8215702495824657e-9
147.48,-4.602758013648565e-9,-1.8977313159080296e-9
147.49,-4.572686124468056e-9,-1.973590511235372e-9
147.5,-4.5422461075627875e-9,-2.0491424265160704e-9
147.51,-4.511441082645012e-9,-2.1243816874695697e-9
147.52,-4.480274196245551e-9,-2.199302955182368e-9
147.53,-4.448748622686481e-9,-2.273900926015773e-9
147.54,-4.416867562590794e-9,-2.3481703331477488e-9
147.55,-4.384634243084507e-9,-2.4221059456596584e-9
147.56,-4.352051917828583e-9,-2.495702569533995e-9
147.57,-4.319123865886383e-9,-2.568955047846094e-9
147.58,-4.285853392553453e-9,-2.6418582614565376e-9
147.59,-4.252243827953885e-9,-2.7144071282590067e-9
147.6,-4.2182985268943815e-9,-2.7865966049945865e-9
147.61,-4.184020868903161e-9,-2.858421686478764e-9
147.62,-4.149414258633882e-9,-2.92987740625276e-9
147.63,-4.114482123170494e-9,-3.0009588373356067e-9
147.64,-4.0792279142042565e-9,-3.0716610916517347e-9
147.65,-4.043655106398546e-9,-3.1419793214212437e-9
147.66,-4.007767197689978e-9,-3.211908718324287e-9
147.67,-3.971567707743824e-9,-3.2814445147035212e-9
147.68,-3.935060179536254e-9,-3.3505819835469256e-9
147.69,-3.898248177373406e-9,-3.4193164388568848e-9
147.7,-3.861135287748535e-9,-3.487643235793496e-9
147.71,-3.823725116699095e-9,-3.555557770367704e-9
147.72,-3.7860212936679805e-9,-3.6230554818445886e-9
147.73,-3.748027466969948e-9,-3.690131850619447e-9
147.74,-3.7097473055037292e-9,-3.756782399616476e-9
147.75,-3.6711844986459305e-9,-3.823002694495123e-9
147.76,-3.63234275428876e-9,-3.888788343680595e-9
147.77,-3.593225800172403e-9,-3.954134999044034e-9
147.78,-3.553837382933136e-9,-4.019038355973418e-9
147.79,-3.514181267383297e-9,-4.0834941533931466e-9
147.8,-3.4742612360470417e-9,-4.1474981738798165e-9
147.81,-3.434081090567771e-9,-4.211046245085772e-9
147.82,-3.3936446489465517e-9,-4.2741342383538956e-9
147.83,-3.3529557468615484e-9,-4.336758070342871e-9
147.84,-3.312018235385048e-9,-4.39891370204626e-9
147.85,-3.2708359842838647e-9,-4.460597140333905e-9
147.86,-3.2294128773119e-9,-4.5218044370539555e-9
147.87,-3.187752814882969e-9,-4.582531689837089e-9
147.88,-3.1458597122074637e-9,-4.642775042001856e-9
147.89,-3.1037374999777285e-9,-4.7025306837168e-9
147.9,-3.0613901228956545e-9,-4.761794850415683e-9
147.91,-3.0188215401249605e-9,-4.820563824601566e-9
147.92,-2.9760357247198053e-9,-4.878833935555928e-9
147.93,-2.933036663624917e-9,-4.936601559573266e-9
147.94,-2.8898283560786898e-9,-4.993863119746854e-9
147.95,-2.8464148146702738e-9,-5.050615086657465e-9
147.96,-2.8028000643336866e-9,-5.106853978425674e-9
147.97,-2.7589881415828856e-9,-5.162576360860546e-9
147.98,-2.71498309590191e-9,-5.21777884780644e-9
147.99,-2.670788986439576e-9,-5.272458100983942e-9
148.0,-2.6264098842530146e-9,-5.326610830403502e-9
148.01,-2.581849870505473e-9,-5.380233794597888e-9
148.02,-2.5371130380843283e-9,-5.4333238000942005e-9
148.03,-2.492203487189176e-9,-5.4858777031846166e-9
148.04,-2.4471253291934556e-9,-5.537892408363116e-9
148.05,-2.4018826844401987e-9,-5.589364869097565e-9
148.06,-2.3564796815922697e-9,-5.640292088597499e-9
148.07,-2.310920458165888e-9,-5.690671118646818e-9
148.08,-2.2652091592931447e-9,-5.740499061209158e-9
148.09,-2.2193499380288045e-9,-5.78977306762557e-9
148.1,-2.173346955134383e-9,-5.8384903387247034e-9
148.11,-2.1272043759256486e-9,-5.886648125477874e-9
148.12,-2.080926375999647e-9,-5.934243728872485e-9
148.13,-2.0345171343553243e-9,-5.9812744997220075e-9
148.14,-1.9879808370958417e-9,-6.027737839350157e-9
148.15,-1.94132167486194e-9,-6.073631199354041e-9
148.16,-1.894543844437993e-9,-6.118952081834193e-9
148.17,-1.847651546256348e-9,-6.1636980391372155e-9
148.18,-1.800648985905409e-9,-6.207866674623465e-9
148.19,-1.7535403720098577e-9,-6.2514556426207024e-9
148.2,-1.706329918610681e-9,-6.294462646354689e-9
148.21,-1.659021840350619e-9,-6.336885442842533e-9
148.22,-1.611620357086117e-9,-6.378721838810796e-9
148.23,-1.5641296898613036e-9,-6.419969691299308e-9
148.24,-1.5165540622260857e-9,-6.460626909441859e-9
148.25,-1.4688976998203207e-9,-6.500691453046005e-9
148.26,-1.4211648292926713e-9,-6.540161333724005e-9
148.27,-1.3733596782741984e-9,-6.579034613858237e-9
148.28,-1.3254864766751148e-9,-6.617309407571565e-9
148.29,-1.2775494494496846e-9,-6.654983880157792e-9
148.3,-1.2295528293479697e-9,-6.692056248830623e-9
148.31,-1.1815008430290032e-9,-6.728524781632427e-9
148.32,-1.1333977182223159e-9,-6.764387798761148e-9
148.33,-1.0852476814545365e-9,-6.799643671701699e-9
148.34,-1.037054957336632e-9,-6.834290823604858e-9
148.35,-9.888237693797495e-10,-6.868327729417807e-9
148.36,-9.405583381729408e-10,-6.901752915730495e-9
148.37,-8.922628822984312e-10,-6.934564960831578e-9
148.38,-8.439416160893735e-10,-6.966762493365724e-9
148.39,-7.955987527321458e-10,-6.998344196366981e-9
148.4,-7.472384997949485e-10,-7.029308802865809e-9
148.41,-6.98865062378004e-10,-7.059655097281707e-9
148.42,-6.504826398399102e-10,-7.0893819166715986e-9
148.43,-6.02095428008603e-10,-7.118488149324837e-9
148.44,-5.537076163100044e-10,-7.146972735374615e-9
148.45,-5.053233903705202e-10,-7.174834666533888e-9
148.46,-4.569469286174411e-10,-7.202072986248708e-9
148.47,-4.085824046152114e-10,-7.228686789364549e-9
148.48,-3.6023398416092983e-10,-7.2546752223486865e-9
148.49,-3.119058267766893e-10,-7.2800374838481314e-9
148.5,-2.636020858966815e-10,-7.304772823070656e-9
148.51,-2.1532690508038653e-10,-7.328880541345941e-9
148.52,-1.6708442217368054e-10,-7.352359991256797e-9
148.53,-1.1887876591198088e-10,-7.3752105768956775e-9
148.54,-7.07140565121913e-11,-7.397431753499215e-9
148.55,-2.2594405535635047e-11,-7.419023027482063e-9
148.56,2.5476085381667672e-11,-7.439983956831878e-9
148.57,7.349332315004499e-11,-7.460314150571187e-9
148.58,1.2145322498952e-10,-7.480013268744326e-9
148.59,1.6935171884761878e-10,-7.499081022095664e-9
148.6,2.171847423928065e-10,-7.517517172994212e-9
148.61,2.649482454546045e-10,-7.53532153385396e-9
148.62,3.126381869697665e-10,-7.552493968800033e-9
148.63,3.602505400472545e-10,-7.569034391887885e-9
148.64,4.0778128741572824e-10,-7.584942767092038e-9
148.65,4.552264263662736e-10,-7.60021911205518e-9
148.66,5.02581964432269e-10,-7.614863490300138e-9
148.67,5.498439229559918e-10,-7.62887601886648e-9
148.68,5.970083374358193e-10,-7.642256863323547e-9
148.69,6.440712553178904e-10,-7.65500624050799e-9
148.7,6.910287386847125e-10,-7.667124416371107e-9
148.71,7.378768639437134e-10,-7.678611707149219e-9
148.72,7.846117214911537e-10,-7.689468478214295e-9
148.73,8.312294176262415e-10,-7.699695145107522e-9
148.74,8.777260707882168e-10,-7.709292172768644e-9
148.75,9.240978189955623e-10,-7.718260075006215e-9
148.76,9.703408132303755e-10,-7.726599415083721e-9
148.77,1.0164512213909598e-9,-7.734310805381711e-9
148.78,1.0624252274937923e-9,-7.741394907029184e-9
148.79,1.1082590321836574e-9,-7.747852429793033e-9
148.8,1.1539488533163048e-9,-7.7536841322292e-9
148.81,1.1994909256675983e-9,-7.758890821323889e-9
148.82,1.2448815008508915e-9,-7.763473352279411e-9
148.83,1.290116851791711e-9,-7.767432628281917e-9
148.84,1.3351932646526842e-9,-7.770769600349272e-9
148.85,1.3801070468965046e-9,-7.773485267820471e-9
148.86,1.4248545241757159e-9,-7.775580677131576e-9
148.87,1.4694320412160299e-9,-7.777056922250363e-9
148.88,1.5138359620408572e-9,-7.7779151443543e-9
148.89,1.5580626698675957e-9,-7.778156531795574e-9
148.9,1.6021085686965176e-9,-7.77778231938643e-9
148.91,1.6459700819511116e-9,-7.776793788649426e-9
148.92,1.6896436522575265e-9,-7.775192269516553e-9
148.93,1.7331257462478418e-9,-7.77297913475539e-9
148.94,1.7764128483084433e-9,-7.770155805470686e-9
148.95,1.8195014658272205e-9,-7.76672374836157e-9
148.96,1.862388127208264e-9,-7.762684475128095e-9
148.97,1.905069382507502e-9,-7.758039543829899e-9
148.98,1.9475418039746974e-9,-7.752790556807829e-9
148.99,1.9898019863422796e-9,-7.746939162581972e-9
149.0,2.031846545782897e-9,-7.740487053369266e-9
149.01,2.073672124741483e-9,-7.733435965720805e-9
149.02,2.1152753836387856e-9,-7.725787682215964e-9
149.03,2.156653010141746e-9,-7.717544027844533e-9
149.04,2.1978017137966514e-9,-7.708706872437143e-9
149.05,2.23871822866725e-9,-7.699278129016683e-9
149.06,2.2793993127923233e-9,-7.689259754225394e-9
149.07,2.3198417479343454e-9,-7.678653747759543e-9
149.08,2.3600423413773005e-9,-7.66746215228026e-9
149.09,2.3999979247617163e-9,-7.655687053032932e-9
149.1,2.439705354244824e-9,-7.643330577796053e-9
149.11,2.4791615124408775e-9,-7.630394896295633e-9
149.12,2.5183633067452065e-9,-7.61688222050085e-9
149.13,2.5573076703336697e-9,-7.602794803830274e-9
149.14,2.5959915619917034e-9,-7.588134940753544e-9
149.15,2.6344119674489863e-9,-7.57290496761961e-9
149.16,2.6725658990643507e-9,-7.557107260643051e-9
149.17,2.7104503944169114e-9,-7.54074423785784e-9
149.18,2.7480625195424374e-9,-7.52381835594369e-9
149.19,2.7853993660791993e-9,-7.506332113569871e-9
149.2,2.822458054525515e-9,-7.48828804733401e-9
149.21,2.859235731405119e-9,-7.469688734404703e-9
149.22,2.895729571579841e-9,-7.450536790709402e-9
149.23,2.931936778694299e-9,-7.430834871066811e-9
149.24,2.9678545827894573e-9,-7.410585668781152e-9
149.25,3.003480243306049e-9,-7.389791915929395e-9
149.26,3.038811047458352e-9,-7.368456382283501e-9
149.27,3.0738443121132403e-9,-7.346581875232248e-9
149.28,3.108577382374701e-9,-7.324171239654133e-9
149.29,3.143007632350883e-9,-7.301227357590516e-9
149.3,3.177132465650279e-9,-7.277753147855593e-9
149.31,3.2109493146569483e-9,-7.253751565689649e-9
149.32,3.244455643835118e-9,-7.229225602715843e-9
149.33,3.2776489435980545e-9,-7.20417828616155e-9
149.34,3.310526736838741e-9,-7.178612678891218e-9
149.35,3.343086576057143e-9,-7.152531879186209e-9
149.36,3.375326043900277e-9,-7.125939020387594e-9
149.37,3.407242753671216e-9,-7.098837269547125e-9
149.38,3.4388343492759783e-9,-7.07122982900267e-9
149.39,3.4700985052156295e-9,-7.043119934569305e-9
149.4,3.501032927146649e-9,-7.014510855211361e-9
149.41,3.5316353513486843e-9,-6.98540589547126e-9
149.42,3.561903546118317e-9,-6.955808389549436e-9
149.43,3.591835310582591e-9,-6.925721706274914e-9
149.44,3.6214284758362497e-9,-6.895149246661925e-9
149.45,3.6506809040879964e-9,-6.864094442917121e-9
149.46,3.679590489717654e-9,-6.8325607596914735e-9
149.47,3.7081551590446507e-9,-6.800551692662871e-9
149.48,3.736372870312292e-9,-6.76807076820533e-9
149.49,3.764241614350296e-9,-6.7351215435882454e-9
149.5,3.791759414112167e-9,-6.701707605414348e-9
149.51,3.818924324937552e-9,-6.667832571806158e-9
149.52,3.845734434493152e-9,-6.633500089388777e-9
149.53,3.87218786427207e-9,-6.598713834085757e-9
149.54,3.898282767314936e-9,-6.56347751032622e-9
149.55,3.924017330261974e-9,-6.527794852177017e-9
149.56,3.949389772478931e-9,-6.491669620601866e-9
149.57,3.974398346840244e-9,-6.4551056049726975e-9
149.58,3.999041339199541e-9,-6.418106622291633e-9
149.59,4.023317069748892e-9,-6.380676514918034e-9
149.6,4.047223890168177e-9,-6.34281915469462e-9
149.61,4.0707601872829685e-9,-6.304538437691715e-9
149.62,4.093924381259437e-9,-6.265838286674583e-9
149.63,4.116714925781957e-9,-6.2267226500681715e-9
149.64,4.139130308166507e-9,-6.187195501088505e-9
149.65,4.161169050228157e-9,-6.14726083807875e-9
149.66,4.182829707453842e-9,-6.106922683778462e-9
149.67,4.204110868493443e-9,-6.066185085960665e-9
149.68,4.225011159541366e-9,-6.025052113440846e-9
149.69,4.245529236095132e-9,-5.983527861907183e-9
149.7,4.265663791042958e-9,-5.941616447865871e-9
149.71,4.285413551212224e-9,-5.899322010834274e-9
149.72,4.304777277044448e-9,-5.856648712984246e-9
149.73,4.3237537648122244e-9,-5.813600737456288e-9
149.74,4.3423418435467594e-9,-5.7701822899473815e-9
149.75,4.360540378279045e-9,-5.726397596573891e-9
149.76,4.378348267981306e-9,-5.682250904095748e-9
149.77,4.395764446484174e-9,-5.6377464805286804e-9
149.78,4.4127878826113696e-9,-5.592888612377359e-9
149.79,4.429417579286869e-9,-5.5476816069509316e-9
149.8,4.445652574841643e-9,-5.5021297900813784e-9
149.81,4.461491942140357e-9,-5.456237506340633e-9
149.82,4.476934788911789e-9,-5.410009119385432e-9
149.83,4.491980257988782e-9,-5.363449010173003e-9
149.84,4.506627526994807e-9,-5.316561577557372e-9
149.85,4.520875808004448e-9,-5.2693512378911696e-9
149.86,4.534724349690898e-9,-5.221822423617352e-9
149.87,4.548172433353961e-9,-5.173979584513488e-9
149.88,4.561219376890604e-9,-5.125827186048416e-9
149.89,4.57386453276021e-9,-5.07736970915985e-9
149.9,4.5861072891146174e-9,-5.028611650554462e-9
149.91,4.597947067536038e-9,-4.979557521339008e-9
149.92,4.609383325907807e-9,-4.930211847466101e-9
149.93,4.6204155571860094e-9,-4.880579168712632e-9
149.94,4.631043288459022e-9,-4.830664038769861e-9
149.95,4.641266082808206e-9,-4.780471024933594e-9
149.96,4.651083537170116e-9,-4.730004706790137e-9
149.97,4.6604952846079645e-9,-4.679269677087229e-9
149.98,4.669500993537923e-9,-4.628270539417736e-9
149.99,4.678100364224605e-9,-4.577011912030444e-9
150.0,4.6862931359957e-9,-4.525498420860264e-9
150.01,4.6940790805920384e-9,-4.473734705428962e-9
150.02,4.7014580054948415e-9,-4.421725414614106e-9
150.03,4.708429752340804e-9,-4.369475207722995e-9
150.04,4.7149941985533895e-9,-4.316988754037071e-9
150.05,4.721151255479536e-9,-4.264270732013207e-9
150.06,4.726900869804947e-9,-4.211325829343787e-9
150.07,4.732243021848151e-9,-4.158158742370113e-9
150.08,4.737177729037605e-9,-4.104774173948675e-9
150.09,4.741705040431004e-9,-4.05117683770111e-9
150.1,4.745825041310514e-9,-3.997371452570433e-9
150.11,4.749537851161514e-9,-3.9433627450115e-9
150.12,4.752843623827656e-9,-3.889155448080925e-9
150.13,4.7557425477583814e-9,-3.834754301231762e-9
150.14,4.758234845352623e-9,-3.780164049572661e-9
150.15,4.760320773701834e-9,-3.725389443575309e-9
150.16,4.762000625008533e-9,-3.6704352386028968e-9
150.17,4.7632747209832e-9,-3.6153061960378942e-9
150.18,4.764143424405993e-9,-3.5600070789927366e-9
150.19,4.764607127036252e-9,-3.5045426566163365e-9
150.2,4.76466625646459e-9,-3.4489177005206513e-9
150.21,4.764321273392333e-9,-3.393136985656898e-9
150.22,4.7635726726698086e-9,-3.337205289736687e-9
150.23,4.762420982370235e-9,-3.2811273927400515e-9
150.24,4.760866764509415e-9,-3.2249080762563306e-9
150.25,4.758910613578116e-9,-3.1685521248594885e-9
150.26,4.7565531610706344e-9,-3.1120643200074983e-9
150.27,4.7537950660931635e-9,-3.0554494497603456e-9
150.28,4.750637024662823e-9,-2.998712299017158e-9
150.29,4.74707976525708e-9,-2.941857653073752e-9
150.3,4.743124048920611e-9,-2.8848902972481228e-9
150.31,4.7387706697459485e-9,-2.8278150159584886e-9
150.32,4.734020454286812e-9,-2.7706365924351153e-9
150.33,4.7288742622972336e-9,-2.7133598081159e-9
150.34,4.723332985525565e-9,-2.655989443048188e-9
150.35,4.717397548272239e-9,-2.598530273855e-9
150.36,4.711068907196828e-9,-2.540987076047126e-9
150.37,4.70434805158197e-9,-2.4833646208543732e-9
150.38,4.697236000865739e-9,-2.425667676376011e-9
150.39,4.68973380867406e-9,-2.3679010071384673e-9
150.4,4.6818425594567825e-9,-2.3100693729671328e-9
150.41,4.673563368927306e-9,-2.2521775296098734e-9
150.42,4.6648973850166765e-9,-2.194230227351217e-9
150.43,4.655845786155869e-9,-2.136232211517933e-9
150.44,4.646409782866161e-9,-2.0781882219365578e-9
150.45,4.636590615824445e-9,-2.020102991730334e-9
150.46,4.626389557939911e-9,-1.9619812478608715e-9
150.47,4.615807911172433e-9,-1.9038277106160597e-9
150.48,4.604847009572289e-9,-1.8456470929425058e-9
150.49,4.5935082170666345e-9,-1.7874441004020127e-9
150.5,4.58179292788227e-9,-1.7292234304432984e-9
150.51,4.5697025662936755e-9,-1.6709897728034866e-9
150.52,4.557238586647722e-9,-1.6127478079612223e-9
150.53,4.544402473971734e-9,-1.5545022070211775e-9
150.54,4.531195741310112e-9,-1.4962576330491879e-9
150.55,4.517619932575003e-9,-1.4380187384245007e-9
150.56,4.503676620022751e-9,-1.3797901660339274e-9
150.57,4.4893674060883034e-9,-1.3215765477052809e-9
150.58,4.4746939215903326e-9,-1.2633825051080475e-9
150.59,4.459657825822852e-9,-1.2052126483876033e-9
150.6,4.444260807530279e-9,-1.1470715766778272e-9
150.61,4.428504582500634e-9,-1.0889638770304938e-9
150.62,4.412390898296255e-9,-1.0308941237004848e-9
150.63,4.3959215256618945e-9,-9.728668798446531e-10
150.64,4.379098266370546e-9,-9.148866947415387e-10
150.65,4.361922949081841e-9,-8.569581049163666e-10
150.66,4.3443974300034125e-9,-7.990856331264034e-10
150.67,4.326523592829558e-9,-7.412737884332498e-10
150.68,4.308303348070473e-9,-6.835270657680784e-10
150.69,4.2897386335795145e-9,-6.258499453048018e-10
150.7,4.270831413561755e-9,-5.682468921333185e-10
150.71,4.251583678673479e-9,-5.107223578874887e-10
150.72,4.2319974463309604e-9,-4.532807759305688e-10
150.73,4.212074759833934e-9,-3.9592656584460677e-10
150.74,4.191817688359485e-9,-3.3866413003353493e-10
150.75,4.171228326772929e-9,-2.814978551171043e-10
150.76,4.1503087955144815e-9,-2.244321104282815e-10
150.77,4.129061240502965e-9,-1.67471248394521e-10
150.78,4.107487831982172e-9,-1.1061960404483976e-10
150.79,4.085590766202594e-9,-5.3881494854656633e-11
150.8,4.063372262555278e-9,2.7387814012618957e-12
150.81,4.040834566291027e-9,5.923694241270884e-11
150.82,4.017979946237356e-9,1.1560872690732777e-10
150.83,3.994810694928299e-9,1.718498914487319e-10
150.84,3.9713291289554676e-9,2.2795621243387512e-10
150.85,3.947537588439154e-9,2.83923485618529e-10
150.86,3.923438436841881e-9,3.3974752657982204e-10
150.87,3.899034059919065e-9,3.954241712155911e-10
150.88,3.874326866699358e-9,4.5094927587787e-10
150.89,3.849319291256001e-9,5.063187177588269e-10
150.9,3.824013785063679e-9,5.615283949889922e-10
150.91,3.7984128256825654e-9,6.16574226970071e-10
150.92,3.772518910734172e-9,6.714521549079057e-10
150.93,3.746334559938004e-9,7.261581418955441e-10
150.94,3.7198623148994493e-9,7.806881732335406e-10
150.95,3.6931047377535504e-9,8.350382565663122e-10
150.96,3.666064411512402e-9,8.892044223371217e-10
150.97,3.638743941091352e-9,9.431827242629584e-10
150.98,3.6111459486364302e-9,9.969692389953898e-10
150.99,3.5832730806929245e-9,1.0505600670814903e-9
151.0,3.5551280009689198e-9,1.1039513325744535e-9
151.01,3.526713393672606e-9,1.1571391838904468e-9
151.02,3.498031961935002e-9,1.2101197936676672e-9
151.03,3.469086428631873e-9,1.2628893591147524e-9
151.04,3.439879535520309e-9,1.3154441024581002e-9
151.05,3.4104140426617545e-9,1.3677802709125206e-9
151.06,3.380692728830523e-9,1.4198941372820733e-9
151.07,3.350718390287316e-9,1.471781999862551e-9
151.08,3.3204938424005693e-9,1.523440182507704e-9
151.09,3.2900219167576754e-9,1.5748650359241658e-9
151.1,3.259305463443723e-9,1.626052936588032e-9
151.11,3.2283473489028155e-9,1.6770002874897475e-9
151.12,3.197150456800544e-9,1.7277035188950562e-9
151.13,3.1657176872678935e-9,1.7781590881584547e-9
151.14,3.134051956636513e-9,1.8283634794119168e-9
151.15,3.1021561968911227e-9,1.8783132043788817e-9
151.16,3.0700333573094305e-9,1.928004803535289e-9
151.17,3.0376864005145305e-9,1.977434843906877e-9
151.18,3.005118305995989e-9,2.0265999214426084e-9
151.19,2.97233206728215e-9,2.075496660582977e-9
151.2,2.939330693100451e-9,2.124121714005853e-9
151.21,2.9061172064991335e-9,2.1724717636841318e-9
151.22,2.8726946442619e-9,2.2205435200716614e-9
151.23,2.8390660575700478e-9,2.268333723373338e-9
151.24,2.805234510961624e-9,2.3158391432179584e-9
151.25,2.771203081993029e-9,2.363056578413744e-9
151.26,2.7369748617006855e-9,2.409982858093152e-9
151.27,2.702552953765409e-9,2.456614841073839e-9
151.28,2.667940474020458e-9,2.5029494169622092e-9
151.29,2.6331405515065693e-9,2.5489835050407906e-9
151.3,2.5981563256715322e-9,2.5947140555831996e-9
151.31,2.562990948615825e-9,2.640138050041453e-9
151.32,2.5276475834741636e-9,2.685252500053971e-9
151.33,2.4921294049127547e-9,2.7300544491975726e-9
151.34,2.4564395973631386e-9,2.774540971587445e-9
151.35,2.4205813571108333e-9,2.8187091736005306e-9
151.36,2.384557889685014e-9,2.862556192783683e-9
151.37,2.348372410990903e-9,2.906079198625872e-9
151.38,2.3120281458844672e-9,2.949275392573888e-9
151.39,2.2755283300306025e-9,2.9921420084907333e-9
151.4,2.238876206989109e-9,3.034676312292973e-9
151.41,2.202075029314598e-9,3.076875602645357e-9
151.42,2.165128058674762e-9,3.1187372102753723e-9
151.43,2.1280385642499723e-9,3.160258499195164e-9
151.44,2.090809823771593e-9,3.201436866267837e-9
151.45,2.0534451223073136e-9,3.2422697412521946e-9
151.46,2.0159477520170518e-9,3.282754587128654e-9
151.47,1.978321013013253e-9,3.3228889002566993e-9
151.48,1.940568211476964e-9,3.3626702106277455e-9
151.49,1.902692660295805e-9,3.402096081276804e-9
151.5,1.8646976788386384e-9,3.4411641100317026e-9
151.51,1.8265865920730216e-9,3.4798719272165062e-9
151.52,1.7883627308241e-9,3.5182171980616087e-9
151.53,1.7500294311161303e-9,3.556197621875927e-9
151.54,1.7115900346912593e-9,3.593810931519673e-9
151.55,1.6730478871446069e-9,3.63105489459733e-9
151.56,1.6344063388965828e-9,3.667927313440886e-9
151.57,1.5956687453200836e-9,3.70442602460156e-9
151.58,1.5568384646700673e-9,3.7405488989157006e-9
151.59,1.5179188595189642e-9,3.776293842566083e-9
151.6,1.4789132957805596e-9,3.811658796406725e-9
151.61,1.4398251420060003e-9,3.846641736140958e-9
151.62,1.400657769560012e-9,3.881240672099459e-9
151.63,1.3614145534113056e-9,3.915453650576381e-9
151.64,1.3220988678511071e-9,3.949278752454871e-9
151.65,1.2827140946583156e-9,3.982714093913298e-9
151.66,1.2432636108015906e-9,4.015757826862513e-9
151.67,1.2037507983778688e-9,4.048408138357119e-9
151.68,1.1641790396028959e-9,4.080663250934183e-9
151.69,1.1245517178495147e-9,4.112521422831136e-9
151.7,1.0848722166109279e-9,4.1439809481394345e-9
151.71,1.0451439197598495e-9,4.175040156141806e-9
151.72,1.0053702108722627e-9,4.205697411995867e-9
151.73,9.655544734933102e-10,4.235951117489352e-9
151.74,9.257000905199642e-10,4.2657997094190525e-9
151.75,8.85810443448248e-10,4.295241660645951e-9
151.76,8.458889133386796e-10,4.324275480226324e-9
151.77,8.059388793010154e-10,4.352899713294877e-9
151.78,7.659637182473218e-10,4.3811129407067765e-9
151.79,7.259668059983992e-10,4.4089137798847854e-9
151.8,6.859515154857005e-10,4.4363008841201695e-9
151.81,6.459212172317763e-10,4.463272943133755e-9
151.82,6.058792785327721e-10,4.4898286823790685e-9
151.83,5.658290640765423e-10,4.515966864631538e-9
151.84,5.257739342160858e-10,4.541686287095217e-9
151.85,4.857172471192945e-10,4.5669857855607394e-9
151.86,4.456623552458208e-10,4.591864230224949e-9
151.87,4.056126079913167e-10,4.616320528572234e-9
151.88,3.6557134931118435e-10,4.640353624016921e-9
151.89,3.2554191900866164e-10,4.6639624966886315e-9
151.9,2.8552765158779084e-10,4.687146163055276e-9
151.91,2.455318759689512e-10,4.709903675404766e-9
151.92,2.0555791599476219e-10,4.732234123200564e-9
151.93,1.6560908886536666e-10,4.754136631628116e-9
151.94,1.2568870633915284e-10,4.775610362596044e-9
151.95,8.58000725869076e-11,4.796654514619313e-9
151.96,4.594648726908484e-11,4.8172683208973266e-9
151.97,6.1312403449198745e-12,4.83745105375224e-9
151.98,-3.3642384095311866e-11,4.857202019476235e-9
151.99,-7.337110932245266e-11,4.87652056182095e-9
152.0,-1.1305166680645685e-10,4.895406060363485e-9
152.01,-1.5268079561439914e-10,4.913857931217928e-9
152.02,-1.9225524332983743e-10,4.9318756267394496e-9
152.03,-2.3177176727273325e-10,4.9494586344623535e-9
152.04,-2.7122713174447556e-10,4.96660647917252e-9
152.05,-3.106181105818691e-10,4.983318722948943e-9
152.06,-3.499414879399799e-10,4.999594960687476e-9
152.07,-3.891940567878194e-10,5.015434825997137e-9
152.08,-4.2837262019526956e-10,5.030837987442945e-9
152.09,-4.674739912237966e-10,5.045804149824868e-9
152.1,-5.064949933519221e-10,5.060333053585607e-9
152.11,-5.454324608190165e-10,5.074424475493305e-9
152.12,-5.842832385126227e-10,5.0880782273979415e-9
152.13,-6.230441821293615e-10,5.1012941585382285e-9
152.14,-6.617121603722512e-10,5.114072149486428e-9
152.15,-7.002840513035985e-10,5.126412122363688e-9
152.16,-7.387567463507321e-10,5.13831403093811e-9
152.17,-7.77127148434935e-10,5.149777865443131e-9
152.18,-8.15392173216927e-10,5.160803651458949e-9
152.19,-8.535487484409628e-10,5.171391450150281e-9
152.2,-8.91593815253575e-10,5.181541357322325e-9
152.21,-9.295243275666773e-10,5.191253504377944e-9
152.22,-9.673372526232315e-10,5.200528057380645e-9
152.23,-1.0050295713559556e-9,5.209365219084103e-9
152.24,-1.042598278373087e-9,5.217765224299786e-9
152.25,-1.080040382182454e-9,5.225728344485564e-9
152.26,-1.1173529058462944e-9,5.233254885512527e-9
152.27,-1.1545328864605293e-9,5.240345187737409e-9
152.28,-1.1915773762939987e-9,5.24699962619407e-9
152.29,-1.2284834428587942e-9,5.253218609868268e-9
152.3,-1.2652481674769768e-9,5.259002582786032e-9
152.31,-1.3018686490372008e-9,5.264352022493158e-9
152.32,-1.3383419984109904e-9,5.2692674408258126e-9
152.33,-1.3746653466514502e-9,5.2737493840343175e-9
152.34,-1.410835838027302e-9,5.277798431598822e-9
152.35,-1.4468506344281285e-9,5.2814151971342546e-9
152.36,-1.4827069131667553e-9,5.284600327689221e-9
152.37,-1.518401868481273e-9,5.28735450392669e-9
152.38,-1.5539327131920384e-9,5.2896784397612285e-9
152.39,-1.5892966743019897e-9,5.2915728825139055e-9
152.4,-1.6244909986493499e-9,5.293038612416881e-9
152.41,-1.6595129490473982e-9,5.294076443233268e-9
152.42,-1.6943598069031341e-9,5.29468722069613e-9
152.43,-1.7290288717400206e-9,5.294871823911809e-9
152.44,-1.7635174600568943e-9,5.294631164425684e-9
152.45,-1.797822908292754e-9,5.2939661861334446e-9
152.46,-1.8319425699604164e-9,5.292877865434395e-9
152.47,-1.8658738185521733e-9,5.2913672102764895e-9
152.48,-1.899614045581593e-9,5.289435261277439e-9
152.49,-1.933160662267981e-9,5.287083090896994e-9
152.5,-1.9665110985118512e-9,5.284311802634152e-9
152.51,-1.999662804657865e-9,5.28112253207002e-9
152.52,-2.0326132500993062e-9,5.277516445878172e-9
152.53,-2.0653599243084034e-9,5.2734947425649045e-9
152.54,-2.0979003367943863e-9,5.269058650769873e-9
152.55,-2.1302320175246636e-9,5.264209430420302e-9
152.56,-2.162352515984034e-9,5.258948372648691e-9
152.57,-2.194259403704538e-9,5.253276798275914e-9
152.58,-2.225950271357828e-9,5.247196059622353e-9
152.59,-2.2574227336875e-9,5.240707537219914e-9
152.6,-2.2886744223989085e-9,5.233812644200686e-9
152.61,-2.3197029930419377e-9,5.226512821793783e-9
152.62,-2.350506121833157e-9,5.2188095416201285e-9
152.63,-2.3810815075042237e-9,5.21070430441623e-9
152.64,-2.411426869455463e-9,5.202198640559485e-9
152.65,-2.4415399500557853e-9,5.193294109257475e-9
152.66,-2.4714185128290866e-9,5.183992299006417e-9
152.67,-2.5010603449409693e-9,5.174294826413535e-9
152.68,-2.530463253109903e-9,5.164203338221305e-9
152.69,-2.559625071065292e-9,5.153719507223951e-9
152.7,-2.588543651462312e-9,5.142845036075971e-9
152.71,-2.6172168715214346e-9,5.131581654968402e-9
152.72,-2.6456426316306893e-9,5.119931121493207e-9
152.73,-2.673818854530393e-9,5.107895221421225e-9
152.74,-2.701743487067018e-9,5.095475767582421e-9
152.75,-2.729414498679568e-9,5.082674600051285e-9
152.76,-2.7568298828843484e-9,5.06949358647708e-9
152.77,-2.7839876584666904e-9,5.055934618429277e-9
152.78,-2.8108858649562695e-9,5.041999618421284e-9
152.79,-2.8375225681896735e-9,5.0276905322109096e-9
152.8,-2.86389585759557e-9,5.013009332792643e-9
152.81,-2.890003846625423e-9,4.997958018506404e-9
152.82,-2.915844673259973e-9,4.982538614013884e-9
152.83,-2.941416500175303e-9,4.966753169046503e-9
152.84,-2.966717514542743e-9,4.9506037586266635e-9
152.85,-2.9917459272654898e-9,4.934092482009637e-9
152.86,-3.016499977575659e-9,4.917221466469428e-9
152.87,-3.0409779251846926e-9,4.899992859196864e-9
152.88,-3.0651780575306475e-9,4.882408834770917e-9
152.89,-3.0890986863701513e-9,4.864471591405551e-9
152.9,-3.112738149719747e-9,4.846183350425959e-9
152.91,-3.1360948098677237e-9,4.827546357906792e-9
152.92,-3.1591670556155714e-9,4.808562882592198e-9
152.93,-3.1819533007601537e-9,4.78923521658206e-9
152.94,-3.204451985273575e-9,4.769565675453605e-9
152.95,-3.226661573702153e-9,4.7495565963462006e-9
152.96,-3.2485805586825196e-9,4.729210340186165e-9
152.97,-3.270207457268555e-9,4.708529289630568e-9
152.98,-3.2915408130135576e-9,4.687515849062818e-9
152.99,-3.312579195133894e-9,4.666172444913456e-9
153.0,-3.3333212001949328e-9,4.644501525358183e-9
153.01,-3.353765450952689e-9,4.622505559345158e-9
153.02,-3.373910595144227e-9,4.600187037429326e-9
153.03,-3.393755309044533e-9,4.577548470642182e-9
153.04,-3.413298293860723e-9,4.554592390423398e-9
153.05,-3.432538278273004e-9,4.531321348854648e-9
153.06,-3.451474018168506e-9,4.507737917857624e-9
153.07,-3.470104294881818e-9,4.483844689396766e-9
153.08,-3.488427917935407e-9,4.459644274324536e-9
153.09,-3.5064437228832896e-9,4.4351393037107465e-9
153.1,-3.5241505725592694e-9,4.4103324269513935e-9
153.11,-3.541547357118699e-9,4.385226312629962e-9
153.12,-3.5586329933547216e-9,4.359823647486979e-9
153.13,-3.5754064257645596e-9,4.334127136817371e-9
153.14,-3.5918666256806407e-9,4.3081395041226585e-9
153.15,-3.60801259168045e-9,4.281863490089778e-9
153.16,-3.6238433499006097e-9,4.2553018532283695e-9
153.17,-3.63935795327662e-9,4.228457369177053e-9
153.18,-3.6545554829114396e-9,4.2013328309738716e-9
153.19,-3.6694350472505023e-9,4.173931047644186e-9
153.2,-3.683995781573316e-9,4.146254845061409e-9
153.21,-3.6982368493542657e-9,4.1183070654572515e-9
153.22,-3.712157441239642e-9,4.090090566290689e-9
153.23,-3.7257567755140245e-9,4.061608221520908e-9
153.24,-3.739034098370428e-9,4.032862919790612e-9
153.25,-3.751988682783915e-9,4.003857565834335e-9
153.26,-3.7646198310533e-9,3.9745950772128425e-9
153.27,-3.776926871246894e-9,3.94507838855414e-9
153.28,-3.788909160297077e-9,3.915310447170204e-9
153.29,-3.800566082354914e-9,3.885294215204218e-9
153.3,-3.811897049953557e-9,3.855032667937894e-9
153.31,-3.822901502652323e-9,3.824528794348034e-9
153.32,-3.833578908111111e-9,3.793785597004293e-9
153.33,-3.843928761869105e-9,3.762806090938803e-9
153.34,-3.853950587050486e-9,3.731593303843585e-9
153.35,-3.863643934147842e-9,3.7001502770888204e-9
153.36,-3.873008382533681e-9,3.6684800620918368e-9
153.37,-3.882043538480022e-9,3.6365857233930466e-9
153.38,-3.890749035734857e-9,3.6044703371377e-9
153.39,-3.899124536747086e-9,3.57213699031568e-9
153.4,-3.907169731921432e-9,3.539588781254286e-9
153.41,-3.914884337780651e-9,3.5068288190437644e-9
153.42,-3.922268100160055e-9,3.473860223058332e-9
153.43,-3.929320791850166e-9,3.4406861229613646e-9
153.44,-3.93604221408235e-9,3.407309658462219e-9
153.45,-3.942432194374106e-9,3.3737339788771474e-9
153.46,-3.948490589408497e-9,3.33996224271911e-9
153.47,-3.954217282849552e-9,3.3059976178264366e-9
153.48,-3.95961218581348e-9,3.27184328101688e-9
153.49,-3.9646752374592365e-9,3.237502416782444e-9
153.5,-3.969406403613224e-9,3.202978219230563e-9
153.51,-3.973805678947943e-9,3.1682738892698882e-9
153.52,-3.9778730848457685e-9,3.1333926365645082e-9
153.53,-3.981608669318247e-9,3.0983376768293004e-9
153.54,-3.985012509885638e-9,3.063112234334897e-9
153.55,-3.9880847094645555e-9,3.0277195394369117e-9
153.56,-3.990825399361605e-9,2.992162829392385e-9
153.57,-3.993234738211992e-9,2.9564453477291963e-9
153.58,-3.995312910495467e-9,2.9205703440588407e-9
153.59,-3.99706012973487e-9,2.884541073484564e-9
153.6,-3.998476635328474e-9,2.848360797223914e-9
153.61,-3.999562695458089e-9,2.812032780017799e-9
153.62,-4.000318600590399e-9,2.775560295459229e-9
153.63,-4.0007446748808535e-9,2.73894661685369e-9
153.64,-4.000841265014446e-9,2.7021950249833965e-9
153.65,-4.0006087452518045e-9,2.665308804019759e-9
153.66,-4.000047517017485e-9,2.628291241804075e-9
153.67,-3.999158008359126e-9,2.5911456299124726e-9
153.68,-3.997940674056307e-9,2.5538752631269245e-9
153.69,-3.996395995017493e-9,2.5164834393225585e-9
153.7,-3.994524478580105e-9,2.4789734590723433e-9
153.71,-3.992326659091636e-9,2.441348625276313e-9
153.72,-3.989803097282135e-9,2.4036122431329745e-9
153.73,-3.98695437922028e-9,2.365767619817816e-9
153.74,-3.983781117456174e-9,2.327818064096306e-9
153.75,-3.980283951310965e-9,2.2897668855423403e-9
153.76,-3.976463545406884e-9,2.251617395921847e-9
153.77,-3.972320590152393e-9,2.2133729068531792e-9
153.78,-3.9678558020632224e-9,2.1750367313628e-9
153.79,-3.963069923250233e-9,2.1366121819014317e-9
153.8,-3.957963722363975e-9,2.0981025710006103e-9
153.81,-3.952537992080891e-9,2.0595112116472415e-9
153.82,-3.946793550326321e-9,2.020841415779042e-9
153.83,-3.94073124234719e-9,1.982096494359329e-9
153.84,-3.9343519372133895e-9,1.943279757911881e-9
153.85,-3.927656528809137e-9,1.9043945148672915e-9
153.86,-3.9206459368388844e-9,1.865444072501368e-9
153.87,-3.913321105482479e-9,1.8264317361639912e-9
153.88,-3.905683003678316e-9,1.7873608088809595e-9
153.89,-3.8977326256883036e-9,1.7482345917170965e-9
153.9,-3.88947098895851e-9,1.709056382508093e-9
153.91,-3.880899137039442e-9,1.6698294763835727e-9
153.92,-3.8720181372311726e-9,1.6305571650274193e-9
153.93,-3.862829078059957e-9,1.591242738175153e-9
153.94,-3.853333078347695e-9,1.551889479205722e-9
153.95,-3.843531275580273e-9,1.5125006695980316e-9
153.96,-3.833424833403687e-9,1.473079585862559e-9
153.97,-3.823014938117588e-9,1.4336294998225563e-9
153.98,-3.812302800620143e-9,1.3941536793113151e-9
153.99,-3.8012896540712085e-9,1.354655386182879e-9
154.0,-3.789976756993964e-9,1.3151378775900158e-9
154.01,-3.778365387569408e-9,1.2756044048457975e-9
154.02,-3.766456851640561e-9,1.2360582148825277e-9
154.03,-3.754252473496728e-9,1.1965025459611274e-9
154.04,-3.741753602786583e-9,1.1569406323782601e-9
154.05,-3.728961611505524e-9,1.1173757005523904e-9
154.06,-3.715877893052552e-9,1.0778109713609861e-9
154.07,-3.7025038643720112e-9,1.0382496573028177e-9
154.08,-3.68884096397568e-9,9.98694964518335e-10
154.09,-3.6748906527082213e-9,9.591500912282651e-10
154.1,-3.6606544127080563e-9,9.196182289518909e-10
154.11,-3.6461337484282196e-9,8.801025579009587e-10
154.12,-3.6313301859786783e-9,8.406062546691324e-10
154.13,-3.6162452724746713e-9,8.011324842114806e-10
154.14,-3.600880576254132e-9,7.616844040333845e-10
154.15,-3.5852376877545775e-9,7.222651617291083e-10
154.16,-3.5693182170507224e-9,6.828778966845413e-10
154.17,-3.5531237957529576e-9,6.435257379515267e-10
154.18,-3.5366560758356866e-9,6.042118057316471e-10
154.19,-3.519916729306246e-9,5.649392102647633e-10
154.2,-3.5029074510413206e-9,5.257110497772639e-10
154.21,-3.48562995231924e-9,4.865304149956768e-10
154.22,-3.4680859663183413e-9,4.4740038438305787e-10
154.23,-3.450277245999377e-9,4.083240257516959e-10
154.24,-3.432205563723413e-9,3.69304396020802e-10
154.25,-3.4138727112710224e-9,3.3034454044938777e-10
154.26,-3.3952805006435656e-9,2.914474936206964e-10
154.27,-3.3764307611256677e-9,2.526162772644871e-10
154.28,-3.35732534262461e-9,2.1385390170332827e-10
154.29,-3.3379661120536376e-9,1.751633659882099e-10
154.3,-3.318354957103803e-9,1.3654765484849037e-10
154.31,-3.298493782156101e-9,9.80097419580177e-11
154.32,-3.278384510821231e-9,5.955258726325429e-11
154.33,-3.2580290839723643e-9,2.117913811054686e-11
154.34,-3.2374294607934645e-9,-1.710767132378058e-11
154.35,-3.216587617860853e-9,-5.530492040715398e-11
154.36,-3.195505549511392e-9,-9.340970281918784e-11
154.37,-3.1741852673648536e-9,-1.3141912502005732e-10
154.38,-3.152628799521168e-9,-1.6933030903926486e-10
154.39,-3.1308381919354557e-9,-2.0714038933050304e-10
154.4,-3.1088155068190944e-9,-2.448465164813343e-10
154.41,-3.08656282295883e-9,-2.8244585506999673e-10
154.42,-3.064082235286184e-9,-3.199355846440408e-10
154.43,-3.04137585535016e-9,-3.5731289983194836e-10
154.44,-3.0184458100340925e-9,-3.9457501064274746e-10
154.45,-2.995294242206258e-9,-4.3171914256711856e-10
154.46,-2.971923310290923e-9,-4.687425367169802e-10
154.47,-2.9483351894421825e-9,-5.05642450943567e-10
154.48,-2.9245320670791247e-9,-5.424161574537145e-10
154.49,-2.9005161481340644e-9,-5.790609459829929e-10
154.5,-2.8762896505016417e-9,-6.155741225902464e-10
154.51,-2.8518548080827078e-9,-6.519530095930207e-10
154.52,-2.827213868119426e-9,-6.881949460362031e-10
154.53,-2.8023690932316023e-9,-7.242972894030043e-10
154.54,-2.777322758270128e-9,-7.60257412120761e-10
154.55,-2.752077153676262e-9,-7.960727059159006e-10
154.56,-2.7266345800832787e-9,-8.31740577382111e-10
154.57,-2.7009973560533037e-9,-8.672584546824167e-10
154.58,-2.675167810507673e-9,-9.026237811804316e-10
154.59,-2.64914828543414e-9,-9.378340186208637e-10
154.6,-2.622941136056135e-9,-9.72886648022743e-10
154.61,-2.596548729525818e-9,-1.0077791671471604e-9
154.62,-2.5699734458369086e-9,-1.0425090938180242e-9
154.63,-2.543217676772708e-9,-1.077073964038237e-9
154.64,-2.51628382532012e-9,-1.1114713322678943e-9
154.65,-2.489174308828406e-9,-1.1456987729104627e-9
154.66,-2.4618915517774157e-9,-1.1797538786619205e-9
154.67,-2.4344379927849307e-9,-1.2136342620823613e-9
154.68,-2.4068160808211026e-9,-1.247337555057127e-9
154.69,-2.3790282753648943e-9,-1.2808614092003526e-9
154.7,-2.3510770466338303e-9,-1.314203495939067e-9
154.71,-2.322964875468505e-9,-1.3473615067168274e-9
154.72,-2.2946942518938687e-9,-1.3803331530929765e-9
154.73,-2.266267677722143e-9,-1.4131161670864433e-9
154.74,-2.237687660939813e-9,-1.4457082993549807e-9
154.75,-2.208956723433503e-9,-1.4781073242456081e-9
154.76,-2.18007739262738e-9,-1.5103110342413355e-9
154.77,-2.151052207558283e-9,-1.5423172439151048e-9
154.78,-2.1218837142383443e-9,-1.5741237879445466e-9
154.79,-2.0925744683251936e-9,-1.6057285227871115e-9
154.8,-2.063127033263237e-9,-1.6371293255751367e-9
154.81,-2.033543981234886e-9,-1.6683240950163455e-9
154.82,-2.0038278915693477e-9,-1.6993107505152149e-9
154.83,-1.9739813516242604e-9,-1.7300872363331252e-9
154.84,-1.9440069564891894e-9,-1.7606515132810003e-9
154.85,-1.913907308360234e-9,-1.7910015675385374e-9
154.86,-1.8836850160931957e-9,-1.8211354062513105e-9
154.87,-1.8533426957180377e-9,-1.8510510585851236e-9
154.88,-1.8228829695161635e-9,-1.8807465761369385e-9
154.89,-1.7923084666649507e-9,-1.9102200324890758e-9
154.9,-1.7616218219925923e-9,-1.9394695238743424e-9
154.91,-1.7308256762466426e-9,-1.968493169023726e-9
154.92,-1.6999226757679498e-9,-1.99728910875441e-9
154.93,-1.6689154729721248e-9,-2.025855507370437e-9
154.94,-1.6378067247877659e-9,-2.0541905515488408e-9
154.95,-1.606599093225387e-9,-2.082292451174387e-9
154.96,-1.5752952454850349e-9,-2.1101594382104515e-9
154.97,-1.543897852911211e-9,-2.1377897691451e-9
154.98,-1.5124095913530766e-9,-2.165181722823473e-9
154.99,-1.4808331405982134e-9,-2.1923336014421616e-9
155.0,-1.4491711842890536e-9,-2.219243730612754e-9
155.01,-1.417426410305268e-9,-2.2459104597184928e-9
155.02,-1.3856015088648848e-9,-2.272332161117369e-9
155.03,-1.353699174443936e-9,-2.2985072313993233e-9
155.04,-1.321722103411328e-9,-2.324434090391917e-9
155.05,-1.2896729961467186e-9,-2.3501111824602053e-9
155.06,-1.2575545542960478e-9,-2.3755369745853684e-9
155.07,-1.2253694825895243e-9,-2.400709958849568e-9
155.08,-1.1931204876496943e-9,-2.425628650944671e-9
155.09,-1.160810277279849e-9,-2.450291590202772e-9
155.1,-1.1284415621119067e-9,-2.474697341165989e-9
155.11,-1.09601705339817e-9,-2.4988444917274e-9
155.12,-1.0635394633443687e-9,-2.522731653911611e-9
155.13,-1.0310115062001738e-9,-2.546357464915997e-9
155.14,-9.984358945577176e-10,-2.569720586284743e-9
155.15,-9.658153443833355e-10,-2.5928197030057382e-9
155.16,-9.331525704179492e-10,-2.6156535256274885e-9
155.17,-9.004502872201959e-10,-2.6382207884708785e-9
155.18,-8.677112100534599e-10,-2.66052025156363e-9
155.19,-8.349380526606463e-10,-2.682550698170933e-9
155.2,-8.021335292742035e-10,-2.7043109376650062e-9
155.21,-7.693003525316285e-10,-2.725799803285345e-9
155.22,-7.364412345222143e-10,-2.7470161533148534e-9
155.23,-7.035588851870967e-10,-2.767958871024133e-9
155.24,-6.706560141418161e-10,-2.7886268648485657e-9
155.25,-6.377353283436312e-10,-2.809019067182404e-9
155.26,-6.047995329797314e-10,-2.82913443621129e-9
155.27,-5.718513315506914e-10,-2.848971954888163e-9
155.28,-5.388934245599168e-10,-2.8685306308684846e-9
155.29,-5.059285097027827e-10,-2.8878094974196382e-9
155.3,-4.729592829309507e-10,-2.906807612627733e-9
155.31,-4.399884361179914e-10,-2.9255240593684393e-9
155.32,-4.070186583523858e-10,-2.943957946161212e-9
155.33,-3.740526350186086e-10,-2.9621084062673226e-9
155.34,-3.410930482288137e-10,-2.9799745981905145e-9
155.35,-3.081425752159847e-10,-2.9975557058058066e-9
155.36,-2.752038901774219e-10,-3.014850937562553e-9
155.37,-2.4227966230119113e-10,-3.0318595280256875e-9
155.38,-2.0937255658098328e-10,-3.0485807363613287e-9
155.39,-1.764852331469618e-10,-3.0650138467457345e-9
155.4,-1.436203464566053e-10,-3.081158169072535e-9
155.41,-1.1078054739785418e-10,-3.097013038279803e-9
155.42,-7.79684799049412e-11,-3.112577814375992e-9
155.43,-4.5186782651000194e-11,-3.127851882827021e-9
155.44,-1.2438088820713467e-11,-3.1428346534877457e-9
155.45,2.027497428755759e-11,-3.157525563139047e-9
155.46,5.294978638565591e-11,-3.17192407157579e-9
155.47,8.558373268737559e-11,-3.186029665751064e-9
155.48,1.1817420544247918e-10,-3.19984185651194e-9
155.49,1.5071860477976933e-10,-3.2133601796962495e-9
155.5,1.8321433561205527e-10,-3.2265841983389216e-9
155.51,2.156588122939008e-10,-3.2395134978687853e-9
155.52,2.480494555901752e-10,-3.2521476904590464e-9
155.53,2.8038369434093804e-10,-3.2644864125484567e-9
155.54,3.1265896440039676e-10,-3.2765293268207724e-9
155.55,3.448727111971082e-10,-3.288276119410963e-9
155.56,3.770223871626178e-10,-3.2997265026941714e-9
155.57,4.091054536081671e-10,-3.31088021319128e-9
155.58,4.411193800590118e-10,-3.321737012868596e-9
155.59,4.730616468583957e-10,-3.332296689044149e-9
155.6,5.049297405199433e-10,-3.342559052368494e-9
155.61,5.367211585743623e-10,-3.352523939807198e-9
155.62,5.684334073039334e-10,-3.3621912123914012e-9
155.63,6.00064003596806e-10,-3.3715607558961568e-9
155.64,6.316104731137757e-10,-3.3806324813062373e-9
155.65,6.630703518293654e-10,-3.3894063238985936e-9
155.66,6.944411860511061e-10,-3.397882243479627e-9
155.67,7.257205324600898e-10,-3.406060224274119e-9
155.68,7.56905958852248e-10,-3.4139402756556945e-9
155.69,7.879950423674425e-10,-3.4215224308322445e-9
155.7,8.189853723281654e-10,-3.4288067476749356e-9
155.71,8.498745485002852e-10,-3.435793308457393e-9
155.72,8.806601830469316e-10,-3.4424822193902767e-9
155.73,9.113398981026612e-10,-3.4488736112756457e-9
155.74,9.419113283916106e-10,-3.454967639002156e-9
155.75,9.723721203764118e-10,-3.460764481215013e-9
155.76,1.0027199325438107e-9,-3.4662643408021033e-9
155.77,1.0329524352807497e-9,-3.471467445396222e-9
155.78,1.0630673120830504e-9,-3.476374044700412e-9
155.79,1.0930622579148974e-9,-3.4809844141526097e-9
155.8,1.1229349814011294e-9,-3.4852988513882427e-9
155.81,1.1526832036713106e-9,-3.489317679037249e-9
155.82,1.1823046589313625e-9,-3.49304124211453e-9
155.83,1.211797094737498e-9,-3.496469909829605e-9
155.84,1.2411582717945992e-9,-3.4996040747893364e-9
155.85,1.2703859647209824e-9,-3.50244415274046e-9
155.86,1.2994779614484658e-9,-3.504990582997626e-9
155.87,1.3284320642072102e-9,-3.507243827245894e-9
155.88,1.3572460893190442e-9,-3.5092043714956125e-9
155.89,1.385917866278159e-9,-3.510872724493763e-9
155.9,1.4144452410841677e-9,-3.512249415001607e-9
155.91,1.442826072112977e-9,-3.5133349996481937e-9
155.92,1.471058233183699e-9,-3.5141300543471304e-9
155.93,1.499139613331512e-9,-3.514635178443896e-9
155.94,1.5270681162777012e-9,-3.5148509937216917e-9
155.95,1.554841660813052e-9,-3.5147781445713195e-9
155.96,1.5824581811448272e-9,-3.514417297737784e-9
155.97,1.6099156270915405e-9,-3.5137691415163456e-9
155.98,1.6372119652455963e-9,-3.5128343870552466e-9
155.99,1.6643451720062934e-9,-3.5116137680139018e-9
156.0,1.6913132487584187e-9,-3.5101080383119042e-9
156.01,1.7181142066698893e-9,-3.508317974818305e-9
156.02,1.7447460752484635e-9,-3.506244375772334e-9
156.03,1.7712068991565801e-9,-3.503888061091669e-9
156.04,1.797494740650208e-9,-3.501249872000296e-9
156.05,1.8236076780467603e-9,-3.4983306710455713e-9
156.06,1.8495438062757713e-9,-3.4951313421808897e-9
156.07,1.8753012369442712e-9,-3.4916527903689088e-9
156.08,1.9008780999820047e-9,-3.4878959410808612e-9
156.09,1.9262725402900223e-9,-3.4838617414008547e-9
156.1,1.9514827215234194e-9,-3.4795511587720436e-9
156.11,1.976506824358487e-9,-3.4749651809857136e-9
156.12,2.001343046838468e-9,-3.4701048170527085e-9
156.13,2.0259896047462005e-9,-3.4649710952923123e-9
156.14,2.050444731302559e-9,-3.4595650653365394e-9
156.15,2.0747066781607336e-9,-3.453887795926363e-9
156.16,2.0987737148116306e-9,-3.447940376330417e-9
156.17,2.1226441275752975e-9,-3.4417239161252193e-9
156.18,2.1463162230184753e-9,-3.43523954304715e-9
156.19,2.1697883246946406e-9,-3.428488405905555e-9
156.2,2.193058775512761e-9,-3.4214716721735643e-9
156.21,2.2161259358428673e-9,-3.4141905286016643e-9
156.22,2.2389881856174763e-9,-3.4066461818531298e-9
156.23,2.2616439225699515e-9,-3.398839855883578e-9
156.24,2.2840915645736756e-9,-3.3907727956335794e-9
156.25,2.306329548066054e-9,-3.3824462633210747e-9
156.26,2.328356326637851e-9,-3.3738615402876037e-9
156.27,2.350170376648641e-9,-3.3650199260058334e-9
156.28,2.3717701908784474e-9,-3.3559227381527807e-9
156.29,2.393154283051185e-9,-3.346571313277373e-9
156.3,2.414321185231366e-9,-3.3369670050333007e-9
156.31,2.4352694499362796e-9,-3.3271111853360673e-9
156.32,2.4559976483667198e-9,-3.317005243602235e-9
156.33,2.476504372496396e-9,-3.306650586818311e-9
156.34,2.4967882332146023e-9,-3.2960486397467026e-9
156.35,2.5168478634716378e-9,-3.2852008433261745e-9
156.36,2.5366819128622356e-9,-3.274108656553435e-9
156.37,2.5562890529092167e-9,-3.2627735550504035e-9
156.38,2.5756679764351483e-9,-3.251197031011416e-9
156.39,2.5948173938614967e-9,-3.2393805935462047e-9
156.4,2.6137360380429253e-9,-3.2273257675762924e-9
156.41,2.632422661821709e-9,-3.215034094648183e-9
156.42,2.650876037813312e-9,-3.202507132664556e-9
156.43,2.6690949592215375e-9,-3.189746454895459e-9
156.44,2.6870782418553957e-9,-3.176753651058232e-9
156.45,2.7048247193142744e-9,-3.1635303258507555e-9
156.46,2.7223332474219707e-9,-3.1500780994792875e-9
156.47,2.739602702804004e-9,-3.1363986082622084e-9
156.48,2.7566319829577555e-9,-3.1224935020453814e-9
156.49,2.7734200062572348e-9,-3.108364447496478e-9
156.5,2.7899657127731178e-9,-3.094013123621821e-9
156.51,2.8062680616577437e-9,-3.079441226962154e-9
156.52,2.8223260362545202e-9,-3.064650465909185e-9
156.53,2.8381386366491915e-9,-3.04964256494091e-9
156.54,2.85370488901982e-9,-3.0344192611165755e-9
156.55,2.869023838347617e-9,-3.018982306448861e-9
156.56,2.8840945511002684e-9,-3.00333346639199e-9
156.57,2.898916115284885e-9,-2.9874745195258163e-9
156.58,2.9134876399922153e-9,-2.9714072584331156e-9
156.59,2.92780825679453e-9,-2.955133488713155e-9
156.6,2.941877117707043e-9,-2.938655028557944e-9
156.61,2.955693397308635e-9,-2.921973708928366e-9
156.62,2.9692562900594395e-9,-2.905091375437315e-9
156.63,2.982565014259861e-9,-2.88800988286876e-9
156.64,2.995618808254759e-9,-2.8707311006964973e-9
156.65,3.0084169331644258e-9,-2.853256909770718e-9
156.66,3.020958670641034e-9,-2.835589202723154e-9
156.67,3.033243325547178e-9,-2.817729884447233e-9
156.68,3.0452702230347333e-9,-2.79968087074436e-9
156.69,3.0570387111619405e-9,-2.781444089448639e-9
156.7,3.0685481603571085e-9,-2.763021478841395e-9
156.71,3.079797959227625e-9,-2.7444149895274914e-9
156.72,3.090787523802075e-9,-2.7256265812136103e-9
156.73,3.1015162882675782e-9,-2.7066582258035726e-9
156.74,3.111983709827538e-9,-2.6875119045399325e-9
156.75,3.1221892673687192e-9,-2.668189609404562e-9
156.76,3.1321324619904156e-9,-2.648693342540994e-9
156.77,3.1418128164664367e-9,-2.6290251159601807e-9
156.78,3.1512298756382547e-9,-2.6091869513885108e-9
156.79,3.1603832056617895e-9,-2.589180880562126e-9
156.8,3.169272397716017e-9,-2.569008941615945e-9
156.81,3.1778970603742207e-9,-2.548673186803525e-9
156.82,3.1862568265021926e-9,-2.5281756736666553e-9
156.83,3.194351351857076e-9,-2.507518469802886e-9
156.84,3.202180312455643e-9,-2.486703651010188e-9
156.85,3.209743407457156e-9,-2.465733301797682e-9
156.86,3.217040357213117e-9,-2.444609514591235e-9
156.87,3.22407090447696e-9,-2.4233343899104404e-9
156.88,3.23083481445418e-9,-2.401910036223904e-9
156.89,3.2373318725280673e-9,-2.380338568978479e-9
156.9,3.243561888039433e-9,-2.358622112417285e-9
156.91,3.249524691253728e-9,-2.336762796141815e-9
156.92,3.2552201344506335e-9,-2.31476275845072e-9
156.93,3.2606480915066858e-9,-2.292624144140018e-9
156.94,3.26580845878544e-9,-2.2703491037546835e-9
156.95,3.2707011545544158e-9,-2.2479397952970038e-9
156.96,3.275326118153121e-9,-2.2253983824824633e-9
156.97,3.2796833109419602e-9,-2.202727035405718e-9
156.98,3.283772716826106e-9,-2.1799279300473652e-9
156.99,3.287594340227479e-9,-2.1570032478660412e-9
157.0,3.2911482083288928e-9,-2.1339551759880574e-9
157.01,3.2944343694922343e-9,-2.1107859063847617e-9
157.02,3.297452893543485e-9,-2.087497637565006e-9
157.03,3.3002038725282584e-9,-2.0640925711175637e-9
157.04,3.30268741971608e-9,-2.0405729143972947e-9
157.05,3.304903669968252e-9,-2.016940879086297e-9
157.06,3.3068527791247072e-9,-1.9931986814404226e-9
157.07,3.308534925797423e-9,-1.969348541267956e-9
157.08,3.309950308820208e-9,-1.9453926831605905e-9
157.09,3.3110991485329195e-9,-1.921333334513921e-9
157.1,3.311981687068599e-9,-1.8971727276193704e-9
157.11,3.3125981879162463e-9,-1.8729130960299645e-9
157.12,3.3129489349650336e-9,-1.8485566789941318e-9
157.13,3.313034233723789e-9,-1.8241057169912023e-9
157.14,3.312854411092261e-9,-1.7995624540340582e-9
157.15,3.312409815323237e-9,-1.774929136672562e-9
157.16,3.311700814337803e-9,-1.7502080134037807e-9
157.17,3.310727798243589e-9,-1.7254013356225522e-9
157.18,3.3094911776266395e-9,-1.7005113564285884e-9
157.19,3.3079913842371845e-9,-1.675540330671247e-9
157.2,3.306228868952969e-9,-1.650490515172191e-9
157.21,3.304204105999452e-9,-1.6253641678040119e-9
157.22,3.3019175885190062e-9,-1.6001635482289855e-9
157.23,3.2993698305850837e-9,-1.5748909162594513e-9
157.24,3.296561366250189e-9,-1.5495485339974408e-9
157.25,3.293492751056979e-9,-1.5241386633406689e-9
157.26,3.290164560831172e-9,-1.498663566016944e-9
157.27,3.2865773901227575e-9,-1.47312550573001e-9
157.28,3.282731855383028e-9,-1.4475267451907925e-9
157.29,3.2786285919821493e-9,-1.4218695475526526e-9
157.3,3.2742682561034865e-9,-1.3961561753849063e-9
157.31,3.2696515242676563e-9,-1.370388890863367e-9
157.32,3.2647790914484882e-9,-1.3445699557576951e-9
157.33,3.259651673663049e-9,-1.3187016310291184e-9
157.34,3.2542700061094536e-9,-1.2927861766249352e-9
157.35,3.2486348440053548e-9,-1.2668258508851738e-9
157.36,3.242746961435962e-9,-1.2408229114515777e-9
157.37,3.236607152589981e-9,-1.214779613948735e-9
157.38,3.230216230275731e-9,-1.1886982129868925e-9
157.39,3.2235750275171803e-9,-1.16258096029768e-9
157.4,3.2166843957592537e-9,-1.1364301059874768e-9
157.41,3.209545205837974e-9,-1.1102478979757866e-9
157.42,3.202158348139298e-9,-1.0840365816029486e-9
157.43,3.194524729997387e-9,-1.0577983996818842e-9
157.44,3.1866452797081116e-9,-1.031535592027078e-9
157.45,3.178520942981333e-9,-1.0052503957118882e-9
157.46,3.1701526847095344e-9,-9.789450445262317e-10
157.47,3.1615414881215945e-9,-9.52621768482511e-10
157.48,3.1526883543745845e-9,-9.262827946742323e-10
157.49,3.1435943036500375e-9,-8.999303464882151e-10
157.5,3.1342603730492984e-9,-8.735666430396886e-10
157.51,3.124687619630469e-9,-8.471938994213139e-10
157.52,3.114877116620687e-9,-8.20814326789002e-10
157.53,3.104829955622616e-9,-7.944301316677139e-10
157.54,3.0945472463473733e-9,-7.680435159359157e-10
157.55,3.0840301164449947e-9,-7.416566770014971e-10
157.56,3.0732797078222726e-9,-7.1527180712345e-10
157.57,3.0622971853532936e-9,-6.888910935236009e-10
157.58,3.051083727045281e-9,-6.625167180762105e-10
157.59,3.0396405287243367e-9,-6.36150857329341e-10
157.6,3.02796880373173e-9,-6.097956821249322e-10
157.61,3.016069782631478e-9,-5.834533574856846e-10
157.62,3.0039447118011837e-9,-5.571260429009591e-10
157.63,2.9915948547693087e-9,-5.308158911182675e-10
157.64,2.979021491841748e-9,-5.045250491802584e-10
157.65,2.966225919087977e-9,-4.782556571077872e-10
157.66,2.9532094495353017e-9,-4.520098489329042e-10
157.67,2.9399734113672123e-9,-4.2578975158360875e-10
157.68,2.926519149307057e-9,-3.995974851366717e-10
157.69,2.912848025223697e-9,-3.73435161977948e-10
157.7,2.898961413829876e-9,-3.4730488860687694e-10
157.71,2.8848607081054904e-9,-3.2120876303038396e-10
157.72,2.8705473152653396e-9,-2.951488759073942e-10
157.73,2.8560226575056113e-9,-2.691273103543124e-10
157.74,2.8412881737378664e-9,-2.431461413129308e-10
157.75,2.8263453164727762e-9,-2.172074359998457e-10
157.76,2.8111955533130877e-9,-1.9131325321572058e-10
157.77,2.7958403668289398e-9,-1.6546564376687188e-10
157.78,2.780281255647516e-9,-1.3966664938879876e-10
157.79,2.7645197301988022e-9,-1.139183036636732e-10
157.8,2.7485573171817207e-9,-8.822263116570037e-11
157.81,2.7323955567970767e-9,-6.258164756716987e-11
157.82,2.7160360039154793e-9,-3.699735936228159e-11
157.83,2.6994802264838896e-9,-1.1471764086705917e-11
157.84,2.682729806804322e-9,1.3993150585350673e-11
157.85,2.6657863406754116e-9,3.939540610558969e-11
157.86,2.6486514383149447e-9,6.473303406855027e-11
157.87,2.631326719053038e-9,9.000407470645778e-11
157.88,2.6138138221512864e-9,1.1520657997350181e-10
157.89,2.596114394874987e-9,1.4033861045624647e-10
157.9,2.578230098939871e-9,1.6539823800868077e-10
157.91,2.560162608909061e-9,1.9038354392702535e-10
157.92,2.5419136117312035e-9,2.1529262086459205e-10
157.93,2.5234848061831097e-9,2.40123571517707e-10
157.94,2.5048779053563012e-9,2.6487450980072476e-10
157.95,2.4860946323066293e-9,2.895435614328438e-10
157.96,2.467136720961008e-9,3.141288586207081e-10
157.97,2.448005920656937e-9,3.386285513344947e-10
157.98,2.4287039905931657e-9,3.63040797399829e-10
157.99,2.4092327005097703e-9,3.873637657481469e-10
158.0,2.389593832512347e-9,4.1159563798493387e-10
158.01,2.369789179639925e-9,4.357346067416942e-10
158.02,2.3498205462965464e-9,4.5977887685706e-10
158.03,2.3296897472448214e-9,4.837266648540771e-10
158.04,2.3093986079489847e-9,5.075761997108726e-10
158.05,2.2889489634159445e-9,5.313257218428643e-10
158.06,2.268342661382089e-9,5.549734848681105e-10
158.07,2.24758155815049e-9,5.785177541551164e-10
158.08,2.226667520079495e-9,6.019568082059253e-10
158.09,2.2056024237203705e-9,6.252889375351317e-10
158.1,2.1843881552822897e-9,6.485124458098924e-10
158.11,2.163026610079539e-9,6.716256495520095e-10
158.12,2.141519693501237e-9,6.946268781655947e-10
158.13,2.119869319110648e-9,7.175144741796534e-10
158.14,2.0980774110494367e-9,7.40286793799831e-10
158.15,2.076145900849946e-9,7.629422057557298e-10
158.16,2.0540767288162914e-9,7.854790930872833e-10
158.17,2.031871845093962e-9,8.078958507664915e-10
158.18,2.0095332067012048e-9,8.301908895364983e-10
158.19,1.9870627793081825e-9,8.523626326064368e-10
158.2,1.9644625369128195e-9,8.74409517602659e-10
158.21,1.9417344610185725e-9,8.963299953563639e-10
158.22,1.918880540654481e-9,9.181225315751739e-10
158.23,1.8959027729596735e-9,9.397856051938569e-10
158.24,1.87280316173916e-9,9.613177101938683e-10
158.25,1.8495837183383502e-9,9.827173547962561e-10
158.26,1.826246460581477e-9,1.0039830610813758e-9
158.27,1.802793413557328e-9,1.0251133664319615e-9
158.28,1.7792266089182046e-9,1.0461068220042445e-9
158.29,1.7555480845759573e-9,1.0669619943901877e-9
158.3,1.7317598849343699e-9,1.087677464449375e-9
158.31,1.7078640601702493e-9,1.1082518280242004e-9
158.32,1.6838626669903361e-9,1.128683696454379e-9
158.33,1.6597577670410052e-9,1.1489716951567828e-9
158.34,1.6355514280617218e-9,1.169114465280667e-9
158.35,1.6112457233915937e-9,1.1891106631063522e-9
158.36,1.5868427309892834e-9,1.2089589601357458e-9
158.37,1.5623445342948937e-9,1.2286580432435598e-9
158.38,1.537753221214061e-9,1.2482066144586302e-9
158.39,1.5130708848609885e-9,1.267603391721328e-9
158.4,1.488299623297374e-9,1.286847108674493e-9
158.41,1.4634415366307777e-9,1.305936513894331e-9
158.42,1.4384987322589892e-9,1.3248703723942451e-9
158.43,1.4134733197453187e-9,1.3436474641131807e-9
158.44,1.388367412663326e-9,1.3622665868146952e-9
158.45,1.3631831281951787e-9,1.3807265514478303e-9
158.46,1.3379225875830215e-9,1.3990261867251784e-9
158.47,1.3125879150124607e-9,1.4171643370146169e-9
158.48,1.2871812371911428e-9,1.4351398625480873e-9
158.49,1.2617046843243028e-9,1.4529516406290875e-9
158.5,1.2361603905973922e-9,1.4705985627662366e-9
158.51,1.2105504899225555e-9,1.4880795391547144e-9
158.52,1.1848771209891572e-9,1.5053934949599418e-9
158.53,1.1591424238764875e-9,1.5225393719574086e-9
158.54,1.133348540522438e-9,1.5395161284612588e-9
158.55,1.1074976152352865e-9,1.5563227393855939e-9
158.56,1.0815917937769535e-9,1.5729581958467968e-9
158.57,1.055633223360157e-9,1.589421505770592e-9
158.58,1.02962405250017e-9,1.6057116933944766e-9
158.59,1.0035664314641468e-9,1.621827801359906e-9
158.6,9.77462511284334e-10,1.637768886199989e-9
158.61,9.51314442590693e-10,1.6535340231264973e-9
158.62,9.251243784800665e-10,1.6691223036927678e-9
158.63,8.988944711962088e-10,1.6845328362338014e-9
158.64,8.726268744253964e-10,1.6997647462292997e-9
158.65,8.463237406753322e-10,1.714817175823136e-9
158.66,8.199872233764121e-10,1.7296892839610137e-9
158.67,7.936194743756493e-10,1.7443802470409115e-9
158.68,7.672226493355196e-10,1.7588892584146533e-9
158.69,7.407988974648981e-10,1.7732155282085052e-9
158.7,7.143503695268525e-10,1.787358283271946e-9
158.71,6.878792173642569e-10,1.8013167688111186e-9
158.72,6.613875892643056e-10,1.8150902457055403e-9
158.73,6.348776336505113e-10,1.828677993270723e-9
158.74,6.083514967939742e-10,1.8420793070401064e-9
158.75,5.818113234514023e-10,1.8552935003287582e-9
158.76,5.552592575717456e-10,1.8683199035237844e-9
158.77,5.286974374465916e-10,1.881157863532053e-9
158.78,5.021280047121324e-10,1.8938067459452776e-9
158.79,4.755530960640499e-10,1.90626593279202e-9
158.8,4.489748447470289e-10,1.91853482328782e-9
158.81,4.2239538268584873e-10,1.930612833883838e-9
158.82,3.9581683909296225e-10,1.942499399030774e-9
158.83,3.6924133924320055e-10,1.954193969827837e-9
158.84,3.426710060786976e-10,1.9656960148553642e-9
158.85,3.1610795923502375e-10,1.977005020379434e-9
158.86,2.895543140651412e-10,1.9881204891182886e-9
158.87,2.630121829793723e-10,1.9990419419574945e-9
158.88,2.3648367568905234e-10,2.0097689176292966e-9
158.89,2.0997089541233856e-10,2.020300970542396e-9
158.9,1.8347594297347365e-10,2.0306376737991815e-9
158.91,1.5700091415087032e-10,2.040778617330175e-9
158.92,1.3054790114478478e-10,2.050723408374062e-9
158.93,1.0411899106327385e-10,2.060471671976555e-9
158.94,7.771626593064196e-11,2.070023049682155e-9
158.95,5.134180292758728e-11,2.0793772013160363e-9
158.96,2.4997673992682805e-11,2.0885338031440076e-9
158.97,-1.314052905175502e-12,2.0974925495129692e-9
158.98,-2.7591317655816238e-11,2.106253151124691e-9
158.99,-5.383206331989112e-11,2.1148153365787924e-9
159.0,-8.003423922827852e-11,2.123178852172507e-9
159.01,-1.0619580241595995e-10,2.1313434602803256e-9
159.02,-1.3231471386227678e-10,2.13930894143601e-9
159.03,-1.5838894134316558e-10,2.147075092852292e-9
159.04,-1.8441646017528158e-10,2.154641729372846e-9
159.05,-2.1039525041377813e-10,2.1620086826158755e-9
159.06,-2.36323299525736e-10,2.1691758013579386e-9
159.07,-2.621986028167314e-10,2.1761429511202122e-9
159.08,-2.8801915986650813e-10,2.1829100168381012e-9
159.09,-3.1378298070759983e-10,2.1894768968700826e-9
159.1,-3.3948808064431705e-10,2.195843508674779e-9
159.11,-3.651324831570986e-10,2.2020097866865788e-9
159.12,-3.907142182425122e-10,2.2079756821442166e-9
159.13,-4.1623132542521295e-10,2.2137411628156348e-9
159.14,-4.4168185040415537e-10,2.2193062139077697e-9
159.15,-4.670638479905035e-10,2.224670836928395e-9
159.16,-4.923753810019091e-10,2.229835050501581e-9
159.17,-5.176145192786649e-10,2.234798890752541e-9
159.18,-5.427793433003138e-10,2.239562408951245e-9
159.19,-5.678679408572882e-10,2.244125674505967e-9
159.2,-5.928784082694752e-10,2.248488773146803e-9
159.21,-6.178088513913543e-10,2.2526518063405282e-9
159.22,-6.426573850060694e-10,2.2566148934216258e-9
159.23,-6.674221328086994e-10,2.2603781692676953e-9
159.24,-6.92101227921285e-10,2.2639417858479006e-9
159.25,-7.166928125892604e-10,2.2673059114632195e-9
159.26,-7.411950399921161e-10,2.2704707299937156e-9
159.27,-7.656060710115881e-10,2.273436443031608e-9
159.28,-7.899240777340869e-10,2.276203267422535e-9
159.29,-8.141472418485601e-10,2.278771436785028e-9
159.3,-8.382737548857187e-10,2.281141200159935e-9
159.31,-8.623018196097108e-10,2.2833128237118487e-9
159.32,-8.862296476399729e-10,2.285286589037898e-9
159.33,-9.100554627654661e-10,2.287062793746106e-9
159.34,-9.337774983944038e-10,2.2886417516382765e-9
159.35,-9.573939979320112e-10,2.290023791734985e-9
159.36,-9.80903217676212e-10,2.2912092599895742e-9
159.37,-1.0043034236193222e-9,2.292198517114833e-9
159.38,-1.0275928935836481e-9,2.2929919397620432e-9
159.39,-1.0507699152775156e-9,2.2935899208617065e-9
159.4,-1.073832789712005e-9,2.29399286765425e-9
159.41,-1.0967798282069854e-9,2.2942012038638162e-9
159.42,-1.1196093539244813e-9,2.2942153683515285e-9
159.43,-1.1423197013969819e-9,2.2940358156451307e-9
159.44,-1.1649092184602536e-9,2.293663013564198e-9
159.45,-1.1873762631164706e-9,2.2930974483592756e-9
159.46,-1.209719206384349e-9,2.2923396192310384e-9
159.47,-1.2319364317529496e-9,2.291390040948906e-9
159.48,-1.2540263338896672e-9,2.2902492434177096e-9
159.49,-1.2759873216315907e-9,2.2889177709286655e-9
159.5,-1.2978178147680696e-9,2.2873961833132497e-9
159.51,-1.3195162466340073e-9,2.285685054458564e-9
159.52,-1.341081063454629e-9,2.283784973118619e-9
159.53,-1.362510722710671e-9,2.2816965433388306e-9
159.54,-1.383803697211957e-9,2.27942038239987e-9
159.55,-1.4049584715098553e-9,2.276957122997858e-9
159.56,-1.4259735435004776e-9,2.274307411512732e-9
159.57,-1.4468474243957196e-9,2.2714719087132654e-9
159.58,-1.4675786389026491e-9,2.2684512897908674e-9
159.59,-1.4881657253901483e-9,2.265246243953878e-9
159.6,-1.5086072353747395e-9,2.2618574740418973e-9
159.61,-1.528901734102009e-9,2.2582856970531136e-9
159.62,-1.5490478011199414e-9,2.2545316437404714e-9
159.63,-1.5690440290905256e-9,2.250596058758192e-9
159.64,-1.5888890257521574e-9,2.246479699377424e-9
159.65,-1.608581411329694e-9,2.2421833377762533e-9
159.66,-1.6281198222257145e-9,2.237707759118287e-9
159.67,-1.6475029069064645e-9,2.2330537611670162e-9
159.68,-1.666729329669963e-9,2.228222155573888e-9
159.69,-1.685797768940469e-9,2.2232137671936908e-9
159.7,-1.704706917018738e-9,2.2180294332424055e-9
159.71,-1.7234554819364057e-9,2.2126700050449088e-9
159.72,-1.7420421853853529e-9,2.2071363454287153e-9
159.73,-1.76046576398336e-9,2.2014293310035442e-9
159.74,-1.7787249700543926e-9,2.1955498498256108e-9
159.75,-1.7968185693309317e-9,2.1894988045423055e-9
159.76,-1.8147453442380794e-9,2.1832771073788264e-9
159.77,-1.8325040905306643e-9,2.1768856859139225e-9
159.78,-1.8500936204970276e-9,2.170325477324136e-9
159.79,-1.8675127613770297e-9,2.163597432267098e-9
159.8,-1.88476035489512e-9,2.1567025134708966e-9
159.81,-1.9018352592105112e-9,2.1496416950087113e-9
159.82,-1.918736347375381e-9,2.1424159630901014e-9
159.83,-1.9354625070656724e-9,2.135026316118266e-9
159.84,-1.952012644536682e-9,2.12747376125266e-9
159.85,-1.9683856779001857e-9,2.1197593216365115e-9
159.86,-1.984580543188281e-9,2.1118840285838985e-9
159.87,-2.000596191677385e-9,2.103848925361546e-9
159.88,-2.016431590675704e-9,2.095655066586148e-9
159.89,-2.0320857229529584e-9,2.0873035178947343e-9
159.9,-2.047557587796184e-9,2.078795355436945e-9
159.91,-2.0628461998094223e-9,2.0701316668554265e-9
159.92,-2.0779505906941706e-9,2.06131355034505e-9
159.93,-2.092869806525127e-9,2.052342112450203e-9
159.94,-2.1076029119764285e-9,2.0432184737399622e-9
159.95,-2.122148985376675e-9,2.033943763138827e-9
159.96,-2.1365071236408658e-9,2.0245191198695348e-9
159.97,-2.150676437983626e-9,2.0149456933418762e-9
159.98,-2.1646560578241317e-9,2.005224643012123e-9
159.99,-2.1784451276160875e-9,1.9953571381906674e-9
160.0,-2.1920428088286867e-9,1.9853443576975064e-9
160.01,-2.2054482790146487e-9,1.9751874910243233e-9
160.02,-2.2186607342326088e-9,1.964887734103281e-9
160.03,-2.2316793836796716e-9,1.954446296365671e-9
160.04,-2.2445034562078343e-9,1.943864393763459e-9
160.05,-2.2571321957521264e-9,1.933143252299296e-9
160.06,-2.2695648634597924e-9,1.922284106551029e-9
160.07,-2.2818007375002553e-9,1.911288200063976e-9
160.08,-2.293839111919493e-9,1.9001567856668054e-9
160.09,-2.3056792987545258e-9,1.8888911237976057e-9
160.1,-2.3173206262100277e-9,1.8774924840370357e-9
160.11,-2.3287624387710282e-9,1.8659621450415786e-9
160.12,-2.3400040992302235e-9,1.8543013920070136e-9
160.13,-2.3510449864672703e-9,1.8425115197947374e-9
160.14,-2.3618844961394533e-9,1.8305938296222945e-9
160.15,-2.372522041271168e-9,1.8185496326666327e-9
160.16,-2.382957051821638e-9,1.8063802463378003e-9
160.17,-2.3931889748838438e-9,1.7940869957080003e-9
160.18,-2.4032172743630724e-9,1.781671214149808e-9
160.19,-2.4130414317620375e-9,1.7691342414469409e-9
160.2,-2.4226609437618893e-9,1.7564774257999229e-9
160.21,-2.432075326810808e-9,1.7437021208233766e-9
160.22,-2.4412841126840906e-9,1.7308096888145294e-9
160.23,-2.450286851550904e-9,1.717801497586317e-9
160.24,-2.4590831092518178e-9,1.7046789223638912e-9
160.25,-2.4676724698375017e-9,1.6914433447386236e-9
160.26,-2.4760545342912166e-9,1.678096152606017e-9
160.27,-2.484228920337298e-9,1.664638740679548e-9
160.28,-2.492195263489622e-9,1.6510725091603782e-9
160.29,-2.499953215660316e-9,1.6373988647001408e-9
160.3,-2.5075024469793314e-9,1.6236192196543471e-9
160.31,-2.5148426442606904e-9,1.609734992417954e-9
160.32,-2.5219735106617133e-9,1.5957476068406191e-9
160.33,-2.5288947678133984e-9,1.5816584922424318e-9
160.34,-2.535606153697357e-9,1.5674690837485025e-9
160.35,-2.5421074243495747e-9,1.5531808209384258e-9
160.36,-2.548398351448166e-9,1.5387951493456764e-9
160.37,-2.5544787252812315e-9,1.5243135184820649e-9
160.38,-2.5603483527333125e-9,1.5097373846245467e-9
160.39,-2.566007057738387e-9,1.4950682063319002e-9
160.4,-2.571454681866989e-9,1.4803074482949968e-9
160.41,-2.5766910824745927e-9,1.4654565789556732e-9
160.42,-2.5817161354739694e-9,1.4505170717306102e-9
160.43,-2.5865297339160517e-9,1.4354904036315825e-9
160.44,-2.591131786422575e-9,1.4203780559849355e-9
160.45,-2.595522220196391e-9,1.4051815139351356e-9
160.46,-2.59970097783499e-9,1.3899022666292213e-9
160.47,-2.6036680229828077e-9,1.3745418064796555e-9
160.48,-2.607423329892998e-9,1.3591016295853693e-9
160.49,-2.610966894821815e-9,1.3435832355836579e-9
160.5,-2.614298729008284e-9,1.3279881272276471e-9
160.51,-2.617418860990798e-9,1.3123178101168722e-9
160.52,-2.62032733638755e-9,1.296573793352359e-9
160.53,-2.6230242173479445e-9,1.2807575883540879e-9
160.54,-2.625509582984387e-9,1.2648707096558334e-9
160.55,-2.6277835286401742e-9,1.2489146743750283e-9
160.56,-2.6298461690988443e-9,1.232891001077273e-9
160.57,-2.631697631376394e-9,1.2168012123767974e-9
160.58,-2.633338062965857e-9,1.200646831761255e-9
160.59,-2.6347676262713336e-9,1.1844293850015279e-9
160.6,-2.6359865009869516e-9,1.1681503999094031e-9
160.61,-2.6369948831045224e-9,1.15181140621846e-9
160.62,-2.6377929852354923e-9,1.135413935072947e-9
160.63,-2.638381036466896e-9,1.1189595188763795e-9
160.64,-2.6387592822585577e-9,1.1024496915234358e-9
160.65,-2.638927985678625e-9,1.0858859899121344e-9
160.66,-2.6388874239862072e-9,1.0692699486875594e-9
160.67,-2.6386378925459207e-9,1.0526031059447206e-9
160.68,-2.6381797023938065e-9,1.0358869996307756e-9
160.69,-2.6375131806068747e-9,1.0191231689806518e-9
160.7,-2.6366386707761826e-9,1.0023131533092494e-9
160.71,-2.635556532466327e-9,9.854584926774816e-10
160.72,-2.634267142148512e-9,9.685607272968399e-10
160.73,-2.6327708922701606e-9,9.51621397548348e-10
160.74,-2.6310681866554607e-9,9.346420440413654e-10
160.75,-2.62915945293729e-9,9.176242074447137e-10
160.76,-2.6270451300044303e-9,9.005694277420812e-10
160.77,-2.6247256724705782e-9,8.834792448057237e-10
160.78,-2.6222015516015168e-9,8.663551980164498e-10
160.79,-2.6194732546175373e-9,8.491988262331764e-10
160.8,-2.6165412834350413e-9,8.320116677627703e-10
160.81,-2.6134061563749176e-9,8.147952596389192e-10
160.82,-2.6100684078005148e-9,7.975511377873696e-10
160.83,-2.606528584322016e-9,7.802808383707411e-10
160.84,-2.6027872523953263e-9,7.629858944394928e-10
160.85,-2.5988449909052543e-9,7.45667838549591e-10
160.86,-2.5947023947742295e-9,7.283282020874536e-10
160.87,-2.5903600740040106e-9,7.109685144557043e-10
160.88,-2.5858186538906718e-9,6.935903032035302e-10
160.89,-2.5810787741819717e-9,6.761950943455715e-10
160.9,-2.5761410902489738e-9,6.587844114052775e-10
160.91,-2.571006272016673e-9,6.41359776317004e-10
160.92,-2.5656750039973712e-9,6.239227086286092e-10
160.93,-2.5601479856357256e-9,6.064747252345448e-10
160.94,-2.5544259315474917e-9,5.89017340900364e-10
160.95,-2.5485095699617217e-9,5.715520675305473e-10
160.96,-2.542399644105945e-9,5.540804143827551e-10
160.97,-2.5360969116464166e-9,5.36603887647413e-10
160.98,-2.5296021443681523e-9,5.191239909449602e-10
160.99,-2.522916128410877e-9,5.01642224823736e-10
161.0,-2.516039664086282e-9,4.841600861524632e-10
161.01,-2.5089735653530187e-9,4.66679068448293e-10
161.02,-2.5017186608957884e-9,4.492006624273919e-10
161.03,-2.4942757927401452e-9,4.3172635444483645e-10
161.04,-2.4866458181974476e-9,4.1425762747581614e-10
161.05,-2.4788296041997015e-9,3.9679596161210663e-10
161.06,-2.4708280366307443e-9,3.7934283108522653e-10
161.07,-2.4626420115247066e-9,3.6189970750834925e-10
161.08,-2.4542724394868107e-9,3.4446805764420605e-10
161.09,-2.4457202437150736e-9,3.270493447414262e-10
161.1,-2.4369863611818353e-9,3.096450269735456e-10
161.11,-2.4280717427654474e-9,2.9225655809138926e-10
161.12,-2.4189773510763264e-9,2.748853875169417e-10
161.13,-2.409704162997781e-9,2.5753295960718686e-10
161.14,-2.4002531657129166e-9,2.4020071426811586e-10
161.15,-2.3906253630111257e-9,2.228900860572226e-10
161.16,-2.3808217688860287e-9,2.056025046166294e-10
161.17,-2.370843410373811e-9,1.8833939408725537e-10
161.18,-2.360691326689684e-9,1.7110217435101317e-10
161.19,-2.3503665706793157e-9,1.5389225861833252e-10
161.2,-2.3398702052838893e-9,1.367110552975995e-10
161.21,-2.329203307886719e-9,1.1955996711281339e-10
161.22,-2.3183669666802844e-9,1.0244039100733998e-10
161.23,-2.3073622817844486e-9,8.535371789012868e-11
161.24,-2.2961903658017005e-9,6.830133304997051e-11
161.25,-2.2848523426756544e-9,5.128461574865857e-11
161.26,-2.273349348308072e-9,3.4304938805680044e-11
161.27,-2.261682529540103e-9,1.7363669159703755e-11
161.28,-2.249853044777754e-9,4.621670177669924e-13
161.29,-2.237862064611605e-9,-1.6398214077107627e-11
161.3,-2.2257107698301634e-9,-3.321612569378038e-11
161.31,-2.2134003520423118e-9,-4.999022781187408e-11
161.32,-2.200932016225756e-9,-6.671918609178263e-11
161.33,-2.1883069748420235e-9,-8.340167381794008e-11
161.34,-2.175526453317796e-9,-1.0003637040924008e-10
161.35,-2.1625916868693794e-9,-1.1662196273108137e-10
161.36,-2.1495039215515486e-9,-1.3315714468702503e-10
161.37,-2.136264413958947e-9,-1.4964061769443242e-10
161.38,-2.122874430680864e-9,-1.6607109019533092e-10
161.39,-2.109335248681547e-9,-1.8244727800964926e-10
161.4,-2.095648154704199e-9,-1.9876790528105447e-10
161.41,-2.0818144460349354e-9,-2.1503170151489165e-10
161.42,-2.067835428421165e-9,-2.3123740694825606e-10
161.43,-2.0537124193319813e-9,-2.4738376779458307e-10
161.44,-2.0394467445168983e-9,-2.6346953840295437e-10
161.45,-2.025039738799137e-9,-2.794934807878677e-10
161.46,-2.0104927477892074e-9,-2.954543659682658e-10
161.47,-1.9958071249168537e-9,-3.113509722615587e-10
161.48,-1.9809842336141696e-9,-3.2718208651874097e-10
161.49,-1.9660254463338523e-9,-3.4294650422094986e-10
161.5,-1.9509321428829143e-9,-3.586430285171569e-10
161.51,-1.935705714053274e-9,-3.742704713734377e-10
161.52,-1.9203475574519406e-9,-3.898276537384141e-10
161.53,-1.9048590804784293e-9,-4.0531340470185096e-10
161.54,-1.8892416970794226e-9,-4.207265618235221e-10
161.55,-1.8734968316826888e-9,-4.360659723392795e-10
161.56,-1.8576259152991927e-9,-4.513304918780048e-10
161.57,-1.8416303875527478e-9,-4.665189847866523e-10
161.58,-1.8255116956571814e-9,-4.816303249840909e-10
161.59,-1.8092712940522133e-9,-4.966633950094041e-10
161.6,-1.7929106459640546e-9,-5.116170869683352e-10
161.61,-1.7764312213786e-9,-5.264903019626171e-10
161.62,-1.7598344972716857e-9,-5.412819505776944e-10
161.63,-1.74312195852753e-9,-5.559909528579256e-10
161.64,-1.7262950966858329e-9,-5.706162382564747e-10
161.65,-1.7093554103030643e-9,-5.851567458435009e-10
161.66,-1.692304404989929e-9,-5.996114239393175e-10
161.67,-1.675143592367837e-9,-6.139792309577864e-10
161.68,-1.6578744918122482e-9,-6.282591355349584e-10
161.69,-1.6404986284393014e-9,-6.42450114938892e-10
161.7,-1.6230175320638861e-9,-6.565511570015994e-10
161.71,-1.6054327414450772e-9,-6.70561260151658e-10
161.72,-1.587745800687601e-9,-6.844794308998563e-10
161.73,-1.5699582582816515e-9,-6.983046881253758e-10
161.74,-1.5520716696098605e-9,-7.120360597703112e-10
161.75,-1.5340875953371063e-9,-7.256725836812439e-10
161.76,-1.5160076024653006e-9,-7.39213308383468e-10
161.77,-1.4978332619330033e-9,-7.526572929494305e-10
161.78,-1.4795661510188139e-9,-7.660036061942017e-10
161.79,-1.4612078515309574e-9,-7.792513278459205e-10
161.8,-1.4427599503974225e-9,-7.92399547528901e-10
161.81,-1.4242240398399789e-9,-8.054473676627097e-10
161.82,-1.4056017155440678e-9,-8.183938972575824e-10
161.83,-1.3868945795023593e-9,-8.312382596516898e-10
161.84,-1.3681042361837732e-9,-8.439795867593418e-10
161.85,-1.3492322959529736e-9,-8.56617022348998e-10
161.86,-1.330280372400018e-9,-8.691497204290529e-10
161.87,-1.3112500836373515e-9,-8.815768459558324e-10
161.88,-1.2921430508013221e-9,-8.9389757507565e-10
161.89,-1.2729609008252192e-9,-9.061110947853168e-10
161.9,-1.2537052603250458e-9,-9.182166021260967e-10
161.91,-1.2343777642348301e-9,-9.302133070624823e-10
161.92,-1.2149800474430794e-9,-9.421004290480147e-10
161.93,-1.1955137491163758e-9,-9.538771993265225e-10
161.94,-1.1759805114693398e-9,-9.655428602751944e-10
161.95,-1.1563819796288652e-9,-9.770966651956096e-10
161.96,-1.136719801529869e-9,-9.885378791145783e-10
161.97,-1.1169956272386171e-9,-9.9986577780726e-10
161.98,-1.0972111116625447e-9,-1.011079648409887e-9
161.99,-1.0773679066035277e-9,-1.0221787907135672e-9
162.0,-1.0574676726088321e-9,-1.0331625137292536e-9
162.01,-1.0375120686088795e-9,-1.0440301392419677e-9
162.02,-1.0175027565414672e-9,-1.0547810003585994e-9
162.03,-9.974414000433338e-10,-1.0654144417453607e-9
162.04,-9.773296641675534e-10,-1.0759298191371762e-9
162.05,-9.571692155253027e-10,-1.0863265001293785e-9
162.06,-9.369617228341814e-10,-1.0966038640160594e-9
162.07,-9.167088561001804e-10,-1.1067613022670978e-9
162.08,-8.964122841489129e-10,-1.116798214899539e-9
162.09,-8.760736807197756e-10,-1.1267140185137885e-9
162.1,-8.556947178467289e-10,-1.1365081379111121e-9
162.11,-8.352770683296718e-10,-1.1461800105175968e-9
162.12,-8.148224070947565e-10,-1.1557290856130308e-9
162.13,-7.943324080469732e-10,-1.165154824218785e-9
162.14,-7.738087462003117e-10,-1.1744566990244624e-9
162.15,-7.532530963115734e-10,-1.1836341945106234e-9
162.16,-7.326671338504962e-10,-1.1926868074451867e-9
162.17,-7.120525333686757e-10,-1.2016140449108892e-9
162.18,-6.914109700452763e-10,-1.2104154278483305e-9
162.19,-6.707441188933645e-10,-1.2190904882575838e-9
162.2,-6.500536529140223e-10,-1.227638769385307e-9
162.21,-6.293412464218881e-10,-1.2360598271032654e-9
162.22,-6.086085719401668e-10,-1.244353228974007e-9
162.23,-5.878573012757292e-10,-1.2525185548001823e-9
162.24,-5.670891054560364e-10,-1.2605553954155529e-9
162.25,-5.463056545936661e-10,-1.2684633546554844e-9
162.26,-5.255086159547742e-10,-1.27624204729324e-9
162.27,-5.046996579190988e-10,-1.2838911011102163e-9
162.28,-4.838804458351682e-10,-1.2914101547409365e-9
162.29,-4.6305264354866076e-10,-1.2987988601235512e-9
162.3,-4.422179134737501e-10,-1.3060568797041978e-9
162.31,-4.213779152524325e-10,-1.3131838889022368e-9
162.32,-4.005343078160896e-10,-1.3201795744495272e-9
162.33,-3.796887468183338e-10,-1.3270436356304946e-9
162.34,-3.588428869677909e-10,-1.3337757833778848e-9
162.35,-3.3799837732169226e-10,-1.3403757407609678e-9
162.36,-3.171568689684673e-10,-1.3468432426994578e-9
162.37,-2.9632000736227877e-10,-1.3531780359561496e-9
162.38,-2.754894353187838e-10,-1.3593798795699968e-9
162.39,-2.546667937016841e-10,-1.365448544113477e-9
162.4,-2.338537194526442e-10,-1.3713838125132575e-9
162.41,-2.1305184688355325e-10,-1.3771854795908614e-9
162.42,-1.9226280649653713e-10,-1.382853351860253e-9
162.43,-1.7148822651146836e-10,-1.3883872483910183e-9
162.44,-1.5072972919910775e-10,-1.3937869982735228e-9
162.45,-1.2998893508958577e-10,-1.3990524450065685e-9
162.46,-1.0926746119930391e-10,-1.4041834427868125e-9
162.47,-8.856691911724288e-11,-1.4091798576006616e-9
162.48,-6.788891747528552e-11,-1.4140415674844128e-9
162.49,-4.7235059892473934e-11,-1.418768462302718e-9
162.5,-2.6606946200860443e-11,-1.4233604436723788e-9
162.51,-6.006171974379554e-12,-1.4278174252914818e-9
162.52,1.456567089847426e-11,-1.4321393324547944e-9
162.53,3.510699970340393e-11,-1.4363261022161529e-9
162.54,5.5616230212197915e-11,-1.4403776833064801e-9
162.55,7.609178695414675e-11,-1.4442940363690758e-9
162.56,9.653209868715019e-11,-1.448075133709582e-9
162.57,1.1693559873033805e-10,-1.4517209592611401e-9
162.58,1.3730072693974911e-10,-1.4552315087530642e-9
162.59,1.576259270422137e-10,-1.4586067895541258e-9
162.6,1.7790964935566213e-10,-1.4618468205185698e-9
162.61,1.9815035031518644e-10,-1.4649516313843645e-9
162.62,2.1834648858678928e-10,-1.4679212665170761e-9
162.63,2.3849653360824373e-10,-1.4707557774751236e-9
162.64,2.58598958306825e-10,-1.4734552297152237e-9
162.65,2.786522413372566e-10,-1.4760197003271036e-9
162.66,2.9865486800447007e-10,-1.4784492767887539e-9
162.67,3.186053301428533e-10,-1.4807440590815312e-9
162.68,3.3850212602572187e-10,-1.4829041579129226e-9
162.69,3.5834376002013707e-10,-1.484929695099479e-9
162.7,3.7812874332991434e-10,-1.4868208052401616e-9
162.71,3.978555934962954e-10,-1.4885776312406614e-9
162.72,4.175228357471675e-10,-1.4902003308278553e-9
162.73,4.3712900195111564e-10,-1.4916890703863937e-9
162.74,4.566726306752859e-10,-1.4930440285896804e-9
162.75,4.761522679276441e-10,-1.4942653947015248e-9
162.76,4.95566466630115e-10,-1.4953533696645412e-9
162.77,5.149137880772112e-10,-1.4963081647577457e-9
162.78,5.341927999151808e-10,-1.4971300026996454e-9
162.79,5.534020781921223e-10,-1.4978191173785037e-9
162.8,5.725402050293116e-10,-1.498375752867413e-9
162.81,5.916057734744204e-10,-1.4988001643723708e-9
162.82,6.105973803374244e-10,-1.4990926191944505e-9
162.83,6.29513634399349e-10,-1.4992533930471958e-9
162.84,6.483531505799143e-10,-1.4992827744838216e-9
162.85,6.671145512168931e-10,-1.499181061547947e-9
162.86,6.857964685688999e-10,-1.4989485632686715e-9
162.87,7.043975424773839e-10,-1.4985855993314678e-9
162.88,7.229164217063541e-10,-1.4980924997403833e-9
162.89,7.41351762215892e-10,-1.4974696055312352e-9
162.9,7.59702230631147e-10,-1.496717267374317e-9
162.91,7.779665006883847e-10,-1.4958358472904103e-9
162.92,7.961432567936375e-10,-1.4948257166451761e-9
162.93,8.142311893231814e-10,-1.4936872571631186e-9
162.94,8.322290010757948e-10,-1.4924208617094781e-9
162.95,8.50135401760784e-10,-1.4910269326790971e-9
162.96,8.679491109672275e-10,-1.4895058824877488e-9
162.97,8.856688582508992e-10,-1.4878581339472724e-9
162.98,9.032933805698505e-10,-1.4860841193998572e-9
162.99,9.208214266510553e-10,-1.4841842816373478e-9
163.0,9.382517536136728e-10,-1.4821590728209218e-9
163.01,9.555831286078122e-10,-1.4800089554191489e-9
163.02,9.72814327458735e-10,-1.4777344014341682e-9
163.03,9.899441371825643e-10,-1.4753358923873988e-9
163.04,1.0069713543216137e-9,-1.472813919743145e-9
163.05,1.0238947851305922e-9,-1.4701689844839057e-9
163.06,1.0407132461991558e-9,-1.4674015968611472e-9
163.07,1.057425563699795e-9,-1.464512276560957e-9
163.08,1.0740305744515894e-9,-1.46150155322322e-9
163.09,1.0905271256149272e-9,-1.4583699650667307e-9
163.1,1.1069140752732892e-9,-1.4551180598261222e-9
163.11,1.1231902895511037e-9,-1.4517463948708507e-9
163.12,1.1393546483347895e-9,-1.4482555359133943e-9
163.13,1.1554060400682643e-9,-1.4446460581898711e-9
163.14,1.1713433644944853e-9,-1.4409185458397426e-9
163.15,1.1871655322275741e-9,-1.4370735915294643e-9
163.16,1.2028714636138002e-9,-1.4331117975735914e-9
163.17,1.2184600916046958e-9,-1.4290337743396528e-9
163.18,1.2339303586977893e-9,-1.424840141173586e-9
163.19,1.2492812193603387e-9,-1.4205315257726489e-9
163.2,1.2645116375530877e-9,-1.4161085651998112e-9
163.21,1.2796205904267666e-9,-1.4115719039168478e-9
163.22,1.2946070655398927e-9,-1.4069221953308533e-9
163.23,1.309470060887891e-9,-1.4021601013583444e-9
163.24,1.3242085874246044e-9,-1.397286291528318e-9
163.25,1.338821665765519e-9,-1.392301444116814e-9
163.26,1.3533083292784222e-9,-1.3872062456842514e-9
163.27,1.3676676220326047e-9,-1.3820013902388848e-9
163.28,1.3818985999410333e-9,-1.3766875802046562e-9
163.29,1.3960003312236443e-9,-1.3712655251063458e-9
163.3,1.4099718946321593e-9,-1.3657359433367072e-9
163.31,1.4238123814104525e-9,-1.3600995603439498e-9
163.32,1.4375208942601971e-9,-1.3543571094566323e-9
163.33,1.4510965485012697e-9,-1.3485093312556737e-9
163.34,1.464538469704371e-9,-1.3425569743266512e-9
163.35,1.4778457972712248e-9,-1.3365007941616446e-9
163.36,1.4910176813239279e-9,-1.3303415539133915e-9
163.37,1.5040532846834126e-9,-1.3240800230890799e-9
163.38,1.5169517823099632e-9,-1.3177169808654157e-9
163.39,1.5297123606213703e-9,-1.3112532099737168e-9
163.4,1.5423342191233459e-9,-1.3046895026613835e-9
163.41,1.5548165687622754e-9,-1.2980266573516263e-9
163.42,1.567158633528313e-9,-1.291265478784538e-9
163.43,1.5793596494633077e-9,-1.284406779213092e-9
163.44,1.5914188646278604e-9,-1.2774513773893604e-9
163.45,1.60333553975951e-9,-1.2704000984437894e-9
163.46,1.6151089472437925e-9,-1.2632537739104897e-9
163.47,1.6267383753307984e-9,-1.2560132418213004e-9
163.48,1.638223119249052e-9,-1.2486793473140261e-9
163.49,1.6495624916941866e-9,-1.2412529399450708e-9
163.5,1.6607558150348003e-9,-1.2337348776419718e-9
163.51,1.6718024262768251e-9,-1.2261260219601482e-9
163.52,1.6827016731999678e-9,-1.2184272427269657e-9
163.53,1.6934529180373882e-9,-1.21063941417561e-9
163.54,1.7040555341721457e-9,-1.2027634170566259e-9
163.55,1.7145089088899898e-9,-1.1948001376615125e-9
163.56,1.7248124423077916e-9,-1.1867504673985363e-9
163.57,1.7349655458247255e-9,-1.1786153044471227e-9
163.58,1.74496764641367e-9,-1.1703955502077074e-9
163.59,1.7548181806901446e-9,-1.1620921144892975e-9
163.6,1.7645166012241206e-9,-1.153705909687148e-9
163.61,1.7740623712468366e-9,-1.1452378547917206e-9
163.62,1.7834549679656976e-9,-1.1366888733867674e-9
163.63,1.7926938813836158e-9,-1.1280598945500112e-9
163.64,1.8017786145758405e-9,-1.119351851108256e-9
163.65,1.8107086837790548e-9,-1.1105656822169553e-9
163.66,1.8194836175329324e-9,-1.1017023307866765e-9
163.67,1.8281029584673262e-9,-1.092762744364191e-9
163.68,1.8365662621011941e-9,-1.0837478751490282e-9
163.69,1.8448730943166273e-9,-1.0746586809118397e-9
163.7,1.8530230390308681e-9,-1.0654961218216287e-9
163.71,1.8610156897531522e-9,-1.056261163461556e-9
163.72,1.868850654111886e-9,-1.0469547755626107e-9
163.73,1.8765275523519975e-9,-1.0375779314589943e-9
163.74,1.8840460190453918e-9,-1.0281316092266287e-9
163.75,1.8914057007137908e-9,-1.01861678999785e-9
163.76,1.898606257080743e-9,-1.0090344596590382e-9
163.77,1.9056473614840627e-9,-9.993856060003453e-10
163.78,1.9125287015079972e-9,-9.896712240023674e-10
163.79,1.919249976127567e-9,-9.798923076455834e-10
163.8,1.9258108974041222e-9,-9.700498573152933e-10
163.81,1.9322111919237293e-9,-9.601448761832989e-10
163.82,1.9384505984498965e-9,-9.501783702791204e-10
163.83,1.9445288700616426e-9,-9.401513488366124e-10
163.84,1.9504457717279443e-9,-9.300648245156814e-10
163.85,1.95620108201779e-9,-9.199198128519816e-10
163.86,1.9617945932288483e-9,-9.097173318058897e-10
163.87,1.9672261098711065e-9,-8.994584018018676e-10
163.88,1.972495450596915e-9,-8.891440475994242e-10
163.89,1.977602446373353e-9,-8.787752951500563e-10
163.9,1.982546942022792e-9,-8.683531732029432e-10
163.91,1.9873287948258947e-9,-8.578787128888418e-10
163.92,1.991947875987624e-9,-8.473529478753541e-10
163.93,1.9964040694245834e-9,-8.367769136730413e-10
163.94,2.000697271698771e-9,-8.261516483541508e-10
163.95,2.0048273928329713e-9,-8.15478191522204e-10
163.96,2.0087943570573393e-9,-8.047575855387099e-10
163.97,2.0125980998025496e-9,-7.939908733971711e-10
163.98,2.0162385705467388e-9,-7.831791007291739e-10
163.99,2.019715731704974e-9,-7.723233146052975e-10
164.0,2.0230295586712447e-9,-7.614245635856552e-10
164.01,2.0261800400244427e-9,-7.504838971200856e-10
164.02,2.029167177279808e-9,-7.395023682303003e-10
164.03,2.031990984423686e-9,-7.284810282008262e-10
164.04,2.0346514888120094e-9,-7.174209310140123e-10
164.05,2.0371487310942827e-9,-7.063231325947735e-10
164.06,2.0394827640996394e-9,-6.951886878884457e-10
164.07,2.0416536539199136e-9,-6.840186541656604e-10
164.08,2.043661479655697e-9,-6.728140891219741e-10
164.09,2.0455063327800286e-9,-6.615760510417689e-10
164.1,2.0471883175672533e-9,-6.503055991798112e-10
164.11,2.0487075517816938e-9,-6.390037928330726e-10
164.12,2.050064164945766e-9,-6.276716921882145e-10
164.13,2.0512583004386473e-9,-6.163103579330675e-10
164.14,2.0522901125670575e-9,-6.049208493917974e-10
164.15,2.053159770319895e-9,-5.935042285152063e-10
164.16,2.053867454093607e-9,-5.82061555759574e-10
164.17,2.054413357217922e-9,-5.705938919102266e-10
164.18,2.0547976850205566e-9,-5.591022978307175e-10
164.19,2.055020656270897e-9,-5.475878337160243e-10
164.2,2.0550825014412996e-9,-5.360515602360318e-10
164.21,2.0549834638742683e-9,-5.244945367017524e-10
164.22,2.054723798776422e-9,-5.129178228859129e-10
164.23,2.0543037744702816e-9,-5.013224770552666e-10
164.24,2.053723671123236e-9,-4.897095576909608e-10
164.25,2.0529837812653816e-9,-4.780801221026465e-10
164.26,2.0520844094315497e-9,-4.664352265482802e-10
164.27,2.0510258727294848e-9,-4.5477592709940383e-10
164.28,2.04980849987932e-9,-4.4310327800895086e-10
164.29,2.048432632999388e-9,-4.3141833281577456e-10
164.3,2.046898624299966e-9,-4.197221438252131e-10
164.31,2.045206840039216e-9,-4.080157620974998e-10
164.32,2.0433576550627882e-9,-3.96300237409903e-10
164.33,2.0413514608633322e-9,-3.84576617588099e-10
164.34,2.0391886578797414e-9,-3.7284594936867064e-10
164.35,2.0368696581228306e-9,-3.6110927812062156e-10
164.36,2.034394886590333e-9,-3.4936764673227394e-10
164.37,2.031764779227644e-9,-3.3762209690201475e-10
164.38,2.0289797840552137e-9,-3.258736681099695e-10
164.39,2.0260403603695588e-9,-3.141233979876894e-10
164.4,2.0229469796192067e-9,-3.023723216624324e-10
164.41,2.0197001228756492e-9,-2.906214739504908e-10
164.42,2.0163002854813497e-9,-2.78871884698318e-10
164.43,2.0127479721285015e-9,-2.671245830900853e-10
164.44,2.0090436993201645e-9,-2.5538059547828034e-10
164.45,2.0051879951171896e-9,-2.4364094606776777e-10
164.46,2.0011813979831678e-9,-2.3190665629825663e-10
164.47,1.9970244585151494e-9,-2.2017874493714841e-10
164.48,1.9927177381736253e-9,-2.0845822743465266e-10
164.49,1.988261808740701e-9,-1.967461184358051e-10
164.5,1.9836572524408893e-9,-1.8504342601927826e-10
164.51,1.9789046651900032e-9,-1.7335115956464e-10
164.52,1.974004650402609e-9,-1.6167032217787388e-10
164.53,1.96895782445329e-9,-1.5000191557929782e-10
164.54,1.9637648135628435e-9,-1.3834693732228288e-10
164.55,1.9584262539550866e-9,-1.2670638238563402e-10
164.56,1.9529427940819257e-9,-1.1508124171653197e-10
164.57,1.9473150911789703e-9,-1.0347250318597239e-10
164.58,1.9415438127601806e-9,-9.188115147501332e-11
164.59,1.935629640594271e-9,-8.03081659145947e-11
164.6,1.9295732605125145e-9,-6.875452481858157e-11
164.61,1.923375372855215e-9,-5.722120069056818e-11
164.62,1.9170366869831463e-9,-4.570916325787864e-11
164.63,1.9105579220130113e-9,-3.4219377651566965e-11
164.64,1.9039398073881207e-9,-2.275280537765928e-11
164.65,1.897183082410055e-9,-1.131040372481099e-11
164.66,1.890288496133574e-9,1.0687406314504749e-13
164.67,1.8832568077375423e-9,1.1498079190758648e-11
164.68,1.8760887850196717e-9,2.2862266275130804e-11
164.69,1.8687852065657815e-9,3.419849568093182e-11
164.7,1.8613468604135238e-9,4.5505831260625783e-11
164.71,1.8537745429577272e-9,5.6783341774820797e-11
164.72,1.8460690613017345e-9,6.803009995797066e-11
164.73,1.838231230950451e-9,7.924518409043582e-11
164.74,1.8302618769138408e-9,9.04276764733704e-11
164.75,1.8221618332895475e-9,1.0157666470561413e-10
164.76,1.8139319433266521e-9,1.1269124086878594e-10
164.77,1.8055730599576438e-9,1.2377050193606418e-10
164.78,1.7970860428534995e-9,1.3481355014547296e-10
164.79,1.7884717628905075e-9,1.458194926619064e-10
164.8,1.7797310982991632e-9,1.5678744195271132e-10
164.81,1.7708649364806839e-9,1.6771651528357902e-10
164.82,1.7618741730786794e-9,1.7860583547664737e-10
164.83,1.7527597122658018e-9,1.8945453069185145e-10
164.84,1.743522467311703e-9,2.0026173457003836e-10
164.85,1.734163358181211e-9,2.1102658558744339e-10
164.86,1.7246833150905712e-9,2.2174822869947196e-10
164.87,1.715083274497972e-9,2.3242581361690592e-10
164.88,1.7053641823737162e-9,2.4305849616796326e-10
164.89,1.695526991610152e-9,2.5364543738932695e-10
164.9,1.6855726630521633e-9,2.641858052433224e-10
164.91,1.6755021659766355e-9,2.746787718042594e-10
164.92,1.665316477143829e-9,2.8512351647606465e-10
164.93,1.6550165805486966e-9,2.9551922372151517e-10
164.94,1.6446034681721844e-9,3.0586508478140933e-10
164.95,1.6340781385699106e-9,3.161602959149556e-10
164.96,1.623441598563186e-9,3.264040605570538e-10
164.97,1.6126948616063925e-9,3.3659558752190896e-10
164.98,1.601838948554051e-9,3.467340922478397e-10
164.99,1.5908748870791289e-9,3.5681879691307874e-10
165.0,1.5798037125196185e-9,3.66848928875967e-10
165.01,1.5686264657434191e-9,3.768237227842261e-10
165.02,1.5573441955063074e-9,3.867424192577873e-10
165.03,1.5459579572571207e-9,3.966042661193436e-10
165.04,1.5344688120096192e-9,4.064085166357094e-10
165.05,1.5228778280962596e-9,4.1615443173772194e-10
165.06,1.5111860799638114e-9,4.2584127830677826e-10
165.07,1.4993946483379129e-9,4.3546833015574457e-10
165.08,1.4875046205670354e-9,4.4503486814888e-10
165.09,1.4755170893759815e-9,4.5454017943820285e-10
165.1,1.4634331538742348e-9,4.6398355832664094e-10
165.11,1.4512539189208418e-9,4.733643057978566e-10
165.12,1.4389804957632017e-9,4.826817301085162e-10
165.13,1.4266140001621586e-9,4.919351462349666e-10
165.14,1.4141555548485688e-9,5.011238760932064e-10
165.15,1.4016062870679887e-9,5.102472491590112e-10
165.16,1.3889673293544868e-9,5.19304601248908e-10
165.17,1.3762398211893637e-9,5.282952762072937e-10
165.18,1.3634249051971457e-9,5.372186245028772e-10
165.19,1.350523730271828e-9,5.46074004084851e-10
165.2,1.3375374500579586e-9,5.548607799098353e-10
165.21,1.3244672231012357e-9,5.635783251345332e-10
165.22,1.31131421232026e-9,5.72226018520006e-10
165.23,1.298079586823803e-9,5.808032482747005e-10
165.24,1.284764517549885e-9,5.893094084515818e-10
165.25,1.2713701838139192e-9,5.977439016778435e-10
165.26,1.257897766249233e-9,6.061061374639087e-10
165.27,1.24434845046775e-9,6.143955331634724e-10
165.28,1.230723426867381e-9,6.226115135329684e-10
165.29,1.2170238894908527e-9,6.307535108774044e-10
165.3,1.2032510372416848e-9,6.388209660157151e-10
165.31,1.1894060713694287e-9,6.4681332580798e-10
165.32,1.1754901982148962e-9,6.547300462319162e-10
165.33,1.161504627540619e-9,6.625705905512546e-10
165.34,1.1474505713084025e-9,6.703344293209351e-10
165.35,1.1333292493795374e-9,6.780210429174851e-10
165.36,1.1191418785756788e-9,6.856299164753949e-10
165.37,1.104889683774271e-9,6.931605451154797e-10
165.38,1.0905738912316788e-9,7.006124314698379e-10
165.39,1.0761957306608452e-9,7.079850857635072e-10
165.4,1.061756434661287e-9,7.152780264414398e-10
165.41,1.047257238864852e-9,7.224907798031065e-10
165.42,1.0326993815064616e-9,7.296228801390641e-10
165.43,1.0180841035377273e-9,7.366738698979883e-10
165.44,1.0034126481068222e-9,7.436432994744478e-10
165.45,9.886862617166871e-10,7.505307273368472e-10
165.46,9.739061926944633e-10,7.573357200793848e-10
165.47,9.590736913903804e-10,7.640578520623069e-10
165.48,9.441900105424726e-10,7.70696707115046e-10
165.49,9.292564050868806e-10,7.77251875188229e-10
165.5,9.142741317367987e-10,7.83722955818482e-10
165.51,8.992444489822326e-10,7.901095563533251e-10
165.52,8.841686175142326e-10,7.964112924074905e-10
165.53,8.690478986562319e-10,8.026277875356201e-10
165.54,8.538835562271046e-10,8.087586739658325e-10
165.55,8.38676855544039e-10,8.148035920780995e-10
165.56,8.2342906229158e-10,8.20762189806342e-10
165.57,8.081414446047796e-10,8.266341255843965e-10
165.58,7.928152703403561e-10,8.32419062940728e-10
165.59,7.774518095655237e-10,8.381166757821447e-10
165.6,7.62052332831537e-10,8.43726646076049e-10
165.61,7.466181111313935e-10,8.492486636294249e-10
165.62,7.311504170250346e-10,8.546824274305352e-10
165.63,7.156505223908835e-10,8.600276438228051e-10
165.64,7.001197018806467e-10,8.652840282418214e-10
165.65,6.845592278871273e-10,8.704513045049005e-10
165.66,6.689703744990016e-10,8.755292033802357e-10
165.67,6.533544159407722e-10,8.805174663572674e-10
165.68,6.377126261035969e-10,8.854158415189146e-10
165.69,6.220462795155055e-10,8.902240862400223e-10
165.7,6.063566500139439e-10,8.949419659222246e-10
165.71,5.906450118337818e-10,8.995692544048447e-10
165.72,5.749126382584734e-10,9.041057339946806e-10
165.73,5.591608024452638e-10,9.085511953909769e-10
165.74,5.433907749159833e-10,9.129054371771709e-10
165.75,5.276038340176638e-10,9.17168268412607e-10
165.76,5.118012447469115e-10,9.213395033145787e-10
165.77,4.959842797379609e-10,9.254189668951666e-10
165.78,4.80154208816049e-10,9.294064919225996e-10
165.79,4.6431230044518947e-10,9.333019192592279e-10
165.8,4.484598222608037e-10,9.37105098762538e-10
165.81,4.325980396865001e-10,9.40815887791469e-10
165.82,4.1672821874715483e-10,9.444341534395592e-10
165.83,4.0085162238922486e-10,9.47959769910041e-10
165.84,3.849695129105754e-10,9.513926201625723e-10
165.85,3.690831508692851e-10,9.54732595960606e-10
165.86,3.5319379473670365e-10,9.579795969924475e-10
165.87,3.3730270155052725e-10,9.611335313175804e-10
165.88,3.214111264054258e-10,9.641943155501244e-10
165.89,3.055203226160752e-10,9.671618745696638e-10
165.9,2.8963154069387937e-10,9.700361415011019e-10
165.91,2.73746029201452e-10,9.728170577809055e-10
165.92,2.578650362399423e-10,9.755045736010825e-10
165.93,2.419898042537123e-10,9.780986464779373e-10
165.94,2.2612157534511144e-10,9.805992430961997e-10
165.95,2.1026158918923676e-10,9.830063379397941e-10
165.96,1.944110816106881e-10,9.853199144662785e-10
165.97,1.7857128615686536e-10,9.875399629104905e-10
165.98,1.6274343454500555e-10,9.896664836877699e-10
165.99,1.4692875360133045e-10,9.916994830208249e-10
166.0,1.3112846887391343e-10,9.936389777193207e-10
166.01,1.1534380188872696e-10,9.954849911181e-10
166.02,9.95759714760286e-11,9.972375559765336e-10
166.03,8.382619244643726e-11,9.98896712010059e-10
166.04,6.809567682875298e-11,1.0004625073307559e-9
166.05,5.238563265445382e-11,1.001934998967786e-9
166.06,3.66972648852698e-11,1.0033142509243727e-9
166.07,2.1031774611061506e-11,1.0046003359631153e-9
166.08,5.390358657417372e-12,1.005793334349299e-9
166.09,-1.0225788898963454e-11,1.0068933348834967e-9
166.1,-2.5815478527312662e-11,1.007900434265726e-9
166.11,-4.13775258303507e-11,1.0088147366867202e-9
166.12,-5.6910748451184346e-11,1.009636354528983e-9
166.13,-7.24139695394887e-11,1.010365408441919e-9
166.14,-8.788601611300557e-11,1.0110020265208255e-9
166.15,-1.0332571982344615e-10,1.0115463448340116e-9
166.16,-1.1873191699247077e-10,1.011998507151731e-9
166.17,-1.3410344750122804e-10,1.0123586653812705e-9
166.18,-1.494391570106618e-10,1.0126269789932044e-9
166.19,-1.64737895750196e-10,1.012803614883253e-9
166.2,-1.7999851717017025e-10,1.012888748020858e-9
166.21,-1.952198821382618e-10,1.012882561352884e-9
166.22,-2.1040085476374127e-10,1.0127852449120575e-9
166.23,-2.2554030459682875e-10,1.0125969963661255e-9
166.24,-2.4063710655684566e-10,1.0123180213276106e-9
166.25,-2.556901394430047e-10,1.011948533377907e-9
166.26,-2.7069829123767394e-10,1.0114887513811764e-9
166.27,-2.8566045018236826e-10,1.0109389048619039e-9
166.28,-3.005755139242068e-10,1.0102992287457276e-9
166.29,-3.154423809562255e-10,1.0095699658240671e-9
166.3,-3.3025996265541343e-10,1.0087513661145279e-9
166.31,-3.450271695720374e-10,1.0078436876609715e-9
166.32,-3.597429210829031e-10,1.0068471950544578e-9
166.33,-3.744061412282289e-10,1.0057621605419207e-9
166.34,-3.8901576079382057e-10,1.0045888633435815e-9
166.35,-4.035707164082041e-10,1.0033275899725135e-9
166.36,-4.1806995010308435e-10,1.0019786343535188e-9
166.37,-4.3251241131351413e-10,1.0005422967373092e-9
166.38,-4.468970536243621e-10,9.990188862554526e-10
166.39,-4.6122283914646326e-10,9.974087166277117e-10
166.4,-4.754887356231999e-10,9.957121100204276e-10
166.41,-4.896937165724582e-10,9.939293954423828e-10
166.42,-5.038367624057859e-10,9.920609083453688e-10
166.43,-5.179168602780316e-10,9.901069918559609e-10
166.44,-5.319330041503828e-10,9.880679950500954e-10
166.45,-5.458841939758673e-10,9.859442740163686e-10
166.46,-5.597694373371029e-10,9.837361924212844e-10
166.47,-5.735877478485307e-10,9.814441181927018e-10
166.48,-5.873381469382529e-10,9.790684291971375e-10
166.49,-6.010196622635935e-10,9.766095078873889e-10
166.5,-6.146313289852825e-10,9.740677434816435e-10
166.51,-6.281721891508618e-10,9.714435318174108e-10
166.52,-6.416412920753885e-10,9.687372753944868e-10
166.53,-6.550376944226403e-10,9.659493829459344e-10
166.54,-6.683604597239909e-10,9.63080269361138e-10
166.55,-6.816086586274701e-10,9.601303558015081e-10
166.56,-6.947813722697421e-10,9.57100071139695e-10
166.57,-7.078776837587591e-10,9.539898483538284e-10
166.58,-7.208966891698268e-10,9.508001270174258e-10
166.59,-7.338374883535683e-10,9.475313540773674e-10
166.6,-7.466991905234719e-10,9.44183981578346e-10
166.61,-7.594809128489827e-10,9.407584676446663e-10
166.62,-7.721817794539799e-10,9.372552763574556e-10
166.63,-7.84800923261958e-10,9.336748776674007e-10
166.64,-7.973374835214567e-10,9.300177480809408e-10
166.65,-8.097906093369452e-10,9.26284368753353e-10
166.66,-8.221594568140502e-10,9.224752272460296e-10
166.67,-8.344431898175106e-10,9.185908169091189e-10
166.68,-8.466409811606893e-10,9.14631636055796e-10
166.69,-8.587520114433163e-10,9.10598189667405e-10
166.7,-8.707754691997926e-10,9.064909872410927e-10
166.71,-8.827105516640401e-10,9.023105442096683e-10
166.72,-8.945564643114548e-10,8.980573814020189e-10
166.73,-9.063124203922034e-10,8.937320247748254e-10
166.74,-9.179776429671165e-10,8.893350063821781e-10
166.75,-9.295513620743733e-10,8.848668621814662e-10
166.76,-9.41032817624137e-10,8.803281340156646e-10
166.77,-9.524212559649951e-10,8.757193696391127e-10
166.78,-9.637159353660876e-10,8.710411203914913e-10
166.79,-9.749161192024013e-10,8.662939439261841e-10
166.8,-9.860210818930613e-10,8.614784019174093e-10
166.81,-9.970301059032942e-10,8.565950615047276e-10
166.82,-1.0079424818633096e-9,8.51644494473985e-10
166.83,-1.0187575113770667e-9,8.466272771097346e-10
166.84,-1.0294745019311633e-9,8.41543991229223e-10
166.85,-1.0400927717403475e-9,8.363952223795912e-10
166.86,-1.050611647739403e-9,8.311815619914201e-10
166.87,-1.0610304651398691e-9,8.259036034056552e-10
166.88,-1.0713485699691096e-9,8.205619476246367e-10
166.89,-1.081565315009424e-9,8.151571983139161e-10
166.9,-1.0916800635871185e-9,8.096899637481367e-10
166.91,-1.1016921882859885e-9,8.041608567975097e-10
166.92,-1.1116010693289141e-9,7.985704940360512e-10
166.93,-1.1214060979496291e-9,7.929194967895355e-10
166.94,-1.1311066736282384e-9,7.872084900290637e-10
166.95,-1.1407022053916682e-9,7.814381031597326e-10
166.96,-1.1501921113944164e-9,7.756089691483002e-10
166.97,-1.1595758195672196e-9,7.697217255156975e-10
166.98,-1.1688527662508184e-9,7.63777013082056e-10
166.99,-1.178022398481229e-9,7.57775476229925e-10
167.0,-1.1870841716015864e-9,7.51717764134912e-10
167.01,-1.1960375508935951e-9,7.456045289188588e-10
167.02,-1.204882011036937e-9,7.394364255108928e-10
167.03,-1.2136170364116064e-9,7.332141141201968e-10
167.04,-1.222242120536117e-9,7.269382575102339e-10
167.05,-1.230756766823313e-9,7.206095212689193e-10
167.06,-1.2391604880222411e-9,7.142285755295274e-10
167.07,-1.2474528065647445e-9,7.0779609301346e-10
167.08,-1.2556332546165533e-9,7.013127497066314e-10
167.09,-1.2637013734195682e-9,6.9477922482213e-10
167.1,-1.2716567147948128e-9,6.881962007159116e-10
167.11,-1.2794988395626987e-9,6.815643628412566e-10
167.12,-1.2872273185037328e-9,6.748843992148348e-10
167.13,-1.294841731910479e-9,6.681570008013653e-10
167.14,-1.3023416702861959e-9,6.613828623942187e-10
167.15,-1.3097267332805196e-9,6.545626799824813e-10
167.16,-1.316996530234904e-9,6.476971532870948e-10
167.17,-1.3241506814111986e-9,6.407869843531109e-10
167.18,-1.3311888156832665e-9,6.338328777921684e-10
167.19,-1.3381105717347687e-9,6.268355406685204e-10
167.2,-1.3449155989327135e-9,6.197956825232781e-10
167.21,-1.3516035556439754e-9,6.127140153720293e-10
167.22,-1.3581741109131129e-9,6.055912529956758e-10
167.23,-1.3646269422245222e-9,5.984281125685058e-10
167.24,-1.370961738731845e-9,5.912253119343972e-10
167.25,-1.3771781981894133e-9,5.839835721144395e-10
167.26,-1.3832760285830805e-9,5.767036157326857e-10
167.27,-1.38925494797247e-9,5.693861675470385e-10
167.28,-1.395114683744541e-9,5.62031954020467e-10
167.29,-1.4008549742712044e-9,5.546417033670103e-10
167.3,-1.4064755661092789e-9,5.472161458508907e-10
167.31,-1.411976217786446e-9,5.39756013464254e-10
167.32,-1.4173566953012877e-9,5.322620391551776e-10
167.33,-1.4226167773740764e-9,5.247349580772199e-10
167.34,-1.4277562506440667e-9,5.171755071470603e-10
167.35,-1.4327749119121404e-9,5.095844237636374e-10
167.36,-1.4376725684968353e-9,5.019624474105824e-10
167.37,-1.4424490369027427e-9,4.943103186141961e-10
167.38,-1.4471041445223496e-9,4.866287791966642e-10
167.39,-1.4516377275392785e-9,4.789185720215895e-10
167.4,-1.4560496325421599e-9,4.711804409501213e-10
167.41,-1.460339716732916e-9,4.6341513116298736e-10
167.42,-1.4645078460346848e-9,4.556233886306251e-10
167.43,-1.468553896017649e-9,4.478059601471373e-10
167.44,-1.4724777537290596e-9,4.3996359339624955e-10
167.45,-1.4762793154705365e-9,4.3209703678707e-10
167.46,-1.4799584860802744e-9,4.242070394888689e-10
167.47,-1.4835151817242916e-9,4.162943513551314e-10
167.48,-1.4869493280431664e-9,4.083597224359136e-10
167.49,-1.490260860108704e-9,4.0040390383914854e-10
167.5,-1.493449723563525e-9,3.924276461620875e-10
167.51,-1.4965158731416193e-9,3.8443170152323817e-10
167.52,-1.4994592736754666e-9,3.764168214172646e-10
167.53,-1.5022798992646305e-9,3.68383757860214e-10
167.54,-1.5049777359218054e-9,3.603332634182315e-10
167.55,-1.5075527761138035e-9,3.522660900584294e-10
167.56,-1.5100050238338159e-9,3.4418299035920357e-10
167.57,-1.5123344931332874e-9,3.360847161234352e-10
167.58,-1.514541206717613e-9,3.279720201388748e-10
167.59,-1.5166251982387229e-9,3.198456536750026e-10
167.6,-1.5185865096575838e-9,3.117063690487567e-10
167.61,-1.5204251936190922e-9,3.0355491732620407e-10
167.62,-1.522141311913866e-9,2.953920501266698e-10
167.63,-1.5237349354175157e-9,2.872185170413492e-10
167.64,-1.525206145657393e-9,2.7903506925317544e-10
167.65,-1.526555033350069e-9,2.7084245583516455e-10
167.66,-1.5277816986024604e-9,2.626414256240177e-10
167.67,-1.5288862507309108e-9,2.544327272266171e-10
167.68,-1.5298688094716296e-9,2.462171077165029e-10
167.69,-1.5307295027239938e-9,2.379953137595078e-10
167.7,-1.5314684685783544e-9,2.297680920330388e-10
167.71,-1.532085855599373e-9,2.2153618485083765e-10
167.72,-1.532581818179441e-9,2.1330034059694003e-10
167.73,-1.5329565241747858e-9,2.0506129800778e-10
167.74,-1.5332101490592946e-9,1.9681979996300563e-10
167.75,-1.5333428775405782e-9,1.885765869806065e-10
167.76,-1.5333549029747787e-9,1.8033239776858494e-10
167.77,-1.5332464294021067e-9,1.7208797063261876e-10
167.78,-1.5330176688226764e-9,1.6384404181951322e-10
167.79,-1.5326688430724942e-9,1.5560134636704674e-10
167.8,-1.5322001827213536e-9,1.4736061748462003e-10
167.81,-1.531611927978752e-9,1.391225874986155e-10
167.82,-1.530904327111564e-9,1.3088798654804238e-10
167.83,-1.5300776385609954e-9,1.2265754310575424e-10
167.84,-1.5291321291267943e-9,1.1443198393067101e-10
167.85,-1.5280680747699241e-9,1.0621203431354207e-10
167.86,-1.5268857601383365e-9,9.799841722064184e-11
167.87,-1.5255854790578421e-9,8.97918538540597e-11
167.88,-1.5241675340973445e-9,8.159306334141353e-11
167.89,-1.5226322373234876e-9,7.340276308376154e-11
167.9,-1.5209799066738535e-9,6.522166798789724e-11
167.91,-1.5192108729191898e-9,5.705049104667506e-11
167.92,-1.5173254733748033e-9,4.888994218506228e-11
167.93,-1.5153240533010017e-9,4.0740731706304194e-11
167.94,-1.513206968413789e-9,3.260356372977094e-11
167.95,-1.5109745816809348e-9,2.4479142406204913e-11
167.96,-1.5086272646995013e-9,1.636816925688505e-11
167.97,-1.5061653981363387e-9,8.271342789303505e-12
167.98,-1.5035893704971577e-9,1.893585546107703e-13
167.99,-1.5008995791290465e-9,-7.877088758737985e-12
168.0,-1.4980964290124254e-9,-1.5927309473618313e-11
168.01,-1.495180334258838e-9,-2.3960615217324002e-11
168.02,-1.4921517165977905e-9,-3.1976320351211425e-11
168.03,-1.4890110068671917e-9,-3.9973742863502534e-11
168.04,-1.4857586421863093e-9,-4.7952202910063584e-11
168.05,-1.482395069986401e-9,-5.5911024556228013e-11
168.06,-1.4789207441457396e-9,-6.384953354814272e-11
168.07,-1.4753361274085187e-9,-7.176705971686313e-11
168.08,-1.4716416901983862e-9,-7.966293568148086e-11
168.09,-1.4678379101939157e-9,-8.75364970283465e-11
168.1,-1.4639252746132203e-9,-9.538708313142999e-11
168.11,-1.4599042765549077e-9,-1.0321403588329642e-10
168.12,-1.4557754175840498e-9,-1.1101670088584075e-10
168.13,-1.451539207355156e-9,-1.187944275967839e-10
168.14,-1.4471961634036292e-9,-1.2654656759649613e-10
168.15,-1.4427468095683652e-9,-1.3427247754823033e-10
168.16,-1.43819167808834e-9,-1.4197151618145044e-10
168.17,-1.4335313083726503e-9,-1.496430469955639e-10
168.18,-1.4287662477100808e-9,-1.5728643632345406e-10
168.19,-1.4238970497896e-9,-1.649010538767586e-10
168.2,-1.4189242776134387e-9,-1.7248627503995015e-10
168.21,-1.4138484987657011e-9,-1.8004147632421267e-10
168.22,-1.4086702895687023e-9,-1.875660396314762e-10
168.23,-1.4033902336091861e-9,-1.9505935016486174e-10
168.24,-1.3980089208185645e-9,-2.0252079755130497e-10
168.25,-1.3925269469003047e-9,-2.0994977542574783e-10
168.26,-1.3869449208269117e-9,-2.173456795430284e-10
168.27,-1.3812634487310525e-9,-2.2470791265013375e-10
168.28,-1.3754831507334007e-9,-2.3203587982613553e-10
168.29,-1.369604651034591e-9,-2.393289904307836e-10
168.3,-1.3636285814968777e-9,-2.4658665848329697e-10
168.31,-1.357555579368222e-9,-2.5380830120451477e-10
168.32,-1.3513862900634653e-9,-2.609933415544626e-10
168.33,-1.3451213645235274e-9,-2.681412056676342e-10
168.34,-1.3387614590269135e-9,-2.7525132387163684e-10
168.35,-1.3323072411137876e-9,-2.823231329817175e-10
168.36,-1.3257593780876768e-9,-2.893560709813605e-10
168.37,-1.3191185470287154e-9,-2.9634958282124217e-10
168.38,-1.3123854313671744e-9,-3.033031170790763e-10
168.39,-1.3055607195110288e-9,-3.102161267089245e-10
168.4,-1.2986451070192575e-9,-3.170880697100573e-10
168.41,-1.2916392946937682e-9,-3.239184085649001e-10
168.42,-1.284543989157211e-9,-3.3070661012048654e-10
168.43,-1.2773599038676862e-9,-3.374521466560386e-10
168.44,-1.2700877571718369e-9,-3.441544938776472e-10
168.45,-1.2627282737320458e-9,-3.508131336235099e-10
168.46,-1.2552821831188382e-9,-3.5742755245148847e-10
168.47,-1.2477502212995718e-9,-3.6399724085221026e-10
168.48,-1.2401331293678694e-9,-3.7052169453801697e-10
168.49,-1.2324316543029612e-9,-3.770004147806517e-10
168.5,-1.2246465479264464e-9,-3.8343290712161095e-10
168.51,-1.2167785680440502e-9,-3.898186821384106e-10
168.52,-1.2088284763786305e-9,-3.9615725471480764e-10
168.53,-1.2007970418032582e-9,-4.024481492257174e-10
168.54,-1.1926850371844693e-9,-4.0869088810533955e-10
168.55,-1.1844932398984072e-9,-4.14885003358452e-10
168.56,-1.1762224334028932e-9,-4.2103003179065e-10
168.57,-1.1678734056941935e-9,-4.271255136558534e-10
168.58,-1.159446949452952e-9,-4.331709967212231e-10
168.59,-1.150943862034731e-9,-4.391660323017029e-10
168.6,-1.1423649460003161e-9,-4.451101778488439e-10
168.61,-1.133711007298711e-9,-4.510029953097768e-10
168.62,-1.1249828592658885e-9,-4.568440531164778e-10
168.63,-1.1161813157635817e-9,-4.6263292413106293e-10
168.64,-1.107307198137429e-9,-4.683691866947421e-10
168.65,-1.0983613308521752e-9,-4.740524250857271e-10
168.66,-1.0893445422490824e-9,-4.796822284961243e-10
168.67,-1.0802576663585281e-9,-4.852581920873017e-10
168.68,-1.0711015394614535e-9,-4.907799158109326e-10
168.69,-1.0618770033467808e-9,-4.962470059621638e-10
168.7,-1.052584902778399e-9,-5.016590733082414e-10
168.71,-1.0432260872734225e-9,-5.070157359757661e-10
168.72,-1.0338014095521695e-9,-5.123166155448372e-10
168.73,-1.0243117264898138e-9,-5.175613407820006e-10
168.74,-1.0147578971354562e-9,-5.227495450934797e-10
168.75,-1.0051407871890621e-9,-5.278808684820052e-10
168.76,-9.9546126343968e-10,-5.32954955774382e-10
168.77,-9.857201964360841e-10,-5.379714580646974e-10
168.78,-9.759184605177851e-10,-5.42930031759578e-10
168.79,-9.660569329504183e-10,-5.478303389902514e-10
168.8,-9.561364950840053e-10,-5.526720485748886e-10
168.81,-9.461580304680172e-10,-5.574548339644111e-10
168.82,-9.36122426063157e-10,-5.621783746266174e-10
168.83,-9.260305715128448e-10,-5.668423556874514e-10
168.84,-9.158833606943578e-10,-5.7144647033341e-10
168.85,-9.056816884606092e-10,-5.75990413898639e-10
168.86,-8.954264531265538e-10,-5.804738897720188e-10
168.87,-8.851185562831022e-10,-5.848966070766033e-10
168.88,-8.747589011127712e-10,-5.892582805580129e-10
168.89,-8.643483949156295e-10,-5.935586309368358e-10
168.9,-8.538879456005807e-10,-5.977973847791429e-10
168.91,-8.433784645731527e-10,-6.019742748253518e-10
168.92,-8.328208649943462e-10,-6.060890392218002e-10
168.93,-8.222160631770313e-10,-6.101414228933639e-10
168.94,-8.115649760453802e-10,-6.141311755070183e-10
168.95,-8.008685239849901e-10,-6.180580544301736e-10
168.96,-7.901276290054035e-10,-6.219218216028489e-10
168.97,-7.793432145020857e-10,-6.257222450748294e-10
168.98,-7.685162063971224e-10,-6.294590999243439e-10
168.99,-7.576475321732332e-10,-6.33132166228062e-10
169.0,-7.467381204708633e-10,-6.367412304262658e-10
169.01,-7.357889027735939e-10,-6.402860852022713e-10
169.02,-7.248008098009047e-10,-6.437665288374412e-10
169.03,-7.137747764410437e-10,-6.471823659130591e-10
169.04,-7.027117378784104e-10,-6.505334073839124e-10
169.05,-6.916126301165467e-10,-6.538194697920834e-10
169.06,-6.804783908456182e-10,-6.570403756952101e-10
169.07,-6.693099586298093e-10,-6.60195954281883e-10
169.08,-6.58108273788522e-10,-6.632860403537785e-10
169.09,-6.46874276698466e-10,-6.663104749326603e-10
169.1,-6.356089093155949e-10,-6.692691051180858e-10
169.11,-6.243131141021195e-10,-6.721617835522442e-10
169.12,-6.129878344563278e-10,-6.749883701131162e-10
169.13,-6.016340146705617e-10,-6.777487300467048e-10
169.14,-5.90252599002174e-10,-6.804427345251932e-10
169.15,-5.788445328523202e-10,-6.83070261338178e-10
169.16,-5.674107620312384e-10,-6.856311938254746e-10
169.17,-5.559522324674089e-10,-6.88125421717219e-10
169.18,-5.444698905875816e-10,-6.905528410558128e-10
169.19,-5.329646829289795e-10,-6.929133532259472e-10
169.2,-5.214375563747772e-10,-6.952068665665993e-10
169.21,-5.098894575489374e-10,-6.974332948834151e-10
169.22,-4.983213338382588e-10,-6.995925586126292e-10
169.23,-4.867341313527746e-10,-7.016845835272066e-10
169.24,-4.751287970552371e-10,-7.037093018218771e-10
169.25,-4.6350627749205193e-10,-7.056666520298547e-10
169.26,-4.5186751870784413e-10,-7.07556578491426e-10
169.27,-4.4021346658692646e-10,-7.09379031688514e-10
169.28,-4.285450659832482e-10,-7.111339677634831e-10
169.29,-4.168632620347799e-10,-7.128213490717126e-10
169.3,-4.051689993739828e-10,-7.144411446992506e-10
169.31,-3.9346322109400036e-10,-7.159933290731059e-10
169.32,-3.8174686967865027e-10,-7.174778823297561e-10
169.33,-3.7002088793818554e-10,-7.188947911782603e-10
169.34,-3.5828621670825406e-10,-7.202440484206717e-10
169.35,-3.4654379569247143e-10,-7.215256524386879e-10
169.36,-3.347945644562781e-10,-7.227396077753216e-10
169.37,-3.2303946149139545e-10,-7.238859249372128e-10
169.38,-3.112794222009618e-10,-7.249646200372049e-10
169.39,-2.995153838591986e-10,-7.259757159281747e-10
169.4,-2.877482796140193e-10,-7.269192405475673e-10
169.41,-2.759790422970899e-10,-7.277952279786053e-10
169.42,-2.642086043766545e-10,-7.286037192544829e-10
169.43,-2.524378946460617e-10,-7.293447592077232e-10
169.44,-2.4066784211227993e-10,-7.300184002877772e-10
169.45,-2.2889937292831025e-10,-7.30624700153838e-10
169.46,-2.1713341211659892e-10,-7.311637222699202e-10
169.47,-2.053708822905744e-10,-7.316355363033592e-10
169.48,-1.936127052471879e-10,-7.320402172593574e-10
169.49,-1.818597991685699e-10,-7.323778458858696e-10
169.5,-1.7011308165216332e-10,-7.326485092602023e-10
169.51,-1.5837346930362354e-10,-7.32852300456892e-10
169.52,-1.4664187255116946e-10,-7.329893167357778e-10
169.53,-1.349192031290568e-10,-7.330596627186966e-10
169.54,-1.2320636890048497e-10,-7.330634477411903e-10
169.55,-1.1150427651477688e-10,-7.330007873999655e-10
169.56,-9.981382859927351e-11,-7.328718027985989e-10
169.57,-8.81359266295864e-11,-7.326766205148805e-10
169.58,-7.647146902910627e-11,-7.324153729314173e-10
169.59,-6.482135242306428e-11,-7.320881979828503e-10
169.6,-5.3186466775222996e-11,-7.316952385643659e-10
169.61,-4.156770545283561e-11,-7.312366446162544e-10
169.62,-2.996595471334257e-11,-7.307125701388809e-10
169.63,-1.838209909769696e-11,-7.301231753804442e-10
169.64,-6.817020375983964e-12,-7.294686258110083e-10
169.65,4.728403416478997e-12,-7.287490926046324e-10
169.66,1.625329664718696e-11,-7.279647519361236e-10
169.67,2.7756786993930226e-11,-7.271157861877255e-10
169.68,3.9238005642313885e-11,-7.26202383067328e-10
169.69,5.069608705595877e-11,-7.252247324974584e-10
169.7,6.213016877375836e-11,-7.241830354508808e-10
169.71,7.353939161036038e-11,-7.230774938436584e-10
169.72,8.492290069188282e-11,-7.219083165282358e-10
169.73,9.627984381368965e-11,-7.206757170907038e-10
169.74,1.0760937284943115e-10,-7.193799149154818e-10
169.75,1.1891064321218868e-10,-7.180211338192714e-10
169.76,1.3018281398560615e-10,-7.165996034628439e-10
169.77,1.4142504753505698e-10,-7.151155589928331e-10
169.78,1.5263651306970558e-10,-7.135692375329425e-10
169.79,1.638163786624733e-10,-7.119608862141283e-10
169.8,1.7496381965653123e-10,-7.102907542380933e-10
169.81,1.8607801531088918e-10,-7.085590963104997e-10
169.82,1.9715814769070405e-10,-7.067661719095654e-10
169.83,2.0820340446187702e-10,-7.049122460700264e-10
169.84,2.192129763503852e-10,-7.029975883435775e-10
169.85,2.3018605857057204e-10,-7.010224732217299e-10
169.86,2.4112185092222745e-10,-6.989871804801541e-10
169.87,2.5201955855624137e-10,-6.968919931235572e-10
169.88,2.6287838854695705e-10,-6.94737201563656e-10
169.89,2.7369755448170456e-10,-6.925230989911424e-10
169.9,2.844762739653997e-10,-6.902499838305406e-10
169.91,2.9521376886051176e-10,-6.879181593943436e-10
169.92,3.0590926622478613e-10,-6.85527933562068e-10
169.93,3.165619973516791e-10,-6.830796187224892e-10
169.94,3.2717119854649895e-10,-6.805735319032565e-10
169.95,3.3773611075856506e-10,-6.780099949691072e-10
169.96,3.4825598010989087e-10,-6.7538933364626e-10
169.97,3.587300572862935e-10,-6.727118786417504e-10
169.98,3.6915759754278994e-10,-6.699779651574149e-10
169.99,3.7953786233403625e-10,-6.671879326794421e-10
170.0,3.8987011706816584e-10,-6.643421247475208e-10
170.01,4.001536328806052e-10,-6.614408898027628e-10
170.02,4.103876857614007e-10,-6.584845800351665e-10
170.03,4.205715570360372e-10,-6.554735522254959e-10
170.04,4.3070453315495944e-10,-6.524081675619431e-10
170.05,4.407859062333905e-10,-6.4928879051871e-10
170.06,4.5081497311581636e-10,-6.461157906530643e-10
170.07,4.607910366533482e-10,-6.428895415584596e-10
170.08,4.7071340472137e-10,-6.396104201012233e-10
170.09,4.805813908748211e-10,-6.362788079589549e-10
170.1,4.903943142009578e-10,-6.32895090511966e-10
170.11,5.001514993699347e-10,-6.294596569890763e-10
170.12,5.098522765329784e-10,-6.259729005999563e-10
170.13,5.194959820595886e-10,-6.224352182149317e-10
170.14,5.29081956192806e-10,-6.18847011424128e-10
170.15,5.386095477506172e-10,-6.152086841572616e-10
170.16,5.480781093061731e-10,-6.115206454914567e-10
170.17,5.574869999668726e-10,-6.077833060291659e-10
170.18,5.668355843718086e-10,-6.039970828897984e-10
170.19,5.761232336509363e-10,-6.001623951374787e-10
170.2,5.853493243838625e-10,-5.962796654245996e-10
170.21,5.945132388919649e-10,-5.923493202437543e-10
170.22,6.036143671093497e-10,-5.883717886706395e-10
170.23,6.126521017160623e-10,-5.84347506441777e-10
170.24,6.216258453722536e-10,-5.802769077820617e-10
170.25,6.30535004965296e-10,-5.761604333224432e-10
170.26,6.393789931799773e-10,-5.719985268452173e-10
170.27,6.481572295046375e-10,-5.677916347512772e-10
170.28,6.568691400111173e-10,-5.635402067621717e-10
170.29,6.655141565611164e-10,-5.5924469582877e-10
170.3,6.740917172067621e-10,-5.549055582278306e-10
170.31,6.826012667376923e-10,-5.505232528021907e-10
170.32,6.910422565871698e-10,-5.460982421580211e-10
170.33,6.99414143424809e-10,-5.416309913155624e-10
170.34,7.077163916068604e-10,-5.37121968230059e-10
170.35,7.159484715998299e-10,-5.325716440864991e-10
170.36,7.241098599312405e-10,-5.279804925041058e-10
170.37,7.322000401827957e-10,-5.233489905047411e-10
170.38,7.402185025398154e-10,-5.186776173097341e-10
170.39,7.481647434141248e-10,-5.139668548963747e-10
170.4,7.560382664400155e-10,-5.092171879876708e-10
170.41,7.638385802940722e-10,-5.044291048255332e-10
170.42,7.715652027851376e-10,-4.996030942147691e-10
170.43,7.792176566290676e-10,-4.947396494085504e-10
170.44,7.867954718969146e-10,-4.898392650144913e-10
170.45,7.942981854330097e-10,-4.849024385431275e-10
170.46,8.017253407657824e-10,-4.799296696264433e-10
170.47,8.090764882016695e-10,-4.749214603698784e-10
170.48,8.163511846122697e-10,-4.698783156290629e-10
170.49,8.235489937457567e-10,-4.648007427579964e-10
170.5,8.306694889947703e-10,-4.5968924641080807e-10
170.51,8.377122454694476e-10,-4.5454434172744213e-10
170.52,8.446768480966672e-10,-4.4936654112816715e-10
170.53,8.515628896241594e-10,-4.4415635850022266e-10
170.54,8.583699681662606e-10,-4.3891431185884535e-10
170.55,8.650976894666769e-10,-4.336409195584958e-10
170.56,8.717456660064467e-10,-4.283367028042391e-10
170.57,8.783135174900218e-10,-4.2300218418681616e-10
170.58,8.848008706740433e-10,-4.1763788860791554e-10
170.59,8.912073596154352e-10,-4.1224434152267295e-10
170.6,8.975326244226736e-10,-4.0682207180952533e-10
170.61,9.037763134541677e-10,-4.013716086469587e-10
170.62,9.09938081194238e-10,-3.958934835500072e-10
170.63,9.160175905441739e-10,-3.9038822901656405e-10
170.64,9.22014510060623e-10,-3.8485637943416685e-10
170.65,9.27928516494608e-10,-3.7929847096103703e-10
170.66,9.337592932006331e-10,-3.737150402460607e-10
170.67,9.395065307428876e-10,-3.6810662616028365e-10
170.68,9.451699273254106e-10,-3.6247376837285243e-10
170.69,9.50749188037801e-10,-3.5681700777645847e-10
170.7,9.56244024864833e-10,-3.511368871879635e-10
170.71,9.616541579115174e-10,-3.454339496018189e-10
170.72,9.669793126882538e-10,-3.3970873980545387e-10
170.73,9.722192242748533e-10,-3.3396180334982465e-10
170.74,9.773736336136119e-10,-3.2819368698547207e-10
170.75,9.824422889081977e-10,-3.2240493825311493e-10
170.76,9.874249459605135e-10,-3.165961056156588e-10
170.77,9.92321367679715e-10,-3.1076773850694625e-10
170.78,9.971313243001732e-10,-3.0492038713051847e-10
170.79,1.0018545936453498e-9,-2.990546022136751e-10
170.8,1.006490959494183e-9,-2.931709359451116e-10
170.81,1.0110402151621267e-9,-2.872699405727739e-10
170.82,1.015502159138608e-9,-2.813521686270998e-10
170.83,1.0198765984090334e-9,-2.754181739153725e-10
170.84,1.0241633466353127e-9,-2.694685105676366e-10
170.85,1.0283622252547903e-9,-2.6350373286185786e-10
170.86,1.032473062604302e-9,-2.57524395767234e-10
170.87,1.0364956943916867e-9,-2.515310548177717e-10
170.88,1.0404299639875537e-9,-2.455242653556492e-10
170.89,1.044275720714431e-9,-2.395045838043412e-10
170.9,1.0480328241968306e-9,-2.3347256542115433e-10
170.91,1.0517011379000448e-9,-2.2742876698782954e-10
170.92,1.0552805341047752e-9,-2.2137374521234356e-10
170.93,1.0587708931559965e-9,-2.1530805614943356e-10
170.94,1.0621721008720789e-9,-2.092322566307011e-10
170.95,1.0654840519213035e-9,-2.0314690306905913e-10
170.96,1.0687066476977563e-9,-1.9705255148298064e-10
170.97,1.0718397961728365e-9,-1.9094975899755632e-10
170.98,1.0748834137595818e-9,-1.848390813071609e-10
170.99,1.0778374238267633e-9,-1.7872107417588002e-10
171.0,1.0807017560930715e-9,-1.725962935960234e-10
171.01,1.0834763485553724e-9,-1.6646529486297539e-10
171.02,1.0861611462381861e-9,-1.6032863310220748e-10
171.03,1.0887561000436465e-9,-1.5418686289644734e-10
171.04,1.0912611709723517e-9,-1.4804053812640959e-10
171.05,1.0936763242438682e-9,-1.4189021283790393e-10
171.06,1.0960015343276641e-9,-1.3573643984282033e-10
171.07,1.0982367816729687e-9,-1.2957977167304092e-10
171.08,1.1003820538068391e-9,-1.234207606344009e-10
171.09,1.1024373467386013e-9,-1.1725995741442435e-10
171.1,1.1044026624584297e-9,-1.1109791255874152e-10
171.11,1.1062780106767198e-9,-1.0493517586028284e-10
171.12,1.1080634074833186e-9,-9.877229611258535e-11
171.13,1.109758877141875e-9,-9.26098212713902e-11
171.14,1.1113644499370618e-9,-8.644829832907056e-11
171.15,1.1128801641012848e-9,-8.028827344575553e-11
171.16,1.1143060648289754e-9,-7.413029127428205e-11
171.17,1.115642202332016e-9,-6.797489688247268e-11
171.18,1.1168886379691223e-9,-6.182263174019625e-11
171.19,1.1180454365148863e-9,-5.5674038416985067e-11
171.2,1.1191126710105033e-9,-4.952965737167623e-11
171.21,1.1200904212609039e-9,-4.339002784696253e-11
171.22,1.1209787747847314e-9,-3.725568780019454e-11
171.23,1.1217778249820251e-9,-3.112717390863522e-11
171.24,1.1224876727490153e-9,-2.5005021150529473e-11
171.25,1.1231084258850326e-9,-1.888976395698008e-11
171.26,1.1236401984880269e-9,-1.2781934896889672e-11
171.27,1.1240831123304163e-9,-6.682064302894857e-12
171.28,1.1244372953812756e-9,-5.906815756633486e-13
171.29,1.1247028832664033e-9,5.4916854315154575e-12
171.3,1.1248800161926595e-9,1.1564510331882004e-11
171.31,1.1249688445533374e-9,1.762726917616094e-11
171.32,1.1249695224947883e-9,2.367943886930591e-11
171.33,1.1248822127445663e-9,2.9720498694588515e-11
171.34,1.1247070836390814e-9,3.574992935158849e-11
171.35,1.1244443105261976e-9,4.176721378201962e-11
171.36,1.1240940753629868e-9,4.777183630030113e-11
171.37,1.1236565665513592e-9,5.376328390420416e-11
171.38,1.1231319801435443e-9,5.974104483806007e-11
171.39,1.1225205162859533e-9,6.570460962895965e-11
171.4,1.1218223847565055e-9,7.165347099594043e-11
171.41,1.121037799630824e-9,7.758712376957405e-11
171.42,1.1201669820722705e-9,8.350506459010355e-11
171.43,1.1192101600998148e-9,8.94067923930918e-11
171.44,1.118167567114162e-9,9.529180910299635e-11
171.45,1.1170394440848185e-9,1.0115961744418536e-10
171.46,1.1158260376071782e-9,1.0700972388372101e-10
171.47,1.1145276015658195e-9,1.1284163699354984e-10
171.48,1.113144393496519e-9,1.1865486538966518e-10
171.49,1.1116766806433647e-9,1.244489241909159e-10
171.5,1.11012473466968e-9,1.3022332745072635e-10
171.51,1.1084888330552914e-9,1.3597759418015808e-10
171.52,1.1067692603641114e-9,1.417112438553147e-10
171.53,1.1049663067522807e-9,1.4742380021039198e-10
171.54,1.1030802689131612e-9,1.5311478879908036e-10
171.55,1.1011114488085892e-9,1.5878373753253055e-10
171.56,1.0990601535587613e-9,1.6443017689315477e-10
171.57,1.096926702683068e-9,1.7005364297624008e-10
171.58,1.0947114114792073e-9,1.7565366971873325e-10
171.59,1.0924146079400254e-9,1.812297971774239e-10
171.6,1.0900366240534763e-9,1.867815675351575e-10
171.61,1.087577798162426e-9,1.9230852558778826e-10
171.62,1.085038473607893e-9,1.9781021919924898e-10
171.63,1.0824190003812605e-9,2.0328619914128874e-10
171.64,1.0797197335332496e-9,2.0873601933822816e-10
171.65,1.0769410339855498e-9,2.1415923593080436e-10
171.66,1.0740832688476553e-9,2.1955540962602285e-10
171.67,1.071146809277949e-9,2.2492410225911584e-10
171.68,1.0681320341109543e-9,2.3026488052905457e-10
171.69,1.0650393260451477e-9,2.355773130590793e-10
171.7,1.061869074181777e-9,2.40860972210505e-10
171.71,1.0586216720175638e-9,2.461154332846832e-10
171.72,1.055297519953046e-9,2.513402751754344e-10
171.73,1.0518970227709639e-9,2.5653507966211505e-10
171.74,1.048420591485697e-9,2.61699431237288e-10
171.75,1.0448686388806227e-9,2.668329203898853e-10
171.76,1.0412415886572616e-9,2.719351372293917e-10
171.77,1.037539865891349e-9,2.7700567761725434e-10
171.78,1.0337639014360457e-9,2.820441401852726e-10
171.79,1.0299141318928136e-9,2.8705012702316285e-10
171.8,1.0259909978256588e-9,2.920232437258765e-10
171.81,1.0219949465421952e-9,2.9696309959587784e-10
171.82,1.0179264284013999e-9,3.018693069314299e-10
171.83,1.0137858988386998e-9,3.067414817667648e-10
171.84,1.0095738221887215e-9,3.1157924499553195e-10
171.85,1.0052906610900429e-9,3.1638221888816644e-10
171.86,1.0009368868605734e-9,3.21150030531096e-10
171.87,9.96512975437986e-10,3.2588231107171983e-10
171.88,9.920194066562147e-10,3.305786945669089e-10
171.89,9.874566655299998e-10,3.35238819068029e-10
171.9,9.828252404397411e-10,3.398623268185927e-10
171.91,9.7812562625202e-10,3.444488630340354e-10
171.92,9.733583212342178e-10,3.489980772820316e-10
171.93,9.685238277172255e-10,3.5350962278286793e-10
171.94,9.63622653126984e-10,3.579831563040071e-10
171.95,9.586553093864883e-10,3.624183391880477e-10
171.96,9.536223121226882e-10,3.66814836041628e-10
171.97,9.485241813808312e-10,3.711723155426004e-10
171.98,9.433614416935435e-10,3.754904505926426e-10
171.99,9.381346217011216e-10,3.7976891745459126e-10
172.0,9.328442536523938e-10,3.840073970293721e-10
172.01,9.274908747590409e-10,3.882055735663064e-10
172.02,9.220750253801367e-10,3.92363136053804e-10
172.03,9.165972502450576e-10,3.964797771376455e-10
172.04,9.110580977237718e-10,4.0055519308216547e-10
172.05,9.054581209288474e-10,4.045890852590796e-10
172.06,8.99797875348172e-10,4.085811580580918e-10
172.07,8.940779212771683e-10,4.1253112085026443e-10
172.08,8.882988226663414e-10,4.1643868670765125e-10
172.09,8.824611463286432e-10,4.203035727276739e-10
172.1,8.765654639119168e-10,4.241255003049468e-10
172.11,8.706123491321685e-10,4.2790419612118533e-10
172.12,8.646023803580863e-10,4.3163938880890106e-10
172.13,8.585361388205355e-10,4.3533081313430803e-10
172.14,8.524142101992565e-10,4.389782073594784e-10
172.15,8.462371817512505e-10,4.4258131396497134e-10
172.16,8.400056452769389e-10,4.4613988005818234e-10
172.17,8.337201953134627e-10,4.496536566452913e-10
172.18,8.273814297528297e-10,4.531223992244836e-10
172.19,8.209899501938729e-10,4.565458677172385e-10
172.2,8.145463591565476e-10,4.5992382632836586e-10
172.21,8.08051265079546e-10,4.6325604322892304e-10
172.22,8.015052775528519e-10,4.665422915845076e-10
172.23,7.949090096693859e-10,4.697823484249333e-10
172.24,7.882630768497339e-10,4.729759953547981e-10
172.25,7.81568098298284e-10,4.761230184796117e-10
172.26,7.748246946858527e-10,4.792232082207247e-10
172.27,7.680334907411723e-10,4.822763592438723e-10
172.28,7.611951122555556e-10,4.85282270238497e-10
172.29,7.543101896106352e-10,4.882407471775348e-10
172.3,7.473793535399111e-10,4.911515957687792e-10
172.31,7.40403238761025e-10,4.940146294721355e-10
172.32,7.33382481960689e-10,4.968296654868287e-10
172.33,7.263177218941688e-10,4.995965252689203e-10
172.34,7.192096001730331e-10,5.023150347106396e-10
172.35,7.120587602165725e-10,5.049850246060463e-10
172.36,7.048658478611603e-10,5.076063299413399e-10
172.37,6.976315105484227e-10,5.101787903701828e-10
172.38,6.903563996028637e-10,5.127022497161856e-10
172.39,6.830411656670357e-10,5.15176556747661e-10
172.4,6.756864631547332e-10,5.176015646858566e-10
172.41,6.682929479632409e-10,5.199771311581608e-10
172.42,6.608612780527045e-10,5.22303117980182e-10
172.43,6.533921128966071e-10,5.245793925213329e-10
172.44,6.458861137950257e-10,5.268058259767525e-10
172.45,6.383439436221162e-10,5.289822935555638e-10
172.46,6.307662691477417e-10,5.311086778321567e-10
172.47,6.231537500916999e-10,5.331848591971827e-10
172.48,6.155070613775326e-10,5.352107317042655e-10
172.49,6.078268694762996e-10,5.371861877748336e-10
172.5,6.001138445505336e-10,5.391111259809763e-10
172.51,5.92368659291883e-10,5.409854499951062e-10
172.52,5.845919871010537e-10,5.42809067387872e-10
172.53,5.767845017566097e-10,5.445818904326606e-10
172.54,5.689468794930519e-10,5.463038362177727e-10
172.55,5.610797974366302e-10,5.479748268380892e-10
172.56,5.531839323042491e-10,5.495947868633035e-10
172.57,5.45259963990731e-10,5.511636483315158e-10
172.58,5.373085725880909e-10,5.526813461786585e-10
172.59,5.293304382188725e-10,5.541478199554497e-10
172.6,5.213262429191204e-10,5.555630145626414e-10
172.61,5.132966688149694e-10,5.569268784256837e-10
172.62,5.052423996564637e-10,5.582393652210912e-10
172.63,4.971641189373712e-10,5.595004331775849e-10
172.64,4.890625109884665e-10,5.60710044683101e-10
172.65,4.809382610678639e-10,5.618681670779788e-10
172.66,4.727920545773328e-10,5.62974771851767e-10
172.67,4.6462457791791477e-10,5.640298356969122e-10
172.68,4.564365161164737e-10,5.650333386893695e-10
172.69,4.4822855918743397e-10,5.659852673483938e-10
172.7,4.4000139115891966e-10,5.668856103787671e-10
172.71,4.3175570028472714e-10,5.67734362629183e-10
172.72,4.234921741023609e-10,5.685315229079768e-10
172.73,4.152115007483106e-10,5.692770953227393e-10
172.74,4.06914366477344e-10,5.69971086331922e-10
172.75,3.986014605130278e-10,5.706135094794952e-10
172.76,3.90273469621193e-10,5.712043812360141e-10
172.77,3.819310818528309e-10,5.717437231982086e-10
172.78,3.73574984899896e-10,5.722315609292187e-10
172.79,3.652058650412529e-10,5.726679246713832e-10
172.8,3.5682440979333654e-10,5.730528491691048e-10
172.81,3.4843130593458193e-10,5.733863739221274e-10
172.82,3.400272395992145e-10,5.736685424778055e-10
172.83,3.316128964754696e-10,5.738994023382262e-10
172.84,3.2318896241144884e-10,5.740790064298018e-10
172.85,3.147561217140368e-10,5.74207411190905e-10
172.86,3.0631505912649453e-10,5.742846782764428e-10
172.87,2.978664580690979e-10,5.74310872693095e-10
172.88,2.89411001563977e-10,5.742860648674796e-10
172.89,2.809493720230012e-10,5.742103288564156e-10
172.9,2.7248225036502366e-10,5.740837432105886e-10
172.91,2.6401031782463584e-10,5.739063910407794e-10
172.92,2.5553425336969104e-10,5.736783592833466e-10
172.93,2.470547361891904e-10,5.733997396724891e-10
172.94,2.38572443931015e-10,5.730706280213856e-10
172.95,2.3008805304860695e-10,5.726911241890746e-10
172.96,2.216022396436819e-10,5.722613328245366e-10
172.97,2.1311567742141928e-10,5.717813621085189e-10
172.98,2.0462903997090458e-10,5.712513251013214e-10
172.99,1.9614299919987477e-10,5.706713386448691e-10
173.0,1.8765822535596713e-10,5.700415236794988e-10
173.01,1.7917538729716035e-10,5.693620054560092e-10
173.02,1.7069515447895952e-10,5.686329140792668e-10
173.03,1.6221819172860868e-10,5.678543824463332e-10
173.04,1.537451645513835e-10,5.670265485318877e-10
173.05,1.4527673557820317e-10,5.661495541122884e-10
173.06,1.3681356700073626e-10,5.65223544898311e-10
173.07,1.2835631836095245e-10,5.642486709878036e-10
173.08,1.199056485276408e-10,5.632250863531444e-10
173.09,1.1146221298857487e-10,5.621529487803899e-10
173.1,1.0302666732342068e-10,5.610324203969968e-10
173.11,9.459966392416565e-11,5.598636671301322e-10
173.12,8.618185372103538e-11,5.58646858866626e-10
173.13,7.777388413286361e-11,5.573821688681664e-10
173.14,6.937640649725423e-11,5.560697767286997e-10
173.15,6.099006094452358e-11,5.547098622163146e-10
173.16,5.2615491977073814e-11,5.533026115615847e-10
173.17,4.4253340255311866e-11,5.51848214128782e-10
173.18,3.5904243944446635e-11,5.503468630952502e-10
173.19,2.7568839130956272e-11,5.487987555860458e-10
173.2,1.9247759715611212e-11,5.472040922989801e-10
173.21,1.0941637358070675e-11,5.455630777849639e-10
173.22,2.651100863099144e-12,5.438759201507776e-10
173.23,-5.623223121781017e-12,5.421428320857347e-10
173.24,-1.388070985327808e-11,5.403640289383424e-10
173.25,-2.2120738434925275e-11,5.385397296566843e-10
173.26,-3.034268899719708e-11,5.366701579783432e-10
173.27,-3.8545946198714126e-11,5.347555394857314e-10
173.28,-4.672989521505753e-11,5.327961055415752e-10
173.29,-5.4893925295221234e-11,5.307920894237899e-10
173.3,-6.303742806126955e-11,5.287437282844039e-10
173.31,-7.115979807271736e-11,5.266512633160448e-10
173.32,-7.926043203678789e-11,5.245149385525835e-10
173.33,-8.733873035760272e-11,5.223350019057725e-10
173.34,-9.539409664414182e-11,5.20111704691554e-10
173.35,-1.034259354000565e-10,5.178453015653064e-10
173.36,-1.1143365859030344e-10,5.155360499919388e-10
173.37,-1.1941667519048459e-10,5.131842119032628e-10
173.38,-1.2737440198128423e-10,5.107900517445837e-10
173.39,-1.3530625604753446e-10,5.083538379234072e-10
173.4,-1.4321165987780786e-10,5.058758410149146e-10
173.41,-1.5109003811360858e-10,5.033563358007422e-10
173.42,-1.58940817864613e-10,5.007956003010037e-10
173.43,-1.6676343102647058e-10,4.98193914830066e-10
173.44,-1.7455731180411424e-10,4.955515642145413e-10
173.45,-1.8232189794152388e-10,4.928688343518458e-10
173.46,-1.9005663079725549e-10,4.901460167451434e-10
173.47,-1.9776095535967089e-10,4.873834040946127e-10
173.48,-2.054343194719616e-10,4.845812930080171e-10
173.49,-2.1307617468807425e-10,4.817399827674514e-10
173.5,-2.2068597679157151e-10,4.788597757668291e-10
173.51,-2.282631846414333e-10,4.759409769418512e-10
173.52,-2.3580725992141374e-10,4.729838952639551e-10
173.53,-2.4331767018092674e-10,4.699888395128107e-10
173.54,-2.5079388291583817e-10,4.669561285208225e-10
173.55,-2.5823537388996777e-10,4.638860744934516e-10
173.56,-2.656416195823902e-10,4.607789984891711e-10
173.57,-2.7301210135550947e-10,4.576352228240521e-10
173.58,-2.8034630400850963e-10,4.5445507242790456e-10
173.59,-2.8764371655071803e-10,4.512388750673282e-10
173.6,-2.9490383168819445e-10,4.47986961162401e-10
173.61,-3.0212614632490316e-10,4.446996635237258e-10
173.62,-3.0931016148294586e-10,4.4137731775860414e-10
173.63,-3.164553800284581e-10,4.3802026264540195e-10
173.64,-3.2356131242954435e-10,4.3462883813348807e-10
173.65,-3.306274710643175e-10,4.3120338781124724e-10
173.66,-3.3765337270558757e-10,4.277442572144517e-10
173.67,-3.4463853853023697e-10,4.2425179421579286e-10
173.68,-3.51582493614912e-10,4.207263495600612e-10
173.69,-3.5848476727038534e-10,4.171682759521765e-10
173.7,-3.6534489307717404e-10,4.1357792865638315e-10
173.71,-3.7216240860537035e-10,4.099556649452099e-10
173.72,-3.7893685698978714e-10,4.0630184480594005e-10
173.73,-3.8566778368981635e-10,4.026168299955396e-10
173.74,-3.9235473958340875e-10,3.9890098469474614e-10
173.75,-3.989972800171014e-10,3.951546751081938e-10
173.76,-4.055949644684144e-10,3.9137826955325277e-10
173.77,-4.1214735611597984e-10,3.875721390842912e-10
173.78,-4.1865402529087996e-10,3.8373665540601793e-10
173.79,-4.251145430555841e-10,3.7987219365854265e-10
173.8,-4.31528486444593e-10,3.7597913046952853e-10
173.81,-4.3789543969428026e-10,3.720578432602741e-10
173.82,-4.442149868372891e-10,3.6810871379055704e-10
173.83,-4.504867198883718e-10,3.641321235017089e-10
173.84,-4.5671023409855773e-10,3.6012845682275444e-10
173.85,-4.6288512971278827e-10,3.5609809960401665e-10
173.86,-4.690110115301228e-10,3.520414397039354e-10
173.87,-4.750874895040801e-10,3.4795886568275986e-10
173.88,-4.811141773068611e-10,3.4385076954132134e-10
173.89,-4.870906934237725e-10,3.397175441906724e-10
173.9,-4.930166630219208e-10,3.355595824446453e-10
173.91,-4.988917129123623e-10,3.3137728177881937e-10
173.92,-5.047154766953961e-10,3.271710393705639e-10
173.93,-5.104875927019643e-10,3.229412539574766e-10
173.94,-5.162077030518955e-10,3.1868832625868734e-10
173.95,-5.218754559069782e-10,3.1441265780534685e-10
173.96,-5.274905031421068e-10,3.10114652528637e-10
173.97,-5.330525025548554e-10,3.0579471491779644e-10
173.98,-5.385611155152835e-10,3.014532506977971e-10
173.99,-5.440160104761603e-10,2.9709066709676256e-10
174.0,-5.494168584397241e-10,2.9270737294085816e-10
174.01,-5.547633366405968e-10,2.883037779761866e-10
174.02,-5.600551267820714e-10,2.8388029324389843e-10
174.03,-5.652919157492032e-10,2.7943733081563236e-10
174.04,-5.704733957296207e-10,2.7497530353838653e-10
174.05,-5.755992632125941e-10,2.7049462630751864e-10
174.06,-5.806692203597861e-10,2.65995713895627e-10
174.07,-5.85682975136301e-10,2.6147898279993313e-10
174.08,-5.906402357929437e-10,2.569448502814242e-10
174.09,-5.955407231128662e-10,2.523937343432545e-10
174.1,-6.003841579376949e-10,2.4782605430826216e-10
174.11,-6.051702675007691e-10,2.432422296995947e-10
174.12,-6.098987837649689e-10,2.3864268161586317e-10
174.13,-6.145694444402124e-10,2.3402783124774914e-10
174.14,-6.191819918574763e-10,2.2939810090455604e-10
174.15,-6.23736173836126e-10,2.2475391330329963e-10
174.16,-6.282317423631123e-10,2.2009569240241814e-10
174.17,-6.326684570546082e-10,2.154238615888494e-10
174.18,-6.370460792440643e-10,2.107388465948597e-10
174.19,-6.41364377808723e-10,2.0604107200163732e-10
174.2,-6.456231261640977e-10,2.0133096377643095e-10
174.21,-6.49822102808987e-10,1.966089484044717e-10
174.22,-6.53961091753433e-10,1.9187545234478646e-10
174.23,-6.580398817056761e-10,1.8713090278597903e-10
174.24,-6.620582673176435e-10,1.8237572688751097e-10
174.25,-6.660160468183689e-10,1.7761035409515907e-10
174.26,-6.699130271217968e-10,1.728352087173181e-10
174.27,-6.737490160341621e-10,1.68050722511506e-10
174.28,-6.775238294095044e-10,1.6325732287526592e-10
174.29,-6.81237287428979e-10,1.5845543839352356e-10
174.3,-6.848892156770298e-10,1.536454980351414e-10
174.31,-6.884794450428758e-10,1.488279305189105e-10
174.32,-6.920078118433602e-10,1.4400316491495596e-10
174.33,-6.954741566343787e-10,1.391716303368117e-10
174.34,-6.988783263937793e-10,1.343337551403328e-10
174.35,-7.022201736501645e-10,1.294899693591722e-10
174.36,-7.054995545257599e-10,1.2464070101822975e-10
174.37,-7.087163316546161e-10,1.197863787747875e-10
174.38,-7.118703727033904e-10,1.1492743159345603e-10
174.39,-7.149615503390381e-10,1.100642877090869e-10
174.4,-7.17989742914958e-10,1.0519737503929985e-10
174.41,-7.209548337016509e-10,1.0032712169066353e-10
174.42,-7.238567116874239e-10,9.545395470942151e-11
174.43,-7.266952725552994e-10,9.057830145339498e-11
174.44,-7.294704086640093e-10,8.570058981608702e-11
174.45,-7.321820314987282e-10,8.08212447372832e-11
174.46,-7.348300482277208e-10,7.594069291589834e-11
174.47,-7.374143738779383e-10,7.105935947151922e-11
174.48,-7.399349286161701e-10,6.617766961610441e-11
174.49,-7.423916378393828e-10,6.129604746326817e-11
174.5,-7.447844322380438e-10,5.6414916973956106e-11
174.51,-7.471132476136979e-10,5.1534701037279875e-11
174.52,-7.493780257174889e-10,4.665582215536003e-11
174.53,-7.515787109782902e-10,4.177870297210184e-11
174.54,-7.537152569292822e-10,3.690376337699648e-11
174.55,-7.557876192192132e-10,3.2031424157544845e-11
174.56,-7.577957602081404e-10,2.716210481000995e-11
174.57,-7.597396474588446e-10,2.229622354629716e-11
174.58,-7.616192525249946e-10,1.743419855065554e-11
174.59,-7.634345532506349e-10,1.2576446536040287e-11
174.6,-7.65185532611525e-10,7.723383283514752e-12
174.61,-7.668721781899765e-10,2.875423814466514e-12
174.62,-7.684944829767888e-10,-1.9670181157243185e-12
174.63,-7.700524452843198e-10,-6.803529527809954e-12
174.64,-7.715460683755948e-10,-1.1633698688971592e-11
174.65,-7.729753614257533e-10,-1.6457115373499798e-11
174.66,-7.743403361189907e-10,-2.1273369246282992e-11
174.67,-7.756410126621537e-10,-2.6082052633099843e-11
174.68,-7.768774145282647e-10,-3.088275823124411e-11
174.69,-7.780495704766862e-10,-3.567508041541618e-11
174.7,-7.79157514953962e-10,-4.045861461067065e-11
174.71,-7.802012855136199e-10,-4.5232956990357435e-11
174.72,-7.811809274931392e-10,-4.999770649857525e-11
174.73,-7.820964894928145e-10,-5.4752461987463565e-11
174.74,-7.829480255970402e-10,-5.949682442652535e-11
174.75,-7.83735595004931e-10,-6.423039730444368e-11
174.76,-7.844592616551039e-10,-6.895278259536566e-11
174.77,-7.851190946551745e-10,-7.366358692421732e-11
174.78,-7.857151677912328e-10,-7.836241664390425e-11
174.79,-7.862475606010723e-10,-8.304888046826573e-11
174.8,-7.867163563761667e-10,-8.772258817731246e-11
174.81,-7.871216440181032e-10,-9.238315171962948e-11
174.82,-7.874635173949903e-10,-9.703018431686582e-11
174.83,-7.877420755313046e-10,-1.0166330142916183e-10
174.84,-7.879574203125384e-10,-1.0628211890517368e-10
174.85,-7.881096615795887e-10,-1.1088625616807041e-10
174.86,-7.881989118588161e-10,-1.1547533317567017e-10
174.87,-7.882252888738457e-10,-1.2004897214426318e-10
174.88,-7.881889160338821e-10,-1.246067970674816e-10
174.89,-7.880899198590832e-10,-1.2914843372803175e-10
174.9,-7.87928433352014e-10,-1.3367351037429472e-10
174.91,-7.877045930492942e-10,-1.3818165611833696e-10
174.92,-7.874185405735669e-10,-1.4267250279337712e-10
174.93,-7.870704227394389e-10,-1.4714568435321033e-10
174.94,-7.866603898466933e-10,-1.5160083615352267e-10
174.95,-7.861885984234321e-10,-1.5603759624520114e-10
174.96,-7.856552079291362e-10,-1.604556042144402e-10
174.97,-7.850603841773066e-10,-1.6485450227953375e-10
174.98,-7.844042955600301e-10,-1.6923393411896703e-10
174.99,-7.836871171460683e-10,-1.735935465424036e-10
175.0,-7.829090270014306e-10,-1.7793298731954292e-10
175.01,-7.820702085782549e-10,-1.8225190743587451e-10
175.02,-7.811708487224808e-10,-1.865499595588305e-10
175.03,-7.80211140077043e-10,-1.9082679917221696e-10
175.04,-7.791912791503725e-10,-1.950820835396237e-10
175.05,-7.781114665596604e-10,-1.9931547236621244e-10
175.06,-7.769719083653143e-10,-2.0352662812196425e-10
175.07,-7.757728136039417e-10,-2.0771521495412331e-10
175.08,-7.745143960890726e-10,-2.1188089974818634e-10
175.09,-7.731968748490995e-10,-2.160233519676977e-10
175.1,-7.7182047181395e-10,-2.2014224290371373e-10
175.11,-7.70385414832908e-10,-2.2423724785401243e-10
175.12,-7.688919341660402e-10,-2.2830804261052684e-10
175.13,-7.673402656641104e-10,-2.323543069337349e-10
175.14,-7.65730648483707e-10,-2.363757222434722e-10
175.15,-7.640633268760177e-10,-2.4037197297644804e-10
175.16,-7.623385481585672e-10,-2.4434274639699027e-10
175.17,-7.605565646238715e-10,-2.4828773183541007e-10
175.18,-7.587176324146466e-10,-2.5220662166644534e-10
175.19,-7.568220114823994e-10,-2.5609911034702433e-10
175.2,-7.548699645808078e-10,-2.5996489603638745e-10
175.21,-7.528617617964336e-10,-2.6380367861733314e-10
175.22,-7.50797674268136e-10,-2.676151611975984e-10
175.23,-7.48677977812682e-10,-2.7139904922819103e-10
175.24,-7.4650295288442e-10,-2.751550522269274e-10
175.25,-7.442728827258318e-10,-2.788828803518115e-10
175.26,-7.419880549487113e-10,-2.82582248204742e-10
175.27,-7.396487610748175e-10,-2.8625287274217097e-10
175.28,-7.372552964371603e-10,-2.8989447372704865e-10
175.29,-7.348079591699298e-10,-2.9350677367388344e-10
175.3,-7.323070527567045e-10,-2.9708949810469533e-10
175.31,-7.297528830272805e-10,-3.0064237631001906e-10
175.32,-7.27145759408492e-10,-3.0416513821953913e-10
175.33,-7.24485998090405e-10,-3.0765752024599924e-10
175.34,-7.217739133378856e-10,-3.111192579099399e-10
175.35,-7.190098265791961e-10,-3.145500920630399e-10
175.36,-7.161940627177827e-10,-3.1794976617609233e-10
175.37,-7.133269491712449e-10,-3.213180263584089e-10
175.38,-7.104088168641076e-10,-3.246546225622715e-10
175.39,-7.074400008281618e-10,-3.27959306635126e-10
175.4,-7.044208389632347e-10,-3.3123183403886773e-10
175.41,-7.013516728423315e-10,-3.344719638255408e-10
175.42,-6.982328465475553e-10,-3.3767945725660286e-10
175.43,-6.950647084880507e-10,-3.4085407954454437e-10
175.44,-6.918476101836531e-10,-3.439955983085397e-10
175.45,-6.885819056728907e-10,-3.4710378502200034e-10
175.46,-6.852679524496708e-10,-3.5017841344968956e-10
175.47,-6.819061119958038e-10,-3.5321926174673105e-10
175.48,-6.784967478249702e-10,-3.562261101724575e-10
175.49,-6.750402267283549e-10,-3.591987425807893e-10
175.5,-6.715369182636185e-10,-3.621369468949835e-10
175.51,-6.679871976697855e-10,-3.6504051122558053e-10
175.52,-6.643914388801851e-10,-3.679092314295376e-10
175.53,-6.607500211382113e-10,-3.7074290341728825e-10
175.54,-6.570633267277268e-10,-3.735413278167756e-10
175.55,-6.533317400371621e-10,-3.763043072227615e-10
175.56,-6.49555649366813e-10,-3.7903164930429147e-10
175.57,-6.457354442446609e-10,-3.8172316352324504e-10
175.58,-6.418715182026665e-10,-3.8437866351810905e-10
175.59,-6.379642674739914e-10,-3.8699796647616733e-10
175.6,-6.340140886323114e-10,-3.895808907068907e-10
175.61,-6.300213847321599e-10,-3.9212726138922985e-10
175.62,-6.259865593443832e-10,-3.946369046699084e-10
175.63,-6.219100182384876e-10,-3.97109650838426e-10
175.64,-6.17792170588174e-10,-3.9954533321284334e-10
175.65,-6.136334274173802e-10,-4.019437891196132e-10
175.66,-6.094342027423011e-10,-4.043048585941178e-10
175.67,-6.051949127358725e-10,-4.066283856729632e-10
175.68,-6.009159753409932e-10,-4.089142171531058e-10
175.69,-5.965978136379741e-10,-4.11162204160904e-10
175.7,-5.922408485850047e-10,-4.133722006141425e-10
175.71,-5.878455066147572e-10,-4.1554406391556193e-10
175.72,-5.834122151191639e-10,-4.1767765508468907e-10
175.73,-5.789414042174684e-10,-4.1977283860025957e-10
175.74,-5.74433505755809e-10,-4.218294826165271e-10
175.75,-5.698889548333907e-10,-4.2384745800501024e-10
175.76,-5.653081865582305e-10,-4.2582664007270663e-10
175.77,-5.606916395081426e-10,-4.277669069182709e-10
175.78,-5.560397542477741e-10,-4.29668140696842e-10
175.79,-5.513529725822354e-10,-4.3153022653151925e-10
175.8,-5.466317385085001e-10,-4.33353053390075e-10
175.81,-5.418764992870651e-10,-4.3513651360609277e-10
175.82,-5.370877011265361e-10,-4.36880502823236e-10
175.83,-5.322657950398015e-10,-4.3858492110848917e-10
175.84,-5.274112312340473e-10,-4.4024967079547745e-10
175.85,-5.225244633538934e-10,-4.418746583819531e-10
175.86,-5.176059468561287e-10,-4.434597940253031e-10
175.87,-5.126561360366729e-10,-4.4500499101733787e-10
175.88,-5.076754910819395e-10,-4.46510166628474e-10
175.89,-5.026644705357502e-10,-4.4797524115585993e-10
175.9,-4.976235362580667e-10,-4.494001390830838e-10
175.91,-4.925531497163299e-10,-4.5078478736215893e-10
175.92,-4.874537756119186e-10,-4.5212911799205456e-10
175.93,-4.823258795863094e-10,-4.534330652604358e-10
175.94,-4.771699274409717e-10,-4.5469656724948665e-10
175.95,-4.71986388629963e-10,-4.5591956643231187e-10
175.96,-4.667757297523482e-10,-4.571020065691873e-10
175.97,-4.6153842424868473e-10,-4.5824383836227716e-10
175.98,-4.562749427142828e-10,-4.5934501330198793e-10
175.99,-4.509857584689254e-10,-4.604054877688716e-10
176.0,-4.456713451704525e-10,-4.614252207582529e-10
176.01,-4.4033217843345393e-10,-4.6240417564782455e-10
176.02,-4.34968733129317e-10,-4.6334231894396386e-10
176.03,-4.295814876224254e-10,-4.642396207194054e-10
176.04,-4.241709196539055e-10,-4.650960545396308e-10
176.05,-4.187375079980876e-10,-4.659115969305536e-10
176.06,-4.1328173272294695e-10,-4.666862295328501e-10
176.07,-4.078040747499248e-10,-4.674199364637316e-10
176.08,-4.023050149977143e-10,-4.681127048902641e-10
176.09,-3.9678503624611755e-10,-4.687645263891969e-10
176.1,-3.912446211102455e-10,-4.693753954371821e-10
176.11,-3.8568425348155146e-10,-4.699453105100935e-10
176.12,-3.8010441697229433e-10,-4.704742730743161e-10
176.13,-3.7450559727638177e-10,-4.709622886892013e-10
176.14,-3.6888827946277085e-10,-4.714093657683205e-10
176.15,-3.6325294938838707e-10,-4.71815516807201e-10
176.16,-3.576000933263845e-10,-4.721807570876294e-10
176.17,-3.519301981231736e-10,-4.725051060684024e-10
176.18,-3.462437512238163e-10,-4.727885862200548e-10
176.19,-3.4054123983215015e-10,-4.730312235872312e-10
176.2,-3.34823151921403e-10,-4.732330479521175e-10
176.21,-3.290899756299574e-10,-4.733940918041285e-10
176.22,-3.2334220046578863e-10,-4.735143926358523e-10
176.23,-3.1758031142223226e-10,-4.73593987834605e-10
176.24,-3.118048011880711e-10,-4.736329234305733e-10
176.25,-3.0601615676307703e-10,-4.736312447176021e-10
176.26,-3.0021486697032437e-10,-4.735890019174771e-10
176.27,-2.944014215738115e-10,-4.735062486503433e-10
176.28,-2.885763084799755e-10,-4.7338304159445e-10
176.29,-2.827400172694923e-10,-4.732194411512417e-10
176.3,-2.768930361290485e-10,-4.73015510519573e-10
176.31,-2.7103585427133253e-10,-4.727713163204305e-10
176.32,-2.6516895981283756e-10,-4.724869307859984e-10
176.33,-2.5929284131335274e-10,-4.721624255504274e-10
176.34,-2.534079863383591e-10,-4.717978780186048e-10
176.35,-2.475148831348738e-10,-4.713933685455258e-10
176.36,-2.416140191657279e-10,-4.709489811846026e-10
176.37,-2.357058811276129e-10,-4.704648020115203e-10
176.38,-2.2979095601736728e-10,-4.69940921596958e-10
176.39,-2.2386972999210108e-10,-4.693774330837687e-10
176.4,-2.1794268724444098e-10,-4.687744337155108e-10
176.41,-2.1201031779693687e-10,-4.68132022018334e-10
176.42,-2.060731017397384e-10,-4.67450302503358e-10
176.43,-2.001315246510476e-10,-4.667293810031231e-10
176.44,-1.9418607009827523e-10,-4.659693668085468e-10
176.45,-1.8823722108577372e-10,-4.6517037293899924e-10
176.46,-1.8228545933992247e-10,-4.6433251507592223e-10
176.47,-1.7633126662840916e-10,-4.6345591239304246e-10
176.48,-1.7037512358549182e-10,-4.625406870567863e-10
176.49,-1.6441750943452918e-10,-4.6158696406005893e-10
176.5,-1.5845890489014757e-10,-4.6059487256066093e-10
176.51,-1.5249978585521055e-10,-4.5956454325441564e-10
176.52,-1.4654063081928696e-10,-4.584961112607511e-10
176.53,-1.405819156039844e-10,-4.5738971403556834e-10
176.54,-1.346241156314489e-10,-4.5624549250967494e-10
176.55,-1.286677047727357e-10,-4.5506359014122495e-10
176.56,-1.2271315649028468e-10,-4.538441542020047e-10
176.57,-1.1676094253687086e-10,-4.52587333915966e-10
176.58,-1.10811534264379e-10,-4.512932822145507e-10
176.59,-1.0486540061220172e-10,-4.499621551294591e-10
176.6,-9.892301061186781e-11,-4.485941108739485e-10
176.61,-9.298483150863447e-11,-4.4718931170186224e-10
176.62,-8.705132983133683e-11,-4.4574792179558223e-10
176.63,-8.112296796380147e-11,-4.4427010813958693e-10
176.64,-7.520021177459683e-11,-4.427560416757806e-10
176.65,-6.928352171132367e-11,-4.4120589530985093e-10
176.66,-6.337335920772545e-11,-4.3961984530257415e-10
176.67,-5.747018249286536e-11,-4.3799807036359016e-10
176.68,-5.157444988308644e-11,-4.363407519829721e-10
176.69,-4.568661691771307e-11,-4.3464807479271976e-10
176.7,-3.9807138183511316e-11,-4.3292022589964154e-10
176.71,-3.393646633097265e-11,-4.3115739512598536e-10
176.72,-2.8075053208970776e-11,-4.2935977560692866e-10
176.73,-2.2223347830259048e-11,-4.2752756227020847e-10
176.74,-1.6381798550043716e-11,-4.256609532741781e-10
176.75,-1.0550851222083639e-11,-4.2376014932826166e-10
176.76,-4.7309503864122655e-12,-4.218253538724421e-10
176.77,1.0774609016885313e-12,-4.198567730442662e-10
176.78,6.873942368927196e-12,-4.178546150323104e-10
176.79,1.2658054746811689e-11,-4.158190914132119e-10
176.8,1.842936109490955e-11,-4.137504156639996e-10
176.81,2.4187425691923605e-11,-4.116488042948024e-10
176.82,2.993181583208807e-11,-4.0951447600794816e-10
176.83,3.5662099850819146e-11,-4.073476520158341e-10
176.84,4.137784894316677e-11,-4.051485560440258e-10
176.85,4.7078635327475913e-11,-4.029174144973328e-10
176.86,5.276403405544166e-11,-4.006544560051773e-10
176.87,5.843362238519897e-11,-3.983599112728612e-10
176.88,6.408697909409088e-11,-3.9603401405283986e-10
176.89,6.972368552244873e-11,-3.9367699981639553e-10
176.9,7.534332432962289e-11,-3.9128910721293773e-10
176.91,8.094548198280943e-11,-3.888705764181628e-10
176.92,8.652974580117016e-11,-3.864216497951858e-10
176.93,9.20957066383147e-11,-3.839425728547395e-10
176.94,9.764295648202271e-11,-3.814335927465592e-10
176.95,1.0317108966251067e-10,-3.7889495839765793e-10
176.96,1.0867970395790256e-10,-3.7632692191949915e-10
176.97,1.1416839823992549e-10,-3.7372973696011124e-10
176.98,1.1963677554439788e-10,-3.711036595830086e-10
176.99,1.2508443878720722e-10,-3.684489475745652e-10
177.0,1.3051099571311177e-10,-3.6576586131057683e-10
177.01,1.359160553763505e-10,-3.6305466308680554e-10
177.02,1.412992297132073e-10,-3.603156167599469e-10
177.03,1.466601330056224e-10,-3.575489894924922e-10
177.04,1.5199838201103637e-10,-3.5475504867554063e-10
177.05,1.573135969468228e-10,-3.519340649263307e-10
177.06,1.6260539897012824e-10,-3.4908631048292576e-10
177.07,1.6787341304244942e-10,-3.462120596455797e-10
177.08,1.7311726842178712e-10,-3.433115875699071e-10
177.09,1.783365934674342e-10,-3.403851728534328e-10
177.1,1.8353102138345537e-10,-3.374330953281539e-10
177.11,1.8870018851486222e-10,-3.3445563601323033e-10
177.12,1.9384373212412725e-10,-3.314530787418165e-10
177.13,1.98961294690604e-10,-3.2842570815151974e-10
177.14,2.0405251964944297e-10,-3.2537381114587283e-10
177.15,2.091170539800933e-10,-3.2229767640144956e-10
177.16,2.1415454735949047e-10,-3.1919759391047816e-10
177.17,2.1916465262832892e-10,-3.1607385574208517e-10
177.18,2.2414702538696127e-10,-3.129267550856341e-10
177.19,2.2910132370559807e-10,-3.0975658712215834e-10
177.2,2.340272093489261e-10,-3.065636485489743e-10
177.21,2.389243470108066e-10,-3.033482377475076e-10
177.22,2.437924034595158e-10,-3.001106540561693e-10
177.23,2.4863104944436094e-10,-2.9685119877521e-10
177.24,2.5343995849634946e-10,-2.9357017444819123e-10
177.25,2.5821880710205233e-10,-2.9026788559142153e-10
177.26,2.629672743733198e-10,-2.869446373009968e-10
177.27,2.6768504338947313e-10,-2.836007368044985e-10
177.28,2.723718001081008e-10,-2.802364920082724e-10
177.29,2.770272337704597e-10,-2.768522118755543e-10
177.3,2.8165103492704046e-10,-2.734482094827737e-10
177.31,2.8624290048415717e-10,-2.7002479469295285e-10
177.32,2.9080252829065625e-10,-2.665822815782457e-10
177.33,2.953296199197914e-10,-2.631209848550531e-10
177.34,2.998238803279594e-10,-2.5964122025758053e-10
177.35,3.042850178363821e-10,-2.561433043186894e-10
177.36,3.087127436829079e-10,-2.52627555317022e-10
177.37,3.131067720609648e-10,-2.4909429291677475e-10
177.38,3.174668216199846e-10,-2.455438370862633e-10
177.39,3.217926133383451e-10,-2.419765080078733e-10
177.4,3.260838720963905e-10,-2.383926292507918e-10
177.41,3.303403250276146e-10,-2.3479252341683214e-10
177.42,3.3456170420472455e-10,-2.3117651503157486e-10
177.43,3.387477437351541e-10,-2.2754492906325266e-10
177.44,3.428981822097495e-10,-2.2389809156995131e-10
177.45,3.470127609073275e-10,-2.2023632903580994e-10
177.46,3.5109122424356603e-10,-2.1655997031860544e-10
177.47,3.551333218958271e-10,-2.1286934223028347e-10
177.48,3.591388027888516e-10,-2.091647763865379e-10
177.49,3.6310742474944943e-10,-2.0544660060703347e-10
177.5,3.67038945036036e-10,-2.0171514727531466e-10
177.51,3.709331263774496e-10,-1.9797074713091985e-10
177.52,3.747897343031415e-10,-1.9421373261111866e-10
177.53,3.786085378378033e-10,-1.9044443620156057e-10
177.54,3.82389309482657e-10,-1.8666319168530902e-10
177.55,3.861318256772196e-10,-1.828703330430494e-10
177.56,3.8983586700431757e-10,-1.790661941544503e-10
177.57,3.935012133913321e-10,-1.7525111152348093e-10
177.58,3.971276550273908e-10,-1.7142541945145447e-10
177.59,4.007149811545325e-10,-1.6758945437786884e-10
177.6,4.04262985786236e-10,-1.6374355282717596e-10
177.61,4.077714661619786e-10,-1.598880516926252e-10
177.62,4.112402238361323e-10,-1.560232879979283e-10
177.63,4.1466906330968625e-10,-1.521495995232712e-10
177.64,4.1805779279562323e-10,-1.4826732415385035e-10
177.65,4.2140622539791036e-10,-1.4437680012845359e-10
177.66,4.2471417395170983e-10,-1.4047836611244876e-10
177.67,4.279814602280289e-10,-1.3657236040585487e-10
177.68,4.312079055657099e-10,-1.3265912217578643e-10
177.69,4.343933391117139e-10,-1.2873899030363573e-10
177.7,4.375375881098136e-10,-1.248123043374599e-10
177.71,4.406404879050479e-10,-1.2087940334535886e-10
177.72,4.4370187528137733e-10,-1.1694062675990348e-10
177.73,4.467215918986206e-10,-1.1299631432924711e-10
177.74,4.496994829885057e-10,-1.090468048624598e-10
177.75,4.526353956915896e-10,-1.0509243953246454e-10
177.76,4.555291837782667e-10,-1.0113355614115786e-10
177.77,4.5838070275922915e-10,-9.717049465409717e-11
177.78,4.61189811923782e-10,-9.320359451088063e-11
177.79,4.639563750302918e-10,-8.923319526682845e-11
177.8,4.666802588753131e-10,-8.525963575448931e-11
177.81,4.693613347590778e-10,-8.12832546193895e-11
177.82,4.719994764763436e-10,-7.730439105127504e-11
177.83,4.745945628495954e-10,-7.332338330700151e-11
177.84,4.771464750385484e-10,-6.934056997157264e-11
177.85,4.79655099145839e-10,-6.535628880659764e-11
177.86,4.821203249494492e-10,-6.137087726961418e-11
177.87,4.845420447448423e-10,-5.7384673240449955e-11
177.88,4.869201559504132e-10,-5.3398013216784426e-11
177.89,4.892545590891016e-10,-4.941123363399304e-11
177.9,4.915451577195505e-10,-4.542467158731218e-11
177.91,4.937918606529311e-10,-4.143866185756736e-11
177.92,4.959945796458778e-10,-3.74535398545338e-11
177.93,4.981532289693771e-10,-3.346964066025317e-11
177.94,5.002677291382894e-10,-2.94872980758741e-11
177.95,5.023380026441658e-10,-2.5506845815648075e-11
177.96,5.043639759564456e-10,-2.1528617043916562e-11
177.97,5.06345579072397e-10,-1.7552944202767517e-11
177.98,5.082827474664242e-10,-1.358015864071536e-11
177.99,5.101754164051962e-10,-9.61059255193476e-12
178.0,5.120235295739434e-10,-5.644575363973619e-12
178.01,5.138270322752568e-10,-1.6824357583484678e-12
178.02,5.155858708839021e-10,2.2754933418260184e-12
178.03,5.173000006250848e-10,6.2288877628635754e-12
178.04,5.189693769837605e-10,1.0177418708644666e-11
178.05,5.205939598781037e-10,1.4120759692769381e-11
178.06,5.221737130093507e-10,1.8058584941903762e-11
178.07,5.237086037765691e-10,2.1990569764081326e-11
178.08,5.251986033952005e-10,2.5916390074390798e-11
178.09,5.266436863619488e-10,2.983572308888654e-11
178.1,5.280438306033945e-10,3.374824659775146e-11
178.11,5.293990204452795e-10,3.765363999419376e-11
178.12,5.30709239327643e-10,4.1551582711763575e-11
178.13,5.319744773611008e-10,4.544175613495466e-11
178.14,5.331947275988774e-10,4.932384221819486e-11
178.15,5.343699867154362e-10,5.3197523968444165e-11
178.16,5.355002556201238e-10,5.706248595415765e-11
178.17,5.365855377634856e-10,6.091841352435258e-11
178.18,5.37625840232218e-10,6.476499309165173e-11
178.19,5.386211764934963e-10,6.86019131478547e-11
178.2,5.395715569683807e-10,7.242886112793869e-11
178.21,5.404770034714003e-10,7.624552859228965e-11
178.22,5.413375383993149e-10,8.005160658578508e-11
178.23,5.421531853675216e-10,8.384678796530213e-11
178.24,5.429239743974947e-10,8.763076642711026e-11
178.25,5.436499381643003e-10,9.140323814260927e-11
178.26,5.443311128271432e-10,9.516389936148185e-11
178.27,5.449675381212466e-10,9.8912447830325e-11
178.28,5.455592565696451e-10,1.02648583091166e-10
178.29,5.461063168831659e-10,1.0637200787548775e-10
178.3,5.466087679004785e-10,1.1008242255464452e-10
178.31,5.470666637730178e-10,1.1377953195825775e-10
178.32,5.474800616140482e-10,1.174630411612165e-10
178.33,5.478490229445038e-10,1.2113265724517528e-10
178.34,5.481736110731164e-10,1.2478808850295934e-10
178.35,5.484538942248731e-10,1.284290451737317e-10
178.36,5.486899433645859e-10,1.3205523870175365e-10
178.37,5.488818321406509e-10,1.3566638251458733e-10
178.38,5.490296409746437e-10,1.3926219065703192e-10
178.39,5.491334487626534e-10,1.4284238067717123e-10
178.4,5.491933413023591e-10,1.4640667016731138e-10
178.41,5.49209406147707e-10,1.4995477913633532e-10
178.42,5.491817352205032e-10,1.5348642928286667e-10
178.43,5.491104230370104e-10,1.5700134370271227e-10
178.44,5.48995567953811e-10,1.6049924755777637e-10
178.45,5.488372711778891e-10,1.6397986774317398e-10
178.46,5.486356369740125e-10,1.674429328988275e-10
178.47,5.483907747069522e-10,1.7088817341940207e-10
178.48,5.481027942960082e-10,1.7431532156687083e-10
178.49,5.477718109828643e-10,1.777241118588937e-10
178.5,5.473979420222229e-10,1.8111427999999302e-10
178.51,5.469813090175704e-10,1.8448556425101649e-10
178.52,5.46522035402818e-10,1.8783770384699918e-10
178.53,5.4602024890312e-10,1.9117044131900834e-10
178.54,5.454760802043849e-10,1.9448352011267025e-10
178.55,5.448896624157973e-10,1.9777668594164934e-10
178.56,5.442611329658041e-10,2.0104968670402607e-10
178.57,5.43590631521146e-10,2.0430227216815398e-10
178.58,5.428783010520237e-10,2.0753419400723867e-10
178.59,5.42124287912604e-10,2.107452058087455e-10
178.6,5.413287406391783e-10,2.1393506402364008e-10
178.61,5.404918120925518e-10,2.1710352613143071e-10
178.62,5.396136569706628e-10,2.202503526264633e-10
178.63,5.386944340656545e-10,2.2337530538505635e-10
178.64,5.377343040921599e-10,2.2647814905689437e-10
178.65,5.367334314735696e-10,2.2955864975016112e-10
178.66,5.356919834536422e-10,2.326165765115051e-10
178.67,5.34610129954945e-10,2.356517000775274e-10
178.68,5.334880438672432e-10,2.3866379331516356e-10
178.69,5.323259018761664e-10,2.4165263209254596e-10
178.7,5.311238811616477e-10,2.446179930214132e-10
178.71,5.298821644927486e-10,2.4755965660017747e-10
178.72,5.286009360132101e-10,2.5047740467803237e-10
178.73,5.272803826365749e-10,2.533710213616937e-10
178.74,5.259206949508682e-10,2.562402933818428e-10
178.75,5.24522065371264e-10,2.5908500988586684e-10
178.76,5.230846894730283e-10,2.619049618828106e-10
178.77,5.216087654726095e-10,2.64699943116632e-10
178.78,5.200944946353376e-10,2.674697494627483e-10
178.79,5.185420798166208e-10,2.702141789801163e-10
178.8,5.16951728132967e-10,2.7293303273025826e-10
178.81,5.153236481696396e-10,2.756261137483213e-10
178.82,5.136580511840967e-10,2.7829322717879365e-10
178.83,5.119551518600664e-10,2.8093418146428116e-10
178.84,5.102151663450769e-10,2.835487865883189e-10
178.85,5.084383144852121e-10,2.8613685569661647e-10
178.86,5.066248174239497e-10,2.886982039398019e-10
178.87,5.047748998113243e-10,2.9123264842079874e-10
178.88,5.028887882271489e-10,2.937400102686543e-10
178.89,5.00966711881226e-10,2.962201118955099e-10
178.9,4.990089024604477e-10,2.986727782963009e-10
178.91,4.97015593749097e-10,3.0109783769959967e-10
178.92,4.949870224711994e-10,3.0349511972014837e-10
178.93,4.929234271354057e-10,3.058644576605015e-10
178.94,4.908250489788895e-10,3.082056867372797e-10
178.95,4.886921317985768e-10,3.1051864491243915e-10
178.96,4.865249201550715e-10,3.128031725365099e-10
178.97,4.843236628961843e-10,3.1505911287385883e-10
178.98,4.820886101586712e-10,3.172863116474078e-10
178.99,4.798200138310739e-10,3.1948461683576803e-10
179.0,4.775181291055315e-10,3.2165387955409814e-10
179.01,4.751832123729926e-10,3.237939531492891e-10
179.02,4.728155228811872e-10,3.2590469411735895e-10
179.03,4.704153207694052e-10,3.279859606765886e-10
179.04,4.679828689454779e-10,3.300376144935595e-10
179.05,4.655184344353923e-10,3.3205951955342005e-10
179.06,4.6302228267915254e-10,3.3405154282401486e-10
179.07,4.604946832594139e-10,3.3601355349004846e-10
179.08,4.579359072817409e-10,3.379454237855841e-10
179.09,4.553462277807344e-10,3.3984702781100405e-10
179.1,4.52725919949659e-10,3.4171824375980824e-10
179.11,4.5007526060260045e-10,3.435589515810939e-10
179.12,4.473945283894716e-10,3.453690338602827e-10
179.13,4.446840048111149e-10,3.4714837640802625e-10
179.14,4.4194397099226697e-10,3.4889686722040764e-10
179.15,4.3917471171028493e-10,3.5061439749513456e-10
179.16,4.363765136212034e-10,3.523008606385868e-10
179.17,4.335496638818204e-10,3.5395615361634363e-10
179.18,4.306944518752849e-10,3.555801751844904e-10
179.19,4.27811169057107e-10,3.57172827126346e-10
179.2,4.2490010823722525e-10,3.5873401433442143e-10
179.21,4.2196156378563253e-10,3.602636440996471e-10
179.22,4.1899583210667256e-10,3.6176162666432467e-10
179.23,4.1600321024417094e-10,3.632278749306536e-10
179.24,4.1298399775653603e-10,3.646623043893773e-10
179.25,4.09938495461441e-10,3.660648336629459e-10
179.26,4.068670055809976e-10,3.674353841893632e-10
179.27,4.037698313828796e-10,3.68773879097803e-10
179.28,4.00647278515689e-10,3.7008024588739066e-10
179.29,3.974996534643783e-10,3.7135441392063134e-10
179.3,3.9432726373911343e-10,3.7259631525673955e-10
179.31,3.911304191442099e-10,3.7380588522976347e-10
179.32,3.87909429813581e-10,3.7498306165169317e-10
179.33,3.84664608287661e-10,3.761277850647632e-10
179.34,3.813962671159462e-10,3.77239998913957e-10
179.35,3.781047218011824e-10,3.783196484113904e-10
179.36,3.747902861160113e-10,3.7936668548053907e-10
179.37,3.714532785072344e-10,3.8038105897035804e-10
179.38,3.680940164898137e-10,3.813627244761312e-10
179.39,3.6471281918577906e-10,3.823116391947892e-10
179.4,3.6131000712043923e-10,3.832277633551524e-10
179.41,3.5788590125504116e-10,3.841110600062241e-10
179.42,3.5444082460664095e-10,3.8496149469649246e-10
179.43,3.5097509906653237e-10,3.857790357380606e-10
179.44,3.4748905054212643e-10,3.865636551158316e-10
179.45,3.4398300390003655e-10,3.8731532571304103e-10
179.46,3.404572853268218e-10,3.880340252179746e-10
179.47,3.3691222206821317e-10,3.887197330308571e-10
179.48,3.3334814226098625e-10,3.8937243143286804e-10
179.49,3.2976537472467527e-10,3.8999210577886167e-10
179.5,3.2616424919103825e-10,3.90578743882695e-10
179.51,3.2254509626627564e-10,3.91132336328801e-10
179.52,3.189082472023325e-10,3.916528768622477e-10
179.53,3.152540347468819e-10,3.921403623986304e-10
179.54,3.1158278968133466e-10,3.925947894873604e-10
179.55,3.078948469415676e-10,3.930161618657063e-10
179.56,3.0419054078118703e-10,3.93404483891863e-10
179.57,3.004702053093461e-10,3.9375976274461966e-10
179.58,2.967341755832028e-10,3.940820075145608e-10
179.59,2.9298278819862663e-10,3.943712321730841e-10
179.6,2.8921637882704715e-10,3.946274514557092e-10
179.61,2.854352847724761e-10,3.94850683660716e-10
179.62,2.816398443903835e-10,3.950409496730885e-10
179.63,2.7783039232142525e-10,3.951982733660529e-10
179.64,2.740072697745697e-10,3.953226807196375e-10
179.65,2.7017081460564404e-10,3.954142013357428e-10
179.66,2.6632136550380624e-10,3.9547286596169427e-10
179.67,2.6245926209969723e-10,3.954987099846036e-10
179.68,2.585848438469976e-10,3.9549177015174905e-10
179.69,2.546984507917491e-10,3.9545208653289523e-10
179.7,2.5080042306993264e-10,3.953797013112436e-10
179.71,2.468911011586946e-10,3.9527466001327206e-10
179.72,2.429708253594764e-10,3.951370097782509e-10
179.73,2.390399366727603e-10,3.9496680179735056e-10
179.74,2.350987758554302e-10,3.94764088666039e-10
179.75,2.3114768423217554e-10,3.945289265539887e-10
179.76,2.2718700289270602e-10,3.942613736191339e-10
179.77,2.2321707256707622e-10,3.9396149101041696e-10
179.78,2.1923823465951755e-10,3.9362934201379066e-10
179.79,2.1525083042186041e-10,3.9326499314288224e-10
179.8,2.11255201193863e-10,3.928685134654883e-10
179.81,2.0725168769470284e-10,3.9243997367195556e-10
179.82,2.032406309839321e-10,3.9197944809671387e-10
179.83,1.992223722362891e-10,3.914870135785099e-10
179.84,1.9519725203149557e-10,3.9096274864776723e-10
179.85,1.9116561114218845e-10,3.90406735450788e-10
179.86,1.871277893556751e-10,3.8981905774427946e-10
179.87,1.8308412815231265e-10,3.891998025304307e-10
179.88,1.7903496622962912e-10,3.885490589508777e-10
179.89,1.7498064376778043e-10,3.8786691859002143e-10
179.9,1.7092150034223107e-10,3.8715347590049314e-10
179.91,1.6685787465211637e-10,3.864088274756545e-10
179.92,1.6279010614918353e-10,3.8563307290158924e-10
179.93,1.587185307558937e-10,3.8482631207724114e-10
179.94,1.5464348933235255e-10,3.839886513138954e-10
179.95,1.50565317958963e-10,3.8312019602541823e-10
179.96,1.4648435331597363e-10,3.822210551486464e-10
179.97,1.424009325974361e-10,3.812913401495337e-10
179.98,1.383153914583938e-10,3.8033116402246177e-10
179.99,1.3422806586930732e-10,3.7934064541616815e-10
180.0,1.301392899669849e-10,3.7831990012240527e-10
180.01,1.26049398371554e-10,3.772690499178751e-10
180.02,1.2195872481363615e-10,3.761882180124668e-10
180.03,1.178676023899716e-10,3.750775300755009e-10
180.04,1.1377636309203278e-10,3.73937113840391e-10
180.05,1.0968533887010795e-10,3.727670993845822e-10
180.06,1.0559486053580063e-10,3.7156761920249127e-10
180.07,1.0150525941810554e-10,3.7033880841039146e-10
180.08,9.741686186687924e-11,3.69080803346104e-10
180.09,9.332999979276669e-11,3.6779374387499385e-10
180.1,8.924499949437241e-11,3.664777709700876e-10
180.11,8.516218774074654e-11,3.6513302859593935e-10
180.12,8.108189145139386e-11,3.637596626915213e-10
180.13,7.700443519701102e-11,3.6235782137184956e-10
180.14,7.293014334864912e-11,3.6092765471192847e-10
180.15,6.885933912897946e-11,3.594693153295661e-10
180.16,6.479234419851706e-11,3.5798295774006527e-10
180.17,6.072948224952798e-11,3.564687385676195e-10
180.18,5.6671071427647505e-11,3.5492681684422974e-10
180.19,5.2617431095009724e-11,3.533573530671398e-10
180.2,4.8568880173285885e-11,3.517605105337266e-10
180.21,4.4525735630657066e-11,3.5013645446666084e-10
180.22,4.048831327491618e-11,3.4848535158200993e-10
180.23,3.6456928087108497e-11,3.468073712137055e-10
180.24,3.2431893810435005e-11,3.451026845977852e-10
180.25,2.8413523656852117e-11,3.433714651229817e-10
180.26,2.440212657347069e-11,3.4161388659454837e-10
180.27,2.0398014972629627e-11,3.3983012751601836e-10
180.28,1.6401497258195838e-11,3.3802036647414727e-10
180.29,1.241288032230532e-11,3.3618478424227763e-10
180.3,8.432470527964666e-12,3.343235640682843e-10
180.31,4.460573490597667e-12,3.3243689042082746e-10
180.32,4.974919316633636e-13,3.305249499190993e-10
180.33,-3.4564710731380265e-12,3.285879313890919e-10
180.34,-7.401015390571753e-12,3.2662602444386467e-10
180.35,-1.1335841686294443e-11,3.2463942210255056e-10
180.36,-1.52606512456589e-11,3.226283178351096e-10
180.37,-1.917514826821674e-11,3.205929072264778e-10
180.38,-2.3079036667413574e-11,3.185333883953054e-10
180.39,-2.6972024022187362e-11,3.164499597626322e-10
180.4,-3.0853817731311015e-11,3.1434282293204324e-10
180.41,-3.472412723757256e-11,3.1221218027198065e-10
180.42,-3.858266364339548e-11,3.100582362857792e-10
180.43,-4.242913955016515e-11,3.0788119669588577e-10
180.44,-4.626326900716896e-11,3.0568126997181764e-10
180.45,-5.0084768054341245e-11,3.03458664757733e-10
180.46,-5.3893354086594674e-11,3.0121359214529556e-10
180.47,-5.76887456144145e-11,2.989462647583046e-10
180.48,-6.147066428501363e-11,2.966568962370145e-10
180.49,-6.523883274868678e-11,2.9434570279019875e-10
180.5,-6.899297424037742e-11,2.920129013323978e-10
180.51,-7.273281511230627e-11,2.8965871056742274e-10
180.52,-7.645808288614864e-11,2.8728335068194253e-10
180.53,-8.016850725130372e-11,2.8488704350716565e-10
180.54,-8.386381918989606e-11,2.824700118619313e-10
180.55,-8.75437517833764e-11,2.8003248048215003e-10
180.56,-9.120804056564645e-11,2.7757467493810336e-10
180.57,-9.485642034292712e-11,2.750968234189018e-10
180.58,-9.848863141103422e-11,2.725991537819556e-10
180.59,-1.0210441362967198e-10,2.700818963734685e-10
180.6,-1.057035094741317e-10,2.675452825458116e-10
180.61,-1.0928566321296457e-10,2.6498954480400557e-10
180.62,-1.1285062036284615e-10,2.6241491748447306e-10
180.63,-1.1639812956425977e-10,2.59821635776491e-10
180.64,-1.1992794098016937e-10,2.572099357551227e-10
180.65,-1.2343980621994212e-10,2.5458005525334485e-10
180.66,-1.2693347995583157e-10,2.5193223369384723e-10
180.67,-1.3040871738802615e-10,2.4926671055416353e-10
180.68,-1.3386527767964412e-10,2.4658372720482665e-10
180.69,-1.3730291934562927e-10,2.438835262794148e-10
180.7,-1.4072140593591682e-10,2.4116635064101863e-10
180.71,-1.4412050137770645e-10,2.384324456081356e-10
180.72,-1.474999716938709e-10,2.356820562428175e-10
180.73,-1.508595848804477e-10,2.329154296770873e-10
180.74,-1.5419911209746395e-10,2.301328136723518e-10
180.75,-1.5751832662258123e-10,2.2733445602423186e-10
180.76,-1.6081700209964797e-10,2.2452060746099278e-10
180.77,-1.6409491583234767e-10,2.2169151838242718e-10
180.78,-1.6735184726011683e-10,2.1884744037434663e-10
180.79,-1.705875772937026e-10,2.1598862552409838e-10
180.8,-1.7380188940806185e-10,2.1311532811514494e-10
180.81,-1.7699456978050296e-10,2.1022780184174248e-10
180.82,-1.8016540616808843e-10,2.0732630205548574e-10
180.83,-1.8331418819774324e-10,2.0441108444385677e-10
180.84,-1.8644070933708005e-10,2.0148240617983025e-10
180.85,-1.895447634562296e-10,1.985405245783624e-10
180.86,-1.926261479090616e-10,1.9558569797385177e-10
180.87,-1.9568466140908978e-10,1.9261818565209466e-10
180.88,-1.987201064778479e-10,1.8963824695075655e-10
180.89,-2.0173228599750835e-10,1.8664614271118175e-10
180.9,-2.047210065654623e-10,1.8364213403834554e-10
180.91,-2.076860769549966e-10,1.806264828189579e-10
180.92,-2.106273068993387e-10,1.775994510776495e-10
180.93,-2.1354451101365566e-10,1.7456130205885827e-10
180.94,-2.1643750394732463e-10,1.7151229948078976e-10
180.95,-2.1930610384445744e-10,1.684527073581157e-10
180.96,-2.2215013121976256e-10,1.6538279041452285e-10
180.97,-2.2496940830456593e-10,1.623028138284859e-10
180.98,-2.2776376064294042e-10,1.5921304355238888e-10
180.99,-2.3053301544782232e-10,1.561137454168895e-10
181.0,-2.3327700293924483e-10,1.5300518601271754e-10
181.01,-2.359955554343033e-10,1.4988763270627389e-10
181.02,-2.3868850670706063e-10,1.4676135303136092e-10
181.03,-2.41355695544422e-10,1.4362661445517544e-10
181.04,-2.439969605516413e-10,1.4048368515308351e-10
181.05,-2.4661214480210457e-10,1.3733283367746144e-10
181.06,-2.4920109159023407e-10,1.3417432877100895e-10
181.07,-2.517636493686012e-10,1.3100843981321308e-10
181.08,-2.542996665685276e-10,1.278354358792524e-10
181.09,-2.5680899610160366e-10,1.246555867019171e-10
181.1,-2.592914924789107e-10,1.214691623312761e-10
181.11,-2.617470118407393e-10,1.1827643234886142e-10
181.12,-2.6417541474719666e-10,1.1507766713649895e-10
181.13,-2.665765629688162e-10,1.118731370145365e-10
181.14,-2.689503209860325e-10,1.0866311286161577e-10
181.15,-2.712965562649696e-10,1.0544786419894943e-10
181.16,-2.7361513802716674e-10,1.0222766271981884e-10
181.17,-2.7590593874120935e-10,9.900277893253241e-11
181.18,-2.781688330319183e-10,9.57734833628343e-11
181.19,-2.804036982071785e-10,9.25400471593669e-11
181.2,-2.826104144185274e-10,8.930274044081729e-11
181.21,-2.847888638284619e-10,8.606183455949119e-11
181.22,-2.869389315423543e-10,8.281759986685225e-11
181.23,-2.8906050453238354e-10,7.957030717985959e-11
181.24,-2.911534741540572e-10,7.632022701403025e-11
181.25,-2.9321773206829705e-10,7.306762963546697e-11
181.26,-2.952531737352919e-10,6.981278547098748e-11
181.27,-2.972596969600717e-10,6.655596463670813e-11
181.28,-2.9923720232697707e-10,6.329743697456965e-11
181.29,-3.0118559287544046e-10,6.003747197118714e-11
181.3,-3.031047742943149e-10,5.6776339362301854e-11
181.31,-3.049946544813475e-10,5.351430851753909e-11
181.32,-3.068551424558206e-10,5.0251648016772395e-11
181.33,-3.08686157060271e-10,4.698862720701528e-11
181.34,-3.1048760905012036e-10,4.37255135888358e-11
181.35,-3.1225941854435275e-10,4.046257581587804e-11
181.36,-3.140015069384275e-10,3.720008112433618e-11
181.37,-3.15713797691553e-10,3.393829718171987e-11
181.38,-3.1739621760842256e-10,3.067749050747391e-11
181.39,-3.1904869517032417e-10,2.7417927852857442e-11
181.4,-3.2067116250521046e-10,2.4159874915648822e-11
181.41,-3.2226355319527285e-10,2.090359748995046e-11
181.42,-3.238258046589136e-10,1.7649360548209418e-11
181.43,-3.253578558261953e-10,1.4397428563212506e-11
181.44,-3.268596483741605e-10,1.1148065699755576e-11
181.45,-3.2833112756374683e-10,7.901535264308275e-12
181.46,-3.2977224007931824e-10,4.658100337089485e-12
181.47,-3.311829362721386e-10,1.4180229874440706e-12
181.48,-3.325631676110552e-10,-1.8184350158359792e-12
181.49,-3.33912890056636e-10,-5.051012480464784e-12
181.5,-3.352320596325059e-10,-8.2794484223035e-12
181.51,-3.3652063920159374e-10,-1.1503485512091933e-11
181.52,-3.377785889448941e-10,-1.4722862199264168e-11
181.53,-3.39005875300391e-10,-1.7937321061574336e-11
181.54,-3.4020246561209876e-10,-2.114660441373841e-11
181.55,-3.4136833096116773e-10,-2.4350455679530172e-11
181.56,-3.4250344395240843e-10,-2.7548618679613916e-11
181.57,-3.436077804549455e-10,-3.074083811029709e-11
181.58,-3.4468131860455394e-10,-3.392685963707486e-11
181.59,-3.457240388403878e-10,-3.7106430063896564e-11
181.6,-3.467359256253344e-10,-4.0279295708403844e-11
181.61,-3.4771696378310476e-10,-4.3445205630000536e-11
181.62,-3.486671420107952e-10,-4.660390845112036e-11
181.63,-3.495864513550038e-10,-4.975515451793102e-11
181.64,-3.504748853518074e-10,-5.289869430020917e-11
181.65,-3.513324402438006e-10,-5.603428000158075e-11
181.66,-3.5215911450541257e-10,-5.916166417618032e-11
181.67,-3.529549094157459e-10,-6.228060088726041e-11
181.68,-3.537198276703905e-10,-6.539084477426899e-11
181.69,-3.544538779184704e-10,-6.849215203418015e-11
181.7,-3.551570664796518e-10,-7.158427920361522e-11
181.71,-3.5582940544249586e-10,-7.466698460203516e-11
181.72,-3.564709087883999e-10,-7.774002690571372e-11
181.73,-3.5708159226320537e-10,-8.080316665597207e-11
181.74,-3.576614747699612e-10,-8.385616507991976e-11
181.75,-3.5821057752043843e-10,-8.68987845247776e-11
181.76,-3.587289243052416e-10,-8.993078885854824e-11
181.77,-3.592165408163941e-10,-9.295194223391976e-11
181.78,-3.5967345619661875e-10,-9.596201142652479e-11
181.79,-3.6009970127020664e-10,-9.896076330631365e-11
181.8,-3.604953095446598e-10,-1.0194796619001004e-10
181.81,-3.608603165911997e-10,-1.0492338984992503e-10
181.82,-3.6119476135548177e-10,-1.0788680521038969e-10
181.83,-3.6149868423089504e-10,-1.1083798447627506e-10
181.84,-3.6177212850545096e-10,-1.1377670109151815e-10
181.85,-3.6201513994908183e-10,-1.1670273006892188e-10
181.86,-3.622277659301297e-10,-1.1961584757809782e-10
181.87,-3.6241005787498164e-10,-1.225158308779631e-10
181.88,-3.6256206780211696e-10,-1.2540245903235742e-10
181.89,-3.626838505612295e-10,-1.282755126668519e-10
181.9,-3.6277546456373034e-10,-1.3113477258342683e-10
181.91,-3.6283696879870706e-10,-1.3398002255809086e-10
181.92,-3.628684257557427e-10,-1.368110469922304e-10
181.93,-3.628698996997792e-10,-1.3962763168691373e-10
181.94,-3.628414578541063e-10,-1.4242956427763749e-10
181.95,-3.62783168549364e-10,-1.4521663303478742e-10
181.96,-3.6269510488336635e-10,-1.4798862984902082e-10
181.97,-3.625773388235567e-10,-1.5074534508885803e-10
181.98,-3.6242994664884907e-10,-1.5348657272869188e-10
181.99,-3.622530071347576e-10,-1.562121078116523e-10
182.0,-3.62046600521236e-10,-1.5892174682798183e-10
182.01,-3.6181080941721626e-10,-1.6161528768155423e-10
182.02,-3.6154571910288677e-10,-1.6429253027724009e-10
182.03,-3.6125141610392207e-10,-1.6695327574237484e-10
182.04,-3.609279901930516e-10,-1.6959732664579235e-10
182.05,-3.605755334250408e-10,-1.7222448864828984e-10
182.06,-3.601941388795989e-10,-1.7483456660980222e-10
182.07,-3.597839027026941e-10,-1.7742736877472569e-10
182.08,-3.5934492300126967e-10,-1.800027046909275e-10
182.09,-3.588773002836802e-10,-1.82560385732376e-10
182.1,-3.583811360174003e-10,-1.8510022384384225e-10
182.11,-3.578565357324452e-10,-1.876220345643152e-10
182.12,-3.573036052914995e-10,-1.9012563369200674e-10
182.13,-3.5672245299471894e-10,-1.9261083959305158e-10
182.14,-3.561131917590078e-10,-1.9507747102312076e-10
182.15,-3.55475932133945e-10,-1.9752535055620424e-10
182.16,-3.5481078968390755e-10,-1.999543009954507e-10
182.17,-3.541178814013549e-10,-2.0236414753970364e-10
182.18,-3.5339732620307166e-10,-2.0475471672044727e-10
182.19,-3.52649244979737e-10,-2.0712583749077348e-10
182.2,-3.5187376109400617e-10,-2.0947734034820768e-10
182.21,-3.5107099856779945e-10,-2.1180905718326125e-10
182.22,-3.502410860705901e-10,-2.1412082241492752e-10
182.23,-3.493841490699727e-10,-2.1641247220171098e-10
182.24,-3.485003216613743e-10,-2.186838441703991e-10
182.25,-3.475897352307017e-10,-2.2093477766913286e-10
182.26,-3.466525245430005e-10,-2.2316511487911574e-10
182.27,-3.456888263275616e-10,-2.2537469912579414e-10
182.28,-3.446987785332554e-10,-2.2756337582192008e-10
182.29,-3.4368252117437024e-10,-2.2973099195083838e-10
182.3,-3.426401970852966e-10,-2.3187739706120146e-10
182.31,-3.415719499748005e-10,-2.3400244229354434e-10
182.32,-3.40477925197601e-10,-2.361059806901613e-10
182.33,-3.393582707625164e-10,-2.3818786734770214e-10
182.34,-3.38213135361427e-10,-2.4024795934084266e-10
182.35,-3.370426708880433e-10,-2.422861156434184e-10
182.36,-3.358470296524741e-10,-2.443021969964855e-10
182.37,-3.3462636626685973e-10,-2.462960667819063e-10
182.38,-3.333808371449391e-10,-2.482675895867874e-10
182.39,-3.3211060022626186e-10,-2.5021663258788916e-10
182.4,-3.308158150913203e-10,-2.5214306449062774e-10
182.41,-3.2949664346629604e-10,-2.540467569282926e-10
182.42,-3.2815324807463026e-10,-2.559275823750566e-10
182.43,-3.267857932511407e-10,-2.577854160155284e-10
182.44,-3.253944454492117e-10,-2.596201353590304e-10
182.45,-3.239793728926492e-10,-2.614316187293249e-10
182.46,-3.225407448015264e-10,-2.6321974800007034e-10
182.47,-3.210787318258518e-10,-2.6498440641603563e-10
182.48,-3.195935068010206e-10,-2.667254792110504e-10
182.49,-3.1808524418770455e-10,-2.684428539373083e-10
182.5,-3.165541187460846e-10,-2.701364200517175e-10
182.51,-3.150003081698427e-10,-2.718060692791993e-10
182.52,-3.1342399087741656e-10,-2.734516951919546e-10
182.53,-3.1182534764209614e-10,-2.7507319413620675e-10
182.54,-3.102045579542766e-10,-2.76670462811272e-10
182.55,-3.08561806166499e-10,-2.7824340248418495e-10
182.56,-3.0689727636929256e-10,-2.797919147891107e-10
182.57,-3.0521115464755065e-10,-2.8131590435698776e-10
182.58,-3.035036270465096e-10,-2.8281527737815254e-10
182.59,-3.0177488325945196e-10,-2.842899425630096e-10
182.6,-3.000251119883771e-10,-2.857398105175203e-10
182.61,-2.9825450466285766e-10,-2.871647940994175e-10
182.62,-2.9646325352968233e-10,-2.885648082690176e-10
182.63,-2.946515521575113e-10,-2.899397704943998e-10
182.64,-2.9281959584917036e-10,-2.91289599730725e-10
182.65,-2.909675809301163e-10,-2.9261421751733983e-10
182.66,-2.890957035567799e-10,-2.9391354771103043e-10
182.67,-2.872041633214882e-10,-2.9518751581293655e-10
182.68,-2.8529315990434744e-10,-2.9643605018891564e-10
182.69,-2.83362893621178e-10,-2.976590807356134e-10
182.7,-2.8141356717266016e-10,-2.988565398492831e-10
182.71,-2.7944538330992455e-10,-3.0002836203532363e-10
182.72,-2.7745854627382896e-10,-3.0117448371664797e-10
182.73,-2.7545326162541576e-10,-3.022948441202622e-10
182.74,-2.734297359388409e-10,-3.033893844476028e-10
182.75,-2.7138817665336434e-10,-3.0445804752492894e-10
182.76,-2.693287919502263e-10,-3.055007789321735e-10
182.77,-2.672517918949576e-10,-3.0651752647369736e-10
182.78,-2.6515738619742844e-10,-3.075082397101906e-10
182.79,-2.6304578727756657e-10,-3.0847287082804753e-10
182.8,-2.609172070342143e-10,-3.094113739740802e-10
182.81,-2.5877185895182665e-10,-3.1032370560132963e-10
182.82,-2.5660995741451484e-10,-3.11209824271652e-10
182.83,-2.5443171749910796e-10,-3.1206969082524005e-10
182.84,-2.522373555855108e-10,-3.1290326808641486e-10
182.85,-2.50027087817848e-10,-3.137105215453685e-10
182.86,-2.478011327792355e-10,-3.1449141834201343e-10
182.87,-2.455597085865151e-10,-3.1524592806112746e-10
182.88,-2.4330303508556217e-10,-3.1597402263276153e-10
182.89,-2.4103133140458243e-10,-3.1667567612268055e-10
182.9,-2.387448196571291e-10,-3.1735086401702677e-10
182.91,-2.364437206431055e-10,-3.1799956540840845e-10
182.92,-2.341282570069892e-10,-3.186217606889869e-10
182.93,-2.3179865180686309e-10,-3.1921743244616874e-10
182.94,-2.294551284720869e-10,-3.1978656545980813e-10
182.95,-2.270979117227746e-10,-3.2032914729739834e-10
182.96,-2.247272263937354e-10,-3.2084516692615453e-10
182.97,-2.223432980850831e-10,-3.2133461589318957e-10
182.98,-2.1994635252508367e-10,-3.2179748733825537e-10
182.99,-2.1753661852092628e-10,-3.22233778763834e-10
183.0,-2.1511432114288576e-10,-3.226434865037496e-10
183.01,-2.126796892757882e-10,-3.230266112459326e-10
183.02,-2.1023295131249745e-10,-3.2338315558225173e-10
183.03,-2.0777433531213076e-10,-3.237131232438206e-10
183.04,-2.0530407203466205e-10,-3.2401652212170963e-10
183.05,-2.028223904939257e-10,-3.242933602990464e-10
183.06,-2.003295210246356e-10,-3.2454364895716407e-10
183.07,-1.9782569436607551e-10,-3.2476740121776217e-10
183.08,-1.9531114200258155e-10,-3.24964632297831e-10
183.09,-1.9278609390674497e-10,-3.251353597383253e-10
183.1,-1.9025078493302884e-10,-3.252796033449589e-10
183.11,-1.8770544516501816e-10,-3.253973845166898e-10
183.12,-1.8515030563146228e-10,-3.2548872691967515e-10
183.13,-1.8258560184111768e-10,-3.255536570759379e-10
183.14,-1.8001156556698413e-10,-3.255922027291419e-10
183.15,-1.7742843041576162e-10,-3.2560439437932195e-10
183.16,-1.7483642973546036e-10,-3.2559026394662344e-10
183.17,-1.722357974488632e-10,-3.2554984589774115e-10
183.18,-1.6962676780457686e-10,-3.254831771151886e-10
183.19,-1.6700957437304582e-10,-3.253902959613403e-10
183.2,-1.643844509134895e-10,-3.252712433613879e-10
183.21,-1.6175163411549735e-10,-3.251260615841834e-10
183.22,-1.5911135698484614e-10,-3.2495479588684304e-10
183.23,-1.5646385356019082e-10,-3.247574934140234e-10
183.24,-1.5380935969452561e-10,-3.2453420278739074e-10
183.25,-1.5114810993033784e-10,-3.242849751083875e-10
183.26,-1.4848033891990744e-10,-3.2400986343224616e-10
183.27,-1.458062815687855e-10,-3.237089230471687e-10
183.28,-1.4312617304339318e-10,-3.2338221092114434e-10
183.29,-1.4044024639116002e-10,-3.2302978530774127e-10
183.3,-1.3774874096498672e-10,-3.2265171040034005e-10
183.31,-1.3505188738631875e-10,-3.2224804666628325e-10
183.32,-1.3234992124457858e-10,-3.218188598662956e-10
183.33,-1.2964307764359691e-10,-3.213642175160361e-10
183.34,-1.2693159081847368e-10,-3.208841888981375e-10
183.35,-1.2421569527111079e-10,-3.2037884482006605e-10
183.36,-1.2149562520714923e-10,-3.1984825875515676e-10
183.37,-1.1877161441648953e-10,-3.1929250558323014e-10
183.38,-1.1604389615413536e-10,-3.1871166236034e-10
183.39,-1.133127061021144e-10,-3.181058083725769e-10
183.4,-1.1057827581097344e-10,-3.17475024298819e-10
183.41,-1.0784083906026289e-10,-3.168193931180356e-10
183.42,-1.0510062841760949e-10,-3.1613899943922133e-10
183.43,-1.0235787710394824e-10,-3.1543393005097883e-10
183.44,-9.961281672160648e-11,-3.147042732622315e-10
183.45,-9.686567972215042e-11,-3.139501197893951e-10
183.46,-9.41166975837874e-11,-3.1317156217858315e-10
183.47,-9.136610254169276e-11,-3.12368694016071e-10
183.48,-8.861412296232933e-11,-3.115416120230758e-10
183.49,-8.586099184631561e-11,-3.106904136140506e-10
183.5,-8.310693864773594e-11,-3.0981519868135767e-10
183.51,-8.035219265484584e-11,-3.089160687007722e-10
183.52,-7.75969834090925e-11,-3.079931271461404e-10
183.53,-7.484154026991098e-11,-3.070464788538789e-10
183.54,-7.208608947110701e-11,-3.060762314695478e-10
183.55,-6.933086076846153e-11,-3.0508249313935393e-10
183.56,-6.657608085952775e-11,-3.040653744887694e-10
183.57,-6.382197649763357e-11,-3.030249877460999e-10
183.58,-6.106877389986204e-11,-3.0196144713897185e-10
183.59,-5.831669803093205e-11,-3.0087486804569626e-10
183.6,-5.5565974748957603e-11,-2.997653683191263e-10
183.61,-5.281682816788617e-11,-2.986330669998632e-10
183.62,-5.0069481476028205e-11,-2.974780846713253e-10
183.63,-4.7324159062084824e-11,-2.963005443881065e-10
183.64,-4.458108208314316e-11,-2.9510056980603235e-10
183.65,-4.184047264074165e-11,-2.9387828746767926e-10
183.66,-3.9102552287362874e-11,-2.926338239238192e-10
183.67,-3.636754120430789e-11,-2.913673092531901e-10
183.68,-3.363565905978505e-11,-2.9007887393277183e-10
183.69,-3.09071247767196e-11,-2.8876865041803874e-10
183.7,-2.8182156533237485e-11,-2.874367727135901e-10
183.71,-2.5460971581271752e-11,-2.8608337621107327e-10
183.72,-2.2743786383500563e-11,-2.8470859811911775e-10
183.73,-2.0030817297696558e-11,-2.8331257762044373e-10
183.74,-1.7322278564020333e-11,-2.818954541524035e-10
183.75,-1.461838463188826e-11,-2.804573699865117e-10
183.76,-1.1919348915335912e-11,-2.789984683532961e-10
183.77,-9.225383649626125e-12,-2.775188937910554e-10
183.78,-6.536700182138196e-12,-2.760187932922835e-10
183.79,-3.853509398805744e-12,-2.744983139559143e-10
183.8,-1.176020716740463e-12,-2.729576050917074e-10
183.81,1.4955570812961877e-12,-2.713968174334474e-10
183.82,4.161015964942623e-12,-2.698161033818153e-10
183.83,6.820148517198271e-12,-2.682156161429044e-10
183.84,9.472751350609972e-12,-2.665955102051237e-10
183.85,1.211861697802481e-11,-2.6495594275005717e-10
183.86,1.4757543635138962e-11,-2.632970706176068e-10
183.87,1.7389325465768978e-11,-2.616190538626676e-10
183.88,2.0013763771973995e-11,-2.599220520271336e-10
183.89,2.2630656488864124e-11,-2.582062269881929e-10
183.9,2.5239804031222628e-11,-2.564717420776578e-10
183.91,2.7841007907157773e-11,-2.547187612675367e-10
183.92,3.0434071858151395e-11,-2.5294745010523713e-10
183.93,3.301879658502638e-11,-2.51157976102242e-10
183.94,3.5594989546250154e-11,-2.49350506771186e-10
183.95,3.816245556962573e-11,-2.475252114424624e-10
183.96,4.072100177887112e-11,-2.4568226108671045e-10
183.97,4.327043671242285e-11,-2.4382182739359895e-10
183.98,4.581056969118309e-11,-2.419440831610154e-10
183.99,4.834121078343653e-11,-2.4004920277704644e-10
184.0,5.086217222019064e-11,-2.381373615658087e-10
184.01,5.3373266639132355e-11,-2.362087361044563e-10
184.02,5.587430931048429e-11,-2.34263503230943e-10
184.03,5.836511486873836e-11,-2.3230184227931726e-10
184.04,6.084549982495119e-11,-2.3032393322286316e-10
184.05,6.331528253073282e-11,-2.2832995664066307e-10
184.06,6.577428271488976e-11,-2.2632009447031542e-10
184.07,6.822232034828045e-11,-2.2429452973663166e-10
184.08,7.065921760851767e-11,-2.222534464321832e-10
184.09,7.308479753868345e-11,-2.2019702970341657e-10
184.1,7.549888428270848e-11,-2.1812546509255113e-10
184.11,7.790130521733812e-11,-2.1603894090158511e-10
184.12,8.029188615492903e-11,-2.1393764366001338e-10
184.13,8.267045603616911e-11,-2.11821762975273e-10
184.14,8.503684481656354e-11,-2.096914883996688e-10
184.15,8.739088461996308e-11,-2.0754701097850435e-10
184.16,8.973240691360953e-11,-2.0538852238467472e-10
184.17,9.206124664800475e-11,-2.0321621488757449e-10
184.18,9.437723912351927e-11,-2.0103028219795052e-10
184.19,9.668022231393305e-11,-1.9883091943532284e-10
184.2,9.897003248577643e-11,-1.966183184886257e-10
184.21,1.0124651168711015e-10,-1.9439267857454962e-10
184.22,1.0350950044706461e-10,-1.921541951478831e-10
184.23,1.0575884167416652e-10,-1.8990306592017098e-10
184.24,1.0799437966277228e-10,-1.8763948885693321e-10
184.25,1.102159602687472e-10,-1.8536366309019099e-10
184.26,1.1242343087346245e-10,-1.8307578818391852e-10
184.27,1.1461664017832305e-10,-1.80776064779132e-10
184.28,1.167954387805105e-10,-1.78464693804501e-10
184.29,1.1895967759210486e-10,-1.761418770983521e-10
184.3,1.211092113055706e-10,-1.738078168989348e-10
184.31,1.232438940078305e-10,-1.7146271675278338e-10
184.32,1.253635823522625e-10,-1.691067800917349e-10
184.33,1.2746813498682104e-10,-1.6674021087037223e-10
184.34,1.2955741093737405e-10,-1.643632144144375e-10
184.35,1.3163127170449324e-10,-1.6197599597442232e-10
184.36,1.3368957987300676e-10,-1.595787616853968e-10
184.37,1.3573219927464755e-10,-1.5717171836488776e-10
184.38,1.3775899756102288e-10,-1.5475507229776293e-10
184.39,1.397698409886395e-10,-1.5232903163821769e-10
184.4,1.4176459910761305e-10,-1.4989380441425563e-10
184.41,1.437431436154822e-10,-1.474495992414934e-10
184.42,1.4570534490679983e-10,-1.4499662439808404e-10
184.43,1.4765107879071114e-10,-1.4253508982335245e-10
184.44,1.4958022086831562e-10,-1.400652051987083e-10
184.45,1.514926484439174e-10,-1.375871808555742e-10
184.46,1.5338824067828093e-10,-1.351012274412493e-10
184.47,1.552668779741452e-10,-1.326075553578276e-10
184.48,1.571284429711794e-10,-1.3010637628669194e-10
184.49,1.5897282003245861e-10,-1.275979017161955e-10
184.5,1.607998943726307e-10,-1.2508234403449328e-10
184.51,1.6260955436090098e-10,-1.225599141014719e-10
184.52,1.6440168851285709e-10,-1.2003082582066385e-10
184.53,1.6617618768546657e-10,-1.1749529114203165e-10
184.54,1.6793294483910491e-10,-1.1495352321541213e-10
184.55,1.696718539392449e-10,-1.1240573523309876e-10
184.56,1.7139281149430115e-10,-1.0985214037817432e-10
184.57,1.7309571494122276e-10,-1.0729295224074851e-10
184.58,1.747804636013331e-10,-1.0472838465324594e-10
184.59,1.7644695912272657e-10,-1.021586516087335e-10
184.6,1.7809510412445051e-10,-9.958396647391603e-11
184.61,1.7972480363508558e-10,-9.700454385708938e-11
184.62,1.8133596324039703e-10,-9.442059819746483e-11
184.63,1.829284923888137e-10,-9.183234312210103e-11
184.64,1.845022998513232e-10,-8.923999345986226e-11
184.65,1.8605729836830939e-10,-8.664376314309627e-11
184.66,1.8759340063287208e-10,-8.404386682134479e-11
184.67,1.8911052230888075e-10,-8.144051885158773e-11
184.68,1.9060858009275503e-10,-7.883393363898289e-11
184.69,1.9208749301835767e-10,-7.622432560337437e-11
184.7,1.9354718157398925e-10,-7.361190888248125e-11
184.71,1.9498756794138814e-10,-7.099689790891359e-11
184.72,1.9640857626302203e-10,-6.837950662544536e-11
184.73,1.978101325705339e-10,-6.575994938899288e-11
184.74,1.9919216418945977e-10,-6.313843973571968e-11
184.75,2.00554600805062e-10,-6.051519200574406e-11
184.76,2.0189737365668499e-10,-5.7890419714533214e-11
184.77,2.032204157336234e-10,-5.5264336184572436e-11
184.78,2.0452366210028489e-10,-5.263715471436664e-11
184.79,2.058070486214898e-10,-5.000908876848501e-11
184.8,2.0707051456975866e-10,-4.738035092401534e-11
184.81,2.083139997059024e-10,-4.475115391928972e-11
184.82,2.09537446021447e-10,-4.212171041788034e-11
184.83,2.107407975572751e-10,-3.9492232188505485e-11
184.84,2.1192399965352282e-10,-3.686293143144669e-11
184.85,2.1308699982097375e-10,-3.423401941382289e-11
184.86,2.1422974745279258e-10,-3.160570714403939e-11
184.87,2.153521928764313e-10,-2.897820696296104e-11
184.88,2.1645428962654284e-10,-2.6351727790029792e-11
184.89,2.1753599189564072e-10,-2.3726480284556673e-11
184.9,2.1859725610439047e-10,-2.1102674540059788e-11
184.91,2.196380405625289e-10,-1.8480519835153376e-11
184.92,2.2065830560889852e-10,-1.5860224861819787e-11
184.93,2.2165801238476053e-10,-1.3241998492286325e-11
184.94,2.2263712496372165e-10,-1.0626048768243478e-11
184.95,2.2359560840172976e-10,-8.01258362489102e-12
184.96,2.2453343006587486e-10,-5.401809088079805e-12
184.97,2.2545055877070641e-10,-2.7939329637155763e-12
184.98,2.2634696548241297e-10,-1.8916100841288608e-13
184.99,2.2722262290561653e-10,2.412301166503091e-12
185.0,2.280775050320693e-10,5.01024872543481e-12
185.01,2.289115882759568e-10,7.604476913313843e-12
185.02,2.297248506755258e-10,1.0194782107650015e-11
185.03,2.3051727148671514e-10,1.2780960792194256e-11
185.04,2.312888325101735e-10,1.5362810149888306e-11
185.05,2.3203951715911272e-10,1.7940128401631793e-11
185.06,2.327693103604623e-10,2.051271369229494e-11
185.07,2.334781990759788e-10,2.3080366074561463e-11
185.08,2.3416617065266306e-10,2.5642884070890822e-11
185.09,2.348332187340316e-10,2.820007035629014e-11
185.1,2.354793324281591e-10,3.0751724421358305e-11
185.11,2.361045066238199e-10,3.329764891894786e-11
185.12,2.3670873686475084e-10,3.5837646381770575e-11
185.13,2.3729202117443974e-10,3.8371520574852066e-11
185.14,2.3785435763092525e-10,4.089907570822237e-11
185.15,2.3839574817418457e-10,4.342011674492661e-11
185.16,2.389161948690226e-10,4.593444956009531e-11
185.17,2.394157044968315e-10,4.84418807065289e-11
185.18,2.398942776664071e-10,5.0942217823524094e-11
185.19,2.4035192736587975e-10,5.343526897739505e-11
185.2,2.407886618554021e-10,5.5920843618526644e-11
185.21,2.412044922269082e-10,5.839875148822302e-11
185.22,2.4159943151010673e-10,6.086880353759942e-11
185.23,2.419734946008408e-10,6.33308119194777e-11
185.24,2.423266980141988e-10,6.578458879956616e-11
185.25,2.426590599459819e-10,6.82299481717616e-11
185.26,2.429706004725248e-10,7.06667053137694e-11
185.27,2.4326134062831183e-10,7.309467297520139e-11
185.28,2.435313045408364e-10,7.55136705245747e-11
185.29,2.4378051634739246e-10,7.792351433994762e-11
185.3,2.440090035037546e-10,8.03240230434035e-11
185.31,2.442167936862566e-10,8.27150159133067e-11
185.32,2.4440391736492056e-10,8.509631349273859e-11
185.33,2.445704057639107e-10,8.746773708843018e-11
185.34,2.4471629257327785e-10,8.98291094234435e-11
185.35,2.4484161262943583e-10,9.218025440212538e-11
185.36,2.449464023748162e-10,9.452099575142666e-11
185.37,2.4503070007496474e-10,9.685116013127225e-11
185.38,2.4509454596052715e-10,9.917057369965766e-11
185.39,2.451379810272474e-10,1.0147906494843486e-10
185.4,2.451610487299574e-10,1.0377646242722562e-10
185.41,2.451637935116585e-10,1.0606259677199979e-10
185.42,2.4514626173711735e-10,1.0833729900934874e-10
185.43,2.451085015320864e-10,1.1060040177283802e-10
185.44,2.450505622775237e-10,1.1285173896631151e-10
185.45,2.449724945600246e-10,1.150911444685681e-10
185.46,2.448743516619757e-10,1.173184552494415e-10
185.47,2.4475618807045815e-10,1.1953350827659114e-10
185.48,2.446180576844204e-10,1.217361419170807e-10
185.49,2.444600198528946e-10,1.239261957341e-10
185.5,2.4428213262724643e-10,1.261035111677185e-10
185.51,2.440844562666013e-10,1.2826792936506802e-10
185.52,2.4386705280121504e-10,1.304192944633059e-10
185.53,2.4362998497045456e-10,1.3255745125884724e-10
185.54,2.433733195553202e-10,1.3468224504190948e-10
185.55,2.4309712113605204e-10,1.3679352352714974e-10
185.56,2.4280145777179114e-10,1.3889113544812395e-10
185.57,2.424863996178063e-10,1.409749299892187e-10
185.58,2.421520169471357e-10,1.430447589094251e-10
185.59,2.4179838205660624e-10,1.4510047441871828e-10
185.6,2.414255686261398e-10,1.4714193066841783e-10
185.61,2.4103365251848457e-10,1.4916898264843082e-10
185.62,2.406227094287585e-10,1.511814866163603e-10
185.63,2.4019281797378477e-10,1.5317930175937658e-10
185.64,2.3974405733319714e-10,1.5516228588595394e-10
185.65,2.3927650852277065e-10,1.571303005657435e-10
185.66,2.3879025372827304e-10,1.590832075569184e-10
185.67,2.382853764424426e-10,1.6102087052775754e-10
185.68,2.37761961796169e-10,1.6294315434081768e-10
185.69,2.3722009637619175e-10,1.648499257353134e-10
185.7,2.366598675365566e-10,1.6674105201725393e-10
185.71,2.360813640753709e-10,1.686164025046748e-10
185.72,2.3548467727575216e-10,1.704758483787591e-10
185.73,2.3486989828723554e-10,1.7231926124952018e-10
185.74,2.3423712028749174e-10,1.7414651528394714e-10
185.75,2.3358643717016573e-10,1.7595748496121076e-10
185.76,2.3291794522920477e-10,1.777520472987079e-10
185.77,2.3223174118252335e-10,1.7953008047829418e-10
185.78,2.3152792271582422e-10,1.8129146380491772e-10
185.79,2.3080659007805342e-10,1.830360787053406e-10
185.8,2.3006784328060672e-10,1.8476380772966201e-10
185.81,2.2931178375400427e-10,1.8647453437679532e-10
185.82,2.2853851591338138e-10,1.8816814524752526e-10
185.83,2.277481437103142e-10,1.8984452717777752e-10
185.84,2.2694077182590792e-10,1.9150356889180115e-10
185.85,2.2611650846387763e-10,1.931451608908414e-10
185.86,2.252754598711259e-10,1.9476919494802273e-10
185.87,2.2441773662510336e-10,1.9637556439525455e-10
185.88,2.2354344823032538e-10,1.9796416448870664e-10
185.89,2.2265270661212118e-10,1.9953489166091449e-10
185.9,2.2174562267821462e-10,2.0108764406832707e-10
185.91,2.2082231191467827e-10,2.0262232161024886e-10
185.92,2.1988288839925326e-10,2.041388253986735e-10
185.93,2.1892746801538008e-10,2.0563705878651424e-10
185.94,2.1795616767115262e-10,2.07116925947892e-10
185.95,2.1696910530652198e-10,2.0857833348696462e-10
185.96,2.1596639977612441e-10,2.1002118859392445e-10
185.97,2.1494817189721084e-10,2.1144540173661292e-10
185.98,2.1391454279085894e-10,2.1285088310886534e-10
185.99,2.1286563286584662e-10,2.1423754552626306e-10
186.0,2.1180156733265786e-10,2.15605303416204e-10
186.01,2.1072246948690505e-10,2.16954072840209e-10
186.02,2.0962846474208047e-10,2.1828377133363977e-10
186.03,2.085196792865388e-10,2.1959431823353548e-10
186.04,2.073962397346548e-10,2.2088563442750085e-10
186.05,2.062582748151448e-10,2.221576424730695e-10
186.06,2.051059129369181e-10,2.2341026662531586e-10
186.07,2.039392840984047e-10,2.246434323187057e-10
186.08,2.0275851959060407e-10,2.2585706873599307e-10
186.09,2.0156375018166138e-10,2.2705110321624988e-10
186.1,2.003551093649502e-10,2.2822546787160357e-10
186.11,1.9913273030997311e-10,2.293800948090987e-10
186.12,1.9789674702439979e-10,2.3051491871874002e-10
186.13,1.9664729506808876e-10,2.316298753414862e-10
186.14,1.9538450990964603e-10,2.3272490246633586e-10
186.15,1.941085294288181e-10,2.337999392431311e-10
186.16,1.9281949070243629e-10,2.348549288111383e-10
186.17,1.9151753070385895e-10,2.3588980848690487e-10
186.18,1.9020279048023162e-10,2.3690452807142245e-10
186.19,1.8887540935122368e-10,2.3789903192527745e-10
186.2,1.8753552807251958e-10,2.388732680036548e-10
186.21,1.861832879612627e-10,2.3982718570220785e-10
186.22,1.8481883126794817e-10,2.407607366557474e-10
186.23,1.8344230066880068e-10,2.41673873378919e-10
186.24,1.8205384004738587e-10,2.4256655101538685e-10
186.25,1.8065359307830037e-10,2.4343872587186765e-10
186.26,1.7924170562997172e-10,2.442903556737374e-10
186.27,1.7781832335364647e-10,2.451214008040931e-10
186.28,1.7638359004572575e-10,2.459318225265478e-10
186.29,1.7493765492678437e-10,2.467215840340616e-10
186.3,1.7348066567864616e-10,2.474906508492411e-10
186.31,1.7201276883091177e-10,2.4823898883485615e-10
186.32,1.7053411398258763e-10,2.489665670112541e-10
186.33,1.690448501541239e-10,2.496733553489688e-10
186.34,1.6754512740220622e-10,2.50359325505671e-10
186.35,1.6603509521175066e-10,2.5102445110897525e-10
186.36,1.6451490517073457e-10,2.5166870766210104e-10
186.37,1.6298470855647722e-10,2.522920718450843e-10
186.38,1.6144465680649607e-10,2.528945224220621e-10
186.39,1.5989490367742985e-10,2.5347604012295086e-10
186.4,1.5833560008625455e-10,2.540366068018297e-10
186.41,1.5676690054455868e-10,2.5457620618880145e-10
186.42,1.5518895879886006e-10,2.5509482399989235e-10
186.43,1.536019287542196e-10,2.555924476696472e-10
186.44,1.5200596518206518e-10,2.5606906563365695e-10
186.45,1.5040122280202317e-10,2.5652466872931924e-10
186.46,1.4878785757878743e-10,2.569592495931093e-10
186.47,1.471660249991517e-10,2.5737280220282847e-10
186.48,1.4553588128335818e-10,2.57765322203098e-10
186.49,1.4389758302159117e-10,2.5813680723496466e-10
186.5,1.4225128706519065e-10,2.5848725631533223e-10
186.51,1.4059715055393807e-10,2.588166704132764e-10
186.52,1.3893533100023876e-10,2.5912505201599925e-10
186.53,1.3726598626275455e-10,2.5941240520429003e-10
186.54,1.355892743614426e-10,2.5967873621418733e-10
186.55,1.3390535373056238e-10,2.5992405241060626e-10
186.56,1.3221438290122813e-10,2.6014836330692784e-10
186.57,1.3051652084624874e-10,2.603516796344916e-10
186.58,1.2881192653771207e-10,2.605340141130663e-10
186.59,1.2710075895191595e-10,2.6069538102048785e-10
186.6,1.2538317855518956e-10,2.6083579653505576e-10
186.61,1.2365934423576054e-10,2.6095527796598853e-10
186.62,1.2192941582934978e-10,2.6105384471564163e-10
186.63,1.2019355358846001e-10,2.6113151795120246e-10
186.64,1.1845191770723565e-10,2.611883199523195e-10
186.65,1.1670466788525751e-10,2.612242750306442e-10
186.66,1.1495196536897197e-10,2.6123940932229643e-10
186.67,1.1319397036910582e-10,2.6123375022012015e-10
186.68,1.1143084316243286e-10,2.6120732661734773e-10
186.69,1.0966274496121614e-10,2.61160169591429e-10
186.7,1.078898360682753e-10,2.6109231169654943e-10
186.71,1.0611227713965489e-10,2.610037864395702e-10
186.72,1.0433022958941411e-10,2.6089462974702637e-10
186.73,1.0254385390628447e-10,2.6076487872498046e-10
186.74,1.0075331085608579e-10,2.6061457285339016e-10
186.75,9.895876118905168e-11,2.604437517835838e-10
186.76,9.716036607133825e-11,2.602524579221439e-10
186.77,9.535828609149798e-11,2.600407347911721e-10
186.78,9.355268191272681e-11,2.598086276231886e-10
186.79,9.174371443843563e-11,2.5955618337555096e-10
186.8,8.993154408757262e-11,2.59283450063606e-10
186.81,8.811633152073235e-11,2.5899047783733465e-10
186.82,8.629823720662046e-11,2.586773181831867e-10
186.83,8.447742041584384e-11,2.5834402322572886e-10
186.84,8.265404358347866e-11,2.5799064964869133e-10
186.85,8.082826479750365e-11,2.576172517589874e-10
186.86,7.900024454679491e-11,2.5722388733292096e-10
186.87,7.717014215703584e-11,2.5681061586100683e-10
186.88,7.533811878790798e-11,2.5637749818823305e-10
186.89,7.350433161950664e-11,2.5592459610318455e-10
186.9,7.166894104404543e-11,2.554519734634398e-10
186.91,6.983210585712199e-11,2.5495969541659783e-10
186.92,6.799398408412568e-11,2.5444782876638433e-10
186.93,6.615473530907239e-11,2.5391644129035885e-10
186.94,6.431451688868589e-11,2.5336560279141255e-10
186.95,6.247348699454111e-11,2.527953843752287e-10
186.96,6.063180314578311e-11,2.5220585838711683e-10
186.97,5.878962320424123e-11,2.5159709915109343e-10
186.98,5.69471037344943e-11,2.5096918179610295e-10
186.99,5.510440145085148e-11,2.5032218306009916e-10
187.0,5.32616729315489e-11,2.4965618147176554e-10
187.01,5.141907400656632e-11,2.489712566102815e-10
187.02,4.95767607037246e-11,2.482674894535417e-10
187.03,4.7734888294142625e-11,2.475449627503596e-10
187.04,4.589361140212313e-11,2.4680376001860284e-10
187.05,4.4053083883849136e-11,2.4604396601359744e-10
187.06,4.221346265648053e-11,2.4526566963807934e-10
187.07,4.0374898522632165e-11,2.444689564606232e-10
187.08,3.8537545619361696e-11,2.4365391640203645e-10
187.09,3.670155722457027e-11,2.428206406419646e-10
187.1,3.486708531392251e-11,2.4196922113675206e-10
187.11,3.303428213216999e-11,2.410997505131873e-10
187.12,3.120329887752508e-11,2.4021232411221363e-10
187.13,2.937428674092902e-11,2.3930703788623483e-10
187.14,2.754739874051886e-11,2.3838398943063416e-10
187.15,2.5722776765263645e-11,2.3744327572717155e-10
187.16,2.3900578449316434e-11,2.36484998446199e-10
187.17,2.2080949243431588e-11,2.3550925746304617e-10
187.18,2.0264038360577097e-11,2.345161557176455e-10
187.19,1.844999365903818e-11,2.335057969789418e-10
187.2,1.6638961411076486e-11,2.3247828546367443e-10
187.21,1.483108922126634e-11,2.3143372765069928e-10
187.22,1.3026522494974632e-11,2.3037223080853326e-10
187.23,1.1225406516069708e-11,2.2929390335737734e-10
187.24,9.427887340019142e-12,2.281988548245189e-10
187.25,7.634107808126734e-12,2.2708719624788416e-10
187.26,5.844212083513078e-12,2.2595903970326834e-10
187.27,4.058342866573783e-12,2.2481449830841718e-10
187.28,2.276642728904273e-12,2.2365368648377792e-10
187.29,4.992528454247967e-13,2.224767196614557e-10
187.3,-1.27368572396951e-12,2.212837144496819e-10
187.31,-3.0420327261321676e-12,2.2007478863676572e-10
187.32,-4.805649179293852e-12,2.1885006103687424e-10
187.33,-6.564394575634912e-12,2.1760965185632885e-10
187.34,-8.31813266242866e-12,2.1635368175705305e-10
187.35,-1.006672530484777e-11,2.150822731413826e-10
187.36,-1.1810036119936328e-11,2.137955490823218e-10
187.37,-1.3547928867983562e-11,2.1249363384732508e-10
187.38,-1.528026899107735e-11,2.111766526354333e-10
187.39,-1.7006921890547253e-11,2.0984473162500647e-10
187.4,-1.8727753517856446e-11,2.0849799863872017e-10
187.41,-2.0442631538606597e-11,2.0713658208347165e-10
187.42,-2.2151424290983044e-11,2.0576060971951373e-10
187.43,-2.3854000390294108e-11,2.0437021343245367e-10
187.44,-2.555022930211159e-11,2.0296552371922954e-10
187.45,-2.723998138780842e-11,2.0154667408534464e-10
187.46,-2.892312826321563e-11,2.0011379631123067e-10
187.47,-3.0599541953074694e-11,1.9866702499989516e-10
187.48,-3.226909571216921e-11,1.972064947470016e-10
187.49,-3.39316630004363e-11,1.9573234218541882e-10
187.5,-3.558711893148232e-11,1.9424470366199058e-10
187.51,-3.7235338748144516e-11,1.9274371732908085e-10
187.52,-3.8876199212775703e-11,1.9122952127632475e-10
187.53,-4.0509577709958165e-11,1.8970225525115723e-10
187.54,-4.2135352852410605e-11,1.8816205936432636e-10
187.55,-4.3753403332131644e-11,1.8660907497466698e-10
187.56,-4.536360940624618e-11,1.8504344400522262e-10
187.57,-4.6965852442070074e-11,1.834653091010381e-10
187.58,-4.8560014037548403e-11,1.8187481396456267e-10
187.59,-5.014597779419285e-11,1.802721028064015e-10
187.6,-5.172362687046386e-11,1.7865732060847154e-10
187.61,-5.3292846729773497e-11,1.770306135221727e-10
187.62,-5.4853523108927416e-11,1.7539212785270983e-10
187.63,-5.640554235086501e-11,1.7374201150765787e-10
187.64,-5.7948793036566836e-11,1.7208041198205385e-10
187.65,-5.94831631869914e-11,1.7040747857580949e-10
187.66,-6.100854377028771e-11,1.68723359961566e-10
187.67,-6.252482394030696e-11,1.6702820705057343e-10
187.68,-6.40318964940253e-11,1.6532217078638689e-10
187.69,-6.552965503328818e-11,1.6360540147313614e-10
187.7,-6.701799199196603e-11,1.6187805243522927e-10
187.71,-6.849680271955605e-11,1.6014027602777854e-10
187.72,-6.996598342942856e-11,1.5839222558571407e-10
187.73,-7.142543123634481e-11,1.5663405486986562e-10
187.74,-7.287504372326612e-11,1.5486591892572115e-10
187.75,-7.431472016739981e-11,1.5308797221648927e-10
187.76,-7.574436079184074e-11,1.5130037100807465e-10
187.77,-7.716386693487736e-11,1.495032707502016e-10
187.78,-7.857314069993995e-11,1.4769682961288662e-10
187.79,-7.997208571094758e-11,1.4588120367850844e-10
187.8,-8.136060607101235e-11,1.4405655121246765e-10
187.81,-8.273860780055547e-11,1.4222303015349384e-10
187.82,-8.410599783433604e-11,1.4038079954623716e-10
187.83,-8.546268285752987e-11,1.3853001871178714e-10
187.84,-8.680857301865011e-11,1.3667084715183465e-10
187.85,-8.814357764948806e-11,1.3480344498616725e-10
187.86,-8.946760743114301e-11,1.329279732613764e-10
187.87,-9.078057683243283e-11,1.3104459195076544e-10
187.88,-9.208239706608648e-11,1.2915346334519333e-10
187.89,-9.337298307693162e-11,1.2725474891847431e-10
187.9,-9.465225091402554e-11,1.2534861084393293e-10
187.91,-9.59201175151692e-11,1.2343521138507788e-10
187.92,-9.717650067576928e-11,1.2151471367184403e-10
187.93,-9.842131944218248e-11,1.1958728077489582e-10
187.94,-9.965449441806514e-11,1.1765307618448e-10
187.95,-1.0087594740207857e-10,1.1571226361729877e-10
187.96,-1.0208559984088602e-10,1.1376500699264197e-10
187.97,-1.0328337738163812e-10,1.1181147066151362e-10
187.98,-1.0446920224786036e-10,1.0985182036596853e-10
187.99,-1.05643003098328e-10,1.0788621950336366e-10
188.0,-1.0680470665070382e-10,1.0591483395363578e-10
188.01,-1.0795424125674175e-10,1.0393782876444392e-10
188.02,-1.0909153681077447e-10,1.0195536962885612e-10
188.03,-1.1021652408531649e-10,9.996762227486792e-11
188.04,-1.11329135414346e-10,9.797475245594087e-11
188.05,-1.124293038844266e-10,9.59769265338675e-11
188.06,-1.1351696424745393e-10,9.397431061366394e-11
188.07,-1.145920522223042e-10,9.19670710028446e-11
188.08,-1.156545046837986e-10,8.995537444311769e-11
188.09,-1.1670425998216154e-10,8.793938719788432e-11
188.1,-1.1774125725594906e-10,8.59192763986263e-11
188.11,-1.1876543791912168e-10,8.389520820984033e-11
188.12,-1.1977674193952973e-10,8.186735085253077e-11
188.13,-1.2077511661388343e-10,7.983586804324726e-11
188.14,-1.217604988190668e-10,7.780093269902078e-11
188.15,-1.2273284057226393e-10,7.576270651139789e-11
188.16,-1.2369208644313995e-10,7.372135843079433e-11
188.17,-1.2463818442078955e-10,7.16770554636837e-11
188.18,-1.2557108383484503e-10,6.962996433256466e-11
188.19,-1.264907351048799e-10,6.758025233405278e-11
188.2,-1.2739708977040029e-10,6.552808646612902e-11
188.21,-1.282901010126639e-10,6.347363353216109e-11
188.22,-1.291697223055498e-10,6.141706033276418e-11
188.23,-1.3003591025758373e-10,5.935853425499804e-11
188.24,-1.3088862047000214e-10,5.729822135630911e-11
188.25,-1.3172781112026266e-10,5.5236288464874326e-11
188.26,-1.3255344155147657e-10,5.3172902028700845e-11
188.27,-1.3336547162685515e-10,5.110822882632688e-11
188.28,-1.341638634943563e-10,4.9042434508631144e-11
188.29,-1.349485796346147e-10,4.697568538987735e-11
188.3,-1.3571958457482928e-10,4.490814738469171e-11
188.31,-1.3647684357636717e-10,4.283998618318129e-11
188.32,-1.372203225385786e-10,4.077136751207119e-11
188.33,-1.3794999007927555e-10,3.870245656628976e-11
188.34,-1.38665815121264e-10,3.6633418281828276e-11
188.35,-1.3936776677698284e-10,3.4564418025737776e-11
188.36,-1.4005581999331196e-10,3.249561994023286e-11
188.37,-1.407299442537537e-10,3.0427188613172254e-11
188.38,-1.413901152314473e-10,2.8359287746387076e-11
188.39,-1.4203630747305785e-10,2.6292081835863485e-11
188.4,-1.4266849841981684e-10,2.4225733889199108e-11
188.41,-1.4328666464321385e-10,2.2160407533509022e-11
188.42,-1.4389078636359896e-10,2.009626546341697e-11
188.43,-1.444808433299753e-10,1.8033470276751696e-11
188.44,-1.4505681730625055e-10,1.5972184179325078e-11
188.45,-1.456186910558849e-10,1.3912568859868444e-11
188.46,-1.4616644853585765e-10,1.1854785896400079e-11
188.47,-1.467000748228729e-10,9.798996562129276e-12
188.48,-1.472195569177845e-10,7.745361318446344e-12
188.49,-1.4772488201784373e-10,5.694040534830445e-12
188.5,-1.4821603947772795e-10,3.6451943483735414e-12
188.51,-1.4869301924126242e-10,1.5989817056433623e-12
188.52,-1.4915581302045947e-10,-4.44437960803761e-13
188.53,-1.4960441362239604e-10,-2.4849063449728467e-12
188.54,-1.5003881403301356e-10,-4.522265553097044e-12
188.55,-1.5045901015982262e-10,-6.556357557019972e-12
188.56,-1.5086499825117235e-10,-8.587025591928546e-12
188.57,-1.5125677581888325e-10,-1.0614112967177784e-11
188.58,-1.5163434166251306e-10,-1.263746357041946e-11
188.59,-1.5199769539924732e-10,-1.4656921990004402e-11
188.6,-1.5234683860894415e-10,-1.6672333128730207e-11
188.61,-1.5268177373619394e-10,-1.8683542510393457e-11
188.62,-1.53002504247935e-10,-2.0690396692381332e-11
188.63,-1.5330903521110717e-10,-2.269274160333476e-11
188.64,-1.5360137233156303e-10,-2.4690425071587015e-11
188.65,-1.5387952274460502e-10,-2.6683294839059605e-11
188.66,-1.5414349550290612e-10,-2.867119932860312e-11
188.67,-1.5439329962398172e-10,-3.065398790091593e-11
188.68,-1.5462894575262896e-10,-3.263150980651289e-11
188.69,-1.5485044649252712e-10,-3.4603616138155437e-11
188.7,-1.5505781450170629e-10,-3.657015731364734e-11
188.71,-1.5525106430700503e-10,-3.85309847960282e-11
188.72,-1.5543021184720164e-10,-4.0485952507693426e-11
188.73,-1.555952732055391e-10,-4.243491194611258e-11
188.74,-1.5574626632422888e-10,-4.437771741495316e-11
188.75,-1.5588321045115466e-10,-4.6314223385150235e-11
188.76,-1.5600612533354455e-10,-4.8244284978020394e-11
188.77,-1.5611503304430733e-10,-5.0167758218542415e-11
188.78,-1.5620995524337285e-10,-5.208449962696328e-11
188.79,-1.5629091611248547e-10,-5.399436696236081e-11
188.8,-1.5635794006128958e-10,-5.589721764497721e-11
188.81,-1.5641105322104395e-10,-5.779291203293118e-11
188.82,-1.5645028255356424e-10,-5.968130867585582e-11
188.83,-1.564756560789121e-10,-6.15622682326651e-11
188.84,-1.564872035100712e-10,-6.343565244201398e-11
188.85,-1.5648495467735144e-10,-6.530132282130463e-11
188.86,-1.5646894128406469e-10,-6.71591429353313e-11
188.87,-1.564391960497412e-10,-6.900897622350426e-11
188.88,-1.5639575287526953e-10,-7.085068796614177e-11
188.89,-1.5633864614924006e-10,-7.268414228900511e-11
188.9,-1.562679120047093e-10,-7.45092068303508e-11
188.91,-1.5618358740885326e-10,-7.632574831563885e-11
188.92,-1.560857101146342e-10,-7.813363448829346e-11
188.93,-1.559743204971211e-10,-7.993273528443598e-11
188.94,-1.5584945713154304e-10,-8.172291972164127e-11
188.95,-1.5571116222195444e-10,-8.350405881232328e-11
188.96,-1.5555947795883732e-10,-8.527602430274469e-11
188.97,-1.553944477205738e-10,-8.703868872900592e-11
188.98,-1.552161158857849e-10,-8.87919257568124e-11
188.99,-1.550245278838863e-10,-9.0535609755219e-11
189.0,-1.5481973048482896e-10,-9.226961619811222e-11
189.01,-1.546017710843123e-10,-9.399382153102711e-11
189.02,-1.5437069829369126e-10,-9.570810348248142e-11
189.03,-1.5412656126121623e-10,-9.741233947133593e-11
189.04,-1.538694112820259e-10,-9.910640943867497e-11
189.05,-1.5359929950572228e-10,-1.0079019387258679e-10
189.06,-1.5331627859069728e-10,-1.0246357368219617e-10
189.07,-1.5302040242159942e-10,-1.0412643171508578e-10
189.08,-1.5271172481933638e-10,-1.057786505048103e-10
189.09,-1.523903020582756e-10,-1.0742011518477033e-10
189.1,-1.5205619035522163e-10,-1.0905071091467153e-10
189.11,-1.5170944719251947e-10,-1.1067032255955449e-10
189.12,-1.5135013106316923e-10,-1.122788419602635e-10
189.13,-1.5097830134294603e-10,-1.1387615340995703e-10
189.14,-1.5059401797265051e-10,-1.1546214824877436e-10
189.15,-1.5019734287110996e-10,-1.1703671656263195e-10
189.16,-1.4978833785303998e-10,-1.185997504066418e-10
189.17,-1.493670657512242e-10,-1.2015114266357958e-10
189.18,-1.4893359094257452e-10,-1.2169078736689828e-10
189.19,-1.484879783583503e-10,-1.2321857897600647e-10
189.2,-1.4803029348702196e-10,-1.2473441400240678e-10
189.21,-1.4756060360052757e-10,-1.2623819004346048e-10
189.22,-1.4707897575045905e-10,-1.2772980487594686e-10
189.23,-1.465854786785556e-10,-1.2920915835110992e-10
189.24,-1.4608018140078058e-10,-1.3067615067940203e-10
189.25,-1.455631544210689e-10,-1.321306838753355e-10
189.26,-1.4503446879439206e-10,-1.335726608321558e-10
189.27,-1.444941961147166e-10,-1.350019854237512e-10
189.28,-1.4394240930506913e-10,-1.3641856303054916e-10
189.29,-1.433791826946678e-10,-1.3782229998691023e-10
189.3,-1.4280458845719438e-10,-1.3921310347588199e-10
189.31,-1.4221870366231182e-10,-1.4059088258885218e-10
189.32,-1.4162160381197434e-10,-1.4195554701389063e-10
189.33,-1.4101336571335178e-10,-1.4330700777147822e-10
189.34,-1.4039406700314863e-10,-1.4464517714124325e-10
189.35,-1.3976378581682263e-10,-1.459699685389317e-10
189.36,-1.3912260113749337e-10,-1.4728129660183855e-10
189.37,-1.3847059325683561e-10,-1.4857907712236426e-10
189.38,-1.3780784336363022e-10,-1.4986322627254702e-10
189.39,-1.3713443063580895e-10,-1.5113366476614256e-10
189.4,-1.36450439476839e-10,-1.5239030971436946e-10
189.41,-1.3575595160186057e-10,-1.5363308263620082e-10
189.42,-1.350510511539274e-10,-1.5486190512736116e-10
189.43,-1.3433582213975698e-10,-1.5607670067093317e-10
189.44,-1.3361034920656696e-10,-1.5727739352126357e-10
189.45,-1.3287471860684203e-10,-1.5846390950606175e-10
189.46,-1.321290164789508e-10,-1.5963617524456251e-10
189.47,-1.313733296205007e-10,-1.6079411863608354e-10
189.48,-1.3060774633022739e-10,-1.6193766991135268e-10
189.49,-1.2983235419329456e-10,-1.6306675861827572e-10
189.5,-1.2904724277126411e-10,-1.64181317185204e-10
189.51,-1.2825250125770764e-10,-1.6528127879721506e-10
189.52,-1.2744822034820418e-10,-1.6636657754699399e-10
189.53,-1.2663449095056688e-10,-1.6743714939886967e-10
189.54,-1.2581140428457416e-10,-1.6849293124142708e-10
189.55,-1.2497905269789563e-10,-1.6953386114920302e-10
189.56,-1.2413752915963543e-10,-1.7055987899215457e-10
189.57,-1.2328692601356004e-10,-1.715709248894069e-10
189.58,-1.2242733793199013e-10,-1.725669413977282e-10
189.59,-1.2155885937152596e-10,-1.73547872011208e-10
189.6,-1.2068158486106927e-10,-1.7451366081551943e-10
189.61,-1.1979561066915207e-10,-1.7546425428691129e-10
189.62,-1.1890103195350167e-10,-1.7639959949342436e-10
189.63,-1.179979465579174e-10,-1.7731964460669972e-10
189.64,-1.1708645049432604e-10,-1.7822433992578898e-10
189.65,-1.1616664221385014e-10,-1.7911363650033378e-10
189.66,-1.1523861902481794e-10,-1.799874863930274e-10
189.67,-1.14302480307596e-10,-1.8084584378466987e-10
189.68,-1.1335832485779427e-10,-1.8168866354535584e-10
189.69,-1.1240625224110346e-10,-1.8251590170995825e-10
189.7,-1.114463631132569e-10,-1.8332751653563043e-10
189.71,-1.104787579088333e-10,-1.8412346735517318e-10
189.72,-1.0950353612260104e-10,-1.8490371226600547e-10
189.73,-1.0852080106273633e-10,-1.8566821515405714e-10
189.74,-1.0753065292556695e-10,-1.8641693820950998e-10
189.75,-1.0653319605655376e-10,-1.87149845220437e-10
189.76,-1.0552853126078947e-10,-1.8786690239515447e-10
189.77,-1.0451676219454906e-10,-1.885680761520911e-10
189.78,-1.0349799204964867e-10,-1.8925333463737228e-10
189.79,-1.0247232558952015e-10,-1.8992264782263656e-10
189.8,-1.0143986603330128e-10,-1.9057598593517983e-10
189.81,-1.0040071818914259e-10,-1.912133215061352e-10
189.82,-9.935498691861915e-11,-1.9183462780997144e-10
189.83,-9.830277722709828e-11,-1.924398790416248e-10
189.84,-9.724419578424449e-11,-1.9302905276432853e-10
189.85,-9.617934711812574e-11,-1.9360212499101895e-10
189.86,-9.510833809649349e-11,-1.9415907505168506e-10
189.87,-9.40312749917331e-11,-1.9469988270885057e-10
189.88,-9.294826496890575e-11,-1.9522452962780035e-10
189.89,-9.185941443547103e-11,-1.95732998173832e-10
189.9,-9.076483126489161e-11,-1.9622527268433039e-10
189.91,-8.96646226901752e-11,-1.967013380646692e-10
189.92,-8.855889720106097e-11,-1.9716118175426862e-10
189.93,-8.744776168341196e-11,-1.9760478988683904e-10
189.94,-8.633132583363761e-11,-1.9803215352970952e-10
189.95,-8.520969738691202e-11,-1.9844326268863042e-10
189.96,-8.408298537055672e-11,-1.988381090736888e-10
189.97,-8.295129847055747e-11,-1.9921668598525654e-10
189.98,-8.181474615752179e-11,-1.995789877743059e-10
189.99,-8.067343763648856e-11,-1.999250104656923e-10
190.0,-7.952748252449724e-11,-2.0025475094512152e-10
190.01,-7.837699047431352e-11,-2.0056820745096614e-10
190.02,-7.722207099623721e-11,-2.0086538049963229e-10
190.03,-7.60628341047859e-11,-2.011462702042546e-10
190.04,-7.489939036549106e-11,-2.014108790194112e-10
190.05,-7.373185018050073e-11,-2.016592110368952e-10
190.06,-7.256032256181231e-11,-2.0189127068082585e-10
190.07,-7.138491929969814e-11,-2.0210706421250091e-10
190.08,-7.020575049226251e-11,-2.0230659914040507e-10
190.09,-6.902292691600078e-11,-2.0248988412661587e-10
190.1,-6.783655632498533e-11,-2.0265692864306596e-10
190.11,-6.664675740949183e-11,-2.0280774629148454e-10
190.12,-6.545363352576073e-11,-2.0294234703940956e-10
190.13,-6.425729764488088e-11,-2.0306074583961898e-10
190.14,-6.305786147119052e-11,-2.0316295761692414e-10
190.15,-6.185543513985945e-11,-2.0324899880093321e-10
190.16,-6.06501298864063e-11,-2.033188871431549e-10
190.17,-5.944205684409303e-11,-2.0337264160860776e-10
190.18,-5.823132715747098e-11,-2.0341028222357251e-10
190.19,-5.70180506724394e-11,-2.0343183011492545e-10
190.2,-5.5802340043559807e-11,-2.0343730906739326e-10
190.21,-5.458430505352915e-11,-2.034267419608483e-10
190.22,-5.3364056941277834e-11,-2.0340015432443157e-10
190.23,-5.2141706018828915e-11,-2.0335757223925018e-10
190.24,-5.091736416909937e-11,-2.0329902414982096e-10
190.25,-4.969114105080153e-11,-2.0322453816987363e-10
190.26,-4.8463147721755126e-11,-2.0313414462427837e-10
190.27,-4.7233494697825774e-11,-2.0302787495882307e-10
190.28,-4.600229226669759e-11,-2.02905761436527e-10
190.29,-4.4769651244224245e-11,-2.027678382198122e-10
190.3,-4.353568157355377e-11,-2.0261413990005437e-10
190.31,-4.230049307426797e-11,-2.0244470289609e-10
190.32,-4.1064195394827876e-11,-2.022595644247636e-10
190.33,-3.982690056940204e-11,-2.0205876305476152e-10
190.34,-3.858871596713913e-11,-2.0184233867277408e-10
190.35,-3.7349751767687506e-11,-2.0161033192038198e-10
190.36,-3.611011766961036e-11,-2.01362785251792e-10
190.37,-3.4869922073028065e-11,-2.0109974161830596e-10
190.38,-3.3629275382157656e-11,-2.0082124576770472e-10
190.39,-3.238828549499918e-11,-2.0052734312220151e-10
190.4,-3.114706069665447e-11,-2.0021808058944568e-10
190.41,-2.9905708934144547e-11,-1.9989350572066895e-10
190.42,-2.866434160498533e-11,-1.9955366839990292e-10
190.43,-2.7423063063355222e-11,-1.991986180034901e-10
190.44,-2.6181981803101062e-11,-1.9882840618419683e-10
190.45,-2.494120684173296e-11,-1.984430856685536e-10
190.46,-2.370084368660931e-11,-1.980427095974444e-10
190.47,-2.2460999844906906e-11,-1.9762733309554365e-10
190.48,-2.1221781836422216e-11,-1.9719701163650208e-10
190.49,-1.9983296579366175e-11,-1.967518022312034e-10
190.5,-1.8745649832044546e-11,-1.962917631390667e-10
190.51,-1.7508947118107244e-11,-1.95816953271291e-10
190.52,-1.627329453014037e-11,-1.9532743303148764e-10
190.53,-1.503879658678618e-11,-1.9482326341970804e-10
190.54,-1.3805558587081087e-11,-1.9430450706192012e-10
190.55,-1.2573684842445785e-11,-1.937712270254605e-10
190.56,-1.134327970037322e-11,-1.9322348824830566e-10
190.57,-1.0114446680228618e-11,-1.9266135601205522e-10
190.58,-8.88728947159256e-12,-1.9208489692941707e-10
190.59,-7.661910937167056e-12,-1.9149417837795076e-10
190.6,-6.4384146469473215e-12,-1.9088926978149102e-10
190.61,-5.216901824946283e-12,-1.9027024004787552e-10
190.62,-3.997475213825747e-12,-1.8963716004968917e-10
190.63,-2.780236033441195e-12,-1.8899010168221314e-10
190.64,-1.5652846076715648e-12,-1.8832913723628962e-10
190.65,-3.5272352649185795e-13,-1.8765434100244252e-10
190.66,8.573480906941928e-13,-1.8696578723741395e-10
190.67,2.0648302138893515e-12,-1.862635518438743e-10
190.68,3.2696236677659797e-12,-1.8554771104597493e-10
190.69,4.4716285064271755e-12,-1.8481834308336463e-10
190.7,5.670746990140584e-12,-1.8407552604068828e-10
190.71,6.866880940980532e-12,-1.8331933961396897e-10
190.72,8.05993235611878e-12,-1.8254986428179666e-10
190.73,9.249804537557038e-12,-1.8176718118550027e-10
190.74,1.0436400532061034e-11,-1.809713729841108e-10
190.75,1.1619624194436542e-11,-1.8016252263332246e-10
190.76,1.2799379762280408e-11,-1.7934071442727604e-10
190.77,1.3975572171703603e-11,-1.7850603372352314e-10
190.78,1.51481064412367e-11,-1.7765856548086362e-10
190.79,1.6316888922901396e-11,-1.7679839741981828e-10
190.8,1.7481825554182535e-11,-1.7592561699813122e-10
190.81,1.8642823570299293e-11,-1.7504031292035253e-10
190.82,1.97997899636725e-11,-1.7414257398321886e-10
190.83,2.0952633234501116e-11,-1.732324911713682e-10
190.84,2.2101261581910624e-11,-1.7231015530938516e-10
190.85,2.324558411794303e-11,-1.713756583211654e-10
190.86,2.4385510490320525e-11,-1.7042909324784113e-10
190.87,2.5520950946257057e-11,-1.6947055325714823e-10
190.88,2.6651816622996072e-11,-1.6850013305960555e-10
190.89,2.7778018336769005e-11,-1.6751792775547099e-10
190.9,2.8899468522786714e-11,-1.6652403365856722e-10
190.91,3.001607991554948e-11,-1.6551854653935869e-10
190.92,3.112776495052926e-11,-1.6450156501834308e-10
190.93,3.2234437824113346e-11,-1.6347318700867313e-10
190.94,3.3336013136970405e-11,-1.6243351159912676e-10
190.95,3.443240528246152e-11,-1.613826387044044e-10
190.96,3.5523530916774334e-11,-1.6032066859691188e-10
190.97,3.6609305762814745e-11,-1.592477026822541e-10
190.98,3.7689646583777176e-11,-1.5816384309064362e-10
190.99,3.8764470690439294e-11,-1.5706919224994333e-10
191.0,3.9833697804643425e-11,-1.55963853729474e-10
191.01,4.089724520723728e-11,-1.5484793163737928e-10
191.02,4.1955033318738014e-11,-1.5372153071255313e-10
191.03,4.300698183435201e-11,-1.5258475628851955e-10
191.04,4.405301198900316e-11,-1.5143771472251208e-10
191.05,4.509304529324656e-11,-1.5028051227677764e-10
191.06,4.612700393042565e-11,-1.4911325678954556e-10
191.07,4.715481089047433e-11,-1.479360561877189e-10
191.08,4.817638846757424e-11,-1.4674901850982455e-10
191.09,4.9191665171565484e-11,-1.4555225455193386e-10
191.1,5.020056176352059e-11,-1.4434587271409088e-10
191.11,5.1203005805722376e-11,-1.4312998387981721e-10
191.12,5.219892297803525e-11,-1.4190469927496916e-10
191.13,5.3188241502951143e-11,-1.4067013036169269e-10
191.14,5.417088834225519e-11,-1.394263892075612e-10
191.15,5.514679165663878e-11,-1.3817358914478106e-10
191.16,5.611588381158585e-11,-1.3691184218523085e-10
191.17,5.7078091921288345e-11,-1.3564126298486368e-10
191.18,5.803334760766369e-11,-1.343619666210291e-10
191.19,5.898158294600698e-11,-1.3307406678719307e-10
191.2,5.992272969416564e-11,-1.3177767917989293e-10
191.21,6.085672147887838e-11,-1.3047291972441283e-10
191.22,6.178349210261992e-11,-1.291599046397124e-10
191.23,6.270297622388096e-11,-1.2783875078152462e-10
191.24,6.361510893527978e-11,-1.2650957556683687e-10
191.25,6.451982685284128e-11,-1.2517249652337282e-10
191.26,6.54170670942518e-11,-1.238276320259836e-10
191.27,6.630676624618532e-11,-1.2247510051916253e-10
191.28,6.718886423346273e-11,-1.211150209776732e-10
191.29,6.80632998071554e-11,-1.1974751304186315e-10
191.3,6.893001286825835e-11,-1.1837269669547687e-10
191.31,6.97889449623028e-11,-1.169906915048096e-10
191.32,7.064003759632739e-11,-1.1560161885513536e-10
191.33,7.148323217034058e-11,-1.1420559926207739e-10
191.34,7.231847324845328e-11,-1.1280275448773234e-10
191.35,7.314570478800137e-11,-1.1139320563447595e-10
191.36,7.396487142375664e-11,-1.0997707579220327e-10
191.37,7.477591930002925e-11,-1.0855448628610427e-10
191.38,7.557879409527241e-11,-1.0712556053784269e-10
191.39,7.637344478951673e-11,-1.0569042070299205e-10
191.4,7.715981823286474e-11,-1.0424919102857722e-10
191.41,7.793786362062828e-11,-1.0280199468254107e-10
191.42,7.870753135414074e-11,-1.0134895563310392e-10
191.43,7.946877163261242e-11,-9.989019822027713e-11
191.44,8.022153643011731e-11,-9.842584613266965e-11
191.45,8.0965777764134e-11,-9.695602530868926e-11
191.46,8.170144884497285e-11,-9.548085961762717e-11
191.47,8.242850437642726e-11,-9.400047433811269e-11
191.48,8.314689773411783e-11,-9.251499537171333e-11
191.49,8.385658636022878e-11,-9.102454771712423e-11
191.5,8.455752595706366e-11,-8.952925728555738e-11
191.51,8.524967418878524e-11,-8.802925008971353e-11
191.52,8.593298918785813e-11,-8.652465223515283e-11
191.53,8.660743034574874e-11,-8.501558999954527e-11
191.54,8.727295764934709e-11,-8.350218970306685e-11
191.55,8.79295314966712e-11,-8.198457820248288e-11
191.56,8.857711411985173e-11,-8.046288190924997e-11
191.57,8.921566754687308e-11,-7.893722797139784e-11
191.58,8.984515616899645e-11,-7.740774289638472e-11
191.59,9.046554380428642e-11,-7.587455445001553e-11
191.6,9.107679495834469e-11,-7.433778917655445e-11
191.61,9.167887669832777e-11,-7.279757454447794e-11
191.62,9.22717550604738e-11,-7.125403770491838e-11
191.63,9.285539807400246e-11,-6.970730674778243e-11
191.64,9.342977456185585e-11,-6.815750821990869e-11
191.65,9.399485431051618e-11,-6.660477009960654e-11
191.66,9.455060694942621e-11,-6.504921928440286e-11
191.67,9.509700438411285e-11,-6.349098403516035e-11
191.68,9.56340178569577e-11,-6.193019150365545e-11
191.69,9.616162189023861e-11,-6.036696941709832e-11
191.7,9.667978923093015e-11,-5.880144507587378e-11
191.71,9.718849489159686e-11,-5.7233745636532564e-11
191.72,9.768771378428073e-11,-5.566400016560022e-11
191.73,9.817742354035852e-11,-5.409233437587611e-11
191.74,9.865760076039098e-11,-5.251887635935493e-11
191.75,9.912822399976834e-11,-5.094375332393135e-11
191.76,9.958927228939102e-11,-4.936709268855337e-11
191.77,1.0004072559169909e-10,-4.778902159087824e-11
191.78,1.0048256498194628e-10,-4.620966685525402e-11
191.79,1.0091477191074206e-10,-4.4629155776004734e-11
191.8,1.0133732863032997e-10,-4.304761587911662e-11
191.81,1.0175022005158179e-10,-4.146517167606275e-11
191.82,1.0215342922878605e-10,-3.988195213963967e-11
191.83,1.0254694159118027e-10,-3.829808296047698e-11
191.84,1.0293074356717864e-10,-3.671369040220199e-11
191.85,1.0330482237515617e-10,-3.512890061669977e-11
191.86,1.036691647855261e-10,-3.354383998267199e-11
191.87,1.040237602618782e-10,-3.195863411447929e-11
191.88,1.0436859892826551e-10,-3.037340821771528e-11
191.89,1.0470367094523086e-10,-2.878828787474448e-11
191.9,1.0502896611629608e-10,-2.720339975347595e-11
191.91,1.0534447862674023e-10,-2.561886712069492e-11
191.92,1.0565020081842682e-10,-2.403481530654652e-11
191.93,1.0594612671003166e-10,-2.2451368863691943e-11
191.94,1.0623225100366485e-10,-2.0868652450952053e-11
191.95,1.0650856939047474e-10,-1.9286789662393245e-11
191.96,1.0677507841075332e-10,-1.770590452177654e-11
191.97,1.0703177555213935e-10,-1.612612047755193e-11
191.98,1.0727865861580699e-10,-1.4547561569837995e-11
191.99,1.0751572727891212e-10,-1.297034854310552e-11
192.0,1.0774298128952998e-10,-1.139460605233203e-11
192.01,1.0796042137661984e-10,-9.82045578495837e-12
192.02,1.0816804926754922e-10,-8.24801996395952e-12
192.03,1.0836586731835214e-10,-6.677419815033278e-12
192.04,1.0855387899201437e-10,-5.1087770856107586e-12
192.05,1.0873208876912709e-10,-3.5422123748437815e-12
192.06,1.0890050117147256e-10,-1.977846609515851e-12
192.07,1.090591203899071e-10,-4.158003620177067e-13
192.08,1.0920795912018268e-10,1.1438078166196053e-12
192.09,1.0934701908402968e-10,2.7008571132565498e-12
192.1,1.0947631046709547e-10,4.2552288957517236e-12
192.11,1.0959584248512203e-10,5.806804375786515e-12
192.12,1.0970562548817981e-10,7.355465511227357e-12
192.13,1.0980566993789014e-10,8.90109408278224e-12
192.14,1.0989598789428019e-10,1.0443572969860026e-11
192.15,1.0997659180307633e-10,1.1982785038889441e-11
192.16,1.1004749477460841e-10,1.3518613656304507e-11
192.17,1.101087117518313e-10,1.50509431583069e-11
192.18,1.1016025687075036e-10,1.6579657581182412e-11
192.19,1.1020214628165522e-10,1.8104641748690964e-11
192.2,1.1023439684504351e-10,1.962578181741693e-11
192.21,1.1025702471719594e-10,2.1142961199855445e-11
192.22,1.1027005032545066e-10,2.2656069069946514e-11
192.23,1.1027349092890462e-10,2.4164990927189652e-11
192.24,1.1026736690313132e-10,2.5669614140240877e-11
192.25,1.1025169871059781e-10,2.716982667233961e-11
192.26,1.1022650798116196e-10,2.8665517046837932e-11
192.27,1.1019181666966728e-10,3.015657406436096e-11
192.28,1.1014764805069988e-10,3.1642887231586725e-11
192.29,1.1009402551303529e-10,3.312434652478395e-11
192.3,1.100309736300838e-10,3.4600842709533277e-11
192.31,1.0995851775944589e-10,3.60722668864826e-11
192.32,1.0987668384109122e-10,3.753851045853956e-11
192.33,1.0978549883893485e-10,3.899946631457217e-11
192.34,1.0968499015939985e-10,4.0455027164280784e-11
192.35,1.0957518644977093e-10,4.190508623171564e-11
192.36,1.0945611665175914e-10,4.334953807362535e-11
192.37,1.0932781042021588e-10,4.478827743825322e-11
192.38,1.0919029861744913e-10,4.6221199391101156e-11
192.39,1.0904361204451493e-10,4.7648200559628035e-11
192.4,1.0888778306918818e-10,4.906917630478985e-11
192.41,1.0872284423496886e-10,5.048402506930454e-11
192.42,1.0854882968282926e-10,5.189264460805358e-11
192.43,1.0836577333470573e-10,5.3294933432650385e-11
192.44,1.0817370982718492e-10,5.4690790536441547e-11
192.45,1.0797267494960864e-10,5.608011627114275e-11
192.46,1.0776270498436374e-10,5.7462810955688654e-11
192.47,1.0754383787024953e-10,5.883877621170631e-11
192.48,1.0731611016615923e-10,6.02079136916684e-11
192.49,1.0707956083657429e-10,6.15701263011286e-11
192.5,1.0683422897782979e-10,6.292531751212954e-11
192.51,1.0658015466989821e-10,6.427339129719098e-11
192.52,1.0631737828196925e-10,6.561425264195711e-11
192.53,1.0604594055843299e-10,6.694780674112387e-11
192.54,1.0576588441789395e-10,6.827396071543271e-11
192.55,1.0547725161287238e-10,6.95926208546382e-11
192.56,1.0518008537895001e-10,7.090369520140448e-11
192.57,1.0487442975340233e-10,7.220709251933425e-11
192.58,1.0456032917214439e-10,7.350272171246324e-11
192.59,1.0423782898400162e-10,7.479049305864823e-11
192.6,1.0390697427152801e-10,7.607031735970557e-11
192.61,1.0356781257436202e-10,7.734210664976217e-11
192.62,1.0322039013331379e-10,7.860577251163992e-11
192.63,1.0286475487373852e-10,7.986122875271575e-11
192.64,1.0250095498948981e-10,8.110838881924134e-11
192.65,1.0212903952617272e-10,8.234716827087773e-11
192.66,1.0174905820611295e-10,8.357748208410984e-11
192.67,1.0136106079500862e-10,8.479924672054208e-11
192.68,1.0096509813311708e-10,8.601237955177237e-11
192.69,1.0056122107401284e-10,8.721679829215167e-11
192.7,1.0014948290247593e-10,8.841242248162612e-11
192.71,9.972993488062493e-11,8.959917103645187e-11
192.72,9.930263000397333e-11,9.077696481355398e-11
192.73,9.886762255806972e-11,9.194572523704239e-11
192.74,9.842496606826859e-11,9.310537438593699e-11
192.75,9.797471645342181e-11,9.425583528087781e-11
192.76,9.751692778578763e-11,9.539703189622144e-11
192.77,9.705165634423065e-11,9.652888898678791e-11
192.78,9.657895885010707e-11,9.765133231660518e-11
192.79,9.609889130188463e-11,9.876428804442346e-11
192.8,9.561151237452489e-11,9.986768409318455e-11
192.81,9.511687885749964e-11,1.0096144803673491e-10
192.82,9.4615050296981e-11,1.020455096865531e-10
192.83,9.410608472705049e-11,1.0311979860694485e-10
192.84,9.359004244667411e-11,1.0418424581751104e-10
192.85,9.306698325233647e-11,1.0523878371111807e-10
192.86,9.253696700979634e-11,1.0628334332313008e-10
192.87,9.200005552051576e-11,1.0731785962211982e-10
192.88,9.145630981999634e-11,1.0834226782541325e-10
192.89,9.090579181081195e-11,1.0935650176931531e-10
192.9,9.034856420288219e-11,1.1036049851973164e-10
192.91,8.978468950290929e-11,1.113541952729089e-10
192.92,8.921423124664402e-11,1.1233753023883808e-10
192.93,8.863725303135114e-11,1.1331044223608211e-10
192.94,8.80538191003271e-11,1.1427287162735177e-10
192.95,8.746399428393319e-11,1.1522475937872289e-10
192.96,8.686784250524874e-11,1.1616604728479182e-10
192.97,8.626543186212629e-11,1.1709667794770267e-10
192.98,8.565682549560086e-11,1.1801659506916132e-10
192.99,8.504209155116173e-11,1.189257444611767e-10
193.0,8.442129559169722e-11,1.1982407049930989e-10
193.01,8.379450523549709e-11,1.207115203705167e-10
193.02,8.316178755719171e-11,1.2158804128513202e-10
193.03,8.252321101215521e-11,1.2245358225342662e-10
193.04,8.187884338177296e-11,1.2330809232287353e-10
193.05,8.122875294703598e-11,1.2415152151019065e-10
193.06,8.057301089115814e-11,1.2498382309163996e-10
193.07,7.991168366488821e-11,1.2580494735120487e-10
193.08,7.92448423574453e-11,1.2661484840064074e-10
193.09,7.857255665813237e-11,1.2741348048887167e-10
193.1,7.789489753791116e-11,1.2820079903498755e-10
193.11,7.721193483954651e-11,1.289767598573084e-10
193.12,7.652373999688963e-11,1.2974132046008005e-10
193.13,7.583038437828787e-11,1.3049443909288097e-10
193.14,7.513193959673182e-11,1.312360750040372e-10
193.15,7.442847750002898e-11,1.3196618763063078e-10
193.16,7.372007041105924e-11,1.3268473880480117e-10
193.17,7.300679062922932e-11,1.3339169041627668e-10
193.18,7.228871128795885e-11,1.3408700560706213e-10
193.19,7.156590552789784e-11,1.347706482700023e-10
193.2,7.083844628522123e-11,1.3544258365076728e-10
193.21,7.010640737480558e-11,1.3610277771722114e-10
193.22,6.936986268814697e-11,1.3675119747772775e-10
193.23,6.862888509098446e-11,1.3738781049221767e-10
193.24,6.788355244123577e-11,1.380125871949237e-10
193.25,6.713393584237323e-11,1.3862549618038038e-10
193.26,6.63801112843256e-11,1.392265089233413e-10
193.27,6.562215375429455e-11,1.398155973722877e-10
193.28,6.486013845677516e-11,1.4039273454153357e-10
193.29,6.409414057599375e-11,1.4095789388371677e-10
193.3,6.332423673350213e-11,1.4151105205668614e-10
193.31,6.255050186824022e-11,1.4205218317132597e-10
193.32,6.177301216396877e-11,1.4258126485723267e-10
193.33,6.099184351955053e-11,1.4309827504869209e-10
193.34,6.020707297032894e-11,1.4360319283113005e-10
193.35,5.941877656448838e-11,1.4409599799810315e-10
193.36,5.862703125353381e-11,1.445766716219617e-10
193.37,5.7831913546769223e-11,1.4504519545327606e-10
193.38,5.7033500833480356e-11,1.4550155263465596e-10
193.39,5.623186980988329e-11,1.4594572675126456e-10
193.4,5.542709800662238e-11,1.4637770319005021e-10
193.41,5.461926262169016e-11,1.4679746743802433e-10
193.42,5.3808441103128973e-11,1.472050066797245e-10
193.43,5.299471121916854e-11,1.4760030869103944e-10
193.44,5.2178150450425576e-11,1.4798336244793407e-10
193.45,5.135883679302415e-11,1.4835415773569782e-10
193.46,5.053684813434061e-11,1.4871268541227138e-10
193.47,4.971226200924172e-11,1.4905893742449916e-10
193.48,4.888515692082916e-11,1.4939290671348125e-10
193.49,4.8055610732025276e-11,1.4971458691963365e-10
193.5,4.722370158187891e-11,1.5002397293266006e-10
193.51,4.6389507630682734e-11,1.503210605928304e-10
193.52,4.555310721476367e-11,1.5060584666993198e-10
193.53,4.47145783022753e-11,1.5087832879838714e-10
193.54,4.3873999819181564e-11,1.5113850620025307e-10
193.55,4.303144975731132e-11,1.5138637825760283e-10
193.56,4.218700668629154e-11,1.5162194547679277e-10
193.57,4.1340748085896265e-11,1.51845210094756e-10
193.58,4.049275350752762e-11,1.5205617429612416e-10
193.59,3.96431005045721e-11,1.5225484157104467e-10
193.6,3.879186821867318e-11,1.5244121755612393e-10
193.61,3.793913427730059e-11,1.5261530695064257e-10
193.62,3.70849767563485e-11,1.5277711646356236e-10
193.63,3.622947553722532e-11,1.5292665339164206e-10
193.64,3.537270715750523e-11,1.5306392663316193e-10
193.65,3.451475049882778e-11,1.5318894535579814e-10
193.66,3.3655683883785705e-11,1.5330172007117764e-10
193.67,3.2795584995317036e-11,1.5340226206884757e-10
193.68,3.1934532845043176e-11,1.5349058331683513e-10
193.69,3.107260337033005e-11,1.5356669810129722e-10
193.7,3.020987631436456e-11,1.5363061949852233e-10
193.71,2.934642931287358e-11,1.5368236309421327e-10
193.72,2.848233956533227e-11,1.5372194499315055e-10
193.73,2.7617684888450948e-11,1.537493822423507e-10
193.74,2.6752542807422808e-11,1.537646926369382e-10
193.75,2.5886990759265606e-11,1.5376789517052748e-10
193.76,2.5021105978872124e-11,1.5375900967960803e-10
193.77,2.4154966136832533e-11,1.537380571632162e-10
193.78,2.3288646975484088e-11,1.5370505842975216e-10
193.79,2.242222690261549e-11,1.536600369762198e-10
193.8,2.1555781956666857e-11,1.5360301598119906e-10
193.81,2.068938902398704e-11,1.5353401980391113e-10
193.82,1.9823124222496563e-11,1.5345307421385398e-10
193.83,1.8957064272073633e-11,1.533602047928886e-10
193.84,1.8091285069898168e-11,1.5325543900133807e-10
193.85,1.7225862798374455e-11,1.5313880507342792e-10
193.86,1.6360872300106016e-11,1.5301033168862705e-10
193.87,1.5496391556973243e-11,1.528700486802806e-10
193.88,1.4632493803443915e-11,1.5271798700061118e-10
193.89,1.3769254870179072e-11,1.5255417797225298e-10
193.9,1.2906750070539195e-11,1.5237865441603773e-10
193.91,1.2045053103874695e-11,1.52191449226137e-10
193.92,1.1184240217651731e-11,1.5199259708801716e-10
193.93,1.0324384726770444e-11,1.517821330052204e-10
193.94,9.465561132584912e-12,1.5156009266726196e-10
193.95,8.607843466102175e-12,1.5132651429689378e-10
193.96,7.751304601740332e-12,1.5108143215718798e-10
193.97,6.896018994596033e-12,1.5082488825536043e-10
193.98,6.042059108675532e-12,1.5055692063204736e-10
193.99,5.189498141789807e-12,1.502775696036038e-10
194.0,4.338408855475162e-12,1.4998687620010776e-10
194.01,3.4888633303911824e-12,1.4968488232354883e-10
194.02,2.6409338555581193e-12,1.493716308336165e-10
194.03,1.7946923582848702e-12,1.4904716506267954e-10
194.04,9.502110159541837e-13,1.4871152948261594e-10
194.05,1.0755815074700741e-13,1.4836476910895277e-10
194.06,-7.331920509503056e-13,1.4800693008736567e-10
194.07,-1.5719699867602691e-12,1.4763805915850085e-10
194.08,-2.4087056363321188e-12,1.472582039807525e-10
194.09,-3.2433285368709805e-12,1.4686741276779229e-10
194.1,-4.075769353129372e-12,1.4646573469805347e-10
194.11,-4.905958312725711e-12,1.4605321998187208e-10
194.12,-5.733826994983148e-12,1.456299189794413e-10
194.13,-6.55930580730858e-12,1.4519588341498636e-10
194.14,-7.382327721992925e-12,1.4475116538975793e-10
194.15,-8.20282340653437e-12,1.4429581815945626e-10
194.16,-9.020725928088715e-12,1.4382989515373912e-10
194.17,-9.835967361063076e-12,1.4335345160203025e-10
194.18,-1.0648481633228985e-11,1.4286654143814103e-10
194.19,-1.1458201747639487e-11,1.4236922190326086e-10
194.2,-1.2265061514209272e-11,1.418615492244319e-10
194.21,-1.306899481400281e-11,1.4134358110583933e-10
194.22,-1.3869936669620468e-11,1.4081537560203687e-10
194.23,-1.4667821694317527e-11,1.4027699135887712e-10
194.24,-1.5462585333465282e-11,1.3972848843453496e-10
194.25,-1.62541635208354e-11,1.3916992697713858e-10
194.26,-1.7042491902554002e-11,1.3860136798083493e-10
194.27,-1.7827507983090694e-11,1.3802287302912488e-10
194.28,-1.8609147522056984e-11,1.3743450486581478e-10
194.29,-1.9387348839673907e-11,1.3683632601798583e-10
194.3,-2.0162049389262344e-11,1.3622840063434926e-10
194.31,-2.0933186903665192e-11,1.3561079313336e-10
194.32,-2.170070086536229e-11,1.3498356848548316e-10
194.33,-2.24645303278531e-11,1.3434679227367515e-10
194.34,-2.322461426084975e-11,1.337005311287805e-10
194.35,-2.3980892603674087e-11,1.3304485194466678e-10
194.36,-2.4733307151380076e-11,1.3237982217969656e-10
194.37,-2.5481796639377143e-11,1.3170551051269433e-10
194.38,-2.6226303384307112e-11,1.3102198576175267e-10
194.39,-2.6966769746917243e-11,1.3032931705510893e-10
194.4,-2.770313704851967e-11,1.2962757487667874e-10
194.41,-2.8435348691686412e-11,1.2891682998653647e-10
194.42,-2.916334774093419e-11,1.2819715344818063e-10
194.43,-2.9887077799445006e-11,1.2746861738614468e-10
194.44,-3.0606483148182825e-11,1.2673129413395613e-10
194.45,-3.132150787849354e-11,1.2598525698681944e-10
194.46,-3.2032097614534346e-11,1.25230579497059e-10
194.47,-3.273819836027909e-11,1.244673355903403e-10
194.48,-3.343975548015318e-11,1.2369560044020654e-10
194.49,-3.4136715901271854e-11,1.229154491223429e-10
194.5,-3.482902681677398e-11,1.221269575134978e-10
194.51,-3.551663581279198e-11,1.2133020204709132e-10
194.52,-3.6199490913301596e-11,1.2052525968754638e-10
194.53,-3.687754163674655e-11,1.1971220746521034e-10
194.54,-3.7550735501097375e-11,1.1889112400850168e-10
194.55,-3.8219023746592454e-11,1.1806208719133654e-10
194.56,-3.88823559264463e-11,1.172251761066778e-10
194.57,-3.9540682826405906e-11,1.1638047023943597e-10
194.58,-4.019395591507551e-11,1.1552804963206363e-10
194.59,-4.0842126758775914e-11,1.1466799460414791e-10
194.6,-4.148514796960831e-11,1.1380038601363596e-10
194.61,-4.212297233889622e-11,1.1292530516201016e-10
194.62,-4.275555390015792e-11,1.1204283351533856e-10
194.63,-4.3382845564091254e-11,1.1115305415706627e-10
194.64,-4.4004802662373764e-11,1.102560490224057e-10
194.65,-4.462137991925861e-11,1.0935190148974392e-10
194.66,-4.523253360249027e-11,1.0844069482702795e-10
194.67,-4.583821873712312e-11,1.0752251373206905e-10
194.68,-4.643839332948071e-11,1.0659744190701916e-10
194.69,-4.7033014394470104e-11,1.0566556426432041e-10
194.7,-4.762203962866944e-11,1.0472696605149646e-10
194.71,-4.82054278332261e-11,1.0378173236717281e-10
194.72,-4.87831372039423e-11,1.0282995043310986e-10
194.73,-4.935512838923942e-11,1.018717052521768e-10
194.74,-4.992136126899441e-11,1.0090708407624099e-10
194.75,-5.048179658032368e-11,9.99361738097083e-11
194.76,-5.103639580550304e-11,9.895906184710268e-11
194.77,-5.158512106398048e-11,9.797583584111722e-11
194.78,-5.2127934281193614e-11,9.698658437166079e-11
194.79,-5.266479917221335e-11,9.599139519799676e-11
194.8,-5.319567974388479e-11,9.499035721765285e-11
194.81,-5.3720538954814384e-11,9.398355994548669e-11
194.82,-5.423934287854279e-11,9.297109217980115e-11
194.83,-5.4752056975203364e-11,9.19530436921337e-11
194.84,-5.5258646550423575e-11,9.092950446247862e-11
194.85,-5.5759079968218844e-11,8.990056474672595e-11
194.86,-5.6253323039124724e-11,8.886631502361107e-11
194.87,-5.674134410587842e-11,8.782684592401873e-11
194.88,-5.722311151747972e-11,8.678224880450443e-11
194.89,-5.7698595003750484e-11,8.57326144471708e-11
194.9,-5.816776348002667e-11,8.467803496029392e-11
194.91,-5.863058799116704e-11,8.361860153309511e-11
194.92,-5.908703931430606e-11,8.255440631327536e-11
194.93,-5.953708999469195e-11,8.148554253557988e-11
194.94,-5.998070870179172e-11,8.041210032975827e-11
194.95,-6.041787170750449e-11,7.93341743928615e-11
194.96,-6.084855188526747e-11,7.825185670210076e-11
194.97,-6.127272248920544e-11,7.716524049190538e-11
194.98,-6.169035910155308e-11,7.607441874011912e-11
194.99,-6.210143595570985e-11,7.497948490952708e-11
195.0,-6.250592954612979e-11,7.388053268074746e-11
195.01,-6.290381626183296e-11,7.277765562234207e-11
195.02,-6.329507293004525e-11,7.167094706737482e-11
195.03,-6.367967854647783e-11,7.05605026691164e-11
195.04,-6.405761030221992e-11,6.944641485145179e-11
195.05,-6.44288473555161e-11,6.832877858026298e-11
195.06,-6.479336991154965e-11,6.720768808802467e-11
195.07,-6.515115768594112e-11,6.608323777317768e-11
195.08,-6.550219168252067e-11,6.495552251691424e-11
195.09,-6.584645352172343e-11,6.382463699330498e-11
195.1,-6.618392558202812e-11,6.269067567555493e-11
195.11,-6.651459135339427e-11,6.155373331044896e-11
195.12,-6.683843166795314e-11,6.041390577902543e-11
195.13,-6.715543358724507e-11,5.92712869085471e-11
195.14,-6.74655794026098e-11,5.812597298464062e-11
195.15,-6.776885617477102e-11,5.6978058102110745e-11
195.16,-6.806524922547177e-11,5.582763782163817e-11
195.17,-6.835474501683536e-11,5.467480729594747e-11
195.18,-6.863733072695166e-11,5.3519661837098706e-11
195.19,-6.891299436348447e-11,5.236229648868984e-11
195.2,-6.918172559993434e-11,5.1202806249400505e-11
195.21,-6.944350950120527e-11,5.004128773204815e-11
195.22,-6.969833996391873e-11,4.887783492435008e-11
195.23,-6.994620568365136e-11,4.771254378420166e-11
195.24,-7.018709816098356e-11,4.654550821038623e-11
195.25,-7.042100843267172e-11,4.537682499576064e-11
195.26,-7.064792899497931e-11,4.4206588533674924e-11
195.27,-7.086785263903157e-11,4.303489435054011e-11
195.28,-7.108077298166134e-11,4.1861837306521203e-11
195.29,-7.128668450200951e-11,4.068751189949074e-11
195.3,-7.148558082381277e-11,3.951201481125978e-11
195.31,-7.167745800461503e-11,3.8335439287398505e-11
195.32,-7.186231240606163e-11,3.715788042831717e-11
195.33,-7.204013973803246e-11,3.5979433760652367e-11
195.34,-7.221093829462421e-11,3.4800193092400605e-11
195.35,-7.237470506485369e-11,3.3620253518943525e-11
195.36,-7.253143891407626e-11,3.243970905667583e-11
195.37,-7.268113854018637e-11,3.1258654574432076e-11
195.38,-7.282380462395747e-11,3.007718378333487e-11
195.39,-7.29594369773915e-11,2.8895390471978627e-11
195.4,-7.308803611461259e-11,2.771336947603596e-11
195.41,-7.32096039459731e-11,2.653121413638787e-11
195.42,-7.332414265024819e-11,2.534901815621942e-11
195.43,-7.34316550438738e-11,2.416687512225063e-11
195.44,-7.353214464387663e-11,2.298487815555163e-11
195.45,-7.362561534174263e-11,2.180312040791521e-11
195.46,-7.371207165716975e-11,2.062169510140182e-11
195.47,-7.379151893214165e-11,1.94406948762971e-11
195.48,-7.386396300915826e-11,1.826021216507224e-11
195.49,-7.392941054630371e-11,1.7080339702907863e-11
195.5,-7.398786786728247e-11,1.5901169397557766e-11
195.51,-7.403934357432477e-11,1.4722793422103173e-11
195.52,-7.408384527531932e-11,1.3545303421346022e-11
195.53,-7.412138218135681e-11,1.236879086720969e-11
195.54,-7.415196318673437e-11,1.1193347005091305e-11
195.55,-7.417559883429765e-11,1.0019063154043824e-11
195.56,-7.419229972846225e-11,8.846029853382677e-12
195.57,-7.420207682391624e-11,7.674337697669985e-12
195.58,-7.420494201484838e-11,6.504076990224493e-12
195.59,-7.420090749157555e-11,5.335337852793222e-12
195.6,-7.418998671927345e-11,4.168209642739159e-12
195.61,-7.417219298381556e-11,3.002782132054533e-12
195.62,-7.414754026354579e-11,1.839144232933394e-12
195.63,-7.411604321599045e-11,6.773853860437727e-13
195.64,-7.407771726743934e-11,-4.824064627347685e-13
195.65,-7.403257890340353e-11,-1.6401429772356469e-12
195.66,-7.398064298264834e-11,-2.795736016035665e-12
195.67,-7.392192781855909e-11,-3.949098268515651e-12
195.68,-7.38564506766378e-11,-5.100142003890618e-12
195.69,-7.378422929873327e-11,-6.248780625812318e-12
195.7,-7.370528253215907e-11,-7.394927331817776e-12
195.71,-7.361962994139767e-11,-8.538496159469174e-12
195.72,-7.352729044691001e-11,-9.679400735671544e-12
195.73,-7.342828566960335e-11,-1.0817556121487432e-11
195.74,-7.3322634923082e-11,-1.1952876585378556e-11
195.75,-7.321036147214718e-11,-1.308527786288086e-11
195.76,-7.309148573610217e-11,-1.4214675113690994e-11
195.77,-7.296603081863453e-11,-1.5340984284481812e-11
195.78,-7.283401969571055e-11,-1.646412201160127e-11
195.79,-7.269547590131798e-11,-1.758400484998215e-11
195.8,-7.255042358614384e-11,-1.870054993266454e-11
195.81,-7.239888743986803e-11,-1.9813674980287154e-11
195.82,-7.224089250923887e-11,-2.092329780788725e-11
195.83,-7.207646423661852e-11,-2.2029337069317912e-11
195.84,-7.190562984647992e-11,-2.3131711090597597e-11
195.85,-7.17284147078414e-11,-2.4230339460954466e-11
195.86,-7.154484674232272e-11,-2.532514191917947e-11
195.87,-7.135495388041756e-11,-2.6416038613415724e-11
195.88,-7.115876373444181e-11,-2.7502949982306913e-11
195.89,-7.095630561054126e-11,-2.8585797304887137e-11
195.9,-7.074760837426884e-11,-2.96645016697603e-11
195.91,-7.053270207280763e-11,-3.073898537127791e-11
195.92,-7.03116177306814e-11,-3.180917198111852e-11
195.93,-7.008438274635294e-11,-3.2874980783412196e-11
195.94,-6.985103192423573e-11,-3.393633878394956e-11
195.95,-6.961159574292927e-11,-3.4993168651361506e-11
195.96,-6.936610615768036e-11,-3.604539466462276e-11
195.97,-6.91145961188726e-11,-3.709294194371135e-11
195.98,-6.885709841137526e-11,-3.8135735666349964e-11
195.99,-6.859364680018182e-11,-3.9173701776892254e-11
196.0,-6.83242751919045e-11,-4.0206766603323945e-11
196.01,-6.804901868214436e-11,-4.1234857291027764e-11
196.02,-6.776791065206394e-11,-4.225790085567659e-11
196.03,-6.748098758937789e-11,-4.327582504530481e-11
196.04,-6.718828599797126e-11,-4.428855990041665e-11
196.05,-6.688984074702981e-11,-4.529603249105842e-11
196.06,-6.658568998197946e-11,-4.6298173948452195e-11
196.07,-6.627586976935406e-11,-4.7294913401735145e-11
196.08,-6.596041783894297e-11,-4.8286181678476617e-11
196.09,-6.563937248848682e-11,-4.9271910259161637e-11
196.1,-6.531277246136454e-11,-5.0252030573360626e-11
196.11,-6.498065556005485e-11,-5.1226475672301455e-11
196.12,-6.464306192018359e-11,-5.219517763475051e-11
196.13,-6.430003116068032e-11,-5.315807052761492e-11
196.14,-6.395160382145903e-11,-5.4115088194771893e-11
196.15,-6.359781865249086e-11,-5.5066165323958734e-11
196.16,-6.323871821206412e-11,-5.6011237169090605e-11
196.17,-6.287434333433262e-11,-5.695023951838738e-11
196.18,-6.250473575351222e-11,-5.788310885575842e-11
196.19,-6.212993698621822e-11,-5.880978223788218e-11
196.2,-6.174999038744585e-11,-5.973019708166094e-11
196.21,-6.136493816996689e-11,-6.064429175169001e-11
196.22,-6.097482362876734e-11,-6.155200516171993e-11
196.23,-6.05796906608968e-11,-6.245327678906143e-11
196.24,-6.017958229386487e-11,-6.334804649554567e-11
196.25,-5.977454354069709e-11,-6.423625509174595e-11
196.26,-5.936461896619938e-11,-6.51178438979558e-11
196.27,-5.894985341471276e-11,-6.599275493393279e-11
196.28,-5.85302925064877e-11,-6.686093078072506e-11
196.29,-5.810598121453003e-11,-6.77223142838301e-11
196.3,-5.767696633940064e-11,-6.857684984078308e-11
196.31,-5.724329387544005e-11,-6.942448171314448e-11
196.32,-5.6805010310493646e-11,-7.026515519977321e-11
196.33,-5.636216269867375e-11,-7.10988155526192e-11
196.34,-5.591479888784797e-11,-7.192540975515976e-11
196.35,-5.546296590917536e-11,-7.274488487484807e-11
196.36,-5.5006711750375316e-11,-7.355718839079537e-11
196.37,-5.454608476453802e-11,-7.43622686809169e-11
196.38,-5.4081133494974155e-11,-7.516007534255555e-11
196.39,-5.3611906529510794e-11,-7.595055766409437e-11
196.4,-5.313845340617537e-11,-7.673366632855031e-11
196.41,-5.2660823142610674e-11,-7.750935215121508e-11
196.42,-5.21790658743688e-11,-7.827756732913785e-11
196.43,-5.169323076284875e-11,-7.903826368549713e-11
196.44,-5.1203368760170027e-11,-7.979139502500832e-11
196.45,-5.070953018034383e-11,-8.053691473523331e-11
196.46,-5.021176548774728e-11,-8.127477737162625e-11
196.47,-4.971012600527913e-11,-8.200493824587103e-11
196.48,-4.920466269681671e-11,-8.272735310033462e-11
196.49,-4.869542723419639e-11,-8.344197858178288e-11
196.5,-4.8182471260036427e-11,-8.414877200001603e-11
196.51,-4.766584741423953e-11,-8.484769123192118e-11
196.52,-4.7145607008709763e-11,-8.55386949690524e-11
196.53,-4.662180260612629e-11,-8.622174248157422e-11
196.54,-4.6094487085278726e-11,-8.689679407947545e-11
196.55,-4.556371322738986e-11,-8.756381030323422e-11
196.56,-4.502953463298777e-11,-8.822275298031663e-11
196.57,-4.4492003794574024e-11,-8.887358365076887e-11
196.58,-4.395117442997558e-11,-8.951626594554781e-11
196.59,-4.340710048767283e-11,-9.015076301501081e-11
196.6,-4.2859835624717995e-11,-9.077703942719703e-11
196.61,-4.2309434047250557e-11,-9.139506015982658e-11
196.62,-4.1755949735666623e-11,-9.200479078912832e-11
196.63,-4.1199437580110005e-11,-9.260619835617338e-11
196.64,-4.063995141286531e-11,-9.319924893882869e-11
196.65,-4.007754674309179e-11,-9.378391160220438e-11
196.66,-3.9512278060535996e-11,-9.436015461782705e-11
196.67,-3.894420056476311e-11,-9.492794719004614e-11
196.68,-3.8373369557843825e-11,-9.5487259191083e-11
196.69,-3.779984024786163e-11,-9.603806276811783e-11
196.7,-3.7223668338033134e-11,-9.658032799713629e-11
196.71,-3.664490934442559e-11,-9.711402771126143e-11
196.72,-3.6063618769232905e-11,-9.763913503502613e-11
196.73,-3.5479853075183805e-11,-9.815562305022267e-11
196.74,-3.489366807645403e-11,-9.866346720901944e-11
196.75,-3.430511974966004e-11,-9.916264210162968e-11
196.76,-3.371426438418042e-11,-9.96531238690217e-11
196.77,-3.3121158130124584e-11,-1.0013488900055481e-10
196.78,-3.252585820857178e-11,-1.0060791529054912e-10
196.79,-3.192842033848554e-11,-1.0107218045456118e-10
196.8,-3.132890179423053e-11,-1.0152766354340503e-10
196.81,-3.072735856539121e-11,-1.0197434408722331e-10
196.82,-3.0123848109918325e-11,-1.0241220259867054e-10
196.83,-2.951842711921249e-11,-1.0284122016451807e-10
196.84,-2.8911152141548435e-11,-1.0326137829643909e-10
196.85,-2.830208066209524e-11,-1.0367265986910578e-10
196.86,-2.769126961434187e-11,-1.0407504809398853e-10
196.87,-2.707877604316474e-11,-1.0446852680817919e-10
196.88,-2.6464657440281917e-11,-1.0485308108797863e-10
196.89,-2.5848970477932996e-11,-1.0522869628823773e-10
196.9,-2.5231776023147623e-11,-1.0559535903063676e-10
196.91,-2.4613121647196915e-11,-1.0595305485882222e-10
196.92,-2.399307431280217e-11,-1.063017730650715e-10
196.93,-2.337168803178475e-11,-1.0664150156815801e-10
196.94,-2.2749020256893908e-11,-1.0697222947220266e-10
196.95,-2.212512832634539e-11,-1.0729394676830417e-10
196.96,-2.1500069707444142e-11,-1.0760664407934406e-10
196.97,-2.087390194082386e-11,-1.0791031272205534e-10
196.98,-2.0246681895287237e-11,-1.0820494489889138e-10
196.99,-1.9618467136536538e-11,-1.0849053347124792e-10
197.0,-1.8989315745994243e-11,-1.0876707179008418e-10
197.01,-1.835928420918949e-11,-1.0903455447364566e-10
197.02,-1.7728430082411133e-11,-1.0929297633170536e-10
197.03,-1.7096810707266913e-11,-1.0954233334906863e-10
197.04,-1.646448359121337e-11,-1.0978262171641224e-10
197.05,-1.583150567580724e-11,-1.1001383891266223e-10
197.06,-1.519793437203733e-11,-1.1023598287598248e-10
197.07,-1.4563826697069365e-11,-1.1044905210710419e-10
197.08,-1.3929239442333164e-11,-1.1065304601145927e-10
197.09,-1.3294230384666394e-11,-1.1084796496196447e-10
197.1,-1.2658856032447948e-11,-1.1103380952655385e-10
197.11,-1.202317368565838e-11,-1.1121058141767048e-10
197.12,-1.1387239571084924e-11,-1.1137828282800182e-10
197.13,-1.075111109465758e-11,-1.1153691683991829e-10
197.14,-1.0114844510825214e-11,-1.1168648710947566e-10
197.15,-9.478496831864567e-12,-1.1182699778998316e-10
197.16,-8.842124080227854e-12,-1.1195845453714521e-10
197.17,-8.205782979610525e-12,-1.1208086342384757e-10
197.18,-7.569530077502464e-12,-1.1219422938447746e-10
197.19,-6.933421273050194e-12,-1.1229856138181344e-10
197.2,-6.297512923979053e-12,-1.1239386658290863e-10
197.21,-5.6618607831472204e-12,-1.1248015436741818e-10
197.22,-5.02652110240773e-12,-1.1255743346894293e-10
197.23,-4.391549704141128e-12,-1.1262571422485029e-10
197.24,-3.757001132664518e-12,-1.1268500690229586e-10
197.25,-3.122932107197843e-12,-1.1273532361402087e-10
197.26,-2.4893978283882427e-12,-1.1277667620716027e-10
197.27,-1.8564531622774844e-12,-1.1280907763069811e-10
197.28,-1.2241533303242303e-12,-1.128325413323862e-10
197.29,-5.925534942686376e-13,-1.1284708150179307e-10
197.3,3.8291693518172555e-14,-1.1285271328855483e-10
197.31,6.683278242500835e-13,-1.1284945212221368e-10
197.32,1.2975000173832812e-12,-1.128373140341684e-10
197.33,1.9257543565693017e-12,-1.1281631615388962e-10
197.34,2.5530364059082754e-12,-1.1278647647457391e-10
197.35,3.1792922124518946e-12,-1.1274781305382614e-10
197.36,3.8044686709113225e-12,-1.1270034421003083e-10
197.37,4.428511415318165e-12,-1.1264409027936185e-10
197.38,5.051367455298437e-12,-1.1257907145290636e-10
197.39,5.67298321369059e-12,-1.125053084547201e-10
197.4,6.293305873128855e-12,-1.1242282323047597e-10
197.41,6.912282984574687e-12,-1.1233163756905793e-10
197.42,7.529861245736583e-12,-1.1223177497051928e-10
197.43,8.145988867863192e-12,-1.1212325842289687e-10
197.44,8.760613257215339e-12,-1.1200611232640128e-10
197.45,9.37368300749446e-12,-1.118803617673042e-10
197.46,9.985145996853559e-12,-1.1174603187998462e-10
197.47,1.0594950663500083e-11,-1.1160314909606373e-10
197.48,1.1203046114025734e-11,-1.1145173983454515e-10
197.49,1.1809380842989402e-11,-1.112918318389057e-10
197.5,1.24139043277328e-11,-1.111234528986542e-10
197.51,1.3016566044544034e-11,-1.1094663172515387e-10
197.52,1.3617315472229733e-11,-1.1076139762224226e-10
197.53,1.421610367104115e-11,-1.1056777959617691e-10
197.54,1.4812878374508316e-11,-1.103658103133663e-10
197.55,1.5407591982320085e-11,-1.1015551893581086e-10
197.56,1.6000194981792368e-11,-1.0993693758929107e-10
197.57,1.6590638191500468e-11,-1.0971009860088934e-10
197.58,1.7178872735860517e-11,-1.0947503534229096e-10
197.59,1.7764850451023564e-11,-1.0923178045696847e-10
197.6,1.83485230861331e-11,-1.0898036886079201e-10
197.61,1.8929842639548457e-11,-1.0872083474234508e-10
197.62,1.9508761710957776e-11,-1.0845321338027761e-10
197.63,2.0085232164731713e-11,-1.0817754105511549e-10
197.64,2.0659207819823023e-11,-1.0789385358526626e-10
197.65,2.1230641725197517e-11,-1.0760218835875439e-10
197.66,2.17994873026112e-11,-1.0730258272465661e-10
197.67,2.2365698593113923e-11,-1.0699507490055357e-10
197.68,2.292922970253127e-11,-1.0667970352279705e-10
197.69,2.3490035107400393e-11,-1.0635650776655746e-10
197.7,2.4048069710199874e-11,-1.0602552756733098e-10
197.71,2.4603288583482382e-11,-1.0568680339468809e-10
197.72,2.515564668386362e-11,-1.0534037538271885e-10
197.73,2.570510067145874e-11,-1.0498628558848994e-10
197.74,2.6251605717687832e-11,-1.0462457598840899e-10
197.75,2.6795118828856593e-11,-1.04255288793302e-10
197.76,2.733559683953296e-11,-1.0387846712465326e-10
197.77,2.7872996540912344e-11,-1.0349415448947018e-10
197.78,2.8407275434547482e-11,-1.0310239480921797e-10
197.79,2.893839112355951e-11,-1.027032329469805e-10
197.8,2.9466301630635274e-11,-1.0229671323339996e-10
197.81,2.9990966643704165e-11,-1.0188288258738214e-10
197.82,3.051234364879736e-11,-1.0146178581394342e-10
197.83,3.10303922774594e-11,-1.0103346992529353e-10
197.84,3.154507179338071e-11,-1.0059798211578195e-10
197.85,3.205634254145422e-11,-1.0015536949594369e-10
197.86,3.2564164421842184e-11,-9.970568051868317e-11
197.87,3.306849860946022e-11,-9.924896324662536e-11
197.88,3.356930491781418e-11,-9.878526727418345e-11
197.89,3.4066547892776263e-11,-9.831464086212685e-11
197.9,3.456018303442963e-11,-9.783713580456379e-11
197.91,3.505017823221341e-11,-9.735280086465769e-11
197.92,3.553649419283778e-11,-9.6861687183281e-11
197.93,3.601909404392949e-11,-9.636384625079038e-11
197.94,3.649793979625967e-11,-9.585932960513544e-11
197.95,3.697299668858285e-11,-9.53481893718438e-11
197.96,3.7444227952682335e-11,-9.483047809956162e-11
197.97,3.7911598194249246e-11,-9.430624895009104e-11
197.98,3.8375072840727685e-11,-9.377555486419607e-11
197.99,3.8834615663603344e-11,-9.323845051603801e-11
198.0,3.9290193548912184e-11,-9.269498935885142e-11
198.01,3.974177248263646e-11,-9.214522629427249e-11
198.02,4.0189318108555706e-11,-9.158921632701184e-11
198.03,4.063279862929915e-11,-9.102701510311584e-11
198.04,4.107218030048632e-11,-9.045867806994897e-11
198.05,4.1507430806424735e-11,-8.988426193643883e-11
198.06,4.1938518587799885e-11,-8.930382291503063e-11
198.07,4.23654119347079e-11,-8.87174182932985e-11
198.08,4.2788079750460675e-11,-8.812510493620405e-11
198.09,4.320649177026527e-11,-8.752694109894915e-11
198.1,4.36206173484589e-11,-8.692298450695744e-11
198.11,4.403042674781529e-11,-8.631329396268494e-11
198.12,4.443589091650675e-11,-8.569792766777818e-11
198.13,4.483698043397089e-11,-8.507694538759356e-11
198.14,4.5233667231894216e-11,-8.445040600250525e-11
198.15,4.562592298023656e-11,-8.381836979799454e-11
198.16,4.601372032298011e-11,-8.318089651047831e-11
198.17,4.639703121700069e-11,-8.253804702100922e-11
198.18,4.6775829704859795e-11,-8.188988178447857e-11
198.19,4.71500892613843e-11,-8.123646190661348e-11
198.2,4.751978389822722e-11,-8.057784887919472e-11
198.21,4.788488769711191e-11,-7.991410424557363e-11
198.22,4.824537638722344e-11,-7.924529017753495e-11
198.23,4.860122491685713e-11,-7.857146884261398e-11
198.24,4.8952409486097215e-11,-7.789270280229735e-11
198.25,4.92989060357123e-11,-7.720905493189079e-11
198.26,4.9640691548820876e-11,-7.652058835021576e-11
198.27,4.997774328632973e-11,-7.582736632544036e-11
198.28,5.031003876197544e-11,-7.51294526150454e-11
198.29,5.063755630960395e-11,-7.442691132288622e-11
198.3,5.096027412058711e-11,-7.371980594676466e-11
198.31,5.1278171280353585e-11,-7.300820149860928e-11
198.32,5.159122781108056e-11,-7.229216237646057e-11
198.33,5.189942302127371e-11,-7.157175349772771e-11
198.34,5.2202737183616726e-11,-7.08470403666254e-11
198.35,5.2501151812290656e-11,-7.011808753920951e-11
198.36,5.2794647793486335e-11,-6.938496106740055e-11
198.37,5.308320695447336e-11,-6.864772650639781e-11
198.38,5.336681164177872e-11,-6.790644989790431e-11
198.39,5.364544424662018e-11,-6.716119751047067e-11
198.4,5.391908835463067e-11,-6.6412035577808e-11
198.41,5.418772685546876e-11,-6.565903061785489e-11
198.42,5.445134455294879e-11,-6.490224963598999e-11
198.43,5.470992598070601e-11,-6.414175894488887e-11
198.44,5.4963454945392755e-11,-6.337762651625109e-11
198.45,5.52119191547303e-11,-6.260991850743494e-11
198.46,5.5455302124610853e-11,-6.183870333281983e-11
198.47,5.569359160999691e-11,-6.106404849607131e-11
198.48,5.5926774675377454e-11,-6.028602058931433e-11
198.49,5.615483796601466e-11,-5.950468862578813e-11
198.5,5.6377769466778784e-11,-5.872012023160253e-11
198.51,5.6595557642768596e-11,-5.793238357820346e-11
198.52,5.68081908032957e-11,-5.714154696699058e-11
198.53,5.7015658485399414e-11,-5.6347678647853157e-11
198.54,5.721795047693879e-11,-5.5550847302066374e-11
198.55,5.7415056606375976e-11,-5.475112134973063e-11
198.56,5.7606966868005435e-11,-5.3948569949257026e-11
198.57,5.7793674734491906e-11,-5.3143260912735475e-11
198.58,5.797516939522272e-11,-5.233526398604619e-11
198.59,5.815144344731924e-11,-5.15246482015715e-11
198.6,5.832248946614521e-11,-5.071148227066355e-11
198.61,5.848830044773874e-11,-4.989583563419286e-11
198.62,5.86488698508845e-11,-4.907777725409772e-11
198.63,5.88041916052657e-11,-4.825737656047457e-11
198.64,5.895426035121325e-11,-4.7434702470816934e-11
198.65,5.909907029924404e-11,-4.6609825662593795e-11
198.66,5.923861620729946e-11,-4.578281397315777e-11
198.67,5.937289519124526e-11,-4.495373788470203e-11
198.68,5.950190294208263e-11,-4.412266662279856e-11
198.69,5.962563636226109e-11,-4.328966991253994e-11
198.7,5.974409193565471e-11,-4.245481677575217e-11
198.71,5.985726768919503e-11,-4.16181777192591e-11
198.72,5.996516183915145e-11,-4.077982161105322e-11
198.73,6.006777264254209e-11,-3.993981855240585e-11
198.74,6.016509965528582e-11,-3.9098237827912257e-11
198.75,6.025714160520811e-11,-3.825514928488185e-11
198.76,6.034389896712235e-11,-3.7410622485712637e-11
198.77,6.042537183912038e-11,-3.6564726999463343e-11
198.78,6.050156111190691e-11,-3.571753228784941e-11
198.79,6.057246858172313e-11,-3.4869108246199795e-11
198.8,6.063809516457358e-11,-3.401952423784063e-11
198.81,6.06984439388217e-11,-3.3168849560156095e-11
198.82,6.075351693066096e-11,-3.2317153982241766e-11
198.83,6.080331791809967e-11,-3.1464506510987706e-11
198.84,6.084784978372186e-11,-3.061097712446648e-11
198.85,6.088711709613354e-11,-2.975663453318506e-11
198.86,6.09211245667192e-11,-2.8901547989382672e-11
198.87,6.094987407130407e-11,-2.804578885382765e-11
198.88,6.097337807143326e-11,-2.7189420867468418e-11
198.89,6.09916362350304e-11,-2.6332517904662055e-11
198.9,6.100465686534349e-11,-2.5475147342319008e-11
198.91,6.101244638623718e-11,-2.4617378088558813e-11
198.92,6.101501253949356e-11,-2.3759278793633967e-11
198.93,6.101236211153406e-11,-2.290091819542132e-11
198.94,6.100450400399882e-11,-2.2042364715795173e-11
198.95,6.099144640297357e-11,-2.1183686931987314e-11
198.96,6.097319811344125e-11,-2.032495319355046e-11
198.97,6.094976901141195e-11,-1.9466231196231657e-11
198.98,6.092116861490657e-11,-1.8607589488117682e-11
198.99,6.088740722028539e-11,-1.7749095912890494e-11
199.0,6.084849563112566e-11,-1.6890818134681482e-11
199.01,6.080444491614164e-11,-1.6032823945722893e-11
199.02,6.075526673617561e-11,-1.51751806017707e-11
199.03,6.070097301849119e-11,-1.4317955770702594e-11
199.04,6.064157608928508e-11,-1.3461216380632943e-11
199.05,6.057709010393257e-11,-1.26050290525662e-11
199.06,6.050752485498783e-11,-1.1749462231051119e-11
199.07,6.043289761530841e-11,-1.0894580845487273e-11
199.08,6.035322112036289e-11,-1.0040452086786022e-11
199.09,6.026851037334268e-11,-9.18714223283968e-12
199.1,6.017877952860692e-11,-8.334717414278622e-12
199.11,6.008404488551235e-11,-7.483243388750707e-12
199.12,5.998432094523977e-11,-6.632786592315529e-12
199.13,5.987962539660476e-11,-5.783411615630861e-12
199.14,5.976997291328599e-11,-4.935185168063346e-12
199.15,5.965538353324863e-11,-4.088169948253175e-12
199.16,5.953587211962203e-11,-3.242433008233896e-12
199.17,5.941145733673429e-11,-2.3980381796398947e-12
199.18,5.928215686171348e-11,-1.555050323808809e-12
199.19,5.914798968292084e-11,-7.135334490704003e-13
199.2,5.900897515877044e-11,1.26448669771133e-13
199.21,5.886513234278599e-11,9.648319925414313e-13
199.22,5.87164810053205e-11,1.8015533009684165e-12
199.23,5.8563040857535e-11,2.6365490632061234e-12
199.24,5.840483379857922e-11,3.469756555571463e-12
199.25,5.82418794670595e-11,4.3011128082830725e-12
199.26,5.807419939078918e-11,5.1305554660215265e-12
199.27,5.790181603234547e-11,5.9580224335867506e-12
199.28,5.772475053722577e-11,6.783451622107452e-12
199.29,5.7543025956814746e-11,7.606781532966815e-12
199.3,5.735666482850208e-11,8.42795047130011e-12
199.31,5.716569066076392e-11,9.24689776981589e-12
199.32,5.6970126755854754e-11,1.0063562592284502e-11
199.33,5.6769996433947266e-11,1.0877884071230061e-11
199.34,5.656532514153161e-11,1.1689802437539504e-11
199.35,5.6356136835798496e-11,1.2499257611316797e-11
199.36,5.614245657284385e-11,1.3306189915299421e-11
199.37,5.592430993266161e-11,1.411054038744312e-11
199.38,5.57017225460978e-11,1.491225009652419e-11
199.39,5.547471976794184e-11,1.5711259567010667e-11
199.4,5.5243329014786665e-11,1.650751153195267e-11
199.41,5.500757650511534e-11,1.7300947683022582e-11
199.42,5.476748910354852e-11,1.8091509916013e-11
199.43,5.452309461735188e-11,1.887914157255759e-11
199.44,5.427442115308526e-11,1.9663785542966356e-11
199.45,5.40214953938991e-11,2.044538481201921e-11
199.46,5.3764346757084014e-11,2.1223883385386683e-11
199.47,5.350300418998389e-11,2.1999225562649665e-11
199.48,5.323749579005677e-11,2.2771355062093433e-11
199.49,5.296785160655052e-11,2.3540217423980874e-11
199.5,5.269410177166391e-11,2.4305757523123364e-11
199.51,5.241627449189504e-11,2.5067920783243087e-11
199.52,5.2134401816042354e-11,2.582665342126423e-11
199.53,5.184851337062108e-11,2.6581901282272065e-11
199.54,5.155864060694798e-11,2.733361108114605e-11
199.55,5.126481486978556e-11,2.8081730135040358e-11
199.56,5.096706637173396e-11,2.8826205503914486e-11
199.57,5.066542846858567e-11,2.9566985372173e-11
199.58,5.035993216424524e-11,3.0304017507141474e-11
199.59,5.0050610754055e-11,3.1037250929785064e-11
199.6,4.9737495638948073e-11,3.176663436435817e-11
199.61,4.9420620752684214e-11,3.24921172193756e-11
199.62,4.910001902200887e-11,3.3213649456242544e-11
199.63,4.877572376465821e-11,3.3931180901308244e-11
199.64,4.844776865644407e-11,3.464466252803868e-11
199.65,4.811618819645723e-11,3.5354045319272596e-11
199.66,4.7781016109317405e-11,3.605928054982331e-11
199.67,4.744228721482191e-11,3.6760320322324324e-11
199.68,4.710003704586976e-11,3.7457117106107015e-11
199.69,4.675429810992108e-11,3.814962260799639e-11
199.7,4.6405108587643736e-11,3.88377911069147e-11
199.71,4.6052502370547015e-11,3.952157579765838e-11
199.72,4.569651595172638e-11,4.020093064188153e-11
199.73,4.533718514494669e-11,4.087581029774163e-11
199.74,4.497454603601845e-11,4.154616956807431e-11
199.75,4.4608635476981075e-11,4.221196370192151e-11
199.76,4.423948970033356e-11,4.2873148611877026e-11
199.77,4.3867146052442785e-11,4.352968018904936e-11
199.78,4.349164156246455e-11,4.418151608579748e-11
199.79,4.311301354544748e-11,4.482861266739018e-11
199.8,4.273129950405711e-11,4.5470927504928046e-11
199.81,4.234653767793284e-11,4.6108419032961695e-11
199.82,4.1958765619171786e-11,4.674104572464023e-11
199.83,4.1568021679733426e-11,4.7368766352572894e-11
199.84,4.117434432688539e-11,4.799154067271605e-11
199.85,4.077777236730074e-11,4.860932837923236e-11
199.86,4.037834537112587e-11,4.922209211053053e-11
199.87,3.9976099297966293e-11,4.9829787088045645e-11
199.88,3.957107652770289e-11,5.043237999497484e-11
199.89,3.916331527842982e-11,5.102983106476532e-11
199.9,3.87528549340577e-11,5.162210242011803e-11
199.91,3.833973564739561e-11,5.2209156992522906e-11
199.92,3.792399706453796e-11,5.2790958235715097e-11
199.93,3.750567914122147e-11,5.3367469680813806e-11
199.94,3.7084822140716225e-11,5.3938655734777916e-11
199.95,3.6661466899083635e-11,5.450448130266362e-11
199.96,3.6235653266078316e-11,5.5064911381937044e-11
199.97,3.5807422293916266e-11,5.561991204089961e-11
199.98,3.5376814915544124e-11,5.6169449440468594e-11
199.99,3.494387226442333e-11,5.671349015143791e-11
200.0,3.450863416731641e-11,5.725200157913438e-11
200.01,3.407114365751666e-11,5.7784951559798824e-11
200.02,3.3631441024860754e-11,5.831230815511894e-11
200.03,3.3189568426075764e-11,5.883404041334017e-11
200.04,3.274556689755423e-11,5.935011756127546e-11
200.05,3.2299478853666273e-11,5.986050901013624e-11
200.06,3.1851345754583493e-11,6.036518555281181e-11
200.07,3.1401209630438634e-11,6.086411778372917e-11
200.08,3.09491119131671e-11,6.13572766081341e-11
200.09,3.04950972643055e-11,6.18446353234681e-11
200.1,3.003920577634803e-11,6.232616474062979e-11
200.11,2.958147997577877e-11,6.280183816554268e-11
200.12,2.9121962958291525e-11,6.327162934861143e-11
200.13,2.8660697620625015e-11,6.373551215128429e-11
200.14,2.819772595815629e-11,6.419346042157115e-11
200.15,2.7733091004494048e-11,6.464544968254032e-11
200.16,2.7266836024171234e-11,6.509145523829609e-11
200.17,2.67990034963746e-11,6.55314534095303e-11
200.18,2.6329636617969e-11,6.596541988526997e-11
200.19,2.5858778287886665e-11,6.639333245674428e-11
200.2,2.53864720336848e-11,6.681516867570807e-11
200.21,2.49127609518478e-11,6.723090630329159e-11
200.22,2.4437687820630164e-11,6.764052429897152e-11
200.23,2.396129658845953e-11,6.804400172846268e-11
200.24,2.348363049062037e-11,6.844131803792674e-11
200.25,2.3004732620499752e-11,6.883245378740293e-11
200.26,2.252464692598665e-11,6.92173895517084e-11
200.27,2.2043416432712754e-11,6.959610677827764e-11
200.28,2.1561084980702174e-11,6.996858712341673e-11
200.29,2.1077696043722073e-11,7.033481298680165e-11
200.3,2.059329326024628e-11,7.069476729468021e-11
200.31,2.0107920378006968e-11,7.1048433369711e-11
200.32,1.9621620361203304e-11,7.13957951534535e-11
200.33,1.913443773162717e-11,7.173683726935792e-11
200.34,1.8646415639170227e-11,7.207154472768263e-11
200.35,1.8157597723322423e-11,7.23999027435535e-11
200.36,1.7668028318916898e-11,7.272189811749794e-11
200.37,1.7177750312481383e-11,7.303751675957217e-11
200.38,1.6686807516102636e-11,7.334674609111425e-11
200.39,1.619524407433851e-11,7.364957371826465e-11
200.4,1.5703103244230294e-11,7.394598820668573e-11
200.41,1.5210428626335453e-11,7.42359777788632e-11
200.42,1.471726404389265e-11,7.451953216098639e-11
200.43,1.4223653114496197e-11,7.479664091440146e-11
200.44,1.372963911577964e-11,7.506729452577211e-11
200.45,1.323526601310137e-11,7.533148385349478e-11
200.46,1.2740576952092242e-11,7.558920033849215e-11
200.47,1.2245615461554439e-11,7.584043586398483e-11
200.48,1.1750425422220406e-11,7.608518305420236e-11
200.49,1.1255049535976748e-11,7.632343493397654e-11
200.5,1.0759531444116996e-11,7.655518496964648e-11
200.51,1.0263914820635122e-11,7.678042716990445e-11
200.52,9.768242107046944e-12,7.699915636772627e-11
200.53,9.272557658535545e-12,7.721136799833394e-11
200.54,8.776902913097828e-12,7.741705641481918e-11
200.55,8.281322101774763e-12,7.761621909735958e-11
200.56,7.785858361017587e-12,7.780885274785464e-11
200.57,7.290553804815562e-12,7.799495414059744e-11
200.58,6.795451907840366e-12,7.817452109779019e-11
200.59,6.3005951514882454e-12,7.834755229290304e-11
200.6,5.806026205185842e-12,7.851404622105168e-11
200.61,5.311787662813914e-12,7.867400262932721e-11
200.62,4.817920987925263e-12,7.882742066889293e-11
200.63,4.324471658708313e-12,7.897430164983856e-11
200.64,3.8314789062626e-12,7.911464602540785e-11
200.65,3.3389858165571223e-12,7.924845513442915e-11
200.66,2.8470351352570335e-12,7.937573145424393e-11
200.67,2.355667177275243e-12,7.949647684743419e-11
200.68,1.8649256027260938e-12,7.961069473193706e-11
200.69,1.3748514057970378e-12,7.971838849207052e-11
200.7,8.854863869781619e-13,7.98195622103182e-11
200.71,3.9687211160897877e-13,7.991422041535889e-11
200.72,-9.095050990120135e-14,8.000236817295595e-11
200.73,-5.779395940549604e-13,8.00840110508379e-11
200.74,-1.0640544382546117e-12,8.015915518176365e-11
200.75,-1.5492550486149218e-12,8.02278068289026e-11
200.76,-2.0334972063966375e-12,8.028997381575743e-11
200.77,-2.5167433850887443e-12,8.034566307927945e-11
200.78,-2.998952327547677e-12,8.039488293022593e-11
200.79,-3.480083142636197e-12,8.04376418764577e-11
200.8,-3.9600959751580446e-12,8.047394928539802e-11
200.81,-4.438950318765161e-12,8.0503814352605e-11
200.82,-4.916606592991202e-12,8.052724751531981e-11
200.83,-5.3930248329559176e-12,8.054425925255326e-11
200.84,-5.868165577314283e-12,8.055485945792524e-11
200.85,-6.3419887771784e-12,8.055906329434268e-11
200.86,-6.814455933960894e-12,8.05568792091507e-11
200.87,-7.285527601411457e-12,8.05483209914804e-11
200.88,-7.755164613745037e-12,8.053340160927884e-11
200.89,-8.223328832492196e-12,8.051213471918149e-11
200.9,-8.689981090882904e-12,8.048453402954381e-11
200.91,-9.155082822010566e-12,8.045061436091164e-11
200.92,-9.618597078027478e-12,8.041039053577737e-11
200.93,-1.0080484938588713e-11,8.036387757387691e-11
200.94,-1.0540707832606075e-11,8.031109264174553e-11
200.95,-1.0999229389389548e-11,8.025205086112591e-11
200.96,-1.1456012004965491e-11,8.018676934705793e-11
200.97,-1.191101803875067e-11,8.011526562194903e-11
200.98,-1.2364210761281495e-11,8.003755734652552e-11
200.99,-1.281555349799255e-11,7.995366275813923e-11
201.0,-1.3265009453198733e-11,7.98636006349017e-11
201.01,-1.371254245002593e-11,7.976739000024493e-11
201.02,-1.4158116017760328e-11,7.966505070112473e-11
201.03,-1.460169466878639e-11,7.95566023887985e-11
201.04,-1.5043242572608497e-11,7.944206584888486e-11
201.05,-1.548272425246353e-11,7.932146199015422e-11
201.06,-1.5920104249661527e-11,7.919481245380568e-11
201.07,-1.635534791243178e-11,7.90621386904926e-11
201.08,-1.678841995803241e-11,7.892346310200911e-11
201.09,-1.7219286736805926e-11,7.877880845312374e-11
201.1,-1.764791303189717e-11,7.862819788922135e-11
201.11,-1.8074265165138194e-11,7.847165503953694e-11
201.12,-1.849830940747541e-11,7.830920390456324e-11
201.13,-1.8920012194231868e-11,7.81408689657915e-11
201.14,-1.9339340043370616e-11,7.796667477173047e-11
201.15,-1.975626017558548e-11,7.778664706024787e-11
201.16,-2.0170739570383532e-11,7.760081129059981e-11
201.17,-2.0582745575427152e-11,7.740919350624223e-11
201.18,-2.0992246370558207e-11,7.721182042884003e-11
201.19,-2.1399209393088157e-11,7.700871899634663e-11
201.2,-2.1803603616177376e-11,7.679991608749128e-11
201.21,-2.2205396374563526e-11,7.65854402490768e-11
201.22,-2.260455767555399e-11,7.636531898505685e-11
201.23,-2.3001055560486374e-11,7.613958108845575e-11
201.24,-2.3394860124424033e-11,7.590825539695989e-11
201.25,-2.3785940584250677e-11,7.567137139514452e-11
201.26,-2.4174267166528318e-11,7.542895863500786e-11
201.27,-2.455980957563523e-11,7.51810473030555e-11
201.28,-2.4942538530299925e-11,7.492766788007072e-11
201.29,-2.5322424621582112e-11,7.466885118702041e-11
201.3,-2.5699439024597164e-11,7.440462844790216e-11
201.31,-2.6073552810888653e-11,7.413503143756041e-11
201.32,-2.6444737837560106e-11,7.386009199056362e-11
201.33,-2.681296592528671e-11,7.357984236800855e-11
201.34,-2.717820949920693e-11,7.329431513593684e-11
201.35,-2.7540439960236974e-11,7.300354416893765e-11
201.36,-2.7899631226467653e-11,7.270756195362089e-11
201.37,-2.8255756126277428e-11,7.240640256517768e-11
201.38,-2.86087882880769e-11,7.210010022374018e-11
201.39,-2.8958700042246516e-11,7.178868941876232e-11
201.4,-2.930546689556528e-11,7.147220483583129e-11
201.41,-2.96490625912236e-11,7.115068182221098e-11
201.42,-2.998946181477104e-11,7.08241554225649e-11
201.43,-3.0326639549070256e-11,7.049266185926903e-11
201.44,-3.0660570968020966e-11,7.015623659589533e-11
201.45,-3.0991231163093386e-11,6.981491770371693e-11
201.46,-3.1318596756716016e-11,6.94687403638315e-11
201.47,-3.164264312596517e-11,6.91177421303698e-11
201.48,-3.196334784295929e-11,6.876196066615287e-11
201.49,-3.228068685871592e-11,6.840143349519713e-11
201.5,-3.2594637177190096e-11,6.803619881493342e-11
201.51,-3.2905177141897174e-11,6.766629468510091e-11
201.52,-3.3212283866259637e-11,6.729175992669604e-11
201.53,-3.3515935467650046e-11,6.691263356432709e-11
201.54,-3.3816111096527153e-11,6.652895455000024e-11
201.55,-3.411278856202178e-11,6.614076252248038e-11
201.56,-3.440594708957257e-11,6.574809782679948e-11
201.57,-3.469556746222099e-11,6.535099916567363e-11
201.58,-3.498162788786004e-11,6.494950808981025e-11
201.59,-3.526410899887775e-11,6.45436649940431e-11
201.6,-3.554299134736939e-11,6.413351063503226e-11
201.61,-3.5818255841991947e-11,6.371908615381482e-11
201.62,-3.608988310935469e-11,6.330043301178236e-11
201.63,-3.635785492903017e-11,6.287759298455387e-11
201.64,-3.662215314101587e-11,6.245060776195768e-11
201.65,-3.688275950679685e-11,6.201951998092806e-11
201.66,-3.713965729161268e-11,6.158437146872949e-11
201.67,-3.739282868514702e-11,6.114520529548996e-11
201.68,-3.764225704177807e-11,6.070206430066689e-11
201.69,-3.788792587877835e-11,6.025499181727316e-11
201.7,-3.8129818851669424e-11,5.980403078739665e-11
201.71,-3.8367920643858894e-11,5.934922506720024e-11
201.72,-3.860221530239192e-11,5.889061856232743e-11
201.73,-3.8832688095036264e-11,5.842825526741963e-11
201.74,-3.9059323819567076e-11,5.796217955812615e-11
201.75,-3.928210898592615e-11,5.749243534549477e-11
201.76,-3.9501028545427856e-11,5.70190680300266e-11
201.77,-3.971606939745047e-11,5.654212210394537e-11
201.78,-3.992721799419281e-11,5.606164279013774e-11
201.79,-4.013446147334385e-11,5.5577675261990394e-11
201.8,-4.033778697385042e-11,5.509026516241713e-11
201.81,-4.053718248057931e-11,5.459945797132269e-11
201.82,-4.0732635835032974e-11,5.410529945599271e-11
201.83,-4.092413801350334e-11,5.3607833832734664e-11
201.84,-4.1111670946323955e-11,5.310711328760322e-11
201.85,-4.129523034337046e-11,5.260317820443843e-11
201.86,-4.147480367187255e-11,5.2096076892815206e-11
201.87,-4.165038064359541e-11,5.158585612670064e-11
201.88,-4.182195157774492e-11,5.107256304760018e-11
201.89,-4.1989506951136556e-11,5.0556244232067855e-11
201.9,-4.215303779445075e-11,5.00369471677964e-11
201.91,-4.231253553652967e-11,4.951471894822778e-11
201.92,-4.2467991029945334e-11,4.898960725187034e-11
201.93,-4.261939739560107e-11,4.8461659168639885e-11
201.94,-4.276674637310379e-11,4.7930923124759715e-11
201.95,-4.2910030932808606e-11,4.7397446503794706e-11
201.96,-4.304924364667263e-11,4.68612770260753e-11
201.97,-4.318437874659742e-11,4.632246373528505e-11
201.98,-4.331542958301186e-11,4.5781054058012164e-11
201.99,-4.344239016493226e-11,4.5237096520954706e-11
202.0,-4.3565255325136444e-11,4.469063947145815e-11
202.01,-4.368401965140008e-11,4.414173154895242e-11
202.02,-4.379867864140884e-11,4.35904215347542e-11
202.03,-4.3909228227274834e-11,4.3036757896223727e-11
202.04,-4.401566305569921e-11,4.248078968506571e-11
202.05,-4.411798130924481e-11,4.192256542325119e-11
202.06,-4.421617761673973e-11,4.136213506392062e-11
202.07,-4.4310250357822515e-11,4.079954668925515e-11
202.08,-4.4400196597074476e-11,4.023485003571742e-11
202.09,-4.448601438533083e-11,3.9668094038373285e-11
202.1,-4.4567701501573287e-11,3.909932795318781e-11
202.11,-4.464525618302033e-11,3.852860173091372e-11
202.12,-4.471867737461985e-11,3.795596420906633e-11
202.13,-4.478796471916324e-11,3.738146501075821e-11
202.14,-4.4853116911442065e-11,3.680515391851372e-11
202.15,-4.491413461148853e-11,3.6227080193989895e-11
202.16,-4.497101767790505e-11,3.5647293648043835e-11
202.17,-4.5023766258324214e-11,3.506584380922092e-11
202.18,-4.507238252773368e-11,3.448278073239843e-11
202.19,-4.5116866734403475e-11,3.389815385325552e-11
202.2,-4.515722087544023e-11,3.331201313979098e-11
202.21,-4.51934467124586e-11,3.272440817349603e-11
202.22,-4.5225547043068e-11,3.2135388629807814e-11
202.23,-4.525352404556096e-11,3.1545005002684694e-11
202.24,-4.5277380834765255e-11,3.095330652711878e-11
202.25,-4.529712114976579e-11,3.036034320541874e-11
202.26,-4.531274857955603e-11,2.976616488359806e-11
202.27,-4.532426706343195e-11,2.91708215451947e-11
202.28,-4.533168158054482e-11,2.8574362768794478e-11
202.29,-4.533499608570288e-11,2.797683879911728e-11
202.3,-4.5334216078416125e-11,2.7378298996482046e-11
202.31,-4.532934730078656e-11,2.67787934670663e-11
202.32,-4.5320394884018687e-11,2.617837197336931e-11
202.33,-4.530736614391453e-11,2.5577084197146796e-11
202.34,-4.529026643282287e-11,2.4974979826222017e-11
202.35,-4.526910333727648e-11,2.437210890788369e-11
202.36,-4.524388304086768e-11,2.3768520598094432e-11
202.37,-4.5214614276397296e-11,2.31642646176862e-11
202.38,-4.5181304016495587e-11,2.2559391056784684e-11
202.39,-4.5143960642187856e-11,2.1953949007998165e-11
202.4,-4.5102592935921067e-11,2.1347987958357344e-11
202.41,-4.5057209227598806e-11,2.074155747784753e-11
202.42,-4.5007819692917104e-11,2.013470699790027e-11
202.43,-4.4954432789192676e-11,1.952748546856232e-11
202.44,-4.4897058611776496e-11,1.8919942499073858e-11
202.45,-4.483570721553696e-11,1.8312127138478302e-11
202.46,-4.47703901921828e-11,1.770408843936086e-11
202.47,-4.470111684214303e-11,1.7095875496153056e-11
202.48,-4.462789876047254e-11,1.6487537164555365e-11
202.49,-4.455074808171466e-11,1.5879122146450684e-11
202.5,-4.44696760777266e-11,1.5270679149629212e-11
202.51,-4.4384694410847635e-11,1.4662257595877547e-11
202.52,-4.4295816016673796e-11,1.4053905279526932e-11
202.53,-4.4203053818609966e-11,1.3445670684090723e-11
202.54,-4.4106420255900386e-11,1.2837602589428498e-11
202.55,-4.4005929303003846e-11,1.2229748870202114e-11
202.56,-4.390159421804393e-11,1.1622157696095868e-11
202.57,-4.3793428879439066e-11,1.1014877299465301e-11
202.58,-4.3681448190705864e-11,1.040795543015217e-11
202.59,-4.356566650815934e-11,9.801439799610117e-12
202.6,-4.3446097645060953e-11,9.195378333498245e-12
202.61,-4.332275864788661e-11,8.589818285299785e-12
202.62,-4.319566323231378e-11,7.984807190072229e-12
202.63,-4.3064828160131594e-11,7.380392528402453e-12
202.64,-4.2930270348545096e-11,6.776620073428034e-12
202.65,-4.279200455564836e-11,6.1735385528076775e-12
202.66,-4.2650048427178924e-11,5.571193914260717e-12
202.67,-4.250441859647958e-11,4.9696329744377125e-12
202.68,-4.235513219005642e-11,4.3689022592685e-12
202.69,-4.220220747114711e-11,3.7690479208129345e-12
202.7,-4.204566172124961e-11,3.170116346981693e-12
202.71,-4.1885512865042295e-11,2.5721533929285158e-12
202.72,-4.172178263059837e-11,1.975204275863492e-12
202.73,-4.155448129319251e-11,1.3793170537624045e-12
202.74,-4.138363563243289e-11,7.845347734176436e-13
202.75,-4.12092628575324e-11,1.909036284172482e-13
202.76,-4.103138195698945e-11,-4.0153133750227477e-13
202.77,-4.085001277774945e-11,-9.927252235376574e-13
202.78,-4.0665175709431265e-11,-1.5826329843057348e-12
202.79,-4.0476891041609925e-11,-2.1712102100946106e-12
202.8,-4.0285179124597556e-11,-2.7584127362162328e-12
202.81,-4.0090060386563346e-11,-3.3441962659547013e-12
202.82,-3.989155761708176e-11,-3.928516255388676e-12
202.83,-3.9689690370354477e-11,-4.511329771233258e-12
202.84,-3.948448121196201e-11,-5.092592681051158e-12
202.85,-3.927595156420689e-11,-5.672261931956112e-12
202.86,-3.90641242805541e-11,-6.250294296842113e-12
202.87,-3.8849020828064594e-11,-6.826646566247621e-12
202.88,-3.863066444160906e-11,-7.401276576872807e-12
202.89,-3.8409078388689285e-11,-7.974141349477634e-12
202.9,-3.818428493975785e-11,-8.545199060260083e-12
202.91,-3.795630843810847e-11,-9.114407159034931e-12
202.92,-3.772517158642552e-11,-9.681724192658957e-12
202.93,-3.7490898788956964e-11,-1.0247108603811933e-11
202.94,-3.7253513869951614e-11,-1.0810518941831656e-11
202.95,-3.701304139548879e-11,-1.1371914100256484e-11
202.96,-3.676950578879714e-11,-1.1931253427092846e-11
202.97,-3.652293206439081e-11,-1.2488496261857553e-11
202.98,-3.627334469303842e-11,-1.304360203032955e-11
202.99,-3.602076950484908e-11,-1.3596530674214377e-11
203.0,-3.5765231496417255e-11,-1.414724294174679e-11
203.01,-3.550675675320961e-11,-1.4695698589143322e-11
203.02,-3.524537086276243e-11,-1.524185857019892e-11
203.03,-3.4981100120678336e-11,-1.578568351547471e-11
203.04,-3.471397066899684e-11,-1.6327135113430254e-11
203.05,-3.4444009798768846e-11,-1.6866174587266967e-11
203.06,-3.4171241957990556e-11,-1.7402763377703862e-11
203.07,-3.389569644334766e-11,-1.7936864116035278e-11
203.08,-3.3617400121225375e-11,-1.846843871527691e-11
203.09,-3.333637903369488e-11,-1.8997449749041432e-11
203.1,-3.305266184383439e-11,-1.9523860126097393e-11
203.11,-3.276627555652346e-11,-2.0047632823037447e-11
203.12,-3.247724868960692e-11,-2.0568731782314243e-11
203.13,-3.218560909986788e-11,-2.1087120239740506e-11
203.14,-3.1891384726623526e-11,-2.160276208545452e-11
203.15,-3.159460435396116e-11,-2.211562194618222e-11
203.16,-3.129529653708124e-11,-2.2625664240863196e-11
203.17,-3.09934905220768e-11,-2.3132853766789924e-11
203.18,-3.068921430044524e-11,-2.363715617228673e-11
203.19,-3.038249737023088e-11,-2.4138536292399042e-11
203.2,-3.007336945910014e-11,-2.4636960205322547e-11
203.21,-2.97618597154226e-11,-2.5132393792936747e-11
203.22,-2.944799845153778e-11,-2.5624803909855125e-11
203.23,-2.913181452980276e-11,-2.6114156923227283e-11
203.24,-2.8813338531792677e-11,-2.660041991593888e-11
203.25,-2.8492600278136533e-11,-2.7083560251108354e-11
203.26,-2.81696300833127e-11,-2.75635455035376e-11
203.27,-2.7844458726810755e-11,-2.8040343684542035e-11
203.28,-2.751711619602776e-11,-2.851392320011241e-11
203.29,-2.7187633071179014e-11,-2.898425229613714e-11
203.3,-2.6856040883635696e-11,-2.9451300180979796e-11
203.31,-2.652237095322934e-11,-2.991503641190373e-11
203.32,-2.6186653096029513e-11,-3.037542977325751e-11
203.33,-2.584891976757776e-11,-3.083245113087938e-11
203.34,-2.550920163039236e-11,-3.128607011883749e-11
203.35,-2.516753053431491e-11,-3.173625714432586e-11
203.36,-2.482393757715413e-11,-3.218298377554918e-11
203.37,-2.4478455170400785e-11,-3.262622078496188e-11
203.38,-2.413111511411527e-11,-3.3065940258322163e-11
203.39,-2.3781948721902506e-11,-3.350211293634653e-11
203.4,-2.343098891124014e-11,-3.393471240695976e-11
203.41,-2.3078267785934848e-11,-3.436371067206827e-11
203.42,-2.2723816947246934e-11,-3.4789080821070387e-11
203.43,-2.2367669699577716e-11,-3.521079619670044e-11
203.44,-2.200985687443116e-11,-3.56288296560344e-11
203.45,-2.165041460857945e-11,-3.604315723152211e-11
203.46,-2.128937193426693e-11,-3.6453751260763306e-11
203.47,-2.0926763647330517e-11,-3.686058706709785e-11
203.48,-2.056262168962378e-11,-3.726363995363828e-11
203.49,-2.0196979620514448e-11,-3.76628851377764e-11
203.5,-1.9829870232359965e-11,-3.805829833945461e-11
203.51,-1.946132645493501e-11,-3.844985577692663e-11
203.52,-1.909138232769624e-11,-3.883753380862385e-11
203.53,-1.8720071896085304e-11,-3.9221309985680135e-11
203.54,-1.834742376958009e-11,-3.96011595454351e-11
203.55,-1.7973476724020253e-11,-3.997706194464438e-11
203.56,-1.75982623357504e-11,-4.0348994640079333e-11
203.57,-1.722181400796582e-11,-4.071693563178012e-11
203.58,-1.684416599682477e-11,-4.1080864103195185e-11
203.59,-1.6465351082351126e-11,-4.144075834802355e-11
203.6,-1.6085403434647784e-11,-4.179659819673913e-11
203.61,-1.5704356897476982e-11,-4.2148363284969e-11
203.62,-1.5322245306231945e-11,-4.249603390555546e-11
203.63,-1.4939102097653073e-11,-4.2839589855969774e-11
203.64,-1.455496180754532e-11,-4.3179012712722505e-11
203.65,-1.416985774978948e-11,-4.351428364861535e-11
203.66,-1.3783824375375667e-11,-4.384538408774251e-11
203.67,-1.3396895788673338e-11,-4.4172296052475215e-11
203.68,-1.3009105685417847e-11,-4.449500161462973e-11
203.69,-1.2620488308660731e-11,-4.481348392327081e-11
203.7,-1.22310776203886e-11,-4.512772569824087e-11
203.71,-1.1840908166571281e-11,-4.543771058406747e-11
203.72,-1.1450013155174011e-11,-4.574342266968648e-11
203.73,-1.1058427645020465e-11,-4.6044845684118287e-11
203.74,-1.0666185710657153e-11,-4.6341964606493796e-11
203.75,-1.0273321261753333e-11,-4.663476422702144e-11
203.76,-9.879868447089322e-12,-4.692322985814894e-11
203.77,-9.485861627924435e-12,-4.720734734142383e-11
203.78,-9.091335021502388e-12,-4.7487102793585186e-11
203.79,-8.696322840979424e-12,-4.7762482642756943e-11
203.8,-8.300855383582506e-12,-4.803347211086896e-11
203.81,-7.90497777990544e-12,-4.8300063367909556e-11
203.82,-7.508713561380085e-12,-4.8562239140193386e-11
203.83,-7.11210001791464e-12,-4.881998892916951e-11
203.84,-6.715172247037657e-12,-4.9073301654898767e-11
203.85,-6.317963086556149e-12,-4.9322165309017183e-11
203.86,-5.920507372934083e-12,-4.9566569584193955e-11
203.87,-5.52283918964461e-12,-4.9806503644862126e-11
203.88,-5.124992598543832e-12,-5.00419579264127e-11
203.89,-4.727000995968329e-12,-5.027292176911732e-11
203.9,-4.328899582097436e-12,-5.049938715449526e-11
203.91,-3.930721196234259e-12,-5.072134430540174e-11
203.92,-3.532500038185427e-12,-5.0938784565660175e-11
203.93,-3.134270174845441e-12,-5.115170043984721e-11
203.94,-2.736065076758894e-12,-5.1360082920575165e-11
203.95,-2.3379190208312884e-12,-5.156392578056156e-11
203.96,-1.939865129528732e-12,-5.1763221391157364e-11
203.97,-1.5419378202542622e-12,-5.195796349930295e-11
203.98,-1.1441696805633203e-12,-5.214814505777681e-11
203.99,-7.465950410937753e-13,-5.23337608616725e-11
204.0,-3.492474251245277e-13,-5.251480521572527e-11
204.01,4.784025841216929e-14,-5.269127291670068e-11
204.02,4.446342582347897e-13,-5.2863159429641326e-11
204.03,8.411015733394637e-13,-5.303045976756779e-11
204.04,1.2372086561539947e-12,-5.3193170390740444e-11
204.05,1.6329224224024631e-12,-5.335128769133916e-11
204.06,2.028209774861851e-12,-5.3504808316305225e-11
204.07,2.4230386853830633e-12,-5.3653729000768784e-11
204.08,2.8173745094769444e-12,-5.3798048243280425e-11
204.09,3.21118559340546e-12,-5.393776292102267e-11
204.1,3.604439014906622e-12,-5.407287180319833e-11
204.11,3.9971015879984136e-12,-5.4203373273503734e-11
204.12,4.389142196062536e-12,-5.432926663458697e-11
204.13,4.780526862259506e-12,-5.445055080006754e-11
204.14,5.171224178014822e-12,-5.456722566371345e-11
204.15,5.561201155168822e-12,-5.467929176284803e-11
204.16,5.950426055200841e-12,-5.4786748992328536e-11
204.17,6.338867025104007e-12,-5.4889598694381875e-11
204.18,6.726492064368473e-12,-5.4987841656756904e-11
204.19,7.113268708768941e-12,-5.508148010543996e-11
204.2,7.499166021233696e-12,-5.517051541262066e-11
204.21,7.884152250937198e-12,-5.5254950048313776e-11
204.22,8.268195857618644e-12,-5.5334786795185035e-11
204.23,8.65126543250984e-12,-5.5410028638082855e-11
204.24,9.033329933313528e-12,-5.5480679068740134e-11
204.25,9.414357893369509e-12,-5.554674192153789e-11
204.26,9.794318684751379e-12,-5.560822124494668e-11
204.27,1.0173181173967797e-11,-5.5665121760542924e-11
204.28,1.055091510676949e-11,-5.571744789103636e-11
204.29,1.0927489717761233e-11,-5.576520536149952e-11
204.3,1.1302874335962014e-11,-5.5808399371605525e-11
204.31,1.1677039019720448e-11,-5.5847036100855684e-11
204.32,1.2049953180026807e-11,-5.588112192954433e-11
204.33,1.2421587677086929e-11,-5.591066305703974e-11
204.34,1.2791911868507175e-11,-5.593566712519003e-11
204.35,1.3160896128695942e-11,-5.59561410829217e-11
204.36,1.3528511265580182e-11,-5.597209272021876e-11
204.37,1.3894727745862464e-11,-5.5983530079703866e-11
204.38,1.4259516084419536e-11,-5.599046163516327e-11
204.39,1.462284755893814e-11,-5.59928961440403e-11
204.4,1.498469338348995e-11,-5.5990842605386956e-11
204.41,1.5345024451885974e-11,-5.598431048232923e-11
204.42,1.570381234227742e-11,-5.5973309631792796e-11
204.43,1.606102806112653e-11,-5.595785019841393e-11
204.44,1.6416644381927782e-11,-5.593794241503706e-11
204.45,1.6770632474107244e-11,-5.591359739903544e-11
204.46,1.712296481177665e-11,-5.588482607287504e-11
204.47,1.7473613613889106e-11,-5.58516398999938e-11
204.48,1.7822551525811857e-11,-5.581405095912646e-11
204.49,1.8169750707631725e-11,-5.577207100584342e-11
204.5,1.851518425967289e-11,-5.5725712731606165e-11
204.51,1.8858826006014118e-11,-5.5674988715584245e-11
204.52,1.9200646875028517e-11,-5.561991251775886e-11
204.53,1.954062251350039e-11,-5.5560496983519805e-11
204.54,1.9878725241238434e-11,-5.549675646124573e-11
204.55,2.0214929571043382e-11,-5.5428704585112434e-11
204.56,2.0549208944283355e-11,-5.535635610743658e-11
204.57,2.088153820053252e-11,-5.5279725309629244e-11
204.58,2.121189121607172e-11,-5.519882762325834e-11
204.59,2.1540242241109133e-11,-5.5113678201501825e-11
204.6,2.1866566648737456e-11,-5.502429252207581e-11
204.61,2.2190838819123074e-11,-5.493068746224379e-11
204.62,2.2513034598644822e-11,-5.4832878190820053e-11
204.63,2.2833128782174504e-11,-5.4730881910267796e-11
204.64,2.315109715152644e-11,-5.462471530283638e-11
204.65,2.346691579593656e-11,-5.451439573871765e-11
204.66,2.3780560339973685e-11,-5.439994025055063e-11
204.67,2.409200722161535e-11,-5.4281367186221885e-11
204.68,2.4401232882307494e-11,-5.415869431181462e-11
204.69,2.4708211866865674e-11,-5.403194227084642e-11
204.7,2.501292723419988e-11,-5.3901123360264316e-11
204.71,2.5315349894586294e-11,-5.376626264394144e-11
204.72,2.5615459478686177e-11,-5.362737775682069e-11
204.73,2.59132331643774e-11,-5.3484487888333336e-11
204.74,2.6208649238460995e-11,-5.333761289190398e-11
204.75,2.6501685058051425e-11,-5.318677293706585e-11
204.76,2.679231953393194e-11,-5.303198826082044e-11
204.77,2.7080530520967233e-11,-5.287327975822263e-11
204.78,2.7366297147367887e-11,-5.271066800565609e-11
204.79,2.764959804776278e-11,-5.2544174669091747e-11
204.8,2.793041261670201e-11,-5.237382094558161e-11
204.81,2.8208720322359568e-11,-5.2199628507309466e-11
204.82,2.8484500692794263e-11,-5.20216195498602e-11
204.83,2.8757734012656345e-11,-5.183981613575606e-11
204.84,2.902839959464632e-11,-5.165424090136281e-11
204.85,2.929647833926379e-11,-5.1464916709205086e-11
204.86,2.956195076722062e-11,-5.1271866607930354e-11
204.87,2.982479725945196e-11,-5.107511391033376e-11
204.88,3.008500064428746e-11,-5.087468183460739e-11
204.89,3.034254051667242e-11,-5.067059445374802e-11
204.9,3.059739888394797e-11,-5.0462875928025896e-11
204.91,3.0849557645207655e-11,-5.0251550407102565e-11
204.92,3.1098999063020634e-11,-5.0036642411948523e-11
204.93,3.1345705751818884e-11,-4.981817664598699e-11
204.94,3.1589659860200184e-11,-4.959617821189944e-11
204.95,3.183084421922096e-11,-4.937067240094456e-11
204.96,3.2069243052139625e-11,-4.914168375296547e-11
204.97,3.2304837158100686e-11,-4.890924060139147e-11
204.98,3.2537612665163896e-11,-4.867336617607712e-11
204.99,3.276755313429733e-11,-4.8434087479969613e-11
205.0,3.299464098548017e-11,-4.8191431280607926e-11
205.01,3.3218862914686995e-11,-4.794542366667531e-11
205.02,3.344020218990741e-11,-4.769609150578013e-11
205.03,3.365864420906815e-11,-4.744346227124492e-11
205.04,3.387417412333281e-11,-4.718756276971662e-11
205.05,3.408677676139053e-11,-4.692842087647877e-11
205.06,3.42964394552965e-11,-4.666606338894088e-11
205.07,3.450314705164235e-11,-4.6400518715790996e-11
205.08,3.470688570684536e-11,-4.613181502511483e-11
205.09,3.490764226580758e-11,-4.5859980548729735e-11
205.1,3.5105403605963764e-11,-4.5585043526663546e-11
205.11,3.530015609698275e-11,-4.5307032773611804e-11
205.12,3.5491888374614896e-11,-4.502597682131071e-11
205.13,3.568058709015845e-11,-4.474190510210506e-11
205.14,3.5866240325655536e-11,-4.4454846499208745e-11
205.15,3.604883646005324e-11,-4.4164830445739756e-11
205.16,3.6228363718017463e-11,-4.3871886596283235e-11
205.17,3.6404810565261493e-11,-4.357604464459219e-11
205.18,3.65781665355552e-11,-4.3277334484113874e-11
205.19,3.6748420581983465e-11,-4.2975786138865705e-11
205.2,3.691556212837604e-11,-4.267143002002248e-11
205.21,3.707958086446705e-11,-4.236429638699424e-11
205.22,3.724046737809669e-11,-4.205441579686753e-11
205.23,3.73982117109455e-11,-4.1741819094108157e-11
205.24,3.7552804459542515e-11,-4.14265371102408e-11
205.25,3.770423615699021e-11,-4.110860102118723e-11
205.26,3.78524989710813e-11,-4.078804167273805e-11
205.27,3.799758347165159e-11,-4.046489072401347e-11
205.28,3.813948176400285e-11,-4.013917959098685e-11
205.29,3.8278185805930053e-11,-3.981093992277356e-11
205.3,3.8413688051757534e-11,-3.948020312742072e-11
205.31,3.854598078203485e-11,-3.9147001626233176e-11
205.32,3.8675057391520984e-11,-3.8811367093589935e-11
205.33,3.8800909641545365e-11,-3.847333221132102e-11
205.34,3.892353246926996e-11,-3.813292863401198e-11
205.35,3.904291825678714e-11,-3.779018912972638e-11
205.36,3.915906320969884e-11,-3.7445146191094057e-11
205.37,3.9271959274567124e-11,-3.709783237077656e-11
205.38,3.9381601991966375e-11,-3.674828059027375e-11
205.39,3.9487985555847843e-11,-3.6396523762800545e-11
205.4,3.9591105664265905e-11,-3.6042594893866444e-11
205.41,3.969095797727521e-11,-3.5686527185414706e-11
205.42,3.9787536864619975e-11,-3.5328353076761845e-11
205.43,3.988083936589345e-11,-3.4968106830283886e-11
205.44,3.9970861512567564e-11,-3.460582161297302e-11
205.45,4.005759965818473e-11,-3.4241530801252624e-11
205.46,4.0141050369391973e-11,-3.3875268040997125e-11
205.47,4.0221211073007755e-11,-3.350706709824785e-11
205.48,4.02980788942443e-11,-3.31369616045795e-11
205.49,4.037165172493528e-11,-3.276498556833819e-11
205.5,4.044192801535601e-11,-3.239117261965043e-11
205.51,4.0508903184453675e-11,-3.2015557695035974e-11
205.52,4.0572578324863085e-11,-3.163817414175595e-11
205.53,4.0632951891359214e-11,-3.125905608991918e-11
205.54,4.0690022455425874e-11,-3.087823797920783e-11
205.55,4.074378914421374e-11,-3.0495754062904426e-11
205.56,4.0794251666283625e-11,-3.011163876439193e-11
205.57,4.0841409971620846e-11,-2.972592662405567e-11
205.58,4.0885264311520704e-11,-2.933865197122194e-11
205.59,4.092581497781475e-11,-2.8949848995589474e-11
205.6,4.0963061662980585e-11,-2.8559553636154378e-11
205.61,4.099700664038865e-11,-2.8167799266847684e-11
205.62,4.1027650717782254e-11,-2.7774620796705078e-11
205.63,4.1054995438139525e-11,-2.7380053253804507e-11
205.64,4.1079042291953764e-11,-2.698413118375482e-11
205.65,4.109979340282092e-11,-2.6586889729002354e-11
205.66,4.111725137345952e-11,-2.6188363477046718e-11
205.67,4.1131418584751264e-11,-2.5788587347365697e-11
205.68,4.114229813671076e-11,-2.5387596559721378e-11
205.69,4.114989236989721e-11,-2.498542518378309e-11
205.7,4.115420569709546e-11,-2.4582109180532556e-11
205.71,4.115524119704955e-11,-2.4177683273595126e-11
205.72,4.1153002854672835e-11,-2.3772182150576555e-11
205.73,4.114749532144582e-11,-2.3365641127944862e-11
205.74,4.1138722413973774e-11,-2.2958095224975726e-11
205.75,4.1126689283808543e-11,-2.2549579319384498e-11
205.76,4.111140086961202e-11,-2.214012861663268e-11
205.77,4.109285911605748e-11,-2.1729778495249738e-11
205.78,4.107107967897601e-11,-2.1318562592442058e-11
205.79,4.104605826291787e-11,-2.090651769285088e-11
205.8,4.101780437601676e-11,-2.0493677738085733e-11
205.81,4.098632429250936e-11,-2.0080078428406655e-11
205.82,4.0951624350065445e-11,-1.966575432007678e-11
205.83,4.091371158544494e-11,-1.925074061521441e-11
205.84,4.087259334721431e-11,-1.883507231779539e-11
205.85,4.082827677556689e-11,-1.8418784484054044e-11
205.86,4.078076963012794e-11,-1.8001912030026564e-11
205.87,4.073007951579432e-11,-1.7584489489664953e-11
205.88,4.0676214917216425e-11,-1.716655233647933e-11
205.89,4.061918402247287e-11,-1.674813505905701e-11
205.9,4.055899549536908e-11,-1.6329272598499915e-11
205.91,4.0495658653506634e-11,-1.590999976686481e-11
205.92,4.042918208746683e-11,-1.549035135946748e-11
205.93,4.0359575486215016e-11,-1.507036211008134e-11
205.94,4.028684841801917e-11,-1.4650066582007e-11
205.95,4.021101090242537e-11,-1.4229499367806655e-11
205.96,4.013207279701007e-11,-1.3808695249906512e-11
205.97,4.0050045034002397e-11,-1.3387688675745994e-11
205.98,3.99649378699248e-11,-1.296651382238775e-11
205.99,3.987676260330571e-11,-1.2545205444967563e-11
206.0,3.978552936660805e-11,-1.2123797947560876e-11
206.01,3.969125046543038e-11,-1.1702325443580174e-11
206.02,3.959393752233466e-11,-1.1280822038113518e-11
206.03,3.949360179237281e-11,-1.0859322094078973e-11
206.04,3.9390255322117654e-11,-1.0437859609200952e-11
206.05,3.92839114648041e-11,-1.0016468603178248e-11
206.06,3.917458186747938e-11,-9.595182919177621e-12
206.07,3.9062279580779124e-11,-9.174036561338061e-12
206.08,3.894701738961892e-11,-8.753063008872229e-12
206.09,3.8828809252238983e-11,-8.332296536161147e-12
206.1,3.87076676675789e-11,-7.911770118511358e-12
206.11,3.8583606910704223e-11,-7.491517592117e-12
206.12,3.845664081132321e-11,-7.0715722204425054e-12
206.13,3.8326783488198413e-11,-6.651967597370709e-12
206.14,3.819404947997132e-11,-6.2327365071654104e-12
206.15,3.8058453198407155e-11,-5.8139123999895984e-12
206.16,3.792000954482692e-11,-5.395528235965317e-12
206.17,3.7778733433658415e-11,-4.977616812553719e-12
206.18,3.763464055317244e-11,-4.5602111316542785e-12
206.19,3.7487745859343535e-11,-4.143343784618846e-12
206.2,3.733806528273718e-11,-3.7270473103815986e-12
206.21,3.718561486679798e-11,-3.3113542691906783e-12
206.22,3.703040970946256e-11,-2.89629723238544e-12
206.23,3.6872467664465805e-11,-2.4819081145067854e-12
206.24,3.671180424850686e-11,-2.06821892980964e-12
206.25,3.654843660234896e-11,-1.65526199202478e-12
206.26,3.638238151969937e-11,-1.2430691096987726e-12
206.27,3.621365602283126e-11,-8.316721376782591e-13
206.28,3.604227743899531e-11,-4.2110240801325747e-13
206.29,3.5868263639888853e-11,-1.1391527710175612e-14
206.3,3.569163183458772e-11,3.974292796096668e-13
206.31,3.551240034842554e-11,8.053286014441067e-13
206.32,3.53305871592046e-11,1.2122754549824951e-12
206.33,3.5146210714916706e-11,1.6182389003523191e-12
206.34,3.495928934461417e-11,2.0231883780391988e-12
206.35,3.476984136528183e-11,2.427093059749781e-12
206.36,3.457788688035083e-11,2.8299222100927943e-12
206.37,3.4383443462709964e-11,3.2316460010941806e-12
206.38,3.418653141384963e-11,3.6322338670746472e-12
206.39,3.3987169504272544e-11,4.0316561576715606e-12
206.4,3.378537776784488e-11,4.4298825393919325e-12
206.41,3.358117542629184e-11,4.826883559055045e-12
206.42,3.3374583046221566e-11,5.2226296173462385e-12
206.43,3.316562059028143e-11,5.617091562221959e-12
206.44,3.295430790019381e-11,6.0102394264759945e-12
206.45,3.274066634718824e-11,6.402045626950575e-12
206.46,3.2524715637426197e-11,6.792480050809886e-12
206.47,3.2306476954283994e-11,7.181514162871336e-12
206.48,3.20859721843642e-11,7.569120052240674e-12
206.49,3.1863219670384744e-11,7.95526819294715e-12
206.5,3.163824336165766e-11,8.33993129583736e-12
206.51,3.141106396303244e-11,8.723081279854717e-12
206.52,3.11817028584338e-11,9.104690385931344e-12
206.53,3.095018157810662e-11,9.484730657488555e-12
206.54,3.0716523088208286e-11,9.863174826189512e-12
206.55,3.0480748475719144e-11,1.0239995444474431e-11
206.56,3.024287970247947e-11,1.0615165909954722e-11
206.57,3.000294015919569e-11,1.0988658793881662e-11
206.58,2.976095096088984e-11,1.1360447801252015e-11
206.59,2.951693584503963e-11,1.1730506206994882e-11
206.6,2.927091714873722e-11,1.2098807785270607e-11
206.61,2.9022917923595984e-11,1.2465326428883027e-11
206.62,2.877296088621345e-11,1.2830036258012754e-11
206.63,2.8521069670150725e-11,1.3192911490639607e-11
206.64,2.8267267222491004e-11,1.3553926655474373e-11
206.65,2.8011577141551073e-11,1.3913056700346017e-11
206.66,2.7754022459527274e-11,1.4270274786357258e-11
206.67,2.7494627839844097e-11,1.4625560233196323e-11
206.68,2.7233416534399356e-11,1.4978884520647357e-11
206.69,2.6970412313124394e-11,1.533022429716423e-11
206.7,2.6705639210368134e-11,1.5679555469345407e-11
206.71,2.643912173926319e-11,1.6026853972050955e-11
206.72,2.61708838726987e-11,1.6372095784133667e-11
206.73,2.5900950080515924e-11,1.671525765975412e-11
206.74,2.562934475145404e-11,1.7056315738115484e-11
206.75,2.5356092624205486e-11,1.739524725986312e-11
206.76,2.5081218366966417e-11,1.773202935896592e-11
206.77,2.4804746776339443e-11,1.8066639084960413e-11
206.78,2.4526702570239448e-11,1.8399053962916904e-11
206.79,2.424711130556013e-11,1.8729251994844824e-11
206.8,2.3965996999874978e-11,1.905721061130909e-11
206.81,2.3683385691146985e-11,1.938290828356012e-11
206.82,2.3399302455927955e-11,1.970632360417119e-11
206.83,2.311377328128132e-11,2.002743487407338e-11
206.84,2.282682165702605e-11,2.0346221263835117e-11
206.85,2.253847609107471e-11,2.0662662055754734e-11
206.86,2.2248759867056038e-11,2.0976736280402393e-11
206.87,2.195769943254481e-11,2.128842313814326e-11
206.88,2.1665320462700582e-11,2.1597703291230296e-11
206.89,2.1371648924151805e-11,2.190455627310196e-11
206.9,2.1076710639129802e-11,2.2208962375163294e-11
206.91,2.0780532138968422e-11,2.2510902655603025e-11
206.92,2.048313850954445e-11,2.2810357316935185e-11
206.93,2.0184557212706346e-11,2.310730807808428e-11
206.94,1.988481265863525e-11,2.3401734768400542e-11
206.95,1.9583932525188287e-11,2.369362028707116e-11
206.96,1.9281942631881858e-11,2.398294573913199e-11
206.97,1.8978869519605197e-11,2.4269693939021753e-11
206.98,1.8674739638395095e-11,2.455384625852791e-11
206.99,1.8369578887774286e-11,2.4835385584075394e-11
207.0,1.8063414942250564e-11,2.5114294324580817e-11
207.01,1.7756273534244062e-11,2.539055593078731e-11
207.02,1.7448181642127257e-11,2.5664153578227868e-11
207.03,1.7139165515578433e-11,2.5935070430566402e-11
207.04,1.682925249103006e-11,2.6203290574225537e-11
207.05,1.6518468533856974e-11,2.646879786768836e-11
207.06,1.620684136402073e-11,2.673157677248465e-11
207.07,1.5894397179232666e-11,2.699161165055609e-11
207.08,1.558116333503785e-11,2.7248887353021334e-11
207.09,1.5267166005216157e-11,2.750338855976876e-11
207.1,1.4952432723320667e-11,2.775510113119049e-11
207.11,1.463699058274899e-11,2.8004010260798953e-11
207.12,1.4320865540320711e-11,2.8250102121078165e-11
207.13,1.4004085594682043e-11,2.8493362339421566e-11
207.14,1.3686677257947462e-11,2.873377747035194e-11
207.15,1.33686679366763e-11,2.897133397908885e-11
207.16,1.3050084437110282e-11,2.920601885925019e-11
207.17,1.2730953841102956e-11,2.9437819198886426e-11
207.18,1.2411303026149255e-11,2.966672213452702e-11
207.19,1.2091159489846532e-11,2.989271568185273e-11
207.2,1.1770549377025416e-11,3.011578748020638e-11
207.21,1.1449501534277605e-11,3.0335925902760934e-11
207.22,1.1128041460262788e-11,3.055311927677008e-11
207.23,1.0806197214511383e-11,3.07673562333578e-11
207.24,1.0483994461413554e-11,3.0978625538739955e-11
207.25,1.0161461675530124e-11,3.118691681818131e-11
207.26,9.838625202959311e-12,3.139221944533966e-11
207.27,9.51551270655964e-12,3.159452301588991e-11
207.28,9.192150522500953e-12,3.179381768802374e-11
207.29,8.868566032134434e-12,3.19900934818966e-11
207.3,8.544786636513259e-12,3.2183341567915715e-11
207.31,8.22083885408984e-12,3.237355224308415e-11
207.32,7.896749565222701e-12,3.2560716714586e-11
207.33,7.572545949988494e-12,3.2744826327236336e-11
207.34,7.248254706298452e-12,3.2925872749903614e-11
207.35,6.923902400468872e-12,3.3103847429445425e-11
207.36,6.599517283136248e-12,3.327874367804378e-11
207.37,6.275124513873064e-12,3.345055281542212e-11
207.38,5.9507514802309516e-12,3.3619267905939897e-11
207.39,5.626425900033147e-12,3.378488189320801e-11
207.4,5.302173078205172e-12,3.39473879449442e-11
207.41,4.978020338412747e-12,3.4106779706663675e-11
207.42,4.653994358700678e-12,3.426305083133685e-11
207.43,4.330121510113516e-12,3.441619533595956e-11
207.44,4.006428282722472e-12,3.4566207560027813e-11
207.45,3.682941424640748e-12,3.471308202885922e-11
207.46,3.3596872944447954e-12,3.485681364639778e-11
207.47,3.0366926846849598e-12,3.49973976038931e-11
207.48,2.713982519041073e-12,3.513482891845779e-11
207.49,2.3915849885207488e-12,3.526910341735185e-11
207.5,2.069524242092167e-12,3.5400217175979345e-11
207.51,1.7478279433807035e-12,3.552816622009343e-11
207.52,1.4265217572102758e-12,3.565294686386838e-11
207.53,1.105631573909055e-12,3.577455597053185e-11
207.54,7.851836775765922e-13,3.5892990367578526e-11
207.55,4.652035503265421e-13,3.6008247517378955e-11
207.56,1.457164737319371e-13,3.612032420178619e-11
207.57,-1.7324964258762753e-13,3.622921966592351e-11
207.58,-4.916712032082749e-13,3.6334930538525296e-11
207.59,-8.095227152010785e-13,3.64374556915773e-11
207.6,-1.1267775468847475e-12,3.653679359786997e-11
207.61,-1.4434112112315794e-12,3.663294285734528e-11
207.62,-1.759397695832468e-12,3.672590278771292e-11
207.63,-2.0747121380501585e-12,3.681567293332469e-11
207.64,-2.3893293982633936e-12,3.6902252205834717e-11
207.65,-2.7032244351778625e-12,3.6985641737460736e-11
207.66,-3.0163718077590594e-12,3.7065839622514793e-11
207.67,-3.3287469877274838e-12,3.714284803310051e-11
207.68,-3.6403255836798424e-12,3.7216667164019314e-11
207.69,-3.95108253626212e-12,3.728729763427839e-11
207.7,-4.260993183548984e-12,3.735474075087709e-11
207.71,-4.5700332538622355e-12,3.7418998021128644e-11
207.72,-4.878178129211938e-12,3.748007089442792e-11
207.73,-5.1854040759279965e-12,3.753796153188939e-11
207.74,-5.491684113204677e-12,3.759267188499596e-11
207.75,-5.797001506932387e-12,3.764420491086756e-11
207.76,-6.101325593760629e-12,3.7692562736457524e-11
207.77,-6.4046331492125145e-12,3.77377485137305e-11
207.78,-6.706902775543375e-12,3.77797654300151e-11
207.79,-7.008109344545997e-12,3.7818617097572843e-11
207.8,-7.308230517776161e-12,3.785430693666087e-11
207.81,-7.607241760815904e-12,3.788683943174236e-11
207.82,-7.905121128093003e-12,3.791621789124646e-11
207.83,-8.20184438354204e-12,3.7942447631237446e-11
207.84,-8.497389298582476e-12,3.7965532937810434e-11
207.85,-8.791732657553517e-12,3.798547900330311e-11
207.86,-9.084851712574318e-12,3.800229077703246e-11
207.87,-9.376723796090492e-12,3.8015973723295326e-11
207.88,-9.6673275941354e-12,3.802653382250522e-11
207.89,-9.956639536502249e-12,3.8033976585073834e-11
207.9,-1.0244637428242895e-11,3.803830857257608e-11
207.91,-1.0531299844478738e-11,3.8039535802996225e-11
207.92,-1.0816604472875042e-11,3.803766539087599e-11
207.93,-1.1100529623338522e-11,3.8032703880810305e-11
207.94,-1.1383053929727216e-11,3.8024658441401407e-11
207.95,-1.1664155728320997e-11,3.801353668926092e-11
207.96,-1.1943813202854967e-11,3.799934601683457e-11
207.97,-1.2222006412139156e-11,3.798209389294913e-11
207.98,-1.2498713153838406e-11,3.7961789126750394e-11
207.99,-1.2773912744653804e-11,3.7938439658511885e-11
208.0,-1.3047585625761884e-11,3.7912054004714475e-11
208.01,-1.3319708639108437e-11,3.788264099536826e-11
208.02,-1.3590264272973561e-11,3.785020952279236e-11
208.03,-1.3859230630756806e-11,3.78147689805697e-11
208.04,-1.4126587795245318e-11,3.777632870545537e-11
208.05,-1.439231598407207e-11,3.7734898467361866e-11
208.06,-1.4656395547899546e-11,3.769048798004047e-11
208.07,-1.4918806701867374e-11,3.76431073968574e-11
208.08,-1.5179529807604306e-11,3.7592767256691086e-11
208.09,-1.5438545903490148e-11,3.7539477927864735e-11
208.1,-1.5695835255950498e-11,3.7483250333582746e-11
208.11,-1.5951379645334246e-11,3.7424095382436885e-11
208.12,-1.6205160157792908e-11,3.736202421687519e-11
208.13,-1.6457157792021217e-11,3.7297048450436917e-11
208.14,-1.6707354592978834e-11,3.7229179459762166e-11
208.15,-1.6955731348288232e-11,3.715842949464743e-11
208.16,-1.720227095896919e-11,3.7084810373593384e-11
208.17,-1.7446954987373432e-11,3.700833420302566e-11
208.18,-1.7689765582873878e-11,3.6929013862824744e-11
208.19,-1.793068593020602e-11,3.684686148974611e-11
208.2,-1.8169697694860553e-11,3.6761890596383324e-11
208.21,-1.8406784164572978e-11,3.6674113879124554e-11
208.22,-1.8641928135459247e-11,3.6583544641833886e-11
208.23,-1.8875112802862313e-11,3.649019674568187e-11
208.24,-1.9106321838032765e-11,3.6394083480969416e-11
208.25,-1.9335538016680046e-11,3.629521892565564e-11
208.26,-1.9562745749668748e-11,3.619361709982095e-11
208.27,-1.9787928310134772e-11,3.6089292331031574e-11
208.28,-2.0011070553860045e-11,3.598225903506553e-11
208.29,-2.023215568187511e-11,3.5872531904403334e-11
208.3,-2.0451169237282162e-11,3.57601257744167e-11
208.31,-2.0668095022491603e-11,3.564505592364931e-11
208.32,-2.0882918452298654e-11,3.552733713219617e-11
208.33,-2.109562457329995e-11,3.5406985237086515e-11
208.34,-2.130619811428396e-11,3.5284015493436e-11
208.35,-2.151462492168001e-11,3.5158444002912314e-11
208.36,-2.172089027208028e-11,3.503028652695251e-11
208.37,-2.1924980399889138e-11,3.489955911184878e-11
208.38,-2.2126880995019398e-11,3.4766278324895616e-11
208.39,-2.2326578449684908e-11,3.463046036919623e-11
208.4,-2.2524059160552927e-11,3.449212209505129e-11
208.41,-2.271930878617535e-11,3.435128114901766e-11
208.42,-2.2912317185799133e-11,3.4207951940963193e-11
208.43,-2.3103067598635132e-11,3.406215422341874e-11
208.44,-2.3291549299811203e-11,3.3913904465957354e-11
208.45,-2.3477748796428827e-11,3.376322048888771e-11
208.46,-2.3661655100556652e-11,3.361011873044885e-11
208.47,-2.3843254563559088e-11,3.3454618517872825e-11
208.48,-2.4022536215384782e-11,3.329673700347903e-11
208.49,-2.4199487854935888e-11,3.313649255183253e-11
208.5,-2.4374097759230293e-11,3.297390346951577e-11
208.51,-2.4546355314526618e-11,3.2808988028324485e-11
208.52,-2.4716248452286383e-11,3.264176499499932e-11
208.53,-2.488376668240056e-11,3.247225297269886e-11
208.54,-2.5048899305019427e-11,3.2300470612123167e-11
208.55,-2.5211636592032988e-11,3.212643767959482e-11
208.56,-2.5371966746825256e-11,3.195017302464227e-11
208.57,-2.5529880726408407e-11,3.1771695580574736e-11
208.58,-2.5685368458145785e-11,3.159102519179138e-11
208.59,-2.583842011868786e-11,3.140818118590196e-11
208.6,-2.5989026423781836e-11,3.1223183611350035e-11
208.61,-2.6137178093783184e-11,3.103605215707888e-11
208.62,-2.6282866338115367e-11,3.084680671313928e-11
208.63,-2.6426081505358708e-11,3.0655467884743415e-11
208.64,-2.656681663797589e-11,3.04620550733214e-11
208.65,-2.6705062050225796e-11,3.02665894667234e-11
208.66,-2.6840809725735563e-11,3.006909115544125e-11
208.67,-2.6974052089784453e-11,2.986958120357392e-11
208.68,-2.7104781554268143e-11,2.96680796662714e-11
208.69,-2.7232990023777326e-11,2.94646081282086e-11
208.7,-2.7358670377693864e-11,2.9259187280542745e-11
208.71,-2.7481816188600737e-11,2.9051837989143924e-11
208.72,-2.7602419610329674e-11,2.8842581965235604e-11
208.73,-2.7720475374815574e-11,2.863143981747042e-11
208.74,-2.7835976041159297e-11,2.84184337589168e-11
208.75,-2.7948915318912398e-11,2.8203584972707546e-11
208.76,-2.805928742937888e-11,2.7986915190262425e-11
208.77,-2.8167087225173943e-11,2.7768446058848804e-11
208.78,-2.827230839452212e-11,2.7548199441065923e-11
208.79,-2.8374945895571576e-11,2.7326197501138523e-11
208.8,-2.8474994445428883e-11,2.7102462064547583e-11
208.81,-2.857245012484151e-11,2.687701534852234e-11
208.82,-2.8667306940694578e-11,2.6649879322818515e-11
208.83,-2.875956147087264e-11,2.6421076820173994e-11
208.84,-2.8849208697204573e-11,2.6190630011547865e-11
208.85,-2.893624502444522e-11,2.5958561428205163e-11
208.86,-2.9020666879239247e-11,2.5724893474572313e-11
208.87,-2.910247035764271e-11,2.548964897553836e-11
208.88,-2.918165222628394e-11,2.5252851022085914e-11
208.89,-2.92582093956804e-11,2.5014521744998337e-11
208.9,-2.933213959768912e-11,2.4774684930250265e-11
208.91,-2.940343838816794e-11,2.4533362296056553e-11
208.92,-2.947210522971359e-11,2.4290577948101766e-11
208.93,-2.95381366913913e-11,2.404635483052471e-11
208.94,-2.960153127967703e-11,2.3800716125375427e-11
208.95,-2.96622873348146e-11,2.3553684785572028e-11
208.96,-2.9720402593332234e-11,2.330528473792263e-11
208.97,-2.977587650168645e-11,2.3055538487347053e-11
208.98,-2.982870754899401e-11,2.280447007015665e-11
208.99,-2.9878894032896584e-11,2.255210323524204e-11
209.0,-2.992643737631015e-11,2.229846064415098e-11
209.01,-2.9971334905365603e-11,2.2043566805532746e-11
209.02,-3.0013587471127844e-11,2.1787444761395444e-11
209.03,-3.005319436036656e-11,2.1530119014754782e-11
209.04,-3.0090156444377874e-11,2.127161255302561e-11
209.05,-3.0124473285454807e-11,2.1011949755877945e-11
209.06,-3.0156146521032e-11,2.075115386203666e-11
209.07,-3.0185176181250286e-11,2.0489249207307787e-11
209.08,-3.021156333367916e-11,2.0226259950888058e-11
209.09,-3.0235309989300746e-11,1.9962209150172585e-11
209.1,-3.0256416545293473e-11,1.9697121831342326e-11
209.11,-3.02748852989258e-11,1.9431021479895885e-11
209.12,-3.029071796170557e-11,1.9163932397181592e-11
209.13,-3.0303916895975285e-11,1.8895878551818212e-11
209.14,-3.031448428355079e-11,1.8626884004046508e-11
209.15,-3.032242203686111e-11,1.8356973473417016e-11
209.16,-3.032773374637417e-11,1.8086170367801463e-11
209.17,-3.033042244341926e-11,1.78144991188896e-11
209.18,-3.033049021020341e-11,1.7541984582053522e-11
209.19,-3.0327941499763973e-11,1.726865004895381e-11
209.2,-3.032277936629195e-11,1.6994520501873405e-11
209.21,-3.0315008085008846e-11,1.6719619666192426e-11
209.22,-3.030463122291625e-11,1.6443972162391334e-11
209.23,-3.0291653161569904e-11,1.6167602221231435e-11
209.24,-3.027607797252823e-11,1.5890534102409562e-11
209.25,-3.0257910884246875e-11,1.561279209631937e-11
209.26,-3.0237155409663075e-11,1.5334401019939665e-11
209.27,-3.021381928099895e-11,1.5055383812184088e-11
209.28,-3.0187905697161036e-11,1.4775765784934147e-11
209.29,-3.015942034634388e-11,1.4495571158797356e-11
209.3,-3.0128368584458387e-11,1.4214824684418006e-11
209.31,-3.0094756956395e-11,1.3933550060913763e-11
209.32,-3.005859142592718e-11,1.365177118379366e-11
209.33,-3.001987789064026e-11,1.3369513078099511e-11
209.34,-2.997862317936521e-11,1.3086799672630772e-11
209.35,-2.9934833744605684e-11,1.2803655287056514e-11
209.36,-2.9888516622726945e-11,1.2520103996128973e-11
209.37,-2.983967849408554e-11,1.2236170341445257e-11
209.38,-2.978832709591753e-11,1.1951878070086016e-11
209.39,-2.9734469618927966e-11,1.166725167136895e-11
209.4,-2.967811365969527e-11,1.1382315231681044e-11
209.41,-2.961926716756791e-11,1.1097092794147194e-11
209.42,-2.955793822391469e-11,1.0811608388517094e-11
209.43,-2.949413484819554e-11,1.0525886184261204e-11
209.44,-2.9427865292469814e-11,1.0239950246994441e-11
209.45,-2.9359139065299586e-11,9.953824347909615e-12
209.46,-2.928796428799929e-11,9.667532512641673e-12
209.47,-2.92143497751011e-11,9.381098990958306e-12
209.48,-2.913830506786135e-11,9.09454724804781e-12
209.49,-2.9059839315195142e-11,8.807901169274898e-12
209.5,-2.897896229002502e-11,8.521184727171436e-12
209.51,-2.8895683428958948e-11,8.234421561096161e-12
209.52,-2.8810012757840546e-11,7.947635317365304e-12
209.53,-2.8721959863363436e-11,7.660850159156155e-12
209.54,-2.863153707153636e-11,7.374088436252632e-12
209.55,-2.853875244778132e-11,7.087374895125075e-12
209.56,-2.844361785463535e-11,6.800732443948079e-12
209.57,-2.834614376436166e-11,6.5141846882787085e-12
209.58,-2.824634115699244e-11,6.227754958981407e-12
209.59,-2.8144221298295226e-11,5.941466773235766e-12
209.6,-2.80397956143838e-11,5.655343044132513e-12
209.61,-2.7933075276736417e-11,5.369407108907692e-12
209.62,-2.7824072322589035e-11,5.083681462833563e-12
209.63,-2.7712798426653543e-11,4.798191149535028e-12
209.64,-2.7599266050586834e-11,4.5129569117162525e-12
209.65,-2.748348643919087e-11,4.2280029039992254e-12
209.66,-2.7365472821594757e-11,3.943351476641694e-12
209.67,-2.7245237790296092e-11,3.659025465821025e-12
209.68,-2.7122793492479083e-11,3.3750476447751768e-12
209.69,-2.6998153020276233e-11,3.0914407195571795e-12
209.7,-2.6871329615758416e-11,2.8082269494035098e-12
209.71,-2.674233758318411e-11,2.525429259322735e-12
209.72,-2.6611185906824413e-11,2.243069330149876e-12
209.73,-2.6477892959953806e-11,1.9611700061854072e-12
209.74,-2.6342470432867034e-11,1.6797531286732617e-12
209.75,-2.620493181089948e-11,1.3988415917529926e-12
209.76,-2.6065292760463956e-11,1.1184557749697676e-12
209.77,-2.5923565105994777e-11,8.386195551610409e-13
209.78,-2.577976476581603e-11,5.593536018792165e-13
209.79,-2.563390535845281e-11,2.8067991721833724e-13
209.8,-2.548600218696218e-11,2.6203645728274138e-15
209.81,-2.5336069067364987e-11,-2.748041185652743e-13
209.82,-2.5184121525017956e-11,-5.515713964139138e-13
209.83,-2.5030174345132076e-11,-8.276604234222575e-13
209.84,-2.487424236497339e-11,-1.1030502138868955e-12
209.85,-2.4716342087869882e-11,-1.377718826930216e-12
209.86,-2.455648768973324e-11,-1.6516458754556951e-12
209.87,-2.439469527811215e-11,-1.924810204810755e-12
209.88,-2.4230980412836053e-11,-2.197191257559285e-12
209.89,-2.4065359017395285e-11,-2.4687681302447923e-12
209.9,-2.3897847059363273e-11,-2.7395199733634733e-12
209.91,-2.3728460782838327e-11,-3.0094267295070177e-12
209.92,-2.3557216004977704e-11,-3.2784675095866554e-12
209.93,-2.3384129701678285e-11,-3.5466222332929042e-12
209.94,-2.3209218402383257e-11,-3.813871539394603e-12
209.95,-2.3032498258733224e-11,-4.080194446343096e-12
209.96,-2.2853986112176368e-11,-4.3455711805388885e-12
209.97,-2.2673699225796365e-11,-4.609982184707218e-12
209.98,-2.2491654405446173e-11,-4.873407666322475e-12
209.99,-2.2307868235209895e-11,-5.135827891280841e-12
210.0,-2.212235910211808e-11,-5.3972242306894435e-12
210.01,-2.1935143530585076e-11,-5.657576472859921e-12
210.02,-2.1746239239315086e-11,-5.916865827243901e-12
210.03,-2.1555663821024064e-11,-6.175073575196326e-12
210.04,-2.1363434995218027e-11,-6.432180364857296e-12
210.05,-2.1169570690563014e-11,-6.688167504991468e-12
210.06,-2.0974088561929572e-11,-6.943016393696722e-12
210.07,-2.077700707107889e-11,-7.196708586601045e-12
210.08,-2.057834379198105e-11,-7.449225749225634e-12
210.09,-2.0378117467038727e-11,-7.700549514914186e-12
210.1,-2.0176346356800085e-11,-7.950661983686158e-12
210.11,-1.9973048731443654e-11,-8.199545138452223e-12
210.12,-1.9768243315663266e-11,-8.447180905254867e-12
210.13,-1.9561948663744566e-11,-8.69355200903498e-12
210.14,-1.935418347436766e-11,-8.93864070775456e-12
210.15,-1.9144966793510903e-11,-9.182429573069913e-12
210.16,-1.8934317657219483e-11,-9.424901579085874e-12
210.17,-1.8722254684317932e-11,-9.6660394813098e-12
210.18,-1.8508797214962272e-11,-9.905826407596388e-12
210.19,-1.829396451135442e-11,-1.0144245384574558e-11
210.2,-1.8077775698456626e-11,-1.0381280288648135e-11
210.21,-1.786025015571488e-11,-1.0616913439340122e-11
210.22,-1.764140769912045e-11,-1.0851129884509307e-11
210.23,-1.7421267364060716e-11,-1.108391252560149e-11
210.24,-1.7199849248619708e-11,-1.1315245784772771e-11
210.25,-1.6977172813431367e-11,-1.1545113592633407e-11
210.26,-1.6753257673858944e-11,-1.177350036354947e-11
210.27,-1.6528124028208338e-11,-1.20003903292368e-11
210.28,-1.6301791515919386e-11,-1.2225768120667856e-11
210.29,-1.607428066853772e-11,-1.244961857594774e-11
210.3,-1.5845610368630637e-11,-1.2671926435582292e-11
210.31,-1.5615801943751605e-11,-1.2892677002994986e-11
210.32,-1.5384874996097516e-11,-1.3111855328757133e-11
210.33,-1.5152850007608156e-11,-1.3329446957513491e-11
210.34,-1.4919747253770612e-11,-1.3545437023845527e-11
210.35,-1.4685587136069012e-11,-1.3759811694641584e-11
210.36,-1.4450390008077291e-11,-1.3972556764376994e-11
210.37,-1.4214176302619869e-11,-1.4183658331908051e-11
210.38,-1.3976966714281026e-11,-1.4393102602555913e-11
210.39,-1.3738781899889509e-11,-1.4600875127860504e-11
210.4,-1.349964239886694e-11,-1.4806963374768468e-11
210.41,-1.3259568936852796e-11,-1.501135403460788e-11
210.42,-1.3018582525362508e-11,-1.5214033547600807e-11
210.43,-1.2776703222301547e-11,-1.5414989708660067e-11
210.44,-1.2533952700652474e-11,-1.5614208956152395e-11
210.45,-1.229035143347664e-11,-1.5811678963354223e-11
210.46,-1.2045920552319975e-11,-1.6007387292346413e-11
210.47,-1.18006808939548e-11,-1.6201321748860396e-11
210.48,-1.1554653314028585e-11,-1.6393470146456364e-11
210.49,-1.1307859092996631e-11,-1.658382061441061e-11
210.5,-1.1060319284047842e-11,-1.6772361490791373e-11
210.51,-1.081205455713165e-11,-1.6959082319079543e-11
210.52,-1.056308717402529e-11,-1.7143968028202375e-11
210.53,-1.0313437404890374e-11,-1.7327011265611863e-11
210.54,-1.0063126347740917e-11,-1.7508199567189025e-11
210.55,-9.812175640805419e-12,-1.7687522039507532e-11
210.56,-9.560606311360775e-12,-1.7864968340902474e-11
210.57,-9.308439768313e-12,-1.8040527710836913e-11
210.58,-9.055697317814837e-12,-1.821418978837308e-11
210.59,-8.802400000684163e-12,-1.8385944505849962e-11
210.6,-8.548569282852987e-12,-1.8555781424068177e-11
210.61,-8.294226646758454e-12,-1.8723692277874453e-11
210.62,-8.039393232487125e-12,-1.8889665904486553e-11
210.63,-7.784090427725414e-12,-1.9053693469990648e-11
210.64,-7.528339737246077e-12,-1.9215765609800653e-11
210.65,-7.2721623168011365e-12,-1.937587352984463e-11
210.66,-7.015579862544265e-12,-1.9534007962570833e-11
210.67,-6.758613341013012e-12,-1.9690160332883936e-11
210.68,-6.5012845266021876e-12,-1.984432254434814e-11
210.69,-6.243614432477767e-12,-1.9996485680970376e-11
210.7,-5.985624798292259e-12,-2.0146642156574e-11
210.71,-5.7273367499910875e-12,-2.029478355942703e-11
210.72,-5.4687717867906334e-12,-2.044090244507075e-11
210.73,-5.209951456672613e-12,-2.0584990970550086e-11
210.74,-4.95089687866575e-12,-2.0727041862845242e-11
210.75,-4.6916292662483215e-12,-2.0867047858695473e-11
210.76,-4.4321702616488415e-12,-2.1005002014824544e-11
210.77,-4.172540997467333e-12,-2.114089743826042e-11
210.78,-3.912762671296122e-12,-2.127472749230768e-11
210.79,-3.65285715612233e-12,-2.1406485464885172e-11
210.8,-3.3928451771026467e-12,-2.1536165367182417e-11
210.81,-3.13274802294394e-12,-2.166376095910193e-11
210.82,-2.872587420013174e-12,-2.1789266542644492e-11
210.83,-2.6123836619478116e-12,-2.1912676116213282e-11
210.84,-2.352158454304197e-12,-2.2033984110907268e-11
210.85,-2.0919340368712663e-12,-2.2153185516507406e-11
210.86,-1.8317296222372673e-12,-2.2270274702508265e-11
210.87,-1.5715671309071725e-12,-2.238524689753042e-11
210.88,-1.3114677772041645e-12,-2.2498097552345708e-11
210.89,-1.0514525690838924e-12,-2.2608821561929954e-11
210.9,-7.915428671634449e-13,-2.2717415366447772e-11
210.91,-5.317581217666974e-13,-2.2823873066368945e-11
210.92,-2.721209982718994e-13,-2.2928192386844334e-11
210.93,-1.2651205146235716e-14,-2.3030368390142165e-11
210.94,2.4662958051193734e-13,-2.3130397932970307e-11
210.95,5.057010073729597e-13,-2.3228277311548098e-11
210.96,7.645427836006467e-13,-2.3324002926288282e-11
210.97,1.0231329899352516e-12,-2.341757222972785e-11
210.98,1.281451607747087e-12,-2.350898214624807e-11
210.99,1.5394786635180358e-12,-2.359822960654738e-11
211.0,1.797192533082048e-12,-2.368531213281497e-11
211.01,2.054573473040545e-12,-2.3770227509569767e-11
211.02,2.3116006355251208e-12,-2.3852973611350777e-11
211.03,2.568253972469641e-12,-2.3933548087942655e-11
211.04,2.8245129477592095e-12,-2.4011949264857688e-11
211.05,3.0803573017129094e-12,-2.40881757413557e-11
211.06,3.3357671001678772e-12,-2.416222560182309e-11
211.07,3.5907218937410807e-12,-2.4234097956511057e-11
211.08,3.845201529430044e-12,-2.4303791693508394e-11
211.09,4.099186052297666e-12,-2.4371305675405568e-11
211.1,4.352655986786236e-12,-2.4436639357668348e-11
211.11,4.6055910399000506e-12,-2.4499792293724845e-11
211.12,4.8579709998526705e-12,-2.4560763629624735e-11
211.13,5.109776808436168e-12,-2.4619553702271372e-11
211.14,5.360989150573055e-12,-2.467616255737754e-11
211.15,5.6115871070789825e-12,-2.4730589722635774e-11
211.16,5.861552473943076e-12,-2.47828361552379e-11
211.17,6.110865092036094e-12,-2.4832902480459627e-11
211.18,6.359505820544572e-12,-2.488078904437903e-11
211.19,6.607455487817833e-12,-2.4926496911565725e-11
211.2,6.8546952149715065e-12,-2.497002687162639e-11
211.21,7.10120460535022e-12,-2.501138109734914e-11
211.22,7.346966103244697e-12,-2.505056012490756e-11
211.23,7.591960347970004e-12,-2.5087565843519724e-11
211.24,7.836167975143733e-12,-2.5122399888299636e-11
211.25,8.079571270898402e-12,-2.515506456016402e-11
211.26,8.322150190564876e-12,-2.5185561891461095e-11
211.27,8.563887862985339e-12,-2.521389428904858e-11
211.28,8.804764552762656e-12,-2.5240063886137454e-11
211.29,9.0447622044868e-12,-2.5264073688804797e-11
211.3,9.283862470692363e-12,-2.528592657550766e-11
211.31,9.522047299717266e-12,-2.5305625338245768e-11
211.32,9.759298232979218e-12,-2.5323173241842184e-11
211.33,9.995598587035346e-12,-2.533857389420981e-11
211.34,1.0230928872536028e-11,-2.5351830477175898e-11
211.35,1.0465272183182908e-11,-2.536294675712881e-11
211.36,1.0698610508906228e-11,-2.5371926924974634e-11
211.37,1.0930926578203928e-11,-2.5378774633998268e-11
211.38,1.1162202331748019e-11,-2.5383494331039857e-11
211.39,1.1392421382218731e-11,-2.538609033297371e-11
211.4,1.1621565871969142e-11,-2.538656727471967e-11
211.41,1.1849619419267636e-11,-2.538492950125695e-11
211.42,1.2076563121950004e-11,-2.5381182443304257e-11
211.43,1.2302381402462149e-11,-2.537533089940566e-11
211.44,1.2527058380219062e-11,-2.5367379960757775e-11
211.45,1.2750575972381705e-11,-2.5357335156619534e-11
211.46,1.2972917947427472e-11,-2.5345201899472092e-11
211.47,1.3194068053438743e-11,-2.5330985930307253e-11
211.48,1.3414010002078214e-11,-2.5314693130568145e-11
211.49,1.3632727502894244e-11,-2.529632965806386e-11
211.5,1.3850203665531215e-11,-2.527590150196397e-11
211.51,1.4066424718060675e-11,-2.5253414963702763e-11
211.52,1.4281372598693314e-11,-2.5228876724136255e-11
211.53,1.4495032928871681e-11,-2.520229325785513e-11
211.54,1.4707389449406072e-11,-2.5173671282791165e-11
211.55,1.4918426975085e-11,-2.5143018224848128e-11
211.56,1.5128130166797184e-11,-2.511034082959395e-11
211.57,1.5336483731725225e-11,-2.5075646284825032e-11
211.58,1.5543472800711195e-11,-2.5038942149577204e-11
211.59,1.5749082646173064e-11,-2.5000235713954887e-11
211.6,1.5953297380893e-11,-2.49595358297504e-11
211.61,1.615610405745633e-11,-2.4916848991289245e-11
211.62,1.6357486375582225e-11,-2.4872183732521518e-11
211.63,1.655743127979835e-11,-2.4825548313134554e-11
211.64,1.6755923785039474e-11,-2.477695086193358e-11
211.65,1.695295032408234e-11,-2.472640001455439e-11
211.66,1.7148496389840547e-11,-2.467390430004752e-11
211.67,1.7342548417268458e-11,-2.4619472483775338e-11
211.68,1.7535093544942105e-11,-2.456311334193543e-11
211.69,1.7726115823057278e-11,-2.450483571127937e-11
211.7,1.7915604089304516e-11,-2.444464961105781e-11
211.71,1.8103543813004957e-11,-2.4382563459032575e-11
211.72,1.828992334109564e-11,-2.4318586648360783e-11
211.73,1.8474727751033154e-11,-2.425272983481769e-11
211.74,1.8657945564893644e-11,-2.4185001761603616e-11
211.75,1.8839563755712314e-11,-2.4115412503182882e-11
211.76,1.9019569952000706e-11,-2.4043972079437224e-11
211.77,1.919795103076856e-11,-2.3970690849931572e-11
211.78,1.9374695560852808e-11,-2.389557836551462e-11
211.79,1.9549791229455144e-11,-2.38186458304441e-11
211.8,1.9723225842206182e-11,-2.3739903101690818e-11
211.81,1.9894987979736294e-11,-2.3659361263639598e-11
211.82,2.0065065224546904e-11,-2.3577030960533884e-11
211.83,2.023344705631383e-11,-2.3492923104926883e-11
211.84,2.040012161491923e-11,-2.340704852903395e-11
211.85,2.0565077720606318e-11,-2.331941849446471e-11
211.86,2.072830484875124e-11,-2.3230044297645043e-11
211.87,2.0889791460202193e-11,-2.313893722024696e-11
211.88,2.1049526772553594e-11,-2.3046108946646527e-11
211.89,2.12075009563552e-11,-2.2951570863537663e-11
211.9,2.1363703264885465e-11,-2.2855334840701752e-11
211.91,2.151812319217445e-11,-2.275741269870711e-11
211.92,2.167075070594612e-11,-2.2657816545544586e-11
211.93,2.1821576309897162e-11,-2.2556558095170607e-11
211.94,2.1970589990047173e-11,-2.245364997844198e-11
211.95,2.2117781971784003e-11,-2.23491041757034e-11
211.96,2.2263142807629065e-11,-2.2242933259801416e-11
211.97,2.2406663447428048e-11,-2.2135149733319933e-11
211.98,2.254833477772258e-11,-2.2025766058535807e-11
211.99,2.2688147314450226e-11,-2.1914795234875212e-11
212.0,2.282609334825115e-11,-2.180224990324355e-11
212.01,2.29621631549109e-11,-2.168814310626062e-11
212.02,2.3096349184693674e-11,-2.1572487747487025e-11
212.03,2.322864216807668e-11,-2.1455297158669112e-11
212.04,2.3359034478331476e-11,-2.133658477438582e-11
212.05,2.3487518308072297e-11,-2.1216363340910385e-11
212.06,2.36140854814648e-11,-2.1094646696551192e-11
212.07,2.373872851405424e-11,-2.097144841328254e-11
212.08,2.3861440032108657e-11,-2.0846781893464916e-11
212.09,2.3982212701042285e-11,-2.0720661039686333e-11
212.1,2.410103920985854e-11,-2.0593099573522132e-11
212.11,2.4217912655691798e-11,-2.0464111507976313e-11
212.12,2.4332826050290098e-11,-2.033371071211513e-11
212.13,2.444577345809686e-11,-2.0201911352159402e-11
212.14,2.455674768091335e-11,-2.0068727492905915e-11
212.15,2.466574263468699e-11,-1.9934173509082486e-11
212.16,2.47727524163812e-11,-1.9798263586185846e-11
212.17,2.4877770648851498e-11,-1.9661012141253164e-11
212.18,2.4980791779907155e-11,-1.9522434128851068e-11
212.19,2.5081810143170715e-11,-1.9382543483332294e-11
212.2,2.5180820190963167e-11,-1.924135522692115e-11
212.21,2.5277816790130816e-11,-1.9098883892331347e-11
212.22,2.5372795097417254e-11,-1.8955144605567876e-11
212.23,2.5465749674135483e-11,-1.8810151770190577e-11
212.24,2.5556676129925195e-11,-1.8663920665569242e-11
212.25,2.564556959803785e-11,-1.8516466231027264e-11
212.26,2.5732426420823128e-11,-1.8367803274408914e-11
212.27,2.58172398586386e-11,-1.8217947916715072e-11
212.28,2.590000870337825e-11,-1.8066914348062487e-11
212.29,2.5980727994213504e-11,-1.7914718177308396e-11
212.3,2.6059393643962127e-11,-1.776137481319297e-11
212.31,2.6136002705221076e-11,-1.7606899838950088e-11
212.32,2.621055138804375e-11,-1.7451308380743075e-11
212.33,2.628303658145974e-11,-1.729461624953713e-11
212.34,2.6353455007309377e-11,-1.713683903870957e-11
212.35,2.6421803476115843e-11,-1.697799194064494e-11
212.36,2.6488081392605032e-11,-1.6818091182791816e-11
212.37,2.6552282353603304e-11,-1.665715275140042e-11
212.38,2.6614408161187417e-11,-1.649519163526824e-11
212.39,2.6674453796746814e-11,-1.6332224182465866e-11
212.4,2.6732418357124015e-11,-1.6168266342911563e-11
212.41,2.6788299634861998e-11,-1.600333403125168e-11
212.42,2.684209587048286e-11,-1.5837443255696e-11
212.43,2.6893805768938874e-11,-1.567061007727725e-11
212.44,2.694342776411958e-11,-1.5502850474086392e-11
212.45,2.6990961254524067e-11,-1.5334180711599887e-11
212.46,2.703640414663788e-11,-1.516461702894943e-11
212.47,2.7079757178728618e-11,-1.4994175227073826e-11
212.48,2.7121020063785102e-11,-1.482287287761356e-11
212.49,2.7160187451000475e-11,-1.465072393447126e-11
212.5,2.71972655540328e-11,-1.4477746305759466e-11
212.51,2.7232249868278485e-11,-1.4303956635583041e-11
212.52,2.726514177720447e-11,-1.4129370810452538e-11
212.53,2.7295941964321117e-11,-1.3954004934134796e-11
212.54,2.7324650366983395e-11,-1.377787602687841e-11
212.55,2.735126764542995e-11,-1.3601000249343305e-11
212.56,2.73757939090352e-11,-1.342339428554017e-11
212.57,2.7398230916177798e-11,-1.3245074318880032e-11
212.58,2.741857865174701e-11,-1.306605762334166e-11
212.59,2.7436839106108702e-11,-1.288636015796247e-11
212.6,2.7453013226028945e-11,-1.2705998674017148e-11
212.61,2.7467103171639862e-11,-1.252498966552708e-11
212.62,2.7479109977454325e-11,-1.2343349872161423e-11
212.63,2.7489035908113236e-11,-1.2161096235280729e-11
212.64,2.7496883308088003e-11,-1.19782448191375e-11
212.65,2.7502652127038225e-11,-1.1794813277913018e-11
212.66,2.7506347886637142e-11,-1.1610817270604532e-11
212.67,2.7507970907725665e-11,-1.1426274210116694e-11
212.68,2.7507524969324773e-11,-1.1241200427218014e-11
212.69,2.7505012498435954e-11,-1.10556128129716e-11
212.7,2.7500436670530568e-11,-1.0869528095650575e-11
212.71,2.7493800775466447e-11,-1.0682962810941354e-11
212.72,2.7485107855955218e-11,-1.049593396212309e-11
212.73,2.7474361441877693e-11,-1.0308458095931328e-11
212.74,2.746156507400397e-11,-1.0120552224666713e-11
212.75,2.7446722365353493e-11,-9.932233237847015e-12
212.76,2.7429839181897666e-11,-9.74351665341468e-12
212.77,2.7410917451718478e-11,-9.554420497830998e-12
212.78,2.738996220445937e-11,-9.364961127211709e-12
212.79,2.736697768138389e-11,-9.175155434248146e-12
212.8,2.7341968722822332e-11,-8.985019825330408e-12
212.81,2.731493998216454e-11,-8.794571508714876e-12
212.82,2.7285896919547234e-11,-8.603826204056267e-12
212.83,2.725484424438886e-11,-8.412801310203397e-12
212.84,2.7221786301470476e-11,-8.221513719447003e-12
212.85,2.7186730195013446e-11,-8.029979690607278e-12
212.86,2.7149680052598503e-11,-7.838216006601806e-12
212.87,2.7110642316605625e-11,-7.646239240561757e-12
212.88,2.7069622720428597e-11,-7.454065891808161e-12
212.89,2.702662707461233e-11,-7.261712649976569e-12
212.9,2.6981661500899452e-11,-7.069196234415181e-12
212.91,2.6934732809454448e-11,-6.876533080532977e-12
212.92,2.688584688269544e-11,-6.683739565320447e-12
212.93,2.683501059548168e-11,-6.490832205440161e-12
212.94,2.6782230582977374e-11,-6.297827984495818e-12
212.95,2.6727513820720952e-11,-6.104742682347569e-12
212.96,2.66708675714543e-11,-5.911592986134893e-12
212.97,2.6612298221160147e-11,-5.718395207020499e-12
212.98,2.655181418137045e-11,-5.525165831240956e-12
212.99,2.6489422040530483e-11,-5.331921150224832e-12
213.0,2.6425130109749644e-11,-5.138677308815329e-12
213.01,2.6358945933787228e-11,-4.945450602350178e-12
213.02,2.629087734315703e-11,-4.752257296345588e-12
213.03,2.622093195440604e-11,-4.559113641818358e-12
213.04,2.6149118730012924e-11,-4.3660356523727476e-12
213.05,2.607544559871524e-11,-4.173039547103947e-12
213.06,2.5999921089522372e-11,-3.98014108820106e-12
213.07,2.5922553823939186e-11,-3.78735648669591e-12
213.08,2.584335248341256e-11,-3.59470176944617e-12
213.09,2.5762326146635453e-11,-3.40219282663047e-12
213.1,2.5679483587120463e-11,-3.2098454177109195e-12
213.11,2.5594834420340444e-11,-3.017675118396768e-12
213.12,2.550838660378098e-11,-2.825698702597256e-12
213.13,2.5420150916243056e-11,-2.633930878003174e-12
213.14,2.5330136628944183e-11,-2.442387449599118e-12
213.15,2.5238353166505316e-11,-2.2510844881629343e-12
213.16,2.514481054907029e-11,-2.0600370931237495e-12
213.17,2.504951861759402e-11,-1.8692612946328556e-12
213.18,2.495248681294449e-11,-1.6787718577680763e-12
213.19,2.4853726231060628e-11,-1.4885846715518863e-12
213.2,2.475324678760723e-11,-1.2987147974855226e-12
213.21,2.4651059182900985e-11,-1.1091777403855473e-12
213.22,2.4547173256601813e-11,-9.199888099774214e-13
213.23,2.444160042783659e-11,-7.311627951454913e-13
213.24,2.4334351141891505e-11,-5.427150707929656e-13
213.25,2.4225436573145464e-11,-3.5466036267822716e-13
213.26,2.4114867693044025e-11,-1.6701373440439018e-13
213.27,2.400265545560894e-11,2.0209776184350712e-14
213.28,2.3888811154444785e-11,2.0699530149206408e-13
213.29,2.3773346380220343e-11,3.9332811144619227e-13
213.3,2.3656271982600878e-11,5.791940146203324e-13
213.31,2.3537600593978362e-11,7.645779120140202e-13
213.32,2.3417343145587674e-11,9.4946521814058e-13
213.33,2.3295511865279996e-11,1.1338416141017531e-12
213.34,2.3172118502151798e-11,1.3176928755376121e-12
213.35,2.304717545217073e-11,1.5010044919097848e-12
213.36,2.2920694273771395e-11,1.6837621244037295e-12
213.37,2.2792687819988413e-11,1.865951937102425e-12
213.38,2.266316818117102e-11,2.0475596327479928e-12
213.39,2.2532147960553906e-11,2.228571129243761e-12
213.4,2.2399639544488898e-11,2.4089727868291008e-12
213.41,2.226565578132519e-11,2.588750447601438e-12
213.42,2.2130209255791526e-11,2.7678906705203806e-12
213.43,2.1993313315380903e-11,2.946379466582675e-12
213.44,2.185498048116816e-11,3.124203436695533e-12
213.45,2.171522393731241e-11,3.3013490775869235e-12
213.46,2.1574056946024558e-11,3.4778030016115176e-12
213.47,2.1431493318309236e-11,3.6535516078687454e-12
213.48,2.128754450740851e-11,3.828582281936138e-12
213.49,2.114222630807178e-11,4.002881110987674e-12
213.5,2.099555103360988e-11,4.176435474091134e-12
213.51,2.0847532576892857e-11,4.34923231893649e-12
213.52,2.0698184729342613e-11,4.521258886856669e-12
213.53,2.0547521291303708e-11,4.6925021925446394e-12
213.54,2.03955558544581e-11,4.8629495443568855e-12
213.55,2.0242303000342008e-11,5.032588800133344e-12
213.56,2.0087775502603736e-11,5.201406952067177e-12
213.57,1.9931989561785177e-11,5.369391295102288e-12
213.58,1.977495817390305e-11,5.536530503350042e-12
213.59,1.961669480560062e-11,5.702811216830443e-12
213.6,1.9457215989960543e-11,5.8682223984489075e-12
213.61,1.9296534408433494e-11,6.0327514836903645e-12
213.62,1.9134665533984998e-11,6.196386805740986e-12
213.63,1.8971623518953183e-11,6.359116333062902e-12
213.64,1.8807423083540715e-11,6.520928399564078e-12
213.65,1.8642078681744648e-11,6.68181125516235e-12
213.66,1.8475606764764485e-11,6.841753874693048e-12
213.67,1.830802062904378e-11,7.0007445671383625e-12
213.68,1.8139335294712777e-11,7.158771734564571e-12
213.69,1.7969567059972125e-11,7.315825109050633e-12
213.7,1.779872931113398e-11,7.471892550862542e-12
213.71,1.7626838282475512e-11,7.626963646188858e-12
213.72,1.7453909114555745e-11,7.781027498316755e-12
213.73,1.72799570440233e-11,7.93407324943198e-12
213.74,1.710499720888166e-11,8.086090512586937e-12
213.75,1.6929045351576793e-11,8.237068239002174e-12
213.76,1.6752116754015984e-11,8.386996458573487e-12
213.77,1.6574227136421652e-11,8.53586481367843e-12
213.78,1.6395391406521077e-11,8.683662762034491e-12
213.79,1.621562629843324e-11,8.830380686878554e-12
213.8,1.603494672347278e-11,8.976008233576428e-12
213.81,1.5853368589875928e-11,9.12053580107634e-12
213.82,1.5670907771624512e-11,9.263953398878325e-12
213.83,1.5487580223727183e-11,9.406251800287066e-12
213.84,1.53034015013458e-11,9.547420956727942e-12
213.85,1.511838773238876e-11,9.687451787897385e-12
213.86,1.4932554967924917e-11,9.826335023779763e-12
213.87,1.4745918641224223e-11,9.964060926899802e-12
213.88,1.4558496077712624e-11,1.0100621959239295e-11
213.89,1.4370302390415217e-11,1.0236007447762836e-11
213.9,1.4181353703076812e-11,1.0370209490495254e-11
213.91,1.3991666631963607e-11,1.0503219219241596e-11
213.92,1.380125711109662e-11,1.0635027938892162e-11
213.93,1.36101415584866e-11,1.0765627489934743e-11
213.94,1.3418336018805059e-11,1.0895009244137653e-11
213.95,1.3225857112405386e-11,1.1023165175450962e-11
213.96,1.3032720772340888e-11,1.1150086887082386e-11
213.97,1.2838943885114548e-11,1.1275766939436845e-11
213.98,1.2644542499450115e-11,1.1400197044231552e-11
213.99,1.2449533046048613e-11,1.1523369579533034e-11
214.0,1.2253932180018597e-11,1.1645277135975197e-11
214.01,1.2057756372839858e-11,1.1765912099677273e-11
214.02,1.1861021888928611e-11,1.1885266777319225e-11
214.03,1.1663745342897996e-11,1.2003334477720777e-11
214.04,1.1465943266281672e-11,1.2120107827887073e-11
214.05,1.1267632323758589e-11,1.223558002571724e-11
214.06,1.1068828911280486e-11,1.2349743913776761e-11
214.07,1.086954990417783e-11,1.2462592969859664e-11
214.08,1.06698118305082e-11,1.257412062480039e-11
214.09,1.0469630792458302e-11,1.2684320201668835e-11
214.1,1.0269024465721704e-11,1.2793185638004124e-11
214.11,1.006800848988411e-11,1.290071044388475e-11
214.12,9.866599925168588e-12,1.3006888544403151e-11
214.13,9.664815455027613e-12,1.3111714153979347e-11
214.14,9.462671794041054e-12,1.3215181235087524e-11
214.15,9.260185093301166e-12,1.3317284132872897e-11
214.16,9.057372869289918e-12,1.3418017458147231e-11
214.17,8.854251149944557e-12,1.3517375407384641e-11
214.18,8.650836790324155e-12,1.3615352863566658e-11
214.19,8.447146803282513e-12,1.3711944632823629e-11
214.2,8.243197232404338e-12,1.3807145384091188e-11
214.21,8.039004748515792e-12,1.3900950082961825e-11
214.22,7.834587030232783e-12,1.3993354794903822e-11
214.23,7.629959715349223e-12,1.4084354042184902e-11
214.24,7.425139847516034e-12,1.417394335173236e-11
214.25,7.220143934752942e-12,1.4262118220521458e-11
214.26,7.014988520237746e-12,1.4348874738126054e-11
214.27,6.809689683516953e-12,1.4434208259009588e-11
214.28,6.604266402615698e-12,1.4518115298223616e-11
214.29,6.398732484152496e-12,1.4600591304557554e-11
214.3,6.193105804478438e-12,1.468163296179333e-11
214.31,5.987402664580417e-12,1.4761236360102535e-11
214.32,5.78163909228251e-12,1.4839398088655414e-11
214.33,5.575833307929283e-12,1.4916114707855616e-11
214.34,5.370000092324346e-12,1.4991383158363003e-11
214.35,5.1641564884675174e-12,1.5065199797525193e-11
214.36,4.9583187400938864e-12,1.5137561888495433e-11
214.37,4.752503995274383e-12,1.520846694383211e-11
214.38,4.546728031726134e-12,1.5277911778271982e-11
214.39,4.34100735015993e-12,1.5345893715204157e-11
214.4,4.135358321973667e-12,1.541241040433009e-11
214.41,3.929797214718725e-12,1.547745955970759e-11
214.42,3.724340395656248e-12,1.5541038892312775e-11
214.43,3.519004211949731e-12,1.5603146151186114e-11
214.44,3.3138047898289648e-12,1.5663779745061764e-11
214.45,3.108759262176531e-12,1.5722938297918563e-11
214.46,2.903880858426512e-12,1.5780617752059307e-11
214.47,2.6991886019558515e-12,1.5836818928959047e-11
214.48,2.494697688636047e-12,1.5891539614470775e-11
214.49,2.290424099871472e-12,1.5944778532644367e-11
214.5,2.0863838210353496e-12,1.599653416551655e-11
214.51,1.882592999353209e-12,1.6046805954258043e-11
214.52,1.679067186871565e-12,1.6095592550452282e-11
214.53,1.4758226761627516e-12,1.614289346183693e-11
214.54,1.2728749452056757e-12,1.618870752427293e-11
214.55,1.0702397882436775e-12,1.6233034687586655e-11
214.56,8.679331883991335e-13,1.6275874185806286e-11
214.57,6.659705511057281e-13,1.6317225854143675e-11
214.58,4.643677970340449e-13,1.635708950529641e-11
214.59,2.6314005527205705e-13,1.6395465021488507e-11
214.6,6.230346088571705e-14,1.643235248893147e-11
214.61,-1.3812726532372395e-13,1.6467752438461534e-11
214.62,-3.3813582326741136e-13,1.6501664268005238e-11
214.63,-5.377075430462068e-13,1.6534089254547565e-11
214.64,-7.36827086492089e-13,1.6565027981777667e-11
214.65,-9.354788037156126e-13,1.659448081439413e-11
214.66,-1.1336477143658269e-12,1.66224487774162e-11
214.67,-1.331319072266427e-12,1.6648932465090642e-11
214.68,-1.5284772343021153e-12,1.667393338143856e-11
214.69,-1.7251074934017243e-12,1.6697452543710845e-11
214.7,-1.9211949890423593e-12,1.6719491286860483e-11
214.71,-2.1167247012701554e-12,1.6740050857592106e-11
214.72,-2.311682219364698e-12,1.6759132912834307e-11
214.73,-2.5060515707735024e-12,1.6776739861831555e-11
214.74,-2.6998197537931098e-12,1.6792872371039442e-11
214.75,-2.8929713883149053e-12,1.6807533064929434e-11
214.76,-3.0854914304074303e-12,1.6820723414017914e-11
214.77,-3.277366823485006e-12,1.6832446281206872e-11
214.78,-3.4685817700213247e-12,1.68427035453447e-11
214.79,-3.659122753324825e-12,1.685149785909347e-11
214.8,-3.848975577437716e-12,1.6858831537560195e-11
214.81,-4.038124818908399e-12,1.686470716608537e-11
214.82,-4.226558922068274e-12,1.686912763134413e-11
214.83,-4.414261744189746e-12,1.687209583239546e-11
214.84,-4.6012200155910835e-12,1.6873614703907758e-11
214.85,-4.787420228908906e-12,1.687368747009493e-11
214.86,-4.972848143177706e-12,1.6872317188405208e-11
214.87,-5.157489996933048e-12,1.686950717099901e-11
214.88,-5.3413331435582284e-12,1.6865261276540922e-11
214.89,-5.524363052630456e-12,1.6859582609059814e-11
214.9,-5.70656647838569e-12,1.685247507625394e-11
214.91,-5.887930836261823e-12,1.684394254625986e-11
214.92,-6.06844221993992e-12,1.6833988758569464e-11
214.93,-6.248087414198746e-12,1.6822617723028374e-11
214.94,-6.426853588238105e-12,1.6809833870250048e-11
214.95,-6.604727662007324e-12,1.6795641094736004e-11
214.96,-6.781696959634028e-12,1.678004389772079e-11
214.97,-6.9577484145911455e-12,1.6763046795539732e-11
214.98,-7.1328693939616705e-12,1.6744654296660194e-11
214.99,-7.307047405681513e-12,1.6724871217280316e-11
215.0,-7.480269821420687e-12,1.670370215345106e-11
215.01,-7.652523981817273e-12,1.668115200465838e-11
215.02,-7.823798376637622e-12,1.6657225893702505e-11
215.03,-7.994080031087012e-12,1.6631928986111053e-11
215.04,-8.163356683559531e-12,1.6605266571177876e-11
215.05,-8.331616913390855e-12,1.6577243689924247e-11
215.06,-8.498848549922173e-12,1.654786589881006e-11
215.07,-8.66503977168268e-12,1.651713875678508e-11
215.08,-8.830178019255738e-12,1.648506813809948e-11
215.09,-8.994253743205604e-12,1.6451658986832558e-11
215.1,-9.15725359119182e-12,1.641691798465158e-11
215.11,-9.319166648578151e-12,1.638085081110398e-11
215.12,-9.479981577984357e-12,1.6343463308637372e-11
215.13,-9.639687151534159e-12,1.630476180349792e-11
215.14,-9.798272504909112e-12,1.62647525639638e-11
215.15,-9.95572625967546e-12,1.6223441689500383e-11
215.16,-1.0112037836624174e-11,1.6180835866147915e-11
215.17,-1.026719532789138e-11,1.61369420148302e-11
215.18,-1.0421190843966301e-11,1.6091765165847432e-11
215.19,-1.0574011334815656e-11,1.604531374751172e-11
215.2,-1.0725646741126952e-11,1.599759402274966e-11
215.21,-1.0876087419629101e-11,1.594861253408401e-11
215.22,-1.1025322440261566e-11,1.589837671004091e-11
215.23,-1.117334189523244e-11,1.584689356502666e-11
215.24,-1.1320136499795828e-11,1.5794170153065735e-11
215.25,-1.1465694428152494e-11,1.5740213742130515e-11
215.26,-1.1610009625389714e-11,1.5685031816876634e-11
215.27,-1.1753066646561424e-11,1.5628631631024582e-11
215.28,-1.1894860744172716e-11,1.5571020848656914e-11
215.29,-1.2035380964271739e-11,1.551220716924196e-11
215.3,-1.2174617956252057e-11,1.545219812456211e-11
215.31,-1.2312562829800456e-11,1.539100154081421e-11
215.32,-1.244920585855806e-11,1.532862531931781e-11
215.33,-1.2584538474193693e-11,1.5265077580342813e-11
215.34,-1.2718551920177706e-11,1.5200366066482985e-11
215.35,-1.2851237363074819e-11,1.513449896415253e-11
215.36,-1.2982585978991278e-11,1.506748481654761e-11
215.37,-1.3112589615187179e-11,1.499933140252316e-11
215.38,-1.3241239361550292e-11,1.4930047438490855e-11
215.39,-1.336852768859494e-11,1.485964113786054e-11
215.4,-1.3494445843197717e-11,1.4788121265429288e-11
215.41,-1.3618986140779009e-11,1.4715496204879128e-11
215.42,-1.374214067010032e-11,1.4641774737119692e-11
215.43,-1.3863901355307203e-11,1.4566965583728166e-11
215.44,-1.3984261660827493e-11,1.4491077637137896e-11
215.45,-1.4103212126820194e-11,1.4414119378473505e-11
215.46,-1.4220746963723991e-11,1.4336100207273717e-11
215.47,-1.4336858319890785e-11,1.4257029093655475e-11
215.48,-1.4451539123784471e-11,1.4176915011493104e-11
215.49,-1.456478233891492e-11,1.4095767373827002e-11
215.5,-1.467658079946132e-11,1.40135951837815e-11
215.51,-1.4786928585027245e-11,1.3930407788682977e-11
215.52,-1.4895818149753707e-11,1.3846214561024847e-11
215.53,-1.5003243965107682e-11,1.3761023434354655e-11
215.54,-1.510919805394218e-11,1.3674848515202567e-11
215.55,-1.5213675241937062e-11,1.3587694815581993e-11
215.56,-1.5316669856694628e-11,1.3499573395462621e-11
215.57,-1.5418174714189698e-11,1.3410494087226943e-11
215.58,-1.5518185073777697e-11,1.3320466446550268e-11
215.59,-1.5616694360146204e-11,1.3229500435387102e-11
215.6,-1.5713697242827517e-11,1.31376060357794e-11
215.61,-1.580918818994637e-11,1.304479288703473e-11
215.62,-1.590316133708747e-11,1.2951071202416772e-11
215.63,-1.5995613077441948e-11,1.2856450818811458e-11
215.64,-1.6086536607965947e-11,1.2760941969228995e-11
215.65,-1.6175927944889267e-11,1.2664554857656772e-11
215.66,-1.6263781875426396e-11,1.2567299755747295e-11
215.67,-1.6350093135059878e-11,1.24691865349268e-11
215.68,-1.643485797937056e-11,1.2370225846571966e-11
215.69,-1.6518071822600494e-11,1.227042797856206e-11
215.7,-1.659973014992672e-11,1.2169803232685671e-11
215.71,-1.6679829243207274e-11,1.206836193624153e-11
215.72,-1.6758363910046307e-11,1.1966115352312976e-11
215.73,-1.6835331406145183e-11,1.1863073205539535e-11
215.74,-1.6910727266590843e-11,1.175924629746406e-11
215.75,-1.6984548929615222e-11,1.165464526297172e-11
215.76,-1.705679081241478e-11,1.1549281001489778e-11
215.77,-1.7127451176160502e-11,1.1443163972829678e-11
215.78,-1.719652615439936e-11,1.1336305225693502e-11
215.79,-1.7264013026561736e-11,1.1228715227597347e-11
215.8,-1.7329908411527326e-11,1.1120404882450031e-11
215.81,-1.7394209604217252e-11,1.101138536942147e-11
215.82,-1.745691366803088e-11,1.0901667296331527e-11
215.83,-1.751801824914572e-11,1.0791261879591422e-11
215.84,-1.7577521145491702e-11,1.0680179638969103e-11
215.85,-1.763541852910702e-11,1.0568432349159922e-11
215.86,-1.7691710404638998e-11,1.0456030171770127e-11
215.87,-1.774639299104158e-11,1.0342984854282315e-11
215.88,-1.7799465447845556e-11,1.0229307297381378e-11
215.89,-1.7850925095224195e-11,1.0115008648266098e-11
215.9,-1.7900770756249083e-11,1.0000100129165164e-11
215.91,-1.79490007269947e-11,9.88459294091705e-12
215.92,-1.7995613611051654e-11,9.768498279234816e-12
215.93,-1.8040608058294722e-11,9.651827412574729e-12
215.94,-1.808398307426369e-11,9.534591650087598e-12
215.95,-1.8125737537278343e-11,9.416802287657248e-12
215.96,-1.8165870427860064e-11,9.29847068152615e-12
215.97,-1.8204381310137976e-11,9.179608163824531e-12
215.98,-1.8241269373066814e-11,9.060225882484271e-12
215.99,-1.827653431413113e-11,8.940335612125213e-12
216.0,-1.831017544762828e-11,8.81994859086163e-12
216.01,-1.8342192795934398e-11,8.6990762153643e-12
216.02,-1.837258542453524e-11,8.577730198615924e-12
216.03,-1.8401354015910747e-11,8.455921762072708e-12
216.04,-1.8428499257613838e-11,8.333662300246507e-12
216.05,-1.845402096546867e-11,8.21096349051763e-12
216.06,-1.8477919549415904e-11,8.087836772872796e-12
216.07,-1.8500195231996093e-11,7.964293578708608e-12
216.08,-1.852084895672864e-11,7.840345680459208e-12
216.09,-1.8539881889095243e-11,7.71600432998052e-12
216.1,-1.85572943574822e-11,7.591281374879508e-12
216.11,-1.8573087824501658e-11,7.466187941834668e-12
216.12,-1.8587262828012782e-11,7.340736041193215e-12
216.13,-1.8599821966192566e-11,7.214936990289564e-12
216.14,-1.8610765715887726e-11,7.088802255211961e-12
216.15,-1.8620095498469577e-11,6.962343811660009e-12
216.16,-1.8627813580711e-11,6.835572984587708e-12
216.17,-1.8633921527777332e-11,6.708501292923333e-12
216.18,-1.8638421161994265e-11,6.581140634337857e-12
216.19,-1.8641314921039154e-11,6.4535021697468085e-12
216.2,-1.864260437660665e-11,6.325597760375973e-12
216.21,-1.8642292860335657e-11,6.197438809564397e-12
216.22,-1.864038174231406e-11,6.069037130769467e-12
216.23,-1.8636874225631964e-11,5.940404050376695e-12
216.24,-1.8631773350380353e-11,5.811551127206144e-12
216.25,-1.862508048234822e-11,5.6824903058148104e-12
216.26,-1.861679968966867e-11,5.553232875079848e-12
216.27,-1.8606934384798823e-11,5.4237902667714314e-12
216.28,-1.8595486922541594e-11,5.2941741491954685e-12
216.29,-1.858246116290787e-11,5.164395843720194e-12
216.3,-1.8567860014154442e-11,5.034467313220415e-12
216.31,-1.855168700943989e-11,4.904400055965832e-12
216.32,-1.8533947119113598e-11,4.774204767113576e-12
216.33,-1.8514642718699236e-11,4.643893804174405e-12
216.34,-1.849377774863531e-11,4.513478220904324e-12
216.35,-1.8471356986726566e-11,4.3829695810832555e-12
216.36,-1.84473843272517e-11,4.25237926361757e-12
216.37,-1.8421863715398277e-11,4.121718734598403e-12
216.38,-1.8394800025508246e-11,3.990999295291126e-12
216.39,-1.8366197210449164e-11,3.860232518167969e-12
216.4,-1.8336060068240758e-11,3.729429761585663e-12
216.41,-1.8304393929561807e-11,3.5986020146308835e-12
216.42,-1.8271203086987785e-11,3.467761933115179e-12
216.43,-1.8236492201814237e-11,3.3369176713256606e-12
216.44,-1.820026703075547e-11,3.2060835182993762e-12
216.45,-1.8162532259884684e-11,3.0752697163479577e-12
216.46,-1.812329354808594e-11,2.944487386302137e-12
216.47,-1.8082555749822415e-11,2.813748093144781e-12
216.48,-1.8040325358838585e-11,2.6830624393124483e-12
216.49,-1.7996607617118954e-11,2.552441841578729e-12
216.5,-1.795140752556604e-11,2.4218976340065645e-12
216.51,-1.7904731428151708e-11,2.291440709821937e-12
216.52,-1.785658576500994e-11,2.1610819883891043e-12
216.53,-1.780697617612658e-11,2.0308324603958544e-12
216.54,-1.7755908789141257e-11,1.9007033229852337e-12
216.55,-1.7703390131012274e-11,1.7707054063198414e-12
216.56,-1.764942644242698e-11,1.6408494715744838e-12
216.57,-1.759402428006605e-11,1.511146723335132e-12
216.58,-1.7537190163215163e-11,1.3816078539202963e-12
216.59,-1.74789309589129e-11,1.2522436123031657e-12
216.6,-1.741925340169276e-11,1.123064423251498e-12
216.61,-1.7358164510200538e-11,9.94081974271548e-13
216.62,-1.7295671168498174e-11,8.653059182251253e-13
216.63,-1.723178045505081e-11,7.367476954535463e-13
216.64,-1.7166499706148113e-11,6.084173351338981e-13
216.65,-1.7099836008402485e-11,4.803258093417025e-13
216.66,-1.703179722095726e-11,3.5248323858777737e-13
216.67,-1.696239082790169e-11,2.2490033139623893e-13
216.68,-1.689162411874706e-11,9.75875734149084e-14
216.69,-1.6819504565408342e-11,-2.9444791640094557e-14
216.7,-1.6746041095857033e-11,-1.5618618308604713e-13
216.71,-1.6671240484815285e-11,-2.8262660635204734e-13
216.72,-1.6595111263136588e-11,-4.087554776816319e-13
216.73,-1.6517661406540164e-11,-5.345632238573274e-13
216.74,-1.6438899032656546e-11,-6.60039129345721e-13
216.75,-1.63588335845841e-11,-7.851737288085025e-13
216.76,-1.627747037824969e-11,-9.09955398512909e-13
216.77,-1.6194820762000627e-11,-1.034375925648393e-12
216.78,-1.611089272410929e-11,-1.1584246192430322e-12
216.79,-1.6025694298843486e-11,-1.2820915720902996e-12
216.8,-1.593923448483958e-11,-1.405367042513856e-12
216.81,-1.5851522182128745e-11,-1.5282413406879665e-12
216.82,-1.5762566469521064e-11,-1.6507045816076947e-12
216.83,-1.5672375667727662e-11,-1.7727470803685625e-12
216.84,-1.5580959711952625e-11,-1.894359377337963e-12
216.85,-1.5488326995076993e-11,-2.015531587303948e-12
216.86,-1.539448746088087e-11,-2.136254779999159e-12
216.87,-1.5299449478431515e-11,-2.256518816088065e-12
216.88,-1.52032237569905e-11,-2.376315100283083e-12
216.89,-1.5105818922446877e-11,-2.4956337613417986e-12
216.9,-1.5007244704881184e-11,-2.6144656318458754e-12
216.91,-1.490751076328384e-11,-2.7328016143611066e-12
216.92,-1.4806626795086237e-11,-2.8506324253784357e-12
216.93,-1.4704602810585048e-11,-2.967949155594338e-12
216.94,-1.4601448334722515e-11,-3.0847426219613576e-12
216.95,-1.4497173524034041e-11,-3.2010040490131967e-12
216.96,-1.4391788635275054e-11,-3.31672449767086e-12
216.97,-1.4285303204712916e-11,-3.4318949513443158e-12
216.98,-1.4177727870502747e-11,-3.5465068831463944e-12
216.99,-1.4069072353976137e-11,-3.660551491647052e-12
217.0,-1.3959347908904725e-11,-3.7740205362728824e-12
217.01,-1.3848564313518775e-11,-3.886905098731884e-12
217.02,-1.373673162329982e-11,-3.999196520755816e-12
217.03,-1.3623861495786525e-11,-4.11088685088696e-12
217.04,-1.3509963507272118e-11,-4.221967524117228e-12
217.05,-1.3395049021137609e-11,-4.3324306280998096e-12
217.06,-1.3279127488869263e-11,-4.4422665728321295e-12
217.07,-1.3162210959808785e-11,-4.551468798094853e-12
217.08,-1.3044309685248474e-11,-4.6600285157882205e-12
217.09,-1.2925435530246177e-11,-4.767938257714451e-12
217.1,-1.2805598251525721e-11,-4.8751896395630734e-12
217.11,-1.2684809530922985e-11,-4.9817750399195665e-12
217.12,-1.2563080074468816e-11,-5.087686359864943e-12
217.13,-1.2440421408981243e-11,-5.192916290501336e-12
217.14,-1.2316845020518519e-11,-5.297457402705591e-12
217.15,-1.2192360394878431e-11,-5.4013009449396905e-12
217.16,-1.2066981009405293e-11,-5.5044408652841595e-12
217.17,-1.1940717227363522e-11,-5.606869207440386e-12
217.18,-1.1813580771101856e-11,-5.708578540267681e-12
217.19,-1.1685582864131507e-11,-5.809561882433403e-12
217.2,-1.1556735138659054e-11,-5.909811854706614e-12
217.21,-1.14270491543956e-11,-6.009321535448014e-12
217.22,-1.1296536493987016e-11,-6.108083838187703e-12
217.23,-1.1165208018038622e-11,-6.206091851370157e-12
217.24,-1.1033078634636533e-11,-6.303339113380191e-12
217.25,-1.0900155447935805e-11,-6.399817281680593e-12
217.26,-1.0766454204250156e-11,-6.49552226798877e-12
217.27,-1.0631984380439573e-11,-6.5904454439442506e-12
217.28,-1.0496759034063302e-11,-6.684580731685177e-12
217.29,-1.0360789298828814e-11,-6.777922304104035e-12
217.3,-1.0224087515063698e-11,-6.870463003544747e-12
217.31,-1.0086665908691418e-11,-6.962197103674621e-12
217.32,-9.948536438800157e-12,-7.05311812153294e-12
217.33,-9.809711414030472e-12,-7.143220144891529e-12
217.34,-9.670202035992552e-12,-7.232496681308945e-12
217.35,-9.530022008224468e-12,-7.320942684610815e-12
217.36,-9.389182141919013e-12,-7.40855157600883e-12
217.37,-9.247695125681857e-12,-7.49531757922955e-12
217.38,-9.105573596722496e-12,-7.581235311542233e-12
217.39,-8.962829298734337e-12,-7.666299069759562e-12
217.4,-8.81947494110775e-12,-7.750503087128012e-12
217.41,-8.67552281968438e-12,-7.833842542129369e-12
217.42,-8.530985234103634e-12,-7.916311106789036e-12
217.43,-8.385874721978111e-12,-7.99790449704967e-12
217.44,-8.240203578079984e-12,-8.078616938607168e-12
217.45,-8.093984282640588e-12,-8.158443556297049e-12
217.46,-7.947229588012456e-12,-8.237379316646462e-12
217.47,-7.79995151286993e-12,-8.315419297235044e-12
217.48,-7.652162897171243e-12,-8.392558536146668e-12
217.49,-7.503876414712419e-12,-8.468792490307594e-12
217.5,-7.355102955335887e-12,-8.544114473483495e-12
217.51,-7.205860169559648e-12,-8.618526174993348e-12
217.52,-7.056155340350325e-12,-8.692016334950393e-12
217.53,-6.906002861557711e-12,-8.764583272868846e-12
217.54,-6.755415944311223e-12,-8.836222608775555e-12
217.55,-6.604406114794869e-12,-8.906929710580724e-12
217.56,-6.45298692368997e-12,-8.976700789636323e-12
217.57,-6.301171134642879e-12,-9.045531848444821e-12
217.58,-6.1489711819071165e-12,-9.113418793974803e-12
217.59,-5.996399593678703e-12,-9.180357720134467e-12
217.6,-5.843469385474523e-12,-9.24634517355231e-12
217.61,-5.69019301294938e-12,-9.311377029962205e-12
217.62,-5.536583609016329e-12,-9.375450026110513e-12
217.63,-5.382653254943806e-12,-9.438559786381697e-12
217.64,-5.228415990479818e-12,-9.500705320405781e-12
217.65,-5.073883466473723e-12,-9.561881085741801e-12
217.66,-4.9190686104726465e-12,-9.622084287693667e-12
217.67,-4.763984392780159e-12,-9.681311946360117e-12
217.68,-4.608643188066589e-12,-9.739561058699309e-12
217.69,-4.4530585354687126e-12,-9.796828719239422e-12
217.7,-4.297242637411501e-12,-9.853112013673645e-12
217.71,-4.141208164153152e-12,-9.908408030766989e-12
217.72,-3.9849680641712104e-12,-9.962714228597437e-12
217.73,-3.828535197750726e-12,-1.0016028002737964e-11
217.74,-3.671922230277974e-12,-1.0068346933678513e-11
217.75,-3.515141837422216e-12,-1.0119668451329758e-11
217.76,-3.358206963097446e-12,-1.0169990446432271e-11
217.77,-3.201129953305204e-12,-1.0219310494666838e-11
217.78,-3.0439240741354865e-12,-1.0267626639137856e-11
217.79,-2.8866017654729364e-12,-1.0314936708773276e-11
217.8,-2.7291754714386245e-12,-1.0361238663052257e-11
217.81,-2.5716583926198573e-12,-1.0406531000275991e-11
217.82,-2.414062715245685e-12,-1.0450811381465852e-11
217.83,-2.2564015358896062e-12,-1.0494078581256165e-11
217.84,-2.098687279759234e-12,-1.053633085591052e-11
217.85,-1.940932541536175e-12,-1.0577566716902747e-11
217.86,-1.7831500266479828e-12,-1.061778481098264e-11
217.87,-1.6253523665083832e-12,-1.0656983694528936e-11
217.88,-1.4675522561678886e-12,-1.0695162421559419e-11
217.89,-1.3097619410207739e-12,-1.0732319536094544e-11
217.9,-1.1519942264328592e-12,-1.0768454103752949e-11
217.91,-9.942615347366936e-13,-1.0803565285626962e-11
217.92,-8.365763961796323e-13,-1.0837652061229358e-11
217.93,-6.78951218741591e-13,-1.0870713571772759e-11
217.94,-5.213985358110773e-13,-1.0902749425911699e-11
217.95,-3.639306156978997e-13,-1.093375871100663e-11
217.96,-2.0656012147939653e-13,-1.0963741257636856e-11
217.97,-4.929931870647617e-14,-1.0992696468406395e-11
217.98,1.0783946397536356e-13,-1.1020623912015161e-11
217.99,2.648441022971052e-13,-1.1047523857782773e-11
218.0,4.217017751933057e-13,-1.1073395162284403e-11
218.01,5.784008628785964e-13,-1.109823856347261e-11
218.02,7.34928640461759e-13,-1.1122054096962389e-11
218.03,8.912731213698764e-13,-1.114484155630904e-11
218.04,1.0474225378958546e-12,-1.1166601294031114e-11
218.05,1.2033640392104473e-12,-1.118733359831329e-11
218.06,1.359086199102512e-12,-1.1207038789237793e-11
218.07,1.5145764117515994e-12,-1.1225717494026056e-11
218.08,1.669822842392627e-12,-1.1243370112143293e-11
218.09,1.8248138991472002e-12,-1.1259997443316533e-11
218.1,1.9795370054842884e-12,-1.1275600033328456e-11
218.11,2.133980918122432e-12,-1.1290178795462852e-11
218.12,2.2881334925223404e-12,-1.1303734657507783e-11
218.13,2.4419824904381927e-12,-1.131626852493364e-11
218.14,2.595516944723031e-12,-1.1327781713557411e-11
218.15,2.748724529006548e-12,-1.1338275227412212e-11
218.16,2.901593791490555e-12,-1.1347750281929556e-11
218.17,3.0541131432008965e-12,-1.1356208522519159e-11
218.18,3.2062709600204316e-12,-1.136365049768747e-11
218.19,3.3580555475371204e-12,-1.1370078660038989e-11
218.2,3.509455720156603e-12,-1.1375494115205667e-11
218.21,3.6604595443197585e-12,-1.1379899075434243e-11
218.22,3.81105648014259e-12,-1.1383294237184798e-11
218.23,3.961234337364955e-12,-1.138568258223022e-11
218.24,4.110982112322101e-12,-1.1387065368138516e-11
218.25,4.260288580138685e-12,-1.1387445059938354e-11
218.26,4.409142463016956e-12,-1.1386823110678256e-11
218.27,4.557533037957693e-12,-1.1385202427971714e-11
218.28,4.705448736378286e-12,-1.1382584909458547e-11
218.29,4.852878622487112e-12,-1.1378972728071471e-11
218.3,4.9998129571485594e-12,-1.137436776621928e-11
218.31,5.146237703755483e-12,-1.1368774588267332e-11
218.32,5.292144907716864e-12,-1.1362193963016236e-11
218.33,5.4375227827657106e-12,-1.1354628872319011e-11
218.34,5.5823608234951655e-12,-1.1346082245299333e-11
218.35,5.726648348449782e-12,-1.1336556588977643e-11
218.36,5.870374398034376e-12,-1.1326055361082511e-11
218.37,6.0135287098389064e-12,-1.1314580988260758e-11
218.38,6.156100700987017e-12,-1.1302136964718335e-11
218.39,6.298079643378792e-12,-1.1288725781150079e-11
218.4,6.439456256427963e-12,-1.127435161091066e-11
218.41,6.580218927832793e-12,-1.1259017114036447e-11
218.42,6.720358273416194e-12,-1.124272559072883e-11
218.43,6.859863716333528e-12,-1.1225480755865832e-11
218.44,6.998725245677667e-12,-1.1207285778932814e-11
218.45,7.136932821890572e-12,-1.1188144750054889e-11
218.46,7.2744766505015715e-12,-1.1168061119775067e-11
218.47,7.411346597495949e-12,-1.1147038142253805e-11
218.48,7.547533143049592e-12,-1.112508011499411e-11
218.49,7.683026208539889e-12,-1.1102191105201749e-11
218.5,7.817816240797182e-12,-1.1078374669848623e-11
218.51,7.95189359177769e-12,-1.1053634952549121e-11
218.52,8.08524863443222e-12,-1.1027976374240608e-11
218.53,8.217872427654328e-12,-1.1001402100474909e-11
218.54,8.349754817015966e-12,-1.0973917526783142e-11
218.55,8.480887181518019e-12,-1.0945526563767222e-11
218.56,8.611259550432777e-12,-1.0916233232103244e-11
218.57,8.740863153400873e-12,-1.0886042501764656e-11
218.58,8.869689405465858e-12,-1.0854958566672014e-11
218.59,8.99772762480798e-12,-1.0822986387100719e-11
218.6,9.124971315805255e-12,-1.0790130030441739e-11
218.61,9.251410088788418e-12,-1.0756394563551393e-11
218.62,9.377035085033151e-12,-1.0721784710404437e-11
218.63,9.50183807418149e-12,-1.0686305431235735e-11
218.64,9.625810073578785e-12,-1.0649961511537827e-11
218.65,9.748942691961204e-12,-1.061275807980697e-11
218.66,9.871227443197627e-12,-1.0574700302875523e-11
218.67,9.992656285460874e-12,-1.0535792410958053e-11
218.68,1.0113220393435185e-11,-1.0496040719647515e-11
218.69,1.0232911906128388e-11,-1.0455449510295942e-11
218.7,1.0351722492279457e-11,-1.0414025130488394e-11
218.71,1.0469644157877572e-11,-1.0371772132512086e-11
218.72,1.0586668855471393e-11,-1.032869622020937e-11
218.73,1.0702788919149241e-11,-1.0284802670596515e-11
218.74,1.081799650510663e-11,-1.0240097129874983e-11
218.75,1.0932283461702447e-11,-1.0194585252234606e-11
218.76,1.1045643074852792e-11,-1.0148272898523243e-11
218.77,1.1158066829525122e-11,-1.0101165411012871e-11
218.78,1.1269547649926928e-11,-1.0053268521752496e-11
218.79,1.1380078524825721e-11,-1.0004588574046512e-11
218.8,1.1489651496390938e-11,-9.955130867528202e-12
218.81,1.159825973445714e-11,-9.904901726762115e-12
218.82,1.1705896207170407e-11,-9.853907082945698e-12
218.83,1.181255370746634e-11,-9.802152764451162e-12
218.84,1.1918225325665638e-11,-9.749645066061407e-12
218.85,1.2022904586682545e-11,-9.69639006529752e-12
218.86,1.2126584203712547e-11,-9.642394043093392e-12
218.87,1.2229257886940572e-11,-9.587663159710812e-12
218.88,1.2330918978393934e-11,-9.532203886375171e-12
218.89,1.2431560976242178e-11,-9.476022344627319e-12
218.9,1.253117744535998e-11,-9.419125136008237e-12
218.91,1.2629761964298404e-11,-9.361518633718573e-12
218.92,1.2727308703603783e-11,-9.303209409079043e-12
218.93,1.282381152240348e-11,-9.244203932917835e-12
218.94,1.2919263916253305e-11,-9.184508938891479e-12
218.95,1.3013660414087534e-11,-9.124130824022063e-12
218.96,1.310699523323306e-11,-9.063076643181923e-12
218.97,1.3199262299241333e-11,-9.001352617544302e-12
218.98,1.3290456168312335e-11,-8.938966043646286e-12
218.99,1.3380571563153476e-11,-8.875923485128737e-12
219.0,1.3469602387057442e-11,-8.812231863577529e-12
219.01,1.355754383266798e-11,-8.747898112682571e-12
219.02,1.3644390660053029e-11,-8.682928971983687e-12
219.03,1.3730137327035368e-11,-8.617332038506218e-12
219.04,1.3814778876706122e-11,-8.551113651187862e-12
219.05,1.3898310807387454e-11,-8.484281450982239e-12
219.06,1.398072747943865e-11,-8.416841885855952e-12
219.07,1.4062024643702015e-11,-8.348802780127706e-12
219.08,1.4142197641593138e-11,-8.280170384941748e-12
219.09,1.4221241252658422e-11,-8.210953503778299e-12
219.1,1.429915183214722e-11,-8.141158000339236e-12
219.11,1.4375924890561218e-11,-8.0707917374129e-12
219.12,1.4451555294627516e-11,-7.999861801754913e-12
219.13,1.4526039715005386e-11,-7.928375866205017e-12
219.14,1.4599373815889617e-11,-7.856340996351255e-12
219.15,1.467155349874312e-11,-7.783764869976001e-12
219.16,1.474257498188088e-11,-7.710654927379326e-12
219.17,1.4812434301550122e-11,-7.637018584545468e-12
219.18,1.4881128115992377e-11,-7.562863350121766e-12
219.19,1.4948652450281183e-11,-7.48819672377197e-12
219.2,1.5015004475096615e-11,-7.41302641351162e-12
219.21,1.5080179205471006e-11,-7.337360103742419e-12
219.22,1.5144175104177125e-11,-7.261205281709453e-12
219.23,1.5206988056403615e-11,-7.1845695467346675e-12
219.24,1.5268615150544036e-11,-7.107460874685275e-12
219.25,1.5329053611088705e-11,-7.029886745603154e-12
219.26,1.5388299904080794e-11,-6.951855001826342e-12
219.27,1.5446352016994807e-11,-6.8733732978037e-12
219.28,1.5503206712294597e-11,-6.79444949195678e-12
219.29,1.5558861443849527e-11,-6.71509156500399e-12
219.3,1.5613314055720607e-11,-6.63530721349139e-12
219.31,1.5666561473860874e-11,-6.5551041664937865e-12
219.32,1.5718602178876925e-11,-6.47449039390599e-12
219.33,1.5769433515280653e-11,-6.393473868661882e-12
219.34,1.5819053287817002e-11,-6.312062403033752e-12
219.35,1.586745997925251e-11,-6.230264024361485e-12
219.36,1.5914651167538718e-11,-6.148086672166729e-12
219.37,1.5960625159331844e-11,-6.065538198015482e-12
219.38,1.6005380427442816e-11,-5.982626810863178e-12
219.39,1.6048915301102337e-11,-5.899360183927451e-12
219.4,1.6091228213279862e-11,-5.8157466395574605e-12
219.41,1.61323177366546e-11,-5.7317940531249535e-12
219.42,1.6172182567419492e-11,-5.647510441068069e-12
219.43,1.6210821598495734e-11,-5.562904128450066e-12
219.44,1.624823379259505e-11,-5.477982797318427e-12
219.45,1.6284418018123044e-11,-5.3927548506945425e-12
219.46,1.631937331528376e-11,-5.3072279171656914e-12
219.47,1.6353095762824575e-11,-5.221412599789582e-12
219.48,1.6385594024902344e-11,-5.1353109288594555e-12
219.49,1.641685873128844e-11,-5.048936712822256e-12
219.5,1.6446891172889696e-11,-4.962296474601507e-12
219.51,1.6475691117751982e-11,-4.875398208296961e-12
219.52,1.650326025350504e-11,-4.7882495462276215e-12
219.53,1.6529596598030664e-11,-4.700859254556123e-12
219.54,1.6554700036638336e-11,-4.613235469160879e-12
219.55,1.6578570961297607e-11,-4.525385993175511e-12
219.56,1.6601209358553372e-11,-4.437319447331823e-12
219.57,1.662261549364723e-11,-4.349043174761191e-12
219.58,1.664278974323351e-11,-4.2605662093747114e-12
219.59,1.6661732105253494e-11,-4.171896240625289e-12
219.6,1.6679443324306708e-11,-4.0830410250596585e-12
219.61,1.669592378797022e-11,-3.9940102822154864e-12
219.62,1.6711174752412942e-11,-3.904810467688268e-12
219.63,1.6725196360634846e-11,-3.81545055439022e-12
219.64,1.6737989423686854e-11,-3.725938425861172e-12
219.65,1.6749554926077827e-11,-3.6362823679938126e-12
219.66,1.6759894707684688e-11,-3.546490475372461e-12
219.67,1.6769009155711597e-11,-3.4565710785932717e-12
219.68,1.6776899771495708e-11,-3.366531879740541e-12
219.69,1.6783566727007683e-11,-3.27638178980126e-12
219.7,1.6789013987695165e-11,-3.1861279265508177e-12
219.71,1.6793240969219376e-11,-3.095779024115904e-12
219.72,1.679625001620655e-11,-3.0053431100530446e-12
219.73,1.6798042888279346e-11,-2.9148283076661183e-12
219.74,1.6798620741866436e-11,-2.8242428353440136e-12
219.75,1.6797986252536574e-11,-2.7335945114475226e-12
219.76,1.679614215959071e-11,-2.6428911509928224e-12
219.77,1.6793089000708332e-11,-2.552141428734369e-12
219.78,1.678882913750791e-11,-2.461353257659898e-12
219.79,1.6783366030291587e-11,-2.3705342068335434e-12
219.8,1.677670116930454e-11,-2.279692898463346e-12
219.81,1.6768836582144855e-11,-2.1888370363284955e-12
219.82,1.6759775805491082e-11,-2.097974511221842e-12
219.83,1.6749521086546416e-11,-2.007113714006562e-12
219.84,1.6738075099202794e-11,-1.9162622530642856e-12
219.85,1.6725440809712058e-11,-1.8254281454919626e-12
219.86,1.6711621017566678e-11,-1.7346193672646819e-12
219.87,1.6696618704663296e-11,-1.6438436963696159e-12
219.88,1.6680437203588605e-11,-1.5531092440638068e-12
219.89,1.6663079196243076e-11,-1.4624238109840158e-12
219.9,1.6644548614369218e-11,-1.3717951592821524e-12
219.91,1.662484839551394e-11,-1.2812312489573957e-12
219.92,1.6603981991042998e-11,-1.190739748437879e-12
219.93,1.6581953239760726e-11,-1.1003285185947136e-12
219.94,1.6558765315755132e-11,-1.0100053337209878e-12
219.95,1.6534422575725212e-11,-9.197780831197192e-13
219.96,1.6508928149435866e-11,-8.296542047410461e-13
219.97,1.6482286208983507e-11,-7.396414824231414e-13
219.98,1.645450072766479e-11,-6.49747685062787e-13
219.99,1.6425575557983526e-11,-5.599806087210245e-13
220.0,1.6395515108475207e-11,-4.70347569668343e-13
220.01,1.6364323849544526e-11,-3.8085607254774074e-13
220.02,1.6332005403554625e-11,-2.9151411541230956e-13
220.03,1.629856448255132e-11,-2.0232888388050603e-13
220.04,1.626400581516485e-11,-1.133080982708533e-13
220.05,1.6228333235270806e-11,-2.4459289565180767e-14
220.06,1.619155219906763e-11,6.42104165668388e-14
220.07,1.615366724308591e-11,1.5269339428620266e-13
220.08,1.6114682537887565e-11,2.409822585548055e-13
220.09,1.607460355761242e-11,3.290695380830277e-13
220.1,1.6033435080356326e-11,4.1694804443392507e-13
220.11,1.599118216475281e-11,5.04610580209132e-13
220.12,1.5947849776328863e-11,5.920497015293283e-13
220.13,1.5903443481832444e-11,6.792583020304682e-13
220.14,1.585796942943837e-11,7.662298432780673e-13
220.15,1.58114290465103e-11,8.529548087067595e-13
220.16,1.5763831952852144e-11,9.394285416337133e-13
220.17,1.5715182085493966e-11,1.0256431860486735e-12
220.18,1.5665485478626856e-11,1.1115913321651528e-12
220.19,1.5614746779597818e-11,1.1972668800262378e-12
220.2,1.5562972743320346e-11,1.2826618452520852e-12
220.21,1.5510168675801824e-11,1.3677697215576646e-12
220.22,1.545634046072229e-11,1.4525835871568007e-12
220.23,1.5401494252396224e-11,1.5370965483564448e-12
220.24,1.5345635630660453e-11,1.6213019411508532e-12
220.25,1.5288771091233396e-11,1.7051927411908453e-12
220.26,1.523090630259866e-11,1.7887621830250894e-12
220.27,1.517204899183088e-11,1.8720056961560107e-12
220.28,1.511220209226554e-11,1.954910826465618e-12
220.29,1.5051374963884158e-11,2.0374766759329083e-12
220.3,1.4989573495874105e-11,2.119694646100662e-12
220.31,1.492680346937478e-11,2.201558406977113e-12
220.32,1.4863071937214003e-11,2.2830613514294264e-12
220.33,1.479838534840558e-11,2.3641971337329613e-12
220.34,1.473275029073635e-11,2.444959151931474e-12
220.35,1.4666173757575345e-11,2.5253412846779e-12
220.36,1.459866218110414e-11,2.6053367362747266e-12
220.37,1.4530222584178573e-11,2.684940242282484e-12
220.38,1.446086206873532e-11,2.764144587443223e-12
220.39,1.4390587762003786e-11,2.842944272580994e-12
220.4,1.4319406303352117e-11,2.9213327294679995e-12
220.41,1.424732510532935e-11,2.9993040936061385e-12
220.42,1.4174351216286804e-11,3.076852252709847e-12
220.43,1.410049154595435e-11,3.153971166431228e-12
220.44,1.4025754299009226e-11,3.2306552772397955e-12
220.45,1.3950146173598734e-11,3.306898412546225e-12
220.46,1.3873674390699893e-11,3.3826946462161833e-12
220.47,1.3796346764299285e-11,3.458038400610213e-12
220.48,1.3718170992055515e-11,3.532923892840664e-12
220.49,1.3639154101069109e-11,3.607345268753845e-12
220.5,1.3559304071739276e-11,3.681297235156193e-12
220.51,1.3478628953421797e-11,3.754774093728811e-12
220.52,1.3397135746454154e-11,3.827770264143058e-12
220.53,1.3314832924631578e-11,3.900280216202914e-12
220.54,1.3231728725987301e-11,3.972298878096968e-12
220.55,1.3147828341830853e-11,4.043820225424204e-12
220.56,1.3063142468668269e-11,4.114839491327197e-12
220.57,1.2977678782232321e-11,4.185351350528164e-12
220.58,1.2891444685003525e-11,4.255350378330179e-12
220.59,1.2804448326770774e-11,4.324831967380742e-12
220.6,1.2716698112889373e-11,4.3937905061792414e-12
220.61,1.2628202075297993e-11,4.462220719649264e-12
220.62,1.253896847162198e-11,4.530118379664164e-12
220.63,1.2449006083861449e-11,4.59747821729833e-12
220.64,1.2358321466595883e-11,4.664295012243512e-12
220.65,1.2266924793346505e-11,4.730564302284989e-12
220.66,1.2174824256212386e-11,4.7962817330379035e-12
220.67,1.208202741857925e-11,4.861441805275552e-12
220.68,1.1988543481426467e-11,4.926040360795853e-12
220.69,1.1894381199444197e-11,4.990072759589613e-12
220.7,1.1799548048404026e-11,5.053534413562617e-12
220.71,1.1704053612227151e-11,5.116420907240653e-12
220.72,1.1607906741335746e-11,5.1787278780885624e-12
220.73,1.1511114639704667e-11,5.240450863565238e-12
220.74,1.1413687448515768e-11,5.30158548816903e-12
220.75,1.1315633783245416e-11,5.362128038591162e-12
220.76,1.121696211211715e-11,5.422073898107696e-12
220.77,1.1117680697015098e-11,5.4814187596714724e-12
220.78,1.1017799461079414e-11,5.540158868972949e-12
220.79,1.0917326771886722e-11,5.598290322661998e-12
220.8,1.0816271627552793e-11,5.655809184673048e-12
220.81,1.0714642616911857e-11,5.712711312608871e-12
220.82,1.0612449614206408e-11,5.768993281742518e-12
220.83,1.0509700986875724e-11,5.824651097276284e-12
220.84,1.040640580212919e-11,5.8796812044458495e-12
220.85,1.0302573197839333e-11,5.934079765342973e-12
220.86,1.0198212593195882e-11,5.987843568382909e-12
220.87,1.0093332618473246e-11,6.0409689550673654e-12
220.88,9.987942637794414e-12,6.093452200166059e-12
220.89,9.882051749840454e-12,6.1452902867717565e-12
220.9,9.775669670481248e-12,6.196480259957667e-12
220.91,9.668804724629709e-12,6.247017625191805e-12
220.92,9.561466800484224e-12,6.296900549866304e-12
220.93,9.453665444055074e-12,6.3461251773928834e-12
220.94,9.345408739662489e-12,6.39468870298959e-12
220.95,9.236707498344002e-12,6.442588190560767e-12
220.96,9.12757018614854e-12,6.489820478725616e-12
220.97,9.018006248882061e-12,6.536382856228317e-12
220.98,8.908025301791714e-12,6.582272577777959e-12
220.99,8.797635762379677e-12,6.627486223036107e-12
221.0,8.686849067686852e-12,6.672022499849951e-12
221.01,8.575673110682236e-12,6.715877846389776e-12
221.02,8.464117608146467e-12,6.7590502044173865e-12
221.03,8.352191863310867e-12,6.801536222911915e-12
221.04,8.239905672739122e-12,6.843334244112453e-12
221.05,8.127269282070342e-12,6.884441947941809e-12
221.06,8.014289720005505e-12,6.924856340822346e-12
221.07,7.9009783176464e-12,6.964575868961254e-12
221.08,7.787344489108707e-12,7.003598229321309e-12
221.09,7.673398239111064e-12,7.041921413105241e-12
221.1,7.559147978056527e-12,7.079543142318982e-12
221.11,7.44460385226532e-12,7.116461558871168e-12
221.12,7.329775171939853e-12,7.152674911811242e-12
221.13,7.214671714029518e-12,7.188181105832199e-12
221.14,7.099302894418808e-12,7.222978620205791e-12
221.15,6.983678558323977e-12,7.257065635626745e-12
221.16,6.86780758706969e-12,7.290440537886908e-12
221.17,6.751700310532201e-12,7.323101713638994e-12
221.18,6.635365667015787e-12,7.355047698619104e-12
221.19,6.518813813459046e-12,7.386276836579727e-12
221.2,6.402054484452024e-12,7.416788585641199e-12
221.21,6.285096185911807e-12,7.446580563405652e-12
221.22,6.167949591229128e-12,7.475652068170635e-12
221.23,6.0506236741526585e-12,7.50400180642882e-12
221.24,5.9331282536886435e-12,7.53162882855544e-12
221.25,5.815472881124829e-12,7.558531832171177e-12
221.26,5.697666621552962e-12,7.584709584170126e-12
221.27,5.579720255147607e-12,7.610162216343349e-12
221.28,5.461642191502362e-12,7.63488773040333e-12
221.29,5.3434425357603745e-12,7.658886021390189e-12
221.3,5.225130511093692e-12,7.682156042729624e-12
221.31,5.106716056524021e-12,7.704697264552502e-12
221.32,4.988208422785946e-12,7.726509096916041e-12
221.33,4.869617561356792e-12,7.747590797306635e-12
221.34,4.750951966803957e-12,7.767942416844742e-12
221.35,4.632221857018754e-12,7.787563317156256e-12
221.36,4.5134371600997406e-12,7.806452381993306e-12
221.37,4.394606626544556e-12,7.824610532001064e-12
221.38,4.275740057566855e-12,7.842036828507043e-12
221.39,4.156846719821195e-12,7.858731454322273e-12
221.4,4.037936131018201e-12,7.874694071236639e-12
221.41,3.919017986386314e-12,7.889924961555207e-12
221.42,3.800101332689373e-12,7.904424011525936e-12
221.43,3.681195682574268e-12,7.918191351420235e-12
221.44,3.562313690729883e-12,7.931228204135646e-12
221.45,3.443455165724613e-12,7.943531742758632e-12
221.46,3.324638765636012e-12,7.955105226756814e-12
221.47,3.2058709778488004e-12,7.965948224430086e-12
221.48,3.0871606067828446e-12,7.976060842178843e-12
221.49,2.9685180254420525e-12,7.985444326589338e-12
221.5,2.8499509721600544e-12,7.994097818426277e-12
221.51,2.7314699786479435e-12,8.00202339944133e-12
221.52,2.613083307575925e-12,8.009220760172713e-12
221.53,2.4948014830835033e-12,8.015691469180442e-12
221.54,2.376631754553899e-12,8.021435410369022e-12
221.55,2.2585847277894503e-12,8.026454106906997e-12
221.56,2.140669032959118e-12,8.030748226643257e-12
221.57,2.0228940006907386e-12,8.03431893992227e-12
221.58,1.9052685761519165e-12,8.037167158728258e-12
221.59,1.7878017204185143e-12,8.039293933616483e-12
221.6,1.6705024935023859e-12,8.040700780001168e-12
221.61,1.5533799627820558e-12,8.041388437454393e-12
221.62,1.4364429432905464e-12,8.041358480692568e-12
221.63,1.3197005100862236e-12,8.04061229665313e-12
221.64,1.203161391493773e-12,8.039151182405893e-12
221.65,1.0868346826084713e-12,8.036976679202298e-12
221.66,9.707293285149882e-13,8.034090402355317e-12
221.67,8.548533939899016e-13,8.030493714993716e-12
221.68,7.392163819358692e-13,8.026188284643888e-12
221.69,6.238266352539502e-13,8.021176042069566e-12
221.7,5.086933352090978e-13,8.015458708779851e-12
221.71,3.938247788462358e-13,8.009037971743176e-12
221.72,2.792294455534596e-13,8.001915819592683e-12
221.73,1.6491611172014134e-13,7.994094157730721e-12
221.74,5.0893446543964625e-14,7.985575002845578e-12
221.75,-6.283022206568906e-14,7.976360206868877e-12
221.76,-1.7624618714911288e-13,7.966452476860923e-12
221.77,-2.89346081133354e-13,7.955853306858035e-12
221.78,-4.0212190121634803e-13,7.944565142060514e-12
221.79,-5.14564831860348e-13,7.932590496251367e-12
221.8,-6.266664520415737e-13,7.919931573920431e-12
221.81,-7.384188442057027e-13,7.906590607402597e-12
221.82,-8.498135631374952e-13,7.892570224392716e-12
221.83,-9.608424235912877e-13,7.877872899327888e-12
221.84,-1.0714976398536759e-12,7.862501104379041e-12
221.85,-1.1817706862686014e-12,7.846457443735421e-12
221.86,-1.2916534824494669e-12,7.829744736595107e-12
221.87,-1.401138338823102e-12,7.812365485152575e-12
221.88,-1.5102168182527196e-12,7.794322846571079e-12
221.89,-1.6188814790403343e-12,7.775619249334316e-12
221.9,-1.7271244948699874e-12,7.756257528689862e-12
221.91,-1.834937241132518e-12,7.736241116937604e-12
221.92,-1.9423122986177187e-12,7.715572688556243e-12
221.93,-2.0492424498527478e-12,7.694255291549438e-12
221.94,-2.155719805502865e-12,7.672291551236523e-12
221.95,-2.2617364700600156e-12,7.64968525658941e-12
221.96,-2.367284713104596e-12,7.626439469795524e-12
221.97,-2.4723574064876336e-12,7.602557205549608e-12
221.98,-2.576946632567063e-12,7.578041997514476e-12
221.99,-2.681045459369816e-12,7.552897026233545e-12
222.0,-2.7846462344903584e-12,7.527125670228146e-12
222.01,-2.887741622352994e-12,7.500731394703422e-12
222.02,-2.990324216294933e-12,7.473717640534167e-12
222.03,-3.092387107257661e-12,7.446087913080077e-12
222.04,-3.1939227276834678e-12,7.417845954934868e-12
222.05,-3.2949243839072674e-12,7.38899519242312e-12
222.06,-3.3953849249096415e-12,7.359539186925013e-12
222.07,-3.4952967895144607e-12,7.329482217961416e-12
222.08,-3.594653703661563e-12,7.298827486656271e-12
222.09,-3.693448434834648e-12,7.2675789840768276e-12
222.1,-3.791673686456128e-12,7.2357406491902564e-12
222.11,-3.889324138506555e-12,7.2033165436481835e-12
222.12,-3.986391947294427e-12,7.170309506821781e-12
222.13,-4.082870365056516e-12,7.136724609539619e-12
222.14,-4.178753201028895e-12,7.102565798674291e-12
222.15,-4.274033672036156e-12,7.0678370722768154e-12
222.16,-4.368705294901366e-12,7.0325421664970796e-12
222.17,-4.462761810658342e-12,6.996685704311928e-12
222.18,-4.556196713206699e-12,6.960271546612702e-12
222.19,-4.6490037170303424e-12,6.923304029994199e-12
222.2,-4.741176645082174e-12,6.885787380602474e-12
222.21,-4.832709123395384e-12,6.847726193732841e-12
222.22,-4.92359523624331e-12,6.809124236501203e-12
222.23,-5.013828840738296e-12,6.76998661567736e-12
222.24,-5.1034043498567285e-12,6.730318303176832e-12
222.25,-5.192314272240028e-12,6.690120774795185e-12
222.26,-5.280554474445387e-12,6.649401925864514e-12
222.27,-5.368118462256889e-12,6.608164643415057e-12
222.28,-5.455000545282301e-12,6.566414122041816e-12
222.29,-5.5411948586519894e-12,6.524154557739304e-12
222.3,-5.626696212013579e-12,6.481391115022112e-12
222.31,-5.711498823499099e-12,6.438127781104336e-12
222.32,-5.795596988573176e-12,6.394369753927679e-12
222.33,-5.878985227208534e-12,6.350121814847184e-12
222.34,-5.9616588375165545e-12,6.305388580699841e-12
222.35,-6.043611902423289e-12,6.260174989622199e-12
222.36,-6.124839353344564e-12,6.214485791950946e-12
222.37,-6.205336094288724e-12,6.168325870329423e-12
222.38,-6.285096906834064e-12,6.121700271203338e-12
222.39,-6.3641170437011195e-12,6.074613968069795e-12
222.4,-6.4423911227407264e-12,6.0270718029145276e-12
222.41,-6.5199145775506595e-12,5.9790788578406e-12
222.42,-6.596682737813305e-12,5.930640391142239e-12
222.43,-6.672690187007954e-12,5.881760950951592e-12
222.44,-6.747932787692289e-12,5.832446147263269e-12
222.45,-6.822405930611535e-12,5.782700844848848e-12
222.46,-6.896104766345049e-12,5.732530584744205e-12
222.47,-6.969025227628845e-12,5.681940017116668e-12
222.48,-7.0411624252169e-12,5.630934781580025e-12
222.49,-7.112512269922338e-12,5.579519833873222e-12
222.5,-7.183070491735541e-12,5.5277006963166956e-12
222.51,-7.25283264190871e-12,5.475482352452644e-12
222.52,-7.321795507276814e-12,5.422870824646343e-12
222.53,-7.389954189254375e-12,5.3698706375285345e-12
222.54,-7.457304082427335e-12,5.316487468745187e-12
222.55,-7.523842985431261e-12,5.262726859142808e-12
222.56,-7.589565811504594e-12,5.20859414257957e-12
222.57,-7.65446900448321e-12,5.15409475411855e-12
222.58,-7.718549187031045e-12,5.099233848068511e-12
222.59,-7.781802283269953e-12,5.0440174220325375e-12
222.6,-7.844226034152149e-12,4.988450491910643e-12
222.61,-7.90581401025852e-12,4.932539419304637e-12
222.62,-7.966565561365992e-12,4.876288789822354e-12
222.63,-8.026476437845675e-12,4.819704743615761e-12
222.64,-8.085543596403075e-12,4.762792535868812e-12
222.65,-8.143763447992408e-12,4.7055580980574605e-12
222.66,-8.201133348400389e-12,4.6480067174774404e-12
222.67,-8.257649952244633e-12,4.590144262417715e-12
222.68,-8.313310154796366e-12,4.531976419519162e-12
222.69,-8.368111389494596e-12,4.473508569488533e-12
222.7,-8.422050403099014e-12,4.414746879576615e-12
222.71,-8.475125101820059e-12,4.355696780148333e-12
222.72,-8.527332104404268e-12,4.296363968762457e-12
222.73,-8.578669210041244e-12,4.236754004444567e-12
222.74,-8.629133879408698e-12,4.17687299208678e-12
222.75,-8.678723369381482e-12,4.116726593797073e-12
222.76,-8.727435724026105e-12,4.056320509450383e-12
222.77,-8.775268310282903e-12,3.995660625167846e-12
222.78,-8.82221908951576e-12,3.934752528581953e-12
222.79,-8.86828580239774e-12,3.8736021836095345e-12
222.8,-8.913466249223362e-12,3.812215482858473e-12
222.81,-8.957758606185775e-12,3.750598171867048e-12
222.82,-9.001160898755794e-12,3.688756091825318e-12
222.83,-9.043671078528364e-12,3.626695137873893e-12
222.84,-9.0852874247535e-12,3.5644210987748164e-12
222.85,-9.126008561760225e-12,3.5019399874249817e-12
222.86,-9.165832485083083e-12,3.4392574625138437e-12
222.87,-9.20475809300227e-12,3.376379396678478e-12
222.88,-9.242782762892376e-12,3.3133120954407196e-12
222.89,-9.279906286819801e-12,3.2500608738704575e-12
222.9,-9.316126975957944e-12,3.186631894604066e-12
222.91,-9.351443293254436e-12,3.123031432345608e-12
222.92,-9.385854225027009e-12,3.059264736710911e-12
222.93,-9.419358577950765e-12,2.9953379640791892e-12
222.94,-9.451955544094877e-12,2.9312575412524757e-12
222.95,-9.483643864185885e-12,2.867028606147145e-12
222.96,-9.514423055542963e-12,2.802657468633659e-12
222.97,-9.544291340882603e-12,2.7381499677959346e-12
222.98,-9.573249054681263e-12,2.6735121620224466e-12
222.99,-9.601294577827906e-12,2.6087499148972798e-12
223.0,-9.62842838463026e-12,2.54386897904243e-12
223.01,-9.654649238696064e-12,2.4788755019894205e-12
223.02,-9.679957009248828e-12,2.413775383207284e-12
223.03,-9.704350748957927e-12,2.348574344167925e-12
223.04,-9.72783056618297e-12,2.283278611166827e-12
223.05,-9.750396455755537e-12,2.217893849367833e-12
223.06,-9.772047843256924e-12,2.1524261127019606e-12
223.07,-9.792784666025173e-12,2.08688133868775e-12
223.08,-9.812607037628107e-12,2.0212653442114802e-12
223.09,-9.831515023788568e-12,1.955584144397115e-12
223.1,-9.849508573212451e-12,1.889843567515969e-12
223.11,-9.866588208958995e-12,1.824049509191308e-12
223.12,-9.882753793034835e-12,1.7582078422580556e-12
223.13,-9.89800630463138e-12,1.6923244780402845e-12
223.14,-9.912345279566409e-12,1.6264053013711907e-12
223.15,-9.925772299807595e-12,1.560456176973849e-12
223.16,-9.93828698880774e-12,1.4944829531446299e-12
223.17,-9.94989020369877e-12,1.4284916741595086e-12
223.18,-9.96058296120442e-12,1.362487814430358e-12
223.19,-9.970365763224124e-12,1.2964775032443222e-12
223.2,-9.979239618330967e-12,1.2304665232294937e-12
223.21,-9.987205282941434e-12,1.1644605157330166e-12
223.22,-9.994263787098254e-12,1.0984655748536895e-12
223.23,-1.0000415890203495e-11,1.0324873655228757e-12
223.24,-1.0005663906713276e-11,9.665313348672068e-13
223.25,-1.0010007673251988e-11,9.006037821424131e-13
223.26,-1.001344929804954e-11,8.347101007880623e-13
223.27,-1.0015989239309942e-11,7.688564994682032e-13
223.28,-1.0017629881436363e-11,7.030480612790021e-13
223.29,-1.0018372303243721e-11,6.372910063384073e-13
223.3,-1.0018217814196481e-11,5.715908020798257e-13
223.31,-1.0017168551065641e-11,5.059533114594872e-13
223.32,-1.0015225315440222e-11,4.4038324942234813e-13
223.33,-1.0012391172018441e-11,3.7488869813007037e-13
223.34,-1.0008667039153739e-11,3.094728971438461e-13
223.35,-1.0004054541148055e-11,2.441424846045904e-13
223.36,-9.998556681887908e-12,1.7890272427750164e-13
223.37,-9.992174460897385e-12,1.1375935559662465e-13
223.38,-9.984910593845721e-12,4.871806832455179e-14
223.39,-9.976766895940773e-12,-1.621579553956848e-14
223.4,-9.967745735624675e-12,-8.103650538025979e-14
223.41,-9.957851542020857e-12,-1.4573906705510257e-13
223.42,-9.947080365197823e-12,-2.103168919530551e-13
223.43,-9.935441097506474e-12,-2.747655936207818e-13
223.44,-9.9229331636866e-12,-3.390788960404195e-13
223.45,-9.909560106923045e-12,-4.0325227889706095e-13
223.46,-9.895324795945272e-12,-4.672795336334385e-13
223.47,-9.880229391294028e-12,-5.311556693766092e-13
223.48,-9.864276341060197e-12,-5.94875229468058e-13
223.49,-9.847468883465136e-12,-6.584328889133338e-13
223.5,-9.829809980844929e-12,-7.218233336934341e-13
223.51,-9.81130178705549e-12,-7.850411386207728e-13
223.52,-9.791948020872661e-12,-8.480811643147148e-13
223.53,-9.771751752941537e-12,-9.109380882798567e-13
223.54,-9.75071567513873e-12,-9.736067706638406e-13
223.55,-9.728843547139346e-12,-1.0360820150891392e-12
223.56,-9.706138084628273e-12,-1.098358581607775e-12
223.57,-9.682602735095473e-12,-1.1604314060160405e-12
223.58,-9.658241086679754e-12,-1.2222952348014586e-12
223.59,-9.633056067429826e-12,-1.2839452178050833e-12
223.6,-9.607051691192105e-12,-1.3453760606190174e-12
223.61,-9.580231283948685e-12,-1.4065828537833628e-12
223.62,-9.552598317322638e-12,-1.467560640948239e-12
223.63,-9.524156245242474e-12,-1.5283039473825977e-12
223.64,-9.494909907404035e-12,-1.588808953818635e-12
223.65,-9.464861807804119e-12,-1.6490696175238063e-12
223.66,-9.43401616961434e-12,-1.7090815885738922e-12
223.67,-9.402377108854288e-12,-1.7688397028360485e-12
223.68,-9.369948326420929e-12,-1.8283393412530387e-12
223.69,-9.336734055434431e-12,-1.8875758585238413e-12
223.7,-9.302737947370773e-12,-1.9465442068101375e-12
223.71,-9.267964427760458e-12,-2.0052397864591175e-12
223.72,-9.232417605953244e-12,-2.063657695853375e-12
223.73,-9.196101699732901e-12,-2.12179362843083e-12
223.74,-9.159021095447115e-12,-2.1796427577321097e-12
223.75,-9.12117984217653e-12,-2.237200377875547e-12
223.76,-9.082582589603686e-12,-2.294462191323837e-12
223.77,-9.043233427078257e-12,-2.351423184807377e-12
223.78,-9.003137246936972e-12,-2.408079426169053e-12
223.79,-8.962298238595468e-12,-2.464426048460809e-12
223.8,-8.920721350578192e-12,-2.520458759380362e-12
223.81,-8.878410943999746e-12,-2.5761732792578914e-12
223.82,-8.835371468311413e-12,-2.6315648979841824e-12
223.83,-8.791608159738721e-12,-2.686629622551673e-12
223.84,-8.747125755721399e-12,-2.741362964975344e-12
223.85,-8.701928731837928e-12,-2.7957609346325795e-12
223.86,-8.656022275121845e-12,-2.849818946562455e-12
223.87,-8.60941110994532e-12,-2.9035331496613593e-12
223.88,-8.56210034087386e-12,-2.9568990001956313e-12
223.89,-8.514094792832394e-12,-3.0099126829655094e-12
223.9,-8.46540031724366e-12,-3.0625702397275603e-12
223.91,-8.416020904227761e-12,-3.1148674948615324e-12
223.92,-8.365962375688963e-12,-3.1668002531284245e-12
223.93,-8.315229781841517e-12,-3.2183649917552752e-12
223.94,-8.26382823638088e-12,-3.2695574608381657e-12
223.95,-8.21176374697804e-12,-3.3203737877758547e-12
223.96,-8.15904057299994e-12,-3.3708102226150856e-12
223.97,-8.105664756968378e-12,-3.4208630381281518e-12
223.98,-8.051641729981956e-12,-3.4705284649590804e-12
223.99,-7.996976987496019e-12,-3.5198028856547015e-12
224.0,-7.941675277837595e-12,-3.568682023808939e-12
224.01,-7.885743035155552e-12,-3.617162836075282e-12
224.02,-7.829185571326773e-12,-3.665241688496451e-12
224.03,-7.772008823660618e-12,-3.71291510803062e-12
224.04,-7.7142175094055e-12,-3.760178844799968e-12
224.05,-7.655818238528712e-12,-3.80703028081653e-12
224.06,-7.596816529032549e-12,-3.853465648418467e-12
224.07,-7.537217943373091e-12,-3.8994816200006145e-12
224.08,-7.477027149773145e-12,-3.945074787682586e-12
224.09,-7.416254338000944e-12,-3.990241912462743e-12
224.1,-7.354900682886988e-12,-4.0349796803361955e-12
224.11,-7.292974092745585e-12,-4.079284735311327e-12
224.12,-7.2304808672951165e-12,-4.123154200437997e-12
224.13,-7.1674249142912465e-12,-4.166584869686789e-12
224.14,-7.1038144566793146e-12,-4.209573573886694e-12
224.15,-7.0396548631284155e-12,-4.252117284980662e-12
224.16,-6.974952280578013e-12,-4.294213030828666e-12
224.17,-6.909712769837046e-12,-4.335857766354336e-12
224.18,-6.84394240570758e-12,-4.377048736518128e-12
224.19,-6.7776473006366015e-12,-4.417782790201394e-12
224.2,-6.710834352008217e-12,-4.458057655289516e-12
224.21,-6.643509592709521e-12,-4.497870673014906e-12
224.22,-6.575677893097335e-12,-4.537217293013583e-12
224.23,-6.507347333521496e-12,-4.576096877296709e-12
224.24,-6.438523913580054e-12,-4.6145064418200564e-12
224.25,-6.369213304233904e-12,-4.652442596470728e-12
224.26,-6.2994222896142e-12,-4.689903219643247e-12
224.27,-6.229157713893594e-12,-4.72688614259816e-12
224.28,-6.158425480771342e-12,-4.763388517908428e-12
224.29,-6.087232070435679e-12,-4.799407862884902e-12
224.3,-6.015584444598229e-12,-4.834942060242806e-12
224.31,-5.943488374179982e-12,-4.8699885016147566e-12
224.32,-5.870951323539982e-12,-4.9045453363889045e-12
224.33,-5.797979052028076e-12,-4.938609943162901e-12
224.34,-5.72457868082765e-12,-4.972180406205602e-12
224.35,-5.650756483887317e-12,-5.005254361900921e-12
224.36,-5.576519778330183e-12,-5.037830121643288e-12
224.37,-5.5018743334694174e-12,-5.069905376069894e-12
224.38,-5.426827101553828e-12,-5.101477586143053e-12
224.39,-5.351384868831683e-12,-5.132545525058305e-12
224.4,-5.27555480690114e-12,-5.163107466368729e-12
224.41,-5.199342979024779e-12,-5.193161050862409e-12
224.42,-5.122756522264828e-12,-5.222704636376682e-12
224.43,-5.045802036450943e-12,-5.251736459011698e-12
224.44,-4.9684863080709614e-12,-5.280254764384751e-12
224.45,-4.890816437768317e-12,-5.308257974642924e-12
224.46,-4.812798684605952e-12,-5.335744502157275e-12
224.47,-4.734440492502997e-12,-5.362712612168511e-12
224.48,-4.655747975162733e-12,-5.3891611035369264e-12
224.49,-4.5767291225097275e-12,-5.415087880326305e-12
224.5,-4.497390362572696e-12,-5.440492655099134e-12
224.51,-4.4177381102012685e-12,-5.465372965862432e-12
224.52,-4.3377794478545486e-12,-5.489727671701981e-12
224.53,-4.2575212132440014e-12,-5.513555732428087e-12
224.54,-4.176970681905605e-12,-5.536855731635786e-12
224.55,-4.09613501050395e-12,-5.559627204544646e-12
224.56,-4.015020874115961e-12,-5.581868315639901e-12
224.57,-3.9336350546721546e-12,-5.603577427820716e-12
224.58,-3.851984478003149e-12,-5.624754887307998e-12
224.59,-3.7700763513400115e-12,-5.645398734021643e-12
224.6,-3.687917622071939e-12,-5.665508217363722e-12
224.61,-3.60551540097969e-12,-5.685082735750919e-12
224.62,-3.5228763445624405e-12,-5.7041211603064624e-12
224.63,-3.4400078158203316e-12,-5.7226224304411746e-12
224.64,-3.3569168831357115e-12,-5.740586608975682e-12
224.65,-3.2736103108193806e-12,-5.7580123627527495e-12
224.66,-3.190095016957123e-12,-5.774898834800161e-12
224.67,-3.1063784484462025e-12,-5.791246205722251e-12
224.68,-3.0224672420121723e-12,-5.807053385765818e-12
224.69,-2.9383684985686004e-12,-5.822319770523886e-12
224.7,-2.854089849592369e-12,-5.83704540164839e-12
224.71,-2.7696375108495752e-12,-5.8512293584690684e-12
224.72,-2.685018831839338e-12,-5.8648714773812735e-12
224.73,-2.600240993481985e-12,-5.8779714407127144e-12
224.74,-2.5153108649067795e-12,-5.8905289949355925e-12
224.75,-2.4302355964374117e-12,-5.902543950530684e-12
224.76,-2.34502213244741e-12,-5.9140160181704346e-12
224.77,-2.259677580611923e-12,-5.924945034549231e-12
224.78,-2.174208898111297e-12,-5.935331113686657e-12
224.79,-2.0886231780165567e-12,-5.9451740306177645e-12
224.8,-2.00292755124794e-12,-5.9544741130801486e-12
224.81,-1.917128964664424e-12,-5.9632310905123915e-12
224.82,-1.8312339972104723e-12,-5.97144512436829e-12
224.83,-1.7452506040878749e-12,-5.9791164782134235e-12
224.84,-1.6591852116644016e-12,-5.986245240150717e-12
224.85,-1.5730446656455891e-12,-5.99283191984143e-12
224.86,-1.4868363259736472e-12,-5.998876517873781e-12
224.87,-1.4005667515069327e-12,-6.004379402437566e-12
224.88,-1.3142435471813686e-12,-6.009341174087243e-12
224.89,-1.2278731016508312e-12,-6.013762100527792e-12
224.9,-1.141462993267421e-12,-6.017642541632233e-12
224.91,-1.0550193561818155e-12,-6.020983515097941e-12
224.92,-9.685500411559299e-13,-6.023785133563142e-12
224.93,-8.820613007549325e-13,-6.026048025612991e-12
224.94,-7.955602157171556e-13,-6.027773085114202e-12
224.95,-7.090540332873342e-13,-6.028961194721441e-12
224.96,-6.225492529850426e-13,-6.029612780546908e-12
224.97,-5.360528429435273e-13,-6.029728371723095e-12
224.98,-4.4957180204185894e-13,-6.029309243342046e-12
224.99,-3.6311304835404765e-13,-6.028356489345017e-12
225.0,-2.766832437297186e-13,-6.0268707099940694e-12
225.01,-1.9028916062591921e-13,-6.024852559855652e-12
225.02,-1.0393814602346426e-13,-6.022303890565507e-12
225.03,-1.763598582286371e-14,-6.019225035393091e-12
225.04,6.860982146915486e-14,-6.0156175695153805e-12
225.05,1.547923242424074e-13,-6.011482382034445e-12
225.06,2.4090515100741966e-13,-6.006820930302274e-12
225.07,3.26941498800387e-13,-6.0016342966699665e-12
225.08,4.1289432024616853e-13,-5.995923876685612e-12
225.09,4.987575671636751e-13,-5.9896909838847416e-12
225.1,5.845241358125755e-13,-5.982936807806909e-12
225.11,6.701874350144857e-13,-5.975662897524702e-12
225.12,7.557409494042975e-13,-5.967870953613596e-12
225.13,8.411776688742363e-13,-5.95956232323513e-12
225.14,9.26491698971375e-13,-5.9507381875681304e-12
225.15,1.0116759690929727e-12,-5.941400521723157e-12
225.16,1.0967238172127115e-12,-5.931551157496311e-12
225.17,1.1816289886656735e-12,-5.921191350870371e-12
225.18,1.2663847209861933e-12,-5.910323037388901e-12
225.19,1.3509852078237773e-12,-5.898947896335191e-12
225.2,1.435422657570542e-12,-5.8870678998597184e-12
225.21,1.5196930056477116e-12,-5.87468449732547e-12
225.22,1.6037872230563418e-12,-5.8617998432735505e-12
225.23,1.6877001522568705e-12,-5.848416031815565e-12
225.24,1.7714256008827135e-12,-5.834534557288678e-12
225.25,1.85495680823073e-12,-5.820158002687551e-12
225.26,1.938287760815621e-12,-5.8052878681622215e-12
225.27,2.0214118910152606e-12,-5.789926935684041e-12
225.28,2.1043231721846277e-12,-5.774076426325555e-12
225.29,2.1870154927250115e-12,-5.757737962897774e-12
225.3,2.269482299184975e-12,-5.740917007613636e-12
225.31,2.35171782387859e-12,-5.7236122707479695e-12
225.32,2.433715256556661e-12,-5.705827685103507e-12
225.33,2.5154696095539944e-12,-5.687564859289283e-12
225.34,2.5969742485872385e-12,-5.668826422557644e-12
225.35,2.6782227681904637e-12,-5.649614884168207e-12
225.36,2.7592094961795234e-12,-5.629932656149849e-12
225.37,2.8399287229566887e-12,-5.6097819915327045e-12
225.38,2.920374883324045e-12,-5.5891656325011016e-12
225.39,3.0005398788126923e-12,-5.56808602069552e-12
225.4,3.0804200729986458e-12,-5.546545733517076e-12
225.41,3.1600090004550707e-12,-5.524547392574292e-12
225.42,3.2392991702460945e-12,-5.502094310558194e-12
225.43,3.318289623031969e-12,-5.479187163486297e-12
225.44,3.3969697316008016e-12,-5.455830560793289e-12
225.45,3.4753357146955356e-12,-5.432026837528649e-12
225.46,3.5533813976876367e-12,-5.407778577438043e-12
225.47,3.631102015341545e-12,-5.383088595976848e-12
225.48,3.708490606245744e-12,-5.357959919000785e-12
225.49,3.78554267951316e-12,-5.3323951886667514e-12
225.5,3.862252380349805e-12,-5.306397674682223e-12
225.51,3.938614235877698e-12,-5.279970100053804e-12
225.52,4.0146229546129445e-12,-5.253115120431407e-12
225.53,4.090273056390012e-12,-5.22583632984166e-12
225.54,4.1655589274827685e-12,-5.198136621158751e-12
225.55,4.240475377582773e-12,-5.170018922420109e-12
225.56,4.315017370836017e-12,-5.14148629153048e-12
225.57,4.389179432066169e-12,-5.112542149307186e-12
225.58,4.462956377904825e-12,-5.083189616082009e-12
225.59,4.5363427104857235e-12,-5.053431788681887e-12
225.6,4.609333289673513e-12,-5.0232720836195954e-12
225.61,4.681924307379979e-12,-4.992713172793842e-12
225.62,4.7541094286179946e-12,-4.9617589648877815e-12
225.63,4.825883714036731e-12,-4.930412607497542e-12
225.64,4.8972426952423465e-12,-4.898677484569536e-12
225.65,4.968181096493017e-12,-4.866556990562437e-12
225.66,5.03869423874249e-12,-4.83405440952826e-12
225.67,5.108776566305893e-12,-4.8011734635124535e-12
225.68,5.178424642321129e-12,-4.767917233059757e-12
225.69,5.247632974313511e-12,-4.734289247718624e-12
225.7,5.316396479997939e-12,-4.70029334608237e-12
225.71,5.384711051654839e-12,-4.665932889085099e-12
225.72,5.452571950847953e-12,-4.631211402954246e-12
225.73,5.519974483969339e-12,-4.5961325574001e-12
225.74,5.586914224196545e-12,-4.560700002160715e-12
225.75,5.6533866226374305e-12,-4.524917197043012e-12
225.76,5.719387318556442e-12,-4.488788035917653e-12
225.77,5.784911882871499e-12,-4.452315939083108e-12
225.78,5.849955865978984e-12,-4.4155050708102494e-12
225.79,5.914515057702718e-12,-4.378358579028975e-12
225.8,5.978585274864395e-12,-4.340880870589861e-12
225.81,6.042162106841472e-12,-4.303075355379638e-12
225.82,6.105241707725905e-12,-4.264945867090856e-12
225.83,6.167819904300583e-12,-4.226496221937313e-12
225.84,6.22989234799509e-12,-4.1877303702292106e-12
225.85,6.291455249412604e-12,-4.148652183817153e-12
225.86,6.352504501957313e-12,-4.109265446824496e-12
225.87,6.413036392588389e-12,-4.069574290974636e-12
225.88,6.473046804918204e-12,-4.029582385217514e-12
225.89,6.532532177730973e-12,-3.989293938655185e-12
225.9,6.591488365621812e-12,-3.9487128230986075e-12
225.91,6.649912157783351e-12,-3.907842846369554e-12
225.92,6.707799677452517e-12,-3.86668821279566e-12
225.93,6.765146974310433e-12,-3.825253005028566e-12
225.94,6.8219507029326716e-12,-3.7835413709948386e-12
225.95,6.878207279264689e-12,-3.741557153612308e-12
225.96,6.933913984770166e-12,-3.69930408585905e-12
225.97,6.9890658999576905e-12,-3.656787360471494e-12
225.98,7.043660764683868e-12,-3.6140100782968147e-12
225.99,7.097694990840769e-12,-3.570976659460993e-12
226.0,7.15116513323031e-12,-3.527691550904365e-12
226.01,7.2040683680646555e-12,-3.4841583542302726e-12
226.02,7.256401000730175e-12,-3.440381771351953e-12
226.03,7.308160419391945e-12,-3.396365824754088e-12
226.04,7.359343525512247e-12,-3.352114677016191e-12
226.05,7.409945915606211e-12,-3.3076325624528745e-12
226.06,7.459967324328976e-12,-3.262923712552477e-12
226.07,7.509402534914813e-12,-3.2179923427182926e-12
226.08,7.558249880880462e-12,-3.1728428023183143e-12
226.09,7.606503805882209e-12,-3.1274788527750472e-12
226.1,7.654167973380487e-12,-3.0819064294898658e-12
226.11,7.701233661835161e-12,-3.036128028297164e-12
226.12,7.747700267660482e-12,-2.990148514498404e-12
226.13,7.793564901231274e-12,-2.943972449571685e-12
226.14,7.838825404813213e-12,-2.8976038257742664e-12
226.15,7.88347898407248e-12,-2.851047223408996e-12
226.16,7.927523236794207e-12,-2.8043069610225517e-12
226.17,7.970955991298466e-12,-2.757387315485453e-12
226.18,8.013774822784875e-12,-2.7102933884934525e-12
226.19,8.05597711835855e-12,-2.6630276551844967e-12
226.2,8.097561257756643e-12,-2.6155962869077e-12
226.21,8.138524758554313e-12,-2.5680030220089275e-12
226.22,8.178865348563354e-12,-2.5202523966203134e-12
226.23,8.218581111276782e-12,-2.4723488109881535e-12
226.24,8.257670195036839e-12,-2.4242964257917646e-12
226.25,8.296130561803391e-12,-2.3761000082422735e-12
226.26,8.333960015647962e-12,-2.327763783009146e-12
226.27,8.371156766183528e-12,-2.2792921760372014e-12
226.28,8.407719479581525e-12,-2.2306898053445266e-12
226.29,8.443646384266556e-12,-2.1819608639167122e-12
226.3,8.47893530476114e-12,-2.1331099104922504e-12
226.31,8.513584681591475e-12,-2.0841414094543727e-12
226.32,8.547593126195276e-12,-2.035059644099072e-12
226.33,8.580959274420526e-12,-1.9858693681578487e-12
226.34,8.61368134126116e-12,-1.936574760357189e-12
226.35,8.645758152429708e-12,-1.887180390034325e-12
226.36,8.677188205298656e-12,-1.8376907331219027e-12
226.37,8.707970122191365e-12,-1.7881101641884556e-12
226.38,8.7381026810407e-12,-1.7384433213782163e-12
226.39,8.767584950397377e-12,-1.6886943668528694e-12
226.4,8.796415516401718e-12,-1.6388680357380028e-12
226.41,8.82459336582974e-12,-1.588968700871429e-12
226.42,8.852117335629336e-12,-1.539000780372241e-12
226.43,8.878986703308536e-12,-1.4889687666016102e-12
226.44,8.90520035136631e-12,-1.4388770896548376e-12
226.45,8.93075753916345e-12,-1.3887300176867982e-12
226.46,8.95565716151732e-12,-1.3385326533162766e-12
226.47,8.979898905315047e-12,-1.28828878212235e-12
226.48,9.003481784346526e-12,-1.2380031475491929e-12
226.49,9.026404824289287e-12,-1.187680019673687e-12
226.5,9.048668171798137e-12,-1.137323936061968e-12
226.51,9.070271022932795e-12,-1.0869393680024737e-12
226.52,9.091212251353624e-12,-1.0365308100985165e-12
226.53,9.111492018730915e-12,-9.861024501806947e-13
226.54,9.131109815679058e-12,-9.356589439320477e-13
226.55,9.150065509049494e-12,-8.852045907458916e-13
226.56,9.16835842320217e-12,-8.347438928962036e-13
226.57,9.18598869378554e-12,-7.84281101628194e-13
226.58,9.202955726516084e-12,-7.338207791788348e-13
226.59,9.219259833065355e-12,-6.833671914766821e-13
226.6,9.234900798491021e-12,-6.329249639727077e-13
226.61,9.24987839247513e-12,-5.824981302966522e-13
226.62,9.264192956415675e-12,-5.320912001776425e-13
226.63,9.27784428821161e-12,-4.817086679849605e-13
226.64,9.290833027790377e-12,-4.3135455191785175e-13
226.65,9.30315886627811e-12,-3.810335836297134e-13
226.66,9.314822264117973e-12,-3.307498176181703e-13
226.67,9.325823446165035e-12,-2.805077448498563e-13
226.68,9.336162914631088e-12,-2.303116333985087e-13
226.69,9.345840902164047e-12,-1.8016575380164275e-13
226.7,9.354857913729339e-12,-1.3007435414829066e-13
226.71,9.36321466892879e-12,-8.004182941290451e-14
226.72,9.370911375664086e-12,-3.0072334589032455e-14
226.73,9.377948849285446e-12,1.98297478726415e-14
226.74,9.384327825033954e-12,6.96603762108919e-14
226.75,9.390048649373322e-12,1.194150214954819e-13
226.76,9.395112816036504e-12,1.6908986250005105e-13
226.77,9.399520393596241e-12,2.186803738861273e-13
226.78,9.403272680120084e-12,2.68182729242705e-13
226.79,9.40637030000894e-12,3.1759188778552235e-13
226.8,9.4088147167621e-12,3.6690472741282646e-13
226.81,9.410606613646306e-12,4.161167932739465e-13
226.82,9.411746847039936e-12,4.652233165740939e-13
226.83,9.412236787475301e-12,5.142209263030823e-13
226.84,9.412077698778416e-12,5.631054401882956e-13
226.85,9.41127068925777e-12,6.11872341840866e-13
226.86,9.40981705051042e-12,6.605180619561867e-13
226.87,9.40771811850626e-12,7.090383313908665e-13
226.88,9.404975212099354e-12,7.574288687313518e-13
226.89,9.401589823651837e-12,8.056861360406617e-13
226.9,9.39756276097687e-12,8.538051506589966e-13
226.91,9.392897300213325e-12,9.017839042173119e-13
226.92,9.387593317919255e-12,9.496166374243845e-13
226.93,9.381653160741038e-12,9.972999121481598e-13
226.94,9.3750780436441e-12,1.0448299595994386e-12
226.95,9.36787003788666e-12,1.092202730368859e-12
226.96,9.360030629979147e-12,1.1394143784419732e-12
226.97,9.351561786733116e-12,1.186460970312253e-12
226.98,9.342465998448607e-12,1.2333388300595322e-12
226.99,9.332744283192993e-12,1.2800443925537334e-12
227.0,9.322398504578668e-12,1.3265727915859942e-12
227.01,9.311430819458657e-12,1.372921016584816e-12
227.02,9.299843956103556e-12,1.4190854335546732e-12
227.03,9.287639307267016e-12,1.4650622431176306e-12
227.04,9.27481850149976e-12,1.5108470712026031e-12
227.05,9.261385306110466e-12,1.5564373717433415e-12
227.06,9.247340631394797e-12,1.6018285562860904e-12
227.07,9.232687027028527e-12,1.6470171349925671e-12
227.08,9.217427128077792e-12,1.6919996541353041e-12
227.09,9.201562768507468e-12,1.7367724602628594e-12
227.1,9.185096452687415e-12,1.7813316695696257e-12
227.11,9.16803119801344e-12,1.8256743651602645e-12
227.12,9.150368825948829e-12,1.8697965572968736e-12
227.13,9.132112105044044e-12,1.913694657162123e-12
227.14,9.113263688936732e-12,1.957365576592347e-12
227.15,9.093826034370083e-12,2.0008054414541863e-12
227.16,9.07380185727303e-12,2.044011015857626e-12
227.17,9.053194298289501e-12,2.086979003518373e-12
227.18,9.032004710854906e-12,2.1297056210362884e-12
227.19,9.01023721357066e-12,2.1721879981636896e-12
227.2,8.987894298878707e-12,2.214422373375173e-12
227.21,8.964978741574502e-12,2.256405889445514e-12
227.22,8.941493377513512e-12,2.298134873651715e-12
227.23,8.917441176024252e-12,2.3396062166035346e-12
227.24,8.892825305020387e-12,2.3808167964973406e-12
227.25,8.867648510384785e-12,2.42176324252505e-12
227.26,8.84191308909772e-12,2.4624412141388888e-12
227.27,8.815624676135579e-12,2.502851178652925e-12
227.28,8.788783932295427e-12,2.5429865337019734e-12
227.29,8.761394915645265e-12,2.58284533693386e-12
227.3,8.733460682718427e-12,2.6224244518713235e-12
227.31,8.704984645835304e-12,2.6617208016797503e-12
227.32,8.675969829380526e-12,2.7007315976406556e-12
227.33,8.64641971014098e-12,2.7394536975128057e-12
227.34,8.616337746970295e-12,2.7778842396552816e-12
227.35,8.585727423907833e-12,2.8160203245870613e-12
227.36,8.554591947480983e-12,2.853859175592212e-12
227.37,8.522934639196151e-12,2.8913975505022737e-12
227.38,8.490759374813887e-12,2.9286329647527855e-12
227.39,8.458069117623785e-12,2.965562100462614e-12
227.4,8.424868737586403e-12,3.002183525773069e-12
227.41,8.39116057716486e-12,3.0384932987595455e-12
227.42,8.356948250829617e-12,3.0744890033582164e-12
227.43,8.322235914391817e-12,3.110167871971222e-12
227.44,8.287027390959788e-12,3.1455275026277597e-12
227.45,8.251326147990551e-12,3.1805650458766892e-12
227.46,8.215135920162015e-12,3.215278188834172e-12
227.47,8.178460845823051e-12,3.2496641969936336e-12
227.48,8.141304174102536e-12,3.283720624781613e-12
227.49,8.103670569238207e-12,3.3174450757077125e-12
227.5,8.065563279885296e-12,3.3508350889434567e-12
227.51,8.026986303418882e-12,3.3838880342116276e-12
227.52,7.987943608539512e-12,3.416601571699449e-12
227.53,7.948439699029245e-12,3.448973834797206e-12
227.54,7.908478055731601e-12,3.4810018756252404e-12
227.55,7.868062603202963e-12,3.5126838174604633e-12
227.56,7.827197943597934e-12,3.5440171462238794e-12
227.57,7.785887831005081e-12,3.575000005728154e-12
227.58,7.744136129942079e-12,3.605629358198645e-12
227.59,7.70194782655496e-12,3.6359043490827694e-12
227.6,7.659326430398758e-12,3.6658220815567536e-12
227.61,7.616276479087872e-12,3.695380370532024e-12
227.62,7.572801783473341e-12,3.724577495998412e-12
227.63,7.528907119084384e-12,3.753411230090409e-12
227.64,7.484596461240315e-12,3.781879853251047e-12
227.65,7.439874295914847e-12,3.809981260582902e-12
227.66,7.394744896480961e-12,3.837713453719145e-12
227.67,7.349212422968358e-12,3.8650745892580206e-12
227.68,7.303281636216395e-12,3.892063010343516e-12
227.69,7.256956653488074e-12,3.91867678782798e-12
227.7,7.210242091269529e-12,3.944914108702833e-12
227.71,7.163142133159798e-12,3.9707733962494815e-12
227.72,7.115661727633043e-12,3.996252670776201e-12
227.73,7.067805040752022e-12,4.021350546503399e-12
227.74,7.0195765960430764e-12,4.046065456844822e-12
227.75,6.970981196516806e-12,4.0703953677393905e-12
227.76,6.922022729815107e-12,4.094338788354661e-12
227.77,6.872706469188621e-12,4.117894618364196e-12
227.78,6.82303658070797e-12,4.141061135322379e-12
227.79,6.773018475143534e-12,4.163836803794433e-12
227.8,6.722656055687425e-12,4.186220568167012e-12
227.81,6.671954022246721e-12,4.208210614264578e-12
227.82,6.62091739515198e-12,4.229805834088565e-12
227.83,6.569550588414216e-12,4.251004693473844e-12
227.84,6.517858727995626e-12,4.271806033220199e-12
227.85,6.465845476809872e-12,4.29220881647805e-12
227.86,6.413516836610583e-12,4.312211686400012e-12
227.87,6.360876860891916e-12,4.331813344510693e-12
227.88,6.307930790907342e-12,4.351012939399504e-12
227.89,6.254682804069518e-12,4.3698092298115706e-12
227.9,6.201138486730447e-12,4.388201117484218e-12
227.91,6.147302126343316e-12,4.406187657297034e-12
227.92,6.093178629720006e-12,4.4237677965995055e-12
227.93,6.038773089422596e-12,4.440940387016217e-12
227.94,5.984089899756832e-12,4.457705309455739e-12
227.95,5.929134466498809e-12,4.474060843304533e-12
227.96,5.873911357354432e-12,4.490006369087296e-12
227.97,5.818426069276663e-12,4.505541402788297e-12
227.98,5.762681982655701e-12,4.520664580813853e-12
227.99,5.706685873553695e-12,4.535375748226465e-12
228.0,5.650441636233224e-12,4.549674001484755e-12
228.01,5.593954639377296e-12,4.563558858090231e-12
228.02,5.537229291836618e-12,4.577029266079248e-12
228.03,5.48027145050305e-12,4.590085154271069e-12
228.04,5.42308541988786e-12,4.602725557176058e-12
228.05,5.365676273124639e-12,4.6149502650474634e-12
228.06,5.308045872878721e-12,4.62675846451302e-12
228.07,5.25020871616395e-12,4.63815019935e-12
228.08,5.1921606007658605e-12,4.649124739279758e-12
228.09,5.133909338478199e-12,4.6596816514191006e-12
228.1,5.075459914356947e-12,4.669820888314987e-12
228.11,5.016818056454026e-12,4.679542090783163e-12
228.12,4.957987711230459e-12,4.688844793219906e-12
228.13,4.898974739049298e-12,4.697728886715658e-12
228.14,4.83978390257576e-12,4.706194333612046e-12
228.15,4.780420543137167e-12,4.714240627223079e-12
228.16,4.720889003394894e-12,4.721868404079308e-12
228.17,4.661195078334946e-12,4.729076755368224e-12
228.18,4.601343421132993e-12,4.735866086933845e-12
228.19,4.541339131714617e-12,4.742236307884375e-12
228.2,4.481187297044779e-12,4.74818726820303e-12
228.21,4.420893500573157e-12,4.753719448676845e-12
228.22,4.360462267608329e-12,4.7588328181108665e-12
228.23,4.29989859873928e-12,4.763527036376532e-12
228.24,4.239207772433583e-12,4.767802894236334e-12
228.25,4.1783949371394575e-12,4.771660365851859e-12
228.26,4.1174650349972045e-12,4.775099735439153e-12
228.27,4.0564232786385285e-12,4.778121252665474e-12
228.28,3.9952745062828745e-12,4.780725327407103e-12
228.29,3.934023720412389e-12,4.782911971628766e-12
228.3,3.872676545230825e-12,4.784682162240992e-12
228.31,3.811237609778568e-12,4.786036169882442e-12
228.32,3.74971199087573e-12,4.7869735985710106e-12
228.33,3.688104578020056e-12,4.787496200548607e-12
228.34,3.626421097964397e-12,4.787603823397291e-12
228.35,3.5646661171647144e-12,4.787297070214252e-12
228.36,3.5028446078996535e-12,4.7865768578486945e-12
228.37,3.4409618777220674e-12,4.785443551271663e-12
228.38,3.379022832578894e-12,4.783897854288215e-12
228.39,3.3170327379095966e-12,4.7819403465076514e-12
228.4,3.2549962249007872e-12,4.7795720831837716e-12
228.41,3.1929184483674197e-12,4.776793638590327e-12
228.42,3.1308043837446796e-12,4.7736057678946145e-12
228.43,3.0686595639358176e-12,4.770009447886818e-12
228.44,3.006488434987405e-12,4.76600539464338e-12
228.45,2.944295063670673e-12,4.7615945182948484e-12
228.46,2.882087553316607e-12,4.756778206534098e-12
228.47,2.819867931012417e-12,4.75155694418147e-12
228.48,2.75764218374634e-12,4.745931902426006e-12
228.49,2.695414989038595e-12,4.739904063116073e-12
228.5,2.6331916112164804e-12,4.733474603588137e-12
228.51,2.5709767866910543e-12,4.72664410650593e-12
228.52,2.5087757601802593e-12,4.719414929457294e-12
228.53,2.4465933062634482e-12,4.711787197889212e-12
228.54,2.3844338954090527e-12,4.703762262662252e-12
228.55,2.322303089672658e-12,4.695341680990858e-12
228.56,2.2602056219511468e-12,4.686526543371578e-12
228.57,2.198145669097015e-12,4.6773180527620415e-12
228.58,2.1361293000929077e-12,4.667717667444451e-12
228.59,2.0741607280778936e-12,4.657726919322913e-12
228.6,2.0122448732753295e-12,4.647346820545695e-12
228.61,1.9503863211747017e-12,4.636579213778058e-12
228.62,1.888589938588847e-12,4.62542516069687e-12
228.63,1.8268609214004354e-12,4.613886469050659e-12
228.64,1.7652035207120163e-12,4.601964508289474e-12
228.65,1.7036229023955684e-12,4.5896607989789095e-12
228.66,1.642123655581023e-12,4.576977051946529e-12
228.67,1.5807105993478854e-12,4.563914754825991e-12
228.68,1.5193883930872344e-12,4.5504756079028825e-12
228.69,1.4581619592553465e-12,4.5366614384068034e-12
228.7,1.3970357040700235e-12,4.522473571923876e-12
228.71,1.3360139874296486e-12,4.507913895117081e-12
228.72,1.2751017821109954e-12,4.492984458536993e-12
228.73,1.2143039374356577e-12,4.477686626215137e-12
228.74,1.1536250955837338e-12,4.462022479793024e-12
228.75,1.0930696058394543e-12,4.445994085082563e-12
228.76,1.0326421379934009e-12,4.429602540503417e-12
228.77,9.723474558769288e-13,4.4128506250327795e-12
228.78,9.121900238191762e-13,4.395739871616589e-12
228.79,8.521732705321113e-13,4.378272036891467e-12
228.8,7.923032551025313e-13,4.3604494853167406e-12
228.81,7.325842141934938e-13,4.342274161518285e-12
228.82,6.730193970155669e-13,4.323747841963468e-12
228.83,6.136144021625369e-13,4.304872821892472e-12
228.84,5.543735835049537e-13,4.285651056496042e-12
228.85,4.953009521118559e-13,4.266085228100859e-12
228.86,4.3640108657273075e-13,4.246176742692436e-12
228.87,3.776775980689931e-13,4.225928295320749e-12
228.88,3.19136692421894e-13,4.20534141303069e-12
228.89,2.607806843418303e-13,4.184418963766646e-12
228.9,2.026148037864653e-13,4.163163104221945e-12
228.91,1.4464322188400222e-13,4.141575988884434e-12
228.92,8.687016866348286e-14,4.119659933481035e-12
228.93,2.9299556813815696e-14,4.0974173053972874e-12
228.94,-2.8064171652067025e-14,4.074850502751426e-12
228.95,-8.521672063294727e-14,4.051961804495506e-12
228.96,-1.421563227957916e-13,4.028752870678575e-12
228.97,-1.988724397015159e-13,4.005228457880947e-12
228.98,-2.55367773308533e-13,3.9813886723360155e-12
228.99,-3.1163479576995077e-13,3.957236882084705e-12
229.0,-3.676708907890726e-13,3.932775373067945e-12
229.01,-4.234714088928076e-13,3.908006642884845e-12
229.02,-4.790326299624649e-13,3.882933698475303e-12
229.03,-5.343503631280422e-13,3.857558557966315e-12
229.04,-5.894208733712716e-13,3.831884136610278e-12
229.05,-6.442403043319252e-13,3.805912760147591e-12
229.06,-6.988044173004289e-13,3.779647373909587e-12
229.07,-7.531095692264369e-13,3.753090268979121e-12
229.08,-8.071521044981292e-13,3.726244612536119e-12
229.09,-8.609279947812362e-13,3.699112706895136e-12
229.1,-9.14433785168145e-13,3.6716973259225514e-12
229.11,-9.676654639343787e-13,3.6440012843622436e-12
229.12,-1.0206195264571312e-12,3.61602717987905e-12
229.13,-1.0732920969201594e-12,3.5877781113112352e-12
229.14,-1.1256803911286377e-12,3.5592565359052155e-12
229.15,-1.1777786605390669e-12,3.530465457541124e-12
229.16,-1.229585468609199e-12,3.5014076753301262e-12
229.17,-1.281096563515432e-12,3.472085885785841e-12
229.18,-1.332308181964665e-12,3.4425032165044057e-12
229.19,-1.383217222672836e-12,3.4126623553591916e-12
229.2,-1.4338200947921956e-12,3.382566317928925e-12
229.21,-1.484113220365867e-12,3.352217910948063e-12
229.22,-1.5340932744013515e-12,3.32162020948523e-12
229.23,-1.5837555003301682e-12,3.290776484012467e-12
229.24,-1.6331009158093952e-12,3.2596887233564183e-12
229.25,-1.6821219549524075e-12,3.2283608793488345e-12
229.26,-1.7308164998130401e-12,3.196795370685169e-12
229.27,-1.779180983997782e-12,3.1649958724040245e-12
229.28,-1.8272140682841567e-12,3.132964434986873e-12
229.29,-1.874910710258006e-12,3.100704952237984e-12
229.3,-1.9222681276359986e-12,3.068220322202468e-12
229.31,-1.9692834480541043e-12,3.0355134550187587e-12
229.32,-2.0159537885286656e-12,3.002587701365876e-12
229.33,-2.0622755542199227e-12,2.9694457663297954e-12
229.34,-2.1082464693273573e-12,2.9360910636794465e-12
229.35,-2.1538628184297883e-12,2.9025267712622656e-12
229.36,-2.1991220894379986e-12,2.868755608506881e-12
229.37,-2.2440217366764647e-12,2.834781664922266e-12
229.38,-2.2885578528753655e-12,2.8006074344334264e-12
229.39,-2.3327292926481204e-12,2.766235972811178e-12
229.4,-2.376531297986543e-12,2.7316710102847437e-12
229.41,-2.419962634340403e-12,2.696915116597365e-12
229.42,-2.463019551647582e-12,2.6619721243830673e-12
229.43,-2.505700157912691e-12,2.6268450903360443e-12
229.44,-2.548001297494588e-12,2.591537236692253e-12
229.45,-2.589920463163256e-12,2.5560515702368047e-12
229.46,-2.6314550224916383e-12,2.520391835587962e-12
229.47,-2.6726028098915047e-12,2.4845610152911193e-12
229.48,-2.713361072465588e-12,2.44856236635887e-12
229.49,-2.7537270668119913e-12,2.4123994219752046e-12
229.5,-2.7936986810622085e-12,2.376075303994498e-12
229.51,-2.8332734782456036e-12,2.3395933896504156e-12
229.52,-2.872449088914251e-12,2.302957091183194e-12
229.53,-2.911223085801862e-12,2.266169645542994e-12
229.54,-2.949593214203159e-12,2.2292342017536497e-12
229.55,-2.987557391835527e-12,2.1921545828771153e-12
229.56,-3.0251127438891307e-12,2.1549342014654122e-12
229.57,-3.06225851018706e-12,2.117575361138171e-12
229.58,-3.098991130954128e-12,2.0800826246069358e-12
229.59,-3.135309149396999e-12,2.042459021643226e-12
229.6,-3.1712105457942318e-12,2.0047077043608676e-12
229.61,-3.206692841556556e-12,1.9668323876688787e-12
229.62,-3.241754536214228e-12,1.928836201035607e-12
229.63,-3.2763933569128714e-12,1.8907227767931465e-12
229.64,-3.310607421662681e-12,1.852495324826991e-12
229.65,-3.344395354660024e-12,1.8141573716513563e-12
229.66,-3.3777545467446505e-12,1.7757122928196698e-12
229.67,-3.4106836722402406e-12,1.7371636117450825e-12
229.68,-3.4431808902167604e-12,1.6985146382808771e-12
229.69,-3.475244463385712e-12,1.659768922932498e-12
229.7,-3.506872677022548e-12,1.620929776712563e-12
229.71,-3.538063614519941e-12,1.5820006791091454e-12
229.72,-3.56881658753959e-12,1.5429852046300707e-12
229.73,-3.5991288885044905e-12,1.5038866286079153e-12
229.74,-3.628999651368202e-12,1.4647084426311417e-12
229.75,-3.658427216750398e-12,1.4254541082613364e-12
229.76,-3.687410132142364e-12,1.3861270846483997e-12
229.77,-3.715946914271318e-12,1.3467307832500532e-12
229.78,-3.74403642929513e-12,1.3072686342534718e-12
229.79,-3.77167701776488e-12,1.2677442389615728e-12
229.8,-3.798867545815755e-12,1.2281610505445487e-12
229.81,-3.825606769950342e-12,1.1885223065899724e-12
229.82,-3.851893260027573e-12,1.1488316172975706e-12
229.83,-3.87772614896032e-12,1.1090924455282482e-12
229.84,-3.903104134792907e-12,1.0693080978702498e-12
229.85,-3.928025827987626e-12,1.0294822039290875e-12
229.86,-3.952491313680806e-12,9.89618266784073e-13
229.87,-3.976498022455125e-12,9.497194001292368e-13
229.88,-4.0000457355813344e-12,9.097894439732663e-13
229.89,-4.02313360323816e-12,8.698315133093918e-13
229.9,-4.045760184579593e-12,8.298495580731127e-13
229.91,-4.067925372030446e-12,7.898461407652575e-13
229.92,-4.089628087871089e-12,7.49825304630214e-13
229.93,-4.110866607945393e-12,7.097907608169214e-13
229.94,-4.131640956033824e-12,6.697454665300882e-13
229.95,-4.1519511108354724e-12,6.29692685509855e-13
229.96,-4.171795289496894e-12,5.896363362877135e-13
229.97,-4.191173448822927e-12,5.495795914196827e-13
229.98,-4.210084515530493e-12,5.09525965037365e-13
229.99,-4.228528257163618e-12,4.694786296527788e-13
230.0,-4.246504141986623e-12,4.2944121595539477e-13
230.01,-4.2640117714980145e-12,3.8941709695596395e-13
230.02,-4.281050326633547e-12,3.4940955561355204e-13
230.03,-4.297621699996809e-12,3.094204210492495e-13
230.04,-4.313719626217989e-12,2.694579300394349e-13
230.05,-4.329349262979357e-12,2.295206925049489e-13
230.06,-4.344508783560399e-12,1.8961345266450636e-13
230.07,-4.359197960166707e-12,1.4973974827397694e-13
230.08,-4.37341630267982e-12,1.0990282425146995e-13
230.09,-4.38716379310774e-12,7.010625828367216e-14
230.1,-4.400440305406707e-12,3.03531547103666e-14
230.11,-4.413245414846165e-12,-9.353028808616794e-15
230.12,-4.4255798349728785e-12,-4.9009243865390266e-14
230.13,-4.4374427562124835e-12,-8.861179062562319e-14
230.14,-4.448834567590289e-12,-1.2815772379631794e-13
230.15,-4.459755117727389e-12,-1.676434935509715e-13
230.16,-4.470204723132507e-12,-2.0706591612798451e-13
230.17,-4.480183604779262e-12,-2.4642173014597577e-13
230.18,-4.489691363198065e-12,-2.857077613034895e-13
230.19,-4.498728680028298e-12,-3.249205609676377e-13
230.2,-4.507295846407113e-12,-3.640570386072128e-13
230.21,-4.515392753882424e-12,-4.0311397217819593e-13
230.22,-4.523020294156489e-12,-4.4208806184469113e-13
230.23,-4.530178107761679e-12,-4.809760940213943e-13
230.24,-4.536867154109748e-12,-5.197749676059877e-13
230.25,-4.543087682044574e-12,-5.584814747639379e-13
230.26,-4.548839856675294e-12,-5.970923815720686e-13
230.27,-4.554124681928567e-12,-6.356045794748081e-13
230.28,-4.5589422557557005e-12,-6.740148080163574e-13
230.29,-4.563293728011149e-12,-7.1232027866819e-13
230.3,-4.567180265825908e-12,-7.505179557384663e-13
230.31,-4.570599463807359e-12,-7.886037128952476e-13
230.32,-4.573555100595063e-12,-8.265755261846712e-13
230.33,-4.576046693483243e-12,-8.644297375794261e-13
230.34,-4.578075605569066e-12,-9.021637222214658e-13
230.35,-4.579642327112877e-12,-9.397744423778965e-13
230.36,-4.580747033581016e-12,-9.772580841989158e-13
230.37,-4.581391724353361e-12,-1.014612694162919e-12
230.38,-4.581576634827436e-12,-1.0518345471324053e-12
230.39,-4.581302273907874e-12,-1.0889207738945917e-12
230.4,-4.580571000827219e-12,-1.1258688269313636e-12
230.41,-4.579382571672828e-12,-1.1626752771516042e-12
230.42,-4.577738378177403e-12,-1.1993372077292369e-12
230.43,-4.575639371088569e-12,-1.2358520209681662e-12
230.44,-4.573086826706918e-12,-1.2722165040567518e-12
230.45,-4.5700817638246636e-12,-1.3084277584132742e-12
230.46,-4.566625846096624e-12,-1.3444833016485447e-12
230.47,-4.562719680333785e-12,-1.3803799531721149e-12
230.48,-4.558363996347785e-12,-1.4161143958448642e-12
230.49,-4.553562150444898e-12,-1.4516851794832952e-12
230.5,-4.5483134247127635e-12,-1.4870882855594592e-12
230.51,-4.542619767331579e-12,-1.5223212702036137e-12
230.52,-4.536482747446331e-12,-1.5573814067389829e-12
230.53,-4.529903668031173e-12,-1.592266203938035e-12
230.54,-4.5228839326315e-12,-1.6269722708651026e-12
230.55,-4.515424874917353e-12,-1.6614974118588846e-12
230.56,-4.507528296698195e-12,-1.6958388309198159e-12
230.57,-4.4991955908540634e-12,-1.7299939904552763e-12
230.58,-4.4904282379005316e-12,-1.7639598894639255e-12
230.59,-4.481227898582154e-12,-1.7977341492669165e-12
230.6,-4.471596423381988e-12,-1.8313141582126592e-12
230.61,-4.461535244369456e-12,-1.8646972087121505e-12
230.62,-4.451046145929669e-12,-1.897880870932635e-12
230.63,-4.4401309341233176e-12,-1.930862490457221e-12
230.64,-4.4287910591333304e-12,-1.963639498500154e-12
230.65,-4.417028627570714e-12,-1.9962094554268466e-12
230.66,-4.404845780006689e-12,-2.0285699582609818e-12
230.67,-4.392243254340403e-12,-2.060718254721451e-12
230.68,-4.379223729340933e-12,-2.092652129849144e-12
230.69,-4.365788988081385e-12,-2.1243690705453222e-12
230.7,-4.351941372594205e-12,-2.155866907114739e-12
230.71,-4.33768229232753e-12,-2.187142874503033e-12
230.72,-4.3230136691883525e-12,-2.218194898060409e-12
230.73,-4.3079382914351835e-12,-2.249020515151701e-12
230.74,-4.2924575423279764e-12,-2.279617341155803e-12
230.75,-4.27657353568041e-12,-2.309983310188567e-12
230.76,-4.260288619957878e-12,-2.340115863940247e-12
230.77,-4.2436049766846986e-12,-2.3700130614323333e-12
230.78,-4.226524266779794e-12,-2.3996725221850622e-12
230.79,-4.209049664680158e-12,-2.429091940296845e-12
230.8,-4.1911824363336795e-12,-2.458269194640895e-12
230.81,-4.1729253453317325e-12,-2.4872019505100906e-12
230.82,-4.1542805012405155e-12,-2.5158889810660756e-12
230.83,-4.1352502319679775e-12,-2.5443271680695124e-12
230.84,-4.11583653429062e-12,-2.5725147594433696e-12
230.85,-4.096042682598884e-12,-2.600449688646936e-12
230.86,-4.0758701527636316e-12,-2.628129859734076e-12
230.87,-4.055321775853153e-12,-2.655553369426643e-12
230.88,-4.034399988102052e-12,-2.6827182935519162e-12
230.89,-4.0131071044298006e-12,-2.7096225002350346e-12
230.9,-3.9914458329360555e-12,-2.7362640862365214e-12
230.91,-3.969418175874926e-12,-2.762641149894942e-12
230.92,-3.947027369671026e-12,-2.7887519213510063e-12
230.93,-3.924274973671672e-12,-2.8145941792410007e-12
230.94,-3.9011653141892055e-12,-2.84016695006301e-12
230.95,-3.877699227037361e-12,-2.865467188847532e-12
230.96,-3.853880232611699e-12,-2.89049433170752e-12
230.97,-3.8297107993208515e-12,-2.915245678659493e-12
230.98,-3.805193703092994e-12,-2.9397198819700414e-12
230.99,-3.780331245536371e-12,-2.9639152247413253e-12
231.0,-3.755126658460935e-12,-2.987830111791064e-12
231.01,-3.729582377270058e-12,-3.0114626727228724e-12
231.02,-3.703701350996674e-12,-3.034811309013492e-12
231.03,-3.67748599487963e-12,-3.057874498455256e-12
231.04,-3.650939615390768e-12,-3.0806508002501214e-12
231.05,-3.624064897112564e-12,-3.1031384897065604e-12
231.06,-3.5968645786918867e-12,-3.1253360181835138e-12
231.07,-3.5693414787688775e-12,-3.1472418750069164e-12
231.08,-3.541498616699199e-12,-3.168854737855782e-12
231.09,-3.513338770490026e-12,-3.1901727990135414e-12
231.1,-3.4848653578514817e-12,-3.2111953568638127e-12
231.11,-3.456080667389776e-12,-3.2319205549005493e-12
231.12,-3.4269879237401374e-12,-3.252346564656892e-12
231.13,-3.3975903533789266e-12,-3.272472977708026e-12
231.14,-3.367890568606476e-12,-3.2922977821215868e-12
231.15,-3.337891784329434e-12,-3.3118201209344743e-12
231.16,-3.307597177249267e-12,-3.3310383916388707e-12
231.17,-3.2770096907691965e-12,-3.3499516591181133e-12
231.18,-3.246132287307879e-12,-3.3685585608902337e-12
231.19,-3.214968266978976e-12,-3.386858029336102e-12
231.2,-3.183521776426139e-12,-3.4048478636369436e-12
231.21,-3.151792562560848e-12,-3.42252991936036e-12
231.22,-3.119787141523588e-12,-3.4398999608134404e-12
231.23,-3.0875075673658013e-12,-3.456958307501246e-12
231.24,-3.0549572306279165e-12,-3.4737035245153853e-12
231.25,-3.0221387391986784e-12,-3.4901351385647857e-12
231.26,-2.9890558882206963e-12,-3.5062514035703485e-12
231.27,-2.9557116523820276e-12,-3.5220520561684873e-12
231.28,-2.9221093212258463e-12,-3.537535649502295e-12
231.29,-2.888252016998151e-12,-3.552701758135486e-12
231.3,-2.8541434539333235e-12,-3.567549280658386e-12
231.31,-2.819786371456128e-12,-3.582077294268174e-12
231.32,-2.7851843535533895e-12,-3.596285094554541e-12
231.33,-2.750340525289424e-12,-3.6101719904837072e-12
231.34,-2.7152585098004054e-12,-3.6237369476917403e-12
231.35,-2.6799415133571227e-12,-3.6369794840071546e-12
231.36,-2.6443924123769997e-12,-3.649898877611093e-12
231.37,-2.6086151813204623e-12,-3.6624942989570906e-12
231.38,-2.5726130961860286e-12,-3.674765216465685e-12
231.39,-2.5363893501069097e-12,-3.6867112466271295e-12
231.4,-2.4999474059857085e-12,-3.698331356300155e-12
231.41,-2.46329062764021e-12,-3.7096252919237425e-12
231.42,-2.4264225398179333e-12,-3.720592536459445e-12
231.43,-2.389346538548303e-12,-3.7312321733378146e-12
231.44,-2.352065922636239e-12,-3.741544261909313e-12
231.45,-2.31458425735445e-12,-3.751528171058804e-12
231.46,-2.276904979913892e-12,-3.761183289389872e-12
231.47,-2.2390315919042688e-12,-3.77050939428873e-12
231.48,-2.2009676022035424e-12,-3.779506288097352e-12
231.49,-2.1627161099835135e-12,-3.788173421307323e-12
231.5,-2.1242810372946533e-12,-3.7965105410752926e-12
231.51,-2.0856656979800232e-12,-3.8045172080451344e-12
231.52,-2.04687411232374e-12,-3.81219380295067e-12
231.53,-2.00790832469709e-12,-3.8195390744352295e-12
231.54,-1.968773368737205e-12,-3.826553636610769e-12
231.55,-1.9294721322735093e-12,-3.833237241002901e-12
231.56,-1.8900085074780216e-12,-3.8395894205963896e-12
231.57,-1.850385557066218e-12,-3.8456102852520514e-12
231.58,-1.8106069769599232e-12,-3.851299739835992e-12
231.59,-1.7706765402849046e-12,-3.8566576958662446e-12
231.6,-1.7305974083935227e-12,-3.861684225331902e-12
231.61,-1.690373526659586e-12,-3.866379119828512e-12
231.62,-1.6500080980247285e-12,-3.870742660430614e-12
231.63,-1.6095050014789899e-12,-3.8747746885229146e-12
231.64,-1.5688675437284977e-12,-3.87847563557474e-12
231.65,-1.5280994472410263e-12,-3.8818451643408005e-12
231.66,-1.48720425334798e-12,-3.884883757406622e-12
231.67,-1.4461857799842847e-12,-3.88759137685595e-12
231.68,-1.4050474113577386e-12,-3.889968407977552e-12
231.69,-1.363792571629705e-12,-3.892015059374682e-12
231.7,-1.322424710164918e-12,-3.893731304506438e-12
231.71,-1.2809479737291529e-12,-3.895117753602977e-12
231.72,-1.2393655773984246e-12,-3.89617455535576e-12
231.73,-1.1976810449507346e-12,-3.896902098112659e-12
231.74,-1.155898449932497e-12,-3.897300905049662e-12
231.75,-1.1140208642860986e-12,-3.897370923690631e-12
231.76,-1.072052051648419e-12,-3.897112991312346e-12
231.77,-1.0299957091932924e-12,-3.8965273728502394e-12
231.78,-9.878552595696853e-13,-3.8956146000337884e-12
231.79,-9.456343799529747e-13,-3.8943750907751035e-12
231.8,-9.033365364757535e-13,-3.892809545632215e-12
231.81,-8.60965610638792e-13,-3.890918265469363e-12
231.82,-8.185247198900754e-13,-3.8887020538897394e-12
231.83,-7.760183462328248e-13,-3.886161382253242e-12
231.84,-7.334491450623393e-13,-3.883296930601012e-12
231.85,-6.908210788834359e-13,-3.88010942877919e-12
231.86,-6.481376470288511e-13,-3.87659934220466e-12
231.87,-6.054022000523525e-13,-3.872768193131222e-12
231.88,-5.626190727488039e-13,-3.868615115788904e-12
231.89,-5.197909679848012e-13,-3.864141769944739e-12
231.9,-4.769217759221435e-13,-3.859349302809606e-12
231.91,-4.340165733166073e-13,-3.854238700437792e-12
231.92,-3.9107520543989786e-13,-3.848809818111809e-12
231.93,-3.481044699261736e-13,-3.843063953790492e-12
231.94,-3.051068247091179e-13,-3.837002248669573e-12
231.95,-2.620861834384613e-13,-3.8306253867447235e-12
231.96,-2.1904570983507202e-13,-3.823934377611414e-12
231.97,-1.7598883936902055e-13,-3.816930193418339e-12
231.98,-1.3291948418952803e-13,-3.809613601702941e-12
231.99,-8.984089635352578e-14,-3.8019860246489856e-12
232.0,-4.6756680471968713e-14,-3.794049504080684e-12
232.01,-3.6704461854488345e-15,-3.785801291251943e-12
232.02,3.9414295575960047e-14,-3.777246487578632e-12
232.03,8.24944665158035e-14,-3.768384760727209e-12
232.04,1.2556601689423056e-13,-3.759217336926378e-12
232.05,1.6862562267354242e-13,-3.749745185853878e-12
232.06,2.1167037817123448e-13,-3.739969726954889e-12
232.07,2.5469595078063575e-13,-3.729892109799979e-12
232.08,2.976990107043785e-13,-3.719513714589218e-12
232.09,3.40676853276405e-13,-3.708835392617812e-12
232.1,3.8362562369027557e-13,-3.697858603166257e-12
232.11,4.2654178165520696e-13,-3.6865847412718335e-12
232.12,4.694218834151204e-13,-3.675015296693389e-12
232.13,5.122626223048613e-13,-3.663151370922591e-12
232.14,5.55060661737474e-13,-3.650994370149372e-12
232.15,5.978123365274596e-13,-3.63854576851023e-12
232.16,6.405146634667856e-13,-3.625806874319172e-12
232.17,6.831641203534854e-13,-3.6127791680879453e-12
232.18,7.257572562388571e-13,-3.5994642665213407e-12
232.19,7.682906865660856e-13,-3.5858634115692633e-12
232.2,8.107611836658968e-13,-3.5719783095584098e-12
232.21,8.531654528768371e-13,-3.557810386667191e-12
232.22,8.955001876400212e-13,-3.543361247175544e-12
232.23,9.377621097608264e-13,-3.5286324345795066e-12
232.24,9.799479644300104e-13,-3.5136254705690633e-12
232.25,1.0220543341199437e-12,-3.4983421374309145e-12
232.26,1.0640780143815975e-12,-3.482783988963298e-12
232.27,1.1060141568577746e-12,-3.466953305863185e-12
232.28,1.1478644869421078e-12,-3.450849798677378e-12
232.29,1.189620548689699e-12,-3.434477489115437e-12
232.3,1.2312817534972598e-12,-3.4178364914155454e-12
232.31,1.2728435012577657e-12,-3.4009295802788743e-12
232.32,1.3143037246692963e-12,-3.3837579839366806e-12
232.33,1.3556586576788571e-12,-3.3663237276016065e-12
232.34,1.396905806893148e-12,-3.348628226457735e-12
232.35,1.4380412350111956e-12,-3.3306736013894534e-12
232.36,1.479061547264565e-12,-3.3124618920803447e-12
232.37,1.5199656534201896e-12,-3.2939945881675004e-12
232.38,1.5607484814093968e-12,-3.275273682889199e-12
232.39,1.60140777525612e-12,-3.2563009629907087e-12
232.4,1.6419400305848307e-12,-3.2370784569526014e-12
232.41,1.6823426392722195e-12,-3.217608216303531e-12
232.42,1.7226124450221311e-12,-3.1978919791607255e-12
232.43,1.7627465075765904e-12,-3.177931843609265e-12
232.44,1.802741846207889e-12,-3.1577296724161082e-12
232.45,1.8425959463775236e-12,-3.137287621534101e-12
232.46,1.882304379272809e-12,-3.1166075977487732e-12
232.47,1.921865462548822e-12,-3.095691639800371e-12
232.48,1.961276477121643e-12,-3.0745418481208187e-12
232.49,2.0005336159176698e-12,-3.053160385192763e-12
232.5,2.0396345982149185e-12,-3.031548970053436e-12
232.51,2.0785764822444286e-12,-3.0097101145884264e-12
232.52,2.117356242635157e-12,-2.9876459082155523e-12
232.53,2.15597165194849e-12,-2.9653581197212673e-12
232.54,2.1944191006276416e-12,-2.9428493699737353e-12
232.55,2.2326962395535213e-12,-2.920121481121111e-12
232.56,2.2708001559913904e-12,-2.8971768262472015e-12
232.57,2.3087283410873893e-12,-2.87401755183919e-12
232.58,2.3464778871829034e-12,-2.850645804711465e-12
232.59,2.384046117450507e-12,-2.8270637720548473e-12
232.6,2.4214301496510576e-12,-2.8032738797214886e-12
232.61,2.4586279283756684e-12,-2.7792784103347026e-12
232.62,2.495636517334061e-12,-2.7550794095233515e-12
232.63,2.532453142666195e-12,-2.730679480118065e-12
232.64,2.5690748437869402e-12,-2.70608033886153e-12
232.65,2.6054997254042514e-12,-2.681284845754018e-12
232.66,2.641725407766723e-12,-2.6562949515903285e-12
232.67,2.677747960848647e-12,-2.631113599522187e-12
232.68,2.713566685515264e-12,-2.6057424750548144e-12
232.69,2.749177974765031e-12,-2.5801842792864827e-12
232.7,2.7845796119421588e-12,-2.55444134577975e-12
232.71,2.8197692912975937e-12,-2.5285159402522006e-12
232.72,2.8547433229885842e-12,-2.5024108150116965e-12
232.73,2.8895027161376517e-12,-2.4761276087314424e-12
232.74,2.9240416353909373e-12,-2.4496696375777592e-12
232.75,2.9583588130012263e-12,-2.42303867759186e-12
232.76,2.9924523607704336e-12,-2.3962377970298746e-12
232.77,3.0263196662867296e-12,-2.3692689382272835e-12
232.78,3.0599580371873563e-12,-2.3421348038341128e-12
232.79,3.093365612566474e-12,-2.314837838436559e-12
232.8,3.126540418738107e-12,-2.2873804761018807e-12
232.81,3.1594795906055203e-12,-2.2597649809817543e-12
232.82,3.192181793414718e-12,-2.2319945702964308e-12
232.83,3.224644017329879e-12,-2.2040710075163678e-12
232.84,3.2568645774857166e-12,-2.1759972612774324e-12
232.85,3.288841234164553e-12,-2.147775696923794e-12
232.86,3.3205716112204626e-12,-2.119408948048246e-12
232.87,3.3520543994319044e-12,-2.0908994405706313e-12
232.88,3.3832866098403533e-12,-2.0622498466074503e-12
232.89,3.4142668182360916e-12,-2.0334627485022797e-12
232.9,3.4449935888367427e-12,-2.0045405175694044e-12
232.91,3.475462915491992e-12,-1.9754862524826578e-12
232.92,3.505674734708565e-12,-1.9463020125137146e-12
232.93,3.5356268575240427e-12,-1.91699066351624e-12
232.94,3.565316620767069e-12,-1.8875546156957216e-12
232.95,3.594743012621986e-12,-1.8579966686014167e-12
232.96,3.623903631701644e-12,-1.8283193345527547e-12
232.97,3.652796591138797e-12,-1.7985254827178868e-12
232.98,3.681420912647646e-12,-1.7686175217057956e-12
232.99,3.709773492481631e-12,-1.7385979719148117e-12
233.0,3.737853709110022e-12,-1.7084697922002523e-12
233.01,3.765659312216817e-12,-1.6782354368776515e-12
233.02,3.793188920280968e-12,-1.6478975440356948e-12
233.03,3.820440348673396e-12,-1.6174590299947432e-12
233.04,3.847412550481177e-12,-1.586922269059039e-12
233.05,3.874103604363359e-12,-1.5562900697590542e-12
233.06,3.900511840665709e-12,-1.5255650133892485e-12
233.07,3.926636078194803e-12,-1.4947498931845724e-12
233.08,3.952474377706504e-12,-1.4638473022281755e-12
233.09,3.978025230304762e-12,-1.432860102812817e-12
233.1,4.0032873125240186e-12,-1.4017908999636383e-12
233.11,4.028259175354139e-12,-1.3706421886524829e-12
233.12,4.052939304602109e-12,-1.3394168813735445e-12
233.13,4.077326167304683e-12,-1.3081176798307838e-12
233.14,4.101419156456348e-12,-1.2767471582041483e-12
233.15,4.1252158762908296e-12,-1.2453081415314103e-12
233.16,4.148715430082863e-12,-1.2138033217267916e-12
233.17,4.1719167811076375e-12,-1.1822368654999024e-12
233.18,4.194818127170296e-12,-1.1506068847153725e-12
233.19,4.217418639955086e-12,-1.118920921088215e-12
233.2,4.2397168151369466e-12,-1.0871797293928409e-12
233.21,4.2617115805261095e-12,-1.055386406834551e-12
233.22,4.28340218385937e-12,-1.023543278554499e-12
233.23,4.3047869685324975e-12,-9.916538648790273e-13
233.24,4.325864857936e-12,-9.597199398214618e-13
233.25,4.346634918091712e-12,-9.277447375260087e-13
233.26,4.367095919136636e-12,-8.957308646792078e-13
233.27,4.3872471029214996e-12,-8.636809089122537e-13
233.28,4.4070872053889875e-12,-8.315977403173857e-13
233.29,4.426615794600508e-12,-7.99483982986997e-13
233.3,4.4458310171153165e-12,-7.6734245734988e-13
233.31,4.464733057846849e-12,-7.351756315767009e-13
233.32,4.483319839659025e-12,-7.029866891920647e-13
233.33,4.501591398529466e-12,-6.707776961858369e-13
233.34,4.519546647811128e-12,-6.385519389749029e-13
233.35,4.537184452249066e-12,-6.06311943545132e-13
233.36,4.554504573122671e-12,-5.740602185050859e-13
233.37,4.571505811131373e-12,-5.417995660464036e-13
233.38,4.588187558355447e-12,-5.095328333082222e-13
233.39,4.604548979206895e-12,-4.772624396082937e-13
233.4,4.620590104661978e-12,-4.4499141434119066e-13
233.41,4.6363093446886645e-12,-4.1272224272897384e-13
233.42,4.651706706527428e-12,-3.804574854626816e-13
233.43,4.666781620908566e-12,-3.482000139759867e-13
233.44,4.681533181677341e-12,-3.15952457947089e-13
233.45,4.695960762663607e-12,-2.8371749893351993e-13
233.46,4.71006442599634e-12,-2.514977543616063e-13
233.47,4.723843296288858e-12,-2.1929580073707413e-13
233.48,4.737296644743012e-12,-1.8711471917628851e-13
233.49,4.750424900045054e-12,-1.5495641303480693e-13
233.5,4.763226955540628e-12,-1.2282412895929857e-13
233.51,4.775702611563179e-12,-9.072035481208331e-14
233.52,4.787851641824311e-12,-5.864762070103866e-14
233.53,4.7996735800687725e-12,-2.6608751730589833e-14
233.54,4.811168159561067e-12,5.3938408963901314e-15
233.55,4.822335411541181e-12,3.7357477727418723e-14
233.56,4.833174479185531e-12,6.927938125617979e-14
233.57,4.8436858069117e-12,1.0115727172712606e-13
233.58,4.853868999151509e-12,1.3298832971414246e-13
233.59,4.863723772853776e-12,1.6477000965809653e-13
233.6,4.873250360640123e-12,1.9649988000004902e-13
233.61,4.882448012531705e-12,2.2817515649126974e-13
233.62,4.89131721073717e-12,2.5979344771613804e-13
233.63,4.899857807905946e-12,2.913519733183485e-13
233.64,4.9080696237465785e-12,3.228484941279527e-13
233.65,4.915952851624896e-12,3.542802867488083e-13
233.66,4.923506949281665e-12,3.8564451660104126e-13
233.67,4.9307334825286065e-12,4.169395247679117e-13
233.68,4.937630978618424e-12,4.481619849104778e-13
233.69,4.944200000380388e-12,4.793096999460331e-13
233.7,4.950441310230711e-12,5.103803852141411e-13
233.71,4.956354122171547e-12,5.4137104050968e-13
233.72,4.961939188179901e-12,5.722796700824015e-13
233.73,4.967196699542055e-12,6.031037275903378e-13
233.74,4.9721269227068946e-12,6.338405425874106e-13
233.75,4.976729916843947e-12,6.644878091740003e-13
233.76,4.981006223635915e-12,6.950431590487822e-13
233.77,4.984956164246727e-12,7.255040831906931e-13
233.78,4.988579735384994e-12,7.558682659093338e-13
233.79,4.991877675692702e-12,7.861333357687829e-13
233.8,4.994850565039952e-12,8.162964890478528e-13
233.81,4.997498203342579e-12,8.463559676927629e-13
233.82,4.999821523374018e-12,8.763090333330499e-13
233.83,5.00182078532007e-12,9.061533865873716e-13
233.84,5.003497618757498e-12,9.358879793291428e-13
233.85,5.0048498646706955e-12,9.655071191791247e-13
233.86,5.005880578161769e-12,9.95011591618561e-13
233.87,5.006589255368819e-12,1.024398121573785e-12
233.88,5.006973911381665e-12,1.053663571044506e-12
233.89,5.007044368898635e-12,1.0828084456976664e-12
233.9,5.0067918807008e-12,1.1118275443209034e-12
233.91,5.0062200366577775e-12,1.1407196660095527e-12
233.92,5.005329814536931e-12,1.1694825772000913e-12
233.93,5.0041219382398684e-12,1.1981140713899675e-12
233.94,5.002596851496562e-12,1.2266118691742128e-12
233.95,5.0007554799119645e-12,1.2549738485170082e-12
233.96,4.998598918862427e-12,1.2831978302658162e-12
233.97,4.996127949229141e-12,1.31128135229741e-12
233.98,4.9933428026261395e-12,1.3392229975842161e-12
233.99,4.990245151753327e-12,1.367020106495125e-12
234.0,4.986835348603999e-12,1.3946704768426971e-12
234.01,4.9831146237097566e-12,1.422172239599922e-12
234.02,4.9790838833195246e-12,1.44952329697982e-12
234.03,4.974743889289338e-12,1.4767214077650374e-12
234.04,4.970095846462123e-12,1.5037646046972078e-12
234.05,4.965140704317331e-12,1.5306507726047372e-12
234.06,4.9598793176941434e-12,1.5573780974369872e-12
234.07,4.954313597040944e-12,1.5839445571063761e-12
234.08,4.948443564309418e-12,1.6103480111389647e-12
234.09,4.942270735679098e-12,1.6365865319752365e-12
234.1,4.935796161586658e-12,1.662658082418344e-12
234.11,4.929021366968007e-12,1.6885607771078413e-12
234.12,4.9219468650786506e-12,1.7142927306748366e-12
234.13,4.914574358693486e-12,1.7398519934374847e-12
234.14,4.906905002157594e-12,1.7652367093250637e-12
234.15,4.8989396286763944e-12,1.7904446589962056e-12
234.16,4.8906803033879845e-12,1.8154747422834007e-12
234.17,4.8821277882358194e-12,1.8403245163515054e-12
234.18,4.873283160892656e-12,1.864992270179668e-12
234.19,4.8641481260574504e-12,1.8894761455962556e-12
234.2,4.854724017609413e-12,1.913774519896208e-12
234.21,4.84501212227474e-12,1.937885541292083e-12
234.22,4.835014009308581e-12,1.9618074906791583e-12
234.23,4.8247304591351044e-12,1.9855384671980223e-12
234.24,4.81416330237026e-12,2.0090766950704812e-12
234.25,4.803314456133371e-12,2.032421146972102e-12
234.26,4.792184902225668e-12,2.0555695569724363e-12
234.27,4.780775712881607e-12,2.0785202080956312e-12
234.28,4.769089558491231e-12,2.1012716187558067e-12
234.29,4.7571269220850105e-12,2.1238221403786194e-12
234.3,4.744889809442555e-12,2.1461701805167418e-12
234.31,4.732379520851036e-12,2.16831431891973e-12
234.32,4.719598037565477e-12,2.1902526347875627e-12
234.33,4.706547160899303e-12,2.2119843204961665e-12
234.34,4.693226728867009e-12,2.2335059896667293e-12
234.35,4.679640588331972e-12,2.2548181956866167e-12
234.36,4.6657896222434936e-12,2.2759187582682647e-12
234.37,4.6516753094685635e-12,2.2968060940709095e-12
234.38,4.637299614989148e-12,2.3174787364736248e-12
234.39,4.622663535039744e-12,2.3379351233726692e-12
234.4,4.607769913442562e-12,2.3581742201602004e-12
234.41,4.5926198433619885e-12,2.378194489134923e-12
234.42,4.577215231993736e-12,2.397994301003384e-12
234.43,4.5615578861704936e-12,2.417572619635297e-12
234.44,4.545649515099004e-12,2.4369279694672925e-12
234.45,4.529491954068595e-12,2.4560591077524524e-12
234.46,4.513087227547763e-12,2.4749647668562095e-12
234.47,4.496436883406896e-12,2.4936434316000824e-12
234.48,4.479543203280895e-12,2.512094178221886e-12
234.49,4.462407394210909e-12,2.5303155470695413e-12
234.5,4.445031885444615e-12,2.548306420302539e-12
234.51,4.427418505128086e-12,2.566065586138245e-12
234.52,4.409569096374812e-12,2.583591900730039e-12
234.53,4.391485639398058e-12,2.600884159220419e-12
234.54,4.373170241782038e-12,2.6179412780489243e-12
234.55,4.354624558295328e-12,2.6347622452333556e-12
234.56,4.335850783515476e-12,2.651345889495008e-12
234.57,4.316851055693779e-12,2.667691024820251e-12
234.58,4.297626907939438e-12,2.6837968138441674e-12
234.59,4.278180957255971e-12,2.699662086597217e-12
234.6,4.258515465954622e-12,2.7152859273502704e-12
234.61,4.238631091892345e-12,2.7306673445771095e-12
234.62,4.218531281173376e-12,2.74580547585368e-12
234.63,4.198217398090152e-12,2.7606989787163504e-12
234.64,4.17769226298912e-12,2.775347651986414e-12
234.65,4.156956967995413e-12,2.7897498661957612e-12
234.66,4.136014664104327e-12,2.8039050632311456e-12
234.67,4.114867041620377e-12,2.817812688417265e-12
234.68,4.0935161445338196e-12,2.8314714791683613e-12
234.69,4.07196423278993e-12,2.844880827142085e-12
234.7,4.050213408697892e-12,2.858039849119573e-12
234.71,4.028265849764939e-12,2.8709478848519024e-12
234.72,4.006125237479224e-12,2.883604379286979e-12
234.73,3.983790337495907e-12,2.8960079882182742e-12
234.74,3.961265812188821e-12,2.908158383253382e-12
234.75,3.938553937939653e-12,2.920055190408042e-12
234.76,3.915656450676317e-12,2.9316973721586506e-12
234.77,3.892575541544897e-12,2.9430843605804455e-12
234.78,3.8693139870018116e-12,2.9542155881864523e-12
234.79,3.84587309107708e-12,2.965090545599057e-12
234.8,3.822256042686396e-12,2.9757087008182885e-12
234.81,3.798464756930321e-12,2.9860692013283208e-12
234.82,3.774501492324718e-12,2.996171845442292e-12
234.83,3.750368824949778e-12,3.006015929050161e-12
234.84,3.726068578220066e-12,3.0156010446493e-12
234.85,3.701603735904494e-12,3.0249268995494854e-12
234.86,3.676976008362846e-12,3.0339927512604205e-12
234.87,3.652188108768402e-12,3.042798408568641e-12
234.88,3.6272424445974928e-12,3.051343516005646e-12
234.89,3.6021411774388933e-12,3.0596276717473782e-12
234.9,3.5768866976904542e-12,3.0676502912159998e-12
234.91,3.5514813435029508e-12,3.0754112963795695e-12
234.92,3.5259277027823024e-12,3.0829103576349336e-12
234.93,3.5002279832055343e-12,3.0901471174484526e-12
234.94,3.4743846819875233e-12,3.097121361594334e-12
234.95,3.4484001125151552e-12,3.103832930022404e-12
234.96,3.422276587111987e-12,3.1102813570078696e-12
234.97,3.3960170703412956e-12,3.1164671111555147e-12
234.98,3.369623336341149e-12,3.1223891065939166e-12
234.99,3.343098077195047e-12,3.1280478109099534e-12
235.0,3.3164437569405434e-12,3.1334427181493455e-12
235.01,3.2896626867018017e-12,3.1385741957593544e-12
235.02,3.262757407450496e-12,3.1434417699644233e-12
235.03,3.2357311141585753e-12,3.1480456601603455e-12
235.04,3.2085841418218042e-12,3.1523853324270663e-12
235.05,3.1813209431126597e-12,3.15646160838734e-12
235.06,3.1539435165960508e-12,3.1602735944748365e-12
235.07,3.1264540376349995e-12,3.1638219032226747e-12
235.08,3.0988553304949363e-12,3.1671063891293965e-12
235.09,3.071149254359571e-12,3.170127104423934e-12
235.1,3.043339020788103e-12,3.1728843349724836e-12
235.11,3.015426653899666e-12,3.1753779381685592e-12
235.12,2.9874147013104605e-12,3.1776080803297908e-12
235.13,2.9593058774991132e-12,3.1795751433493714e-12
235.14,2.931103279184945e-12,3.1812806573115738e-12
235.15,2.9028067858962773e-12,3.1827202552295676e-12
235.16,2.874421833247181e-12,3.183898424401939e-12
235.17,2.84594996769694e-12,3.1848147635926603e-12
235.18,2.817393619022851e-12,3.185469619806422e-12
235.19,2.7887548207690396e-12,3.1858611341405725e-12
235.2,2.7600366853347583e-12,3.1859918001299522e-12
235.21,2.7312414534166954e-12,3.1858613275165547e-12
235.22,2.702371925128646e-12,3.185469988698615e-12
235.23,2.673430134731737e-12,3.1848181105846515e-12
235.24,2.644418836880024e-12,3.1839061910771265e-12
235.25,2.615340607736988e-12,3.1827347317692144e-12
235.26,2.5861979065451724e-12,3.181303978753758e-12
235.27,2.556993171324568e-12,3.179614315809085e-12
235.28,2.527729144391242e-12,3.1776665286344714e-12
235.29,2.498408010151484e-12,3.175460859725954e-12
235.3,2.469032383125289e-12,3.1729979251241093e-12
235.31,2.439604984335386e-12,3.170278179748207e-12
235.32,2.4101277287256363e-12,3.167302453263174e-12
235.33,2.380603946128295e-12,3.1640708631613773e-12
235.34,2.351035486497907e-12,3.1605845478948823e-12
235.35,2.3214251763502897e-12,3.15684345731287e-12
235.36,2.29177542659987e-12,3.152848579322041e-12
235.37,2.2620888072280207e-12,3.1486010207922578e-12
235.38,2.2323676777796386e-12,3.144100966791272e-12
235.39,2.202614575781013e-12,3.1393488962555724e-12
235.4,2.172832137966532e-12,3.134346090067206e-12
235.41,2.1430226483573677e-12,3.129092929336148e-12
235.42,2.1131885360408556e-12,3.123590351354962e-12
235.43,2.083332456492475e-12,3.1178387788156946e-12
235.44,2.0534568598399376e-12,3.1118394636812275e-12
235.45,2.023564241748733e-12,3.1055929933794245e-12
235.46,1.9936571813950514e-12,3.0991002129716167e-12
235.47,1.963737797119292e-12,3.0923619987713108e-12
235.48,1.9338087415440855e-12,3.0853792740114387e-12
235.49,1.903872480678237e-12,3.0781529237330734e-12
235.5,1.8739315908140563e-12,3.0706837363125573e-12
235.51,1.843988303928465e-12,3.062972764507446e-12
235.52,1.8140451747914699e-12,3.0550208244181024e-12
235.53,1.7841047671814981e-12,3.046829080940979e-12
235.54,1.7541690819436552e-12,3.0383984758666013e-12
235.55,1.7242409990738349e-12,3.0297297453791883e-12
235.56,1.694322767145582e-12,3.0208242525959764e-12
235.57,1.6644167207312749e-12,3.011682732272227e-12
235.58,1.6345255614816223e-12,3.0023068201807914e-12
235.59,1.6046511774994941e-12,2.9926966880042026e-12
235.6,1.5747964645163227e-12,2.982854194540478e-12
235.61,1.544963588494102e-12,2.9727801681483623e-12
235.62,1.5151549675537962e-12,2.962475642674323e-12
235.63,1.48537303705101e-12,2.9519421802323177e-12
235.64,1.4556199153760448e-12,2.941180250679025e-12
235.65,1.425898358828557e-12,2.930191751878231e-12
235.66,1.3962104513918859e-12,2.9189773643580256e-12
235.67,1.3665586610550344e-12,2.9075385144598666e-12
235.68,1.336945032674671e-12,2.895876333397321e-12
235.69,1.3073722097291721e-12,2.883992224031996e-12
235.7,1.2778426654651077e-12,2.871887412999195e-12
235.71,1.2483583492493053e-12,2.8595631548414548e-12
235.72,1.2189213868275232e-12,2.847020547260208e-12
235.73,1.189534879768241e-12,2.8342614490977294e-12
235.74,1.1602003093451723e-12,2.8212865865173818e-12
235.75,1.1309203998506737e-12,2.808097535178873e-12
235.76,1.1016970608453227e-12,2.7946959962206186e-12
235.77,1.0725331673938579e-12,2.781082661401846e-12
235.78,1.043430235629669e-12,2.76725937397765e-12
235.79,1.0143910820765234e-12,2.753227511963417e-12
235.8,9.854175569271369e-13,2.738988429362142e-12
235.81,9.565126806294007e-13,2.724542938114748e-12
235.82,9.27676739093329e-13,2.709894390639199e-12
235.83,8.989135678697159e-13,2.6950426176579737e-12
235.84,8.702253592538036e-13,2.6799889982520426e-12
235.85,8.416105426259176e-13,2.664733610081708e-12
235.86,8.130812693508224e-13,2.6492841967868716e-12
235.87,7.846296880625544e-13,2.6336357114463993e-12
235.88,7.562612931779408e-13,2.6177921396961988e-12
235.89,7.279783010526301e-13,2.601754647683785e-12
235.9,6.997829602691884e-13,2.585525107913438e-12
235.91,6.716767916330664e-13,2.569104933499756e-12
235.92,6.436626649533764e-13,2.5524957418299713e-12
235.93,6.157422506527555e-13,2.535699249122311e-12
235.94,5.879175989448971e-13,2.518717026365513e-12
235.95,5.601909060901288e-13,2.5015505402326823e-12
235.96,5.325635257696595e-13,2.4842012990371575e-12
235.97,5.050393606407847e-13,2.4666720694231673e-12
235.98,4.776186509494915e-13,2.4489631713677513e-12
235.99,4.5030387100329545e-13,2.431076945407527e-12
236.0,4.2309721229588974e-13,2.4130148615885496e-12
236.01,3.9600046213242363e-13,2.3947788859653524e-12
236.02,3.690157128701496e-13,2.3763704510313777e-12
236.03,3.4214494754248096e-13,2.3577913371837437e-12
236.04,3.153897751203115e-13,2.339043438625929e-12
236.05,2.887529291501811e-13,2.3201287380495814e-12
236.06,2.6223573768139637e-13,2.3010485161182905e-12
236.07,2.358398792671262e-13,2.281804811589926e-12
236.08,2.0956772205633464e-13,2.262399255025666e-12
236.09,1.8342082597110137e-13,2.242833780491368e-12
236.1,1.5740155149643259e-13,2.2231101750042356e-12
236.11,1.315107815801711e-13,2.203230366523576e-12
236.12,1.0575164811456355e-13,2.183195854978841e-12
236.13,8.012457232522592e-14,2.163008930019636e-12
236.14,5.4632321179858666e-14,2.142671149222525e-12
236.15,2.927648930797705e-14,2.1221844965041198e-12
236.16,4.058622983613793e-15,2.1015507495537333e-12
236.17,-2.101932103393907e-14,2.080771787747383e-12
236.18,-4.595557289058564e-14,2.0598496233890215e-12
236.19,-7.074862664760888e-14,2.0387860704318912e-12
236.2,-9.539651633891118e-14,2.01758304155192e-12
236.21,-1.1989756247221842e-13,1.996242509747356e-12
236.22,-1.4425034705562377e-13,1.974766321963219e-12
236.23,-1.684530232417512e-13,1.953156512986435e-12
236.24,-1.925042082760234e-13,1.9314149549631557e-12
236.25,-2.1640163770129456e-13,1.9095434178040787e-12
236.26,-2.401442834581236e-13,1.887544303785639e-12
236.27,-2.6373107443047524e-13,1.865418555545136e-12
236.28,-2.8715815062023753e-13,1.84317022847438e-12
236.29,-3.1042641099680075e-13,1.8207994082787795e-12
236.3,-3.3353315438085075e-13,1.798308750557248e-12
236.31,-3.5647717889775956e-13,1.7757000714921692e-12
236.32,-3.7925694027849624e-13,1.752975478284951e-12
236.33,-4.018708592015514e-13,1.7301369363030525e-12
236.34,-4.243174222180024e-13,1.7071866367787672e-12
236.35,-4.4659511042731025e-13,1.684126452429764e-12
236.36,-4.687024951547706e-13,1.6609584190001974e-12
236.37,-4.906388231060135e-13,1.6376846838064724e-12
236.38,-5.124013867715127e-13,1.614307161175529e-12
236.39,-5.339893557239984e-13,1.5908277523646853e-12
236.4,-5.55402105907053e-13,1.5672490451668108e-12
236.41,-5.766375722350826e-13,1.5435725854816271e-12
236.42,-5.976939747186573e-13,1.519800657603781e-12
236.43,-6.185711578458784e-13,1.495935129962798e-12
236.44,-6.392666383475803e-13,1.4719782861343595e-12
236.45,-6.597798018840441e-13,1.4479322057876082e-12
236.46,-6.801090142295899e-13,1.4237989293126576e-12
236.47,-7.002534348871124e-13,1.399580441663947e-12
236.48,-7.202113612212698e-13,1.3752789957260032e-12
236.49,-7.399818365314375e-13,1.3508966183927088e-12
236.5,-7.595636780045862e-13,1.3264353596549025e-12
236.51,-7.78955601858437e-13,1.3018972680015742e-12
236.52,-7.981564416107338e-13,1.277284696110229e-12
236.53,-8.171654328330316e-13,1.252599512642474e-12
236.54,-8.359809172393528e-13,1.227843832997085e-12
236.55,-8.546014982675294e-13,1.2030201845647e-12
236.56,-8.730271047471863e-13,1.1781301542292263e-12
236.57,-8.912554889650877e-13,1.1531759945010368e-12
236.58,-9.092871069850878e-13,1.1281600254943613e-12
236.59,-9.271195477584356e-13,1.1030842165277863e-12
236.6,-9.447522003677414e-13,1.0779507328943828e-12
236.61,-9.621845454281128e-13,1.0527617157701029e-12
236.62,-9.794147936414726e-13,1.0275192131474112e-12
236.63,-9.964427839047246e-13,1.0022254689497428e-12
236.64,-1.013266324881534e-12,9.768824762629687e-13
236.65,-1.0298859243661194e-12,9.514925930193615e-13
236.66,-1.046299982553646e-12,9.26057970432152e-13
236.67,-1.0625077443800685e-12,9.005801693292094e-13
236.68,-1.0785082987929495e-12,8.750618968067914e-13
236.69,-1.094300644128095e-12,8.495053407135535e-13
236.7,-1.1098844545334133e-12,8.239122799254614e-13
236.71,-1.1252584714585608e-12,7.982850227116402e-13
236.72,-1.1404219027202418e-12,7.726257284238732e-13
236.73,-1.1553743041001291e-12,7.469363092143346e-13
236.74,-1.1701141721523063e-12,7.212196429417822e-13
236.75,-1.1846419247638979e-12,6.954771458713671e-13
236.76,-1.1989555945294425e-12,6.697108650223426e-13
236.77,-1.2130557373828017e-12,6.439233295872946e-13
236.78,-1.226940168218314e-12,6.181164427338072e-13
236.79,-1.2406097425910024e-12,5.922924799721046e-13
236.8,-1.2540630416137115e-12,5.664535018327337e-13
236.81,-1.2672995136281065e-12,5.40601732249046e-13
236.82,-1.2803187416525038e-12,5.14739190041161e-13
236.83,-1.2931200580218722e-12,4.888680455900907e-13
236.84,-1.3057025266503485e-12,4.629906327471743e-13
236.85,-1.3180663393672604e-12,4.3710836886140787e-13
236.86,-1.3302103862136613e-12,4.112241739308227e-13
236.87,-1.3421345740124965e-12,3.853396255936014e-13
236.88,-1.3538376838241173e-12,3.5945726332421253e-13
236.89,-1.3653202413815158e-12,3.3357876847198176e-13
236.9,-1.3765813097663233e-12,3.0770652560670095e-13
236.91,-1.3876202399177474e-12,2.8184269223568527e-13
236.92,-1.398436890515123e-12,2.559891228257345e-13
236.93,-1.4090303106116823e-12,2.3014819842045445e-13
236.94,-1.419401786437815e-12,2.0432137764127124e-13
236.95,-1.4295491006990555e-12,1.7851167472149658e-13
236.96,-1.4394728073918987e-12,1.527206097680918e-13
236.97,-1.4491724753301644e-12,1.2695027300975643e-13
236.98,-1.4586475371458813e-12,1.0120282738721055e-13
236.99,-1.4678980737062279e-12,7.548038431350887e-14
237.0,-1.4769238301964941e-12,4.9784929196152454e-14
237.01,-1.4857243303709343e-12,2.411853740226158e-14
237.02,-1.4942994987615779e-12,-1.5171007736004324e-15
237.03,-1.5026491661252582e-12,-2.7118791791827125e-14
237.04,-1.5107731101114316e-12,-5.2685698999417157e-14
237.05,-1.5186709626702255e-12,-7.821511680526761e-14
237.06,-1.526343321853026e-12,-1.0370575352470786e-13
237.07,-1.5337885491796019e-12,-1.2915448773206806e-13
237.08,-1.5410081619772546e-12,-1.5456029459895948e-13
237.09,-1.548001511454373e-12,-1.7992072833926017e-13
237.1,-1.5547682397621514e-12,-2.0523367766608228e-13
237.11,-1.5613125524357876e-12,-2.3049787630673677e-13
237.12,-1.5676228766883053e-12,-2.557098035916557e-13
237.13,-1.573709841417731e-12,-2.808686843677533e-13
237.14,-1.5795705386301973e-12,-3.0597241048341206e-13
237.15,-1.585204345548934e-12,-3.310178316686245e-13
237.16,-1.5906129956778934e-12,-3.560059807973913e-13
237.17,-1.5957947088085602e-12,-3.8093194358982204e-13
237.18,-1.6007501945241033e-12,-4.057949287834233e-13
237.19,-1.605479325780049e-12,-4.305927109441006e-13
237.2,-1.6099825171034663e-12,-4.553235926004221e-13
237.21,-1.6142598355177282e-12,-4.799853587154102e-13
237.22,-1.618311491479952e-12,-5.045762558214282e-13
237.23,-1.622137530305063e-12,-5.290945238187512e-13
237.24,-1.6257381997075059e-12,-5.535380813879134e-13
237.25,-1.6291137131269377e-12,-5.779051198131881e-13
237.26,-1.6322643692500616e-12,-6.021936763865931e-13
237.27,-1.6351902615424233e-12,-6.264019545493707e-13
237.28,-1.6378917015439174e-12,-6.505280365518797e-13
237.29,-1.640369113867718e-12,-6.745701583235591e-13
237.3,-1.6426227768290303e-12,-6.985264871361271e-13
237.31,-1.6446528849926862e-12,-7.223949422661872e-13
237.32,-1.6464599686665192e-12,-7.461740132405635e-13
237.33,-1.6480438657111702e-12,-7.698614151339543e-13
237.34,-1.6494058514995255e-12,-7.934561489289445e-13
237.35,-1.6505456067811775e-12,-8.169557413966686e-13
237.36,-1.6514637778038675e-12,-8.403585736790029e-13
237.37,-1.6521606912824412e-12,-8.636629948658436e-13
237.38,-1.6526371148357507e-12,-8.86867027431434e-13
237.39,-1.6528928241456346e-12,-9.099691599129053e-13
237.4,-1.6529287754178046e-12,-9.329672643549932e-13
237.41,-1.6527457382093873e-12,-9.558602822872775e-13
237.42,-1.6523437232347957e-12,-9.786458395253892e-13
237.43,-1.6517233271051277e-12,-1.0013224425619112e-12
237.44,-1.6508855025680814e-12,-1.0238886247356397e-12
237.45,-1.649830261975711e-12,-1.046342342250819e-12
237.46,-1.6485586595608631e-12,-1.068682024382203e-12
237.47,-1.6470709803076267e-12,-1.0909063902119468e-12
237.48,-1.6453675689275935e-12,-1.1130129913833957e-12
237.49,-1.6434502463493191e-12,-1.1350009219897593e-12
237.5,-1.6413184267921183e-12,-1.1568682148798443e-12
237.51,-1.638973293753838e-12,-1.1786133061937596e-12
237.52,-1.6364151175680623e-12,-1.2002346350334632e-12
237.53,-1.6336451353975997e-12,-1.221730607694519e-12
237.54,-1.6306638358308835e-12,-1.243099767987875e-12
237.55,-1.6274716966510925e-12,-1.2643399500944806e-12
237.56,-1.624070001059467e-12,-1.2854504003503196e-12
237.57,-1.6204592459549975e-12,-1.3064292046717027e-12
237.58,-1.6166398403827668e-12,-1.32727466096684e-12
237.59,-1.612612981992453e-12,-1.347985525588633e-12
237.6,-1.6083784824619717e-12,-1.3685600082825661e-12
237.61,-1.6039402253857146e-12,-1.3889974356939624e-12
237.62,-1.5992958636016843e-12,-1.4092954904156779e-12
237.63,-1.5944469786309818e-12,-1.4294526765725524e-12
237.64,-1.589394744110135e-12,-1.4494679658611762e-12
237.65,-1.5841407100197498e-12,-1.4693398763225176e-12
237.66,-1.578684675351721e-12,-1.489066785605562e-12
237.67,-1.57302790846237e-12,-1.508647631414987e-12
237.68,-1.5671716148046177e-12,-1.528080368206229e-12
237.69,-1.5611161764246327e-12,-1.547364029033953e-12
237.7,-1.5548634454128502e-12,-1.566497606399657e-12
237.71,-1.5484134873455087e-12,-1.5854791514611804e-12
237.72,-1.5417678974020178e-12,-1.6043075509453734e-12
237.73,-1.5349267818743656e-12,-1.6229814685947302e-12
237.74,-1.5278930153739203e-12,-1.6414997249563037e-12
237.75,-1.5206655529449929e-12,-1.6598608198924617e-12
237.76,-1.5132464264719233e-12,-1.6780636354333758e-12
237.77,-1.5056368834163122e-12,-1.696106790329747e-12
237.78,-1.497837998553058e-12,-1.7139892693729729e-12
237.79,-1.4898491403943866e-12,-1.731709386848975e-12
237.8,-1.481673511989082e-12,-1.7492661232544801e-12
237.81,-1.4733119687790356e-12,-1.766658765161318e-12
237.82,-1.464764833381027e-12,-1.7838869579003865e-12
237.83,-1.4560331813419728e-12,-1.8009451249082063e-12
237.84,-1.4471187851757359e-12,-1.8178368164122822e-12
237.85,-1.4380226063703728e-12,-1.8345593674167226e-12
237.86,-1.4287457772747608e-12,-1.85111154507186e-12
237.87,-1.4192893227960133e-12,-1.8674923071293258e-12
237.88,-1.409655128942121e-12,-1.8837006105104356e-12
237.89,-1.3998435418462542e-12,-1.8997352818650367e-12
237.9,-1.3898561418113515e-12,-1.9155953539708783e-12
237.91,-1.3796939832669218e-12,-1.9312793389899218e-12
237.92,-1.3693586842945384e-12,-1.9467868781777866e-12
237.93,-1.3588511434639066e-12,-1.9621166106252454e-12
237.94,-1.3481728596659846e-12,-1.9772674552370928e-12
237.95,-1.3373248271891021e-12,-1.992238551829628e-12
237.96,-1.326308740795788e-12,-2.0070288744502484e-12
237.97,-1.3151258309255064e-12,-2.021637609825759e-12
237.98,-1.3037766804564432e-12,-2.03606355004642e-12
237.99,-1.2922638149810456e-12,-2.050306055387018e-12
238.0,-1.2805876414785264e-12,-2.0643640016174364e-12
238.01,-1.2687499524331096e-12,-2.0782366240665056e-12
238.02,-1.2567519235927581e-12,-2.091922932382611e-12
238.03,-1.2445950264199677e-12,-2.105422141870991e-12
238.04,-1.232280485027962e-12,-2.1187335320307087e-12
238.05,-1.2198096766415218e-12,-2.1318559528140643e-12
238.06,-1.2071844598066293e-12,-2.1447891025680615e-12
238.07,-1.1944057223181996e-12,-2.1575318351949767e-12
238.08,-1.1814749624666582e-12,-2.1700831803921818e-12
238.09,-1.1683930113282415e-12,-2.1824427133664992e-12
238.1,-1.1551633672455784e-12,-2.1946096071995788e-12
238.11,-1.1417854633975923e-12,-2.2065831788701247e-12
238.12,-1.1282615037984347e-12,-2.218362782263569e-12
238.13,-1.1145925499098016e-12,-2.2299474078482367e-12
238.14,-1.1007804323673487e-12,-2.241336687241363e-12
238.15,-1.0868266405890864e-12,-2.2525298976505153e-12
238.16,-1.072732516879474e-12,-2.263526305286979e-12
238.17,-1.0584998430743436e-12,-2.2743254431451767e-12
238.18,-1.0441294548982213e-12,-2.2849265719034107e-12
238.19,-1.0296238262174744e-12,-2.295329065659485e-12
238.2,-1.0149836916036934e-12,-2.30553247312357e-12
238.21,-1.0002114203416098e-12,-2.3155360465073064e-12
238.22,-9.85306977608319e-13,-2.3253398169988336e-12
238.23,-9.70273411163279e-13,-2.3349424738701827e-12
238.24,-9.551118135559873e-13,-2.3443441742685293e-12
238.25,-9.398236558125844e-13,-2.3535437289782086e-12
238.26,-9.24410565296805e-13,-2.362541258066456e-12
238.27,-9.088752847231037e-13,-2.371336356397419e-12
238.28,-8.932159042441393e-13,-2.3799277652018524e-12
238.29,-8.774373332655118e-13,-2.3883159436785534e-12
238.3,-8.615408908659114e-13,-2.396500509376844e-12
238.31,-8.455266649829167e-13,-2.4044803902441576e-12
238.32,-8.293972475684834e-13,-2.412255538489168e-12
238.33,-8.131540948217951e-13,-2.419825694122865e-12
238.34,-7.967985066999518e-13,-2.427190616439392e-12
238.35,-7.803329655477236e-13,-2.43434993239212e-12
238.36,-7.637578515503622e-13,-2.4413027895999395e-12
238.37,-7.470762282442011e-13,-2.4480500513449653e-12
238.38,-7.302887738006205e-13,-2.4545904375708566e-12
238.39,-7.133969986212676e-13,-2.4609240246662886e-12
238.4,-6.964032162302857e-13,-2.4670507436977276e-12
238.41,-6.793087655613203e-13,-2.4729701131274546e-12
238.42,-6.621151942114817e-13,-2.4786821216710287e-12
238.43,-6.448243041428691e-13,-2.484186462289372e-12
238.44,-6.274378330366068e-13,-2.4894830876949995e-12
238.45,-6.099571161022992e-13,-2.494571698502175e-12
238.46,-5.923845769147674e-13,-2.4994525045694843e-12
238.47,-5.747211038789397e-13,-2.5041248346333595e-12
238.48,-5.569689504757949e-13,-2.508589302600181e-12
238.49,-5.391291412021308e-13,-2.512845207965814e-12
238.5,-5.212040249112991e-13,-2.5168928270871332e-12
238.51,-5.031951927616113e-13,-2.5207321702148078e-12
238.52,-4.851038063589335e-13,-2.524362824367597e-12
238.53,-4.669323311084352e-13,-2.527785129353952e-12
238.54,-4.486825584867679e-13,-2.530998841351375e-12
238.55,-4.3035484119120704e-13,-2.5340043974981624e-12
238.56,-4.1195232059504206e-13,-2.536801445297672e-12
238.57,-3.934759919694371e-13,-2.539390031354076e-12
238.58,-3.7492792420482817e-13,-2.541770576649808e-12
238.59,-3.5631001734911777e-13,-2.543942863307658e-12
238.6,-3.3762325063300646e-13,-2.5459072616356294e-12
238.61,-3.188698957490363e-13,-2.547663559070301e-12
238.62,-3.0005169305622487e-13,-2.5492123121085133e-12
238.63,-2.81170963427346e-13,-2.5505539927055843e-12
238.64,-2.6222717163450306e-13,-2.551686822695519e-12
238.65,-2.432244856139344e-13,-2.5526132228348255e-12
238.66,-2.2416359524390975e-13,-2.5533325054581733e-12
238.67,-2.0504642045987752e-13,-2.553844940646276e-12
238.68,-1.858747444098267e-13,-2.554150924613862e-12
238.69,-1.6665012091804916e-13,-2.5542505478576174e-12
238.7,-1.473745325853374e-13,-2.5541440762443472e-12
238.71,-1.2804966224578873e-13,-2.5538318883102793e-12
238.72,-1.086767020932373e-13,-2.5533145748026738e-12
238.73,-8.925839069707177e-14,-2.5525916679183298e-12
238.74,-6.979569351880088e-14,-2.551664132017816e-12
238.75,-5.0290632864923517e-14,-2.5505323164142293e-12
238.76,-3.0744854448827183e-14,-2.5491964248460915e-12
238.77,-1.1160254192317964e-14,-2.5476567483903774e-12
238.78,8.461503483964234e-15,-2.5459140585876404e-12
238.79,2.8119020287233997e-14,-2.543968442498878e-12
238.8,4.781004238840001e-14,-2.541820429652529e-12
238.81,6.753281532481134e-14,-2.5394705736125453e-12
238.82,8.728647642696285e-14,-2.536919130346105e-12
238.83,1.0706832232468527e-13,-2.5341667070340612e-12
238.84,1.2687685984907066e-13,-2.5312138911983446e-12
238.85,1.467105901409386e-13,-2.5280610473639893e-12
238.86,1.665676451509342e-13,-2.5247087034916066e-12
238.87,1.8644634258616961e-13,-2.5211575711495013e-12
238.88,2.063447759194354e-13,-2.517408071764639e-12
238.89,2.262614245117027e-13,-2.513460879086307e-12
238.9,2.4619444488000074e-13,-2.5093166218494534e-12
238.91,2.661423693611654e-13,-2.5049755577442143e-12
238.92,2.86103422106462e-13,-2.5004385547993344e-12
238.93,3.060755083433327e-13,-2.4957064052613845e-12
238.94,3.260573721742691e-13,-2.490779484495741e-12
238.95,3.4604688947892576e-13,-2.485658770568638e-12
238.96,3.6604277785783027e-13,-2.480344601895154e-12
238.97,3.860428413870609e-13,-2.4748379527896804e-12
238.98,4.0604608740806505e-13,-2.469139194454283e-12
238.99,4.2605022686336197e-13,-2.4632489475794157e-12
239.0,4.4605376004167223e-13,-2.457169355167066e-12
239.01,4.660550515383728e-13,-2.4508996290013075e-12
239.02,4.860524504921378e-13,-2.444440791638713e-12
239.03,5.060440615005033e-13,-2.4377938748389765e-12
239.04,5.260279520331723e-13,-2.430959788448219e-12
239.05,5.460034501532745e-13,-2.4239391078337515e-12
239.06,5.659681109695723e-13,-2.416732759296909e-12
239.07,5.859205805319131e-13,-2.4093414176586286e-12
239.08,6.058617849201708e-13,-2.4017664588755944e-12
239.09,6.257814823104957e-13,-2.3940079305556603e-12
239.1,6.456866864313625e-13,-2.386067541670422e-12
239.11,6.655731830899627e-13,-2.377945599800193e-12
239.12,6.854392082477647e-13,-2.3696427807523032e-12
239.13,7.052828874025153e-13,-2.3611611740036673e-12
239.14,7.251028263335231e-13,-2.3525004854229335e-12
239.15,7.448972472036273e-13,-2.3436626039606834e-12
239.16,7.646646692465787e-13,-2.334647928949139e-12
239.17,7.844031392931064e-13,-2.3254572823131576e-12
239.18,8.041116407754866e-13,-2.316092187661888e-12
239.19,8.237882067684547e-13,-2.3065531995823343e-12
239.2,8.434312476702143e-13,-2.2968416137768787e-12
239.21,8.630389786819731e-13,-2.286958332207563e-12
239.22,8.826104343044134e-13,-2.276904261861827e-12
239.23,9.021437621584518e-13,-2.2666806189650516e-12
239.24,9.216370676456436e-13,-2.2562885932206525e-12
239.25,9.41089085060492e-13,-2.2457289802133415e-12
239.26,9.604983755306342e-13,-2.235002938465246e-12
239.27,9.798632229474647e-13,-2.2241116460623004e-12
239.28,9.99181906104786e-13,-2.2130562190046463e-12
239.29,1.018453132175651e-12,-2.2018377587272217e-12
239.3,1.0376753231322308e-12,-2.190457595387868e-12
239.31,1.0568470376794093e-12,-2.1789160960959926e-12
239.32,1.0759665963482696e-12,-2.1672152835973035e-12
239.33,1.095032771692618e-12,-2.1553559346082395e-12
239.34,1.114043669906075e-12,-2.143339396436334e-12
239.35,1.1329983667260423e-12,-2.131166773201352e-12
239.36,1.1518946796752847e-12,-2.1188392119387954e-12
239.37,1.1707317056904832e-12,-2.1063580710091953e-12
239.38,1.189507735492923e-12,-2.0937243199676203e-12
239.39,1.2082212890152327e-12,-2.080939424626295e-12
239.4,1.2268710872596511e-12,-2.068004515359166e-12
239.41,1.2454555835790053e-12,-2.054920876755835e-12
239.42,1.2639734127413712e-12,-2.041689772830287e-12
239.43,1.2824231140721009e-12,-2.0283123099824653e-12
239.44,1.3008031749826824e-12,-2.0147901211935743e-12
239.45,1.3191123031541575e-12,-2.001124355752101e-12
239.46,1.3373490868123147e-12,-1.987316243398339e-12
239.47,1.3555126394470869e-12,-1.9733666677944553e-12
239.48,1.3736000321295793e-12,-1.9592782576220145e-12
239.49,1.3916115929082972e-12,-1.9450509817518604e-12
239.5,1.4095451665124955e-12,-1.9306867275126858e-12
239.51,1.4273995697429539e-12,-1.916186870046931e-12
239.52,1.4451736569245618e-12,-1.9015527728315534e-12
239.53,1.4628658046958841e-12,-1.886785603915771e-12
239.54,1.4804746856101196e-12,-1.8718868950614093e-12
239.55,1.4979991940894345e-12,-1.8568580737768526e-12
239.56,1.515437899316902e-12,-1.84170049697199e-12
239.57,1.5327895533578281e-12,-1.82641558158097e-12
239.58,1.550052900300947e-12,-1.811004461099026e-12
239.59,1.5672267520416703e-12,-1.795468972371318e-12
239.6,1.584309563726446e-12,-1.7798104595293922e-12
239.61,1.60130021253726e-12,-1.764030146054432e-12
239.62,1.618197794836824e-12,-1.7481295824099206e-12
239.63,1.6350005571498733e-12,-1.7321103090034817e-12
239.64,1.6517076199220643e-12,-1.715973498498387e-12
239.65,1.6683177074924483e-12,-1.6997210553822237e-12
239.66,1.684829398409248e-12,-1.6833542306865558e-12
239.67,1.7012419722952798e-12,-1.6668742998283293e-12
239.68,1.7175539914462444e-12,-1.6502830213394328e-12
239.69,1.7337641060369255e-12,-1.6335818131120044e-12
239.7,1.7498716850248517e-12,-1.6167725670322208e-12
239.71,1.7658746753614292e-12,-1.599855673161981e-12
239.72,1.781772951983881e-12,-1.5828336206059997e-12
239.73,1.7975648280627162e-12,-1.5657078764518001e-12
239.74,1.8132495838404907e-12,-1.5484795564915368e-12
239.75,1.828825463073748e-12,-1.5311505288487598e-12
239.76,1.8442922265097743e-12,-1.513722134242151e-12
239.77,1.859648177452202e-12,-1.4961959691924e-12
239.78,1.8748924080748956e-12,-1.4785737324340216e-12
239.79,1.8900248051551584e-12,-1.460856703348683e-12
239.8,1.9050419574827284e-12,-1.4430466363929158e-12
239.81,1.9199449208644754e-12,-1.425145168771202e-12
239.82,1.9347322512028477e-12,-1.4071536364211089e-12
239.83,1.949402810411593e-12,-1.3890737600550468e-12
239.84,1.9639552457396023e-12,-1.3709069784015146e-12
239.85,1.9783892442963643e-12,-1.3526550673491317e-12
239.86,1.99270332721781e-12,-1.3343195803697797e-12
239.87,2.006896756197529e-12,-1.3159020161026578e-12
239.88,2.0209686039633006e-12,-1.2974042305836114e-12
239.89,2.0349179061341828e-12,-1.278827291606522e-12
239.9,2.0487436430778268e-12,-1.2601733044700626e-12
239.91,2.0624450246423812e-12,-1.2414437360340402e-12
239.92,2.0760210805927362e-12,-1.2226401147841567e-12
239.93,2.089471194718985e-12,-1.2037642114241166e-12
239.94,2.102794228540237e-12,-1.1848174790728981e-12
239.95,2.1159892809053354e-12,-1.1658017275616204e-12
239.96,2.12905565334729e-12,-1.146718554010241e-12
239.97,2.1419924218652856e-12,-1.1275693680772641e-12
239.98,2.1547988171601613e-12,-1.1083559699223078e-12
239.99,2.167474113214563e-12,-1.0890799834692973e-12
240.0,2.1800174199205464e-12,-1.0697430710058835e-12
240.01,2.1924280338838473e-12,-1.050346972716409e-12
240.02,2.2047047582256125e-12,-1.0308931493118955e-12
240.03,2.216847862481889e-12,-1.0113832138270696e-12
240.04,2.2288554203345507e-12,-9.918187445767632e-13
240.05,2.240727665665784e-12,-9.722020561337224e-13
240.06,2.252464543605303e-12,-9.525344505277519e-13
240.07,2.2640618630292205e-12,-9.328168162712663e-13
240.08,2.2755224619776906e-12,-9.130516450347979e-13
240.09,2.2868447414217387e-12,-8.932404706011283e-13
240.1,2.298027653483093e-12,-8.733848218407883e-13
240.11,2.309070663074787e-12,-8.534864879758196e-13
240.12,2.3199733966457105e-12,-8.335469825577224e-13
240.13,2.330735179435171e-12,-8.135682101927849e-13
240.14,2.34135510086829e-12,-7.935515185960476e-13
240.15,2.3518327635997468e-12,-7.734986376905422e-13
240.16,2.3621675674682637e-12,-7.534115721309912e-13
240.17,2.3723589007317963e-12,-7.332915756693493e-13
240.18,2.3824066898550057e-12,-7.131400576526759e-13
240.19,2.392308986696393e-12,-6.929599540639353e-13
240.2,2.402066932726457e-12,-6.727518093994413e-13
240.21,2.411679173008009e-12,-6.525173242882244e-13
240.22,2.421145205665697e-12,-6.322584710772722e-13
240.23,2.430464659565615e-12,-6.119769000404391e-13
240.24,2.439637003711496e-12,-5.916740959398813e-13
240.25,2.4486620423761204e-12,-5.713519601951586e-13
240.26,2.4575390432943888e-12,-5.510119816623592e-13
240.27,2.4662676351618423e-12,-5.30655732667862e-13
240.28,2.4748473369542302e-12,-5.10285332180243e-13
240.29,2.4832778350905164e-12,-4.899018813385113e-13
240.3,2.4915587267270905e-12,-4.695073073802264e-13
240.31,2.499689547066254e-12,-4.491032737757102e-13
240.32,2.5076701784836316e-12,-4.286916039974321e-13
240.33,2.5154996579437217e-12,-4.082736993726285e-13
240.34,2.5231785451353606e-12,-3.8785089362196797e-13
240.35,2.53070569239246e-12,-3.6742548287378613e-13
240.36,2.5380812079223004e-12,-3.4699874822603506e-13
240.37,2.545304771400082e-12,-3.265724265975766e-13
240.38,2.552375862996517e-12,-3.061482595109257e-13
240.39,2.5592946901838254e-12,-2.857276736118696e-13
240.4,2.5660602366466624e-12,-2.6531250668105883e-13
240.41,2.5726730080999613e-12,-2.4490418900779106e-13
240.42,2.5791320379565477e-12,-2.2450485299195292e-13
240.43,2.5854379652466233e-12,-2.0411523905896024e-13
240.44,2.5915898808470843e-12,-1.837376152556946e-13
240.45,2.5975878521913125e-12,-1.6337330967351866e-13
240.46,2.603431961074872e-12,-1.4302431475153016e-13
240.47,2.609121354547286e-12,-1.2269203032843928e-13
240.48,2.6146566275617636e-12,-1.023780262316079e-13
240.49,2.6200369514043916e-12,-8.208389568397016e-14
240.5,2.6252627256592004e-12,-6.181131455459717e-14
240.51,2.630333734270467e-12,-4.156188079500994e-14
240.52,2.635249586542584e-12,-2.1337112965700204e-14
240.53,2.640010593586313e-12,-1.138698898105702e-15
240.54,2.644616441243017e-12,1.903188512901365e-14
240.55,2.6490669319465295e-12,3.9172860364423106e-14
240.56,2.653362482684124e-12,5.92827888839912e-14
240.57,2.657502200192576e-12,7.935969003215991e-14
240.58,2.6614874359459045e-12,9.940343713647735e-14
240.59,2.6653169988109643e-12,1.1941090591097986e-13
240.6,2.6689913902122403e-12,1.39381097063306e-13
240.61,2.672510299499853e-12,1.5931220060263163e-13
240.62,2.675873939971843e-12,1.7920308548853376e-13
240.63,2.6790826321464675e-12,1.9905196788239858e-13
240.64,2.68213607299254e-12,2.188573804269575e-13
240.65,2.685034507119525e-12,2.3861778091019056e-13
240.66,2.6877778808008622e-12,2.583316706116216e-13
240.67,2.6903663490612173e-12,2.7799738929580844e-13
240.68,2.692800300213093e-12,2.9761360561899806e-13
240.69,2.6950771971348542e-12,3.171786262259829e-13
240.7,2.6972037786574074e-12,3.3669136173856e-13
240.71,2.6991745206298823e-12,3.5614987585385065e-13
240.72,2.70098971821632e-12,3.755527769945499e-13
240.73,2.70265148531901e-12,3.9489866421282084e-13
240.74,2.704159557601047e-12,4.141861252641426e-13
240.75,2.7055138769349084e-12,4.334136167812859e-13
240.76,2.70671477397967e-12,4.525796167969469e-13
240.77,2.7077623037598847e-12,4.716827492251625e-13
240.78,2.708656723510989e-12,4.907215726665656e-13
240.79,2.7093988785667102e-12,5.096945717034365e-13
240.8,2.7099880963662286e-12,5.28600486997823e-13
240.81,2.7104252916274757e-12,5.474377516589553e-13
240.82,2.7107104532196387e-12,5.662049531837649e-13
240.83,2.710843861900754e-12,5.849008037843476e-13
240.84,2.710826181519955e-12,6.035238318270272e-13
240.85,2.7106571007638916e-12,6.220723888719672e-13
240.86,2.71033765701189e-12,6.405455309781288e-13
240.87,2.7098678955236415e-12,6.589418669052741e-13
240.88,2.709247845782957e-12,6.772594867483e-13
240.89,2.708478284213782e-12,6.954976209829294e-13
240.9,2.7075595098402653e-12,7.136545999251028e-13
240.91,2.7064919239711085e-12,7.317292083508382e-13
240.92,2.7052757770271894e-12,7.497201003229612e-13
240.93,2.7039117268224503e-12,7.67625996259715e-13
240.94,2.7023998804156514e-12,7.854453758716155e-13
240.95,2.7007411050512756e-12,8.031772254948024e-13
240.96,2.6989351503687047e-12,8.208191695457017e-13
240.97,2.6969837191087625e-12,8.383725321106715e-13
240.98,2.6948856994279598e-12,8.558334638030913e-13
240.99,2.692642950721284e-12,8.732017369175038e-13
241.0,2.6902550788915644e-12,8.904758564000492e-13
241.01,2.6877231238462805e-12,9.076546396699248e-13
241.02,2.685047317880871e-12,9.247368155621614e-13
241.03,2.68222807652658e-12,9.417213484147664e-13
241.04,2.6792662703441687e-12,9.586067368235392e-13
241.05,2.6761604910265344e-12,9.75392193664451e-13
241.06,2.6729165126676966e-12,9.92075543746826e-13
241.07,2.6695298356123667e-12,1.0086565530417704e-12
241.08,2.666002741316692e-12,1.0251339052124644e-12
241.09,2.6623358443517395e-12,1.0415062468707579e-12
241.1,2.658529420710038e-12,1.0577722806584253e-12
241.11,2.6545840724478256e-12,1.0739310421242965e-12
241.12,2.650501599456112e-12,1.0899816321409146e-12
241.13,2.6462814096492205e-12,1.1059224482753932e-12
241.14,2.6419240650912964e-12,1.12175256440363e-12
241.15,2.6374312552617103e-12,1.1374709938083307e-12
241.16,2.6328024980691836e-12,1.1530764087781446e-12
241.17,2.6280393227945594e-12,1.1685679185171496e-12
241.18,2.6231419992217794e-12,1.1839442533833043e-12
241.19,2.6181110901986314e-12,1.1992044992890891e-12
241.2,2.6129477240082666e-12,1.2143475596629712e-12
241.21,2.6076523527846117e-12,1.2293723046557448e-12
241.22,2.6022257591789267e-12,1.2442779049034251e-12
241.23,2.5966686719037956e-12,1.2590632066251881e-12
241.24,2.590981791039318e-12,1.27372704769745e-12
241.25,2.5851660353782257e-12,1.2882686611688458e-12
241.26,2.579221954411363e-12,1.3026870357700718e-12
241.27,2.5731506434063577e-12,1.3169811347110066e-12
241.28,2.566952381169365e-12,1.3311497739832616e-12
241.29,2.5606281358935497e-12,1.3451923735862199e-12
241.3,2.5541790400560133e-12,1.359107923550818e-12
241.31,2.547605594700104e-12,1.3728954544452589e-12
241.32,2.5409084756838258e-12,1.3865536114828692e-12
241.33,2.5340889079401866e-12,1.4000822227603232e-12
241.34,2.527147509389839e-12,1.4134799765610905e-12
241.35,2.5200850492809595e-12,1.4267459429388594e-12
241.36,2.512902638247284e-12,1.439879413573081e-12
241.37,2.5056003785368813e-12,1.4528793922397782e-12
241.38,2.498180353987672e-12,1.4657451848176473e-12
241.39,2.4906427731633702e-12,1.4784760037342718e-12
241.4,2.4829884657982086e-12,1.4910707656865908e-12
241.41,2.475218310108176e-12,1.5035287546415308e-12
241.42,2.4673333159033975e-12,1.5158493404884588e-12
241.43,2.459334290553617e-12,1.5280313848993317e-12
241.44,2.451222318136636e-12,1.5400745344922686e-12
241.45,2.4429977175658175e-12,1.5519774979434482e-12
241.46,2.434663050856093e-12,1.5637403442349758e-12
241.47,2.426217474421856e-12,1.5753615274780137e-12
241.48,2.4176626891386334e-12,1.5868406535366122e-12
241.49,2.4089995720885945e-12,1.5981770561951452e-12
241.5,2.4002289088069855e-12,1.6093699602559931e-12
241.51,2.391352073114017e-12,1.6204186367395941e-12
241.52,2.3823696645603642e-12,1.631322418285246e-12
241.53,2.373282712715053e-12,1.6420808189609111e-12
241.54,2.3640925610773355e-12,1.6526930230463636e-12
241.55,2.35479942012082e-12,1.6631583115377555e-12
241.56,2.3454049166587613e-12,1.6734761405576037e-12
241.57,2.3359101885085723e-12,1.683646064588321e-12
241.58,2.3263156337889205e-12,1.6936673290816864e-12
241.59,2.3166229485304857e-12,1.7035392203057738e-12
241.6,2.3068326299502717e-12,1.7132614811785496e-12
241.61,2.296945776944302e-12,1.722833207567117e-12
241.62,2.286963700246013e-12,1.7322541693586157e-12
241.63,2.276887593635177e-12,1.7415238243879066e-12
241.64,2.2667176909608447e-12,1.7506412574189928e-12
241.65,2.2564562418281027e-12,1.7596063691375995e-12
241.66,2.2461028194254924e-12,1.7684183180009277e-12
241.67,2.2356596557077373e-12,1.7770755186332524e-12
241.68,2.2251277495362624e-12,1.7855816686023255e-12
241.69,2.2145072998869914e-12,1.7939319404497698e-12
241.7,2.203800366603094e-12,1.8021275056061535e-12
241.71,2.193007651383362e-12,1.8101677621646456e-12
241.72,2.182130079715044e-12,1.8180521960173404e-12
241.73,2.1711690013052928e-12,1.825780783663013e-12
241.74,2.1601252531444367e-12,1.8333529658176604e-12
241.75,2.149000318005331e-12,1.8407681113421965e-12
241.76,2.137794845647328e-12,1.848026508074939e-12
241.77,2.1265104226491267e-12,1.8551266620615746e-12
241.78,2.1151479893206156e-12,1.862069094419217e-12
241.79,2.103708562742619e-12,1.8688534862250647e-12
241.8,2.0921930528669316e-12,1.8754792998043976e-12
241.81,2.0806030529904627e-12,1.881946285927322e-12
241.82,2.0689396022271733e-12,1.8882542341898035e-12
241.83,2.057203822024355e-12,1.894402758200649e-12
241.84,2.045396619925685e-12,1.90039154869354e-12
241.85,2.033519421610307e-12,1.906220508221708e-12
241.86,2.0215728444204966e-12,1.911889340953059e-12
241.87,2.0095586886404872e-12,1.9173978711354666e-12
241.88,1.9974779654470435e-12,1.922745797788921e-12
241.89,1.9853317171437687e-12,1.9279331286957735e-12
241.9,1.97312129340379e-12,1.93295949043909e-12
241.91,1.9608474481354976e-12,1.9378247478521696e-12
241.92,1.9485117739074693e-12,1.9425287751668703e-12
241.93,1.936114978774983e-12,1.9470714538268793e-12
241.94,1.9236589906157686e-12,1.951452670571868e-12
241.95,1.9111438360230646e-12,1.9556720701474272e-12
241.96,1.898571852734674e-12,1.959729814955207e-12
241.97,1.885943690842281e-12,1.963625891134181e-12
241.98,1.8732605321679978e-12,1.967360086036304e-12
241.99,1.8605236424387856e-12,1.9709322846398208e-12
242.0,1.847734087906138e-12,1.9743425236474487e-12
242.01,1.8348932424771485e-12,1.9775907374590456e-12
242.02,1.822002152691777e-12,1.980676914619935e-12
242.03,1.8090624409272332e-12,1.983600806244883e-12
242.04,1.7960743106883504e-12,1.986363258578681e-12
242.05,1.783039671075748e-12,1.9889633814439886e-12
242.06,1.7699600562925724e-12,1.991401487946356e-12
242.07,1.7568357872684143e-12,1.9936776432284853e-12
242.08,1.743668668216037e-12,1.9957917598699115e-12
242.09,1.7304596766976263e-12,1.9977443338756185e-12
242.1,1.71721027220782e-12,1.9995350194630765e-12
242.11,1.7039212531962865e-12,2.0011640858491327e-12
242.12,1.6905928297241698e-12,2.002631012060445e-12
242.13,1.677230023973982e-12,2.0039378012986885e-12
242.14,1.6638300564224623e-12,2.005082659096259e-12
242.15,1.650395419449076e-12,2.0060663612643037e-12
242.16,1.6369275514617283e-12,2.0068890787166764e-12
242.17,1.6234274318696197e-12,2.0075510306800635e-12
242.18,1.6098963488509124e-12,2.0080523047651466e-12
242.19,1.5963354111483312e-12,2.0083933269505004e-12
242.2,1.5827461631483764e-12,2.0085740941676757e-12
242.21,1.5691290348183419e-12,2.008594495963015e-12
242.22,1.555486386146159e-12,2.0084557862221624e-12
242.23,1.5418186630901425e-12,2.0081573333903978e-12
242.24,1.5281271306267445e-12,2.007699490413103e-12
242.25,1.5144130213376814e-12,2.0070828474393013e-12
242.26,1.500677528293201e-12,2.0063075423520734e-12
242.27,1.4869221420207496e-12,2.0053739115376705e-12
242.28,1.4731474264679717e-12,2.0042818155573297e-12
242.29,1.4593552922693605e-12,2.003032273515846e-12
242.3,1.4455468355274178e-12,2.001625415051456e-12
242.31,1.431722622057618e-12,2.0000611700738003e-12
242.32,1.4178843925260907e-12,1.9983403758539933e-12
242.33,1.4040332662764463e-12,1.9964632100614417e-12
242.34,1.3901703181388219e-12,1.9944300429150854e-12
242.35,1.3762970254641915e-12,1.9922414745080517e-12
242.36,1.3624144652139584e-12,1.9898976833460182e-12
242.37,1.3485234060447311e-12,1.9873989479293702e-12
242.38,1.3346257692252717e-12,1.9847462168166156e-12
242.39,1.3207223204872814e-12,1.9819396431079882e-12
242.4,1.3068140125846255e-12,1.978979298796067e-12
242.41,1.2929021250349515e-12,1.975865980105964e-12
242.42,1.278988219608764e-12,1.9726004635254985e-12
242.43,1.2650733367390004e-12,1.9691828049667687e-12
242.44,1.251158538381219e-12,1.9656137348878374e-12
242.45,1.237245212704398e-12,1.9618937781002596e-12
242.46,1.2233340704133376e-12,1.958023154028013e-12
242.47,1.2094266831878034e-12,1.954002771350971e-12
242.48,1.1955236871124403e-12,1.9498324174538863e-12
242.49,1.18162731810649e-12,1.945514214242335e-12
242.5,1.167737740036138e-12,1.9410473910743587e-12
242.51,1.1538565143130122e-12,1.936432695823169e-12
242.52,1.1399846199653834e-12,1.9316711450886036e-12
242.53,1.1261233659584904e-12,1.926763088695953e-12
242.54,1.1122730378519757e-12,1.921709233011425e-12
242.55,1.098437126780138e-12,1.9165097053453168e-12
242.56,1.0846144738338085e-12,1.911165884566739e-12
242.57,1.0708068032656607e-12,1.9056779736340276e-12
242.58,1.057015690963349e-12,1.9000468142919296e-12
242.59,1.0432415092954023e-12,1.8942729436481135e-12
242.6,1.029486516803971e-12,1.888357268553817e-12
242.61,1.0157506820177827e-12,1.882300028611913e-12
242.62,1.0020357680520708e-12,1.876102357470767e-12
242.63,9.883427849504926e-13,1.869764735344193e-12
242.64,9.746724742184447e-13,1.86328781444478e-12
242.65,9.61026545665196e-13,1.8566726350165186e-12
242.66,9.474067277831942e-13,1.849919908985682e-12
242.67,9.33811246792273e-13,1.8430297307678217e-12
242.68,9.20244190956723e-13,1.8360034117082813e-12
242.69,9.067054805113803e-13,1.8288420760020135e-12
242.7,8.931961566578478e-13,1.821545520852276e-12
242.71,8.797177032376033e-13,1.8141154034863263e-12
242.72,8.662706554853828e-13,1.8065520369906599e-12
242.73,8.528567955448411e-13,1.7988565416849728e-12
242.74,8.394764308294123e-13,1.7910294609938047e-12
242.75,8.261308507289311e-13,1.7830716606327251e-12
242.76,8.128214830074429e-13,1.7749842034046487e-12
242.77,7.995488924843053e-13,1.7667677337102689e-12
242.78,7.863143432030326e-13,1.7584229909403397e-12
242.79,7.731188414129959e-13,1.7499510661891484e-12
242.8,7.599634237049076e-13,1.7413527008357157e-12
242.81,7.468492153579927e-13,1.7326288676067403e-12
242.82,7.337768484211709e-13,1.7237803621019914e-12
242.83,7.207478485706207e-13,1.7148080054556688e-12
242.84,7.077624758519947e-13,1.705712873858176e-12
242.85,6.948229715103894e-13,1.6964958558908672e-12
242.86,6.819293143451939e-13,1.6871578184370567e-12
242.87,6.690826547461127e-13,1.6776995452311012e-12
242.88,6.562841427629567e-13,1.6681222508078901e-12
242.89,6.43534802660643e-13,1.6584267033261503e-12
242.9,6.308354885417731e-13,1.6486140501563895e-12
242.91,6.18187106287987e-13,1.6386849391081452e-12
242.92,6.055909971140124e-13,1.6286405870310612e-12
242.93,5.930481224360091e-13,1.6184822417519328e-12
242.94,5.805578038436368e-13,1.608209761224091e-12
242.95,5.681229398916618e-13,1.5978253299394153e-12
242.96,5.55743908608094e-13,1.5873293737829408e-12
242.97,5.434206912203346e-13,1.5767227714272566e-12
242.98,5.311564530310092e-13,1.5660072229954252e-12
242.99,5.189505531050393e-13,1.5551836767852163e-12
243.0,5.068035709176802e-13,1.5442524202328085e-12
243.01,4.947170875837607e-13,1.5332148374652054e-12
243.02,4.826921536686931e-13,1.5220722728314536e-12
243.03,4.707281323507952e-13,1.5108253417101777e-12
243.04,4.588276851051364e-13,1.49947527177638e-12
243.05,4.4699105525519793e-13,1.4880232429050813e-12
243.06,4.352189874075442e-13,1.4764700747997727e-12
243.07,4.235126810643849e-13,1.4648171328467189e-12
243.08,4.118729581383935e-13,1.4530653726960523e-12
243.09,4.0029968481509234e-13,1.4412156621463243e-12
243.1,3.887948109472191e-13,1.429269467959271e-12
243.11,3.77358887100418e-13,1.4172277247285698e-12
243.12,3.659927702198657e-13,1.4050916085076315e-12
243.13,3.546969308947767e-13,1.3928619504904948e-12
243.14,3.434724596774889e-13,1.3805400695426397e-12
243.15,3.323203004788777e-13,1.3681277079845164e-12
243.16,3.212407677082653e-13,1.355624463279104e-12
243.17,3.1023483286196523e-13,1.3430327010842162e-12
243.18,2.9930335153988785e-13,1.3303534727940404e-12
243.19,2.8844704548621425e-13,1.3175875409105697e-12
243.2,2.776668331120015e-13,1.3047361154795473e-12
243.21,2.6696335934505133e-13,1.2918006962058698e-12
243.22,2.563370296035869e-13,1.278782003198322e-12
243.23,2.4578902780961503e-13,1.2656814641678849e-12
243.24,2.353197969151792e-13,1.2525001327229383e-12
243.25,2.2493014033261895e-13,1.2392393615337118e-12
243.26,2.14620957188005e-13,1.2259000785578313e-12
243.27,2.043927814653372e-13,1.2124836976117394e-12
243.28,1.9424625128063032e-13,1.1989912505407736e-12
243.29,1.841818317995005e-13,1.185423971029663e-12
243.3,1.7420069136566827e-13,1.171783089816828e-12
243.31,1.6430318936474507e-13,1.1580697548612734e-12
243.32,1.5449003475939218e-13,1.144285307885591e-12
243.33,1.4476174485795704e-13,1.130430670680384e-12
243.34,1.3511916659993995e-13,1.1165073051941638e-12
243.35,1.2556289760563586e-13,1.1025163495731057e-12
243.36,1.160935329252404e-13,1.0884591315399101e-12
243.37,1.0671153642829397e-13,1.0743366635142205e-12
243.38,9.74177711332211e-14,1.060150287156941e-12
243.39,8.821252780218245e-14,1.0459012515345114e-12
243.4,7.909664834987594e-14,1.0315907281121524e-12
243.41,7.007065728634015e-14,1.017220058949119e-12
243.42,6.113517371901833e-14,1.0027904321213066e-12
243.43,5.2290407758481644e-14,9.883030879640391e-13
243.44,4.353717305946759e-14,9.737590636574504e-13
243.45,3.4876138759613275e-14,9.591599373916384e-13
243.46,2.6307602182446917e-14,9.445069146365132e-13
243.47,1.7832356190714536e-14,9.298010262130048e-13
243.48,9.450571274960313e-15,9.150436786373597e-13
243.49,1.1630680164655152e-15,9.00236099048199e-13
243.5,-7.02989995519269e-15,8.85379494662468e-13
243.51,-1.5127674897609982e-14,8.704752602756256e-13
243.52,-2.3129951940198712e-14,8.555245447832941e-13
243.53,-3.103621612134086e-14,8.40528598998295e-13
243.54,-3.884581267488261e-14,8.254888346688931e-13
243.55,-4.655837716487853e-14,8.10406100596199e-13
243.56,-5.417383843997683e-14,7.952824395028402e-13
243.57,-6.169133123757356e-14,7.801184427691006e-13
243.58,-6.911055404330197e-14,7.649156397741587e-13
243.59,-7.643110479339415e-14,7.49675207415475e-13
243.6,-8.365280797482283e-14,7.343980334673532e-13
243.61,-9.0774654606737e-14,7.190868217230934e-13
243.62,-9.77967296062781e-14,7.037413449572227e-13
243.63,-1.0471865275028673e-13,6.883633490447147e-13
243.64,-1.1153951112810975e-13,6.729531609411676e-13
243.65,-1.1826042374979119e-13,6.575152903033673e-13
243.66,-1.2487951239038692e-13,6.420476039106721e-13
243.67,-1.313969453093483e-13,6.265526213063315e-13
243.68,-1.3781248980231248e-13,6.110315187250248e-13
243.69,-1.4412558170305126e-13,5.954855915146783e-13
243.7,-1.5033632017368e-13,5.79916065085674e-13
243.71,-1.5644402186752976e-13,5.643244575776914e-13
243.72,-1.6244859628436303e-13,5.487117645050015e-13
243.73,-1.6834975717198074e-13,5.330794650231485e-13
243.74,-1.7414706602524608e-13,5.174286349200789e-13
243.75,-1.7984042460947284e-13,5.017607765467528e-13
243.76,-1.8542949977000356e-13,4.860770204088563e-13
243.77,-1.9091417231992876e-13,4.7037859849688e-13
243.78,-1.9629419326401358e-13,4.546669759471278e-13
243.79,-2.0156935612614217e-13,4.3894329913491356e-13
243.8,-2.0673884368370784e-13,4.232088394368633e-13
243.81,-2.118032520989269e-13,4.074650510370654e-13
243.82,-2.1676204781647482e-13,3.917128011038547e-13
243.83,-2.2161518355701815e-13,3.75953645456007e-13
243.84,-2.263622641257721e-13,3.601888727412717e-13
243.85,-2.3100362108027027e-13,3.44419584096308e-13
243.86,-2.3553847637768976e-13,3.286471961904921e-13
243.87,-2.3996693421527234e-13,3.128729107935459e-13
243.88,-2.4428878196265766e-13,2.9709808922508726e-13
243.89,-2.4850406952076065e-13,2.813236950593471e-13
243.9,-2.5261248402366204e-13,2.655513380708986e-13
243.91,-2.566140925911074e-13,2.4978216625241943e-13
243.92,-2.605084227992963e-13,2.3401725898462657e-13
243.93,-2.64295943322364e-13,2.1825801576832915e-13
243.94,-2.679762215373033e-13,2.0250566054596943e-13
243.95,-2.715492560199326e-13,1.867614992418275e-13
243.96,-2.750147714037513e-13,1.710267863966879e-13
243.97,-2.783731557368609e-13,1.553026481622336e-13
243.98,-2.8162395552001803e-13,1.395903500290181e-13
243.99,-2.8476742778206097e-13,1.2389105064367076e-13
244.0,-2.8780318730857596e-13,1.0820605323872705e-13
244.01,-2.907317615587681e-13,9.253680619401594e-14
244.02,-2.9355247785626936e-13,7.688460385614974e-14
244.03,-2.9626606868492573e-13,6.124973250899994e-14
244.04,-2.9887178844460657e-13,4.563440487084104e-14
244.05,-3.013703031555703e-13,3.0039651069640455e-14
244.06,-3.0376144996280104e-13,1.44666057441094e-14
244.07,-3.0604478949034964e-13,-1.08415900408811e-15
244.08,-3.0822096852597287e-13,-1.6610385069698904e-14
244.09,-3.1028993868480955e-13,-3.211159754487131e-14
244.1,-3.1225155219271055e-13,-4.7586105539638026e-14
244.11,-3.1410597208186837e-13,-6.303298255333942e-14
244.12,-3.1585331157377855e-13,-7.845112857116043e-14
244.13,-3.1749364377808156e-13,-9.383916249668016e-14
244.14,-3.1902705201592207e-13,-1.0919608307929363e-13
244.15,-3.2045368191676737e-13,-1.2452056236686316e-13
244.16,-3.2177356416890644e-13,-1.3981145616405879e-13
244.17,-3.22987104000814e-13,-1.5506761536255527e-13
244.18,-3.240943677484071e-13,-1.7028811706983144e-13
244.19,-3.2509485527085136e-13,-1.8547125257763697e-13
244.2,-3.2598951749277537e-13,-2.0061634780929714e-13
244.21,-3.2677820409947775e-13,-2.1572219891273174e-13
244.22,-3.2746097144181495e-13,-2.307873343996868e-13
244.23,-3.2803825463913173e-13,-2.4581103647072315e-13
244.24,-3.285101370682035e-13,-2.6079188547618956e-13
244.25,-3.2887687689566595e-13,-2.757288805809724e-13
244.26,-3.291385584468248e-13,-2.90620839637184e-13
244.27,-3.2929541195738113e-13,-3.0546667648000394e-13
244.28,-3.293476970076439e-13,-3.2026531841892766e-13
244.29,-3.2929580992268033e-13,-3.3501563747268105e-13
244.3,-3.291395426321689e-13,-3.4971640232159e-13
244.31,-3.288796002591379e-13,-3.643667143220602e-13
244.32,-3.2851612573618916e-13,-3.7896536981881323e-13
244.33,-3.280490309230364e-13,-3.935112338505135e-13
244.34,-3.274797060567329e-13,-4.0800365638335487e-13
244.35,-3.268069154019748e-13,-4.2244093576848237e-13
244.36,-3.2603167555605604e-13,-4.368221401513306e-13
244.37,-3.251540724104731e-13,-4.511465950992808e-13
244.38,-3.241748636566115e-13,-4.654128444585592e-13
244.39,-3.2309388276770846e-13,-4.79620130604553e-13
244.4,-3.2191216184552704e-13,-4.937673267342507e-13
244.41,-3.206291515997738e-13,-5.078532754953311e-13
244.42,-3.192455665830985e-13,-5.218770220832954e-13
244.43,-3.1776201182566484e-13,-5.358376310673475e-13
244.44,-3.1617828320572804e-13,-5.497340152260645e-13
244.45,-3.1449528092334265e-13,-5.635651373825646e-13
244.46,-3.12712967295458e-13,-5.773299830817839e-13
244.47,-3.1083224714882085e-13,-5.910278002454101e-13
244.48,-3.088527921208969e-13,-6.046567919605467e-13
244.49,-3.067753203593287e-13,-6.182174333526642e-13
244.5,-3.0460043073123904e-13,-6.31707549585916e-13
244.51,-3.0232849053181235e-13,-6.45126584885321e-13
244.52,-2.999595352865142e-13,-6.584734346523874e-13
244.53,-2.974944463449245e-13,-6.717472054302467e-13
244.54,-2.949332363857508e-13,-6.84946994806586e-13
244.55,-2.922767997971687e-13,-6.980721225675848e-13
244.56,-2.895253372699669e-13,-7.111212569220028e-13
244.57,-2.8667912244897797e-13,-7.240935706559186e-13
244.58,-2.8373899475741196e-13,-7.369882701967883e-13
244.59,-2.807050692555781e-13,-7.498043415912917e-13
244.6,-2.7757812115008943e-13,-7.625410185676826e-13
244.61,-2.743584622743844e-13,-7.751971368219747e-13
244.62,-2.710465437002139e-13,-7.877721456380576e-13
244.63,-2.676425227359989e-13,-8.002648544338037e-13
244.64,-2.6414808622708823e-13,-8.126747870734189e-13
244.65,-2.605627358739851e-13,-8.250007120176966e-13
244.66,-2.568872427762283e-13,-8.372419788142412e-13
244.67,-2.5312173672103096e-13,-8.493976982811749e-13
244.68,-2.492674840108758e-13,-8.614670203740596e-13
244.69,-2.4532441259102297e-13,-8.734492371661016e-13
244.7,-2.412933829998817e-13,-8.85343292595344e-13
244.71,-2.3717497868304993e-13,-8.971485001850976e-13
244.72,-2.3296922301319767e-13,-9.088640372775851e-13
244.73,-2.2867759920172685e-13,-9.204892799678792e-13
244.74,-2.2429989242946275e-13,-9.320231519834556e-13
244.75,-2.1983693828800005e-13,-9.434650646655948e-13
244.76,-2.152894639011922e-13,-9.548142740553487e-13
244.77,-2.106577713495951e-13,-9.66069922120437e-13
244.78,-2.0594264521445622e-13,-9.772313592342779e-13
244.79,-2.0114473236427443e-13,-9.88297575078296e-13
244.8,-1.9626413407671556e-13,-9.992683294082447e-13
244.81,-1.9130213370029027e-13,-1.0101427108823715e-12
244.82,-1.862592946872082e-13,-1.0209195390383413e-12
244.83,-1.811355988464315e-13,-1.0315986107988647e-12
244.84,-1.7593258926851893e-13,-1.0421792222103405e-12
244.85,-1.7064999634036802e-13,-1.0526604823141006e-12
244.86,-1.6528896660464923e-13,-1.0630417115248365e-12
244.87,-1.5985006297918711e-13,-1.0733225000984573e-12
244.88,-1.543340115718039e-13,-1.0835018598010842e-12
244.89,-1.487410775890738e-13,-1.0935793229931713e-12
244.9,-1.4307305790568816e-13,-1.1035536086817126e-12
244.91,-1.373286214050969e-13,-1.113426108832854e-12
244.92,-1.3150929695205584e-13,-1.1231935756413298e-12
244.93,-1.256172259327672e-13,-1.1328572389720863e-12
244.94,-1.196530883393446e-13,-1.142416291797903e-12
244.95,-1.1361333243633483e-13,-1.1518683950054991e-12
244.96,-1.0750300013929986e-13,-1.1612148182877204e-12
244.97,-1.0132170820251368e-13,-1.1704545892247024e-12
244.98,-9.506964138325185e-14,-1.1795868458722963e-12
244.99,-8.874829719389551e-14,-1.1886114319411703e-12
245.0,-8.235732014249661e-14,-1.1975270814056747e-12
245.01,-7.589817301337141e-14,-1.2063339624669223e-12
245.02,-6.9371374520654e-14,-1.2150312412670543e-12
245.03,-6.277770194687259e-14,-1.2236185843582626e-12
245.04,-5.611787924669037e-14,-1.2320951921938116e-12
245.05,-4.939238679542188e-14,-1.2404608429826816e-12
245.06,-4.26024496884227e-14,-1.2487148256430693e-12
245.07,-3.574833702334984e-14,-1.2568567811678574e-12
245.08,-2.883077050111978e-14,-1.2648861812831513e-12
245.09,-2.185106014604285e-14,-1.2728027536794799e-12
245.1,-1.4809509214946395e-14,-1.2806058577204516e-12
245.11,-7.706817373235764e-15,-1.288294877255362e-12
245.12,-5.438266761630207e-16,-1.2958697239239691e-12
245.13,6.678534941651413e-15,-1.3033297919957134e-12
245.14,1.3959654145948048e-14,-1.3106748582039114e-12
245.15,2.1299028490485987e-14,-1.3179042883310814e-12
245.16,2.8695038128811056e-14,-1.325017630838026e-12
245.17,3.614767305815881e-14,-1.332014928399136e-12
245.18,4.36560835647398e-14,-1.3388952850294696e-12
245.19,5.12194097095379e-14,-1.3456586581035193e-12
245.2,5.883657725767791e-14,-1.3523046919918354e-12
245.21,6.650672611546102e-14,-1.358833013713262e-12
245.22,7.423021077392913e-14,-1.365243043165204e-12
245.23,8.20047046616232e-14,-1.3715348573041372e-12
245.24,8.98304301768462e-14,-1.3777078213145268e-12
245.25,9.770617226550703e-14,-1.3837618029440757e-12
245.26,1.056312916173866e-13,-1.3896964105881806e-12
245.27,1.1360483453950671e-13,-1.395511543722747e-12
245.28,1.2162615656978186e-13,-1.401206715036913e-12
245.29,1.2969432032432736e-13,-1.4067816423256317e-12
245.3,1.3780864277572252e-13,-1.4122363734573942e-12
245.31,1.4596800654598697e-13,-1.4175704507001951e-12
245.32,1.5417206579441586e-13,-1.4227835365039053e-12
245.33,1.6241953748772143e-13,-1.4278756433371166e-12
245.34,1.707097499699649e-13,-1.4328464598131357e-12
245.35,1.79042175997748e-13,-1.4376956958969454e-12
245.36,1.8741589756858607e-13,-1.4424231016955948e-12
245.37,1.9582960582954724e-13,-1.4470288848063228e-12
245.38,2.0428296640615532e-13,-1.4515123805235522e-12
245.39,2.1277502540609652e-13,-1.4558739041661917e-12
245.4,2.2130492685956686e-13,-1.460112855775771e-12
245.41,2.2987188362035555e-13,-1.4642293988066974e-12
245.42,2.384749402410635e-13,-1.4682232564107332e-12
245.43,2.471133928741359e-13,-1.4720942960248924e-12
245.44,2.5578647519193225e-13,-1.4758424965899547e-12
245.45,2.644929159884928e-13,-1.479467735442288e-12
245.46,2.732324102204567e-13,-1.4829699399459743e-12
245.47,2.8200373126658637e-13,-1.4863488838593535e-12
245.48,2.908064457370649e-13,-1.4896046324967254e-12
245.49,2.996392408535439e-13,-1.4927371605716151e-12
245.5,3.085015842168644e-13,-1.495746305244263e-12
245.51,3.173925213332429e-13,-1.4986319654027625e-12
245.52,3.2631100824758683e-13,-1.5013942906171398e-12
245.53,3.3525676547455247e-13,-1.5040330720778619e-12
245.54,3.442287461461804e-13,-1.506548680059387e-12
245.55,3.5322554586592973e-13,-1.508940619139345e-12
245.56,3.622472176160391e-13,-1.5112091603704476e-12
245.57,3.712933379549655e-13,-1.5133531529533224e-12
245.58,3.803593499564126e-13,-1.5153758337739146e-12
245.59,3.8944821632229554e-13,-1.5172746073664106e-12
245.6,3.9855913787673304e-13,-1.5190491646817222e-12
245.61,4.076925308016057e-13,-1.5206988756171047e-12
245.62,4.168394672786147e-13,-1.522229395557965e-12
245.63,4.2600784996691307e-13,-1.5236346241620257e-12
245.64,4.351937787278645e-13,-1.5249169659232433e-12
245.65,4.4439642586730126e-13,-1.5260762943980219e-12
245.66,4.5361501669170023e-13,-1.5271128834134489e-12
245.67,4.628485659945985e-13,-1.5280264992734665e-12
245.68,4.720962189016118e-13,-1.528817786192103e-12
245.69,4.813574484206325e-13,-1.5294865086232652e-12
245.7,4.90631137788905e-13,-1.5300327921378744e-12
245.71,4.999164808619114e-13,-1.5304570819024285e-12
245.72,5.092126484327846e-13,-1.530759184643645e-12
245.73,5.185186046651015e-13,-1.5309395812647514e-12
245.74,5.278337947005529e-13,-1.5309982647118024e-12
245.75,5.371573013304019e-13,-1.5309354679587225e-12
245.76,5.464882395575096e-13,-1.5307513954951125e-12
245.77,5.558258926404933e-13,-1.530446209564869e-12
245.78,5.651691939107395e-13,-1.5300203157324653e-12
245.79,5.745173344509181e-13,-1.529473613376129e-12
245.8,5.838698734952355e-13,-1.5288066325584302e-12
245.81,5.932254389371291e-13,-1.5280195757733995e-12
245.82,6.025836418965061e-13,-1.5271125779586288e-12
245.83,6.119431806426276e-13,-1.5260860233433428e-12
245.84,6.213034943652727e-13,-1.5249400775942533e-12
245.85,6.306637216356335e-13,-1.5236750722325134e-12
245.86,6.400232378374588e-13,-1.5222913762710549e-12
245.87,6.493811588594668e-13,-1.5207890546242333e-12
245.88,6.587358415540883e-13,-1.5191688281477195e-12
245.89,6.680880497049813e-13,-1.5174305210448505e-12
245.9,6.774353165995347e-13,-1.5155748558594314e-12
245.91,6.867780110475832e-13,-1.5136019923944968e-12
245.92,6.961146898693254e-13,-1.5115123664799317e-12
245.93,7.054448508975624e-13,-1.5093061539010261e-12
245.94,7.147676478801824e-13,-1.506983840347786e-12
245.95,7.240816735650819e-13,-1.5045459302254913e-12
245.96,7.333872654723649e-13,-1.5019924993630994e-12
245.97,7.426824767684504e-13,-1.4993241787593621e-12
245.98,7.519672426437073e-13,-1.496541339999042e-12
245.99,7.612407719051083e-13,-1.4936442817996295e-12
246.0,7.705017296768605e-13,-1.4906334681027787e-12
246.01,7.797496527465114e-13,-1.4875093489303466e-12
246.02,7.889836456059128e-13,-1.4842724219582797e-12
246.03,7.982033856063091e-13,-1.480922636530925e-12
246.04,8.074071856546978e-13,-1.4774613835934031e-12
246.05,8.165949253034528e-13,-1.473888481694725e-12
246.06,8.257656704567848e-13,-1.4702043916609514e-12
246.07,8.349185835437362e-13,-1.4664097070146096e-12
246.08,8.440530249145275e-13,-1.462504917807627e-12
246.09,8.531679861239702e-13,-1.4584903829746423e-12
246.1,8.62262995624984e-13,-1.4543668480526187e-12
246.11,8.71337007371636e-13,-1.450134648204375e-12
246.12,8.803895886473697e-13,-1.445794228448762e-12
246.13,8.894194751189455e-13,-1.4413464216409032e-12
246.14,8.984267251499794e-13,-1.4367911485178697e-12
246.15,9.074096707331611e-13,-1.4321294024561558e-12
246.16,9.163680210253678e-13,-1.427361906669812e-12
246.17,9.253011874701979e-13,-1.422489025811933e-12
246.18,9.342082114224126e-13,-1.4175110445521617e-12
246.19,9.43088212760433e-13,-1.4124287927716967e-12
246.2,9.519408278063685e-13,-1.407242775805246e-12
246.21,9.607648652971997e-13,-1.4019535239915807e-12
246.22,9.695600642265376e-13,-1.39656184727734e-12
246.23,9.78325396493554e-13,-1.3910681116347644e-12
246.24,9.870603056285042e-13,-1.3854729571822657e-12
246.25,9.957639309568786e-13,-1.3797770630158945e-12
246.26,1.0044357489319625e-12,-1.3739809963528726e-12
246.27,1.0130747090826602e-12,-1.3680854462381474e-12
246.28,1.0216808090709115e-12,-1.3620908611282813e-12
246.29,1.0302525507605977e-12,-1.3559980582177088e-12
246.3,1.0387898145408288e-12,-1.3498077722316355e-12
246.31,1.0472917878374714e-12,-1.3435202931374007e-12
246.32,1.055756981959563e-12,-1.337136752337203e-12
246.33,1.0641857267035327e-12,-1.330657591958602e-12
246.34,1.072577717417395e-12,-1.3240829967741916e-12
246.35,1.0809312081704888e-12,-1.317414402536854e-12
246.36,1.0892457258852807e-12,-1.3106521702060018e-12
246.37,1.0975209891176938e-12,-1.3037970717165408e-12
246.38,1.1057560566704312e-12,-1.2968497613500327e-12
246.39,1.1139506395635568e-12,-1.289810748686962e-12
246.4,1.1221036054333725e-12,-1.2826810424175317e-12
246.41,1.1302147765999822e-12,-1.2754611650865525e-12
246.42,1.1382830056711038e-12,-1.2681518885708415e-12
246.43,1.1463082428361342e-12,-1.260754102815076e-12
246.44,1.1542893851161727e-12,-1.2532683025077842e-12
246.45,1.1622272775032182e-12,-1.2456949088383117e-12
246.46,1.170117535135664e-12,-1.2380359043236237e-12
246.47,1.1779633500833008e-12,-1.2302907406942099e-12
246.48,1.1857629020640627e-12,-1.222460537333803e-12
246.49,1.1935152831081646e-12,-1.214546383025722e-12
246.5,1.2012202057693575e-12,-1.2065487755021714e-12
246.51,1.208877105306129e-12,-1.1984685737616761e-12
246.52,1.2164850298756402e-12,-1.1903062872664716e-12
246.53,1.2240436141977203e-12,-1.1820631712307941e-12
246.54,1.231552490811069e-12,-1.1737396186601087e-12
246.55,1.239010758434175e-12,-1.1653366408232175e-12
246.56,1.2464182493498749e-12,-1.156854745604666e-12
246.57,1.2537738320917865e-12,-1.1482952985194365e-12
246.58,1.2610773021142359e-12,-1.139658628768532e-12
246.59,1.2683283338562924e-12,-1.1309456218994763e-12
246.6,1.2755261876956954e-12,-1.1221571828880011e-12
246.61,1.2826700556266417e-12,-1.113294249690717e-12
246.62,1.2897599479313908e-12,-1.1043573446379314e-12
246.63,1.2967946950841735e-12,-1.095347612694514e-12
246.64,1.3037743862764944e-12,-1.086265460147992e-12
246.65,1.3106980948435202e-12,-1.0771122801132702e-12
246.66,1.3175653744876236e-12,-1.0678885668519594e-12
246.67,1.3243757851163355e-12,-1.05859532588145e-12
246.68,1.3311293434083744e-12,-1.0492331742237443e-12
246.69,1.3378245625643824e-12,-1.0398032058448585e-12
246.7,1.3444617294834458e-12,-1.030306062253885e-12
246.71,1.351039841299507e-12,-1.0207430759668442e-12
246.72,1.3575589190488211e-12,-1.0111146141046578e-12
246.73,1.3640180979968462e-12,-1.0014216594802624e-12
246.74,1.3704172484388424e-12,-9.916651984303303e-13
246.75,1.3767557392224256e-12,-9.818460734816674e-13
246.76,1.3830332413088952e-12,-9.719651659165627e-13
246.77,1.3892489564627393e-12,-9.620233631746727e-13
246.78,1.395402899858193e-12,-9.520213830825217e-13
246.79,1.4014944674634555e-12,-9.419605969287453e-13
246.8,1.4075231890378878e-12,-9.318414462654878e-13
246.81,1.4134885676411079e-12,-9.216650226615016e-13
246.82,1.4193905387422092e-12,-9.114321668520825e-13
246.83,1.4252284869934396e-12,-9.011435929798931e-13
246.84,1.4310017576776522e-12,-8.90800658684912e-13
246.85,1.4367106003681022e-12,-8.80403937252382e-13
246.86,1.442353798266042e-12,-8.699542141554983e-13
246.87,1.447931054908907e-12,-8.594548421832735e-13
246.88,1.4534435899553333e-12,-8.48901032264629e-13
246.89,1.4588892917590034e-12,-8.382985430143559e-13
246.9,1.4642683082826932e-12,-8.276471858380426e-13
246.91,1.4695798564675792e-12,-8.169479855853291e-13
246.92,1.4748246966300095e-12,-8.06200932924696e-13
246.93,1.4800015257864806e-12,-7.954079442636697e-13
246.94,1.485110330080926e-12,-7.845694461093041e-13
246.95,1.4901506175564923e-12,-7.736867729610053e-13
246.96,1.4951225256305294e-12,-7.627601800511566e-13
246.97,1.5000252554247311e-12,-7.517914145930419e-13
246.98,1.5048586843590714e-12,-7.407809793274795e-13
246.99,1.50962254773809e-12,-7.297298063900406e-13
247.0,1.5143165559663526e-12,-7.186389246936913e-13
247.01,1.5189403034192916e-12,-7.075093000726007e-13
247.02,1.5234938160496063e-12,-6.963417574279744e-13
247.03,1.5279762964786158e-12,-6.851375097261534e-13
247.04,1.532387798199165e-12,-6.738972128227001e-13
247.05,1.5367282658587597e-12,-6.626221524046236e-13
247.06,1.5409970805600548e-12,-6.513128455703647e-13
247.07,1.545194229273119e-12,-6.399705752656743e-13
247.08,1.5493194932899719e-12,-6.28596181438887e-13
247.09,1.5533722206999476e-12,-6.171907107216135e-13
247.1,1.5573526592792604e-12,-6.05754966261678e-13
247.11,1.5612604259269231e-12,-5.942901223265566e-13
247.12,1.5650952941983888e-12,-5.827967933194541e-13
247.13,1.5688572103392128e-12,-5.712764546302088e-13
247.14,1.5725456128856827e-12,-5.597296338277518e-13
247.15,1.5761607079169626e-12,-5.48157348358561e-13
247.16,1.5797021219639847e-12,-5.365606776156736e-13
247.17,1.5831695501942434e-12,-5.249405704820963e-13
247.18,1.5865632545751613e-12,-5.132980448337737e-13
247.19,1.589882709059822e-12,-5.01633764437368e-13
247.2,1.5931276558846153e-12,-4.899491361186135e-13
247.21,1.5962981724368942e-12,-4.782448717198311e-13
247.22,1.5993938239126972e-12,-4.665219456734885e-13
247.23,1.6024153093001238e-12,-4.547812432770749e-13
247.24,1.6053614715721498e-12,-4.4302393665770276e-13
247.25,1.6082326195535084e-12,-4.312508512098319e-13
247.26,1.6110287006445489e-12,-4.1946294017515793e-13
247.27,1.6137494761210304e-12,-4.0766128193069597e-13
247.28,1.6163949478566833e-12,-3.9584660218687735e-13
247.29,1.6189650694254159e-12,-3.8402007475600884e-13
247.3,1.6214594590574838e-12,-3.721825405992489e-13
247.31,1.6238782885948797e-12,-3.6033508337079294e-13
247.32,1.62622133710802e-12,-3.48478675299293e-13
247.33,1.6284884936219766e-12,-3.366143370782646e-13
247.34,1.6306802166900961e-12,-3.2474245555040204e-13
247.35,1.6327955573732658e-12,-3.1286467613508003e-13
247.36,1.634835443002311e-12,-3.009816485316476e-13
247.37,1.6367991195552112e-12,-2.890941827556517e-13
247.38,1.6386866316937679e-12,-2.7720360948939784e-13
247.39,1.640498241382605e-12,-2.6531065155519854e-13
247.4,1.6422334831206596e-12,-2.5341631071102335e-13
247.41,1.6438929962237291e-12,-2.4152146048962143e-13
247.42,1.6454761782103318e-12,-2.2962713499559777e-13
247.43,1.6469834193804486e-12,-2.177341326637655e-13
247.44,1.6484144406499765e-12,-2.0584362284834145e-13
247.45,1.6497692720956012e-12,-1.9395647654188559e-13
247.46,1.6510479209150634e-12,-1.8207356175627727e-13
247.47,1.652250759445038e-12,-1.7019572195996163e-13
247.48,1.653377585332122e-12,-1.5832414166807982e-13
247.49,1.6544277129272109e-12,-1.4645971052342148e-13
247.5,1.655402821101645e-12,-1.3460308140235766e-13
247.51,1.656301533648732e-12,-1.2275545305415744e-13
247.52,1.6571245186674595e-12,-1.109176825417258e-13
247.53,1.657871731171326e-12,-9.909088670383454e-14
247.54,1.658542529428663e-12,-8.72761129934567e-14
247.55,1.6591387292283631e-12,-7.547265388729216e-14
247.56,1.659658947805391e-12,-6.368351892466957e-14
247.57,1.6601036615685949e-12,-5.190888055143566e-14
247.58,1.6604730465237222e-12,-4.014797300380686e-14
247.59,1.6607669191760722e-12,-2.8406409797551466e-14
247.6,1.6609857458180365e-12,-1.6680549178398458e-14
247.61,1.6611294643290879e-12,-4.972774654063332e-15
247.62,1.6611982134238462e-12,6.716126750540162e-15
247.63,1.661192133338387e-12,1.838503346871271e-14
247.64,1.6611114441773062e-12,3.003326122791482e-14
247.65,1.6609562083932024e-12,4.165971569833146e-14
247.66,1.660726235488385e-12,5.326374296897052e-14
247.67,1.6604222531058174e-12,6.484421982680719e-14
247.68,1.6600441469913202e-12,7.640040454009112e-14
247.69,1.6595920893280584e-12,8.793146919268125e-14
247.7,1.6590662893794761e-12,9.943636948899471e-14
247.71,1.6584666607032225e-12,1.109143872757437e-13
247.72,1.6577938302303718e-12,1.2236454553635893e-13
247.73,1.6570475976066671e-12,1.3378602782775288e-13
247.74,1.6562283730688032e-12,1.4517806019912004e-13
247.75,1.655336332778272e-12,1.5653965433975833e-13
247.76,1.6543715767026217e-12,1.6786988775329145e-13
247.77,1.653334491294988e-12,1.7916828536524276e-13
247.78,1.6522250652802939e-12,1.9043360958002966e-13
247.79,1.6510437217152284e-12,2.0166525763366766e-13
247.8,1.6497905804074013e-12,2.128621099931175e-13
247.81,1.6484659710551175e-12,2.2402371141777617e-13
247.82,1.6470700401224495e-12,2.351488858830107e-13
247.83,1.6456030361897814e-12,2.462371502130366e-13
247.84,1.6440652395480123e-12,2.5728735099677076e-13
247.85,1.6424570248034046e-12,2.682997034021574e-13
247.86,1.6407781779581152e-12,2.792709133838017e-13
247.87,1.6390294284796457e-12,2.9020260389596076e-13
247.88,1.637211129248252e-12,3.010930842610012e-13
247.89,1.6353232655915215e-12,3.1194170951400134e-13
247.9,1.6333662416930159e-12,3.2274752973244604e-13
247.91,1.6313402882864928e-12,3.335098091271427e-13
247.92,1.6292458456480941e-12,3.4422791400220936e-13
247.93,1.627083052291964e-12,3.5490089696653204e-13
247.94,1.6248521301760367e-12,3.655279663102745e-13
247.95,1.622553782498391e-12,3.761084273805999e-13
247.96,1.6201878148507846e-12,3.866415571750082e-13
247.97,1.61775384909485e-12,3.9712593113286743e-13
247.98,1.615255417244903e-12,4.075626787892361e-13
247.99,1.6126895616510922e-12,4.1794905989706316e-13
248.0,1.6100576538704934e-12,4.282851831585057e-13
248.01,1.6073598811841267e-12,4.385701341955828e-13
248.02,1.6045969114962606e-12,4.4880323697917047e-13
248.03,1.6017692086897388e-12,4.58983736424802e-13
248.04,1.5988763418861356e-12,4.691110892698695e-13
248.05,1.5959192641690854e-12,4.791842923598112e-13
248.06,1.5928985542674579e-12,4.892027717349092e-13
248.07,1.5898141285677477e-12,4.991659633971741e-13
248.08,1.5866664240082942e-12,5.090729602759999e-13
248.09,1.5834563387200679e-12,5.189229926499316e-13
248.1,1.5801836196061056e-12,5.287158658549282e-13
248.11,1.5768489634094185e-12,5.3845031115281e-13
248.12,1.5734525646201913e-12,5.481259495674861e-13
248.13,1.5699952810705942e-12,5.577421003489498e-13
248.14,1.5664769043584793e-12,5.672980642033825e-13
248.15,1.562898258818157e-12,5.767931412345336e-13
248.16,1.5592596807896869e-12,5.862268074338581e-13
248.17,1.55556141385688e-12,5.955982301501446e-13
248.18,1.5518041894165948e-12,6.049068912103465e-13
248.19,1.5479881859180253e-12,6.141521649540775e-13
248.2,1.5441138282105268e-12,6.233333704025406e-13
248.21,1.5401816801140718e-12,6.324498369137579e-13
248.22,1.536192051445866e-12,6.415011543302433e-13
248.23,1.532145678556484e-12,6.504865021220597e-13
248.24,1.5280427054989476e-12,6.594053983283543e-13
248.25,1.523883698356583e-12,6.682572060671857e-13
248.26,1.5196691027692836e-12,6.770413291759835e-13
248.27,1.5153991034766699e-12,6.857571879645476e-13
248.28,1.5110748706216718e-12,6.944042818189313e-13
248.29,1.5066960842542695e-12,7.029817192852481e-13
248.3,1.502263673784335e-12,7.11489401652591e-13
248.31,1.4977782823469925e-12,7.199265018882904e-13
248.32,1.4932398802780769e-12,7.282926052885073e-13
248.33,1.4886492876346856e-12,7.365869792147589e-13
248.34,1.4840067121695023e-12,7.448091940245714e-13
248.35,1.4793129304374366e-12,7.529586947718723e-13
248.36,1.47456847261448e-12,7.610350760944517e-13
248.37,1.4697734721227802e-12,7.690376911272032e-13
248.38,1.4649287585356709e-12,7.769659699582217e-13
248.39,1.4600352542314436e-12,7.848198188056675e-13
248.4,1.4550918198118273e-12,7.92597861069282e-13
248.41,1.4501006687015054e-12,8.003005177255554e-13
248.42,1.4450615865184363e-12,8.079269613321538e-13
248.43,1.4399753828892878e-12,8.154766894083906e-13
248.44,1.4348426184027555e-12,8.229490783407266e-13
248.45,1.429663491518071e-12,8.303440117787847e-13
248.46,1.424438420939736e-12,8.376609120520824e-13
248.47,1.4191684071821917e-12,8.44898934746353e-13
248.48,1.4138537956710085e-12,8.520587143146117e-13
248.49,1.4084950783407429e-12,8.591381472904777e-13
248.5,1.4030928948003856e-12,8.661381898008519e-13
248.51,1.397647388158573e-12,8.730579306903782e-13
248.52,1.3921596184234581e-12,8.798970497825646e-13
248.53,1.3866298917849297e-12,8.866550899461475e-13
248.54,1.3810588644744217e-12,8.933316942489213e-13
248.55,1.3754467876495718e-12,8.999263286091821e-13
248.56,1.3697945649527327e-12,9.064387408052804e-13
248.57,1.3641026281357814e-12,9.1286857485041e-13
248.58,1.35837168063829e-12,9.192153464927826e-13
248.59,1.3526021082721003e-12,9.254787572052326e-13
248.6,1.3467943268112473e-12,9.316583882163121e-13
248.61,1.3409490621388887e-12,9.377539943573208e-13
248.62,1.335067072751437e-12,9.4376530810243e-13
248.63,1.3291487745139433e-12,9.49691840066157e-13
248.64,1.323194430553993e-12,9.55533190942743e-13
248.65,1.3172052739074645e-12,9.612892229669643e-13
248.66,1.3111813263805845e-12,9.669596304396497e-13
248.67,1.3051234104343238e-12,9.72543804656407e-13
248.68,1.2990320352202817e-12,9.780419267413833e-13
248.69,1.2929079155179107e-12,9.83453359334895e-13
248.7,1.2867514671752276e-12,9.88777835310593e-13
248.71,1.2805631709525673e-12,9.940153485271241e-13
248.72,1.2743438253378734e-12,9.991652598845754e-13
248.73,1.2680938898808525e-12,1.0042275665853266e-12
248.74,1.2618143094274307e-12,1.0092020397637003e-12
248.75,1.255505414648255e-12,1.0140881480882024e-12
248.76,1.2491674736037179e-12,1.018886077104318e-12
248.77,1.2428015892637262e-12,1.023595312290504e-12
248.78,1.2364082617314167e-12,1.0282157431081735e-12
248.79,1.2299879202410622e-12,1.032746806899313e-12
248.8,1.223540743330157e-12,1.0371888092390978e-12
248.81,1.2170684917103805e-12,1.0415412929789586e-12
248.82,1.2105708536450948e-12,1.0458040832106983e-12
248.83,1.2040485571469835e-12,1.0499770100094331e-12
248.84,1.1975047384535407e-12,1.0540620308909982e-12
248.85,1.190932903228685e-12,1.0580526647775995e-12
248.86,1.1843406259881942e-12,1.0619549614297038e-12
248.87,1.177726342334239e-12,1.06576680492715e-12
248.88,1.1710906132626793e-12,1.069487879112361e-12
248.89,1.1644337577204334e-12,1.0731181800328376e-12
248.9,1.1577567668110439e-12,1.0766575461029593e-12
248.91,1.151060048043664e-12,1.0801058602252981e-12
248.92,1.1443440977646535e-12,1.0834630557515288e-12
248.93,1.1376099578586745e-12,1.0867289181566616e-12
248.94,1.1308577232886612e-12,1.0899033067087259e-12
248.95,1.1240882574149746e-12,1.0929861425966042e-12
248.96,1.117302214775401e-12,1.095977467589134e-12
248.97,1.1105001654175856e-12,1.0988771197453198e-12
248.98,1.1036826801176016e-12,1.1016849741298357e-12
248.99,1.096850306767278e-12,1.1044011251231462e-12
249.0,1.0900037948434291e-12,1.107025371058433e-12
249.01,1.0831438345240493e-12,1.109557758057728e-12
249.02,1.0762706380976622e-12,1.11199828236626e-12
249.03,1.0693852958771554e-12,1.1143464950231941e-12
249.04,1.0624881237748033e-12,1.1166029145611442e-12
249.05,1.0555800194287522e-12,1.1187672273478994e-12
249.06,1.0486614685973348e-12,1.1208397710848425e-12
249.07,1.0417324436637138e-12,1.1228196922462798e-12
249.08,1.034794703219296e-12,1.1247078398143016e-12
249.09,1.0278478963877935e-12,1.1265040078624282e-12
249.1,1.0208932453910477e-12,1.1282080923030172e-12
249.11,1.0139313445549948e-12,1.1298201663916356e-12
249.12,1.0069621456559804e-12,1.1313402796073886e-12
249.13,9.99987142509381e-13,1.1327685284000936e-12
249.14,9.930059947427702e-13,1.134104637676734e-12
249.15,9.860201770638625e-13,1.1353490927520869e-12
249.16,9.790298900477585e-13,1.1365017142090505e-12
249.17,9.720357645733292e-13,1.137562557622062e-12
249.18,9.650384894807985e-13,1.1385318402764572e-12
249.19,9.580384232517985e-13,1.139409504749963e-12
249.2,9.510366863928669e-13,1.1401957145989164e-12
249.21,9.440334701756207e-13,1.1408905697821497e-12
249.22,9.370294605243461e-13,1.1414942354620286e-12
249.23,9.300251467417932e-13,1.1420064800720933e-12
249.24,9.230214599061285e-13,1.1424280027831589e-12
249.25,9.160188570431031e-13,1.1427583725465675e-12
249.26,9.090176533858138e-13,1.1429979928605243e-12
249.27,9.020188073693483e-13,1.143147019700613e-12
249.28,8.950228572920631e-13,1.1432054231618622e-12
249.29,8.88030187364916e-13,1.14317361516984e-12
249.3,8.810413682503327e-13,1.1430514566873813e-12
249.31,8.740573133216655e-13,1.142839310031302e-12
249.32,8.670784145764465e-13,1.1425373269277943e-12
249.33,8.601050023394205e-13,1.142145180464811e-12
249.34,8.531386254421433e-13,1.1416644969051126e-12
249.35,8.461788672449654e-13,1.1410940101793067e-12
249.36,8.392267530996289e-13,1.140434522936755e-12
249.37,8.322822834524807e-13,1.1396859022985566e-12
249.38,8.253470047597841e-13,1.1388488014797046e-12
249.39,8.184208616192841e-13,1.1379231916215198e-12
249.4,8.115047143988646e-13,1.1369096196698782e-12
249.41,8.045988098035279e-13,1.1358075297320759e-12
249.42,7.977039995677597e-13,1.1346179297913654e-12
249.43,7.908205066375708e-13,1.133340824762958e-12
249.44,7.839494621855344e-13,1.1319764540352336e-12
249.45,7.770908575244082e-13,1.130525033226579e-12
249.46,7.702471484010161e-13,1.1289879184726009e-12
249.47,7.634146797869021e-13,1.1273622702742227e-12
249.48,7.56597594863798e-13,1.1256516453909316e-12
249.49,7.497956194839881e-13,1.123854965156729e-12
249.5,7.430091818168725e-13,1.121972683188791e-12
249.51,7.362380298642195e-13,1.1200051379089112e-12
249.52,7.294849136239652e-13,1.117952608183164e-12
249.53,7.227481580798108e-13,1.1158153032585975e-12
249.54,7.16029411662126e-13,1.1135936916233637e-12
249.55,7.093281109121077e-13,1.1112881091645625e-12
249.56,7.026468251426404e-13,1.1088988957927244e-12
249.57,6.959842647723129e-13,1.1064258960178736e-12
249.58,6.893418278495545e-13,1.1038701369966956e-12
249.59,6.827195239388162e-13,1.1012316295040565e-12
249.6,6.761181837997824e-13,1.0985106998675109e-12
249.61,6.695384490182147e-13,1.0957079061224363e-12
249.62,6.62980520042996e-13,1.0928234778843234e-12
249.63,6.564451892013592e-13,1.0898577536686341e-12
249.64,6.499328804715924e-13,1.0868111337395268e-12
249.65,6.434440311427227e-13,1.0836841571251612e-12
249.66,6.369795165687835e-13,1.0804770968797525e-12
249.67,6.305393974905205e-13,1.0771902307214448e-12
249.68,6.24124358499875e-13,1.0738241266245528e-12
249.69,6.177349156868549e-13,1.0703791738747893e-12
249.7,6.113716874636809e-13,1.0668556237256164e-12
249.71,6.050347478988005e-13,1.063253919158904e-12
249.72,5.987252568862749e-13,1.0595749005085506e-12
249.73,5.924432061717616e-13,1.0558184434443644e-12
249.74,5.861890766661902e-13,1.0519852890963418e-12
249.75,5.79963489444788e-13,1.0480757295716246e-12
249.76,5.737670448584719e-13,1.044090301220464e-12
249.77,5.676000546932146e-13,1.0400296117456155e-12
249.78,5.614631213338143e-13,1.035893534423919e-12
249.79,5.553565045110035e-13,1.0316831432504186e-12
249.8,5.492807657227457e-13,1.0273986876416178e-12
249.81,5.432366839851692e-13,1.0230405757905702e-12
249.82,5.372245721244643e-13,1.0186103651600263e-12
249.83,5.312440664274972e-13,1.0141056691158719e-12
249.84,5.252967015246954e-13,1.0095295370354702e-12
249.85,5.193826546758919e-13,1.0048819123395372e-12
249.86,5.135021882820795e-13,1.0001631108248355e-12
249.87,5.076556684048698e-13,9.953735906009146e-13
249.88,5.018439268187877e-13,9.905138290493498e-13
249.89,4.960669237086214e-13,9.855846357930562e-13
249.9,4.903254823275336e-13,9.805861070924036e-13
249.91,4.846199561737277e-13,9.755194129445316e-13
249.92,4.789504505355303e-13,9.703839342307377e-13
249.93,4.733176609065411e-13,9.651811029257497e-13
249.94,4.677219275393831e-13,9.599111703107912e-13
249.95,4.621633588641669e-13,9.545748577760978e-13
249.96,4.56643682325158e-13,9.49172696304551e-13
249.97,4.511618394950875e-13,9.437050101420649e-13
249.98,4.457185657671317e-13,9.3817243856309e-13
249.99,4.403144700258653e-13,9.325755585746557e-13
250.0,4.3494978880062353e-13,9.269148695967532e-13
250.01,4.2962506507797546e-13,9.211910148742335e-13
250.02,4.243409004896951e-13,9.154045266116983e-13
250.03,4.1909618997861224e-13,9.09555842897815e-13
250.04,4.1389426899655067e-13,9.036460055747699e-13
250.05,4.087327129861188e-13,8.976750433749304e-13
250.06,4.036130559600361e-13,8.916437565866964e-13
250.07,3.985357036045788e-13,8.855527563145398e-13
250.08,3.9350059093173616e-13,8.794025110085823e-13
250.09,3.8850879339264983e-13,8.731942299494288e-13
250.1,3.835593344613467e-13,8.669272383427669e-13
250.11,3.7865418313789283e-13,8.606032621280032e-13
250.12,3.7379244014623606e-13,8.542224089148222e-13
250.13,3.6897518585013587e-13,8.477855502120916e-13
250.14,3.6420220988522985e-13,8.412930951659686e-13
250.15,3.594743115235874e-13,8.347456696668037e-13
250.16,3.547914694606005e-13,8.281439448221957e-13
250.17,3.5015442162704974e-13,8.214885398335303e-13
250.18,3.4556256014188125e-13,8.147799563390496e-13
250.19,3.410175822653639e-13,8.080192505273092e-13
250.2,3.3651866751263727e-13,8.012065491163624e-13
250.21,3.320664767173024e-13,7.943426197668806e-13
250.22,3.27661416072138e-13,7.87428166495016e-13
250.23,3.233035948468332e-13,7.804638634685344e-13
250.24,3.1899340431645965e-13,7.734503466047597e-13
250.25,3.14731236956896e-13,7.66388106300665e-13
250.26,3.105171428067959e-13,7.592780268758662e-13
250.27,3.06351374857295e-13,7.521207452153144e-13
250.28,3.022344256603741e-13,7.449164259267705e-13
250.29,2.9816637516791146e-13,7.376662663744939e-13
250.3,2.9414769847112536e-13,7.303708004087811e-13
250.31,2.9017844757440034e-13,7.230306467623339e-13
250.32,2.862594687894658e-13,7.156466631882349e-13
250.33,2.8238933112832916e-13,7.082188894839998e-13
250.34,2.7856989810378845e-13,7.007485677647687e-13
250.35,2.748013110416444e-13,6.932364008939338e-13
250.36,2.7108316111023e-13,6.856832570196843e-13
250.37,2.6741555815727725e-13,6.780883730935763e-13
250.38,2.637994597062877e-13,6.704540617737436e-13
250.39,2.6023458624110014e-13,6.627803706684963e-13
250.4,2.5672135052733104e-13,6.550681694399337e-13
250.41,2.5325978260055597e-13,6.473179063102014e-13
250.42,2.4985009145769733e-13,6.395303417235908e-13
250.43,2.4649273671939586e-13,6.317062366008167e-13
250.44,2.4318770394434424e-13,6.238461856134949e-13
250.45,2.399352406209673e-13,6.159502616193206e-13
250.46,2.3673553060198023e-13,6.080212300061467e-13
250.47,2.3358869683930014e-13,6.000580622132379e-13
250.48,2.3049474256072544e-13,5.920609031110493e-13
250.49,2.2745410443229227e-13,5.840316680192738e-13
250.5,2.2446700678888908e-13,5.759707420940933e-13
250.51,2.2153328075776106e-13,5.678787203556903e-13
250.52,2.1865340254886992e-13,5.597563572700014e-13
250.53,2.1582726879056748e-13,5.516044328110764e-13
250.54,2.1305476948112766e-13,5.434233075055449e-13
250.55,2.1033702942271283e-13,5.352140544976627e-13
250.56,2.0767330165344842e-13,5.269772828101411e-13
250.57,2.0506399364520857e-13,5.187137346161887e-13
250.58,2.0250915077820063e-13,5.104240057148119e-13
250.59,2.000089856171328e-13,5.021087229309319e-13
250.6,1.9756347878789666e-13,4.937687572653997e-13
250.61,1.9517277435738232e-13,4.85404790438098e-13
250.62,1.9283706798188744e-13,4.770173690026073e-13
250.63,1.9055649889250724e-13,4.686077581511481e-13
250.64,1.883310137509795e-13,4.601758227208716e-13
250.65,1.8616074498472366e-13,4.51722880642472e-13
250.66,1.8404585827547074e-13,4.432494957306755e-13
250.67,1.8198633875590107e-13,4.347562709487482e-13
250.68,1.7998228851802224e-13,4.2624416148279225e-13
250.69,1.7803356473625094e-13,4.177134041930604e-13
250.7,1.7614056740538247e-13,4.0916514328967887e-13
250.71,1.7430305405012747e-13,4.0060020393439956e-13
250.72,1.7252180909548196e-13,3.9201873035244467e-13
250.73,1.7079599622792582e-13,3.834217756950066e-13
250.74,1.6912580980015946e-13,3.748100593653182e-13
250.75,1.6751150193286511e-13,3.6618431200784003e-13
250.76,1.6595376084821063e-13,3.575453360598182e-13
250.77,1.644507779624005e-13,3.488934527763091e-13
250.78,1.6300429861847403e-13,3.402299215123618e-13
250.79,1.6161363143423396e-13,3.3155473168192024e-13
250.8,1.6027895502553462e-13,3.2286946939898076e-13
250.81,1.5899689832727375e-13,3.1417227202473227e-13
250.82,1.5777746102290802e-13,3.0546967141977084e-13
250.83,1.5661073035362272e-13,2.967569286793463e-13
250.84,1.555000205233035e-13,2.880364258615394e-13
250.85,1.5444529757893113e-13,2.793090452590216e-13
250.86,1.5344643730189727e-13,2.7057529956369137e-13
250.87,1.5250320008195178e-13,2.618360261843182e-13
250.88,1.5161620027877528e-13,2.5309183988141657e-13
250.89,1.5078487611557165e-13,2.4434365845892684e-13
250.9,1.5000946702341797e-13,2.355916188865014e-13
250.91,1.492900876846741e-13,2.2683726160943928e-13
250.92,1.4862609807507926e-13,2.180806429123142e-13
250.93,1.4801800606691934e-13,2.0932277842781954e-13
250.94,1.4746535665383645e-13,2.0056417476175178e-13
250.95,1.469683407635556e-13,1.918056009535337e-13
250.96,1.4652715255725196e-13,1.8304793639700952e-13
250.97,1.4614108114794095e-13,1.742914988700815e-13
250.98,1.4581062022215855e-13,1.6553717811127781e-13
250.99,1.4553517235778862e-13,1.5678583492161558e-13
251.0,1.4531525270988944e-13,1.4803807919855234e-13
251.01,1.4515016666012184e-13,1.3929436167060204e-13
251.02,1.4504034808596766e-13,1.3055559068617441e-13
251.03,1.4498544618577078e-13,1.218224206071377e-13
251.04,1.4498534900509215e-13,1.1309569239465455e-13
251.05,1.450399681914114e-13,1.0437545393441637e-13
251.06,1.451492409698119e-13,9.566308134859957e-14
251.07,1.4531304322652667e-13,8.69590555667278e-14
251.08,1.4553106715959737e-13,7.826393044832789e-14
251.09,1.4580382974906584e-13,6.957860477271469e-14
251.1,1.4613046080709904e-13,6.090352999380182e-14
251.11,1.4651119402240978e-13,5.223948939824981e-14
251.12,1.4694548789011478e-13,4.3586973517363894e-14
251.13,1.4743405439644812e-13,3.4947030589079e-14
251.14,1.4797587664962057e-13,2.6319883496085717e-14
251.15,1.4857132824483893e-13,1.7706684374696007e-14
251.16,1.4922002950688734e-13,9.10761494913648e-15
251.17,1.4992157752939718e-13,5.235831269425695e-16
251.18,1.506763597751578e-13,-8.044829025493021e-15
251.19,1.5148408173859824e-13,-1.6596872179553424e-14
251.2,1.5234422503271077e-13,-2.513207369160172e-14
251.21,1.5325692711820314e-13,-3.364950481995025e-14
251.22,1.5422188085431694e-13,-4.2148848006520965e-14
251.23,1.5523908496769337e-13,-5.0629157662116834e-14
251.24,1.563077494931481e-13,-5.909011306141587e-14
251.25,1.5742853359303882e-13,-6.753076380714713e-14
251.26,1.5860078443665451e-13,-7.595067394274786e-14
251.27,1.598242897061446e-13,-8.434917288983308e-14
251.28,1.6109894939629847e-13,-9.272549519176103e-14
251.29,1.6242453238279683e-13,-1.0107918768884372e-13
251.3,1.6380063188171717e-13,-1.0940965352479402e-13
251.31,1.6522736439488038e-13,-1.17716028180956e-13
251.32,1.6670432380519224e-13,-1.2599793532727758e-13
251.33,1.6823140277628825e-13,-1.3425456292641882e-13
251.34,1.6980818618496776e-13,-1.4248538388008928e-13
251.35,1.7143438341243673e-13,-1.5068997635743325e-13
251.36,1.7311014423123008e-13,-1.588676135262017e-13
251.37,1.748349076557175e-13,-1.670176679198419e-13
251.38,1.7660841826646645e-13,-1.7513934625167248e-13
251.39,1.7843044943596196e-13,-1.832323105400028e-13
251.4,1.8030123485575224e-13,-1.9129588343197338e-13
251.41,1.8221975850065761e-13,-1.9932949788365546e-13
251.42,1.8418628280804178e-13,-2.0733253400599509e-13
251.43,1.8620220322926864e-13,-2.1530263207752908e-13
251.44,1.8826183484056543e-13,-2.2324450018434383e-13
251.45,1.9037005827789477e-13,-2.311524880202128e-13
251.46,1.9252521329958856e-13,-2.3902749358773443e-13
251.47,1.9472673018998466e-13,-2.468691250682985e-13
251.48,1.9697440522351694e-13,-2.546767580580303e-13
251.49,1.9926823394763927e-13,-2.624498262573828e-13
251.5,2.0160757406798613e-13,-2.701877213031107e-13
251.51,2.0399216867485221e-13,-2.7789003230871016e-13
251.52,2.064220587029032e-13,-2.8555639836805564e-13
251.53,2.0889628198530232e-13,-2.931853979580666e-13
251.54,2.1141510157428252e-13,-3.0077737031147466e-13
251.55,2.139780707680936e-13,-3.0833161780320463e-13
251.56,2.1658483026023708e-13,-3.15847529428153e-13
251.57,2.192352187914751e-13,-3.2332430625018705e-13
251.58,2.2192863987843905e-13,-3.3076179878969676e-13
251.59,2.2466500049074391e-13,-3.381593965753038e-13
251.6,2.2744398655852954e-13,-3.455164799641952e-13
251.61,2.302652338327325e-13,-3.528326662130886e-13
251.62,2.331281139344837e-13,-3.601073015854833e-13
251.63,2.3603277163296196e-13,-3.6733992357175553e-13
251.64,2.3897851827287553e-13,-3.745301331697679e-13
251.65,2.419651560158181e-13,-3.8167740731624425e-13
251.66,2.4499253239694817e-13,-3.887812080692625e-13
251.67,2.4806007919196404e-13,-3.9584106927764113e-13
251.68,2.511672561097651e-13,-4.0285642550069334e-13
251.69,2.5431420735735276e-13,-4.098268853428588e-13
251.7,2.5750021770696154e-13,-4.1675187076011955e-13
251.71,2.6072519202471283e-13,-4.236311105256245e-13
251.72,2.639884644574814e-13,-4.3046400165993364e-13
251.73,2.6728990737836105e-13,-4.3725012785319817e-13
251.74,2.706289156080916e-13,-4.439890919395402e-13
251.75,2.7400542692717966e-13,-4.506802747502992e-13
251.76,2.7741882234806357e-13,-4.573233646329382e-13
251.77,2.80869294753671e-13,-4.639177492577278e-13
251.78,2.84355406374571e-13,-4.704633781766524e-13
251.79,2.8787766749301646e-13,-4.769589937627393e-13
251.8,2.9143540344752323e-13,-4.834055447141958e-13
251.81,2.950282441855451e-13,-4.898015233904581e-13
251.82,2.9865578890499783e-13,-4.961467446740398e-13
251.83,3.0231775230215465e-13,-5.024407721963959e-13
251.84,3.060136267324975e-13,-5.086833655127907e-13
251.85,3.097430375972895e-13,-5.148739911436718e-13
251.86,3.135058168709885e-13,-5.210122545972328e-13
251.87,3.1730129766919286e-13,-5.270978678525267e-13
251.88,3.2112949356707765e-13,-5.331301470683986e-13
251.89,3.249889077794045e-13,-5.391093165165662e-13
251.9,3.2888036946846323e-13,-5.450343346355898e-13
251.91,3.3280296568384494e-13,-5.509052377302552e-13
251.92,3.3675628535046773e-13,-5.567213831551009e-13
251.93,3.40740038270446e-13,-5.624827154392738e-13
251.94,3.447537736624778e-13,-5.681885746605134e-13
251.95,3.487969844712783e-13,-5.738388517707474e-13
251.96,3.5286944131427194e-13,-5.794330565049496e-13
251.97,3.5697081425097955e-13,-5.849707973470888e-13
251.98,3.6110019142860506e-13,-5.90451865575896e-13
251.99,3.65257392301378e-13,-5.958759231649068e-13
252.0,3.6944227835869174e-13,-6.012425426367937e-13
252.01,3.73654093104445e-13,-6.065515752965486e-13
252.02,3.778926216575304e-13,-6.118024512969067e-13
252.03,3.8215731492736774e-13,-6.16995126005278e-13
252.04,3.864477896611536e-13,-6.221289995546727e-13
252.05,3.907636790309312e-13,-6.272040064030884e-13
252.06,3.951042643894754e-13,-6.32219800192024e-13
252.07,3.994695494267399e-13,-6.371761194182015e-13
252.08,4.0385890884040907e-13,-6.42072558827893e-13
252.09,4.0827169741250797e-13,-6.469088744498274e-13
252.1,4.1270780935117707e-13,-6.516848651964859e-13
252.11,4.1716663764485037e-13,-6.564002113783646e-13
252.12,4.2164773995143434e-13,-6.610547484393607e-13
252.13,4.2615079702701485e-13,-6.656479482715317e-13
252.14,4.3067525822201284e-13,-6.701798790967589e-13
252.15,4.352209940988545e-13,-6.746499059537221e-13
252.16,4.3978664557324377e-13,-6.790582606370269e-13
252.17,4.4437287517785024e-13,-6.834045302844046e-13
252.18,4.489785575398913e-13,-6.876882757664698e-13
252.19,4.53603507393632e-13,-6.919094716505996e-13
252.2,4.582472705516771e-13,-6.960677600503855e-13
252.21,4.629092250585709e-13,-7.001628680872307e-13
252.22,4.675892902189821e-13,-7.041951378436812e-13
252.23,4.722866115368444e-13,-7.081637265241839e-13
252.24,4.770010402921453e-13,-7.120686304477264e-13
252.25,4.817317864300293e-13,-7.159097415234574e-13
252.26,4.864788555937651e-13,-7.196868162837447e-13
252.27,4.912414099458949e-13,-7.233997418201426e-13
252.28,4.960192744617535e-13,-7.27048078851451e-13
252.29,5.008118436773555e-13,-7.306319044826918e-13
252.3,5.056184070989143e-13,-7.341508365064211e-13
252.31,5.104390465754754e-13,-7.37605268866671e-13
252.32,5.152729587588923e-13,-7.409944387453084e-13
252.33,5.201209777570499e-13,-7.443182557016855e-13
252.34,5.249791270408314e-13,-7.475769918508813e-13
252.35,5.298503060706757e-13,-7.507702423460563e-13
252.36,5.347330977335807e-13,-7.538975617250896e-13
252.37,5.396270654139711e-13,-7.569594033621377e-13
252.38,5.445314745964326e-13,-7.5995526089215e-13
252.39,5.494462240418268e-13,-7.628851583513268e-13
252.4,5.543706078177272e-13,-7.657488254537561e-13
252.41,5.593042195989503e-13,-7.685464616237183e-13
252.42,5.642458437422383e-13,-7.712772493879009e-13
252.43,5.691975895303393e-13,-7.739426278577154e-13
252.44,5.741561376979394e-13,-7.765408571327829e-13
252.45,5.79122277783843e-13,-7.790726353251415e-13
252.46,5.8409540481323e-13,-7.815377275024311e-13
252.47,5.890755718786292e-13,-7.83935894542398e-13
252.48,5.940604960854796e-13,-7.862677294792043e-13
252.49,5.990518785326785e-13,-7.885323771237225e-13
252.5,6.040482435940619e-13,-7.907301465866979e-13
252.51,6.090494305070699e-13,-7.928610242334647e-13
252.52,6.140547482200735e-13,-7.949247705572129e-13
252.53,6.190638277094918e-13,-7.969215600004383e-13
252.54,6.24076273652778e-13,-7.988510018222712e-13
252.55,6.290917806919307e-13,-8.007136408474869e-13
252.56,6.34109482372993e-13,-8.025089617545241e-13
252.57,6.391290502181762e-13,-8.042371888331648e-13
252.58,6.44150370724328e-13,-8.058981355497044e-13
252.59,6.49172780890933e-13,-8.074920231862933e-13
252.6,6.541956016411338e-13,-8.090187465315008e-13
252.61,6.592187069225119e-13,-8.104780418394805e-13
252.62,6.642416653473953e-13,-8.118703499970512e-13
252.63,6.692635889621668e-13,-8.131953885717812e-13
252.64,6.742845867805112e-13,-8.144533725474619e-13
252.65,6.793037876165313e-13,-8.156441323459877e-13
252.66,6.84320979616915e-13,-8.167678493303551e-13
252.67,6.893356940203623e-13,-8.178245324002886e-13
252.68,6.943473787717319e-13,-8.18814112957123e-13
252.69,6.993552251511346e-13,-8.197364096977143e-13
252.7,7.043601021992241e-13,-8.205925899526885e-13
252.71,7.093602954711208e-13,-8.213813309074086e-13
252.72,7.143557786786611e-13,-8.221033577094013e-13
252.73,7.193472166325132e-13,-8.227591157904221e-13
252.74,7.243307829275621e-13,-8.233474611872512e-13
252.75,7.29309195615236e-13,-8.238693962552363e-13
252.76,7.342812307680094e-13,-8.24324866581754e-13
252.77,7.392464363311248e-13,-8.247140863928283e-13
252.78,7.4420771413321e-13,-8.250355056378246e-13
252.79,7.491545450954024e-13,-8.25293150638954e-13
252.8,7.540961965558357e-13,-8.254837002092141e-13
252.81,7.590294082591297e-13,-8.256079895512448e-13
252.82,7.639536760497175e-13,-8.256664840556374e-13
252.83,7.688681899055516e-13,-8.256591288336003e-13
252.84,7.73773080793883e-13,-8.255858654125751e-13
252.85,7.786673454684402e-13,-8.254475222849164e-13
252.86,7.835507831549212e-13,-8.252435555143985e-13
252.87,7.884233890659903e-13,-8.249741938771134e-13
252.88,7.932840684159672e-13,-8.246398763591098e-13
252.89,7.981329197210639e-13,-8.242405854106514e-13
252.9,8.02969274459092e-13,-8.237763905582204e-13
252.91,8.077925246446383e-13,-8.232478955437432e-13
252.92,8.126029584103865e-13,-8.226541388692858e-13
252.93,8.173994729764954e-13,-8.219964189133118e-13
252.94,8.221818461741039e-13,-8.212745754089466e-13
252.95,8.269499593536999e-13,-8.204886351409534e-13
252.96,8.31703155920437e-13,-8.196390000693279e-13
252.97,8.364410275413393e-13,-8.187255353831483e-13
252.98,8.41163084222737e-13,-8.177488401269472e-13
252.99,8.458692317206148e-13,-8.167088185181055e-13
253.0,8.505586728986286e-13,-8.156057305386606e-13
253.01,8.552311506818333e-13,-8.144397708223259e-13
253.02,8.598867882789863e-13,-8.132113894613284e-13
253.03,8.645246342115868e-13,-8.11920485747938e-13
253.04,8.691443101564497e-13,-8.105673717595612e-13
253.05,8.737457239692917e-13,-8.09152231398641e-13
253.06,8.783280172999924e-13,-8.076755842128879e-13
253.07,8.828913120870304e-13,-8.061372858807611e-13
253.08,8.874349587411408e-13,-8.045377225318278e-13
253.09,8.919587033804197e-13,-8.028771589145988e-13
253.1,8.964621352564971e-13,-8.01155850083716e-13
253.11,9.009448174282817e-13,-7.993737451651032e-13
253.12,9.054064529417448e-13,-7.97531819088267e-13
253.13,9.09846432322375e-13,-7.956295631166208e-13
253.14,9.1426508071269e-13,-7.936675010289394e-13
253.15,9.186612203819877e-13,-7.916462475520856e-13
253.16,9.23035214278544e-13,-7.895656050258949e-13
253.17,9.273857275780692e-13,-7.874260562355502e-13
253.18,9.317133621503702e-13,-7.852276381097708e-13
253.19,9.36017276110479e-13,-7.829714033425466e-13
253.2,9.402975031533172e-13,-7.806567302768055e-13
253.21,9.445533045599732e-13,-7.782842677503765e-13
253.22,9.487842961696188e-13,-7.758544196500459e-13
253.23,9.529905941718558e-13,-7.733674272338497e-13
253.24,9.571715166736944e-13,-7.708233639556951e-13
253.25,9.613267267770536e-13,-7.682228507207717e-13
253.26,9.654559234215385e-13,-7.655660301765453e-13
253.27,9.695589062524417e-13,-7.628533201826621e-13
253.28,9.7363515443125e-13,-7.600849923039673e-13
253.29,9.776845767911273e-13,-7.572612651373741e-13
253.3,9.817066257838947e-13,-7.543827404706967e-13
253.31,9.857011418576573e-13,-7.514497094092117e-13
253.32,9.896678751705914e-13,-7.48461860007919e-13
253.33,9.9360586884937e-13,-7.454205386058164e-13
253.34,9.97515804623479e-13,-7.423254656989051e-13
253.35,1.0013965110214187e-12,-7.39177082817321e-13
253.36,1.0052482901584573e-12,-7.359758317838903e-13
253.37,1.0090707048734071e-12,-7.327219879661518e-13
253.38,1.0128627211605915e-12,-7.294159297720974e-13
253.39,1.016625952688413e-12,-7.26057918663286e-13
253.4,1.0203581543040482e-12,-7.226474687194021e-13
253.41,1.0240589710795555e-12,-7.191883724801107e-13
253.42,1.0277299515213908e-12,-7.156772027128296e-13
253.43,1.0313691890632403e-12,-7.121157594070493e-13
253.44,1.0349773279922947e-12,-7.085042037092188e-13
253.45,1.0385533524727805e-12,-7.048432014609601e-13
253.46,1.0420975308847605e-12,-7.011327672313868e-13
253.47,1.045609012939354e-12,-6.973737275877788e-13
253.48,1.0490885360627013e-12,-6.935661603307639e-13
253.49,1.0525350992039894e-12,-6.897105973633362e-13
253.5,1.0559482451081295e-12,-6.858076516272581e-13
253.51,1.059328571047505e-12,-6.818570442062224e-13
253.52,1.0626745422644868e-12,-6.778596524639638e-13
253.53,1.06598685546397e-12,-6.738159863902517e-13
253.54,1.0692653883682092e-12,-6.697262111753659e-13
253.55,1.0725093866015777e-12,-6.655908405333034e-13
253.56,1.0757189497254437e-12,-6.614104215970458e-13
253.57,1.078893476817705e-12,-6.571852148338073e-13
253.58,1.082032853123067e-12,-6.529154103288726e-13
253.59,1.085137113833104e-12,-6.486018481302892e-13
253.6,1.088205823843253e-12,-6.442449622982469e-13
253.61,1.0912386536485028e-12,-6.398449219376907e-13
253.62,1.0942358737072048e-12,-6.354021597170475e-13
253.63,1.0971963354482735e-12,-6.309172509540977e-13
253.64,1.1001209739542665e-12,-6.263906305665873e-13
253.65,1.1030088355793307e-12,-6.218226213114485e-13
253.66,1.1058594978543533e-12,-6.172137565446751e-13
253.67,1.1086733218314046e-12,-6.125643173643051e-13
253.68,1.111450230431822e-12,-6.078752684306515e-13
253.69,1.1141896238349283e-12,-6.031463755241348e-13
253.7,1.1168912139863912e-12,-5.983784744667262e-13
253.71,1.1195550404744889e-12,-5.935719085351385e-13
253.72,1.1221811379357958e-12,-5.887271847419193e-13
253.73,1.1247686295553009e-12,-5.838448921987416e-13
253.74,1.1273186140914691e-12,-5.78925248105345e-13
253.75,1.1298290241040342e-12,-5.739687956550671e-13
253.76,1.132301070909056e-12,-5.689759549270818e-13
253.77,1.1347343940793955e-12,-5.639473406180769e-13
253.78,1.1371284628244652e-12,-5.588836856568218e-13
253.79,1.1394837086034187e-12,-5.537845273844405e-13
253.8,1.1417996125147869e-12,-5.486511179768812e-13
253.81,1.14407537397301e-12,-5.434839316496584e-13
253.82,1.1463110853254545e-12,-5.382833792672177e-13
253.83,1.1485090273836536e-12,-5.330492253254385e-13
253.84,1.150665949497078e-12,-5.277828891046217e-13
253.85,1.1527829469008262e-12,-5.224844234249186e-13
253.86,1.154859363451735e-12,-5.171546544159834e-13
253.87,1.1568956821288913e-12,-5.11793423922708e-13
253.88,1.1588912557111765e-12,-5.064018640607584e-13
253.89,1.1608466640764168e-12,-5.009801135862838e-13
253.9,1.1627610809341917e-12,-4.95528800466848e-13
253.91,1.164634652675176e-12,-4.900483781172078e-13
253.92,1.1664676344850509e-12,-4.845392009914123e-13
253.93,1.1682592221619874e-12,-4.790019949666053e-13
253.94,1.1700096474943396e-12,-4.734373665740297e-13
253.95,1.1717187468111847e-12,-4.67845280667166e-13
253.96,1.1733863669029334e-12,-4.622266637546767e-13
253.97,1.1750130630029563e-12,-4.565819153808059e-13
253.98,1.1765980532256865e-12,-4.5091123125296813e-13
253.99,1.1781414286837433e-12,-4.4521572348207314e-13
254.0,1.1796429489643845e-12,-4.3949552720637487e-13
254.01,1.1811026602306904e-12,-4.33751184508296e-13
254.02,1.1825204311324177e-12,-4.2798322004858506e-13
254.03,1.1838964135089412e-12,-4.2219203879294106e-13
254.04,1.1852303595542095e-12,-4.163783301189489e-13
254.05,1.1865221686653526e-12,-4.105425376642769e-13
254.06,1.1877720387598242e-12,-4.046850310216602e-13
254.07,1.1889793506273314e-12,-3.9880658088059367e-13
254.08,1.1901448142033375e-12,-3.9290739514129234e-13
254.09,1.1912677597114338e-12,-3.8698833891682155e-13
254.1,1.1923483435458242e-12,-3.810494855923054e-13
254.11,1.1933866726961913e-12,-3.7509168479858537e-13
254.12,1.1943828204921943e-12,-3.691154948416447e-13
254.13,1.1953357542946963e-12,-3.631210285847804e-13
254.14,1.1962468178251958e-12,-3.571089526970625e-13
254.15,1.19711518777193e-12,-3.5108016457321723e-13
254.16,1.1979411575633095e-12,-3.4503493839744287e-13
254.17,1.19872432904721e-12,-3.389734713933816e-13
254.18,1.1994650647957012e-12,-3.328967301732192e-13
254.19,1.2001631734429288e-12,-3.268050113975612e-13
254.2,1.2008184968730263e-12,-3.206987618013636e-13
254.21,1.2014315694923295e-12,-3.1457845528435183e-13
254.22,1.202001902617251e-12,-3.0844523323002874e-13
254.23,1.2025296111628111e-12,-3.0229897592212e-13
254.24,1.2030145927325664e-12,-2.961402387749555e-13
254.25,1.2034572796196937e-12,-2.8996965823576427e-13
254.26,1.203857183546705e-12,-2.8378777744795285e-13
254.27,1.2042149163509432e-12,-2.7759505685179896e-13
254.28,1.2045293706873375e-12,-2.7139203728254796e-13
254.29,1.2048015974026492e-12,-2.651793508960762e-13
254.3,1.2050313112180721e-12,-2.5895714880360993e-13
254.31,1.2052188510581685e-12,-2.5272643981130216e-13
254.32,1.2053638694520621e-12,-2.4648730452884096e-13
254.33,1.2054663622866034e-12,-2.4024049831083845e-13
254.34,1.2055266160912701e-12,-2.3398654533735694e-13
254.35,1.205544509558664e-12,-2.2772591075824924e-13
254.36,1.2055201787156555e-12,-2.214589821889002e-13
254.37,1.2054535117589505e-12,-2.1518639430788597e-13
254.38,1.2053448573148827e-12,-2.0890859951073222e-13
254.39,1.2051953866970002e-12,-2.0262628099745166e-13
254.4,1.2050014981183272e-12,-1.9633978793109436e-13
254.41,1.2047667349458689e-12,-1.900497526107417e-13
254.42,1.2044902101322264e-12,-1.8375657371996022e-13
254.43,1.2041718503214648e-12,-1.7746060825896352e-13
254.44,1.2038116892233327e-12,-1.7116268139269815e-13
254.45,1.2034101064280994e-12,-1.6486311262075718e-13
254.46,1.2029665707493471e-12,-1.5856259601563693e-13
254.47,1.2024818977445443e-12,-1.5226144309298325e-13
254.48,1.2019555510124349e-12,-1.4596011051984824e-13
254.49,1.2013877928677868e-12,-1.3965925612852686e-13
254.5,1.2007791297887828e-12,-1.3335932676074712e-13
254.51,1.2001297736664489e-12,-1.270608061068723e-13
254.52,1.1994385982916014e-12,-1.2076431624870375e-13
254.53,1.1987069260296247e-12,-1.1447019179546178e-13
254.54,1.1979345000443831e-12,-1.0817908941793286e-13
254.55,1.1971214875598188e-12,-1.0189124069414075e-13
254.56,1.1962674745638196e-12,-9.560731005554356e-14
254.57,1.1953738870189933e-12,-8.932806604036557e-14
254.58,1.1944394198482464e-12,-8.305355880798698e-14
254.59,1.1934648106492238e-12,-7.678443016430738e-14
254.6,1.1924501948991406e-12,-7.052133127832352e-14
254.61,1.1913957351542738e-12,-6.426457992844006e-14
254.62,1.1903016443880049e-12,-5.801460190781035e-14
254.63,1.1891677669815305e-12,-5.1772113444503274e-14
254.64,1.1879943923998064e-12,-4.553734974823256e-14
254.65,1.1867820056587794e-12,-3.931074870262881e-14
254.66,1.1855298985520493e-12,-3.3094592909207475e-14
254.67,1.1842390509638905e-12,-2.6885207360935994e-14
254.68,1.1829092959519256e-12,-2.068675282763381e-14
254.69,1.1815406477202991e-12,-1.4498501330526784e-14
254.7,1.1801341686979172e-12,-8.321279836839435e-15
254.71,1.1786883457393859e-12,-2.1544805074674036e-15
254.72,1.1772047478094854e-12,3.9998779088110645e-15
254.73,1.1756831826914413e-12,1.0142395856327968e-14
254.74,1.1741236299345808e-12,1.6271992246912644e-14
254.75,1.1725238646864619e-12,2.238865360876512e-14
254.76,1.170891763250707e-12,2.849233877993958e-14
254.77,1.1692196048626403e-12,3.458163705599638e-14
254.78,1.1675104743308727e-12,4.065640054360569e-14
254.79,1.165764191306905e-12,4.671628124698944e-14
254.8,1.1639811817148954e-12,5.276079190184754e-14
254.81,1.1621619442846863e-12,5.878953071581982e-14
254.82,1.160305903107198e-12,6.480183534110512e-14
254.83,1.1584138730369143e-12,7.07976554938388e-14
254.84,1.1564859518806827e-12,7.677601778056329e-14
254.85,1.1545222641123833e-12,8.273687779325214e-14
254.86,1.1525230745516077e-12,8.867964251994173e-14
254.87,1.1504886707435159e-12,9.460404472703054e-14
254.88,1.1484185593213576e-12,1.0050924657214846e-13
254.89,1.1463142430363376e-12,1.0639529333016435e-13
254.9,1.1441746652469475e-12,1.1226131357982712e-13
254.91,1.1420014914734417e-12,1.1810764467395382e-13
254.92,1.1397926684400365e-12,1.2393245324710076e-13
254.93,1.137550866892486e-12,1.297366475617604e-13
254.94,1.1352751434454075e-12,1.3551918472781984e-13
254.95,1.1329656882378464e-12,1.41279783391968e-13
254.96,1.1306229931287e-12,1.470180875418246e-13
254.97,1.1282473350179263e-12,1.5273350418677919e-13
254.98,1.125838983872527e-12,1.584259548343514e-13
254.99,1.1233973292014065e-12,1.640944307061269e-13
255.0,1.1209241071166843e-12,1.6973917057616308e-13
255.01,1.1184187074393202e-12,1.7535933070417514e-13
255.02,1.115881117131133e-12,1.8095481566681519e-13
255.03,1.113312194920748e-12,1.8652505561116455e-13
255.04,1.1107118807326556e-12,1.9206962325169685e-13
255.05,1.1080804951254032e-12,1.9758822407100628e-13
255.06,1.1054182026781985e-12,2.030803563082184e-13
255.07,1.1027253124201149e-12,2.0854567897847973e-13
255.08,1.1000022297056334e-12,2.1398383488642416e-13
255.09,1.0972490661521612e-12,2.1939449653229588e-13
255.1,1.0944661367298331e-12,2.247771845362241e-13
255.11,1.0916536567360785e-12,2.3013150727598963e-13
255.12,1.088812312521584e-12,2.35457247956611e-13
255.13,1.085941657657274e-12,2.407537960722191e-13
255.14,1.0830423610939181e-12,2.460209751072587e-13
255.15,1.080114945585144e-12,2.5125834441661784e-13
255.16,1.07715920686229e-12,2.564655554352472e-13
255.17,1.0741756797889691e-12,2.616422940631278e-13
255.18,1.0711646659286597e-12,2.6678809073983455e-13
255.19,1.0681266948904443e-12,2.719026282587697e-13
255.2,1.0650609688105525e-12,2.769857161925869e-13
255.21,1.0619690683151926e-12,2.8203681415652546e-13
255.22,1.0588507655916836e-12,2.870556060520148e-13
255.23,1.055706403601126e-12,2.9204188072801305e-13
255.24,1.0525360612165505e-12,2.9699515528613787e-13
255.25,1.049340351323168e-12,3.0191519323627125e-13
255.26,1.0461193952992352e-12,3.068015564612849e-13
255.27,1.0428737129590934e-12,3.116541882058165e-13
255.28,1.0396027926005771e-12,3.164725061111785e-13
255.29,1.0363087214492898e-12,3.212560851730364e-13
255.3,1.0329900505424046e-12,3.260048448788691e-13
255.31,1.0296476799497016e-12,3.3071844886206316e-13
255.32,1.0262819793956294e-12,3.35396447898073e-13
255.33,1.0228931536286062e-12,3.4003907431357894e-13
255.34,1.0194819145972713e-12,3.4464499040627014e-13
255.35,1.0160481704051402e-12,3.492148020269181e-13
255.36,1.012591885154595e-12,3.537477672142894e-13
255.37,1.0091132153603843e-12,3.5824374202533366e-13
255.38,1.0056148750225493e-12,3.627025699149213e-13
255.39,1.0020945470267577e-12,3.67123824529783e-13
255.4,9.985532203598095e-13,3.7150705552637763e-13
255.41,9.949916283208742e-13,3.75852335585956e-13
255.42,9.91409696507142e-13,3.801590462782906e-13
255.43,9.87807678793617e-13,3.8442717912088037e-13
255.44,9.841863679027215e-13,3.8865637200362104e-13
255.45,9.805457910482182e-13,3.928463125101167e-13
255.46,9.76886196265168e-13,3.969968722335577e-13
255.47,9.732082984465656e-13,4.011075534886263e-13
255.48,9.695119822119661e-13,4.05178485259213e-13
255.49,9.657980718943327e-13,4.0920900554440914e-13
255.5,9.620662444454257e-13,4.1319911386619313e-13
255.51,9.583173646430238e-13,4.1714844991531517e-13
255.52,9.545516918157855e-13,4.210570162628397e-13
255.53,9.507692166980379e-13,4.2492420055394057e-13
255.54,9.469707042037153e-13,4.2875006405601554e-13
255.55,9.431560081777496e-13,4.3253417826264334e-13
255.56,9.393261062735455e-13,4.3627670596777733e-13
255.57,9.35480894041839e-13,4.3997699130561863e-13
255.58,9.316209078632148e-13,4.43635104789081e-13
255.59,9.277462751289029e-13,4.472505330460685e-13
255.6,9.238575533716375e-13,4.508233690929911e-13
255.61,9.199549296453122e-13,4.543531883658481e-13
255.62,9.160388060232539e-13,4.578400701012998e-13
255.63,9.12109474218697e-13,4.612835592962973e-13
255.64,9.081667081456642e-13,4.646832312353773e-13
255.65,9.042128513701297e-13,4.680398612318028e-13
255.66,9.002462704821026e-13,4.713523561418693e-13
255.67,8.962678129243005e-13,4.746207085678631e-13
255.68,8.922780508096936e-13,4.778449462187472e-13
255.69,8.882770403337171e-13,4.810246757014719e-13
255.7,8.842654173937927e-13,4.841599280994846e-13
255.71,8.80243247838707e-13,4.872504051840898e-13
255.72,8.762110951346569e-13,4.902959375208402e-13
255.73,8.721691769330604e-13,4.932965549637451e-13
255.74,8.681179181009201e-13,4.962518114382119e-13
255.75,8.640577734877417e-13,4.99161682774492e-13
255.76,8.599896404872569e-13,5.020267917653816e-13
255.77,8.559120690202107e-13,5.048453761245006e-13
255.78,8.518271747600533e-13,5.07618499191814e-13
255.79,8.477341992661524e-13,5.103457128094267e-13
255.8,8.436345550326133e-13,5.130268480702346e-13
255.81,8.395277954573661e-13,5.156619257971844e-13
255.82,8.35414268179034e-13,5.182505279767356e-13
255.83,8.31294940142219e-13,5.207930904633571e-13
255.84,8.271696488037506e-13,5.232890046674432e-13
255.85,8.23038658609394e-13,5.257382060762388e-13
255.86,8.189027687492879e-13,5.281406985756719e-13
255.87,8.147619580427191e-13,5.304964641072002e-13
255.88,8.106164912930969e-13,5.328051293465559e-13
255.89,8.06467469864679e-13,5.350671668984395e-13
255.9,8.023142440757447e-13,5.372817543969325e-13
255.91,7.981575467515689e-13,5.394492071032902e-13
255.92,7.939980851934258e-13,5.415692906233563e-13
255.93,7.898359867408084e-13,5.436422853027503e-13
255.94,7.856714104602315e-13,5.456678734002931e-13
255.95,7.8150485122679e-13,5.476458751911546e-13
255.96,7.773366337516298e-13,5.495763955291195e-13
255.97,7.731669611288735e-13,5.514590906275106e-13
255.98,7.689965560716616e-13,5.532943182665794e-13
255.99,7.648254491311082e-13,5.550817822480724e-13
256.0,7.606540322274623e-13,5.568214031003448e-13
256.01,7.564826824453052e-13,5.585131915461305e-13
256.02,7.523118139713895e-13,5.601571903279544e-13
256.03,7.481416639134783e-13,5.617532128900766e-13
256.04,7.439726319876471e-13,5.633013566842447e-13
256.05,7.398051676247153e-13,5.648015842368333e-13
256.06,7.356394248842703e-13,5.662538049884738e-13
256.07,7.314758251184521e-13,5.676580665028154e-13
256.08,7.273146990509885e-13,5.690140863082203e-13
256.09,7.231561871412335e-13,5.703219978425011e-13
256.1,7.190012561829995e-13,5.715821975130375e-13
256.11,7.14849617422832e-13,5.727940967731181e-13
256.12,7.10702059774226e-13,5.73958269712719e-13
256.13,7.065583261570078e-13,5.750739779530058e-13
256.14,7.02419236039015e-13,5.761417782987175e-13
256.15,6.982851751983164e-13,5.771615387492951e-13
256.16,6.941560680656017e-13,5.781332258694007e-13
256.17,6.90032629274398e-13,5.790568751386189e-13
256.18,6.859150005861106e-13,5.799327501815055e-13
256.19,6.818035111022029e-13,5.807602624451433e-13
256.2,6.77698583893973e-13,5.81540048368736e-13
256.21,6.736005182398847e-13,5.822722099229503e-13
256.22,6.695096690751845e-13,5.829558662800209e-13
256.23,6.654262530554081e-13,5.835919602123135e-13
256.24,6.613506722430545e-13,5.841798645588416e-13
256.25,6.572833502150376e-13,5.84721067702545e-13
256.26,6.532245894592669e-13,5.85213829254031e-13
256.27,6.49174325337083e-13,5.856590121922839e-13
256.28,6.451334646985866e-13,5.860565347394833e-13
256.29,6.411020053958326e-13,5.864067085997781e-13
256.3,6.370802337522444e-13,5.867092606828745e-13
256.31,6.330686664502151e-13,5.869645818887409e-13
256.32,6.290674280313856e-13,5.871724280042216e-13
256.33,6.250770422281313e-13,5.873332096762533e-13
256.34,6.210976286473682e-13,5.874467342499594e-13
256.35,6.171295963944201e-13,5.875132891940549e-13
256.36,6.131734242026858e-13,5.875331748621938e-13
256.37,6.092288676941558e-13,5.875053619767859e-13
256.38,6.052967246727504e-13,5.874311073252499e-13
256.39,6.013771022774257e-13,5.87310206647775e-13
256.4,5.97470588560377e-13,5.871427446951401e-13
256.41,5.935771078384632e-13,5.869286719570035e-13
256.42,5.896971388205396e-13,5.866682552916478e-13
256.43,5.858311204096387e-13,5.863615834413335e-13
256.44,5.819791911657719e-13,5.860087609786593e-13
256.45,5.781415226074481e-13,5.856100163219039e-13
256.46,5.743185448806863e-13,5.851650077765784e-13
256.47,5.705108108486802e-13,5.84674431331761e-13
256.48,5.667180001060578e-13,5.84138439679254e-13
256.49,5.62941118919415e-13,5.835564736999368e-13
256.5,5.591800646603358e-13,5.829292100914876e-13
256.51,5.554350245059888e-13,5.822568226320219e-13
256.52,5.517065944717748e-13,5.815390756922727e-13
256.53,5.479946324623349e-13,5.807770207027586e-13
256.54,5.442999960245842e-13,5.799696404314601e-13
256.55,5.406223751553181e-13,5.791176389879929e-13
256.56,5.369624643941637e-13,5.782212158722118e-13
256.57,5.333203625529063e-13,5.772804384786783e-13
256.58,5.296962600623108e-13,5.762955029573868e-13
256.59,5.260909093912e-13,5.752665125016026e-13
256.6,5.225040018201698e-13,5.741937440713226e-13
256.61,5.189360752144578e-13,5.730772482466505e-13
256.62,5.153873254485009e-13,5.719173993423372e-13
256.63,5.118587580605024e-13,5.707154755018624e-13
256.64,5.083485597464413e-13,5.694678622423308e-13
256.65,5.048586841175699e-13,5.681786184107956e-13
256.66,5.01389719839281e-13,5.66846221892838e-13
256.67,4.979410133298143e-13,5.654723317762396e-13
256.68,4.945126943193569e-13,5.640546963499757e-13
256.69,4.91105745010777e-13,5.6259558026282e-13
256.7,4.87719942164061e-13,5.610944016355429e-13
256.71,4.843557225487186e-13,5.595516023120992e-13
256.72,4.810143238662219e-13,5.579659695484187e-13
256.73,4.776925658370077e-13,5.563412738758893e-13
256.74,4.743943494679121e-13,5.546744385674242e-13
256.75,4.711186149910198e-13,5.529665373193039e-13
256.76,4.678655927721978e-13,5.512180120962815e-13
256.77,4.646355192895439e-13,5.4942896523406e-13
256.78,4.614286735941753e-13,5.47599718459023e-13
256.79,4.582450529816978e-13,5.457303249072439e-13
256.8,4.550852709414661e-13,5.438214101053829e-13
256.81,4.5194920138346417e-13,5.418724871479199e-13
256.82,4.4883741240822496e-13,5.398846853780255e-13
256.83,4.4574987927417483e-13,5.378576300367958e-13
256.84,4.426868077945812e-13,5.357917389365148e-13
256.85,4.39648558508953e-13,5.336871798281971e-13
256.86,4.3663523525751894e-13,5.315444103833501e-13
256.87,4.336471999836823e-13,5.293634525159905e-13
256.88,4.306844471388499e-13,5.271444608737907e-13
256.89,4.277471570086521e-13,5.248881976665783e-13
256.9,4.248358103548868e-13,5.225941966953499e-13
256.91,4.219504857522385e-13,5.202633729807921e-13
256.92,4.190914520030312e-13,5.178956644304571e-13
256.93,4.1625854296459055e-13,5.154913569647108e-13
256.94,4.1345245052032116e-13,5.130508538775523e-13
256.95,4.106729952994013e-13,5.105741721466261e-13
256.96,4.0792051368889854e-13,5.080618764886789e-13
256.97,4.051951995013529e-13,5.055138920801963e-13
256.98,4.0249726208894656e-13,5.029309433150174e-13
256.99,3.998266605439119e-13,5.003128242284959e-13
257.0,3.9718392898231755e-13,4.976602487120801e-13
257.01,3.9456883103898653e-13,4.949733869670839e-13
257.02,3.9198188295147653e-13,4.92252310303352e-13
257.03,3.8942350675174954e-13,4.894973155015426e-13
257.04,3.8689339956445646e-13,4.86708805929553e-13
257.05,3.8439162814759133e-13,4.838872390016781e-13
257.06,3.819187074262431e-13,4.81032585180627e-13
257.07,3.7947463880789195e-13,4.781455461043863e-13
257.08,3.770595109793999e-13,4.752258017286876e-13
257.09,3.7467371205143837e-13,4.72274358389271e-13
257.1,3.723170389710686e-13,4.692910864365178e-13
257.11,3.69990207554611e-13,4.662763769467179e-13
257.12,3.676925542060565e-13,4.632306415753862e-13
257.13,3.6542519646149824e-13,4.601539241879771e-13
257.14,3.631872198038351e-13,4.570467971655811e-13
257.15,3.609795855704883e-13,4.5390951678839404e-13
257.16,3.588020566015227e-13,4.5074247489727837e-13
257.17,3.566549115999954e-13,4.4754531749145734e-13
257.18,3.5453817316129355e-13,4.44319435248972e-13
257.19,3.5245218567176967e-13,4.4106454142044476e-13
257.2,3.5039657406863713e-13,4.377809838742582e-13
257.21,3.4837213864326734e-13,4.344690800431085e-13
257.22,3.4637846511049084e-13,4.311292072335987e-13
257.23,3.4441599479155895e-13,4.277617379622522e-13
257.24,3.4248457585282274e-13,4.2436685987029665e-13
257.25,3.4058189211144586e-13,4.2094588009491496e-13
257.26,3.3871547659564777e-13,4.1749654676524975e-13
257.27,3.3687848237914143e-13,4.1402191731835835e-13
257.28,3.3507301813121865e-13,4.105211174676297e-13
257.29,3.3329906237823286e-13,4.069947626029241e-13
257.3,3.3155683169028247e-13,4.0344240938493265e-13
257.31,3.2984645326617235e-13,3.9986635381751876e-13
257.32,3.2816845374615435e-13,3.9626484073642163e-13
257.33,3.2652240257550593e-13,3.926390772472445e-13
257.34,3.2490825118004966e-13,3.8898918422794767e-13
257.35,3.233263380811072e-13,3.8531590998307406e-13
257.36,3.2177726967318386e-13,3.8161954768237804e-13
257.37,3.202603680969317e-13,3.779000290391716e-13
257.38,3.1877588643779213e-13,3.7415790364268167e-13
257.39,3.1732386346646256e-13,3.703935000677028e-13
257.4,3.159045236441024e-13,3.666072692364732e-13
257.41,3.145177716298229e-13,3.6279941751072597e-13
257.42,3.1316391774227403e-13,3.5897029528007244e-13
257.43,3.1184275134099274e-13,3.551204475923063e-13
257.44,3.1055412963875555e-13,3.5125027637992593e-13
257.45,3.0929917509294547e-13,3.47359438485567e-13
257.46,3.0807658356448304e-13,3.4344919228889057e-13
257.47,3.0688742697410353e-13,3.3951936874607613e-13
257.48,3.057310881012179e-13,3.3557055079994183e-13
257.49,3.046080848295307e-13,3.316029021260329e-13
257.5,3.0351751855413216e-13,3.276170890963884e-13
257.51,3.024606166908243e-13,3.236130294416028e-13
257.52,3.014369918733612e-13,3.195914124886359e-13
257.53,3.004463610757985e-13,3.1555268035543894e-13
257.54,2.9948953510304274e-13,3.114965671782909e-13
257.55,2.9856573243670915e-13,3.074242644306359e-13
257.56,2.9767499746586337e-13,3.0333559214588175e-13
257.57,2.9681776906311514e-13,2.992311755135959e-13
257.58,2.959939061292727e-13,2.9511121131978996e-13
257.59,2.9520338244920133e-13,2.9097609423795574e-13
257.6,2.944462667538747e-13,2.868261352444848e-13
257.61,2.9372369632579155e-13,2.8266180417266404e-13
257.62,2.93032064215226e-13,2.784838424174455e-13
257.63,2.9237515905703876e-13,2.742918196225419e-13
257.64,2.9175175660288214e-13,2.70086513343504e-13
257.65,2.911617165825304e-13,2.6586830255459983e-13
257.66,2.9060494039867166e-13,2.6163759663033585e-13
257.67,2.900816277487408e-13,2.573946495506681e-13
257.68,2.895916229391474e-13,2.5313985682012443e-13
257.69,2.8913505087598744e-13,2.48873520724844e-13
257.7,2.887115757730357e-13,2.4459625999804123e-13
257.71,2.8832167734111246e-13,2.403081149496781e-13
257.72,2.879656864282705e-13,2.3600959004541113e-13
257.73,2.876404656704323e-13,2.3170120273586287e-13
257.74,2.873515432179796e-13,2.2738301222842456e-13
257.75,2.8709460845073434e-13,2.2305569388635207e-13
257.76,2.8687061812218407e-13,2.1871939528720716e-13
257.77,2.8667999700022536e-13,2.1437462835057271e-13
257.78,2.865221865519399e-13,2.1002162604369729e-13
257.79,2.8639903467130264e-13,2.0566082631043554e-13
257.8,2.863064062157144e-13,2.0129273075218533e-13
257.81,2.862483519543421e-13,1.9691739606229653e-13
257.82,2.862226445910967e-13,1.925354945510272e-13
257.83,2.8623001941424274e-13,1.8814720353026545e-13
257.84,2.8627024922665074e-13,1.8375301518581644e-13
257.85,2.8634347889022134e-13,1.793531052336446e-13
257.86,2.8644866882649426e-13,1.749482354066979e-13
257.87,2.865869028052725e-13,1.7053814457198045e-13
257.88,2.867581122232647e-13,1.6612363329726157e-13
257.89,2.8696093855085815e-13,1.6170521539904988e-13
257.9,2.8719687136389224e-13,1.5728292357446176e-13
257.91,2.874651562659908e-13,1.5285721572955638e-13
257.92,2.8776526316814064e-13,1.4842841496035677e-13
257.93,2.880976422102935e-13,1.4399695951286987e-13
257.94,2.884625335369168e-13,1.3956328486329222e-13
257.95,2.8885905172685136e-13,1.3512752696850524e-13
257.96,2.89287812223093e-13,1.3069024119678343e-13
257.97,2.897482242665507e-13,1.2625171604600812e-13
257.98,2.902404862989157e-13,1.218123611137456e-13
257.99,2.907645276776396e-13,1.1737239992917426e-13
258.0,2.913200945059027e-13,1.1293238766718173e-13
258.01,2.91907029550185e-13,1.0849255278075689e-13
258.02,2.925256983421211e-13,1.0405331032467856e-13
258.03,2.9317466859264103e-13,9.961489227454835e-14
258.04,2.9385518112873834e-13,9.517764797188789e-14
258.05,2.9456741480411604e-13,9.074232257800326e-14
258.06,2.95310109408457e-13,8.630889839916284e-14
258.07,2.9608355008579996e-13,8.18779055586675e-14
258.08,2.9688791211180846e-13,7.744949247301272e-14
258.09,2.977226526489081e-13,7.302413499137049e-14
258.1,2.985877988650555e-13,6.860215110444673e-14
258.11,2.9948358300266894e-13,6.418400230965723e-14
258.12,3.004093365993101e-13,5.976984614077269e-14
258.13,3.0136530790848933e-13,5.536025042795447e-14
258.14,3.0235152360396923e-13,5.09552970521324e-14
258.15,3.0336689899185245e-13,4.655592407889649e-14
258.16,3.044122058437109e-13,4.2161365603749475e-14
258.17,3.05487276874918e-13,3.777296694763611e-14
258.18,3.0659067662366663e-13,3.33901849968965e-14
258.19,3.077249904273514e-13,2.901486344194718e-14
258.2,3.088880233743716e-13,2.4646169774453727e-14
258.21,3.100797370774076e-13,2.028446120950438e-14
258.22,3.112992841472823e-13,1.5930170184836947e-14
258.23,3.1254908302881716e-13,1.1583947258064027e-14
258.24,3.138270251206013e-13,7.245870540892927e-15
258.25,3.1513297512950844e-13,2.9163298425475074e-15
258.26,3.1646823451309797e-13,-1.4043634330286054e-15
258.27,3.1782922035060395e-13,-5.715944322300194e-15
258.28,3.192192970399732e-13,-1.0017937530456034e-14
258.29,3.2063751258522855e-13,-1.4310063170883702e-14
258.3,3.220828624346422e-13,-1.8591959668435653e-14
258.31,3.2355570357213407e-13,-2.2863456376543116e-14
258.32,3.2505572719411075e-13,-2.712404300318599e-14
258.33,3.2658252743463185e-13,-3.137356537555563e-14
258.34,3.281363978393485e-13,-3.561156424906376e-14
258.35,3.2971687719085676e-13,-3.98378193630779e-14
258.36,3.313240811172838e-13,-4.4051833186325314e-14
258.37,3.3295712437051286e-13,-4.8253638596065746e-14
258.38,3.346170285558786e-13,-5.244248866566817e-14
258.39,3.3630215607047245e-13,-5.661849719860404e-14
258.4,3.380130267714715e-13,-6.078098984908263e-14
258.41,3.3975051472267927e-13,-6.492980631186995e-14
258.42,3.415121392477864e-13,-6.906471763644804e-14
258.43,3.4329978529728365e-13,-7.318543030847155e-14
258.44,3.4511231694494656e-13,-7.729140082184914e-14
258.45,3.469490789164956e-13,-8.138261514328515e-14
258.46,3.4881086686608146e-13,-8.545857568555352e-14
258.47,3.50696787990619e-13,-8.951907232710811e-14
258.48,3.526076975559562e-13,-9.356374429042274e-14
258.49,3.545423892397407e-13,-9.759223328012075e-14
258.5,3.5649943095578873e-13,-1.0160434345137333e-13
258.51,3.5848154822356147e-13,-1.0560016792905306e-13
258.52,3.6048666632116397e-13,-1.0957887182522279e-13
258.53,3.6251479149142896e-13,-1.1354032005506048e-13
258.54,3.6456610792602317e-13,-1.1748425020661893e-13
258.55,3.6664009909799983e-13,-1.2141038781658895e-13
258.56,3.6873656629687754e-13,-1.2531825986755487e-13
258.57,3.708552479923326e-13,-1.292080281234472e-13
258.58,3.729961337476669e-13,-1.3307904067795928e-13
258.59,3.7515861018201924e-13,-1.3693095041211388e-13
258.6,3.773426736465882e-13,-1.4076370243460172e-13
258.61,3.79549339311642e-13,-1.445772601982114e-13
258.62,3.8177526814754484e-13,-1.4837127088718722e-13
258.63,3.840243252832348e-13,-1.5214486175742905e-13
258.64,3.86293034940997e-13,-1.5589833788669706e-13
258.65,3.885827689705041e-13,-1.5963118682853664e-13
258.66,3.9089205190966316e-13,-1.6334344345001234e-13
258.67,3.932215500545333e-13,-1.6703457210806428e-13
258.68,3.9557088118849793e-13,-1.707043209921113e-13
258.69,3.9794054994377937e-13,-1.74352609180662e-13
258.7,4.0032864424453945e-13,-1.7797922377450312e-13
258.71,4.027362770542606e-13,-1.8158362100587914e-13
258.72,4.051625941561213e-13,-1.8516587865233047e-13
258.73,4.076076746708231e-13,-1.887255339206157e-13
258.74,4.1007129196848255e-13,-1.922623434522472e-13
258.75,4.1255309569860514e-13,-1.9577616025375687e-13
258.76,4.150525860770069e-13,-1.9926678528771982e-13
258.77,4.175698760058934e-13,-2.0273381629391966e-13
258.78,4.2010488246201583e-13,-2.061771764773559e-13
258.79,4.2265639275574317e-13,-2.0959670737216936e-13
258.8,4.2522527193849454e-13,-2.1299190800618741e-13
258.81,4.278107593431296e-13,-2.1636285816859654e-13
258.82,4.304124844009846e-13,-2.1970909836219868e-13
258.83,4.3303082040132063e-13,-2.2303039842954663e-13
258.84,4.3566481667037695e-13,-2.2632674996954732e-13
258.85,4.3831453252293026e-13,-2.2959786384303867e-13
258.86,4.409794619881237e-13,-2.3284340901494515e-13
258.87,4.436599926271168e-13,-2.360632830106832e-13
258.88,4.4635542834213275e-13,-2.392571377835684e-13
258.89,4.4906518438661927e-13,-2.424250275047579e-13
258.9,4.517898524056076e-13,-2.455664223328073e-13
258.91,4.545283819925002e-13,-2.4868147178001206e-13
258.92,4.57280663939546e-13,-2.5176973204605657e-13
258.93,4.600466322689159e-13,-2.548311414042433e-13
258.94,4.628258735045734e-13,-2.5786547874465264e-13
258.95,4.656184595674861e-13,-2.6087247771984315e-13
258.96,4.684239641355407e-13,-2.638519624794079e-13
258.97,4.712416427134725e-13,-2.668038297930578e-13
258.98,4.740716259457062e-13,-2.6972797793729497e-13
258.99,4.769137743771478e-13,-2.726239909275544e-13
259.0,4.797682514463832e-13,-2.754915669460756e-13
259.01,4.826343249112762e-13,-2.783308861038965e-13
259.02,4.855112004943378e-13,-2.811416626268301e-13
259.03,4.883984414560966e-13,-2.839240481430515e-13
259.04,4.912977055222964e-13,-2.8667715044514996e-13
259.05,4.942069294733693e-13,-2.8940133019715904e-13
259.06,4.971260034450632e-13,-2.920963521491865e-13
259.07,5.00055381428679e-13,-2.9476189261763743e-13
259.08,5.029944859793037e-13,-2.973979218995108e-13
259.09,5.059415907174388e-13,-3.000046351614648e-13
259.1,5.089003615632339e-13,-3.0258099485090886e-13
259.11,5.118662851323032e-13,-3.051276265857969e-13
259.12,5.148408930553654e-13,-3.0764426801918843e-13
259.13,5.178239256473506e-13,-3.1013066810161697e-13
259.14,5.208152050316716e-13,-3.1258645918169673e-13
259.15,5.238141555279329e-13,-3.15011689274741e-13
259.16,5.268207546634929e-13,-3.1740626744341185e-13
259.17,5.298340522512655e-13,-3.1977027207086703e-13
259.18,5.328549332384324e-13,-3.2210310271324574e-13
259.19,5.358819867343808e-13,-3.244051348982957e-13
259.2,5.389158194183218e-13,-3.2667577884200213e-13
259.21,5.419555679975944e-13,-3.289152720652924e-13
259.22,5.449981815044823e-13,-3.311248188851936e-13
259.23,5.480524933524567e-13,-3.3329996263744687e-13
259.24,5.511089420840191e-13,-3.354447127070248e-13
259.25,5.541709203455654e-13,-3.375577046455963e-13
259.26,5.572376296256427e-13,-3.396388050883134e-13
259.27,5.603064356729138e-13,-3.4168896912906924e-13
259.28,5.633830865504882e-13,-3.437056646759937e-13
259.29,5.664621582807299e-13,-3.4569074841622826e-13
259.3,5.695447397749068e-13,-3.4764377931408923e-13
259.31,5.726313325026339e-13,-3.495645838764108e-13
259.32,5.7572012237156e-13,-3.51452527740118e-13
259.33,5.788119207450394e-13,-3.5330813261387817e-13
259.34,5.819067028252609e-13,-3.551311037534697e-13
259.35,5.850037851639292e-13,-3.569214808532155e-13
259.36,5.881028312926961e-13,-3.586790051794755e-13
259.37,5.912035785306098e-13,-3.6040384780879074e-13
259.38,5.943060419027164e-13,-3.6209564981574674e-13
259.39,5.974091171808045e-13,-3.6375477866060563e-13
259.4,6.005139717658946e-13,-3.653804324617207e-13
259.41,6.036190890990816e-13,-3.6697332567023395e-13
259.42,6.067244994430596e-13,-3.6853294040723145e-13
259.43,6.09830071801362e-13,-3.7005928566952507e-13
259.44,6.129356207202348e-13,-3.715525829759812e-13
259.45,6.160408435754249e-13,-3.730123004966655e-13
259.46,6.191451702468474e-13,-3.744388025690335e-13
259.47,6.222486845484125e-13,-3.7583188107914813e-13
259.48,6.253509610220686e-13,-3.7719156047491663e-13
259.49,6.284520484476797e-13,-3.7851757982209174e-13
259.5,6.315512131109222e-13,-3.798100945252512e-13
259.51,6.346482255331488e-13,-3.8106895322265705e-13
259.52,6.377431462624181e-13,-3.8229421820044606e-13
259.53,6.408352198162044e-13,-3.8348606319878527e-13
259.54,6.439248421513364e-13,-3.8464405690260974e-13
259.55,6.470112565735794e-13,-3.8576839057179257e-13
259.56,6.5009441915124e-13,-3.8685899136042905e-13
259.57,6.531742007618619e-13,-3.8791579406824817e-13
259.58,6.562492833718439e-13,-3.8893945656176414e-13
259.59,6.593210641428468e-13,-3.8992841320531514e-13
259.6,6.623878057239731e-13,-3.9088424570496875e-13
259.61,6.654506058928588e-13,-3.9180590172423545e-13
259.62,6.685080742025702e-13,-3.9269399181381737e-13
259.63,6.71560561993193e-13,-3.935482270425793e-13
259.64,6.746073480934485e-13,-3.9436894069560016e-13
259.65,6.776488236338227e-13,-3.951554720886888e-13
259.66,6.806841724435196e-13,-3.9590852001784137e-13
259.67,6.837132521488608e-13,-3.966278046380394e-13
259.68,6.867363963083187e-13,-3.973129849409809e-13
259.69,6.897520278798808e-13,-3.979648136296911e-13
259.7,6.92761411251454e-13,-3.9858276807829656e-13
259.71,6.957629977062135e-13,-3.9916718744938587e-13
259.72,6.987576464713747e-13,-3.99717499035605e-13
259.73,7.017443342743912e-13,-4.002345745204384e-13
259.74,7.047229870626487e-13,-4.0071782959632317e-13
259.75,7.076931112914349e-13,-4.011677948229016e-13
259.76,7.106554852200624e-13,-4.015840190213873e-13
259.77,7.136091181347937e-13,-4.0196637344545074e-13
259.78,7.165535400632776e-13,-4.023155879157951e-13
259.79,7.194891060326385e-13,-4.026311370905346e-13
259.8,7.224148794989132e-13,-4.029134801655434e-13
259.81,7.253311527707304e-13,-4.0316228697082007e-13
259.82,7.282374259308215e-13,-4.0337798492354817e-13
259.83,7.31133661152641e-13,-4.035603128771923e-13
259.84,7.340193005488092e-13,-4.037095704168221e-13
259.85,7.368947352507595e-13,-4.038253524494785e-13
259.86,7.397588356226199e-13,-4.039083794349442e-13
259.87,7.42611999747441e-13,-4.039584145172463e-13
259.88,7.454538698727252e-13,-4.0397526871042337e-13
259.89,7.482840942054729e-13,-4.0395944998569237e-13
259.9,7.511025777688743e-13,-4.0391064794740025e-13
259.91,7.539090947490428e-13,-4.0382918991527494e-13
259.92,7.567032775546156e-13,-4.037150113651524e-13
259.93,7.594849568854438e-13,-4.0356833508111544e-13
259.94,7.622540263829635e-13,-4.0338898987314824e-13
259.95,7.650103664259456e-13,-4.031771833133548e-13
259.96,7.67753254759422e-13,-4.0293321414646506e-13
259.97,7.704831070429458e-13,-4.0265669822714544e-13
259.98,7.731990418020688e-13,-4.023482979636154e-13
259.99,7.759015629034115e-13,-4.020074514272335e-13
260.0,7.785896103607455e-13,-4.0163518406248425e-13
260.01,7.812634907059256e-13,-4.012306986422733e-13
260.02,7.839231639732573e-13,-4.007943829944855e-13
260.03,7.865681944863654e-13,-4.003261405602549e-13
260.04,7.891981628878635e-13,-3.9982686346763025e-13
260.05,7.918129894920087e-13,-3.99295953999598e-13
260.06,7.944126049329357e-13,-3.9873357941089796e-13
260.07,7.969967606297979e-13,-3.9813997996212886e-13
260.08,7.995651971114196e-13,-3.975149980992513e-13
260.09,8.021176248649163e-13,-3.968593522375911e-13
260.1,8.046542005694467e-13,-3.9617255673906335e-13
260.11,8.071742197874068e-13,-3.954551848419082e-13
260.12,8.096776263145041e-13,-3.9470738780919535e-13
260.13,8.121648579203168e-13,-3.93928150325444e-13
260.14,8.146347711514065e-13,-3.9311918778523815e-13
260.15,8.170877866022201e-13,-3.9227952671198513e-13
260.16,8.195233635859916e-13,-3.914102375379364e-13
260.17,8.219414996407924e-13,-3.905104796550849e-13
260.18,8.243420137346334e-13,-3.89581029519458e-13
260.19,8.26724706893915e-13,-3.8862179336264813e-13
260.2,8.290892682858855e-13,-3.8763307684865814e-13
260.21,8.314358804039263e-13,-3.8661416690877445e-13
260.22,8.337637985534216e-13,-3.8556704054151065e-13
260.23,8.360737129990811e-13,-3.844898463967723e-13
260.24,8.383639556133776e-13,-3.8338443551208053e-13
260.25,8.406357966870112e-13,-3.8224977265009704e-13
260.26,8.428884610172039e-13,-3.8108627745319254e-13
260.27,8.45121989658359e-13,-3.7989426470067514e-13
260.28,8.473359127811426e-13,-3.786738149549037e-13
260.29,8.495301739769817e-13,-3.774252549873528e-13
260.3,8.517046835494128e-13,-3.7614831611309715e-13
260.31,8.538596120155133e-13,-3.7484360694739263e-13
260.32,8.55994121160927e-13,-3.735112539232537e-13
260.33,8.581084751618003e-13,-3.721511101639771e-13
260.34,8.602022659226259e-13,-3.707637602762381e-13
260.35,8.622756131665151e-13,-3.693488945814785e-13
260.36,8.643281636381922e-13,-3.679070701586209e-13
260.37,8.663596515163857e-13,-3.664385427987476e-13
260.38,8.683702169466328e-13,-3.64942990947006e-13
260.39,8.70359700846155e-13,-3.6342100207794495e-13
260.4,8.72327855971732e-13,-3.6187231177630155e-13
260.41,8.742744488115452e-13,-3.60297728139558e-13
260.42,8.76199491319974e-13,-3.586972426223384e-13
260.43,8.78102733608531e-13,-3.57070708309403e-13
260.44,8.79983905842894e-13,-3.5541853391874994e-13
260.45,8.818432624888883e-13,-3.537409983866533e-13
260.46,8.836803211755487e-13,-3.520380459055048e-13
260.47,8.854949425568725e-13,-3.5031050115468086e-13
260.48,8.872871902766225e-13,-3.4855756979491924e-13
260.49,8.890571986956483e-13,-3.4677979171777793e-13
260.5,8.908043720744042e-13,-3.4497798075141553e-13
260.51,8.925286554501837e-13,-3.431516083660581e-13
260.52,8.942299337313777e-13,-3.413005265841821e-13
260.53,8.959082297338928e-13,-3.394272699570776e-13
260.54,8.975632923727775e-13,-3.3752909034504764e-13
260.55,8.991950778204542e-13,-3.3560756456365157e-13
260.56,9.008032265308712e-13,-3.3366295092673107e-13
260.57,9.023891725477529e-13,-3.3169513789913687e-13
260.58,9.039492962873078e-13,-3.2970433158823536e-13
260.59,9.054868336648649e-13,-3.2769110371980225e-13
260.6,9.070004140171879e-13,-3.2565532774289953e-13
260.61,9.084898742112174e-13,-3.235971917893016e-13
260.62,9.099555558332528e-13,-3.215171761632837e-13
260.63,9.113969680663173e-13,-3.194155942954134e-13
260.64,9.128141236406375e-13,-3.17292084719452e-13
260.65,9.142067454456962e-13,-3.1514737519177476e-13
260.66,9.155754226899212e-13,-3.129814988678746e-13
260.67,9.169191029338313e-13,-3.1079461350907363e-13
260.68,9.182382877334188e-13,-3.085871476965965e-13
260.69,9.195327652269202e-13,-3.0635917718028956e-13
260.7,9.208024547401576e-13,-3.0411049411367804e-13
260.71,9.220473259077723e-13,-3.018426386684191e-13
260.72,9.232672175755927e-13,-2.9955444885149114e-13
260.73,9.244620534100644e-13,-2.972467199661227e-13
260.74,9.256316422694015e-13,-2.9491976866319464e-13
260.75,9.267762658809003e-13,-2.925736086059042e-13
260.76,9.278954321724874e-13,-2.9020840949729543e-13
260.77,9.28989576140585e-13,-2.8782493236904324e-13
260.78,9.300581299252292e-13,-2.8542287322442203e-13
260.79,9.311013318958729e-13,-2.830028614239297e-13
260.8,9.321188858932094e-13,-2.80564449623624e-13
260.81,9.331110166826459e-13,-2.781085659804602e-13
260.82,9.3407726449978e-13,-2.7563501222317947e-13
260.83,9.350179428197011e-13,-2.7314447423323966e-13
260.84,9.359329448929406e-13,-2.7063698950034756e-13
260.85,9.36822085952804e-13,-2.6811251185775215e-13
260.86,9.37685398713573e-13,-2.655717155120786e-13
260.87,9.385227975778824e-13,-2.6301450008882506e-13
260.88,9.393341351834685e-13,-2.6044107922023496e-13
260.89,9.401198903521543e-13,-2.578522852092965e-13
260.9,9.40879368863748e-13,-2.552477004127169e-13
260.91,9.416126882614438e-13,-2.5262800681643693e-13
260.92,9.423199905925593e-13,-2.4999309831252626e-13
260.93,9.430012052616502e-13,-2.4734348455886177e-13
260.94,9.436562870524748e-13,-2.4467940853340283e-13
260.95,9.44285213709484e-13,-2.4200080101528124e-13
260.96,9.44887693150346e-13,-2.3930811994486087e-13
260.97,9.454643136983011e-13,-2.366018948536285e-13
260.98,9.460143518345034e-13,-2.338816822169239e-13
260.99,9.465380473942026e-13,-2.311484799335404e-13
261.0,9.470358629938573e-13,-2.2840236471183963e-13
261.01,9.475068464434461e-13,-2.2564294507974438e-13
261.02,9.479518420018589e-13,-2.2287133210425492e-13
261.03,9.483701380165541e-13,-2.2008727542106658e-13
261.04,9.487625265195741e-13,-2.1729128910695938e-13
261.05,9.491281825431274e-13,-2.1448338790161956e-13
261.06,9.494680746355467e-13,-2.1166435010455259e-13
261.07,9.49780943329604e-13,-2.0883334988724118e-13
261.08,9.500675630101734e-13,-2.0599163369050128e-13
261.09,9.503278905810297e-13,-2.031391803097468e-13
261.1,9.505618362686603e-13,-2.0027607299317695e-13
261.11,9.5076953031957e-13,-1.9740283442698163e-13
261.12,9.50950752437264e-13,-1.9451957200163214e-13
261.13,9.511057239201556e-13,-1.9162658063280786e-13
261.14,9.512345164565648e-13,-1.8872410524794543e-13
261.15,9.513367382814431e-13,-1.858122862580231e-13
261.16,9.514126753205626e-13,-1.8289159232998138e-13
261.17,9.514623817375862e-13,-1.7996204342232484e-13
261.18,9.514857677084487e-13,-1.77024082421149e-13
261.19,9.514813716815298e-13,-1.7407870724374549e-13
261.2,9.514539694257733e-13,-1.7112355813776186e-13
261.21,9.513990796631796e-13,-1.6816200708579476e-13
261.22,9.513175709167877e-13,-1.6519271840337546e-13
261.23,9.512098838682018e-13,-1.622162407446255e-13
261.24,9.51077961286208e-13,-1.5923349175160335e-13
261.25,9.5091724200449e-13,-1.562429985828691e-13
261.26,9.50731911084416e-13,-1.532466225055e-13
261.27,9.505200840400553e-13,-1.5024402308635817e-13
261.28,9.502829877134146e-13,-1.4723545838455435e-13
261.29,9.500195935227255e-13,-1.4422109477361336e-13
261.3,9.497304593674199e-13,-1.4120210290328366e-13
261.31,9.494155253935975e-13,-1.381776636401528e-13
261.32,9.490747876722077e-13,-1.3514803696689062e-13
261.33,9.487083660813558e-13,-1.3211413313224667e-13
261.34,9.48316279410277e-13,-1.290758475330305e-13
261.35,9.478987620928978e-13,-1.2603335247418653e-13
261.36,9.474558350918035e-13,-1.229872231141127e-13
261.37,9.46987299413949e-13,-1.1993722710363923e-13
261.38,9.464937110554836e-13,-1.1688414514692355e-13
261.39,9.459738215864359e-13,-1.13827971867791e-13
261.4,9.454295636386128e-13,-1.1076920465522554e-13
261.41,9.448599028657578e-13,-1.0770759365028328e-13
261.42,9.442650401503248e-13,-1.0464382312018294e-13
261.43,9.436452365391265e-13,-1.0157806801102154e-13
261.44,9.43000522268634e-13,-9.851037913278248e-14
261.45,9.423307428812638e-13,-9.544125810132358e-14
261.46,9.416364968817401e-13,-9.23708019779273e-14
261.47,9.409173785270772e-13,-8.929938513078809e-14
261.48,9.401731795143087e-13,-8.622723965052689e-14
261.49,9.394046604888362e-13,-8.315465551705146e-14
261.5,9.386119524304233e-13,-8.008170271877581e-14
261.51,9.377943086341888e-13,-7.700870307294975e-14
261.52,9.36952680638491e-13,-7.39359996998095e-14
261.53,9.36087797231078e-13,-7.086400282297921e-14
261.54,9.351967221578232e-13,-6.779232585432903e-14
261.55,9.342832556852269e-13,-6.472222970617192e-14
261.56,9.333455854906369e-13,-6.165283112243837e-14
261.57,9.323835469131766e-13,-5.85850741060781e-14
261.58,9.313983605338312e-13,-5.551905506095201e-14
261.59,9.30389325118761e-13,-5.24551924867973e-14
261.6,9.293568150833042e-13,-4.9393401988514145e-14
261.61,9.283009405215433e-13,-4.633414822386494e-14
261.62,9.27221684875693e-13,-4.3277606148404977e-14
261.63,9.26119219373004e-13,-4.022418457700089e-14
261.64,9.249936277328e-13,-3.7173552984503476e-14
261.65,9.238453722443786e-13,-3.41268967283571e-14
261.66,9.226741627947194e-13,-3.1083773674393e-14
261.67,9.214800878926445e-13,-2.8044409167928135e-14
261.68,9.202637137306566e-13,-2.5009264244515253e-14
261.69,9.19024478653124e-13,-2.1978845143360176e-14
261.7,9.177630731735057e-13,-1.895281532794675e-14
261.71,9.16479453269395e-13,-1.593179341298601e-14
261.72,9.15174116901685e-13,-1.2915917560450132e-14
261.73,9.13846615264211e-13,-9.905249177918495e-15
261.74,9.124969267873726e-13,-6.900338139775917e-15
261.75,9.11125320003939e-13,-3.901097575975367e-15
261.76,9.097321267972896e-13,-9.08138842669961e-16
261.77,9.083183558296494e-13,2.0787048814637365e-15
261.78,9.06882408170701e-13,5.058855750834652e-15
261.79,9.054252668475371e-13,8.032261303670454e-15
261.8,9.039475196207724e-13,1.099885045759929e-14
261.81,9.024487311108781e-13,1.3957991284266436e-14
261.82,9.00928948918025e-13,1.6909557196429068e-14
261.83,8.993892090837839e-13,1.985385281085847e-14
261.84,8.978284518567195e-13,2.2790025878298107e-14
261.85,8.962475086252135e-13,2.5718170105190198e-14
261.86,8.946464520183611e-13,2.863782127587058e-14
261.87,8.930253706459879e-13,3.15490402412392e-14
261.88,8.913844528715752e-13,3.445135155374359e-14
261.89,8.89723813218949e-13,3.734484302022502e-14
261.9,8.880431822677508e-13,4.022886971510873e-14
261.91,8.863438886601558e-13,4.31036876504951e-14
261.92,8.846247674905328e-13,4.596868368359204e-14
261.93,8.828866539252995e-13,4.882379967146238e-14
261.94,8.811296666091666e-13,5.166890592982665e-14
261.95,8.793538364611907e-13,5.450367717961183e-14
261.96,8.775594468955593e-13,5.732799428130812e-14
261.97,8.757463293235314e-13,6.014158543737797e-14
261.98,8.739156898533526e-13,6.2944226374343e-14
261.99,8.720658346861982e-13,6.573574700658881e-14
262.0,8.701982711748477e-13,6.851590162430662e-14
262.01,8.683135160537454e-13,7.128466235344674e-14
262.02,8.664112361366855e-13,7.40415356509085e-14
262.03,8.644912738848127e-13,7.678643795255775e-14
262.04,8.625540598484044e-13,7.95193675384135e-14
262.05,8.605993190102336e-13,8.223962345370439e-14
262.06,8.586282780150898e-13,8.494769330472214e-14
262.07,8.566400930091015e-13,8.764307562131062e-14
262.08,8.546355237991566e-13,9.032523143050632e-14
262.09,8.526146843630446e-13,9.299438306998984e-14
262.1,8.505771403974964e-13,9.5650461371319e-14
262.11,8.485236666425619e-13,9.829273595327359e-14
262.12,8.46454850981343e-13,1.0092139298135593e-13
262.13,8.443698394793159e-13,1.0353624030202988e-13
262.14,8.422695713974244e-13,1.0613709826570767e-13
262.15,8.401539645556211e-13,1.0872355390364505e-13
262.16,8.38022984583509e-13,1.112956985855862e-13
262.17,8.358771743086202e-13,1.138531529955044e-13
262.18,8.337168260524181e-13,1.163959528246656e-13
262.19,8.315425213278221e-13,1.189237314039776e-13
262.2,8.293525310082692e-13,1.214362751571643e-13
262.21,8.271491242215827e-13,1.2393373566314778e-13
262.22,8.249318004177187e-13,1.2641552293062094e-13
262.23,8.227003828089484e-13,1.288816755288132e-13
262.24,8.204553498712678e-13,1.3133217487147144e-13
262.25,8.181970223479348e-13,1.3376649308209163e-13
262.26,8.159251773606442e-13,1.3618450799876178e-13
262.27,8.13641015009881e-13,1.3858658929261488e-13
262.28,8.113432144104565e-13,1.4097201207323353e-13
262.29,8.09033289497644e-13,1.433408597108526e-13
262.3,8.067110061539547e-13,1.456930151834175e-13
262.31,8.04376307393376e-13,1.4802799590425158e-13
262.32,8.020293648638247e-13,1.5034588257247377e-13
262.33,7.996708622665106e-13,1.526465938835621e-13
262.34,7.97300972597026e-13,1.5492988319259819e-13
262.35,7.94919218982236e-13,1.5719534257118252e-13
262.36,7.925264967526617e-13,1.5944343126080592e-13
262.37,7.901224993490018e-13,1.6167375756122925e-13
262.38,7.877081412219122e-13,1.6388586901143207e-13
262.39,7.852826073057907e-13,1.6607987163843575e-13
262.4,7.828470766636262e-13,1.6825555071216662e-13
262.41,7.804009608645067e-13,1.7041263732756158e-13
262.42,7.779448502858467e-13,1.7255143636641784e-13
262.43,7.754792213107335e-13,1.7467139460072353e-13
262.44,7.730046628297458e-13,1.7677244923109413e-13
262.45,7.705197970288768e-13,1.7885443499965442e-13
262.46,7.68025595399576e-13,1.8091795502668505e-13
262.47,7.655228722485282e-13,1.8296182015440137e-13
262.48,7.630109435307834e-13,1.849862546590337e-13
262.49,7.604887076704155e-13,1.8699084426866822e-13
262.5,7.57963310007038e-13,1.889769564724597e-13
262.51,7.55426363055719e-13,1.9094244178613082e-13
262.52,7.528812522469336e-13,1.928882698718329e-13
262.53,7.503293512486335e-13,1.9481412852545845e-13
262.54,7.47770718163165e-13,1.9672164322658446e-13
262.55,7.452024822988468e-13,1.9860555330290059e-13
262.56,7.426284284238922e-13,2.004709063823171e-13
262.57,7.40047193655006e-13,2.0231572528033425e-13
262.58,7.374596448981674e-13,2.0414017632410018e-13
262.59,7.348655606474465e-13,2.059438134779634e-13
262.6,7.322653347616892e-13,2.0772696873077235e-13
262.61,7.296591871988171e-13,2.0948920192823285e-13
262.62,7.270473981578705e-13,2.1123057884560463e-13
262.63,7.244294289066203e-13,2.1295044005228193e-13
262.64,7.218061490861708e-13,2.1464980501729948e-13
262.65,7.191777165197586e-13,2.1632756974676653e-13
262.66,7.165449196929351e-13,2.1798422751796216e-13
262.67,7.139057356595763e-13,2.1961914297103266e-13
262.68,7.112645407897044e-13,2.212330541951198e-13
262.69,7.086176751473118e-13,2.2282514465787434e-13
262.7,7.059669569914499e-13,2.2439560623246237e-13
262.71,7.033122439242674e-13,2.2594427023452077e-13
262.72,7.006537432221798e-13,2.2747114845615715e-13
262.73,6.979910870581478e-13,2.289758718797159e-13
262.74,6.953265378087333e-13,2.304589517283967e-13
262.75,6.926585592035846e-13,2.3191986016552017e-13
262.76,6.899873961695249e-13,2.3335862471595897e-13
262.77,6.873136129512782e-13,2.3477501021005784e-13
262.78,6.846378525344828e-13,2.361693657459651e-13
262.79,6.819600747129824e-13,2.375414726096252e-13
262.8,6.792804712191562e-13,2.3889108834059506e-13
262.81,6.76598727169836e-13,2.4021839718587e-13
262.82,6.739153815713335e-13,2.415228599689506e-13
262.83,6.712307577975972e-13,2.4280474573912456e-13
262.84,6.685450749053241e-13,2.440641156362113e-13
262.85,6.658576778331146e-13,2.4530050710000423e-13
262.86,6.631712521977302e-13,2.4651473220851914e-13
262.87,6.604834209152054e-13,2.4770569056162006e-13
262.88,6.577956922725158e-13,2.4887399954687473e-13
262.89,6.551074469953669e-13,2.5001930680715565e-13
262.9,6.524194961963049e-13,2.511419098096865e-13
262.91,6.497326656040278e-13,2.5224123885734517e-13
262.92,6.470455149462777e-13,2.533175535343294e-13
262.93,6.443593202628412e-13,2.543708040146909e-13
262.94,6.416745795172524e-13,2.5540104132558527e-13
262.95,6.38990469844339e-13,2.5640812712441766e-13
262.96,6.363081590491358e-13,2.5739197503749117e-13
262.97,6.336282182323661e-13,2.5835299722479336e-13
262.98,6.309483099621464e-13,2.592902139959684e-13
262.99,6.282717324759119e-13,2.6020464421627137e-13
263.0,6.2559686260471e-13,2.610952645625189e-13
263.01,6.229247601422289e-13,2.619627669478531e-13
263.02,6.202555525784332e-13,2.6280713334425443e-13
263.03,6.175893082892672e-13,2.6362815932528465e-13
263.04,6.149256147415696e-13,2.6442563754468585e-13
263.05,6.122653175334173e-13,2.65199766721638e-13
263.06,6.096087312136095e-13,2.6595057472053687e-13
263.07,6.069546349037397e-13,2.666780109471336e-13
263.08,6.043064200217979e-13,2.6738185384301486e-13
263.09,6.016618019046677e-13,2.6806239212989476e-13
263.1,5.990212625846051e-13,2.687194546965915e-13
263.11,5.963853942873917e-13,2.693532240335514e-13
263.12,5.937537553163496e-13,2.69963325907795e-13
263.13,5.911274484215768e-13,2.705501586137256e-13
263.14,5.885048614706201e-13,2.7111306300347874e-13
263.15,5.858897235186035e-13,2.7165325417568833e-13
263.16,5.83278865583783e-13,2.721684048339656e-13
263.17,5.806742775257323e-13,2.726627970810803e-13
263.18,5.780757596301821e-13,2.7313261833403015e-13
263.19,5.754826545663129e-13,2.73578775119891e-13
263.2,5.728963130291808e-13,2.7400169560421234e-13
263.21,5.703160300823464e-13,2.744011000889824e-13
263.22,5.677427382580883e-13,2.747772924948447e-13
263.23,5.651765882632437e-13,2.7513029890293544e-13
263.24,5.62616886032745e-13,2.754596549181639e-13
263.25,5.600648749188993e-13,2.757660534022444e-13
263.26,5.575195368575766e-13,2.7604863420800533e-13
263.27,5.549838635179788e-13,2.7630903840374476e-13
263.28,5.524543280126582e-13,2.7654524959875975e-13
263.29,5.499325432980192e-13,2.7675844863884274e-13
263.3,5.474196700857e-13,2.769487857272091e-13
263.31,5.449150937936841e-13,2.771156895419562e-13
263.32,5.424187409232979e-13,2.77259712879817e-13
263.33,5.399318415495984e-13,2.773808770859829e-13
263.34,5.374534905633771e-13,2.77479033613852e-13
263.35,5.349841484042021e-13,2.7755388829436934e-13
263.36,5.325240577039914e-13,2.776058855774435e-13
263.37,5.300739994365073e-13,2.7763539525900643e-13
263.38,5.276334637231701e-13,2.7764185126467633e-13
263.39,5.252022456325382e-13,2.776254080532119e-13
263.4,5.227812977773047e-13,2.7758633276940354e-13
263.41,5.203706148602075e-13,2.775245772305736e-13
263.42,5.179701277042781e-13,2.774402643567378e-13
263.43,5.155805467118933e-13,2.7733353196715374e-13
263.44,5.132010718493133e-13,2.7720381125261663e-13
263.45,5.108331467864722e-13,2.7705217699376913e-13
263.46,5.084758892939258e-13,2.768779092514642e-13
263.47,5.061299815912667e-13,2.7668144610026697e-13
263.48,5.037950468880123e-13,2.764624328452729e-13
263.49,5.014720185286348e-13,2.7622142450811024e-13
263.5,4.991618684602988e-13,2.759588916580598e-13
263.51,4.968614244587304e-13,2.7567329276902646e-13
263.52,4.945739177453582e-13,2.753659218778336e-13
263.53,4.922984685160069e-13,2.750366195230465e-13
263.54,4.90036063134443e-13,2.7468604060363704e-13
263.55,4.877857230048219e-13,2.743133722751799e-13
263.56,4.855482347278368e-13,2.7391913486335146e-13
263.57,4.833235004037055e-13,2.7350309550906987e-13
263.58,4.811116970048723e-13,2.730653409750454e-13
263.59,4.78913062096471e-13,2.72606788411551e-13
263.6,4.767278694871962e-13,2.7212666694395137e-13
263.61,4.745562286307583e-13,2.7162483257436884e-13
263.62,4.723976144078961e-13,2.711020672278765e-13
263.63,4.702531974266803e-13,2.7055848936792947e-13
263.64,4.681227391677405e-13,2.6999372822779756e-13
263.65,4.660063709184673e-13,2.694081262281801e-13
263.66,4.63904066013808e-13,2.6880151466435184e-13
263.67,4.618160330802677e-13,2.681743321907852e-13
263.68,4.597425903558112e-13,2.675264299821734e-13
263.69,4.576835121977815e-13,2.6685804390009604e-13
263.7,4.556396316626835e-13,2.661692824438103e-13
263.71,4.536103212411935e-13,2.654597397495039e-13
263.72,4.5159639738215724e-13,2.647308254339271e-13
263.73,4.4959721436493345e-13,2.63981121191618e-13
263.74,4.4761389047629795e-13,2.6321187860679794e-13
263.75,4.4564542739767844e-13,2.6242232869630775e-13
263.76,4.4369247538650177e-13,2.616128920692958e-13
263.77,4.4175549732404937e-13,2.607839718591508e-13
263.78,4.3983422400447816e-13,2.59935610131569e-13
263.79,4.3792917071400996e-13,2.5906749883543026e-13
263.8,4.3604022981507364e-13,2.581801167664907e-13
263.81,4.3416722212199366e-13,2.572737477966379e-13
263.82,4.323107012805901e-13,2.5634814548839104e-13
263.83,4.3047048824318923e-13,2.5540342522775594e-13
263.84,4.286469015549725e-13,2.544398509226073e-13
263.85,4.2684010926417303e-13,2.5345765703824256e-13
263.86,4.2505001292682105e-13,2.5245664748737694e-13
263.87,4.232766408592942e-13,2.5143720848209457e-13
263.88,4.2152081064508344e-13,2.503995293004743e-13
263.89,4.1978168311136915e-13,2.4934294271594407e-13
263.9,4.180597472991517e-13,2.4826869372115896e-13
263.91,4.163554175347301e-13,2.4717645535745353e-13
263.92,4.1466847871327826e-13,2.4606625147980985e-13
263.93,4.1299903274666074e-13,2.4493823947334265e-13
263.94,4.1134719759532866e-13,2.4379262880906813e-13
263.95,4.0971334770573777e-13,2.426295517339714e-13
263.96,4.0809695794099755e-13,2.414492988914355e-13
263.97,4.064985714582935e-13,2.4025118741045723e-13
263.98,4.0491874908392225e-13,2.390364060524114e-13
263.99,4.0335692201133445e-13,2.3780501813969174e-13
264.0,4.018135906572887e-13,2.36556662459685e-13
264.01,4.002880275190485e-13,2.3529135106711764e-13
264.02,3.987812299996494e-13,2.340096970615811e-13
264.03,3.972924106425864e-13,2.3271105588731193e-13
264.04,3.95823235393528e-13,2.3139719081365877e-13
264.05,3.94372147142772e-13,2.3006713385493575e-13
264.06,3.9294012036541927e-13,2.287205745947734e-13
264.07,3.9152677726740016e-13,2.273583102273771e-13
264.08,3.901321787926134e-13,2.2598042277833144e-13
264.09,3.8875687240547335e-13,2.245870537326702e-13
264.1,3.874004961691228e-13,2.2317831283963034e-13
264.11,3.860635203442492e-13,2.2175433614311854e-13
264.12,3.8474559377499195e-13,2.2031532288860128e-13
264.13,3.83447030552133e-13,2.188612037213444e-13
264.14,3.821679324814445e-13,2.1739287853075394e-13
264.15,3.8090904262881377e-13,2.159102665401668e-13
264.16,3.796685719509284e-13,2.1441177054414443e-13
264.17,3.784477278153355e-13,2.1289944708191636e-13
264.18,3.7724678767899095e-13,2.1137317113669862e-13
264.19,3.760657514564034e-13,2.0983315720862347e-13
264.2,3.7490437971173936e-13,2.0827908330197602e-13
264.21,3.737629867295732e-13,2.0671137724880192e-13
264.22,3.7264125869514345e-13,2.051301110262377e-13
264.23,3.715396926665255e-13,2.035358350964781e-13
264.24,3.7045817143644223e-13,2.0192780339274646e-13
264.25,3.6939637577614674e-13,2.0030697795465255e-13
264.26,3.683548129861997e-13,1.9867332055319098e-13
264.27,3.6733374847581027e-13,1.970271779899036e-13
264.28,3.663325339807605e-13,1.9536823637685632e-13
264.29,3.653516491517377e-13,1.9369684035932227e-13
264.3,3.6439095642783825e-13,1.920133877964423e-13
264.31,3.634509819850221e-13,1.9031798220164346e-13
264.32,3.625311864630363e-13,1.8861083939417239e-13
264.33,3.616318560472634e-13,1.8689165191119535e-13
264.34,3.607528434854866e-13,1.851609715575747e-13
264.35,3.5989434883785217e-13,1.8341904871067844e-13
264.36,3.5905636427488545e-13,1.8166582344814643e-13
264.37,3.582389625825614e-13,1.7990163046650492e-13
264.38,3.574422835276298e-13,1.7812650486471077e-13
264.39,3.5666586689649395e-13,1.7634057509873584e-13
264.4,3.5591045049966894e-13,1.7454440110392705e-13
264.41,3.5517569464317785e-13,1.727379676243126e-13
264.42,3.544615704800341e-13,1.7092116358618287e-13
264.43,3.5376789575907945e-13,1.6909399861105483e-13
264.44,3.5309504280727804e-13,1.6725733167051346e-13
264.45,3.5244299938157215e-13,1.6541090676051318e-13
264.46,3.518116788483592e-13,1.635555339593611e-13
264.47,3.512013477170284e-13,1.6169040019519975e-13
264.48,3.506115177827085e-13,1.5981608684564022e-13
264.49,3.500426632336374e-13,1.5793257531151086e-13
264.5,3.4949457920018735e-13,1.5604085558943012e-13
264.51,3.489668310015927e-13,1.5413885528722178e-13
264.52,3.484606118674377e-13,1.5223085853871663e-13
264.53,3.4797498257540787e-13,1.5031380975778648e-13
264.54,3.475100741417598e-13,1.4838830296226056e-13
264.55,3.470659721834217e-13,1.4645508231325773e-13
264.56,3.4664293099112236e-13,1.4451410075880053e-13
264.57,3.462404680460317e-13,1.4256561721867983e-13
264.58,3.4585894022311866e-13,1.4060968697514816e-13
264.59,3.4549832774569203e-13,1.386466663753198e-13
264.6,3.4515838414156906e-13,1.3667669799877198e-13
264.61,3.448390111901041e-13,1.3469941514932676e-13
264.62,3.4454060264635496e-13,1.3271580204597423e-13
264.63,3.4426300148247084e-13,1.3072611898809596e-13
264.64,3.440060757432599e-13,1.2872945626918188e-13
264.65,3.437699756921259e-13,1.2672716927555392e-13
264.66,3.4355460986231613e-13,1.2471867200348574e-13
264.67,3.4335994409093117e-13,1.2270445775169265e-13
264.68,3.431861069064036e-13,1.2068489699516865e-13
264.69,3.430323620025443e-13,1.1865978274620567e-13
264.7,3.428997363724971e-13,1.1662925346308026e-13
264.71,3.427875412158373e-13,1.145939352346186e-13
264.72,3.4269588877431313e-13,1.1255351593540196e-13
264.73,3.4262489030502424e-13,1.1050847640048206e-13
264.74,3.4257439154384053e-13,1.0845902555772976e-13
264.75,3.4254432730789267e-13,1.0640537277072389e-13
264.76,3.425347461763127e-13,1.0434752031691789e-13
264.77,3.425458219238485e-13,1.0228582830792597e-13
264.78,3.425765951479746e-13,1.0022007962854311e-13
264.79,3.426282117074718e-13,9.8150900590544e-14
264.8,3.426999129735037e-13,9.607832952870168e-14
264.81,3.4279212447792954e-13,9.400239121142246e-14
264.82,3.429042873219148e-13,9.192351983746984e-14
264.83,3.4303673946765043e-13,8.984171836381395e-14
264.84,3.4318921042626237e-13,8.775719510141327e-14
264.85,3.43361922358097e-13,8.567012741493223e-14
264.86,3.4355486516678265e-13,8.358072522981185e-14
264.87,3.4376702270444845e-13,8.148905748968999e-14
264.88,3.439996326262252e-13,7.939573975948494e-14
264.89,3.442518329767403e-13,7.730039870543175e-14
264.9,3.4452405527588653e-13,7.520342536917833e-14
264.91,3.448159035112296e-13,7.310501707330604e-14
264.92,3.4512740063697913e-13,7.100533526993056e-14
264.93,3.4545867168111916e-13,6.89046340359269e-14
264.94,3.45809340374235e-13,6.68029250113654e-14
264.95,3.4617979804655657e-13,6.470015207733741e-14
264.96,3.4656929337990317e-13,6.259734099068615e-14
264.97,3.4697826210139907e-13,6.049402271693936e-14
264.98,3.4740642465968534e-13,5.839035892685946e-14
264.99,3.478539390698803e-13,5.6286775277098903e-14
265.0,3.4832051395888403e-13,5.4183296513997856e-14
265.01,3.488063038641807e-13,5.207996969203931e-14
265.02,3.4931105759324807e-13,4.997733672747847e-14
265.03,3.498346614075221e-13,4.7875335461125203e-14
265.04,3.503779709462407e-13,4.577311718999114e-14
265.05,3.509385134152802e-13,4.367383941285523e-14
265.06,3.515183833689685e-13,4.157486152143772e-14
265.07,3.521168122050832e-13,3.9476990704644543e-14
265.08,3.527340839977293e-13,3.738091823655726e-14
265.09,3.533695609646337e-13,3.528623824781897e-14
265.1,3.5402321970239006e-13,3.319385485383866e-14
265.11,3.546957578364683e-13,3.1103066033851585e-14
265.12,3.553859683553973e-13,2.901474832523705e-14
265.13,3.5609465445074607e-13,2.692807495586988e-14
265.14,3.568208494626259e-13,2.48452991795718e-14
265.15,3.5756488005955566e-13,2.276470005048755e-14
265.16,3.5832681299548323e-13,2.068663858518633e-14
265.17,3.591067286146215e-13,1.8612038426359385e-14
265.18,3.5990428694882e-13,1.6540329720617816e-14
265.19,3.607189480109885e-13,1.4472028852817833e-14
265.2,3.6155159234578035e-13,1.2407321172906514e-14
265.21,3.6240125444677425e-13,1.034637588621238e-14
265.22,3.632679384995195e-13,8.288955213046962e-15
265.23,3.641525860510975e-13,6.235640762617151e-15
265.24,3.650528875570745e-13,4.187237944239474e-15
265.25,3.6597085335514164e-13,2.142699903555539e-15
265.26,3.6690593005363493e-13,1.0250033425964153e-16
265.27,3.6785735132902993e-13,-1.9329209970388166e-15
265.28,3.6882553690219e-13,-3.9633640053610804e-15
265.29,3.698099736774422e-13,-5.989017910318241e-15
265.3,3.708106656491194e-13,-8.009333861815285e-15
265.31,3.7182747313418174e-13,-1.0024434784770114e-14
265.32,3.72860861405168e-13,-1.2034404196381583e-14
265.33,3.7391027480884754e-13,-1.4038177585758086e-14
265.34,3.7497537828156694e-13,-1.603629671145513e-14
265.35,3.760561937787374e-13,-1.8028685826006677e-14
265.36,3.7715286711970133e-13,-2.001487020556705e-14
265.37,3.782650994853779e-13,-2.1994942409424556e-14
265.38,3.7939255043883837e-13,-2.3968518106901513e-14
265.39,3.8053565991046907e-13,-2.5935694058717432e-14
265.4,3.816948372147228e-13,-2.789611173294505e-14
265.41,3.828666553198737e-13,-2.984974088511375e-14
265.42,3.8405485688722214e-13,-3.1796137878763705e-14
265.43,3.852578002544186e-13,-3.373561510131636e-14
265.44,3.864753468390629e-13,-3.5667792778014656e-14
265.45,3.877074531126959e-13,-3.7592570171356825e-14
265.46,3.889540671373563e-13,-3.950964628708769e-14
265.47,3.9021424584203164e-13,-4.141914499181151e-14
265.48,3.9148988914611236e-13,-4.332087523445087e-14
265.49,3.927791818743436e-13,-4.5214395954457073e-14
265.5,3.940818459720398e-13,-4.710012992237322e-14
265.51,3.953991012941406e-13,-4.897722413586913e-14
265.52,3.967282934157099e-13,-5.084615920597471e-14
265.53,3.980727700682604e-13,-5.270637129102086e-14
265.54,3.994300511260944e-13,-5.4557875514890864e-14
265.55,4.0080101984466464e-13,-5.640036407770938e-14
265.56,4.0218408298681786e-13,-5.823471820150253e-14
265.57,4.0358035871675466e-13,-6.005929458366154e-14
265.58,4.0499044949982057e-13,-6.187476124046295e-14
265.59,4.0641159478124355e-13,-6.368099279498875e-14
265.6,4.0784638011346243e-13,-6.547764970282625e-14
265.61,4.0929307007602365e-13,-6.726464687446098e-14
265.62,4.1075211949534416e-13,-6.904198563839822e-14
265.63,4.1222348157882487e-13,-7.080941368372084e-14
265.64,4.137070139056891e-13,-7.256688588218059e-14
265.65,4.1520148121955324e-13,-7.431421297941236e-14
265.66,4.1670821170805875e-13,-7.605126518075832e-14
265.67,4.182263886221044e-13,-7.777795655059172e-14
265.68,4.197558982276975e-13,-7.949446777371175e-14
265.69,4.212966963027931e-13,-8.119990621935974e-14
265.7,4.228484018896351e-13,-8.289481666586514e-14
265.71,4.244108164725856e-13,-8.457897742016262e-14
265.72,4.259843317576599e-13,-8.625214011899206e-14
265.73,4.275686688790777e-13,-8.791407407651311e-14
265.74,4.291631815933993e-13,-8.956499596446449e-14
265.75,4.3076809174013484e-13,-9.120438056393051e-14
265.76,4.3238295311919147e-13,-9.283262016517135e-14
265.77,4.340080065980499e-13,-9.444931370008136e-14
265.78,4.3564299472902113e-13,-9.605411602038151e-14
265.79,4.3728736884524047e-13,-9.764741872766831e-14
265.8,4.38941604062424e-13,-9.922871202689573e-14
265.81,4.406051540838312e-13,-1.0079816707162836e-13
265.82,4.422776105407184e-13,-1.0235538771139344e-13
265.83,4.439595270866955e-13,-1.0390071318478569e-13
265.84,4.4565039158669364e-13,-1.0543339228618582e-13
265.85,4.473494675695221e-13,-1.0695398776497862e-13
265.86,4.490579407282555e-13,-1.0846198721078627e-13
265.87,4.507745754158748e-13,-1.0995748653083207e-13
265.88,4.5249875512078343e-13,-1.1144029647129437e-13
265.89,4.5423220721366863e-13,-1.1291032084085313e-13
265.9,4.559730548785296e-13,-1.1436739691288174e-13
265.91,4.577219625009593e-13,-1.158116200243531e-13
265.92,4.594781244404371e-13,-1.172427731692868e-13
265.93,4.612421374314908e-13,-1.1866061123596849e-13
265.94,4.630122785537683e-13,-1.2006556919436242e-13
265.95,4.647912684645486e-13,-1.214569563615699e-13
265.96,4.665765343600428e-13,-1.2283502884990263e-13
265.97,4.683684661569923e-13,-1.2419963203557842e-13
265.98,4.701676586579355e-13,-1.2555054154925671e-13
265.99,4.719728956083581e-13,-1.2688793688873874e-13
266.0,4.737853981860433e-13,-1.2821117185752542e-13
266.01,4.756015836422779e-13,-1.2952149449855432e-13
266.02,4.774257399009721e-13,-1.3081706891596464e-13
266.03,4.792557272840761e-13,-1.3209912921039835e-13
266.04,4.810908293177486e-13,-1.3336690328659723e-13
266.05,4.829316972807841e-13,-1.3462069211930272e-13
266.06,4.847777225296437e-13,-1.3586001892089822e-13
266.07,4.866294265775491e-13,-1.370852206355564e-13
266.08,4.884858217248667e-13,-1.382960418352726e-13
266.09,4.903470458820342e-13,-1.394925321430675e-13
266.1,4.922132866581075e-13,-1.406744196184581e-13
266.11,4.94083378520266e-13,-1.4184165860825593e-13
266.12,4.959564354693272e-13,-1.4299510720056893e-13
266.13,4.978372773959194e-13,-1.4413261797790292e-13
266.14,4.997202249337502e-13,-1.4525597232126536e-13
266.15,5.016073947753539e-13,-1.4636444670517853e-13
266.16,5.034977377925669e-13,-1.4745814109484118e-13
266.17,5.053917840574329e-13,-1.4853692606507456e-13
266.18,5.072893113727345e-13,-1.4960050868698084e-13
266.19,5.091899191828381e-13,-1.506491742027155e-13
266.2,5.11093613649966e-13,-1.5168241249542758e-13
266.21,5.130004974732861e-13,-1.5270113212915672e-13
266.22,5.149097185323393e-13,-1.5370429701571615e-13
266.23,5.168214231405948e-13,-1.5469221532156773e-13
266.24,5.18734990810457e-13,-1.5566507547973395e-13
266.25,5.206515612792884e-13,-1.5662224633540107e-13
266.26,5.225698061980006e-13,-1.575641369182131e-13
266.27,5.24490665571276e-13,-1.584903151148343e-13
266.28,5.264125232590327e-13,-1.594012480142529e-13
266.29,5.283348744731045e-13,-1.602966324660198e-13
266.3,5.30260150095354e-13,-1.611763318467229e-13
266.31,5.321861483147442e-13,-1.6204082518084567e-13
266.32,5.341131570139919e-13,-1.6288937850382708e-13
266.33,5.360410990642891e-13,-1.6372216576033147e-13
266.34,5.379694202570972e-13,-1.6453931528671462e-13
266.35,5.398987705590805e-13,-1.6534071643537499e-13
266.36,5.418282644601582e-13,-1.6612618413547642e-13
266.37,5.437577405304073e-13,-1.6689608927907083e-13
266.38,5.456872434331543e-13,-1.6765005971066234e-13
266.39,5.476165239178152e-13,-1.683880502619259e-13
266.4,5.495461427500696e-13,-1.691101126019915e-13
266.41,5.514752583575263e-13,-1.6981614215235663e-13
266.42,5.534037297109262e-13,-1.7050618180135585e-13
266.43,5.553305699141096e-13,-1.7118073732849935e-13
266.44,5.572573788765918e-13,-1.7183875033357074e-13
266.45,5.591825914776959e-13,-1.7248101184304304e-13
266.46,5.611066799490806e-13,-1.731071706813707e-13
266.47,5.630293307713172e-13,-1.737173587366511e-13
266.48,5.649534536047117e-13,-1.7430987736712918e-13
266.49,5.668699369700378e-13,-1.7488915557325096e-13
266.5,5.687870413776852e-13,-1.7545088441283675e-13
266.51,5.707023307214173e-13,-1.7599665705286696e-13
266.52,5.726154764634052e-13,-1.765261339651566e-13
266.53,5.745262299087205e-13,-1.7703950708012372e-13
266.54,5.764345067950469e-13,-1.775366856158403e-13
266.55,5.783396205316669e-13,-1.7801781600775656e-13
266.56,5.802424029918647e-13,-1.7848291942433472e-13
266.57,5.82141556785742e-13,-1.78931742935235e-13
266.58,5.840382313859093e-13,-1.793641617872996e-13
266.59,5.859311244567894e-13,-1.7978055830594687e-13
266.6,5.878203014656631e-13,-1.8018102503353957e-13
266.61,5.897065664216552e-13,-1.8056487454430873e-13
266.62,5.915883608919818e-13,-1.8093306445544234e-13
266.63,5.934664818308603e-13,-1.812846168068754e-13
266.64,5.953407056961459e-13,-1.8162027811977521e-13
266.65,5.972099827715212e-13,-1.819399563377439e-13
266.66,5.990750601864232e-13,-1.8224333805475384e-13
266.67,6.009360770708394e-13,-1.8253036232301073e-13
266.68,6.027918531494286e-13,-1.8280146703570241e-13
266.69,6.046431362509648e-13,-1.8305644569171089e-13
266.7,6.064891629793993e-13,-1.832952451260502e-13
266.71,6.083296730718603e-13,-1.835182511026039e-13
266.72,6.101658027897112e-13,-1.8372466991169168e-13
266.73,6.119954961626443e-13,-1.8391559823801421e-13
266.74,6.138196168848712e-13,-1.8409037154618633e-13
266.75,6.15638311234894e-13,-1.8424930323408129e-13
266.76,6.174507474504844e-13,-1.843919353804418e-13
266.77,6.192569093322322e-13,-1.8451876508891701e-13
266.78,6.210574118524605e-13,-1.8462958996471462e-13
266.79,6.228516767899959e-13,-1.847243646493571e-13
266.8,6.246393539053982e-13,-1.8480341646425736e-13
266.81,6.264201784988929e-13,-1.8486649822854776e-13
266.82,6.281944118294532e-13,-1.8491390239308e-13
266.83,6.299611589067015e-13,-1.8494525563492613e-13
266.84,6.317216303436285e-13,-1.8496135556927034e-13
266.85,6.334742708481481e-13,-1.8496134032425072e-13
266.86,6.352195497912689e-13,-1.8494566633001956e-13
266.87,6.369578668545347e-13,-1.8491434115277213e-13
266.88,6.386879612359011e-13,-1.8486748282496909e-13
266.89,6.404109452887913e-13,-1.8480475136725871e-13
266.9,6.42125095471237e-13,-1.8472695234105365e-13
266.91,6.438318444327364e-13,-1.846334435242269e-13
266.92,6.455307421430233e-13,-1.8452418613541111e-13
266.93,6.47220762807708e-13,-1.8440005516753868e-13
266.94,6.489023900826547e-13,-1.8426014512454408e-13
266.95,6.505752229419623e-13,-1.841048882925092e-13
266.96,6.522395437415028e-13,-1.839345424875359e-13
266.97,6.538950608881655e-13,-1.8374903475137788e-13
266.98,6.555420027211431e-13,-1.8354800946724712e-13
266.99,6.571796906251402e-13,-1.833318298523617e-13
267.0,6.588078701747326e-13,-1.8310106502270473e-13
267.01,6.604237029751495e-13,-1.8285637693691408e-13
267.02,6.62036604252846e-13,-1.825938081550954e-13
267.03,6.636360744987873e-13,-1.8231776601242317e-13
267.04,6.652265309247563e-13,-1.8202673879484623e-13
267.05,6.66806923055888e-13,-1.8172092759663188e-13
267.06,6.683770902074729e-13,-1.8140032009298714e-13
267.07,6.699370354192251e-13,-1.8106556317898065e-13
267.08,6.714878899833183e-13,-1.8071540143154347e-13
267.09,6.730274117992349e-13,-1.8035126408702066e-13
267.1,6.745571082052124e-13,-1.799715736359221e-13
267.11,6.760760182731131e-13,-1.795787192673772e-13
267.12,6.775837516269487e-13,-1.791711022288255e-13
267.13,6.790811574963016e-13,-1.787488438808514e-13
267.14,6.805677041102706e-13,-1.7831263908116426e-13
267.15,6.820428084038206e-13,-1.7786229696746944e-13
267.16,6.835072560546224e-13,-1.7739760877249055e-13
267.17,6.849606953653978e-13,-1.7691869831099539e-13
267.18,6.864021944110095e-13,-1.764262445013633e-13
267.19,6.878327372796252e-13,-1.7591957218436472e-13
267.2,6.892515138925844e-13,-1.7539872435517433e-13
267.21,6.906582990644036e-13,-1.7486508553024313e-13
267.22,6.920532392233591e-13,-1.743173201244207e-13
267.23,6.934372479132125e-13,-1.7375564088568358e-13
267.24,6.948086263955588e-13,-1.731807137754765e-13
267.25,6.961683189574118e-13,-1.725921599657471e-13
267.26,6.975150196080869e-13,-1.719906199159375e-13
267.27,6.98849979154444e-13,-1.7137558843933523e-13
267.28,7.001725795510313e-13,-1.7074723646359374e-13
267.29,7.014830689101489e-13,-1.701051227001135e-13
267.3,7.027804602714392e-13,-1.694510518198991e-13
267.31,7.040654483302169e-13,-1.6878354203711172e-13
267.32,7.053375589086265e-13,-1.6810326844958786e-13
267.33,7.065968257028199e-13,-1.674100541029926e-13
267.34,7.078433122320887e-13,-1.667041855620693e-13
267.35,7.09076301151218e-13,-1.6598588420355657e-13
267.36,7.102967904744096e-13,-1.6525470185933603e-13
267.37,7.115052786504475e-13,-1.6451012849032433e-13
267.38,7.126972752838398e-13,-1.6375511618918825e-13
267.39,7.138777692958351e-13,-1.629874522522169e-13
267.4,7.150446151372858e-13,-1.6220703000621765e-13
267.41,7.161979704587717e-13,-1.6141476742032682e-13
267.42,7.173377655613179e-13,-1.6061039106764624e-13
267.43,7.184635934969376e-13,-1.597941255316014e-13
267.44,7.195759046160799e-13,-1.589661571183177e-13
267.45,7.206745365301177e-13,-1.5812631696483213e-13
267.46,7.217597667988551e-13,-1.5727465531322574e-13
267.47,7.228292736413975e-13,-1.564118337746044e-13
267.48,7.238862729540224e-13,-1.555375718615393e-13
267.49,7.249271499809022e-13,-1.5465271298425748e-13
267.5,7.259559056326574e-13,-1.5375553365592238e-13
267.51,7.269697406283153e-13,-1.528474626173189e-13
267.52,7.279689843129755e-13,-1.5192854599309317e-13
267.53,7.28953892751253e-13,-1.5099861442504961e-13
267.54,7.299241060867487e-13,-1.5005820762803039e-13
267.55,7.308806544486546e-13,-1.491060892438908e-13
267.56,7.318209612898541e-13,-1.481445760386823e-13
267.57,7.32747773272065e-13,-1.4717221244028167e-13
267.58,7.336594186376102e-13,-1.4618919988045544e-13
267.59,7.345564768670811e-13,-1.4519610104573242e-13
267.6,7.354385445306594e-13,-1.4419256824809257e-13
267.61,7.363059215608129e-13,-1.4317895081313985e-13
267.62,7.371576203003734e-13,-1.4215591259889346e-13
267.63,7.379947486497496e-13,-1.411225072408112e-13
267.64,7.388171019650692e-13,-1.4007927920577262e-13
267.65,7.396232736602676e-13,-1.3902688770304253e-13
267.66,7.404151873889293e-13,-1.3796449599186814e-13
267.67,7.411916004051019e-13,-1.3689287316261543e-13
267.68,7.419526385759569e-13,-1.3581203544724473e-13
267.69,7.426983804773027e-13,-1.3472187335483144e-13
267.7,7.434287906652938e-13,-1.336226485591951e-13
267.71,7.441436474148214e-13,-1.325143656599319e-13
267.72,7.448433629058031e-13,-1.3139716769545893e-13
267.73,7.45527081214417e-13,-1.3027151318664664e-13
267.74,7.461952256836177e-13,-1.291371371380442e-13
267.75,7.468481418753637e-13,-1.279940514897836e-13
267.76,7.474853352659963e-13,-1.26842507090165e-13
267.77,7.48106604065036e-13,-1.2568298542312183e-13
267.78,7.487126265175163e-13,-1.2451486934890201e-13
267.79,7.493022256416512e-13,-1.2333920438932858e-13
267.8,7.498767544922994e-13,-1.2215530353328116e-13
267.81,7.504353624192815e-13,-1.2096348365670917e-13
267.82,7.509770372151447e-13,-1.1976430962308709e-13
267.83,7.5150436643363e-13,-1.1855712530654934e-13
267.84,7.520150832747264e-13,-1.1734267217967614e-13
267.85,7.52509688231955e-13,-1.161212049683169e-13
267.86,7.529888906374761e-13,-1.148918642726285e-13
267.87,7.534519217688953e-13,-1.1365553146762484e-13
267.88,7.538988876444694e-13,-1.1241231862240282e-13
267.89,7.543299347164438e-13,-1.1116232089713742e-13
267.9,7.547452111270037e-13,-1.0990554510607192e-13
267.91,7.551431792953836e-13,-1.0864274321262235e-13
267.92,7.555264759080263e-13,-1.073723366134803e-13
267.93,7.558933608490225e-13,-1.0609601294012945e-13
267.94,7.562442533992491e-13,-1.0481339316793798e-13
267.95,7.565786892893342e-13,-1.0352456619490722e-13
267.96,7.568969219206105e-13,-1.0222978638482517e-13
267.97,7.572000331743967e-13,-1.0092866100236189e-13
267.98,7.574853408818915e-13,-9.962289991963795e-14
267.99,7.577558067960683e-13,-9.831088071624056e-14
268.0,7.580098082076385e-13,-9.699279403857964e-14
268.01,7.582471084955519e-13,-9.567009212581461e-14
268.02,7.584691761645648e-13,-9.434109256733548e-14
268.03,7.586742389664727e-13,-9.300807389769262e-14
268.04,7.588635021717314e-13,-9.166959238516274e-14
268.05,7.590366296105442e-13,-9.032616382350717e-14
268.06,7.591936401864712e-13,-8.897795211897448e-14
268.07,7.593343634477017e-13,-8.762505446865874e-14
268.08,7.594594310831275e-13,-8.626785000493985e-14
268.09,7.595678566014144e-13,-8.490576791321518e-14
268.1,7.59659933848379e-13,-8.353965427481102e-14
268.11,7.597360227091442e-13,-8.2169558161739e-14
268.12,7.597962110831e-13,-8.079503173534873e-14
268.13,7.598401659370911e-13,-7.941684153689324e-14
268.14,7.598681788860918e-13,-7.803474197652837e-14
268.15,7.598798962334182e-13,-7.664907039623746e-14
268.16,7.598755075443487e-13,-7.525996903164294e-14
268.17,7.598556238487066e-13,-7.386744340528782e-14
268.18,7.598187226131891e-13,-7.247118790733153e-14
268.19,7.597666073453947e-13,-7.107210620375827e-14
268.2,7.596983668287897e-13,-6.966995745997719e-14
268.21,7.596138705155694e-13,-6.826507551350966e-14
268.22,7.595135817941126e-13,-6.685723124309571e-14
268.23,7.593973375158822e-13,-6.544684384858764e-14
268.24,7.592654498682855e-13,-6.403356005343256e-14
268.25,7.591172945936238e-13,-6.261810764277552e-14
268.26,7.589535409833422e-13,-6.12009742266677e-14
268.27,7.58773518691848e-13,-5.978088326413718e-14
268.28,7.585781538471232e-13,-5.835869387976349e-14
268.29,7.583670544743206e-13,-5.69348786099168e-14
268.3,7.581400777610978e-13,-5.550922345967496e-14
268.31,7.578970269589442e-13,-5.4081910593836174e-14
268.32,7.576390528626828e-13,-5.2653206428524654e-14
268.33,7.573651253680341e-13,-5.122296912691025e-14
268.34,7.570754889967873e-13,-4.97914425756383e-14
268.35,7.567704567877696e-13,-4.835916489512505e-14
268.36,7.564501550717402e-13,-4.692570045975501e-14
268.37,7.561136457400894e-13,-4.549057472757205e-14
268.38,7.557620202331163e-13,-4.4055366064452976e-14
268.39,7.553952092075314e-13,-4.261885123534093e-14
268.4,7.550130015393354e-13,-4.118215904021529e-14
268.41,7.546153495959585e-13,-3.974511443359234e-14
268.42,7.542026152200606e-13,-3.8307774081315965e-14
268.43,7.537745421417757e-13,-3.687019647578898e-14
268.44,7.533313154245317e-13,-3.5432958587215535e-14
268.45,7.528727089817604e-13,-3.399648625258047e-14
268.46,7.523998687907428e-13,-3.255774189183031e-14
268.47,7.519117186292581e-13,-3.112055203048713e-14
268.48,7.514084236000197e-13,-2.968411778953518e-14
268.49,7.508902868186832e-13,-2.8248053255543428e-14
268.5,7.503573109577621e-13,-2.6812630908807813e-14
268.51,7.498095861283073e-13,-2.5378010741226142e-14
268.52,7.492470624939063e-13,-2.3944307808527256e-14
268.53,7.48669708514544e-13,-2.2511768820096418e-14
268.54,7.480784574933821e-13,-2.1080276655753452e-14
268.55,7.474720160602092e-13,-1.9650078392374784e-14
268.56,7.468512216027904e-13,-1.8221214987393425e-14
268.57,7.462161401639156e-13,-1.6793701617372108e-14
268.58,7.455665590017541e-13,-1.5368235765974044e-14
268.59,7.449026277932481e-13,-1.394421527584843e-14
268.6,7.442246650158826e-13,-1.2522099616466282e-14
268.61,7.435324570886228e-13,-1.1101995126302554e-14
268.62,7.428260774944908e-13,-9.684035264037813e-15
268.63,7.421059401445648e-13,-8.267964661736123e-15
268.64,7.413717321306771e-13,-6.854510071021456e-15
268.65,7.406236409694706e-13,-5.443601761617871e-15
268.66,7.398617947940848e-13,-4.035217423165092e-15
268.67,7.390860900157605e-13,-2.629286438753649e-15
268.68,7.382969267100918e-13,-1.2263945847126154e-15
268.69,7.374940979782481e-13,1.7381822384940624e-16
268.7,7.366777339831012e-13,1.570958792247025e-15
268.71,7.358477305749521e-13,2.9648643203140217e-15
268.72,7.350048502208974e-13,4.355839183036136e-15
268.73,7.341486579841819e-13,5.743186632545043e-15
268.74,7.332790696158321e-13,7.127169665323436e-15
268.75,7.323964817715895e-13,8.507539126935453e-15
268.76,7.31500946532779e-13,9.884259172506536e-15
268.77,7.305922142894583e-13,1.1257411488164183e-14
268.78,7.296709092045221e-13,1.2626462247410545e-14
268.79,7.287368250561222e-13,1.3991495360828551e-14
268.8,7.277896364783963e-13,1.5352282539449866e-14
268.81,7.268304932459566e-13,1.6709130245671283e-14
268.82,7.258586190817938e-13,1.8061718476652744e-14
268.83,7.248742592972509e-13,1.9409763050759142e-14
268.84,7.238775188351769e-13,2.0753075015560715e-14
268.85,7.228687232638284e-13,2.20920161011822e-14
268.86,7.218475798236273e-13,2.3426196020509605e-14
268.87,7.208145833326814e-13,2.4755420755247777e-14
268.88,7.197693882232406e-13,2.607966063292588e-14
268.89,7.187123685631179e-13,2.739927193864791e-14
268.9,7.176438348550058e-13,2.871296433283114e-14
268.91,7.16563413806146e-13,3.002192649436489e-14
268.92,7.154716203489499e-13,3.132533272347913e-14
268.93,7.143682718993825e-13,3.26234826032076e-14
268.94,7.13253430556164e-13,3.3916077127391086e-14
268.95,7.121274350571392e-13,3.520290591241643e-14
268.96,7.109901789012907e-13,3.648404420401406e-14
268.97,7.098418483953624e-13,3.775925742422489e-14
268.98,7.086827599571225e-13,3.902827106745326e-14
268.99,7.075121877951194e-13,4.029207495549557e-14
269.0,7.063314964673177e-13,4.154920649140447e-14
269.01,7.051396577382384e-13,4.28003648710584e-14
269.02,7.039375264586427e-13,4.4045035119334425e-14
269.03,7.02725454844018e-13,4.5282901358839566e-14
269.04,7.015018912320423e-13,4.651497791339404e-14
269.05,7.002686174734988e-13,4.77402826974731e-14
269.06,6.990252998335869e-13,4.895871541133612e-14
269.07,6.977716120778163e-13,5.017097928461658e-14
269.08,6.965079128207535e-13,5.137538320913538e-14
269.09,6.952350177565748e-13,5.2573260198293596e-14
269.1,6.939520542191344e-13,5.376449354192197e-14
269.11,6.926596234439432e-13,5.494810186863163e-14
269.12,6.913576134531753e-13,5.612476420617605e-14
269.13,6.900461499804935e-13,5.729411635929432e-14
269.14,6.887252840332915e-13,5.845605843282751e-14
269.15,6.873955213630504e-13,5.961049234648614e-14
269.16,6.860567879687113e-13,6.075759658630257e-14
269.17,6.847081637143093e-13,6.189694238915841e-14
269.18,6.833520048557257e-13,6.302841855236145e-14
269.19,6.819868475457193e-13,6.41523605913287e-14
269.2,6.806125478631928e-13,6.526840383905139e-14
269.21,6.792301221032213e-13,6.637645867326111e-14
269.22,6.778394627886323e-13,6.747651825648737e-14
269.23,6.764404678932651e-13,6.856851213351993e-14
269.24,6.750330538458521e-13,6.965232433717725e-14
269.25,6.736183765102969e-13,7.072765000198982e-14
269.26,6.721948446149461e-13,7.179553256325219e-14
269.27,6.707640205589507e-13,7.285406381474264e-14
269.28,6.693254532764784e-13,7.390441913118666e-14
269.29,6.678794927603145e-13,7.494639046441363e-14
269.3,6.664259114408485e-13,7.597971289172618e-14
269.31,6.649651296157534e-13,7.700428495866358e-14
269.32,6.634972220045764e-13,7.802018307411614e-14
269.33,6.620219721461514e-13,7.902708343325417e-14
269.34,6.605402993878496e-13,8.00253244768488e-14
269.35,6.590514334553882e-13,8.101502852560818e-14
269.36,6.575560889664463e-13,8.199496141476312e-14
269.37,6.560539244060259e-13,8.296614095438123e-14
269.38,6.545454973610555e-13,8.392812005068557e-14
269.39,6.530307316809834e-13,8.488119576016119e-14
269.4,6.515096165055803e-13,8.58246523226776e-14
269.41,6.499827430589704e-13,8.675890459656673e-14
269.42,6.484495211802399e-13,8.768379598789854e-14
269.43,6.469099566232185e-13,8.859953000690738e-14
269.44,6.453660230569151e-13,8.950537628045954e-14
269.45,6.438160385606434e-13,9.040166272837247e-14
269.46,6.422603366436979e-13,9.128861487555518e-14
269.47,6.40699595842081e-13,9.216570918600298e-14
269.48,6.39133275264809e-13,9.303321165744522e-14
269.49,6.375622100239969e-13,9.389086193423683e-14
269.5,6.359859297052627e-13,9.473866544746109e-14
269.51,6.344051606849936e-13,9.557659970538313e-14
269.52,6.328194827252473e-13,9.64046379629537e-14
269.53,6.312290799045443e-13,9.7222800720116e-14
269.54,6.296343171347493e-13,9.803068659781312e-14
269.55,6.280353742525997e-13,9.882874901417602e-14
269.56,6.264319414114381e-13,9.961670016220406e-14
269.57,6.24824880365417e-13,1.0039428240651164e-13
269.58,6.232132961606902e-13,1.011619074492522e-13
269.59,6.215982133719605e-13,1.0191920033985751e-13
269.6,6.199796535126952e-13,1.0266605737177183e-13
269.61,6.183572698008299e-13,1.0340263560213584e-13
269.62,6.167315837806633e-13,1.041291692865992e-13
269.63,6.151025592970785e-13,1.0484465782064763e-13
269.64,6.134702777309998e-13,1.0555015515859095e-13
269.65,6.118351329566967e-13,1.0624502386957009e-13
269.66,6.101968649095679e-13,1.0692942133092353e-13
269.67,6.085558929757356e-13,1.0760317221106125e-13
269.68,6.069122913681355e-13,1.0826643232467344e-13
269.69,6.052662077429231e-13,1.0891882692125652e-13
269.7,6.036179163824009e-13,1.0956089401262035e-13
269.71,6.019667422506868e-13,1.1019212431303388e-13
269.72,6.00313817918842e-13,1.1081243411865134e-13
269.73,5.986586653078928e-13,1.1142218178827304e-13
269.74,5.970018772785251e-13,1.120211124869576e-13
269.75,5.95343029759337e-13,1.126091341446187e-13
269.76,5.936828307754351e-13,1.1318643402186453e-13
269.77,5.920212181051302e-13,1.1375296252972911e-13
269.78,5.903577900486935e-13,1.1430816641491646e-13
269.79,5.886938855924129e-13,1.1485275208695132e-13
269.8,5.87027806105793e-13,1.1538653074300303e-13
269.81,5.853613214237079e-13,1.1590922461238234e-13
269.82,5.836936385742542e-13,1.1642083394165482e-13
269.83,5.820255616616959e-13,1.1692144565470013e-13
269.84,5.80356614659615e-13,1.1741090272669662e-13
269.85,5.786872181929857e-13,1.178895971781559e-13
269.86,5.77017628435952e-13,1.18357180186792e-13
269.87,5.753477551749033e-13,1.1881345442171592e-13
269.88,5.736784039920036e-13,1.1925889850162405e-13
269.89,5.720077446581462e-13,1.1969326201635608e-13
269.9,5.703379123493838e-13,1.2011621653790802e-13
269.91,5.686685856326257e-13,1.2052860114491765e-13
269.92,5.669991022163714e-13,1.2092911438953797e-13
269.93,5.653304043336933e-13,1.2131861046066008e-13
269.94,5.636626754162281e-13,1.216972962147861e-13
269.95,5.619950104951783e-13,1.220645243817738e-13
269.96,5.603285483193681e-13,1.2242059550302906e-13
269.97,5.586632580325093e-13,1.2276558832123073e-13
269.98,5.569993275243274e-13,1.2309952003773732e-13
269.99,5.553356063886171e-13,1.2342168863273197e-13
270.0,5.536746401795983e-13,1.2373330605764008e-13
270.01,5.520144239902518e-13,1.2403333108012723e-13
270.02,5.503562321189596e-13,1.2432233105385647e-13
270.03,5.486994745537925e-13,1.2460016917523812e-13
270.04,5.470446950693337e-13,1.2486649211639579e-13
270.05,5.453921948186411e-13,1.2512178292242096e-13
270.06,5.437413419408411e-13,1.2536625989177832e-13
270.07,5.42092686894996e-13,1.2559874961844058e-13
270.08,5.404465264186405e-13,1.2582032463524697e-13
270.09,5.38802908535222e-13,1.2603100010282116e-13
270.1,5.371621112275472e-13,1.2623020539376666e-13
270.11,5.35523842192604e-13,1.2641826336117248e-13
270.12,5.338883709136928e-13,1.265953199767399e-13
270.13,5.32256241283365e-13,1.267610834997413e-13
270.14,5.306272681837436e-13,1.2691576056385673e-13
270.15,5.29000339624568e-13,1.2705886503487228e-13
270.16,5.273776502246137e-13,1.2719149586930336e-13
270.17,5.257582854510807e-13,1.273124562620352e-13
270.18,5.241426732006807e-13,1.274225544461622e-13
270.19,5.225306472064827e-13,1.2752168653083766e-13
270.2,5.209222682638186e-13,1.2760952433622088e-13
270.21,5.193177026014076e-13,1.2768634206095365e-13
270.22,5.177169753130383e-13,1.2775203621612645e-13
270.23,5.16121179598399e-13,1.278073890689821e-13
270.24,5.145291824512131e-13,1.2785053271596227e-13
270.25,5.129410574368883e-13,1.278835799695383e-13
270.26,5.11358318709846e-13,1.2790550004912325e-13
270.27,5.097790666157204e-13,1.2791600578607468e-13
270.28,5.082039720769684e-13,1.2791523690142373e-13
270.29,5.066362170452838e-13,1.2790499676059628e-13
270.3,5.050719042449529e-13,1.2788311438653845e-13
270.31,5.035125212256628e-13,1.2785031606266666e-13
270.32,5.019585351729287e-13,1.2780704054260609e-13
270.33,5.004100175273493e-13,1.277536247007465e-13
270.34,4.988664717848109e-13,1.2768723692408835e-13
270.35,4.973287709039775e-13,1.276117072253206e-13
270.36,4.957958433203121e-13,1.2752474548205063e-13
270.37,4.942687557557779e-13,1.274272951602783e-13
270.38,4.92747887053488e-13,1.2731923214803763e-13
270.39,4.912327281473113e-13,1.272007290820951e-13
270.4,4.897235744852251e-13,1.2707154368704508e-13
270.41,4.882205750635681e-13,1.2693178792124692e-13
270.42,4.86727529923245e-13,1.2678178765751206e-13
270.43,4.852330350242967e-13,1.2662073561515456e-13
270.44,4.83749010959871e-13,1.2644954977768476e-13
270.45,4.822716634015505e-13,1.2626795115872848e-13
270.46,4.807997304049619e-13,1.2607535004291368e-13
270.47,4.793360450758788e-13,1.2587337832839682e-13
270.48,4.778784903982394e-13,1.2566060835145546e-13
270.49,4.764277197361685e-13,1.2543768125580826e-13
270.5,4.749841287901742e-13,1.2520448114643778e-13
270.51,4.735477117717668e-13,1.2496133908547253e-13
270.52,4.721180409284833e-13,1.2470749459251112e-13
270.53,4.70696273953626e-13,1.2444410894133097e-13
270.54,4.692812840008444e-13,1.2417038647196302e-13
270.55,4.678746689866857e-13,1.2388685762393114e-13
270.56,4.664747878777994e-13,1.235930330955148e-13
270.57,4.65082761876454e-13,1.232894699798895e-13
270.58,4.636985203869073e-13,1.2297613833905342e-13
270.59,4.623220261432206e-13,1.2265294694445164e-13
270.6,4.609537826995765e-13,1.223199046810268e-13
270.61,4.595932518335041e-13,1.2197695877144705e-13
270.62,4.582412265809118e-13,1.2162458266583547e-13
270.63,4.568972117164706e-13,1.2126269532238277e-13
270.64,4.555608725664078e-13,1.2089068368071755e-13
270.65,4.542340796032644e-13,1.2050999588196282e-13
270.66,4.5291529814499317e-13,1.2011927781952086e-13
270.67,4.516047773449838e-13,1.1971948030499744e-13
270.68,4.503029396131904e-13,1.1931012604720252e-13
270.69,4.4900989700009235e-13,1.188913019055737e-13
270.7,4.477257797963486e-13,1.1846341316421357e-13
270.71,4.464506221787475e-13,1.1802628244633117e-13
270.72,4.451843039267732e-13,1.175800781431069e-13
270.73,4.4392692051461984e-13,1.171248209925464e-13
270.74,4.426783244048049e-13,1.1666011875552185e-13
270.75,4.4143927616795946e-13,1.1618689377525373e-13
270.76,4.402099126465177e-13,1.1570497733130377e-13
270.77,4.3898908819602817e-13,1.152132525832203e-13
270.78,4.3777782532536515e-13,1.1471389784535809e-13
270.79,4.36576710349937e-13,1.1420514523692437e-13
270.8,4.353847864884589e-13,1.136878686639401e-13
270.81,4.3420263628243196e-13,1.1316201722083722e-13
270.82,4.330306184281523e-13,1.1262816855144655e-13
270.83,4.318674020228149e-13,1.1208485922010937e-13
270.84,4.307143425879755e-13,1.1153351341410961e-13
270.85,4.29571394136535e-13,1.1097390424533746e-13
270.86,4.284385632451875e-13,1.1040574770481348e-13
270.87,4.273150308447318e-13,1.0983000809190984e-13
270.88,4.2620282126070935e-13,1.0924577037148117e-13
270.89,4.25100349640117e-13,1.0865358216397515e-13
270.9,4.2400832472099984e-13,1.080533472578703e-13
270.91,4.229259999599192e-13,1.0744489833314661e-13
270.92,4.218546690163251e-13,1.068288752920058e-13
270.93,4.2079366633781604e-13,1.0620494700267654e-13
270.94,4.1974322784932866e-13,1.0557327240919887e-13
270.95,4.1870305019681614e-13,1.049329185898918e-13
270.96,4.176730421033385e-13,1.0428662840979652e-13
270.97,4.1665488076161345e-13,1.036327669233688e-13
270.98,4.1564667760005853e-13,1.029705936829528e-13
270.99,4.1464938948466014e-13,1.023012640962195e-13
271.0,4.136646204920908e-13,1.0162600164592501e-13
271.01,4.1268806569048437e-13,1.0094115167708552e-13
271.02,4.1172383947212306e-13,1.0025033763301043e-13
271.03,4.107703012822788e-13,9.955221913220225e-14
271.04,4.098274649547752e-13,9.884715589079e-14
271.05,4.088967064581056e-13,9.81348667158437e-14
271.06,4.0797701914370005e-13,9.741663757602195e-14
271.07,4.0706812823961216e-13,9.669101067362127e-14
271.08,4.0617040463331513e-13,9.595842921533837e-14
271.09,4.052843200674843e-13,9.521974218136779e-14
271.1,4.0440953671718843e-13,9.447434373775609e-14
271.11,4.0354628644019747e-13,9.372237404271531e-14
271.12,4.026941776220539e-13,9.296407619582145e-14
271.13,4.0185379306672394e-13,9.219977028754176e-14
271.14,4.0102508661275423e-13,9.142828168183884e-14
271.15,4.002076081372651e-13,9.065168117161505e-14
271.16,3.994018777641749e-13,8.986864741426046e-14
271.17,3.986076299522703e-13,8.907959335907676e-14
271.18,3.9782532563655906e-13,8.828448494534708e-14
271.19,3.97054607545447e-13,8.748376895931475e-14
271.2,3.962959169263485e-13,8.667718722743262e-14
271.21,3.9554861190904465e-13,8.586481919832782e-14
271.22,3.9481369294826713e-13,8.504719027657344e-14
271.23,3.940905415010262e-13,8.422333076447801e-14
271.24,3.9337857265566904e-13,8.339499914937552e-14
271.25,3.926789965015198e-13,8.256087752651738e-14
271.26,3.9199143832442654e-13,8.172159734940718e-14
271.27,3.9131600049140734e-13,8.087699763428531e-14
271.28,3.906521589251754e-13,8.002730076856863e-14
271.29,3.900005671047561e-13,7.917254201671217e-14
271.3,3.893611065809087e-13,7.831297963756e-14
271.31,3.887336603125161e-13,7.74488230912109e-14
271.32,3.88118810236152e-13,7.657929775544129e-14
271.33,3.875151915470185e-13,7.570554684060208e-14
271.34,3.869243128105987e-13,7.482717599552944e-14
271.35,3.863454930433883e-13,7.394424217109562e-14
271.36,3.8577909351276393e-13,7.305693735751297e-14
271.37,3.8522460420448466e-13,7.216506145966888e-14
271.38,3.846824546155245e-13,7.126922967656442e-14
271.39,3.8415250112900315e-13,7.036942098551421e-14
271.4,3.836350743045573e-13,6.946497751349657e-14
271.41,3.8313022628012186e-13,6.855713031842508e-14
271.42,3.8263684041319917e-13,6.764492894795649e-14
271.43,3.821558176737567e-13,6.672897534436627e-14
271.44,3.816875930554692e-13,6.580946988967162e-14
271.45,3.812315370656798e-13,6.488618999842953e-14
271.46,3.8078786342739317e-13,6.395949452184768e-14
271.47,3.803564194536862e-13,6.302905500080116e-14
271.48,3.7993747428327683e-13,6.20957706392689e-14
271.49,3.795309163923023e-13,6.115856945217672e-14
271.5,3.7913671825856027e-13,6.021875274035302e-14
271.51,3.7875463539564684e-13,5.927509756697795e-14
271.52,3.783849871443562e-13,5.832871441680645e-14
271.53,3.7802813897979975e-13,5.737974130696686e-14
271.54,3.7768358580170754e-13,5.642781824953006e-14
271.55,3.773506016208279e-13,5.547273113416429e-14
271.56,3.7703072865948017e-13,5.4515243219601776e-14
271.57,3.767234536607449e-13,5.3555218024094624e-14
271.58,3.764280737175748e-13,5.2592492257514194e-14
271.59,3.7614539082236465e-13,5.1627692819428214e-14
271.6,3.7587485738881573e-13,5.066029369848613e-14
271.61,3.7561691184834637e-13,4.9690635416911695e-14
271.62,3.7537105953004926e-13,4.871898617355075e-14
271.63,3.7513783008388144e-13,4.7745242126619916e-14
271.64,3.7491669581429606e-13,4.676961123849143e-14
271.65,3.7470813512302034e-13,4.5791797180491405e-14
271.66,3.745117675061331e-13,4.481230711114627e-14
271.67,3.743278129505491e-13,4.383146709311073e-14
271.68,3.741559001100506e-13,4.2848621917222147e-14
271.69,3.7399655438497566e-13,4.186426193033739e-14
271.7,3.7384963579857355e-13,4.0878648910369405e-14
271.71,3.7371468659061423e-13,3.989154730019624e-14
271.72,3.7359175237803367e-13,3.890310493646775e-14
271.73,3.734812398364124e-13,3.7913461684012066e-14
271.74,3.733831341337807e-13,3.692303147865247e-14
271.75,3.73296996360441e-13,3.593096509003964e-14
271.76,3.732228670230693e-13,3.493839498336838e-14
271.77,3.73161622820286e-13,3.394511177195535e-14
271.78,3.7311208264233273e-13,3.295128808120871e-14
271.79,3.730744706520916e-13,3.195644365692028e-14
271.8,3.7304905063637923e-13,3.0961087332525793e-14
271.81,3.7303580723202494e-13,2.996525874809056e-14
271.82,3.7303445799006386e-13,2.8969134656136e-14
271.83,3.730453707890052e-13,2.7972696233077954e-14
271.84,3.7306765130639203e-13,2.6975506051000858e-14
271.85,3.7310279147686137e-13,2.5979258591577835e-14
271.86,3.7314942387144564e-13,2.4982037892999333e-14
271.87,3.7320758473378273e-13,2.3985097121278623e-14
271.88,3.732779835749779e-13,2.2988688485742353e-14
271.89,3.733601101753102e-13,2.1991831923523534e-14
271.9,3.734542290946976e-13,2.0995720566586152e-14
271.91,3.735598386366189e-13,1.999982662991185e-14
271.92,3.7367730998036004e-13,1.9004413290800757e-14
271.93,3.7380591670894185e-13,1.80090264116332e-14
271.94,3.739473993151906e-13,1.7015079993407684e-14
271.95,3.741000294875522e-13,1.602204122415564e-14
271.96,3.742638082027297e-13,1.5028994866067717e-14
271.97,3.744395089488566e-13,1.4037333436633459e-14
271.98,3.7462641246036363e-13,1.304645382477133e-14
271.99,3.748250165606116e-13,1.2056768973499678e-14
272.0,3.7503485101100685e-13,1.1068039691053382e-14
272.01,3.7525627796586636e-13,1.0080726597742507e-14
272.02,3.7548832727284154e-13,9.094627368904134e-15
272.03,3.757327714163676e-13,8.10990355138706e-15
272.04,3.7598810349246344e-13,7.126694226044368e-15
272.05,3.762544506367609e-13,6.144693337178926e-15
272.06,3.765322005616063e-13,5.164838702852629e-15
272.07,3.7682087694158975e-13,4.186649434801951e-15
272.08,3.771204790642666e-13,3.209921918584804e-15
272.09,3.7743152015736563e-13,2.2352649008356035e-15
272.1,3.777530758965254e-13,1.2626472393773953e-15
272.11,3.7808507665431447e-13,2.922162030319671e-16
272.12,3.7842945876957874e-13,-6.769602273227133e-16
272.13,3.787835783348219e-13,-1.6428245470374324e-15
272.14,3.791485470555379e-13,-2.607061809808997e-15
272.15,3.7952435329964075e-13,-3.568834045896582e-15
272.16,3.799108257531944e-13,-4.52812197627537e-15
272.17,3.8030781789339674e-13,-5.484947222185374e-15
272.18,3.807152883005978e-13,-6.439235898462959e-15
272.19,3.8113360710815866e-13,-7.390529534249395e-15
272.2,3.8156143444916283e-13,-8.339079791227296e-15
272.21,3.82000662717585e-13,-9.28527950463153e-15
272.22,3.8244971921864395e-13,-1.0228544279840678e-14
272.23,3.8290922942035377e-13,-1.1168578963361434e-14
272.24,3.8337864441951547e-13,-1.2105896268669683e-14
272.25,3.838583872166361e-13,-1.3040320376246186e-14
272.26,3.8434837514000526e-13,-1.3970299633325695e-14
272.27,3.8484790608612017e-13,-1.4897848329824452e-14
272.28,3.853576847056514e-13,-1.5822167781282587e-14
272.29,3.8587686192997267e-13,-1.6742531904178222e-14
272.3,3.8640575122895793e-13,-1.7660535949609956e-14
272.31,3.869458851852845e-13,-1.8573810292783777e-14
272.32,3.874945140030521e-13,-1.9483820218426295e-14
272.33,3.880529684540081e-13,-2.03902966432272e-14
272.34,3.886208622684656e-13,-2.1292970273680292e-14
272.35,3.8919838127295257e-13,-2.2191696751928598e-14
272.36,3.8978517414941416e-13,-2.3086501219093458e-14
272.37,3.9038145002690713e-13,-2.3977248335298038e-14
272.38,3.9098692853290983e-13,-2.4863599748800734e-14
272.39,3.916011327997472e-13,-2.574682700162676e-14
272.4,3.922253957571478e-13,-2.662518413110438e-14
272.41,3.9285806499518e-13,-2.7499613946185742e-14
272.42,3.935000620478199e-13,-2.836942324683471e-14
272.43,3.9415091441473815e-13,-2.923523768214471e-14
272.44,3.9481040532046487e-13,-3.0096053652324926e-14
272.45,3.9547870033617784e-13,-3.09526552320737e-14
272.46,3.9615590046455083e-13,-3.1804556152293966e-14
272.47,3.96841697803946e-13,-3.265162431459654e-14
272.48,3.9753555721804855e-13,-3.3494876363481e-14
272.49,3.9823833291289993e-13,-3.4332449783212066e-14
272.5,3.989492039276885e-13,-3.5165414199756414e-14
272.51,3.996684782143988e-13,-3.599344837647602e-14
272.52,4.0039622496788034e-13,-3.681673929489025e-14
272.53,4.01131877597991e-13,-3.7634867011947924e-14
272.54,4.0187565434066e-13,-3.8447833823300214e-14
272.55,4.0262747194242065e-13,-3.9255677695903515e-14
272.56,4.033874631150162e-13,-4.0058485466356837e-14
272.57,4.0415493269049775e-13,-4.085568294510906e-14
272.58,4.0493002480672195e-13,-4.1647774617674764e-14
272.59,4.057129710887886e-13,-4.243459121137809e-14
272.6,4.0650349982514075e-13,-4.321572912438657e-14
272.61,4.073017345764342e-13,-4.3991743707292554e-14
272.62,4.081070692883809e-13,-4.476191177064146e-14
272.63,4.089199641773597e-13,-4.552653237275165e-14
272.64,4.097398898361105e-13,-4.6285460487773575e-14
272.65,4.105671571045387e-13,-4.703875316125204e-14
272.66,4.114015911805757e-13,-4.7786025066861844e-14
272.67,4.122428274063121e-13,-4.85277405425604e-14
272.68,4.1309109685254317e-13,-4.926360880909188e-14
272.69,4.139461650031076e-13,-4.9993471706674596e-14
272.7,4.1480800157310515e-13,-5.071738275038371e-14
272.71,4.1567651486009655e-13,-5.143529908491517e-14
272.72,4.165514426104604e-13,-5.2147001335156266e-14
272.73,4.1743287842311557e-13,-5.285259094433638e-14
272.74,4.1832078408799425e-13,-5.3551994878949714e-14
272.75,4.192151350465255e-13,-5.424555016577449e-14
272.76,4.201155452772687e-13,-5.4932529051548594e-14
272.77,4.210221288391397e-13,-5.561317351160122e-14
272.78,4.2193465818590925e-13,-5.628748229608574e-14
272.79,4.2285297664001245e-13,-5.695532579997594e-14
272.8,4.2377767186294106e-13,-5.761683491922836e-14
272.81,4.2470776258560954e-13,-5.827188803067758e-14
272.82,4.256434986451334e-13,-5.892027759933322e-14
272.83,4.2658488867979864e-13,-5.956338930782471e-14
272.84,4.2753212177976776e-13,-6.019704247712032e-14
272.85,4.284842871886634e-13,-6.082589361727663e-14
272.86,4.2944188579096934e-13,-6.144762659259449e-14
272.87,4.3040481927970424e-13,-6.206271384399422e-14
272.88,4.3137278073442697e-13,-6.267096148572522e-14
272.89,4.323456917966996e-13,-6.327237695456883e-14
272.9,4.333240588841118e-13,-6.386702639679773e-14
272.91,4.343065438241978e-13,-6.445450257677728e-14
272.92,4.352949540002114e-13,-6.503433799173109e-14
272.93,4.3628637972581045e-13,-6.560896209664682e-14
272.94,4.37283124897784e-13,-6.61759600588293e-14
272.95,4.382845276223467e-13,-6.673559652006621e-14
272.96,4.3929019529927985e-13,-6.728804508204174e-14
272.97,4.402993984552167e-13,-6.783369584524561e-14
272.98,4.4131411102229365e-13,-6.837205129900782e-14
272.99,4.423321855206863e-13,-6.890319992004372e-14
273.0,4.433543630424838e-13,-6.942709333009072e-14
273.01,4.44380468477265e-13,-6.994415888795736e-14
273.02,4.454107706465781e-13,-7.045308586858678e-14
273.03,4.464439426290746e-13,-7.095520975846156e-14
273.04,4.474813720736216e-13,-7.145029146361135e-14
273.05,4.4852216472963286e-13,-7.193765374535618e-14
273.06,4.4956617181527753e-13,-7.241765021350638e-14
273.07,4.506136221488633e-13,-7.289031955320958e-14
273.08,4.5166461885617124e-13,-7.335546161669476e-14
273.09,4.52718412373376e-13,-7.381307481228532e-14
273.1,4.53774984025122e-13,-7.426340157940894e-14
273.11,4.548357312211031e-13,-7.470579881396125e-14
273.12,4.558979373196819e-13,-7.514110952244804e-14
273.13,4.569632173938034e-13,-7.556873066193293e-14
273.14,4.58031463934842e-13,-7.598869783364814e-14
273.15,4.591022449424513e-13,-7.640114564629284e-14
273.16,4.601752538861158e-13,-7.680582120336907e-14
273.17,4.612509879581811e-13,-7.72030215614445e-14
273.18,4.623286816477051e-13,-7.759245782840645e-14
273.19,4.63409248616671e-13,-7.797398434644486e-14
273.2,4.644910222208576e-13,-7.834841546072793e-14
273.21,4.655747080070722e-13,-7.871457765736923e-14
273.22,4.666606347538962e-13,-7.907310096826735e-14
273.23,4.677483497176091e-13,-7.942418107892898e-14
273.24,4.68837682399043e-13,-7.976715252990258e-14
273.25,4.69928766033581e-13,-8.010245144996374e-14
273.26,4.710207457190241e-13,-8.043009628708316e-14
273.27,4.721148772298529e-13,-8.074963471600191e-14
273.28,4.732100519595589e-13,-8.10616463464253e-14
273.29,4.743067639936563e-13,-8.136586915849954e-14
273.3,4.754040500006263e-13,-8.16619625504427e-14
273.31,4.765023256384083e-13,-8.195026865195152e-14
273.32,4.776018598342195e-13,-8.22308015361663e-14
273.33,4.7870206894206e-13,-8.250346846147681e-14
273.34,4.798031644879854e-13,-8.276772324372082e-14
273.35,4.809047254022916e-13,-8.302493929086808e-14
273.36,4.820065797322721e-13,-8.327388567320568e-14
273.37,4.831090054027896e-13,-8.351507489408418e-14
273.38,4.842123381985595e-13,-8.374817658734898e-14
273.39,4.853153400884947e-13,-8.397339123139506e-14
273.4,4.864184861804815e-13,-8.419082540909009e-14
273.41,4.875217631989243e-13,-8.440029996104786e-14
273.42,4.886250348898859e-13,-8.460177738350052e-14
273.43,4.897279939302436e-13,-8.479532282334961e-14
273.44,4.90831189942616e-13,-8.498098828545234e-14
273.45,4.919336829479556e-13,-8.515875665401477e-14
273.46,4.93035856291388e-13,-8.53287328803291e-14
273.47,4.941375289419622e-13,-8.54905662908208e-14
273.48,4.952386234934668e-13,-8.564439403504757e-14
273.49,4.963391217248245e-13,-8.579061279817817e-14
273.5,4.974383523351142e-13,-8.592872221247785e-14
273.51,4.985370781312638e-13,-8.605904330964895e-14
273.52,4.996349404200523e-13,-8.618122919983668e-14
273.53,5.00731500748082e-13,-8.629579145243732e-14
273.54,5.018266449742781e-13,-8.640230235744942e-14
273.55,5.02921089387861e-13,-8.650101041556923e-14
273.56,5.040138310942414e-13,-8.659185047102142e-14
273.57,5.051050188620978e-13,-8.667459335849339e-14
273.58,5.061948407458064e-13,-8.674970750806537e-14
273.59,5.072831015738529e-13,-8.681686217591875e-14
273.6,5.083696432224168e-13,-8.68762418025648e-14
273.61,5.09454167897274e-13,-8.692767233721521e-14
273.62,5.105371650676796e-13,-8.697145467203332e-14
273.63,5.116177777499827e-13,-8.700711146046235e-14
273.64,5.126963571202504e-13,-8.703538476090235e-14
273.65,5.137731637847693e-13,-8.705557521585415e-14
273.66,5.148473019741485e-13,-8.706793536077641e-14
273.67,5.159192349041548e-13,-8.707272499959581e-14
273.68,5.169885329311726e-13,-8.70696839175675e-14
273.69,5.180556367433518e-13,-8.705901302792121e-14
273.7,5.191197633689678e-13,-8.704061270518598e-14
273.71,5.201817242667218e-13,-8.701447277205433e-14
273.72,5.212404271645182e-13,-8.698050555635708e-14
273.73,5.222967388229122e-13,-8.69389237505103e-14
273.74,5.233496988234331e-13,-8.688986824847986e-14
273.75,5.243994316249507e-13,-8.683298097082969e-14
273.76,5.254461100720075e-13,-8.676871886962432e-14
273.77,5.264896943851325e-13,-8.669693307430156e-14
273.78,5.275301369961025e-13,-8.661726342367631e-14
273.79,5.285669868303365e-13,-8.653027094645143e-14
273.8,5.296003216902024e-13,-8.643560764617117e-14
273.81,5.306302028415286e-13,-8.633366369391913e-14
273.82,5.316559513481482e-13,-8.622381207521614e-14
273.83,5.32679118250138e-13,-8.61071043941504e-14
273.84,5.336977604256363e-13,-8.598278156993618e-14
273.85,5.347128665764491e-13,-8.585099813893849e-14
273.86,5.357236364561034e-13,-8.57116063531895e-14
273.87,5.367304427371863e-13,-8.556505542758693e-14
273.88,5.37733112553878e-13,-8.54111984643126e-14
273.89,5.387316182928479e-13,-8.52500774112258e-14
273.9,5.397254742282818e-13,-8.508163456800469e-14
273.91,5.407156169412424e-13,-8.490572998215075e-14
273.92,5.417010707607228e-13,-8.472319877535391e-14
273.93,5.426820188379746e-13,-8.45331243592239e-14
273.94,5.436582069972018e-13,-8.433598985754724e-14
273.95,5.446297978852838e-13,-8.413165743304355e-14
273.96,5.455965177813232e-13,-8.39204062729263e-14
273.97,5.465585480137754e-13,-8.370190517406989e-14
273.98,5.475155841008272e-13,-8.34764271744961e-14
273.99,5.484672386818734e-13,-8.324420414854668e-14
274.0,5.494147395012819e-13,-8.300500505481918e-14
274.01,5.503567323150042e-13,-8.275839186398029e-14
274.02,5.512932978578052e-13,-8.250513680385445e-14
274.03,5.522247314415017e-13,-8.224508870521927e-14
274.04,5.531504573995048e-13,-8.197840316038881e-14
274.05,5.540715200399558e-13,-8.17048259075247e-14
274.06,5.54986424813459e-13,-8.142429606598833e-14
274.07,5.558961737218169e-13,-8.113747740387302e-14
274.08,5.567999659585974e-13,-8.084425883248536e-14
274.09,5.576982673523701e-13,-8.054321690739588e-14
274.1,5.585907723852355e-13,-8.023664952397965e-14
274.11,5.594770679150928e-13,-7.992317525206229e-14
274.12,5.603579862526392e-13,-7.960303132702741e-14
274.13,5.612323987054861e-13,-7.927676879624238e-14
274.14,5.621013284891459e-13,-7.894401112196537e-14
274.15,5.629637452107272e-13,-7.860468813426037e-14
274.16,5.63820261194192e-13,-7.82593330232613e-14
274.17,5.646705871519701e-13,-7.790758178348164e-14
274.18,5.655139359572599e-13,-7.754929392039972e-14
274.19,5.663519132306505e-13,-7.718495583716274e-14
274.2,5.671828376919239e-13,-7.681451401941591e-14
274.21,5.68007589229733e-13,-7.643790284797795e-14
274.22,5.688260488674e-13,-7.605450178292417e-14
274.23,5.696365013757338e-13,-7.566684019349145e-14
274.24,5.704413179614747e-13,-7.527207593101811e-14
274.25,5.712394212850091e-13,-7.487124909033722e-14
274.26,5.720308097283845e-13,-7.446485050387991e-14
274.27,5.728163738377381e-13,-7.405129833622731e-14
274.28,5.735923961602459e-13,-7.36342041943306e-14
274.29,5.743624849647187e-13,-7.321045487827587e-14
274.3,5.751259935111021e-13,-7.27806128754346e-14
274.31,5.758824765330923e-13,-7.234532592250257e-14
274.32,5.766313999532965e-13,-7.19044910275712e-14
274.33,5.773733551269712e-13,-7.145794639426881e-14
274.34,5.781082952946005e-13,-7.100590748928693e-14
274.35,5.788357448742008e-13,-7.054887506776168e-14
274.36,5.795564695851642e-13,-7.008633071682624e-14
274.37,5.802681111492908e-13,-6.961750655047878e-14
274.38,5.809734845411472e-13,-6.914407606371436e-14
274.39,5.816710682379666e-13,-6.866545459684398e-14
274.4,5.823614343429898e-13,-6.81811188525321e-14
274.41,5.830436895312642e-13,-6.7692171045387e-14
274.42,5.837187125284809e-13,-6.719798592733871e-14
274.43,5.843858891513603e-13,-6.669856964871167e-14
274.44,5.850452882731372e-13,-6.619443739400376e-14
274.45,5.856966557426019e-13,-6.56851389173649e-14
274.46,5.863406409253784e-13,-6.517122598735211e-14
274.47,5.869767083951942e-13,-6.465217453752753e-14
274.48,5.876044532083667e-13,-6.412864413679872e-14
274.49,5.88224468730082e-13,-6.359994300186186e-14
274.5,5.88836547721014e-13,-6.306679999274594e-14
274.51,5.894401276394618e-13,-6.252927617109812e-14
274.52,5.900360063854427e-13,-6.198696404315468e-14
274.53,5.906238247719932e-13,-6.144019531844719e-14
274.54,5.912028495957163e-13,-6.08891834513471e-14
274.55,5.917742230999009e-13,-6.03334346799806e-14
274.56,5.923371416500278e-13,-5.977350369841577e-14
274.57,5.928916617421885e-13,-5.920938113512513e-14
274.58,5.934379272833143e-13,-5.864105319430887e-14
274.59,5.93976184763955e-13,-5.806825116480193e-14
274.6,5.945055767099605e-13,-5.749158825225927e-14
274.61,5.950267294082797e-13,-5.691090699243292e-14
274.62,5.955395630400266e-13,-5.6326353052516937e-14
274.63,5.960434343676725e-13,-5.57378439494855e-14
274.64,5.965390540594495e-13,-5.5144906888776676e-14
274.65,5.970255692738204e-13,-5.45487232052974e-14
274.66,5.975043339684947e-13,-5.394853336423937e-14
274.67,5.979736978418556e-13,-5.334509242341173e-14
274.68,5.984349065091925e-13,-5.2737241376294915e-14
274.69,5.988872214798568e-13,-5.2126464984434815e-14
274.7,5.993309391699324e-13,-5.1512007677249145e-14
274.71,5.997649858900215e-13,-5.0894063372593153e-14
274.72,6.001920060525185e-13,-5.027262177205306e-14
274.73,6.006091895118667e-13,-4.964787403506099e-14
274.74,6.010173396440209e-13,-4.902018799402603e-14
274.75,6.014170537278174e-13,-4.838903135038466e-14
274.76,6.01807594237265e-13,-4.7754855158344624e-14
274.77,6.021896281201e-13,-4.711728753373417e-14
274.78,6.025624352057357e-13,-4.647683133622815e-14
274.79,6.029265498913616e-13,-4.583362530351894e-14
274.8,6.032846545249234e-13,-4.518618308091276e-14
274.81,6.036274083330728e-13,-4.4537984195437855e-14
274.82,6.039644036089942e-13,-4.388618447595807e-14
274.83,6.042921820222456e-13,-4.3231874143033236e-14
274.84,6.046110927402884e-13,-4.257445413015479e-14
274.85,6.049210760992177e-13,-4.19146001897772e-14
274.86,6.052214855102988e-13,-4.125244591714306e-14
274.87,6.055135895135508e-13,-4.058698789269761e-14
274.88,6.057957064516646e-13,-3.992005874643462e-14
274.89,6.060693531667154e-13,-3.9249973131678866e-14
274.9,6.063337023738659e-13,-3.8578160914707445e-14
274.91,6.065887902948699e-13,-3.790473505313238e-14
274.92,6.068346872495349e-13,-3.7228291790697886e-14
274.93,6.070711610786673e-13,-3.655008706985536e-14
274.94,6.0729871912924e-13,-3.586973420427257e-14
274.95,6.075175242248494e-13,-3.518752546035668e-14
274.96,6.077270551611622e-13,-3.4502859853799456e-14
274.97,6.079267415724504e-13,-3.3817082075825843e-14
274.98,6.08118097983032e-13,-3.3129440386037345e-14
274.99,6.082992257194634e-13,-3.243923752457186e-14
275.0,6.084715734023751e-13,-3.174877478909509e-14
275.01,6.086349242647434e-13,-3.1055775634495416e-14
275.02,6.087888231512763e-13,-3.036138880621406e-14
275.03,6.089336419987747e-13,-2.966570690555141e-14
275.04,6.090689694481334e-13,-2.8968665187979043e-14
275.05,6.091951673012088e-13,-2.8269931505129955e-14
275.06,6.093121470572003e-13,-2.757024210299602e-14
275.07,6.094193647266116e-13,-2.686954687901347e-14
275.08,6.095176688266174e-13,-2.616718619218379e-14
275.09,6.096074900463506e-13,-2.54640844999267e-14
275.1,6.096874769708115e-13,-2.475980423166081e-14
275.11,6.09758055043622e-13,-2.405479231808042e-14
275.12,6.098197734024854e-13,-2.334876298477696e-14
275.13,6.098718491638106e-13,-2.2641773768722118e-14
275.14,6.099149587691772e-13,-2.1934404975961666e-14
275.15,6.099488213222781e-13,-2.1225781575395277e-14
275.16,6.099737882763642e-13,-2.0516934926900466e-14
275.17,6.099880785122344e-13,-1.9807491918914657e-14
275.18,6.099948164114182e-13,-1.9097407525901284e-14
275.19,6.099921049570296e-13,-1.8386814600922488e-14
275.2,6.099797700545677e-13,-1.7675986955313513e-14
275.21,6.099585305234045e-13,-1.696484395917282e-14
275.22,6.099279169086906e-13,-1.625334242075877e-14
275.23,6.098879868679038e-13,-1.5542203610904267e-14
275.24,6.098397282259751e-13,-1.4829813960495818e-14
275.25,6.097815673681022e-13,-1.4118161846794696e-14
275.26,6.097137064355975e-13,-1.3406590095878555e-14
275.27,6.096383886978933e-13,-1.269419080433208e-14
275.28,6.095523954008466e-13,-1.1983187338350778e-14
275.29,6.094586224815629e-13,-1.1271238834349407e-14
275.3,6.093551902077939e-13,-1.0560038549317525e-14
275.31,6.092426114654037e-13,-9.848996860001145e-15
275.32,6.091213770363542e-13,-9.138495294985488e-15
275.33,6.089912272827216e-13,-8.428420874604544e-15
275.34,6.088514783077768e-13,-7.718284246520988e-15
275.35,6.08702997237698e-13,-7.009630951168717e-15
275.36,6.085457214413033e-13,-6.300739164266515e-15
275.37,6.083796494995143e-13,-5.592812339744816e-15
275.38,6.082046476420428e-13,-4.885587995574443e-15
275.39,6.080205354304365e-13,-4.179371506311832e-15
275.4,6.078274548271694e-13,-3.4735876549095955e-15
275.41,6.076257388064074e-13,-2.769192287340321e-15
275.42,6.074151911719432e-13,-2.065540998527591e-15
275.43,6.071964773489705e-13,-1.3628668843103204e-15
275.44,6.069682077194769e-13,-6.614252891181013e-16
275.45,6.067309057034104e-13,3.915676396697939e-17
275.46,6.064856200566161e-13,7.383115620604227e-16
275.47,6.062314863218332e-13,1.4362781213516886e-15
275.48,6.059687241133824e-13,2.132865936295218e-15
275.49,6.05697464415183e-13,2.8283486633991454e-15
275.5,6.054171754533032e-13,3.522039232061585e-15
275.51,6.051283737748241e-13,4.21420857542168e-15
275.52,6.04831334816195e-13,4.9051045480591094e-15
275.53,6.045264193294863e-13,5.594171454943816e-15
275.54,6.042121666602154e-13,6.2816900842798115e-15
275.55,6.038894510681483e-13,6.967366421434279e-15
275.56,6.035586467603922e-13,7.65141783050267e-15
275.57,6.032194376126872e-13,8.333524389407907e-15
275.58,6.028715653663129e-13,9.013632192771388e-15
275.59,6.025160742003997e-13,9.692074248694399e-15
275.6,6.021515658874614e-13,1.0368565987442715e-14
275.61,6.017794037704747e-13,1.1042401429743397e-14
275.62,6.013992327619112e-13,1.1714925396160544e-14
275.63,6.010102497917992e-13,1.238475926767605e-14
275.64,6.006134547340372e-13,1.305221683015803e-14
275.65,6.002085900274403e-13,1.3717961522984808e-14
275.66,5.997957854984121e-13,1.438097554822688e-14
275.67,5.993747636194623e-13,1.504175447975914e-14
275.68,5.989461512465561e-13,1.5699960763817316e-14
275.69,5.985090668518336e-13,1.6356125679705186e-14
275.7,5.980642987860883e-13,1.7008790031378452e-14
275.71,5.976119908628405e-13,1.7659791578225735e-14
275.72,5.971519787335837e-13,1.8307871669628538e-14
275.73,5.966838607166282e-13,1.895301612843946e-14
275.74,5.962084234462655e-13,1.9595701258256454e-14
275.75,5.957251802419436e-13,2.0235552413618863e-14
275.76,5.952345632975754e-13,2.087275892754731e-14
275.77,5.947357448455746e-13,2.1506230921430427e-14
275.78,5.942301265655565e-13,2.21379591070179e-14
275.79,5.93715388443133e-13,2.2765157216286246e-14
275.8,5.931952579411452e-13,2.3390315362302864e-14
275.81,5.926671893263498e-13,2.4012335949700543e-14
275.82,5.921312097703858e-13,2.4631040356409437e-14
275.83,5.915889214721534e-13,2.524682128644055e-14
275.84,5.910388195553733e-13,2.5859088145862656e-14
275.85,5.904815268853343e-13,2.6468072176534654e-14
275.86,5.899170626311165e-13,2.7073632587201332e-14
275.87,5.893460239916353e-13,2.7676483806515714e-14
275.88,5.887672728865485e-13,2.827420404192146e-14
275.89,5.881817586628573e-13,2.8870148992496026e-14
275.9,5.87589268334367e-13,2.9461973111149536e-14
275.91,5.869901047159276e-13,3.005041374708303e-14
275.92,5.863839875354354e-13,3.063515045001798e-14
275.93,5.857713189970185e-13,3.1216098993676624e-14
275.94,5.851515419618633e-13,3.1793380892664833e-14
275.95,5.845253624764859e-13,3.2366921611367445e-14
275.96,5.838930517377771e-13,3.293715358367968e-14
275.97,5.832536984076171e-13,3.350262298925271e-14
275.98,5.826077467828322e-13,3.40646033877705e-14
275.99,5.819552334321477e-13,3.4622976531857617e-14
276.0,5.812965901205376e-13,3.5176951976160454e-14
276.01,5.806315225833109e-13,3.5727330349212186e-14
276.02,5.799604310165758e-13,3.627345366940632e-14
276.03,5.792828021026712e-13,3.681574218154818e-14
276.04,5.785992091609297e-13,3.735344584864186e-14
276.05,5.779102666243521e-13,3.7887436404779075e-14
276.06,5.772135330106166e-13,3.84170090676255e-14
276.07,5.765124509196344e-13,3.8942307853399835e-14
276.08,5.758047258813568e-13,3.9463309834756713e-14
276.09,5.750911987799719e-13,3.998018425223889e-14
276.1,5.74371988589225e-13,4.049244097231181e-14
276.11,5.736468488151128e-13,4.100046670611422e-14
276.12,5.72916311778428e-13,4.1504220819719014e-14
276.13,5.721800959754508e-13,4.200321303723807e-14
276.14,5.71439003546015e-13,4.249766688801304e-14
276.15,5.706912828608447e-13,4.298754212324694e-14
276.16,5.699383302444176e-13,4.3473740501033334e-14
276.17,5.691802254992517e-13,4.3954587382449744e-14
276.18,5.684168442967128e-13,4.4430932178283816e-14
276.19,5.676482894120982e-13,4.490252072837195e-14
276.2,5.668744018693715e-13,4.536940751660447e-14
276.21,5.660955125841283e-13,4.583171948794219e-14
276.22,5.653116415847589e-13,4.628909642614243e-14
276.23,5.645232354257463e-13,4.674159198503403e-14
276.24,5.63729361367308e-13,4.7190523132252246e-14
276.25,5.629300908614465e-13,4.7632682400015794e-14
276.26,5.621267742653783e-13,4.8070791652133615e-14
276.27,5.613186865749684e-13,4.850390377062226e-14
276.28,5.605058716796107e-13,4.893211264878673e-14
276.29,5.596883606610574e-13,4.9355300700473166e-14
276.3,5.588663719313579e-13,4.9773731780889576e-14
276.31,5.580403383295854e-13,5.018708767914722e-14
276.32,5.572096545741005e-13,5.059487946412366e-14
276.33,5.563744370595507e-13,5.09987817059548e-14
276.34,5.555349293968377e-13,5.1396094816298987e-14
276.35,5.546912875756636e-13,5.178922448494759e-14
276.36,5.538438175641403e-13,5.21767637768173e-14
276.37,5.529920131916896e-13,5.255945116949662e-14
276.38,5.521364782007166e-13,5.2936681718625657e-14
276.39,5.512769612247749e-13,5.33088833241577e-14
276.4,5.504134705086923e-13,5.3675582505301595e-14
276.41,5.495465615656868e-13,5.403677796289362e-14
276.42,5.486748260975521e-13,5.439322112017718e-14
276.43,5.478010806822433e-13,5.47441313207753e-14
276.44,5.469228216399099e-13,5.5089982617096085e-14
276.45,5.460413938823682e-13,5.5430205334219424e-14
276.46,5.451562369968469e-13,5.576512441973762e-14
276.47,5.442679774438386e-13,5.609460972383563e-14
276.48,5.433762953315386e-13,5.641863884623789e-14
276.49,5.424814570300467e-13,5.673708505900945e-14
276.5,5.415828547905297e-13,5.705022205785273e-14
276.51,5.406824401381414e-13,5.73579815553529e-14
276.52,5.397784981570516e-13,5.766027760826864e-14
276.53,5.388712211733493e-13,5.795695189216012e-14
276.54,5.379613657902379e-13,5.824800076559784e-14
276.55,5.370488261095096e-13,5.853363380312535e-14
276.56,5.361333777266251e-13,5.881381387989421e-14
276.57,5.352152499078328e-13,5.908826056326828e-14
276.58,5.342947496181832e-13,5.93571584560758e-14
276.59,5.333715567757396e-13,5.962037765361429e-14
276.6,5.324459864761899e-13,5.98782177695935e-14
276.61,5.315180968024984e-13,6.013026434009346e-14
276.62,5.305878823589724e-13,6.037656804544084e-14
276.63,5.296552831078925e-13,6.06174023961467e-14
276.64,5.287208733586533e-13,6.085258244737643e-14
276.65,5.277839866418464e-13,6.10820265611506e-14
276.66,5.26845403867203e-13,6.13058997055467e-14
276.67,5.259048018460836e-13,6.152388261324624e-14
276.68,5.249624507668764e-13,6.173605460949673e-14
276.69,5.240181050691953e-13,6.194287090017713e-14
276.7,5.230720170691563e-13,6.214419076914165e-14
276.71,5.221244250362047e-13,6.233942532623498e-14
276.72,5.211752472251783e-13,6.252885812911392e-14
276.73,5.20224705488805e-13,6.271271195831188e-14
276.74,5.192723920753224e-13,6.289090348750865e-14
276.75,5.183188528978262e-13,6.306316455191094e-14
276.76,5.173642958278296e-13,6.322962947968679e-14
276.77,5.164088494199433e-13,6.339016800260467e-14
276.78,5.154509622145429e-13,6.354566321164464e-14
276.79,5.144927717354296e-13,6.36949195324888e-14
276.8,5.135335447516534e-13,6.383846407546249e-14
276.81,5.125732605374197e-13,6.397624095337717e-14
276.82,5.116123697003036e-13,6.410827550670633e-14
276.83,5.106505595014526e-13,6.423443396656542e-14
276.84,5.096878374658997e-13,6.435502606875921e-14
276.85,5.087248967055286e-13,6.446962976920394e-14
276.86,5.077608695984971e-13,6.457859182913717e-14
276.87,5.06796849699739e-13,6.468159132041554e-14
276.88,5.05832329763363e-13,6.47789711919535e-14
276.89,5.048669222779916e-13,6.487086980038916e-14
276.9,5.039018524909472e-13,6.495665308806313e-14
276.91,5.029361240845845e-13,6.503661602565754e-14
276.92,5.019704208006626e-13,6.511116292862784e-14
276.93,5.010045472959063e-13,6.517971682971883e-14
276.94,5.000391429800119e-13,6.524243966050347e-14
276.95,4.990737108170006e-13,6.529958450855634e-14
276.96,4.98107821542715e-13,6.535052270122119e-14
276.97,4.971427266342673e-13,6.539647855460205e-14
276.98,4.961772781287758e-13,6.543645410304136e-14
276.99,4.952126101179417e-13,6.547053122938782e-14
277.0,4.942482488489979e-13,6.549901276260523e-14
277.01,4.932845442048874e-13,6.552192496653405e-14
277.02,4.923212150331831e-13,6.55388173165251e-14
277.03,4.913584316211909e-13,6.555010312589305e-14
277.04,4.903964772917764e-13,6.555560531152625e-14
277.05,4.894348603841228e-13,6.555541656284522e-14
277.06,4.884749777309899e-13,6.555004459468247e-14
277.07,4.875157113426497e-13,6.553879359871171e-14
277.08,4.865570569687957e-13,6.552186253149948e-14
277.09,4.855993767046221e-13,6.549905217522164e-14
277.1,4.846432555454043e-13,6.547092913730385e-14
277.11,4.836880325664066e-13,6.54370352979966e-14
277.12,4.827338248436433e-13,6.539763293900535e-14
277.13,4.817804167782198e-13,6.535188091402342e-14
277.14,4.808296347684736e-13,6.530182315470872e-14
277.15,4.798800284190077e-13,6.524582282932277e-14
277.16,4.789317073503104e-13,6.51839223344746e-14
277.17,4.779849110977669e-13,6.511681486258937e-14
277.18,4.770398124889857e-13,6.504413424321773e-14
277.19,4.760963710368976e-13,6.496588157571411e-14
277.2,4.751548124781164e-13,6.48823064175563e-14
277.21,4.742148145944254e-13,6.47930974350359e-14
277.22,4.732770131906074e-13,6.469862915385532e-14
277.23,4.723406837113823e-13,6.459849816314867e-14
277.24,4.714068851200724e-13,6.449297786530824e-14
277.25,4.704756028538152e-13,6.43823540215265e-14
277.26,4.695456306196565e-13,6.426616989309126e-14
277.27,4.686180803768621e-13,6.414454682339242e-14
277.28,4.676932003390351e-13,6.401779057495443e-14
277.29,4.667701803556948e-13,6.388553481742753e-14
277.3,4.658498880716751e-13,6.374806804655399e-14
277.31,4.649318545655633e-13,6.3605275795596e-14
277.32,4.640161719120884e-13,6.345727550072351e-14
277.33,4.631036344084195e-13,6.330422468062164e-14
277.34,4.621934309588965e-13,6.314573850813207e-14
277.35,4.612857872729305e-13,6.298227271968804e-14
277.36,4.603814683003436e-13,6.281340612341916e-14
277.37,4.594794918819617e-13,6.263924840420036e-14
277.38,4.585805678093376e-13,6.24603712103482e-14
277.39,4.576848094650813e-13,6.227640629564326e-14
277.4,4.567922093220127e-13,6.208722120280086e-14
277.41,4.559019274558019e-13,6.189301546643794e-14
277.42,4.550155891422353e-13,6.169366869171144e-14
277.43,4.541319043205435e-13,6.148962953085329e-14
277.44,4.532517936365939e-13,6.128049405375464e-14
277.45,4.523747536563196e-13,6.106638427968543e-14
277.46,4.515014742500511e-13,6.084754422739374e-14
277.47,4.5063115344399483e-13,6.062356095813354e-14
277.48,4.4976499555404416e-13,6.039498436637733e-14
277.49,4.489013555076456e-13,6.016122631231513e-14
277.5,4.4804204041011575e-13,5.992307208545302e-14
277.51,4.471865629348735e-13,5.96800426322687e-14
277.52,4.463342573069686e-13,5.943216007917753e-14
277.53,4.454860515909629e-13,5.91797783635032e-14
277.54,4.446415350281003e-13,5.892257297729609e-14
277.55,4.4380105652076785e-13,5.86606266156563e-14
277.56,4.42964258760686e-13,5.839444952579135e-14
277.57,4.4213165316931773e-13,5.812347088444292e-14
277.58,4.413027689366499e-13,5.784759487582064e-14
277.59,4.404783096000389e-13,5.756762993030835e-14
277.6,4.3965779171200863e-13,5.728305302853447e-14
277.61,4.388420026793961e-13,5.699421730024123e-14
277.62,4.380293653238207e-13,5.670069812735949e-14
277.63,4.3722177675941154e-13,5.6402812143439143e-14
277.64,4.36418079293896e-13,5.610055184758643e-14
277.65,4.3561964513434185e-13,5.579390030454361e-14
277.66,4.348248852837598e-13,5.5483430878113185e-14
277.67,4.340348594018776e-13,5.516823269161253e-14
277.68,4.3324930750706507e-13,5.4848994065481696e-14
277.69,4.324683686550297e-13,5.4525593196908985e-14
277.7,4.3169198737960775e-13,5.4198141215088074e-14
277.71,4.3092035317025153e-13,5.3866162448629556e-14
277.72,4.301534553679361e-13,5.3530559029898125e-14
277.73,4.293911311316859e-13,5.319047391328391e-14
277.74,4.2863441863095217e-13,5.2846938456834486e-14
277.75,4.2788186680832045e-13,5.2499132731304404e-14
277.76,4.271339355485702e-13,5.214714135418697e-14
277.77,4.2639172469432465e-13,5.1791802399656634e-14
277.78,4.2565375898049817e-13,5.1432030589061644e-14
277.79,4.24921796591378e-13,5.106890672185553e-14
277.8,4.241941505256347e-13,5.070192803122242e-14
277.81,4.234718592219437e-13,5.0331160561613824e-14
277.82,4.2275459237538255e-13,4.9956603648321064e-14
277.83,4.220428924332515e-13,4.957845240407477e-14
277.84,4.2133633417691766e-13,4.919697932262606e-14
277.85,4.206358407345804e-13,4.8812260890793e-14
277.86,4.1993868877631184e-13,4.8422490048062446e-14
277.87,4.192481983404795e-13,4.8030042910756705e-14
277.88,4.1856265166946737e-13,4.763407100945064e-14
277.89,4.178829266241959e-13,4.7234739822588864e-14
277.9,4.1720872849006576e-13,4.6831917075987976e-14
277.91,4.165398131112155e-13,4.642576626321518e-14
277.92,4.158767510968614e-13,4.601655140242474e-14
277.93,4.15218765724002e-13,4.5604245240221886e-14
277.94,4.1456717342978886e-13,4.518842160118678e-14
277.95,4.139206224039669e-13,4.476911189885418e-14
277.96,4.13280256273094e-13,4.434677105135062e-14
277.97,4.126452386296695e-13,4.392166942099767e-14
277.98,4.1201627965177146e-13,4.3493401745553463e-14
277.99,4.113926636441489e-13,4.306223438182183e-14
278.0,4.1077558806873284e-13,4.2627709140501535e-14
278.01,4.101636861686798e-13,4.21905343458201e-14
278.02,4.0955794697513056e-13,4.175060095831353e-14
278.03,4.0895872814483616e-13,4.1307466963115734e-14
278.04,4.0836480106846106e-13,4.086204107134513e-14
278.05,4.0777724920418493e-13,4.041357894406079e-14
278.06,4.071956247915157e-13,3.996233171050472e-14
278.07,4.066192326718168e-13,3.950864348770449e-14
278.08,4.060500780118256e-13,3.905209459554112e-14
278.09,4.0548668451021573e-13,3.859317122973791e-14
278.1,4.049292369623385e-13,3.8131401316158485e-14
278.11,4.0437784917163654e-13,3.7667437883893975e-14
278.12,4.038333843970155e-13,3.7201131393810345e-14
278.13,4.0329424442621164e-13,3.6731994913910195e-14
278.14,4.027619474377112e-13,3.626122642087586e-14
278.15,4.022354609871675e-13,3.5787193819083964e-14
278.16,4.01715366092435e-13,3.5311441194779586e-14
278.17,4.0120192769789864e-13,3.483320731659817e-14
278.18,4.00694477348342e-13,3.43530041268464e-14
278.19,4.0019356359017474e-13,3.387064115660792e-14
278.2,3.9969907228339995e-13,3.338607284819838e-14
278.21,3.9921314393619215e-13,3.290020586285324e-14
278.22,3.987292221835106e-13,3.241127719858329e-14
278.23,3.9825397048420886e-13,3.1921001206362934e-14
278.24,3.977854332039739e-13,3.1428757856881044e-14
278.25,3.9732305391665624e-13,3.093469398025617e-14
278.26,3.968671308569123e-13,3.043854249677022e-14
278.27,3.9641777603999253e-13,2.9940803971354223e-14
278.28,3.959752264718015e-13,2.944146316384801e-14
278.29,3.9553886230340713e-13,2.89401745415902e-14
278.3,3.9510878690423167e-13,2.843756373341226e-14
278.31,3.9468634362451666e-13,2.7933250437380422e-14
278.32,3.9426997818562363e-13,2.7427309211557763e-14
278.33,3.938599414822215e-13,2.6919944600156808e-14
278.34,3.934567894296328e-13,2.6411383891583622e-14
278.35,3.9306049357751903e-13,2.5901208078559656e-14
278.36,3.9267064392732836e-13,2.538956360890381e-14
278.37,3.922875771601215e-13,2.487673982313037e-14
278.38,3.9191128906780567e-13,2.4362737933214486e-14
278.39,3.915412291213078e-13,2.3847852241924754e-14
278.4,3.911781061670241e-13,2.3330853992651828e-14
278.41,3.908217911255613e-13,2.281359712841917e-14
278.42,3.9047242104586784e-13,2.2294966789962128e-14
278.43,3.9012936990555623e-13,2.1775342643737294e-14
278.44,3.897936130994775e-13,2.1254925779756533e-14
278.45,3.894639769291463e-13,2.0733302224289295e-14
278.46,3.891414724676804e-13,2.0210822026915508e-14
278.47,3.88825749852352e-13,1.968751041818312e-14
278.48,3.8851607922818646e-13,1.9164133365169444e-14
278.49,3.882143729486792e-13,1.8639189769396407e-14
278.5,3.8791904572612613e-13,1.811387136540291e-14
278.51,3.8763049161394856e-13,1.7587867133982644e-14
278.52,3.873485764509833e-13,1.7061275605153186e-14
278.53,3.8707327929620233e-13,1.6533765568698842e-14
278.54,3.8680512365517594e-13,1.600623459113358e-14
278.55,3.8654375098863833e-13,1.5477916935278706e-14
278.56,3.8628923710687345e-13,1.4949801286485613e-14
278.57,3.8604109820274617e-13,1.442032733125772e-14
278.58,3.8580050069198123e-13,1.3891253531916076e-14
278.59,3.8556620860827635e-13,1.3361919024292569e-14
278.6,3.85338779713823e-13,1.2832173194669944e-14
278.61,3.85118473235697e-13,1.2302323179252804e-14
278.62,3.8490456003653114e-13,1.1772207649174542e-14
278.63,3.846975581722544e-13,1.1242124573740946e-14
278.64,3.844974309895081e-13,1.0711845304747488e-14
278.65,3.843073802984943e-13,1.0181717312373203e-14
278.66,3.8411786555130617e-13,9.651530004958627e-15
278.67,3.839381294998428e-13,9.121713263462865e-15
278.68,3.837652830224948e-13,8.591944831424705e-15
278.69,3.8359903659251466e-13,8.062307079037077e-15
278.7,3.8343993116780573e-13,7.532815070902397e-15
278.71,3.832872500113497e-13,7.0039467257730974e-15
278.72,3.831416584826666e-13,6.4750516664464245e-15
278.73,3.8300229654767987e-13,5.94658055433741e-15
278.74,3.828715859873961e-13,5.419775938247482e-15
278.75,3.827449945486094e-13,4.8905785607870325e-15
278.76,3.826257003815369e-13,4.363947627131675e-15
278.77,3.8251390827582145e-13,3.83766495650888e-15
278.78,3.8240858137395085e-13,3.311591941842428e-15
278.79,3.8231010051280474e-13,2.786526845772264e-15
278.8,3.822182279002843e-13,2.2621872554168573e-15
278.81,3.821330168212399e-13,1.7380473232939498e-15
278.82,3.820546725022937e-13,1.2154637438803056e-15
278.83,3.8198190745487595e-13,6.92744616079057e-16
278.84,3.819176107882405e-13,1.7162510954378562e-16
278.85,3.8185902363802924e-13,-3.48704289736898e-16
278.86,3.81806952167024e-13,-8.681160669982985e-16
278.87,3.8176188274530526e-13,-1.3866632591468536e-15
278.88,3.817231288139877e-13,-1.9039228653764317e-15
278.89,3.8169069160751124e-13,-2.4204663058206602e-15
278.9,3.816652595440292e-13,-2.9357676160347863e-15
278.91,3.8164655478747796e-13,-3.4496069182952726e-15
278.92,3.816336027345591e-13,-3.962488995499565e-15
278.93,3.816280608627974e-13,-4.4743015674385346e-15
278.94,3.816284969715045e-13,-4.984636021610374e-15
278.95,3.8163529823278586e-13,-5.493546763520005e-15
278.96,3.816486196142459e-13,-6.00095687825603e-15
278.97,3.816686350783885e-13,-6.50713279113394e-15
278.98,3.816951197480985e-13,-7.01188123029025e-15
278.99,3.817278882515114e-13,-7.51486709458801e-15
279.0,3.817670878102915e-13,-8.016931154589824e-15
279.01,3.818123473727927e-13,-8.516752923928678e-15
279.02,3.818650170118694e-13,-9.014804140742538e-15
279.03,3.8192243168076656e-13,-9.511806859710351e-15
279.04,3.8198700644929707e-13,-1.0006823490750955e-14
279.05,3.8205747357026476e-13,-1.050018237953499e-14
279.06,3.8213477768813715e-13,-1.0991582625253941e-14
279.07,3.8221769904942155e-13,-1.14812202524545e-14
279.08,3.823070838166584e-13,-1.1969121629125922e-14
279.09,3.824028087467275e-13,-1.245524948765704e-14
279.1,3.825044108982601e-13,-1.2939370778508098e-14
279.11,3.8261309690893787e-13,-1.3420301628092156e-14
279.12,3.827262399807321e-13,-1.3900720365446927e-14
279.13,3.828461814365206e-13,-1.4378602436327625e-14
279.14,3.829725261946865e-13,-1.4854216797165666e-14
279.15,3.831047575784175e-13,-1.5327739283097648e-14
279.16,3.832426811086535e-13,-1.5799255965575563e-14
279.17,3.833865418823589e-13,-1.6268411339189756e-14
279.18,3.8353624935914647e-13,-1.6735889484673734e-14
279.19,3.8369194236876783e-13,-1.7200579270910592e-14
279.2,3.8385463894375185e-13,-1.766189250782014e-14
279.21,3.840220837873953e-13,-1.8122310572942364e-14
279.22,3.84195497281093e-13,-1.8579732839061576e-14
279.23,3.8437419572702786e-13,-1.903525755760956e-14
279.24,3.845592657501181e-13,-1.9487953532479322e-14
279.25,3.847499691013587e-13,-1.9938048594421238e-14
279.26,3.84946224512458e-13,-2.038591881615974e-14
279.27,3.851480631946488e-13,-2.083077153584114e-14
279.28,3.853557822116706e-13,-2.127348448919781e-14
279.29,3.8556883662796037e-13,-2.1712676587623612e-14
279.3,3.857878529976228e-13,-2.215048851682656e-14
279.31,3.860118495088062e-13,-2.258473124676856e-14
279.32,3.8624203270032437e-13,-2.3016477256636303e-14
279.33,3.8647739323174504e-13,-2.3445287399156206e-14
279.34,3.867178253688813e-13,-2.3871591466225174e-14
279.35,3.869638221381481e-13,-2.429481483555524e-14
279.36,3.872153005316625e-13,-2.4715032302394624e-14
279.37,3.8747227115876354e-13,-2.513268158700168e-14
279.38,3.8773327018355946e-13,-2.5547269553747414e-14
279.39,3.880010075378559e-13,-2.595867760225304e-14
279.4,3.88273649933322e-13,-2.6367357198516586e-14
279.41,3.8855131460681155e-13,-2.677278119398896e-14
279.42,3.8883378911547196e-13,-2.71753115969416e-14
279.43,3.891214078352543e-13,-2.757476114933774e-14
279.44,3.894144160004357e-13,-2.797108680537278e-14
279.45,3.897126850286441e-13,-2.8364109897084263e-14
279.46,3.9001519578756394e-13,-2.875413963195495e-14
279.47,3.903223587151827e-13,-2.914122469922286e-14
279.48,3.9063555019041986e-13,-2.952441063192897e-14
279.49,3.909528329240718e-13,-2.9904760509121815e-14
279.5,3.91275071712945e-13,-3.0281675977659856e-14
279.51,3.9160208234620784e-13,-3.06554468452191e-14
279.52,3.919340136510893e-13,-3.102572839721161e-14
279.53,3.922703232717329e-13,-3.1392696037026076e-14
279.54,3.926119664718247e-13,-3.1756090365037355e-14
279.55,3.9295749621705405e-13,-3.211593336241993e-14
279.56,3.9330792924163196e-13,-3.247286699076255e-14
279.57,3.936624986918516e-13,-3.2825887670305745e-14
279.58,3.940218672596107e-13,-3.317547288957275e-14
279.59,3.9438520535081263e-13,-3.352175409602942e-14
279.6,3.9475327906181924e-13,-3.3864346145281175e-14
279.61,3.951257957892781e-13,-3.420344208372687e-14
279.62,3.9550263699880084e-13,-3.45385633906713e-14
279.63,3.9588372154262057e-13,-3.487102176972862e-14
279.64,3.9626862327721205e-13,-3.519827129062583e-14
279.65,3.9665822051586353e-13,-3.552273233051083e-14
279.66,3.9705149915762864e-13,-3.5843940066963057e-14
279.67,3.974488472571712e-13,-3.6160972889613686e-14
279.68,3.978506951874249e-13,-3.647438325607364e-14
279.69,3.982561796639148e-13,-3.6783919712205306e-14
279.7,3.9866552943935536e-13,-3.7089969620163993e-14
279.71,3.990792230057425e-13,-3.739165216882445e-14
279.72,3.994960992016459e-13,-3.769053551557813e-14
279.73,3.9991734464196713e-13,-3.7984563853551695e-14
279.74,4.003420151771396e-13,-3.8274429578122976e-14
279.75,4.0077067491428866e-13,-3.8561556180770473e-14
279.76,4.0120274950924286e-13,-3.884418823163554e-14
279.77,4.016384429863881e-13,-3.9123036026264705e-14
279.78,4.020778824465484e-13,-3.939790384973391e-14
279.79,4.025206494745987e-13,-3.966917108762472e-14
279.8,4.0296690765617794e-13,-3.9935861362796094e-14
279.81,4.0341634360057694e-13,-4.019916856410249e-14
279.82,4.038707118952809e-13,-4.0457639824294437e-14
279.83,4.0432584491918176e-13,-4.071289488192966e-14
279.84,4.047859192813923e-13,-4.096410827655342e-14
279.85,4.052486464743219e-13,-4.1210985304051916e-14
279.86,4.057147378140184e-13,-4.145381955468457e-14
279.87,4.0618402298052693e-13,-4.169253953998597e-14
279.88,4.0665631507643224e-13,-4.1927103033775283e-14
279.89,4.07131475355234e-13,-4.2157864270562106e-14
279.9,4.076096521069722e-13,-4.238458928166775e-14
279.91,4.08091086856157e-13,-4.2606655910046176e-14
279.92,4.0857456106882447e-13,-4.282528205102916e-14
279.93,4.090621685365555e-13,-4.303897206689417e-14
279.94,4.095517623223506e-13,-4.3248764384250645e-14
279.95,4.1004440481212715e-13,-4.345446931331257e-14
279.96,4.1053922417181034e-13,-4.365605576163557e-14
279.97,4.110369446514975e-13,-4.3853421831791845e-14
279.98,4.115371215874911e-13,-4.4046635928789045e-14
279.99,4.1203973089119933e-13,-4.423575742213892e-14
280.0,4.125457052125554e-13,-4.441990551260575e-14
280.01,4.130529520905344e-13,-4.460076604814695e-14
280.02,4.135628292020911e-13,-4.477678347760727e-14
280.03,4.14075265367931e-13,-4.4948928118781245e-14
280.04,4.145890025590972e-13,-4.5116529960852873e-14
280.05,4.1510675186790916e-13,-4.5279694173677424e-14
280.06,4.156258174387128e-13,-4.543888067585371e-14
280.07,4.1614685702009117e-13,-4.559362883610259e-14
280.08,4.166691486400062e-13,-4.574470271731327e-14
280.09,4.1719440823280997e-13,-4.589097043361781e-14
280.1,4.1772219074223434e-13,-4.603244725277333e-14
280.11,4.18251300352368e-13,-4.6169847376599605e-14
280.12,4.1878220992992416e-13,-4.63031154670861e-14
280.13,4.193148679651e-13,-4.643235456340106e-14
280.14,4.198492120831614e-13,-4.6556794052281614e-14
280.15,4.2038552113731764e-13,-4.6677108037002555e-14
280.16,4.209232522787792e-13,-4.679293429055669e-14
280.17,4.214615090482362e-13,-4.690473973653727e-14
280.18,4.2200558863570243e-13,-4.701093669198463e-14
280.19,4.225455872077109e-13,-4.711480677288015e-14
280.2,4.2308941260921933e-13,-4.7213753729148976e-14
280.21,4.2363469957189634e-13,-4.730772069165766e-14
280.22,4.2418114254361884e-13,-4.739775816676239e-14
280.23,4.24728987309884e-13,-4.748330016967664e-14
280.24,4.2527810385646677e-13,-4.756456473208556e-14
280.25,4.258281172021479e-13,-4.7641281742026185e-14
280.26,4.2637884503424105e-13,-4.7713742403590094e-14
280.27,4.2693206443196924e-13,-4.778196153869999e-14
280.28,4.274851466297397e-13,-4.7845770922745265e-14
280.29,4.280396832385665e-13,-4.790523119435466e-14
280.3,4.285945092343982e-13,-4.796047363827526e-14
280.31,4.2915052573300233e-13,-4.801121181385951e-14
280.32,4.2970774826032483e-13,-4.805754376260649e-14
280.33,4.302654229104597e-13,-4.809975621618953e-14
280.34,4.308236339823257e-13,-4.8137432326596195e-14
280.35,4.31382450939012e-13,-4.817034934797279e-14
280.36,4.319419123700667e-13,-4.819984543635715e-14
280.37,4.325024489030399e-13,-4.8224748381890706e-14
280.38,4.3306310488412624e-13,-4.8245106607407404e-14
280.39,4.336239575499621e-13,-4.8261155996559356e-14
280.4,4.3418582102293884e-13,-4.8273061660101454e-14
280.41,4.3474755953182817e-13,-4.8280429069103075e-14
280.42,4.353095752646324e-13,-4.828391887220567e-14
280.43,4.3587177755158764e-13,-4.828273703454204e-14
280.44,4.364350484681873e-13,-4.8277027260753e-14
280.45,4.369969114626688e-13,-4.826777788778327e-14
280.46,4.3755955639699233e-13,-4.825386544121349e-14
280.47,4.38122386865838e-13,-4.823564207884116e-14
280.48,4.386847916789362e-13,-4.82132497359421e-14
280.49,4.3924753811132385e-13,-4.8186600138317963e-14
280.5,4.3981014804963106e-13,-4.815570519481235e-14
280.51,4.403725155673954e-13,-4.8120319888982734e-14
280.52,4.4093442000535416e-13,-4.8081107277978836e-14
280.53,4.4149623072239577e-13,-4.803796162000775e-14
280.54,4.420576963274118e-13,-4.798972302879374e-14
280.55,4.4261912780870766e-13,-4.7937932865309234e-14
280.56,4.4317955136427264e-13,-4.788175477212323e-14
280.57,4.437398467756763e-13,-4.78214768615161e-14
280.58,4.4429924850226743e-13,-4.7757126864071304e-14
280.59,4.448586946152583e-13,-4.768837838396513e-14
280.6,4.454169709406755e-13,-4.761576238393027e-14
280.61,4.4597492728912443e-13,-4.7538757878186164e-14
280.62,4.465326993442962e-13,-4.745666783977411e-14
280.63,4.4708830848855147e-13,-4.737294885236258e-14
280.64,4.4764370919538404e-13,-4.7283984148759935e-14
280.65,4.4819826664657685e-13,-4.7190521955497655e-14
280.66,4.487519695901272e-13,-4.709330661321444e-14
280.67,4.4930484824346656e-13,-4.699194335441637e-14
280.68,4.498561806806801e-13,-4.688686767286792e-14
280.69,4.5040670186548636e-13,-4.6777522519473636e-14
280.7,4.509563987326593e-13,-4.666412942907469e-14
280.71,4.515042812747526e-13,-4.6546203425142597e-14
280.72,4.520515377608285e-13,-4.6425513092476824e-14
280.73,4.525975520231659e-13,-4.6300484701015333e-14
280.74,4.5314181536134336e-13,-4.617132344438532e-14
280.75,4.536852334163367e-13,-4.6038485944517683e-14
280.76,4.5422638449185537e-13,-4.590186551965619e-14
280.77,4.547672991314106e-13,-4.5760760276634335e-14
280.78,4.553059128600795e-13,-4.561630313627295e-14
280.79,4.55843071088177e-13,-4.546783409668119e-14
280.8,4.563787063433815e-13,-4.531589663275778e-14
280.81,4.569125652742316e-13,-4.5159518980125576e-14
280.82,4.574449929902815e-13,-4.4999461879870734e-14
280.83,4.579757145966615e-13,-4.48361810207582e-14
280.84,4.585046800974013e-13,-4.46685446428384e-14
280.85,4.590315544710272e-13,-4.4497685682867105e-14
280.86,4.59556906298628e-13,-4.4322927651909323e-14
280.87,4.600801155581407e-13,-4.414449548654757e-14
280.88,4.606013644875421e-13,-4.39624078745855e-14
280.89,4.611210687601894e-13,-4.3776366405334184e-14
280.9,4.616377458300803e-13,-4.358700971730608e-14
280.91,4.621531188374616e-13,-4.3394242499548104e-14
280.92,4.626663875214061e-13,-4.3197939867498025e-14
280.93,4.631769773377676e-13,-4.2997717615265936e-14
280.94,4.63685797182652e-13,-4.279429770813155e-14
280.95,4.641921633747458e-13,-4.258752035354817e-14
280.96,4.646963590181862e-13,-4.2376613534282215e-14
280.97,4.651980627204276e-13,-4.216260664644096e-14
280.98,4.6569777047621e-13,-4.1945381319168237e-14
280.99,4.66194494037316e-13,-4.1723877749485475e-14
281.0,4.666889731792717e-13,-4.1500164696731975e-14
281.01,4.671808061656992e-13,-4.127251091622321e-14
281.02,4.676704938893413e-13,-4.1041495267612994e-14
281.03,4.681572861434573e-13,-4.0807208858680134e-14
281.04,4.686413394199606e-13,-4.0569866483542714e-14
281.05,4.691231408021821e-13,-4.032893053073503e-14
281.06,4.696019878775936e-13,-4.0084802601558446e-14
281.07,4.700781817543831e-13,-3.9837658961281346e-14
281.08,4.705516382314523e-13,-3.95870861119253e-14
281.09,4.7102222005151e-13,-3.9333689842167234e-14
281.1,4.714900317816259e-13,-3.907712462369599e-14
281.11,4.719546382656313e-13,-3.881706370182716e-14
281.12,4.724162982257404e-13,-3.8554259359212446e-14
281.13,4.72875040369237e-13,-3.828806816215781e-14
281.14,4.733310305349665e-13,-3.801937290321719e-14
281.15,4.737836638305423e-13,-3.7747577455103655e-14
281.16,4.742332919888331e-13,-3.747301089127526e-14
281.17,4.746804146766988e-13,-3.7194553404803e-14
281.18,4.751236632340908e-13,-3.6913838221030016e-14
281.19,4.755637218719706e-13,-3.6630459426035405e-14
281.2,4.760007195357768e-13,-3.634386322892403e-14
281.21,4.764346218407834e-13,-3.6054420995828536e-14
281.22,4.768647220390821e-13,-3.576252333783377e-14
281.23,4.772922632405972e-13,-3.5467441357574845e-14
281.24,4.777159257659225e-13,-3.517004204596934e-14
281.25,4.781362799808951e-13,-3.4869829802490105e-14
281.26,4.7855302040416e-13,-3.456657879242542e-14
281.27,4.789664323263433e-13,-3.4260956006793117e-14
281.28,4.793766619135403e-13,-3.395258920239007e-14
281.29,4.797828822849266e-13,-3.3641911912836694e-14
281.3,4.80185837849397e-13,-3.3328572831757445e-14
281.31,4.805849724051239e-13,-3.301272980891062e-14
281.32,4.809806462257599e-13,-3.2694404910842505e-14
281.33,4.813726981249723e-13,-3.237348953899244e-14
281.34,4.817610620727109e-13,-3.205031032954997e-14
281.35,4.821456995221083e-13,-3.172442771311037e-14
281.36,4.825263302932893e-13,-3.139653422281834e-14
281.37,4.829034177318289e-13,-3.106602352463785e-14
281.38,4.83276565979276e-13,-3.073330666574625e-14
281.39,4.83645956960498e-13,-3.039835434175473e-14
281.4,4.840113584429769e-13,-3.006125409755392e-14
281.41,4.843732110253966e-13,-2.9721726290381223e-14
281.42,4.847308031141656e-13,-2.9380234133430646e-14
281.43,4.850845288636029e-13,-2.9036468542176736e-14
281.44,4.85434584746049e-13,-2.869049011797814e-14
281.45,4.857802924462899e-13,-2.8342761712990126e-14
281.46,4.861221098518737e-13,-2.7992731748202538e-14
281.47,4.864598661222429e-13,-2.764087975172076e-14
281.48,4.867935984082439e-13,-2.7286834720043354e-14
281.49,4.871232828540213e-13,-2.693092246885038e-14
281.5,4.874488108288065e-13,-2.6573143622378705e-14
281.51,4.877698438444889e-13,-2.621377966860519e-14
281.52,4.880872129155561e-13,-2.5851905980687775e-14
281.53,4.884000126066561e-13,-2.548866563085923e-14
281.54,4.887085079276806e-13,-2.5123626855891503e-14
281.55,4.890131255697696e-13,-2.475694397627757e-14
281.56,4.893133406804019e-13,-2.4388287454809494e-14
281.57,4.896089223681727e-13,-2.4018207294644113e-14
281.58,4.899006809598823e-13,-2.364627317542293e-14
281.59,4.901881159389277e-13,-2.327295245612801e-14
281.6,4.904709512918051e-13,-2.2898009506429003e-14
281.61,4.907494450009024e-13,-2.2521335451784466e-14
281.62,4.910238774279164e-13,-2.2143175829574998e-14
281.63,4.912935526814561e-13,-2.1763780081904614e-14
281.64,4.91559243434993e-13,-2.1383028031226816e-14
281.65,4.91819752865229e-13,-2.1000426696559097e-14
281.66,4.920761579238056e-13,-2.061684631479012e-14
281.67,4.9232810806964e-13,-2.023180469726043e-14
281.68,4.925753775733473e-13,-1.984533720674902e-14
281.69,4.928185767713969e-13,-1.945808438450513e-14
281.7,4.930570435327538e-13,-1.9068969811310672e-14
281.71,4.932907538216683e-13,-1.8679037928432234e-14
281.72,4.935201548368421e-13,-1.8287759116346674e-14
281.73,4.937447563256845e-13,-1.7895818696005237e-14
281.74,4.939647304474293e-13,-1.7502394093952958e-14
281.75,4.941801041004449e-13,-1.7108003460888584e-14
281.76,4.943912420928627e-13,-1.671259397622329e-14
281.77,4.945970101807331e-13,-1.6316246270724338e-14
281.78,4.947989153043978e-13,-1.5919280871456362e-14
281.79,4.949952731885453e-13,-1.5520601224610733e-14
281.8,4.951876516988781e-13,-1.5121765754387605e-14
281.81,4.953752082085999e-13,-1.4721722461475847e-14
281.82,4.955577436879998e-13,-1.4321218784763048e-14
281.83,4.957359629343881e-13,-1.3919823747936737e-14
281.84,4.959093005696696e-13,-1.351761627545321e-14
281.85,4.960778205096587e-13,-1.3114729502286511e-14
281.86,4.962417659664454e-13,-1.271110937291345e-14
281.87,4.964014693724787e-13,-1.2307089751190622e-14
281.88,4.965554738330221e-13,-1.190249608248297e-14
281.89,4.967046140544658e-13,-1.1497185117407627e-14
281.9,4.968492429202721e-13,-1.1091488251506991e-14
281.91,4.96989376752804e-13,-1.0685061397448987e-14
281.92,4.971243612171192e-13,-1.0278352436650724e-14
281.93,4.972549112433778e-13,-9.87148514462842e-15
281.94,4.973798929605984e-13,-9.464072618779632e-15
281.95,4.975010234078861e-13,-9.056025714257936e-15
281.96,4.97616920155327e-13,-8.647948224711068e-15
281.97,4.977272779192396e-13,-8.239697148285856e-15
281.98,4.978340143068394e-13,-7.831044810290212e-15
281.99,4.979352403248091e-13,-7.422654046891117e-15
282.0,4.980319872641005e-13,-7.01356229146685e-15
282.01,4.981235413936054e-13,-6.603792691738349e-15
282.02,4.982099373374928e-13,-6.195460730274651e-15
282.03,4.98292090371191e-13,-5.786023929928653e-15
282.04,4.983689372531287e-13,-5.37684996878534e-15
282.05,4.984412964522054e-13,-4.9675416484188545e-15
282.06,4.985088704407418e-13,-4.558875153345055e-15
282.07,4.985706926396535e-13,-4.149593568143031e-15
282.08,4.986282057431425e-13,-3.740820517791668e-15
282.09,4.986806389962803e-13,-3.3318611024900034e-15
282.1,4.987288512963079e-13,-2.9231257133276612e-15
282.11,4.987714411604504e-13,-2.515049906333708e-15
282.12,4.988092354947339e-13,-2.1069478535721496e-15
282.13,4.988424436975999e-13,-1.6991473694710598e-15
282.14,4.988709180058361e-13,-1.2917707707211365e-15
282.15,4.988967636235978e-13,-8.848810386534149e-16
282.16,4.989126504820068e-13,-4.778377194594593e-16
282.17,4.989263121693636e-13,-7.181464011076147e-17
282.18,4.989349825404374e-13,3.340399860030839e-16
282.19,4.989390120122362e-13,7.39472503175038e-16
282.2,4.989378504149278e-13,1.1439975344334836e-15
282.21,4.98932130788394e-13,1.5481566781302374e-15
282.22,4.989210039343818e-13,1.9516631544218025e-15
282.23,4.989056498361388e-13,2.354906776257202e-15
282.24,4.988846493141067e-13,2.756973809602614e-15
282.25,4.98859912682577e-13,3.158547383118023e-15
282.26,4.988299574092724e-13,3.5593700766748764e-15
282.27,4.987949216829813e-13,3.959354039995343e-15
282.28,4.987552066811551e-13,4.358542287701416e-15
282.29,4.98710474266708e-13,4.7568673156866624e-15
282.3,4.986610479767907e-13,5.154217198565248e-15
282.31,4.98606767557512e-13,5.550984411528568e-15
282.32,4.985479212933494e-13,5.946412475883971e-15
282.33,4.98484795377607e-13,6.3408391192641514e-15
282.34,4.984156070357267e-13,6.735007142592918e-15
282.35,4.98342448006415e-13,7.127497250715997e-15
282.36,4.982640179984849e-13,7.518986916249448e-15
282.37,4.981814021553217e-13,7.909905077452326e-15
282.38,4.980934311406489e-13,8.299057457327354e-15
282.39,4.980011549614777e-13,8.687290216910597e-15
282.4,4.979042813191535e-13,9.07431928651306e-15
282.41,4.978022157103692e-13,9.460311931961894e-15
282.42,4.97696660449925e-13,9.844713272116114e-15
282.43,4.975847675647049e-13,1.0227828281214345e-14
282.44,4.974690728078642e-13,1.0609640917222252e-14
282.45,4.973483770528409e-13,1.0990342563827505e-14
282.46,4.972232841741155e-13,1.1369209663569315e-14
282.47,4.970935880443314e-13,1.1747370503946216e-14
282.48,4.969590666572911e-13,1.2123540548819356e-14
282.49,4.968202240953599e-13,1.2498536866609039e-14
282.5,4.966769619725719e-13,1.2871512865578184e-14
282.51,4.965285598250847e-13,1.3243930765088023e-14
282.52,4.963753787294468e-13,1.361403136462239e-14
282.53,4.962180170671232e-13,1.3982456376737966e-14
282.54,4.960561490254125e-13,1.434959593041511e-14
282.55,4.958898878411536e-13,1.4714723827213173e-14
282.56,4.957191047693935e-13,1.507885304111504e-14
282.57,4.955436316187829e-13,1.544079112255283e-14
282.58,4.953637805414129e-13,1.580112371831424e-14
282.59,4.951805234693103e-13,1.6160157654346168e-14
282.6,4.949901653791017e-13,1.651706214562908e-14
282.61,4.947977599114366e-13,1.6871520455281103e-14
282.62,4.945999697064908e-13,1.7224429228004252e-14
282.63,4.943982044714868e-13,1.7575850346094747e-14
282.64,4.941919262651759e-13,1.792517350092707e-14
282.65,4.939810068307985e-13,1.8272456671404717e-14
282.66,4.937662893358903e-13,1.8617830960289893e-14
282.67,4.935467350473291e-13,1.8961353065681248e-14
282.68,4.93322807799629e-13,1.9303092487549048e-14
282.69,4.930948430400642e-13,1.964208286605138e-14
282.7,4.928638378302957e-13,1.9979664628881682e-14
282.71,4.926271184043855e-13,2.031497617042463e-14
282.72,4.923867895365068e-13,2.0648255713304206e-14
282.73,4.921419937856443e-13,2.0978602278370253e-14
282.74,4.918931907465247e-13,2.1307888698919495e-14
282.75,4.916403306317316e-13,2.163453564103356e-14
282.76,4.913831021379147e-13,2.1958965036539433e-14
282.77,4.911219840310608e-13,2.2281100983037595e-14
282.78,4.908567370522342e-13,2.2601291150913377e-14
282.79,4.905876075298758e-13,2.2919078413386487e-14
282.8,4.903145198310847e-13,2.3234490598778823e-14
282.81,4.900368625275902e-13,2.3547565504649203e-14
282.82,4.897553851469158e-13,2.385824368796784e-14
282.83,4.894706343227894e-13,2.4166497766368397e-14
282.84,4.891814429696915e-13,2.4472416012858577e-14
282.85,4.888885206769206e-13,2.4775835322599052e-14
282.86,4.885914634435699e-13,2.5077109249048255e-14
282.87,4.882911515917338e-13,2.537554652113256e-14
282.88,4.879861009417871e-13,2.567151058275012e-14
282.89,4.876778108292243e-13,2.596521540948374e-14
282.9,4.873657674885322e-13,2.6256197193221485e-14
282.91,4.870502233062026e-13,2.6544676396401946e-14
282.92,4.867303213018823e-13,2.68307573752341e-14
282.93,4.864072054839714e-13,2.7113862316369507e-14
282.94,4.86080231372538e-13,2.7394509301285395e-14
282.95,4.857511656628089e-13,2.7672450875210672e-14
282.96,4.8541504722396e-13,2.7947794032374154e-14
282.97,4.850777301730382e-13,2.8220727876596643e-14
282.98,4.84736548551751e-13,2.8490820136679016e-14
282.99,4.843916655816343e-13,2.875803316490689e-14
283.0,4.840433357020744e-13,2.9022536750840407e-14
283.01,4.836916587164988e-13,2.928445854458404e-14
283.02,4.833365273601178e-13,2.954332154729365e-14
283.03,4.829778171178667e-13,2.980013446043999e-14
283.04,4.826162715282223e-13,3.0053161982763825e-14
283.05,4.82250422640749e-13,3.030306161332376e-14
283.06,4.818820732047859e-13,3.05516586473735e-14
283.07,4.815104860319903e-13,3.07962685316279e-14
283.08,4.811350673026606e-13,3.103857701544649e-14
283.09,4.807566770207155e-13,3.127762813072036e-14
283.1,4.803740604800449e-13,3.1513693027444964e-14
283.11,4.799903406835877e-13,3.174725168537061e-14
283.12,4.79602531756348e-13,3.197804758876238e-14
283.13,4.792112104968415e-13,3.2205028911402396e-14
283.14,4.788182072466914e-13,3.2428982156904056e-14
283.15,4.784204630702797e-13,3.2650970258838535e-14
283.16,4.780207805486953e-13,3.286962850073191e-14
283.17,4.776174815022828e-13,3.3084978354017155e-14
283.18,4.77211581252817e-13,3.3297309398301077e-14
283.19,4.768024985098299e-13,3.350670940827868e-14
283.2,4.763909483688862e-13,3.37129417970563e-14
283.21,4.759767116112902e-13,3.3916229200796433e-14
283.22,4.7555894738474e-13,3.411641433673205e-14
283.23,4.751397335524795e-13,3.431331182804319e-14
283.24,4.747159367980617e-13,3.450743783398238e-14
283.25,4.742903292617022e-13,3.469826551149463e-14
283.26,4.738621154658805e-13,3.488600282467729e-14
283.27,4.734311487358025e-13,3.507038591089465e-14
283.28,4.729976920750934e-13,3.5251924655678833e-14
283.29,4.725616413465628e-13,3.543026818991359e-14
283.3,4.721230649053709e-13,3.560499495803045e-14
283.31,4.716822221332433e-13,3.5777180539678813e-14
283.32,4.71238525944905e-13,3.594622247719923e-14
283.33,4.707922305916615e-13,3.6111238612459573e-14
283.34,4.703440196059346e-13,3.627352936478691e-14
283.35,4.698931114991814e-13,3.643253879307387e-14
283.36,4.694398491617503e-13,3.658818274986566e-14
283.37,4.689847301964083e-13,3.6740835295471333e-14
283.38,4.685270189735407e-13,3.689023653712844e-14
283.39,4.680667131783266e-13,3.7035618040388605e-14
283.4,4.676054298050795e-13,3.7178828834678296e-14
283.41,4.67140585132843e-13,3.731874536696158e-14
283.42,4.666746723839799e-13,3.745454951322098e-14
283.43,4.662060687577259e-13,3.7587485840026707e-14
283.44,4.657354997770294e-13,3.7717088483829847e-14
283.45,4.652635641059976e-13,3.7843432623505335e-14
283.46,4.647885145591172e-13,3.796645201407674e-14
283.47,4.643126300367783e-13,3.808638451477806e-14
283.48,4.638334550213763e-13,3.820246794608541e-14
283.49,4.633544302836384e-13,3.83158505684471e-14
283.5,4.62872140752804e-13,3.842498642117121e-14
283.51,4.62388642938301e-13,3.853163528026137e-14
283.52,4.619029742466759e-13,3.863454084258184e-14
283.53,4.614160142412288e-13,3.87344883664329e-14
283.54,4.609273000509799e-13,3.883063911100615e-14
283.55,4.60436630789591e-13,3.8923665369912885e-14
283.56,4.599444195195949e-13,3.90134297279554e-14
283.57,4.594506233729669e-13,3.910015667878388e-14
283.58,4.589549190619262e-13,3.918226289152314e-14
283.59,4.584594808311782e-13,3.926192673916531e-14
283.6,4.579610223249898e-13,3.9338356878802634e-14
283.61,4.574623358585099e-13,3.941149352454482e-14
283.62,4.569606233847021e-13,3.9480629168683244e-14
283.63,4.564581812147719e-13,3.954667129895135e-14
283.64,4.55955234157336e-13,3.9609767958884676e-14
283.65,4.554498038075946e-13,3.966871178616845e-14
283.66,4.549438825909651e-13,3.9725493521176175e-14
283.67,4.544366736133039e-13,3.977767004431635e-14
283.68,4.5392839005129955e-13,3.982672045380913e-14
283.69,4.5341830834381494e-13,3.9872623020225673e-14
283.7,4.5290798480689065e-13,3.991511543526516e-14
283.71,4.523961698043643e-13,3.995420498600718e-14
283.72,4.5188359225377213e-13,3.998990737900215e-14
283.73,4.5136997550116216e-13,4.002257727577713e-14
283.74,4.5085539966333454e-13,4.0051396457409805e-14
283.75,4.503401556028753e-13,4.007724872661158e-14
283.76,4.498235939811548e-13,4.0099279152033904e-14
283.77,4.4930647200680254e-13,4.011854806850614e-14
283.78,4.4878850944563963e-13,4.013408507665239e-14
283.79,4.4826989855667077e-13,4.014639759473696e-14
283.8,4.477506763050839e-13,4.0155225055823626e-14
283.81,4.4723047002619627e-13,4.016096363849344e-14
283.82,4.467097488515742e-13,4.0163080971082464e-14
283.83,4.46188394269104e-13,4.016201713534833e-14
283.84,4.456663325589318e-13,4.0157820093106057e-14
283.85,4.451447212295184e-13,4.015016800842787e-14
283.86,4.4462158201436737e-13,4.013879937398979e-14
283.87,4.440983023088839e-13,4.012453989000047e-14
283.88,4.4357451194065155e-13,4.010675058059731e-14
283.89,4.43050925989607e-13,4.008590395366831e-14
283.9,4.4252610074693284e-13,4.006148553658759e-14
283.91,4.4200166800411345e-13,4.003407700340173e-14
283.92,4.414765316720506e-13,4.0003127489697194e-14
283.93,4.4095131912546387e-13,3.996968316006861e-14
283.94,4.4042591844258597e-13,3.99314513844153e-14
283.95,4.3990054903662063e-13,3.9891364350020633e-14
283.96,4.393748491801082e-13,3.9847382886973505e-14
283.97,4.3884931006928893e-13,3.980038603504316e-14
283.98,4.3832363271291887e-13,3.974987050840302e-14
283.99,4.3779794163859845e-13,3.969624428446584e-14
284.0,4.3727239812189605e-13,3.963967633367938e-14
284.01,4.3674685522101416e-13,3.9579526949695315e-14
284.02,4.3622172976177043e-13,3.951713302219493e-14
284.03,4.35696094931686e-13,3.945083957135221e-14
284.04,4.35170535235114e-13,3.938033796331772e-14
284.05,4.3464596350189643e-13,3.9307666488569714e-14
284.06,4.341211124349782e-13,3.9231763735942593e-14
284.07,4.335964817003565e-13,3.915273625166115e-14
284.08,4.330727711642308e-13,3.907059767094604e-14
284.09,4.325488030649519e-13,3.8985254025796726e-14
284.1,4.3202616915239195e-13,3.8897095819458405e-14
284.11,4.315041869786631e-13,3.8806111337700234e-14
284.12,4.3098295639691436e-13,3.871277805479568e-14
284.13,4.3045867309219264e-13,3.861315369953626e-14
284.14,4.299372503952468e-13,3.8512586747826544e-14
284.15,4.294164836013171e-13,3.840880259961456e-14
284.16,4.288963956814214e-13,3.8302016328782775e-14
284.17,4.283769598282526e-13,3.8192225098755953e-14
284.18,4.2785816697741017e-13,3.807944538886826e-14
284.19,4.2734044020951317e-13,3.7963675535130476e-14
284.2,4.268230087476631e-13,3.7844523579402424e-14
284.21,4.2630618829658084e-13,3.772259150692534e-14
284.22,4.2579050829434713e-13,3.7598118017596145e-14
284.23,4.252752021030478e-13,3.7470546610718575e-14
284.24,4.2476114977347e-13,3.7340138032121554e-14
284.25,4.242481629449297e-13,3.7206566374915895e-14
284.26,4.2373618884866153e-13,3.707015515455486e-14
284.27,4.232248901192455e-13,3.693099173893795e-14
284.28,4.227149448624687e-13,3.678877703494066e-14
284.29,4.222058934691459e-13,3.664334120365363e-14
284.3,4.2169788766612073e-13,3.649620287173162e-14
284.31,4.211911686960065e-13,3.634559678027564e-14
284.32,4.2068513504074743e-13,3.6191900811700486e-14
284.33,4.2018069414055747e-13,3.6035919933465653e-14
284.34,4.1967737501280185e-13,3.587679549593279e-14
284.35,4.191752709047887e-13,3.57150039414804e-14
284.36,4.1867450119268554e-13,3.5550484045151185e-14
284.37,4.181752444925625e-13,3.53836065358581e-14
284.38,4.176764052474284e-13,3.521364509578197e-14
284.39,4.171805507869935e-13,3.5041013594516724e-14
284.4,4.1668495887391104e-13,3.486610440357103e-14
284.41,4.161913037216461e-13,3.4688351050486134e-14
284.42,4.1569870223830494e-13,3.4507661460253613e-14
284.43,4.152081149355572e-13,3.432488161829807e-14
284.44,4.147185854782898e-13,3.4139067359977916e-14
284.45,4.1423115455485616e-13,3.3950965183352226e-14
284.46,4.137443332977648e-13,3.376015645384644e-14
284.47,4.1326035044656035e-13,3.356789378159799e-14
284.48,4.1277729508495666e-13,3.337150522674813e-14
284.49,4.122960356952261e-13,3.317307827486308e-14
284.5,4.118167543780068e-13,3.297242972626861e-14
284.51,4.11338954727522e-13,3.276932357624211e-14
284.52,4.108632649512846e-13,3.256389415066351e-14
284.53,4.1038882914866773e-13,3.235583070834104e-14
284.54,4.099167694998571e-13,3.214549833729926e-14
284.55,4.09446168018283e-13,3.193302316991486e-14
284.56,4.0897961116469544e-13,3.171889515995552e-14
284.57,4.0851126120205544e-13,3.1500334634907885e-14
284.58,4.0804647868909497e-13,3.128091214813674e-14
284.59,4.075839359847689e-13,3.105904123862978e-14
284.6,4.0712303453734906e-13,3.083491687069557e-14
284.61,4.06664364628149e-13,3.060838937853341e-14
284.62,4.062079497225681e-13,3.03798870063131e-14
284.63,4.057532655519082e-13,3.0148969569926065e-14
284.64,4.0530087117056054e-13,2.991600987911277e-14
284.65,4.0485017378438916e-13,2.968080272735803e-14
284.66,4.0440281379697304e-13,2.944384408979239e-14
284.67,4.039569831517467e-13,2.920458764137615e-14
284.68,4.035132612770129e-13,2.896290098755053e-14
284.69,4.0307176388677963e-13,2.8719615335385637e-14
284.7,4.0263137364156224e-13,2.8473637528010534e-14
284.71,4.021955805952268e-13,2.8226832954153287e-14
284.72,4.0176131512354634e-13,2.7977489329754743e-14
284.73,4.0132923085187165e-13,2.7726088197185618e-14
284.74,4.0089950870297453e-13,2.7472928230951672e-14
284.75,4.0047230179305663e-13,2.721759707695242e-14
284.76,4.00047109409642e-13,2.6960514004389628e-14
284.77,3.9962448203849813e-13,2.670154887770909e-14
284.78,3.992043932672298e-13,2.6440807566233502e-14
284.79,3.987865358218022e-13,2.617802758733705e-14
284.8,3.9837183561801673e-13,2.5913911443474544e-14
284.81,3.97959139742619e-13,2.56475596688776e-14
284.82,3.9754916929031104e-13,2.5379834997727528e-14
284.83,3.9714102060613407e-13,2.5110101331233004e-14
284.84,3.967375478770564e-13,2.4838878436097188e-14
284.85,3.9633508570769257e-13,2.4566052127230343e-14
284.86,3.9593490389496163e-13,2.4291524000678616e-14
284.87,3.955386037386288e-13,2.401548759502341e-14
284.88,3.9514418482143036e-13,2.3737468339216106e-14
284.89,3.9475296230575625e-13,2.3458646942037854e-14
284.9,3.943642183761679e-13,2.3177470702158412e-14
284.91,3.939781024029652e-13,2.2895174828882422e-14
284.92,3.935964905019378e-13,2.261219180027942e-14
284.93,3.9321484296990837e-13,2.2325648073833596e-14
284.94,3.928367760567833e-13,2.2039388267882695e-14
284.95,3.9246219506885864e-13,2.175109303542984e-14
284.96,3.9209025746750787e-13,2.146175196380507e-14
284.97,3.9172118017864156e-13,2.117084285505258e-14
284.98,3.91354985829724e-13,2.0878547598670133e-14
284.99,3.909916791669001e-13,2.0585422871112924e-14
285.0,3.9063114085474156e-13,2.0290800370217193e-14
285.01,3.902730494600407e-13,1.9994536250340893e-14
285.02,3.8991930657724295e-13,1.9697201922379526e-14
285.03,3.895675671014042e-13,1.9399098114245805e-14
285.04,3.8921960003440297e-13,1.9099925703107133e-14
285.05,3.8887377994709203e-13,1.879882722615832e-14
285.06,3.885313472798191e-13,1.849709385364756e-14
285.07,3.8819184419266344e-13,1.8194148146204767e-14
285.08,3.878555260939505e-13,1.7890362337570038e-14
285.09,3.875222567764972e-13,1.758544284341716e-14
285.1,3.871916638043422e-13,1.7279425151043803e-14
285.11,3.868648267933264e-13,1.6972358477738838e-14
285.12,3.8654083123277967e-13,1.6664493624560102e-14
285.13,3.8621965387523666e-13,1.635562318259464e-14
285.14,3.859018612401649e-13,1.604632188364312e-14
285.15,3.855874388499734e-13,1.5735636937415207e-14
285.16,3.8527564101416127e-13,1.542404369760702e-14
285.17,3.849678529405687e-13,1.511191689203568e-14
285.18,3.8466280449855057e-13,1.479903686564395e-14
285.19,3.8436093168109284e-13,1.4485433844246083e-14
285.2,3.8406233185332023e-13,1.4170645601683058e-14
285.21,3.83767096438677e-13,1.3855678689107521e-14
285.22,3.8347462564817434e-13,1.3539531544856858e-14
285.23,3.831858439948953e-13,1.3223364902832984e-14
285.24,3.8290037009098364e-13,1.2906197026570292e-14
285.25,3.8261784748874737e-13,1.258849120036479e-14
285.26,3.8233887332337757e-13,1.2270113706930245e-14
285.27,3.82063132092024e-13,1.195146748543681e-14
285.28,3.817905727420566e-13,1.1631791960721405e-14
285.29,3.8152168144694975e-13,1.1312282325557376e-14
285.3,3.8125585010347216e-13,1.099215082265793e-14
285.31,3.8099327103159455e-13,1.0671327256648101e-14
285.32,3.8073429879405866e-13,1.0350368064407145e-14
285.33,3.804783981076671e-13,1.0028822006929334e-14
285.34,3.8022603108127517e-13,9.707020718954897e-15
285.35,3.7997690212712937e-13,9.38485225506089e-15
285.36,3.797312943542273e-13,9.062745877175498e-15
285.37,3.794890726063106e-13,8.739873133240977e-15
285.38,3.7925042230547785e-13,8.416925858622366e-15
285.39,3.79014635294465e-13,8.094046563640098e-15
285.4,3.7878254428100556e-13,7.77080185996469e-15
285.41,3.7855390241252337e-13,7.44724269292401e-15
285.42,3.78328787570057e-13,7.123717178724665e-15
285.43,3.781067226632552e-13,6.799881102455315e-15
285.44,3.778884346398259e-13,6.4763730821036335e-15
285.45,3.7767348724214037e-13,6.1525283801987e-15
285.46,3.774622576508508e-13,5.828782016748656e-15
285.47,3.7725397595990267e-13,5.504956893998152e-15
285.48,3.7704948557019283e-13,5.181313704501632e-15
285.49,3.7684844578201433e-13,4.8577769500705324e-15
285.5,3.7665037568016913e-13,4.534185250091419e-15
285.51,3.7645625851945726e-13,4.210644492767681e-15
285.52,3.7626500491138773e-13,3.8872680655150356e-15
285.53,3.76078325651776e-13,3.564402559316161e-15
285.54,3.7589397769851756e-13,3.241530388401449e-15
285.55,3.7571413310832853e-13,2.91846227320382e-15
285.56,3.755370850723287e-13,2.5962579209823662e-15
285.57,3.7536347477985314e-13,2.2742823655197003e-15
285.58,3.7519384764819687e-13,1.952343718156589e-15
285.59,3.7502714272329855e-13,1.6307897397987224e-15
285.6,3.7486414188237744e-13,1.3096056802710021e-15
285.61,3.7470442682640176e-13,9.890851308412866e-16
285.62,3.7454867413505347e-13,6.684743007341853e-16
285.63,3.743957572182277e-13,3.486621477129756e-16
285.64,3.7424646267837725e-13,2.98965451274522e-17
285.65,3.7410083444134405e-13,-2.899851988319892e-16
285.66,3.7395894556838447e-13,-6.083730766266001e-16
285.67,3.738200517236631e-13,-9.2620017453816e-16
285.68,3.7368517416928417e-13,-1.2434707986331905e-15
285.69,3.7355354291156353e-13,-1.5600211078456657e-15
285.7,3.7342537994893453e-13,-1.876396616836019e-15
285.71,3.73300412972722e-13,-2.1916530350221815e-15
285.72,3.7317858666591924e-13,-2.5064638708294843e-15
285.73,3.730611395717176e-13,-2.8203394905000247e-15
285.74,3.72946921789197e-13,-3.1338144577652075e-15
285.75,3.7283607531785027e-13,-3.446426250301175e-15
285.76,3.727282955822331e-13,-3.758153073759902e-15
285.77,3.726243559848064e-13,-4.069207514515652e-15
285.78,3.7252347360542286e-13,-4.379722918667282e-15
285.79,3.724265849413755e-13,-4.688778175429893e-15
285.8,3.7233289622921443e-13,-4.997377329124331e-15
285.81,3.7224284473446737e-13,-5.304912585215508e-15
285.82,3.72155979497434e-13,-5.611474251309005e-15
285.83,3.7207244690578617e-13,-5.917013049867699e-15
285.84,3.7199241900618097e-13,-6.221620526651162e-15
285.85,3.7191617141218503e-13,-6.525475733176943e-15
285.86,3.7184283821140797e-13,-6.828049320615128e-15
285.87,3.7177292903429744e-13,-7.129912674193694e-15
285.88,3.7170620231313467e-13,-7.430073889226589e-15
285.89,3.7164328486090444e-13,-7.729907516909028e-15
285.9,3.7158355386757686e-13,-8.028380657949816e-15
285.91,3.715276516023542e-13,-8.325453017257573e-15
285.92,3.714743376687188e-13,-8.621654876585946e-15
285.93,3.7142461865974526e-13,-8.916575035611382e-15
285.94,3.7137820795221825e-13,-9.210329689847401e-15
285.95,3.713352758796482e-13,-9.502447309420886e-15
285.96,3.7129608952391043e-13,-9.79404501720145e-15
285.97,3.712594731000955e-13,-1.0083924559142052e-14
285.98,3.712267702696502e-13,-1.0372239465201282e-14
285.99,3.7119726324630317e-13,-1.0659847705035322e-14
286.0,3.711693348559578e-13,-1.094654166469021e-14
286.01,3.7114759552457364e-13,-1.1230262459683249e-14
286.02,3.711275284519769e-13,-1.1513429570155853e-14
286.03,3.711109383406817e-13,-1.1795004292001696e-14
286.04,3.710976635813358e-13,-1.207558051561031e-14
286.05,3.7108746038347563e-13,-1.2354283462815553e-14
286.06,3.7108068081154733e-13,-1.263183733129211e-14
286.07,3.7107710563958137e-13,-1.2907659129040122e-14
286.08,3.710764866857344e-13,-1.3182051251091115e-14
286.09,3.7108009856108255e-13,-1.3455720309981346e-14
286.1,3.710851382378037e-13,-1.372618782468997e-14
286.11,3.71094081532102e-13,-1.3996091272346445e-14
286.12,3.7110611931746696e-13,-1.4264168518203885e-14
286.13,3.711216101502659e-13,-1.4530844454276926e-14
286.14,3.7113980098580336e-13,-1.479556186149695e-14
286.15,3.7116143712162336e-13,-1.5058755714047408e-14
286.16,3.7118606498525244e-13,-1.532006850528823e-14
286.17,3.7121394850411086e-13,-1.558012584394951e-14
286.18,3.712453010349897e-13,-1.5837661815906897e-14
286.19,3.7127854819272283e-13,-1.6094584594835626e-14
286.2,3.7131526716436325e-13,-1.634934734994601e-14
286.21,3.7135536325428143e-13,-1.6601928113571897e-14
286.22,3.7139819537428493e-13,-1.685306004740273e-14
286.23,3.714440220107291e-13,-1.7102337987897715e-14
286.24,3.714929435777614e-13,-1.734980151334727e-14
286.25,3.715450370246507e-13,-1.7595109394856872e-14
286.26,3.715997835860999e-13,-1.783863778237573e-14
286.27,3.7165728330919485e-13,-1.80806023497875e-14
286.28,3.7171812774225467e-13,-1.8320501710973963e-14
286.29,3.717816786093891e-13,-1.8558487696275803e-14
286.3,3.718479804022818e-13,-1.8794478007721108e-14
286.31,3.7191748401378956e-13,-1.9028485078513376e-14
286.32,3.719896796610983e-13,-1.9260631715540602e-14
286.33,3.7206443053607767e-13,-1.949067969088121e-14
286.34,3.721424925546931e-13,-1.971893192078074e-14
286.35,3.722228708186314e-13,-1.9945044227518392e-14
286.36,3.723057078538411e-13,-2.0169132995388372e-14
286.37,3.7239252525998027e-13,-2.0390925883220745e-14
286.38,3.724811874889879e-13,-2.0610867292077326e-14
286.39,3.725730765960634e-13,-2.0828594317099884e-14
286.4,3.7266719799973724e-13,-2.104435490337003e-14
286.41,3.727643634820595e-13,-2.125797467688792e-14
286.42,3.7286371724373653e-13,-2.1469324563994685e-14
286.43,3.729663902110885e-13,-2.1679122656372343e-14
286.44,3.730694326544804e-13,-2.1885263604173705e-14
286.45,3.73179013305899e-13,-2.2091599762306723e-14
286.46,3.7328892166713134e-13,-2.229382413167661e-14
286.47,3.7340144438812105e-13,-2.2494212803667348e-14
286.48,3.7351662557814354e-13,-2.2692793555144155e-14
286.49,3.736344082363637e-13,-2.2888778649030614e-14
286.5,3.73754684168277e-13,-2.3082842377118352e-14
286.51,3.738774695292215e-13,-2.3274380495039935e-14
286.52,3.740026202649441e-13,-2.3464014173612103e-14
286.53,3.741314235129966e-13,-2.3650022622707182e-14
286.54,3.742617500338391e-13,-2.3835699795295584e-14
286.55,3.74393162433595e-13,-2.40183679736395e-14
286.56,3.745279249650662e-13,-2.4198614742312855e-14
286.57,3.746654115931322e-13,-2.4376452694569075e-14
286.58,3.7480457973659017e-13,-2.4551899399467925e-14
286.59,3.7494673029639633e-13,-2.4725001275004156e-14
286.6,3.750910650353649e-13,-2.489593884717771e-14
286.61,3.752378001682274e-13,-2.506408739829859e-14
286.62,3.753865196572237e-13,-2.5230886411525158e-14
286.63,3.7553808154900755e-13,-2.539333928527826e-14
286.64,3.7569079010314136e-13,-2.55552432050172e-14
286.65,3.758459055930353e-13,-2.5714064069218908e-14
286.66,3.76003672319143e-13,-2.5870303146564128e-14
286.67,3.761647122518156e-13,-2.6024701585318284e-14
286.68,3.763249918192487e-13,-2.617592972069356e-14
286.69,3.764889524610249e-13,-2.632508711870427e-14
286.7,3.7665512009236135e-13,-2.647133228161863e-14
286.71,3.7682333525329613e-13,-2.6615572696406502e-14
286.72,3.769927237766563e-13,-2.675710577435081e-14
286.73,3.7716532752209704e-13,-2.6896339546439494e-14
286.74,3.7733928947542613e-13,-2.7033170922140302e-14
286.75,3.7751542272686206e-13,-2.7167167256465857e-14
286.76,3.776934588780689e-13,-2.7298761925343696e-14
286.77,3.7787324191747914e-13,-2.7427941554709673e-14
286.78,3.780548341670759e-13,-2.7554320822734162e-14
286.79,3.7823877912306673e-13,-2.7678305509872993e-14
286.8,3.7842387596771885e-13,-2.7800121899134174e-14
286.81,3.7861123098464405e-13,-2.7918778619659816e-14
286.82,3.7880017142858895e-13,-2.8035098590425796e-14
286.83,3.7899105004045166e-13,-2.8148972381014823e-14
286.84,3.7918360837496855e-13,-2.826009987777885e-14
286.85,3.793777702607776e-13,-2.8368762760098395e-14
286.86,3.7957373446442674e-13,-2.8474893886741485e-14
286.87,3.7977130685222005e-13,-2.857825925351136e-14
286.88,3.7997060083634275e-13,-2.86792839061165e-14
286.89,3.801718086939199e-13,-2.877761172821492e-14
286.9,3.803741655100837e-13,-2.887247640638163e-14
286.91,3.8057783544258593e-13,-2.896630313940148e-14
286.92,3.8078323847100707e-13,-2.9056895052995526e-14
286.93,3.8099020484341834e-13,-2.914475704474827e-14
286.94,3.8119883214055627e-13,-2.922999584600584e-14
286.95,3.8140896876609327e-13,-2.931263603715901e-14
286.96,3.8162029058441596e-13,-2.93924388159636e-14
286.97,3.8183336151230033e-13,-2.9470079414233554e-14
286.98,3.8204717144607273e-13,-2.954500468494436e-14
286.99,3.8226233724050613e-13,-2.9615831599009036e-14
287.0,3.824796968846574e-13,-2.9686429228232464e-14
287.01,3.826981608891152e-13,-2.9752838333540854e-14
287.02,3.8291769821501884e-13,-2.981727586455494e-14
287.03,3.831383116119303e-13,-2.987888031000446e-14
287.04,3.8336014087949115e-13,-2.993776907622428e-14
287.05,3.8358351262565393e-13,-2.9993989748139515e-14
287.06,3.838080558333744e-13,-3.004781774352679e-14
287.07,3.8403382510369304e-13,-3.00986026378273e-14
287.08,3.842589518860762e-13,-3.014724778672488e-14
287.09,3.8448798330342463e-13,-3.0192586759934073e-14
287.1,3.847164689555796e-13,-3.023585973613607e-14
287.11,3.8494602108589147e-13,-3.027633658574046e-14
287.12,3.8517738569568264e-13,-3.0313894299887264e-14
287.13,3.8540939635633153e-13,-3.0348902420861635e-14
287.14,3.856421238755385e-13,-3.038141927752618e-14
287.15,3.8587553579420445e-13,-3.041136955002632e-14
287.16,3.861100410031292e-13,-3.0438552488892623e-14
287.17,3.863455216765852e-13,-3.0463500015751815e-14
287.18,3.8658236248806334e-13,-3.048454597967813e-14
287.19,3.8681982896080064e-13,-3.050410745889613e-14
287.2,3.8705778731047083e-13,-3.052041146522634e-14
287.21,3.8729642523617656e-13,-3.053456068277422e-14
287.22,3.875361553555099e-13,-3.054598409362761e-14
287.23,3.8777667840407076e-13,-3.0554703717184743e-14
287.24,3.880169730369629e-13,-3.0560605402472697e-14
287.25,3.8825938381380617e-13,-3.056416808080264e-14
287.26,3.8850225812446993e-13,-3.0565198888746444e-14
287.27,3.887447143391516e-13,-3.056321711905126e-14
287.28,3.88988295362477e-13,-3.0558950543312756e-14
287.29,3.892323135779004e-13,-3.0551870734860534e-14
287.3,3.894771006324266e-13,-3.054231096129622e-14
287.31,3.8972255945698796e-13,-3.0529998494427134e-14
287.32,3.8996794230712456e-13,-3.0515273589666425e-14
287.33,3.902143849812574e-13,-3.0497288357655195e-14
287.34,3.904611026825539e-13,-3.047773189306919e-14
287.35,3.907080320328273e-13,-3.045508926316296e-14
287.36,3.909550362958565e-13,-3.0430287526536755e-14
287.37,3.912027535164923e-13,-3.0402563150803536e-14
287.38,3.914509255911737e-13,-3.037218169604523e-14
287.39,3.9169936100436513e-13,-3.0339472792869556e-14
287.4,3.9194793992178367e-13,-3.0304010410136514e-14
287.41,3.9219675213000717e-13,-3.026634377690848e-14
287.42,3.9244701103991207e-13,-3.0225206200246705e-14
287.43,3.9269513903535203e-13,-3.018267416806323e-14
287.44,3.92944525239846e-13,-3.013703443083292e-14
287.45,3.931944982939851e-13,-3.008897073663951e-14
287.46,3.934437028567086e-13,-3.003867064769578e-14
287.47,3.936942195609571e-13,-2.9985406624623284e-14
287.48,3.9394402668027745e-13,-2.992989639740917e-14
287.49,3.9419397592062913e-13,-2.9872207442771934e-14
287.5,3.9444400410991015e-13,-2.9811298711710726e-14
287.51,3.946947710367433e-13,-2.974878069879714e-14
287.52,3.9494408135205544e-13,-2.968265480212063e-14
287.53,3.951937704996334e-13,-2.961500820530264e-14
287.54,3.954433646228782e-13,-2.9544595925313274e-14
287.55,3.9569324516174286e-13,-2.947165790337359e-14
287.56,3.959427162668408e-13,-2.9396595321365285e-14
287.57,3.961921246539347e-13,-2.9318976495183474e-14
287.58,3.9644136691692284e-13,-2.923888886613615e-14
287.59,3.966903587973655e-13,-2.9156509864750065e-14
287.6,3.9693908289420973e-13,-2.907223934177969e-14
287.61,3.9718750799042226e-13,-2.8984549640107596e-14
287.62,3.9743546782214587e-13,-2.889503836940165e-14
287.63,3.976836660214901e-13,-2.880305331847881e-14
287.64,3.97931183103911e-13,-2.870877352883228e-14
287.65,3.9817850083708514e-13,-2.86120927856827e-14
287.66,3.9842524228891043e-13,-2.851331900826289e-14
287.67,3.9867133556957267e-13,-2.841204177608898e-14
287.68,3.9891755627176214e-13,-2.8308433336832445e-14
287.69,3.9916324776819637e-13,-2.8202602113035394e-14
287.7,3.9940848407949755e-13,-2.809427575339771e-14
287.71,3.9965210158859837e-13,-2.798457926594718e-14
287.72,3.998964133521125e-13,-2.787162798405312e-14
287.73,4.0013973637441656e-13,-2.7756959833875617e-14
287.74,4.0038255359601303e-13,-2.7639790878139875e-14
287.75,4.0062487064003287e-13,-2.7520292875388562e-14
287.76,4.0086614849730715e-13,-2.739892056521939e-14
287.77,4.0110711685828085e-13,-2.727556700857275e-14
287.78,4.013483580482668e-13,-2.7149468023243586e-14
287.79,4.015865253151755e-13,-2.702167221196129e-14
287.8,4.0182571673813324e-13,-2.6891623240329208e-14
287.81,4.0206368861874084e-13,-2.675906367402797e-14
287.82,4.0230098983413625e-13,-2.6624654387234763e-14
287.83,4.0253544277680244e-13,-2.648862473097809e-14
287.84,4.0277322137134425e-13,-2.6349499192036302e-14
287.85,4.030079456092601e-13,-2.6208860801040185e-14
287.86,4.0324204527589683e-13,-2.6066139229445856e-14
287.87,4.0347593183641096e-13,-2.5922007658237483e-14
287.88,4.037069022127884e-13,-2.5774103374269938e-14
287.89,4.0393839119911734e-13,-2.5625724750645306e-14
287.9,4.041686181386142e-13,-2.5474884842599952e-14
287.91,4.043978039424693e-13,-2.532206675223974e-14
287.92,4.046254416175949e-13,-2.5167445061096334e-14
287.93,4.0485363660161245e-13,-2.501029896579765e-14
287.94,4.050795999044858e-13,-2.4851739013849815e-14
287.95,4.0530457093924937e-13,-2.4690970755588985e-14
287.96,4.055280739392706e-13,-2.452959465149753e-14
287.97,4.0575162641981245e-13,-2.4365100456159225e-14
287.98,4.059733249965599e-13,-2.419769030094705e-14
287.99,4.0619390029130004e-13,-2.4029699715169376e-14
288.0,4.0641367727744505e-13,-2.3859722332910076e-14
288.01,4.066317542952641e-13,-2.3687989522065437e-14
288.02,4.068488361809037e-13,-2.351425491770053e-14
288.03,4.0706472319460585e-13,-2.333882019171514e-14
288.04,4.0727954857817573e-13,-2.3161598193280418e-14
288.05,4.0749194618836757e-13,-2.2983108086249437e-14
288.06,4.0770637563861985e-13,-2.280134624889528e-14
288.07,4.0791515949807475e-13,-2.2619564824211225e-14
288.08,4.081247291602465e-13,-2.243530317805116e-14
288.09,4.0833243503227545e-13,-2.2249569184096115e-14
288.1,4.085394455479059e-13,-2.2061885503853154e-14
288.11,4.087446209461489e-13,-2.187285265156458e-14
288.12,4.0894851131074186e-13,-2.1682010700256026e-14
288.13,4.0915093283243227e-13,-2.1489545301274334e-14
288.14,4.093521625730928e-13,-2.1294877238298802e-14
288.15,4.095508356526887e-13,-2.1100433673326843e-14
288.16,4.097495912776244e-13,-2.090280475436218e-14
288.17,4.099459673838837e-13,-2.070395162986986e-14
288.18,4.10140696967089e-13,-2.0503962732828005e-14
288.19,4.1033401123876684e-13,-2.030209646138679e-14
288.2,4.1052618596153326e-13,-2.0098775445003827e-14
288.21,4.1071679931646903e-13,-1.9893955175324382e-14
288.22,4.1090500677892925e-13,-1.9687988325608926e-14
288.23,4.1109229277374505e-13,-1.9479988502949335e-14
288.24,4.112775063377321e-13,-1.9271070962193957e-14
288.25,4.114613536128101e-13,-1.9061013663900785e-14
288.26,4.1164358721112166e-13,-1.8849183070999862e-14
288.27,4.11824036697143e-13,-1.8636124949570773e-14
288.28,4.120026798042972e-13,-1.8421609535524567e-14
288.29,4.1217979232009123e-13,-1.820578979876122e-14
288.3,4.1235540683297356e-13,-1.7988471435294793e-14
288.31,4.1252862216509444e-13,-1.7770370615356723e-14
288.32,4.127013004937567e-13,-1.7550560566108107e-14
288.33,4.128701821857134e-13,-1.733012711244555e-14
288.34,4.130387200786878e-13,-1.7107781009550434e-14
288.35,4.132050985553873e-13,-1.6884483133463026e-14
288.36,4.1336980724087627e-13,-1.665991285079035e-14
288.37,4.1353230998084505e-13,-1.6434440213972435e-14
288.38,4.1369303498549237e-13,-1.6207703466085378e-14
288.39,4.138519873282845e-13,-1.5979978204995994e-14
288.4,4.140094920617568e-13,-1.575090489144689e-14
288.41,4.141629416842121e-13,-1.552208876467007e-14
288.42,4.1431811067167085e-13,-1.5289652475678626e-14
288.43,4.1446987859847253e-13,-1.50575569279816e-14
288.44,4.1461910411347653e-13,-1.4824256362734783e-14
288.45,4.1476634628191955e-13,-1.459032402548222e-14
288.46,4.149119430872181e-13,-1.4355171006581274e-14
288.47,4.150554267443165e-13,-1.411919890916484e-14
288.48,4.1519681736958643e-13,-1.3882158179692535e-14
288.49,4.1533630809377464e-13,-1.3644360618544228e-14
288.5,4.154739874811665e-13,-1.340539530821349e-14
288.51,4.1560974156085064e-13,-1.3165821025788433e-14
288.52,4.157429256122214e-13,-1.2925297816316757e-14
288.53,4.158744087865531e-13,-1.2684087159682664e-14
288.54,4.1600380249696975e-13,-1.2441789749763308e-14
288.55,4.161306170627426e-13,-1.2199159206884606e-14
288.56,4.1625603945871343e-13,-1.1955459862926326e-14
288.57,4.163794394052985e-13,-1.1710685261835067e-14
288.58,4.165003921983593e-13,-1.146574948770195e-14
288.59,4.1661901650092033e-13,-1.1220416433337059e-14
288.6,4.167356608393882e-13,-1.0973462027669395e-14
288.61,4.1685020071722375e-13,-1.0726302537489903e-14
288.62,4.169629352535018e-13,-1.0478273817576255e-14
288.63,4.170730684236695e-13,-1.0230080480932583e-14
288.64,4.1718105076722814e-13,-9.98105340710842e-15
288.65,4.1728709463609993e-13,-9.731454799740837e-15
288.66,4.1739074605225476e-13,-9.481153244832827e-15
288.67,4.174920693240995e-13,-9.230674827857252e-15
288.68,4.175910652015009e-13,-8.979441236758278e-15
288.69,4.176883789396321e-13,-8.727871797984838e-15
288.7,4.1778355830842027e-13,-8.475534036407398e-15
288.71,4.1787654856295696e-13,-8.222541310107184e-15
288.72,4.1796635530533667e-13,-7.97011619135524e-15
288.73,4.1805439671698163e-13,-7.716639338989269e-15
288.74,4.181406349055107e-13,-7.4627020915783e-15
288.75,4.1822379026150327e-13,-7.208856142647079e-15
288.76,4.183052390139988e-13,-6.954410224610447e-15
288.77,4.1838417113268917e-13,-6.699900343790529e-15
288.78,4.1846038246312816e-13,-6.444693688242554e-15
288.79,4.1853535185234844e-13,-6.189236364237926e-15
288.8,4.1860740705690003e-13,-5.933961919137872e-15
288.81,4.1867728602845795e-13,-5.6777507317816434e-15
288.82,4.1874496174006303e-13,-5.421655071399501e-15
288.83,4.188096236066873e-13,-5.165630478594394e-15
288.84,4.1887273017113143e-13,-4.909145391906559e-15
288.85,4.189332217793448e-13,-4.6527895432932944e-15
288.86,4.1899160701420183e-13,-4.395063624910035e-15
288.87,4.19046786577967e-13,-4.1391666945418244e-15
288.88,4.191008083974004e-13,-3.882536455967065e-15
288.89,4.191518813112317e-13,-3.6256307521714355e-15
288.9,4.1920074093356457e-13,-3.3686286799703202e-15
288.91,4.1924689174462695e-13,-3.1119330675079922e-15
288.92,4.1929153561778505e-13,-2.8547149461944416e-15
288.93,4.193327168132347e-13,-2.598156781306201e-15
288.94,4.1937229606478954e-13,-2.341196114320946e-15
288.95,4.194092133448743e-13,-2.0846663865105123e-15
288.96,4.1944365389078786e-13,-1.8274090439223316e-15
288.97,4.194760392927395e-13,-1.5712216248324584e-15
288.98,4.195055254096772e-13,-1.3147286050909036e-15
288.99,4.1953298669335576e-13,-1.0583381831321552e-15
289.0,4.195577871011059e-13,-8.022645733218876e-16
289.01,4.195802301973919e-13,-5.465871465553637e-16
289.02,4.1960058745202745e-13,-2.9071637524435246e-16
289.03,4.196187770614546e-13,-3.518033068672334e-17
289.04,4.196341222337288e-13,2.1996986986859873e-16
289.05,4.196469246784423e-13,4.750558633010848e-16
289.06,4.1965766029041147e-13,7.295105316070339e-16
289.07,4.1966556110382856e-13,9.837616404215554e-16
289.08,4.196715402904922e-13,1.2376154161173832e-15
289.09,4.1967500109338325e-13,1.4913067110240799e-15
289.1,4.1967597254922276e-13,1.7446419435046701e-15
289.11,4.1967429851355854e-13,1.9973988864952664e-15
289.12,4.19670548015833e-13,2.2496054710088915e-15
289.13,4.1966481467518714e-13,2.5018883933758762e-15
289.14,4.19655654170451e-13,2.7531928184015185e-15
289.15,4.1964451055448735e-13,3.0040736366137077e-15
289.16,4.196312860295177e-13,3.2545468854969648e-15
289.17,4.196153223613305e-13,3.5046274903138854e-15
289.18,4.195969783074622e-13,3.753836916393324e-15
289.19,4.1957637219069884e-13,4.003004790151322e-15
289.2,4.1955340846306464e-13,4.251081829943188e-15
289.21,4.195280091275882e-13,4.498636786924443e-15
289.22,4.194996599019907e-13,4.745649457000505e-15
289.23,4.1946954630744966e-13,4.99223444237533e-15
289.24,4.1943696496006204e-13,5.237863076773619e-15
289.25,4.1940188955279065e-13,5.483087687046896e-15
289.26,4.1936449217693155e-13,5.727423506599795e-15
289.27,4.1932479080635436e-13,5.971076454805041e-15
289.28,4.192825408663668e-13,6.214074534504357e-15
289.29,4.192380200413931e-13,6.456134534003953e-15
289.3,4.191910561333688e-13,6.6973745422125515e-15
289.31,4.1914137965011734e-13,6.938231681360494e-15
289.32,4.1908977955232414e-13,7.178046516803617e-15
289.33,4.19035671776212e-13,7.416711187957606e-15
289.34,4.189797213848958e-13,7.655188044304026e-15
289.35,4.1892087335501296e-13,7.892166948299936e-15
289.36,4.1885954631404254e-13,8.128432351859018e-15
289.37,4.1879624681672385e-13,8.364003024193495e-15
289.38,4.1873016456909417e-13,8.598293140468158e-15
289.39,4.1866251636431624e-13,8.831897850654655e-15
289.4,4.1859158298953204e-13,9.064664930065336e-15
289.41,4.185189596190582e-13,9.296161709139061e-15
289.42,4.184440035667438e-13,9.527017222074545e-15
289.43,4.1836646305459016e-13,9.756252561186707e-15
289.44,4.182866220564005e-13,9.985208898742018e-15
289.45,4.182045945296766e-13,1.0212665868135e-14
289.46,4.1812019700369025e-13,1.0439412817543605e-14
289.47,4.180335149978089e-13,1.0664547558598236e-14
289.48,4.1794506601457484e-13,1.0888926926058561e-14
289.49,4.178534882971853e-13,1.1112484669163487e-14
289.5,4.17760111720784e-13,1.1334208778269476e-14
289.51,4.1766453426690536e-13,1.1555306014507644e-14
289.52,4.175662165381036e-13,1.177470764104935e-14
289.53,4.174662491376104e-13,1.199341669546061e-14
289.54,4.1736383044389183e-13,1.2210705981373863e-14
289.55,4.172590436443449e-13,1.2426747824571364e-14
289.56,4.1715230039499804e-13,1.2641886192097221e-14
289.57,4.1704353716090717e-13,1.2855778721143307e-14
289.58,4.1693254471985566e-13,1.3068842768427746e-14
289.59,4.1681804396820626e-13,1.32791040309994e-14
289.6,4.167026937680669e-13,1.3488950185754951e-14
289.61,4.16584650203277e-13,1.3697508816919578e-14
289.62,4.1646464347602513e-13,1.390463361110236e-14
289.63,4.163425410002246e-13,1.4110594289957556e-14
289.64,4.1621796232931433e-13,1.4314787992564478e-14
289.65,4.1609150880256674e-13,1.4518098568072444e-14
289.66,4.1596274465154477e-13,1.4720358705606085e-14
289.67,4.158327237168142e-13,1.4920441573764872e-14
289.68,4.156994632443032e-13,1.5119076665503556e-14
289.69,4.155644057011158e-13,1.5316632082973417e-14
289.7,4.1542735280066327e-13,1.5512934794011583e-14
289.71,4.1528820202551895e-13,1.5707461088040625e-14
289.72,4.1514707449824537e-13,1.5900891476085092e-14
289.73,4.1500367475502973e-13,1.6092121568530285e-14
289.74,4.1485849809658244e-13,1.628241654158795e-14
289.75,4.1471102522241414e-13,1.647097231538184e-14
289.76,4.1456173558061523e-13,1.6657861019060727e-14
289.77,4.1441018316683623e-13,1.6843512406336736e-14
289.78,4.1425693624182607e-13,1.7027339352584556e-14
289.79,4.14101505363085e-13,1.7209503756524163e-14
289.8,4.1394409791930194e-13,1.7390013656799594e-14
289.81,4.137847082939579e-13,1.757015108540488e-14
289.82,4.1362363433870587e-13,1.7748036437341384e-14
289.83,4.134601437979758e-13,1.792387333856609e-14
289.84,4.1329499324711463e-13,1.8098391055785264e-14
289.85,4.131271594527359e-13,1.8270831809709413e-14
289.86,4.1295882252567046e-13,1.8442099767362693e-14
289.87,4.127882150848677e-13,1.861158137288938e-14
289.88,4.126151169023146e-13,1.8779479156591082e-14
289.89,4.1244043654600565e-13,1.894569809240954e-14
289.9,4.1226418543357757e-13,1.9110110744206385e-14
289.91,4.120857780901141e-13,1.9272675377643673e-14
289.92,4.1190567213745656e-13,1.943376241014705e-14
289.93,4.1172323228004977e-13,1.9592802279184064e-14
289.94,4.1153941854550135e-13,1.9750850076490285e-14
289.95,4.113544032408302e-13,1.9906167212004923e-14
289.96,4.111669468068453e-13,2.0060294877748846e-14
289.97,4.109777179549241e-13,2.021239800523318e-14
289.98,4.107868772742692e-13,2.0362801222141794e-14
289.99,4.105942538666553e-13,2.0511416599110565e-14
290.0,4.104001052103384e-13,2.0658373549847906e-14
290.01,4.1020399470174e-13,2.0803218897792513e-14
290.02,4.100063852152048e-13,2.0946631683311773e-14
290.03,4.0980625481486103e-13,2.1087832039250005e-14
290.04,4.0960579511951176e-13,2.1227545449448075e-14
290.05,4.0940328582330104e-13,2.1365183882254332e-14
290.06,4.091988242143509e-13,2.15010846502494e-14
290.07,4.0899314276231545e-13,2.163480112090015e-14
290.08,4.087853081697075e-13,2.1767107543052092e-14
290.09,4.08576406646283e-13,2.1897255169784424e-14
290.1,4.083654739312548e-13,2.2025605210462843e-14
290.11,4.081532995010757e-13,2.215201253766125e-14
290.12,4.0794033775135004e-13,2.2276624661986708e-14
290.13,4.077245348656184e-13,2.2399127232965826e-14
290.14,4.0750777117181446e-13,2.2519785431329007e-14
290.15,4.072894184862644e-13,2.2638479425129396e-14
290.16,4.0706978678914013e-13,2.2755342614663196e-14
290.17,4.0684842405807486e-13,2.2870225306589357e-14
290.18,4.066255839890973e-13,2.29832979921411e-14
290.19,4.0640179662672913e-13,2.30940723099814e-14
290.2,4.061762426517519e-13,2.3202938269324512e-14
290.21,4.059498611882051e-13,2.330994579111186e-14
290.22,4.0572121089502435e-13,2.341511450612438e-14
290.23,4.054917188249336e-13,2.3518238231155347e-14
290.24,4.0526080978293817e-13,2.3619224787729277e-14
290.25,4.0502849717453973e-13,2.371826754336513e-14
290.26,4.04794893085325e-13,2.381561242760482e-14
290.27,4.045600096920497e-13,2.3910435214685444e-14
290.28,4.0432381110344823e-13,2.4003754379202166e-14
290.29,4.0408608261694495e-13,2.4094958980149506e-14
290.3,4.0384834440511704e-13,2.4184235072751667e-14
290.31,4.036078984149632e-13,2.4270655251063616e-14
290.32,4.033670815166377e-13,2.435555401720648e-14
290.33,4.031248349368287e-13,2.4438602296674276e-14
290.34,4.0288142462840447e-13,2.4519486982574744e-14
290.35,4.026370207547255e-13,2.459840518248918e-14
290.36,4.023910063402007e-13,2.467529448246675e-14
290.37,4.021439902337978e-13,2.4750158005374325e-14
290.38,4.018954371897316e-13,2.482224717331982e-14
290.39,4.016464204638013e-13,2.4893686668064523e-14
290.4,4.013969006245989e-13,2.4962224203417026e-14
290.41,4.0114572424549917e-13,2.50288514147193e-14
290.42,4.008936102702702e-13,2.509335681919831e-14
290.43,4.0064035807812923e-13,2.515579487298389e-14
290.44,4.003862824884933e-13,2.5216123842733633e-14
290.45,4.0013124838397373e-13,2.5274487620200742e-14
290.46,3.998749039176656e-13,2.533088596105357e-14
290.47,3.996173300035588e-13,2.538401065260001e-14
290.48,3.9935869700088557e-13,2.5436186532076528e-14
290.49,3.9910074956755656e-13,2.5487276913092063e-14
290.5,3.9884117776455804e-13,2.5535014389201235e-14
290.51,3.985806779771267e-13,2.5581063155784013e-14
290.52,3.983192966681164e-13,2.5624617490696112e-14
290.53,3.9805683859427823e-13,2.5666394417498483e-14
290.54,3.9779351202454035e-13,2.5706158169330106e-14
290.55,3.975298702866114e-13,2.5743641422047773e-14
290.56,3.9726542671391714e-13,2.5779246344244048e-14
290.57,3.9700004976234507e-13,2.5812171308429622e-14
290.58,3.967332834973074e-13,2.5843931940617444e-14
290.59,3.96466405733844e-13,2.587328840678334e-14
290.6,3.9619857562654166e-13,2.590042259976083e-14
290.61,3.9593046130702524e-13,2.592540789169423e-14
290.62,3.956612464915873e-13,2.5948588761057166e-14
290.63,3.953916058567419e-13,2.5969501767050085e-14
290.64,3.9512146872112413e-13,2.5988091802418377e-14
290.65,3.948506705418752e-13,2.6005462165348913e-14
290.66,3.9457964218897257e-13,2.6020184793799412e-14
290.67,3.9430660846253847e-13,2.6032460758409457e-14
290.68,3.94033912610458e-13,2.6043235064315085e-14
290.69,3.9376133648813036e-13,2.6051836086181673e-14
290.7,3.9348760073043133e-13,2.6058121934972755e-14
290.71,3.932131136712384e-13,2.6062456432688898e-14
290.72,3.92938772584987e-13,2.606487224814991e-14
290.73,3.926633631811167e-13,2.6065053404011333e-14
290.74,3.923878692406295e-13,2.606327895576829e-14
290.75,3.9211139878514995e-13,2.605934693454194e-14
290.76,3.9183557964293433e-13,2.6053588073913267e-14
290.77,3.915589241200489e-13,2.6045792667023762e-14
290.78,3.912815648508403e-13,2.6035707952633877e-14
290.79,3.910041174587262e-13,2.6023774155254205e-14
290.8,3.9072635310265886e-13,2.600970904589467e-14
290.81,3.9044810659629624e-13,2.5993787735767245e-14
290.82,3.9016943046622624e-13,2.59756976830199e-14
290.83,3.8989134526928556e-13,2.5955724555827668e-14
290.84,3.8961260429063065e-13,2.5932539259305597e-14
290.85,3.8933277698341786e-13,2.590928998190075e-14
290.86,3.8905348534915934e-13,2.5883032211830108e-14
290.87,3.887737145850222e-13,2.5855064272204652e-14
290.88,3.884939428867573e-13,2.5824844117379732e-14
290.89,3.8821355373191893e-13,2.5792557359214067e-14
290.9,3.879337888598913e-13,2.5758529184352195e-14
290.91,3.8765354920421156e-13,2.5722606227388396e-14
290.92,3.873728238359136e-13,2.568432661366069e-14
290.93,3.870940954706e-13,2.5644280583924735e-14
290.94,3.868118850359014e-13,2.5602268853174136e-14
290.95,3.8653163937238477e-13,2.5558460237188304e-14
290.96,3.862508780622904e-13,2.5512457208774493e-14
290.97,3.8597012602125685e-13,2.5464554526158303e-14
290.98,3.8568939624494197e-13,2.5414498933334637e-14
290.99,3.8540874326526964e-13,2.5363105961518142e-14
291.0,3.8512815160364253e-13,2.5309369481930612e-14
291.01,3.848477252080914e-13,2.525393631608101e-14
291.02,3.845673125601458e-13,2.5197236626661572e-14
291.03,3.8428680951300567e-13,2.5136966439519705e-14
291.04,3.8400638303138134e-13,2.5075609144216358e-14
291.05,3.8372614893482893e-13,2.5012395787319055e-14
291.06,3.8344574599125275e-13,2.4947397098452206e-14
291.07,3.8316586128588335e-13,2.4880329192768254e-14
291.08,3.8288623626719135e-13,2.4811728122693378e-14
291.09,3.826071203917676e-13,2.4741139895411196e-14
291.1,3.82327476658274e-13,2.4668603337456797e-14
291.11,3.820479199442447e-13,2.459449173725121e-14
291.12,3.817701920050345e-13,2.4518199144485152e-14
291.13,3.814912443966118e-13,2.4440043136507845e-14
291.14,3.8121276165871514e-13,2.4360247372342896e-14
291.15,3.8093499974551764e-13,2.427862694656801e-14
291.16,3.8065736684114665e-13,2.419520701558646e-14
291.17,3.803802865271792e-13,2.411012871091547e-14
291.18,3.801038183434285e-13,2.4022964718212054e-14
291.19,3.798260587272575e-13,2.3934187707791187e-14
291.2,3.795496037365506e-13,2.3843643411890162e-14
291.21,3.79274020026324e-13,2.3751552136588058e-14
291.22,3.789989501525123e-13,2.365778240759485e-14
291.23,3.787241229498061e-13,2.356204693378629e-14
291.24,3.7844910773155475e-13,2.3464601435735175e-14
291.25,3.7817541646482393e-13,2.3365500390032094e-14
291.26,3.779014421354753e-13,2.3264611295896566e-14
291.27,3.7762891089356583e-13,2.3161289180436487e-14
291.28,3.77356488157702e-13,2.3058180124161217e-14
291.29,3.770842569127921e-13,2.295206565156486e-14
291.3,3.768130986236293e-13,2.2844598037986968e-14
291.31,3.7654120476134916e-13,2.273524973677973e-14
291.32,3.7627168941922743e-13,2.262466845253953e-14
291.33,3.760025003314193e-13,2.2512492775929218e-14
291.34,3.757326597326382e-13,2.239819807001803e-14
291.35,3.7546431813133516e-13,2.2282686584667368e-14
291.36,3.7519567511927545e-13,2.216487871491128e-14
291.37,3.749294967343446e-13,2.204667656859792e-14
291.38,3.7466329479822355e-13,2.192642648938835e-14
291.39,3.743973873475995e-13,2.180467222402199e-14
291.4,3.741328701077097e-13,2.1681391710334924e-14
291.41,3.7386772653788694e-13,2.1556227187624403e-14
291.42,3.7360440458018797e-13,2.1429947105252084e-14
291.43,3.733409194151964e-13,2.1301838974907286e-14
291.44,3.730795185162877e-13,2.117247260931437e-14
291.45,3.728176476322778e-13,2.104215486640116e-14
291.46,3.7255749179529905e-13,2.0909090725260373e-14
291.47,3.722984204012769e-13,2.0775551753638553e-14
291.48,3.7203928767409404e-13,2.0640399758114375e-14
291.49,3.7178156554188743e-13,2.0503518627216968e-14
291.5,3.7152431325521886e-13,2.0365574002963852e-14
291.51,3.7126821191989726e-13,2.0226166342653402e-14
291.52,3.7101271635259325e-13,2.0085350026167776e-14
291.53,3.707582454363295e-13,1.9942987809074188e-14
291.54,3.705051054109066e-13,1.9799933365639896e-14
291.55,3.7025062766543526e-13,1.9654142571098493e-14
291.56,3.70000681301402e-13,1.9508565777908244e-14
291.57,3.6975000133130076e-13,1.9360713969631326e-14
291.58,3.6950014953804465e-13,1.921180585824586e-14
291.59,3.692517028974337e-13,1.90617676908013e-14
291.6,3.690036867477155e-13,1.891041687989066e-14
291.61,3.687569731513325e-13,1.87575112875416e-14
291.62,3.685112167161282e-13,1.8603649385093558e-14
291.63,3.6826652587660154e-13,1.8447821760582423e-14
291.64,3.680232293389305e-13,1.8292092059691075e-14
291.65,3.67779965961182e-13,1.8134545606820633e-14
291.66,3.6753897005680595e-13,1.7975669075470518e-14
291.67,3.672984242218684e-13,1.7815717666491907e-14
291.68,3.6705903389364975e-13,1.765449725680582e-14
291.69,3.6682117588384043e-13,1.7492521005212304e-14
291.7,3.665843027344505e-13,1.7329006160207587e-14
291.71,3.6634800333651247e-13,1.716451592557577e-14
291.72,3.6611218734345864e-13,1.6998366507595362e-14
291.73,3.658797939133764e-13,1.683218736592731e-14
291.74,3.656471352460953e-13,1.6664402201909502e-14
291.75,3.654162784614586e-13,1.649574390522296e-14
291.76,3.651860295147841e-13,1.6325816831021842e-14
291.77,3.6495731122733235e-13,1.6154913788618714e-14
291.78,3.64729754426927e-13,1.5983202062555297e-14
291.79,3.6450344144264004e-13,1.5809978284627125e-14
291.8,3.642783300339158e-13,1.563625240309807e-14
291.81,3.6405344308490364e-13,1.546238860459648e-14
291.82,3.638331741876574e-13,1.5286605139963043e-14
291.83,3.6361046639761286e-13,1.5109042185621953e-14
291.84,3.6339077307974607e-13,1.493150233162759e-14
291.85,3.631722697687883e-13,1.4753077791327296e-14
291.86,3.629547131071872e-13,1.4573564572198948e-14
291.87,3.6273834705769285e-13,1.4393501363515836e-14
291.88,3.6252369432954873e-13,1.4212169803152327e-14
291.89,3.623103338841478e-13,1.4030756996898791e-14
291.9,3.6209893904884434e-13,1.3848505445885519e-14
291.91,3.618856693911031e-13,1.366304820063449e-14
291.92,3.616781892356041e-13,1.3479775137332442e-14
291.93,3.614701991302835e-13,1.3294662393125616e-14
291.94,3.6126348657114424e-13,1.3108728378317158e-14
291.95,3.6105842723916856e-13,1.2922162685791126e-14
291.96,3.608543618563557e-13,1.2734679010208906e-14
291.97,3.6065221313660595e-13,1.2546665362590973e-14
291.98,3.604513670278329e-13,1.2358004937068878e-14
291.99,3.6025205048019306e-13,1.2168711904893943e-14
292.0,3.60054081514828e-13,1.197828284393667e-14
292.01,3.598572586086999e-13,1.1787861192565798e-14
292.02,3.596619423591414e-13,1.1596369807445439e-14
292.03,3.5946776877068916e-13,1.1404309910882402e-14
292.04,3.592764735091071e-13,1.1212289662588282e-14
292.05,3.590850675993608e-13,1.1018806368060546e-14
292.06,3.5889608830102323e-13,1.082523298322379e-14
292.07,3.587083560303623e-13,1.0631229361128578e-14
292.08,3.585216978620864e-13,1.0435798412062945e-14
292.09,3.5833649774808233e-13,1.0240609334114545e-14
292.1,3.5815397467559335e-13,1.0045406887292693e-14
292.11,3.5797222310560237e-13,9.849077197206815e-15
292.12,3.577919242741325e-13,9.652338410880849e-15
292.13,3.5761343022567685e-13,9.455213226160961e-15
292.14,3.5743610534999777e-13,9.257696268504122e-15
292.15,3.5726041030455125e-13,9.059677794586028e-15
292.16,3.570866414036113e-13,8.861459865637557e-15
292.17,3.569142550973731e-13,8.662673905887759e-15
292.18,3.567435392612148e-13,8.463773754278793e-15
292.19,3.5657363004658715e-13,8.264158543491268e-15
292.2,3.5640628179890806e-13,8.06446767125906e-15
292.21,3.5623984087669935e-13,7.864064558603944e-15
292.22,3.5607560853379743e-13,7.664067706992828e-15
292.23,3.559126325087737e-13,7.46339096225695e-15
292.24,3.557515860910487e-13,7.262666767484441e-15
292.25,3.555913582873766e-13,7.0613562590151544e-15
292.26,3.5543264543017724e-13,6.860210550280816e-15
292.27,3.552771102046029e-13,6.6583293684702894e-15
292.28,3.5512193727061143e-13,6.45640606124637e-15
292.29,3.549688800468462e-13,6.254756703933415e-15
292.3,3.5481709036565225e-13,6.052614456326546e-15
292.31,3.5466721749874387e-13,5.850466214267099e-15
292.32,3.5451855637837083e-13,5.6477404703652186e-15
292.33,3.5437198397812533e-13,5.445462894720264e-15
292.34,3.5422653682314575e-13,5.242830289759815e-15
292.35,3.540810993727447e-13,5.039499547732246e-15
292.36,3.539414906069671e-13,4.837582795370498e-15
292.37,3.5380149266985663e-13,4.63479350138481e-15
292.38,3.5366307055379474e-13,4.431928397692443e-15
292.39,3.5352618110596397e-13,4.229140907042906e-15
292.4,3.533909471549572e-13,4.026305145538672e-15
292.41,3.5325759540161314e-13,3.82359969325169e-15
292.42,3.531257846198944e-13,3.6209260623860764e-15
292.43,3.5299533489579344e-13,3.4180887615661083e-15
292.44,3.528666305448298e-13,3.21551191938112e-15
292.45,3.5274041077901596e-13,3.013406465398703e-15
292.46,3.526150254372609e-13,2.810755182111578e-15
292.47,3.5249161733175655e-13,2.6084540946579267e-15
292.48,3.523698129822114e-13,2.406306196944284e-15
292.49,3.522497048920381e-13,2.2044869544156823e-15
292.5,3.521317212938813e-13,2.0024222390038697e-15
292.51,3.520146307039938e-13,1.8008228990598307e-15
292.52,3.518996049929418e-13,1.5994186762927826e-15
292.53,3.5178652778260804e-13,1.3979917802317426e-15
292.54,3.5167474429633e-13,1.197312781414209e-15
292.55,3.5156505802480856e-13,9.96528142881385e-16
292.56,3.5145622795273135e-13,7.959366676288006e-16
292.57,3.5134998952905355e-13,5.95614334377622e-16
292.58,3.5124439485219917e-13,3.954673931840388e-16
292.59,3.511421011035691e-13,1.9627688737247117e-16
292.6,3.510403071345565e-13,-3.0119184545893976e-18
292.61,3.509405365783388e-13,-2.0188371174818786e-16
292.62,3.5084288119240845e-13,-4.007694736583944e-16
292.63,3.507458782014635e-13,-5.983033853841557e-16
292.64,3.5065105222170956e-13,-7.96227471522653e-16
292.65,3.505575993002937e-13,-9.94094557486055e-16
292.66,3.5046683787746766e-13,-1.1906766478417247e-15
292.67,3.5037724484352706e-13,-1.3871431073425987e-15
292.68,3.5028826014125447e-13,-1.5835467616294382e-15
292.69,3.5020273686394797e-13,-1.778881089842244e-15
292.7,3.5011782622316575e-13,-1.9740337440352223e-15
292.71,3.5003655119376386e-13,-2.1674940766687245e-15
292.72,3.4995407013054037e-13,-2.3623044816550516e-15
292.73,3.4987409065664167e-13,-2.5563068489233446e-15
292.74,3.4979627860925973e-13,-2.749232899382416e-15
292.75,3.497200346055366e-13,-2.9418396546400816e-15
292.76,3.4964548905133614e-13,-3.1335677068233496e-15
292.77,3.495724596524426e-13,-3.3250266737665853e-15
292.78,3.4950107575614864e-13,-3.5156136934908954e-15
292.79,3.494316803447081e-13,-3.7059675700344655e-15
292.8,3.493642650937102e-13,-3.8947576206125385e-15
292.81,3.492978940087827e-13,-4.08409010379984e-15
292.82,3.492327763493042e-13,-4.2724164083033566e-15
292.83,3.491701786916418e-13,-4.4592653052861234e-15
292.84,3.4910863994230224e-13,-4.6465793781925666e-15
292.85,3.4904899594760264e-13,-4.832516217298083e-15
292.86,3.489904744509629e-13,-5.018158129145355e-15
292.87,3.4893477565776887e-13,-5.2026351507919956e-15
292.88,3.4887967779633746e-13,-5.3865720457421484e-15
292.89,3.4882600927113093e-13,-5.569971382700682e-15
292.9,3.4877523691543895e-13,-5.752028103764625e-15
292.91,3.487249377842559e-13,-5.9337863537703145e-15
292.92,3.486770558764943e-13,-6.114223395809915e-15
292.93,3.4863022437806214e-13,-6.2943026489755285e-15
292.94,3.4858561012607896e-13,-6.4733456129971044e-15
292.95,3.4854171996922836e-13,-6.651935601361417e-15
292.96,3.4850013893613217e-13,-6.829155406811877e-15
292.97,3.484596433262228e-13,-7.005984587432432e-15
292.98,3.484208249797872e-13,-7.181609955975629e-15
292.99,3.483842892403196e-13,-7.356286112012608e-15
293.0,3.4834845087944904e-13,-7.530177536488122e-15
293.01,3.4831483678731637e-13,-7.703205704007484e-15
293.02,3.482821322927428e-13,-7.87521802805651e-15
293.03,3.482514609706012e-13,-8.046377263603903e-15
293.04,3.48222177118949e-13,-8.2167407498943e-15
293.05,3.4819475803485363e-13,-8.385830002590784e-15
293.06,3.481683907498491e-13,-8.553902436222573e-15
293.07,3.481438316718438e-13,-8.720658134730447e-15
293.08,3.4812114980598393e-13,-8.887015945350176e-15
293.09,3.480993821032466e-13,-9.052309291700524e-15
293.1,3.480791121189783e-13,-9.21658693930325e-15
293.11,3.480607445657955e-13,-9.379596475403677e-15
293.12,3.4804356347537947e-13,-9.541803985098788e-15
293.13,3.480282333296941e-13,-9.70267573227048e-15
293.14,3.4801418762294865e-13,-9.862717067877814e-15
293.15,3.480015138112891e-13,-1.0021416088388424e-14
293.16,3.479905721735938e-13,-1.0179529913449793e-14
293.17,3.4798105454119495e-13,-1.0335927058561307e-14
293.18,3.479727787186045e-13,-1.0491465019879275e-14
293.19,3.479662198409842e-13,-1.0645710735881363e-14
293.2,3.4796100548100066e-13,-1.0799162221450885e-14
293.21,3.479572833102642e-13,-1.0950954845674e-14
293.22,3.47954937375812e-13,-1.1101872241761148e-14
293.23,3.479542204504935e-13,-1.1251643031943608e-14
293.24,3.479542827948841e-13,-1.1400310128760469e-14
293.25,3.4795664500115803e-13,-1.1547670671835957e-14
293.26,3.479598853906628e-13,-1.1693682158864648e-14
293.27,3.479643799095137e-13,-1.1838748196529261e-14
293.28,3.47970594951403e-13,-1.1982226529577806e-14
293.29,3.4797835950449356e-13,-1.2124890331069024e-14
293.3,3.4798699904189836e-13,-1.2265648515056278e-14
293.31,3.479969854874284e-13,-1.2406297092603246e-14
293.32,3.4800877858398285e-13,-1.2544907034222895e-14
293.33,3.480213542051674e-13,-1.2682532711067265e-14
293.34,3.4803610060494415e-13,-1.281834040054846e-14
293.35,3.480514325552428e-13,-1.2953256601112799e-14
293.36,3.4806828655070975e-13,-1.308690235530386e-14
293.37,3.4808698378168977e-13,-1.3218845227937589e-14
293.38,3.4810582493607554e-13,-1.3349973860666664e-14
293.39,3.481265769510152e-13,-1.3479605892819125e-14
293.4,3.4814864324215034e-13,-1.3607962112808683e-14
293.41,3.4817198700184073e-13,-1.3734859244671288e-14
293.42,3.4819622535700635e-13,-1.3860746547473733e-14
293.43,3.4822266193560536e-13,-1.3984944952935169e-14
293.44,3.4824942420994445e-13,-1.4107427849641236e-14
293.45,3.482775578607697e-13,-1.4229064112647085e-14
293.46,3.483071295016545e-13,-1.434907530426438e-14
293.47,3.483378416231772e-13,-1.446765114534771e-14
293.48,3.483696781637741e-13,-1.458497583556463e-14
293.49,3.484028565912084e-13,-1.470108914737517e-14
293.5,3.4843727240626156e-13,-1.4815257864336178e-14
293.51,3.484728646268296e-13,-1.4928686825144234e-14
293.52,3.485091442841183e-13,-1.5039986747138315e-14
293.53,3.485468810543261e-13,-1.515019818274119e-14
293.54,3.4858586946465024e-13,-1.5258995689488378e-14
293.55,3.4862604369845064e-13,-1.5365975916774358e-14
293.56,3.4866704737971743e-13,-1.5471873725113667e-14
293.57,3.487091980717933e-13,-1.5576338152193263e-14
293.58,3.4875210892284316e-13,-1.567945957038994e-14
293.59,3.4879690349368725e-13,-1.5780823319917163e-14
293.6,3.4884269082848385e-13,-1.588061196628221e-14
293.61,3.4888886313232817e-13,-1.5979227824671917e-14
293.62,3.489364542707556e-13,-1.6076116246162523e-14
293.63,3.489848465839705e-13,-1.617146905461176e-14
293.64,3.4903485793897125e-13,-1.6265133586670625e-14
293.65,3.4908495384814583e-13,-1.635791327910806e-14
293.66,3.4913675640664936e-13,-1.6448930544679048e-14
293.67,3.491895566197769e-13,-1.6537759785860404e-14
293.68,3.4924339632847967e-13,-1.6626332037352506e-14
293.69,3.492978032204569e-13,-1.671241500904934e-14
293.7,3.493529646917494e-13,-1.679798972495509e-14
293.71,3.494098951697062e-13,-1.6880726437046197e-14
293.72,3.4946718759973243e-13,-1.6962217369610878e-14
293.73,3.4952534657978474e-13,-1.7042905261932387e-14
293.74,3.4958496388068303e-13,-1.712140137491021e-14
293.75,3.496450522181927e-13,-1.7198504465590436e-14
293.76,3.4970639466264963e-13,-1.7273835212261952e-14
293.77,3.4976823560933177e-13,-1.7347637548733955e-14
293.78,3.498309991899038e-13,-1.7420156410316827e-14
293.79,3.498948268746021e-13,-1.7490258718327294e-14
293.8,3.49959434635395e-13,-1.7560316535714942e-14
293.81,3.50024459774157e-13,-1.7627746529076802e-14
293.82,3.500907727112855e-13,-1.7693872598610928e-14
293.83,3.5015766070228693e-13,-1.7758513814366824e-14
293.84,3.5022521280387763e-13,-1.782129332970465e-14
293.85,3.5029406268493064e-13,-1.7882654003915994e-14
293.86,3.503631038663221e-13,-1.7942318912973956e-14
293.87,3.5043313777703613e-13,-1.8000450177843523e-14
293.88,3.505051995227574e-13,-1.8056668238172368e-14
293.89,3.505755590811212e-13,-1.8111793233641706e-14
293.9,3.5064756691033193e-13,-1.816542771873413e-14
293.91,3.507203752736275e-13,-1.821715229702036e-14
293.92,3.5079392243283604e-13,-1.826728021738654e-14
293.93,3.50868429835011e-13,-1.8315763215110227e-14
293.94,3.5094333784141857e-13,-1.836276992729271e-14
293.95,3.5101908208465505e-13,-1.8407857620883838e-14
293.96,3.510948022702753e-13,-1.8451650319492768e-14
293.97,3.5117194088236103e-13,-1.8493228702389638e-14
293.98,3.5124952038419185e-13,-1.8534227673478105e-14
293.99,3.513276929779281e-13,-1.857316179846451e-14
294.0,3.51406339296708e-13,-1.8610330511844913e-14
294.01,3.5148573716964733e-13,-1.8645888452464346e-14
294.02,3.515654064158684e-13,-1.8680031969386984e-14
294.03,3.5164580487461743e-13,-1.871246159764641e-14
294.04,3.517264604868307e-13,-1.8742861942718774e-14
294.05,3.5180852263122104e-13,-1.8772097315582375e-14
294.06,3.5189070772839454e-13,-1.8799893146856406e-14
294.07,3.519726528844994e-13,-1.8825560214879682e-14
294.08,3.52055688417011e-13,-1.8849944433250724e-14
294.09,3.521392121154141e-13,-1.887260801347283e-14
294.1,3.522228590588525e-13,-1.8893697011322583e-14
294.11,3.5230711146265073e-13,-1.8913145201055266e-14
294.12,3.5239192382047036e-13,-1.8930930166655778e-14
294.13,3.524772744925279e-13,-1.8946997718316727e-14
294.14,3.525627239127798e-13,-1.8961430834114646e-14
294.15,3.526484395364508e-13,-1.8975005522998165e-14
294.16,3.527350107859785e-13,-1.898608019760296e-14
294.17,3.5282145481747175e-13,-1.899589714997264e-14
294.18,3.5290887278940835e-13,-1.9004191946619957e-14
294.19,3.529961117017606e-13,-1.9010662274383033e-14
294.2,3.5308390585471114e-13,-1.9015366241416058e-14
294.21,3.5317185397532946e-13,-1.901885214256356e-14
294.22,3.532608423657526e-13,-1.9020742362055992e-14
294.23,3.533490445775999e-13,-1.902162604466216e-14
294.24,3.5343799696419617e-13,-1.9019769353927628e-14
294.25,3.535274180360226e-13,-1.9016277745167366e-14
294.26,3.536166352884741e-13,-1.9011719617861097e-14
294.27,3.537065721004637e-13,-1.9005501728988626e-14
294.28,3.537961651848934e-13,-1.8997702681188363e-14
294.29,3.538868116416653e-13,-1.898831183908711e-14
294.3,3.539769098165043e-13,-1.8977446065818894e-14
294.31,3.54067330537168e-13,-1.896492670863629e-14
294.32,3.5415732729307506e-13,-1.8950665032091894e-14
294.33,3.5425029428318076e-13,-1.8934604856807346e-14
294.34,3.543400092945563e-13,-1.891779484464364e-14
294.35,3.5443137220946165e-13,-1.8899080643421967e-14
294.36,3.5452260737434563e-13,-1.8878733883246735e-14
294.37,3.5461403031522956e-13,-1.885681364866432e-14
294.38,3.547053985571906e-13,-1.8833428513932774e-14
294.39,3.5479697357234163e-13,-1.8808350418602162e-14
294.4,3.5488856377533983e-13,-1.878183736540732e-14
294.41,3.5498039303145994e-13,-1.8754017584631382e-14
294.42,3.5507211500702725e-13,-1.8723049482650798e-14
294.43,3.5516367668521094e-13,-1.8693214921419046e-14
294.44,3.5525587935550627e-13,-1.8660394291953235e-14
294.45,3.5534769257816737e-13,-1.8626235224059533e-14
294.46,3.554400125280601e-13,-1.8590681484294145e-14
294.47,3.555312166354125e-13,-1.8553254234043988e-14
294.48,3.5562306515921977e-13,-1.8514699564357252e-14
294.49,3.557146685686504e-13,-1.847456001355423e-14
294.5,3.558067670365544e-13,-1.843235959288532e-14
294.51,3.558968679275899e-13,-1.8389872781432545e-14
294.52,3.559897313156103e-13,-1.8344997461998964e-14
294.53,3.5608127915554064e-13,-1.829879359030755e-14
294.54,3.5617266881345977e-13,-1.8251189106392337e-14
294.55,3.5626401297934297e-13,-1.820221079413982e-14
294.56,3.563547392046671e-13,-1.8151685849006355e-14
294.57,3.5644582961415803e-13,-1.8099727518253987e-14
294.58,3.5653621739948114e-13,-1.804618592782848e-14
294.59,3.5662738295802353e-13,-1.7991311676490776e-14
294.6,3.5671770665196137e-13,-1.79359905681927e-14
294.61,3.568079089961415e-13,-1.7877603879352e-14
294.62,3.568979408265537e-13,-1.7818368620384794e-14
294.63,3.569877999636529e-13,-1.7757873903175764e-14
294.64,3.570773795277195e-13,-1.7695984937914195e-14
294.65,3.57166936082747e-13,-1.763259260558033e-14
294.66,3.5725586312073616e-13,-1.7567990208444472e-14
294.67,3.573451262927992e-13,-1.750162471247668e-14
294.68,3.574325876365522e-13,-1.7434677945212233e-14
294.69,3.5752220576247264e-13,-1.7364861824333263e-14
294.7,3.576097682539266e-13,-1.729537675198682e-14
294.71,3.576973314349362e-13,-1.7223840077211416e-14
294.72,3.5778505233293287e-13,-1.715077320697534e-14
294.73,3.578719602919792e-13,-1.7076818835394157e-14
294.74,3.5795874414412577e-13,-1.7001169757177577e-14
294.75,3.5804506235467026e-13,-1.6924329491859156e-14
294.76,3.5813149617734476e-13,-1.684603025423093e-14
294.77,3.5821697827742543e-13,-1.676666668107058e-14
294.78,3.5830003814616586e-13,-1.6686196669224343e-14
294.79,3.5838691281157515e-13,-1.6603628929245036e-14
294.8,3.584703068904599e-13,-1.6520597901932304e-14
294.81,3.5855523913492623e-13,-1.6435787147641697e-14
294.82,3.5863864695883115e-13,-1.6349891554214584e-14
294.83,3.5872148580541395e-13,-1.626296397133073e-14
294.84,3.5880443325592937e-13,-1.6174443627066635e-14
294.85,3.588869185112398e-13,-1.6084939110648215e-14
294.86,3.589682741552128e-13,-1.5994223312372286e-14
294.87,3.5904864133083507e-13,-1.59031663845559e-14
294.88,3.5913040913123596e-13,-1.5808709106746818e-14
294.89,3.592106123163733e-13,-1.5714396820799224e-14
294.9,3.592903931664871e-13,-1.561866011656453e-14
294.91,3.593694588827925e-13,-1.552181703458125e-14
294.92,3.5944822873934285e-13,-1.5423881407655978e-14
294.93,3.5952619575965833e-13,-1.5324725284778695e-14
294.94,3.5960383832201906e-13,-1.522434174078481e-14
294.95,3.5968050747303614e-13,-1.5123126904251088e-14
294.96,3.597585127809034e-13,-1.5020671851002515e-14
294.97,3.598327915841458e-13,-1.4916756475339824e-14
294.98,3.5990820704567737e-13,-1.481177732757571e-14
294.99,3.599826800203178e-13,-1.4706206707435733e-14
295.0,3.600568138956731e-13,-1.4598995278608374e-14
295.01,3.601299887008512e-13,-1.4490819002452238e-14
295.02,3.6020271624282866e-13,-1.4381763667264382e-14
295.03,3.6027450598800257e-13,-1.4271851525890674e-14
295.04,3.6034582492472236e-13,-1.4160376472403078e-14
295.05,3.604171135008687e-13,-1.4047979238660645e-14
295.06,3.604868190103991e-13,-1.3934606954252964e-14
295.07,3.6055615687763887e-13,-1.3820542197251102e-14
295.08,3.6062486591371533e-13,-1.3705085205734535e-14
295.09,3.6069302586875813e-13,-1.358876067550708e-14
295.1,3.607598701142344e-13,-1.347147544529922e-14
295.11,3.6082652522363694e-13,-1.3353252944297239e-14
295.12,3.6089141183226577e-13,-1.3234179938142434e-14
295.13,3.609572846878901e-13,-1.3113696153884642e-14
295.14,3.6102154720499215e-13,-1.2992647091492933e-14
295.15,3.610848784036744e-13,-1.2870478347851257e-14
295.16,3.611479347595331e-13,-1.2747526146322297e-14
295.17,3.6120990819301735e-13,-1.2623698609957771e-14
295.18,3.6127085443254033e-13,-1.2498984193916527e-14
295.19,3.613310177845933e-13,-1.237331623024531e-14
295.2,3.6139100069188575e-13,-1.224696776166284e-14
295.21,3.614495583201781e-13,-1.2118441257580082e-14
295.22,3.615074558222787e-13,-1.1991449500883831e-14
295.23,3.6156485228467366e-13,-1.1862029647953357e-14
295.24,3.6162087791807033e-13,-1.173228133180312e-14
295.25,3.616763041988804e-13,-1.1601502845908485e-14
295.26,3.61730908482965e-13,-1.1469864294209005e-14
295.27,3.6178469343853225e-13,-1.1337642662657058e-14
295.28,3.618378289977425e-13,-1.120487688780386e-14
295.29,3.6188999534900675e-13,-1.107046407515848e-14
295.3,3.6194196679636383e-13,-1.0935135765636787e-14
295.31,3.6199176025533364e-13,-1.0800231101227863e-14
295.32,3.6203976448600244e-13,-1.0664704579908307e-14
295.33,3.6208869928163744e-13,-1.0527833766300615e-14
295.34,3.621364801655457e-13,-1.0390308293517686e-14
295.35,3.621827922062111e-13,-1.0252184388887916e-14
295.36,3.622285832769588e-13,-1.0113266087142348e-14
295.37,3.6227342194838965e-13,-9.973754493210094e-15
295.38,3.6231734971946506e-13,-9.833517551270167e-15
295.39,3.623606122342296e-13,-9.693138651694979e-15
295.4,3.6240224935594577e-13,-9.551028768464087e-15
295.41,3.6244279291883794e-13,-9.40926733129306e-15
295.42,3.624832324719697e-13,-9.266210780332922e-15
295.43,3.6252194559451125e-13,-9.123040113484287e-15
295.44,3.6256053939144554e-13,-8.978911311695242e-15
295.45,3.62596995762226e-13,-8.834773261510057e-15
295.46,3.626331910776449e-13,-8.68968797516408e-15
295.47,3.626686219988693e-13,-8.543839874447174e-15
295.48,3.627019717596104e-13,-8.398289173318029e-15
295.49,3.6273572085476574e-13,-8.251625520769839e-15
295.5,3.627683874177069e-13,-8.104126679615942e-15
295.51,3.627990528274911e-13,-7.956441428964054e-15
295.52,3.628293915613968e-13,-7.808456528037472e-15
295.53,3.6285828222829137e-13,-7.65984818059453e-15
295.54,3.62886335564685e-13,-7.510687895099292e-15
295.55,3.629134338948968e-13,-7.36115812981916e-15
295.56,3.6293945737825543e-13,-7.211122024566544e-15
295.57,3.629643966645459e-13,-7.059827098632734e-15
295.58,3.6298792722569187e-13,-6.910278621977857e-15
295.59,3.630110225905059e-13,-6.759013620772382e-15
295.6,3.630325699874111e-13,-6.60757708346541e-15
295.61,3.630533228423268e-13,-6.4556637462043656e-15
295.62,3.6307307334973353e-13,-6.3034598307239614e-15
295.63,3.6309160806468113e-13,-6.150904143604424e-15
295.64,3.631090410583009e-13,-5.997848377198434e-15
295.65,3.6312568206966714e-13,-5.84464098640878e-15
295.66,3.6314249041862064e-13,-5.69033843965157e-15
295.67,3.6315543261110326e-13,-5.537013910522747e-15
295.68,3.6316853343202043e-13,-5.383028896589702e-15
295.69,3.6318028415683827e-13,-5.22872198821867e-15
295.7,3.6319129462406084e-13,-5.074175159895158e-15
295.71,3.632005555237711e-13,-4.919649028521263e-15
295.72,3.632101285217736e-13,-4.764144549584888e-15
295.73,3.632176930762184e-13,-4.6089287733354506e-15
295.74,3.632242588511357e-13,-4.453347581138702e-15
295.75,3.632303045991823e-13,-4.298542917683023e-15
295.76,3.6323442926537444e-13,-4.142386322216178e-15
295.77,3.6323687332813696e-13,-3.9855680981014115e-15
295.78,3.632390511322349e-13,-3.829573657449371e-15
295.79,3.6324013793756774e-13,-3.673163201684722e-15
295.8,3.6324019336145946e-13,-3.5165112694117797e-15
295.81,3.632385893989296e-13,-3.360107136349736e-15
295.82,3.632365181862801e-13,-3.203246645832714e-15
295.83,3.632327238583681e-13,-3.0466573720407956e-15
295.84,3.6322781451600107e-13,-2.8900142160469744e-15
295.85,3.632208530200332e-13,-2.7329734454878108e-15
295.86,3.6321503133574057e-13,-2.5761000593420673e-15
295.87,3.6320706726623826e-13,-2.4190643043475082e-15
295.88,3.631977586896583e-13,-2.2620167748596378e-15
295.89,3.631875134536026e-13,-2.1049767007354652e-15
295.9,3.6317583320044416e-13,-1.9480209624999656e-15
295.91,3.6316325630128535e-13,-1.790940187861747e-15
295.92,3.6314941265699426e-13,-1.634165299174199e-15
295.93,3.6313426859012976e-13,-1.4771493562951215e-15
295.94,3.6311856797034355e-13,-1.3205231982254318e-15
295.95,3.631011248465065e-13,-1.16354644093702e-15
295.96,3.630823887713691e-13,-1.0067263845818431e-15
295.97,3.630630442658462e-13,-8.497487442779057e-16
295.98,3.630421218375266e-13,-6.936067613169791e-16
295.99,3.630202270091207e-13,-5.373748634657606e-16
296.0,3.6299704688794755e-13,-3.8092376126541493e-16
296.01,3.6297277005164665e-13,-2.248479155007126e-16
296.02,3.6294722502147347e-13,-6.874887162081233e-17
296.03,3.629205836607616e-13,8.686137443502718e-17
296.04,3.6289342995883225e-13,2.4280915445841854e-16
296.05,3.6286453772933974e-13,3.9837760612159466e-16
296.06,3.6283454183404935e-13,5.536267642961299e-16
296.07,3.6280336601898e-13,7.085652670077044e-16
296.08,3.627709867139275e-13,8.634364321757538e-16
296.09,3.627377182644114e-13,1.0181101827934096e-15
296.1,3.62702815429823e-13,1.1722345240673506e-15
296.11,3.62666138506157e-13,1.3262697307180044e-15
296.12,3.626306642106783e-13,1.4802720525011233e-15
296.13,3.62592264501568e-13,1.6337471870024373e-15
296.14,3.6255281929090753e-13,1.7869103228502073e-15
296.15,3.6251262244182247e-13,1.9398817836383093e-15
296.16,3.6247113342654117e-13,2.0924996674331965e-15
296.17,3.624282294851847e-13,2.244511019518172e-15
296.18,3.6238435916596333e-13,2.3963458315993807e-15
296.19,3.623399448436251e-13,2.548446513708719e-15
296.2,3.622912666924638e-13,2.697681087279955e-15
296.21,3.6224658294380623e-13,2.8502801763809923e-15
296.22,3.6219783944514295e-13,3.0007386111095922e-15
296.23,3.621480917336018e-13,3.1504025067495783e-15
296.24,3.6209768722721995e-13,3.3002712583485063e-15
296.25,3.620454852690128e-13,3.4491311349871497e-15
296.26,3.619927218336191e-13,3.598036115545653e-15
296.27,3.619385062889509e-13,3.746265222323792e-15
296.28,3.618835200214191e-13,3.894082292811623e-15
296.29,3.6182649951413043e-13,4.04044312241456e-15
296.3,3.617695299908087e-13,4.188173185672498e-15
296.31,3.617109124173573e-13,4.334693806886892e-15
296.32,3.6165142333011903e-13,4.480434218357333e-15
296.33,3.615906481818296e-13,4.626073683381586e-15
296.34,3.6152835548206876e-13,4.770528234108666e-15
296.35,3.6146552663676305e-13,4.915022989385714e-15
296.36,3.614014893737375e-13,5.058831626656786e-15
296.37,3.6133654029799964e-13,5.201975505128077e-15
296.38,3.6127047863183584e-13,5.344254327984323e-15
296.39,3.612024942539049e-13,5.48657267654107e-15
296.4,3.6113390302215493e-13,5.627900581895038e-15
296.41,3.6106414195700463e-13,5.768769106607169e-15
296.42,3.609937747933478e-13,5.9091580519352394e-15
296.43,3.6092244995976395e-13,6.0495493948428115e-15
296.44,3.6084879384171697e-13,6.187821535729329e-15
296.45,3.607748403370072e-13,6.326056322340883e-15
296.46,3.6069980278918714e-13,6.46361284212317e-15
296.47,3.6062351869054134e-13,6.601227903640916e-15
296.48,3.6054673477122446e-13,6.736951307648236e-15
296.49,3.604685521540735e-13,6.872736033785471e-15
296.5,3.603885722415193e-13,7.00746157261983e-15
296.51,3.6030860115952623e-13,7.141779114002205e-15
296.52,3.602272661037721e-13,7.275534583429279e-15
296.53,3.6014473687261413e-13,7.408936919046408e-15
296.54,3.6006124861976625e-13,7.540450924701071e-15
296.55,3.5997675611209686e-13,7.67185862696231e-15
296.56,3.598913780067625e-13,7.803050316782981e-15
296.57,3.598052103160384e-13,7.932079550363872e-15
296.58,3.5971700526493164e-13,8.061340316259372e-15
296.59,3.596287569378989e-13,8.189528916647995e-15
296.6,3.595392296824929e-13,8.316988120589128e-15
296.61,3.5944802577550527e-13,8.443917294440108e-15
296.62,3.5935653363618525e-13,8.569677355174792e-15
296.63,3.59263917827294e-13,8.694920770817253e-15
296.64,3.591702624188382e-13,8.81918102218372e-15
296.65,3.5907554337621506e-13,8.942896470137727e-15
296.66,3.5898031986133183e-13,9.064857023648934e-15
296.67,3.5888372535620653e-13,9.187110343241266e-15
296.68,3.587857844714856e-13,9.307865574156476e-15
296.69,3.58687683182627e-13,9.42812623099604e-15
296.7,3.58588055898062e-13,9.547050982059473e-15
296.71,3.584875267966281e-13,9.665664607215406e-15
296.72,3.583863958684871e-13,9.782796547801019e-15
296.73,3.582843205449346e-13,9.899546939211632e-15
296.74,3.5818090291686326e-13,1.001612162563472e-14
296.75,3.580765621652971e-13,1.0129446083513432e-14
296.76,3.5797147123726443e-13,1.0243556569749984e-14
296.77,3.578656437914157e-13,1.0356326213631251e-14
296.78,3.577587136301089e-13,1.046824049558144e-14
296.79,3.576508200894926e-13,1.0579060122609837e-14
296.8,3.575418776284577e-13,1.0688882477543784e-14
296.81,3.574323874969256e-13,1.0797970026803788e-14
296.82,3.5732202913824717e-13,1.0906212012954118e-14
296.83,3.5721080733546176e-13,1.1013412385220265e-14
296.84,3.570983052935263e-13,1.1119500421368118e-14
296.85,3.569854966415664e-13,1.122456188536688e-14
296.86,3.568711054005522e-13,1.1328593222601245e-14
296.87,3.5675649742196286e-13,1.1431875843542888e-14
296.88,3.5664068703384144e-13,1.1533830753474718e-14
296.89,3.565246103485922e-13,1.1635001366862638e-14
296.9,3.564071679741485e-13,1.1735027265454842e-14
296.91,3.5628917160949014e-13,1.183423560425567e-14
296.92,3.561700894794718e-13,1.1932020662635135e-14
296.93,3.5605024301156063e-13,1.2029160165154692e-14
296.94,3.559298216021021e-13,1.2124822662995298e-14
296.95,3.5580823820174897e-13,1.221980567130387e-14
296.96,3.556862459307276e-13,1.2313792379840322e-14
296.97,3.5556330131370083e-13,1.2406530893888061e-14
296.98,3.554396571687399e-13,1.2498052493294268e-14
296.99,3.553152354187859e-13,1.2588916894051644e-14
297.0,3.5519005590668466e-13,1.267831157439842e-14
297.01,3.5506367397496505e-13,1.2767084384893374e-14
297.02,3.5493715002761555e-13,1.2853873640352215e-14
297.03,3.54809890551124e-13,1.2940102280411107e-14
297.04,3.5468151465866324e-13,1.3025193477061482e-14
297.05,3.5455276309025064e-13,1.3109276999698932e-14
297.06,3.544231594309453e-13,1.319230188083839e-14
297.07,3.542928109917469e-13,1.3274021993669555e-14
297.08,3.541617284077622e-13,1.3354673940717932e-14
297.09,3.540301637742902e-13,1.3434320130719447e-14
297.1,3.538974606685498e-13,1.3512547123621363e-14
297.11,3.5376482034399785e-13,1.3589829009937583e-14
297.12,3.536307921080518e-13,1.3665832961575134e-14
297.13,3.534967343871288e-13,1.3741039720760164e-14
297.14,3.533618885510069e-13,1.3814866065462292e-14
297.15,3.532259345130739e-13,1.3887321869595749e-14
297.16,3.5308972815990825e-13,1.3958825981856519e-14
297.17,3.5295276141261934e-13,1.4029477086921575e-14
297.18,3.528153139028733e-13,1.4098660589298688e-14
297.19,3.526768358093722e-13,1.4166346524287189e-14
297.2,3.525386241600361e-13,1.4233181108969586e-14
297.21,3.523990420817909e-13,1.4299098630555178e-14
297.22,3.5225918419807936e-13,1.4363106274748055e-14
297.23,3.5211882107822564e-13,1.4426821292876308e-14
297.24,3.5197761291137454e-13,1.4488830875619316e-14
297.25,3.518363504853156e-13,1.455003477019555e-14
297.26,3.51693972495305e-13,1.4609442227343623e-14
297.27,3.5155125374386915e-13,1.4668317409491674e-14
297.28,3.514082131711917e-13,1.4724743470634505e-14
297.29,3.5126422810928445e-13,1.4781357110102487e-14
297.3,3.5111995844686407e-13,1.483637666676874e-14
297.31,3.5097555782756787e-13,1.489016767108886e-14
297.32,3.5083016461722454e-13,1.4942579242721927e-14
297.33,3.506843116263374e-13,1.4993755777855314e-14
297.34,3.5053844718329224e-13,1.5043921072532254e-14
297.35,3.5039157477939116e-13,1.5092595570702575e-14
297.36,3.502439077622036e-13,1.5140558772873077e-14
297.37,3.5009769410229344e-13,1.5187023422980723e-14
297.38,3.4994878567515293e-13,1.523214108830209e-14
297.39,3.4980039086777585e-13,1.5275909976026435e-14
297.4,3.4965109554216834e-13,1.531868892849906e-14
297.41,3.4950213157544144e-13,1.5360282510084804e-14
297.42,3.4935253792102016e-13,1.5400252539900015e-14
297.43,3.4920222342059383e-13,1.5439445757028522e-14
297.44,3.4905180662841685e-13,1.547726771857941e-14
297.45,3.4890051546378506e-13,1.5513664358493823e-14
297.46,3.48750216904642e-13,1.554963600808326e-14
297.47,3.485980375214599e-13,1.5583167062741786e-14
297.48,3.4844616811814246e-13,1.561613513380617e-14
297.49,3.4829425934449333e-13,1.5647917788797482e-14
297.5,3.4814123370165774e-13,1.5678187159064487e-14
297.51,3.479877473991052e-13,1.5707455490882908e-14
297.52,3.4783476886775244e-13,1.5735263555091482e-14
297.53,3.4768151676361957e-13,1.5762034187986905e-14
297.54,3.4752765916310726e-13,1.5787170636302066e-14
297.55,3.4737278334143667e-13,1.5811024303557213e-14
297.56,3.4721893498587056e-13,1.583444899082214e-14
297.57,3.470643022555692e-13,1.58562384295788e-14
297.58,3.4691002072152475e-13,1.5876807166294244e-14
297.59,3.4675418418157515e-13,1.5895589166833258e-14
297.6,3.465987847335874e-13,1.5914156236408898e-14
297.61,3.4644362871284043e-13,1.5931103061768293e-14
297.62,3.4628680822229414e-13,1.5946305325976912e-14
297.63,3.461309123522922e-13,1.5960615746919845e-14
297.64,3.459739556672628e-13,1.5973562806694112e-14
297.65,3.4581788178768706e-13,1.598541038602912e-14
297.66,3.4566128252757904e-13,1.599618506476116e-14
297.67,3.455039910110287e-13,1.600547304826724e-14
297.68,3.453472172347026e-13,1.601340251890439e-14
297.69,3.451899766092217e-13,1.602073362086453e-14
297.7,3.4503237010890437e-13,1.6026250179889804e-14
297.71,3.448751190697114e-13,1.603073640212488e-14
297.72,3.4471722355009474e-13,1.6033614231838885e-14
297.73,3.445600215417619e-13,1.6036689158800995e-14
297.74,3.444016838603317e-13,1.603655973202633e-14
297.75,3.4424343141258907e-13,1.603630411226496e-14
297.76,3.440855769534161e-13,1.6034484073923252e-14
297.77,3.4392734961019913e-13,1.603176260800425e-14
297.78,3.4376896108500706e-13,1.6027672457981092e-14
297.79,3.4361060214459744e-13,1.6022494145143184e-14
297.8,3.434523489005114e-13,1.6015798171330573e-14
297.81,3.43293712946652e-13,1.6007967153370384e-14
297.82,3.43134432102545e-13,1.5999010591395184e-14
297.83,3.4297653026798983e-13,1.598892756102531e-14
297.84,3.428181783920842e-13,1.5977735411421793e-14
297.85,3.426594735957264e-13,1.5965278894973418e-14
297.86,3.425007461755859e-13,1.5951446505455995e-14
297.87,3.423422260000263e-13,1.593650708207778e-14
297.88,3.4218358292093554e-13,1.5920461850015503e-14
297.89,3.420251031384359e-13,1.5902974253171407e-14
297.9,3.418671685209102e-13,1.5884811621203306e-14
297.91,3.417092894676245e-13,1.5865534547473658e-14
297.92,3.4154961480757796e-13,1.584418550386165e-14
297.93,3.4139086759642673e-13,1.5821976945053585e-14
297.94,3.4123298991461756e-13,1.5799105989319422e-14
297.95,3.410748625775945e-13,1.5774814104578788e-14
297.96,3.409165915421405e-13,1.5749350789674955e-14
297.97,3.4075834481112814e-13,1.5722606318546346e-14
297.98,3.406004996393416e-13,1.5694813037499594e-14
297.99,3.404423193338469e-13,1.56658392770337e-14
298.0,3.402853052584319e-13,1.5635937351547188e-14
298.01,3.40127110292289e-13,1.5604500660012797e-14
298.02,3.3996960232077606e-13,1.5572338132595217e-14
298.03,3.3981224164767026e-13,1.5538987019933002e-14
298.04,3.3965512886105085e-13,1.5504143805685963e-14
298.05,3.3949815307946055e-13,1.5468341490853992e-14
298.06,3.393411328145318e-13,1.5431617152283097e-14
298.07,3.391845028546727e-13,1.5393517608059093e-14
298.08,3.390268219330076e-13,1.5354180662438246e-14
298.09,3.3887158990797083e-13,1.5314028595553384e-14
298.1,3.387156756664094e-13,1.527304883554181e-14
298.11,3.3855983993616033e-13,1.5230656195694786e-14
298.12,3.384041977744075e-13,1.5187232365102696e-14
298.13,3.382486713723508e-13,1.5142702739915193e-14
298.14,3.380937419526822e-13,1.509731107960357e-14
298.15,3.379384876117837e-13,1.5050350849116218e-14
298.16,3.3778338954258145e-13,1.5002491379931248e-14
298.17,3.3763092450201604e-13,1.4954005017749453e-14
298.18,3.3747468499958755e-13,1.4904039721719748e-14
298.19,3.373211628662242e-13,1.4852922398500037e-14
298.2,3.371673470936681e-13,1.4800946861808294e-14
298.21,3.370141228875661e-13,1.474790077800986e-14
298.22,3.3686117252422426e-13,1.4693796828930363e-14
298.23,3.367082570130888e-13,1.463876715644637e-14
298.24,3.3655598566444254e-13,1.45828408615787e-14
298.25,3.364038546669633e-13,1.45256732092065e-14
298.26,3.3625141668218647e-13,1.4466696334843322e-14
298.27,3.3610044615918283e-13,1.440744377230967e-14
298.28,3.3594906994128676e-13,1.4348110662922385e-14
298.29,3.3579869549736103e-13,1.4287184810266198e-14
298.3,3.3564826586608584e-13,1.4224918994924765e-14
298.31,3.3549855113271147e-13,1.4162016873029531e-14
298.32,3.3534878296107114e-13,1.4097810004021377e-14
298.33,3.3519940798592095e-13,1.4032931565264334e-14
298.34,3.3505085900918716e-13,1.3967030296693606e-14
298.35,3.3490260110029e-13,1.3900425920015143e-14
298.36,3.347550650281195e-13,1.3831296202772106e-14
298.37,3.346065576404335e-13,1.3763379990271161e-14
298.38,3.344595000575035e-13,1.369390955185139e-14
298.39,3.343125405848791e-13,1.3622913221418166e-14
298.4,3.3416599062681666e-13,1.3551525818979089e-14
298.41,3.34020326422012e-13,1.3478940453184338e-14
298.42,3.338749456252327e-13,1.340559562001736e-14
298.43,3.3373013503903974e-13,1.3331289362368282e-14
298.44,3.3358528668144874e-13,1.325639303633853e-14
298.45,3.334421089203838e-13,1.3181208319681566e-14
298.46,3.3329758993011883e-13,1.3103239139503426e-14
298.47,3.3315455201687394e-13,1.3025232269481877e-14
298.48,3.3301221101689533e-13,1.2946722646904509e-14
298.49,3.3286960042313716e-13,1.2867425988792405e-14
298.5,3.3272834412447183e-13,1.2787008131890804e-14
298.51,3.325870927274697e-13,1.2705852102504303e-14
298.52,3.3244687402986626e-13,1.2624022354481308e-14
298.53,3.323065829899471e-13,1.2541287621002635e-14
298.54,3.32165970268344e-13,1.2457876068345776e-14
298.55,3.320278539640347e-13,1.2373055883655966e-14
298.56,3.3188944520393345e-13,1.2287930911755666e-14
298.57,3.3175150589446707e-13,1.2202018180944805e-14
298.58,3.3161427449306363e-13,1.211523134020154e-14
298.59,3.31477425108198e-13,1.2027591554845491e-14
298.6,3.3134119259726375e-13,1.1939488273378256e-14
298.61,3.312057034576827e-13,1.1850188656557028e-14
298.62,3.3107080443982134e-13,1.1760488429323595e-14
298.63,3.309366236540193e-13,1.1669347713139343e-14
298.64,3.3080211929021753e-13,1.157875151865813e-14
298.65,3.306689723941776e-13,1.148683385331233e-14
298.66,3.305359494970019e-13,1.1394061718978955e-14
298.67,3.304038994911754e-13,1.1300774496015964e-14
298.68,3.3027218121897877e-13,1.1206542812762617e-14
298.69,3.301417397734162e-13,1.1112114447083891e-14
298.7,3.3001108213317277e-13,1.1016352093336284e-14
298.71,3.298818466617952e-13,1.092037097249252e-14
298.72,3.297545913115249e-13,1.0824646712883005e-14
298.73,3.2962437342810265e-13,1.0726389431048813e-14
298.74,3.2949643912327594e-13,1.0628250309072362e-14
298.75,3.2936980686103785e-13,1.0529495135291882e-14
298.76,3.292434326122476e-13,1.0430210691463934e-14
298.77,3.2911763244848723e-13,1.0330082020691798e-14
298.78,3.2899255756987845e-13,1.0229848366818696e-14
298.79,3.2886806607533096e-13,1.0128899901250121e-14
298.8,3.287441955024438e-13,1.0026866901533058e-14
298.81,3.2862024177096246e-13,9.925639398241564e-15
298.82,3.2849888493740615e-13,9.821728896718068e-15
298.83,3.283773076650728e-13,9.718514333962459e-15
298.84,3.2825626921983725e-13,9.614425085766983e-15
298.85,3.281360054858017e-13,9.509855822689895e-15
298.86,3.280165546534008e-13,9.404826533748047e-15
298.87,3.2789747201030224e-13,9.299328558820697e-15
298.88,3.2777973017257715e-13,9.193411149340633e-15
298.89,3.2766198023119e-13,9.086585058270964e-15
298.9,3.275442568456417e-13,8.979176673578518e-15
298.91,3.2742933351312583e-13,8.871839073254985e-15
298.92,3.273137912910024e-13,8.76393662913367e-15
298.93,3.2719927076253744e-13,8.65542251814129e-15
298.94,3.2708561658468063e-13,8.546600200453297e-15
298.95,3.2697223726338424e-13,8.43702830838891e-15
298.96,3.268599616474407e-13,8.327290058068755e-15
298.97,3.267482494146517e-13,8.216934006987984e-15
298.98,3.266372667011785e-13,8.106028010510713e-15
298.99,3.265274809209197e-13,7.995065477842035e-15
299.0,3.264181176671324e-13,7.883494214947258e-15
299.01,3.263092969817632e-13,7.77155639013006e-15
299.02,3.262015307430052e-13,7.65937168697657e-15
299.03,3.2609399944090973e-13,7.546330526985724e-15
299.04,3.2598816626712067e-13,7.433649079460077e-15
299.05,3.258826952136157e-13,7.320305101377384e-15
299.06,3.257788926914849e-13,7.206804263980852e-15
299.07,3.2567368663130927e-13,7.092462434586876e-15
299.08,3.255701018848319e-13,6.9776835047063824e-15
299.09,3.2546818584503903e-13,6.863395265451413e-15
299.1,3.253664377648495e-13,6.748323888569092e-15
299.11,3.252657334402822e-13,6.63303286898092e-15
299.12,3.251656031677892e-13,6.517492869502251e-15
299.13,3.25066190688138e-13,6.401617336426771e-15
299.14,3.2496786045600384e-13,6.2855360672704875e-15
299.15,3.2487063416982247e-13,6.168166322246491e-15
299.16,3.2477311165195284e-13,6.052286361955264e-15
299.17,3.2467755162069833e-13,5.935569944146978e-15
299.18,3.245821773524325e-13,5.81870052485986e-15
299.19,3.244878659763891e-13,5.701433115654098e-15
299.2,3.2439379432628827e-13,5.583665367329246e-15
299.21,3.243008407119052e-13,5.4659084198841534e-15
299.22,3.2420872722132544e-13,5.34825374575783e-15
299.23,3.241171765428256e-13,5.229966558632284e-15
299.24,3.2402580105359246e-13,5.110765193409435e-15
299.25,3.23938297141014e-13,4.9933725979030796e-15
299.26,3.2384881833991875e-13,4.87503892614977e-15
299.27,3.2376095618571717e-13,4.7560783525224846e-15
299.28,3.236743728902738e-13,4.637394699276193e-15
299.29,3.235875523026713e-13,4.518333749806753e-15
299.3,3.2350186417832407e-13,4.399236938863283e-15
299.31,3.234174286689183e-13,4.280135057711818e-15
299.32,3.2333348198734063e-13,4.16081002662341e-15
299.33,3.2325084320082113e-13,4.04229684315116e-15
299.34,3.2316745310781396e-13,3.92133226241614e-15
299.35,3.2308648284358433e-13,3.802767563108092e-15
299.36,3.230065477956765e-13,3.6831632567756256e-15
299.37,3.229267390934824e-13,3.563440305722582e-15
299.38,3.228478467168213e-13,3.444008218765302e-15
299.39,3.2276967279216423e-13,3.3243118393836265e-15
299.4,3.2269266959443825e-13,3.2047484252769254e-15
299.41,3.226161160323581e-13,3.085090313369371e-15
299.42,3.225422202958066e-13,2.965545515365555e-15
299.43,3.2246579054872296e-13,2.8457166868988807e-15
299.44,3.2239216986787916e-13,2.7263045968413853e-15
299.45,3.223191040668792e-13,2.6066962877847912e-15
299.46,3.2224655487058777e-13,2.487040666324146e-15
299.47,3.2217533054134495e-13,2.3677202766068782e-15
299.48,3.221049677294495e-13,2.2481771645578087e-15
299.49,3.220352363991796e-13,2.129094355743478e-15
299.5,3.2196608955363486e-13,2.009778153332426e-15
299.51,3.218975368775427e-13,1.888942527331148e-15
299.52,3.2183159378390675e-13,1.7717219860854862e-15
299.53,3.217644133479523e-13,1.6524165305966987e-15
299.54,3.216991621113555e-13,1.533769172103424e-15
299.55,3.2163439209397944e-13,1.414990557238865e-15
299.56,3.215710507042193e-13,1.297175487726019e-15
299.57,3.215075301276162e-13,1.1779510937047294e-15
299.58,3.214456631274332e-13,1.05965237150119e-15
299.59,3.213836803309328e-13,9.415013192039733e-16
299.6,3.213214572388344e-13,8.230017402210783e-16
299.61,3.212633203896997e-13,7.05518276492597e-16
299.62,3.2120438963031894e-13,5.881848833829442e-16
299.63,3.2114633398884873e-13,4.709792232100165e-16
299.64,3.210894535986193e-13,3.5394278225809297e-16
299.65,3.210327619046216e-13,2.3698424211589616e-16
299.66,3.2097679303985593e-13,1.2014300006104846e-16
299.67,3.2092232147484824e-13,3.722243629726916e-18
299.68,3.2086848713428303e-13,-1.1246192460012626e-16
299.69,3.2081471963114453e-13,-2.2776409549292687e-16
299.7,3.207612019116911e-13,-3.4512937465982786e-16
299.71,3.2071128704216345e-13,-4.592123977038491e-16
299.72,3.20660429897836e-13,-5.744711748311552e-16
299.73,3.206104402390083e-13,-6.895052341148538e-16
299.74,3.205614161902153e-13,-8.039491895527151e-16
299.75,3.2051312373423065e-13,-9.182595329010302e-16
299.76,3.2046569804503237e-13,-1.0322355165713831e-15
299.77,3.2041897046306906e-13,-1.1457972819617763e-15
299.78,3.203729525426924e-13,-1.2591097600354973e-15
299.79,3.20326123413092e-13,-1.3730446426815264e-15
299.8,3.202835650627202e-13,-1.4843653479583236e-15
299.81,3.202402755856266e-13,-1.5965404840476506e-15
299.82,3.201974112558232e-13,-1.7084184459946384e-15
299.83,3.2015549251226673e-13,-1.819832136345749e-15
299.84,3.201139971932257e-13,-1.9314009232137562e-15
299.85,3.200738944164064e-13,-2.0418406037478193e-15
299.86,3.200341569552454e-13,-2.1522151089102275e-15
299.87,3.199954153815107e-13,-2.2617032025692346e-15
299.88,3.199573038150076e-13,-2.3717644987182975e-15
299.89,3.1992034352847444e-13,-2.4804884131786062e-15
299.9,3.1988364819327066e-13,-2.5891895406489243e-15
299.91,3.1984800771275916e-13,-2.697209935426312e-15
299.92,3.198131267310936e-13,-2.804979566312206e-15
299.93,3.197788448896006e-13,-2.9122317557754803e-15
299.94,3.1974514992984455e-13,-3.019330729185094e-15
299.95,3.197126684824896e-13,-3.125516232869617e-15
299.96,3.1968045936892193e-13,-3.2316314628359058e-15
299.97,3.196501095360109e-13,-3.3363594690373974e-15
299.98,3.196190236743641e-13,-3.4416458265109812e-15
299.99,3.1958915555974607e-13,-3.5460599458057046e-15
300.0,3.195599713712463e-13,-3.650068707349986e-15
300.01,3.195323494956815e-13,-3.7531507869148515e-15
300.02,3.195046628345278e-13,-3.8561245051940345e-15
300.03,3.1947786500504706e-13,-3.957926361421786e-15
300.04,3.194518756267834e-13,-4.060075516039434e-15
300.05,3.194266051794817e-13,-4.162260631940944e-15
300.06,3.1940264712717977e-13,-4.261524745476046e-15
300.07,3.1937836457189317e-13,-4.3621566282154914e-15
300.08,3.19355196989115e-13,-4.461421907243588e-15
300.09,3.1933272291688934e-13,-4.560554375801699e-15
300.1,3.193106209119617e-13,-4.658851305297112e-15
300.11,3.1928987601601864e-13,-4.7566971381277056e-15
300.12,3.192693662285212e-13,-4.853766251040796e-15
300.13,3.1924951746379135e-13,-4.9503556352933405e-15
300.14,3.1922924085618805e-13,-5.046239933595865e-15
300.15,3.192127407597824e-13,-5.141645527305687e-15
300.16,3.191950788043023e-13,-5.2364498142227426e-15
300.17,3.191780424357389e-13,-5.33070150498422e-15
300.18,3.191614520916002e-13,-5.424099959751437e-15
300.19,3.191456920167735e-13,-5.5168187452863705e-15
300.2,3.1913088566143113e-13,-5.609102535279242e-15
300.21,3.191165643515175e-13,-5.700585137786455e-15
300.22,3.191030455854082e-13,-5.791363264781252e-15
300.23,3.190899643682741e-13,-5.88211805529735e-15
300.24,3.1907744263097375e-13,-5.9712782107312455e-15
300.25,3.1906575255453704e-13,-6.060005687198406e-15
300.26,3.190545824437002e-13,-6.148189096393177e-15
300.27,3.1904416535914494e-13,-6.235520753502723e-15
300.28,3.1903423776934617e-13,-6.3223116790993674e-15
300.29,3.1902510033371735e-13,-6.408414840686028e-15
300.3,3.1901634015908e-13,-6.493863717585017e-15
300.31,3.19008493363462e-13,-6.578546111404451e-15
300.32,3.190014208163644e-13,-6.6619011674859865e-15
300.33,3.1899405310373267e-13,-6.745471352714785e-15
300.34,3.1898839118635833e-13,-6.827684047661969e-15
300.35,3.1898272005246936e-13,-6.909730763021368e-15
300.36,3.1897729707264005e-13,-6.990793012992652e-15
300.37,3.1897242101699645e-13,-7.0709357105492496e-15
300.38,3.189686197697074e-13,-7.150484701669904e-15
300.39,3.1896570601152146e-13,-7.229157679958883e-15
300.4,3.189627326325561e-13,-7.307163144531566e-15
300.41,3.1896018546341493e-13,-7.384077429000555e-15
300.42,3.189587798552715e-13,-7.460867437527632e-15
300.43,3.189573836696869e-13,-7.536614885439354e-15
300.44,3.1895791317539776e-13,-7.611752617002053e-15
300.45,3.189573261966739e-13,-7.68534371667697e-15
300.46,3.1895755102488605e-13,-7.758511886045056e-15
300.47,3.189589536334036e-13,-7.831742341023782e-15
300.48,3.1896018687252655e-13,-7.902917443116662e-15
300.49,3.189620487187895e-13,-7.973952865932963e-15
300.5,3.1896459631930983e-13,-8.044209437666072e-15
300.51,3.189674980642944e-13,-8.113199850866819e-15
300.52,3.189713163231339e-13,-8.18176970661718e-15
300.53,3.1897508224264895e-13,-8.24938869023708e-15
300.54,3.1897974013279767e-13,-8.316186672053073e-15
300.55,3.1898477340609914e-13,-8.382195746128964e-15
300.56,3.1899036938515586e-13,-8.447279847051192e-15
300.57,3.189960659116697e-13,-8.511650723942893e-15
300.58,3.190028272087427e-13,-8.575085025818005e-15
300.59,3.1900945425808275e-13,-8.637377076893477e-15
300.6,3.190160799879875e-13,-8.699441962475704e-15
300.61,3.1902458754641406e-13,-8.760484526470456e-15
300.62,3.1903288556518043e-13,-8.820407397265117e-15
300.63,3.1904124675203785e-13,-8.879823165348681e-15
300.64,3.19050338658852e-13,-8.938088429890843e-15
300.65,3.190594292529096e-13,-8.995643390705738e-15
300.66,3.190695660891217e-13,-9.05209933463457e-15
300.67,3.190798307888738e-13,-9.108143920365306e-15
300.68,3.190908028462242e-13,-9.162677969653888e-15
300.69,3.1910134515677264e-13,-9.216853533562137e-15
300.7,3.191129860263685e-13,-9.270452497740082e-15
300.71,3.1912504178803294e-13,-9.322061593656523e-15
300.72,3.191374855147927e-13,-9.373703943433793e-15
300.73,3.19149556705521e-13,-9.424185951049969e-15
300.74,3.191628033687921e-13,-9.47373857952001e-15
300.75,3.191761211326585e-13,-9.522278952015634e-15
300.76,3.191898622481853e-13,-9.57042998622931e-15
300.77,3.192029191096563e-13,-9.61765917392271e-15
300.78,3.192178374712256e-13,-9.663129805173299e-15
300.79,3.192326234640641e-13,-9.708408347363253e-15
300.8,3.192478133309443e-13,-9.752445250153625e-15
300.81,3.1926278517558844e-13,-9.795856905195512e-15
300.82,3.1927870041074903e-13,-9.83818630180854e-15
300.83,3.192945924529785e-13,-9.879527254748021e-15
300.84,3.193108202966614e-13,-9.920204270549924e-15
300.85,3.193274001344571e-13,-9.959896305963587e-15
300.86,3.1934399098805935e-13,-9.998742096099483e-15
300.87,3.1936095132055195e-13,-1.0036327119095654e-14
300.88,3.193783260062831e-13,-1.007328834475301e-14
300.89,3.193959043107261e-13,-1.0109395220264193e-14
300.9,3.194140376051834e-13,-1.0144318080806732e-14
300.91,3.1943221854149995e-13,-1.0178558698763036e-14
300.92,3.1945047000074074e-13,-1.0211668910179026e-14
300.93,3.1946938453995124e-13,-1.0244020793110921e-14
300.94,3.1948814608642755e-13,-1.0275453926971255e-14
300.95,3.195070829893669e-13,-1.030602117904717e-14
300.96,3.195264212256823e-13,-1.033527007453812e-14
300.97,3.195458931897627e-13,-1.0363933984166973e-14
300.98,3.195657634482255e-13,-1.0391608723151096e-14
300.99,3.195855626545249e-13,-1.0418452949743897e-14
301.0,3.1960587050089905e-13,-1.0444165003717678e-14
301.01,3.196260997813494e-13,-1.046902530921107e-14
301.02,3.196466686275069e-13,-1.049298526301688e-14
301.03,3.196676054620666e-13,-1.051590150996261e-14
301.04,3.1968823845171337e-13,-1.0538008996166777e-14
301.05,3.1970917494239466e-13,-1.0559191811995422e-14
301.06,3.19730433895756e-13,-1.0579479212453127e-14
301.07,3.1975187737049945e-13,-1.0598847394648563e-14
301.08,3.197733324859083e-13,-1.0616833524422741e-14
301.09,3.1979490465159933e-13,-1.0634240884580331e-14
301.1,3.198165371242945e-13,-1.0651081802983598e-14
301.11,3.198383728472367e-13,-1.0666332435547342e-14
301.12,3.1986035274693687e-13,-1.0681470857897568e-14
301.13,3.198827834383636e-13,-1.0694561268604682e-14
301.14,3.199045449777114e-13,-1.070764628476272e-14
301.15,3.1992724016346417e-13,-1.0719605776314625e-14
301.16,3.1994949659510587e-13,-1.073011845294319e-14
301.17,3.1997200578053425e-13,-1.0740494701966461e-14
301.18,3.199945098294443e-13,-1.074933122879031e-14
301.19,3.2001693064690327e-13,-1.0757445076392383e-14
301.2,3.200398054499009e-13,-1.0764752723591145e-14
301.21,3.200632102063082e-13,-1.0771153173490593e-14
301.22,3.200853810069984e-13,-1.0776150027930382e-14
301.23,3.2010822407023114e-13,-1.0780743949928909e-14
301.24,3.201315579225113e-13,-1.0784239465374443e-14
301.25,3.2015407087217597e-13,-1.0786627839860424e-14
301.26,3.201772520492229e-13,-1.078848433523838e-14
301.27,3.201998588220239e-13,-1.0789411733070618e-14
301.28,3.202229661981407e-13,-1.0789248289982978e-14
301.29,3.202460080998207e-13,-1.0788060495439124e-14
301.3,3.2026947217744367e-13,-1.0785788930735542e-14
301.31,3.2029260538135916e-13,-1.0783592707024503e-14
301.32,3.2031495221559666e-13,-1.0779368690773283e-14
301.33,3.203379393858354e-13,-1.0774681584944928e-14
301.34,3.203610900710884e-13,-1.076875054191836e-14
301.35,3.203837854259678e-13,-1.0762577549140608e-14
301.36,3.204068752163607e-13,-1.0755019676336185e-14
301.37,3.204294154549573e-13,-1.074652394591513e-14
301.38,3.2045234082651935e-13,-1.0737411620940755e-14
301.39,3.204750174476282e-13,-1.0727149875934852e-14
301.4,3.2049731466593544e-13,-1.0717196534929823e-14
301.41,3.205200620447053e-13,-1.07044867880504e-14
301.42,3.205424915865383e-13,-1.0691782272798581e-14
301.43,3.205652357337808e-13,-1.067835073098991e-14
301.44,3.2058730431689785e-13,-1.066372452096817e-14
301.45,3.2060954842556417e-13,-1.0648108054015333e-14
301.46,3.206313461907612e-13,-1.0631518007765841e-14
301.47,3.2065392761661966e-13,-1.0614485060743454e-14
301.48,3.206756136540089e-13,-1.0596521837667187e-14
301.49,3.206969763791605e-13,-1.057742080067092e-14
301.5,3.207191399778212e-13,-1.0557842495387178e-14
301.51,3.207406423205576e-13,-1.0537206725327119e-14
301.52,3.207623481297665e-13,-1.0516003208495618e-14
301.53,3.2078358171505824e-13,-1.0493274359140285e-14
301.54,3.2080456924018006e-13,-1.0470077486745346e-14
301.55,3.208261291523294e-13,-1.0446067490591632e-14
301.56,3.2084611294815243e-13,-1.042126576060242e-14
301.57,3.2086698148420803e-13,-1.0395367691395195e-14
301.58,3.208875347164557e-13,-1.0367933431693352e-14
301.59,3.209078276754732e-13,-1.0341364640070911e-14
301.6,3.209277326636579e-13,-1.0313078483292827e-14
301.61,3.209478686597331e-13,-1.0283960798163895e-14
301.62,3.2096742137853004e-13,-1.0254135456289216e-14
301.63,3.2098708370346633e-13,-1.0223383187021308e-14
301.64,3.2100616577019935e-13,-1.0191695549537585e-14
301.65,3.2102542339725777e-13,-1.0159417251985429e-14
301.66,3.2104421560702566e-13,-1.0126097952741322e-14
301.67,3.210631784289134e-13,-1.0092823368925115e-14
301.68,3.2108124297610417e-13,-1.0057459804951025e-14
301.69,3.210998230616816e-13,-1.0021876508789451e-14
301.7,3.211175036754032e-13,-9.985466638080462e-15
301.71,3.2113533075917606e-13,-9.948261667210804e-15
301.72,3.211528353424447e-13,-9.910275762983085e-15
301.73,3.2117004327117154e-13,-9.871701105199724e-15
301.74,3.211868982173628e-13,-9.832171925197837e-15
301.75,3.2120352113430444e-13,-9.791914130185044e-15
301.76,3.21219329149299e-13,-9.749759610592097e-15
301.77,3.2123623436691187e-13,-9.709032549135776e-15
301.78,3.212520090041802e-13,-9.666588923574646e-15
301.79,3.212677289608715e-13,-9.623146003612036e-15
301.8,3.212827253132745e-13,-9.579205425480683e-15
301.81,3.212979740727362e-13,-9.534310996773488e-15
301.82,3.213124189634729e-13,-9.488764569228449e-15
301.83,3.213266977393755e-13,-9.442552443640175e-15
301.84,3.2134064466558775e-13,-9.395464174402894e-15
301.85,3.2135493881424925e-13,-9.348033255180383e-15
301.86,3.213679896874187e-13,-9.299398778743892e-15
301.87,3.2138116270202953e-13,-9.250109718179438e-15
301.88,3.2139384430184216e-13,-9.200460162341938e-15
301.89,3.214062371476071e-13,-9.149843760468188e-15
301.9,3.214185170026612e-13,-9.098558167762104e-15
301.91,3.2142984543812203e-13,-9.046698329220365e-15
301.92,3.2144128886541233e-13,-8.993867188111359e-15
301.93,3.214524110797505e-13,-8.940927469118123e-15
301.94,3.214629265268025e-13,-8.887201412484872e-15
301.95,3.2147334038937934e-13,-8.831968234592014e-15
301.96,3.214830723854707e-13,-8.776658777607985e-15
301.97,3.214929477509514e-13,-8.720768305628556e-15
301.98,3.215018313459362e-13,-8.664032112273913e-15
301.99,3.215107010275253e-13,-8.60669258296683e-15
302.0,3.2151894773433824e-13,-8.548753216288477e-15
302.01,3.2152718409818327e-13,-8.490085096014281e-15
302.02,3.2153586309944033e-13,-8.431919142096098e-15
302.03,3.2154186181759303e-13,-8.371276931586693e-15
302.04,3.215484051658425e-13,-8.310774093854244e-15
302.05,3.215548648945704e-13,-8.249710412569963e-15
302.06,3.21560834486844e-13,-8.188103204645387e-15
302.07,3.215663480490741e-13,-8.125746665220546e-15
302.08,3.215714885635005e-13,-8.062769711990806e-15
302.09,3.215763369081539e-13,-7.999379107132482e-15
302.1,3.215802625381029e-13,-7.935415284707033e-15
302.11,3.215830829118429e-13,-7.871585143358563e-15
302.12,3.2158757861799037e-13,-7.805345128993638e-15
302.13,3.2159041078775373e-13,-7.739859991100419e-15
302.14,3.2159301759844617e-13,-7.673655982965944e-15
302.15,3.2159524372813176e-13,-7.606543663317843e-15
302.16,3.2159652237029507e-13,-7.539247007848835e-15
302.17,3.2159768964645083e-13,-7.471395949434394e-15
302.18,3.2159837973661015e-13,-7.402901545920991e-15
302.19,3.215987874827093e-13,-7.333743456759732e-15
302.2,3.215987925861211e-13,-7.264506595961892e-15
302.21,3.215972708613162e-13,-7.193403915750251e-15
302.22,3.215970121207371e-13,-7.123216513131243e-15
302.23,3.215949994324312e-13,-7.0526788182570705e-15
302.24,3.215927084117805e-13,-6.981011518866049e-15
302.25,3.215901012993734e-13,-6.908978769640245e-15
302.26,3.215868665982149e-13,-6.836438948499673e-15
302.27,3.215833378853437e-13,-6.763470674272262e-15
302.28,3.2157883345297434e-13,-6.690325174355307e-15
302.29,3.2157449036772197e-13,-6.6157572900281976e-15
302.3,3.2156823695959393e-13,-6.541715867194718e-15
302.31,3.215636548233257e-13,-6.466951772088993e-15
302.32,3.215577484314749e-13,-6.391557080518036e-15
302.33,3.2155087059024616e-13,-6.315944727732321e-15
302.34,3.215443975568447e-13,-6.2395829167665055e-15
302.35,3.215361100322899e-13,-6.163230326269152e-15
302.36,3.2152814725213447e-13,-6.0862352976899795e-15
302.37,3.215191945594812e-13,-6.008880824276657e-15
302.38,3.2151008593980863e-13,-5.930966289994282e-15
302.39,3.2150097718522327e-13,-5.8538571195757874e-15
302.4,3.2149037289632344e-13,-5.774289478816283e-15
302.41,3.214795500647786e-13,-5.695365057547268e-15
302.42,3.21467966555827e-13,-5.616223118522113e-15
302.43,3.214561500955136e-13,-5.536548684579488e-15
302.44,3.2144383190752526e-13,-5.456378478795308e-15
302.45,3.2143103204413465e-13,-5.37603243107481e-15
302.46,3.2141746331291953e-13,-5.29513554280759e-15
302.47,3.2140347400468474e-13,-5.214370487459945e-15
302.48,3.213901678147497e-13,-5.1322009689329874e-15
302.49,3.213737947755247e-13,-5.051082768293949e-15
302.5,3.213580757804114e-13,-4.969199767573244e-15
302.51,3.213420248340941e-13,-4.886595316362567e-15
302.52,3.213253437324422e-13,-4.8042564960335296e-15
302.53,3.213077354518187e-13,-4.721190500921192e-15
302.54,3.212900539487937e-13,-4.637972542456231e-15
302.55,3.212712874511487e-13,-4.55434260349313e-15
302.56,3.2125230535993845e-13,-4.470985541776965e-15
302.57,3.2123124065644816e-13,-4.3871814365330614e-15
302.58,3.212129592336024e-13,-4.302280832720282e-15
302.59,3.211921785130586e-13,-4.217832203657033e-15
302.6,3.211708069705579e-13,-4.133030991222534e-15
302.61,3.2114915505706063e-13,-4.048017048628402e-15
302.62,3.21126512557655e-13,-3.96286835314477e-15
302.63,3.211037467348867e-13,-3.87715190453206e-15
302.64,3.210805380655622e-13,-3.791172242236204e-15
302.65,3.2105593780042845e-13,-3.7057850519666885e-15
302.66,3.2103112966323125e-13,-3.621219562662275e-15
302.67,3.2100619727167434e-13,-3.5330916538002397e-15
302.68,3.2098014449137834e-13,-3.446758943357176e-15
302.69,3.209540086588613e-13,-3.359937693738364e-15
302.7,3.2092677766713875e-13,-3.2731853168471118e-15
302.71,3.208995751870183e-13,-3.185943847767136e-15
302.72,3.208711451955226e-13,-3.0988617054623625e-15
302.73,3.20842817568735e-13,-3.0116330794204024e-15
302.74,3.208141949188987e-13,-2.9241835638892175e-15
302.75,3.2078532287881943e-13,-2.8360649980848552e-15
302.76,3.2075271673284917e-13,-2.748868359909737e-15
302.77,3.2072157108122344e-13,-2.6607943193629116e-15
302.78,3.2069027475875177e-13,-2.5729234731813015e-15
302.79,3.206579008030705e-13,-2.4846186533745765e-15
302.8,3.206250435138253e-13,-2.396622386711982e-15
302.81,3.205916504391295e-13,-2.308254909044567e-15
302.82,3.205575329066291e-13,-2.220254212257026e-15
302.83,3.205230862712091e-13,-2.1315016823283854e-15
302.84,3.2048799748884716e-13,-2.042803661959682e-15
302.85,3.2045263216739683e-13,-1.954887865924912e-15
302.86,3.2041597976430013e-13,-1.86583951241138e-15
302.87,3.2037884975843826e-13,-1.7771781948337114e-15
302.88,3.203417333726462e-13,-1.6884575385556342e-15
302.89,3.203034580392304e-13,-1.5997741384875758e-15
302.9,3.202647386828341e-13,-1.5108448895260727e-15
302.91,3.202255158269518e-13,-1.4225086815140374e-15
302.92,3.201858176270584e-13,-1.3333206921094084e-15
302.93,3.2014544691557805e-13,-1.2440875965147493e-15
302.94,3.201044128110182e-13,-1.1555102454833223e-15
302.95,3.2006256737700137e-13,-1.066763421737724e-15
302.96,3.200205296354496e-13,-9.77949103222568e-16
302.97,3.1997778295461467e-13,-8.8877087142161e-16
302.98,3.199344477602371e-13,-8.005814890265016e-16
302.99,3.198905695922518e-13,-7.113236397413601e-16
303.0,3.1984437743101367e-13,-6.236941784657921e-16
303.01,3.1980077824237433e-13,-5.347317277278383e-16
303.02,3.197544766052344e-13,-4.457686608323584e-16
303.03,3.1970893202152484e-13,-3.573814749051587e-16
303.04,3.1966218867346437e-13,-2.686244300234959e-16
303.05,3.1961447977804285e-13,-1.8075690815994626e-16
303.06,3.19566682031787e-13,-9.231374771819548e-17
303.07,3.195177929539969e-13,-4.209738563339684e-18
303.08,3.194690123152951e-13,8.408457184462997e-17
303.09,3.1941903588474014e-13,1.7319906004513986e-16
303.1,3.1936898321234403e-13,2.598154292728983e-16
303.11,3.1931753138032405e-13,3.470629436083534e-16
303.12,3.1926657601140935e-13,4.3516331834700843e-16
303.13,3.1921453296108626e-13,5.228172218149537e-16
303.14,3.1916174874020163e-13,6.099032326852501e-16
303.15,3.191086560774811e-13,6.970679102892863e-16
303.16,3.190550585365839e-13,7.841709740330587e-16
303.17,3.1900062132068626e-13,8.7095571224738e-16
303.18,3.189471777336198e-13,9.586773343339191e-16
303.19,3.1889023644771343e-13,1.044305271296119e-15
303.2,3.1883490455151105e-13,1.1306866845824345e-15
303.21,3.1877793312793627e-13,1.2167821233207428e-15
303.22,3.1871998406050054e-13,1.3025744910282813e-15
303.23,3.186632041606451e-13,1.3886723876570093e-15
303.24,3.1860514513307856e-13,1.4741420879566469e-15
303.25,3.185463605779138e-13,1.5594402980850614e-15
303.26,3.184868287676098e-13,1.6448192664675956e-15
303.27,3.1842558965733663e-13,1.7285728125975207e-15
303.28,3.1836749773008373e-13,1.8143295204799455e-15
303.29,3.1830580075635265e-13,1.8987392489281856e-15
303.3,3.1824428388368093e-13,1.9830066280864456e-15
303.31,3.1818219940652287e-13,2.0669069361745232e-15
303.32,3.18119500735453e-13,2.150451799105145e-15
303.33,3.1805659760921384e-13,2.2341722966185144e-15
303.34,3.17992860382307e-13,2.317195343889842e-15
303.35,3.1792882671860305e-13,2.4001466952000192e-15
303.36,3.1786196318317646e-13,2.4831605162413604e-15
303.37,3.1779915432971645e-13,2.5648253326127996e-15
303.38,3.1773345618489237e-13,2.647314606182884e-15
303.39,3.1766674888210725e-13,2.728731257540005e-15
303.4,3.1760005601661083e-13,2.810146314265271e-15
303.41,3.175326972688595e-13,2.8913418651210486e-15
303.42,3.174651757138993e-13,2.9721211202388e-15
303.43,3.1739650069425933e-13,3.0524480230327865e-15
303.44,3.173278760373745e-13,3.1330022964181627e-15
303.45,3.172593490730554e-13,3.2138617982733647e-15
303.46,3.171883697699658e-13,3.2917332516374983e-15
303.47,3.171179198267307e-13,3.3713597891116275e-15
303.48,3.170470998391559e-13,3.4498601847509952e-15
303.49,3.169758698445757e-13,3.528334520634827e-15
303.5,3.169035166900838e-13,3.606490855232075e-15
303.51,3.168323233821117e-13,3.684234469200015e-15
303.52,3.167588525297581e-13,3.761127771296646e-15
303.53,3.166855808232367e-13,3.83829418515921e-15
303.54,3.1661286009724054e-13,3.914992742198304e-15
303.55,3.1653677325200277e-13,3.9906709445484186e-15
303.56,3.164627861078518e-13,4.0667270018880205e-15
303.57,3.1638780968152007e-13,4.141905495389177e-15
303.58,3.163119802842555e-13,4.216762336241312e-15
303.59,3.1623578701511536e-13,4.291575231765758e-15
303.6,3.1615906106846575e-13,4.365500576589295e-15
303.61,3.1608169278071534e-13,4.4390712140997854e-15
303.62,3.160051503799242e-13,4.5125164890041594e-15
303.63,3.159266774450313e-13,4.585218208478969e-15
303.64,3.1584698921968703e-13,4.657953393636376e-15
303.65,3.157691651592688e-13,4.7295045580283266e-15
303.66,3.1568970135349803e-13,4.800892520099211e-15
303.67,3.156101082954625e-13,4.872082934848687e-15
303.68,3.1552945624585073e-13,4.942581963550226e-15
303.69,3.154491559563174e-13,5.01258815623315e-15
303.7,3.153679866292885e-13,5.0823404262762574e-15
303.71,3.1528673968584395e-13,5.151545663605706e-15
303.72,3.152048236687524e-13,5.220007714675034e-15
303.73,3.1511928520949247e-13,5.2872503427154675e-15
303.74,3.150394548131168e-13,5.355920017203065e-15
303.75,3.1495649279744346e-13,5.423186201059328e-15
303.76,3.1487256887626997e-13,5.490269400880687e-15
303.77,3.1478873916476206e-13,5.556223208894283e-15
303.78,3.147048064734634e-13,5.621915220588967e-15
303.79,3.146198383045071e-13,5.687122906527663e-15
303.8,3.1453466810574817e-13,5.751672655650576e-15
303.81,3.1444857429329955e-13,5.8153562367348335e-15
303.82,3.1436301344528893e-13,5.879653789721367e-15
303.83,3.142770397969896e-13,5.94283433023409e-15
303.84,3.1419002292538085e-13,6.005423325759718e-15
303.85,3.1410305092116435e-13,6.067372744849132e-15
303.86,3.1401561646727944e-13,6.128928918711712e-15
303.87,3.139278104980233e-13,6.189957235978425e-15
303.88,3.1383994287558575e-13,6.2502284613415496e-15
303.89,3.13751243617725e-13,6.310220755642121e-15
303.9,3.136621330318964e-13,6.369415975707296e-15
303.91,3.1357345897336133e-13,6.428361217041406e-15
303.92,3.1348363126643726e-13,6.486564852313684e-15
303.93,3.1339381332852677e-13,6.544180968300377e-15
303.94,3.1330364858332615e-13,6.601353905613116e-15
303.95,3.1321295199723796e-13,6.657825359411649e-15
303.96,3.1312211074621624e-13,6.713603869855763e-15
303.97,3.130311534253487e-13,6.768608016294164e-15
303.98,3.1293933066042136e-13,6.8237978362363515e-15
303.99,3.1285050990823485e-13,6.879248787486233e-15
304.0,3.127558188154876e-13,6.931623005158191e-15
304.01,3.126630400152897e-13,6.98464338459337e-15
304.02,3.12570171235991e-13,7.036795531756848e-15
304.03,3.1247696930116943e-13,7.088778001986644e-15
304.04,3.1238379490294523e-13,7.139783874899662e-15
304.05,3.1229016344147065e-13,7.190535106491149e-15
304.06,3.121961129883594e-13,7.240362171523059e-15
304.07,3.1210216020024124e-13,7.290097295689088e-15
304.08,3.120064318948034e-13,7.337930882989363e-15
304.09,3.119132670051268e-13,7.386819194301538e-15
304.1,3.118177560612786e-13,7.434161229299629e-15
304.11,3.117224796328941e-13,7.481146630662782e-15
304.12,3.116270154427909e-13,7.52734137566653e-15
304.13,3.1153121558119313e-13,7.572904803134408e-15
304.14,3.114352045352177e-13,7.6178843375843e-15
304.15,3.1133856484385847e-13,7.662429802759645e-15
304.16,3.1124232878220295e-13,7.706046397669897e-15
304.17,3.1114625118265694e-13,7.749581832235952e-15
304.18,3.1104873480907277e-13,7.79143888001485e-15
304.19,3.1095136317910284e-13,7.833402974986104e-15
304.2,3.108543328755476e-13,7.874652280998874e-15
304.21,3.1075663724724085e-13,7.91539833333818e-15
304.22,3.1065831781582375e-13,7.954972981503294e-15
304.23,3.105609020721759e-13,7.994068319932007e-15
304.24,3.104623612827554e-13,8.032842642472696e-15
304.25,3.1036389865960974e-13,8.070686887462517e-15
304.26,3.102648706275963e-13,8.108184292654537e-15
304.27,3.1016659781651994e-13,8.144655602152617e-15
304.28,3.100683411578982e-13,8.180870595243696e-15
304.29,3.099684319792759e-13,8.216062423701469e-15
304.3,3.098689294073164e-13,8.250323311365343e-15
304.31,3.097696657584288e-13,8.284851927793874e-15
304.32,3.0966906067050504e-13,8.317238076687734e-15
304.33,3.095697767574535e-13,8.350314164951868e-15
304.34,3.0946985575153317e-13,8.382277357704714e-15
304.35,3.0936888404494664e-13,8.412900011839624e-15
304.36,3.0926957705474604e-13,8.444322645832914e-15
304.37,3.09169147665861e-13,8.474197503521261e-15
304.38,3.090687666909133e-13,8.503729145088013e-15
304.39,3.0896851623530485e-13,8.532165524949709e-15
304.4,3.0886685455005627e-13,8.559739095364802e-15
304.41,3.0876647877655e-13,8.587238351978192e-15
304.42,3.0866528856639564e-13,8.613580100468847e-15
304.43,3.0856402714418564e-13,8.639566774324061e-15
304.44,3.084621602471849e-13,8.663843107797426e-15
304.45,3.0836153121856934e-13,8.689441812625058e-15
304.46,3.0825986836361736e-13,8.713044130264162e-15
304.47,3.081585499951345e-13,8.736124612477532e-15
304.48,3.080565304760023e-13,8.75857589648224e-15
304.49,3.079553875357504e-13,8.780406390850593e-15
304.5,3.078529226279169e-13,8.801130236194722e-15
304.51,3.077512189869637e-13,8.821590218392076e-15
304.52,3.076495339870917e-13,8.841866189016653e-15
304.53,3.0754689101738816e-13,8.860860474992255e-15
304.54,3.074457768223895e-13,8.878872809514043e-15
304.55,3.073429368725933e-13,8.896667357734201e-15
304.56,3.0724082076862713e-13,8.913433722593166e-15
304.57,3.0713874137964587e-13,8.92970361484667e-15
304.58,3.0703661347900575e-13,8.945407761167092e-15
304.59,3.0693407106913834e-13,8.960403607285584e-15
304.6,3.0683257363850493e-13,8.974372265788884e-15
304.61,3.0672949572062766e-13,8.988125499751284e-15
304.62,3.066271850598045e-13,9.00081975289496e-15
304.63,3.06525256207606e-13,9.012897749971916e-15
304.64,3.064226517796921e-13,9.024524328572495e-15
304.65,3.063196847856447e-13,9.034821437558578e-15
304.66,3.062177106387583e-13,9.045354870800489e-15
304.67,3.0611544345079943e-13,9.054444085753708e-15
304.68,3.06012865882998e-13,9.06369337223974e-15
304.69,3.0591065790216073e-13,9.071333007436971e-15
304.7,3.058084357439651e-13,9.078966162425147e-15
304.71,3.0570583423631894e-13,9.085594668391915e-15
304.72,3.056037124810481e-13,9.091325847918013e-15
304.73,3.05501415915255e-13,9.096860022077089e-15
304.74,3.0539906263712306e-13,9.101403837137121e-15
304.75,3.0529710994549064e-13,9.105400933807596e-15
304.76,3.051949702806565e-13,9.108705712093035e-15
304.77,3.0509271468959334e-13,9.111265673577675e-15
304.78,3.0499053924728627e-13,9.113175177731911e-15
304.79,3.0488873800946576e-13,9.114408657611009e-15
304.8,3.047866768034067e-13,9.115128351101112e-15
304.81,3.046851971332957e-13,9.11462604730025e-15
304.82,3.045835274200106e-13,9.113966869325703e-15
304.83,3.044817319898227e-13,9.112466949460052e-15
304.84,3.0438022802452405e-13,9.11048184501145e-15
304.85,3.0427880562378465e-13,9.107707691601386e-15
304.86,3.0417735451685877e-13,9.104153239062102e-15
304.87,3.04076038838215e-13,9.100073438608159e-15
304.88,3.0397477791416305e-13,9.095337909019822e-15
304.89,3.03873649050131e-13,9.089657870205029e-15
304.9,3.037726623131644e-13,9.08368631872448e-15
304.91,3.036719287370121e-13,9.076963852414743e-15
304.92,3.0357112566537146e-13,9.069283501007643e-15
304.93,3.0347049832005257e-13,9.06141427908571e-15
304.94,3.03370174277352e-13,9.052666020796637e-15
304.95,3.0326980223610186e-13,9.043252534156092e-15
304.96,3.031693372353333e-13,9.033177502266512e-15
304.97,3.0306888874005956e-13,9.022271738542898e-15
304.98,3.029695240502119e-13,9.01112266196521e-15
304.99,3.028693621530038e-13,8.998973508875409e-15
305.0,3.027698466742531e-13,8.986416543469694e-15
305.01,3.026705116983867e-13,8.973027201788884e-15
305.02,3.0257118024591534e-13,8.959235775890435e-15
305.03,3.0247205188193176e-13,8.944738671563513e-15
305.04,3.023729367329263e-13,8.929689439656388e-15
305.05,3.022741137424481e-13,8.91365896970564e-15
305.06,3.0217486632937236e-13,8.897391976607951e-15
305.07,3.020780376986959e-13,8.880403307657806e-15
305.08,3.019787235895537e-13,8.862468674592802e-15
305.09,3.0188027233389084e-13,8.844164362028713e-15
305.1,3.017824771847261e-13,8.825034422650765e-15
305.11,3.016850155220364e-13,8.805753533314653e-15
305.12,3.0158777137781256e-13,8.785538004892446e-15
305.13,3.0148965712538535e-13,8.76452872951239e-15
305.14,3.0139343855686793e-13,8.743291620401921e-15
305.15,3.0129623971961527e-13,8.720937342041057e-15
305.16,3.012003550372829e-13,8.698535816692445e-15
305.17,3.0110390544308363e-13,8.675550132231416e-15
305.18,3.010074880953598e-13,8.651904699398496e-15
305.19,3.009113722734391e-13,8.627370534106856e-15
305.2,3.0081557089400554e-13,8.602530502270528e-15
305.21,3.007199712899689e-13,8.57670318954903e-15
305.22,3.0062487205292074e-13,8.550626345588904e-15
305.23,3.0052999706786095e-13,8.523870894296304e-15
305.24,3.0043540062728775e-13,8.496349837814807e-15
305.25,3.003414141266485e-13,8.469285371662187e-15
305.26,3.002466990591498e-13,8.440187321815296e-15
305.27,3.0015267808797374e-13,8.411331084176005e-15
305.28,3.000592526121196e-13,8.381725524724564e-15
305.29,2.999658049893488e-13,8.351514504030002e-15
305.3,2.9987281590526875e-13,8.320844697306102e-15
305.31,2.997799062607362e-13,8.289840044216475e-15
305.32,2.996870136587496e-13,8.257764968494594e-15
305.33,2.9959478808672973e-13,8.22521279026878e-15
305.34,2.995027018265453e-13,8.192270847392596e-15
305.35,2.9941111460199485e-13,8.159068083601493e-15
305.36,2.9931960099068717e-13,8.125110897973389e-15
305.37,2.9922868392601266e-13,8.090241066504385e-15
305.38,2.991368496852855e-13,8.055327160906448e-15
305.39,2.990470268896755e-13,8.019897136836361e-15
305.4,2.9895700086871146e-13,7.984649030441073e-15
305.41,2.9886686979956626e-13,7.94733787571793e-15
305.42,2.987777809198881e-13,7.91020195080654e-15
305.43,2.9868794838203153e-13,7.873167696942296e-15
305.44,2.9859906946532345e-13,7.834245196090818e-15
305.45,2.985105604467396e-13,7.795652124296623e-15
305.46,2.9842167768204035e-13,7.7562093649541e-15
305.47,2.98333490508386e-13,7.716550483304965e-15
305.48,2.982463335313287e-13,7.676945417125985e-15
305.49,2.981592833502097e-13,7.636229072082856e-15
305.5,2.9807165312510335e-13,7.594946938997113e-15
305.51,2.9798540500889864e-13,7.553326929173336e-15
305.52,2.978996394216925e-13,7.51151892662349e-15
305.53,2.97813241401326e-13,7.468912733730547e-15
305.54,2.977275857892938e-13,7.425809525088696e-15
305.55,2.9764242709969284e-13,7.382328677774177e-15
305.56,2.9755715297942956e-13,7.338509436758072e-15
305.57,2.9747275427953817e-13,7.294058665955417e-15
305.58,2.973884542983145e-13,7.249308251020853e-15
305.59,2.973047818412108e-13,7.204094338874246e-15
305.6,2.9722131300287085e-13,7.158487243636654e-15
305.61,2.971371522247581e-13,7.111094972665805e-15
305.62,2.9705556769130137e-13,7.0656329172487015e-15
305.63,2.969729272665644e-13,7.01857688762944e-15
305.64,2.968910675983617e-13,6.971428054071886e-15
305.65,2.968096051680409e-13,6.923551882976758e-15
305.66,2.9672828727862237e-13,6.875239145115586e-15
305.67,2.966471030277761e-13,6.826474855423551e-15
305.68,2.9656701479465946e-13,6.777485492753925e-15
305.69,2.96486541161309e-13,6.7278225213567635e-15
305.7,2.9640714244044663e-13,6.6790779591101144e-15
305.71,2.9632784169687933e-13,6.627914042102767e-15
305.72,2.962487387178324e-13,6.577256595758324e-15
305.73,2.9617021248551996e-13,6.526316356509952e-15
305.74,2.9609194321867667e-13,6.474929160650148e-15
305.75,2.9601434635110064e-13,6.423264437094746e-15
305.76,2.9593703704978853e-13,6.3709617074029265e-15
305.77,2.9586027624519573e-13,6.3186703828662e-15
305.78,2.957834273825711e-13,6.265433321438102e-15
305.79,2.957080932929349e-13,6.212695961047648e-15
305.8,2.9563201324667447e-13,6.1591753566119734e-15
305.81,2.9555631596904413e-13,6.105194772949039e-15
305.82,2.954818036495543e-13,6.051046791565249e-15
305.83,2.954072117999427e-13,5.996527221266171e-15
305.84,2.9533333119312156e-13,5.941700538706183e-15
305.85,2.9525977042940446e-13,5.88660320293578e-15
305.86,2.95186549249255e-13,5.830927644332615e-15
305.87,2.9511425487011746e-13,5.775527946645106e-15
305.88,2.950409847099619e-13,5.719108146899478e-15
305.89,2.94969560375979e-13,5.662828965840815e-15
305.9,2.9489771781632017e-13,5.605942700727519e-15
305.91,2.9482654859372535e-13,5.548978805514044e-15
305.92,2.9475595372009065e-13,5.4916622124942395e-15
305.93,2.9468584729613864e-13,5.43392874731582e-15
305.94,2.946159843917625e-13,5.376421921458186e-15
305.95,2.9454624036219183e-13,5.3179139782984276e-15
305.96,2.9447628472166173e-13,5.260369440621071e-15
305.97,2.9440893121954057e-13,5.200827796689319e-15
305.98,2.943413847807855e-13,5.142418748024583e-15
305.99,2.942735816425582e-13,5.083268316977486e-15
306.0,2.9420623729724757e-13,5.023712446792937e-15
306.01,2.941395728836254e-13,4.96416529439494e-15
306.02,2.940733633767729e-13,4.904155511902649e-15
306.03,2.9400750792123735e-13,4.8443360164929414e-15
306.04,2.9394193159901394e-13,4.783899383033385e-15
306.05,2.938773128626382e-13,4.722870379233858e-15
306.06,2.938129167755321e-13,4.662548189979178e-15
306.07,2.9374875904723587e-13,4.601742286180739e-15
306.08,2.936848019890194e-13,4.540545235449759e-15
306.09,2.9362154870265627e-13,4.479090144783102e-15
306.1,2.9355897071261517e-13,4.417599848254885e-15
306.11,2.934965685816147e-13,4.355894942945842e-15
306.12,2.934345236499681e-13,4.293828564922612e-15
306.13,2.933732987215688e-13,4.2319286869481294e-15
306.14,2.933127711720866e-13,4.169869475342644e-15
306.15,2.932522982590357e-13,4.1068621957486845e-15
306.16,2.931918487052171e-13,4.0445059406217674e-15
306.17,2.931321392413719e-13,3.981750493542206e-15
306.18,2.9307292342620816e-13,3.918933717968248e-15
306.19,2.930140124020328e-13,3.855507677258914e-15
306.2,2.929560477326286e-13,3.792447613214809e-15
306.21,2.928982959065746e-13,3.7291689231452965e-15
306.22,2.9284112599787536e-13,3.665989793802155e-15
306.23,2.927839724465901e-13,3.6020582053806454e-15
306.24,2.927285206499419e-13,3.5396389831785322e-15
306.25,2.9267128647657017e-13,3.4748703433489105e-15
306.26,2.926162593540759e-13,3.4108140651672503e-15
306.27,2.925614713426074e-13,3.3468305224073517e-15
306.28,2.925061991547939e-13,3.282796482233299e-15
306.29,2.9245232588857914e-13,3.218459932495744e-15
306.3,2.9239844424566567e-13,3.154089123748393e-15
306.31,2.92345738865764e-13,3.08973186804057e-15
306.32,2.9229225199852657e-13,3.0252627006255968e-15
306.33,2.922386885796524e-13,2.9608658285360405e-15
306.34,2.921882597229893e-13,2.896154234323894e-15
306.35,2.921366685213312e-13,2.8315801860064435e-15
306.36,2.920859222149524e-13,2.7670135231837287e-15
306.37,2.92035331915694e-13,2.7020899027838954e-15
306.38,2.919854279086629e-13,2.6372458192205805e-15
306.39,2.919354833309004e-13,2.5725035110501084e-15
306.4,2.9188637442055954e-13,2.507509683434716e-15
306.41,2.9183781722635906e-13,2.442933466747583e-15
306.42,2.9178903428310294e-13,2.3766014632065367e-15
306.43,2.917416067084462e-13,2.3129661473671113e-15
306.44,2.9169407739208034e-13,2.247972626505163e-15
306.45,2.916473222082066e-13,2.182922473103578e-15
306.46,2.916008647920123e-13,2.117968463712097e-15
306.47,2.915547983269046e-13,2.053032895620102e-15
306.48,2.915090970795358e-13,1.9881305020922636e-15
306.49,2.9146388680237183e-13,1.9231223397843293e-15
306.5,2.9141903292543977e-13,1.858124437742227e-15
306.51,2.9137592598607516e-13,1.7951155252178817e-15
306.52,2.913310050122683e-13,1.7283872567223772e-15
306.53,2.912870645887939e-13,1.6635582139423256e-15
306.54,2.9124473013103605e-13,1.59886732364118e-15
306.55,2.9120216914177094e-13,1.534116971506173e-15
306.56,2.9115964320154037e-13,1.4694888777141086e-15
306.57,2.9111863533368597e-13,1.4047226742427783e-15
306.58,2.910769688417368e-13,1.3399649625338448e-15
306.59,2.910367322516603e-13,1.2754764504344634e-15
306.6,2.90994332708838e-13,1.211790521995925e-15
306.61,2.909564288201316e-13,1.1467920758996218e-15
306.62,2.9091716496281447e-13,1.082497003558926e-15
306.63,2.9087809257994533e-13,1.0181349371589927e-15
306.64,2.9083958207648284e-13,9.54211644385261e-16
306.65,2.9080133501550184e-13,8.900029831456199e-16
306.66,2.907636095088877e-13,8.261998320056154e-16
306.67,2.90725899322444e-13,7.627232792397638e-16
306.68,2.9068960041348925e-13,6.98967917274653e-16
306.69,2.9065215857162467e-13,6.339489166707455e-16
306.7,2.906170924064449e-13,5.715561321973019e-16
306.71,2.9058104867740637e-13,5.080447194517854e-16
306.72,2.905462338825952e-13,4.449803604508285e-16
306.73,2.9051110720807076e-13,3.817364632498198e-16
306.74,2.9047682495438524e-13,3.188634567818515e-16
306.75,2.904430767862836e-13,2.559341957576498e-16
306.76,2.9040971373186137e-13,1.9372109152947968e-16
306.77,2.903763628409274e-13,1.3073342459984876e-16
306.78,2.903436100767065e-13,6.828222168922356e-17
306.79,2.903115475827805e-13,6.4415218689068406e-18
306.8,2.902794127114287e-13,-5.581125176193372e-17
306.81,2.9024782660852803e-13,-1.175917944705999e-16
306.82,2.9021669087719543e-13,-1.7947237077832695e-16
306.83,2.9018602995113744e-13,-2.408146690827902e-16
306.84,2.901557056837956e-13,-3.0208211500350894e-16
306.85,2.9012553729827254e-13,-3.629946571026669e-16
306.86,2.9009625968117083e-13,-4.242241413903739e-16
306.87,2.900673820273022e-13,-4.853983003578042e-16
306.88,2.900383856903067e-13,-5.454897613242608e-16
306.89,2.900103054366638e-13,-6.0599954508912725e-16
306.9,2.8998215295757764e-13,-6.65905060313792e-16
306.91,2.89954496982638e-13,-7.259913761919053e-16
306.92,2.899273763828311e-13,-7.855450401368935e-16
306.93,2.8990072811751587e-13,-8.450122137154856e-16
306.94,2.8987562095601927e-13,-9.035502731170322e-16
306.95,2.8984773085159947e-13,-9.632955973550475e-16
306.96,2.8982271536251477e-13,-1.0214704469580054e-15
306.97,2.897970561013653e-13,-1.0804706693782272e-15
306.98,2.897720293825165e-13,-1.1388641673594265e-15
306.99,2.8974725567560393e-13,-1.1967242166408168e-15
307.0,2.897231104965706e-13,-1.2545859700301559e-15
307.01,2.896992266809866e-13,-1.3119961349075517e-15
307.02,2.896751459990771e-13,-1.3694549642988623e-15
307.03,2.8965194221019536e-13,-1.4277086079754894e-15
307.04,2.8962952878437036e-13,-1.4829998908895484e-15
307.05,2.8960713255716557e-13,-1.5391986976962637e-15
307.06,2.895853087605083e-13,-1.5956044637539066e-15
307.07,2.895629161107651e-13,-1.6514884389337654e-15
307.08,2.8954220335160423e-13,-1.7068433385438408e-15
307.09,2.8952087564233706e-13,-1.7623642246235668e-15
307.1,2.8950027294613415e-13,-1.817510561926057e-15
307.11,2.8947960842537456e-13,-1.8721161668185828e-15
307.12,2.894583701807753e-13,-1.9265244227658015e-15
307.13,2.8944003688727934e-13,-1.9806570680329847e-15
307.14,2.894205277259411e-13,-2.0340117475224208e-15
307.15,2.89401399513493e-13,-2.087557407918815e-15
307.16,2.893825125384916e-13,-2.1406522097560556e-15
307.17,2.8936400092386227e-13,-2.1937906256701302e-15
307.18,2.8934614064072165e-13,-2.2460931018674665e-15
307.19,2.8932797377489077e-13,-2.298222193263236e-15
307.2,2.893105401468174e-13,-2.350149832585998e-15
307.21,2.892958947558061e-13,-2.4004127207756457e-15
307.22,2.8927561230804356e-13,-2.452478723426976e-15
307.23,2.8925979543876864e-13,-2.5036563782320878e-15
307.24,2.892435600793464e-13,-2.554033960853807e-15
307.25,2.8922748224413774e-13,-2.6041955986442806e-15
307.26,2.892115482678032e-13,-2.6538316000038466e-15
307.27,2.891964148047645e-13,-2.703287618673069e-15
307.28,2.8918086727466954e-13,-2.7523624392688427e-15
307.29,2.8916618530397885e-13,-2.801254112988023e-15
307.3,2.891532692645852e-13,-2.8504585004708013e-15
307.31,2.891370268812634e-13,-2.8972285497636796e-15
307.32,2.891234179873638e-13,-2.9451569137483654e-15
307.33,2.891092037668935e-13,-2.9921029638007686e-15
307.34,2.8909594565198846e-13,-3.03896940550549e-15
307.35,2.890834126282026e-13,-3.0856898464935494e-15
307.36,2.8906956115582585e-13,-3.1315757399534334e-15
307.37,2.890568611377346e-13,-3.177088417917379e-15
307.38,2.8904440746881485e-13,-3.222527076956667e-15
307.39,2.890315156506892e-13,-3.268112486924743e-15
307.4,2.8901978816216393e-13,-3.3119162351853672e-15
307.41,2.890086730396282e-13,-3.355964083489221e-15
307.42,2.889968819519064e-13,-3.3995616786985807e-15
307.43,2.8898604115152757e-13,-3.442883502457594e-15
307.44,2.8897488549107624e-13,-3.485362671979564e-15
307.45,2.889640599771903e-13,-3.528220333185139e-15
307.46,2.8895335396884536e-13,-3.570460147888345e-15
307.47,2.8894319302869644e-13,-3.611999215622895e-15
307.48,2.889328688219978e-13,-3.653337869120226e-15
307.49,2.8892265475502444e-13,-3.693837856888296e-15
307.5,2.8891328674037966e-13,-3.734459451125959e-15
307.51,2.8890341521058596e-13,-3.77404121010254e-15
307.52,2.8889471523288947e-13,-3.813936178048495e-15
307.53,2.8888588337591813e-13,-3.853123764215018e-15
307.54,2.888766790258771e-13,-3.891698170663215e-15
307.55,2.8886817099552487e-13,-3.929893533128901e-15
307.56,2.888598029985436e-13,-3.967711501558207e-15
307.57,2.88850718635039e-13,-4.005571160395462e-15
307.58,2.8884378949134344e-13,-4.041831264992856e-15
307.59,2.8883531071122004e-13,-4.078356611348537e-15
307.6,2.8882766481341577e-13,-4.114479793174357e-15
307.61,2.8881999107267184e-13,-4.149991684027707e-15
307.62,2.8881244653716287e-13,-4.185115843639758e-15
307.63,2.888052494993565e-13,-4.2199173797130714e-15
307.64,2.8879843862316173e-13,-4.254093531705755e-15
307.65,2.8879161405366263e-13,-4.28801047315754e-15
307.66,2.887850686903646e-13,-4.320656113336727e-15
307.67,2.8877678789270826e-13,-4.3545739754840775e-15
307.68,2.887717877294285e-13,-4.386499855209975e-15
307.69,2.8876556869806504e-13,-4.418434961707203e-15
307.7,2.8875954123402537e-13,-4.449837285911591e-15
307.71,2.8875372676493013e-13,-4.480860567956028e-15
307.72,2.8874752871621355e-13,-4.511409401472868e-15
307.73,2.887420464433701e-13,-4.541583100398138e-15
307.74,2.887365271390318e-13,-4.571087226487347e-15
307.75,2.8873184817756897e-13,-4.599895692855866e-15
307.76,2.8872601695839116e-13,-4.628696673931402e-15
307.77,2.887206102761355e-13,-4.657099758952028e-15
307.78,2.887150005616371e-13,-4.684949822918657e-15
307.79,2.887102690264048e-13,-4.712025264169383e-15
307.8,2.887053367840602e-13,-4.738832432736058e-15
307.81,2.887007126140936e-13,-4.765070316388557e-15
307.82,2.886959482411305e-13,-4.79077799195315e-15
307.83,2.886916468322212e-13,-4.8161845569359405e-15
307.84,2.886885616951578e-13,-4.840800018886015e-15
307.85,2.8868274756114905e-13,-4.865218033622571e-15
307.86,2.8867817653003593e-13,-4.889385508422778e-15
307.87,2.8867452157769416e-13,-4.912483560114035e-15
307.88,2.8866995242465963e-13,-4.935619043404025e-15
307.89,2.8866558250258994e-13,-4.957746959662683e-15
307.9,2.886620814333523e-13,-4.979788118277774e-15
307.91,2.886581570273873e-13,-5.000956619045509e-15
307.92,2.886544818143658e-13,-5.022215800832132e-15
307.93,2.886505546188256e-13,-5.043019414463016e-15
307.94,2.8864717045553456e-13,-5.062447413213708e-15
307.95,2.8864343728152075e-13,-5.081747582778181e-15
307.96,2.8863959733132525e-13,-5.100805052503623e-15
307.97,2.8863623085320465e-13,-5.119293684707006e-15
307.98,2.886325220399036e-13,-5.137237856511173e-15
307.99,2.886290409274318e-13,-5.15470650784305e-15
308.0,2.886254305759423e-13,-5.171742767635433e-15
308.01,2.8862226123758156e-13,-5.188170867098525e-15
308.02,2.8861833283817393e-13,-5.205045961541355e-15
308.03,2.8861586779035667e-13,-5.219670957309618e-15
308.04,2.886119676807239e-13,-5.234590515882382e-15
308.05,2.886084882454523e-13,-5.2494088156651364e-15
308.06,2.8860547705676615e-13,-5.263226510825958e-15
308.07,2.886022481545615e-13,-5.276588063822014e-15
308.08,2.8859867205426165e-13,-5.289618402190785e-15
308.09,2.885955869115858e-13,-5.30217096888611e-15
308.1,2.8859224802638096e-13,-5.31420280159892e-15
308.11,2.8858867471468456e-13,-5.325456941006586e-15
308.12,2.885857930027757e-13,-5.33680646012385e-15
308.13,2.885826606521007e-13,-5.347085455184475e-15
308.14,2.885795431315014e-13,-5.357014167044024e-15
308.15,2.8857600207197135e-13,-5.366759705435281e-15
308.16,2.885727391756687e-13,-5.3760790714196354e-15
308.17,2.8856978087482853e-13,-5.3840878025954824e-15
308.18,2.8856618670238183e-13,-5.39223934313447e-15
308.19,2.8856237889904915e-13,-5.3998768699506554e-15
308.2,2.8855820719612474e-13,-5.406572472637503e-15
308.21,2.885553070373341e-13,-5.413675470203233e-15
308.22,2.885509550287283e-13,-5.419685104696142e-15
308.23,2.8854773622055483e-13,-5.424546497990072e-15
308.24,2.88544784462822e-13,-5.429992987889455e-15
308.25,2.8854000802055294e-13,-5.434819248404097e-15
308.26,2.8853764485466356e-13,-5.4388210018642835e-15
308.27,2.8853316109768207e-13,-5.442349058038502e-15
308.28,2.885294764626989e-13,-5.445482615766411e-15
308.29,2.885261102998802e-13,-5.448226949741454e-15
308.3,2.8852134996230556e-13,-5.4505212385385064e-15
308.31,2.885174034109438e-13,-5.4517293286112104e-15
308.32,2.8851322500556615e-13,-5.452884044058136e-15
308.33,2.8850897901173137e-13,-5.453292356936395e-15
308.34,2.885046756883689e-13,-5.453663573186936e-15
308.35,2.8850074460122485e-13,-5.453092247974717e-15
308.36,2.884958587729479e-13,-5.452413209204774e-15
308.37,2.884915976190336e-13,-5.4510652153229294e-15
308.38,2.8848764341553915e-13,-5.449055131313719e-15
308.39,2.884817154314206e-13,-5.44748633354667e-15
308.4,2.884769717002695e-13,-5.444280752505962e-15
308.41,2.8847200124851546e-13,-5.440965659606986e-15
308.42,2.8846723924180296e-13,-5.4372728227204385e-15
308.43,2.884617945216584e-13,-5.433001564240085e-15
308.44,2.884567242368107e-13,-5.428453420081646e-15
308.45,2.884506075204596e-13,-5.423429802118168e-15
308.46,2.8844571747607794e-13,-5.417655262636109e-15
308.47,2.8844017023021025e-13,-5.411444514167891e-15
308.48,2.8843359321502484e-13,-5.405387692233e-15
308.49,2.8842848656460176e-13,-5.398058994640229e-15
308.5,2.884215749787418e-13,-5.390908529953924e-15
308.51,2.8841593217971534e-13,-5.38245365264993e-15
308.52,2.8840949364642556e-13,-5.3740409788379786e-15
308.53,2.8840340088134096e-13,-5.3651441578994475e-15
308.54,2.883962854527303e-13,-5.355982426293396e-15
308.55,2.88389731493484e-13,-5.345953632603798e-15
308.56,2.883833677066761e-13,-5.3359100942036255e-15
308.57,2.883756291733699e-13,-5.32488922300433e-15
308.58,2.8836821409288353e-13,-5.313940261848378e-15
308.59,2.8836139078419025e-13,-5.302080227378312e-15
308.6,2.883537523769374e-13,-5.290178773439971e-15
308.61,2.8834601243146296e-13,-5.277304095606475e-15
308.62,2.8833844823023176e-13,-5.2646708577471145e-15
308.63,2.883299870862968e-13,-5.251064518371173e-15
308.64,2.883217073707988e-13,-5.2372174131343235e-15
308.65,2.883133051551344e-13,-5.223049574586972e-15
308.66,2.883043614028037e-13,-5.208116675930741e-15
308.67,2.882955372372914e-13,-5.1930526852157075e-15
308.68,2.8828689049013285e-13,-5.177451205231873e-15
308.69,2.882771235294428e-13,-5.161477473756527e-15
308.7,2.882679109949373e-13,-5.144840681134818e-15
308.71,2.882585366339489e-13,-5.127989547631898e-15
308.72,2.8824897712843116e-13,-5.110406897908255e-15
308.73,2.882392011646428e-13,-5.0927393151049486e-15
308.74,2.8822917386325795e-13,-5.074404853733102e-15
308.75,2.8821831995176797e-13,-5.055898535745743e-15
308.76,2.882077312135859e-13,-5.036880018343697e-15
308.77,2.881969297005038e-13,-5.017459072460094e-15
308.78,2.881858813561257e-13,-4.99761330210641e-15
308.79,2.881748891046066e-13,-4.97731061749773e-15
308.8,2.8816356259562463e-13,-4.95650417341068e-15
308.81,2.881518718135529e-13,-4.9355496747629406e-15
308.82,2.881402624636646e-13,-4.914041084815585e-15
308.83,2.88127666864541e-13,-4.892083378813238e-15
308.84,2.8811525975104873e-13,-4.869674637892238e-15
308.85,2.8810282839249374e-13,-4.8473418923187305e-15
308.86,2.88090364496588e-13,-4.823948938941427e-15
308.87,2.8807689990176306e-13,-4.800727750447578e-15
308.88,2.8806403771857444e-13,-4.776692906653814e-15
308.89,2.8804998489985787e-13,-4.7524454130995254e-15
308.9,2.8803652295470104e-13,-4.727735446955812e-15
308.91,2.8802289930573286e-13,-4.702598528260095e-15
308.92,2.88008240279801e-13,-4.677201658667191e-15
308.93,2.879936161757267e-13,-4.6518615230346236e-15
308.94,2.8797975423493043e-13,-4.625347941069609e-15
308.95,2.879642084566277e-13,-4.599130170322822e-15
308.96,2.8794937788915123e-13,-4.572138725708761e-15
308.97,2.8793321096067015e-13,-4.544927518924481e-15
308.98,2.8791784019331215e-13,-4.517397666857406e-15
308.99,2.8790131878101833e-13,-4.48976621371431e-15
309.0,2.8788537431429605e-13,-4.4606102472714316e-15
309.01,2.878688246152692e-13,-4.4319965124307905e-15
309.02,2.8785190678268146e-13,-4.4033958980360595e-15
309.03,2.878360515524847e-13,-4.373824985563462e-15
309.04,2.878175507927319e-13,-4.344711497699533e-15
309.05,2.8780019975329884e-13,-4.3142724745636536e-15
309.06,2.8778232639433923e-13,-4.2837272404670526e-15
309.07,2.8776422067525933e-13,-4.2532983270432525e-15
309.08,2.877456920771296e-13,-4.222036198764352e-15
309.09,2.8772682178972276e-13,-4.1905013911140825e-15
309.1,2.877087320795016e-13,-4.1596186608155415e-15
309.11,2.876883921424876e-13,-4.127285937858792e-15
309.12,2.8766924897342256e-13,-4.094633708159811e-15
309.13,2.8764908419404765e-13,-4.061917554084028e-15
309.14,2.876294549545867e-13,-4.028956522796259e-15
309.15,2.876088712370242e-13,-3.995632571886782e-15
309.16,2.875878966708359e-13,-3.96232528413158e-15
309.17,2.87566768719081e-13,-3.928491879197222e-15
309.18,2.8754556961304154e-13,-3.8941679273521445e-15
309.19,2.875245495673994e-13,-3.8597147248554575e-15
309.2,2.8750211209260976e-13,-3.824820335959617e-15
309.21,2.874800525157137e-13,-3.7900020185328135e-15
309.22,2.8745733109758904e-13,-3.754590879771191e-15
309.23,2.8743430976715533e-13,-3.719191257389328e-15
309.24,2.874119461990936e-13,-3.682950042617044e-15
309.25,2.8738836729856704e-13,-3.646917516797952e-15
309.26,2.873645495626173e-13,-3.610449263605628e-15
309.27,2.8734038877561185e-13,-3.5740425386853455e-15
309.28,2.873160657428003e-13,-3.5369426814525144e-15
309.29,2.8729123076367534e-13,-3.4997918932087395e-15
309.3,2.872663195705464e-13,-3.4623866227359984e-15
309.31,2.8724109116479505e-13,-3.4252791579919625e-15
309.32,2.8721552924304224e-13,-3.386652504914462e-15
309.33,2.8718985932601134e-13,-3.34835597072884e-15
309.34,2.8716432919258077e-13,-3.309450976488216e-15
309.35,2.871372618383366e-13,-3.270814424401115e-15
309.36,2.8710995165166996e-13,-3.2324601143756095e-15
309.37,2.870827483709625e-13,-3.1932496387465135e-15
309.38,2.870552766480477e-13,-3.153724156871998e-15
309.39,2.8702773707392403e-13,-3.1140784704701305e-15
309.4,2.8699984220464774e-13,-3.0741327117553757e-15
309.41,2.869710366329932e-13,-3.0342243473268804e-15
309.42,2.869425639504364e-13,-2.994007258330835e-15
309.43,2.8691367372264374e-13,-2.9531741378912055e-15
309.44,2.868839468117656e-13,-2.912689983500572e-15
309.45,2.868540722714241e-13,-2.8719283635954758e-15
309.46,2.8682454334178236e-13,-2.8308523156080676e-15
309.47,2.86793877904401e-13,-2.7894768881700493e-15
309.48,2.867624010345912e-13,-2.748182103354898e-15
309.49,2.8673220066098364e-13,-2.706396431033139e-15
309.5,2.867014889166551e-13,-2.664129687377106e-15
309.51,2.8666916482837534e-13,-2.6222508651301027e-15
309.52,2.8663686368434173e-13,-2.5802822665387755e-15
309.53,2.866048581895332e-13,-2.537788787919634e-15
309.54,2.8657237380930205e-13,-2.4950866885084998e-15
309.55,2.865368918615254e-13,-2.4521857503653796e-15
309.56,2.86506050931349e-13,-2.4094376229248757e-15
309.57,2.86472435257049e-13,-2.3664688468349183e-15
309.58,2.864379473626464e-13,-2.3233989987882505e-15
309.59,2.8640386970237163e-13,-2.280086791233035e-15
309.6,2.863689378807944e-13,-2.2366077404865476e-15
309.61,2.863341961620336e-13,-2.1928014163556174e-15
309.62,2.8629871855606555e-13,-2.1490680378889423e-15
309.63,2.862634404621742e-13,-2.1052735206261368e-15
309.64,2.8622857144183076e-13,-2.0606341736693654e-15
309.65,2.8619106529148296e-13,-2.017007462022987e-15
309.66,2.8615396844094905e-13,-1.9723431230654837e-15
309.67,2.861172253826849e-13,-1.9283057554572876e-15
309.68,2.8608014348954914e-13,-1.883669694512673e-15
309.69,2.8604225770481016e-13,-1.839234287335658e-15
309.7,2.860039879393046e-13,-1.794387584563229e-15
309.71,2.859660378324551e-13,-1.7494710268995546e-15
309.72,2.8592718655198237e-13,-1.7042228321578117e-15
309.73,2.8588876465118653e-13,-1.6596188854602411e-15
309.74,2.8584909446315986e-13,-1.614439386470436e-15
309.75,2.858093032520767e-13,-1.569176159857337e-15
309.76,2.8576932277907475e-13,-1.5238845685538562e-15
309.77,2.857288604665266e-13,-1.478522120819478e-15
309.78,2.856885855318878e-13,-1.4328203012090832e-15
309.79,2.856474284321535e-13,-1.3873960013400005e-15
309.8,2.856060553198097e-13,-1.3416613390656003e-15
309.81,2.855643092489525e-13,-1.2951963975938556e-15
309.82,2.8552291176580505e-13,-1.2503512578554667e-15
309.83,2.8548024667438987e-13,-1.2045008735758412e-15
309.84,2.854376784751057e-13,-1.1587245728822932e-15
309.85,2.8539459205919394e-13,-1.112857493900867e-15
309.86,2.8535105237831964e-13,-1.0670127864171332e-15
309.87,2.853081649062974e-13,-1.0210717681544894e-15
309.88,2.8526374718210537e-13,-9.748329856989414e-16
309.89,2.852195116649882e-13,-9.286338899048371e-16
309.9,2.851740456371817e-13,-8.83914070184617e-16
309.91,2.851295711724935e-13,-8.360328106174409e-16
309.92,2.8508459062811794e-13,-7.903262215195063e-16
309.93,2.8503917578550507e-13,-7.441476478626695e-16
309.94,2.849931437772528e-13,-6.978897026952381e-16
309.95,2.849463448426713e-13,-6.520916151606029e-16
309.96,2.8490053315071027e-13,-6.05432718868435e-16
309.97,2.8485339393255724e-13,-5.592367291158312e-16
309.98,2.848064677080612e-13,-5.129450897029113e-16
309.99,2.8475920951214254e-13,-4.663756109354115e-16
310.0,2.8471007426053244e-13,-4.2086505780031947e-16
310.01,2.846628804118335e-13,-3.7386192795992393e-16
310.02,2.846143692143254e-13,-3.280575465176726e-16
310.03,2.845655865784299e-13,-2.8183151430040074e-16
310.04,2.8451631586102226e-13,-2.357573174754891e-16
310.05,2.8446661612942166e-13,-1.897167899173436e-16
310.06,2.844172161452372e-13,-1.4347907353806392e-16
310.07,2.843670121949367e-13,-9.75223465962266e-17
310.08,2.8431665134211335e-13,-5.140465462882788e-17
310.09,2.84265418387483e-13,-5.76068574919522e-18
310.1,2.8421500323798777e-13,4.048679533231741e-17
310.11,2.8416425057541115e-13,8.655341129827944e-17
310.12,2.841122984567122e-13,1.3251239083597187e-16
310.13,2.8405954653175104e-13,1.7765202402043825e-16
310.14,2.8400800531151e-13,2.2390113426399094e-16
310.15,2.839556309151884e-13,2.698354069819821e-16
310.16,2.8390269399686027e-13,3.1514601073611927e-16
310.17,2.838490284733661e-13,3.606981018143781e-16
310.18,2.837961865770908e-13,4.0530831650270556e-16
310.19,2.837423766767625e-13,4.51792156026624e-16
310.2,2.836884578482634e-13,4.973614282537921e-16
310.21,2.836339032220994e-13,5.422409993029748e-16
310.22,2.8357874606204107e-13,5.870714328647099e-16
310.23,2.8352427836562563e-13,6.324950882612729e-16
310.24,2.834691935654809e-13,6.776597056764948e-16
310.25,2.8341332786060074e-13,7.223804243413499e-16
310.26,2.833582709702596e-13,7.679262188639868e-16
310.27,2.8330335173399415e-13,8.135303942380269e-16
310.28,2.8324550444907373e-13,8.567678587549948e-16
310.29,2.8318898932647427e-13,9.012890161956744e-16
310.3,2.8313171383687786e-13,9.454991151262221e-16
310.31,2.830746231574381e-13,9.89825067529412e-16
310.32,2.830171314942871e-13,1.0340858313035396e-15
310.33,2.829591899770277e-13,1.0778093953011658e-15
310.34,2.8290136004130955e-13,1.1222372282591246e-15
310.35,2.8284320905883446e-13,1.16589638956854e-15
310.36,2.827832111374354e-13,1.2095351240246605e-15
310.37,2.8272539377321055e-13,1.252569355347596e-15
310.38,2.826662360479677e-13,1.2960490768934202e-15
310.39,2.8260688070421045e-13,1.3391959639067495e-15
310.4,2.8254734016172955e-13,1.3823453057169897e-15
310.41,2.8248699659210274e-13,1.4253415750717332e-15
310.42,2.8242697030712136e-13,1.4678066517554247e-15
310.43,2.8236627464066844e-13,1.5105552758856611e-15
310.44,2.823052488338588e-13,1.553063911973307e-15
310.45,2.8224619551602324e-13,1.5941972040896268e-15
310.46,2.821836011143863e-13,1.637544109427902e-15
310.47,2.821224563713452e-13,1.6796210121646486e-15
310.48,2.8206030290100893e-13,1.7211320121356499e-15
310.49,2.8199840326771314e-13,1.7626006780890152e-15
310.5,2.8193606742988554e-13,1.8042143292892527e-15
310.51,2.818735728087559e-13,1.8453625302653843e-15
310.52,2.818113721348572e-13,1.886828275247232e-15
310.53,2.8174826745381116e-13,1.927250781653689e-15
310.54,2.816871127392945e-13,1.969525878371067e-15
310.55,2.8162118543599004e-13,2.008519872022912e-15
310.56,2.8155783434053127e-13,2.0490452583736837e-15
310.57,2.8149380874410143e-13,2.0889569707163745e-15
310.58,2.814295616095514e-13,2.1289581714232188e-15
310.59,2.813651968991581e-13,2.1685668664740953e-15
310.6,2.8130051575643227e-13,2.2081925940419525e-15
310.61,2.81236330766312e-13,2.247375985122542e-15
310.62,2.811707132289222e-13,2.2865424321638236e-15
310.63,2.8110477237672756e-13,2.3258100575817885e-15
310.64,2.8104048942223427e-13,2.364074196061605e-15
310.65,2.809743039477255e-13,2.4024856813605e-15
310.66,2.8090813178955273e-13,2.440327705796466e-15
310.67,2.808418237572479e-13,2.4785036952930288e-15
310.68,2.807760107872484e-13,2.5163955953517977e-15
310.69,2.8070911732938583e-13,2.553825145356903e-15
310.7,2.806430497929287e-13,2.591099595239221e-15
310.71,2.805755142307586e-13,2.6282875018885e-15
310.72,2.805081072516244e-13,2.665363337577714e-15
310.73,2.8044081754320143e-13,2.7014179120447496e-15
310.74,2.803734996916104e-13,2.7380627319102106e-15
310.75,2.8030546119854495e-13,2.7738627916552455e-15
310.76,2.802376115713324e-13,2.8102239190468066e-15
310.77,2.801696131306975e-13,2.8455141803584915e-15
310.78,2.801013710841273e-13,2.8814425448159687e-15
310.79,2.8003378998995913e-13,2.915659850195138e-15
310.8,2.7996438600944776e-13,2.9509837412220144e-15
310.81,2.798944542745057e-13,2.9851254691014666e-15
310.82,2.798265056743901e-13,3.019785141258699e-15
310.83,2.7975726054302713e-13,3.0540696142600994e-15
310.84,2.7968793255776837e-13,3.087436995455539e-15
310.85,2.796182415735029e-13,3.121120577676225e-15
310.86,2.795486746575086e-13,3.1541961818113423e-15
310.87,2.7947859925204787e-13,3.1872170192621885e-15
310.88,2.7940680045649403e-13,3.2193918544541068e-15
310.89,2.793385833939285e-13,3.2524604266247158e-15
310.9,2.7926867611634746e-13,3.284348381947925e-15
310.91,2.7919789520198865e-13,3.3164932908596195e-15
310.92,2.791273186414963e-13,3.3478725450870646e-15
310.93,2.790563635128736e-13,3.3793724223160285e-15
310.94,2.789853244875388e-13,3.4100294424552274e-15
310.95,2.789140407440948e-13,3.4408060317612727e-15
310.96,2.788432476970609e-13,3.4712500072066224e-15
310.97,2.7877155527020327e-13,3.502622808493918e-15
310.98,2.7869990352075656e-13,3.5309378624284994e-15
310.99,2.786289661881416e-13,3.56082740795546e-15
311.0,2.78556929421772e-13,3.590431741867342e-15
311.01,2.784851470544035e-13,3.618865480880825e-15
311.02,2.784133056474643e-13,3.6477723776940634e-15
311.03,2.7834125552710324e-13,3.675907856239343e-15
311.04,2.782693718236534e-13,3.704000877374448e-15
311.05,2.781964579765421e-13,3.731630039797725e-15
311.06,2.781250497318409e-13,3.757898739054898e-15
311.07,2.780512194613979e-13,3.7866709198032166e-15
311.08,2.779790331384291e-13,3.813186746956148e-15
311.09,2.779060822143473e-13,3.839538606916935e-15
311.1,2.7783290268751233e-13,3.8653517694245016e-15
311.11,2.7776022379112324e-13,3.891437386706629e-15
311.12,2.77687050026465e-13,3.916982486125711e-15
311.13,2.776141739171301e-13,3.942097127858357e-15
311.14,2.775407603249516e-13,3.966922992977125e-15
311.15,2.774647880830747e-13,3.990568232499306e-15
311.16,2.77393818940134e-13,4.016110148199244e-15
311.17,2.773199583400176e-13,4.039800702722914e-15
311.18,2.772468807318178e-13,4.063277733816623e-15
311.19,2.771732474528979e-13,4.086621755474457e-15
311.2,2.770994022197784e-13,4.10940715450109e-15
311.21,2.77025960231152e-13,4.132368531298808e-15
311.22,2.769516821560285e-13,4.154134224728838e-15
311.23,2.7687780267210874e-13,4.176372249515421e-15
311.24,2.768031747268748e-13,4.198983040627236e-15
311.25,2.76729546795255e-13,4.2192509073220735e-15
311.26,2.7665516455863125e-13,4.239848024058528e-15
311.27,2.765814185338263e-13,4.260423464093766e-15
311.28,2.76507154814313e-13,4.2808184466762705e-15
311.29,2.764331943839355e-13,4.300431100886678e-15
311.3,2.763584231409216e-13,4.3203509878595016e-15
311.31,2.762839409606297e-13,4.339075474614046e-15
311.32,2.762096824830294e-13,4.358360312182555e-15
311.33,2.7613529100300834e-13,4.377194032654972e-15
311.34,2.7606076085948574e-13,4.395310684964503e-15
311.35,2.7598628254949543e-13,4.413032271267438e-15
311.36,2.7591176484963706e-13,4.430589139280889e-15
311.37,2.7583705892915645e-13,4.4476792367556595e-15
311.38,2.757627535837597e-13,4.4644713313660305e-15
311.39,2.756877584678076e-13,4.481004766648561e-15
311.4,2.75612941969283e-13,4.4970159862733735e-15
311.41,2.755381587914828e-13,4.512806887698628e-15
311.42,2.754639782969993e-13,4.5289219773949445e-15
311.43,2.7538911025453896e-13,4.5441238684838325e-15
311.44,2.753143805894064e-13,4.5578975672918395e-15
311.45,2.7523973022388986e-13,4.572401002553697e-15
311.46,2.7516492899485587e-13,4.586485203463609e-15
311.47,2.7508994108700795e-13,4.600277609587333e-15
311.48,2.7501544577588085e-13,4.6135528950752325e-15
311.49,2.7494100810265063e-13,4.626594993704647e-15
311.5,2.748659127798678e-13,4.639016675120219e-15
311.51,2.747920945923138e-13,4.6514661648972e-15
311.52,2.7471508087230294e-13,4.661974100317146e-15
311.53,2.746421589448104e-13,4.6751585927755395e-15
311.54,2.745677757417282e-13,4.686233794923008e-15
311.55,2.74493576124703e-13,4.696805470733777e-15
311.56,2.7441851996426636e-13,4.7074435846745e-15
311.57,2.7434393073416637e-13,4.7178006544509246e-15
311.58,2.742694322628207e-13,4.72743424559088e-15
311.59,2.7419510487213726e-13,4.736896179533827e-15
311.6,2.7412043585844306e-13,4.745752106227347e-15
311.61,2.7404556094130313e-13,4.754925849849956e-15
311.62,2.739714632436204e-13,4.763102140244729e-15
311.63,2.7389751722934386e-13,4.771085220012962e-15
311.64,2.7382276424109e-13,4.7787336454231375e-15
311.65,2.737487118161638e-13,4.7861235067462634e-15
311.66,2.736745296985427e-13,4.7928592380624335e-15
311.67,2.7360046338602527e-13,4.799506214420415e-15
311.68,2.735262805079254e-13,4.805900003140142e-15
311.69,2.734522479404397e-13,4.811634676762096e-15
311.7,2.7337860677768115e-13,4.817351062697334e-15
311.71,2.7330452451570826e-13,4.822684631714222e-15
311.72,2.7323084787794677e-13,4.8274085459099735e-15
311.73,2.7315736519724575e-13,4.832157096485365e-15
311.74,2.730835462719664e-13,4.835999780584575e-15
311.75,2.7300982309573397e-13,4.83984410112975e-15
311.76,2.729365094794133e-13,4.8431305483450954e-15
311.77,2.728626964898154e-13,4.846212024500008e-15
311.78,2.7279034673830314e-13,4.85016063183991e-15
311.79,2.727162913838919e-13,4.851394481663079e-15
311.8,2.72642810088684e-13,4.853177277054279e-15
311.81,2.7256988378895693e-13,4.855100611975057e-15
311.82,2.724966442566403e-13,4.856267851263535e-15
311.83,2.7242388829295156e-13,4.857396160806043e-15
311.84,2.7235109334909273e-13,4.857863187622023e-15
311.85,2.7227854241900086e-13,4.858210318357373e-15
311.86,2.722061357406425e-13,4.85816383181147e-15
311.87,2.7213480107970523e-13,4.858112332114632e-15
311.88,2.720609321749119e-13,4.857107750896862e-15
311.89,2.7198874401596893e-13,4.8559043086311345e-15
311.9,2.7191664432567767e-13,4.854536639923309e-15
311.91,2.718445300374236e-13,4.852758763942008e-15
311.92,2.71773394130876e-13,4.850439361326218e-15
311.93,2.717005454484722e-13,4.848095783135921e-15
311.94,2.716289635178127e-13,4.845300997126175e-15
311.95,2.715575174592832e-13,4.842070799189482e-15
311.96,2.71486427160016e-13,4.839062569270517e-15
311.97,2.7141445938916284e-13,4.834866207173669e-15
311.98,2.713435058625893e-13,4.830576463530985e-15
311.99,2.7127271348333455e-13,4.826376380943663e-15
312.0,2.712017863110026e-13,4.821580485642856e-15
312.01,2.7113032909064467e-13,4.816234104684972e-15
312.02,2.7106056182890674e-13,4.810856316344076e-15
312.03,2.709897038383686e-13,4.8049130235744365e-15
312.04,2.709194533895091e-13,4.798864007539488e-15
312.05,2.708496604831905e-13,4.7925935598903114e-15
312.06,2.707793831812506e-13,4.78557277088911e-15
312.07,2.7070975969368963e-13,4.778570351169641e-15
312.08,2.7063965980223243e-13,4.7712013218112495e-15
312.09,2.705699625853461e-13,4.763147981957655e-15
312.1,2.705020825859526e-13,4.755014213571812e-15
312.11,2.7043184739546154e-13,4.747075416850344e-15
312.12,2.7036198342748627e-13,4.737898173974888e-15
312.13,2.7029346263949694e-13,4.728836467425663e-15
312.14,2.702244781081108e-13,4.718366829848833e-15
312.15,2.7015607710131723e-13,4.709995872121299e-15
312.16,2.7008748295926516e-13,4.699723936250642e-15
312.17,2.7001845185190695e-13,4.6889055277123025e-15
312.18,2.699513231112166e-13,4.67870330857845e-15
312.19,2.6988353635726763e-13,4.667933068587576e-15
312.2,2.6981590141043716e-13,4.656670997333418e-15
312.21,2.6974830732426727e-13,4.645040427860098e-15
312.22,2.696806952734559e-13,4.6331334352458136e-15
312.23,2.696121840195313e-13,4.620751976919671e-15
312.24,2.6954645391315754e-13,4.6087021986853015e-15
312.25,2.6948007616700015e-13,4.595909514491843e-15
312.26,2.6941337778125354e-13,4.5826544048985955e-15
312.27,2.6934707337526646e-13,4.569345185808079e-15
312.28,2.6928081966730236e-13,4.555644695629439e-15
312.29,2.692145589342874e-13,4.5415518812749864e-15
312.3,2.691491283400365e-13,4.527311330791159e-15
312.31,2.690828519387648e-13,4.5127683202510326e-15
312.32,2.690185580266086e-13,4.497857531772741e-15
312.33,2.6895215233524937e-13,4.483152905974588e-15
312.34,2.688872141972036e-13,4.467472869553022e-15
312.35,2.688226559626373e-13,4.45175751576929e-15
312.36,2.687580624672649e-13,4.435912200811367e-15
312.37,2.6869354365306065e-13,4.419605794990365e-15
312.38,2.6862994571096074e-13,4.40325457124729e-15
312.39,2.685667769454335e-13,4.3864645611411495e-15
312.4,2.685016734457481e-13,4.36920022186699e-15
312.41,2.6843770479780245e-13,4.351315810448603e-15
312.42,2.6837466657028873e-13,4.334490365475404e-15
312.43,2.6831159028096007e-13,4.316215947061858e-15
312.44,2.6824890212827737e-13,4.298151269690236e-15
312.45,2.6818617993737277e-13,4.279706742504007e-15
312.46,2.68123912325011e-13,4.2608719091216655e-15
312.47,2.680613870004493e-13,4.241958336812738e-15
312.48,2.679998301423317e-13,4.222840279483686e-15
312.49,2.6793769045297344e-13,4.203373953476662e-15
312.5,2.6787749992093265e-13,4.184133013862685e-15
312.51,2.6781497395249777e-13,4.1637476557321066e-15
312.52,2.6775386166268865e-13,4.143392203217986e-15
312.53,2.6769277986734845e-13,4.1230211688667014e-15
312.54,2.676326203814201e-13,4.10238291376791e-15
312.55,2.6757240480668763e-13,4.0814603763065846e-15
312.56,2.675123507044898e-13,4.060117869315605e-15
312.57,2.6745194460505186e-13,4.038544312464974e-15
312.58,2.6739223986847064e-13,4.016931338204556e-15
312.59,2.673325111913924e-13,3.995265198993181e-15
312.6,2.672740930638493e-13,3.973283237366879e-15
312.61,2.6721512872059403e-13,3.950784899009269e-15
312.62,2.671566516015147e-13,3.9282402761580494e-15
312.63,2.6709771825999514e-13,3.90525861304829e-15
312.64,2.6703951732103405e-13,3.882213654470861e-15
312.65,2.6698183923729935e-13,3.858979749408457e-15
312.66,2.66924119190881e-13,3.835403687316174e-15
312.67,2.6686640627671297e-13,3.811628781906276e-15
312.68,2.668097797079199e-13,3.787800778631832e-15
312.69,2.6675258598776847e-13,3.763775468950264e-15
312.7,2.666957088421094e-13,3.739471643958054e-15
312.71,2.666394549244395e-13,3.714771479285595e-15
312.72,2.665833213157626e-13,3.690128064109476e-15
312.73,2.6652772454122447e-13,3.665189086257996e-15
312.74,2.664718995341583e-13,3.640220075283198e-15
312.75,2.664160119448881e-13,3.614661134575325e-15
312.76,2.6636089508225637e-13,3.588812735277164e-15
312.77,2.6630685057418477e-13,3.563550734275048e-15
312.78,2.6625145035173016e-13,3.5375606137742826e-15
312.79,2.6619704969074823e-13,3.511373138041401e-15
312.8,2.661431910422381e-13,3.485231180668004e-15
312.81,2.6608956210175245e-13,3.4588136838163584e-15
312.82,2.66035762261316e-13,3.4321410121602013e-15
312.83,2.659824174669094e-13,3.405313282092154e-15
312.84,2.659295979397694e-13,3.3782528014446468e-15
312.85,2.658766948447416e-13,3.3508937735688975e-15
312.86,2.658239498299761e-13,3.323102703472401e-15
312.87,2.657718086186786e-13,3.2964038472932184e-15
312.88,2.6571971758711047e-13,3.268232029090726e-15
312.89,2.656678453303247e-13,3.2404367931435224e-15
312.9,2.6561665483131015e-13,3.2126698293007606e-15
312.91,2.6556545088544176e-13,3.1843565619606792e-15
312.92,2.655148595422504e-13,3.156133519929203e-15
312.93,2.654641187337516e-13,3.12788025314984e-15
312.94,2.6541381736533405e-13,3.0988715551796145e-15
312.95,2.653641217594606e-13,3.0701939038506324e-15
312.96,2.6531405830082396e-13,3.041596416909992e-15
312.97,2.6526301064672546e-13,3.0119736648126574e-15
312.98,2.6521447984530873e-13,2.9832053498725874e-15
312.99,2.651658226944683e-13,2.9539207074730213e-15
313.0,2.651172671211029e-13,2.9244760743231187e-15
313.01,2.6506860775981535e-13,2.8948289335043232e-15
313.02,2.650205509371448e-13,2.865226612130264e-15
313.03,2.6497256909103636e-13,2.8353865794208818e-15
313.04,2.6492426229823324e-13,2.8049793873128627e-15
313.05,2.648772367161812e-13,2.7752665776112334e-15
313.06,2.6482959729101713e-13,2.7448819081465577e-15
313.07,2.6478363432548623e-13,2.714846374565547e-15
313.08,2.647368677663316e-13,2.684324052268028e-15
313.09,2.6469097355241173e-13,2.6541100429149515e-15
313.1,2.6464460064254137e-13,2.623296107748739e-15
313.11,2.645988506142465e-13,2.5924627524577327e-15
313.12,2.645534644812103e-13,2.5617445336232867e-15
313.13,2.645092895331089e-13,2.5310879560933654e-15
313.14,2.644630144063503e-13,2.49964379728886e-15
313.15,2.644186425844376e-13,2.4686931623285858e-15
313.16,2.6437406827060773e-13,2.43737407456283e-15
313.17,2.6432987651922183e-13,2.405894301375327e-15
313.18,2.6428612410884705e-13,2.3745414930609628e-15
313.19,2.642431460373442e-13,2.343286522163095e-15
313.2,2.641993782014605e-13,2.311638462578531e-15
313.21,2.6415651006335464e-13,2.280216383508456e-15
313.22,2.641134734866296e-13,2.24851663981058e-15
313.23,2.6407109981608977e-13,2.216544090532278e-15
313.24,2.6402908234400034e-13,2.1847904522400325e-15
313.25,2.6398586000993746e-13,2.1523214792884257e-15
313.26,2.6394400230568737e-13,2.1202424600248336e-15
313.27,2.63904209755433e-13,2.088861761913339e-15
313.28,2.63863128292417e-13,2.0568182840994984e-15
313.29,2.638218001807096e-13,2.0243952689602162e-15
313.3,2.637814353034167e-13,1.9926273368864195e-15
313.31,2.637409976033973e-13,1.959953371538672e-15
313.32,2.6370125847139166e-13,1.927899785339783e-15
313.33,2.6366183800234007e-13,1.8956409306020133e-15
313.34,2.636218898116093e-13,1.8633553173811652e-15
313.35,2.63583152107836e-13,1.8309926080091586e-15
313.36,2.635436202344205e-13,1.7983533467460236e-15
313.37,2.635049634906127e-13,1.7657806509527714e-15
313.38,2.6346663961743355e-13,1.7333441085460052e-15
313.39,2.6342863033972847e-13,1.7010592532219501e-15
313.4,2.6339001017365915e-13,1.6673513922643295e-15
313.41,2.633532249266596e-13,1.6357763128391861e-15
313.42,2.633155258885011e-13,1.602895585914391e-15
313.43,2.632786886027462e-13,1.5704975026252717e-15
313.44,2.6324077420330904e-13,1.5372864618064225e-15
313.45,2.6320514613122435e-13,1.5051326413503533e-15
313.46,2.631687894924028e-13,1.47232795594214e-15
313.47,2.631324623880124e-13,1.4396386792851002e-15
313.48,2.6309690988013366e-13,1.4071586479784215e-15
313.49,2.6306112842083015e-13,1.3745112721985266e-15
313.5,2.6302575177181755e-13,1.341539672940706e-15
313.51,2.629913328175245e-13,1.3091349062222454e-15
313.52,2.6295660052247187e-13,1.2764647721875803e-15
313.53,2.6292139751543227e-13,1.243531305798458e-15
313.54,2.628876774646458e-13,1.2110755302186846e-15
313.55,2.628538347875272e-13,1.1785000337250356e-15
313.56,2.6281999068690287e-13,1.1460331570571645e-15
313.57,2.6278668063644276e-13,1.1137348926830084e-15
313.58,2.6275409890042494e-13,1.0810669192198771e-15
313.59,2.627202525682071e-13,1.0483372931427054e-15
313.6,2.626876854949383e-13,1.0156612110265001e-15
313.61,2.626549956325942e-13,9.831954529692568e-16
313.62,2.6262262599856674e-13,9.507238621947391e-16
313.63,2.625906409394233e-13,9.182510475407672e-16
313.64,2.6255903632536313e-13,8.858792046403027e-16
313.65,2.625277773231733e-13,8.536147607209552e-16
313.66,2.6249630393164113e-13,8.212879578991086e-16
313.67,2.6246486290458543e-13,7.890776522683331e-16
313.68,2.624345177960533e-13,7.570012092452464e-16
313.69,2.6240426997439847e-13,7.249232020733084e-16
313.7,2.6237379246399647e-13,6.927000725603653e-16
313.71,2.6234397232288633e-13,6.608106402447402e-16
313.72,2.6231406154893273e-13,6.28678252192727e-16
313.73,2.6228439880097604e-13,5.968993623596407e-16
313.74,2.622550635425974e-13,5.649941072973074e-16
313.75,2.6222644864789297e-13,5.329463170516728e-16
313.76,2.62197033706075e-13,5.013295431232152e-16
313.77,2.621688324310979e-13,4.702407235891103e-16
313.78,2.6213994262193986e-13,4.384299203440366e-16
313.79,2.621117856190759e-13,4.0692221670802606e-16
313.8,2.6208381497626807e-13,3.7547175579174655e-16
313.81,2.620563769843823e-13,3.4416099855782823e-16
313.82,2.6202852091109775e-13,3.127541166128889e-16
313.83,2.620012933917186e-13,2.8166201118853488e-16
313.84,2.6197485333440333e-13,2.5001489531746475e-16
313.85,2.6194773572218077e-13,2.1935378480638638e-16
313.86,2.6192090111675686e-13,1.8897895913629733e-16
313.87,2.6189426862179796e-13,1.5802292993501023e-16
313.88,2.618681874341923e-13,1.273148242581843e-16
313.89,2.6184238977226594e-13,9.677346242910156e-17
313.9,2.618164191196739e-13,6.62095233933278e-17
313.91,2.6179065697518104e-13,3.552757183788423e-17
313.92,2.617652529178706e-13,5.3680078538418e-18
313.93,2.6174026326914893e-13,-2.437720958955182e-17
313.94,2.617155458749645e-13,-5.435555969406906e-17
313.95,2.616908047174977e-13,-8.475004540138037e-17
313.96,2.616661883362383e-13,-1.1463541219042661e-16
313.97,2.616418418393557e-13,-1.4443376835590824e-16
313.98,2.6161735083123966e-13,-1.742942534963146e-16
313.99,2.6159367938099465e-13,-2.0340190017630126e-16
314.0,2.6156997894768014e-13,-2.3298464540860657e-16
314.01,2.615466339096225e-13,-2.6186612251354914e-16
314.02,2.6152303871380764e-13,-2.913432447200835e-16
314.03,2.6150009272112323e-13,-3.1965702053703826e-16
314.04,2.6147709296483556e-13,-3.488771516959555e-16
314.05,2.614543078811689e-13,-3.7757851097589927e-16
314.06,2.6143143739218197e-13,-4.064047262474048e-16
314.07,2.6140926562709756e-13,-4.350691139867686e-16
314.08,2.6138709946293567e-13,-4.630847775846108e-16
314.09,2.6136499005589723e-13,-4.913771248111436e-16
314.1,2.6134292702717613e-13,-5.192943186657238e-16
314.11,2.6132180294904794e-13,-5.469631002617124e-16
314.12,2.6129890791625077e-13,-5.745877790256717e-16
314.13,2.612788211772967e-13,-6.022979776325607e-16
314.14,2.612576389142911e-13,-6.30012306512303e-16
314.15,2.6123668477698606e-13,-6.57234360667183e-16
314.16,2.612158176198054e-13,-6.841850613501189e-16
314.17,2.611952150062726e-13,-7.111477898281145e-16
314.18,2.6117492836336434e-13,-7.379391147304945e-16
314.19,2.611550935467732e-13,-7.643325218170276e-16
314.2,2.6113417009818636e-13,-7.90909357255241e-16
314.21,2.6111431963747943e-13,-8.188675027099478e-16
314.22,2.610945135886812e-13,-8.435711598716076e-16
314.23,2.610747629769267e-13,-8.696123998714579e-16
314.24,2.6105517445175933e-13,-8.954700570037394e-16
314.25,2.610359876992393e-13,-9.20849881737486e-16
314.26,2.6101688553712924e-13,-9.46291555959511e-16
314.27,2.609975553166905e-13,-9.717426918733946e-16
314.28,2.6097845590624787e-13,-9.970521866259596e-16
314.29,2.609599861140879e-13,-1.0213636052753312e-15
314.3,2.609427622621093e-13,-1.0452551817552528e-15
314.31,2.609226050483517e-13,-1.0711354518047827e-15
314.32,2.609037487426961e-13,-1.0957392569678637e-15
314.33,2.6088601341731324e-13,-1.1196691281879142e-15
314.34,2.6086792825533834e-13,-1.1435961915247506e-15
314.35,2.6085017024898217e-13,-1.16709659244855e-15
314.36,2.608328751751245e-13,-1.1905061478735195e-15
314.37,2.608148097499271e-13,-1.2145862813919955e-15
314.38,2.6079666495929364e-13,-1.2377836715214294e-15
314.39,2.6077692121328854e-13,-1.2617989747144319e-15
314.4,2.6076218296932316e-13,-1.283711497923894e-15
314.41,2.6074502032605026e-13,-1.3062305141195084e-15
314.42,2.607280048046628e-13,-1.3287861588666821e-15
314.43,2.607109163148074e-13,-1.350925535449898e-15
314.44,2.606940515147349e-13,-1.3730733523812283e-15
314.45,2.6067741889102746e-13,-1.39489438217696e-15
314.46,2.606600432105523e-13,-1.4169965613544732e-15
314.47,2.6064478752866115e-13,-1.4378594281486243e-15
314.48,2.606277331164421e-13,-1.4610038025622486e-15
314.49,2.606113832846552e-13,-1.4803026393188379e-15
314.5,2.6059515346783607e-13,-1.501125653285169e-15
314.51,2.6057927388818845e-13,-1.521553677913057e-15
314.52,2.6056306667697195e-13,-1.5421179289762657e-15
314.53,2.6054702843863225e-13,-1.5623424779476348e-15
314.54,2.605315398521484e-13,-1.5822167376628234e-15
314.55,2.6051529602887526e-13,-1.6018019924208362e-15
314.56,2.6049991954691905e-13,-1.6215506314792861e-15
314.57,2.60485153766344e-13,-1.6407979359246214e-15
314.58,2.6046926991247995e-13,-1.6595302304980378e-15
314.59,2.604536627325959e-13,-1.6787373534147574e-15
314.6,2.604385192155153e-13,-1.6973950581422066e-15
314.61,2.604228582376228e-13,-1.7160160863185492e-15
314.62,2.6040779415473556e-13,-1.7340161067223163e-15
314.63,2.6039289376998705e-13,-1.7519152894350755e-15
314.64,2.6037710538977795e-13,-1.7696934440348738e-15
314.65,2.6036290670737547e-13,-1.787225928678432e-15
314.66,2.603484530321803e-13,-1.8048517663248148e-15
314.67,2.6033341325254807e-13,-1.821670575142829e-15
314.68,2.6031867794903276e-13,-1.8384981556345886e-15
314.69,2.603038974332241e-13,-1.8549679749509694e-15
314.7,2.6028939773325956e-13,-1.871478795276995e-15
314.71,2.602745326978686e-13,-1.8875554992565296e-15
314.72,2.6026049338365125e-13,-1.9037610521970236e-15
314.73,2.602451694219088e-13,-1.9182684755867218e-15
314.74,2.6023135923958923e-13,-1.9343394323776985e-15
314.75,2.6021723165493247e-13,-1.9493088190439723e-15
314.76,2.602027600032143e-13,-1.9647200888656173e-15
314.77,2.601885542771596e-13,-1.9794375718541486e-15
314.78,2.601741371262907e-13,-1.994127037520521e-15
314.79,2.6015991687480203e-13,-2.0084309005807085e-15
314.8,2.601459737742666e-13,-2.0221978411996184e-15
314.81,2.6013165620217485e-13,-2.0361347906318253e-15
314.82,2.6011980394927593e-13,-2.0493944120587826e-15
314.83,2.6010362684685737e-13,-2.062548834721202e-15
314.84,2.6008933319176476e-13,-2.076023737082736e-15
314.85,2.6007568745720125e-13,-2.0887854826707704e-15
314.86,2.6006164201104653e-13,-2.1014223852876807e-15
314.87,2.6004773968496093e-13,-2.1136799015662933e-15
314.88,2.600337581877539e-13,-2.1257277425510396e-15
314.89,2.6002011695121296e-13,-2.1378359922872363e-15
314.9,2.6000600245248135e-13,-2.1492719296567764e-15
314.91,2.5999110049270623e-13,-2.162073427388907e-15
314.92,2.5997872593701675e-13,-2.1711601059096504e-15
314.93,2.59964569885342e-13,-2.182416087730051e-15
314.94,2.599505703903784e-13,-2.193121640193446e-15
314.95,2.599368209596064e-13,-2.203454400962151e-15
314.96,2.5992320932568355e-13,-2.2136223461697492e-15
314.97,2.5990918408171584e-13,-2.2234227037367198e-15
314.98,2.5989531734568305e-13,-2.2331194785635872e-15
314.99,2.5988141218805325e-13,-2.2425938946814234e-15
315.0,2.5986763064784677e-13,-2.249337862279173e-15
315.01,2.598539889679572e-13,-2.259994261251761e-15
315.02,2.598399464912942e-13,-2.269463030728901e-15
315.03,2.5982594883565625e-13,-2.277764447991716e-15
315.04,2.5981195252800814e-13,-2.2858630012836553e-15
315.05,2.5979825186254625e-13,-2.2934878623889526e-15
315.06,2.5978450328543225e-13,-2.3012462689694814e-15
315.07,2.5977043445346605e-13,-2.3086651016967434e-15
315.08,2.597565855012061e-13,-2.3159299781414924e-15
315.09,2.5974424013004583e-13,-2.3225936908600365e-15
315.1,2.597283903651408e-13,-2.328966275613269e-15
315.11,2.5971486532072864e-13,-2.3356379071965724e-15
315.12,2.597003129768661e-13,-2.3418923828507278e-15
315.13,2.596863668425919e-13,-2.3477697167873544e-15
315.14,2.5967239919521684e-13,-2.353780995220004e-15
315.15,2.5965774581581344e-13,-2.359042242367961e-15
315.16,2.596434064924047e-13,-2.3640043276944145e-15
315.17,2.5962953842357226e-13,-2.3689569062331315e-15
315.18,2.596154412541357e-13,-2.3740482311296972e-15
315.19,2.5960090498038524e-13,-2.3778844915408357e-15
315.2,2.595867805100053e-13,-2.3821426858250617e-15
315.21,2.5957210805922144e-13,-2.3858286348410574e-15
315.22,2.595576418411642e-13,-2.3896290104016232e-15
315.23,2.5954345426681504e-13,-2.393432916308894e-15
315.24,2.595286145962169e-13,-2.3963660798190557e-15
315.25,2.595137294785331e-13,-2.399032173665223e-15
315.26,2.594992597462997e-13,-2.4019093233470194e-15
315.27,2.5948487265586325e-13,-2.404494181450733e-15
315.28,2.5946961464641816e-13,-2.4065022145725107e-15
315.29,2.594550224899039e-13,-2.408090445024806e-15
315.3,2.5943986941181495e-13,-2.4100578497327023e-15
315.31,2.5942444570156096e-13,-2.411694109873696e-15
315.32,2.5940954671934766e-13,-2.4127700891265613e-15
315.33,2.593944932785261e-13,-2.4135137662053567e-15
315.34,2.593791882547928e-13,-2.414542504764915e-15
315.35,2.5936354050843624e-13,-2.415284107088944e-15
315.36,2.593479830489185e-13,-2.4155234266750393e-15
315.37,2.593337152858275e-13,-2.4150671812082968e-15
315.38,2.59317156908738e-13,-2.4149339988015894e-15
315.39,2.593018812560813e-13,-2.414235605351852e-15
315.4,2.5928599687156376e-13,-2.413471770223546e-15
315.41,2.5927087110935116e-13,-2.4127812694175977e-15
315.42,2.5925443680744295e-13,-2.4113524359859874e-15
315.43,2.5923844135083566e-13,-2.4099045433977647e-15
315.44,2.5922243775734993e-13,-2.408125843929593e-15
315.45,2.5920631548490154e-13,-2.4059887083318354e-15
315.46,2.591870396986025e-13,-2.4048577255099554e-15
315.47,2.5917390510429086e-13,-2.4017140022114467e-15
315.48,2.5915697936958986e-13,-2.3989548215087552e-15
315.49,2.591408330061986e-13,-2.396130357203985e-15
315.5,2.5912415591452453e-13,-2.393122893907831e-15
315.51,2.59107270961562e-13,-2.389529999049688e-15
315.52,2.5909029141556507e-13,-2.386099630535486e-15
315.53,2.590733021400396e-13,-2.382132234842519e-15
315.54,2.5905526565453697e-13,-2.3783258379567364e-15
315.55,2.590390950973581e-13,-2.3732655126437143e-15
315.56,2.590216958767371e-13,-2.3695131189824124e-15
315.57,2.590044016859368e-13,-2.3644540583160735e-15
315.58,2.589864653181873e-13,-2.3596485884267876e-15
315.59,2.5896907825684916e-13,-2.3544640544920742e-15
315.6,2.589514575021602e-13,-2.3490375507490542e-15
315.61,2.5893337711285493e-13,-2.3434988890912225e-15
315.62,2.5891536964041017e-13,-2.3374737778656763e-15
315.63,2.5889719484505994e-13,-2.330982723017801e-15
315.64,2.5887866624037036e-13,-2.325129604649336e-15
315.65,2.5886073390360877e-13,-2.3184607763628283e-15
315.66,2.5884191664557647e-13,-2.3117925557203124e-15
315.67,2.588235462992556e-13,-2.3046631511190293e-15
315.68,2.588044528021863e-13,-2.297609941167366e-15
315.69,2.5878572806584423e-13,-2.2900888553891e-15
315.7,2.587666311107747e-13,-2.2824371999521968e-15
315.71,2.5874743260677615e-13,-2.274680960150757e-15
315.72,2.5872874954048364e-13,-2.26711857975833e-15
315.73,2.587088946875614e-13,-2.2583288068689306e-15
315.74,2.5868865720118825e-13,-2.2499364436794885e-15
315.75,2.5866921346151734e-13,-2.2411370516773554e-15
315.76,2.586494065664949e-13,-2.232246093598392e-15
315.77,2.586296105595772e-13,-2.223154249467985e-15
315.78,2.58609345013635e-13,-2.2138869816313505e-15
315.79,2.585884524099979e-13,-2.2044342287924968e-15
315.8,2.585683561685107e-13,-2.1947993543426436e-15
315.81,2.5854979907907906e-13,-2.1836386974815505e-15
315.82,2.58527296438179e-13,-2.1742855415856882e-15
315.83,2.5850629774124224e-13,-2.1637833938819265e-15
315.84,2.5848480274560003e-13,-2.153747977608404e-15
315.85,2.584639791468425e-13,-2.142862754435663e-15
315.86,2.584423562628976e-13,-2.131767455297375e-15
315.87,2.584209925637426e-13,-2.1206831949554627e-15
315.88,2.5839993171383325e-13,-2.1094678045482173e-15
315.89,2.5837721062017704e-13,-2.0979408999516256e-15
315.9,2.5835532853957763e-13,-2.0864828382180806e-15
315.91,2.5833323666450156e-13,-2.0743126279221785e-15
315.92,2.5831059791153236e-13,-2.062336659711485e-15
315.93,2.5828825317507684e-13,-2.0501105205106076e-15
315.94,2.582656244162147e-13,-2.0375671426235264e-15
315.95,2.5824289256558316e-13,-2.0247986054913163e-15
315.96,2.582203768569483e-13,-2.011570777684958e-15
315.97,2.5819663943988947e-13,-1.998959425789568e-15
315.98,2.581734508089998e-13,-1.9858346563602476e-15
315.99,2.5815041544703803e-13,-1.9721533846943476e-15
316.0,2.581261171133123e-13,-1.958850657508133e-15
316.01,2.58102170190388e-13,-1.9451792550228666e-15
316.02,2.580770620835357e-13,-1.9310441439398167e-15
316.03,2.5805403549046795e-13,-1.9171000307950072e-15
316.04,2.5802972413238453e-13,-1.903077084049704e-15
316.05,2.580045334393461e-13,-1.8877468592548563e-15
316.06,2.579804929672484e-13,-1.8738173391359956e-15
316.07,2.579553650912114e-13,-1.8591670769320244e-15
316.08,2.579303003758706e-13,-1.844327387390825e-15
316.09,2.5790529975507883e-13,-1.82928195993415e-15
316.1,2.5787930329240897e-13,-1.8140166328766255e-15
316.11,2.57854028959937e-13,-1.798679258539705e-15
316.12,2.5782800278280757e-13,-1.783563286889584e-15
316.13,2.578021967282646e-13,-1.7673646523337152e-15
316.14,2.5777603796042277e-13,-1.751343334577273e-15
316.15,2.577492412254836e-13,-1.7355035836231504e-15
316.16,2.5772311352783756e-13,-1.7187780827781717e-15
316.17,2.576956232190116e-13,-1.7028100591191162e-15
316.18,2.576694351839237e-13,-1.686439085460917e-15
316.19,2.5764236482679353e-13,-1.669549214164667e-15
316.2,2.5761468690225995e-13,-1.6530026932984317e-15
316.21,2.575875110765041e-13,-1.6359181061938261e-15
316.22,2.5755962584264466e-13,-1.6188828411966719e-15
316.23,2.575314616721688e-13,-1.6017988912135194e-15
316.24,2.57503866698463e-13,-1.584449545910916e-15
316.25,2.574759669439265e-13,-1.566883622101944e-15
316.26,2.574470754966261e-13,-1.5490140451906742e-15
316.27,2.5741896896445903e-13,-1.5316613484103765e-15
316.28,2.5738980766891097e-13,-1.5137177008958138e-15
316.29,2.573608550047969e-13,-1.495799117711745e-15
316.3,2.5733147676091325e-13,-1.477473140875507e-15
316.31,2.5730196455736393e-13,-1.4593974703839635e-15
316.32,2.5727277332267023e-13,-1.4410084577881522e-15
316.33,2.572427532723974e-13,-1.4224345421652819e-15
316.34,2.572125389615457e-13,-1.4036598110229197e-15
316.35,2.5718250001523665e-13,-1.3848043253226397e-15
316.36,2.571521846994899e-13,-1.3664568826488049e-15
316.37,2.571216495522377e-13,-1.3470378662975082e-15
316.38,2.5709087265263113e-13,-1.3277189324595232e-15
316.39,2.5705974309667193e-13,-1.3087791719200447e-15
316.4,2.570286376458472e-13,-1.2891230704276752e-15
316.41,2.5699731721117343e-13,-1.270051176390876e-15
316.42,2.5696550462282067e-13,-1.250139626415479e-15
316.43,2.569338134571782e-13,-1.2307135041390327e-15
316.44,2.569023907060792e-13,-1.2107567528462967e-15
316.45,2.568694637393738e-13,-1.1915582120461852e-15
316.46,2.5683705480245474e-13,-1.1714375337729718e-15
316.47,2.5680492073711264e-13,-1.1511541464744905e-15
316.48,2.567717748125181e-13,-1.1311132026079347e-15
316.49,2.5673885459919435e-13,-1.1109247023746554e-15
316.5,2.56705867925317e-13,-1.0904375896079457e-15
316.51,2.566721969517994e-13,-1.070076438953011e-15
316.52,2.5663901296381506e-13,-1.0494174776277608e-15
316.53,2.5660514330440317e-13,-1.0289602066425865e-15
316.54,2.565710094941757e-13,-1.0085355169366303e-15
316.55,2.5653680718029194e-13,-9.876652749954244e-16
316.56,2.565026352482813e-13,-9.665767204669088e-16
316.57,2.564678906892323e-13,-9.459103678416897e-16
316.58,2.564330359084468e-13,-9.247581460346394e-16
316.59,2.563980670382316e-13,-9.037871462243829e-16
316.6,2.5636297883095476e-13,-8.824349548052135e-16
316.61,2.563274755753711e-13,-8.612786295921547e-16
316.62,2.562919432241446e-13,-8.398661714528015e-16
316.63,2.562560759830336e-13,-8.19010426637187e-16
316.64,2.5622021426929073e-13,-7.973060837355323e-16
316.65,2.561840188820218e-13,-7.757379922310692e-16
316.66,2.561476467165393e-13,-7.544139788295929e-16
316.67,2.561108952841616e-13,-7.327645480650562e-16
316.68,2.560739496808773e-13,-7.111666499361589e-16
316.69,2.5603730143323505e-13,-6.892913193095371e-16
316.7,2.55999915507463e-13,-6.672526514291435e-16
316.71,2.5596218183292237e-13,-6.459341924578889e-16
316.72,2.559250403955792e-13,-6.238476295553056e-16
316.73,2.558870382956034e-13,-6.020052502272766e-16
316.74,2.558487118508437e-13,-5.802406460747009e-16
316.75,2.5581102658763377e-13,-5.580700418624341e-16
316.76,2.5577239594753086e-13,-5.360111233244733e-16
316.77,2.557340965045226e-13,-5.137289211551647e-16
316.78,2.5569533760992924e-13,-4.91603118303942e-16
316.79,2.5565614740666185e-13,-4.693837620663971e-16
316.8,2.556161007683805e-13,-4.476040908864172e-16
316.81,2.555778276490443e-13,-4.251776071641393e-16
316.82,2.555379848793606e-13,-4.027296075952131e-16
316.83,2.554981409816048e-13,-3.8101981608035335e-16
316.84,2.554584680752488e-13,-3.580453790762884e-16
316.85,2.554181459950719e-13,-3.359673142189609e-16
316.86,2.553783111946575e-13,-3.1306816552905604e-16
316.87,2.553371451596922e-13,-2.912463729573235e-16
316.88,2.552964547728096e-13,-2.6880202201435985e-16
316.89,2.552564004440109e-13,-2.465091396110879e-16
316.9,2.552142188798637e-13,-2.2411632809215844e-16
316.91,2.5517309377608414e-13,-2.0127031644132944e-16
316.92,2.5513152118999794e-13,-1.7885370557692961e-16
316.93,2.550899069944422e-13,-1.5623502093453298e-16
316.94,2.55047852305884e-13,-1.3385632359406465e-16
316.95,2.550060841538523e-13,-1.1122439508846827e-16
316.96,2.5496353696341265e-13,-8.872905931477179e-17
316.97,2.5492101683230456e-13,-6.659418742589298e-17
316.98,2.5487752401997783e-13,-4.395681721950031e-17
316.99,2.5483584993375747e-13,-2.145832071536201e-17
317.0,2.5479287650489297e-13,1.2766107200275935e-18
317.01,2.5474935812633283e-13,2.3632203958322686e-17
317.02,2.5470580822214553e-13,4.6085734683087646e-17
317.03,2.546627793113299e-13,6.894089757323339e-17
317.04,2.5461862393582784e-13,9.110117694118674e-17
317.05,2.545747937300224e-13,1.136641699864746e-16
317.06,2.5453066777492234e-13,1.3618411161941991e-16
317.07,2.5448623432571077e-13,1.5845817723272512e-16
317.08,2.5444163799504474e-13,1.8063897178314607e-16
317.09,2.543971291437337e-13,2.0317634618873918e-16
317.1,2.5435210895232906e-13,2.2585452184624684e-16
317.11,2.543081496446959e-13,2.4840954634474265e-16
317.12,2.542618932891254e-13,2.702824059981058e-16
317.13,2.542171723829823e-13,2.9223532842189864e-16
317.14,2.5417084392183284e-13,3.1517902508263106e-16
317.15,2.541253860721625e-13,3.3711320687275513e-16
317.16,2.5408038650245076e-13,3.5991988821309788e-16
317.17,2.5403318408266e-13,3.8146430528597613e-16
317.18,2.5398630558406165e-13,4.032193391002572e-16
317.19,2.5393987868884784e-13,4.2565296412727454e-16
317.2,2.5389376382112476e-13,4.475894061550029e-16
317.21,2.5384705665023696e-13,4.697322047707718e-16
317.22,2.5379982569141156e-13,4.916245386881003e-16
317.23,2.5375329370355357e-13,5.139060901423152e-16
317.24,2.537055640104062e-13,5.353748576016202e-16
317.25,2.536574400550643e-13,5.57160459273663e-16
317.26,2.536107213108768e-13,5.791443182939024e-16
317.27,2.5356198078633994e-13,6.004714713031233e-16
317.28,2.5351503565015044e-13,6.225882977236937e-16
317.29,2.534668047384765e-13,6.442946761110618e-16
317.3,2.5341841113819327e-13,6.657476795700494e-16
317.31,2.533702153506126e-13,6.872029468901726e-16
317.32,2.5332146620194233e-13,7.086178955933403e-16
317.33,2.5327278043922515e-13,7.303268083697159e-16
317.34,2.532227498333383e-13,7.516343031150384e-16
317.35,2.5317486496839187e-13,7.726127195539115e-16
317.36,2.53125205101355e-13,7.938103722551601e-16
317.37,2.5307598649472037e-13,8.149402069253017e-16
317.38,2.5302610649690867e-13,8.358857598426151e-16
317.39,2.529771533837784e-13,8.5704023254750025e-16
317.4,2.5292718417962847e-13,8.780917496004351e-16
317.41,2.528773587011185e-13,8.989070203634996e-16
317.42,2.528268147635569e-13,9.194294884541455e-16
317.43,2.5277592971584324e-13,9.388439679261318e-16
317.44,2.527262054605444e-13,9.607279380329017e-16
317.45,2.52675892748303e-13,9.817221370826463e-16
317.46,2.5262513272913366e-13,1.001846116884272e-15
317.47,2.525747751083843e-13,1.0225595175787442e-15
317.48,2.5252372721739506e-13,1.0427407055909802e-15
317.49,2.5247232977231905e-13,1.062795848742907e-15
317.5,2.5242101027305054e-13,1.0827436252769443e-15
317.51,2.5236987903135225e-13,1.1028976090293276e-15
317.52,2.5231945777133395e-13,1.123242874961002e-15
317.53,2.522666738265828e-13,1.1425173479682706e-15
317.54,2.522144665118692e-13,1.1622858514706607e-15
317.55,2.521627294591419e-13,1.1819576791292776e-15
317.56,2.521109136892579e-13,1.2015744711005206e-15
317.57,2.5205883224482334e-13,1.2211140119860702e-15
317.58,2.5200653817315763e-13,1.2402885615804907e-15
317.59,2.5195393926420656e-13,1.2596279772029478e-15
317.6,2.5190145745051e-13,1.2783709885402742e-15
317.61,2.5184854026604925e-13,1.2974901032190496e-15
317.62,2.5179600667944953e-13,1.3165418267704277e-15
317.63,2.517434701057467e-13,1.3356275022174377e-15
317.64,2.5169015011124746e-13,1.354184846676388e-15
317.65,2.516367308399941e-13,1.3725448649370244e-15
317.66,2.5158370929671556e-13,1.391333236450971e-15
317.67,2.5153050159504234e-13,1.4098994829968313e-15
317.68,2.5147662062919327e-13,1.427966910326772e-15
317.69,2.5142533995666e-13,1.4466650270040982e-15
317.7,2.513696865402215e-13,1.464537028238754e-15
317.71,2.5131583077253145e-13,1.4820033116939757e-15
317.72,2.512617798187691e-13,1.499818291217985e-15
317.73,2.5120782378903717e-13,1.517673599666346e-15
317.74,2.511541283565699e-13,1.5352592467581974e-15
317.75,2.5109965130370047e-13,1.5527498545120095e-15
317.76,2.510451786503218e-13,1.5699108583698564e-15
317.77,2.5099123700876966e-13,1.5873611458463444e-15
317.78,2.509364396813024e-13,1.6045656761888295e-15
317.79,2.5088119173148773e-13,1.6206551644460341e-15
317.8,2.508271456198144e-13,1.6373863335454602e-15
317.81,2.5077245519831695e-13,1.654612380872575e-15
317.82,2.507174776309065e-13,1.6712161361358988e-15
317.83,2.5066246549033705e-13,1.6876320479596452e-15
317.84,2.5060710375022674e-13,1.7036039972086344e-15
317.85,2.5055300078691406e-13,1.7207334300316063e-15
317.86,2.504971704539446e-13,1.7359552160105766e-15
317.87,2.5044194441995067e-13,1.7519544699303645e-15
317.88,2.503867774455143e-13,1.767675556750818e-15
317.89,2.5033100757588235e-13,1.78349690772693e-15
317.9,2.5027524138133166e-13,1.7988475634330486e-15
317.91,2.5021982487412357e-13,1.8143329563673325e-15
317.92,2.501637356046971e-13,1.8295005521028943e-15
317.93,2.501081211859833e-13,1.84439044431575e-15
317.94,2.5005245814263946e-13,1.85967474547511e-15
317.95,2.4999693106566135e-13,1.8742410315431994e-15
317.96,2.4994051456531513e-13,1.8886637669916363e-15
317.97,2.4988452221126253e-13,1.9028797280864048e-15
317.98,2.4982794817890997e-13,1.917759531081645e-15
317.99,2.497722229971643e-13,1.9319152377041447e-15
318.0,2.497158254691503e-13,1.945473426171599e-15
318.01,2.496588807815524e-13,1.9590578363531713e-15
318.02,2.496032590941297e-13,1.9737214040593447e-15
318.03,2.495468731178581e-13,1.9871693535751772e-15
318.04,2.4949042076722954e-13,2.000240100152863e-15
318.05,2.494337567154107e-13,2.0140348673630045e-15
318.06,2.4937849637808007e-13,2.028075385480636e-15
318.07,2.4932056119153705e-13,2.0399744014756218e-15
318.08,2.4926381053131955e-13,2.052801178978541e-15
318.09,2.4920702958692123e-13,2.065348681384059e-15
318.1,2.4915062180048423e-13,2.0781088660010073e-15
318.11,2.4909338567600696e-13,2.0903415601396233e-15
318.12,2.4903667339884634e-13,2.1024262420153424e-15
318.13,2.4897964461933245e-13,2.1145562813599067e-15
318.14,2.48923610451966e-13,2.12719160713797e-15
318.15,2.488642476635332e-13,2.137998069418078e-15
318.16,2.488089153162244e-13,2.149793504021056e-15
318.17,2.4875190075778116e-13,2.161140623629094e-15
318.18,2.486947155882674e-13,2.1723206919661104e-15
318.19,2.486375167504732e-13,2.1834677947113065e-15
318.2,2.485804449554352e-13,2.194534880161365e-15
318.21,2.4852342105232187e-13,2.205196524205906e-15
318.22,2.4846604839321296e-13,2.215802888882826e-15
318.23,2.484085234148343e-13,2.2257614512778374e-15
318.24,2.483518369530007e-13,2.235220456891091e-15
318.25,2.4829463404446137e-13,2.246926528212575e-15
318.26,2.4823657098557804e-13,2.2568220694885332e-15
318.27,2.4817991546125046e-13,2.2662909926637527e-15
318.28,2.4812279029374996e-13,2.275846511024215e-15
318.29,2.480658220394992e-13,2.2858362155050796e-15
318.3,2.480079648571911e-13,2.2947186255202575e-15
318.31,2.4795039192068684e-13,2.3039327778425718e-15
318.32,2.478936778742269e-13,2.3131469644412497e-15
318.33,2.4783720276430733e-13,2.3237324733719354e-15
318.34,2.4777869724921046e-13,2.3301594061717622e-15
318.35,2.477214989462831e-13,2.338790442117984e-15
318.36,2.476638928140439e-13,2.346775042178016e-15
318.37,2.4760672082870237e-13,2.354967884341258e-15
318.38,2.475493738842833e-13,2.363095937420195e-15
318.39,2.4749179808375495e-13,2.370523854150808e-15
318.4,2.474349340939042e-13,2.3785316784340532e-15
318.41,2.4737691080349445e-13,2.3855528456677405e-15
318.42,2.473173613444393e-13,2.3933940875828833e-15
318.43,2.4726239497630987e-13,2.3998040463348656e-15
318.44,2.472050818783834e-13,2.406808052094982e-15
318.45,2.471477321506107e-13,2.4133730848232942e-15
318.46,2.4709051543149427e-13,2.4198681564928924e-15
318.47,2.4703290930961423e-13,2.426424666130875e-15
318.48,2.4697573063108955e-13,2.4323711843882178e-15
318.49,2.4691885055964016e-13,2.438769845767129e-15
318.5,2.468613603127486e-13,2.444439475639401e-15
318.51,2.4680390627205e-13,2.4499250139789715e-15
318.52,2.467468705973113e-13,2.4559014287557645e-15
318.53,2.4668978205810725e-13,2.4610132008923992e-15
318.54,2.466327848014085e-13,2.466208504536393e-15
318.55,2.465755975263107e-13,2.471128068431859e-15
318.56,2.4651857169757135e-13,2.475906528882319e-15
318.57,2.4646198812371057e-13,2.480369120376986e-15
318.58,2.464060334372111e-13,2.485278975926111e-15
318.59,2.463476307291475e-13,2.489270264112897e-15
318.6,2.4629000122914617e-13,2.493247208912192e-15
318.61,2.4623359005253867e-13,2.4974365760228777e-15
318.62,2.4617676282601157e-13,2.5011603626724396e-15
318.63,2.461199847950173e-13,2.5047775945181153e-15
318.64,2.4606319227325864e-13,2.5082659035993802e-15
318.65,2.460064519638669e-13,2.5112422458281112e-15
318.66,2.459496921256607e-13,2.514446528321764e-15
318.67,2.458926955291944e-13,2.5159681373221703e-15
318.68,2.4583661645303516e-13,2.5202152122373955e-15
318.69,2.45780853386193e-13,2.5226634804657486e-15
318.7,2.4572360099685123e-13,2.525082995791648e-15
318.71,2.456671451043239e-13,2.5273553600370948e-15
318.72,2.4561066450420494e-13,2.5293629582561157e-15
318.73,2.455545000006961e-13,2.5312361073145577e-15
318.74,2.454981911119635e-13,2.5330394959576605e-15
318.75,2.45441620948064e-13,2.5345268723964683e-15
318.76,2.453849349953801e-13,2.5365039420346807e-15
318.77,2.4533023970404956e-13,2.5366436359496736e-15
318.78,2.4527361154986986e-13,2.5380019380560873e-15
318.79,2.4521788177717106e-13,2.538816213766083e-15
318.8,2.4516236666290693e-13,2.539743515884118e-15
318.81,2.451062548620985e-13,2.5397890850588778e-15
318.82,2.4505049864761345e-13,2.54035644316353e-15
318.83,2.4499548027507155e-13,2.540597895188368e-15
318.84,2.44939300608494e-13,2.5403256404036708e-15
318.85,2.4488600814370167e-13,2.5412689924455593e-15
318.86,2.4482808489277107e-13,2.540018417540273e-15
318.87,2.447734846972769e-13,2.5395442251238325e-15
318.88,2.447177201388738e-13,2.53873596888121e-15
318.89,2.44662733550776e-13,2.537989303661283e-15
318.9,2.4460746505512886e-13,2.5368783574029273e-15
318.91,2.4455218771089107e-13,2.535635867916617e-15
318.92,2.4449737059050227e-13,2.534290493224735e-15
318.93,2.444424509158136e-13,2.5326848807545087e-15
318.94,2.4438715960777375e-13,2.5285705591339864e-15
318.95,2.443331259964593e-13,2.529419754971056e-15
318.96,2.442775587849316e-13,2.527016565995323e-15
318.97,2.442240356447906e-13,2.5251457116559595e-15
318.98,2.4416950156665966e-13,2.5228322170003544e-15
318.99,2.441154881566837e-13,2.520140827688626e-15
319.0,2.440613131089025e-13,2.5174864889197824e-15
319.01,2.440069065176404e-13,2.5146110426163316e-15
319.02,2.4395281497182453e-13,2.511838148746779e-15
319.03,2.438983968890254e-13,2.5088569616311964e-15
319.04,2.438452312603084e-13,2.5051137501927482e-15
319.05,2.437915903116394e-13,2.501688836083819e-15
319.06,2.4373804773856314e-13,2.4982362822783092e-15
319.07,2.436842187432378e-13,2.4943247112628423e-15
319.08,2.4363105659982656e-13,2.4904332706859547e-15
319.09,2.4357772275859657e-13,2.4863367381484893e-15
319.1,2.435244435257654e-13,2.482176023179387e-15
319.11,2.434709092587142e-13,2.477549629526237e-15
319.12,2.4341759850871974e-13,2.472800076555468e-15
319.13,2.433654095154031e-13,2.468313092018328e-15
319.14,2.433126137050266e-13,2.4633197741193705e-15
319.15,2.4326027894077555e-13,2.4585693934465646e-15
319.16,2.4320746229216227e-13,2.4532431249259822e-15
319.17,2.4315523895050136e-13,2.4479043337413245e-15
319.18,2.4310269487161353e-13,2.442299744041281e-15
319.19,2.430504424151993e-13,2.4368022121558946e-15
319.2,2.4299843386828466e-13,2.431053137298438e-15
319.21,2.429460835955743e-13,2.4254831573595515e-15
319.22,2.4289420760730144e-13,2.4189659420047483e-15
319.23,2.428432587505013e-13,2.412794307069423e-15
319.24,2.4279192166674614e-13,2.4064121264412414e-15
319.25,2.42740090927869e-13,2.399979463662129e-15
319.26,2.426886156713672e-13,2.393378146792307e-15
319.27,2.42637524373311e-13,2.3865098569974584e-15
319.28,2.425865204048755e-13,2.3796453558685023e-15
319.29,2.4253554459698554e-13,2.372195124236745e-15
319.3,2.4248461270334893e-13,2.365202374804689e-15
319.31,2.4243382701323326e-13,2.3569046780207626e-15
319.32,2.423834863993942e-13,2.350478447093068e-15
319.33,2.4233325240150883e-13,2.3429430399483872e-15
319.34,2.42283778681591e-13,2.3352919355231195e-15
319.35,2.422327815985756e-13,2.327052353088841e-15
319.36,2.42182501587215e-13,2.318965753458859e-15
319.37,2.4213276584814674e-13,2.310842817051638e-15
319.38,2.420830515406551e-13,2.3026066757157126e-15
319.39,2.4203299763867824e-13,2.293992559945677e-15
319.4,2.419824217532415e-13,2.2854343909344473e-15
319.41,2.419347609078537e-13,2.2768125757755433e-15
319.42,2.4188560366340797e-13,2.2679718442732218e-15
319.43,2.418364340625206e-13,2.2590039594556993e-15
319.44,2.417875107240322e-13,2.2500856415106704e-15
319.45,2.4173899904649397e-13,2.2406446195097648e-15
319.46,2.4169035273770363e-13,2.2313965951548504e-15
319.47,2.4164190065343987e-13,2.2218599468088223e-15
319.48,2.415941906789365e-13,2.2120486986600747e-15
319.49,2.4154588339810415e-13,2.2029528879444867e-15
319.5,2.4149692129309154e-13,2.192778352201811e-15
319.51,2.414491825957136e-13,2.1827613976748445e-15
319.52,2.4140112929832647e-13,2.1727794471322412e-15
319.53,2.413541717363708e-13,2.1626773500764394e-15
319.54,2.4130654778805425e-13,2.1522845598451276e-15
319.55,2.4125934282203315e-13,2.1419917497277412e-15
319.56,2.412122770562687e-13,2.1313075005999098e-15
319.57,2.411625584348008e-13,2.119586965620604e-15
319.58,2.41118699776489e-13,2.110062543942056e-15
319.59,2.4107212308820447e-13,2.099184344732934e-15
319.6,2.4102494892720894e-13,2.0879432410165624e-15
319.61,2.4097901636399867e-13,2.0771151868759532e-15
319.62,2.40932948734065e-13,2.0659106619374794e-15
319.63,2.4088660140088247e-13,2.0544599435857154e-15
319.64,2.4084087953281224e-13,2.043103024488016e-15
319.65,2.4079526980695693e-13,2.0316910995613995e-15
319.66,2.4074960626340613e-13,2.021206004776928e-15
319.67,2.407033744132185e-13,2.0079618888449468e-15
319.68,2.40658553762779e-13,1.99623623059379e-15
319.69,2.406137578080879e-13,1.984499635079914e-15
319.7,2.4056863601990325e-13,1.972447932904407e-15
319.71,2.4052434126711667e-13,1.9602813381540116e-15
319.72,2.404791394367971e-13,1.9480481483714887e-15
319.73,2.4043487426323406e-13,1.9359398550052042e-15
319.74,2.4039050187267343e-13,1.9234506328850604e-15
319.75,2.403453253446451e-13,1.9110814187571603e-15
319.76,2.40302380409052e-13,1.8982583546669545e-15
319.77,2.4025897508093535e-13,1.8858338823918146e-15
319.78,2.4021522004186884e-13,1.8731826256555786e-15
319.79,2.401712481820289e-13,1.860089371347585e-15
319.8,2.4012805191557545e-13,1.8471744754365702e-15
319.81,2.4008509740280887e-13,1.834264095443308e-15
319.82,2.400419548701198e-13,1.8211129983880645e-15
319.83,2.3999896385910303e-13,1.807703233102552e-15
319.84,2.399571715903184e-13,1.7947468451533684e-15
319.85,2.399135606635877e-13,1.7811826065620225e-15
319.86,2.3987148984991285e-13,1.767868974250668e-15
319.87,2.398296066485089e-13,1.7542692816019232e-15
319.88,2.397871093811454e-13,1.740722481163756e-15
319.89,2.3974599381078124e-13,1.7272311391528502e-15
319.9,2.397042020284033e-13,1.7141328581953306e-15
319.91,2.3966215328431657e-13,1.6995870610595124e-15
319.92,2.396210832419852e-13,1.6858081796948148e-15
319.93,2.395810642741508e-13,1.672432528569998e-15
319.94,2.395385189285707e-13,1.6576463630379618e-15
319.95,2.3949795905173113e-13,1.643802110786524e-15
319.96,2.394568859372667e-13,1.6291089378839244e-15
319.97,2.39416870542971e-13,1.6153989788077014e-15
319.98,2.3937735154086453e-13,1.601439021938038e-15
319.99,2.393358687128879e-13,1.5866937047641833e-15
320.0,2.39296211117916e-13,1.572508894363064e-15
320.01,2.392566802967503e-13,1.5580633693219185e-15
320.02,2.3921653874031076e-13,1.543281318106243e-15
320.03,2.391773235640937e-13,1.5289655466966715e-15
320.04,2.391379677929487e-13,1.5145105244366298e-15
320.05,2.390986258963677e-13,1.4997636206499773e-15
320.06,2.3906013615935315e-13,1.4849906104487007e-15
320.07,2.390211258505064e-13,1.4703660483946596e-15
320.08,2.3898204167362836e-13,1.4553840010359904e-15
320.09,2.389441800765439e-13,1.4406982516062216e-15
320.1,2.3890583736044423e-13,1.42576671552128e-15
320.11,2.388665537097219e-13,1.4104447245200928e-15
320.12,2.388291447272507e-13,1.395551657307001e-15
320.13,2.3879169260752075e-13,1.3806485397606666e-15
320.14,2.3875401313338085e-13,1.3655121727407937e-15
320.15,2.387166044982496e-13,1.3505938632676512e-15
320.16,2.3867914591444617e-13,1.3353724938210127e-15
320.17,2.386417341809606e-13,1.3199772182092537e-15
320.18,2.386050550163084e-13,1.3050377355946467e-15
320.19,2.385679649896786e-13,1.28958637980693e-15
320.2,2.3853106854396246e-13,1.2739484383523522e-15
320.21,2.3849469235473155e-13,1.2588099846905179e-15
320.22,2.384587289840296e-13,1.2435216492708279e-15
320.23,2.384222141327708e-13,1.2280767893469145e-15
320.24,2.383868063507564e-13,1.2129335477676095e-15
320.25,2.3835111008043216e-13,1.1975721802236563e-15
320.26,2.383153848676525e-13,1.1819769539671037e-15
320.27,2.382801654742119e-13,1.166671369413188e-15
320.28,2.3824453164439864e-13,1.1508217176371724e-15
320.29,2.3820863113300107e-13,1.13508993846649e-15
320.3,2.381736623909622e-13,1.1195360558260277e-15
320.31,2.3813990815557324e-13,1.1044635280233865e-15
320.32,2.381047680850752e-13,1.0884664836770619e-15
320.33,2.3807060898779325e-13,1.0731166087110975e-15
320.34,2.380360232368275e-13,1.0574542050088625e-15
320.35,2.3800154664259616e-13,1.0414214314292363e-15
320.36,2.3796801008581573e-13,1.0260981439987138e-15
320.37,2.379341118653063e-13,1.0102834345677962e-15
320.38,2.3790052154675306e-13,9.947966063259256e-16
320.39,2.378667733910941e-13,9.791956157157763e-16
320.4,2.3783349125915213e-13,9.63480458494536e-16
320.41,2.3780009342017835e-13,9.476938966367496e-16
320.42,2.377672349631491e-13,9.320641917878738e-16
320.43,2.3773471727347573e-13,9.164982490375713e-16
320.44,2.3770183069630455e-13,9.006733021697005e-16
320.45,2.376692665346934e-13,8.848350669649296e-16
320.46,2.3763677982641343e-13,8.69175500558863e-16
320.47,2.376044708703057e-13,8.533365555634831e-16
320.48,2.3757217975144894e-13,8.378966665132525e-16
320.49,2.375404356021059e-13,8.222103643368714e-16
320.5,2.375088085523148e-13,8.064955009210455e-16
320.51,2.3747715158140104e-13,7.908319977116344e-16
320.52,2.374457440192159e-13,7.751540457948262e-16
320.53,2.374144269735755e-13,7.595862183563793e-16
320.54,2.3738331916506553e-13,7.437213145008807e-16
320.55,2.373524179778677e-13,7.281652274086623e-16
320.56,2.3732203140198717e-13,7.128440604225255e-16
320.57,2.372908525078952e-13,6.969826104570087e-16
320.58,2.3726016959881907e-13,6.813125497861304e-16
320.59,2.3722975390699935e-13,6.659422645397482e-16
320.6,2.3719934099789595e-13,6.502881871410203e-16
320.61,2.3716940782757893e-13,6.347946792510561e-16
320.62,2.3713993775130084e-13,6.194228375444388e-16
320.63,2.371096851727973e-13,6.038766778492221e-16
320.64,2.3708040465715904e-13,5.886265042417207e-16
320.65,2.3704996482347063e-13,5.723439930843905e-16
320.66,2.3702104059412e-13,5.575805728261826e-16
320.67,2.3699209125630847e-13,5.418929675313359e-16
320.68,2.369629645760697e-13,5.269741639527477e-16
320.69,2.369340375911084e-13,5.110813213068781e-16
320.7,2.3690536117867515e-13,4.962209733497178e-16
320.71,2.36876736266183e-13,4.808742310569719e-16
320.72,2.3684817409004716e-13,4.65488107892549e-16
320.73,2.368198573968614e-13,4.507670836272129e-16
320.74,2.367923220028636e-13,4.3587810669226657e-16
320.75,2.367635023941864e-13,4.203832515705939e-16
320.76,2.367350658490667e-13,4.046479968248243e-16
320.77,2.3670810495893336e-13,3.9059416757037615e-16
320.78,2.3668022384681514e-13,3.751666629673778e-16
320.79,2.366528036419155e-13,3.6036294001368784e-16
320.8,2.3662591520760033e-13,3.4568599068166436e-16
320.81,2.3659791548476974e-13,3.3061887034742686e-16
320.82,2.3657065542019446e-13,3.1576012273388385e-16
320.83,2.3654399074785647e-13,3.005817447688747e-16
320.84,2.3651704405407576e-13,2.861063997121324e-16
320.85,2.364904032853449e-13,2.713395711506111e-16
320.86,2.3646383153914236e-13,2.5685521346529124e-16
320.87,2.364374455238572e-13,2.423069829017077e-16
320.88,2.364109638178748e-13,2.2773137204052383e-16
320.89,2.36384737748856e-13,2.132788014035776e-16
320.9,2.363587185105824e-13,1.9888521347601353e-16
320.91,2.3633275286693266e-13,1.847076595403689e-16
320.92,2.36306807829876e-13,1.7008417957964734e-16
320.93,2.36280991906394e-13,1.5592937567039189e-16
320.94,2.3625563497152096e-13,1.4188260249528808e-16
320.95,2.3623004532846843e-13,1.276324571797055e-16
320.96,2.362049210191606e-13,1.1362049201784505e-16
320.97,2.3617948015126303e-13,9.943614289237666e-17
320.98,2.3615464534826023e-13,8.587324501133104e-17
320.99,2.3612933878313025e-13,7.187169195975223e-17
321.0,2.361042482572418e-13,5.765042972255506e-17
321.01,2.360800406811802e-13,4.4917295115503835e-17
321.02,2.360551573356942e-13,3.069879370985281e-17
321.03,2.360308941524041e-13,1.7282254399078523e-17
321.04,2.360063145530191e-13,4.02628079923217e-18
321.05,2.3598214097919243e-13,-9.684321558079024e-18
321.06,2.3595785662411663e-13,-2.323689344155828e-17
321.07,2.359340009351947e-13,-3.7450322777420724e-17
321.08,2.3590998321558565e-13,-4.990247576308316e-17
321.09,2.358857158625289e-13,-6.299678455399312e-17
321.1,2.358633298057682e-13,-7.633318962398568e-17
321.11,2.3583871206709156e-13,-8.883946573820932e-17
321.12,2.3581491963444257e-13,-1.0190893204394999e-16
321.13,2.3579131978637936e-13,-1.15057455295791e-16
321.14,2.3576832330407816e-13,-1.2744445274785536e-16
321.15,2.3574483214171e-13,-1.4034007277864045e-16
321.16,2.357220775613745e-13,-1.529449721277782e-16
321.17,2.356984001571651e-13,-1.6571525989958846e-16
321.18,2.3567576954371973e-13,-1.7810615310235077e-16
321.19,2.3565284029466447e-13,-1.9011690382675881e-16
321.2,2.3563012678694877e-13,-2.0260265226072813e-16
321.21,2.3560756967083933e-13,-2.1495276063006367e-16
321.22,2.355849538721168e-13,-2.2703663723951843e-16
321.23,2.3556228897980467e-13,-2.392936703348863e-16
321.24,2.355400345760773e-13,-2.5096757424199466e-16
321.25,2.3551773152648567e-13,-2.6280882074525493e-16
321.26,2.354956318448725e-13,-2.7461894419107294e-16
321.27,2.354732108752265e-13,-2.8654646064617553e-16
321.28,2.3545084873838327e-13,-2.967235420505114e-16
321.29,2.3542934480839755e-13,-3.0959609595774494e-16
321.3,2.354077014032186e-13,-3.206877813751936e-16
321.31,2.353857101496036e-13,-3.320582881355502e-16
321.32,2.3536413127736853e-13,-3.432582076843772e-16
321.33,2.3534233324690217e-13,-3.544596240960637e-16
321.34,2.3532091464134975e-13,-3.654042387331703e-16
321.35,2.3529881977101986e-13,-3.767229348494059e-16
321.36,2.352780159014794e-13,-3.8731556892138453e-16
321.37,2.352557450386756e-13,-3.989862933437353e-16
321.38,2.352353170808973e-13,-4.086640502469975e-16
321.39,2.3521455167736296e-13,-4.190725712238666e-16
321.4,2.3519312368205997e-13,-4.2960546234077264e-16
321.41,2.351719415564101e-13,-4.4010389583612914e-16
321.42,2.3515122065540227e-13,-4.500789683103044e-16
321.43,2.3513023496998476e-13,-4.603285989421286e-16
321.44,2.3510972398314904e-13,-4.702142156928955e-16
321.45,2.350883495421679e-13,-4.804624733388712e-16
321.46,2.350686571860222e-13,-4.901109718931226e-16
321.47,2.350472513712891e-13,-4.998191193559828e-16
321.48,2.350269759763459e-13,-5.093834009732872e-16
321.49,2.3500616743242405e-13,-5.192217657775788e-16
321.5,2.3498574017132e-13,-5.282930824233633e-16
321.51,2.3496536819825206e-13,-5.3758181801784e-16
321.52,2.349449313371312e-13,-5.470009170703736e-16
321.53,2.3492453051776387e-13,-5.560587448230361e-16
321.54,2.3490414902318796e-13,-5.657598042227393e-16
321.55,2.3488408677087805e-13,-5.73933249880756e-16
321.56,2.3486393118871484e-13,-5.827066475823585e-16
321.57,2.3484385947268046e-13,-5.913593266753994e-16
321.58,2.3482385730616314e-13,-5.998207167257146e-16
321.59,2.3480391598160987e-13,-6.083529721370021e-16
321.6,2.3478354834367903e-13,-6.168070007942524e-16
321.61,2.3476393680552215e-13,-6.248853468804585e-16
321.62,2.3474479283640815e-13,-6.325973096433714e-16
321.63,2.3472469621290616e-13,-6.399179677556033e-16
321.64,2.3470492277741413e-13,-6.485571513093095e-16
321.65,2.3468486211596463e-13,-6.563553781179876e-16
321.66,2.346650646702578e-13,-6.641721904470193e-16
321.67,2.346453011451235e-13,-6.718378013805657e-16
321.68,2.3462631703402374e-13,-6.786340684531982e-16
321.69,2.346060928470264e-13,-6.865432549397358e-16
321.7,2.3458662611991877e-13,-6.939452541043226e-16
321.71,2.3456671207504833e-13,-7.009895570227269e-16
321.72,2.3454782925826915e-13,-7.080960817197448e-16
321.73,2.345278845364053e-13,-7.138353939571431e-16
321.74,2.345084205000092e-13,-7.215962584583714e-16
321.75,2.3448925546245354e-13,-7.28075619676506e-16
321.76,2.344697638180724e-13,-7.345706028981836e-16
321.77,2.34450343655897e-13,-7.412413453955851e-16
321.78,2.344309445577134e-13,-7.471793675818935e-16
321.79,2.3441167575661956e-13,-7.534588538826168e-16
321.8,2.343927030804438e-13,-7.591748244708986e-16
321.81,2.3437323250913357e-13,-7.65306227601044e-16
321.82,2.343535833757277e-13,-7.710378071089771e-16
321.83,2.3433436105781163e-13,-7.768097678433906e-16
321.84,2.3431503351562696e-13,-7.822648358501162e-16
321.85,2.342962654976308e-13,-7.879657833657302e-16
321.86,2.3427743097297004e-13,-7.924421130230945e-16
321.87,2.342576230867849e-13,-7.983792457477723e-16
321.88,2.3423859887497274e-13,-8.034873955765728e-16
321.89,2.342188542032232e-13,-8.084553235261642e-16
321.9,2.342002141202932e-13,-8.130745194757652e-16
321.91,2.341806904611377e-13,-8.177167510377409e-16
321.92,2.341618534778293e-13,-8.225257474703663e-16
321.93,2.3414268106819715e-13,-8.270500646753013e-16
321.94,2.341233806960074e-13,-8.311973410760292e-16
321.95,2.341043215516378e-13,-8.355697004036589e-16
321.96,2.340850985652216e-13,-8.397753410839661e-16
321.97,2.340661336430085e-13,-8.436078422053038e-16
321.98,2.3404709720274355e-13,-8.472282714522325e-16
321.99,2.3402778565709733e-13,-8.519545630534572e-16
322.0,2.340086247888969e-13,-8.561720906360658e-16
322.01,2.339895379059746e-13,-8.584689041732419e-16
322.02,2.339699745030856e-13,-8.619679439377587e-16
322.03,2.3395106386807033e-13,-8.653215732020565e-16
322.04,2.339317792019836e-13,-8.682602958262794e-16
322.05,2.339125081125356e-13,-8.713240727562887e-16
322.06,2.3389341080495034e-13,-8.739437612803192e-16
322.07,2.3387396480356235e-13,-8.771210039537763e-16
322.08,2.338547243911785e-13,-8.795957862429816e-16
322.09,2.338362740110914e-13,-8.809976215049963e-16
322.1,2.3381621494115644e-13,-8.846681327540881e-16
322.11,2.337967492317797e-13,-8.869523556592508e-16
322.12,2.33777609135004e-13,-8.890096177235437e-16
322.13,2.3375823869638226e-13,-8.911922879540275e-16
322.14,2.3373871640848927e-13,-8.928607787761183e-16
322.15,2.337198728637285e-13,-8.943063544712094e-16
322.16,2.337003303566812e-13,-8.965070770334369e-16
322.17,2.33680712478374e-13,-8.982841290360222e-16
322.18,2.3365955459635855e-13,-8.99651863283372e-16
322.19,2.3364154617391433e-13,-9.01024961634444e-16
322.2,2.3362192922591113e-13,-9.022960866399596e-16
322.21,2.336023360638246e-13,-9.034217768476904e-16
322.22,2.335826867938203e-13,-9.042202412950604e-16
322.23,2.3356282807052915e-13,-9.05043297150735e-16
322.24,2.3354351446428566e-13,-9.059535120536323e-16
322.25,2.335238291521586e-13,-9.069279085990573e-16
322.26,2.335046612118565e-13,-9.07133450403337e-16
322.27,2.3348559165507395e-13,-9.090145248168773e-16
322.28,2.3346417063043667e-13,-9.077937747924409e-16
322.29,2.334445003102963e-13,-9.079527772863352e-16
322.3,2.3342449416355506e-13,-9.078930234712005e-16
322.31,2.334046820645815e-13,-9.077837679292e-16
322.32,2.33384704588158e-13,-9.075835361713569e-16
322.33,2.3336472441041397e-13,-9.072220861088485e-16
322.34,2.3334477530077287e-13,-9.068844691681677e-16
322.35,2.3332436351386065e-13,-9.063371177741128e-16
322.36,2.3330698669006105e-13,-9.04181410050851e-16
322.37,2.3328371617864153e-13,-9.050393892624444e-16
322.38,2.332638674202041e-13,-9.03738783910669e-16
322.39,2.3324382828887356e-13,-9.027780553951523e-16
322.4,2.3322311839015823e-13,-9.01630741132205e-16
322.41,2.332025501068304e-13,-9.005172099618292e-16
322.42,2.3318232804172557e-13,-8.98880125140953e-16
322.43,2.331610476992955e-13,-8.983175863685934e-16
322.44,2.33141100216623e-13,-8.959311068665681e-16
322.45,2.331200483319642e-13,-8.943482783523285e-16
322.46,2.3309985714280647e-13,-8.924695207858421e-16
322.47,2.330789769325458e-13,-8.904764053038699e-16
322.48,2.330579208982697e-13,-8.882037236371259e-16
322.49,2.3303724450233845e-13,-8.864510438352572e-16
322.5,2.3301599484784034e-13,-8.839783797307989e-16
322.51,2.3299548422080456e-13,-8.817602534671143e-16
322.52,2.329729633189453e-13,-8.785380176648105e-16
322.53,2.3295293976768214e-13,-8.765294552981269e-16
322.54,2.329326306107756e-13,-8.72838984486211e-16
322.55,2.3291064492462846e-13,-8.709430140990133e-16
322.56,2.328893143042801e-13,-8.680966774444504e-16
322.57,2.32867981059649e-13,-8.651885307212703e-16
322.58,2.3284634103982443e-13,-8.618708028951677e-16
322.59,2.328248810354065e-13,-8.585776060550758e-16
322.6,2.328031934745228e-13,-8.551947706201455e-16
322.61,2.327822619509054e-13,-8.505242397211596e-16
322.62,2.3276007178167233e-13,-8.483367061388753e-16
322.63,2.3273701587338554e-13,-8.452791141087991e-16
322.64,2.3271591984632916e-13,-8.408775079707444e-16
322.65,2.3269381143930694e-13,-8.370336075959141e-16
322.66,2.3267188482585845e-13,-8.329503155695791e-16
322.67,2.326495412477764e-13,-8.288890133368447e-16
322.68,2.326274774046557e-13,-8.245748705981626e-16
322.69,2.326051161950148e-13,-8.203329454830299e-16
322.7,2.325823459059202e-13,-8.174517343804798e-16
322.71,2.325604774033896e-13,-8.110680599653062e-16
322.72,2.325383386904163e-13,-8.067738203637814e-16
322.73,2.325152023897484e-13,-8.025408801688754e-16
322.74,2.324915027077345e-13,-7.973922864437738e-16
322.75,2.324697394879897e-13,-7.925350498493055e-16
322.76,2.3244677730050287e-13,-7.874053747761615e-16
322.77,2.3242368994546067e-13,-7.825727108699108e-16
322.78,2.3240069138393987e-13,-7.772620096826245e-16
322.79,2.3237425915442645e-13,-7.726992637077106e-16
322.8,2.32354133848736e-13,-7.665856422116085e-16
322.81,2.323304658151129e-13,-7.615825668656431e-16
322.82,2.323075336130669e-13,-7.556094595388742e-16
322.83,2.3228359683929886e-13,-7.501155193024341e-16
322.84,2.3226022521749487e-13,-7.441579901274221e-16
322.85,2.322366135526547e-13,-7.383785180259765e-16
322.86,2.322126565637421e-13,-7.326318515027641e-16
322.87,2.3218887060925195e-13,-7.264452824924624e-16
322.88,2.3216574717537443e-13,-7.184997239359847e-16
322.89,2.321404165616302e-13,-7.139982109592757e-16
322.9,2.321171900459994e-13,-7.072411921107944e-16
322.91,2.320925046981981e-13,-7.014449075038097e-16
322.92,2.320681403935082e-13,-6.949224613252562e-16
322.93,2.32043730464205e-13,-6.884825590355943e-16
322.94,2.3201909425780204e-13,-6.820972118082822e-16
322.95,2.3199416330048145e-13,-6.752867037130526e-16
322.96,2.3196958531216795e-13,-6.681690598932197e-16
322.97,2.3194501831603834e-13,-6.612660674103002e-16
322.98,2.3191927941167285e-13,-6.545594857566837e-16
322.99,2.3189424864529077e-13,-6.476044693283958e-16
323.0,2.318694472913851e-13,-6.402614795667848e-16
323.01,2.3184423031869143e-13,-6.33135287915923e-16
323.02,2.3181903692211025e-13,-6.260009892186425e-16
323.03,2.3179371845472393e-13,-6.18415768658888e-16
323.04,2.317675280839037e-13,-6.11016525453485e-16
323.05,2.3174206693980087e-13,-6.034724033674696e-16
323.06,2.3171730358788985e-13,-5.955585033867205e-16
323.07,2.316901670346738e-13,-5.885159371116908e-16
323.08,2.3166456834998053e-13,-5.801163617340525e-16
323.09,2.316383329994322e-13,-5.726779964343022e-16
323.1,2.3161206095734177e-13,-5.646635861078735e-16
323.11,2.3158575000249497e-13,-5.569062298917257e-16
323.12,2.3155921361453396e-13,-5.489790163425865e-16
323.13,2.315327899355354e-13,-5.406330824571507e-16
323.14,2.31505918071408e-13,-5.330322964114112e-16
323.15,2.3147844270854316e-13,-5.251328357187734e-16
323.16,2.3145249300781857e-13,-5.16020842545288e-16
323.17,2.3142512118495645e-13,-5.079387172672412e-16
323.18,2.313980432479841e-13,-4.994973756805465e-16
323.19,2.313711301298989e-13,-4.908555057238191e-16
323.2,2.313441833292414e-13,-4.822849793910262e-16
323.21,2.313165278356773e-13,-4.735634844729283e-16
323.22,2.312890091723284e-13,-4.648515399642292e-16
323.23,2.3126152567476717e-13,-4.560090280030824e-16
323.24,2.312342594803937e-13,-4.470949663330106e-16
323.25,2.3120327302266956e-13,-4.3877458764650724e-16
323.26,2.31178138259257e-13,-4.294131486878057e-16
323.27,2.3114947694283085e-13,-4.205379580265273e-16
323.28,2.311215438981228e-13,-4.1156372419380037e-16
323.29,2.310931037688793e-13,-4.024451352848039e-16
323.3,2.3106472083747613e-13,-3.9324451351174106e-16
323.31,2.3103608533648427e-13,-3.8400044248223145e-16
323.32,2.310074791651681e-13,-3.747783246334366e-16
323.33,2.309774424112601e-13,-3.6627940036699063e-16
323.34,2.3094972489955015e-13,-3.5567001288684237e-16
323.35,2.30920667626392e-13,-3.4694005543894115e-16
323.36,2.3089143459518166e-13,-3.37288383006374e-16
323.37,2.30862319204222e-13,-3.2774885787553236e-16
323.38,2.30833093058315e-13,-3.181580408053228e-16
323.39,2.3080381582578044e-13,-3.0843447806241207e-16
323.4,2.307742335455463e-13,-2.989651905345557e-16
323.41,2.307441672264399e-13,-2.8905918995341244e-16
323.42,2.3071419117792084e-13,-2.789255256108078e-16
323.43,2.306844688493843e-13,-2.697470341862903e-16
323.44,2.306544333947395e-13,-2.5956555733174386e-16
323.45,2.3062432560640074e-13,-2.49819561465567e-16
323.46,2.305939698574939e-13,-2.3993133372583467e-16
323.47,2.3056344061504965e-13,-2.299360401481745e-16
323.48,2.3053263681952574e-13,-2.2001990405183802e-16
323.49,2.305024270209471e-13,-2.0998913640546969e-16
323.5,2.304715057438642e-13,-1.998343285876485e-16
323.51,2.304423476786741e-13,-1.890840631005441e-16
323.52,2.3040956560755906e-13,-1.7974645206007698e-16
323.53,2.303786272108355e-13,-1.694272961319693e-16
323.54,2.3034716233347336e-13,-1.594719817541685e-16
323.55,2.3031579033457026e-13,-1.4897584925916967e-16
323.56,2.302842541179131e-13,-1.3883176603395004e-16
323.57,2.3025260557743314e-13,-1.285188026849131e-16
323.58,2.302206954792063e-13,-1.184714594582981e-16
323.59,2.3018915150770617e-13,-1.0797056138892053e-16
323.6,2.3015614367057046e-13,-9.744666793305345e-17
323.61,2.3012466334467333e-13,-8.711118451864086e-17
323.62,2.3009287702309963e-13,-7.637678741915278e-17
323.63,2.300607578691543e-13,-6.60744343203177e-17
323.64,2.3002819617647465e-13,-5.554227959677606e-17
323.65,2.2999537155695424e-13,-4.509958028331613e-17
323.66,2.299631819723858e-13,-3.437013857285164e-17
323.67,2.2993025390722095e-13,-2.388550275936819e-17
323.68,2.2989728231344605e-13,-1.3428021870733298e-17
323.69,2.2986478967508225e-13,-3.008052088408691e-18
323.7,2.298311452497961e-13,7.533540218211933e-18
323.71,2.297978777354251e-13,1.8275679568611293e-17
323.72,2.297644575562791e-13,2.89251983047608e-17
323.73,2.2973109106015713e-13,3.9636318628508887e-17
323.74,2.296976687769275e-13,5.0362505226097216e-17
323.75,2.2966360533540665e-13,6.08876079467015e-17
323.76,2.2962993464174274e-13,7.177970120488493e-17
323.77,2.2959607144030655e-13,8.249502916633015e-17
323.78,2.295621819712563e-13,9.305425555406814e-17
323.79,2.2952758537242195e-13,1.0367811285035589e-16
323.8,2.2949352239267166e-13,1.144443649585203e-16
323.81,2.2945975779415493e-13,1.251094075524351e-16
323.82,2.294246500769124e-13,1.360367746646043e-16
323.83,2.293896059390244e-13,1.4655648051146088e-16
323.84,2.293542436014674e-13,1.5763641816815963e-16
323.85,2.2932042155947893e-13,1.684537230852641e-16
323.86,2.292852736877224e-13,1.7907057256716114e-16
323.87,2.292495438022928e-13,1.9022072554799863e-16
323.88,2.2921488177569805e-13,2.0033358556075757e-16
323.89,2.29179564978143e-13,2.1131025444284088e-16
323.9,2.291441864259272e-13,2.221497463758664e-16
323.91,2.2910849297223783e-13,2.326106556760179e-16
323.92,2.290729219251309e-13,2.4357584586522586e-16
323.93,2.290374092055715e-13,2.5456517031799727e-16
323.94,2.2900138099068935e-13,2.651299211582253e-16
323.95,2.289653006687654e-13,2.760664324767112e-16
323.96,2.2892913127549373e-13,2.8625881351747044e-16
323.97,2.288928718698202e-13,2.9743479438732995e-16
323.98,2.2885691105645394e-13,3.082133110702418e-16
323.99,2.2882047547505436e-13,3.188386623491529e-16
324.0,2.287842192711816e-13,3.298127492015589e-16
324.01,2.2874708403156095e-13,3.402245149741661e-16
324.02,2.287099396349449e-13,3.507430751668761e-16
324.03,2.2867368789095606e-13,3.616174639204701e-16
324.04,2.286363030706841e-13,3.7212724700861346e-16
324.05,2.285992610150116e-13,3.822449965957231e-16
324.06,2.2856216427082155e-13,3.9358298527644145e-16
324.07,2.285246829872742e-13,4.0404942365868273e-16
324.08,2.2848797672975837e-13,4.147656253801402e-16
324.09,2.2845000045337015e-13,4.2521226958604e-16
324.1,2.2841263798966254e-13,4.3594177009555513e-16
324.11,2.2837399614475325e-13,4.461800189511987e-16
324.12,2.2833662979637996e-13,4.565165606429404e-16
324.13,2.2829904801403937e-13,4.675220799408098e-16
324.14,2.2826080526980126e-13,4.780125669420462e-16
324.15,2.2822308298346443e-13,4.887267749010613e-16
324.16,2.281845580595257e-13,4.989046483103052e-16
324.17,2.2814653383560176e-13,5.092892523486053e-16
324.18,2.281079846931371e-13,5.195375138550821e-16
324.19,2.280693995198286e-13,5.299472871490966e-16
324.2,2.2803086083964013e-13,5.40277907929464e-16
324.21,2.279918569647616e-13,5.506950946008695e-16
324.22,2.2795308403429753e-13,5.608334583416694e-16
324.23,2.279147702181167e-13,5.71360229510482e-16
324.24,2.2787587378196527e-13,5.814668884827688e-16
324.25,2.2783595190139586e-13,5.91252704313795e-16
324.26,2.2779728188466437e-13,6.018338470379217e-16
324.27,2.2775743334164206e-13,6.115463860330918e-16
324.28,2.277182903234575e-13,6.214758625493919e-16
324.29,2.2767855658482096e-13,6.316657976137825e-16
324.3,2.276394190987409e-13,6.418514246145219e-16
324.31,2.2759959500544063e-13,6.519378353323786e-16
324.32,2.275598691969338e-13,6.616040306241398e-16
324.33,2.2752011951237294e-13,6.713858092095432e-16
324.34,2.274801469440348e-13,6.814156046352148e-16
324.35,2.2743984258097473e-13,6.912646491845219e-16
324.36,2.274000233181793e-13,7.010888064776942e-16
324.37,2.2735948244828386e-13,7.106965969401321e-16
324.38,2.273193620522299e-13,7.204394653019281e-16
324.39,2.2727884388493546e-13,7.30210963623618e-16
324.4,2.2723840425667641e-13,7.396586628349884e-16
324.41,2.27198091493188e-13,7.49381477881339e-16
324.42,2.2715759845789832e-13,7.588305643981158e-16
324.43,2.2711652912099706e-13,7.682777096631125e-16
324.44,2.2707588405347357e-13,7.77683373058314e-16
324.45,2.2703532867376776e-13,7.872604581828601e-16
324.46,2.269939748235284e-13,7.963993941068697e-16
324.47,2.2695255644320066e-13,8.055544529240499e-16
324.48,2.2691186086342417e-13,8.150643443781193e-16
324.49,2.2686996509109616e-13,8.236870326661698e-16
324.5,2.2682898032808948e-13,8.330170001017732e-16
324.51,2.2678782794492521e-13,8.423305279311852e-16
324.52,2.2674619754529962e-13,8.512132954871719e-16
324.53,2.2670464098941599e-13,8.600380098440913e-16
324.54,2.2666318223068753e-13,8.693758972247726e-16
324.55,2.26621761150243e-13,8.781376316703687e-16
324.56,2.265798800788538e-13,8.87032243479624e-16
324.57,2.2653783307156866e-13,8.956456470011471e-16
324.58,2.26496832372559e-13,9.0437295912395e-16
324.59,2.2645351061492119e-13,9.124713858561172e-16
324.6,2.2641251052077228e-13,9.216777413336303e-16
324.61,2.2636952804679178e-13,9.304366136086028e-16
324.62,2.2632791116644653e-13,9.387526998943682e-16
324.63,2.2628537229653093e-13,9.471338206042649e-16
324.64,2.2624314581325275e-13,9.55441385176232e-16
324.65,2.2620128304733212e-13,9.641014118172462e-16
324.66,2.261586034848174e-13,9.720966490446157e-16
324.67,2.261161189865119e-13,9.801719858748924e-16
324.68,2.2607252951786336e-13,9.881148886793379e-16
324.69,2.260307563753798e-13,9.960024897796526e-16
324.7,2.2598799220975346e-13,1.0044221158710711e-15
324.71,2.2594499372486177e-13,1.0121748824257841e-15
324.72,2.2590222271114528e-13,1.0201622096205218e-15
324.73,2.2585934492635303e-13,1.0277185158253015e-15
324.74,2.2581688776440874e-13,1.0358742892160989e-15
324.75,2.2577354499424532e-13,1.043393068943918e-15
324.76,2.2573067133281251e-13,1.0510276665662613e-15
324.77,2.256871659879814e-13,1.0582266965738217e-15
324.78,2.2564428104855303e-13,1.065933342744929e-15
324.79,2.2560106356301716e-13,1.0736200955978537e-15
324.8,2.2555777940903067e-13,1.0807230488707704e-15
324.81,2.2551424924384382e-13,1.0880404922408262e-15
324.82,2.254712423881342e-13,1.0947365435054298e-15
324.83,2.2542746069154938e-13,1.1021734415975099e-15
324.84,2.2538385937796468e-13,1.109328163679111e-15
324.85,2.2534058762996014e-13,1.1164442344710976e-15
324.86,2.2529639219511065e-13,1.1225192816724929e-15
324.87,2.2525350327419713e-13,1.1300898350855713e-15
324.88,2.2520971021275566e-13,1.136889878985086e-15
324.89,2.2516600385524034e-13,1.1436921113967154e-15
324.9,2.251227759365438e-13,1.1508215232153083e-15
324.91,2.2507849537198892e-13,1.1568597716742313e-15
324.92,2.250342893741246e-13,1.1631123814922423e-15
324.93,2.249904800991054e-13,1.1696066501949734e-15
324.94,2.2494705584227873e-13,1.1761892563106473e-15
324.95,2.249042350551184e-13,1.183146297449369e-15
324.96,2.24858781853465e-13,1.1884157505164935e-15
324.97,2.2481454997524257e-13,1.1943894171293557e-15
324.98,2.2477091583315864e-13,1.2016189838039241e-15
324.99,2.2472696665898433e-13,1.2072042567788354e-15
325.0,2.246822704046953e-13,1.2125261683546918e-15
325.01,2.2463789915079766e-13,1.2179835260385684e-15
325.02,2.2459388376991582e-13,1.2241224557255095e-15
325.03,2.2454984616606264e-13,1.2295315616702524e-15
325.04,2.245056835120611e-13,1.2347509648849058e-15
325.05,2.244613660575369e-13,1.2407834895486652e-15
325.06,2.2441671352862745e-13,1.2459308974255944e-15
325.07,2.2437242710677487e-13,1.2512694648059767e-15
325.08,2.2432815543405505e-13,1.2567555959054657e-15
325.09,2.2428363783759014e-13,1.2617787638585739e-15
325.1,2.242394202963004e-13,1.2669148921541242e-15
325.11,2.241948325541709e-13,1.2718704169234948e-15
325.12,2.2415040319661147e-13,1.2768737417546778e-15
325.13,2.2410626920829303e-13,1.282000976953162e-15
325.14,2.2406142590803047e-13,1.2864404444970656e-15
325.15,2.2401669394263918e-13,1.2912877366055875e-15
325.16,2.2397214815443657e-13,1.2957002068993383e-15
325.17,2.2392747845079634e-13,1.3007068924087e-15
325.18,2.2388285553153225e-13,1.3047385828340771e-15
325.19,2.238380487934067e-13,1.3091351913487726e-15
325.2,2.2379380626882161e-13,1.3134291121314054e-15
325.21,2.2374889677886118e-13,1.3172801981827784e-15
325.22,2.2370463508394268e-13,1.3205249752739985e-15
325.23,2.2365972342694716e-13,1.3260154936729906e-15
325.24,2.2361504017781568e-13,1.3296235145903452e-15
325.25,2.235701560011603e-13,1.3332922786203641e-15
325.26,2.2352544250207726e-13,1.3374182780355161e-15
325.27,2.234806989345814e-13,1.3409692502729558e-15
325.28,2.2343601682880225e-13,1.344456676554338e-15
325.29,2.233916289604426e-13,1.3480289526865896e-15
325.3,2.2334697323054992e-13,1.3515976889886061e-15
325.31,2.2330130600449125e-13,1.354681088562268e-15
325.32,2.2325700733597585e-13,1.3580738320716837e-15
325.33,2.2321214561896092e-13,1.3612572682907848e-15
325.34,2.2316744402693896e-13,1.3643621822458317e-15
325.35,2.231228478030253e-13,1.3675681592024999e-15
325.36,2.2307816323394404e-13,1.3705855541890217e-15
325.37,2.23033414785401e-13,1.3734288216687908e-15
325.38,2.2298805175729556e-13,1.3757600908638266e-15
325.39,2.2294271582850956e-13,1.3776915760435177e-15
325.4,2.2289861259391155e-13,1.3813370958395413e-15
325.41,2.2285422079051562e-13,1.3836887173922061e-15
325.42,2.2280961488082335e-13,1.3862715842545726e-15
325.43,2.2276466712826545e-13,1.3886597794170872e-15
325.44,2.2272002276462782e-13,1.3906397615477744e-15
325.45,2.2267550803618026e-13,1.3929090698895261e-15
325.46,2.2263074125046628e-13,1.3950197805020589e-15
325.47,2.2258597023379588e-13,1.3969380361325786e-15
325.48,2.2254031872089162e-13,1.3996426972262348e-15
325.49,2.224971302544076e-13,1.4011484777223566e-15
325.5,2.224518744638784e-13,1.4023877773419993e-15
325.51,2.22407157812523e-13,1.4040822277000994e-15
325.52,2.2236280373291318e-13,1.4058792900494511e-15
325.53,2.22318260649197e-13,1.4074375662859445e-15
325.54,2.2227299303689315e-13,1.4083138156171568e-15
325.55,2.2222883242224522e-13,1.4097861863221134e-15
325.56,2.2218404960200868e-13,1.411153719622504e-15
325.57,2.2214048843163943e-13,1.4124220090949072e-15
325.58,2.2209496396233234e-13,1.4128384308042303e-15
325.59,2.220516436149782e-13,1.4142171426781536e-15
325.6,2.2200655459192152e-13,1.4153387067713245e-15
325.61,2.2196189550286378e-13,1.4160198826167196e-15
325.62,2.2191748672838573e-13,1.4164727586289761e-15
325.63,2.2187347280301585e-13,1.4174027853166502e-15
325.64,2.218290120022084e-13,1.4183583418359039e-15
325.65,2.2178482038382923e-13,1.4184771230458143e-15
325.66,2.217406164874896e-13,1.4190997609356811e-15
325.67,2.2169699082592377e-13,1.4191984261445275e-15
325.68,2.2165159679995437e-13,1.4191987366310353e-15
325.69,2.2160736088372803e-13,1.4192647906395414e-15
325.7,2.215631945901621e-13,1.419398872610165e-15
325.71,2.2151896065857096e-13,1.4194198148880245e-15
325.72,2.2147489756215812e-13,1.4191676499416099e-15
325.73,2.2143078966178304e-13,1.419134400705113e-15
325.74,2.213866143710771e-13,1.4188540199495897e-15
325.75,2.2134316042410905e-13,1.4182633915640133e-15
325.76,2.212986087325436e-13,1.4178311362918909e-15
325.77,2.212545831233346e-13,1.4175206181000002e-15
325.78,2.2121123979696652e-13,1.4167518308138854e-15
325.79,2.2116749991841338e-13,1.41625800996541e-15
325.8,2.2112318299333819e-13,1.41546512098407e-15
325.81,2.2107964979635603e-13,1.4145357346975112e-15
325.82,2.210359137396505e-13,1.4135635331808704e-15
325.83,2.2099281796702782e-13,1.4125330181243581e-15
325.84,2.2094874118421987e-13,1.4113578162949561e-15
325.85,2.2090574443436797e-13,1.4108573258669705e-15
325.86,2.2086153378866767e-13,1.40899861021268e-15
325.87,2.2081769571573247e-13,1.4075075126746484e-15
325.88,2.2077398145044004e-13,1.405873110565331e-15
325.89,2.2073088633654958e-13,1.4046878804416664e-15
325.9,2.2068755702992807e-13,1.4029504135260574e-15
325.91,2.206442302816884e-13,1.4012166196748417e-15
325.92,2.206001932321536e-13,1.3990120021994729e-15
325.93,2.2055821003858184e-13,1.3976798402005749e-15
325.94,2.20513150289904e-13,1.3959652837849268e-15
325.95,2.2047147733297915e-13,1.393899548088796e-15
325.96,2.2042854420869366e-13,1.3918722141720481e-15
325.97,2.203852084869966e-13,1.3897631760915032e-15
325.98,2.2034263627087358e-13,1.3874327147441222e-15
325.99,2.202998680586813e-13,1.3852014016629754e-15
326.0,2.2025683502419136e-13,1.382832705093588e-15
326.01,2.2021455143751442e-13,1.3803808002989282e-15
326.02,2.2017113804787481e-13,1.3774768587049884e-15
326.03,2.2012913860018606e-13,1.3744249413770443e-15
326.04,2.2008603291307573e-13,1.3727366820606077e-15
326.05,2.2004378052022412e-13,1.370175310102816e-15
326.06,2.2000101108453322e-13,1.3670547638823806e-15
326.07,2.199588105732219e-13,1.3642582918683878e-15
326.08,2.1991665849272746e-13,1.3616256119363966e-15
326.09,2.1987398481552137e-13,1.3580815866444974e-15
326.1,2.198306944932816e-13,1.3545527283809902e-15
326.11,2.1978972871028442e-13,1.3519017807796478e-15
326.12,2.1974889223136411e-13,1.3500774531004325e-15
326.13,2.1970559399659942e-13,1.3455904796537423e-15
326.14,2.1966388887873905e-13,1.3420633741723054e-15
326.15,2.196216543433222e-13,1.3384759428648903e-15
326.16,2.1957983780402595e-13,1.3349725393151195e-15
326.17,2.1953808773425695e-13,1.3314046596357236e-15
326.18,2.1949645898572993e-13,1.327654436979735e-15
326.19,2.19455231008849e-13,1.324560691395618e-15
326.2,2.1941343057640352e-13,1.3201680396405461e-15
326.21,2.193687726022691e-13,1.3153637371173688e-15
326.22,2.193304712460969e-13,1.3122612885162372e-15
326.23,2.1928896637414723e-13,1.3084194052867115e-15
326.24,2.192478108886096e-13,1.3042095987646488e-15
326.25,2.1920677500032778e-13,1.3001064887085933e-15
326.26,2.191652634490145e-13,1.2958351238659295e-15
326.27,2.1912466685725238e-13,1.2916162389882951e-15
326.28,2.190827317217754e-13,1.287697234500662e-15
326.29,2.1904275829178848e-13,1.2829957055921388e-15
326.3,2.1900147430913598e-13,1.2766915058320841e-15
326.31,2.1896108423636743e-13,1.2735748170651326e-15
326.32,2.1892052412157353e-13,1.2691142514939216e-15
326.33,2.188797565530062e-13,1.264719014307076e-15
326.34,2.1883955316697835e-13,1.2599316987134215e-15
326.35,2.1879911799233506e-13,1.255167038530175e-15
326.36,2.1875876031974092e-13,1.250175218656809e-15
326.37,2.1871923166678613e-13,1.2462606107123435e-15
326.38,2.1867794942680436e-13,1.2403281017948675e-15
326.39,2.1863816043362628e-13,1.2350597133266358e-15
326.4,2.1859822750924596e-13,1.2303233876496126e-15
326.41,2.1855817143740564e-13,1.2251571115629053e-15
326.42,2.1851820956395e-13,1.2200924873775e-15
326.43,2.1847863512453806e-13,1.214661293965475e-15
326.44,2.184388160590674e-13,1.209405764767163e-15
326.45,2.183993088660392e-13,1.20397132718737e-15
326.46,2.18360187443645e-13,1.1976378407875343e-15
326.47,2.1832036706647532e-13,1.1930908292193605e-15
326.48,2.1828149519128783e-13,1.1871275998990334e-15
326.49,2.1824205898929701e-13,1.1821993579152476e-15
326.5,2.1820291905415264e-13,1.1763216671484582e-15
326.51,2.1816359835517188e-13,1.170630036155693e-15
326.52,2.181247305017454e-13,1.1650540027850803e-15
326.53,2.1808565190803895e-13,1.1592991043076194e-15
326.54,2.180470647014353e-13,1.1534637473612547e-15
326.55,2.1800664268078972e-13,1.1465651089351895e-15
326.56,2.1796973102636982e-13,1.141473976906756e-15
326.57,2.1793070478343494e-13,1.1359305967346393e-15
326.58,2.178925003597291e-13,1.1295488823966525e-15
326.59,2.1785413314156853e-13,1.1237121879472422e-15
326.6,2.1781583784728552e-13,1.11735655865763e-15
326.61,2.1777788969262543e-13,1.1113799078133755e-15
326.62,2.177397065226689e-13,1.105093367641603e-15
326.63,2.1770188409656115e-13,1.098971791672608e-15
326.64,2.1766548777286248e-13,1.0947339039178968e-15
326.65,2.1762540243920828e-13,1.0865213749551179e-15
326.66,2.1758813010221273e-13,1.0795705724044684e-15
326.67,2.1755059531876477e-13,1.0734745158438053e-15
326.68,2.175132366422108e-13,1.0669397348018417e-15
326.69,2.1747583991009115e-13,1.0603113279382103e-15
326.7,2.1743829514919035e-13,1.0537444402456641e-15
326.71,2.1740081642527826e-13,1.0472232048882128e-15
326.72,2.1736389444307115e-13,1.040598717806649e-15
326.73,2.1732954442661413e-13,1.0338340293406033e-15
326.74,2.1729015142845265e-13,1.0272110194376084e-15
326.75,2.172524698139353e-13,1.0204096487529289e-15
326.76,2.172161480988428e-13,1.0136783720101423e-15
326.77,2.1717927217985341e-13,1.0068029076184048e-15
326.78,2.1714311052958386e-13,1.000126801696068e-15
326.79,2.1710653228608584e-13,9.93083324034963e-16
326.8,2.170701542657551e-13,9.862880305024224e-16
326.81,2.170336997882998e-13,9.793212288287132e-16
326.82,2.169972346289395e-13,9.716900806781818e-16
326.83,2.1696127338107594e-13,9.652100640737522e-16
326.84,2.1692623910815338e-13,9.583122089305273e-16
326.85,2.1688958820303025e-13,9.512563506816376e-16
326.86,2.1685371613326326e-13,9.440737946748537e-16
326.87,2.1681772648973287e-13,9.36913472393106e-16
326.88,2.167824150290223e-13,9.298753308179946e-16
326.89,2.167468284130824e-13,9.226948048121264e-16
326.9,2.1671116516710066e-13,9.1532873117661e-16
326.91,2.166770876639651e-13,9.082703516468288e-16
326.92,2.1664112642905295e-13,9.010045576063424e-16
326.93,2.1660574700019247e-13,8.933222613510496e-16
326.94,2.165709311112538e-13,8.860692166952216e-16
326.95,2.16535902811896e-13,8.786770667247095e-16
326.96,2.165010635676613e-13,8.714094437587566e-16
326.97,2.1646604900112532e-13,8.638845387789338e-16
326.98,2.1643195470538075e-13,8.56716568900961e-16
326.99,2.1639733551646554e-13,8.492284652284137e-16
327.0,2.163620443309287e-13,8.416438616769067e-16
327.01,2.163277474986644e-13,8.340748217240519e-16
327.02,2.1629514325914456e-13,8.269886399998691e-16
327.03,2.1626048160563466e-13,8.194176846557474e-16
327.04,2.1622623147643178e-13,8.117902202258778e-16
327.05,2.1619220033668676e-13,8.041379015184322e-16
327.06,2.1615837660323454e-13,7.965834520712209e-16
327.07,2.161246694711125e-13,7.890913123302638e-16
327.08,2.1609142533793257e-13,7.811281512552016e-16
327.09,2.160578595050431e-13,7.736014008486526e-16
327.1,2.1602440544482375e-13,7.663121709451275e-16
327.11,2.1599063715857904e-13,7.586557247031461e-16
327.12,2.1595729615639207e-13,7.509254255554354e-16
327.13,2.1592446385773128e-13,7.433356383366401e-16
327.14,2.158912113992234e-13,7.35415405372483e-16
327.15,2.1585830039260835e-13,7.278009673302112e-16
327.16,2.1582555457388675e-13,7.20205246067176e-16
327.17,2.1579287567236337e-13,7.125514138829188e-16
327.18,2.1576020704938398e-13,7.050402857732287e-16
327.19,2.1572698063620702e-13,6.978700287944933e-16
327.2,2.156951059368111e-13,6.892372462484797e-16
327.21,2.1566276193253104e-13,6.816122020624292e-16
327.22,2.1563037821203875e-13,6.736704250287851e-16
327.23,2.1559820643833645e-13,6.65975284311025e-16
327.24,2.1556645976004322e-13,6.583500279377485e-16
327.25,2.1553442864782013e-13,6.505513679511905e-16
327.26,2.1550272857801343e-13,6.427976147116716e-16
327.27,2.1547205569428252e-13,6.350988867623453e-16
327.28,2.1543942188964854e-13,6.276032563031416e-16
327.29,2.1540739584548242e-13,6.19539313332135e-16
327.3,2.153761812751506e-13,6.11674824540784e-16
327.31,2.1534490540256114e-13,6.042010016656865e-16
327.32,2.1531339285100324e-13,5.961667535330916e-16
327.33,2.1528249742593356e-13,5.885159080420801e-16
327.34,2.1525099227235602e-13,5.806217266893337e-16
327.35,2.1522034029657089e-13,5.729528501153965e-16
327.36,2.151917180662336e-13,5.653656547162905e-16
327.37,2.151574238725398e-13,5.571562641111088e-16
327.38,2.1512761755612062e-13,5.494789319361015e-16
327.39,2.1509725002900402e-13,5.417302300823314e-16
327.4,2.1506664349628922e-13,5.342349949469266e-16
327.41,2.1503633792372122e-13,5.265109497840049e-16
327.42,2.1500605147919326e-13,5.187367799122248e-16
327.43,2.1497574597220199e-13,5.107468959888109e-16
327.44,2.1494552780188492e-13,5.03195160950764e-16
327.45,2.1491598859753616e-13,4.964403489940376e-16
327.46,2.148855514395389e-13,4.87459210242099e-16
327.47,2.14855921778765e-13,4.801645679304034e-16
327.48,2.1482633350483705e-13,4.727549217780772e-16
327.49,2.147963871473449e-13,4.649955061535892e-16
327.5,2.1476666856040428e-13,4.572561894096243e-16
327.51,2.147373777345823e-13,4.495986992675343e-16
327.52,2.1470808498541477e-13,4.4210809912588517e-16
327.53,2.1467889309782064e-13,4.3459974340765424e-16
327.54,2.1464988329565161e-13,4.2650353959851174e-16
327.55,2.1462008170665489e-13,4.189940329880486e-16
327.56,2.145915487054208e-13,4.1163555973726586e-16
327.57,2.145625464104232e-13,4.0439786353706087e-16
327.58,2.1453355111109367e-13,3.9676067310265156e-16
327.59,2.1450485467807219e-13,3.892172779133046e-16
327.6,2.144764604027761e-13,3.8176163107371e-16
327.61,2.1444740707335985e-13,3.738791987163263e-16
327.62,2.1441974200689802e-13,3.6688475679126374e-16
327.63,2.1439059538341395e-13,3.59664625289528e-16
327.64,2.1436233757887753e-13,3.5171469183733603e-16
327.65,2.143342436679223e-13,3.4479743513747964e-16
327.66,2.143059324766661e-13,3.3729776677150725e-16
327.67,2.1427825760651405e-13,3.300867554054869e-16
327.68,2.14250156547781e-13,3.226984378260069e-16
327.69,2.1422252182635102e-13,3.1520438904483664e-16
327.7,2.1419464036780378e-13,3.080776698236554e-16
327.71,2.141667523577231e-13,3.0090003599220914e-16
327.72,2.1413902010314838e-13,2.9368978680265626e-16
327.73,2.1411153133015653e-13,2.8632579450045164e-16
327.74,2.140837030860764e-13,2.79065169858776e-16
327.75,2.1405782066509735e-13,2.731091589615834e-16
327.76,2.140297342411473e-13,2.652605789951636e-16
327.77,2.1400270589923838e-13,2.5843111279513957e-16
327.78,2.139752467500667e-13,2.510910907784064e-16
327.79,2.139480321829144e-13,2.4384054880871406e-16
327.8,2.1392125031412126e-13,2.370501877520616e-16
327.81,2.138945396254116e-13,2.305474649448562e-16
327.82,2.1386749011765416e-13,2.2304036944250027e-16
327.83,2.1384085095846326e-13,2.164126241097904e-16
327.84,2.1381414901148006e-13,2.094260549757139e-16
327.85,2.137875460112825e-13,2.0286083240669004e-16
327.86,2.1376123382338652e-13,1.9586676119848342e-16
327.87,2.1373495426415091e-13,1.891600102428536e-16
327.88,2.137086147999697e-13,1.8254822564567706e-16
327.89,2.136823080362819e-13,1.757307194863105e-16
327.9,2.1365530754245005e-13,1.6850917122356015e-16
327.91,2.1362974209227032e-13,1.6242614299127751e-16
327.92,2.1360370719518248e-13,1.5560282541163828e-16
327.93,2.1357795976733003e-13,1.4954031847906676e-16
327.94,2.135519780645923e-13,1.427585875714821e-16
327.95,2.1352613914856368e-13,1.362116707665463e-16
327.96,2.1350038662824973e-13,1.2977073899243804e-16
327.97,2.1347465139929663e-13,1.2337466864068374e-16
327.98,2.1344891336185158e-13,1.1684857313947644e-16
327.99,2.1342389679643992e-13,1.1108470574909853e-16
328.0,2.1339842042606197e-13,1.0436407750185806e-16
328.01,2.1337303945745856e-13,9.83370084885165e-17
328.02,2.1334711947729292e-13,9.16145571044548e-17
328.03,2.133222985754565e-13,8.61118463885969e-17
328.04,2.13296931476145e-13,7.991772664952773e-17
328.05,2.1327192474613667e-13,7.393556558571528e-17
328.06,2.1324693270216272e-13,6.785964161874069e-17
328.07,2.132221532051109e-13,6.188597218304203e-17
328.08,2.1319688836524012e-13,5.5504337386861567e-17
328.09,2.1317228630978918e-13,4.9167308606995403e-17
328.1,2.131469009131015e-13,4.399946450066676e-17
328.11,2.1312293733641214e-13,3.8396350910721595e-17
328.12,2.1309765841703343e-13,3.2676169141517647e-17
328.13,2.1307367062762291e-13,2.66562868945165e-17
328.14,2.1304897954185868e-13,2.12492771605753e-17
328.15,2.1302465016068977e-13,1.5646637531537353e-17
328.16,2.1300006196070948e-13,1.0173195628749551e-17
328.17,2.1297486118263705e-13,4.244548900993384e-18
328.18,2.129510720700672e-13,-1.1487385103643273e-18
328.19,2.1292726471996181e-13,-6.271620199920944e-18
328.2,2.1290284030290436e-13,-1.1889839501008697e-17
328.21,2.1287871737732989e-13,-1.7076170672535594e-17
328.22,2.128548956190938e-13,-2.2194173406357873e-17
328.23,2.1283062358662187e-13,-2.777720595196945e-17
328.24,2.128066824333318e-13,-3.2752519856544453e-17
328.25,2.1278280963592526e-13,-3.7944021505094515e-17
328.26,2.127590598267315e-13,-4.3125132916991035e-17
328.27,2.1273502585486594e-13,-4.8187709297150053e-17
328.28,2.1271142116914602e-13,-5.31063568886277e-17
328.29,2.126880075232874e-13,-5.785144574745254e-17
328.3,2.1266413480072457e-13,-6.27793966183275e-17
328.31,2.1264076609125845e-13,-6.7482132784717e-17
328.32,2.1261718330969002e-13,-7.231511013143552e-17
328.33,2.12593799434349e-13,-7.709045162264519e-17
328.34,2.1257030969234766e-13,-8.144853008015435e-17
328.35,2.1254622149825097e-13,-8.646912853165137e-17
328.36,2.1252330535746144e-13,-9.085456975520919e-17
328.37,2.125003299914679e-13,-9.540276371943206e-17
328.38,2.1247714665823151e-13,-9.972106978798993e-17
328.39,2.124539588501217e-13,-1.0436781989281704e-16
328.4,2.1243031590458933e-13,-1.0865314275137701e-16
328.41,2.1240742652994224e-13,-1.1298917725689335e-16
328.42,2.123841521939404e-13,-1.1721171337031755e-16
328.43,2.123611966569627e-13,-1.2094605776679154e-16
328.44,2.123386460650758e-13,-1.2506842433869548e-16
328.45,2.1231520220432638e-13,-1.2947875581816254e-16
328.46,2.1229261809539509e-13,-1.335184240669094e-16
328.47,2.1226998325718087e-13,-1.3713288971235626e-16
328.48,2.1224694021609682e-13,-1.411994066525251e-16
328.49,2.1222396584719245e-13,-1.4498771507262042e-16
328.5,2.122011772051415e-13,-1.4914309833545727e-16
328.51,2.1217871425860956e-13,-1.5277725001134263e-16
328.52,2.1215552359976025e-13,-1.5632526133837664e-16
328.53,2.1213357448381135e-13,-1.5915927513757866e-16
328.54,2.1211060313111463e-13,-1.6346318722954534e-16
328.55,2.1208823739880985e-13,-1.668584121904971e-16
328.56,2.1206544633278798e-13,-1.7030417483229987e-16
328.57,2.120432637388446e-13,-1.7362180027139196e-16
328.58,2.1202046014131832e-13,-1.7685789448723956e-16
328.59,2.1199765264520928e-13,-1.8011688632874299e-16
328.6,2.1197527119333428e-13,-1.834375815727052e-16
328.61,2.1195306191749776e-13,-1.8669578564289743e-16
328.62,2.119295586367898e-13,-1.901944727487095e-16
328.63,2.119084841750384e-13,-1.9255726405252147e-16
328.64,2.118863355443059e-13,-1.9556355011093198e-16
328.65,2.1186397600261398e-13,-1.9852849480683473e-16
328.66,2.1184157065717618e-13,-2.0129271633089903e-16
328.67,2.1181963643153104e-13,-2.0392187199814686e-16
328.68,2.1179723278691348e-13,-2.06798248233982e-16
328.69,2.1177516963261726e-13,-2.0940099468924095e-16
328.7,2.1175270432584784e-13,-2.1218094492645127e-16
328.71,2.117311495162818e-13,-2.1492040580891912e-16
328.72,2.1170862293611503e-13,-2.1703665680568416e-16
328.73,2.1168659450191864e-13,-2.193031806647248e-16
328.74,2.1166448666693625e-13,-2.2169653688129056e-16
328.75,2.1164247399480366e-13,-2.2388597813067976e-16
328.76,2.1162039755627175e-13,-2.263018379332154e-16
328.77,2.115984008786295e-13,-2.28486002283502e-16
328.78,2.115762314634202e-13,-2.305173516999449e-16
328.79,2.1155438320143634e-13,-2.328001159491505e-16
328.8,2.1153283882957743e-13,-2.346451552516803e-16
328.81,2.1151037788644666e-13,-2.365462427408258e-16
328.82,2.1148823852950494e-13,-2.3842260131915634e-16
328.83,2.1146660321330644e-13,-2.399581319358456e-16
328.84,2.1144392605045289e-13,-2.418082127906678e-16
328.85,2.1142276052125816e-13,-2.4362511801918227e-16
328.86,2.1140028115823927e-13,-2.453333232668871e-16
328.87,2.1137896286645266e-13,-2.468980866003549e-16
328.88,2.11356797502449e-13,-2.483563546664891e-16
328.89,2.113361362565829e-13,-2.4953313836797666e-16
328.9,2.1131309490818345e-13,-2.511193980907665e-16
328.91,2.1129143416999153e-13,-2.521465836179894e-16
328.92,2.1127065871453394e-13,-2.5288000243677007e-16
328.93,2.1124789095424568e-13,-2.5464355895505013e-16
328.94,2.1122577963709544e-13,-2.5594193976371734e-16
328.95,2.112040821868913e-13,-2.569287279507773e-16
328.96,2.1118200348928383e-13,-2.57881864296513e-16
328.97,2.1116026433063491e-13,-2.5893657977987033e-16
328.98,2.1113825122576077e-13,-2.597699533755039e-16
328.99,2.111165744163963e-13,-2.604363038868826e-16
329.0,2.11094858512146e-13,-2.6104678279152775e-16
329.01,2.1107322753042688e-13,-2.619843600723699e-16
329.02,2.1105104831164487e-13,-2.629076568256445e-16
329.03,2.110293072743642e-13,-2.633279270383656e-16
329.04,2.1100746449916347e-13,-2.6366811139821957e-16
329.05,2.1098595597524351e-13,-2.6414270067297004e-16
329.06,2.1096406941444302e-13,-2.6426614551206545e-16
329.07,2.1094268609522525e-13,-2.646171087190177e-16
329.08,2.1092045439053957e-13,-2.6531137579221126e-16
329.09,2.1089838035311704e-13,-2.6516318188196443e-16
329.1,2.1087636711575713e-13,-2.654764538260603e-16
329.11,2.1085465808954335e-13,-2.6554340410776213e-16
329.12,2.1083271959217611e-13,-2.656105202801654e-16
329.13,2.1081097582081116e-13,-2.6550213168397904e-16
329.14,2.107887061156467e-13,-2.657290159930854e-16
329.15,2.1076742787269706e-13,-2.6528543971410507e-16
329.16,2.1074499772404034e-13,-2.653351790242495e-16
329.17,2.1072354873916686e-13,-2.646898677008423e-16
329.18,2.1070150220918846e-13,-2.64527677361633e-16
329.19,2.1067943524612612e-13,-2.640584527430075e-16
329.2,2.10657625816548e-13,-2.6358790033235853e-16
329.21,2.106356410410841e-13,-2.6293793897682942e-16
329.22,2.1061364923517366e-13,-2.6247701543575e-16
329.23,2.1059159706465622e-13,-2.6181040737612476e-16
329.24,2.1057016892501156e-13,-2.607751079674845e-16
329.25,2.1054635679478847e-13,-2.610504041730736e-16
329.26,2.1052544716266103e-13,-2.5966810878195383e-16
329.27,2.1050337189755136e-13,-2.5847158313911223e-16
329.28,2.1048138645441715e-13,-2.5791044684349157e-16
329.29,2.1045919523119248e-13,-2.568086060234581e-16
329.3,2.1043713686285214e-13,-2.5578645267242296e-16
329.31,2.1041503903250422e-13,-2.548602064112022e-16
329.32,2.1039280286362963e-13,-2.5343872629751607e-16
329.33,2.1037102688966049e-13,-2.5182585967016345e-16
329.34,2.103492561219768e-13,-2.5066609719430965e-16
329.35,2.1032627675959034e-13,-2.498397553578109e-16
329.36,2.1030373918203344e-13,-2.4841845123342543e-16
329.37,2.102816732940384e-13,-2.469471629316923e-16
329.38,2.1025938606758163e-13,-2.4529456589353353e-16
329.39,2.1023686846994527e-13,-2.4414296454508065e-16
329.4,2.1021472143043575e-13,-2.4224425002586107e-16
329.41,2.1019238345828496e-13,-2.4044385370851264e-16
329.42,2.1016889680803542e-13,-2.3968735937612076e-16
329.43,2.1014725806461263e-13,-2.373645655659727e-16
329.44,2.1012532193718477e-13,-2.3531640652080397e-16
329.45,2.101025888531377e-13,-2.334816062708347e-16
329.46,2.1007985906777235e-13,-2.31661401935476e-16
329.47,2.1005755436574115e-13,-2.2972917584472324e-16
329.48,2.1003510292667725e-13,-2.2761655138096394e-16
329.49,2.100123513450447e-13,-2.254620523479193e-16
329.5,2.0998990841211057e-13,-2.2343413211498787e-16
329.51,2.0996794977552494e-13,-2.2118067297419857e-16
329.52,2.0994421994609148e-13,-2.1820370370786822e-16
329.53,2.0992180226358127e-13,-2.1676960262898228e-16
329.54,2.0989869883582442e-13,-2.1432931164105287e-16
329.55,2.0987601645164202e-13,-2.1182200162227277e-16
329.56,2.0985317495812143e-13,-2.0936326527872444e-16
329.57,2.098303867446443e-13,-2.0667657330829303e-16
329.58,2.0980744266515198e-13,-2.0437104244112678e-16
329.59,2.0978461503711536e-13,-2.0167669433934515e-16
329.6,2.0976132135104312e-13,-1.991595069302448e-16
329.61,2.097378134784863e-13,-1.9695154579270844e-16
329.62,2.0971548300481841e-13,-1.9353047344249065e-16
329.63,2.096924304159686e-13,-1.9084510165103325e-16
329.64,2.0966912077289384e-13,-1.8810085357227312e-16
329.65,2.0964614984388609e-13,-1.847085865295886e-16
329.66,2.0962277384296318e-13,-1.8206936827486364e-16
329.67,2.0959962248831484e-13,-1.792130845195242e-16
329.68,2.0957642103553682e-13,-1.7635558827586844e-16
329.69,2.095533944972101e-13,-1.730158119450567e-16
329.7,2.0952952447736296e-13,-1.698917716880077e-16
329.71,2.0950617577522752e-13,-1.667703700550778e-16
329.72,2.0948243598382403e-13,-1.6328726410816931e-16
329.73,2.0945904672530853e-13,-1.601654692412507e-16
329.74,2.0943535321492192e-13,-1.5660849968495077e-16
329.75,2.0941199697104716e-13,-1.5348192680721558e-16
329.76,2.0938826495253638e-13,-1.5008742532187838e-16
329.77,2.093645611009404e-13,-1.4657024108123178e-16
329.78,2.0934059052780366e-13,-1.4378867756790954e-16
329.79,2.0931713860432073e-13,-1.4090108725546452e-16
329.8,2.0929330610510132e-13,-1.3618687942130076e-16
329.81,2.092695157366247e-13,-1.3238608344236178e-16
329.82,2.0924540887854387e-13,-1.2896060872978792e-16
329.83,2.0922123520331066e-13,-1.2517396843061933e-16
329.84,2.0919723085575897e-13,-1.2151901710188197e-16
329.85,2.0917336097116616e-13,-1.1761203523415175e-16
329.86,2.0914982989859986e-13,-1.135162838915593e-16
329.87,2.0912529222524753e-13,-1.1043464126958285e-16
329.88,2.0910215106052258e-13,-1.0514115746730952e-16
329.89,2.0907673454200358e-13,-1.0210310828499543e-16
329.9,2.0905248425225821e-13,-9.817584212394273e-17
329.91,2.0902796460062383e-13,-9.412418254294089e-17
329.92,2.0900392642847878e-13,-9.010738226176416e-17
329.93,2.0897917566478908e-13,-8.605505180796502e-17
329.94,2.0895447298108511e-13,-8.203154880994897e-17
329.95,2.0893019467763263e-13,-7.728527595315912e-17
329.96,2.089053976908918e-13,-7.322399513301496e-17
329.97,2.0887999871745249e-13,-6.881746873644462e-17
329.98,2.0885621282670155e-13,-6.505706839043282e-17
329.99,2.0883198856477392e-13,-6.084936095914484e-17
330.0,2.088063889832693e-13,-5.643906393561183e-17
330.01,2.0878154899708612e-13,-5.201294647477291e-17
330.02,2.0875666178623376e-13,-4.763891512490383e-17
330.03,2.087316223221556e-13,-4.3344968992296234e-17
330.04,2.0870740553451797e-13,-3.853111930462671e-17
330.05,2.0868134698291324e-13,-3.4446793069194305e-17
330.06,2.0865634534433691e-13,-3.1194579938372136e-17
330.07,2.086311170815996e-13,-2.5191234567605214e-17
330.08,2.086054780057263e-13,-2.065940752067041e-17
330.09,2.0858051298647502e-13,-1.6170512249773305e-17
330.1,2.0855491223375936e-13,-1.1427939548816778e-17
330.11,2.0852927095710132e-13,-6.851923611903763e-18
330.12,2.0850389329866465e-13,-1.9326541290211056e-18
330.13,2.084785618613592e-13,2.881968658106714e-18
330.14,2.0845282646718134e-13,7.542274491805471e-18
330.15,2.084290643810073e-13,1.5173863561493267e-17
330.16,2.0840111277485422e-13,1.7072246518901906e-17
330.17,2.0837542554079033e-13,2.2001024937257212e-17
330.18,2.0834935346410934e-13,2.6607445825470057e-17
330.19,2.083237166443738e-13,3.1644013685594764e-17
330.2,2.0829743953478258e-13,3.6546167875842446e-17
330.21,2.0827142663340531e-13,4.1709610247258387e-17
330.22,2.0824674057340929e-13,4.645902918159474e-17
330.23,2.082193812944741e-13,5.16716442423206e-17
330.24,2.0819073610333352e-13,5.677219239727172e-17
330.25,2.0816715937089195e-13,6.159550311960385e-17
330.26,2.081402297624212e-13,6.6730765778466e-17
330.27,2.0811379062983083e-13,7.180265856456892e-17
330.28,2.080876247167234e-13,7.680103903056304e-17
330.29,2.0806091979137124e-13,8.196443983036873e-17
330.3,2.080334955829675e-13,8.660107948008443e-17
330.31,2.0800638871961435e-13,9.132705770903597e-17
330.32,2.0798104569399771e-13,9.766220503987147e-17
330.33,2.079549266058859e-13,1.035038275064516e-16
330.34,2.0792730034643478e-13,1.0800756345884517e-16
330.35,2.0790030187920188e-13,1.1320958673273872e-16
330.36,2.0787359731697017e-13,1.184988437190865e-16
330.37,2.078464323988045e-13,1.2368309732986065e-16
330.38,2.0781925060855218e-13,1.2902832188728139e-16
330.39,2.0779201898404682e-13,1.3431328265846762e-16
330.4,2.0776496908837504e-13,1.4058203544230698e-16
330.41,2.0773771148152882e-13,1.4518627694542815e-16
330.42,2.077086986165015e-13,1.4949357026532993e-16
330.43,2.0768272613840768e-13,1.5554315683717006e-16
330.44,2.0765501512546904e-13,1.607227494280597e-16
330.45,2.0762779532983236e-13,1.665085370898412e-16
330.46,2.0759996615273063e-13,1.7171488750055757e-16
330.47,2.0757245723866975e-13,1.772545375722852e-16
330.48,2.0754514863068856e-13,1.8271065156024077e-16
330.49,2.075192312887078e-13,1.8812542161298653e-16
330.5,2.074885272523186e-13,1.9342002895880854e-16
330.51,2.0746248204905213e-13,1.993835297943817e-16
330.52,2.074334968692742e-13,2.0437212934572305e-16
330.53,2.074044975010461e-13,2.0960284464769132e-16
330.54,2.073769296156628e-13,2.1527375061439402e-16
330.55,2.0734874045592176e-13,2.20746634820103e-16
330.56,2.0732114124400229e-13,2.2591464498643485e-16
330.57,2.0729234572878729e-13,2.317717350528356e-16
330.58,2.072609844975683e-13,2.349454462692527e-16
330.59,2.072352647324072e-13,2.4291487596567466e-16
330.6,2.0720634943725427e-13,2.4810008915638703e-16
330.61,2.0717824556677777e-13,2.5379028050633464e-16
330.62,2.0714944264526067e-13,2.592663034659071e-16
330.63,2.071212208071308e-13,2.649867763935728e-16
330.64,2.0709213820457873e-13,2.7036040627432206e-16
330.65,2.070634518538818e-13,2.757947277802562e-16
330.66,2.070346460837909e-13,2.8158931160845414e-16
330.67,2.070048420788917e-13,2.8804078006338655e-16
330.68,2.0697691275712453e-13,2.9285175249414576e-16
330.69,2.0694763212481073e-13,2.9880147512781585e-16
330.7,2.0691850868948388e-13,3.0372410812013907e-16
330.71,2.0688909603196714e-13,3.0930745094214516e-16
330.72,2.0685983902939975e-13,3.148303062852808e-16
330.73,2.0683031178216966e-13,3.2024801505252536e-16
330.74,2.0680163877341587e-13,3.259552418689379e-16
330.75,2.0677192873125419e-13,3.315271979210199e-16
330.76,2.067410656082495e-13,3.3663076357265625e-16
330.77,2.067126452206812e-13,3.4252580670218787e-16
330.78,2.0668253189902793e-13,3.4792973990842603e-16
330.79,2.0665314675768198e-13,3.533805597990648e-16
330.8,2.066233716494417e-13,3.5916225150753774e-16
330.81,2.065930192168972e-13,3.6434680273630686e-16
330.82,2.065632321753136e-13,3.699064625107697e-16
330.83,2.0653341981289186e-13,3.7555023755503056e-16
330.84,2.0650337290475255e-13,3.810713325657117e-16
330.85,2.064737987366299e-13,3.8730521851645635e-16
330.86,2.0644375588201274e-13,3.921669513296422e-16
330.87,2.064130418193145e-13,3.974891689925305e-16
330.88,2.0638299596390687e-13,4.028630187306913e-16
330.89,2.0635249600252527e-13,4.085655682684587e-16
330.9,2.063218983275023e-13,4.1389192822251825e-16
330.91,2.0629138063572453e-13,4.191898630449444e-16
330.92,2.06261390252694e-13,4.250464321648579e-16
330.93,2.062302617340479e-13,4.3010131456985455e-16
330.94,2.0619999442045176e-13,4.3550905047770633e-16
330.95,2.0616905876552334e-13,4.413685096029783e-16
330.96,2.0613818894063617e-13,4.462273874907601e-16
330.97,2.061072122384396e-13,4.516259612189265e-16
330.98,2.060766733408264e-13,4.571804626336848e-16
330.99,2.0604552970720576e-13,4.624161751540574e-16
331.0,2.0601474939312856e-13,4.678579766398484e-16
331.01,2.0598378448669115e-13,4.732199770656988e-16
331.02,2.0595257066687655e-13,4.785021395672716e-16
331.03,2.0592226783229296e-13,4.841299715963368e-16
331.04,2.0589102715612213e-13,4.898177143008459e-16
331.05,2.0585899942118506e-13,4.941675537813755e-16
331.06,2.0582751165835215e-13,4.995357225327019e-16
331.07,2.0579565181894122e-13,5.041086020391087e-16
331.08,2.0576425856280525e-13,5.099572633557495e-16
331.09,2.0573303848098078e-13,5.151152374704814e-16
331.1,2.0570144866712807e-13,5.205002851915803e-16
331.11,2.0566978953443438e-13,5.254534850313842e-16
331.12,2.0563817687930924e-13,5.304762922124686e-16
331.13,2.056077679456442e-13,5.359268284702795e-16
331.14,2.055743584313242e-13,5.407205939463826e-16
331.15,2.055427303718484e-13,5.458420773590948e-16
331.16,2.0551055697517493e-13,5.510765783456127e-16
331.17,2.0547874736746242e-13,5.561394613480921e-16
331.18,2.0544668118161136e-13,5.611376957464343e-16
331.19,2.0541442676148554e-13,5.65923142555777e-16
331.2,2.0538235148754067e-13,5.709408313268405e-16
331.21,2.053512455193976e-13,5.760916922527718e-16
331.22,2.0531751732986449e-13,5.806391071917118e-16
331.23,2.0528578037033769e-13,5.859165594418731e-16
331.24,2.052531996766572e-13,5.905862030166959e-16
331.25,2.0522096118608265e-13,5.956572944910337e-16
331.26,2.0518839987942178e-13,6.004496271079746e-16
331.27,2.0515557743923496e-13,6.050581209028534e-16
331.28,2.0512355192544793e-13,6.101267069219319e-16
331.29,2.0509033481847592e-13,6.146246966815673e-16
331.3,2.0505631027262009e-13,6.201588269140801e-16
331.31,2.0502491887102e-13,6.241894346205377e-16
331.32,2.0499202110176437e-13,6.287185502859923e-16
331.33,2.0495961747092598e-13,6.334990001665603e-16
331.34,2.049266793475985e-13,6.380770146216361e-16
331.35,2.048938049991238e-13,6.425836075463261e-16
331.36,2.048608886136482e-13,6.473596946319105e-16
331.37,2.0482747563609558e-13,6.518416360101027e-16
331.38,2.0479479824178792e-13,6.561059070673158e-16
331.39,2.0476074559622482e-13,6.607356587901336e-16
331.4,2.047278831160063e-13,6.650574813492461e-16
331.41,2.0469518860079872e-13,6.698245835604181e-16
331.42,2.0466209820623303e-13,6.741800723646685e-16
331.43,2.0462863642212995e-13,6.784681107658982e-16
331.44,2.0459510320173368e-13,6.825881374859842e-16
331.45,2.0456205656780766e-13,6.873423674449782e-16
331.46,2.045283908926197e-13,6.913454632689873e-16
331.47,2.0449487105210408e-13,6.955717602075138e-16
331.48,2.044626834354142e-13,7.007543535344788e-16
331.49,2.0442756171713684e-13,7.037477852619468e-16
331.5,2.0439402297852477e-13,7.079297498555667e-16
331.51,2.0436055390005694e-13,7.121721226814097e-16
331.52,2.0432709379809657e-13,7.164670591992384e-16
331.53,2.042930740138566e-13,7.203033098430092e-16
331.54,2.0425924176975334e-13,7.242010217245444e-16
331.55,2.0422538348069287e-13,7.282044931348751e-16
331.56,2.0419157787610925e-13,7.323032588687955e-16
331.57,2.041576251441964e-13,7.358171889844666e-16
331.58,2.0412370661665097e-13,7.40071896642387e-16
331.59,2.0408998393288017e-13,7.438999885687397e-16
331.6,2.0405522489501464e-13,7.476233466515908e-16
331.61,2.040220396508893e-13,7.514689500564208e-16
331.62,2.039872489353166e-13,7.548727046664993e-16
331.63,2.0395446547747956e-13,7.582543997230205e-16
331.64,2.0391933249129464e-13,7.626021572406885e-16
331.65,2.0388505430785522e-13,7.659774299740846e-16
331.66,2.0385181641948577e-13,7.689856166592276e-16
331.67,2.0381645263677008e-13,7.733857893251581e-16
331.68,2.0378213548128135e-13,7.766575098391069e-16
331.69,2.0374799038727303e-13,7.804066205312072e-16
331.7,2.0371332396738807e-13,7.833612225450272e-16
331.71,2.03679131506855e-13,7.874528300187563e-16
331.72,2.0364419626670976e-13,7.902273144132147e-16
331.73,2.0360997604990772e-13,7.937044451523877e-16
331.74,2.0357542169860809e-13,7.967679773012928e-16
331.75,2.0354062817008182e-13,8.000727425741929e-16
331.76,2.0350574510044876e-13,8.031446660945596e-16
331.77,2.034716684764376e-13,8.065675143071787e-16
331.78,2.0343731250764165e-13,8.097456324468305e-16
331.79,2.0340143112126973e-13,8.124232726046764e-16
331.8,2.0336747985050119e-13,8.1548351401809e-16
331.81,2.033327652018625e-13,8.185265329782335e-16
331.82,2.032979481190801e-13,8.215112639980887e-16
331.83,2.0326306302584896e-13,8.242468760977977e-16
331.84,2.0322918276457615e-13,8.269971683830504e-16
331.85,2.0319363956582726e-13,8.302843370689833e-16
331.86,2.0315855715547317e-13,8.329872940075597e-16
331.87,2.03123669435385e-13,8.356862428683349e-16
331.88,2.0308891083942687e-13,8.384202499703398e-16
331.89,2.0305381102203247e-13,8.410903379533761e-16
331.9,2.0301792009957202e-13,8.4341677963092e-16
331.91,2.0298398641502145e-13,8.46292804481368e-16
331.92,2.0294888403994204e-13,8.488976517767654e-16
331.93,2.0291243505248726e-13,8.513157656520046e-16
331.94,2.0287820814840287e-13,8.537694162660356e-16
331.95,2.0284317701280045e-13,8.559722909699912e-16
331.96,2.0280843330699167e-13,8.585547376391061e-16
331.97,2.0277320977543293e-13,8.60766352085918e-16
331.98,2.0273825259169497e-13,8.632446162138488e-16
331.99,2.0270290136049584e-13,8.652591514520093e-16
332.0,2.0266771411599618e-13,8.674911952969084e-16
332.01,2.0263258390876154e-13,8.696134424345304e-16
332.02,2.0259768527159176e-13,8.720967166657029e-16
332.03,2.0256160979299532e-13,8.739455903803537e-16
332.04,2.0252656393511599e-13,8.75552807478085e-16
332.05,2.024915085876231e-13,8.778413265994623e-16
332.06,2.0245642050910065e-13,8.797027445606066e-16
332.07,2.0242074232572853e-13,8.816622617519509e-16
332.08,2.0238544499863757e-13,8.833450376227297e-16
332.09,2.0235004091759456e-13,8.851450390046464e-16
332.1,2.0231469274375168e-13,8.867628417753895e-16
332.11,2.022791747465736e-13,8.886654850236026e-16
332.12,2.022437123581299e-13,8.905463189549341e-16
332.13,2.0220887282157663e-13,8.918656211433583e-16
332.14,2.0217290833917547e-13,8.934648046840054e-16
332.15,2.0213771057670006e-13,8.950474764993387e-16
332.16,2.0210239217930159e-13,8.965022675762024e-16
332.17,2.0206677090144656e-13,8.977963585607834e-16
332.18,2.020311533266174e-13,8.989983359672116e-16
332.19,2.0199598678139644e-13,9.005028486328293e-16
332.2,2.0196079916889067e-13,9.020024160011767e-16
332.21,2.0192479189244255e-13,9.033018052458437e-16
332.22,2.0188920842387814e-13,9.044348098560567e-16
332.23,2.0185386627306368e-13,9.054908351191003e-16
332.24,2.018184600574439e-13,9.067183112479777e-16
332.25,2.017828994810358e-13,9.077071523001155e-16
332.26,2.0174719158281852e-13,9.085067176517303e-16
332.27,2.017119393091674e-13,9.097806814355287e-16
332.28,2.0167666546091208e-13,9.104172295489611e-16
332.29,2.0164059229205007e-13,9.11262350804501e-16
332.3,2.0160526176945046e-13,9.124409213482533e-16
332.31,2.015696504257104e-13,9.130455131347326e-16
332.32,2.015338761765601e-13,9.137221539418094e-16
332.33,2.0149837945044684e-13,9.145480102524852e-16
332.34,2.0146327450536756e-13,9.15241456885449e-16
332.35,2.014270674073768e-13,9.156417583364421e-16
332.36,2.013920024417703e-13,9.163739533181602e-16
332.37,2.0135663257909515e-13,9.170394720100197e-16
332.38,2.0132144919743876e-13,9.177177030384174e-16
332.39,2.0128531348743955e-13,9.17805590156889e-16
332.4,2.0124915905002045e-13,9.181029568240181e-16
332.41,2.0121409943164708e-13,9.184097649431528e-16
332.42,2.0117829747278446e-13,9.188080185328171e-16
332.43,2.011432916506953e-13,9.189837596032052e-16
332.44,2.0110742643884654e-13,9.190667141286205e-16
332.45,2.010721208371501e-13,9.194275482955862e-16
332.46,2.010366708188209e-13,9.19787476898824e-16
332.47,2.010006985683863e-13,9.18892807265229e-16
332.48,2.0096547358054844e-13,9.196799705890864e-16
332.49,2.0093000173732958e-13,9.197196068186192e-16
332.5,2.0089424003505663e-13,9.190002213829232e-16
332.51,2.00858838717923e-13,9.192934783264292e-16
332.52,2.0082348515951908e-13,9.190533584954596e-16
332.53,2.007882938355776e-13,9.189997459309493e-16
332.54,2.0075270003811877e-13,9.187201233684312e-16
332.55,2.007169002347585e-13,9.185365778944322e-16
332.56,2.0068076388113057e-13,9.176291656514084e-16
332.57,2.0064603622649826e-13,9.176713476223816e-16
332.58,2.0061077856663237e-13,9.17496756408931e-16
332.59,2.0057519082099694e-13,9.167995933948121e-16
332.6,2.0053995367707007e-13,9.16379289326744e-16
332.61,2.0050424675077277e-13,9.156763913274849e-16
332.62,2.0046919528483713e-13,9.15136650043667e-16
332.63,2.0043365706252476e-13,9.14400888549705e-16
332.64,2.003983583743025e-13,9.13840094843416e-16
332.65,2.0036260655346351e-13,9.124669613220778e-16
332.66,2.0032762453719733e-13,9.12253796065635e-16
332.67,2.002926048527515e-13,9.115089887583727e-16
332.68,2.0025720714107153e-13,9.106487931404238e-16
332.69,2.0022284345586596e-13,9.096311586126543e-16
332.7,2.0018667532598603e-13,9.087619632138403e-16
332.71,2.0015181001086465e-13,9.07831001736691e-16
332.72,2.0011631751030625e-13,9.066709458285185e-16
332.73,2.0008120277962095e-13,9.06106560066222e-16
332.74,2.000463090314854e-13,9.044988422039305e-16
332.75,2.0001075249850687e-13,9.0351640591414e-16
332.76,1.9997560933650683e-13,9.022079143825857e-16
332.77,1.9994048253493476e-13,9.016883525656074e-16
332.78,1.9990552245229896e-13,9.001865379843052e-16
332.79,1.9987040098026182e-13,8.982698756978417e-16
332.8,1.9983431506543626e-13,8.971283745850465e-16
332.81,1.997997869017942e-13,8.955156510529548e-16
332.82,1.9976541584308358e-13,8.941163619576093e-16
332.83,1.9973021827948837e-13,8.921884720006324e-16
332.84,1.9969537239513899e-13,8.91303371137382e-16
332.85,1.9966043732433456e-13,8.895519967154605e-16
332.86,1.9962577279164242e-13,8.881383831151676e-16
332.87,1.9959075510121056e-13,8.861367322533492e-16
332.88,1.9955597754088625e-13,8.846763095512482e-16
332.89,1.9952121923449831e-13,8.830078960695143e-16
332.9,1.9948623191073395e-13,8.811413345877136e-16
332.91,1.9945128368674207e-13,8.79336984827792e-16
332.92,1.994165968414403e-13,8.772482591088512e-16
332.93,1.9938193872191105e-13,8.756321291373452e-16
332.94,1.9934694325974943e-13,8.735161230464884e-16
332.95,1.9931274488512228e-13,8.717983171249327e-16
332.96,1.992777231404049e-13,8.699275517171717e-16
332.97,1.9924317027800432e-13,8.677396979929139e-16
332.98,1.9920866081586568e-13,8.656190011393044e-16
332.99,1.9917404228394094e-13,8.636751357201749e-16
333.0,1.9913943712611161e-13,8.614404683766752e-16
333.01,1.9910555258457901e-13,8.582867554626401e-16
333.02,1.990707657532701e-13,8.572145412776899e-16
333.03,1.9903643403969652e-13,8.548763277474673e-16
333.04,1.9900191041145254e-13,8.524045886042939e-16
333.05,1.989680756343586e-13,8.499305324518738e-16
333.06,1.989334294409084e-13,8.477846520108803e-16
333.07,1.9889889429970212e-13,8.452548139982421e-16
333.08,1.988653072186022e-13,8.428631517494245e-16
333.09,1.9883145789416364e-13,8.40734847819581e-16
333.1,1.9879740942028172e-13,8.3887477784370925e-16
333.11,1.9876222465437868e-13,8.353469906510036e-16
333.12,1.9872783450619437e-13,8.325953700753009e-16
333.13,1.986939663971027e-13,8.30101014205458e-16
333.14,1.9866000895027528e-13,8.275533112894354e-16
333.15,1.986263524808755e-13,8.251503308099928e-16
333.16,1.985921932154842e-13,8.221339265251782e-16
333.17,1.9855798284702392e-13,8.192608463321679e-16
333.18,1.9852497009467676e-13,8.171812244230404e-16
333.19,1.984905169353093e-13,8.141376600819281e-16
333.2,1.9845656846367568e-13,8.110068771891622e-16
333.21,1.9842305154543644e-13,8.082719130093567e-16
333.22,1.9838899516675334e-13,8.052735800620527e-16
333.23,1.9835541922360367e-13,8.023190297329236e-16
333.24,1.9832190290319096e-13,7.993352072715677e-16
333.25,1.9828822484931855e-13,7.963028029542562e-16
333.26,1.9825452639439528e-13,7.931757005246074e-16
333.27,1.9822026614957457e-13,7.907101039609323e-16
333.28,1.9818813148393252e-13,7.875897096133822e-16
333.29,1.9815400178032636e-13,7.842152045143946e-16
333.3,1.9812062359881584e-13,7.810568214929468e-16
333.31,1.9808718386018996e-13,7.778346304842527e-16
333.32,1.9805387722496925e-13,7.747537644986403e-16
333.33,1.9802063638059705e-13,7.709224337782044e-16
333.34,1.97987920473926e-13,7.683159983965839e-16
333.35,1.9795425955148978e-13,7.647485410889821e-16
333.36,1.979206139952895e-13,7.61252106612464e-16
333.37,1.9788873234532524e-13,7.585666689412987e-16
333.38,1.9785492294969242e-13,7.549373594002551e-16
333.39,1.978220453904235e-13,7.516553877959437e-16
333.4,1.9778920025901035e-13,7.483130772757056e-16
333.41,1.9775648413631406e-13,7.446854692019777e-16
333.42,1.9772358575002675e-13,7.414906931577211e-16
333.43,1.9769062223814993e-13,7.380245914025312e-16
333.44,1.9765758120485055e-13,7.344537425111511e-16
333.45,1.9762551278392752e-13,7.31172211302556e-16
333.46,1.975929847341745e-13,7.276088375165642e-16
333.47,1.9755936552041167e-13,7.238697214682263e-16
333.48,1.9752733551887027e-13,7.202957827561911e-16
333.49,1.9749453036796777e-13,7.166835207889257e-16
333.5,1.9746225670968252e-13,7.129157197478828e-16
333.51,1.9742961969131054e-13,7.092329628118521e-16
333.52,1.9739728358168943e-13,7.056718802567435e-16
333.53,1.9736477947318046e-13,7.020470430341709e-16
333.54,1.9733318192214337e-13,6.986476290102674e-16
333.55,1.9730014255004735e-13,6.950566821291073e-16
333.56,1.972683363541421e-13,6.907407919162147e-16
333.57,1.972362614100724e-13,6.86933962224332e-16
333.58,1.9720388225393443e-13,6.83097287465986e-16
333.59,1.971710338579532e-13,6.791575109988328e-16
333.6,1.9713998922919711e-13,6.755045549978551e-16
333.61,1.9710800098855509e-13,6.715864781121402e-16
333.62,1.97076309787189e-13,6.680559170337493e-16
333.63,1.970443124513356e-13,6.636154062590446e-16
333.64,1.970126594647881e-13,6.602022834880303e-16
333.65,1.9698071370004575e-13,6.56082957889672e-16
333.66,1.9694897131047445e-13,6.520750635048262e-16
333.67,1.9691767027155355e-13,6.482101512656944e-16
333.68,1.9688427971810761e-13,6.439281106522616e-16
333.69,1.968540528798078e-13,6.399882272756611e-16
333.7,1.968227977107774e-13,6.360807673511325e-16
333.71,1.9679074257491357e-13,6.315202858937606e-16
333.72,1.9675969051045912e-13,6.280937787069714e-16
333.73,1.9672735891811325e-13,6.240672827791916e-16
333.74,1.9669726419425224e-13,6.199907909780252e-16
333.75,1.9666600707941512e-13,6.158799882788408e-16
333.76,1.9663473534639239e-13,6.116698517192095e-16
333.77,1.9660381153963482e-13,6.07636115838273e-16
333.78,1.9657303402988807e-13,6.035030362510582e-16
333.79,1.9654180292648828e-13,5.993364053343088e-16
333.8,1.9651120851032376e-13,5.954771082465375e-16
333.81,1.9647968063589557e-13,5.912986766349898e-16
333.82,1.9644990328633905e-13,5.862028171237549e-16
333.83,1.9641814520970287e-13,5.829292449668355e-16
333.84,1.9638727612247591e-13,5.788705188440098e-16
333.85,1.963568192776044e-13,5.744650505704751e-16
333.86,1.963261262601585e-13,5.702826717152204e-16
333.87,1.9629527327571145e-13,5.656344524864275e-16
333.88,1.96265166703607e-13,5.616558531901254e-16
333.89,1.9623356250830447e-13,5.565108534375907e-16
333.9,1.962041240449503e-13,5.534300876973085e-16
333.91,1.9617482605166747e-13,5.49684461845551e-16
333.92,1.96143375728229e-13,5.447894637032499e-16
333.93,1.9611332332768885e-13,5.407881435989337e-16
333.94,1.9608338076988415e-13,5.364064262995425e-16
333.95,1.9605254744032695e-13,5.320599534156433e-16
333.96,1.960227262030723e-13,5.27819656094445e-16
333.97,1.959925446461336e-13,5.234886002973595e-16
333.98,1.9596257414745884e-13,5.19472312993376e-16
333.99,1.959325996951633e-13,5.150039210127493e-16
334.0,1.9590150462420038e-13,5.105775178687673e-16
334.01,1.9587319260773673e-13,5.06364155605264e-16
334.02,1.9584335204749728e-13,5.021464287281656e-16
334.03,1.9581359590644456e-13,4.978189717354608e-16
334.04,1.9578406521520928e-13,4.934734220337299e-16
334.05,1.95754308398774e-13,4.892052711975827e-16
334.06,1.9572492380897908e-13,4.848169864252773e-16
334.07,1.9569412564449288e-13,4.798242750341728e-16
334.08,1.9566596933855477e-13,4.765462160986225e-16
334.09,1.9563838172066644e-13,4.702876914875341e-16
334.1,1.9560729641595216e-13,4.677280475432034e-16
334.11,1.9557804241411777e-13,4.632469262192434e-16
334.12,1.9554874836801076e-13,4.58898657716245e-16
334.13,1.9551962804556382e-13,4.548092458263359e-16
334.14,1.9549074198190622e-13,4.505467257707602e-16
334.15,1.954615658390083e-13,4.458901244649873e-16
334.16,1.9543187576112794e-13,4.427448713840394e-16
334.17,1.954037036219531e-13,4.3764061873038856e-16
334.18,1.9537704029574256e-13,4.3439745835687145e-16
334.19,1.953461365681617e-13,4.2902638375638637e-16
334.2,1.9531747520405272e-13,4.24739388130712e-16
334.21,1.9528826963427733e-13,4.2024802014983095e-16
334.22,1.9525962572138755e-13,4.160361514969085e-16
334.23,1.9523135159969333e-13,4.1178109828121473e-16
334.24,1.9520274748238338e-13,4.0759216249240908e-16
334.25,1.9517527464415518e-13,4.0365338055270893e-16
334.26,1.9514593895219562e-13,3.989698821099369e-16
334.27,1.951180976635208e-13,3.947136342626538e-16
334.28,1.9508920499568963e-13,3.90549375886125e-16
334.29,1.9506094661094217e-13,3.8615231773283826e-16
334.3,1.9503255536246066e-13,3.818384829332386e-16
334.31,1.9500455505622048e-13,3.7782046143825466e-16
334.32,1.9497580709686401e-13,3.733428465878729e-16
334.33,1.9494852905241578e-13,3.6941214260312683e-16
334.34,1.9491909558892522e-13,3.63759733190946e-16
334.35,1.948923559053132e-13,3.608250162856217e-16
334.36,1.9486501225903624e-13,3.576972538869456e-16
334.37,1.9483665782297014e-13,3.5263621806134606e-16
334.38,1.9480898812476118e-13,3.48474723259947e-16
334.39,1.9478124854720442e-13,3.4412124646086334e-16
334.4,1.9475355611249211e-13,3.40100026975361e-16
334.41,1.9472596060684685e-13,3.359188216537489e-16
334.42,1.946985476962797e-13,3.319158329737873e-16
334.43,1.9466816518120856e-13,3.28750899082582e-16
334.44,1.946431046083457e-13,3.233962336898036e-16
334.45,1.9461600665529134e-13,3.1921629249722756e-16
334.46,1.9458863122296721e-13,3.1548528739741094e-16
334.47,1.9456183047331573e-13,3.114663829558859e-16
334.48,1.9453396786099097e-13,3.071604341246357e-16
334.49,1.945069650733459e-13,3.0333051966099535e-16
334.5,1.9447973507548503e-13,2.99205567077795e-16
334.51,1.94452580850199e-13,2.9502525151586876e-16
334.52,1.9442781318647823e-13,2.9226784769718116e-16
334.53,1.9439853376946648e-13,2.8714673541839165e-16
334.54,1.9437182364619915e-13,2.833453542104338e-16
334.55,1.9434472208933667e-13,2.791685302609203e-16
334.56,1.943177885272927e-13,2.751875956486653e-16
334.57,1.942910121176023e-13,2.7114432064019855e-16
334.58,1.9426455437260208e-13,2.6751146336071077e-16
334.59,1.9423781560731224e-13,2.634046701714151e-16
334.6,1.9421121904137001e-13,2.596972283472374e-16
334.61,1.9418417654317985e-13,2.5523958792848075e-16
334.62,1.9415834860397813e-13,2.5204656228343165e-16
334.63,1.9413179690218e-13,2.4781928665151026e-16
334.64,1.9410511837405416e-13,2.442778058680184e-16
334.65,1.9407872719144415e-13,2.4039996329699296e-16
334.66,1.9405328851425626e-13,2.3710565393113106e-16
334.67,1.9402594681412853e-13,2.3297152898697e-16
334.68,1.9399981451833107e-13,2.292282757531066e-16
334.69,1.9397389138162374e-13,2.253914597892022e-16
334.7,1.9394877837512616e-13,2.2193833556633852e-16
334.71,1.9392176167696564e-13,2.1830356056933042e-16
334.72,1.9389610580844722e-13,2.1458898183514974e-16
334.73,1.9386950890072845e-13,2.108365884576851e-16
334.74,1.9384380049532625e-13,2.0732241259222996e-16
334.75,1.9381752707121589e-13,2.0341869089273138e-16
334.76,1.9379170399687058e-13,1.9987308588938456e-16
334.77,1.9376643037537644e-13,1.9671825662804664e-16
334.78,1.9374043704972904e-13,1.9306338465153976e-16
334.79,1.9371426889961976e-13,1.8905016081638077e-16
334.8,1.936889507949562e-13,1.8581155601988052e-16
334.81,1.9366324861780514e-13,1.8232328221999434e-16
334.82,1.9363773436829862e-13,1.7902640369007157e-16
334.83,1.9361211062963957e-13,1.7552851921357656e-16
334.84,1.9358690381886172e-13,1.7224109001358856e-16
334.85,1.9356140395384016e-13,1.6888536444501768e-16
334.86,1.935357890039453e-13,1.654169479452224e-16
334.87,1.9351065929094383e-13,1.6243950084352872e-16
334.88,1.934854230588717e-13,1.5891947953025554e-16
334.89,1.9346084124943467e-13,1.5591783310178308e-16
334.9,1.9343488673292835e-13,1.5265056229306813e-16
334.91,1.9340983252259176e-13,1.493443576919937e-16
334.92,1.933845127833932e-13,1.4606675801943113e-16
334.93,1.9335915086935772e-13,1.425654311517817e-16
334.94,1.93334295142877e-13,1.396024616717491e-16
334.95,1.933094694152589e-13,1.3653979261658268e-16
334.96,1.932846252289653e-13,1.3359276964731356e-16
334.97,1.9325890527681045e-13,1.2986058098239673e-16
334.98,1.932361494521913e-13,1.2837870168899662e-16
334.99,1.932094332421031e-13,1.2396907664701623e-16
335.0,1.9318509010356946e-13,1.212895913157384e-16
335.01,1.9316007182087846e-13,1.180407936428742e-16
335.02,1.9313546540007557e-13,1.151569041842702e-16
335.03,1.9311089849965518e-13,1.1248681131886646e-16
335.04,1.930861788716253e-13,1.0942858782670202e-16
335.05,1.9306157670049817e-13,1.0668719592559952e-16
335.06,1.9303640939334325e-13,1.0445819341391363e-16
335.07,1.9301374640555038e-13,1.0072717046895528e-16
335.08,1.929880815162972e-13,9.834554507374897e-17
335.09,1.9296343280902394e-13,9.546512415143957e-17
335.1,1.9293931657154834e-13,9.283161565273459e-17
335.11,1.9291487580975165e-13,9.007282955134692e-17
335.12,1.9289050085354014e-13,8.733629926663593e-17
335.13,1.9286607854086672e-13,8.469171656115981e-17
335.14,1.928419471494707e-13,8.22206250137679e-17
335.15,1.9281885774442189e-13,8.036022386339906e-17
335.16,1.927931618416565e-13,7.73639970938462e-17
335.17,1.9276921217137559e-13,7.436402556126672e-17
335.18,1.9274528456658848e-13,7.209065583983566e-17
335.19,1.9272130425302104e-13,6.962190545681107e-17
335.2,1.92696950678168e-13,6.718727565952299e-17
335.21,1.9267303099304e-13,6.483014284121058e-17
335.22,1.9264897998622967e-13,6.231285150663913e-17
335.23,1.926253524617671e-13,6.041732884989918e-17
335.24,1.9260053841042037e-13,5.712922766072291e-17
335.25,1.9257699256966575e-13,5.548757405755665e-17
335.26,1.9255364530569225e-13,5.341591923259095e-17
335.27,1.925297255368763e-13,5.1138704813496774e-17
335.28,1.9250594224214129e-13,4.907161862837596e-17
335.29,1.9248211127970537e-13,4.6794585934567913e-17
335.3,1.924586432043425e-13,4.480921041253573e-17
335.31,1.9243466378568524e-13,4.3086036340603953e-17
335.32,1.924106051135815e-13,4.065426912100096e-17
335.33,1.9238869401950864e-13,3.858765929729133e-17
335.34,1.9236375943790652e-13,3.661065603352744e-17
335.35,1.9234033413503036e-13,3.482921669457717e-17
335.36,1.9231677929614865e-13,3.2801848679456395e-17
335.37,1.9229312123769787e-13,3.0980276246409234e-17
335.38,1.9226974836209119e-13,2.92598399949405e-17
335.39,1.922465142093984e-13,2.7381953247934802e-17
335.4,1.9222281506195536e-13,2.5391791771595347e-17
335.41,1.9219938684817928e-13,2.3801820616633093e-17
335.42,1.9217627205680953e-13,2.2097933273144726e-17
335.43,1.9215223683755904e-13,2.0384089326127883e-17
335.44,1.9212928729320917e-13,1.892757824301182e-17
335.45,1.92105663566455e-13,1.710932350208626e-17
335.46,1.9208267051831487e-13,1.5669018995915867e-17
335.47,1.920595145929326e-13,1.4046307502346652e-17
335.48,1.920358327622676e-13,1.2426469745896518e-17
335.49,1.9201290873762086e-13,1.1124350321725707e-17
335.5,1.9198979871029694e-13,9.68910022661845e-18
335.51,1.9196545579389425e-13,7.333994172214601e-18
335.52,1.9194354203634876e-13,6.84931144440855e-18
335.53,1.91919935004396e-13,5.1914117814434094e-18
335.54,1.9189555451364607e-13,3.536475548399556e-18
335.55,1.9187420009623588e-13,2.8535209295608795e-18
335.56,1.9185074572751577e-13,1.390088459412602e-18
335.57,1.9182843025430919e-13,7.365394647293691e-19
335.58,1.9180505985050268e-13,-8.21282302148767e-19
335.59,1.9178197943894177e-13,-1.7664238809117974e-18
335.6,1.9175893414221792e-13,-2.805063780273866e-18
335.61,1.9173607495054383e-13,-3.7108995509636696e-18
335.62,1.9171318286166178e-13,-4.921846686011961e-18
335.63,1.9169001181469224e-13,-6.020102385090236e-18
335.64,1.916674143498351e-13,-6.860644020921491e-18
335.65,1.9164433480048931e-13,-7.96357104649033e-18
335.66,1.9162140003757863e-13,-8.782148375875136e-18
335.67,1.9159859573681794e-13,-9.587038719611538e-18
335.68,1.915756083353377e-13,-1.0557096493523629e-17
335.69,1.9155348524131755e-13,-1.0435177883110737e-17
335.7,1.9152980222952719e-13,-1.2040467094948071e-17
335.71,1.9150722169317604e-13,-1.2881093414566768e-17
335.72,1.9148464798870132e-13,-1.3428758289111204e-17
335.73,1.9146185129969126e-13,-1.4264140824838913e-17
335.74,1.9143906147298035e-13,-1.4704652466207076e-17
335.75,1.9141639739453528e-13,-1.5203256048306853e-17
335.76,1.9139358210180085e-13,-1.5835319285975898e-17
335.77,1.9137083749944083e-13,-1.644040433718494e-17
335.78,1.9134869502380005e-13,-1.6441219748389133e-17
335.79,1.9132569452387393e-13,-1.710681132583702e-17
335.8,1.9130314524071154e-13,-1.730656539787088e-17
335.81,1.9127949995497996e-13,-1.7992596213708095e-17
335.82,1.9125767174289615e-13,-1.824614814167045e-17
335.83,1.9123476929127552e-13,-1.862074271094838e-17
335.84,1.9121242273622279e-13,-1.8741939321541885e-17
335.85,1.9118962885390793e-13,-1.8853176622148616e-17
335.86,1.9116668460826906e-13,-1.936551687719576e-17
335.87,1.9114532325560009e-13,-1.9334986332697142e-17
335.88,1.9112221970513008e-13,-1.9373217844020128e-17
335.89,1.9109931486117822e-13,-1.9752431768100883e-17
335.9,1.9107689574013204e-13,-1.9721331882091278e-17
335.91,1.9105411145364803e-13,-1.9622406570200725e-17
335.92,1.9103147753803232e-13,-1.987475674115541e-17
335.93,1.91008434987453e-13,-2.0082531484646178e-17
335.94,1.909863714336846e-13,-1.9555604660023833e-17
335.95,1.9096364199144225e-13,-1.96002399392109e-17
335.96,1.909412254331054e-13,-1.9364477797315907e-17
335.97,1.9091951536594652e-13,-1.8963532747695036e-17
335.98,1.908961535171258e-13,-1.896342647832942e-17
335.99,1.908736557389551e-13,-1.8914799637872108e-17
336.0,1.9085107033411378e-13,-1.868437623629594e-17
336.01,1.9082886885014614e-13,-1.8111166823299948e-17
336.02,1.90805950825998e-13,-1.8022927500052414e-17
336.03,1.9078356567991881e-13,-1.740635916270361e-17
336.04,1.9076139964115913e-13,-1.693626074351766e-17
336.05,1.907379623723619e-13,-1.6685376087742177e-17
336.06,1.907162702761356e-13,-1.6450138780482116e-17
336.07,1.9069332526777147e-13,-1.5667255118656607e-17
336.08,1.9067079245553427e-13,-1.5209359694458542e-17
336.09,1.9064869388286942e-13,-1.4624781964639284e-17
336.1,1.9062578979259656e-13,-1.4055300329728534e-17
336.11,1.906035086157058e-13,-1.3313968487230788e-17
336.12,1.9058109727316812e-13,-1.254993141985238e-17
336.13,1.905580689148039e-13,-1.1915856679919148e-17
336.14,1.905353386824625e-13,-1.1387267303686735e-17
336.15,1.9051364578808488e-13,-1.0496413700202808e-17
336.16,1.904909522662636e-13,-9.632929445524992e-18
336.17,1.9046850535872613e-13,-8.633330885155252e-18
336.18,1.9044599424704275e-13,-8.112725174650748e-18
336.19,1.9042353217363213e-13,-6.98881959799338e-18
336.2,1.904008763530612e-13,-6.207193997724238e-18
336.21,1.9037805773308718e-13,-5.34638370225747e-18
336.22,1.9035554668185071e-13,-4.3492237806185424e-18
336.23,1.9033324504644704e-13,-2.9934869572270917e-18
336.24,1.9031067854505216e-13,-2.1916498059886208e-18
336.25,1.9028811991712232e-13,-8.70091975331036e-19
336.26,1.902656213467498e-13,1.8559200750741545e-19
336.27,1.9024304932346905e-13,1.4299255698162301e-18
336.28,1.902202567466691e-13,2.3868045821857724e-18
336.29,1.9019780309367117e-13,3.420716579046521e-18
336.3,1.9017519345981905e-13,4.8313712170888426e-18
336.31,1.9015254569289916e-13,5.598830246456037e-18
336.32,1.9013071692959623e-13,8.080072297380473e-18
336.33,1.9010769473051676e-13,8.722365029828528e-18
336.34,1.9008515444270016e-13,1.0401627013297461e-17
336.35,1.900619890444871e-13,1.1470932265322164e-17
336.36,1.9003947401467937e-13,1.3042965333783103e-17
336.37,1.9001717295968288e-13,1.440931253928958e-17
336.38,1.8999442113121618e-13,1.5968448658844496e-17
336.39,1.899713861217205e-13,1.7258261289730124e-17
336.4,1.8994904195444698e-13,1.8643528040570247e-17
336.41,1.8992666440648081e-13,2.0860969518961285e-17
336.42,1.8990374240318825e-13,2.2103058118738533e-17
336.43,1.8988071309751922e-13,2.345043923936111e-17
336.44,1.8985887376046083e-13,2.5588461076749863e-17
336.45,1.8983555196723442e-13,2.709617649729508e-17
336.46,1.8981279700773192e-13,2.8665593359505683e-17
336.47,1.8978969326902713e-13,3.037151143798969e-17
336.48,1.8976730858792553e-13,3.216203217810004e-17
336.49,1.8974441692296223e-13,3.378044185296209e-17
336.5,1.897213745337703e-13,3.54697965074863e-17
336.51,1.896988941225612e-13,3.749065180524906e-17
336.52,1.8967590990052774e-13,3.935539414343276e-17
336.53,1.8965305258288027e-13,4.1180606488273446e-17
336.54,1.8963043695462678e-13,4.313133547512295e-17
336.55,1.896070756569148e-13,4.514448604851037e-17
336.56,1.895847121905074e-13,4.716137516499398e-17
336.57,1.8956147011775265e-13,4.8957025371082436e-17
336.58,1.8953900345129852e-13,5.111570165650457e-17
336.59,1.895169877454292e-13,5.282277900120651e-17
336.6,1.8949298239204225e-13,5.504281824038273e-17
336.61,1.8946976290721276e-13,5.710794451761854e-17
336.62,1.894470520133435e-13,5.932185539153439e-17
336.63,1.8942389536507269e-13,6.118556092975092e-17
336.64,1.8940105791354807e-13,6.37539643230823e-17
336.65,1.893776981030281e-13,6.559972292239607e-17
336.66,1.893551690793374e-13,6.821258581177753e-17
336.67,1.893318803834266e-13,7.022664545709883e-17
336.68,1.8930745709727208e-13,7.168862809051581e-17
336.69,1.892856024310051e-13,7.471439832191526e-17
336.7,1.8926231028034081e-13,7.697135733272457e-17
336.71,1.892395466775148e-13,8.050309165275832e-17
336.72,1.8921624244162297e-13,8.135384989589821e-17
336.73,1.891928810576171e-13,8.385227098722741e-17
336.74,1.8916904303929953e-13,8.697997028716765e-17
336.75,1.8914641929612864e-13,8.872304147406455e-17
336.76,1.8912339541827112e-13,9.126036828051938e-17
336.77,1.8910028016558824e-13,9.372694566689453e-17
336.78,1.8907662233202833e-13,9.606444434456996e-17
336.79,1.8905325382119226e-13,9.847015977608798e-17
336.8,1.8902985026796352e-13,1.0095826249369554e-16
336.81,1.8900654376160087e-13,1.0347599661053235e-16
336.82,1.8898321364755705e-13,1.0602168982157507e-16
336.83,1.8895988568870975e-13,1.0864008862251571e-16
336.84,1.8893648510017637e-13,1.1116307979039214e-16
336.85,1.8891318634065962e-13,1.1398471880151394e-16
336.86,1.8888884676058743e-13,1.1627710136539136e-16
336.87,1.8886567358692405e-13,1.1874404505124225e-16
336.88,1.8884248817235532e-13,1.2161315680465125e-16
336.89,1.8881858876338562e-13,1.2409811434230123e-16
336.9,1.887953848590265e-13,1.2708235335784295e-16
336.91,1.887717300709428e-13,1.296094119260113e-16
336.92,1.8874825583276759e-13,1.3243754750131374e-16
336.93,1.8872465903103692e-13,1.3497055823611845e-16
336.94,1.887010086079743e-13,1.3793140598475605e-16
336.95,1.8867553582195718e-13,1.3930846393619271e-16
336.96,1.886536552212587e-13,1.4350710176030706e-16
336.97,1.8862982037997416e-13,1.462047896395314e-16
336.98,1.8860598127230694e-13,1.4906915354969456e-16
336.99,1.8858198619090754e-13,1.517912986214838e-16
337.0,1.885582607475403e-13,1.5470606355491637e-16
337.01,1.8853471254742293e-13,1.5756226315464774e-16
337.02,1.8851058439372653e-13,1.605312651103785e-16
337.03,1.8848708538893115e-13,1.637146697716861e-16
337.04,1.884643702935756e-13,1.6694826504446745e-16
337.05,1.8843876765693795e-13,1.6928565575449376e-16
337.06,1.8841485642175494e-13,1.719569634181426e-16
337.07,1.8839078243089808e-13,1.7488061830299885e-16
337.08,1.8836669526272956e-13,1.7804304863259671e-16
337.09,1.8834307411243613e-13,1.811669373516778e-16
337.1,1.8831869573367988e-13,1.838244252744625e-16
337.11,1.882946513416316e-13,1.8696326207264517e-16
337.12,1.8827050610656108e-13,1.9064004626489928e-16
337.13,1.8824615669874648e-13,1.9274433542424918e-16
337.14,1.8822208916759457e-13,1.9596726412016283e-16
337.15,1.881975889259057e-13,1.9874436219556352e-16
337.16,1.8817367397225898e-13,2.0200108238304815e-16
337.17,1.8814925486789347e-13,2.0496116653313625e-16
337.18,1.8812491361387427e-13,2.0810777797468398e-16
337.19,1.8810043643735562e-13,2.110729490299227e-16
337.2,1.8807639466923922e-13,2.146545244022903e-16
337.21,1.8805143820956116e-13,2.1666234346504387e-16
337.22,1.8802693573598858e-13,2.2024872021818876e-16
337.23,1.880029033992392e-13,2.234621298426419e-16
337.24,1.8797844405527812e-13,2.265230397265058e-16
337.25,1.8795399127877654e-13,2.2971185261846995e-16
337.26,1.8792945725877516e-13,2.3284680094198045e-16
337.27,1.8790490779292115e-13,2.359671564475489e-16
337.28,1.878800672639287e-13,2.3903789492254423e-16
337.29,1.878557896315901e-13,2.423390450764835e-16
337.3,1.8783116769670725e-13,2.461628299950172e-16
337.31,1.8780612200711572e-13,2.487777063856347e-16
337.32,1.8778096050999276e-13,2.515985173208335e-16
337.33,1.8775671326954252e-13,2.5509940434859244e-16
337.34,1.8773192036916174e-13,2.5803990208876194e-16
337.35,1.8770682679348797e-13,2.612655816513788e-16
337.36,1.8768199867879948e-13,2.6420472725588154e-16
337.37,1.876573283729718e-13,2.676538970951387e-16
337.38,1.876324659522498e-13,2.709604409076722e-16
337.39,1.8760773417202351e-13,2.7413464797073646e-16
337.4,1.8758167250537827e-13,2.764482869693798e-16
337.41,1.8755754239849202e-13,2.8050449528581737e-16
337.42,1.875324389078358e-13,2.8360358110869214e-16
337.43,1.8750745059122e-13,2.869403656298173e-16
337.44,1.8748198717045646e-13,2.9011967788314775e-16
337.45,1.8745709933286776e-13,2.933374827234747e-16
337.46,1.8743195995779053e-13,2.96431998642929e-16
337.47,1.874070175021174e-13,2.997476630564286e-16
337.48,1.8738146186097035e-13,3.030392065590858e-16
337.49,1.8735695688031373e-13,3.060399789984752e-16
337.5,1.8733090774729154e-13,3.0942447726016394e-16
337.51,1.873049796508415e-13,3.126962768701525e-16
337.52,1.8728004868893381e-13,3.1577680604823276e-16
337.53,1.8725477372849848e-13,3.190858929642061e-16
337.54,1.8722918336055227e-13,3.2231895201332116e-16
337.55,1.8720396016271663e-13,3.255051348260335e-16
337.56,1.8717813119491204e-13,3.2849642950516926e-16
337.57,1.871518560379688e-13,3.319173004953107e-16
337.58,1.8712735505242569e-13,3.3459811073153004e-16
337.59,1.871018300943026e-13,3.384297406684537e-16
337.6,1.8707630677561432e-13,3.417111295906448e-16
337.61,1.870508941301813e-13,3.4518043843836276e-16
337.62,1.8702499412280398e-13,3.4808278051018043e-16
337.63,1.8699935042461314e-13,3.5134203155555934e-16
337.64,1.8697349183403812e-13,3.5435752671446356e-16
337.65,1.8694799912056697e-13,3.578624887463484e-16
337.66,1.869201784931883e-13,3.6065056831356334e-16
337.67,1.8689769322478666e-13,3.649868266531076e-16
337.68,1.868701556610973e-13,3.671511041386889e-16
337.69,1.8684409247241718e-13,3.7010321271978025e-16
337.7,1.868182274218495e-13,3.7350275421605296e-16
337.71,1.8679308148251176e-13,3.768886699270219e-16
337.72,1.867660503466719e-13,3.7995224324337216e-16
337.73,1.867404079747503e-13,3.830410275845219e-16
337.74,1.8671333511769154e-13,3.8591490036380613e-16
337.75,1.866885493389605e-13,3.89563230251866e-16
337.76,1.866605102803659e-13,3.9216584493586046e-16
337.77,1.8663614508501563e-13,3.956792115808155e-16
337.78,1.866103850707547e-13,3.9883129771383044e-16
337.79,1.8658393247428637e-13,4.0201383751439454e-16
337.8,1.8655735699573354e-13,4.050836941792505e-16
337.81,1.8653142724110092e-13,4.082199837936369e-16
337.82,1.865048355408533e-13,4.1123131535357307e-16
337.83,1.864794993704355e-13,4.149485985204899e-16
337.84,1.8645220392366006e-13,4.1735821344340563e-16
337.85,1.8642594587845787e-13,4.195498100043889e-16
337.86,1.8639932889445486e-13,4.236031157768698e-16
337.87,1.8637300891320402e-13,4.265736349532714e-16
337.88,1.863465096910171e-13,4.297555107494759e-16
337.89,1.8632000824954965e-13,4.3283345912722544e-16
337.9,1.862934783946653e-13,4.357053822754779e-16
337.91,1.862667853492134e-13,4.387390915630423e-16
337.92,1.8623945178722146e-13,4.415539429270888e-16
337.93,1.8621258225302538e-13,4.445260130607604e-16
337.94,1.8618850944496395e-13,4.497323520424238e-16
337.95,1.8616025082250526e-13,4.507278299788234e-16
337.96,1.8613342672182844e-13,4.535988601983139e-16
337.97,1.8610686558470404e-13,4.567789213088299e-16
337.98,1.860800457194805e-13,4.597011299504701e-16
337.99,1.8605351995045032e-13,4.626428762773538e-16
338.0,1.860263630157563e-13,4.654318242522234e-16
338.01,1.8600142438120365e-13,4.690271813831473e-16
338.02,1.8597281005020387e-13,4.714099171400628e-16
338.03,1.859416296510093e-13,4.7302679464383e-16
338.04,1.8591788563107976e-13,4.771993356345352e-16
338.05,1.8589144156830056e-13,4.798319419178956e-16
338.06,1.8586473519212352e-13,4.830398482944421e-16
338.07,1.8583764089289476e-13,4.854619108965556e-16
338.08,1.8581047126705465e-13,4.883362849306642e-16
338.09,1.8578287829190397e-13,4.905756891970519e-16
338.1,1.857559045211657e-13,4.927599009357672e-16
338.11,1.8572886293280325e-13,4.966840967948398e-16
338.12,1.8570244493600487e-13,4.989073997623238e-16
338.13,1.8567456515437199e-13,5.020098170452651e-16
338.14,1.856473400299595e-13,5.049412762734367e-16
338.15,1.8561991677590605e-13,5.076852289430238e-16
338.16,1.8559278254895478e-13,5.103003263864337e-16
338.17,1.8556564701620315e-13,5.131173212970507e-16
338.18,1.8553821450625464e-13,5.15526069158037e-16
338.19,1.855096334225097e-13,5.182506379657901e-16
338.2,1.8548362431260254e-13,5.213032457789412e-16
338.21,1.854546651952043e-13,5.225001342957286e-16
338.22,1.8542811665089316e-13,5.259952699587321e-16
338.23,1.854007671797483e-13,5.285948994305421e-16
338.24,1.8537321608230583e-13,5.311089838779594e-16
338.25,1.853459690191453e-13,5.337729074289331e-16
338.26,1.8531801615981819e-13,5.362892159731654e-16
338.27,1.8529054971390625e-13,5.38762443177087e-16
338.28,1.8526704105508253e-13,5.427842006751143e-16
338.29,1.8523550749449662e-13,5.438790438954714e-16
338.3,1.8520888546338795e-13,5.463434618635661e-16
338.31,1.8517997038128474e-13,5.486898637956227e-16
338.32,1.851525573981542e-13,5.511310516823478e-16
338.33,1.8512451399762863e-13,5.533388087280727e-16
338.34,1.850967954605517e-13,5.557260395088513e-16
338.35,1.8506883273414442e-13,5.581547836685083e-16
338.36,1.8504135509688555e-13,5.603450731644257e-16
338.37,1.8501431376829356e-13,5.607085475748041e-16
338.38,1.8498553216621107e-13,5.652691800074722e-16
338.39,1.8495727601528718e-13,5.672773945583237e-16
338.4,1.84929637085314e-13,5.696319040307494e-16
338.41,1.8490137811601202e-13,5.719878495016604e-16
338.42,1.848732458438331e-13,5.740816165956929e-16
338.43,1.8484618487670744e-13,5.764463774615392e-16
338.44,1.8481787610120618e-13,5.785516665141279e-16
338.45,1.847898247995059e-13,5.806133829208901e-16
338.46,1.8476215792136283e-13,5.828603287100322e-16
338.47,1.8473335178539133e-13,5.847330608596237e-16
338.48,1.8470573422492176e-13,5.870912316385287e-16
338.49,1.846776457268971e-13,5.890305750761117e-16
338.5,1.8464929473707077e-13,5.910390995768661e-16
338.51,1.846210009264551e-13,5.930394939105859e-16
338.52,1.8459293521627734e-13,5.949598729423478e-16
338.53,1.8456488142215168e-13,5.970660314473646e-16
338.54,1.8453661607228603e-13,5.988222240101465e-16
338.55,1.8450771699041973e-13,6.003434392133656e-16
338.56,1.8448197608755913e-13,6.034562321416772e-16
338.57,1.8445121691467174e-13,6.045442372625109e-16
338.58,1.8442348486613173e-13,6.064962494378769e-16
338.59,1.8439510123804202e-13,6.08425500393454e-16
338.6,1.843666884067609e-13,6.104348099169333e-16
338.61,1.843386151447486e-13,6.118787657971258e-16
338.62,1.8430979120114943e-13,6.136793318693633e-16
338.63,1.8428154495169649e-13,6.154386319023101e-16
338.64,1.8425323539359908e-13,6.17915098294738e-16
338.65,1.842247123713192e-13,6.188902286381818e-16
338.66,1.8419596156745807e-13,6.202063259594874e-16
338.67,1.841679527288954e-13,6.2228531384462e-16
338.68,1.841393793210376e-13,6.237288281847956e-16
338.69,1.8411107819208642e-13,6.25645749229368e-16
338.7,1.8408232975286723e-13,6.269099924476098e-16
338.71,1.8405408931957232e-13,6.287363189859611e-16
338.72,1.8402504296271373e-13,6.299762403830004e-16
338.73,1.8399660293412094e-13,6.317306265911615e-16
338.74,1.839681798801196e-13,6.330878511338015e-16
338.75,1.8393910551758588e-13,6.342090870901645e-16
338.76,1.8391071421888127e-13,6.35724416365333e-16
338.77,1.838821911194701e-13,6.373081516213038e-16
338.78,1.8385344916985427e-13,6.384882376187225e-16
338.79,1.838248834682139e-13,6.399597191990721e-16
338.8,1.837964094982039e-13,6.413899673421718e-16
338.81,1.837667895018367e-13,6.424370407701844e-16
338.82,1.83738478262863e-13,6.439768364965908e-16
338.83,1.8371090988256803e-13,6.454241282810865e-16
338.84,1.836819251901156e-13,6.466473271874046e-16
338.85,1.8365268457296452e-13,6.476679365841535e-16
338.86,1.8362368957962876e-13,6.487962396178923e-16
338.87,1.8359506626881652e-13,6.499890407180762e-16
338.88,1.8356638801408728e-13,6.509838193858518e-16
338.89,1.8353759405062736e-13,6.522369018662241e-16
338.9,1.8350896933761272e-13,6.531710888226507e-16
338.91,1.834805573433558e-13,6.543542258408707e-16
338.92,1.8345310433785687e-13,6.549883091390996e-16
338.93,1.834222573178123e-13,6.563684644054926e-16
338.94,1.8339364366793239e-13,6.573269594715233e-16
338.95,1.8336469290112589e-13,6.581584457994647e-16
338.96,1.8333580631044775e-13,6.590458280793626e-16
338.97,1.8330666903330012e-13,6.598132247719835e-16
338.98,1.832779383277755e-13,6.607425952837266e-16
338.99,1.8324888282975297e-13,6.613457882112059e-16
339.0,1.8321898720660667e-13,6.617583694888488e-16
339.01,1.8319155219364465e-13,6.6291328191954585e-16
339.02,1.8316239898518603e-13,6.64055626494186e-16
339.03,1.8313332459284796e-13,6.645473721637183e-16
339.04,1.831046059073906e-13,6.654019592196462e-16
339.05,1.8307536126164104e-13,6.659935589206948e-16
339.06,1.8304597038143605e-13,6.665918434107649e-16
339.07,1.8301722048732871e-13,6.672027303950295e-16
339.08,1.82988381634869e-13,6.676595300050937e-16
339.09,1.829582964254379e-13,6.684437828446633e-16
339.1,1.8293063106660354e-13,6.694973012380014e-16
339.11,1.8290164726124687e-13,6.694065497174406e-16
339.12,1.8287241439888323e-13,6.700284406371914e-16
339.13,1.82843877402839e-13,6.704264909802365e-16
339.14,1.8281465098555179e-13,6.707175741809015e-16
339.15,1.8278563964472471e-13,6.712017834109447e-16
339.16,1.82756504798778e-13,6.715813876592884e-16
339.17,1.8272756463487188e-13,6.72034776494971e-16
339.18,1.8269902387856388e-13,6.719137019614712e-16
339.19,1.8266871544434336e-13,6.725281212624493e-16
339.2,1.8264097192772933e-13,6.730319932166889e-16
339.21,1.826115953154231e-13,6.730475188875362e-16
339.22,1.8258246697812834e-13,6.732709560113261e-16
339.23,1.8255350259793663e-13,6.736052194598058e-16
339.24,1.825245324635175e-13,6.735764642755959e-16
339.25,1.8249529927940719e-13,6.737398073941068e-16
339.26,1.824662955705867e-13,6.738309189378668e-16
339.27,1.8243819058054706e-13,6.748291615449866e-16
339.28,1.8240829493377624e-13,6.74023453982493e-16
339.29,1.823791881611071e-13,6.740209641772452e-16
339.3,1.823498692570893e-13,6.739846445168604e-16
339.31,1.8232129441686584e-13,6.74076923829051e-16
339.32,1.8229195331126295e-13,6.740426627828944e-16
339.33,1.8226285757732293e-13,6.738585292728375e-16
339.34,1.8223406256021598e-13,6.737744252530486e-16
339.35,1.8220494636117385e-13,6.734514764461549e-16
339.36,1.8217594104446354e-13,6.738056062727749e-16
339.37,1.8214670224701798e-13,6.733690734568673e-16
339.38,1.821178454492187e-13,6.729985642728352e-16
339.39,1.820879595508672e-13,6.7285278118554185e-16
339.4,1.8205962224422888e-13,6.727925283847002e-16
339.41,1.820304192508934e-13,6.721651681627018e-16
339.42,1.8200083736481053e-13,6.723484847104556e-16
339.43,1.8197240188534215e-13,6.715703012785892e-16
339.44,1.8194357933497124e-13,6.71323693902246e-16
339.45,1.8191524208498989e-13,6.705586370990949e-16
339.46,1.8188538082242525e-13,6.70421246617086e-16
339.47,1.8185648265789317e-13,6.703586628960811e-16
339.48,1.8182708892415145e-13,6.689785194228847e-16
339.49,1.8179853134074627e-13,6.691756286837816e-16
339.5,1.8176949849969938e-13,6.683028637400365e-16
339.51,1.8174013177906247e-13,6.678838980491688e-16
339.52,1.8171139547298476e-13,6.674548049135089e-16
339.53,1.8168254619329394e-13,6.668473311852264e-16
339.54,1.8165257628459514e-13,6.65651109422438e-16
339.55,1.8162457772326945e-13,6.656213637887619e-16
339.56,1.8159538194914333e-13,6.646477010871697e-16
339.57,1.8156652832942185e-13,6.642698691372017e-16
339.58,1.815369303561082e-13,6.62925714138308e-16
339.59,1.8150829888721098e-13,6.62376424489614e-16
339.6,1.8147967516326883e-13,6.620344251341676e-16
339.61,1.8145072639477958e-13,6.61083796131024e-16
339.62,1.8142188847149692e-13,6.602957624434581e-16
339.63,1.8139267511933487e-13,6.599349225104908e-16
339.64,1.813640210680965e-13,6.585898787363889e-16
339.65,1.813349382438894e-13,6.577026424991294e-16
339.66,1.8130656091017257e-13,6.568863572853148e-16
339.67,1.8127769333580493e-13,6.558211163158495e-16
339.68,1.812486571621466e-13,6.55107564715662e-16
339.69,1.8121983327186006e-13,6.539649502158432e-16
339.7,1.8119087874954707e-13,6.531298579209775e-16
339.71,1.8116202743839795e-13,6.520066701097527e-16
339.72,1.8113250423308627e-13,6.50576541052398e-16
339.73,1.8110423568256921e-13,6.496162421931267e-16
339.74,1.810753743047478e-13,6.485305116463061e-16
339.75,1.8104675481655259e-13,6.478320062707348e-16
339.76,1.810177052069915e-13,6.462224360677285e-16
339.77,1.8098898241848237e-13,6.45247127089348e-16
339.78,1.8096039764561206e-13,6.439251310602107e-16
339.79,1.8093154174366575e-13,6.425910162796357e-16
339.8,1.8090251801831488e-13,6.414769651962244e-16
339.81,1.808738782175191e-13,6.40447116652002e-16
339.82,1.808447777351278e-13,6.3886312079298095e-16
339.83,1.8081623953633243e-13,6.374845541494162e-16
339.84,1.8078775129933304e-13,6.362210583562723e-16
339.85,1.807595185849827e-13,6.351367908785762e-16
339.86,1.807304415692931e-13,6.335828319667764e-16
339.87,1.8070197892481187e-13,6.321865357074601e-16
339.88,1.806732976998795e-13,6.307322235325869e-16
339.89,1.8064474324604313e-13,6.292446341453532e-16
339.9,1.806159777598648e-13,6.279201998126656e-16
339.91,1.8058724641096606e-13,6.261562305827966e-16
339.92,1.8055874984539195e-13,6.246966757090908e-16
339.93,1.8053058288581787e-13,6.23366068518485e-16
339.94,1.8050169922072643e-13,6.218399796081491e-16
339.95,1.8047308049476224e-13,6.202917434606942e-16
339.96,1.804446395714474e-13,6.186164086701282e-16
339.97,1.8041630099574728e-13,6.169370913107688e-16
339.98,1.8038788584188808e-13,6.15428106205299e-16
339.99,1.8035921435560012e-13,6.14081063063366e-16
340.0,1.80330617988682e-13,6.122199718085216e-16
340.01,1.803022663060526e-13,6.104700905924894e-16
340.02,1.8027403201046984e-13,6.087763365106117e-16
340.03,1.8024557102423013e-13,6.072093388640347e-16
340.04,1.802173266928832e-13,6.053590070326648e-16
340.05,1.8018885375474532e-13,6.035539434981452e-16
340.06,1.8016052839208333e-13,6.0180771456557275e-16
340.07,1.8013255830360075e-13,6.004477387704954e-16
340.08,1.8010392113760373e-13,5.981302405471508e-16
340.09,1.8007541522009507e-13,5.963727674799305e-16
340.1,1.800473678072157e-13,5.943584727497821e-16
340.11,1.800192831449651e-13,5.925798589238088e-16
340.12,1.79990783940583e-13,5.904429375593799e-16
340.13,1.799627448488051e-13,5.890246403362338e-16
340.14,1.7993437077999136e-13,5.86744658579193e-16
340.15,1.7990638365298812e-13,5.850030717289324e-16
340.16,1.798780733531958e-13,5.83311975808543e-16
340.17,1.7984981346022846e-13,5.809759341251398e-16
340.18,1.7982198300105211e-13,5.793306094936769e-16
340.19,1.7979381874716244e-13,5.769782961514183e-16
340.2,1.7976594325219354e-13,5.751646661882175e-16
340.21,1.7973770990436807e-13,5.729068874559868e-16
340.22,1.7970995217491667e-13,5.710087920324554e-16
340.23,1.7968191780348931e-13,5.690631427626728e-16
340.24,1.796539752049444e-13,5.666893528301812e-16
340.25,1.7962553835215192e-13,5.647049699988229e-16
340.26,1.7959800265956686e-13,5.622340889098307e-16
340.27,1.79570082397931e-13,5.605625691577889e-16
340.28,1.7954235932956175e-13,5.584170703031923e-16
340.29,1.795143449964179e-13,5.563130337857611e-16
340.3,1.7948669228899952e-13,5.540771430435927e-16
340.31,1.7945863249011577e-13,5.519087460399004e-16
340.32,1.7943151375872452e-13,5.501525959702779e-16
340.33,1.7940348927454298e-13,5.474181303485805e-16
340.34,1.7937538639215593e-13,5.453486892838076e-16
340.35,1.7934676513992965e-13,5.433250238821601e-16
340.36,1.7932036352550397e-13,5.410719963252338e-16
340.37,1.792924622143288e-13,5.385336605190543e-16
340.38,1.792648240596994e-13,5.362702207462632e-16
340.39,1.7923709591705353e-13,5.340699659803055e-16
340.4,1.7920902992127121e-13,5.31467668338983e-16
340.41,1.7918170695812598e-13,5.292601823793254e-16
340.42,1.7915431144734405e-13,5.270231589102391e-16
340.43,1.7912715678089843e-13,5.248597991773217e-16
340.44,1.790991656121469e-13,5.225366821222124e-16
340.45,1.790716997079547e-13,5.198547118332986e-16
340.46,1.7904447027757456e-13,5.176864485695631e-16
340.47,1.7901702981307369e-13,5.152386460608345e-16
340.48,1.7898950079227433e-13,5.129385309902437e-16
340.49,1.7896199831264083e-13,5.105893773499779e-16
340.5,1.789349517836756e-13,5.081592809861963e-16
340.51,1.7890762821059528e-13,5.055055745072553e-16
340.52,1.7888009753217346e-13,5.033002764148913e-16
340.53,1.788531295277744e-13,5.007407050625696e-16
340.54,1.7882568492090635e-13,4.982657269799716e-16
340.55,1.7879858623502715e-13,4.961027039545324e-16
340.56,1.7877121134543959e-13,4.935590570629352e-16
340.57,1.7874491861932734e-13,4.906916142040277e-16
340.58,1.7871701636085275e-13,4.884534039797012e-16
340.59,1.7868892026845516e-13,4.857651479328256e-16
340.6,1.7866227051322743e-13,4.832562601138909e-16
340.61,1.786354042803651e-13,4.8090728580341e-16
340.62,1.7860777945448838e-13,4.776481813404341e-16
340.63,1.7858171974888076e-13,4.760760735482893e-16
340.64,1.7855485743456346e-13,4.733945116083508e-16
340.65,1.7852846555168998e-13,4.713374961253426e-16
340.66,1.7850062298729698e-13,4.683865643762499e-16
340.67,1.7847375716804128e-13,4.657508694389157e-16
340.68,1.7844672330207537e-13,4.632840017837687e-16
340.69,1.7842037271201522e-13,4.606168159947638e-16
340.7,1.7839405903109972e-13,4.583166559349316e-16
340.71,1.7836626055033796e-13,4.552850428342088e-16
340.72,1.7833980673883314e-13,4.528487197139935e-16
340.73,1.7831335745249465e-13,4.503944495714095e-16
340.74,1.7828660349355597e-13,4.478582488540854e-16
340.75,1.7825997511647517e-13,4.452674983759526e-16
340.76,1.7823315830620007e-13,4.426840025538987e-16
340.77,1.7820670004747006e-13,4.400835950926271e-16
340.78,1.781801580854593e-13,4.3759204657281673e-16
340.79,1.781537096041608e-13,4.3456726630746504e-16
340.8,1.7812827761085793e-13,4.329885410351979e-16
340.81,1.7810038489794146e-13,4.296135105639171e-16
340.82,1.780744612966933e-13,4.2698906884165e-16
340.83,1.7804766159696886e-13,4.244602404906719e-16
340.84,1.7802186005573064e-13,4.2173437214664633e-16
340.85,1.779949275040389e-13,4.19235108728031e-16
340.86,1.7796866163846464e-13,4.1657290227753314e-16
340.87,1.7794223891982048e-13,4.1412106777074605e-16
340.88,1.7791540474843526e-13,4.111303691309278e-16
340.89,1.7788818645986004e-13,4.087100444826317e-16
340.9,1.7786357204544308e-13,4.05979514857265e-16
340.91,1.778368481115163e-13,4.031836659013585e-16
340.92,1.7781099191963524e-13,4.007698317179039e-16
340.93,1.7778509145745357e-13,3.981063779990338e-16
340.94,1.777587356887409e-13,3.9547259502927963e-16
340.95,1.777329623471857e-13,3.927765380272301e-16
340.96,1.77706674759403e-13,3.9001957056761e-16
340.97,1.7767999694933738e-13,3.870779493752568e-16
340.98,1.7765522256013546e-13,3.852522255340208e-16
340.99,1.776288480162857e-13,3.823484979432856e-16
341.0,1.776027805492754e-13,3.7957441815920887e-16
341.01,1.775769591428651e-13,3.769786831073797e-16
341.02,1.775511328041317e-13,3.7437871275636995e-16
341.03,1.7752560289113994e-13,3.7183440092622557e-16
341.04,1.7749945800668844e-13,3.6897377778061875e-16
341.05,1.7747395626033833e-13,3.665551653638593e-16
341.06,1.7744666823417358e-13,3.625942210954875e-16
341.07,1.774209386071839e-13,3.6034153489644e-16
341.08,1.7739631915248534e-13,3.586284280255239e-16
341.09,1.7737054371083998e-13,3.5594398752744747e-16
341.1,1.7734521550608146e-13,3.5348420135559624e-16
341.11,1.7731969471941362e-13,3.508521054272268e-16
341.12,1.772937638291678e-13,3.479897393632854e-16
341.13,1.7726852985202596e-13,3.455476055710954e-16
341.14,1.772426138299839e-13,3.426174757629296e-16
341.15,1.7721844328501548e-13,3.405515250564726e-16
341.16,1.771918133533058e-13,3.373703203534472e-16
341.17,1.7716618818907531e-13,3.3503047885998837e-16
341.18,1.771411241954949e-13,3.325250442293416e-16
341.19,1.7711594414931959e-13,3.300460441588156e-16
341.2,1.770906167149978e-13,3.2748436201546753e-16
341.21,1.770655175422981e-13,3.250707030461592e-16
341.22,1.7703987206053748e-13,3.2222899486683983e-16
341.23,1.770147178568575e-13,3.1975519976718616e-16
341.24,1.7698969181564628e-13,3.1739071599169517e-16
341.25,1.7696440648956838e-13,3.146338706349722e-16
341.26,1.7693840791904864e-13,3.1191589005526385e-16
341.27,1.7691399269029301e-13,3.09596107399173e-16
341.28,1.7688873053688642e-13,3.070206711250498e-16
341.29,1.7686358217326308e-13,3.0437548580803077e-16
341.3,1.7683876449232022e-13,3.018968998861838e-16
341.31,1.7681360908090523e-13,2.994548312733244e-16
341.32,1.767881662903093e-13,2.9656485802584723e-16
341.33,1.7676421242898652e-13,2.947589667303112e-16
341.34,1.7673839764101938e-13,2.9225876529442874e-16
341.35,1.767138412419874e-13,2.89337014753571e-16
341.36,1.7668903540764414e-13,2.8691735633135805e-16
341.37,1.7666397476145407e-13,2.8444431652656917e-16
341.38,1.766397423139005e-13,2.82255346091655e-16
341.39,1.7661463967686535e-13,2.796137757516783e-16
341.4,1.765900012241312e-13,2.7729149736398844e-16
341.41,1.7656508461373124e-13,2.750756745522454e-16
341.42,1.765403231275141e-13,2.7243313052683543e-16
341.43,1.7651476739481287e-13,2.6920221256006847e-16
341.44,1.7649109722414102e-13,2.6732889916992293e-16
341.45,1.764668376869555e-13,2.653595527626368e-16
341.46,1.764422354298943e-13,2.6299604246062283e-16
341.47,1.7641783998560863e-13,2.6038969670097687e-16
341.48,1.763930141343131e-13,2.5802891451498645e-16
341.49,1.7636870848227655e-13,2.5582138372722705e-16
341.5,1.7634412983668838e-13,2.5333542161486836e-16
341.51,1.7631949661629397e-13,2.5099740742573945e-16
341.52,1.7629506865460508e-13,2.4867863900666884e-16
341.53,1.7627081513878628e-13,2.464538684644748e-16
341.54,1.762463668060363e-13,2.441231171261034e-16
341.55,1.7622205784616692e-13,2.4187938940066397e-16
341.56,1.7619861156842952e-13,2.3971205674730983e-16
341.57,1.761737419809122e-13,2.373475670417815e-16
341.58,1.7614932441891112e-13,2.349974263757365e-16
341.59,1.7612562008686182e-13,2.3316753102495416e-16
341.6,1.761007909303451e-13,2.305037942180234e-16
341.61,1.7607642813487414e-13,2.268843600572697e-16
341.62,1.760526175581119e-13,2.2613014332104575e-16
341.63,1.7602866237320576e-13,2.240349291838925e-16
341.64,1.7600446885129897e-13,2.2168469828870363e-16
341.65,1.7598059232438119e-13,2.198047651019244e-16
341.66,1.7595626909159743e-13,2.1747805643367758e-16
341.67,1.7593261128763813e-13,2.1546665034341523e-16
341.68,1.7590935078193593e-13,2.1309660950812782e-16
341.69,1.7588500850548784e-13,2.1092508118642063e-16
341.7,1.7586108055499477e-13,2.0999435684257039e-16
341.71,1.758365084389465e-13,2.0692920860972462e-16
341.72,1.7581256487450952e-13,2.04716591028717e-16
341.73,1.7578903297485078e-13,2.0283532595060026e-16
341.74,1.7576513270029307e-13,2.0078740831919495e-16
341.75,1.7574143329328307e-13,1.9877597686868897e-16
341.76,1.757175282038886e-13,1.966737176346879e-16
341.77,1.7569404313642565e-13,1.9479477210323773e-16
341.78,1.7567015164233586e-13,1.9275360430010911e-16
341.79,1.7564599440164778e-13,1.9131593708549768e-16
341.8,1.7562273788611568e-13,1.8867652750926327e-16
341.81,1.7559930047895626e-13,1.8702492632032222e-16
341.82,1.7557547982673924e-13,1.8506543476673948e-16
341.83,1.7555223448159442e-13,1.83083185909162e-16
341.84,1.7552837021353944e-13,1.8114696827372688e-16
341.85,1.7550502656952304e-13,1.7940621123137522e-16
341.86,1.7548223747103225e-13,1.7714911091600674e-16
341.87,1.7545808987134635e-13,1.7575520114574288e-16
341.88,1.7543467354556154e-13,1.7204184963808294e-16
341.89,1.754111289018406e-13,1.720588950865053e-16
341.9,1.7538762658612927e-13,1.7022658045716073e-16
341.91,1.7536416795523544e-13,1.6855924206470942e-16
341.92,1.7534086158146713e-13,1.6671447691279295e-16
341.93,1.753175800104085e-13,1.64991541791192e-16
341.94,1.7529419077374218e-13,1.6322936895162738e-16
341.95,1.7526977671744437e-13,1.617671094195374e-16
341.96,1.7524777576910822e-13,1.600868728206604e-16
341.97,1.7522856043071988e-13,1.6035547109462012e-16
341.98,1.7520118360625972e-13,1.5640833770918174e-16
341.99,1.7517806662282078e-13,1.550780933654019e-16
342.0,1.7515496841982643e-13,1.533289104179811e-16
342.01,1.7513093843020872e-13,1.515090577363119e-16
342.02,1.7510852043434127e-13,1.502583882087252e-16
342.03,1.750851466441556e-13,1.4860817059159992e-16
342.04,1.7506217391775055e-13,1.4802366261673464e-16
342.05,1.7503911074576689e-13,1.4546012647783265e-16
342.06,1.7501441413720223e-13,1.4361473374460322e-16
342.07,1.7499319976642167e-13,1.4257125004976777e-16
342.08,1.7496995465856997e-13,1.409268033921666e-16
342.09,1.7494724024623107e-13,1.3965210976616548e-16
342.1,1.7492405247787089e-13,1.3805206812157348e-16
342.11,1.7490122175446308e-13,1.3685803039217094e-16
342.12,1.7487827019384522e-13,1.3543159048076982e-16
342.13,1.7485707556122784e-13,1.334345402807874e-16
342.14,1.7483253274516258e-13,1.3259114725988086e-16
342.15,1.7480924841674903e-13,1.320289678348299e-16
342.16,1.747868616505638e-13,1.3012596509528293e-16
342.17,1.7476404607771749e-13,1.2890139243902044e-16
342.18,1.7474130209273856e-13,1.275394488207405e-16
342.19,1.747181702872559e-13,1.2616368066717102e-16
342.2,1.746958735354376e-13,1.2510941314018275e-16
342.21,1.7467279415422424e-13,1.2369865351320157e-16
342.22,1.7464632967266845e-13,1.200307176591595e-16
342.23,1.746275868824024e-13,1.2147232941075609e-16
342.24,1.746034276358319e-13,1.1935046080999308e-16
342.25,1.745819295415714e-13,1.1887600523754761e-16
342.26,1.745594888189726e-13,1.179706106429946e-16
342.27,1.7453672924521405e-13,1.169205666348922e-16
342.28,1.7451397536713996e-13,1.1574452603907001e-16
342.29,1.7449114181029572e-13,1.1484221813743415e-16
342.3,1.7446897247981372e-13,1.1374015580278043e-16
342.31,1.7444705510571457e-13,1.1469260181470647e-16
342.32,1.7442424798836461e-13,1.1163729902707346e-16
342.33,1.7440139998403022e-13,1.1073997102714287e-16
342.34,1.743785885074328e-13,1.0951967460369603e-16
342.35,1.743562673131464e-13,1.08766576864887e-16
342.36,1.743335756983826e-13,1.0776788869689946e-16
342.37,1.7431122831425961e-13,1.069265127215071e-16
342.38,1.7428873478520288e-13,1.0608318440678149e-16
342.39,1.7426631855189635e-13,1.0523248745798418e-16
342.4,1.7424329583101538e-13,1.0447969816300328e-16
342.41,1.7422106189311668e-13,1.0303263575841837e-16
342.42,1.7419919411272243e-13,1.0243164581190271e-16
342.43,1.7417667793453843e-13,1.0180805344379385e-16
342.44,1.7415434725427383e-13,1.0096723229788253e-16
342.45,1.7413255538314314e-13,1.0069840719880952e-16
342.46,1.7410963690294778e-13,9.967204556709923e-17
342.47,1.7408719090656055e-13,9.880664656860865e-17
342.48,1.740650236012209e-13,9.83630129842772e-17
342.49,1.7404368676075624e-13,9.847645814663528e-17
342.5,1.740207724717611e-13,9.706344166597849e-17
342.51,1.7399886745701216e-13,9.696106726537738e-17
342.52,1.7397589041360096e-13,9.584103537252783e-17
342.53,1.7395356568385518e-13,9.528717619877526e-17
342.54,1.7393288483951914e-13,9.560512632911054e-17
342.55,1.7390913527932782e-13,9.464064083872409e-17
342.56,1.7388745281664502e-13,9.39076106482925e-17
342.57,1.7386491248005064e-13,9.311640250420467e-17
342.58,1.73842586436487e-13,9.246504179309204e-17
342.59,1.738201392892661e-13,9.204097389145825e-17
342.6,1.7379776227685442e-13,9.182125353719038e-17
342.61,1.7377612461426196e-13,9.152450808636572e-17
342.62,1.737540557049466e-13,9.099869340467547e-17
342.63,1.737317500959799e-13,9.07543280242653e-17
342.64,1.737098774847046e-13,9.038833874118483e-17
342.65,1.7368753050610298e-13,9.006380602610854e-17
342.66,1.7366548401351144e-13,8.97523847318164e-17
342.67,1.7364307994364088e-13,8.934721888872556e-17
342.68,1.7362175467002154e-13,8.919142788999475e-17
342.69,1.7359957156080795e-13,8.931523531156308e-17
342.7,1.7357746697105018e-13,8.889633498670552e-17
342.71,1.7355520619495988e-13,8.859810216682103e-17
342.72,1.735334061163659e-13,8.856684260477434e-17
342.73,1.7351109887387088e-13,8.817310402079251e-17
342.74,1.7348888748467814e-13,8.789793602270557e-17
342.75,1.7346710033674178e-13,8.781376324955501e-17
342.76,1.7344478309843128e-13,8.747127687142652e-17
342.77,1.7342396683497535e-13,8.840466935424648e-17
342.78,1.7340086737095988e-13,8.748578824495807e-17
342.79,1.7337904679916628e-13,8.769118912172391e-17
342.8,1.7335715110744598e-13,8.788488543575272e-17
342.81,1.7333581063690888e-13,8.815037767584768e-17
342.82,1.7331313584285372e-13,8.775661746600282e-17
342.83,1.7329131585398372e-13,8.778462324747015e-17
342.84,1.7326930567511544e-13,8.789311695818934e-17
342.85,1.7324746899385975e-13,8.76886179199862e-17
342.86,1.7322585657594853e-13,8.693350904489965e-17
342.87,1.7320362768453098e-13,8.83015357300848e-17
342.88,1.7318172381297836e-13,8.840097981597625e-17
342.89,1.7315993655808032e-13,8.86347573608937e-17
342.9,1.7313772911265303e-13,8.873373411760915e-17
342.91,1.731158805792928e-13,8.889030161947434e-17
342.92,1.730941584909484e-13,8.941303168884222e-17
342.93,1.7307216080613118e-13,8.934667895095272e-17
342.94,1.730484586756122e-13,8.96628211113232e-17
342.95,1.7302791094244148e-13,9.007103242696282e-17
342.96,1.730064517081256e-13,9.024541129889373e-17
342.97,1.7298483315584566e-13,9.065724770465641e-17
342.98,1.7296285557557818e-13,9.095157143981617e-17
342.99,1.729408882869556e-13,9.130434105984172e-17
343.0,1.7291901086226793e-13,9.178203906175031e-17
343.01,1.7289708074839585e-13,9.201484458950178e-17
343.02,1.7287529879760493e-13,9.275091626954654e-17
343.03,1.728534167973903e-13,9.271097643010597e-17
343.04,1.728327946010226e-13,9.375255571143173e-17
343.05,1.728100760071612e-13,9.426038894536189e-17
343.06,1.7278793690513358e-13,9.473743050961957e-17
343.07,1.727662724918824e-13,9.523632805327041e-17
343.08,1.727444152127516e-13,9.561761768921293e-17
343.09,1.727225950788795e-13,9.623640625787284e-17
343.1,1.7270088128201944e-13,9.684426577744955e-17
343.11,1.7267870980568869e-13,9.74099277566114e-17
343.12,1.7265674192142972e-13,9.847609825534926e-17
343.13,1.7263466774233822e-13,9.893389683894636e-17
343.14,1.7261285625086405e-13,9.944167903721945e-17
343.15,1.7259140858550092e-13,1.0010531171285072e-16
343.16,1.7256966927686286e-13,1.0075951708304611e-16
343.17,1.7254768248373065e-13,1.0156109553620797e-16
343.18,1.725260031319657e-13,1.0207127302748779e-16
343.19,1.725039440496183e-13,1.0280741323893252e-16
343.2,1.7248227043817568e-13,1.0359544764662327e-16
343.21,1.7246090427132705e-13,1.0428619821030474e-16
343.22,1.724387603214967e-13,1.0517294457913835e-16
343.23,1.7241703327902736e-13,1.0619548292024647e-16
343.24,1.7239472368008883e-13,1.069814416542539e-16
343.25,1.7237330592725874e-13,1.0786944366491903e-16
343.26,1.7235150539281148e-13,1.0872559210083834e-16
343.27,1.72329199906835e-13,1.0947957341573826e-16
343.28,1.7230777196822867e-13,1.1061174946292363e-16
343.29,1.722860277400469e-13,1.1141722436716084e-16
343.3,1.7226475681746873e-13,1.1270805924280253e-16
343.31,1.7224227561857967e-13,1.1321208561445615e-16
343.32,1.7222002729818372e-13,1.1400245022876782e-16
343.33,1.7219750149116785e-13,1.1411829327921514e-16
343.34,1.7217702573497214e-13,1.1617482171084159e-16
343.35,1.7215471918325306e-13,1.174266115976296e-16
343.36,1.7213201146941345e-13,1.1799728618190751e-16
343.37,1.7211127392640326e-13,1.1952307761248095e-16
343.38,1.7208916596507614e-13,1.2042172131134003e-16
343.39,1.7206689758865224e-13,1.2159167728599842e-16
343.4,1.7204505545728416e-13,1.2267710827588454e-16
343.41,1.7202398778321393e-13,1.2375525350029782e-16
343.42,1.7200189492417332e-13,1.25087283859318e-16
343.43,1.7197993735330113e-13,1.2613453388248415e-16
343.44,1.719575073773371e-13,1.2643749674997319e-16
343.45,1.7193631167311657e-13,1.286118866469832e-16
343.46,1.7191427759992554e-13,1.297543265982776e-16
343.47,1.718925074072218e-13,1.3095216859540078e-16
343.48,1.718703044244473e-13,1.32042087973206e-16
343.49,1.71848460059899e-13,1.3361730855259134e-16
343.5,1.7182663218916656e-13,1.346198428413772e-16
343.51,1.7180500106472525e-13,1.3597174012725436e-16
343.52,1.7178303385919933e-13,1.370946770153814e-16
343.53,1.7176081869863363e-13,1.3842024231061515e-16
343.54,1.7173891859486455e-13,1.3986011366997514e-16
343.55,1.7171732748480378e-13,1.412019432324499e-16
343.56,1.7169493446490838e-13,1.4256397004924325e-16
343.57,1.7167238967346114e-13,1.435384117853338e-16
343.58,1.716512473264948e-13,1.4539820844709574e-16
343.59,1.7162921362100636e-13,1.4678703109419672e-16
343.6,1.7160746671386303e-13,1.4813699097299702e-16
343.61,1.7158517193980841e-13,1.4936527436658388e-16
343.62,1.7156352773378741e-13,1.5095772677297446e-16
343.63,1.7154072675383839e-13,1.527464145212166e-16
343.64,1.7151930123092617e-13,1.5382308546151522e-16
343.65,1.71496848787799e-13,1.5496577887859328e-16
343.66,1.7147621641840354e-13,1.5729854290249806e-16
343.67,1.714535126333838e-13,1.5851017760591856e-16
343.68,1.714309735238768e-13,1.5977184487565446e-16
343.69,1.7140946099628644e-13,1.6134372467495153e-16
343.7,1.7138724173871242e-13,1.6292998893386974e-16
343.71,1.7136535642392518e-13,1.6446853924342764e-16
343.72,1.7134302337972136e-13,1.6593154823302655e-16
343.73,1.7132106719273267e-13,1.6744339002142625e-16
343.74,1.7129903210240281e-13,1.6864466349882478e-16
343.75,1.7127698246771195e-13,1.7048101313916706e-16
343.76,1.7125479099049038e-13,1.7269539011686182e-16
343.77,1.712327407437642e-13,1.7385013985542303e-16
343.78,1.712105600805168e-13,1.7539497509907782e-16
343.79,1.7118830833996394e-13,1.7704063662443522e-16
343.8,1.7116638082915391e-13,1.7878914992366595e-16
343.81,1.711442346409218e-13,1.8036115402178016e-16
343.82,1.7112190083773e-13,1.820773768476963e-16
343.83,1.7109994207396753e-13,1.8376047966595743e-16
343.84,1.7107748797379774e-13,1.8531000145561923e-16
343.85,1.7105558237217663e-13,1.874643509783675e-16
343.86,1.7103312299189705e-13,1.8855636244659647e-16
343.87,1.7101136407955338e-13,1.903943154532374e-16
343.88,1.7098905172115297e-13,1.9214925961414147e-16
343.89,1.7096700022312577e-13,1.937141092027697e-16
343.9,1.7094435210898622e-13,1.9553564359005378e-16
343.91,1.7092232560175925e-13,1.9740824417454446e-16
343.92,1.709002259621517e-13,1.989555520033791e-16
343.93,1.7087731213729573e-13,2.0057174888567506e-16
343.94,1.708557360157782e-13,2.0287779289670332e-16
343.95,1.708331778717894e-13,2.043900009111181e-16
343.96,1.7081108070770904e-13,2.063297953345974e-16
343.97,1.7078891244918852e-13,2.080442568735974e-16
343.98,1.707663861194366e-13,2.0973454667041857e-16
343.99,1.7074385840455136e-13,2.1154701626970466e-16
344.0,1.707215667451879e-13,2.133437156687537e-16
344.01,1.706998999004983e-13,2.150805278363066e-16
344.02,1.706769063052096e-13,2.1705216442785923e-16
344.03,1.7065473210256536e-13,2.188447335998691e-16
344.04,1.7063216641238309e-13,2.2079899916151604e-16
344.05,1.7061009352222084e-13,2.225582383282458e-16
344.06,1.7058728894518955e-13,2.2439218956574783e-16
344.07,1.7056484881258014e-13,2.262516323010166e-16
344.08,1.705425239711568e-13,2.27917215000092e-16
344.09,1.7052019305213086e-13,2.300071176974261e-16
344.1,1.704979968542606e-13,2.3195234059799746e-16
344.11,1.7047481647716626e-13,2.3328849921378465e-16
344.12,1.7045310266155168e-13,2.35752310596353e-16
344.13,1.704306168322106e-13,2.3783582616794806e-16
344.14,1.704076745915428e-13,2.393852392363968e-16
344.15,1.703849699053061e-13,2.413144652064058e-16
344.16,1.7036227064125322e-13,2.4315086263381266e-16
344.17,1.7034021944159063e-13,2.4524494383261826e-16
344.18,1.7031763151922262e-13,2.4696780757180937e-16
344.19,1.7029525331435118e-13,2.491102034386562e-16
344.2,1.7027229718214066e-13,2.512800122393727e-16
344.21,1.7024995195008966e-13,2.5291142170460673e-16
344.22,1.7022733725246668e-13,2.548266452279371e-16
344.23,1.702049087540992e-13,2.5697339676645564e-16
344.24,1.7018175239205622e-13,2.586915419268535e-16
344.25,1.7015942675179037e-13,2.606405713721619e-16
344.26,1.7013615771761308e-13,2.624876589233346e-16
344.27,1.7011408640208112e-13,2.6451067724210856e-16
344.28,1.7009142475814353e-13,2.6652794184512336e-16
344.29,1.7006938774170784e-13,2.6934962239573285e-16
344.3,1.700460038172417e-13,2.7053224307020885e-16
344.31,1.7002344636105577e-13,2.723238218296145e-16
344.32,1.700005589027694e-13,2.7426917317465792e-16
344.33,1.6997787698963467e-13,2.760801860369157e-16
344.34,1.6995479112444456e-13,2.7808950689229034e-16
344.35,1.6993224003051308e-13,2.801288740043762e-16
344.36,1.699092644476456e-13,2.820985856919047e-16
344.37,1.6988675231633297e-13,2.842830141052639e-16
344.38,1.6986380547854497e-13,2.8625151340716306e-16
344.39,1.6984138991124505e-13,2.8810078602359327e-16
344.4,1.6981816485730253e-13,2.8989221282717435e-16
344.41,1.6979546886875124e-13,2.9218978435777444e-16
344.42,1.6977237481658795e-13,2.9394163526617434e-16
344.43,1.6974947719396118e-13,2.959344498686573e-16
344.44,1.697266641524332e-13,2.978796106436488e-16
344.45,1.6970363886715356e-13,2.999018351778715e-16
344.46,1.696809207528027e-13,3.0195285169349976e-16
344.47,1.6965806878408213e-13,3.038975148527329e-16
344.48,1.696349672309928e-13,3.0575003376386683e-16
344.49,1.6961200763957176e-13,3.075666965691265e-16
344.5,1.695889142106446e-13,3.094373811836175e-16
344.51,1.6956609062333657e-13,3.116254843541246e-16
344.52,1.6954330093210382e-13,3.136832573263378e-16
344.53,1.6951857535273872e-13,3.156796576585251e-16
344.54,1.6949746518085638e-13,3.177577652780348e-16
344.55,1.6947358005936775e-13,3.1925280656130887e-16
344.56,1.6944938401771548e-13,3.2079879386124406e-16
344.57,1.6942762228267754e-13,3.233132813463535e-16
344.58,1.6940445421408997e-13,3.2531130019142185e-16
344.59,1.6938129959008846e-13,3.2718338311909247e-16
344.6,1.6935831295758889e-13,3.291569011536199e-16
344.61,1.6933494473412445e-13,3.3090430326122053e-16
344.62,1.6931208351426635e-13,3.3302031610755946e-16
344.63,1.692887412241388e-13,3.349628759505833e-16
344.64,1.6926540342436374e-13,3.369545962450073e-16
344.65,1.6924220444386886e-13,3.38587998594579e-16
344.66,1.6921969613534833e-13,3.409948106680453e-16
344.67,1.691965169134981e-13,3.429131203110892e-16
344.68,1.691728224051584e-13,3.446329160998305e-16
344.69,1.6914989678362507e-13,3.4656414872896773e-16
344.7,1.6912643736745725e-13,3.483752487760975e-16
344.71,1.6910330564779088e-13,3.5038991307985406e-16
344.72,1.6908005697219868e-13,3.52253866514011e-16
344.73,1.6905623405485287e-13,3.5411927101319264e-16
344.74,1.6903433154611285e-13,3.5631546358903413e-16
344.75,1.6900997685137212e-13,3.578883965550119e-16
344.76,1.6898630788760133e-13,3.597321639888089e-16
344.77,1.6896303606312607e-13,3.6165661195274063e-16
344.78,1.6893964028293113e-13,3.634117856517988e-16
344.79,1.6891620779927332e-13,3.6512304289609406e-16
344.8,1.6889293299563965e-13,3.67131904266256e-16
344.81,1.688692803955428e-13,3.6886650062409084e-16
344.82,1.688455939618418e-13,3.7030879625996925e-16
344.83,1.6882429827108464e-13,3.7375852817708676e-16
344.84,1.6879925910318632e-13,3.746395323695368e-16
344.85,1.687757840507128e-13,3.7648013545857597e-16
344.86,1.6875224453021784e-13,3.781962298394936e-16
344.87,1.6872881599605137e-13,3.7998779341650816e-16
344.88,1.6870546701382105e-13,3.8181181678491184e-16
344.89,1.6868211704426106e-13,3.837815625089378e-16
344.9,1.686579753475812e-13,3.852688094095267e-16
344.91,1.6863302253227637e-13,3.8611795579837336e-16
344.92,1.686109936960526e-13,3.8866097993151944e-16
344.93,1.685875317808923e-13,3.9075287103261904e-16
344.94,1.6856398174356078e-13,3.925143900862247e-16
344.95,1.6854047640477806e-13,3.9439603368856207e-16
344.96,1.6851683206175921e-13,3.959868440212187e-16
344.97,1.6849278632814313e-13,3.9766427164208084e-16
344.98,1.6846944585799436e-13,3.9934853513468704e-16
344.99,1.6844554088298342e-13,4.01047655850071e-16
345.0,1.684222024892854e-13,4.028917117687839e-16
345.01,1.6839765040219751e-13,4.043014088590356e-16
345.02,1.6837485600311299e-13,4.0631089727285246e-16
345.03,1.68351251185193e-13,4.079088900721642e-16
345.04,1.6832742585886897e-13,4.09720242653523e-16
345.05,1.6830384897966835e-13,4.112948453065345e-16
345.06,1.6827978659492372e-13,4.1338020383563064e-16
345.07,1.6825614649870775e-13,4.144977382535734e-16
345.08,1.6823265525611488e-13,4.164107243442189e-16
345.09,1.6820935423468768e-13,4.187502564201671e-16
345.1,1.6818448340665974e-13,4.191271885647732e-16
345.11,1.6816055987698073e-13,4.2123964075544474e-16
345.12,1.681371287830503e-13,4.2265812472526686e-16
345.13,1.6811332455187821e-13,4.242532537649409e-16
345.14,1.6808953186134256e-13,4.257282096741801e-16
345.15,1.6806544757843424e-13,4.2715906735281664e-16
345.16,1.680419200000093e-13,4.2891283301582454e-16
345.17,1.6801741045244745e-13,4.303112890249157e-16
345.18,1.6799478638770454e-13,4.323796333134576e-16
345.19,1.6796994313564644e-13,4.331377170556807e-16
345.2,1.6794620472088536e-13,4.3494113464832932e-16
345.21,1.6792230609990403e-13,4.366266284059356e-16
345.22,1.6789865144843768e-13,4.381734282947648e-16
345.23,1.6787440395447178e-13,4.3950161500800447e-16
345.24,1.6785047847781642e-13,4.408861777797878e-16
345.25,1.678265295067823e-13,4.4240980504136304e-16
345.26,1.678029608572361e-13,4.440529855780653e-16
345.27,1.6777853128757783e-13,4.452618527005134e-16
345.28,1.6775482394273136e-13,4.467947424442403e-16
345.29,1.677307299063222e-13,4.481881055899704e-16
345.3,1.6770638977302185e-13,4.492543441896131e-16
345.31,1.6768256036485306e-13,4.510197423544247e-16
345.32,1.6765869627859247e-13,4.523195247767342e-16
345.33,1.6763433930194576e-13,4.536194729941674e-16
345.34,1.6761024485493018e-13,4.549211988697063e-16
345.35,1.675862655312346e-13,4.560962005251975e-16
345.36,1.6756187685657565e-13,4.57474187417695e-16
345.37,1.6753849086650193e-13,4.594540016784564e-16
345.38,1.675136726463926e-13,4.600158055780077e-16
345.39,1.6748984672021914e-13,4.614798931242838e-16
345.4,1.6746568997448528e-13,4.629353676191257e-16
345.41,1.674427627877447e-13,4.644670754936663e-16
345.42,1.6741748133202885e-13,4.653182657111427e-16
345.43,1.6739325942832873e-13,4.664457760675057e-16
345.44,1.673691832879202e-13,4.676358140325338e-16
345.45,1.6734411186018662e-13,4.685918229837262e-16
345.46,1.6732133768063077e-13,4.707816781598327e-16
345.47,1.672965760204515e-13,4.713089110238297e-16
345.48,1.6727245884931696e-13,4.724242406680007e-16
345.49,1.6724813913545328e-13,4.734489253090051e-16
345.5,1.6722397858473894e-13,4.746776532871442e-16
345.51,1.6719920803674575e-13,4.755768592831924e-16
345.52,1.6717564734297643e-13,4.768837426150544e-16
345.53,1.6715042496429998e-13,4.774503669948848e-16
345.54,1.671276030973818e-13,4.790770490905362e-16
345.55,1.671013874287445e-13,4.802437691697785e-16
345.56,1.670785929286893e-13,4.810734444895391e-16
345.57,1.6705401738066053e-13,4.817899947567925e-16
345.58,1.6703016146345433e-13,4.833759587665612e-16
345.59,1.6700566239522984e-13,4.841983295941796e-16
345.6,1.669807796122271e-13,4.848487397344188e-16
345.61,1.6695703161857084e-13,4.861637052643107e-16
345.62,1.6693287073590565e-13,4.878536410401142e-16
345.63,1.6690804356715767e-13,4.878508195993314e-16
345.64,1.6688560244611832e-13,4.884886865807685e-16
345.65,1.6685994649793206e-13,4.899377419273537e-16
345.66,1.6683567448401027e-13,4.909448001018699e-16
345.67,1.668110916284741e-13,4.917247582892254e-16
345.68,1.6678688418750708e-13,4.926651032026467e-16
345.69,1.6676251526629344e-13,4.933782024814818e-16
345.7,1.6673811073795214e-13,4.942716614040339e-16
345.71,1.6671206990076273e-13,4.94589135468907e-16
345.72,1.6668930965206512e-13,4.95996232375489e-16
345.73,1.6666521146915062e-13,4.9718699658130585e-16
345.74,1.6664067644933551e-13,4.974374654443585e-16
345.75,1.6661620437280037e-13,4.982448944849498e-16
345.76,1.665918243766951e-13,4.990150670277355e-16
345.77,1.665673791323383e-13,4.99833709300271e-16
345.78,1.6654299478444628e-13,5.003126883126804e-16
345.79,1.6651870434060554e-13,5.012179852385546e-16
345.8,1.6649507445237893e-13,5.032050931026963e-16
345.81,1.6646982341607708e-13,5.02150336502974e-16
345.82,1.6644301708867266e-13,5.02672522778544e-16
345.83,1.6642022892327048e-13,5.036047434202124e-16
345.84,1.663966170606033e-13,5.04403531073312e-16
345.85,1.6637199862165587e-13,5.052592000832741e-16
345.86,1.6634759984450004e-13,5.058533126085526e-16
345.87,1.6632315865897728e-13,5.061287075131125e-16
345.88,1.6629839703302261e-13,5.069956087218175e-16
345.89,1.6627455071547103e-13,5.065981776521879e-16
345.9,1.662501180589637e-13,5.078864799025355e-16
345.91,1.6622447209420087e-13,5.053031046434701e-16
345.92,1.6620102660094295e-13,5.084214442691524e-16
345.93,1.661763158984812e-13,5.09189298346117e-16
345.94,1.6615171492356668e-13,5.095613245189847e-16
345.95,1.6612744954545636e-13,5.099914266369914e-16
345.96,1.6610286306773734e-13,5.105339733941726e-16
345.97,1.6607892807877802e-13,5.113068866452932e-16
345.98,1.6605422269237809e-13,5.107532343488002e-16
345.99,1.6602970191234369e-13,5.11609111632564e-16
346.0,1.6600511826903794e-13,5.121947771445577e-16
346.01,1.6598019117136935e-13,5.122594351595551e-16
346.02,1.6595610661124862e-13,5.127309631954984e-16
346.03,1.6593144434877504e-13,5.128761599198723e-16
346.04,1.659070828172058e-13,5.13304572312285e-16
346.05,1.6588283583279856e-13,5.139740688627684e-16
346.06,1.6585801899586884e-13,5.139824680580509e-16
346.07,1.658335813149484e-13,5.168037806497379e-16
346.08,1.6580883937146255e-13,5.142685692263891e-16
346.09,1.6578593668641263e-13,5.151386948818414e-16
346.1,1.657600991868561e-13,5.149124483461187e-16
346.11,1.6573561543608942e-13,5.150740541639271e-16
346.12,1.6571097324131033e-13,5.151811236475035e-16
346.13,1.6568640217485833e-13,5.153300136135906e-16
346.14,1.6566206871795183e-13,5.155259145177395e-16
346.15,1.6563756207157163e-13,5.155452695324508e-16
346.16,1.6561656260392947e-13,5.171615419141117e-16
346.17,1.6558813419844474e-13,5.157291950937497e-16
346.18,1.6556369737474572e-13,5.163181470214072e-16
346.19,1.6553941547644786e-13,5.158111780414462e-16
346.2,1.6551507011857392e-13,5.161893650565472e-16
346.21,1.6548981094548035e-13,5.157339269644418e-16
346.22,1.6546594812604339e-13,5.160421175126714e-16
346.23,1.654416364472366e-13,5.158289356799285e-16
346.24,1.6541704891300064e-13,5.160261712844286e-16
346.25,1.6539268616138718e-13,5.1553816823045e-16
346.26,1.6536822528814225e-13,5.158737016553271e-16
346.27,1.653431301485547e-13,5.156975924241973e-16
346.28,1.6531893927583406e-13,5.156303147585936e-16
346.29,1.652945269907068e-13,5.156031368948061e-16
346.3,1.6527007623430168e-13,5.157735671245136e-16
346.31,1.652453184159763e-13,5.154077827130068e-16
346.32,1.652208310737512e-13,5.152755959554091e-16
346.33,1.651964148648273e-13,5.148622772076374e-16
346.34,1.651718391082354e-13,5.143014578252768e-16
346.35,1.6514739514389245e-13,5.144590482762249e-16
346.36,1.6512300740640486e-13,5.146380431810371e-16
346.37,1.6509856309736327e-13,5.142689051726677e-16
346.38,1.6507405715549892e-13,5.140220480433309e-16
346.39,1.6504929338182775e-13,5.13786317399197e-16
346.4,1.6502529911462424e-13,5.133062042362079e-16
346.41,1.6500047635387073e-13,5.129942092143573e-16
346.42,1.649763424123584e-13,5.12913879966396e-16
346.43,1.6495135176446858e-13,5.122766648585717e-16
346.44,1.6492697565264816e-13,5.119762928848782e-16
346.45,1.6490273315545567e-13,5.113804197925451e-16
346.46,1.648780763476221e-13,5.114975483631599e-16
346.47,1.6485376567948015e-13,5.110821590631487e-16
346.48,1.648292967742615e-13,5.107764163404421e-16
346.49,1.648048887634233e-13,5.103857278289876e-16
346.5,1.6478044130847038e-13,5.097306324294874e-16
346.51,1.6475591401802027e-13,5.092771211857432e-16
346.52,1.647316680833673e-13,5.090625788238639e-16
346.53,1.6470747603682038e-13,5.084978345275914e-16
346.54,1.646830763048748e-13,5.080418600028913e-16
346.55,1.6465828195444344e-13,5.073885342125546e-16
346.56,1.6463408799098022e-13,5.071038396828033e-16
346.57,1.6460952822256361e-13,5.060773760623233e-16
346.58,1.6458521546542462e-13,5.056976375617731e-16
346.59,1.6456082820340788e-13,5.052967944543178e-16
346.6,1.6453628743021416e-13,5.04580412016837e-16
346.61,1.645113329564106e-13,5.035951046480703e-16
346.62,1.6448788453114044e-13,5.031473821463267e-16
346.63,1.6446363202877945e-13,5.03045013891932e-16
346.64,1.6443898423517954e-13,5.023111259283917e-16
346.65,1.6441394472749237e-13,5.01502635919811e-16
346.66,1.6439006003395677e-13,5.009436190891009e-16
346.67,1.643659445832738e-13,5.002196942472064e-16
346.68,1.6434163813466146e-13,4.994339635290855e-16
346.69,1.6431746945527404e-13,4.987080728891586e-16
346.7,1.642936598998391e-13,4.985983336112469e-16
346.71,1.6426926097867982e-13,4.974951361826104e-16
346.72,1.6424442527433835e-13,4.969150992542149e-16
346.73,1.6421995730369497e-13,4.95945993150716e-16
346.74,1.6419602114593394e-13,4.954126474252072e-16
346.75,1.6417138362774944e-13,4.943504852176751e-16
346.76,1.6414719699065315e-13,4.93504159025783e-16
346.77,1.6412297761052397e-13,4.927225672108235e-16
346.78,1.6409859851969984e-13,4.917631729950472e-16
346.79,1.6407512138961212e-13,4.910233146022672e-16
346.8,1.6404958184681417e-13,4.901088794909519e-16
346.81,1.640257184629558e-13,4.892186558956149e-16
346.82,1.6400165939946424e-13,4.885952114090301e-16
346.83,1.6397741142575537e-13,4.875592225124307e-16
346.84,1.639532716614729e-13,4.86579479051624e-16
346.85,1.639291193254788e-13,4.857985315538372e-16
346.86,1.639047027874254e-13,4.848645136562664e-16
346.87,1.6388080300561562e-13,4.838111269279515e-16
346.88,1.6385718413860203e-13,4.815941031781947e-16
346.89,1.63832732691313e-13,4.826294713810081e-16
346.9,1.638081755450958e-13,4.810059470834289e-16
346.91,1.637838942205673e-13,4.799591323092586e-16
346.92,1.6375972284412548e-13,4.788336326848763e-16
346.93,1.6373589885956123e-13,4.780312628424011e-16
346.94,1.6371172377849948e-13,4.769772129276673e-16
346.95,1.6368732393732646e-13,4.758533371791874e-16
346.96,1.6366370039080328e-13,4.750480669057361e-16
346.97,1.6363892300457912e-13,4.740154219138033e-16
346.98,1.6361629838720215e-13,4.727155436952713e-16
346.99,1.6359131227708037e-13,4.714690197751163e-16
347.0,1.6356712109773432e-13,4.705178352511982e-16
347.01,1.6354315046515263e-13,4.69324650721914e-16
347.02,1.63519069238882e-13,4.683284004279031e-16
347.03,1.6349532369608342e-13,4.671697064664733e-16
347.04,1.634710127550591e-13,4.659241124638264e-16
347.05,1.6344770212790596e-13,4.653476702036357e-16
347.06,1.6342223763860506e-13,4.634481962973464e-16
347.07,1.6339894553204546e-13,4.623963370977565e-16
347.08,1.6337522676513234e-13,4.614836437620549e-16
347.09,1.6335115813421771e-13,4.600973599362179e-16
347.1,1.633274786825859e-13,4.590380789368041e-16
347.11,1.633034585296477e-13,4.576318558991088e-16
347.12,1.632789365143748e-13,4.563151392567303e-16
347.13,1.632556227194774e-13,4.553350321249694e-16
347.14,1.6323182777866204e-13,4.538652633156577e-16
347.15,1.6320672435920212e-13,4.527193482338577e-16
347.16,1.631839461352454e-13,4.514714249398198e-16
347.17,1.6316013582990317e-13,4.502120951489127e-16
347.18,1.6313617842219997e-13,4.489321109424898e-16
347.19,1.6311245117327454e-13,4.478006611675575e-16
347.2,1.6308843466966867e-13,4.462289014595472e-16
347.21,1.6306320825385437e-13,4.452510782257711e-16
347.22,1.630407728259352e-13,4.4363616556557466e-16
347.23,1.6301719203098635e-13,4.4252770035880267e-16
347.24,1.629930242486499e-13,4.423913997020426e-16
347.25,1.629698118208592e-13,4.3984035089449337e-16
347.26,1.6294550530520294e-13,4.3870258670431583e-16
347.27,1.6292206140385824e-13,4.368376712233652e-16
347.28,1.6289836410704614e-13,4.3586429739847894e-16
347.29,1.6287480750384192e-13,4.346388336684014e-16
347.3,1.628512735030001e-13,4.3300465712483426e-16
347.31,1.6282736784582522e-13,4.3166543026330654e-16
347.32,1.6280364374405967e-13,4.302451186089496e-16
347.33,1.6278013873056113e-13,4.2870971179080795e-16
347.34,1.6275656342926264e-13,4.273777351858832e-16
347.35,1.6273247693482386e-13,4.25909288582822e-16
347.36,1.6270922667087101e-13,4.245151102058531e-16
347.37,1.6268531772950738e-13,4.2300611863097637e-16
347.38,1.6266162714984924e-13,4.2165687959058016e-16
347.39,1.6263814621579844e-13,4.20297830540512e-16
347.4,1.6261478325142338e-13,4.186894702723408e-16
347.41,1.625914405358802e-13,4.17414186439507e-16
347.42,1.6256733051714045e-13,4.1500491586397554e-16
347.43,1.625444973706782e-13,4.143990502046571e-16
347.44,1.6252085413355035e-13,4.1304229833446696e-16
347.45,1.6249726140271702e-13,4.115060607463191e-16
347.46,1.624742337569233e-13,4.1000550286465534e-16
347.47,1.6245018099802983e-13,4.084700688652888e-16
347.48,1.6242686333235746e-13,4.0695840208079044e-16
347.49,1.6240352482192732e-13,4.055222478520681e-16
347.5,1.6238000621814356e-13,4.040346154172973e-16
347.51,1.623556634999562e-13,4.0232893835380927e-16
347.52,1.6233351741258487e-13,4.00894807542982e-16
347.53,1.623101051215646e-13,3.994171763048464e-16
347.54,1.6228709064117015e-13,3.9810056047349773e-16
347.55,1.622630810934205e-13,3.9609384840498097e-16
347.56,1.6223980534544782e-13,3.9465737476086083e-16
347.57,1.6221643428785856e-13,3.931926541126656e-16
347.58,1.621933004219387e-13,3.9158732362845824e-16
347.59,1.6216949618189698e-13,3.9012372538675157e-16
347.6,1.6214580418090524e-13,3.8789528795625483e-16
347.61,1.6212391842874871e-13,3.869811635967218e-16
347.62,1.62100197119804e-13,3.8546061490947875e-16
347.63,1.6207661665938498e-13,3.835718888264661e-16
347.64,1.6205387628056666e-13,3.824216151784084e-16
347.65,1.620305763070058e-13,3.805787248162765e-16
347.66,1.620077316944938e-13,3.794747818131443e-16
347.67,1.619843574210718e-13,3.7748171562009857e-16
347.68,1.6196144565200551e-13,3.7620909178000297e-16
347.69,1.6193758921332206e-13,3.739037905185272e-16
347.7,1.6191543490995904e-13,3.7269021265782623e-16
347.71,1.618917892859466e-13,3.7104527772463105e-16
347.72,1.618686712834946e-13,3.6949005689590807e-16
347.73,1.6184600934203723e-13,3.680006772899849e-16
347.74,1.6182257441146628e-13,3.6621971765253505e-16
347.75,1.6179965035385483e-13,3.6483835797059663e-16
347.76,1.617768181811213e-13,3.6301522888668534e-16
347.77,1.6175355919999834e-13,3.617338101312421e-16
347.78,1.6173021473050295e-13,3.601236097506555e-16
347.79,1.617078553540423e-13,3.579760015026276e-16
347.8,1.6168483288235005e-13,3.5687190880409926e-16
347.81,1.6166171850547084e-13,3.5517166400276914e-16
347.82,1.6163889901410643e-13,3.535428941924727e-16
347.83,1.6161577858332302e-13,3.519322749028789e-16
347.84,1.6159299595998457e-13,3.502855710070528e-16
347.85,1.6156994782847523e-13,3.486629971855592e-16
347.86,1.6154689858274715e-13,3.4722211213078654e-16
347.87,1.6152488489880646e-13,3.4581455594133767e-16
347.88,1.6150185032179242e-13,3.4357138542481927e-16
347.89,1.6147881860498857e-13,3.420428466061276e-16
347.9,1.6145632743138884e-13,3.4070656105260136e-16
347.91,1.6143345077355708e-13,3.388561333726124e-16
347.92,1.6141050480802952e-13,3.3727605350901325e-16
347.93,1.6138775545077053e-13,3.356833294083329e-16
347.94,1.6136523743901578e-13,3.340738102045165e-16
347.95,1.6134216635966892e-13,3.322055439316357e-16
347.96,1.6131921368221499e-13,3.307164307582198e-16
347.97,1.612970062767818e-13,3.2902272386189827e-16
347.98,1.6127457678341346e-13,3.27651689347737e-16
347.99,1.612517036530612e-13,3.2599153797057606e-16
348.0,1.6122919506413476e-13,3.2439734708416345e-16
348.01,1.6120621091637926e-13,3.2283573562702453e-16
348.02,1.6118393095493083e-13,3.2117667153426976e-16
348.03,1.6116115305277235e-13,3.1939953928331327e-16
348.04,1.6113864953809047e-13,3.178466119116728e-16
348.05,1.6111617936300035e-13,3.159754745384884e-16
348.06,1.6109342691613325e-13,3.146755478854377e-16
348.07,1.6107123384521681e-13,3.129695861543538e-16
348.08,1.6104866283999407e-13,3.1142555924598527e-16
348.09,1.6102630341444673e-13,3.101155049064333e-16
348.1,1.610035990518474e-13,3.081760388671317e-16
348.11,1.609812710307138e-13,3.066713328063874e-16
348.12,1.6095864013589783e-13,3.051120218531544e-16
348.13,1.6093629965955296e-13,3.033656200257117e-16
348.14,1.6091281002798884e-13,3.0167464018708027e-16
348.15,1.6089199743523907e-13,3.006433018630255e-16
348.16,1.608693512617034e-13,2.987467741525029e-16
348.17,1.6084639700250434e-13,2.966583490522528e-16
348.18,1.6082461212467402e-13,2.954608020153767e-16
348.19,1.608022432186303e-13,2.939319921663056e-16
348.2,1.6077982327265336e-13,2.9227069779327244e-16
348.21,1.607575865461991e-13,2.909280722494048e-16
348.22,1.6073533827843708e-13,2.891758813979675e-16
348.23,1.60713455048616e-13,2.8785194922704034e-16
348.24,1.6069088854331048e-13,2.861576287834151e-16
348.25,1.6066869685615465e-13,2.846176737988284e-16
348.26,1.6064650338914272e-13,2.8301207210546104e-16
348.27,1.6062434599977802e-13,2.816128522425513e-16
348.28,1.6060160978777255e-13,2.8006492774999683e-16
348.29,1.605800894577352e-13,2.7853177958255166e-16
348.3,1.6055806382905141e-13,2.771288138328519e-16
348.31,1.6053516186043144e-13,2.7509240888619014e-16
348.32,1.6051311823907784e-13,2.738361902391381e-16
348.33,1.604914502782282e-13,2.7236698302374164e-16
348.34,1.604691964286978e-13,2.7097727102217304e-16
348.35,1.6044695506354747e-13,2.692124363520378e-16
348.36,1.604254141989844e-13,2.678539595925697e-16
348.37,1.6040340863504774e-13,2.66348716294455e-16
348.38,1.6038103260695116e-13,2.6483930507938767e-16
348.39,1.6035867953256654e-13,2.630959220245808e-16
348.4,1.6033701754541013e-13,2.6187447421718955e-16
348.41,1.6031546661375008e-13,2.608125306160001e-16
348.42,1.6029328085540344e-13,2.588979505334492e-16
348.43,1.6027109899482613e-13,2.573869503561603e-16
348.44,1.6024964450017713e-13,2.5535030700419825e-16
348.45,1.6022754537113058e-13,2.546436556771662e-16
348.46,1.6020545060101558e-13,2.5308145031383302e-16
348.47,1.6018506548299373e-13,2.519099057804599e-16
348.48,1.6016161066058237e-13,2.5025318037613306e-16
348.49,1.6013981177924405e-13,2.489227848913097e-16
348.5,1.6011757529293363e-13,2.472754187572072e-16
348.51,1.6009607881783924e-13,2.4588569843075827e-16
348.52,1.6007458519709228e-13,2.447036052004812e-16
348.53,1.6005269340730973e-13,2.4330610315830385e-16
348.54,1.6003120240861117e-13,2.42006743118452e-16
348.55,1.6000934056653792e-13,2.405554887170977e-16
348.56,1.5998771624424051e-13,2.393130692011205e-16
348.57,1.5996558323989454e-13,2.376742804795123e-16
348.58,1.599440013829224e-13,2.361449661919277e-16
348.59,1.5992311027521976e-13,2.3582614927797073e-16
348.6,1.599003378915252e-13,2.3370061440792273e-16
348.61,1.5987890595143568e-13,2.324774509209527e-16
348.62,1.5985723389840163e-13,2.312920663642078e-16
348.63,1.598356102440194e-13,2.2975513477093003e-16
348.64,1.5981400294946993e-13,2.2849778640792445e-16
348.65,1.5979235389122728e-13,2.2724078720647617e-16
348.66,1.5977059858441448e-13,2.2576127903318944e-16
348.67,1.5974914939080128e-13,2.2436370392256217e-16
348.68,1.5972839460644026e-13,2.2420664607293387e-16
348.69,1.5970579135550797e-13,2.2202882398658222e-16
348.7,1.5968425656293836e-13,2.2038426704113442e-16
348.71,1.59663289232243e-13,2.196156842533659e-16
348.72,1.5964173415181901e-13,2.1827040178591379e-16
348.73,1.5962013933251352e-13,2.1705034199352175e-16
348.74,1.595986025500086e-13,2.1590688657191097e-16
348.75,1.595767666198629e-13,2.1448263345709506e-16
348.76,1.5955423705267279e-13,2.1301546200479825e-16
348.77,1.595358487375443e-13,2.126495909979477e-16
348.78,1.5951291266832351e-13,2.1107364517673295e-16
348.79,1.5949133815824387e-13,2.0987808476239948e-16
348.8,1.59470187676365e-13,2.0887261183402358e-16
348.81,1.5944870526740422e-13,2.0755210277083417e-16
348.82,1.5942743149640724e-13,2.062090251137524e-16
348.83,1.5940565339730283e-13,2.051154853012273e-16
348.84,1.593848665045946e-13,2.0437412374535088e-16
348.85,1.593655256840673e-13,2.038476519434051e-16
348.86,1.5934095974660168e-13,2.012649458983483e-16
348.87,1.5932042694971387e-13,2.0068239923212282e-16
348.88,1.5929931695203458e-13,1.997073443535519e-16
348.89,1.5927784858478046e-13,1.987137517882962e-16
348.9,1.5925677436046696e-13,1.9761422250521876e-16
348.91,1.5923560873490536e-13,1.9657791272163916e-16
348.92,1.5921425853479808e-13,1.9546622458156696e-16
348.93,1.591933585365613e-13,1.944610749824082e-16
348.94,1.5917137697815685e-13,1.9374431671610653e-16
348.95,1.5915090289696013e-13,1.924240705219253e-16
348.96,1.5912935248505756e-13,1.9113958063128995e-16
348.97,1.5910807387046931e-13,1.9027409190747966e-16
348.98,1.5908718568725726e-13,1.8937685617265833e-16
348.99,1.5906544742195073e-13,1.8832841523319417e-16
349.0,1.5904452583685097e-13,1.872890517353882e-16
349.01,1.590233854200481e-13,1.863992109268317e-16
349.02,1.5900268588383102e-13,1.8559544924150526e-16
349.03,1.589823285603932e-13,1.8492644250678776e-16
349.04,1.5895997114526832e-13,1.8367960723702842e-16
349.05,1.5893919080744183e-13,1.8287145744136736e-16
349.06,1.5891820232209224e-13,1.8182250932401893e-16
349.07,1.588970811143359e-13,1.809776652378244e-16
349.08,1.5887589527552482e-13,1.800794056481689e-16
349.09,1.5885525369920595e-13,1.7923380105719706e-16
349.1,1.5883396844299602e-13,1.7828727770205943e-16
349.11,1.5881376802860658e-13,1.777319459824973e-16
349.12,1.5879168403980443e-13,1.7654092472962508e-16
349.13,1.5877051868378772e-13,1.7617406483322785e-16
349.14,1.5874986225343137e-13,1.7497831596261299e-16
349.15,1.587287432988799e-13,1.7418935613536408e-16
349.16,1.587079715225111e-13,1.73397463150163e-16
349.17,1.5868715155874028e-13,1.7292716733316728e-16
349.18,1.586661420154161e-13,1.7205147196860277e-16
349.19,1.5864507515679156e-13,1.7113662380551532e-16
349.2,1.586240948052963e-13,1.7046092531670758e-16
349.21,1.5860314669932302e-13,1.6976161076539705e-16
349.22,1.585823234449625e-13,1.6872008233857812e-16
349.23,1.5856121353724317e-13,1.6819837756166111e-16
349.24,1.5854129426641504e-13,1.6815146717290912e-16
349.25,1.5851970164096333e-13,1.6704267587214076e-16
349.26,1.5849907390221695e-13,1.664556303952749e-16
349.27,1.584779877090007e-13,1.6565068558679694e-16
349.28,1.5845737331614733e-13,1.651824484507758e-16
349.29,1.5843672866556567e-13,1.6454517071578553e-16
349.3,1.5841609786921305e-13,1.6398736077642852e-16
349.31,1.5839547120046185e-13,1.6322261637476446e-16
349.32,1.5837420808068054e-13,1.6281715516462836e-16
349.33,1.583530534559125e-13,1.6199407050527596e-16
349.34,1.5833229392855742e-13,1.6153538833610919e-16
349.35,1.583111254801884e-13,1.6074929054822897e-16
349.36,1.582907777086232e-13,1.601684234077596e-16
349.37,1.5827002999974857e-13,1.5984416367503557e-16
349.38,1.5824910246708116e-13,1.5946572841867658e-16
349.39,1.5822821214297186e-13,1.5852115662113517e-16
349.4,1.582073843734428e-13,1.572773255069252e-16
349.41,1.581872357659742e-13,1.578405438386048e-16
349.42,1.5816642782770802e-13,1.5738145219353995e-16
349.43,1.581459487459976e-13,1.5692721760504124e-16
349.44,1.5812474643178717e-13,1.5604585151706735e-16
349.45,1.5810411090358547e-13,1.5600245397480107e-16
349.46,1.5808351678250384e-13,1.5554601942249082e-16
349.47,1.580636609782454e-13,1.5575621449300352e-16
349.48,1.5804156135551766e-13,1.5441261419575872e-16
349.49,1.5802376479972575e-13,1.558179779983734e-16
349.5,1.5800086734189498e-13,1.539620280527306e-16
349.51,1.5798021193573332e-13,1.5342337055985761e-16
349.52,1.5795969252182931e-13,1.532827943161563e-16
349.53,1.5793900201456267e-13,1.5293175799612479e-16
349.54,1.579179616345745e-13,1.5246853322877656e-16
349.55,1.578975416999918e-13,1.5231077749192654e-16
349.56,1.5787635457762048e-13,1.5170430807663276e-16
349.57,1.5785645654809077e-13,1.5154526542136183e-16
349.58,1.5783440415565077e-13,1.5098641744742505e-16
349.59,1.5781552014340878e-13,1.510266982409742e-16
349.6,1.577948464477455e-13,1.5092548940077198e-16
349.61,1.5777431005429947e-13,1.5070436051084255e-16
349.62,1.5775355501144086e-13,1.504296778629575e-16
349.63,1.5773307830109616e-13,1.503043282117166e-16
349.64,1.5771232950250717e-13,1.5002337211803008e-16
349.65,1.5769359020308562e-13,1.4976585272388572e-16
349.66,1.5767167521055347e-13,1.4996997112620414e-16
349.67,1.576508486016462e-13,1.4862685601552045e-16
349.68,1.5763026012693808e-13,1.49432905291874e-16
349.69,1.5760970403744971e-13,1.4936834640555248e-16
349.7,1.5758918733157817e-13,1.491117300119127e-16
349.71,1.5756881122767555e-13,1.4898210915319546e-16
349.72,1.5754821238009693e-13,1.4893260069638744e-16
349.73,1.5752770591309015e-13,1.4886406136188893e-16
349.74,1.5750544975844443e-13,1.475252435519517e-16
349.75,1.5748655891858056e-13,1.4857483308017003e-16
349.76,1.574691698465212e-13,1.5176938022925063e-16
349.77,1.5744577787156192e-13,1.485305820661917e-16
349.78,1.5742515800739014e-13,1.4864227399281387e-16
349.79,1.5740496092954515e-13,1.4851516388339278e-16
349.8,1.5738432063494426e-13,1.4836941867216587e-16
349.81,1.5736376451666416e-13,1.4863803903381647e-16
349.82,1.5734320421863775e-13,1.4886674821554778e-16
349.83,1.5732178325174283e-13,1.489308956061987e-16
349.84,1.5730229705782962e-13,1.4861945599664318e-16
349.85,1.5727813722418166e-13,1.4917671952223787e-16
349.86,1.5726137037495104e-13,1.4896112179946914e-16
349.87,1.5724093263537607e-13,1.488726698840405e-16
349.88,1.57220276998119e-13,1.4921079414057457e-16
349.89,1.571999748806179e-13,1.4892105073076662e-16
349.9,1.5717965399186614e-13,1.4913049465812526e-16
349.91,1.5715908167755707e-13,1.495765175729086e-16
349.92,1.571416352095923e-13,1.5083629261083015e-16
349.93,1.571183938274318e-13,1.496218319203615e-16
349.94,1.5709898511039691e-13,1.502897182180726e-16
349.95,1.5707761893166925e-13,1.5010403698775307e-16
349.96,1.5705705534556893e-13,1.502745045109762e-16
349.97,1.5703681381206149e-13,1.5058398827760018e-16
349.98,1.5701633959166073e-13,1.5057555982392093e-16
349.99,1.5699580019164578e-13,1.5099870510974413e-16
350.0,1.5697529046769426e-13,1.5096535096500976e-16
350.01,1.569525293816793e-13,1.480696036566005e-16
350.02,1.5693441322855762e-13,1.5167338974594928e-16
350.03,1.5691344706323974e-13,1.5073653324729678e-16
350.04,1.5689402904866669e-13,1.5209641538414573e-16
350.05,1.5687371908395652e-13,1.5234414877471109e-16
350.06,1.5685319537437084e-13,1.52800835441024e-16
350.07,1.568326040538745e-13,1.5304971581513643e-16
350.08,1.56812235720884e-13,1.534977909096282e-16
350.09,1.5679200691963262e-13,1.5391941161305068e-16
350.1,1.5677064351320432e-13,1.5437015299788449e-16
350.11,1.5675091725577828e-13,1.5380835036954439e-16
350.12,1.5673130430127718e-13,1.5488558249959321e-16
350.13,1.567104319156994e-13,1.5538712018107345e-16
350.14,1.5669033589643281e-13,1.5571396118740953e-16
350.15,1.566692483880844e-13,1.5600855191063907e-16
350.16,1.566492258363839e-13,1.5630000409893884e-16
350.17,1.5662908375063377e-13,1.5687884489269816e-16
350.18,1.566084459439144e-13,1.5725792720007136e-16
350.19,1.565870585209628e-13,1.5732683215631198e-16
350.2,1.5656760975790012e-13,1.5789885006269188e-16
350.21,1.565470017648774e-13,1.5852947272269756e-16
350.22,1.5652707108824937e-13,1.5918254841103681e-16
350.23,1.5650647080743826e-13,1.5965413629185746e-16
350.24,1.564861405985517e-13,1.60078079770265e-16
350.25,1.564658422912289e-13,1.606371588647874e-16
350.26,1.5644542677717893e-13,1.6101857455588816e-16
350.27,1.564250766609012e-13,1.6176243066378062e-16
350.28,1.56404736380113e-13,1.6299014446980285e-16
350.29,1.5638379256944333e-13,1.6196418316708835e-16
350.3,1.5636441955376647e-13,1.637873080817795e-16
350.31,1.5634353582901213e-13,1.639321811438621e-16
350.32,1.563232147011738e-13,1.6457254778098625e-16
350.33,1.5630332271810003e-13,1.6594820920849667e-16
350.34,1.562821927342828e-13,1.6607885043859213e-16
350.35,1.5626238507545628e-13,1.6637051898017853e-16
350.36,1.5624177664262637e-13,1.668368744652181e-16
350.37,1.5622188572229902e-13,1.6753594158004629e-16
350.38,1.562010202191247e-13,1.6807366746186715e-16
350.39,1.5617992203339853e-13,1.6877463279476158e-16
350.4,1.561601471805898e-13,1.695829106772019e-16
350.41,1.5613974379636261e-13,1.7029020638315042e-16
350.42,1.5611964326884957e-13,1.7088417157943945e-16
350.43,1.560991418662527e-13,1.7160877382791487e-16
350.44,1.5607859788307005e-13,1.7218179767434441e-16
350.45,1.5605834271575115e-13,1.7301486095790636e-16
350.46,1.5603819265460325e-13,1.7371916130580897e-16
350.47,1.5601744376513072e-13,1.7439320201294525e-16
350.48,1.5599727778213562e-13,1.751357325047235e-16
350.49,1.5597681294752678e-13,1.7603173211533513e-16
350.5,1.5595647173758016e-13,1.765321863293343e-16
350.51,1.5593626804414741e-13,1.7760623799436052e-16
350.52,1.5591568101377823e-13,1.7811079511989108e-16
350.53,1.5589520488255085e-13,1.7896306754364276e-16
350.54,1.5587514715693244e-13,1.8009647495958077e-16
350.55,1.5585479495190984e-13,1.8022618632522308e-16
350.56,1.5583422202085914e-13,1.812904227665837e-16
350.57,1.558133997515653e-13,1.8178694288843617e-16
350.58,1.557932613545944e-13,1.8290470583964946e-16
350.59,1.5577270630852283e-13,1.8371481397498215e-16
350.6,1.5575243851432423e-13,1.844795615770549e-16
350.61,1.5573203973401947e-13,1.8536140451170145e-16
350.62,1.5571160471054e-13,1.8611082859908993e-16
350.63,1.556911122575367e-13,1.8690936511911011e-16
350.64,1.5567089555502658e-13,1.873443576656119e-16
350.65,1.5565022251792522e-13,1.8749679918456686e-16
350.66,1.556301258387349e-13,1.896405830340271e-16
350.67,1.5560960417812217e-13,1.9058363055617536e-16
350.68,1.5558890091630492e-13,1.9130560620345733e-16
350.69,1.5556878153679006e-13,1.9251043184773883e-16
350.7,1.5554839201200158e-13,1.9329113407916008e-16
350.71,1.5552768803324152e-13,1.9433957471977903e-16
350.72,1.5550747764167337e-13,1.9518833146288625e-16
350.73,1.5548740161105757e-13,1.9563232918947846e-16
350.74,1.554655549193645e-13,1.9710205067289528e-16
350.75,1.5544583388259197e-13,1.9784359313401068e-16
350.76,1.5542561598878102e-13,1.9866533132061617e-16
350.77,1.5540514242889612e-13,1.9962526534001398e-16
350.78,1.553844115499161e-13,2.0057929975820417e-16
350.79,1.553643073683631e-13,2.0177672114961648e-16
350.8,1.553437053355642e-13,2.0255729343628368e-16
350.81,1.553232093790153e-13,2.036009600140027e-16
350.82,1.5530234393823783e-13,2.0456682090996266e-16
350.83,1.55282837513345e-13,2.0617454671284848e-16
350.84,1.552618523537147e-13,2.069103338375947e-16
350.85,1.5524127106090648e-13,2.0757827050125995e-16
350.86,1.5522071003537823e-13,2.085291504659431e-16
350.87,1.5520017448912263e-13,2.095463494937921e-16
350.88,1.551799011145885e-13,2.1056859847556576e-16
350.89,1.5515943626864671e-13,2.1154660063798968e-16
350.9,1.5513882029729983e-13,2.1247047572630539e-16
350.91,1.5511844888882443e-13,2.1344000116904322e-16
350.92,1.5509811853477634e-13,2.148949131099788e-16
350.93,1.5507697949326364e-13,2.1549896005867675e-16
350.94,1.550566745521434e-13,2.166698468111752e-16
350.95,1.550360703783706e-13,2.1780494771855224e-16
350.96,1.5501559101990688e-13,2.1887471250923947e-16
350.97,1.5499502774569591e-13,2.1984282476486208e-16
350.98,1.5497445771663136e-13,2.2093467578953518e-16
350.99,1.5495380532094747e-13,2.2194265305625285e-16
351.0,1.5493335683302326e-13,2.2313884960585045e-16
351.01,1.549128682265635e-13,2.238977015383077e-16
351.02,1.5489233223384772e-13,2.2518121454191623e-16
351.03,1.5487140391871827e-13,2.2634528690819485e-16
351.04,1.548509027558921e-13,2.271960397679077e-16
351.05,1.5483049481992232e-13,2.284272496043811e-16
351.06,1.548100777176096e-13,2.2963987392445057e-16
351.07,1.5478936602439023e-13,2.3069231331139544e-16
351.08,1.5476888977189305e-13,2.317406105825268e-16
351.09,1.547483652646082e-13,2.3334707319583e-16
351.1,1.547278134597844e-13,2.339555022155558e-16
351.11,1.5470726543359737e-13,2.3514292365969034e-16
351.12,1.5468835024118414e-13,2.370484106849322e-16
351.13,1.5466565536967748e-13,2.372456610085474e-16
351.14,1.54645079928982e-13,2.3832419377309186e-16
351.15,1.5462448851682837e-13,2.391629049094505e-16
351.16,1.5460403333292204e-13,2.4078988502515563e-16
351.17,1.5458349878600558e-13,2.4179446268653604e-16
351.18,1.5456227360870256e-13,2.4245100930719774e-16
351.19,1.5454214952822174e-13,2.440300702721859e-16
351.2,1.545217506619875e-13,2.4502687026185896e-16
351.21,1.5450106911323135e-13,2.4637363172083063e-16
351.22,1.5448011283659688e-13,2.4748455843339156e-16
351.23,1.544592285788184e-13,2.4858420015573808e-16
351.24,1.5443867812209623e-13,2.4960241995570754e-16
351.25,1.5441817349400631e-13,2.5082676850371537e-16
351.26,1.543975444397006e-13,2.519046935880648e-16
351.27,1.5437718689229608e-13,2.531748335346505e-16
351.28,1.5435598884833486e-13,2.542757494473755e-16
351.29,1.5433537767082148e-13,2.5560713936881336e-16
351.3,1.5431463111411804e-13,2.564428724615871e-16
351.31,1.5429422926760263e-13,2.5815650888994607e-16
351.32,1.5427326576313772e-13,2.588802011388825e-16
351.33,1.5425254356432272e-13,2.5995093430214036e-16
351.34,1.5423190342415868e-13,2.6109668616138705e-16
351.35,1.5421139810811875e-13,2.622768656399649e-16
351.36,1.541907308070792e-13,2.6362781419095797e-16
351.37,1.5416984149330058e-13,2.6449410471113643e-16
351.38,1.5414889100076633e-13,2.6567822541544155e-16
351.39,1.5412844888657113e-13,2.669424556599823e-16
351.4,1.5410724524675778e-13,2.6791010366400823e-16
351.41,1.5408655083807293e-13,2.6908978796893313e-16
351.42,1.540655869316347e-13,2.701652308725377e-16
351.43,1.54044975660523e-13,2.712067842599112e-16
351.44,1.5402457860210078e-13,2.7247273822072947e-16
351.45,1.5400388199992e-13,2.7408181376193766e-16
351.46,1.5398264378858706e-13,2.7494830750345853e-16
351.47,1.5396207318707556e-13,2.761698586524537e-16
351.48,1.5394124969470567e-13,2.772060513720355e-16
351.49,1.5392018931466288e-13,2.78347639473676e-16
351.5,1.5389957942156195e-13,2.79569611320537e-16
351.51,1.5387871830498745e-13,2.808056241027098e-16
351.52,1.538578777992969e-13,2.8179780830107914e-16
351.53,1.5383735346789917e-13,2.8279361366508844e-16
351.54,1.5381666183317884e-13,2.8427978959848424e-16
351.55,1.5379585796866237e-13,2.853439273329751e-16
351.56,1.537747601187864e-13,2.865579069153961e-16
351.57,1.5375387683889928e-13,2.8759210887362616e-16
351.58,1.537328745173683e-13,2.8869061103708403e-16
351.59,1.537119879229157e-13,2.8981088615059165e-16
351.6,1.5369128760370084e-13,2.9099556204983786e-16
351.61,1.5367009614783925e-13,2.9195851752002517e-16
351.62,1.5364968454353038e-13,2.933362982289263e-16
351.63,1.536286434975669e-13,2.947095488657374e-16
351.64,1.5360724231863767e-13,2.953668314345236e-16
351.65,1.5358674659254884e-13,2.965621863224569e-16
351.66,1.5356600748307064e-13,2.9764259876283976e-16
351.67,1.5354521627507614e-13,2.9895083967948882e-16
351.68,1.5352413212958973e-13,3.0016893005281833e-16
351.69,1.5350338451708504e-13,3.012075327161958e-16
351.7,1.534822393013463e-13,3.0239290976995045e-16
351.71,1.5346162419790599e-13,3.0340616696648275e-16
351.72,1.534411189436819e-13,3.045150260905063e-16
351.73,1.5341923328367905e-13,3.05718745070334e-16
351.74,1.533986645471986e-13,3.0653137911247214e-16
351.75,1.533776503420296e-13,3.077818643948623e-16
351.76,1.5335665217292423e-13,3.089918143526088e-16
351.77,1.533359315267735e-13,3.0998891359984445e-16
351.78,1.5331467151242532e-13,3.1098271839800867e-16
351.79,1.532939334888802e-13,3.1215295569359127e-16
351.8,1.532730128713688e-13,3.134666939853773e-16
351.81,1.532520309407996e-13,3.1432783396427446e-16
351.82,1.5323084982840988e-13,3.155471660190186e-16
351.83,1.5321001841338055e-13,3.165042015496711e-16
351.84,1.5318903669777473e-13,3.176349596749532e-16
351.85,1.5316795317181322e-13,3.1849794272035757e-16
351.86,1.5314702498779988e-13,3.194776241032415e-16
351.87,1.5312629130545123e-13,3.2086447108791594e-16
351.88,1.5310482740069408e-13,3.2184634074884126e-16
351.89,1.5308377116149914e-13,3.2295671332334633e-16
351.9,1.5306255334664383e-13,3.2333592628546136e-16
351.91,1.5304166565174307e-13,3.250053888673426e-16
351.92,1.5302087248731084e-13,3.2590895439832834e-16
351.93,1.5300002745333242e-13,3.269969125957208e-16
351.94,1.5297882427092735e-13,3.2796221094488345e-16
351.95,1.5295735429977368e-13,3.286232496526944e-16
351.96,1.5293681886517842e-13,3.301829948647843e-16
351.97,1.529158977823309e-13,3.3114743030346487e-16
351.98,1.5289484531453053e-13,3.322680591521784e-16
351.99,1.5287343742140906e-13,3.33019962596685e-16
352.0,1.5285223010973352e-13,3.34131566328513e-16
352.01,1.5283137385190184e-13,3.3515624219294624e-16
352.02,1.5281055081349573e-13,3.360846215768314e-16
352.03,1.5278917286447992e-13,3.3694672908402844e-16
352.04,1.5276835838383416e-13,3.381059891836642e-16
352.05,1.5274685097834876e-13,3.3869618613480023e-16
352.06,1.5272571183233996e-13,3.39791457903964e-16
352.07,1.5270469614081587e-13,3.4084230113955046e-16
352.08,1.526839544612102e-13,3.424351335986168e-16
352.09,1.5266254831319005e-13,3.4285709154006666e-16
352.1,1.5264161434127854e-13,3.4367947811393267e-16
352.11,1.526202450995036e-13,3.4461086641382697e-16
352.12,1.5259947611387763e-13,3.4557171753000896e-16
352.13,1.5257839134318533e-13,3.4705900100885956e-16
352.14,1.5255714766130884e-13,3.47504725892794e-16
352.15,1.525359863391257e-13,3.4828095308045996e-16
352.16,1.5251497903021483e-13,3.493321131509748e-16
352.17,1.524934981093674e-13,3.500311742608569e-16
352.18,1.524724292748408e-13,3.511696129518392e-16
352.19,1.5245147647096678e-13,3.5197902367454795e-16
352.2,1.5243036374548787e-13,3.5293772051982826e-16
352.21,1.5240909335317543e-13,3.5372196725452946e-16
352.22,1.5238850782307876e-13,3.547355261275592e-16
352.23,1.5236717660310316e-13,3.555235694963943e-16
352.24,1.523454589895201e-13,3.5617875361343435e-16
352.25,1.5232422311662583e-13,3.570906259368876e-16
352.26,1.5230338556948175e-13,3.579343642738583e-16
352.27,1.5228204616086475e-13,3.588478323716246e-16
352.28,1.522612629987544e-13,3.596365589851864e-16
352.29,1.522399292908103e-13,3.6043110652295753e-16
352.3,1.52218164596757e-13,3.610519255534396e-16
352.31,1.52197564429396e-13,3.621698864998899e-16
352.32,1.5217637805610487e-13,3.6318065829894397e-16
352.33,1.5215498417799989e-13,3.640275252897308e-16
352.34,1.521339771365966e-13,3.644257625774533e-16
352.35,1.5211319796758477e-13,3.657282182585964e-16
352.36,1.5209136784754653e-13,3.660518877493373e-16
352.37,1.5207042972962787e-13,3.6684426697034906e-16
352.38,1.5204905600190885e-13,3.663938363104409e-16
352.39,1.5202786106947263e-13,3.6818969056002525e-16
352.4,1.520067307322421e-13,3.690450690027653e-16
352.41,1.5198688752882469e-13,3.695567733413504e-16
352.42,1.519638935193899e-13,3.7037361925096477e-16
352.43,1.5194353710263133e-13,3.7118814662893324e-16
352.44,1.5192252405776774e-13,3.7233471188132303e-16
352.45,1.5190043515014976e-13,3.728152438805169e-16
352.46,1.5187943174640493e-13,3.7328827953379875e-16
352.47,1.5185832047602613e-13,3.7409338518407356e-16
352.48,1.5183699659988765e-13,3.7467552475265604e-16
352.49,1.5181583687408948e-13,3.753481015395514e-16
352.5,1.5179461616208961e-13,3.76065403790675e-16
352.51,1.517734362272215e-13,3.767126929135813e-16
352.52,1.5175157494469112e-13,3.771744491568922e-16
352.53,1.517320277263428e-13,3.7815669103469217e-16
352.54,1.5170952669017402e-13,3.784836479400562e-16
352.55,1.516880522540845e-13,3.7917206276242403e-16
352.56,1.516669350199505e-13,3.798985660798439e-16
352.57,1.5164555098354248e-13,3.8027963276894704e-16
352.58,1.5162439805605036e-13,3.8079232722260766e-16
352.59,1.516032796688821e-13,3.8149056914438204e-16
352.6,1.515821823076401e-13,3.8209517035883623e-16
352.61,1.5156180363325055e-13,3.8317157194781806e-16
352.62,1.5154177937750406e-13,3.8447850898743477e-16
352.63,1.5151808152824386e-13,3.8379707596636233e-16
352.64,1.5149707026402172e-13,3.8424327953532835e-16
352.65,1.514756150777393e-13,3.8483270372824257e-16
352.66,1.5145429060439327e-13,3.8526669598879386e-16
352.67,1.5143351893415157e-13,3.8591504848967237e-16
352.68,1.514119226497121e-13,3.8636376331162693e-16
352.69,1.513912300604679e-13,3.8696969124305163e-16
352.7,1.5137023643921107e-13,3.86494737839732e-16
352.71,1.5134842953934484e-13,3.877706181265803e-16
352.72,1.5132678811752644e-13,3.884074159652284e-16
352.73,1.5130604473569897e-13,3.889647899828588e-16
352.74,1.5128457773005206e-13,3.892920805452416e-16
352.75,1.5126320462054276e-13,3.8966048703537347e-16
352.76,1.5124169436330213e-13,3.9008909490561394e-16
352.77,1.5122066548004926e-13,3.9063002363491234e-16
352.78,1.5119892851608353e-13,3.907266296084064e-16
352.79,1.5117855705895678e-13,3.9210656220850594e-16
352.8,1.5115579298387309e-13,3.9246050982010227e-16
352.81,1.5113564049320904e-13,3.9227736069756097e-16
352.82,1.511142633299341e-13,3.9256796155780377e-16
352.83,1.510927578816399e-13,3.928331769006739e-16
352.84,1.510717816725796e-13,3.9326117282763276e-16
352.85,1.5105035681999368e-13,3.9378080969347016e-16
352.86,1.5102924084849346e-13,3.941297056915634e-16
352.87,1.5100801135741318e-13,3.94509800297544e-16
352.88,1.5098532098872406e-13,3.9380733794486334e-16
352.89,1.509648532389479e-13,3.943730547875343e-16
352.9,1.509433695955725e-13,3.952966732499425e-16
352.91,1.509229592223356e-13,3.9565390618029587e-16
352.92,1.5090144882775446e-13,3.95812498680513e-16
352.93,1.50880309997683e-13,3.961275183916087e-16
352.94,1.5085864913908265e-13,3.9608874953864853e-16
352.95,1.5083769973461157e-13,3.9681576578915893e-16
352.96,1.508161818112465e-13,3.9679432528468575e-16
352.97,1.5079428512707394e-13,3.969379727167658e-16
352.98,1.507749272746992e-13,3.977824456242766e-16
352.99,1.5075311401979765e-13,3.979454554284533e-16
353.0,1.5073142013634748e-13,3.9779503448349266e-16
353.01,1.5071014930387663e-13,3.981372682735473e-16
353.02,1.5068871603673195e-13,3.9811682311104483e-16
353.03,1.5066755450864047e-13,3.9824042145495737e-16
353.04,1.506463900831992e-13,3.986399695587142e-16
353.05,1.5062533653180354e-13,3.9928413861822256e-16
353.06,1.506036220985485e-13,3.986091870476608e-16
353.07,1.5058273160249987e-13,3.9901741547344083e-16
353.08,1.5056138657077548e-13,3.9936643766189666e-16
353.09,1.505400973503369e-13,3.9916890757582855e-16
353.1,1.505187749116327e-13,3.993360364815761e-16
353.11,1.5049749250389874e-13,3.9945776627301215e-16
353.12,1.5047636462145337e-13,3.9976933147221197e-16
353.13,1.5045514639990805e-13,3.998203308960712e-16
353.14,1.504336443780138e-13,3.9974112853596055e-16
353.15,1.5041230654867022e-13,3.999018674908942e-16
353.16,1.5039113865520637e-13,4.005283843700592e-16
353.17,1.5037022709030015e-13,3.999893068504715e-16
353.18,1.5034911975602382e-13,3.999880549385445e-16
353.19,1.5032770263729924e-13,3.999723967127208e-16
353.2,1.5030686589854415e-13,4.008300520807409e-16
353.21,1.5028521230095514e-13,4.0017250986060127e-16
353.22,1.502637921731132e-13,4.0006931193889984e-16
353.23,1.5024336466668013e-13,4.003031555486251e-16
353.24,1.5022089296549323e-13,4.000842382410043e-16
353.25,1.501997649571534e-13,3.999279760980156e-16
353.26,1.501790815317681e-13,4.0009193440919047e-16
353.27,1.501578900398597e-13,4.000319014285035e-16
353.28,1.5013707719402014e-13,3.9997434133460615e-16
353.29,1.501155493316724e-13,3.9984917292049366e-16
353.3,1.5009449730992026e-13,3.9981586533979637e-16
353.31,1.5007325315329948e-13,3.998945412828404e-16
353.32,1.5005189665060566e-13,3.990726764888055e-16
353.33,1.500307400637491e-13,3.99677171698247e-16
353.34,1.500089380141838e-13,3.992909198800153e-16
353.35,1.49988609534222e-13,3.994503770827327e-16
353.36,1.4996709492156069e-13,3.9927615231014983e-16
353.37,1.499461493528154e-13,3.9918109055476817e-16
353.38,1.4992500381739893e-13,3.9897420516140053e-16
353.39,1.4990319300113227e-13,3.9837300992703426e-16
353.4,1.4988223577925497e-13,3.987369861697849e-16
353.41,1.4986063368196716e-13,3.9803425063740893e-16
353.42,1.4984040656791643e-13,3.982531601383232e-16
353.43,1.498188049719992e-13,3.9674344210201256e-16
353.44,1.497982485573475e-13,3.9806990921671974e-16
353.45,1.4977683389262133e-13,3.9787147271988854e-16
353.46,1.4975561002442884e-13,3.9742939457879683e-16
353.47,1.4973426622827712e-13,3.972491945491096e-16
353.48,1.4971329951928128e-13,3.9701360970142897e-16
353.49,1.496927615568372e-13,3.9692062680934403e-16
353.5,1.4967118760433607e-13,3.9609119604490807e-16
353.51,1.4965013615866138e-13,3.9645027662594913e-16
353.52,1.4962868747989214e-13,3.968250496889035e-16
353.53,1.4960806192577494e-13,3.959712374001744e-16
353.54,1.495866499778744e-13,3.955002187817432e-16
353.55,1.495655313391106e-13,3.9520979564897457e-16
353.56,1.4954440559113752e-13,3.9488047233774776e-16
353.57,1.495235197385937e-13,3.945904898811096e-16
353.58,1.4950230402083167e-13,3.9436051910381247e-16
353.59,1.4948174906508177e-13,3.952299214372856e-16
353.6,1.494599128440533e-13,3.9347658463022353e-16
353.61,1.4943915487030097e-13,3.9369104570501416e-16
353.62,1.4941777461836428e-13,3.9283118052748264e-16
353.63,1.4939705655895806e-13,3.9266391891878437e-16
353.64,1.4937595401017946e-13,3.921320529208495e-16
353.65,1.4935472508004362e-13,3.9179397944351856e-16
353.66,1.4933398948676342e-13,3.915710496239968e-16
353.67,1.4931256847544436e-13,3.9086674742430695e-16
353.68,1.4929177752723072e-13,3.91031440708739e-16
353.69,1.4927095741582593e-13,3.902340752291757e-16
353.7,1.4925062896762879e-13,3.873804503462339e-16
353.71,1.492290267279305e-13,3.891850939001163e-16
353.72,1.492076094955998e-13,3.8894503419522826e-16
353.73,1.4918687520101368e-13,3.8843715144316923e-16
353.74,1.491660469871166e-13,3.887294207288449e-16
353.75,1.491447379535532e-13,3.8757065341012543e-16
353.76,1.4912417525652374e-13,3.875453090441366e-16
353.77,1.4910323180459985e-13,3.8570833154285703e-16
353.78,1.4908194104156639e-13,3.86032960064951e-16
353.79,1.4906488961374123e-13,3.8775453364252634e-16
353.8,1.4903991973892367e-13,3.85192195027825e-16
353.81,1.4901875006219583e-13,3.847038731180924e-16
353.82,1.489981165817558e-13,3.8427929168159643e-16
353.83,1.489774612615971e-13,3.838295703558674e-16
353.84,1.4895627006088704e-13,3.831908083505922e-16
353.85,1.489352614742979e-13,3.8263380431415824e-16
353.86,1.489093432855003e-13,3.8137726543863876e-16
353.87,1.4889394700271188e-13,3.814741072496022e-16
353.88,1.4887271590748347e-13,3.8111946578335176e-16
353.89,1.4885166467002374e-13,3.8049063156002266e-16
353.9,1.488306470758162e-13,3.79922062619524e-16
353.91,1.4880984524030947e-13,3.7925173975735766e-16
353.92,1.4878896795191147e-13,3.788979966267298e-16
353.93,1.4876800833299229e-13,3.780590729233352e-16
353.94,1.4874718679311663e-13,3.7754419396959003e-16
353.95,1.4872790225755263e-13,3.7852464398399857e-16
353.96,1.4870576148278886e-13,3.762186462575147e-16
353.97,1.4868438261213706e-13,3.7621513098709136e-16
353.98,1.4866351293458476e-13,3.7514942454524e-16
353.99,1.4864338337168345e-13,3.7457563847126276e-16
354.0,1.4862228486045887e-13,3.7382242568993995e-16
354.01,1.4860124412301623e-13,3.7322181009434357e-16
354.02,1.485802577481614e-13,3.7226311563982515e-16
354.03,1.4855981988804406e-13,3.7194964103876994e-16
354.04,1.485389001704424e-13,3.709598795953097e-16
354.05,1.485180728441589e-13,3.7051737637241113e-16
354.06,1.4849688898773257e-13,3.6956175124974477e-16
354.07,1.4847663035186105e-13,3.6931934123845825e-16
354.08,1.484559028287041e-13,3.685395503856085e-16
354.09,1.4843533436026118e-13,3.679505301417986e-16
354.1,1.4841430231538873e-13,3.6717228256879256e-16
354.11,1.4839362375860704e-13,3.6634634153378107e-16
354.12,1.483731460301207e-13,3.6574374558243984e-16
354.13,1.4835271279309918e-13,3.650161196798825e-16
354.14,1.4833183053074198e-13,3.6411430150936167e-16
354.15,1.4831122413686452e-13,3.638906923544565e-16
354.16,1.4829004869925616e-13,3.6282961453213684e-16
354.17,1.4826952509230047e-13,3.6211146300037527e-16
354.18,1.4824856252635073e-13,3.611212064422413e-16
354.19,1.482280100257385e-13,3.605200788260197e-16
354.2,1.4820744584703167e-13,3.59756189765496e-16
354.21,1.4818712414971763e-13,3.593461982723668e-16
354.22,1.4816609232749964e-13,3.5763748587152785e-16
354.23,1.4814632710331568e-13,3.574923676277305e-16
354.24,1.4812459755490408e-13,3.5619047872461183e-16
354.25,1.4810429482608142e-13,3.5596868904007863e-16
354.26,1.4808353748129593e-13,3.5520593492424677e-16
354.27,1.480632039487137e-13,3.5440220943710894e-16
354.28,1.480425581239314e-13,3.539259169412032e-16
354.29,1.480213617929447e-13,3.5236319597031206e-16
354.3,1.4800070999896293e-13,3.5166680505708734e-16
354.31,1.4798102078983072e-13,3.5138294729017647e-16
354.32,1.4796002715944422e-13,3.504743879921199e-16
354.33,1.4793987943740752e-13,3.499802110683621e-16
354.34,1.4791905006004178e-13,3.4874029393361957e-16
354.35,1.4789861861535736e-13,3.4805755511829756e-16
354.36,1.4787787900793842e-13,3.4703298285745146e-16
354.37,1.4785748988508217e-13,3.4635924797391574e-16
354.38,1.4783714646732845e-13,3.454927075997681e-16
354.39,1.478162555979516e-13,3.4455637442467317e-16
354.4,1.4779523345549008e-13,3.4328833176697014e-16
354.41,1.4777508486824856e-13,3.4278282883313234e-16
354.42,1.4775482140369507e-13,3.4190811370410946e-16
354.43,1.4773504538739362e-13,3.4116501809941447e-16
354.44,1.4771392485981975e-13,3.401168922290588e-16
354.45,1.476932158792562e-13,3.3947219953187625e-16
354.46,1.4767327696138194e-13,3.3868710400785434e-16
354.47,1.4765275768802112e-13,3.3769535490682014e-16
354.48,1.476319650927665e-13,3.370092103570689e-16
354.49,1.4761180473958155e-13,3.36129480454788e-16
354.5,1.475922248874767e-13,3.3550056863872917e-16
354.51,1.475709308365013e-13,3.345903886212078e-16
354.52,1.4755069901294665e-13,3.3335490292935903e-16
354.53,1.4753045501846902e-13,3.3304658013342397e-16
354.54,1.4751010437107368e-13,3.3139448905288667e-16
354.55,1.4748964684515226e-13,3.3070199170431364e-16
354.56,1.47469436544664e-13,3.2982828795471864e-16
354.57,1.474486870048846e-13,3.2880440047508506e-16
354.58,1.474293795835468e-13,3.2815072910209316e-16
354.59,1.4740708063046922e-13,3.2621333636309077e-16
354.6,1.4738765822681715e-13,3.2598831699741095e-16
354.61,1.4736782824992418e-13,3.2521518013448744e-16
354.62,1.4734736338642688e-13,3.2424788333404003e-16
354.63,1.4732704424123363e-13,3.2343178698040876e-16
354.64,1.47307056612984e-13,3.226013827209052e-16
354.65,1.4728655217616664e-13,3.2146702393827025e-16
354.66,1.472662393797171e-13,3.207797123069058e-16
354.67,1.4724730887100001e-13,3.2110138339362428e-16
354.68,1.4722516419071017e-13,3.190162226538648e-16
354.69,1.4720590124653278e-13,3.180077030758585e-16
354.7,1.4718551898400771e-13,3.1698915632011253e-16
354.71,1.4716545739814845e-13,3.1608654961286814e-16
354.72,1.471453700000093e-13,3.1515376140933182e-16
354.73,1.4712479610682757e-13,3.1429596739792326e-16
354.74,1.4710473735544914e-13,3.1337192733927043e-16
354.75,1.4708458358465123e-13,3.1239834475927053e-16
354.76,1.4706367750742426e-13,3.1136865168144875e-16
354.77,1.4704465710369046e-13,3.1024593037066395e-16
354.78,1.4702435562867157e-13,3.096763472406706e-16
354.79,1.4700442654415338e-13,3.0855964237339275e-16
354.8,1.4698393937031216e-13,3.074572225066189e-16
354.81,1.4696404604348664e-13,3.066761346008086e-16
354.82,1.4694369287244752e-13,3.0571788881830806e-16
354.83,1.4692315168140148e-13,3.0462357483996054e-16
354.84,1.4690366036758278e-13,3.0426680478256636e-16
354.85,1.4688345480646803e-13,3.0217946012816925e-16
354.86,1.4686408379205666e-13,3.018806951535213e-16
354.87,1.4684385206594321e-13,3.0117729426013366e-16
354.88,1.4682334155047418e-13,3.000623528666082e-16
354.89,1.4680351520428495e-13,2.99272615942089e-16
354.9,1.4678371931020866e-13,2.9816903981492736e-16
354.91,1.4676320421898446e-13,2.972281125478523e-16
354.92,1.4674297078932238e-13,2.964063518277895e-16
354.93,1.4672320757063524e-13,2.9541157799511905e-16
354.94,1.4670361219150405e-13,2.940823445290494e-16
354.95,1.4668352293377336e-13,2.9339150790860386e-16
354.96,1.4666322427443676e-13,2.922746678711248e-16
354.97,1.466437633346933e-13,2.9146222163992034e-16
354.98,1.4662344751949651e-13,2.9055868784353396e-16
354.99,1.4660362291263635e-13,2.896266544578949e-16
355.0,1.4658457962983935e-13,2.8865531169383774e-16
355.01,1.4656362146700942e-13,2.87637887020985e-16
355.02,1.46543759655566e-13,2.868325642042223e-16
355.03,1.4652350698629883e-13,2.8652657072534993e-16
355.04,1.4650408104600621e-13,2.8483764172267667e-16
355.05,1.4648407687158813e-13,2.8416482491540023e-16
355.06,1.464645893885181e-13,2.8372508039803375e-16
355.07,1.4644414143091825e-13,2.817485812339165e-16
355.08,1.464247822788146e-13,2.8139008290186755e-16
355.09,1.46404911684066e-13,2.8017855237523777e-16
355.1,1.463845807627338e-13,2.792177919550301e-16
355.11,1.4636489680611987e-13,2.7836882848184783e-16
355.12,1.4634492819088486e-13,2.773934750209466e-16
355.13,1.4632527528909098e-13,2.7647330061137754e-16
355.14,1.463055594176249e-13,2.754757634703e-16
355.15,1.4628604987514022e-13,2.7466248997189777e-16
355.16,1.4626598778879445e-13,2.737192032579728e-16
355.17,1.4624610812983727e-13,2.7297994340190843e-16
355.18,1.4622649769271885e-13,2.717838363371062e-16
355.19,1.4620696453682117e-13,2.708150178984761e-16
355.2,1.4618696794295066e-13,2.7004133299486113e-16
355.21,1.4616766861213628e-13,2.6865824840218583e-16
355.22,1.4614773551887102e-13,2.680939103553362e-16
355.23,1.4612796252274753e-13,2.6724187752028564e-16
355.24,1.4610830601296063e-13,2.6634914738160296e-16
355.25,1.4608802625602399e-13,2.6539977288007124e-16
355.26,1.4606878784619443e-13,2.6445923789502456e-16
355.27,1.4604918260031204e-13,2.6358843989585073e-16
355.28,1.4602985005884948e-13,2.628067244960114e-16
355.29,1.4600981356906785e-13,2.617935847663255e-16
355.3,1.4599055285231727e-13,2.6121167995436676e-16
355.31,1.459707189194437e-13,2.6000830060806766e-16
355.32,1.4595113584606345e-13,2.5906098893750985e-16
355.33,1.459316461942604e-13,2.588158664765359e-16
355.34,1.4591186116404085e-13,2.5718883012513494e-16
355.35,1.4589225985294042e-13,2.5645082725359925e-16
355.36,1.4587316440625935e-13,2.55699605503642e-16
355.37,1.458529138407346e-13,2.5469763008691015e-16
355.38,1.4583374489883574e-13,2.5428963737537517e-16
355.39,1.4581294801930072e-13,2.519958147896602e-16
355.4,1.4579466659198635e-13,2.5227725133353996e-16
355.41,1.457750041072806e-13,2.5133180342182307e-16
355.42,1.4575542735040704e-13,2.5038403034422764e-16
355.43,1.4573579448729597e-13,2.4947837428063124e-16
355.44,1.457164353193213e-13,2.483794096474579e-16
355.45,1.4569691618821747e-13,2.4796308969414736e-16
355.46,1.456771834707682e-13,2.4689755778449586e-16
355.47,1.4565749559397552e-13,2.4599971517280704e-16
355.48,1.456387720874793e-13,2.4529978089876003e-16
355.49,1.4561888269982668e-13,2.445983989881145e-16
355.5,1.4559928725769028e-13,2.435650381276923e-16
355.51,1.4557998253224578e-13,2.426011472733672e-16
355.52,1.4556076192535373e-13,2.4185691111490536e-16
355.53,1.4554108272641503e-13,2.4104349686395193e-16
355.54,1.455217592770937e-13,2.401671621494964e-16
355.55,1.455024417869833e-13,2.3942200854537824e-16
355.56,1.454826277035798e-13,2.384770019267032e-16
355.57,1.4546348280428657e-13,2.3791136849318555e-16
355.58,1.454444274349522e-13,2.3722214443175504e-16
355.59,1.4542434626521197e-13,2.3622384964704713e-16
355.6,1.4540490358855367e-13,2.353299026928482e-16
355.61,1.45386082525622e-13,2.3465108729115586e-16
355.62,1.45366627594684e-13,2.3373245251538703e-16
355.63,1.4534701181664764e-13,2.329485153003568e-16
355.64,1.453276149438473e-13,2.3222985494140125e-16
355.65,1.453083850865145e-13,2.311074272468498e-16
355.66,1.4528930390057114e-13,2.309424636468972e-16
355.67,1.4527024043885857e-13,2.300416785574977e-16
355.68,1.4525028029272332e-13,2.292021183417937e-16
355.69,1.4523141280398485e-13,2.284959207046148e-16
355.7,1.45211804711684e-13,2.278197343129139e-16
355.71,1.4519239443515094e-13,2.268183850368503e-16
355.72,1.451734197637674e-13,2.261430995932323e-16
355.73,1.451542842846072e-13,2.2549582619840596e-16
355.74,1.4513503105500854e-13,2.2461951409336973e-16
355.75,1.451153896650646e-13,2.2392841622979206e-16
355.76,1.4509667725712394e-13,2.2321480176691684e-16
355.77,1.4507759769533108e-13,2.2271070417583594e-16
355.78,1.450577752298295e-13,2.2186889008463996e-16
355.79,1.4503852492331127e-13,2.2093921600406385e-16
355.8,1.4501934037917821e-13,2.2060166170845351e-16
355.81,1.4500021055906692e-13,2.1964070992553e-16
355.82,1.4498068999168835e-13,2.1911872600623107e-16
355.83,1.4496193008141074e-13,2.1834788175374979e-16
355.84,1.4494277023808108e-13,2.173915981030957e-16
355.85,1.449234328980576e-13,2.1685651563942442e-16
355.86,1.4490438461913178e-13,2.1625659314491825e-16
355.87,1.4488511631133002e-13,2.1604526038494526e-16
355.88,1.4486599895750914e-13,2.1504618748926297e-16
355.89,1.4484687987889005e-13,2.1453527001636948e-16
355.9,1.4482770065341842e-13,2.1382877296101518e-16
355.91,1.4480873984839097e-13,2.1319152852186018e-16
355.92,1.4478964456531027e-13,2.124691211752583e-16
355.93,1.4477017555234738e-13,2.1160599885599424e-16
355.94,1.4475117517056512e-13,2.1128401031677772e-16
355.95,1.447322266081618e-13,2.1075893858079825e-16
355.96,1.4471326164066124e-13,2.095490129393118e-16
355.97,1.4469400233535362e-13,2.0939695000526803e-16
355.98,1.4467483453211917e-13,2.0880467214196816e-16
355.99,1.4465646374097763e-13,2.0841465189308875e-16
356.0,1.4463646416810498e-13,2.07558723620272e-16
356.01,1.4461754893322549e-13,2.070149950947482e-16
356.02,1.4459823345223128e-13,2.0632575828539617e-16
356.03,1.4457968389674968e-13,2.059817272686655e-16
356.04,1.445601777419945e-13,2.0538595096953947e-16
356.05,1.4454139303482224e-13,2.047892762081436e-16
356.06,1.4452238877990376e-13,2.0427540679046466e-16
356.07,1.4450325902367536e-13,2.0385033599344805e-16
356.08,1.44484640820426e-13,2.0326043949657201e-16
356.09,1.4446538688328266e-13,2.028707507473648e-16
356.1,1.4444656082007692e-13,2.022743782013094e-16
356.11,1.4442763713257459e-13,2.016831446177965e-16
356.12,1.4440811808815442e-13,2.0090383259202863e-16
356.13,1.4438935039509941e-13,2.0050909587680997e-16
356.14,1.4437052261513618e-13,2.0021245975542078e-16
356.15,1.443508454185154e-13,1.9929253476432304e-16
356.16,1.4433256816742283e-13,1.9913483026271128e-16
356.17,1.4431341343930144e-13,1.9871073673003006e-16
356.18,1.4429452115502245e-13,1.9827839622750983e-16
356.19,1.4427577606982666e-13,1.977738495455012e-16
356.2,1.4425717087711023e-13,1.975862517656591e-16
356.21,1.4423769152315278e-13,1.9676183624460292e-16
356.22,1.4421865948311196e-13,1.9620769836014833e-16
356.23,1.441998699332824e-13,1.9584933637103773e-16
356.24,1.441811033998938e-13,1.9561737197914097e-16
356.25,1.441614051958417e-13,1.9483643258901218e-16
356.26,1.4414380548988252e-13,1.950681930677464e-16
356.27,1.441239907665968e-13,1.9418483397023581e-16
356.28,1.4410510712409285e-13,1.9384161210436246e-16
356.29,1.4408691234839904e-13,1.9442626695573655e-16
356.3,1.4406759154285855e-13,1.9301855130944766e-16
356.31,1.4404897298170214e-13,1.9263754307921186e-16
356.32,1.4402987096458605e-13,1.9217920096261528e-16
356.33,1.4401083884714404e-13,1.9194134637997617e-16
356.34,1.4399195377473933e-13,1.9151587649976656e-16
356.35,1.4397355633765986e-13,1.9125915015675197e-16
356.36,1.439543909485755e-13,1.9064872354449368e-16
356.37,1.439358503930155e-13,1.9070149533215856e-16
356.38,1.4391703187304132e-13,1.9055336391782273e-16
356.39,1.4389761495129967e-13,1.897191064810871e-16
356.4,1.438789428766876e-13,1.8963624962737861e-16
356.41,1.4385923520868862e-13,1.8898674977038382e-16
356.42,1.4384118979897357e-13,1.8863637601643693e-16
356.43,1.438224530921742e-13,1.8852989408589483e-16
356.44,1.438035557637147e-13,1.882843209888184e-16
356.45,1.437849713524926e-13,1.878378131889522e-16
356.46,1.4376668782949067e-13,1.8759135789047297e-16
356.47,1.4374667404783403e-13,1.8710236770328888e-16
356.48,1.4372845277642175e-13,1.870507085842341e-16
356.49,1.4370971764793874e-13,1.8703075753599798e-16
356.5,1.43690785884999e-13,1.8656070278323525e-16
356.51,1.4367212636204842e-13,1.863945077685842e-16
356.52,1.43653127104162e-13,1.8614721170721442e-16
356.53,1.4363456725789424e-13,1.8603171973777963e-16
356.54,1.436159688414988e-13,1.8572977327637438e-16
356.55,1.435979236360496e-13,1.857978248858387e-16
356.56,1.435801308183005e-13,1.8457957583345665e-16
356.57,1.435594489190195e-13,1.851574988857423e-16
356.58,1.4354062427724382e-13,1.8479500168677611e-16
356.59,1.4352172208055586e-13,1.8463945273412315e-16
356.6,1.4350293704008334e-13,1.8443450535723965e-16
356.61,1.434843630703569e-13,1.8431954708853283e-16
356.62,1.434655811275107e-13,1.8414514032051824e-16
356.63,1.4344664700586952e-13,1.841896148208372e-16
356.64,1.43429120002832e-13,1.8472788336084405e-16
356.65,1.4340868741960696e-13,1.8300963094844587e-16
356.66,1.4339082800731526e-13,1.8361587547875073e-16
356.67,1.4337192226693624e-13,1.8334181048248624e-16
356.68,1.4335334810691278e-13,1.832754491044149e-16
356.69,1.4333453836779688e-13,1.8309488839933492e-16
356.7,1.4331586208417132e-13,1.8299329393608708e-16
356.71,1.4329718222920258e-13,1.8286884457033516e-16
356.72,1.4327880030610397e-13,1.8309926789673924e-16
356.73,1.4325867260570977e-13,1.8228411748464482e-16
356.74,1.4324234231522728e-13,1.834274306280139e-16
356.75,1.4322222553878982e-13,1.825427443264282e-16
356.76,1.4320346649603986e-13,1.8238804246691877e-16
356.77,1.4318493660038971e-13,1.8242473944903413e-16
356.78,1.4316611877656138e-13,1.8256633742458359e-16
356.79,1.431476527795852e-13,1.821993778812048e-16
356.8,1.431291433329441e-13,1.8228294945949688e-16
356.81,1.4311000650659019e-13,1.8223308370714355e-16
356.82,1.4309133796652428e-13,1.8199506193033748e-16
356.83,1.4307219637081307e-13,1.821990823528885e-16
356.84,1.4305374985163546e-13,1.822461928756615e-16
356.85,1.430355830293723e-13,1.8220720028925394e-16
356.86,1.43016903739533e-13,1.8221931052491888e-16
356.87,1.4299811576977717e-13,1.8229817995392816e-16
356.88,1.4297972207013824e-13,1.8221280736942355e-16
356.89,1.4296092014417117e-13,1.8201257815255506e-16
356.9,1.4294258960371227e-13,1.8243316513332643e-16
356.91,1.4292411255707863e-13,1.822485553184678e-16
356.92,1.429051500785171e-13,1.823892964474604e-16
356.93,1.4288615718008429e-13,1.8253956129712912e-16
356.94,1.4286743780105887e-13,1.8247679109050997e-16
356.95,1.4284894361252925e-13,1.8251416643195653e-16
356.96,1.4283029276222834e-13,1.8268252967331846e-16
356.97,1.4281169923234317e-13,1.8270096910140138e-16
356.98,1.4279283347582992e-13,1.8263179815104756e-16
356.99,1.427737492436791e-13,1.8231629389952844e-16
357.0,1.4275503527936466e-13,1.8253361632937173e-16
357.01,1.427366658087389e-13,1.825462976018032e-16
357.02,1.4271788544496063e-13,1.828106453142796e-16
357.03,1.4269998892468724e-13,1.8358927670172515e-16
357.04,1.426820164417777e-13,1.8340679412135828e-16
357.05,1.4266250749828583e-13,1.833178294793978e-16
357.06,1.4264376333771408e-13,1.8346454974350535e-16
357.07,1.4262533471869064e-13,1.8369639213677177e-16
357.08,1.4260711804859937e-13,1.839416178610179e-16
357.09,1.425878459656465e-13,1.8414241839612038e-16
357.1,1.4257023849978308e-13,1.8414496792446945e-16
357.11,1.4255077163272405e-13,1.8431201611369875e-16
357.12,1.4253191936411117e-13,1.8441172758721738e-16
357.13,1.425134347683011e-13,1.8466776363025635e-16
357.14,1.4249455261065563e-13,1.851865513006332e-16
357.15,1.4247627897552664e-13,1.8481671449876428e-16
357.16,1.4245762585880156e-13,1.8529124712351675e-16
357.17,1.4243811533368136e-13,1.8519885317416225e-16
357.18,1.4242054768184517e-13,1.8610835221212474e-16
357.19,1.4240217920480215e-13,1.8594964131995743e-16
357.2,1.4238324189478643e-13,1.8616160321642347e-16
357.21,1.4236442642866453e-13,1.8616945766858083e-16
357.22,1.4234569271800288e-13,1.8637327066871e-16
357.23,1.423273324737408e-13,1.8665276301132577e-16
357.24,1.4230880837645736e-13,1.8714965016278422e-16
357.25,1.422900880115458e-13,1.8733014356212464e-16
357.26,1.4227178911388466e-13,1.8794980751601463e-16
357.27,1.422521195469803e-13,1.8721741870788494e-16
357.28,1.422351120918591e-13,1.891204005465648e-16
357.29,1.4221566257276023e-13,1.8836351165328505e-16
357.3,1.4219595027945328e-13,1.8838629383897603e-16
357.31,1.421784765009215e-13,1.8887731674064344e-16
357.32,1.4215981467042024e-13,1.8908143779728681e-16
357.33,1.4214090710332678e-13,1.8928158304154052e-16
357.34,1.4212244359619553e-13,1.8975691672568516e-16
357.35,1.4210379194620581e-13,1.8983183438986738e-16
357.36,1.4208581380317609e-13,1.905073829755355e-16
357.37,1.4206490338894895e-13,1.9053204892058095e-16
357.38,1.4204849074855026e-13,1.9102938801792656e-16
357.39,1.4202964249578477e-13,1.9122726644168692e-16
357.4,1.4201108247069655e-13,1.9175164204296795e-16
357.41,1.419924159773561e-13,1.9185446680070536e-16
357.42,1.4197392635685663e-13,1.9242738346267098e-16
357.43,1.419553180275736e-13,1.9248744113245052e-16
357.44,1.4193832505273495e-13,1.9412791620112192e-16
357.45,1.419183237882928e-13,1.9353559864762026e-16
357.46,1.4190078191840293e-13,1.9349250744265233e-16
357.47,1.418807449508994e-13,1.9392214381733752e-16
357.48,1.41862440095627e-13,1.9434514087329114e-16
357.49,1.4184386428877488e-13,1.9502006144162183e-16
357.5,1.4182491569852502e-13,1.951640521133841e-16
357.51,1.418064778714355e-13,1.9549467394810062e-16
357.52,1.4178781358824904e-13,1.960360933253239e-16
357.53,1.417683837681538e-13,1.9527099465645678e-16
357.54,1.417504380103313e-13,1.9692989291117008e-16
357.55,1.417322465800791e-13,1.9804963870670598e-16
357.56,1.4171356606474353e-13,1.9789627095446495e-16
357.57,1.4169489638267413e-13,1.9806713704389197e-16
357.58,1.4167631259735657e-13,1.985338017314579e-16
357.59,1.4165809645926148e-13,1.9905455292772186e-16
357.6,1.4163897944798773e-13,1.992839332323853e-16
357.61,1.416211582244885e-13,1.9984317250163455e-16
357.62,1.4160131397778649e-13,1.9965228781099338e-16
357.63,1.4158283160795e-13,2.0063344531240143e-16
357.64,1.4155970444051256e-13,1.9989357886857275e-16
357.65,1.4154609377691713e-13,2.0153279067709717e-16
357.66,1.4152718493913326e-13,2.0204976911340706e-16
357.67,1.4150844714999364e-13,2.0240772651701784e-16
357.68,1.4149009298167794e-13,2.0268359619278992e-16
357.69,1.414712092305186e-13,2.0326664301877604e-16
357.7,1.414527677926671e-13,2.0375201489738588e-16
357.71,1.4143779932469373e-13,2.071579023994782e-16
357.72,1.414158118094655e-13,2.0508264804592575e-16
357.73,1.413977014415955e-13,2.0379301765270757e-16
357.74,1.4137838714890957e-13,2.0604818066487095e-16
357.75,1.413598079643149e-13,2.0621933508584177e-16
357.76,1.4134116841532527e-13,2.0670164596195603e-16
357.77,1.4132274155457606e-13,2.0715396196049063e-16
357.78,1.413036862137116e-13,2.0781972941151898e-16
357.79,1.4128510673930245e-13,2.080494226018776e-16
357.8,1.412682438226891e-13,2.0743502417806963e-16
357.81,1.4124844489664597e-13,2.0941212144788085e-16
357.82,1.4122896490167673e-13,2.0919045958577392e-16
357.83,1.412112170109416e-13,2.1030520746450287e-16
357.84,1.4119233833226238e-13,2.1079745124203224e-16
357.85,1.4117339422229406e-13,2.11274262966526e-16
357.86,1.4115495894090102e-13,2.1188377094906883e-16
357.87,1.4113615872394597e-13,2.1247127929033658e-16
357.88,1.4111773796397973e-13,2.1296089992419337e-16
357.89,1.4109914736793327e-13,2.131710435623879e-16
357.9,1.410802866058068e-13,2.1359651993583306e-16
357.91,1.4106261993880352e-13,2.1431173143027785e-16
357.92,1.4104285500186986e-13,2.1529979141274167e-16
357.93,1.4102556450379961e-13,2.1616184531750393e-16
357.94,1.4100603591655808e-13,2.1640904343504672e-16
357.95,1.409870784329079e-13,2.1657487452953035e-16
357.96,1.409689892811114e-13,2.1748963953899694e-16
357.97,1.4094993461192806e-13,2.178523864826628e-16
357.98,1.4093093104120192e-13,2.180488304691737e-16
357.99,1.4091261231025956e-13,2.1901816185010978e-16
358.0,1.4089396684831918e-13,2.199202230344667e-16
358.01,1.4087548802358172e-13,2.2023576797422536e-16
358.02,1.4085654234863295e-13,2.2077273247553393e-16
358.03,1.4083850530479522e-13,2.2116973943927725e-16
358.04,1.4081952819101153e-13,2.2180391219373347e-16
358.05,1.4080061267939504e-13,2.2249855831221787e-16
358.06,1.4078174239146412e-13,2.230376802215132e-16
358.07,1.4076245201186541e-13,2.236266457359653e-16
358.08,1.4074426884111897e-13,2.2359537302709794e-16
358.09,1.4072656149423191e-13,2.250815927777877e-16
358.1,1.4070736839375429e-13,2.2530349331929003e-16
358.11,1.4068845985520233e-13,2.2601344640933434e-16
358.12,1.4067123240153356e-13,2.2643332171150553e-16
358.13,1.4065110697447102e-13,2.271365022913148e-16
358.14,1.4063279704985586e-13,2.2781946161044925e-16
358.15,1.4061408680398823e-13,2.2836842552297123e-16
358.16,1.405959780283242e-13,2.2942691830675545e-16
358.17,1.405764605622432e-13,2.2961333211667394e-16
358.18,1.4055741665713963e-13,2.3014987982695865e-16
358.19,1.405388305512161e-13,2.308547302949627e-16
358.2,1.405204748245163e-13,2.313670124463339e-16
358.21,1.4050189993148612e-13,2.319083052515415e-16
358.22,1.404833380640562e-13,2.3243286931173684e-16
358.23,1.4046473646246128e-13,2.3309421834162474e-16
358.24,1.404457262438171e-13,2.3374669946802155e-16
358.25,1.4042731584872113e-13,2.3452290719125225e-16
358.26,1.4040889250269673e-13,2.353834728111981e-16
358.27,1.4038978100369962e-13,2.355314931588465e-16
358.28,1.403712567037768e-13,2.3637121089271436e-16
358.29,1.4035245919780756e-13,2.367670643220124e-16
358.3,1.4033342238198172e-13,2.376037679020488e-16
358.31,1.4031485595524298e-13,2.3796378294936474e-16
358.32,1.4029577826538733e-13,2.3849341313061707e-16
358.33,1.402775366082661e-13,2.395870767453759e-16
358.34,1.4025904436746e-13,2.3995902655644015e-16
358.35,1.4024021623616274e-13,2.4083694103473987e-16
358.36,1.4022172372215928e-13,2.413262471912544e-16
358.37,1.4020213122972447e-13,2.417976946067839e-16
358.38,1.4018480720820598e-13,2.429500400152322e-16
358.39,1.4016516380592887e-13,2.431523312373665e-16
358.4,1.4014679440079347e-13,2.4378793675685535e-16
358.41,1.4012773725018445e-13,2.4444997380088194e-16
358.42,1.4010927207305397e-13,2.4513624557536898e-16
358.43,1.4009039385509815e-13,2.455701840814298e-16
358.44,1.4007239978638972e-13,2.462695132137548e-16
358.45,1.4005340737225795e-13,2.4691706677164464e-16
358.46,1.400344440874827e-13,2.476553006907003e-16
358.47,1.4001587315557627e-13,2.478536081038994e-16
358.48,1.3999695280022366e-13,2.4875313919788083e-16
358.49,1.399780914388768e-13,2.4929474582678903e-16
358.5,1.3995932395270504e-13,2.5008059169656164e-16
358.51,1.3994095870032196e-13,2.507469583551935e-16
358.52,1.3992241385293624e-13,2.5072941061428243e-16
358.53,1.399026992423148e-13,2.521702655941658e-16
358.54,1.3988441094974633e-13,2.5262179236468326e-16
358.55,1.398657967615387e-13,2.532013574663477e-16
358.56,1.3984708685260376e-13,2.5378401051120827e-16
358.57,1.3982845716282282e-13,2.543561525177456e-16
358.58,1.398099209314518e-13,2.553651457004145e-16
358.59,1.3979085130805446e-13,2.5544416454822346e-16
358.6,1.397721962954379e-13,2.5622304466482153e-16
358.61,1.3975346145141725e-13,2.5728686097019805e-16
358.62,1.397342790989925e-13,2.570123405719737e-16
358.63,1.3971574341166374e-13,2.5798451584592186e-16
358.64,1.396966873257032e-13,2.586321145058769e-16
358.65,1.396784155963044e-13,2.59319036289551e-16
358.66,1.396595128326154e-13,2.5991362409789644e-16
358.67,1.3964070682103218e-13,2.605661969685956e-16
358.68,1.3962226454188197e-13,2.6127292365952487e-16
358.69,1.3960340897474332e-13,2.6178840796615847e-16
358.7,1.3958320990585864e-13,2.615049452276242e-16
358.71,1.3956622587647043e-13,2.62963257075112e-16
358.72,1.3954698238034745e-13,2.6362873629228076e-16
358.73,1.3952834972994925e-13,2.641948521606137e-16
358.74,1.395094514227655e-13,2.6477326416491043e-16
358.75,1.3948997884377182e-13,2.6530543885667653e-16
358.76,1.394720380454003e-13,2.6599778513964153e-16
358.77,1.3945304014625707e-13,2.66567639318182e-16
358.78,1.394343841395352e-13,2.67112661779987e-16
358.79,1.3941519710469194e-13,2.6794553230824065e-16
358.8,1.3939669435001306e-13,2.680470617690953e-16
358.81,1.393781739312952e-13,2.6879640635285593e-16
358.82,1.3935915902995304e-13,2.6948596830687696e-16
358.83,1.3934016488097861e-13,2.699215595363575e-16
358.84,1.3932096777151583e-13,2.7067812524773633e-16
358.85,1.3930255730933572e-13,2.7077213973856486e-16
358.86,1.3928501193729363e-13,2.718604495987307e-16
358.87,1.3926552638763873e-13,2.725425415774961e-16
358.88,1.3924733027685698e-13,2.732842164104628e-16
358.89,1.3922787164795426e-13,2.7350747820583437e-16
358.9,1.3920908153563338e-13,2.743335250789265e-16
358.91,1.3918946538022505e-13,2.7446457169705945e-16
358.92,1.391713104729457e-13,2.752384806348102e-16
358.93,1.391524013923761e-13,2.7603478814049737e-16
358.94,1.391350098661311e-13,2.7714384871754207e-16
358.95,1.3911537406352532e-13,2.771218997656848e-16
358.96,1.390961023516605e-13,2.776190534678721e-16
358.97,1.3907740296614643e-13,2.7779548679099856e-16
358.98,1.3905864817163302e-13,2.786966652029871e-16
358.99,1.3904020001521085e-13,2.790789377875121e-16
359.0,1.3902086067146716e-13,2.796994976646722e-16
359.01,1.3900221501977203e-13,2.8037384598927024e-16
359.02,1.3898302162395286e-13,2.807901482410691e-16
359.03,1.389646621689508e-13,2.8137920489344416e-16
359.04,1.3894588146656728e-13,2.819208115794884e-16
359.05,1.3892706513969531e-13,2.825099798115904e-16
359.06,1.389085958228567e-13,2.8308522521162244e-16
359.07,1.388895728172055e-13,2.834336559449415e-16
359.08,1.3887065039864319e-13,2.8420424497714117e-16
359.09,1.3885214057996582e-13,2.8459339882194553e-16
359.1,1.388329652041182e-13,2.851565951586157e-16
359.11,1.3881239372692582e-13,2.8546687343268056e-16
359.12,1.387954920692882e-13,2.8602982826501223e-16
359.13,1.3877658689325097e-13,2.8681043478380867e-16
359.14,1.3875809260550004e-13,2.8739355209343087e-16
359.15,1.3873915405092821e-13,2.8797808243429484e-16
359.16,1.3872030476831706e-13,2.881591340112361e-16
359.17,1.3870134965297635e-13,2.885366388004488e-16
359.18,1.3868261301983996e-13,2.8913798046832204e-16
359.19,1.386631730365066e-13,2.8930773587968525e-16
359.2,1.3864495930291595e-13,2.9008973771215053e-16
359.21,1.3862581162862396e-13,2.906772921644481e-16
359.22,1.3860707137844097e-13,2.910897002016398e-16
359.23,1.3858870480161546e-13,2.9168574082055585e-16
359.24,1.3857070525395505e-13,2.9205722205163854e-16
359.25,1.385509258472343e-13,2.9243161750612886e-16
359.26,1.3853195485393325e-13,2.9298463249606865e-16
359.27,1.3851342108262036e-13,2.9348818889449e-16
359.28,1.3849428443910607e-13,2.9379347645852567e-16
359.29,1.3847567803375016e-13,2.943739985659782e-16
359.3,1.3845685530609483e-13,2.946432569598361e-16
359.31,1.3843768405250787e-13,2.9515183230271036e-16
359.32,1.384191073433136e-13,2.9552056534971946e-16
359.33,1.3840111695267386e-13,2.964301005072756e-16
359.34,1.3838195844349084e-13,2.9666491419944016e-16
359.35,1.3836286240674966e-13,2.9683511051903266e-16
359.36,1.3834407481288103e-13,2.978067976495633e-16
359.37,1.3832510951138502e-13,2.977610707611398e-16
359.38,1.3830627396550542e-13,2.9831043013042694e-16
359.39,1.3828794168715714e-13,2.9876456406218955e-16
359.4,1.3826859946557148e-13,2.9890036554221863e-16
359.41,1.3824993185576447e-13,2.9942300806652045e-16
359.42,1.38231303134401e-13,3.004034432221332e-16
359.43,1.3821215558898985e-13,3.0008287013480495e-16
359.44,1.3819344539593145e-13,3.0072850367748907e-16
359.45,1.3817470717543734e-13,3.010609263726817e-16
359.46,1.3815567976056878e-13,3.0132060927494184e-16
359.47,1.3813709504180085e-13,3.0192203455010145e-16
359.48,1.3811856990691794e-13,3.0230654841583226e-16
359.49,1.3809902996332539e-13,3.0243648992943085e-16
359.5,1.3808036468769666e-13,3.0321863371127647e-16
359.51,1.3806230350932954e-13,3.0353733657575457e-16
359.52,1.3804306531342545e-13,3.0331905021652426e-16
359.53,1.3802445786003731e-13,3.0395794180662266e-16
359.54,1.3800535285727568e-13,3.0446274342994687e-16
359.55,1.3798654494217004e-13,3.045965740717278e-16
359.56,1.3796752741346044e-13,3.051032249692461e-16
359.57,1.3794892338631067e-13,3.0539846783794537e-16
359.58,1.3793015971715895e-13,3.056352284922036e-16
359.59,1.3791117511643119e-13,3.0614272222228027e-16
359.6,1.3789217472558753e-13,3.059790356936006e-16
359.61,1.3787336719343743e-13,3.0633262874638944e-16
359.62,1.3785513214793217e-13,3.0709746627020353e-16
359.63,1.3783615347410414e-13,3.0735001259671967e-16
359.64,1.378173904062614e-13,3.075256381656625e-16
359.65,1.3779861549741588e-13,3.0795163394647617e-16
359.66,1.3778000347638846e-13,3.081488646388557e-16
359.67,1.37760962457959e-13,3.0852562633477805e-16
359.68,1.3774204517592263e-13,3.0863390839408626e-16
359.69,1.3772337759413331e-13,3.090714361018537e-16
359.7,1.3770457905603515e-13,3.0924636520776314e-16
359.71,1.376859252622772e-13,3.0960311608271625e-16
359.72,1.3766714098666713e-13,3.0994631406308796e-16
359.73,1.3764797426446856e-13,3.1002523408053967e-16
359.74,1.3762980144272345e-13,3.1050066346888345e-16
359.75,1.3761054754689385e-13,3.105476918119814e-16
359.76,1.3759221422921866e-13,3.1100908032465074e-16
359.77,1.3757353921776442e-13,3.1118348380773744e-16
359.78,1.3755402760671428e-13,3.111307719128705e-16
359.79,1.3753590167619426e-13,3.1160714949409583e-16
359.8,1.375171048302682e-13,3.1206515188974834e-16
359.81,1.374981872370791e-13,3.120795932570063e-16
359.82,1.3747934045738772e-13,3.12292693266187e-16
359.83,1.3746052222543862e-13,3.125919636818623e-16
359.84,1.3744166648371356e-13,3.125937423950102e-16
359.85,1.3742287569569399e-13,3.129355742578394e-16
359.86,1.374043677301261e-13,3.1310267120768413e-16
359.87,1.3738559703226e-13,3.137311410413823e-16
359.88,1.3736644365345076e-13,3.1331774060920246e-16
359.89,1.373480948097427e-13,3.1350580521031525e-16
359.9,1.3732892062166962e-13,3.1383051428844625e-16
359.91,1.3731031414884228e-13,3.1392944906504186e-16
359.92,1.3729170234350386e-13,3.141226156839221e-16
359.93,1.3727285004202416e-13,3.1447307370853905e-16
359.94,1.372545978655664e-13,3.1444883150352483e-16
359.95,1.3723555698270038e-13,3.1449105785275204e-16
359.96,1.3721638294857174e-13,3.1452968439547953e-16
359.97,1.3719763691837865e-13,3.148518230320193e-16
359.98,1.3717947310965436e-13,3.151798504855348e-16
359.99,1.3716043371268634e-13,3.150555773076116e-16
360.0,1.3714241496227996e-13,3.155709796683804e-16
360.01,1.3712312233888377e-13,3.156230997739831e-16
360.02,1.3710447784410506e-13,3.156286530518733e-16
360.03,1.3708557538054947e-13,3.1562903557179956e-16
360.04,1.3706723283895956e-13,3.1593058774364736e-16
360.05,1.3704829144252435e-13,3.1616064286402206e-16
360.06,1.370293333154573e-13,3.160417076740387e-16
360.07,1.3701047514815495e-13,3.1596283666049146e-16
360.08,1.3699189667848812e-13,3.1617392212576907e-16
360.09,1.3697285418052954e-13,3.1582035181944714e-16
360.1,1.3695450504413507e-13,3.16251097048582e-16
360.11,1.3693562038427056e-13,3.1641024757434437e-16
360.12,1.3691713739271832e-13,3.1664242676276793e-16
360.13,1.368986924238357e-13,3.166302988342802e-16
360.14,1.3687986086592317e-13,3.167992874657744e-16
360.15,1.368607516241833e-13,3.1647861711143115e-16
360.16,1.3684216454722058e-13,3.167023202863386e-16
360.17,1.3682388589753036e-13,3.1674848691894315e-16
360.18,1.368050052079958e-13,3.167110751007368e-16
360.19,1.3678616502711295e-13,3.167283651201501e-16
360.2,1.3676961507310982e-13,3.1701803855541206e-16
360.21,1.367483281710384e-13,3.1647343715851273e-16
360.22,1.3673043769180552e-13,3.1687067714847376e-16
360.23,1.367131695670861e-13,3.1765107941260786e-16
360.24,1.3669300810563548e-13,3.1674908541919185e-16
360.25,1.3667435513848832e-13,3.168620237471402e-16
360.26,1.3665589605935945e-13,3.1695415754961116e-16
360.27,1.3663717688838932e-13,3.169239849095385e-16
360.28,1.3661834052731466e-13,3.167549608457947e-16
360.29,1.365995376761124e-13,3.164489129664259e-16
360.3,1.3658118881716743e-13,3.1691359547989875e-16
360.31,1.3656293314579174e-13,3.1672905481098177e-16
360.32,1.3654435826890908e-13,3.164504633099441e-16
360.33,1.3652506542436864e-13,3.1655015375752826e-16
360.34,1.365063456252946e-13,3.16543842833243e-16
360.35,1.3648776937987088e-13,3.165023381387809e-16
360.36,1.3646904018527997e-13,3.162894089553291e-16
360.37,1.3645061096541812e-13,3.163656320642304e-16
360.38,1.3643181742335845e-13,3.1630711323097945e-16
360.39,1.3641357348286138e-13,3.163895263671818e-16
360.4,1.3639521281627056e-13,3.166882011049185e-16
360.41,1.363756001201719e-13,3.161350018072485e-16
360.42,1.3635855447695447e-13,3.1607722082880725e-16
360.43,1.363390577917078e-13,3.1627264322736336e-16
360.44,1.363201606696703e-13,3.155486557288133e-16
360.45,1.3630178117426055e-13,3.1551207461176033e-16
360.46,1.3628343561218658e-13,3.155976796995693e-16
360.47,1.3626439051478695e-13,3.153664803146125e-16
360.48,1.362464438136506e-13,3.1567286684079394e-16
360.49,1.3622819843093028e-13,3.158820091145622e-16
360.5,1.362072727838928e-13,3.137516529618291e-16
360.51,1.3619026640965008e-13,3.149274550583529e-16
360.52,1.361718731460541e-13,3.1501917308205593e-16
360.53,1.3615345879355348e-13,3.1487916259464433e-16
360.54,1.3613486232719395e-13,3.1458512816220957e-16
360.55,1.3611536226517782e-13,3.1434032343059326e-16
360.56,1.3609802388006472e-13,3.143346102901181e-16
360.57,1.360791864267452e-13,3.138123704190908e-16
360.58,1.360594919091671e-13,3.138302053181503e-16
360.59,1.3604100034581488e-13,3.141583854988271e-16
360.6,1.3602362023842233e-13,3.1357453211983083e-16
360.61,1.360045948743982e-13,3.1331120397316696e-16
360.62,1.3598667252925294e-13,3.131460222421278e-16
360.63,1.3596769413774917e-13,3.128735067245734e-16
360.64,1.3594919600501409e-13,3.128340506625136e-16
360.65,1.359308379235515e-13,3.126922064124237e-16
360.66,1.3591209452638466e-13,3.122502621234546e-16
360.67,1.3589486338239764e-13,3.1199786653157866e-16
360.68,1.3587609080259502e-13,3.1170959373232707e-16
360.69,1.358568357402757e-13,3.1176678032800134e-16
360.7,1.3583833263321264e-13,3.1155353379842473e-16
360.71,1.3581998865152062e-13,3.113565198875888e-16
360.72,1.3580134574464626e-13,3.109691714809903e-16
360.73,1.357832965638139e-13,3.1136021259519836e-16
360.74,1.3576452060128416e-13,3.105601030730036e-16
360.75,1.357460653774593e-13,3.10348325170941e-16
360.76,1.35727372548216e-13,3.0982819788980406e-16
360.77,1.3570970829238778e-13,3.103627219329804e-16
360.78,1.3569093521842995e-13,3.0989236117520367e-16
360.79,1.3567217357588474e-13,3.093418673638638e-16
360.8,1.356540591853068e-13,3.0910485966873117e-16
360.81,1.3563519978327986e-13,3.086440174914924e-16
360.82,1.356165010238523e-13,3.083817905521315e-16
360.83,1.3559871273216014e-13,3.083048944332287e-16
360.84,1.355799822800585e-13,3.082213889369905e-16
360.85,1.3556194788432672e-13,3.0802111454867736e-16
360.86,1.3554343749037487e-13,3.0757053951189674e-16
360.87,1.355251188999814e-13,3.0719182502679345e-16
360.88,1.355065309553182e-13,3.068849099344927e-16
360.89,1.3548819670244768e-13,3.064613333845841e-16
360.9,1.354699701612789e-13,3.064174526930386e-16
360.91,1.3545115430402672e-13,3.060439170619723e-16
360.92,1.3543309493895922e-13,3.057952069093159e-16
360.93,1.3541477309344858e-13,3.0540682874167446e-16
360.94,1.353970107598676e-13,3.051773917917525e-16
360.95,1.353785705102036e-13,3.052643941577098e-16
360.96,1.3535980131061664e-13,3.0433381834520747e-16
360.97,1.3534108344667084e-13,3.0366281576521468e-16
360.98,1.3532287949419913e-13,3.0326381313234373e-16
360.99,1.3530473333978528e-13,3.030394692823576e-16
361.0,1.3528632951729115e-13,3.030566013379722e-16
361.01,1.352679493160908e-13,3.0264363741243946e-16
361.02,1.3525020868518281e-13,3.0275992036689066e-16
361.03,1.3523137134128835e-13,3.0245729259140426e-16
361.04,1.3521258257479156e-13,3.0103215315256945e-16
361.05,1.351949532109177e-13,3.0114761324798766e-16
361.06,1.351766957089356e-13,3.0103625479762897e-16
361.07,1.3515837668229147e-13,3.0049998505870053e-16
361.08,1.3513995739482084e-13,3.000880549739088e-16
361.09,1.3512193677838972e-13,2.998269100719163e-16
361.1,1.3510346208376725e-13,2.9937155956858473e-16
361.11,1.3508574342063028e-13,2.991492158078711e-16
361.12,1.350668877699855e-13,2.9862715142890286e-16
361.13,1.3504864273002768e-13,2.9823727343127696e-16
361.14,1.3503064053777165e-13,2.979266455260598e-16
361.15,1.3501204959216532e-13,2.974973324037082e-16
361.16,1.3499401606148086e-13,2.969113990393633e-16
361.17,1.3497595054570147e-13,2.967846755468128e-16
361.18,1.3495740143343612e-13,2.9644273731759203e-16
361.19,1.3493923751329511e-13,2.9586035609959275e-16
361.2,1.3492072659401827e-13,2.9519119620511244e-16
361.21,1.3490285827389918e-13,2.9494977325633556e-16
361.22,1.348845131478538e-13,2.937743419095801e-16
361.23,1.3486648045548714e-13,2.9421844704233466e-16
361.24,1.3484838790857505e-13,2.93999860560602e-16
361.25,1.3483016225672508e-13,2.933613689764306e-16
361.26,1.3481195161055405e-13,2.929705265625764e-16
361.27,1.3479383099722338e-13,2.924614676838988e-16
361.28,1.3477582962408474e-13,2.921029711665119e-16
361.29,1.3475842093219598e-13,2.9179982296192215e-16
361.3,1.347390239041357e-13,2.9151324416807073e-16
361.31,1.3472318816940725e-13,2.92213079264468e-16
361.32,1.347025418212687e-13,2.900092588506793e-16
361.33,1.346849001491026e-13,2.8995375815919803e-16
361.34,1.3466698916631675e-13,2.894520022747503e-16
361.35,1.3464867770925862e-13,2.889336583317533e-16
361.36,1.3463038834311517e-13,2.8860025940909974e-16
361.37,1.3461264808904442e-13,2.8812972231894263e-16
361.38,1.3459234318304781e-13,2.8714536845381383e-16
361.39,1.3457608358269346e-13,2.8714261897720174e-16
361.4,1.3455785138724217e-13,2.8654240431711223e-16
361.41,1.34539987849167e-13,2.862677313173206e-16
361.42,1.3452219784895978e-13,2.8588376587393426e-16
361.43,1.345042435485893e-13,2.853195398212454e-16
361.44,1.344857579875598e-13,2.8470225834148134e-16
361.45,1.3446764946195775e-13,2.8441338674655866e-16
361.46,1.3444973459636333e-13,2.838230979559374e-16
361.47,1.3443197851242248e-13,2.841896401593123e-16
361.48,1.344135696285514e-13,2.832503439422683e-16
361.49,1.3439515657335398e-13,2.809056284694407e-16
361.5,1.3437752816639143e-13,2.823256904442646e-16
361.51,1.343595109691171e-13,2.8155387967113163e-16
361.52,1.3434177779520354e-13,2.81404663299038e-16
361.53,1.3432358966241875e-13,2.808011904574452e-16
361.54,1.3430551206642806e-13,2.8002038668394237e-16
361.55,1.3428828811349104e-13,2.797932003598666e-16
361.56,1.3427278982864076e-13,2.7939063953344426e-16
361.57,1.342515758063209e-13,2.7857296084142356e-16
361.58,1.342372966081382e-13,2.81764262900002e-16
361.59,1.3421568138936556e-13,2.7751105252332445e-16
361.6,1.3419811794960092e-13,2.7724867546662953e-16
361.61,1.3417979163818472e-13,2.767473939866175e-16
361.62,1.3416190669099258e-13,2.762689845288603e-16
361.63,1.3414400862558395e-13,2.7571973205453894e-16
361.64,1.3412621545005495e-13,2.7519775352709263e-16
361.65,1.3410386067204617e-13,2.7253318548293027e-16
361.66,1.340902721888763e-13,2.7398546657248754e-16
361.67,1.3406862583040542e-13,2.7327721626072834e-16
361.68,1.340542043029553e-13,2.7309728643939864e-16
361.69,1.3403650679104974e-13,2.727728014205485e-16
361.7,1.3401849757244226e-13,2.7211540200143223e-16
361.71,1.3400052388989927e-13,2.7177832827713306e-16
361.72,1.3398294886345521e-13,2.7100083661985267e-16
361.73,1.3396479145760904e-13,2.7089659050796785e-16
361.74,1.3394724748428643e-13,2.7165042569070734e-16
361.75,1.339295239897861e-13,2.6960331879417076e-16
361.76,1.3391082344334732e-13,2.6938854166079107e-16
361.77,1.3389295565073103e-13,2.6878659155415617e-16
361.78,1.3387572225368371e-13,2.68081882991693e-16
361.79,1.3385763349114282e-13,2.6736073882637977e-16
361.8,1.3383975632556353e-13,2.669308931953899e-16
361.81,1.3382205389003953e-13,2.6651766874882456e-16
361.82,1.3380413739076562e-13,2.6584887860804963e-16
361.83,1.3378591663957208e-13,2.6537655182316963e-16
361.84,1.3376882466777074e-13,2.649687181650994e-16
361.85,1.3375019871329387e-13,2.6383628176828964e-16
361.86,1.3373291204735375e-13,2.6385242154924413e-16
361.87,1.3371526580813748e-13,2.632934457810542e-16
361.88,1.336978492955398e-13,2.6300209773873904e-16
361.89,1.3367978744992487e-13,2.62375485996091e-16
361.9,1.3366181280022193e-13,2.615779507092422e-16
361.91,1.3364432273046234e-13,2.6128702097824377e-16
361.92,1.3362661817239153e-13,2.6143795319711144e-16
361.93,1.3360897105247547e-13,2.604018265911795e-16
361.94,1.335917385756141e-13,2.5984451312762447e-16
361.95,1.3357315510940723e-13,2.591675369420752e-16
361.96,1.335554860659457e-13,2.586275376943921e-16
361.97,1.3353766618281445e-13,2.582246742274001e-16
361.98,1.3352010410625267e-13,2.5762592935426524e-16
361.99,1.3350232454305997e-13,2.571888111700531e-16
362.0,1.3348448155835612e-13,2.56603181977366e-16
362.01,1.3346658355978178e-13,2.555312954265841e-16
362.02,1.334508273834895e-13,2.553826587397328e-16
362.03,1.3343156350395736e-13,2.547510408147716e-16
362.04,1.334140099067966e-13,2.544295329221699e-16
362.05,1.3339628385172972e-13,2.5387947416827524e-16
362.06,1.3337829111563822e-13,2.53007921512212e-16
362.07,1.3336112886521428e-13,2.529106837367097e-16
362.08,1.3334289381468157e-13,2.517487496126962e-16
362.09,1.3332487616382052e-13,2.5126440181759633e-16
362.1,1.3330828476295554e-13,2.51567996899421e-16
362.11,1.3329024281601032e-13,2.510085358680497e-16
362.12,1.3327298502640988e-13,2.507139300057419e-16
362.13,1.3325526423667498e-13,2.49677246869939e-16
362.14,1.332375528231977e-13,2.4946023840031726e-16
362.15,1.3321969648165703e-13,2.4884892800145993e-16
362.16,1.3320231457643998e-13,2.4831645004049603e-16
362.17,1.331848392254906e-13,2.4792459336737264e-16
362.18,1.331670870491909e-13,2.4730392487892714e-16
362.19,1.3314965503609003e-13,2.466436055721669e-16
362.2,1.3313217470024856e-13,2.463041443099607e-16
362.21,1.3311342623620033e-13,2.452723689006577e-16
362.22,1.330964457767142e-13,2.4509504926746725e-16
362.23,1.3307866621360023e-13,2.448009459024953e-16
362.24,1.330614621796206e-13,2.4423681048653833e-16
362.25,1.330439239256586e-13,2.436875081111186e-16
362.26,1.330264958625581e-13,2.430894604844654e-16
362.27,1.3300834497467506e-13,2.426756565421019e-16
362.28,1.329914403607968e-13,2.4211751766300473e-16
362.29,1.329743579953349e-13,2.4219613608505523e-16
362.3,1.3295632452303414e-13,2.411270169674029e-16
362.31,1.3293871257707923e-13,2.406540211715182e-16
362.32,1.3292202547691146e-13,2.4034445657555206e-16
362.33,1.3290384175378757e-13,2.397009305419944e-16
362.34,1.3288646122775826e-13,2.391882410977435e-16
362.35,1.3286895731943613e-13,2.387070138852687e-16
362.36,1.3285091289203482e-13,2.380638812426264e-16
362.37,1.3283308130906527e-13,2.378238794116853e-16
362.38,1.3281623257316842e-13,2.3758541452678046e-16
362.39,1.3279843606099273e-13,2.3630551463657844e-16
362.4,1.3278157521036274e-13,2.361673205767151e-16
362.41,1.3276416489475483e-13,2.358910439662826e-16
362.42,1.3274669908662491e-13,2.351852554057077e-16
362.43,1.3272915997495396e-13,2.345204859805963e-16
362.44,1.3271156480890142e-13,2.341854213218536e-16
362.45,1.326940775444219e-13,2.3376365186959764e-16
362.46,1.3267855120115348e-13,2.349330118016474e-16
362.47,1.3266056995349752e-13,2.326562275057607e-16
362.48,1.3264197054146987e-13,2.3236139032684054e-16
362.49,1.3262448129400804e-13,2.3191606645437498e-16
362.5,1.3260691226552985e-13,2.3146439743405223e-16
362.51,1.325902545323902e-13,2.3095501494942955e-16
362.52,1.325726922796284e-13,2.304954233169338e-16
362.53,1.325548606635587e-13,2.300737834857048e-16
362.54,1.3253754217082712e-13,2.2952424002156515e-16
362.55,1.3252126237852021e-13,2.289515403854854e-16
362.56,1.3250151753653531e-13,2.2751213133601797e-16
362.57,1.3248544556855243e-13,2.2805487241895893e-16
362.58,1.324682518132908e-13,2.278306260087124e-16
362.59,1.324507205953937e-13,2.2722005734846807e-16
362.6,1.3243366553947298e-13,2.2684724935960344e-16
362.61,1.3241615493034277e-13,2.2630059220251374e-16
362.62,1.3239864789369297e-13,2.2574463828690877e-16
362.63,1.3238103351027953e-13,2.2554261513132003e-16
362.64,1.323640904482258e-13,2.2470817726196846e-16
362.65,1.3234709507675267e-13,2.2475923372906385e-16
362.66,1.3232962214514413e-13,2.244317932244413e-16
362.67,1.323121359159311e-13,2.2378878111779915e-16
362.68,1.32294981567875e-13,2.2338110238202037e-16
362.69,1.3227730354294666e-13,2.229708175075212e-16
362.7,1.3225989686131535e-13,2.2254532389123257e-16
362.71,1.3224268059324695e-13,2.221328801763959e-16
362.72,1.3222545918073492e-13,2.2152711067875998e-16
362.73,1.3220916522956768e-13,2.2124661700107581e-16
362.74,1.3219099481728486e-13,2.2096934991142432e-16
362.75,1.321736474734942e-13,2.2039495979039388e-16
362.76,1.3215674566915884e-13,2.199276833541249e-16
362.77,1.3213889484572565e-13,2.1952335917151353e-16
362.78,1.3212196586753719e-13,2.192079996506101e-16
362.79,1.321046115248759e-13,2.1875661962797955e-16
362.8,1.3208795180740637e-13,2.1857577852997542e-16
362.81,1.3207013669173525e-13,2.178532458243799e-16
362.82,1.3205348586261852e-13,2.1659230960539283e-16
362.83,1.3203564221698878e-13,2.1692064889087788e-16
362.84,1.3201857067855028e-13,2.1677614594809238e-16
362.85,1.3200061131604274e-13,2.1513924270202648e-16
362.86,1.3198411563327442e-13,2.1597351928960733e-16
362.87,1.31966676848744e-13,2.1566205449082136e-16
362.88,1.3194944858801029e-13,2.1535668736628506e-16
362.89,1.3193261843875113e-13,2.149901609841982e-16
362.9,1.3191518019602042e-13,2.1442225539586557e-16
362.91,1.3189848526840727e-13,2.1469767258401126e-16
362.92,1.3188056510405046e-13,2.138905184049426e-16
362.93,1.3186360412761206e-13,2.1342538764599754e-16
362.94,1.3184678741819603e-13,2.1300249167108762e-16
362.95,1.3182937041882206e-13,2.127286443119594e-16
362.96,1.3181221584195872e-13,2.1243574564492188e-16
362.97,1.3179499408021722e-13,2.1189667671904366e-16
362.98,1.3177772490483906e-13,2.1161999581221447e-16
362.99,1.3176079951023973e-13,2.1137870836078868e-16
363.0,1.317404105650975e-13,2.1034851288910776e-16
363.01,1.3172634493499613e-13,2.10584527177128e-16
363.02,1.3170944913288022e-13,2.103212794437927e-16
363.03,1.316920000250832e-13,2.0998611821459463e-16
363.04,1.3167497089903028e-13,2.0953183575806667e-16
363.05,1.3165776671776528e-13,2.0944028051865448e-16
363.06,1.3164060775508762e-13,2.08977729028557e-16
363.07,1.3162410326620423e-13,2.08641219268661e-16
363.08,1.3160665865568444e-13,2.082772296094707e-16
363.09,1.3159005104852057e-13,2.084116491696268e-16
363.1,1.3157200242370261e-13,2.0773479361868345e-16
363.11,1.3155517944955506e-13,2.0752018723941524e-16
363.12,1.3153769710831239e-13,2.0706198399554114e-16
363.13,1.3152080929294775e-13,2.0672114865229092e-16
363.14,1.3150402268217658e-13,2.0657201708878885e-16
363.15,1.3148663940434524e-13,2.0636887433914797e-16
363.16,1.3146972305263055e-13,2.0604041771491183e-16
363.17,1.3145259859439173e-13,2.055243222816209e-16
363.18,1.3143558124861218e-13,2.0538424497280966e-16
363.19,1.3141841533642037e-13,2.0522541149274707e-16
363.2,1.314014493272594e-13,2.0496889620542776e-16
363.21,1.3138418811078293e-13,2.0458803520294267e-16
363.22,1.3136741892107083e-13,2.0432359426181148e-16
363.23,1.313500515865922e-13,2.0404797583681377e-16
363.24,1.313334771690416e-13,2.0396485187944686e-16
363.25,1.313170952854123e-13,2.0383048362680489e-16
363.26,1.3129904981458483e-13,2.0307206562842433e-16
363.27,1.312828013171544e-13,2.0328759303527894e-16
363.28,1.3126476487900715e-13,2.028080479970926e-16
363.29,1.3124787895481526e-13,2.0245937660133605e-16
363.3,1.312306851240425e-13,2.0221129425880012e-16
363.31,1.3121375408027913e-13,2.0212763748723556e-16
363.32,1.31196688689081e-13,2.0210139805001467e-16
363.33,1.3117996489523738e-13,2.0168631317535048e-16
363.34,1.31162717578689e-13,2.0139417435115463e-16
363.35,1.3114579850207502e-13,2.010426581093725e-16
363.36,1.3112814042960762e-13,2.005660719859114e-16
363.37,1.3111111185001693e-13,2.0070264361946934e-16
363.38,1.310947969104311e-13,2.006892521488406e-16
363.39,1.3107735468135448e-13,2.00235744807594e-16
363.4,1.3106073132246268e-13,2.0018104210134842e-16
363.41,1.3104371415381007e-13,1.9981940689026196e-16
363.42,1.3102664801012246e-13,1.9955322387111746e-16
363.43,1.310096322162791e-13,1.9958455623015194e-16
363.44,1.3099310069506148e-13,1.9930225021883597e-16
363.45,1.3097587681405972e-13,1.993336255691931e-16
363.46,1.3095842806195869e-13,1.9930225139209975e-16
363.47,1.3094165026081916e-13,1.9869273828350538e-16
363.48,1.3092481149138975e-13,1.9865417003850583e-16
363.49,1.3090746449367799e-13,1.9852987801516514e-16
363.5,1.3089098486701838e-13,1.9824746617669552e-16
363.51,1.3087392117629334e-13,1.9811814485095241e-16
363.52,1.3085728312579196e-13,1.982067478604255e-16
363.53,1.308399743480322e-13,1.979748326057945e-16
363.54,1.3082277392443817e-13,1.97558091801641e-16
363.55,1.3080603939110385e-13,1.978127134330892e-16
363.56,1.3078920475995321e-13,1.973478348925451e-16
363.57,1.3077186122719719e-13,1.9719895122340362e-16
363.58,1.3075509398342771e-13,1.9680421064755215e-16
363.59,1.3073822567391308e-13,1.9713164034069129e-16
363.6,1.3072132620714212e-13,1.967288341561434e-16
363.61,1.3070450815448947e-13,1.9665413286394203e-16
363.62,1.306873424713937e-13,1.967944853123205e-16
363.63,1.306718769400968e-13,1.9700482782464662e-16
363.64,1.3065340613463e-13,1.9634564754017015e-16
363.65,1.306366654122216e-13,1.9633719255943437e-16
363.66,1.3061951743787244e-13,1.9601008011605237e-16
363.67,1.3060269347850857e-13,1.961227983397457e-16
363.68,1.3058589395883673e-13,1.9613136281000323e-16
363.69,1.305689712334092e-13,1.9560000167791736e-16
363.7,1.3055226087324548e-13,1.9590303866020952e-16
363.71,1.3053527686635503e-13,1.9558301620365251e-16
363.72,1.3051823087829487e-13,1.95696876016539e-16
363.73,1.3050054303680568e-13,1.9522921151485577e-16
363.74,1.3048335373416044e-13,1.950899376758144e-16
363.75,1.304675246436204e-13,1.953640082958986e-16
363.76,1.3045067277358822e-13,1.9528122588611796e-16
363.77,1.304335455105637e-13,1.9523767256359796e-16
363.78,1.304170608751125e-13,1.95587258232512e-16
363.79,1.3039982042689571e-13,1.951421951647845e-16
363.8,1.303829578185365e-13,1.9517245050086298e-16
363.81,1.3036565057156728e-13,1.9502189827319054e-16
363.82,1.3034890502468388e-13,1.9497651698361508e-16
363.83,1.303317338153605e-13,1.9477547169900445e-16
363.84,1.3031513335452182e-13,1.9492367627815787e-16
363.85,1.3029841220238202e-13,1.9486689923855641e-16
363.86,1.3028160209213025e-13,1.9461506502798134e-16
363.87,1.3026474889434163e-13,1.9488873980938397e-16
363.88,1.3024776222938812e-13,1.9488997598296235e-16
363.89,1.3023102419654974e-13,1.948862621662156e-16
363.9,1.3021474714950239e-13,1.9487413965406738e-16
363.91,1.301975400011255e-13,1.9484472974720959e-16
363.92,1.3018034429067825e-13,1.945682143240204e-16
363.93,1.301635522498233e-13,1.9464591939275116e-16
363.94,1.301468065978442e-13,1.947107418751832e-16
363.95,1.3012962962158012e-13,1.9456456478519753e-16
363.96,1.3011292743513083e-13,1.947340243117365e-16
363.97,1.3009607896935847e-13,1.9463528620808642e-16
363.98,1.30079010680479e-13,1.947428951665547e-16
363.99,1.300641042356824e-13,1.9562591832041966e-16
364.0,1.3004556334140666e-13,1.948463751381257e-16
364.01,1.3002860560687483e-13,1.9467309188127394e-16
364.02,1.3001152155054294e-13,1.9473228642374402e-16
364.03,1.2999486188358537e-13,1.949412451575641e-16
364.04,1.2997799635912604e-13,1.9474752779982804e-16
364.05,1.299611229171011e-13,1.9483726905814182e-16
364.06,1.2994445881526444e-13,1.9475858466725634e-16
364.07,1.2992775952573395e-13,1.9489963689993137e-16
364.08,1.2991120835372415e-13,1.9565023395868555e-16
364.09,1.298937644725335e-13,1.9510657154825973e-16
364.1,1.2987728353639138e-13,1.9516165282598826e-16
364.11,1.2985951688629325e-13,1.9556240603855875e-16
364.12,1.2984303981525167e-13,1.9502041761300877e-16
364.13,1.2982646752434322e-13,1.9521364719792174e-16
364.14,1.2981041404317648e-13,1.9547743550239747e-16
364.15,1.297929761383675e-13,1.954268611928627e-16
364.16,1.2977530476113848e-13,1.9518134158105273e-16
364.17,1.2975868256718662e-13,1.955021452027298e-16
364.18,1.2974247427132133e-13,1.9557532319203564e-16
364.19,1.2972568773378685e-13,1.9591568432003109e-16
364.2,1.2970748075719329e-13,1.9535974343592145e-16
364.21,1.2969096556538501e-13,1.9548019878552774e-16
364.22,1.2967503151333555e-13,1.9591283979904904e-16
364.23,1.2965797147917024e-13,1.959719502471282e-16
364.24,1.2964102200840494e-13,1.9603817689997495e-16
364.25,1.2962482145680576e-13,1.9651639975745078e-16
364.26,1.2960758368352884e-13,1.9593244722489675e-16
364.27,1.2959025277440636e-13,1.9626789401322377e-16
364.28,1.2957409291942753e-13,1.9676511786268172e-16
364.29,1.2955732781317588e-13,1.9682469669642719e-16
364.3,1.2954006835320633e-13,1.9675387952352494e-16
364.31,1.2952364054518777e-13,1.9703754419863037e-16
364.32,1.295064209888742e-13,1.9704871661121174e-16
364.33,1.2948994464445563e-13,1.9711032734584423e-16
364.34,1.2947453238177836e-13,1.975003356305139e-16
364.35,1.294561070919482e-13,1.967208634722788e-16
364.36,1.2943925410935235e-13,1.9756231050240446e-16
364.37,1.2942232788098543e-13,1.976710648730468e-16
364.38,1.2940554994105041e-13,1.978897439528313e-16
364.39,1.2938852111542403e-13,1.9778262811559426e-16
364.4,1.29372162199328e-13,1.9821350968384965e-16
364.41,1.293550263346914e-13,1.981941725777353e-16
364.42,1.293378990774281e-13,1.982813259466354e-16
364.43,1.293203500621539e-13,1.9866610775463436e-16
364.44,1.293028504573916e-13,1.9866366362202225e-16
364.45,1.2928774895430806e-13,1.9883837190802792e-16
364.46,1.292712852857022e-13,1.9899658462492497e-16
364.47,1.2925439054362743e-13,1.989817452022647e-16
364.48,1.2923785472980441e-13,1.9962988018436014e-16
364.49,1.2922067781847197e-13,1.9967771721003678e-16
364.5,1.292038129119552e-13,1.9954030562428825e-16
364.51,1.2918748750048714e-13,2.0033223695883704e-16
364.52,1.2917018297369324e-13,1.990984397071529e-16
364.53,1.291531127931297e-13,2.011145863138185e-16
364.54,1.291367544400463e-13,2.004651070901783e-16
364.55,1.291199864965414e-13,2.006710904922694e-16
364.56,1.291029896785888e-13,2.0086999404786776e-16
364.57,1.2908649725333123e-13,2.0117587734223864e-16
364.58,1.290693461741777e-13,2.0109288077101032e-16
364.59,1.2905286304251613e-13,2.0143588724332473e-16
364.6,1.290350891836047e-13,2.013353012018585e-16
364.61,1.290190890077621e-13,2.0231723632384518e-16
364.62,1.2900186966668868e-13,2.0224520575239937e-16
364.63,1.2898603240128533e-13,2.024936681028501e-16
364.64,1.289688388204394e-13,2.0248117507803493e-16
364.65,1.2895201536465242e-13,2.0272148896830485e-16
364.66,1.2893480233297293e-13,2.0272902512013898e-16
364.67,1.289181710936002e-13,2.0316374201350733e-16
364.68,1.2890126995805446e-13,2.0311687124544591e-16
364.69,1.2888485726881316e-13,2.0376868945754416e-16
364.7,1.2886824744781062e-13,2.038274328051897e-16
364.71,1.2885184382564316e-13,2.0400911465133962e-16
364.72,1.288343380011081e-13,2.0397841402756685e-16
364.73,1.2881747053665674e-13,2.0440815245316044e-16
364.74,1.2880046409811313e-13,2.045472893764548e-16
364.75,1.2878378600576365e-13,2.0482613428100567e-16
364.76,1.287672302653371e-13,2.0518627941565248e-16
364.77,1.2875017859347544e-13,2.0516585541257753e-16
364.78,1.287332657635011e-13,2.0537375587156983e-16
364.79,1.2871671032516572e-13,2.0584722013974645e-16
364.8,1.2870027216909798e-13,2.061906809226432e-16
364.81,1.286829408197973e-13,2.0616336341505978e-16
364.82,1.2866587642682131e-13,2.065571995688513e-16
364.83,1.286500000137777e-13,2.0683580236716035e-16
364.84,1.286329107707073e-13,2.0705396466349016e-16
364.85,1.2861601609306193e-13,2.0741634210345374e-16
364.86,1.285989385831699e-13,2.0754130668444693e-16
364.87,1.2858255090197892e-13,2.0788088597011533e-16
364.88,1.285653052658873e-13,2.0806649733226198e-16
364.89,1.2854927416767266e-13,2.0865079709546441e-16
364.9,1.2853186262361897e-13,2.0857143679222413e-16
364.91,1.285150011173804e-13,2.0890134136217263e-16
364.92,1.2849808541067174e-13,2.0905876760714283e-16
364.93,1.2848142926489304e-13,2.089640812665432e-16
364.94,1.284642946495863e-13,2.0948269345275993e-16
364.95,1.2844796306729702e-13,2.1005678848518464e-16
364.96,1.2843040794236034e-13,2.0968900589583e-16
364.97,1.2841380896951823e-13,2.0969901575107803e-16
364.98,1.283973935537429e-13,2.109889487233853e-16
364.99,1.283807256479781e-13,2.1100783725319128e-16
365.0,1.2836379275705297e-13,2.1114242566419645e-16
365.01,1.283472977838384e-13,2.1133684604047171e-16
365.02,1.283303622703094e-13,2.1162199634146086e-16
365.03,1.2831345754881918e-13,2.121811844311597e-16
365.04,1.282966307461544e-13,2.1254896692993924e-16
365.05,1.2827965186236035e-13,2.128166300348771e-16
365.06,1.282633345827374e-13,2.1298693941802235e-16
365.07,1.2824657107468605e-13,2.135892586966018e-16
365.08,1.2822940045351677e-13,2.1351832251984076e-16
365.09,1.282122112649838e-13,2.1350089888711776e-16
365.1,1.2819552306534008e-13,2.1382376895684927e-16
365.11,1.2817918548031227e-13,2.1442037601176334e-16
365.12,1.2816209682620713e-13,2.146718733909776e-16
365.13,1.2814572516789317e-13,2.1490994713591684e-16
365.14,1.2812793188542067e-13,2.1461289895421074e-16
365.15,1.281121108970929e-13,2.1559090662183782e-16
365.16,1.2809431978078587e-13,2.16076538380082e-16
365.17,1.280781777171226e-13,2.1604131037869738e-16
365.18,1.2806148374114384e-13,2.164980778707979e-16
365.19,1.2804482811449133e-13,2.167835235920188e-16
365.2,1.2802775295926919e-13,2.1684679586324075e-16
365.21,1.2801123387242177e-13,2.174245770848943e-16
365.22,1.2799442954660533e-13,2.1792798176801537e-16
365.23,1.2797680568990184e-13,2.1864021992733329e-16
365.24,1.2796098510633228e-13,2.1806663227184745e-16
365.25,1.2794447528738997e-13,2.1737851764280958e-16
365.26,1.2792700164136766e-13,2.1882524195100994e-16
365.27,1.2791034864117223e-13,2.1890838257459379e-16
365.28,1.2789311308555658e-13,2.1953437364649456e-16
365.29,1.2787668720345806e-13,2.1974039242488407e-16
365.3,1.2785988845576313e-13,2.200562561710281e-16
365.31,1.2784333799203872e-13,2.2048803772329427e-16
365.32,1.2782598433984758e-13,2.2033264643901764e-16
365.33,1.2780948456682547e-13,2.209625923352887e-16
365.34,1.277919082730112e-13,2.2177949600010185e-16
365.35,1.277759583046689e-13,2.2162997785685446e-16
365.36,1.2775919218586638e-13,2.217323294871601e-16
365.37,1.2774212549354746e-13,2.2209828334510005e-16
365.38,1.2772549892339263e-13,2.224463961614603e-16
365.39,1.277087827726846e-13,2.2277867100317034e-16
365.4,1.276923526650813e-13,2.2330542117708293e-16
365.41,1.2767699435918876e-13,2.232899290965716e-16
365.42,1.2765845168360948e-13,2.235766387457993e-16
365.43,1.276412518595498e-13,2.242139741652924e-16
365.44,1.2762466153125832e-13,2.2416803600065996e-16
365.45,1.2760782889875967e-13,2.2457912712024024e-16
365.46,1.2759113845510166e-13,2.2478401359983716e-16
365.47,1.275743895834908e-13,2.2529431026282944e-16
365.48,1.2755748060024188e-13,2.255576291725425e-16
365.49,1.275407970690561e-13,2.25710208850546e-16
365.5,1.2752176953437826e-13,2.2813582257345247e-16
365.51,1.275070405778616e-13,2.267084721575035e-16
365.52,1.274931768817532e-13,2.249735312706075e-16
365.53,1.2747331906306162e-13,2.271656863446355e-16
365.54,1.2745660758613444e-13,2.2725764758939155e-16
365.55,1.274402704107157e-13,2.2779435209139604e-16
365.56,1.2742280656101207e-13,2.2774305021483165e-16
365.57,1.274062521596143e-13,2.2822876514012496e-16
365.58,1.2738928295624728e-13,2.2840921129637816e-16
365.59,1.2737362312877366e-13,2.289135360020704e-16
365.6,1.273560174352271e-13,2.2933916396008746e-16
365.61,1.273403593530206e-13,2.304279624307646e-16
365.62,1.2732231775771023e-13,2.298491646775649e-16
365.63,1.2730569082037777e-13,2.301268143513878e-16
365.64,1.2728875662062634e-13,2.3035865084502796e-16
365.65,1.272720638363223e-13,2.308005780878386e-16
365.66,1.272553630408896e-13,2.311219372046185e-16
365.67,1.272386455719213e-13,2.313670787528508e-16
365.68,1.272223125224359e-13,2.3133959771149376e-16
365.69,1.2720451123227145e-13,2.319977541004563e-16
365.7,1.2718882902250497e-13,2.3245645129363937e-16
365.71,1.271709416829232e-13,2.324707267634817e-16
365.72,1.2715457452563048e-13,2.3287695912900226e-16
365.73,1.2713768067297155e-13,2.3314529554884274e-16
365.74,1.271207704175373e-13,2.33404721457234e-16
365.75,1.2710338018454688e-13,2.3393230781630745e-16
365.76,1.2708746800731012e-13,2.3406692861766e-16
365.77,1.270711641553339e-13,2.3419186492104816e-16
365.78,1.2705333772584743e-13,2.3455044125617955e-16
365.79,1.2703719985738637e-13,2.35538316055968e-16
365.8,1.2702016451049344e-13,2.351122571152013e-16
365.81,1.2700311481068925e-13,2.3537674971219217e-16
365.82,1.2698623103558528e-13,2.356510123783868e-16
365.83,1.2696988471538467e-13,2.3607967622721084e-16
365.84,1.269531468386494e-13,2.365000743036963e-16
365.85,1.2693609015650329e-13,2.366891242122941e-16
365.86,1.2691866231710109e-13,2.3650733688259674e-16
365.87,1.2690257466453067e-13,2.3725023693495e-16
365.88,1.2688526833239738e-13,2.3708131035070405e-16
365.89,1.2686889928260092e-13,2.3767909706861577e-16
365.9,1.2685211315149606e-13,2.381412125431202e-16
365.91,1.26835494033183e-13,2.3853650554636897e-16
365.92,1.2681871117992965e-13,2.3879013026736967e-16
365.93,1.268017531448666e-13,2.3901478020399276e-16
365.94,1.267850383483645e-13,2.3918999984118396e-16
365.95,1.2676806934441676e-13,2.396772527163438e-16
365.96,1.2675178828323938e-13,2.398556043841706e-16
365.97,1.2673464764347642e-13,2.4030342248926957e-16
365.98,1.267176630687759e-13,2.4035687154580967e-16
365.99,1.26701003678675e-13,2.405663658459682e-16
366.0,1.2668392645496742e-13,2.4089272442657287e-16
366.01,1.2666808134770266e-13,2.41142088586755e-16
366.02,1.26651206045792e-13,2.4136850967416173e-16
366.03,1.2663403262322793e-13,2.416416378867185e-16
366.04,1.2661733723279075e-13,2.4214396790868246e-16
366.05,1.266007641355408e-13,2.4254797170379336e-16
366.06,1.2658349965018911e-13,2.4211892985932295e-16
366.07,1.265667781016399e-13,2.4263888212049725e-16
366.08,1.2654990681852274e-13,2.429775739046702e-16
366.09,1.2653296509732825e-13,2.432621022843698e-16
366.1,1.2651632514318883e-13,2.434484166988897e-16
366.11,1.2649973114367984e-13,2.4383792071158297e-16
366.12,1.2648307348307075e-13,2.4413406082953003e-16
366.13,1.2646644617133876e-13,2.448165598738158e-16
366.14,1.2644941847163315e-13,2.446017445873784e-16
366.15,1.2643269883215509e-13,2.4501084327878785e-16
366.16,1.26415142181682e-13,2.44931207948146e-16
366.17,1.2639912903462614e-13,2.4537915526299776e-16
366.18,1.2638284165227538e-13,2.4547286861380203e-16
366.19,1.263656467118521e-13,2.4592194239719955e-16
366.2,1.263485037745777e-13,2.459644777703042e-16
366.21,1.2633186436651182e-13,2.4624462130814086e-16
366.22,1.263148144884774e-13,2.465731448929306e-16
366.23,1.2629916375337202e-13,2.4678342283454345e-16
366.24,1.2628184720467656e-13,2.468901292559147e-16
366.25,1.262648946222392e-13,2.4719807579832635e-16
366.26,1.2624840085395645e-13,2.4743297880216665e-16
366.27,1.262313888150778e-13,2.4764017272296013e-16
366.28,1.2621476576239036e-13,2.478510762103155e-16
366.29,1.2619775653710536e-13,2.480201511541062e-16
366.3,1.2618126578481198e-13,2.486527142874462e-16
366.31,1.2616524342178331e-13,2.492363086408209e-16
366.32,1.2614888496501766e-13,2.501631245247568e-16
366.33,1.2613045561077616e-13,2.490563464280907e-16
366.34,1.261140437282377e-13,2.492205256590917e-16
366.35,1.2609722905167584e-13,2.4942036538688406e-16
366.36,1.2608081835035978e-13,2.496756308817078e-16
366.37,1.2606391448988723e-13,2.4998928827151694e-16
366.38,1.2604717682683087e-13,2.5029903680093274e-16
366.39,1.2603035320165678e-13,2.50308279082463e-16
366.4,1.260139571463548e-13,2.5047201391230003e-16
366.41,1.2599649772132165e-13,2.500936675535779e-16
366.42,1.259800046331684e-13,2.507871117287701e-16
366.43,1.2596329308802747e-13,2.5105694802796384e-16
366.44,1.2594652521742574e-13,2.5110991891514494e-16
366.45,1.2592979863910552e-13,2.514329719417472e-16
366.46,1.2591311616832612e-13,2.517172251439644e-16
366.47,1.2589641728607548e-13,2.5190222999207067e-16
366.48,1.2587922957176716e-13,2.5197999548651804e-16
366.49,1.258645260919753e-13,2.5249934091005655e-16
366.5,1.2584409828218153e-13,2.5189679269864917e-16
366.51,1.2582941562993304e-13,2.5267348964561635e-16
366.52,1.258128243067675e-13,2.5276340981256696e-16
366.53,1.2579621985657512e-13,2.528755854972174e-16
366.54,1.2577903612748219e-13,2.5314092837972983e-16
366.55,1.2576274859910694e-13,2.5348917693607194e-16
366.56,1.257464414185209e-13,2.538621776524668e-16
366.57,1.257292151276926e-13,2.535368842525162e-16
366.58,1.2571159267201525e-13,2.534390821276665e-16
366.59,1.256956375598556e-13,2.535043439922423e-16
366.6,1.2567855080311515e-13,2.5377331598335883e-16
366.61,1.2566211490298237e-13,2.542526813563164e-16
366.62,1.2564536354055083e-13,2.5423872095518764e-16
366.63,1.2562834103283888e-13,2.5436181203287885e-16
366.64,1.2561195063420524e-13,2.541569970316645e-16
366.65,1.2559610346036518e-13,2.5493537750325297e-16
366.66,1.2557850670782453e-13,2.549415212539086e-16
366.67,1.2556172242971324e-13,2.554001995180765e-16
366.68,1.255454146098657e-13,2.554019840243459e-16
366.69,1.2552865908792764e-13,2.5546430937165955e-16
366.7,1.255106730462991e-13,2.546667825244898e-16
366.71,1.2549515677976458e-13,2.555810220850431e-16
366.72,1.2547856149942795e-13,2.558371949798472e-16
366.73,1.2545955970061752e-13,2.552877224815772e-16
366.74,1.2544528752063987e-13,2.560089727786819e-16
366.75,1.2542807813626423e-13,2.5613178313300773e-16
366.76,1.254116494271182e-13,2.5640482626274627e-16
366.77,1.2539489622119795e-13,2.5632960933915834e-16
366.78,1.2537871446078613e-13,2.5664228497537107e-16
366.79,1.2536194765424202e-13,2.5644518086672403e-16
366.8,1.2534503541762628e-13,2.5708726575296926e-16
366.81,1.253280854939705e-13,2.566976581248404e-16
366.82,1.253114501011928e-13,2.570352141271598e-16
366.83,1.2529494165649896e-13,2.5698506100930953e-16
366.84,1.2527829241433424e-13,2.572773766943283e-16
366.85,1.2526177557690264e-13,2.5743223018606696e-16
366.86,1.2524492314642463e-13,2.5726328140788875e-16
366.87,1.2522813536521541e-13,2.576779241433972e-16
366.88,1.2521146904276877e-13,2.5747498189916164e-16
366.89,1.251949643065504e-13,2.5779595048920105e-16
366.9,1.2517626789987792e-13,2.5699319214686704e-16
366.91,1.2516153279287796e-13,2.577317973476883e-16
366.92,1.2514453062132618e-13,2.5780683846904997e-16
366.93,1.2512819292535567e-13,2.580981987612551e-16
366.94,1.2511215984744243e-13,2.580802685603185e-16
366.95,1.2509504530013277e-13,2.5826794754615303e-16
366.96,1.2507835506629636e-13,2.58011422783465e-16
366.97,1.2506173210620945e-13,2.582497261354112e-16
366.98,1.2504603500877985e-13,2.58631641227311e-16
366.99,1.2502871303460827e-13,2.5828865636387675e-16
367.0,1.2501182273350145e-13,2.5839045548911167e-16
367.01,1.2499491331549713e-13,2.583969348176896e-16
367.02,1.2497839642618194e-13,2.585046382153333e-16
367.03,1.2496308773806022e-13,2.591372759948154e-16
367.04,1.2494522369273228e-13,2.5865626001642145e-16
367.05,1.2492881340206462e-13,2.585955894494253e-16
367.06,1.2491180695729852e-13,2.582603113791127e-16
367.07,1.2489552030960524e-13,2.588668247228129e-16
367.08,1.248788375950132e-13,2.587232176739396e-16
367.09,1.2486232829374514e-13,2.5873540569664955e-16
367.1,1.2484585361946887e-13,2.58934185380503e-16
367.11,1.248288993393829e-13,2.585522644740228e-16
367.12,1.248127100759018e-13,2.593025644720561e-16
367.13,1.2479562076976907e-13,2.5872880169984496e-16
367.14,1.2477958804411388e-13,2.587352943573153e-16
367.15,1.2476270358681183e-13,2.591056819210788e-16
367.16,1.2474617995524806e-13,2.590111529331591e-16
367.17,1.2472920322523109e-13,2.588312296174401e-16
367.18,1.247131742186737e-13,2.590935087888922e-16
367.19,1.2469633494489644e-13,2.5895374140747164e-16
367.2,1.246793058774461e-13,2.588954536220039e-16
367.21,1.2466336344321866e-13,2.5916163188727113e-16
367.22,1.2464673725184442e-13,2.5910025823722736e-16
367.23,1.24630097448696e-13,2.5910854651116404e-16
367.24,1.2461392494318268e-13,2.590281096839208e-16
367.25,1.2459650907702088e-13,2.586639198234364e-16
367.26,1.245804961944498e-13,2.590049563656235e-16
367.27,1.2456436556361614e-13,2.5934278884309824e-16
367.28,1.2454735961034192e-13,2.5893709349693594e-16
367.29,1.2452998511181945e-13,2.5863255318751166e-16
367.3,1.2451407957288086e-13,2.5880302804429157e-16
367.31,1.2449781743954702e-13,2.590146647277623e-16
367.32,1.2448086698778201e-13,2.5900557154472756e-16
367.33,1.24464365983318e-13,2.5878267913036057e-16
367.34,1.2444830369801927e-13,2.5875520693798213e-16
367.35,1.2443163045926384e-13,2.586692405279845e-16
367.36,1.2441490420444859e-13,2.5874870611650753e-16
367.37,1.2439841574536167e-13,2.5854769952287607e-16
367.38,1.2438177011235267e-13,2.5837983441597294e-16
367.39,1.2436477060040875e-13,2.5821992845895647e-16
367.4,1.2434902002998305e-13,2.5833656195360255e-16
367.41,1.2433248414046565e-13,2.5857350285261233e-16
367.42,1.243159080004251e-13,2.5847880614511096e-16
367.43,1.2429947358998526e-13,2.585389373792655e-16
367.44,1.2428254383428213e-13,2.5830632147474e-16
367.45,1.2426656061874874e-13,2.5836327637886306e-16
367.46,1.24249832467219e-13,2.581747899679695e-16
367.47,1.2423330843908538e-13,2.580117407962649e-16
367.48,1.2421712614662092e-13,2.581935649152589e-16
367.49,1.2420045425023142e-13,2.5777368967206685e-16
367.5,1.241834021155021e-13,2.574611236934928e-16
367.51,1.2416769760484366e-13,2.579435282083512e-16
367.52,1.2415052860766638e-13,2.5753956344874725e-16
367.53,1.2413446837835614e-13,2.577639824633127e-16
367.54,1.241179390600944e-13,2.5784696229341527e-16
367.55,1.2410180502343042e-13,2.5756165061573585e-16
367.56,1.2408524746117297e-13,2.5742462530943923e-16
367.57,1.2406857924878205e-13,2.5759723739359528e-16
367.58,1.2405262980128935e-13,2.572498348396774e-16
367.59,1.2403598107523555e-13,2.5729030685257567e-16
367.6,1.2401957036399261e-13,2.5696625686299763e-16
367.61,1.240025087721955e-13,2.5699558672330347e-16
367.62,1.2398633642636103e-13,2.5668664523624047e-16
367.63,1.2396974961260534e-13,2.5677232829830057e-16
367.64,1.2395350978276091e-13,2.5678861651476177e-16
367.65,1.2393758524599253e-13,2.5667256527990315e-16
367.66,1.2392033373384524e-13,2.562058738562206e-16
367.67,1.239044599591485e-13,2.5574621911485197e-16
367.68,1.2388785478749027e-13,2.5600688871890104e-16
367.69,1.2387129154196414e-13,2.562645188986602e-16
367.7,1.2385494124191995e-13,2.559173007687195e-16
367.71,1.2383877695845065e-13,2.558530995618343e-16
367.72,1.2382165092314585e-13,2.5512118309136877e-16
367.73,1.2380606258384968e-13,2.557530893998756e-16
367.74,1.2378952910837182e-13,2.554685634878214e-16
367.75,1.2377365843056162e-13,2.5528056630053263e-16
367.76,1.2375646994090663e-13,2.5502596279806327e-16
367.77,1.2374042925018422e-13,2.552650935990157e-16
367.78,1.237240543425351e-13,2.548932345712097e-16
367.79,1.2370768838836917e-13,2.5476692172874263e-16
367.8,1.2369174987280112e-13,2.544572526198836e-16
367.81,1.2367461398012046e-13,2.5433252369902733e-16
367.82,1.2365865854148301e-13,2.5428919953208684e-16
367.83,1.2364262031585986e-13,2.5433144488194674e-16
367.84,1.2362574696422385e-13,2.54265764798999e-16
367.85,1.2360968988777751e-13,2.538754832357648e-16
367.86,1.2359308361412346e-13,2.5386117835217896e-16
367.87,1.2357697109441187e-13,2.5358442963407465e-16
367.88,1.2356207202591527e-13,2.5459925265562487e-16
367.89,1.2354424322562017e-13,2.5332401712987264e-16
367.9,1.2352778975914717e-13,2.5322211486419495e-16
367.91,1.2351160091603532e-13,2.5296325862222655e-16
367.92,1.2349494204544356e-13,2.5275402194759303e-16
367.93,1.2347851547457785e-13,2.523897867541296e-16
367.94,1.2346262371414207e-13,2.5236752891412586e-16
367.95,1.2344584151334633e-13,2.521176761648914e-16
367.96,1.234298530883927e-13,2.5188793245362673e-16
367.97,1.2341341221950863e-13,2.5171573969001543e-16
367.98,1.2339758632448328e-13,2.522400115894985e-16
367.99,1.233813821630454e-13,2.5131677366713386e-16
368.0,1.2336466618657487e-13,2.512273350501796e-16
368.01,1.2334861775880257e-13,2.514928940520368e-16
368.02,1.2333364145850912e-13,2.5237426672856076e-16
368.03,1.2331614372542055e-13,2.508747129749177e-16
368.04,1.232994552466953e-13,2.504911735545033e-16
368.05,1.2328277600809418e-13,2.5107190836064163e-16
368.06,1.2326706287147017e-13,2.5026289606248147e-16
368.07,1.232509973794238e-13,2.50096887774364e-16
368.08,1.2323450595879655e-13,2.496475518452427e-16
368.09,1.2321838645582726e-13,2.4974628068074096e-16
368.1,1.2320180217978722e-13,2.493579120332293e-16
368.11,1.2318594671546717e-13,2.49059339006481e-16
368.12,1.231697709348134e-13,2.4906532425278353e-16
368.13,1.2315307420524815e-13,2.4832159368569316e-16
368.14,1.231372588268436e-13,2.485518496122932e-16
368.15,1.2312084702781462e-13,2.4833247414148793e-16
368.16,1.2310478390735986e-13,2.4816029571836674e-16
368.17,1.2308876025943089e-13,2.4803290849502515e-16
368.18,1.2307245898558991e-13,2.4784416042222117e-16
368.19,1.2305570398917198e-13,2.4745393035291733e-16
368.2,1.2303976209621571e-13,2.4735194610543435e-16
368.21,1.2302481330256739e-13,2.4756237112392715e-16
368.22,1.2300736697872766e-13,2.4673695608957364e-16
368.23,1.229916518417117e-13,2.468025883534659e-16
368.24,1.2297534738368643e-13,2.464887228076818e-16
368.25,1.229593777276885e-13,2.464903753820738e-16
368.26,1.2294268367572662e-13,2.45967146530793e-16
368.27,1.2292728861828673e-13,2.464419008547389e-16
368.28,1.2291054855230897e-13,2.4675421791484794e-16
368.29,1.2289365145741869e-13,2.4503957530143885e-16
368.3,1.2287860674927929e-13,2.452270269012e-16
368.31,1.228620189976528e-13,2.450263037140902e-16
368.32,1.2284604966478005e-13,2.4466383719415455e-16
368.33,1.2283013726507411e-13,2.4453900029643367e-16
368.34,1.228135450185231e-13,2.4406115169640574e-16
368.35,1.227975580901907e-13,2.4387057906733153e-16
368.36,1.227817398339287e-13,2.4377546591662533e-16
368.37,1.2276638536249497e-13,2.43332065033468e-16
368.38,1.2274800026651943e-13,2.432160773287619e-16
368.39,1.2273356621292547e-13,2.4302335788293403e-16
368.4,1.227168933745369e-13,2.4276033090117627e-16
368.41,1.2270082613176318e-13,2.424077421871796e-16
368.42,1.226847878353665e-13,2.422204169061398e-16
368.43,1.2266857245086067e-13,2.4193797198721405e-16
368.44,1.2265258136772863e-13,2.4167280224970664e-16
368.45,1.2263641436103392e-13,2.4132067758443417e-16
368.46,1.2262107876867705e-13,2.4136492190151464e-16
368.47,1.2260477184144108e-13,2.398986428457192e-16
368.48,1.2258850243440933e-13,2.407908309487881e-16
368.49,1.2257236525296214e-13,2.4053541910813624e-16
368.5,1.2255634457414298e-13,2.40591844233513e-16
368.51,1.22540007553974e-13,2.397684399607614e-16
368.52,1.225243435245854e-13,2.400551258985287e-16
368.53,1.2250820102199217e-13,2.3932137142283574e-16
368.54,1.2249250752217427e-13,2.392933002366532e-16
368.55,1.2247639033020168e-13,2.390278143578806e-16
368.56,1.2246087400892978e-13,2.3917718306126427e-16
368.57,1.2244482168836193e-13,2.3834093689308653e-16
368.58,1.2242782338818543e-13,2.381255231975021e-16
368.59,1.224121297636505e-13,2.379101495774587e-16
368.6,1.223957582622789e-13,2.375460721516356e-16
368.61,1.2237898114547184e-13,2.3713191938052584e-16
368.62,1.2236412986134978e-13,2.3756542605021917e-16
368.63,1.2234759456259603e-13,2.3667086316809163e-16
368.64,1.2233191301759268e-13,2.367080177031943e-16
368.65,1.2231616821557941e-13,2.363910440278109e-16
368.66,1.2230025509134843e-13,2.361588525843631e-16
368.67,1.2228408065135519e-13,2.357906015599734e-16
368.68,1.2226807641554783e-13,2.3553383410651815e-16
368.69,1.2225213020102757e-13,2.3521548472118676e-16
368.7,1.2223584671372582e-13,2.3501950827554494e-16
368.71,1.222202451081127e-13,2.3477194140220284e-16
368.72,1.2220418760138293e-13,2.344887604157462e-16
368.73,1.2218788735829193e-13,2.3440731310666395e-16
368.74,1.221722748809366e-13,2.338549381271026e-16
368.75,1.2215604173687008e-13,2.338953032495111e-16
368.76,1.2214034145243337e-13,2.3319137487479924e-16
368.77,1.2212459604738496e-13,2.3256114028126103e-16
368.78,1.221084388567178e-13,2.327360512954486e-16
368.79,1.220923184681833e-13,2.3234264952571307e-16
368.8,1.2207643488297784e-13,2.3221212193171574e-16
368.81,1.220597499250576e-13,2.3192101095516333e-16
368.82,1.2204476106932454e-13,2.31642488709995e-16
368.83,1.2202845968036372e-13,2.3079078916808297e-16
368.84,1.2201312952246315e-13,2.3112405359445113e-16
368.85,1.219972082151336e-13,2.3094519867769923e-16
368.86,1.2198114924082708e-13,2.306413857342752e-16
368.87,1.2196516264545986e-13,2.2950034682486776e-16
368.88,1.219494367219403e-13,2.2998726207468635e-16
368.89,1.2193353847339114e-13,2.297348424967283e-16
368.9,1.219177943035327e-13,2.2968387023092356e-16
368.91,1.2190193352274383e-13,2.290001485698377e-16
368.92,1.2188643771721691e-13,2.2877220317122904e-16
368.93,1.2187005443844987e-13,2.2858816816530105e-16
368.94,1.2185412645565366e-13,2.285010112131544e-16
368.95,1.2183838700477944e-13,2.2823298570162785e-16
368.96,1.2182235680426087e-13,2.2786845976742776e-16
368.97,1.218065939530346e-13,2.274012961649825e-16
368.98,1.217907549963138e-13,2.270200557129098e-16
368.99,1.2177517037849994e-13,2.270412138972361e-16
369.0,1.2175829370166194e-13,2.271824500657305e-16
369.01,1.2174344362348371e-13,2.261070655200178e-16
369.02,1.217276414689405e-13,2.262943583589719e-16
369.03,1.217116789493181e-13,2.2609927104333456e-16
369.04,1.2169600963700547e-13,2.256623373685403e-16
369.05,1.2168003179717665e-13,2.253256760901606e-16
369.06,1.2166425097676584e-13,2.2516272160526484e-16
369.07,1.2164837296801155e-13,2.24840002426837e-16
369.08,1.2163388509740366e-13,2.2497888552810314e-16
369.09,1.216168716759998e-13,2.245715687909301e-16
369.1,1.216013609385993e-13,2.2446118523125944e-16
369.11,1.2158498032228342e-13,2.2351458423968424e-16
369.12,1.215693780776774e-13,2.233461583011186e-16
369.13,1.2155360617426919e-13,2.229450140151973e-16
369.14,1.2153796225875802e-13,2.2288368399326657e-16
369.15,1.2152201261125604e-13,2.226184629977454e-16
369.16,1.2150658811405996e-13,2.224360014654302e-16
369.17,1.2148907655754123e-13,2.205207455904575e-16
369.18,1.214748349168198e-13,2.2172171614779372e-16
369.19,1.214566781224873e-13,2.2087037361482522e-16
369.2,1.2144312085915288e-13,2.2114687034873361e-16
369.21,1.214277953680298e-13,2.210362164753855e-16
369.22,1.2141231638136888e-13,2.2055678788231085e-16
369.23,1.2139608404498122e-13,2.2054516067019947e-16
369.24,1.2138021761002007e-13,2.203712977664155e-16
369.25,1.213645237072025e-13,2.2000333847039993e-16
369.26,1.2134817524693562e-13,2.1937776992985287e-16
369.27,1.213328417435366e-13,2.1949679228456579e-16
369.28,1.2131835010982013e-13,2.1858375728410949e-16
369.29,1.2130175492494605e-13,2.1873126922202574e-16
369.3,1.2128610308262025e-13,2.183908499270307e-16
369.31,1.212702698231178e-13,2.1846265591667727e-16
369.32,1.2125459199939397e-13,2.1796341968908844e-16
369.33,1.2123897149197825e-13,2.1766434511814933e-16
369.34,1.2122430627949471e-13,2.1769732785921036e-16
369.35,1.2120997784472823e-13,2.1895156896940483e-16
369.36,1.2119212700608065e-13,2.1686511088902973e-16
369.37,1.2117820840615372e-13,2.1868368016746158e-16
369.38,1.2116042651099107e-13,2.16070648659988e-16
369.39,1.2114518367476916e-13,2.1612380593128127e-16
369.4,1.2112927666345e-13,2.1587500963233886e-16
369.41,1.2111388339576318e-13,2.15413354825263e-16
369.42,1.210982811465309e-13,2.1550180189163145e-16
369.43,1.2108257506923588e-13,2.1530866093552633e-16
369.44,1.2106576131759203e-13,2.1174236405819068e-16
369.45,1.2105137558911904e-13,2.1462720137383737e-16
369.46,1.2102978045230715e-13,2.1261758623371124e-16
369.47,1.210201068404164e-13,2.1393310533279985e-16
369.48,1.210043565673839e-13,2.1388640759362824e-16
369.49,1.2098858425946837e-13,2.1357115384300574e-16
369.5,1.2097283889267227e-13,2.133169896357913e-16
369.51,1.2095736069092032e-13,2.1291153839194638e-16
369.52,1.2094120376180833e-13,2.1280773756420126e-16
369.53,1.209258403580294e-13,2.12817011404315e-16
369.54,1.2091044345009428e-13,2.1226093571467433e-16
369.55,1.2089619666340986e-13,2.1184491264304095e-16
369.56,1.2087922937015794e-13,2.1186096888477206e-16
369.57,1.2086367803404619e-13,2.1157328491990301e-16
369.58,1.2084812259308588e-13,2.1120816129931384e-16
369.59,1.2083253545637848e-13,2.1104806700594901e-16
369.6,1.2081720265982994e-13,2.1106099855178614e-16
369.61,1.2080148409766864e-13,2.1071087764355194e-16
369.62,1.207858505663655e-13,2.1022838935750308e-16
369.63,1.207702538890272e-13,2.102149583058103e-16
369.64,1.2075448308672812e-13,2.091877005299214e-16
369.65,1.2073904194888323e-13,2.0957492712391078e-16
369.66,1.2072340636535134e-13,2.0903103701092525e-16
369.67,1.207080258467764e-13,2.0918398874650707e-16
369.68,1.2069267347002656e-13,2.0905855509987593e-16
369.69,1.2067665658282505e-13,2.0856107325877462e-16
369.7,1.206615823230499e-13,2.0853413448684157e-16
369.71,1.2064598416247423e-13,2.0891248232491338e-16
369.72,1.2063108462962633e-13,2.08102828448293e-16
369.73,1.206153343397001e-13,2.0764116800963007e-16
369.74,1.2059935518521536e-13,2.0770473694754492e-16
369.75,1.2058392594606038e-13,2.0740884946414415e-16
369.76,1.2056814121819005e-13,2.0714063649055616e-16
369.77,1.2055279023341934e-13,2.0697158213259437e-16
369.78,1.2053731505135716e-13,2.068235500211073e-16
369.79,1.2052182911890256e-13,2.0649897471624058e-16
369.8,1.2050664099128977e-13,2.0662729317780187e-16
369.81,1.204907031530818e-13,2.0633954344841848e-16
369.82,1.2047467085068637e-13,2.057623833814572e-16
369.83,1.2045975812970686e-13,2.0562776639558153e-16
369.84,1.2044411663047433e-13,2.0540743038445216e-16
369.85,1.2042782412270491e-13,2.0533507971316088e-16
369.86,1.2041324978804186e-13,2.0508386721442039e-16
369.87,1.2039769356000193e-13,2.0474839728085907e-16
369.88,1.2038234378711688e-13,2.045459453833334e-16
369.89,1.203668789061628e-13,2.0449958541800413e-16
369.9,1.203511723296277e-13,2.0430432747121634e-16
369.91,1.203362205971248e-13,2.0423966352302194e-16
369.92,1.2032067677602814e-13,2.038772184346341e-16
369.93,1.2030527930040277e-13,2.0381340715916863e-16
369.94,1.2028948507716687e-13,2.0351667619180586e-16
369.95,1.2027387220143172e-13,2.0327666832656075e-16
369.96,1.2025866849378267e-13,2.0309662034880257e-16
369.97,1.2024367514106706e-13,2.0285466264728347e-16
369.98,1.2022801971707236e-13,2.0266796626603017e-16
369.99,1.2021291356143652e-13,2.0257076751971555e-16
370.0,1.2019649251362613e-13,2.02236144177975e-16
370.01,1.2018115660866313e-13,2.0202308447459092e-16
370.02,1.2016579584022356e-13,2.0188492312458922e-16
370.03,1.2015039653664685e-13,2.0177400725401837e-16
370.04,1.2013515593830903e-13,2.017180477280698e-16
370.05,1.2011980792820256e-13,2.0162254981386006e-16
370.06,1.201041575547121e-13,2.012032090127165e-16
370.07,1.2008889189702333e-13,2.0098894166612677e-16
370.08,1.2007353596451967e-13,2.0111198438499801e-16
370.09,1.2005821969264645e-13,2.006267694106686e-16
370.1,1.2004318925226778e-13,2.0065153497939356e-16
370.11,1.2002683141545792e-13,1.9994749196251518e-16
370.12,1.2001191369390678e-13,2.0031939715572247e-16
370.13,1.199963486132733e-13,1.9992153041344774e-16
370.14,1.1998097866845657e-13,1.9993773651079292e-16
370.15,1.1996542552807768e-13,1.993125105362756e-16
370.16,1.1995020418904889e-13,1.9901805226941656e-16
370.17,1.1993476453462204e-13,1.991707375291783e-16
370.18,1.1991953047431283e-13,1.9923351758189226e-16
370.19,1.199039377648143e-13,1.9897356608043112e-16
370.2,1.1988879979111387e-13,1.9907061282181572e-16
370.21,1.1987333911429336e-13,1.987230491868932e-16
370.22,1.1985783562816272e-13,1.9849525940173786e-16
370.23,1.1984237512114e-13,1.9842312478199164e-16
370.24,1.1982718216421357e-13,1.9829194919291878e-16
370.25,1.1980863232511456e-13,1.9726320579575386e-16
370.26,1.1979830348978333e-13,1.9842101377624429e-16
370.27,1.1978120656319278e-13,1.9784769471482513e-16
370.28,1.1976577630008083e-13,1.978291844680572e-16
370.29,1.197505521601156e-13,1.97649355797809e-16
370.3,1.197348927905546e-13,1.9744044637687558e-16
370.31,1.1971965802737223e-13,1.9701594895564895e-16
370.32,1.1970447946580625e-13,1.9734623242896974e-16
370.33,1.1968900693981597e-13,1.9703005856059322e-16
370.34,1.1967302923879454e-13,1.9630172049654385e-16
370.35,1.196586595999923e-13,1.9664314095045975e-16
370.36,1.1964297159054068e-13,1.9691295710024394e-16
370.37,1.1962766261447571e-13,1.9662308596622057e-16
370.38,1.1961220558948138e-13,1.9652372822896098e-16
370.39,1.1959714663248831e-13,1.9638365056772299e-16
370.4,1.1958166943976128e-13,1.962699426075793e-16
370.41,1.195663477069895e-13,1.9589702024011117e-16
370.42,1.195510403098213e-13,1.9590672002934122e-16
370.43,1.195359695493401e-13,1.966821542415761e-16
370.44,1.1952076726149012e-13,1.9643316325694314e-16
370.45,1.1950529852446163e-13,1.958983416376365e-16
370.46,1.1948973489255483e-13,1.956592328707934e-16
370.47,1.194740983758389e-13,1.9530538346342755e-16
370.48,1.1945913390394794e-13,1.9534662028684415e-16
370.49,1.194437481428666e-13,1.9523552242281638e-16
370.5,1.1942876963681733e-13,1.9523492506910655e-16
370.51,1.1941317017687134e-13,1.9490073377068708e-16
370.52,1.1939886848199773e-13,1.953322214948952e-16
370.53,1.1938204514517837e-13,1.9472077049988673e-16
370.54,1.1936730285066443e-13,1.9497665163669555e-16
370.55,1.193519942005179e-13,1.9474672624148282e-16
370.56,1.1933681207972412e-13,1.946505792222574e-16
370.57,1.193221300360979e-13,1.948925174934386e-16
370.58,1.1930554927415717e-13,1.9442448271790127e-16
370.59,1.1929101525232527e-13,1.944192978532573e-16
370.6,1.19275878119847e-13,1.9429679201603853e-16
370.61,1.1925942092346006e-13,1.9442159121028598e-16
370.62,1.192451262128978e-13,1.9414464603711673e-16
370.63,1.1923000122561584e-13,1.9393892635251733e-16
370.64,1.1921432018283532e-13,1.9322983797037095e-16
370.65,1.1919938999345774e-13,1.9384434439579368e-16
370.66,1.1918422287742077e-13,1.939386515626122e-16
370.67,1.1916882837621306e-13,1.932792312811883e-16
370.68,1.1915336000246988e-13,1.9361076437046214e-16
370.69,1.1913842539760143e-13,1.9354696123833185e-16
370.7,1.1912351033779066e-13,1.9406672852062483e-16
370.71,1.191074850361628e-13,1.9344077470142825e-16
370.72,1.1909198135610586e-13,1.9310454378375247e-16
370.73,1.1907705078770924e-13,1.933094272311893e-16
370.74,1.1906222055518006e-13,1.934551076692255e-16
370.75,1.1904665583876128e-13,1.9324078078595077e-16
370.76,1.1903152031908624e-13,1.9318285027522765e-16
370.77,1.1901623971120368e-13,1.9313211366929653e-16
370.78,1.1900105178539645e-13,1.9309271417705994e-16
370.79,1.1898583761708857e-13,1.9305072440662257e-16
370.8,1.1897049730255926e-13,1.9308304865984907e-16
370.81,1.1895544527718425e-13,1.9300029150749347e-16
370.82,1.1894024870778623e-13,1.9314732295164035e-16
370.83,1.189248285662539e-13,1.9296629430863534e-16
370.84,1.189097986325385e-13,1.9310525173481785e-16
370.85,1.1889448853318718e-13,1.928895018509823e-16
370.86,1.188793230775579e-13,1.9275040536882068e-16
370.87,1.188642089717026e-13,1.9276195341327472e-16
370.88,1.188488585209517e-13,1.926214119702985e-16
370.89,1.1883355049866666e-13,1.9270054210280706e-16
370.9,1.188182254448325e-13,1.928305404307027e-16
370.91,1.188031205553742e-13,1.927690608575325e-16
370.92,1.1878769551363497e-13,1.9289058903875746e-16
370.93,1.187726421848735e-13,1.9266857177396727e-16
370.94,1.1875753603096309e-13,1.9242108430867524e-16
370.95,1.187422435941303e-13,1.9262167723967906e-16
370.96,1.1872707812267744e-13,1.9250378341356932e-16
370.97,1.1871044627003712e-13,1.9162648378511726e-16
370.98,1.1869666545588481e-13,1.925468706266495e-16
370.99,1.1868146782370367e-13,1.9259370439767077e-16
371.0,1.1866588854007545e-13,1.9230660811248323e-16
371.01,1.186509618445803e-13,1.9254475953862097e-16
371.02,1.1863536418122863e-13,1.922747302318777e-16
371.03,1.1862090738501524e-13,1.9276989378791327e-16
371.04,1.186054855457486e-13,1.923786114745311e-16
371.05,1.1859021187552519e-13,1.9261406125956848e-16
371.06,1.185743534694296e-13,1.9235654492338764e-16
371.07,1.1855993005466703e-13,1.925239108920016e-16
371.08,1.185447838387928e-13,1.9271749538801717e-16
371.09,1.1852954832366699e-13,1.9257491081902662e-16
371.1,1.185139474027316e-13,1.9276466451934345e-16
371.11,1.1849911181660214e-13,1.9250182622504428e-16
371.12,1.1848392480110606e-13,1.9244213976080506e-16
371.13,1.1846878548510577e-13,1.9280852300523979e-16
371.14,1.184537370980116e-13,1.9285054163688613e-16
371.15,1.1843795934575036e-13,1.9255853296031677e-16
371.16,1.1842323096447447e-13,1.9257974404433092e-16
371.17,1.1840814313022923e-13,1.9258286645715262e-16
371.18,1.1839298602341553e-13,1.926941220322113e-16
371.19,1.1837764997335685e-13,1.9279157172400422e-16
371.2,1.1836241225974563e-13,1.9274723833445581e-16
371.21,1.183473155086034e-13,1.9270066826038888e-16
371.22,1.1833217211504535e-13,1.928077974277032e-16
371.23,1.1831698566014438e-13,1.9317229660156316e-16
371.24,1.1830144189634046e-13,1.9248714450867553e-16
371.25,1.1828678927951e-13,1.9282247444548762e-16
371.26,1.1827169010069308e-13,1.9293171906054799e-16
371.27,1.1825638449706844e-13,1.9306606748658593e-16
371.28,1.1824119984806958e-13,1.9288683662818915e-16
371.29,1.1822594133218255e-13,1.932533695557766e-16
371.3,1.1821091915599004e-13,1.931465173813966e-16
371.31,1.1819561295087266e-13,1.9323743298523757e-16
371.32,1.181806345566849e-13,1.933656631866107e-16
371.33,1.1816539395778688e-13,1.9319163633567248e-16
371.34,1.1814989435775608e-13,1.932213192063199e-16
371.35,1.1813517600462338e-13,1.933986588104027e-16
371.36,1.1812022941770812e-13,1.9360614382462282e-16
371.37,1.181051083834427e-13,1.9345276500483938e-16
371.38,1.1808981221996823e-13,1.9364380565293503e-16
371.39,1.1807457851248831e-13,1.9360903916943727e-16
371.4,1.180594787825855e-13,1.9353659904942266e-16
371.41,1.180440062177983e-13,1.9372754773625696e-16
371.42,1.1802897943520072e-13,1.936629411700339e-16
371.43,1.1801349829550624e-13,1.9357738248130477e-16
371.44,1.1799872612402425e-13,1.9390737005610974e-16
371.45,1.1798372650344802e-13,1.9390846276172648e-16
371.46,1.179685944092188e-13,1.9412941066611044e-16
371.47,1.1795348939636485e-13,1.9405975967841744e-16
371.48,1.1793872218446225e-13,1.9465375325223376e-16
371.49,1.1792272582075035e-13,1.939404012680248e-16
371.5,1.179073999694975e-13,1.9380561970228556e-16
371.51,1.178929189660524e-13,1.945563663828436e-16
371.52,1.1787697750385857e-13,1.9398181949063078e-16
371.53,1.1786200758960947e-13,1.941030053870302e-16
371.54,1.1784705836917863e-13,1.9447096508260314e-16
371.55,1.1783237611576996e-13,1.9471360364519623e-16
371.56,1.1781748938088697e-13,1.9466281804444453e-16
371.57,1.178021655433346e-13,1.9481302635522778e-16
371.58,1.1778698707342996e-13,1.9482259631950516e-16
371.59,1.1777169760727136e-13,1.9502035236416702e-16
371.6,1.177572180053038e-13,1.949791636744491e-16
371.61,1.17741461629796e-13,1.953504475511664e-16
371.62,1.177262242980888e-13,1.9512191546920256e-16
371.63,1.177117351825452e-13,1.9532145623814596e-16
371.64,1.1769613986458695e-13,1.9546925066498421e-16
371.65,1.176810659437114e-13,1.954901687640261e-16
371.66,1.1766558029238058e-13,1.9555102994794152e-16
371.67,1.1765066227435305e-13,1.9561744083045015e-16
371.68,1.1763556204281348e-13,1.957180595043679e-16
371.69,1.1762048948275048e-13,1.9625733368057654e-16
371.7,1.1760550917300276e-13,1.9601588149920634e-16
371.71,1.1759046637751032e-13,1.9601021524057106e-16
371.72,1.1757518526904644e-13,1.9617706873976537e-16
371.73,1.1756017202015422e-13,1.9630010543038847e-16
371.74,1.1754503270542408e-13,1.9639002720452087e-16
371.75,1.1752976895591408e-13,1.9638611706844016e-16
371.76,1.1751468616028222e-13,1.965227604748815e-16
371.77,1.1749972688080396e-13,1.9682401804312179e-16
371.78,1.1748541273133414e-13,1.9763307647298088e-16
371.79,1.1746923670675888e-13,1.969110193891875e-16
371.8,1.1745446884887524e-13,1.9714716707684961e-16
371.81,1.1743903388343e-13,1.969110410555987e-16
371.82,1.1742409051356042e-13,1.9740321928017505e-16
371.83,1.1740874530305986e-13,1.9731617938346898e-16
371.84,1.1739365874630718e-13,1.9753319923409146e-16
371.85,1.1737835471899813e-13,1.974799695952523e-16
371.86,1.1736350264045441e-13,1.9756069869655842e-16
371.87,1.1734803784694277e-13,1.9763159032642187e-16
371.88,1.1733352395970187e-13,1.9791832745256003e-16
371.89,1.173184044135609e-13,1.9806754755192515e-16
371.9,1.173026019552078e-13,1.9775087827095112e-16
371.91,1.1728811613167437e-13,1.9819224883973415e-16
371.92,1.1727309403349195e-13,1.9836120927590451e-16
371.93,1.172568921538153e-13,1.9753604989693552e-16
371.94,1.1724306241139064e-13,1.9867740407529602e-16
371.95,1.1722774425328044e-13,1.9861142608195897e-16
371.96,1.1721268146261447e-13,1.9892860483428985e-16
371.97,1.1719745493681454e-13,1.988805834537523e-16
371.98,1.1718239749677053e-13,1.9894021209104358e-16
371.99,1.1716657263504757e-13,1.991358870520018e-16
372.0,1.1715207631722878e-13,1.990825484103505e-16
372.01,1.1713707153450668e-13,1.9920286882935836e-16
372.02,1.171219559389771e-13,1.9942444746859664e-16
372.03,1.1710682772405515e-13,1.9945166055320403e-16
372.04,1.1709135742849275e-13,1.9965239442975778e-16
372.05,1.1707724108500306e-13,2.000311899302245e-16
372.06,1.1706173191268234e-13,2.000775686809389e-16
372.07,1.170464268078692e-13,1.9997087479329477e-16
372.08,1.1703169975907363e-13,2.0038934963836783e-16
372.09,1.1701643370991635e-13,2.0035510234185665e-16
372.1,1.1700147028678023e-13,2.0060896656651262e-16
372.11,1.1698652638464277e-13,2.0071512743616508e-16
372.12,1.169709568628867e-13,2.0048627129524878e-16
372.13,1.1695538023455257e-13,2.008512975937934e-16
372.14,1.1694070021215007e-13,2.0084569942065994e-16
372.15,1.1692585514187665e-13,2.011321413844685e-16
372.16,1.169106888735078e-13,2.0116812453827273e-16
372.17,1.1689567234955442e-13,2.0151616268123933e-16
372.18,1.1688082239854363e-13,2.01649204090132e-16
372.19,1.1686557018118354e-13,2.0173025025188275e-16
372.2,1.1685033131995832e-13,2.0176170749965752e-16
372.21,1.1683498020614372e-13,2.0163926268900545e-16
372.22,1.1682044326551814e-13,2.008998325758079e-16
372.23,1.1680539508642665e-13,2.0368934933557274e-16
372.24,1.1678999695120308e-13,2.023094924348144e-16
372.25,1.1677514256415655e-13,2.0257182658299448e-16
372.26,1.167601731111898e-13,2.023901821354168e-16
372.27,1.1674511464375467e-13,2.0301394636889379e-16
372.28,1.1672978237005654e-13,2.0298049530680655e-16
372.29,1.1671443091882395e-13,2.02891188091049e-16
372.3,1.1669956019264425e-13,2.0314721983229635e-16
372.31,1.1668596891841948e-13,2.0394213807533827e-16
372.32,1.1666935857419845e-13,2.0330889619535314e-16
372.33,1.1665433415618555e-13,2.0353933314975817e-16
372.34,1.1663952630754215e-13,2.0380123214057087e-16
372.35,1.1662403867133762e-13,2.0370499508204072e-16
372.36,1.166094877942747e-13,2.041046132523668e-16
372.37,1.165942386751459e-13,2.0421476540366515e-16
372.38,1.165791652834743e-13,2.0423613399373132e-16
372.39,1.1656356842303965e-13,2.0406754870351393e-16
372.4,1.1654920880661039e-13,2.0461666927847544e-16
372.41,1.1653323025899717e-13,2.0406082625893957e-16
372.42,1.1651881099439758e-13,2.0462509990266633e-16
372.43,1.165040376036887e-13,2.0497643909576114e-16
372.44,1.1648884781209088e-13,2.051530903513145e-16
372.45,1.1647369574115202e-13,2.0506130907510855e-16
372.46,1.1645880925079142e-13,2.054740658125563e-16
372.47,1.164437153014411e-13,2.0571246049239627e-16
372.48,1.1642849414788112e-13,2.0564448438611476e-16
372.49,1.1641336640681508e-13,2.059949342069693e-16
372.5,1.1639843660959676e-13,2.0526775882216112e-16
372.51,1.1638354521720177e-13,2.059907386596025e-16
372.52,1.1636842424421555e-13,2.0627009804413003e-16
372.53,1.163532040124751e-13,2.0618906786164717e-16
372.54,1.16338283120477e-13,2.067427508644222e-16
372.55,1.1632348404655653e-13,2.0703708190062118e-16
372.56,1.163082255740688e-13,2.0682823592545276e-16
372.57,1.1629297953737346e-13,2.067986542635494e-16
372.58,1.1627832355370484e-13,2.0715058261988826e-16
372.59,1.1626303386608855e-13,2.0733802917548413e-16
372.6,1.1624766996240654e-13,2.072554735505319e-16
372.61,1.1623279893866927e-13,2.0741028236701425e-16
372.62,1.1621767279522198e-13,2.0753313993651755e-16
372.63,1.1620250045242918e-13,2.0758464984280466e-16
372.64,1.1618779305400602e-13,2.0797393057492618e-16
372.65,1.1617280415992508e-13,2.07984335496071e-16
372.66,1.161579285464934e-13,2.081668089180821e-16
372.67,1.1614263218607025e-13,2.0821314729375206e-16
372.68,1.161273426993915e-13,2.0801417769875438e-16
372.69,1.1611245346793013e-13,2.0835426493219548e-16
372.7,1.1609735969148051e-13,2.0877021219587657e-16
372.71,1.16082374776754e-13,2.0866450800729426e-16
372.72,1.1606738884192983e-13,2.089947745189757e-16
372.73,1.160523970499445e-13,2.0895719272089087e-16
372.74,1.160372745054298e-13,2.0906499520192298e-16
372.75,1.1602261657933347e-13,2.0886919113903328e-16
372.76,1.1600711698943092e-13,2.0895112262413216e-16
372.77,1.1599231547803985e-13,2.097109562193474e-16
372.78,1.1597723320167004e-13,2.0946159501997114e-16
372.79,1.159620100442658e-13,2.0961363507418675e-16
372.8,1.1594718807704637e-13,2.099378171242641e-16
372.81,1.159317999627706e-13,2.1002108907413588e-16
372.82,1.159170421081699e-13,2.1008088442546702e-16
372.83,1.1590203126283983e-13,2.1040093520241528e-16
372.84,1.1588715181568744e-13,2.103534840696665e-16
372.85,1.158719684618512e-13,2.1063464667172968e-16
372.86,1.1585627399931868e-13,2.1034808559084344e-16
372.87,1.158419191681922e-13,2.1077842511400626e-16
372.88,1.1582689822110142e-13,2.1100477005735858e-16
372.89,1.158119295206757e-13,2.1089618734012803e-16
372.9,1.157970822287543e-13,2.111673548164587e-16
372.91,1.1578191255536292e-13,2.1131129473442627e-16
372.92,1.1576694941510215e-13,2.1147550227778788e-16
372.93,1.1575241802800092e-13,2.1132970028096356e-16
372.94,1.1573718809022753e-13,2.1190015023868128e-16
372.95,1.1572134573673784e-13,2.115646623227991e-16
372.96,1.1570681664829562e-13,2.119107456797194e-16
372.97,1.156918596635246e-13,2.1195270725917734e-16
372.98,1.1567679712563336e-13,2.1212426221478113e-16
372.99,1.156619045078808e-13,2.121597575886532e-16
373.0,1.1564661572002084e-13,2.124891203284934e-16
373.01,1.156316832029495e-13,2.1284543360831817e-16
373.02,1.1561577110200277e-13,2.132099898685955e-16
373.03,1.1560195193599797e-13,2.1263341875226365e-16
373.04,1.1558661719894924e-13,2.1176479506518495e-16
373.05,1.1557183909690106e-13,2.1319894778373762e-16
373.06,1.1555684573199382e-13,2.1311654374572702e-16
373.07,1.1554168122679887e-13,2.1303392744018395e-16
373.08,1.1552662522947654e-13,2.132718419756533e-16
373.09,1.1551174958020433e-13,2.1344117261129559e-16
373.1,1.1549679301849933e-13,2.1359758099176466e-16
373.11,1.1548223995235768e-13,2.1425943677931034e-16
373.12,1.154665387938925e-13,2.1374715647327563e-16
373.13,1.1545283826040456e-13,2.1495803986384535e-16
373.14,1.154366855147782e-13,2.1395465339983547e-16
373.15,1.1542185514401526e-13,2.1395792076668278e-16
373.16,1.1540672987916174e-13,2.1394322418835866e-16
373.17,1.1539165627174976e-13,2.1426216488164233e-16
373.18,1.1537683517481337e-13,2.144310293433363e-16
373.19,1.1536200652874553e-13,2.144368767161389e-16
373.2,1.1534924932010467e-13,2.1418947084349505e-16
373.21,1.153319352832396e-13,2.146724386922853e-16
373.22,1.1531552229180552e-13,2.1491404535281344e-16
373.23,1.153022673647098e-13,2.1475053812745702e-16
373.24,1.1528703409973365e-13,2.1493947339349336e-16
373.25,1.1527225910389316e-13,2.1509635200430692e-16
373.26,1.1525695389222157e-13,2.1515333112647922e-16
373.27,1.1524196411367844e-13,2.153263926654433e-16
373.28,1.1522713606610282e-13,2.1535954266373158e-16
373.29,1.1520645408419856e-13,2.134795266062471e-16
373.3,1.1519714897761986e-13,2.155499989674955e-16
373.31,1.1518096962164175e-13,2.131144113658312e-16
373.32,1.1516739012081884e-13,2.1601157802888945e-16
373.33,1.1515205621111438e-13,2.1572928453115818e-16
373.34,1.1513741291012512e-13,2.161142959697294e-16
373.35,1.1512211472208082e-13,2.1603290738294596e-16
373.36,1.1510745398579204e-13,2.1601332331349898e-16
373.37,1.1509242260195984e-13,2.1613030579855745e-16
373.38,1.150779585830284e-13,2.1808533064748353e-16
373.39,1.1506270029476949e-13,2.1643290738361614e-16
373.4,1.1504903670805282e-13,2.1919453692922146e-16
373.41,1.150327546107724e-13,2.1661566706394868e-16
373.42,1.1501775636193138e-13,2.1669209028449045e-16
373.43,1.1500277556229602e-13,2.1677090411130313e-16
373.44,1.1498791851642206e-13,2.169637110856092e-16
373.45,1.149725310536983e-13,2.167492831406433e-16
373.46,1.149580299733274e-13,2.1695575941053964e-16
373.47,1.1494297720192103e-13,2.1712585511328585e-16
373.48,1.1492796083391712e-13,2.1711628347942462e-16
373.49,1.14912241489477e-13,2.168545487348747e-16
373.5,1.1489851376336195e-13,2.1716727802526068e-16
373.51,1.1488345963861504e-13,2.1737347126976174e-16
373.52,1.148681773737572e-13,2.1739610145170755e-16
373.53,1.148532583346065e-13,2.1742335304351087e-16
373.54,1.148382092418243e-13,2.1749314876708563e-16
373.55,1.1482356630016224e-13,2.1764636250792077e-16
373.56,1.1480983859621204e-13,2.1844296076026885e-16
373.57,1.1479331629591007e-13,2.1742174473626048e-16
373.58,1.14778650633029e-13,2.1829899493531567e-16
373.59,1.1476385900223893e-13,2.1781503983641474e-16
373.6,1.147492756938342e-13,2.1815211009094957e-16
373.61,1.147339371322697e-13,2.1789976473469444e-16
373.62,1.1471880048563035e-13,2.1794920212492067e-16
373.63,1.1470435289814786e-13,2.1811436849807945e-16
373.64,1.1468910156308252e-13,2.181335349902895e-16
373.65,1.1467438322526319e-13,2.1794161552590453e-16
373.66,1.146594999719788e-13,2.1814920781424217e-16
373.67,1.1464349220085876e-13,2.179785407220394e-16
373.68,1.146296270778401e-13,2.1840382113226353e-16
373.69,1.146144873912666e-13,2.1849305066379462e-16
373.7,1.146000125903333e-13,2.1854849864200442e-16
373.71,1.145847800726767e-13,2.1853805805137687e-16
373.72,1.1456993641299281e-13,2.1858003719529896e-16
373.73,1.145548715720942e-13,2.1853844614364773e-16
373.74,1.1453993099373064e-13,2.1856300975513247e-16
373.75,1.14525162818694e-13,2.1856201748692318e-16
373.76,1.145107874641563e-13,2.1891080601052776e-16
373.77,1.1449545854563496e-13,2.1870255232555137e-16
373.78,1.144805842759442e-13,2.1871450629161994e-16
373.79,1.1446620280309585e-13,2.191270032067011e-16
373.8,1.1445094327375573e-13,2.1882160416101761e-16
373.81,1.1443612934269486e-13,2.1927237831587708e-16
373.82,1.1442107792585207e-13,2.1916196136453e-16
373.83,1.1440566860155083e-13,2.1882006659622695e-16
373.84,1.1439153393344232e-13,2.1912472298003686e-16
373.85,1.1437665323790733e-13,2.1867324215427547e-16
373.86,1.1436167567634514e-13,2.1904701812181428e-16
373.87,1.1434689258813742e-13,2.1898464904844007e-16
373.88,1.1433214934044476e-13,2.190341127596908e-16
373.89,1.143170042346683e-13,2.1903405100997129e-16
373.9,1.1430244116629323e-13,2.1920399663751146e-16
373.91,1.142874447556771e-13,2.1922380463748572e-16
373.92,1.1427245904451086e-13,2.191868733865094e-16
373.93,1.1425782261942468e-13,2.1925119245519065e-16
373.94,1.14243420619422e-13,2.1986836253071705e-16
373.95,1.1422735716516238e-13,2.1883683177837233e-16
373.96,1.1421318607078313e-13,2.1945433952913527e-16
373.97,1.1419837167697014e-13,2.193759610929736e-16
373.98,1.1418361225410215e-13,2.1936956821387135e-16
373.99,1.141686471013859e-13,2.1923337884075773e-16
374.0,1.1415424023535544e-13,2.195104874068352e-16
374.01,1.141380644075889e-13,2.1921924140344834e-16
374.02,1.141249204426362e-13,2.1963070582193373e-16
374.03,1.1410939861178953e-13,2.1931849846935867e-16
374.04,1.1409448674104814e-13,2.1923960798545192e-16
374.05,1.1407879754459762e-13,2.1878433947682726e-16
374.06,1.1406497730031953e-13,2.1945338624719582e-16
374.07,1.1404988746397025e-13,2.193829811577809e-16
374.08,1.1403501690671127e-13,2.1925052493380446e-16
374.09,1.1402020935904406e-13,2.1946869422100632e-16
374.1,1.1400463700954144e-13,2.1910466780661677e-16
374.11,1.1399036058141718e-13,2.1933749573196287e-16
374.12,1.1397570269721618e-13,2.1954986597806225e-16
374.13,1.1396118357127484e-13,2.1929498531269864e-16
374.14,1.139463033202892e-13,2.192767813002788e-16
374.15,1.1393171147188004e-13,2.1944777426306809e-16
374.16,1.1391653399496993e-13,2.193182040433468e-16
374.17,1.1390196479459273e-13,2.1938555344615678e-16
374.18,1.138874616892424e-13,2.1941978655805128e-16
374.19,1.1387173639947524e-13,2.1852301468909246e-16
374.2,1.138576488158967e-13,2.185238826378156e-16
374.21,1.1384254317481468e-13,2.190934865804706e-16
374.22,1.138279634482836e-13,2.1920748819739593e-16
374.23,1.1381396980647733e-13,2.1948143501261335e-16
374.24,1.137983011302444e-13,2.190066964243831e-16
374.25,1.137832881735062e-13,2.1902128883579022e-16
374.26,1.1376899171951174e-13,2.1919745931479025e-16
374.27,1.1375375520971824e-13,2.1895129896155004e-16
374.28,1.1374067467878088e-13,2.1967473564870506e-16
374.29,1.137256319714442e-13,2.196980897482141e-16
374.3,1.1371022239602978e-13,2.1916805317956997e-16
374.31,1.1369549414305471e-13,2.1903986072366656e-16
374.32,1.1368056766105434e-13,2.1914301243928685e-16
374.33,1.1366555961883984e-13,2.1898901862286608e-16
374.34,1.1365112069523478e-13,2.1908321413570707e-16
374.35,1.1363608111630534e-13,2.1892630410190948e-16
374.36,1.1362186162549092e-13,2.1862915309966977e-16
374.37,1.1360703332951719e-13,2.1882528992212102e-16
374.38,1.1359240631848273e-13,2.1900424474704784e-16
374.39,1.1357698215483879e-13,2.1830818255015346e-16
374.4,1.1356235114408669e-13,2.1883954609630325e-16
374.41,1.1354792151214753e-13,2.1867621801497368e-16
374.42,1.1353307648678376e-13,2.1858798671657643e-16
374.43,1.1351852863196487e-13,2.1873022225592293e-16
374.44,1.1350344305182421e-13,2.183074442403617e-16
374.45,1.1348877573038247e-13,2.1838081357777025e-16
374.46,1.1347389313853525e-13,2.1836487734399163e-16
374.47,1.1345989796476434e-13,2.187241203562386e-16
374.48,1.1344507369621508e-13,2.1857995703750286e-16
374.49,1.1343007873252155e-13,2.1836878005975834e-16
374.5,1.1341549491742096e-13,2.1836851952174295e-16
374.51,1.1340065360997037e-13,2.1825022711415793e-16
374.52,1.133843730545212e-13,2.1703111122220303e-16
374.53,1.1337124235948907e-13,2.18056879637696e-16
374.54,1.1335655727327115e-13,2.1795746771768886e-16
374.55,1.1334126398317637e-13,2.1806316321777385e-16
374.56,1.1332694465213448e-13,2.182712050404361e-16
374.57,1.1331206135834233e-13,2.1771449596951523e-16
374.58,1.1329831906178081e-13,2.1787991303077675e-16
374.59,1.1328280992972092e-13,2.1769547990967737e-16
374.6,1.1326848555930857e-13,2.175561564233586e-16
374.61,1.1325377625365821e-13,2.1732038606414117e-16
374.62,1.1323894053044587e-13,2.1745444807269298e-16
374.63,1.1322431119724697e-13,2.174284493904595e-16
374.64,1.1320986383817011e-13,2.1741308542661186e-16
374.65,1.1319548023066877e-13,2.1732198274262575e-16
374.66,1.1318048168128744e-13,2.1723693589771598e-16
374.67,1.1316583964445861e-13,2.172071629427396e-16
374.68,1.1315106184979866e-13,2.1712011150771114e-16
374.69,1.1313661344421374e-13,2.1714755910617995e-16
374.7,1.1312199040864671e-13,2.170028403259121e-16
374.71,1.1310707999599479e-13,2.1675756602786171e-16
374.72,1.1309247706139952e-13,2.1680152324893248e-16
374.73,1.130789651774808e-13,2.1772579004580965e-16
374.74,1.1306364657085953e-13,2.1674462018181933e-16
374.75,1.1304897958636513e-13,2.16709326183295e-16
374.76,1.1303416392751795e-13,2.1654072296210018e-16
374.77,1.1302014176950722e-13,2.1688044734621404e-16
374.78,1.1300483583951042e-13,2.1626196782539194e-16
374.79,1.129904307254201e-13,2.161899775157717e-16
374.8,1.1297538853942391e-13,2.160797074059146e-16
374.81,1.1296097097798572e-13,2.1589185477875502e-16
374.82,1.1294581709095796e-13,2.1520714278181686e-16
374.83,1.1293160959377033e-13,2.158449511573336e-16
374.84,1.1291743765419114e-13,2.159520382877869e-16
374.85,1.1290250426431286e-13,2.155929750044873e-16
374.86,1.1288734846039995e-13,2.157411929284628e-16
374.87,1.1287329981816038e-13,2.1541715403894462e-16
374.88,1.1285903341979537e-13,2.1521671209126772e-16
374.89,1.1284408066591042e-13,2.1525046862716172e-16
374.9,1.1282968904268232e-13,2.1497131003569448e-16
374.91,1.1281482187335491e-13,2.1516842304492684e-16
374.92,1.1280050409926131e-13,2.1506252556561613e-16
374.93,1.1278579417994563e-13,2.1476176121721284e-16
374.94,1.1277154876407176e-13,2.1472081646353848e-16
374.95,1.1275696187664197e-13,2.1490298674392049e-16
374.96,1.1274219847355737e-13,2.1449882506321096e-16
374.97,1.1272728593507276e-13,2.1430886959457153e-16
374.98,1.1271261750070599e-13,2.1387105999004326e-16
374.99,1.1269838871255087e-13,2.1413258783100354e-16
375.0,1.1268339345297866e-13,2.1371036902702138e-16
375.01,1.1266942352877239e-13,2.1412567056579752e-16
375.02,1.1265495484954507e-13,2.1406090105954184e-16
375.03,1.1264052458186262e-13,2.1401828408839134e-16
375.04,1.1262595877147322e-13,2.1383282465942552e-16
375.05,1.1261148608713895e-13,2.137331008454418e-16
375.06,1.1259676461952556e-13,2.1337386914547438e-16
375.07,1.1258229242035601e-13,2.1335937423673548e-16
375.08,1.1256769482525288e-13,2.1284353840937871e-16
375.09,1.1255289506926014e-13,2.1297968852436554e-16
375.1,1.1253869963692259e-13,2.130768258700961e-16
375.11,1.1252377934511659e-13,2.1283677331616645e-16
375.12,1.125099108379182e-13,2.128524209614207e-16
375.13,1.1249536531458827e-13,2.1286298617893687e-16
375.14,1.1248067689707736e-13,2.126030891282624e-16
375.15,1.1246607526895485e-13,2.1243322164295858e-16
375.16,1.1245178838176286e-13,2.1239708580978198e-16
375.17,1.1243737837193178e-13,2.1219211838262128e-16
375.18,1.1242252237341698e-13,2.1190454827818177e-16
375.19,1.1240818575943017e-13,2.121715332837969e-16
375.2,1.1239359324155522e-13,2.1188290501853843e-16
375.21,1.1237931667729561e-13,2.1177997553081747e-16
375.22,1.1236447951059389e-13,2.11657916265011e-16
375.23,1.1235042904388936e-13,2.1135853411176058e-16
375.24,1.1233574349495817e-13,2.1117097641470026e-16
375.25,1.1232134540199765e-13,2.1128234721092165e-16
375.26,1.1230700924176227e-13,2.112093746407213e-16
375.27,1.1229253297622206e-13,2.1107430697016442e-16
375.28,1.1227831624894031e-13,2.1116819932584166e-16
375.29,1.1226345205699424e-13,2.106201492658558e-16
375.3,1.1224909039929043e-13,2.1055154097749286e-16
375.31,1.1223453227516234e-13,2.104338391681356e-16
375.32,1.1222018939321198e-13,2.102920361767242e-16
375.33,1.1220561567940164e-13,2.1040710077430234e-16
375.34,1.1219124533343469e-13,2.10043434440643e-16
375.35,1.1217672584100184e-13,2.0999922830584659e-16
375.36,1.1216176196355841e-13,2.0967028832221805e-16
375.37,1.1214833244964498e-13,2.0984452269273568e-16
375.38,1.1213398705460511e-13,2.0954923445064083e-16
375.39,1.1211928785650565e-13,2.0941329967062879e-16
375.4,1.1210439434472197e-13,2.0917768072115226e-16
375.41,1.1209031382044785e-13,2.089445564989178e-16
375.42,1.120759269719635e-13,2.091023804559475e-16
375.43,1.120614981890058e-13,2.087164796613289e-16
375.44,1.1204672113775791e-13,2.088541491688147e-16
375.45,1.1203220346169034e-13,2.0822845185888378e-16
375.46,1.1201902938626522e-13,2.0812275093521856e-16
375.47,1.1200416529008692e-13,2.0873357762449479e-16
375.48,1.1198976326939355e-13,2.0820216443422722e-16
375.49,1.1197509400231807e-13,2.0797651347981193e-16
375.5,1.1196073181188576e-13,2.0782960611897135e-16
375.51,1.1194588856720725e-13,2.0704307863864202e-16
375.52,1.1193227205530117e-13,2.0785840556979626e-16
375.53,1.1191775523778194e-13,2.0757412003331454e-16
375.54,1.1190374443107612e-13,2.0738106318437035e-16
375.55,1.1188918403044258e-13,2.0725853000610382e-16
375.56,1.1187481003623666e-13,2.0715730355022565e-16
375.57,1.118605886693041e-13,2.0704427112144203e-16
375.58,1.1184600097115098e-13,2.0670592579012996e-16
375.59,1.1183199140956687e-13,2.0631738759126013e-16
375.6,1.1181728987708514e-13,2.0655343536561306e-16
375.61,1.1180310315574119e-13,2.0636319017757671e-16
375.62,1.1178840884201244e-13,2.0635635683890802e-16
375.63,1.1177323716726198e-13,2.0570493331013202e-16
375.64,1.1175998894615652e-13,2.0587050647866562e-16
375.65,1.1174516404289863e-13,2.0569996697797517e-16
375.66,1.1173086243660681e-13,2.0555434564586556e-16
375.67,1.1171735715048098e-13,2.0550391478717802e-16
375.68,1.1170260050556657e-13,2.053255410556207e-16
375.69,1.116883378563232e-13,2.051335081943454e-16
375.7,1.1167400533857656e-13,2.0506552954722114e-16
375.71,1.116593272084566e-13,2.0467169522191488e-16
375.72,1.1164515452954213e-13,2.04085203217878e-16
375.73,1.1163120689521787e-13,2.0484483422643494e-16
375.74,1.1161680778372928e-13,2.0439193539385611e-16
375.75,1.1160229639263267e-13,2.0417499843895233e-16
375.76,1.1158808873416352e-13,2.0388286257385091e-16
375.77,1.1157409526086384e-13,2.0443050091501962e-16
375.78,1.1155993419352353e-13,2.03769261043554e-16
375.79,1.115451153759092e-13,2.0361719886360078e-16
375.8,1.115307396188711e-13,2.0341523790481463e-16
375.81,1.1151721034147691e-13,2.0344017750599643e-16
375.82,1.1150244071079502e-13,2.034138901623045e-16
375.83,1.1148812645540928e-13,2.0306076189218802e-16
375.84,1.1147278271407281e-13,2.0332789265831593e-16
375.85,1.1145965811334444e-13,2.0283243909075245e-16
375.86,1.1144580004791759e-13,2.0273421647499052e-16
375.87,1.1142894755411552e-13,2.0187579846907007e-16
375.88,1.1141660456736894e-13,2.021753477369709e-16
375.89,1.1140225659719626e-13,2.0219282650584985e-16
375.9,1.1138830699232982e-13,2.0206548230555843e-16
375.91,1.113741580924905e-13,2.0178069204198671e-16
375.92,1.1136003603470316e-13,2.0162186847489705e-16
375.93,1.1134617531200833e-13,2.0198987638473843e-16
375.94,1.1133160610649355e-13,2.0187760673827502e-16
375.95,1.113171747790283e-13,2.011940189241774e-16
375.96,1.1130315923536149e-13,2.0105801602035344e-16
375.97,1.112889310289432e-13,2.010737448247328e-16
375.98,1.1127433499780431e-13,2.0040680457308861e-16
375.99,1.1126070503758454e-13,2.0103596075924068e-16
376.0,1.112461329037273e-13,2.0035415259590143e-16
376.01,1.1123159778397207e-13,2.0040220136014129e-16
376.02,1.1121778802570723e-13,2.0037103720344852e-16
376.03,1.1120355229799137e-13,2.0011723215699494e-16
376.04,1.111891345118652e-13,1.999088065302935e-16
376.05,1.1117531551040563e-13,1.9976764529138347e-16
376.06,1.1116068448671143e-13,1.9965627282873784e-16
376.07,1.1114573639210946e-13,1.9865089748149352e-16
376.08,1.1113233386764396e-13,1.9877627609096934e-16
376.09,1.1111853895158891e-13,1.9940279293682698e-16
376.1,1.1110440690916872e-13,1.991390037238354e-16
376.11,1.1109014523621986e-13,1.989487389152271e-16
376.12,1.1107600486990645e-13,1.9893792306766578e-16
376.13,1.1106171137541248e-13,1.986776150201421e-16
376.14,1.1104753318845564e-13,1.9842544906015502e-16
376.15,1.1103349991998453e-13,1.985562850455838e-16
376.16,1.1101874560008564e-13,1.9818546522390988e-16
376.17,1.1100682964376698e-13,1.9887916445403143e-16
376.18,1.1099102712310277e-13,1.9798192889891218e-16
376.19,1.1097654560146334e-13,1.976336379470948e-16
376.2,1.1096255610934282e-13,1.9766253832453815e-16
376.21,1.1094839612034966e-13,1.9733917418411649e-16
376.22,1.1093427202803121e-13,1.9704520274628252e-16
376.23,1.1092030148295767e-13,1.9726127343942476e-16
376.24,1.1090586950794419e-13,1.9704161611148534e-16
376.25,1.1089197044540337e-13,1.9798733027613908e-16
376.26,1.1087780166594576e-13,1.9584974458401847e-16
376.27,1.108637532121364e-13,1.9668267413762893e-16
376.28,1.1084967620098292e-13,1.965011927596274e-16
376.29,1.1083560407972186e-13,1.962259171759393e-16
376.3,1.1082126858892095e-13,1.9615109105687311e-16
376.31,1.1080747463218824e-13,1.9627887757378427e-16
376.32,1.1079312470652034e-13,1.9582106746502977e-16
376.33,1.1077942353156952e-13,1.9582039165615172e-16
376.34,1.1076511484566307e-13,1.9584659489636889e-16
376.35,1.1074955033637814e-13,1.9546306562392243e-16
376.36,1.1073679539824473e-13,1.9505314096219828e-16
376.37,1.1072269657472175e-13,1.9514379103559698e-16
376.38,1.107085454426333e-13,1.95009292526849e-16
376.39,1.1069461486955904e-13,1.9477793417900251e-16
376.4,1.1067916544094802e-13,1.939858893930604e-16
376.41,1.1066638791435845e-13,1.9460440473713224e-16
376.42,1.1065209329590608e-13,1.9424633677618755e-16
376.43,1.1063792585254337e-13,1.941638558209427e-16
376.44,1.1062336634661453e-13,1.9395139705780626e-16
376.45,1.1061011201174396e-13,1.9412117755768767e-16
376.46,1.1059637276670136e-13,1.9391862019570382e-16
376.47,1.1058192549150695e-13,1.9372556859248087e-16
376.48,1.1056794880729489e-13,1.937101751166789e-16
376.49,1.1055391510273514e-13,1.934855910813544e-16
376.5,1.105398264783204e-13,1.9345147480280713e-16
376.51,1.1052601268291437e-13,1.9333664815212436e-16
376.52,1.1051182897799551e-13,1.9333400639763438e-16
376.53,1.1049789010907312e-13,1.9300077757808359e-16
376.54,1.1048379680327805e-13,1.9293473714847288e-16
376.55,1.1046982669027518e-13,1.9287839315483803e-16
376.56,1.104553965261991e-13,1.9250626548938922e-16
376.57,1.104415545809338e-13,1.9240800426242797e-16
376.58,1.1042747992438046e-13,1.922600001736718e-16
376.59,1.1041338432739303e-13,1.9215362892500444e-16
376.6,1.1039883012412799e-13,1.9151877520718231e-16
376.61,1.103857589284284e-13,1.9220536708414782e-16
376.62,1.1037140473515758e-13,1.918310149140327e-16
376.63,1.1035765660813811e-13,1.919221943293634e-16
376.64,1.1034338952221974e-13,1.9161972765212768e-16
376.65,1.1032924953088673e-13,1.9155134188734975e-16
376.66,1.1031543709628341e-13,1.9140865860359048e-16
376.67,1.1030182312380162e-13,1.914692006876729e-16
376.68,1.102874390867627e-13,1.910191251683331e-16
376.69,1.1027375879961497e-13,1.9147073439420045e-16
376.7,1.1025962994745885e-13,1.9084832921840937e-16
376.71,1.1024599179405212e-13,1.908605925705243e-16
376.72,1.1023135198320377e-13,1.906747102586996e-16
376.73,1.102174860175254e-13,1.905827757733621e-16
376.74,1.1020343554353609e-13,1.9054916079479505e-16
376.75,1.1018940713578433e-13,1.9037248508277453e-16
376.76,1.1017563857716398e-13,1.9000439543231047e-16
376.77,1.1016173739978747e-13,1.8990795582174596e-16
376.78,1.101469976884329e-13,1.9001294257086085e-16
376.79,1.1013365680181787e-13,1.897469636526116e-16
376.8,1.1011973923773986e-13,1.8985093657677037e-16
376.81,1.1010579150178673e-13,1.8956782760806587e-16
376.82,1.100917042378567e-13,1.8943239645705217e-16
376.83,1.1007801905425502e-13,1.8954742930673436e-16
376.84,1.1006396296723354e-13,1.8923156551214313e-16
376.85,1.1005074128194382e-13,1.8937440289604028e-16
376.86,1.1003603148154996e-13,1.889448335918363e-16
376.87,1.1002273140606254e-13,1.9000281940139865e-16
376.88,1.1000813832737674e-13,1.887888889266223e-16
376.89,1.0999394105474838e-13,1.89220128715395e-16
376.9,1.0998018589615881e-13,1.886001842924872e-16
376.91,1.0996665809083816e-13,1.8865904602997648e-16
376.92,1.099522699559579e-13,1.883390851826686e-16
376.93,1.0993851632497743e-13,1.8834858920931204e-16
376.94,1.0992427389239396e-13,1.8801008432861013e-16
376.95,1.0991068543772537e-13,1.8817597855658518e-16
376.96,1.0989570748168823e-13,1.869543841728468e-16
376.97,1.0988245175496944e-13,1.8778083034925048e-16
376.98,1.098680126030892e-13,1.8811548621048693e-16
376.99,1.0985509356319748e-13,1.8773366813902186e-16
377.0,1.0984095574053872e-13,1.8760201800570115e-16
377.01,1.0982730034379552e-13,1.8747367798041555e-16
377.02,1.0981333553997362e-13,1.8736517961152853e-16
377.03,1.0979926161938523e-13,1.873812716915175e-16
377.04,1.0978548731559037e-13,1.8720816334259431e-16
377.05,1.0977263507451756e-13,1.866681247535816e-16
377.06,1.0975748188525776e-13,1.8683179059335048e-16
377.07,1.0974517973720811e-13,1.8648432873892756e-16
377.08,1.0972969439430473e-13,1.8678875545477659e-16
377.09,1.0971607824755896e-13,1.8673242077510772e-16
377.1,1.0970187275178379e-13,1.8656528672342955e-16
377.11,1.0968798867194755e-13,1.865398167543682e-16
377.12,1.0967447336817952e-13,1.8636415618551405e-16
377.13,1.096605136532961e-13,1.863099836351917e-16
377.14,1.0964897886268869e-13,1.8964375025349168e-16
377.15,1.0963269731255413e-13,1.8614857475362847e-16
377.16,1.0961824658248912e-13,1.86511369548999e-16
377.17,1.0960477654021618e-13,1.8635724238783432e-16
377.18,1.0959116536817299e-13,1.8600467447425592e-16
377.19,1.0957739076247206e-13,1.8584940928937187e-16
377.2,1.0956347085267652e-13,1.858616221941731e-16
377.21,1.0954954300371859e-13,1.8569658871841193e-16
377.22,1.0953561683193362e-13,1.8546672175981779e-16
377.23,1.0952430389201152e-13,1.8564376962696923e-16
377.24,1.095081308873936e-13,1.8545642626052667e-16
377.25,1.0949181123881895e-13,1.85092380811802e-16
377.26,1.0948034422229075e-13,1.8519248120645912e-16
377.27,1.0946647036491227e-13,1.8518472824648808e-16
377.28,1.0945270267723115e-13,1.85169396062659e-16
377.29,1.0943901271337183e-13,1.8499971972929957e-16
377.3,1.0942491271477608e-13,1.8505695996427066e-16
377.31,1.0941115939725623e-13,1.849002863889349e-16
377.32,1.0939751385699382e-13,1.8439087813582227e-16
377.33,1.0938345189867206e-13,1.8450090766078363e-16
377.34,1.093735571819571e-13,1.8405511285957098e-16
377.35,1.0935599694405796e-13,1.8484845898657363e-16
377.36,1.0934178198206239e-13,1.843360487812041e-16
377.37,1.0932824911976603e-13,1.8462202277430677e-16
377.38,1.0931450174650171e-13,1.843186987549841e-16
377.39,1.0930067945348668e-13,1.8453089683766003e-16
377.4,1.092867290620324e-13,1.845260563084202e-16
377.41,1.0927386446774347e-13,1.8419520322462772e-16
377.42,1.092592284737942e-13,1.8422027598453217e-16
377.43,1.0924472238748659e-13,1.839732144869191e-16
377.44,1.0923144941239162e-13,1.8406988340827832e-16
377.45,1.0921788687610547e-13,1.8385652513230598e-16
377.46,1.0920396151019664e-13,1.8399224442897386e-16
377.47,1.0919021059869122e-13,1.8382900900507021e-16
377.48,1.0917690696606457e-13,1.839801578929209e-16
377.49,1.0916247285499755e-13,1.838069872271305e-16
377.5,1.0914838097962785e-13,1.836364437926099e-16
377.51,1.0913551677021019e-13,1.836801758630223e-16
377.52,1.0912152645701648e-13,1.8373628539334928e-16
377.53,1.0910745908784404e-13,1.8366302236598615e-16
377.54,1.0909333232543899e-13,1.8362071011665824e-16
377.55,1.0907983084606176e-13,1.834076842258352e-16
377.56,1.0906586896123807e-13,1.8333687180615202e-16
377.57,1.0905203062562603e-13,1.8303586203577293e-16
377.58,1.0903845680837757e-13,1.8323614673806454e-16
377.59,1.0902471810301522e-13,1.8365972326993713e-16
377.6,1.0901122558273851e-13,1.8327477703965952e-16
377.61,1.0899745089343965e-13,1.8370125799268446e-16
377.62,1.0898341491606867e-13,1.8317578189053385e-16
377.63,1.0896951778546347e-13,1.829631705892853e-16
377.64,1.0895547335249233e-13,1.8265928248022878e-16
377.65,1.089421894168149e-13,1.8308906935008317e-16
377.66,1.0892838020414747e-13,1.8301344295428336e-16
377.67,1.089148093058283e-13,1.8297047371634981e-16
377.68,1.089007145466674e-13,1.827458607256867e-16
377.69,1.0888735513378582e-13,1.8261569058639934e-16
377.7,1.0887350543110837e-13,1.8288703431322415e-16
377.71,1.0885961207692742e-13,1.828701307670514e-16
377.72,1.0884581119684993e-13,1.8270294897965215e-16
377.73,1.0883221288887496e-13,1.827804868671176e-16
377.74,1.0881828567252611e-13,1.8280628585648888e-16
377.75,1.0880421841472098e-13,1.8246855340198775e-16
377.76,1.0879122160283554e-13,1.8270335865539475e-16
377.77,1.0877729658125469e-13,1.8266043676994948e-16
377.78,1.0876372933711744e-13,1.8273951592643835e-16
377.79,1.0874944721353598e-13,1.8259452558181913e-16
377.8,1.087358345335081e-13,1.8250703504334965e-16
377.81,1.0872214958108157e-13,1.825388929296291e-16
377.82,1.0870837527067048e-13,1.8243935281304676e-16
377.83,1.086944836174163e-13,1.8253851946655663e-16
377.84,1.0868085533326912e-13,1.8232427158453381e-16
377.85,1.0866727279816277e-13,1.8250066675644558e-16
377.86,1.0865318376297958e-13,1.821459054493064e-16
377.87,1.0863991465967183e-13,1.823036452376946e-16
377.88,1.0862620442510423e-13,1.819516246350724e-16
377.89,1.0861273798410664e-13,1.8257938000775013e-16
377.9,1.0859863853620569e-13,1.820666418410623e-16
377.91,1.0858460938550043e-13,1.8190115921710566e-16
377.92,1.0857131451919518e-13,1.8228900014224225e-16
377.93,1.0855726041287548e-13,1.8218977152244882e-16
377.94,1.0854341479188994e-13,1.8232603574707834e-16
377.95,1.0853076351343947e-13,1.8210362272457123e-16
377.96,1.0851675023181774e-13,1.8191368038906083e-16
377.97,1.0850282230595205e-13,1.8225633233942973e-16
377.98,1.0848894086215227e-13,1.8214449944724686e-16
377.99,1.0847508346253398e-13,1.8208465266991676e-16
378.0,1.0846158282060216e-13,1.8212646841671781e-16
378.01,1.084479572126396e-13,1.8208007372978502e-16
378.02,1.084342546883929e-13,1.8208476099697005e-16
378.03,1.0842051597871096e-13,1.8212371700156118e-16
378.04,1.0840762202859207e-13,1.8120170926836625e-16
378.05,1.0839339026789526e-13,1.8168023048291945e-16
378.06,1.0837959547918201e-13,1.819444606495595e-16
378.07,1.0836559150857307e-13,1.821119124086098e-16
378.08,1.083519693885727e-13,1.8213568076646226e-16
378.09,1.0833826751919325e-13,1.8205782015905533e-16
378.1,1.0832499018663572e-13,1.8200914155267906e-16
378.11,1.083110664895407e-13,1.8191413919732981e-16
378.12,1.082974268206141e-13,1.8208657759237188e-16
378.13,1.0828508201045332e-13,1.826436536581432e-16
378.14,1.0826878064206694e-13,1.8144597766849493e-16
378.15,1.0825601654155657e-13,1.823513362574631e-16
378.16,1.0824263724940474e-13,1.819831317692008e-16
378.17,1.0822894840095468e-13,1.8216473564017803e-16
378.18,1.0821541388364112e-13,1.8211133845263875e-16
378.19,1.0820181106703988e-13,1.8213273010052377e-16
378.2,1.0818811327253836e-13,1.8212911097861652e-16
378.21,1.0817433081458308e-13,1.821484027564912e-16
378.22,1.08159472296483e-13,1.8112684478389106e-16
378.23,1.0814857320021057e-13,1.8302465573361531e-16
378.24,1.0813330359160294e-13,1.8207291130985247e-16
378.25,1.0811939798122012e-13,1.821129495989189e-16
378.26,1.0810586366202438e-13,1.8206051322382406e-16
378.27,1.0809223474813568e-13,1.8218211678158467e-16
378.28,1.0807862645628101e-13,1.8226191838945201e-16
378.29,1.0806463866000364e-13,1.8148687395381657e-16
378.3,1.0805122655552795e-13,1.8217022144092058e-16
378.31,1.0803793841378475e-13,1.827748884876888e-16
378.32,1.080237436500301e-13,1.8236572642555483e-16
378.33,1.0801044965765194e-13,1.8237464407756209e-16
378.34,1.0799654644590937e-13,1.8211076126163513e-16
378.35,1.0798311261501522e-13,1.8236648610738865e-16
378.36,1.0796925584567662e-13,1.8232922586664517e-16
378.37,1.0795550032924563e-13,1.8245377618850506e-16
378.38,1.0794172885544268e-13,1.8201295298412811e-16
378.39,1.0792890975027551e-13,1.8245721638044815e-16
378.4,1.079133209806886e-13,1.8277501980726254e-16
378.41,1.0790143841434618e-13,1.821761679913729e-16
378.42,1.0788734734434942e-13,1.8219589198094883e-16
378.43,1.078744394151657e-13,1.837223598731204e-16
378.44,1.0786054767145095e-13,1.8237677354997022e-16
378.45,1.078465129776753e-13,1.8247760366044639e-16
378.46,1.0783351624488944e-13,1.8235338880210503e-16
378.47,1.0781950844151735e-13,1.824863772653641e-16
378.48,1.0780582166115284e-13,1.8273169434449224e-16
378.49,1.077915411392057e-13,1.8213509068746165e-16
378.5,1.0777864640181504e-13,1.8278605010129357e-16
378.51,1.0776448221188016e-13,1.8243238290092076e-16
378.52,1.0775118167964347e-13,1.8264272701700578e-16
378.53,1.0773780081104757e-13,1.8282889104773232e-16
378.54,1.077241389464911e-13,1.8289613189599795e-16
378.55,1.0771075034087662e-13,1.82930629221046e-16
378.56,1.0769690782522992e-13,1.829121710869628e-16
378.57,1.0768338538397145e-13,1.829815848228718e-16
378.58,1.0766847274430304e-13,1.8276123180099773e-16
378.59,1.0765571658517876e-13,1.8288394667111134e-16
378.6,1.0764305485441282e-13,1.829618786039237e-16
378.61,1.0762882474209824e-13,1.8284459914516482e-16
378.62,1.076151173421121e-13,1.8294192111326888e-16
378.63,1.0760176432243486e-13,1.8380748518228215e-16
378.64,1.0758802541033065e-13,1.8316116084764679e-16
378.65,1.0757438874680543e-13,1.8312872674904893e-16
378.66,1.0756064200593494e-13,1.8320825005919996e-16
378.67,1.0754679600660345e-13,1.8292057998589496e-16
378.68,1.0753378584721863e-13,1.829345992738849e-16
378.69,1.0752006725986526e-13,1.8342072093794356e-16
378.7,1.0750631930842539e-13,1.8343190272899933e-16
378.71,1.0749226241398553e-13,1.8341238587010906e-16
378.72,1.074791304793467e-13,1.8331954824419155e-16
378.73,1.0746558862979566e-13,1.8358865692093107e-16
378.74,1.0745179112247309e-13,1.8364301181884855e-16
378.75,1.074381433444505e-13,1.8336566753431323e-16
378.76,1.07423956728911e-13,1.8297814842639487e-16
378.77,1.0741110458474535e-13,1.8360575620875807e-16
378.78,1.0739766332940156e-13,1.8354804931220754e-16
378.79,1.0738425674725587e-13,1.8391413959615694e-16
378.8,1.0737033991214829e-13,1.8376600587083906e-16
378.81,1.0735673598787662e-13,1.837785081331316e-16
378.82,1.0734306227806706e-13,1.837780538852146e-16
378.83,1.0732964161339905e-13,1.837317429642063e-16
378.84,1.073157065628086e-13,1.8399943088383065e-16
378.85,1.0730234153590263e-13,1.839258773856131e-16
378.86,1.0728883721727805e-13,1.8380561226390064e-16
378.87,1.0727508836847269e-13,1.840335495014014e-16
378.88,1.0726139770480806e-13,1.839923142756878e-16
378.89,1.0724751782562108e-13,1.841203275112074e-16
378.9,1.0723447386103803e-13,1.8412863928069877e-16
378.91,1.0722054129197415e-13,1.840667243774365e-16
378.92,1.0720728799987685e-13,1.8433950403494703e-16
378.93,1.0719334322323112e-13,1.8450555819067378e-16
378.94,1.0717970427257796e-13,1.8438236115404734e-16
378.95,1.0716710657864506e-13,1.843549130634713e-16
378.96,1.0715297148091732e-13,1.843619144309672e-16
378.97,1.0713952045460015e-13,1.8431289282108865e-16
378.98,1.0712606289324642e-13,1.8476272318557027e-16
378.99,1.0711217030817972e-13,1.8470871549908033e-16
379.0,1.0709839575406554e-13,1.842824005781488e-16
379.01,1.0708530866945243e-13,1.8470513020750687e-16
379.02,1.0707145410044775e-13,1.8470697067893156e-16
379.03,1.0705796901694553e-13,1.8439553319710143e-16
379.04,1.0704486555454008e-13,1.848887929515359e-16
379.05,1.0703126259372996e-13,1.8500243678225683e-16
379.06,1.0701722921096986e-13,1.8494561144136642e-16
379.07,1.0700424279673031e-13,1.8512134597467955e-16
379.08,1.0699014339595037e-13,1.8501890640040875e-16
379.09,1.069767621658552e-13,1.8519109530062262e-16
379.1,1.0696273109673193e-13,1.8511376499750834e-16
379.11,1.0694940218467401e-13,1.8506411281391494e-16
379.12,1.0693661572891354e-13,1.8557137190006016e-16
379.13,1.0692291479349816e-13,1.852543632941449e-16
379.14,1.0690891328988289e-13,1.8535979470851344e-16
379.15,1.0689548000637865e-13,1.854007866439262e-16
379.16,1.0688197693088383e-13,1.8561907317561787e-16
379.17,1.0686806307876093e-13,1.856946030549387e-16
379.18,1.068547756797806e-13,1.8553055089293166e-16
379.19,1.0684121176582569e-13,1.857268079219951e-16
379.2,1.0682741840090982e-13,1.8555124038300442e-16
379.21,1.06814212291477e-13,1.856633950293452e-16
379.22,1.0680063167987016e-13,1.8544389849804665e-16
379.23,1.0678738750896049e-13,1.8632895120429639e-16
379.24,1.0677350357384807e-13,1.8598316700330494e-16
379.25,1.0676003957704273e-13,1.8599977850237923e-16
379.26,1.0674641214305017e-13,1.861052662786958e-16
379.27,1.0673287631105664e-13,1.8641010851093453e-16
379.28,1.0671874027624586e-13,1.858419672187572e-16
379.29,1.0670516886153979e-13,1.858154370776616e-16
379.3,1.0669308531897866e-13,1.86344248778556e-16
379.31,1.0667870529552098e-13,1.8605489564416894e-16
379.32,1.0666532591183433e-13,1.864134232184216e-16
379.33,1.0665150280594217e-13,1.8619109812605638e-16
379.34,1.0663857114478653e-13,1.8678882064753553e-16
379.35,1.0662455205566435e-13,1.8651666876617976e-16
379.36,1.0661165686085965e-13,1.8676469501967786e-16
379.37,1.0659805639987586e-13,1.8676851699088492e-16
379.38,1.065837246128417e-13,1.8663865360201328e-16
379.39,1.0657131597921236e-13,1.8696258281045906e-16
379.4,1.0655674255577067e-13,1.8656275467779002e-16
379.41,1.0654345265392596e-13,1.8684048397175085e-16
379.42,1.065298875931047e-13,1.8697760628070944e-16
379.43,1.065163628093396e-13,1.8692828025680568e-16
379.44,1.0650262005366213e-13,1.8675536037232613e-16
379.45,1.0648902987542497e-13,1.8716502588138665e-16
379.46,1.064760131280268e-13,1.8704055569191444e-16
379.47,1.0646252068665827e-13,1.8710349869835262e-16
379.48,1.0644947594405244e-13,1.877547985390353e-16
379.49,1.0643520819637049e-13,1.8723569891886228e-16
379.5,1.0642183680903359e-13,1.8723413318915888e-16
379.51,1.0640867540865485e-13,1.8740314029165834e-16
379.52,1.0639470389121696e-13,1.874500736406766e-16
379.53,1.0638138775829548e-13,1.8759640402602444e-16
379.54,1.0636777861863009e-13,1.8757496588703635e-16
379.55,1.0635429093811651e-13,1.8753240096208744e-16
379.56,1.063403124590516e-13,1.8740531109949686e-16
379.57,1.06327286573938e-13,1.8753823136679986e-16
379.58,1.063139628516156e-13,1.8777628112565698e-16
379.59,1.0630036412792111e-13,1.8798492897499178e-16
379.6,1.0628711002761517e-13,1.8787246423064204e-16
379.61,1.0627350469892781e-13,1.8728700660882224e-16
379.62,1.0625953516572676e-13,1.8797807716979394e-16
379.63,1.062463789958401e-13,1.881205190748086e-16
379.64,1.0623238417390906e-13,1.8795539335868835e-16
379.65,1.0621909336563538e-13,1.8811961535233608e-16
379.66,1.0620725523693977e-13,1.8849316963740102e-16
379.67,1.0619234306045427e-13,1.881200877373942e-16
379.68,1.0617887204307799e-13,1.8838481842346233e-16
379.69,1.0616540030391778e-13,1.8815433366619472e-16
379.7,1.0615185388556733e-13,1.8835255082721128e-16
379.71,1.0613835036555288e-13,1.8830895963059962e-16
379.72,1.0612480334244556e-13,1.8858934004251676e-16
379.73,1.0611164504186849e-13,1.8887179938223903e-16
379.74,1.060977789862563e-13,1.8840348065159497e-16
379.75,1.0608436790802649e-13,1.8781604182831143e-16
379.76,1.0607124217419743e-13,1.8874141890751292e-16
379.77,1.0605748922543309e-13,1.8871456127087632e-16
379.78,1.0604292791257429e-13,1.8881933290223877e-16
379.79,1.0603070693268908e-13,1.8905052297586263e-16
379.8,1.0601679333866294e-13,1.8888540149412922e-16
379.81,1.0600369996823824e-13,1.888203473314679e-16
379.82,1.059901974276691e-13,1.889724456221942e-16
379.83,1.0597633593036697e-13,1.8876571286541274e-16
379.84,1.0596360780425865e-13,1.8918351854057972e-16
379.85,1.0594965067233241e-13,1.8906093203779122e-16
379.86,1.059359503786839e-13,1.8931321990320058e-16
379.87,1.0592293443293846e-13,1.8931198435021974e-16
379.88,1.0590954822649623e-13,1.8935314360065402e-16
379.89,1.058960776759832e-13,1.8946387956915796e-16
379.9,1.0588267993583134e-13,1.895247984897095e-16
379.91,1.0586901613164989e-13,1.896166499971787e-16
379.92,1.058562741926709e-13,1.8966384235141278e-16
379.93,1.0584264898599376e-13,1.8991443498799958e-16
379.94,1.0582837162875868e-13,1.8915533622557105e-16
379.95,1.0581518659178837e-13,1.8952038917953087e-16
379.96,1.0580161794138456e-13,1.895812447350188e-16
379.97,1.0578842717094073e-13,1.89749503451771e-16
379.98,1.0577491798951202e-13,1.898183496710997e-16
379.99,1.0576184182572897e-13,1.8972433441275233e-16
380.0,1.0574795627647854e-13,1.8947293735548856e-16
380.01,1.0573391464714525e-13,1.8905127122587886e-16
380.02,1.0572148187109354e-13,1.9082589296148105e-16
380.03,1.0570736696204824e-13,1.8982184883402821e-16
380.04,1.0569436561867698e-13,1.8992906379401694e-16
380.05,1.0568059681862781e-13,1.8976521429673662e-16
380.06,1.0566715221482499e-13,1.899564008340986e-16
380.07,1.0565390918980989e-13,1.901364114968822e-16
380.08,1.0564029892105225e-13,1.8999587944475545e-16
380.09,1.0562699707735568e-13,1.9009135199701013e-16
380.1,1.0561237093919516e-13,1.9032996688431865e-16
380.11,1.0560107408219958e-13,1.9004069301790612e-16
380.12,1.0558630705210907e-13,1.9006172610206248e-16
380.13,1.0557343417838674e-13,1.904966782386326e-16
380.14,1.0555954624426807e-13,1.902216419925893e-16
380.15,1.0554644523239328e-13,1.9044879714934505e-16
380.16,1.0553335557632086e-13,1.9064345829140303e-16
380.17,1.0551951064984449e-13,1.9036407264101232e-16
380.18,1.0550626840691469e-13,1.9049208727162576e-16
380.19,1.0549269751739862e-13,1.9027929971251077e-16
380.2,1.054779138861119e-13,1.8916735221769225e-16
380.21,1.054659580790223e-13,1.9038911542107875e-16
380.22,1.0545245022065386e-13,1.9068258902132437e-16
380.23,1.0543908904959622e-13,1.9047828922653074e-16
380.24,1.0542565094922035e-13,1.9059746839745031e-16
380.25,1.0541229463319538e-13,1.90605027687278e-16
380.26,1.0539859901341932e-13,1.9081929367971702e-16
380.27,1.0538542393006741e-13,1.9077480289536076e-16
380.28,1.0537219525676454e-13,1.909797782140104e-16
380.29,1.053583204959128e-13,1.904144812748299e-16
380.3,1.0534440522097095e-13,1.9052640268444484e-16
380.31,1.0533192353042142e-13,1.909960750090413e-16
380.32,1.0531841230064217e-13,1.9082481334396913e-16
380.33,1.0530498146988762e-13,1.910003635166288e-16
380.34,1.0529145674743906e-13,1.9121004362124513e-16
380.35,1.0527820021667374e-13,1.9079808593737187e-16
380.36,1.052651755678861e-13,1.912393453699564e-16
380.37,1.0525140738256586e-13,1.9107088590635304e-16
380.38,1.0523784284786555e-13,1.9125406973443652e-16
380.39,1.0522445682767306e-13,1.9093217319071034e-16
380.4,1.0521105015164184e-13,1.90916332032766e-16
380.41,1.0519817566346566e-13,1.912196540577246e-16
380.42,1.0518454743403783e-13,1.9109539069377361e-16
380.43,1.0517105752511338e-13,1.9117566286927247e-16
380.44,1.0515776367170639e-13,1.9121149024045327e-16
380.45,1.0514429640031902e-13,1.916088134514399e-16
380.46,1.0513099480691762e-13,1.9117232093672113e-16
380.47,1.0511767506299027e-13,1.9132271013431242e-16
380.48,1.0510421264601491e-13,1.91126756331134e-16
380.49,1.0509070241755709e-13,1.9123779146504556e-16
380.5,1.0507751000861832e-13,1.9146658317782544e-16
380.51,1.0506426569631461e-13,1.914066080863568e-16
380.52,1.0505070361298964e-13,1.9128399267615022e-16
380.53,1.050374673893038e-13,1.9129020642386397e-16
380.54,1.0502466147030682e-13,1.918244743431139e-16
380.55,1.0500929487207623e-13,1.9092920792861764e-16
380.56,1.0499708603740784e-13,1.9149134600902273e-16
380.57,1.0498378100006154e-13,1.9126210082532345e-16
380.58,1.0497069502515342e-13,1.9125997013765527e-16
380.59,1.049571626576271e-13,1.9138624704562847e-16
380.6,1.0494332050173081e-13,1.9138817538071186e-16
380.61,1.0493040160447635e-13,1.914036137994143e-16
380.62,1.049171229615971e-13,1.914113605828994e-16
380.63,1.0490392311708799e-13,1.9125930630180753e-16
380.64,1.0489053588057368e-13,1.9136260913108814e-16
380.65,1.0487659730162646e-13,1.9093355232447685e-16
380.66,1.0486379380332967e-13,1.9139117368179095e-16
380.67,1.0485058331627889e-13,1.9152142346517651e-16
380.68,1.0483725406877601e-13,1.9147333721560714e-16
380.69,1.0482374366583135e-13,1.9155862084560207e-16
380.7,1.0481078686459875e-13,1.9185124662770823e-16
380.71,1.0479709040040974e-13,1.9152608540358227e-16
380.72,1.0478506626750913e-13,1.918610645688907e-16
380.73,1.0477053492762971e-13,1.9141006573125653e-16
380.74,1.0475746728879965e-13,1.9145466426985747e-16
380.75,1.0474394778153602e-13,1.915120829483464e-16
380.76,1.0473026131310656e-13,1.9148537593602752e-16
380.77,1.0471727905374042e-13,1.915161245808067e-16
380.78,1.0470382824999411e-13,1.9143324346705262e-16
380.79,1.0469035930532146e-13,1.91406486770726e-16
380.8,1.0467732239017081e-13,1.9162024189513457e-16
380.81,1.0466237816177801e-13,1.9083772645842763e-16
380.82,1.046505872881705e-13,1.9131509381665156e-16
380.83,1.0463754229960076e-13,1.9097130801994575e-16
380.84,1.0462383159342297e-13,1.9160158931140907e-16
380.85,1.0461072679943364e-13,1.9153742287997223e-16
380.86,1.0459755756098526e-13,1.9153645062925933e-16
380.87,1.0458407987269753e-13,1.9147222227366686e-16
380.88,1.0457084150674942e-13,1.9162881036926e-16
380.89,1.0455752382333151e-13,1.914499451323421e-16
380.9,1.0454337093881208e-13,1.9169699289874068e-16
380.91,1.0453066173064234e-13,1.9119136355731792e-16
380.92,1.0451904127465033e-13,1.9262663557963478e-16
380.93,1.0450443121324374e-13,1.9155440887254264e-16
380.94,1.0449102267841841e-13,1.9149412921078039e-16
380.95,1.0447782789170745e-13,1.913726920790096e-16
380.96,1.0446422695409598e-13,1.913282826633651e-16
380.97,1.0445112408833336e-13,1.9144886108375838e-16
380.98,1.0443802478921268e-13,1.9141188179426624e-16
380.99,1.044280761319435e-13,1.923209277128146e-16
381.0,1.0441153338455547e-13,1.9140107330738158e-16
381.01,1.0439652815034915e-13,1.9085774776649503e-16
381.02,1.0438498964328154e-13,1.9137885085197015e-16
381.03,1.0437159895290142e-13,1.9125569474015813e-16
381.04,1.0435791347170972e-13,1.9146839340848205e-16
381.05,1.043457494058127e-13,1.9111416102081032e-16
381.06,1.043317895265518e-13,1.9139561764616837e-16
381.07,1.0431754502133619e-13,1.9048570932899267e-16
381.08,1.0430097540396855e-13,1.8804806061596525e-16
381.09,1.0429199300836384e-13,1.911210826561342e-16
381.1,1.042795184951592e-13,1.9038526139378335e-16
381.11,1.0426566057229879e-13,1.9187422352897432e-16
381.12,1.042521835409933e-13,1.909992577792534e-16
381.13,1.0423905519834804e-13,1.911438438574921e-16
381.14,1.0422550961458979e-13,1.9084581653307004e-16
381.15,1.0421256004777533e-13,1.9106341310931384e-16
381.16,1.0419915668859337e-13,1.9085876533241426e-16
381.17,1.0418529383397407e-13,1.9167198278338002e-16
381.18,1.041728634813206e-13,1.9083529919845953e-16
381.19,1.0416330362374161e-13,1.9448087913320316e-16
381.2,1.0414638634247552e-13,1.910341276127806e-16
381.21,1.0413317243359183e-13,1.9102969840503862e-16
381.22,1.041196839524542e-13,1.9092423245429794e-16
381.23,1.041065129294421e-13,1.9083461722994677e-16
381.24,1.0409312545132014e-13,1.9067866593089516e-16
381.25,1.0408019987834537e-13,1.9082092480044404e-16
381.26,1.0406625331149251e-13,1.905116687271643e-16
381.27,1.0405343675130508e-13,1.907275847110246e-16
381.28,1.0403703628963757e-13,1.8938195093664875e-16
381.29,1.0402724629284788e-13,1.9065727576565116e-16
381.3,1.0401391069831221e-13,1.9071323796725196e-16
381.31,1.0400077564195645e-13,1.9054579290259822e-16
381.32,1.0398746749998049e-13,1.9050490078346874e-16
381.33,1.0397413668428815e-13,1.9048743682507e-16
381.34,1.0396103362061395e-13,1.9039573877528726e-16
381.35,1.0394768051570661e-13,1.9077959106309747e-16
381.36,1.0393473563948348e-13,1.9037589680924815e-16
381.37,1.0392170212663898e-13,1.9074171679242177e-16
381.38,1.0390849363141448e-13,1.905440796170726e-16
381.39,1.0389569074465945e-13,1.9045731158869744e-16
381.4,1.0388216856867736e-13,1.9022123285753273e-16
381.41,1.0386864232441615e-13,1.899590488507786e-16
381.42,1.0385564555246728e-13,1.9027866840892899e-16
381.43,1.0384249117215375e-13,1.9007930594737745e-16
381.44,1.0382952264541827e-13,1.898997378130382e-16
381.45,1.0381583469203735e-13,1.898820454331397e-16
381.46,1.038023655149411e-13,1.8954179043693577e-16
381.47,1.0378947403954165e-13,1.898736262472173e-16
381.48,1.0377647667472942e-13,1.8985948810321138e-16
381.49,1.0376330866615592e-13,1.8983235677910574e-16
381.5,1.0375012800120927e-13,1.8981757076087886e-16
381.51,1.0373704636037226e-13,1.897459238888106e-16
381.52,1.037238802655176e-13,1.8968705100966006e-16
381.53,1.0371100245565769e-13,1.8967505988843982e-16
381.54,1.0369778545708603e-13,1.8971005892289922e-16
381.55,1.0368559974683354e-13,1.8977138686068064e-16
381.56,1.0367130991341054e-13,1.8949088264310683e-16
381.57,1.0365805580777028e-13,1.894188297899183e-16
381.58,1.0364511941753827e-13,1.8967094180978863e-16
381.59,1.0363185942089816e-13,1.8927632688321873e-16
381.6,1.0361841380646827e-13,1.8917105196962375e-16
381.61,1.0360559221526236e-13,1.8926413312504998e-16
381.62,1.0359190740984502e-13,1.8873047628019242e-16
381.63,1.0357948946087096e-13,1.8923135062767429e-16
381.64,1.0356631751889327e-13,1.8892001977777354e-16
381.65,1.0355318767854604e-13,1.8914650357515405e-16
381.66,1.0353992322164243e-13,1.8880841806647191e-16
381.67,1.0352670050379529e-13,1.88884100171368e-16
381.68,1.0351349778367049e-13,1.8881945580504054e-16
381.69,1.0350064089817055e-13,1.8878256055056524e-16
381.7,1.034876385395972e-13,1.8898075307554414e-16
381.71,1.0347396921971013e-13,1.8846400937584726e-16
381.72,1.0346093371192162e-13,1.8849468357827834e-16
381.73,1.0344776031745749e-13,1.8870033585642603e-16
381.74,1.0343504512345303e-13,1.8857494957413169e-16
381.75,1.0342173663987798e-13,1.8852863725315845e-16
381.76,1.0340877538868658e-13,1.8854554797793605e-16
381.77,1.033955819178168e-13,1.8829694166452003e-16
381.78,1.0338250360724005e-13,1.8834284215753835e-16
381.79,1.0336953904248712e-13,1.8822084255058795e-16
381.8,1.0335694851134838e-13,1.8811267571915664e-16
381.81,1.033432326399414e-13,1.8810282390827703e-16
381.82,1.0332921285768593e-13,1.8784385862334333e-16
381.83,1.0331706535525127e-13,1.8791091489281161e-16
381.84,1.0330322195183569e-13,1.8727760050270373e-16
381.85,1.03290765393891e-13,1.8786098430447061e-16
381.86,1.0327779169242613e-13,1.8778774387257188e-16
381.87,1.0326463125011841e-13,1.8751380921258813e-16
381.88,1.0325123707265295e-13,1.88238967723027e-16
381.89,1.0323742323486914e-13,1.8691686443056745e-16
381.9,1.0322547213853484e-13,1.8750953860662017e-16
381.91,1.0321277348830704e-13,1.8732381146998632e-16
381.92,1.0319944586232309e-13,1.8736482194894338e-16
381.93,1.0318640565543548e-13,1.8714103595493746e-16
381.94,1.0317306875395301e-13,1.8714101624616006e-16
381.95,1.0316004785766776e-13,1.8722087443372436e-16
381.96,1.0314706965721005e-13,1.87065305996757e-16
381.97,1.0313407377042398e-13,1.8706467549623948e-16
381.98,1.0312189466515046e-13,1.8788806506448904e-16
381.99,1.03107444496312e-13,1.861413475303574e-16
382.0,1.0309498870661199e-13,1.867229998920797e-16
382.01,1.0308183288555246e-13,1.866183604915715e-16
382.02,1.0306902356368964e-13,1.869045347829942e-16
382.03,1.0305577013865197e-13,1.863942582437398e-16
382.04,1.0304262655371758e-13,1.864260499738465e-16
382.05,1.0302993140624958e-13,1.8638705928517206e-16
382.06,1.030170052270109e-13,1.8642466302876583e-16
382.07,1.0300196745799095e-13,1.8665981550847678e-16
382.08,1.0299004029239491e-13,1.8617413314283262e-16
382.09,1.0297817581316201e-13,1.8644804411518448e-16
382.1,1.029646312979014e-13,1.8609915951507489e-16
382.11,1.029519808565351e-13,1.8588260321883128e-16
382.12,1.0293847080340157e-13,1.858400515620842e-16
382.13,1.0292582786688936e-13,1.8586894590022077e-16
382.14,1.0291250551697525e-13,1.8577590928326655e-16
382.15,1.0290026837724834e-13,1.8552940112762252e-16
382.16,1.0288710200260218e-13,1.8555727270098598e-16
382.17,1.0287550792711337e-13,1.8538388710530755e-16
382.18,1.0286061583530723e-13,1.8552454495811329e-16
382.19,1.0284795670199567e-13,1.8548541988940022e-16
382.2,1.0283486321487406e-13,1.8535493353894161e-16
382.21,1.0282168566710863e-13,1.8543095359409085e-16
382.22,1.0280843525675888e-13,1.8509432699558163e-16
382.23,1.027956906428319e-13,1.852105900092884e-16
382.24,1.0278275833500988e-13,1.849683193907414e-16
382.25,1.0276950383324822e-13,1.8466837828842183e-16
382.26,1.027565518615995e-13,1.8531240512932587e-16
382.27,1.027436798497375e-13,1.8497121670174687e-16
382.28,1.0273102928132939e-13,1.853407341631268e-16
382.29,1.0271776958107224e-13,1.8469694694699591e-16
382.3,1.027047380958739e-13,1.8427206605019663e-16
382.31,1.026940740915799e-13,1.8528501464768553e-16
382.32,1.0267908281939147e-13,1.8446848566107332e-16
382.33,1.0266591441890071e-13,1.8418849092999608e-16
382.34,1.0265292814841093e-13,1.8418365744033884e-16
382.35,1.0263948758738728e-13,1.8377213294658881e-16
382.36,1.0262675717583867e-13,1.8414266847665894e-16
382.37,1.0261380978749821e-13,1.8395453490996482e-16
382.38,1.0260102196502368e-13,1.838662211984773e-16
382.39,1.0258832693223844e-13,1.837020666585436e-16
382.4,1.0257569116259532e-13,1.8363520736007615e-16
382.41,1.0256229807450761e-13,1.8364182529360072e-16
382.42,1.0254928358502098e-13,1.8349470466403032e-16
382.43,1.0253655700387469e-13,1.8308619851492244e-16
382.44,1.0252409779331422e-13,1.8347451916999576e-16
382.45,1.025107136073849e-13,1.832898203249288e-16
382.46,1.0249750883211965e-13,1.8323726690597859e-16
382.47,1.0248455021339499e-13,1.830658210728567e-16
382.48,1.0247191166108692e-13,1.8305116481283597e-16
382.49,1.0245899741506536e-13,1.8291270926839452e-16
382.5,1.0244603223538958e-13,1.8289628714096327e-16
382.51,1.0243305910595102e-13,1.8272780980141212e-16
382.52,1.0242075944865053e-13,1.8363110109292082e-16
382.53,1.0240719954340056e-13,1.82687349807095e-16
382.54,1.0239463068461505e-13,1.8237831855416412e-16
382.55,1.0238140897471799e-13,1.8251850966205603e-16
382.56,1.0236869767729665e-13,1.8235001886472721e-16
382.57,1.0235504818554571e-13,1.824190713625719e-16
382.58,1.0234339887839502e-13,1.8231175744386725e-16
382.59,1.02329840217783e-13,1.8206459327251017e-16
382.6,1.0231706262151932e-13,1.8199629171784335e-16
382.61,1.0230410333401436e-13,1.820000876544961e-16
382.62,1.0229115027995864e-13,1.8163282351857487e-16
382.63,1.0227885400729714e-13,1.8177864184222277e-16
382.64,1.0226529495035304e-13,1.8144259240035656e-16
382.65,1.0225176906389779e-13,1.8151077698660336e-16
382.66,1.0223964157826326e-13,1.8157933219478657e-16
382.67,1.0222599380900462e-13,1.811821434474362e-16
382.68,1.0221410732055146e-13,1.8141133424985994e-16
382.69,1.0220120595851372e-13,1.811493462937423e-16
382.7,1.0218750638374382e-13,1.81234674367553e-16
382.71,1.0217577663931949e-13,1.810313358035871e-16
382.72,1.0216233687065772e-13,1.809976079685525e-16
382.73,1.0214981216197457e-13,1.8113354265232847e-16
382.74,1.0213694927434109e-13,1.8083323303328583e-16
382.75,1.0212413100206712e-13,1.8095968292459794e-16
382.76,1.0211101988696571e-13,1.8056250608063508e-16
382.77,1.0209825834702572e-13,1.8021699654908914e-16
382.78,1.0208581345079887e-13,1.80588061017716e-16
382.79,1.0207323646309316e-13,1.805659238448357e-16
382.8,1.0205973726562738e-13,1.8027789148408516e-16
382.81,1.0204724747143844e-13,1.7997270327805948e-16
382.82,1.020343407955185e-13,1.8011537673323336e-16
382.83,1.0202153515809718e-13,1.8031800847779628e-16
382.84,1.0200856881052789e-13,1.800636278926767e-16
382.85,1.0199565774850311e-13,1.7978346627996935e-16
382.86,1.0198325760562708e-13,1.7996652489295252e-16
382.87,1.0197032658221244e-13,1.7992022066278622e-16
382.88,1.0195776284551945e-13,1.7966613716379604e-16
382.89,1.0194437747849791e-13,1.7933862966044148e-16
382.9,1.0193149601316126e-13,1.7933022336264773e-16
382.91,1.0191863040457516e-13,1.7934248220825552e-16
382.92,1.0190583523550524e-13,1.793387921214002e-16
382.93,1.0189330875250048e-13,1.7918250959427008e-16
382.94,1.0188016514176631e-13,1.7901496561447651e-16
382.95,1.0186797311672274e-13,1.7911304726428277e-16
382.96,1.0185492741963299e-13,1.7915743560778366e-16
382.97,1.0184211707534303e-13,1.7919263401730246e-16
382.98,1.0182923104371217e-13,1.7868194779374823e-16
382.99,1.018166330391291e-13,1.7864592185004576e-16
383.0,1.0180371557881701e-13,1.7852523592554258e-16
383.01,1.0179093593746834e-13,1.7827327495390258e-16
383.02,1.0177818985764338e-13,1.7848814033154082e-16
383.03,1.0176547079316612e-13,1.7817320782848748e-16
383.04,1.0175259374538334e-13,1.7819741569578919e-16
383.05,1.0173954264199048e-13,1.7813663461806312e-16
383.06,1.0172721977274327e-13,1.7816837801844448e-16
383.07,1.0171391555317323e-13,1.7786863974185939e-16
383.08,1.0170134632195362e-13,1.7781456901363792e-16
383.09,1.0168869243799244e-13,1.777175943000109e-16
383.1,1.0167593637086867e-13,1.7762946535558008e-16
383.11,1.0166373229500552e-13,1.7775277738982773e-16
383.12,1.0165035877379779e-13,1.7750571163768535e-16
383.13,1.0163789441845538e-13,1.775584202734278e-16
383.14,1.0162464225062635e-13,1.7736114912069467e-16
383.15,1.0161224496343249e-13,1.7734154711276623e-16
383.16,1.0159931553780122e-13,1.7753556609710451e-16
383.17,1.015866354407239e-13,1.771604086673077e-16
383.18,1.0157398496466073e-13,1.769526401188655e-16
383.19,1.0156115249085873e-13,1.7679037248392855e-16
383.2,1.0154849642207465e-13,1.766861933519498e-16
383.21,1.0153567885970382e-13,1.7682306023169836e-16
383.22,1.0152338751173237e-13,1.7681570000926428e-16
383.23,1.0151041400306059e-13,1.7685863653733618e-16
383.24,1.0149773860743501e-13,1.7636874727320897e-16
383.25,1.0148485143174936e-13,1.768633580488939e-16
383.26,1.0147229703090359e-13,1.764982660694326e-16
383.27,1.0145959250426741e-13,1.7630370458251846e-16
383.28,1.0144673109686458e-13,1.7623758011947074e-16
383.29,1.0143418250470286e-13,1.76067616138357e-16
383.3,1.0142128505578408e-13,1.760724019316565e-16
383.31,1.0140893514313283e-13,1.759649020552536e-16
383.32,1.0139528291176332e-13,1.7576346433076636e-16
383.33,1.0138420771289624e-13,1.762318152442776e-16
383.34,1.0137071806198264e-13,1.7588222276577336e-16
383.35,1.0135802215381175e-13,1.7572263668400767e-16
383.36,1.0134531623931065e-13,1.7575938273848538e-16
383.37,1.0133304954550987e-13,1.7568074086445633e-16
383.38,1.0132021866320685e-13,1.7536897101564458e-16
383.39,1.0130706845202083e-13,1.754187854515316e-16
383.4,1.012947040984317e-13,1.7543005731480456e-16
383.41,1.0128203385023356e-13,1.7531163725949266e-16
383.42,1.0127001347374953e-13,1.7530948722534753e-16
383.43,1.012558993825197e-13,1.7487258737456788e-16
383.44,1.0124373682089652e-13,1.749096010976136e-16
383.45,1.012306219013084e-13,1.7481208642593964e-16
383.46,1.0122012927186251e-13,1.747251135689087e-16
383.47,1.0120584653811128e-13,1.7456093438372187e-16
383.48,1.0119318472079358e-13,1.7465034523953355e-16
383.49,1.0117999018058965e-13,1.7461990763234848e-16
383.5,1.0116780151572469e-13,1.7439490055908156e-16
383.51,1.0115508456217326e-13,1.7408429256182816e-16
383.52,1.0114242453697897e-13,1.744996875495093e-16
383.53,1.0113011183624762e-13,1.742906155309646e-16
383.54,1.0111693748797126e-13,1.7429502516631848e-16
383.55,1.0110487100624068e-13,1.7406432259984824e-16
383.56,1.0109205405209435e-13,1.740303211278982e-16
383.57,1.0107958936707932e-13,1.739689875321997e-16
383.58,1.010664593897501e-13,1.737605845885099e-16
383.59,1.010536402461767e-13,1.736084666826092e-16
383.6,1.0104174404602778e-13,1.7387373392831414e-16
383.61,1.0102850493577013e-13,1.737559581988639e-16
383.62,1.0101596158937358e-13,1.7348686202280737e-16
383.63,1.0100357532312281e-13,1.739072147701316e-16
383.64,1.0099075595691551e-13,1.7340007029534684e-16
383.65,1.009786369011829e-13,1.7368414558235717e-16
383.66,1.0096544622074476e-13,1.7386300405826367e-16
383.67,1.0095308995941784e-13,1.7315552454748742e-16
383.68,1.0094073265195217e-13,1.7313969605465678e-16
383.69,1.0092804651031987e-13,1.7236141180491483e-16
383.7,1.0091526978189355e-13,1.7292748550052415e-16
383.71,1.0090260315578133e-13,1.7305440078549567e-16
383.72,1.0089125681318934e-13,1.7282495349789823e-16
383.73,1.0087741125798814e-13,1.7292626706136986e-16
383.74,1.0086505599848005e-13,1.7290137672080972e-16
383.75,1.0085234151969029e-13,1.7295407758749758e-16
383.76,1.0084009246633933e-13,1.726453661618969e-16
383.77,1.0082745735137592e-13,1.7263751348174702e-16
383.78,1.0081534012762787e-13,1.7280767277731113e-16
383.79,1.008018521712137e-13,1.7254931777924016e-16
383.8,1.0078935485267938e-13,1.7251876172362717e-16
383.81,1.0077669471233033e-13,1.722876544226294e-16
383.82,1.0076468137581614e-13,1.7226548591997317e-16
383.83,1.0075119293338685e-13,1.7202536623447675e-16
383.84,1.0073904217757341e-13,1.7220635236378495e-16
383.85,1.007258188163831e-13,1.7194337988231425e-16
383.86,1.0071462083068147e-13,1.7189568752379811e-16
383.87,1.0070191522180559e-13,1.7223458942816225e-16
383.88,1.0068834286931835e-13,1.7205393745535255e-16
383.89,1.0067621818255168e-13,1.719563274325644e-16
383.9,1.0066370191179087e-13,1.7187212554267244e-16
383.91,1.0065131994530638e-13,1.7177571683823456e-16
383.92,1.0063804215058633e-13,1.7158921334051656e-16
383.93,1.0062600335120714e-13,1.717837119447323e-16
383.94,1.0061334153428557e-13,1.7157842416140376e-16
383.95,1.0059967679405654e-13,1.716664322159595e-16
383.96,1.0058958900275389e-13,1.7273930269730028e-16
383.97,1.0057573920075078e-13,1.7135725183201553e-16
383.98,1.0056315669572746e-13,1.7130571566368305e-16
383.99,1.005507375126941e-13,1.7146709455592947e-16
384.0,1.005379900742852e-13,1.712284944364466e-16
384.01,1.0052516016251642e-13,1.7096393836288473e-16
384.02,1.005128752333703e-13,1.7106541186595647e-16
384.03,1.0049982233013268e-13,1.7106125242554493e-16
384.04,1.0048630144731549e-13,1.696703686282441e-16
384.05,1.004763473842964e-13,1.709838121510703e-16
384.06,1.0046273804590912e-13,1.7104446404721668e-16
384.07,1.0045021040887543e-13,1.7065710549567819e-16
384.08,1.0043816632167914e-13,1.7067642607104333e-16
384.09,1.0042483573777292e-13,1.7071194125743288e-16
384.1,1.0041276925517614e-13,1.7077846903424262e-16
384.11,1.0040019658733725e-13,1.706437638501859e-16
384.12,1.0038837146713539e-13,1.7100672108584607e-16
384.13,1.0037482333443257e-13,1.7049381018713895e-16
384.14,1.0036161071154456e-13,1.702955911087735e-16
384.15,1.0035024930489616e-13,1.702956443640476e-16
384.16,1.0033770346233866e-13,1.7042796211196264e-16
384.17,1.0032538197049112e-13,1.7038109447664189e-16
384.18,1.0031201768995024e-13,1.7022910756671953e-16
384.19,1.0030042559072498e-13,1.704671898245352e-16
384.2,1.0028750498991313e-13,1.7012393568087507e-16
384.21,1.0027517369926357e-13,1.7000289522047148e-16
384.22,1.0026246523592956e-13,1.6993887432192474e-16
384.23,1.0024972572532961e-13,1.701270243056226e-16
384.24,1.0023796299218157e-13,1.7017008055517683e-16
384.25,1.0022524978734961e-13,1.6998576589790843e-16
384.26,1.0021260170577179e-13,1.6985725104223607e-16
384.27,1.0020013451216699e-13,1.6991024893080817e-16
384.28,1.001875669562871e-13,1.6996749571615087e-16
384.29,1.0017534355762215e-13,1.6989460253254162e-16
384.3,1.0016268141214576e-13,1.6994986104366222e-16
384.31,1.0014968939540759e-13,1.6944978442167087e-16
384.32,1.0013750360090273e-13,1.6940414093937263e-16
384.33,1.0012515608180568e-13,1.6974662794836735e-16
384.34,1.001129086542581e-13,1.6963648746230186e-16
384.35,1.0010035286489553e-13,1.6949002070650086e-16
384.36,1.0008797854441798e-13,1.6982795100313014e-16
384.37,1.0007534355329627e-13,1.6942272499288302e-16
384.38,1.0006296566465505e-13,1.6947357451057461e-16
384.39,1.000499265273151e-13,1.6867832174267785e-16
384.4,1.0003787558703379e-13,1.694697291816503e-16
384.41,1.0002563363259313e-13,1.6972447097679275e-16
384.42,1.0001321240628021e-13,1.6945194515934647e-16
384.43,1.0000087625581129e-13,1.689680646601152e-16
384.44,9.998828863757849e-14,1.693474202124822e-16
384.45,9.997546416879901e-14,1.6917069627487132e-16
384.46,9.996361143839894e-14,1.694564266653996e-16
384.47,9.995070010721708e-14,1.6906100019984356e-16
384.48,9.993812049167418e-14,1.6902004022954906e-16
384.49,9.992572920343371e-14,1.6914159030572944e-16
384.5,9.991351206430338e-14,1.6903724669933868e-16
384.51,9.990100107758544e-14,1.6897651379559616e-16
384.52,9.988861652719093e-14,1.689762375604386e-16
384.53,9.987613568311532e-14,1.6901767167779324e-16
384.54,9.986182103605078e-14,1.6860397029174206e-16
384.55,9.98516857348051e-14,1.6922087347727785e-16
384.56,9.9838958870153e-14,1.6887767404994224e-16
384.57,9.982626083072109e-14,1.6881179084702253e-16
384.58,9.981360386251097e-14,1.6872844241699415e-16
384.59,9.980097749756492e-14,1.6907818719453426e-16
384.6,9.978932832537696e-14,1.688432614932009e-16
384.61,9.977687858864664e-14,1.688868440892573e-16
384.62,9.976430906393406e-14,1.686956231609963e-16
384.63,9.975182343262256e-14,1.6863364993025318e-16
384.64,9.974007581144374e-14,1.6878838644777926e-16
384.65,9.972718976077762e-14,1.685717874385209e-16
384.66,9.97134603961887e-14,1.6871371857740212e-16
384.67,9.970207485136552e-14,1.6803593479406925e-16
384.68,9.969033459869886e-14,1.6881350688666366e-16
384.69,9.967707114104761e-14,1.683912538717479e-16
384.7,9.966511366467185e-14,1.6870512455977642e-16
384.71,9.965260018649508e-14,1.68415461077114e-16
384.72,9.964030302648974e-14,1.6845227288491582e-16
384.73,9.962776629881675e-14,1.6849114698261053e-16
384.74,9.961585725690462e-14,1.6871725429897662e-16
384.75,9.960330054212883e-14,1.6845091653645286e-16
384.76,9.959075594760797e-14,1.6837816411395204e-16
384.77,9.957786831578307e-14,1.682262003386004e-16
384.78,9.956581163941439e-14,1.684060146578265e-16
384.79,9.955359713019223e-14,1.6838560690469158e-16
384.8,9.954115643481678e-14,1.6835904693963144e-16
384.81,9.952870614326139e-14,1.68291498507738e-16
384.82,9.951638898050207e-14,1.6836811618516281e-16
384.83,9.950410275160034e-14,1.6845780319424587e-16
384.84,9.949230310031387e-14,1.673897328839516e-16
384.85,9.947933517772877e-14,1.6827090072128778e-16
384.86,9.946671190878687e-14,1.6739629265245133e-16
384.87,9.945452882661071e-14,1.682421369528472e-16
384.88,9.944212559454324e-14,1.6831628501458697e-16
384.89,9.942987664178252e-14,1.6789182538187957e-16
384.9,9.941720853367796e-14,1.681418485117348e-16
384.91,9.940506619379334e-14,1.6809934906614656e-16
384.92,9.939236463414145e-14,1.6822677799235337e-16
384.93,9.937517212226419e-14,1.6853126608732753e-16
384.94,9.9367818491492e-14,1.6804216525750032e-16
384.95,9.935526087913512e-14,1.6894110561265192e-16
384.96,9.934266766427053e-14,1.6835762214665744e-16
384.97,9.933076727629786e-14,1.680253225421309e-16
384.98,9.931847065547529e-14,1.6800754942688828e-16
384.99,9.930621730285271e-14,1.682391222139637e-16
385.0,9.929370733781015e-14,1.6809142061161508e-16
385.01,9.928135879354465e-14,1.6807989704284907e-16
385.02,9.926946320792197e-14,1.690347052927342e-16
385.03,9.925650684744094e-14,1.6810927403012694e-16
385.04,9.924423334385893e-14,1.684972526039054e-16
385.05,9.923210913593048e-14,1.6793716107149001e-16
385.06,9.921966519624072e-14,1.6807051114261796e-16
385.07,9.920709263758453e-14,1.6799111547400622e-16
385.08,9.919494282385889e-14,1.681930316557708e-16
385.09,9.91826231362516e-14,1.6803310546469382e-16
385.1,9.91703049875334e-14,1.6808535718213304e-16
385.11,9.915833472369436e-14,1.6766964371245178e-16
385.12,9.914566480597342e-14,1.6797273853077577e-16
385.13,9.913344156049175e-14,1.652153088794848e-16
385.14,9.912113257066755e-14,1.681056598312671e-16
385.15,9.910855235772843e-14,1.6786463200012535e-16
385.16,9.909612598849045e-14,1.6795727106378987e-16
385.17,9.908365634486946e-14,1.6807085433056175e-16
385.18,9.907143957556664e-14,1.680526226380957e-16
385.19,9.90589797380287e-14,1.679009369435013e-16
385.2,9.904801882229108e-14,1.6801957607580425e-16
385.21,9.903482674131561e-14,1.6803728882904878e-16
385.22,9.902679000243529e-14,1.7027782200608766e-16
385.23,9.900982439942247e-14,1.6775744696942113e-16
385.24,9.899769753689518e-14,1.680281060264092e-16
385.25,9.89853367860646e-14,1.681140937867266e-16
385.26,9.897314510671291e-14,1.6807274740796331e-16
385.27,9.896072753218266e-14,1.682311317787988e-16
385.28,9.894855516287713e-14,1.68104291445792e-16
385.29,9.893527333422737e-14,1.6722591473250849e-16
385.3,9.892365349810071e-14,1.6827551630827093e-16
385.31,9.89123862815406e-14,1.681832578631134e-16
385.32,9.889921841935487e-14,1.6809477377469134e-16
385.33,9.888634474898488e-14,1.6825852241618093e-16
385.34,9.887477355155639e-14,1.6801638356810857e-16
385.35,9.886236747376991e-14,1.6806943088620917e-16
385.36,9.884958978696372e-14,1.6773867668622384e-16
385.37,9.88376288517553e-14,1.6802165751456761e-16
385.38,9.882497164857493e-14,1.6785996004750795e-16
385.39,9.881335416643816e-14,1.6817179787558006e-16
385.4,9.880113951204207e-14,1.6863472923035723e-16
385.41,9.878843749265786e-14,1.6799938002660868e-16
385.42,9.877612581989659e-14,1.680203014903583e-16
385.43,9.876535693036903e-14,1.6884518598516088e-16
385.44,9.875151176473334e-14,1.6800889124383712e-16
385.45,9.873961235800682e-14,1.6822798368503431e-16
385.46,9.872681355114558e-14,1.6800183607235038e-16
385.47,9.871408801090365e-14,1.6784176478085317e-16
385.48,9.870280672903574e-14,1.683710251359927e-16
385.49,9.868931449871205e-14,1.6756092949607704e-16
385.5,9.867788300607269e-14,1.6815655341730897e-16
385.51,9.86656246115063e-14,1.6810642462137969e-16
385.52,9.86533680687492e-14,1.6807897698328425e-16
385.53,9.864141794736666e-14,1.6843761524810062e-16
385.54,9.862877578647047e-14,1.6821247070826353e-16
385.55,9.861651642332002e-14,1.6818638220249951e-16
385.56,9.860446900491257e-14,1.683723900151048e-16
385.57,9.859201705277397e-14,1.682600346377108e-16
385.58,9.857942078290589e-14,1.6813664700878363e-16
385.59,9.856735557514856e-14,1.682088932232649e-16
385.6,9.855533931715155e-14,1.6830880289383975e-16
385.61,9.854283838106982e-14,1.6816333308258354e-16
385.62,9.853068361342057e-14,1.6829721015359206e-16
385.63,9.851818261461821e-14,1.6824289501196455e-16
385.64,9.850607706324034e-14,1.683895161689868e-16
385.65,9.849301371148093e-14,1.678415429455338e-16
385.66,9.848176710290388e-14,1.6846659864264387e-16
385.67,9.846904602596891e-14,1.6796524911859976e-16
385.68,9.845717968020435e-14,1.685427989600541e-16
385.69,9.844526971828513e-14,1.6833113115573577e-16
385.7,9.843255409589098e-14,1.6811886501191327e-16
385.71,9.842029649863991e-14,1.6843355193145642e-16
385.72,9.840818809998641e-14,1.6833262277155754e-16
385.73,9.839578318633167e-14,1.683574962276252e-16
385.74,9.838363120478518e-14,1.6896156968442206e-16
385.75,9.837175994291214e-14,1.6824160251514318e-16
385.76,9.835940127533674e-14,1.6879790438231132e-16
385.77,9.834685912454476e-14,1.6841514189526315e-16
385.78,9.833468731444338e-14,1.6859097335817256e-16
385.79,9.832271420410203e-14,1.686976626845432e-16
385.8,9.831012133362256e-14,1.684139240688074e-16
385.81,9.829796987306292e-14,1.685622546993012e-16
385.82,9.828599082077237e-14,1.686181759173718e-16
385.83,9.827495610219004e-14,1.6808587475522372e-16
385.84,9.826126081310586e-14,1.6854961583919612e-16
385.85,9.82493396303863e-14,1.6857715700084206e-16
385.86,9.823654371053627e-14,1.6850442736206503e-16
385.87,9.822468674501581e-14,1.6871280795608074e-16
385.88,9.821221777651786e-14,1.6851485838925005e-16
385.89,9.820016552860463e-14,1.6857306275871873e-16
385.9,9.818797934376871e-14,1.6852964275434933e-16
385.91,9.817565909155744e-14,1.6877230904003815e-16
385.92,9.816207206157698e-14,1.683706578767893e-16
385.93,9.814964280158329e-14,1.688837718492593e-16
385.94,9.813911602036381e-14,1.6890557441500356e-16
385.95,9.812707633532607e-14,1.6868654670105128e-16
385.96,9.811463847315174e-14,1.6880552105542684e-16
385.97,9.810237135868293e-14,1.6866338214801627e-16
385.98,9.80902009161999e-14,1.688928791996646e-16
385.99,9.807795549058199e-14,1.6888812672550244e-16
386.0,9.806560376780558e-14,1.6890679867663722e-16
386.01,9.805347917739113e-14,1.6788560347187307e-16
386.02,9.804177430403438e-14,1.6958810953004088e-16
386.03,9.802897646272255e-14,1.6860622247237343e-16
386.04,9.801671497462892e-14,1.6876497412360795e-16
386.05,9.800459974838957e-14,1.6903554340643416e-16
386.06,9.799232814646066e-14,1.6878543381064705e-16
386.07,9.798026019943062e-14,1.6882860327475647e-16
386.08,9.796793725375853e-14,1.6852944490787675e-16
386.09,9.795569589640521e-14,1.6891083467040136e-16
386.1,9.794367324783503e-14,1.6882383559055673e-16
386.11,9.793124267732382e-14,1.6812002318622707e-16
386.12,9.791931762918535e-14,1.6926894984296896e-16
386.13,9.790704590985575e-14,1.689019017717578e-16
386.14,9.789488884845664e-14,1.6908839847305055e-16
386.15,9.788251140374938e-14,1.6907321317507743e-16
386.16,9.787037543550811e-14,1.6899232966478276e-16
386.17,9.785847914204204e-14,1.6925514039172804e-16
386.18,9.784607921027553e-14,1.691622848876247e-16
386.19,9.78349363614116e-14,1.6920495881367433e-16
386.2,9.782203264797153e-14,1.691449529770869e-16
386.21,9.780955703678279e-14,1.6911369408250512e-16
386.22,9.77973290292845e-14,1.682699968174017e-16
386.23,9.778519632587056e-14,1.6931799966633908e-16
386.24,9.777296163179947e-14,1.6924970522379392e-16
386.25,9.776082783037647e-14,1.6990960680442114e-16
386.26,9.774879063796263e-14,1.6927386345579838e-16
386.27,9.773636378508885e-14,1.6939927564494665e-16
386.28,9.772438391893673e-14,1.6894799742045672e-16
386.29,9.771215870699789e-14,1.6916812880843575e-16
386.3,9.77000744527416e-14,1.6950160013220596e-16
386.31,9.768732381477025e-14,1.6909677408194004e-16
386.32,9.767574997445395e-14,1.6962298068480632e-16
386.33,9.766342708641062e-14,1.6946734801428108e-16
386.34,9.765136233829652e-14,1.6971821574804389e-16
386.35,9.763923500604751e-14,1.6958093473225466e-16
386.36,9.762671149734691e-14,1.6954720420616483e-16
386.37,9.761506218581482e-14,1.6961649986292378e-16
386.38,9.760236692662814e-14,1.692147092580933e-16
386.39,9.759090223148412e-14,1.6970197889083513e-16
386.4,9.757844979162098e-14,1.6948209215783968e-16
386.41,9.756610466594499e-14,1.695139280198836e-16
386.42,9.755390227114407e-14,1.6958248973802186e-16
386.43,9.754167736824117e-14,1.6950874823679347e-16
386.44,9.752972514389421e-14,1.6959885352981003e-16
386.45,9.751736489518781e-14,1.6964138148641854e-16
386.46,9.750529979951426e-14,1.6953070504314607e-16
386.47,9.749358417886461e-14,1.697554672987102e-16
386.48,9.748107397606724e-14,1.6967122381601235e-16
386.49,9.74690524870198e-14,1.697004633754252e-16
386.5,9.745667473847001e-14,1.695764641714412e-16
386.51,9.744462476278537e-14,1.6972809160477468e-16
386.52,9.743227566733399e-14,1.6988162186628993e-16
386.53,9.742024130381759e-14,1.6983240846148897e-16
386.54,9.740759917766191e-14,1.6967454701465367e-16
386.55,9.739633946979883e-14,1.702100901585236e-16
386.56,9.738407083179877e-14,1.6984210696950234e-16
386.57,9.737163911588862e-14,1.6971842184409313e-16
386.58,9.735958487404804e-14,1.698522295458818e-16
386.59,9.734794238159883e-14,1.700579744964635e-16
386.6,9.733561445790862e-14,1.699307834648871e-16
386.61,9.732319213578428e-14,1.7019632630988069e-16
386.62,9.731132221798853e-14,1.700702665190267e-16
386.63,9.729863136749598e-14,1.6992900040874117e-16
386.64,9.728712226499163e-14,1.7004187940906462e-16
386.65,9.727482915359828e-14,1.6988425304837275e-16
386.66,9.726290118531928e-14,1.6991685484956943e-16
386.67,9.725046206293432e-14,1.700389282453579e-16
386.68,9.723843435277528e-14,1.6991272674419982e-16
386.69,9.722609379747934e-14,1.7004742274554555e-16
386.7,9.721368714530436e-14,1.697063003348537e-16
386.71,9.720193540494866e-14,1.7014749789831229e-16
386.72,9.718993680907369e-14,1.6976238914256752e-16
386.73,9.717752551348602e-14,1.7027586665223543e-16
386.74,9.716589786094374e-14,1.6994952083126912e-16
386.75,9.715381736348216e-14,1.702751457961902e-16
386.76,9.714146777754532e-14,1.700918381222968e-16
386.77,9.712948363409303e-14,1.7031284105751686e-16
386.78,9.71170221702579e-14,1.7031484849456431e-16
386.79,9.710504599269797e-14,1.7020168250802725e-16
386.8,9.709293611437562e-14,1.7015562288150103e-16
386.81,9.708116262766045e-14,1.702134433243645e-16
386.82,9.706870585041668e-14,1.703932954651539e-16
386.83,9.70568521573433e-14,1.7021706072982055e-16
386.84,9.704473652985273e-14,1.704560623742068e-16
386.85,9.703240573274295e-14,1.70226602734954e-16
386.86,9.702049528837424e-14,1.7040841923945036e-16
386.87,9.700856873340517e-14,1.7039678840565066e-16
386.88,9.699588519298929e-14,1.702785602334666e-16
386.89,9.69841452739115e-14,1.702367846209224e-16
386.9,9.697218828874582e-14,1.703517249354814e-16
386.91,9.696035410133682e-14,1.7058933185322566e-16
386.92,9.69478038179747e-14,1.7044256346792614e-16
386.93,9.693568153142976e-14,1.7040487030062252e-16
386.94,9.692357277038135e-14,1.7029443462642401e-16
386.95,9.691139179544896e-14,1.7050073613491809e-16
386.96,9.689958701598509e-14,1.702431534556216e-16
386.97,9.68873358039174e-14,1.705650997400966e-16
386.98,9.687525032296022e-14,1.7053551373756496e-16
386.99,9.686363736632466e-14,1.7038341657376163e-16
387.0,9.68512476456752e-14,1.7038142537375257e-16
387.01,9.68394573368073e-14,1.7071648735170865e-16
387.02,9.682711179467851e-14,1.7052355693220334e-16
387.03,9.68150254880574e-14,1.70521013082572e-16
387.04,9.680281392551958e-14,1.7047997650112925e-16
387.05,9.679059108586105e-14,1.7035613238452566e-16
387.06,9.677866451405388e-14,1.7035712536153793e-16
387.07,9.676662684819442e-14,1.7051119113896974e-16
387.08,9.675414917075738e-14,1.7005576411743472e-16
387.09,9.674361594404209e-14,1.70658346822428e-16
387.1,9.67308652014766e-14,1.7065137078199993e-16
387.11,9.671797809361872e-14,1.7036195104119746e-16
387.12,9.670641052618206e-14,1.7051453584933358e-16
387.13,9.669434146971054e-14,1.705583126978208e-16
387.14,9.668227255318677e-14,1.7046263636023565e-16
387.15,9.667069209763494e-14,1.7088574155261353e-16
387.16,9.665834259942217e-14,1.7061972567800396e-16
387.17,9.664641536215269e-14,1.705528322166551e-16
387.18,9.66337334041644e-14,1.7051237724978372e-16
387.19,9.662202673854581e-14,1.7046240749428593e-16
387.2,9.660995938754898e-14,1.7059022849214458e-16
387.21,9.659798872666957e-14,1.7056924403155606e-16
387.22,9.658610409762914e-14,1.7065465050023928e-16
387.23,9.657395350625936e-14,1.7059991710627426e-16
387.24,9.65616672805439e-14,1.706186818853216e-16
387.25,9.654972932447876e-14,1.7047435158319036e-16
387.26,9.653789265735042e-14,1.7064002666848114e-16
387.27,9.652553900535203e-14,1.7085586905479067e-16
387.28,9.651401343709322e-14,1.7045046243420028e-16
387.29,9.650174490562411e-14,1.7042973182605115e-16
387.3,9.648873368718607e-14,1.7012704958753456e-16
387.31,9.647763006887174e-14,1.7057499161190406e-16
387.32,9.646542432066045e-14,1.7056443373873992e-16
387.33,9.64536799871015e-14,1.7067375646128112e-16
387.34,9.644179817063163e-14,1.7066815255492691e-16
387.35,9.642974260702142e-14,1.7049943689920244e-16
387.36,9.641773060141833e-14,1.7110499229515972e-16
387.37,9.640559174613285e-14,1.7068380461756134e-16
387.38,9.63935106215215e-14,1.7069706052317088e-16
387.39,9.638158336436416e-14,1.7068522184014045e-16
387.4,9.636932827812936e-14,1.703366167724914e-16
387.41,9.635737197794688e-14,1.7044912710377284e-16
387.42,9.634496058243558e-14,1.7071854267732273e-16
387.43,9.633369308380785e-14,1.7038395348964309e-16
387.44,9.632143510784521e-14,1.7058753940056933e-16
387.45,9.63111988886702e-14,1.7076175141206575e-16
387.46,9.629730885651587e-14,1.704676977611177e-16
387.47,9.628514233863503e-14,1.7059910523381893e-16
387.48,9.62731607431895e-14,1.7051203007719294e-16
387.49,9.626126901369823e-14,1.7044284945834007e-16
387.5,9.624907382090432e-14,1.704472110372737e-16
387.51,9.623800393797826e-14,1.7054868346423935e-16
387.52,9.622537683215286e-14,1.7065625722374158e-16
387.53,9.621343363504249e-14,1.704640804463684e-16
387.54,9.62016499330693e-14,1.7046443789015145e-16
387.55,9.61893567796287e-14,1.7046791863815759e-16
387.56,9.617721972499578e-14,1.7045328656827632e-16
387.57,9.616574773318637e-14,1.7071757730084014e-16
387.58,9.61532337560255e-14,1.7062598153353797e-16
387.59,9.614075733294058e-14,1.7044620076146678e-16
387.6,9.613082096019784e-14,1.7163391411631047e-16
387.61,9.611752726286597e-14,1.704222887167189e-16
387.62,9.610612527853937e-14,1.7046207369350542e-16
387.63,9.609419470148161e-14,1.703973961358727e-16
387.64,9.608154659365151e-14,1.704183398920287e-16
387.65,9.606897291609404e-14,1.7018787009835015e-16
387.66,9.605770345508176e-14,1.703225975062237e-16
387.67,9.604555720988386e-14,1.7032001693851831e-16
387.68,9.603338449573428e-14,1.70342363699461e-16
387.69,9.602127482439227e-14,1.7059582094337912e-16
387.7,9.600939113459036e-14,1.7045779624345496e-16
387.71,9.599781021789619e-14,1.7012724576047381e-16
387.72,9.598520188948438e-14,1.702317776770146e-16
387.73,9.597371070317031e-14,1.7030868347429024e-16
387.74,9.596272112991206e-14,1.7023239530559638e-16
387.75,9.594951902411856e-14,1.7021765541748862e-16
387.76,9.593789606699626e-14,1.7029960652987365e-16
387.77,9.592578271729333e-14,1.702181316431688e-16
387.78,9.591471142037693e-14,1.7017636800497136e-16
387.79,9.590201089485024e-14,1.703199039793639e-16
387.8,9.589147466908006e-14,1.7159573230834772e-16
387.81,9.587811463012497e-14,1.7023754547536177e-16
387.82,9.586597105844124e-14,1.700183320699073e-16
387.83,9.585429278717685e-14,1.7015501757166214e-16
387.84,9.584198747860834e-14,1.6990693081161436e-16
387.85,9.583018738864956e-14,1.6998969832889689e-16
387.86,9.581841324081585e-14,1.699556700897609e-16
387.87,9.580650659221066e-14,1.7015543447735302e-16
387.88,9.579428933375086e-14,1.6988766284999346e-16
387.89,9.578119424633002e-14,1.6979891796683875e-16
387.9,9.577190970017909e-14,1.7005729172120024e-16
387.91,9.575862865077125e-14,1.699874945394714e-16
387.92,9.574672384737906e-14,1.7016823173056705e-16
387.93,9.573478647479326e-14,1.699559132557843e-16
387.94,9.572294993153743e-14,1.6992846408818052e-16
387.95,9.571105309983499e-14,1.7004173102542792e-16
387.96,9.569904444063385e-14,1.6978880628843662e-16
387.97,9.568769818485508e-14,1.6999344511920004e-16
387.98,9.567511333473906e-14,1.6976430162976963e-16
387.99,9.566428839915352e-14,1.7001000948537806e-16
388.0,9.565134524912369e-14,1.6975833700418325e-16
388.01,9.563907580555793e-14,1.697500096657767e-16
388.02,9.562745518979302e-14,1.6968803097814597e-16
388.03,9.56155576734813e-14,1.6961161693873536e-16
388.04,9.560386741734514e-14,1.6958926443522477e-16
388.05,9.559186305243951e-14,1.6961543247515943e-16
388.06,9.558005808893637e-14,1.6963356906006356e-16
388.07,9.556734692018383e-14,1.6916853150765609e-16
388.08,9.555513844289979e-14,1.6958443879190057e-16
388.09,9.554399511656993e-14,1.6917504990188873e-16
388.1,9.553231370951536e-14,1.6967651437418537e-16
388.11,9.552046819284261e-14,1.695554709208533e-16
388.12,9.550847650052204e-14,1.694288607750345e-16
388.13,9.549705298608278e-14,1.7019449596930947e-16
388.14,9.54846568569578e-14,1.6930748631045134e-16
388.15,9.547309736307391e-14,1.6943723207607653e-16
388.16,9.546107985729742e-14,1.69427198747391e-16
388.17,9.544934482335372e-14,1.6987934366426924e-16
388.18,9.543717125529154e-14,1.6928726277249682e-16
388.19,9.542452744852595e-14,1.6902701679196892e-16
388.2,9.541380276737092e-14,1.6937303066052628e-16
388.21,9.540143105231131e-14,1.691873578170942e-16
388.22,9.538955818040284e-14,1.6907858814412764e-16
388.23,9.537758678375731e-14,1.6904456711835207e-16
388.24,9.5364699245055e-14,1.6880932354640067e-16
388.25,9.535406320603059e-14,1.6910220009165003e-16
388.26,9.534122891528008e-14,1.6878256885760313e-16
388.27,9.533019031353071e-14,1.6894417601797715e-16
388.28,9.531904851408148e-14,1.6908011729872878e-16
388.29,9.530645915898603e-14,1.6893191830416344e-16
388.3,9.529467499093365e-14,1.6888655832383303e-16
388.31,9.52826536524374e-14,1.6883094600509917e-16
388.32,9.52709076829931e-14,1.6877833387398717e-16
388.33,9.52590586974912e-14,1.6920583595735193e-16
388.34,9.524482169097017e-14,1.679561730643997e-16
388.35,9.523600761329019e-14,1.6881707320222293e-16
388.36,9.522334194740558e-14,1.6843734350878657e-16
388.37,9.521184913527016e-14,1.6885550313414363e-16
388.38,9.519993071922646e-14,1.6864123987844242e-16
388.39,9.518777470113245e-14,1.6831562651253428e-16
388.4,9.517580405214347e-14,1.684895165438299e-16
388.41,9.516420784690886e-14,1.6844890643494344e-16
388.42,9.515222896509083e-14,1.6831308055453002e-16
388.43,9.514052818411575e-14,1.683293702132157e-16
388.44,9.512885551105731e-14,1.6847057814333668e-16
388.45,9.511690801630284e-14,1.6831074171536296e-16
388.46,9.510505290128534e-14,1.6833746078707446e-16
388.47,9.509317387066306e-14,1.683356727841842e-16
388.48,9.508122635643239e-14,1.6816809053903551e-16
388.49,9.506942422557815e-14,1.6803800506892246e-16
388.5,9.505767033595924e-14,1.6811841965497115e-16
388.51,9.504720184780299e-14,1.687738029265571e-16
388.52,9.503382143135913e-14,1.6802525329916334e-16
388.53,9.502295180758065e-14,1.68171061003405e-16
388.54,9.501043769082881e-14,1.6796220929435758e-16
388.55,9.499893645966045e-14,1.6785378257249665e-16
388.56,9.498688822977076e-14,1.6801939378600344e-16
388.57,9.497505712394317e-14,1.6782099866054298e-16
388.58,9.496344919907319e-14,1.6778911028704679e-16
388.59,9.495129295744556e-14,1.6774971255036141e-16
388.6,9.493906562835104e-14,1.6659968266720237e-16
388.61,9.492795399322431e-14,1.6770493805576717e-16
388.62,9.491635871351935e-14,1.678961645555829e-16
388.63,9.490454000226575e-14,1.6764416539507642e-16
388.64,9.489229912085578e-14,1.6758582267974804e-16
388.65,9.488065621977613e-14,1.6755720343154668e-16
388.66,9.48687558955311e-14,1.6737953398868664e-16
388.67,9.485693386072135e-14,1.6760207692948618e-16
388.68,9.48450800431972e-14,1.6735807798020165e-16
388.69,9.48334528664209e-14,1.6715710319778972e-16
388.7,9.482082237385095e-14,1.6684763684462742e-16
388.71,9.481066109565247e-14,1.682816287213833e-16
388.72,9.479817103280011e-14,1.6723356240272071e-16
388.73,9.478620460234383e-14,1.6712920414698916e-16
388.74,9.477446725634657e-14,1.6712757741994534e-16
388.75,9.47626946530386e-14,1.6698706008693382e-16
388.76,9.475084403013542e-14,1.6699634305328073e-16
388.77,9.473919251230434e-14,1.6702203767431073e-16
388.78,9.473310905371197e-14,1.6944325112230174e-16
388.79,9.471552261722369e-14,1.669660317146584e-16
388.8,9.47029491646261e-14,1.668116130327315e-16
388.81,9.469220008024927e-14,1.6678230607305448e-16
388.82,9.468030142652289e-14,1.6659596600997773e-16
388.83,9.466840041943905e-14,1.6656108455031767e-16
388.84,9.465750724904962e-14,1.6674256459022983e-16
388.85,9.464482978898853e-14,1.6641572738818043e-16
388.86,9.463280438844904e-14,1.6633585472439496e-16
388.87,9.462094077353221e-14,1.6382970109765257e-16
388.88,9.460974997368684e-14,1.6637802034010805e-16
388.89,9.459958614026186e-14,1.6620523761387462e-16
388.9,9.458631795556721e-14,1.667468464121096e-16
388.91,9.457464265969742e-14,1.662409212053468e-16
388.92,9.456272726330333e-14,1.6605745153864166e-16
388.93,9.45512479093247e-14,1.6618743215146573e-16
388.94,9.453951825598542e-14,1.6617433872234962e-16
388.95,9.452758031550373e-14,1.6588099296322454e-16
388.96,9.451475679044585e-14,1.6552151012622822e-16
388.97,9.450413717215863e-14,1.6587844148961675e-16
388.98,9.449213975525764e-14,1.6666114678638777e-16
388.99,9.448125649797136e-14,1.660708228089123e-16
389.0,9.446905849989255e-14,1.6571236433978976e-16
389.01,9.445717535075615e-14,1.6575532678695904e-16
389.02,9.444557294955279e-14,1.6561880007062983e-16
389.03,9.443385440296568e-14,1.655372948334925e-16
389.04,9.44222009176279e-14,1.6548100908782196e-16
389.05,9.441095076274891e-14,1.651149987073211e-16
389.06,9.439919431534737e-14,1.658140570268839e-16
389.07,9.438157396202096e-14,1.6404697331280744e-16
389.08,9.43753990074339e-14,1.6547154572769578e-16
389.09,9.436342979682067e-14,1.653920368478201e-16
389.1,9.435175073424102e-14,1.6526324538310449e-16
389.11,9.434032797019795e-14,1.6518593066983774e-16
389.12,9.432839232035851e-14,1.6509377316367366e-16
389.13,9.431673018502285e-14,1.64896704852473e-16
389.14,9.430497848229031e-14,1.6505717293158418e-16
389.15,9.429337139179388e-14,1.6486767126470026e-16
389.16,9.428315787511965e-14,1.6345693101092097e-16
389.17,9.426976202411672e-14,1.6480486120384357e-16
389.18,9.425849162224261e-14,1.6479808412575248e-16
389.19,9.424639817792453e-14,1.6465957343923084e-16
389.2,9.423499508363928e-14,1.6457395287084374e-16
389.21,9.422271732763423e-14,1.6471590709071415e-16
389.22,9.421136753157558e-14,1.6449957626108866e-16
389.23,9.419982545391336e-14,1.6477663177726588e-16
389.24,9.418823932827396e-14,1.6423719738209608e-16
389.25,9.41764766058255e-14,1.6388854993832432e-16
389.26,9.416441726896546e-14,1.6419777946203538e-16
389.27,9.41532496990509e-14,1.6447348337019865e-16
389.28,9.414175554914135e-14,1.6431835945748793e-16
389.29,9.412978386129306e-14,1.6418952850768103e-16
389.3,9.411813431050334e-14,1.6418013625034038e-16
389.31,9.410646736015769e-14,1.6410394901708547e-16
389.32,9.409455288184451e-14,1.639394792253132e-16
389.33,9.408297036184108e-14,1.639254025019021e-16
389.34,9.407265956183994e-14,1.6422140662841594e-16
389.35,9.40598250235612e-14,1.6385185878132135e-16
389.36,9.404822398916872e-14,1.638969785510366e-16
389.37,9.403647285755991e-14,1.6410275799085981e-16
389.38,9.40251347397213e-14,1.6356100136060114e-16
389.39,9.401295067081399e-14,1.6344620818361265e-16
389.4,9.400196490376631e-14,1.6362579469166782e-16
389.41,9.399065369633035e-14,1.6362885037300683e-16
389.42,9.397974514158576e-14,1.6452559506561187e-16
389.43,9.396574284372073e-14,1.6354672711115324e-16
389.44,9.395505064842533e-14,1.6333134127966158e-16
389.45,9.394329230781728e-14,1.631832349830703e-16
389.46,9.393184767659171e-14,1.6323816979806554e-16
389.47,9.391988391164726e-14,1.6283592768679523e-16
389.48,9.390871822838289e-14,1.6295948207662958e-16
389.49,9.389728166666121e-14,1.6314626082081454e-16
389.5,9.388520342777917e-14,1.6289342958446667e-16
389.51,9.387377003128627e-14,1.6267510077933921e-16
389.52,9.386181105180779e-14,1.6292073179262217e-16
389.53,9.38506219204948e-14,1.6291443076932973e-16
389.54,9.383902913426046e-14,1.6271877230449686e-16
389.55,9.38274734769352e-14,1.6274817463240252e-16
389.56,9.381556760406834e-14,1.6248026689788954e-16
389.57,9.380450109689725e-14,1.6275037941894422e-16
389.58,9.379277920824664e-14,1.6261029221493285e-16
389.59,9.378109837449847e-14,1.6237387559446887e-16
389.6,9.376937841424813e-14,1.6243375248657812e-16
389.61,9.375784546699252e-14,1.6259976996570054e-16
389.62,9.374596379645208e-14,1.6209991193425388e-16
389.63,9.373412654379204e-14,1.6217143901559198e-16
389.64,9.372274534902762e-14,1.621128168533755e-16
389.65,9.371145967918451e-14,1.6218967538426188e-16
389.66,9.369970345893638e-14,1.6202013245251912e-16
389.67,9.368836417089751e-14,1.619950580255322e-16
389.68,9.367739408064204e-14,1.6205079415755845e-16
389.69,9.366483546631379e-14,1.6197522906584333e-16
389.7,9.365378541087336e-14,1.6169185828080307e-16
389.71,9.364157634968063e-14,1.6170237983005294e-16
389.72,9.363003663760196e-14,1.615643706083372e-16
389.73,9.361872397411472e-14,1.6165762015528607e-16
389.74,9.360719336414579e-14,1.6158124885680003e-16
389.75,9.35956002227542e-14,1.6157137735873358e-16
389.76,9.358401118318727e-14,1.6155729494001684e-16
389.77,9.357241790274975e-14,1.6184384196411846e-16
389.78,9.356144772268386e-14,1.6105293469017258e-16
389.79,9.354904124533908e-14,1.6129593055160218e-16
389.8,9.3537807962421e-14,1.6133035481386125e-16
389.81,9.352606770299971e-14,1.6115041998259528e-16
389.82,9.351461183833518e-14,1.611409261815932e-16
389.83,9.350294115179956e-14,1.6098330627898637e-16
389.84,9.349178764462588e-14,1.6101054440656122e-16
389.85,9.348002339689263e-14,1.611056798486206e-16
389.86,9.346873022697175e-14,1.600205522245633e-16
389.87,9.345659173569624e-14,1.6180840932931477e-16
389.88,9.344574241564722e-14,1.6076530638147657e-16
389.89,9.343359093882361e-14,1.6068527815071018e-16
389.9,9.342245205426557e-14,1.6073675733899836e-16
389.91,9.341081756594944e-14,1.6069534680724696e-16
389.92,9.339904353430598e-14,1.606528724729524e-16
389.93,9.338733793677886e-14,1.6042883963831158e-16
389.94,9.337624502338179e-14,1.6045428953932297e-16
389.95,9.336519205713421e-14,1.6074720488824379e-16
389.96,9.335422314308054e-14,1.6057033580255539e-16
389.97,9.334155199907761e-14,1.6063247709780285e-16
389.98,9.333014856860259e-14,1.6032323632671563e-16
389.99,9.331862831454488e-14,1.6029762067771126e-16
390.0,9.330701074889357e-14,1.6017156521682193e-16
390.01,9.329535543857029e-14,1.5989907804414571e-16
390.02,9.328400109555619e-14,1.6009930911372299e-16
390.03,9.32726238987158e-14,1.5996586192329127e-16
390.04,9.326061124980793e-14,1.5969441316711113e-16
390.05,9.324749943916486e-14,1.5926357225800067e-16
390.06,9.32381019709221e-14,1.598982339840838e-16
390.07,9.322685377337196e-14,1.6001852550133454e-16
390.08,9.321480309080709e-14,1.5972058313124046e-16
390.09,9.320345609999556e-14,1.5954854023890952e-16
390.1,9.319136771278417e-14,1.5941012855507487e-16
390.11,9.318045618092579e-14,1.5971286159188378e-16
390.12,9.316890927794939e-14,1.5956298246123343e-16
390.13,9.315816856500008e-14,1.5970645049783536e-16
390.14,9.314574525915429e-14,1.5881068946696014e-16
390.15,9.31345470460606e-14,1.593022628518193e-16
390.16,9.312272011014032e-14,1.5867348678969728e-16
390.17,9.311143048846208e-14,1.593680435788648e-16
390.18,9.310016976636858e-14,1.592507326129976e-16
390.19,9.308781466199556e-14,1.589750721604861e-16
390.2,9.307700214634509e-14,1.590615075502859e-16
390.21,9.306561693412234e-14,1.590562680938582e-16
390.22,9.305376664894594e-14,1.5926754333863023e-16
390.23,9.304311910281484e-14,1.5884487714358356e-16
390.24,9.303127316569342e-14,1.5877229611119482e-16
390.25,9.302000714742374e-14,1.5854060073964705e-16
390.26,9.300821309256676e-14,1.5876616907349188e-16
390.27,9.299686344313592e-14,1.5871978494474807e-16
390.28,9.298552930695605e-14,1.5856167730854982e-16
390.29,9.297398784525905e-14,1.5860589538978328e-16
390.3,9.29625843783186e-14,1.5854304865456033e-16
390.31,9.295101506706803e-14,1.575664737567053e-16
390.32,9.293956160597108e-14,1.5833590036782922e-16
390.33,9.292837642206252e-14,1.5832958265857229e-16
390.34,9.291668623667035e-14,1.5854957521674667e-16
390.35,9.29049569781912e-14,1.583535665971898e-16
390.36,9.289398527345467e-14,1.5797273904944145e-16
390.37,9.288225461999188e-14,1.580747408145212e-16
390.38,9.287097138273483e-14,1.58180218454455e-16
390.39,9.28593304616292e-14,1.5811779933411437e-16
390.4,9.284794969573996e-14,1.57988369322967e-16
390.41,9.28362255391966e-14,1.578400465743517e-16
390.42,9.282533428239927e-14,1.580280756715974e-16
390.43,9.28136160277285e-14,1.578327097289874e-16
390.44,9.280248157966745e-14,1.5782609143684857e-16
390.45,9.279113075779258e-14,1.5788362648040608e-16
390.46,9.27794634260368e-14,1.5777621359337503e-16
390.47,9.276807531424964e-14,1.575667395350443e-16
390.48,9.27567929371304e-14,1.578153478732355e-16
390.49,9.274533304272723e-14,1.5764327604044232e-16
390.5,9.273374204423237e-14,1.5749582504391533e-16
390.51,9.272220798326758e-14,1.5768192052823377e-16
390.52,9.271084128055775e-14,1.57542514036137e-16
390.53,9.269965187099898e-14,1.5740824645431766e-16
390.54,9.268821492502068e-14,1.5733253124303049e-16
390.55,9.267698587433103e-14,1.574428602231609e-16
390.56,9.26652856338157e-14,1.5722014384061753e-16
390.57,9.265454513795646e-14,1.5761061761939548e-16
390.58,9.264288853389731e-14,1.5753004500977905e-16
390.59,9.263043173955437e-14,1.5699789908825187e-16
390.6,9.261983222756977e-14,1.5710009131977503e-16
390.61,9.260831461050206e-14,1.5696163008147619e-16
390.62,9.259704806012108e-14,1.5730452664759695e-16
390.63,9.258566695618984e-14,1.5701143401591532e-16
390.64,9.257412475839873e-14,1.5692884622507873e-16
390.65,9.256293123337525e-14,1.5689717676466948e-16
390.66,9.255121454035311e-14,1.5706596004972895e-16
390.67,9.254029724419187e-14,1.5673693581925891e-16
390.68,9.252866891422466e-14,1.5670632002856456e-16
390.69,9.25173396628379e-14,1.5669854763799229e-16
390.7,9.250567886305939e-14,1.5668173270825232e-16
390.71,9.249445338239592e-14,1.5645267809921267e-16
390.72,9.248340454724064e-14,1.5638484099519717e-16
390.73,9.24717792573381e-14,1.5654008150823484e-16
390.74,9.246040588277641e-14,1.565307506966341e-16
390.75,9.244889740352537e-14,1.5643743477444707e-16
390.76,9.243739721892732e-14,1.5661013417012222e-16
390.77,9.242643044688705e-14,1.5632736800612867e-16
390.78,9.241522439633788e-14,1.562834573559408e-16
390.79,9.240385901251425e-14,1.5633758346979477e-16
390.8,9.239236085146637e-14,1.5605073340385467e-16
390.81,9.238080584049018e-14,1.562437204310984e-16
390.82,9.236951961475172e-14,1.5612240046469584e-16
390.83,9.235815757137851e-14,1.561039554267481e-16
390.84,9.234674027262012e-14,1.5598206192433765e-16
390.85,9.233548049315543e-14,1.5605648363997575e-16
390.86,9.232414406558748e-14,1.5600316510270978e-16
390.87,9.231266132722596e-14,1.5584694907246234e-16
390.88,9.230138256205457e-14,1.5588595804269786e-16
390.89,9.229007776282863e-14,1.5579092601649285e-16
390.9,9.227869568924284e-14,1.5611467752392616e-16
390.91,9.226732900395856e-14,1.5566506371942143e-16
390.92,9.225615992544305e-14,1.556841650276931e-16
390.93,9.224494029799621e-14,1.555135978254975e-16
390.94,9.223328162178912e-14,1.5571166437812598e-16
390.95,9.22220737452057e-14,1.555169089677741e-16
390.96,9.221064029605696e-14,1.555917580411823e-16
390.97,9.219941302031139e-14,1.5548510768857477e-16
390.98,9.218802045038414e-14,1.555692760893694e-16
390.99,9.217711142690176e-14,1.556529589320869e-16
391.0,9.216569116898356e-14,1.5544132804674034e-16
391.01,9.215439125007181e-14,1.5536689626699526e-16
391.02,9.21430900957951e-14,1.553443225719332e-16
391.03,9.213166942747208e-14,1.5534801835396248e-16
391.04,9.211997246683264e-14,1.5516687841691072e-16
391.05,9.210887455569618e-14,1.5533622359157116e-16
391.06,9.209739824769072e-14,1.5528862602452554e-16
391.07,9.208617270946752e-14,1.5487858324757927e-16
391.08,9.20750979107764e-14,1.5524584706201145e-16
391.09,9.206364371944897e-14,1.550626998869669e-16
391.1,9.205225947754727e-14,1.5505864949570826e-16
391.11,9.204160693194024e-14,1.550387117368696e-16
391.12,9.202957269181066e-14,1.5474982195293574e-16
391.13,9.201852104116414e-14,1.5519611058813211e-16
391.14,9.20070564369483e-14,1.5498633847288574e-16
391.15,9.199557964134117e-14,1.551082592101025e-16
391.16,9.198464509825974e-14,1.5498611083443948e-16
391.17,9.197350138006427e-14,1.5515639613513487e-16
391.18,9.196191200461243e-14,1.5472267364968136e-16
391.19,9.195084958365518e-14,1.5491365617935622e-16
391.2,9.193932843968536e-14,1.5479956186077063e-16
391.21,9.192845611069412e-14,1.5506517579248844e-16
391.22,9.191636395001069e-14,1.546756260300125e-16
391.23,9.190558977856693e-14,1.5477086911467747e-16
391.24,9.189388315810875e-14,1.5474947863650167e-16
391.25,9.188308270858457e-14,1.5471656366814235e-16
391.26,9.187197089331209e-14,1.5460775068710357e-16
391.27,9.186058194096243e-14,1.5465007781760767e-16
391.28,9.184873647823237e-14,1.5467028936910361e-16
391.29,9.18379416190502e-14,1.546209022913816e-16
391.3,9.182683628928593e-14,1.5463026286362328e-16
391.31,9.181537832109252e-14,1.5450442939550662e-16
391.32,9.180407947558607e-14,1.5440944058877347e-16
391.33,9.17930502162789e-14,1.545972040864607e-16
391.34,9.178167305946437e-14,1.5445530745077585e-16
391.35,9.177065858548802e-14,1.5448046791556927e-16
391.36,9.175937894056411e-14,1.5451744606128725e-16
391.37,9.174805617387378e-14,1.5443781713422738e-16
391.38,9.173729143018674e-14,1.544877651198372e-16
391.39,9.172563665125684e-14,1.5437402237081688e-16
391.4,9.17139180217289e-14,1.5421218530485396e-16
391.41,9.170299979904396e-14,1.5424316362404481e-16
391.42,9.169188268588724e-14,1.5449828039518023e-16
391.43,9.168069627618994e-14,1.5438815130762493e-16
391.44,9.166923300905647e-14,1.542087915248924e-16
391.45,9.165775981645475e-14,1.5429613635419257e-16
391.46,9.164685492919107e-14,1.5409376146118503e-16
391.47,9.163523543088243e-14,1.540525898530395e-16
391.48,9.16240769424088e-14,1.541470426176515e-16
391.49,9.161276908212621e-14,1.5411653639902333e-16
391.5,9.16019304327236e-14,1.5409708339309114e-16
391.51,9.159241282039785e-14,1.5418606415913434e-16
391.52,9.157935735873787e-14,1.5405893282064302e-16
391.53,9.156833343945092e-14,1.54115189837676e-16
391.54,9.155793265787152e-14,1.547470000753387e-16
391.55,9.154581566403071e-14,1.5407586868278095e-16
391.56,9.153462052579646e-14,1.542713711593533e-16
391.57,9.152299919970896e-14,1.5357617121613972e-16
391.58,9.151194365067274e-14,1.5388587605451378e-16
391.59,9.150078641670208e-14,1.5396901594546606e-16
391.6,9.148921239825172e-14,1.5366125089137078e-16
391.61,9.147854464305494e-14,1.539666535566362e-16
391.62,9.146701897607001e-14,1.5379051811111825e-16
391.63,9.145571033344167e-14,1.5399175906642386e-16
391.64,9.144424316598899e-14,1.5352208893722082e-16
391.65,9.143534881136509e-14,1.542414811249761e-16
391.66,9.142189344102798e-14,1.5366598595141297e-16
391.67,9.141102452492879e-14,1.5391437766182756e-16
391.68,9.139976099478985e-14,1.5354091799169068e-16
391.69,9.138866683037969e-14,1.5385753974100092e-16
391.7,9.137776189411029e-14,1.5373527580267539e-16
391.71,9.136600857243674e-14,1.5364801509896714e-16
391.72,9.135407211829778e-14,1.534475586339943e-16
391.73,9.134379715146272e-14,1.5360251298178702e-16
391.74,9.133303257823432e-14,1.5374228486642348e-16
391.75,9.132180447439587e-14,1.537781163386298e-16
391.76,9.131020530915754e-14,1.5352406249693543e-16
391.77,9.129925781446859e-14,1.5365049850998017e-16
391.78,9.128807379622276e-14,1.5365472509670326e-16
391.79,9.127679544782192e-14,1.535954849575594e-16
391.8,9.126540288200399e-14,1.5355046778918072e-16
391.81,9.12546075979705e-14,1.5377664729905158e-16
391.82,9.124297169297187e-14,1.5333801574650749e-16
391.83,9.123115922721894e-14,1.5227790089424219e-16
391.84,9.122096738021014e-14,1.5327352092049258e-16
391.85,9.120989063564918e-14,1.5369186316056244e-16
391.86,9.119856531791771e-14,1.5334769482602603e-16
391.87,9.118729596275651e-14,1.534986570571176e-16
391.88,9.11761117613011e-14,1.5350995894498956e-16
391.89,9.11648443411828e-14,1.5345072306840562e-16
391.9,9.115387999568564e-14,1.5348886540009764e-16
391.91,9.11425907033779e-14,1.5357483811730946e-16
391.92,9.113167000716509e-14,1.533517966725099e-16
391.93,9.112074774990197e-14,1.5428746832129105e-16
391.94,9.110888760695454e-14,1.5342986637758342e-16
391.95,9.109810013131582e-14,1.5347563625377502e-16
391.96,9.10869509519551e-14,1.5339287598026402e-16
391.97,9.107561728530314e-14,1.532933708695173e-16
391.98,9.106453729445064e-14,1.533611620530003e-16
391.99,9.105381378090714e-14,1.5357674109557214e-16
392.0,9.104230236239023e-14,1.5336107502847792e-16
392.01,9.10316432565684e-14,1.5346851901002655e-16
392.02,9.101890929309063e-14,1.529567768120946e-16
392.03,9.100913991058379e-14,1.5347348104328812e-16
392.04,9.09973923557565e-14,1.5327996568728992e-16
392.05,9.098654263370448e-14,1.5340276808048402e-16
392.06,9.097527951665138e-14,1.5330207425989133e-16
392.07,9.096419430301454e-14,1.533624811058412e-16
392.08,9.095320442279357e-14,1.5347812986067659e-16
392.09,9.094235408519733e-14,1.5365343594418384e-16
392.1,9.093075391779509e-14,1.5332949493793372e-16
392.11,9.092097250397461e-14,1.533950230501804e-16
392.12,9.090836434271726e-14,1.533173770286604e-16
392.13,9.089758582974266e-14,1.5335764052644282e-16
392.14,9.08859073389205e-14,1.5311927791783092e-16
392.15,9.087510053605561e-14,1.533600774401652e-16
392.16,9.086384299608004e-14,1.5317552404333746e-16
392.17,9.08528966847354e-14,1.5321778661708322e-16
392.18,9.084160548818421e-14,1.5305167008827478e-16
392.19,9.08302570129543e-14,1.5301129493533e-16
392.2,9.08199160140641e-14,1.536165032690191e-16
392.21,9.080854258168593e-14,1.532711016529889e-16
392.22,9.079646582702131e-14,1.5281695049602397e-16
392.23,9.078595203584842e-14,1.532037018985747e-16
392.24,9.07751277418962e-14,1.5328235003650517e-16
392.25,9.076373938225618e-14,1.5315324367659054e-16
392.26,9.075259537247779e-14,1.5307408265059376e-16
392.27,9.074129859658989e-14,1.5303072196542378e-16
392.28,9.073050100418831e-14,1.5313534415428955e-16
392.29,9.071971800348186e-14,1.5311645602746385e-16
392.3,9.070857667349712e-14,1.5317335321009053e-16
392.31,9.06966396335096e-14,1.531193049980803e-16
392.32,9.068606808205319e-14,1.5315466837227526e-16
392.33,9.067298122980358e-14,1.5228574930366987e-16
392.34,9.06640395583282e-14,1.53267148284403e-16
392.35,9.065268440835425e-14,1.5313719231433069e-16
392.36,9.064275648112747e-14,1.5303451403433458e-16
392.37,9.06304371173333e-14,1.5301489273390567e-16
392.38,9.061972942846461e-14,1.5370894447199282e-16
392.39,9.060846623238227e-14,1.531812506138122e-16
392.4,9.059766766321508e-14,1.534275515922982e-16
392.41,9.058623839832458e-14,1.531160200566318e-16
392.42,9.057493689398426e-14,1.5288135773273848e-16
392.43,9.05638393615165e-14,1.529287364139487e-16
392.44,9.055277445518084e-14,1.5310752500878063e-16
392.45,9.05405409598289e-14,1.5303197176700318e-16
392.46,9.053070645814312e-14,1.5275009484228353e-16
392.47,9.051887834455216e-14,1.5270318077391728e-16
392.48,9.050858799475828e-14,1.5317990180441147e-16
392.49,9.04971439770786e-14,1.5285481236001467e-16
392.5,9.048642027166063e-14,1.5307786505745634e-16
392.51,9.047543899059122e-14,1.5309569329476841e-16
392.52,9.046431722221165e-14,1.5321593164350235e-16
392.53,9.045339362673469e-14,1.5341592667826714e-16
392.54,9.044264320950704e-14,1.537122865007802e-16
392.55,9.043069566487096e-14,1.5305723309890924e-16
392.56,9.041987787267448e-14,1.5300517593300936e-16
392.57,9.0409073711972e-14,1.5315231224063273e-16
392.58,9.039785257066448e-14,1.5320178360297975e-16
392.59,9.038685935118588e-14,1.531008828504927e-16
392.6,9.037568710768546e-14,1.5305919156022533e-16
392.61,9.036444581031414e-14,1.5298975070707338e-16
392.62,9.035346124488828e-14,1.5314621490735625e-16
392.63,9.034570308368923e-14,1.5308345005164656e-16
392.64,9.033172693193821e-14,1.533781690400409e-16
392.65,9.032059786538915e-14,1.5270898459680686e-16
392.66,9.030942084496113e-14,1.5303635660070385e-16
392.67,9.029804855693816e-14,1.530750335640202e-16
392.68,9.028747288892433e-14,1.532113204346677e-16
392.69,9.02759997309531e-14,1.5307034031071496e-16
392.7,9.026488816201848e-14,1.5318903874207481e-16
392.71,9.025377149975971e-14,1.5312061626870165e-16
392.72,9.023765919501813e-14,1.4955506168659468e-16
392.73,9.023205669541862e-14,1.5305058419132672e-16
392.74,9.022205916969212e-14,1.5416436591565395e-16
392.75,9.020991382010897e-14,1.530814507496404e-16
392.76,9.01988359371667e-14,1.530813221754933e-16
392.77,9.018776758883795e-14,1.5315376044767013e-16
392.78,9.017708939068485e-14,1.5339350877372753e-16
392.79,9.016564209340763e-14,1.5310598469198085e-16
392.8,9.015432992145493e-14,1.5340351851049066e-16
392.81,9.014311030106308e-14,1.547811343492402e-16
392.82,9.013252413750881e-14,1.5319785683267297e-16
392.83,9.012089232525782e-14,1.5290894280488648e-16
392.84,9.011045971919817e-14,1.53007979581442e-16
392.85,9.009953721974164e-14,1.5313552661168067e-16
392.86,9.008809396641081e-14,1.5321884432542156e-16
392.87,9.007740483963927e-14,1.530248578728227e-16
392.88,9.006643148611054e-14,1.5325884465377073e-16
392.89,9.005522810790409e-14,1.5314202851334253e-16
392.9,9.004307798294136e-14,1.5269005322338946e-16
392.91,9.003306167301521e-14,1.530398356976888e-16
392.92,9.002226073046451e-14,1.5166588567982476e-16
392.93,9.001141721747847e-14,1.5325325629039669e-16
392.94,9.000046049557446e-14,1.5323354617987804e-16
392.95,8.998910927552227e-14,1.5314554900131407e-16
392.96,8.997794339318242e-14,1.531928866319843e-16
392.97,8.99672031951495e-14,1.532497363675981e-16
392.98,8.995630730306502e-14,1.5319844694261128e-16
392.99,8.9945992987494e-14,1.5372669307573863e-16
393.0,8.99339676974699e-14,1.5321989000820134e-16
393.01,8.992765968785248e-14,1.574031377167453e-16
393.02,8.991206839347253e-14,1.530602213990733e-16
393.03,8.990115114658318e-14,1.5328082333098681e-16
393.04,8.989006565591392e-14,1.531914828628384e-16
393.05,8.987885066974317e-14,1.532692781549204e-16
393.06,8.986787706766823e-14,1.532310523830057e-16
393.07,8.98573955875811e-14,1.5340720591418968e-16
393.08,8.984618720901515e-14,1.5274021591850542e-16
393.09,8.983499563412433e-14,1.5345995448658247e-16
393.1,8.98201941394189e-14,1.5268599928811592e-16
393.11,8.981316026712991e-14,1.5313025373606178e-16
393.12,8.980211023129025e-14,1.529985500546776e-16
393.13,8.979124670083564e-14,1.5329796104122722e-16
393.14,8.978002614987377e-14,1.533219032203701e-16
393.15,8.97687575630012e-14,1.5290695637955538e-16
393.16,8.975819508151245e-14,1.5330060934069114e-16
393.17,8.974714163250152e-14,1.532486383610988e-16
393.18,8.973670856655195e-14,1.5334987774065108e-16
393.19,8.972428287065047e-14,1.5343855390664783e-16
393.2,8.971416841052855e-14,1.5325890377496868e-16
393.21,8.970289564602841e-14,1.5321607732515684e-16
393.22,8.969179873807169e-14,1.5297874398995665e-16
393.23,8.96811783769394e-14,1.5339445238993256e-16
393.24,8.967023340184768e-14,1.5334365684540187e-16
393.25,8.96592564438054e-14,1.5340004206361786e-16
393.26,8.96477994386035e-14,1.5285211606297801e-16
393.27,8.96372283989838e-14,1.53490983658832e-16
393.28,8.962513548696495e-14,1.5250158651469086e-16
393.29,8.961546130287608e-14,1.5324409513231444e-16
393.3,8.960429422235219e-14,1.531689668133108e-16
393.31,8.95935578971796e-14,1.533509027505813e-16
393.32,8.95827961701471e-14,1.5337386562428902e-16
393.33,8.957150566984004e-14,1.533620612373697e-16
393.34,8.956055210314797e-14,1.5326574640601278e-16
393.35,8.954938539531326e-14,1.5369916392635463e-16
393.36,8.95386120446468e-14,1.5341428032156747e-16
393.37,8.952844459508963e-14,1.5355970165117435e-16
393.38,8.951663926941024e-14,1.5319103886491804e-16
393.39,8.950584981435421e-14,1.5335368523642686e-16
393.4,8.94945324999193e-14,1.5333300693870064e-16
393.41,8.948429805360084e-14,1.5352825977984267e-16
393.42,8.94725877903227e-14,1.5341818571193318e-16
393.43,8.946194459664152e-14,1.5337605196260094e-16
393.44,8.945137826631161e-14,1.535063645253398e-16
393.45,8.943985161472944e-14,1.534193276844908e-16
393.46,8.942891659941615e-14,1.5320849184266334e-16
393.47,8.941824573553595e-14,1.5331319260965824e-16
393.48,8.940707001537186e-14,1.5335907489747242e-16
393.49,8.939627155865251e-14,1.5359354696701027e-16
393.5,8.938529516921631e-14,1.5340200277785843e-16
393.51,8.937436393001127e-14,1.5344666456369629e-16
393.52,8.93634822620445e-14,1.5334705840587154e-16
393.53,8.93527716044151e-14,1.5364406513155597e-16
393.54,8.934213395770775e-14,1.5360178828169686e-16
393.55,8.933114886297506e-14,1.537458744679508e-16
393.56,8.931958723658991e-14,1.5339100432414158e-16
393.57,8.930867468191748e-14,1.5356912185725865e-16
393.58,8.929793249794093e-14,1.5368859300681875e-16
393.59,8.928667973280296e-14,1.5340635047220546e-16
393.6,8.927609334724963e-14,1.5343172830175153e-16
393.61,8.92651129135956e-14,1.5325631902645798e-16
393.62,8.925430045443209e-14,1.545106819572922e-16
393.63,8.92433031299418e-14,1.5375158935410344e-16
393.64,8.923193524320801e-14,1.5323415569843207e-16
393.65,8.922124163040553e-14,1.533098476575852e-16
393.66,8.92104018099689e-14,1.5349754979234026e-16
393.67,8.919970253640786e-14,1.5352152089456758e-16
393.68,8.918823736167435e-14,1.5328608755957807e-16
393.69,8.917769930834764e-14,1.5351290810590658e-16
393.7,8.916680348084184e-14,1.5346578242786232e-16
393.71,8.915404991182092e-14,1.528118067744699e-16
393.72,8.914455160025952e-14,1.5353443883517917e-16
393.73,8.913399866186112e-14,1.53444812725884e-16
393.74,8.912306056267069e-14,1.5341380140772834e-16
393.75,8.911225648473895e-14,1.534260694331508e-16
393.76,8.910133821571502e-14,1.5335088943393233e-16
393.77,8.909020450708894e-14,1.5339033748180547e-16
393.78,8.907941821389933e-14,1.5351822219886589e-16
393.79,8.906836538465326e-14,1.532103506047329e-16
393.8,8.905844025486442e-14,1.5363865297509992e-16
393.81,8.904801177107755e-14,1.538926034205557e-16
393.82,8.903538691380389e-14,1.5310548814930077e-16
393.83,8.902489994047331e-14,1.5326385482191585e-16
393.84,8.901419203807207e-14,1.5344932139341443e-16
393.85,8.900312101969442e-14,1.5339324291152758e-16
393.86,8.8992221012337e-14,1.5328010185684538e-16
393.87,8.898139733206615e-14,1.5340854519134896e-16
393.88,8.897018225817978e-14,1.532599516402402e-16
393.89,8.895939122661707e-14,1.528760229507367e-16
393.9,8.894901183692386e-14,1.522581272987269e-16
393.91,8.893813732677029e-14,1.5330724682145875e-16
393.92,8.892635361031441e-14,1.5328964172477464e-16
393.93,8.891605627864109e-14,1.5326847410036173e-16
393.94,8.890497122864665e-14,1.5302278674632632e-16
393.95,8.889460341392231e-14,1.5327678008239256e-16
393.96,8.888343058307462e-14,1.532789157193065e-16
393.97,8.887257695279035e-14,1.5334466467633882e-16
393.98,8.886156322526599e-14,1.5340329813069238e-16
393.99,8.88507909749356e-14,1.527893534673019e-16
394.0,8.883975787100287e-14,1.5330581597509145e-16
394.01,8.882920125998851e-14,1.5220729341511719e-16
394.02,8.881803719537777e-14,1.5336511109083162e-16
394.03,8.880715855221997e-14,1.5320182833892657e-16
394.04,8.879523079555215e-14,1.5198823441904627e-16
394.05,8.878561007640057e-14,1.5325237005853273e-16
394.06,8.877452436642517e-14,1.5321495754113384e-16
394.07,8.876342992704985e-14,1.535846077723427e-16
394.08,8.875258164006353e-14,1.5309936285108773e-16
394.09,8.874229849075438e-14,1.534515503903697e-16
394.1,8.873151354599102e-14,1.5371471521863909e-16
394.11,8.87200681728376e-14,1.5312277151065289e-16
394.12,8.870960362858958e-14,1.532152955419406e-16
394.13,8.869821630837946e-14,1.5292913751730912e-16
394.14,8.868796088303251e-14,1.5326745070946177e-16
394.15,8.867667495945302e-14,1.5313750058517087e-16
394.16,8.866625563487993e-14,1.5341313560792763e-16
394.17,8.86551422432526e-14,1.5306754781947828e-16
394.18,8.864414191069703e-14,1.5321289401886643e-16
394.19,8.863298074775265e-14,1.5310577452808187e-16
394.2,8.862261094043375e-14,1.5322527099496772e-16
394.21,8.86117874032392e-14,1.5316963889215268e-16
394.22,8.860098456405815e-14,1.5331769010998732e-16
394.23,8.859009596865121e-14,1.5313902139409098e-16
394.24,8.857908571000953e-14,1.5303833998097316e-16
394.25,8.856856425474116e-14,1.5286254240908816e-16
394.26,8.855753126047153e-14,1.5324007766958787e-16
394.27,8.854668499597739e-14,1.5307263589973576e-16
394.28,8.85359197740545e-14,1.5300199063972725e-16
394.29,8.852500606088551e-14,1.5313435218189753e-16
394.3,8.851426663134561e-14,1.5233437010534703e-16
394.31,8.850331617456891e-14,1.5288788511075914e-16
394.32,8.849261023720681e-14,1.5314338150236377e-16
394.33,8.848187607394557e-14,1.527960453313198e-16
394.34,8.847069403185516e-14,1.528976769811836e-16
394.35,8.845980774458604e-14,1.531947370391573e-16
394.36,8.844910347631446e-14,1.529511899937636e-16
394.37,8.843822926608279e-14,1.5316183335595764e-16
394.38,8.842778142366417e-14,1.533706056720948e-16
394.39,8.841686546945073e-14,1.5312373976697665e-16
394.4,8.840536834441373e-14,1.5324768370433964e-16
394.41,8.839482329242849e-14,1.5276132888767935e-16
394.42,8.838439997091042e-14,1.5279916916319562e-16
394.43,8.837424383565156e-14,1.533243852919772e-16
394.44,8.836276799691001e-14,1.5284402833486316e-16
394.45,8.835219763176954e-14,1.5289338160752812e-16
394.46,8.834133980126851e-14,1.5300778757943435e-16
394.47,8.83302835514148e-14,1.5298903803530644e-16
394.48,8.83194832045443e-14,1.5287862708521933e-16
394.49,8.830863676994547e-14,1.5275222961754898e-16
394.5,8.829781702231744e-14,1.5286459254875e-16
394.51,8.828775001311165e-14,1.5269947739200358e-16
394.52,8.827623110336569e-14,1.5286979934192007e-16
394.53,8.826572009772618e-14,1.5265069809940156e-16
394.54,8.825473800356156e-14,1.5274535100093087e-16
394.55,8.824382746150847e-14,1.5276033142825188e-16
394.56,8.823304983784727e-14,1.5278097762486552e-16
394.57,8.822240590855639e-14,1.5274715990969097e-16
394.58,8.821149764830667e-14,1.5282822274029168e-16
394.59,8.820075269834256e-14,1.526844891167697e-16
394.6,8.819025671509003e-14,1.527599598801586e-16
394.61,8.817860097031912e-14,1.5256414412175655e-16
394.62,8.816813443453076e-14,1.52742840416592e-16
394.63,8.815722177989425e-14,1.5273019247198672e-16
394.64,8.814691765238728e-14,1.5257103999109188e-16
394.65,8.813556672731561e-14,1.5248898106350833e-16
394.66,8.812525003878113e-14,1.5250922672864863e-16
394.67,8.81143723975073e-14,1.5246820357615223e-16
394.68,8.810376679389211e-14,1.523795366527672e-16
394.69,8.809286298924995e-14,1.5261033782842295e-16
394.7,8.808249178171354e-14,1.527812446559848e-16
394.71,8.807119418113287e-14,1.524293736895163e-16
394.72,8.806046653822494e-14,1.525820992005716e-16
394.73,8.804979685128802e-14,1.5246886330373374e-16
394.74,8.80389394391786e-14,1.5232867263120795e-16
394.75,8.802835788754329e-14,1.5245445914455066e-16
394.76,8.801729934433145e-14,1.5246286665905265e-16
394.77,8.800663406913595e-14,1.524123215692095e-16
394.78,8.799575125619505e-14,1.5236484857086329e-16
394.79,8.798537470529004e-14,1.5235632348748617e-16
394.8,8.797443900635344e-14,1.5245548172830517e-16
394.81,8.796395246341426e-14,1.5234904478173829e-16
394.82,8.795284779201584e-14,1.5229254997263014e-16
394.83,8.79420773476355e-14,1.5216695089475562e-16
394.84,8.793147002792426e-14,1.519846778418922e-16
394.85,8.792079099375734e-14,1.523223453477133e-16
394.86,8.790986501289363e-14,1.5202567924701268e-16
394.87,8.789990446695347e-14,1.5212889710564076e-16
394.88,8.788872207530018e-14,1.521507820143059e-16
394.89,8.787747721048296e-14,1.5244145301773814e-16
394.9,8.786674411943431e-14,1.520241218234954e-16
394.91,8.78561573972e-14,1.5224807168671883e-16
394.92,8.784567546753071e-14,1.5212081698741576e-16
394.93,8.783481686320087e-14,1.5206391328588178e-16
394.94,8.782402296895941e-14,1.518174677420007e-16
394.95,8.781339470329603e-14,1.5210986637434496e-16
394.96,8.780253955839626e-14,1.5206026619943293e-16
394.97,8.779137698644195e-14,1.5196001554999935e-16
394.98,8.778114973164204e-14,1.5212618404588776e-16
394.99,8.777004045920152e-14,1.517754252480231e-16
395.0,8.775965938205704e-14,1.518865506139748e-16
395.01,8.774902579143015e-14,1.5188707984624243e-16
395.02,8.773823209545453e-14,1.517763163863466e-16
395.03,8.772718438115934e-14,1.5167816659903682e-16
395.04,8.771653626597327e-14,1.5183177251197269e-16
395.05,8.770614412639304e-14,1.5188564175347061e-16
395.06,8.769487029951794e-14,1.511953648467168e-16
395.07,8.768470847926575e-14,1.519042877070447e-16
395.08,8.767373607295168e-14,1.5160079229655678e-16
395.09,8.766312785151296e-14,1.513734205790342e-16
395.1,8.765250693166328e-14,1.5148416296560155e-16
395.11,8.764142946455022e-14,1.518594502332527e-16
395.12,8.763159190883002e-14,1.5159346624069031e-16
395.13,8.762021235193557e-14,1.515646189834483e-16
395.14,8.761002395123037e-14,1.5155741069301023e-16
395.15,8.759894450493621e-14,1.5183377378951706e-16
395.16,8.758836052994041e-14,1.5166141526777568e-16
395.17,8.757742984880911e-14,1.5144592970846947e-16
395.18,8.756702467606993e-14,1.5142835818632346e-16
395.19,8.75550836663132e-14,1.5128528460015515e-16
395.2,8.754542313059583e-14,1.5119342447119838e-16
395.21,8.753440721976163e-14,1.5131346118523428e-16
395.22,8.752458348106197e-14,1.5141269168525138e-16
395.23,8.751333556676643e-14,1.5123315573614902e-16
395.24,8.750244595423478e-14,1.5111518694925396e-16
395.25,8.749187214522695e-14,1.5125529182857872e-16
395.26,8.748110561861521e-14,1.5117859296043275e-16
395.27,8.74704622853706e-14,1.511561947528221e-16
395.28,8.745992009216732e-14,1.5106185813658294e-16
395.29,8.744894961165268e-14,1.508018123956592e-16
395.3,8.743853505435624e-14,1.5093235094634973e-16
395.31,8.742779571342596e-14,1.5096943214140877e-16
395.32,8.741703981377025e-14,1.5104671088068667e-16
395.33,8.74069137645532e-14,1.5112604664228233e-16
395.34,8.739565296241021e-14,1.5097165712738706e-16
395.35,8.738541162591459e-14,1.510388690089922e-16
395.36,8.737413860073825e-14,1.5099986955151395e-16
395.37,8.736383772574773e-14,1.5081357326347154e-16
395.38,8.735316119682974e-14,1.5070930480704695e-16
395.39,8.734279201082761e-14,1.5159730133133487e-16
395.4,8.733207106104484e-14,1.508096283112627e-16
395.41,8.732095224377621e-14,1.5091883876001876e-16
395.42,8.731029699508696e-14,1.5108303709697235e-16
395.43,8.729998149048663e-14,1.507008484022544e-16
395.44,8.728928002479042e-14,1.5053853978378722e-16
395.45,8.727929255325531e-14,1.506763750624364e-16
395.46,8.726796162658521e-14,1.50533130159485e-16
395.47,8.725724779605004e-14,1.5055125505703913e-16
395.48,8.724631850467254e-14,1.5050093699676148e-16
395.49,8.723573037319184e-14,1.5033523586164502e-16
395.5,8.72249003248836e-14,1.5035231016785347e-16
395.51,8.721428518657251e-14,1.5027737939410752e-16
395.52,8.72039019929428e-14,1.5034372270138925e-16
395.53,8.719401628430346e-14,1.5049928127804367e-16
395.54,8.718217704425277e-14,1.498716597731549e-16
395.55,8.71717376826806e-14,1.5003890155524906e-16
395.56,8.716137315089676e-14,1.5013140609735133e-16
395.57,8.715067823793002e-14,1.4994947732446745e-16
395.58,8.714015950277484e-14,1.502466934708873e-16
395.59,8.713003722586393e-14,1.5094559509378156e-16
395.6,8.711869395105092e-14,1.4971110831319516e-16
395.61,8.710862792889164e-14,1.49957432874783e-16
395.62,8.70977729221034e-14,1.4994184139255381e-16
395.63,8.708670872654271e-14,1.5005203814525284e-16
395.64,8.70765435540236e-14,1.4995995027397806e-16
395.65,8.706582789492549e-14,1.4982655605103381e-16
395.66,8.705511521141192e-14,1.496819352311808e-16
395.67,8.704426837587125e-14,1.4985878429384347e-16
395.68,8.703407547867986e-14,1.4924338091025086e-16
395.69,8.702333147001915e-14,1.4902727368031651e-16
395.7,8.701264073071257e-14,1.4979162346658968e-16
395.71,8.700211595854703e-14,1.498252358066298e-16
395.72,8.699101634828472e-14,1.4963461870306537e-16
395.73,8.698088454401252e-14,1.496287084110973e-16
395.74,8.69704535305924e-14,1.4952718023804179e-16
395.75,8.695978437015259e-14,1.4947481587859274e-16
395.76,8.694961404412445e-14,1.4977469300894277e-16
395.77,8.693887094366626e-14,1.497155237802439e-16
395.78,8.692857620198982e-14,1.4941965733778578e-16
395.79,8.691717960335636e-14,1.49240721359198e-16
395.8,8.690649101343604e-14,1.4932071362887723e-16
395.81,8.68958031579289e-14,1.4930246903406438e-16
395.82,8.68855830928031e-14,1.493098087142456e-16
395.83,8.687485090001365e-14,1.4913108239046668e-16
395.84,8.686416910190885e-14,1.4913936787303093e-16
395.85,8.685344605967801e-14,1.489343286257245e-16
395.86,8.684371453014822e-14,1.4925431048948814e-16
395.87,8.683504174263702e-14,1.504220500803033e-16
395.88,8.682146345126121e-14,1.492552166574889e-16
395.89,8.681153486215892e-14,1.4904911316384764e-16
395.9,8.680088436300957e-14,1.4897739623982326e-16
395.91,8.679061260524666e-14,1.4918528050969775e-16
395.92,8.67797147249553e-14,1.487337454942114e-16
395.93,8.676904610191358e-14,1.4882838433856107e-16
395.94,8.675841253072488e-14,1.488056177025644e-16
395.95,8.674819669776479e-14,1.487183813708041e-16
395.96,8.673708811426669e-14,1.4918945376847602e-16
395.97,8.672623656568569e-14,1.4856210774439094e-16
395.98,8.671636593791619e-14,1.4865196586764787e-16
395.99,8.67053603061522e-14,1.4843901510283076e-16
396.0,8.669502339294061e-14,1.4859448361477205e-16
396.01,8.66845870350401e-14,1.4862605422810442e-16
396.02,8.667382099112049e-14,1.4842023629082746e-16
396.03,8.666256808479316e-14,1.48052119361586e-16
396.04,8.665266914988718e-14,1.4864181835506907e-16
396.05,8.664272952376237e-14,1.4849590023738673e-16
396.06,8.66318453157139e-14,1.4843858443051156e-16
396.07,8.662107236515265e-14,1.4828269914637238e-16
396.08,8.661048828996173e-14,1.4817441245601627e-16
396.09,8.660014584877331e-14,1.482642342777394e-16
396.1,8.658980726095683e-14,1.4829281203542687e-16
396.11,8.657914373427004e-14,1.4804018410836349e-16
396.12,8.656843592138159e-14,1.481528486856509e-16
396.13,8.65582840690529e-14,1.4813869392887785e-16
396.14,8.654842028223709e-14,1.4836279446881563e-16
396.15,8.653669275108263e-14,1.4784585681303183e-16
396.16,8.652595831810531e-14,1.4798655297490042e-16
396.17,8.651580590105992e-14,1.4784891368593392e-16
396.18,8.650516088029355e-14,1.4795259809950502e-16
396.19,8.649465151627654e-14,1.4774806459812705e-16
396.2,8.648424924618496e-14,1.4778387855484298e-16
396.21,8.647293725956752e-14,1.4759429097456174e-16
396.22,8.646300956314333e-14,1.4774179147131323e-16
396.23,8.645222552511591e-14,1.4756782526923822e-16
396.24,8.644243191552688e-14,1.4779100626567876e-16
396.25,8.643164955650264e-14,1.4759067944648307e-16
396.26,8.64208011658122e-14,1.4760298501700412e-16
396.27,8.641056385468182e-14,1.4749440132688096e-16
396.28,8.639971662470219e-14,1.4737837921587276e-16
396.29,8.638941275650936e-14,1.4735961419024524e-16
396.3,8.637921413157557e-14,1.4804782859593979e-16
396.31,8.636853356860517e-14,1.4741010947667423e-16
396.32,8.635815788035859e-14,1.4722843409940463e-16
396.33,8.634738227636004e-14,1.4715920261788262e-16
396.34,8.633745537961412e-14,1.471396177576148e-16
396.35,8.632638042043512e-14,1.4709073059965566e-16
396.36,8.63157326091563e-14,1.4693787683515236e-16
396.37,8.630453817532579e-14,1.4658053068576772e-16
396.38,8.629445323218527e-14,1.4701159944264774e-16
396.39,8.628407504522288e-14,1.4632433029443732e-16
396.4,8.627391121757305e-14,1.4699013270496053e-16
396.41,8.626333151949372e-14,1.4731300270768225e-16
396.42,8.625312146137459e-14,1.4695497989580172e-16
396.43,8.624245092979868e-14,1.4664092090881343e-16
396.44,8.623174425680086e-14,1.467287156690993e-16
396.45,8.622146493015479e-14,1.466507407560229e-16
396.46,8.621084637428313e-14,1.4686897142156004e-16
396.47,8.620054321182523e-14,1.466046442322472e-16
396.48,8.619124868878438e-14,1.4644011255318128e-16
396.49,8.617936225820044e-14,1.4648742449421987e-16
396.5,8.616916916176618e-14,1.467512325519707e-16
396.51,8.615870303251198e-14,1.4650679521634202e-16
396.52,8.61481449460921e-14,1.464800019578149e-16
396.53,8.613752944191213e-14,1.4629456336836733e-16
396.54,8.612709358200919e-14,1.463619889636789e-16
396.55,8.611666724805499e-14,1.4594581714505517e-16
396.56,8.610624888837681e-14,1.4626492294124736e-16
396.57,8.609486987951823e-14,1.4900443840891643e-16
396.58,8.60850651549819e-14,1.461097910460776e-16
396.59,8.607411915159117e-14,1.459103024723634e-16
396.6,8.60642062938235e-14,1.4586438679774389e-16
396.61,8.605404465640659e-14,1.461159358436131e-16
396.62,8.60436109714035e-14,1.4590357933768038e-16
396.63,8.603295018901215e-14,1.4602664735834268e-16
396.64,8.602259317011878e-14,1.4596518448127397e-16
396.65,8.601090913679411e-14,1.4570852260628567e-16
396.66,8.600432978247522e-14,1.4738030491150766e-16
396.67,8.59910782499932e-14,1.457438493789168e-16
396.68,8.598154091494926e-14,1.4526509059372358e-16
396.69,8.59705850277244e-14,1.457603862741086e-16
396.7,8.595988475237737e-14,1.4577410091465811e-16
396.71,8.594968006104224e-14,1.4574565931836385e-16
396.72,8.593861570482429e-14,1.4534858903418622e-16
396.73,8.59286211310779e-14,1.4554074606763146e-16
396.74,8.591809233418324e-14,1.455128679682516e-16
396.75,8.590788795705951e-14,1.4488837355883925e-16
396.76,8.589729421406551e-14,1.4540105572680106e-16
396.77,8.588653682474363e-14,1.4606713521701586e-16
396.78,8.58769471384251e-14,1.4567629350090596e-16
396.79,8.586599021408778e-14,1.4524636313360034e-16
396.8,8.58556102497228e-14,1.4538809579474776e-16
396.81,8.584525000880379e-14,1.4545398858046247e-16
396.82,8.583470109638771e-14,1.4541761364068662e-16
396.83,8.582423210772471e-14,1.4512534533448607e-16
396.84,8.581413862449969e-14,1.4484335593942806e-16
396.85,8.58036054836504e-14,1.452002029382801e-16
396.86,8.579273956795231e-14,1.4529162425526873e-16
396.87,8.578239847855996e-14,1.4485522399499562e-16
396.88,8.577221866012724e-14,1.4483522127944628e-16
396.89,8.576165953817618e-14,1.4490463548613526e-16
396.9,8.575146762971231e-14,1.4493752379473497e-16
396.91,8.574127622701114e-14,1.4512366320614343e-16
396.92,8.573064392158512e-14,1.449093066816342e-16
396.93,8.572019638793394e-14,1.4461353485344587e-16
396.94,8.570970833247393e-14,1.4465635977230122e-16
396.95,8.570202877851343e-14,1.427531385759658e-16
396.96,8.568904149706118e-14,1.4471201526403453e-16
396.97,8.567852409996748e-14,1.4453320603624297e-16
396.98,8.566822286611132e-14,1.4450485517436476e-16
396.99,8.565785836666389e-14,1.444702124308304e-16
397.0,8.56474439659036e-14,1.4435290518341417e-16
397.01,8.56368763298438e-14,1.4434390114275345e-16
397.02,8.562716759072209e-14,1.4462737160163182e-16
397.03,8.561645443542712e-14,1.442122045405785e-16
397.04,8.560609502167618e-14,1.4505465901959313e-16
397.05,8.55955265776828e-14,1.4432417053803418e-16
397.06,8.55852868616041e-14,1.4440375438606755e-16
397.07,8.557496494344443e-14,1.443280906006477e-16
397.08,8.556428276199093e-14,1.4410213307946838e-16
397.09,8.555397208503573e-14,1.4405121376232514e-16
397.1,8.554359427731155e-14,1.4415948793277738e-16
397.11,8.553297682909671e-14,1.4427432239306286e-16
397.12,8.552265984557872e-14,1.4389256535645842e-16
397.13,8.55124696969308e-14,1.4402656423323023e-16
397.14,8.550210696903877e-14,1.4391016860846438e-16
397.15,8.549167175646994e-14,1.4398282006932792e-16
397.16,8.548071834549529e-14,1.4276806359961827e-16
397.17,8.547121558268714e-14,1.439113458879409e-16
397.18,8.546070244391008e-14,1.4357596316847774e-16
397.19,8.545054100612234e-14,1.4398228095265538e-16
397.2,8.544052037749791e-14,1.4403122987613202e-16
397.21,8.54304230417223e-14,1.4471929241170602e-16
397.22,8.542016852493851e-14,1.4445776210823468e-16
397.23,8.540885478625531e-14,1.4358337275843324e-16
397.24,8.539866290772284e-14,1.436421274435034e-16
397.25,8.538803988747721e-14,1.4352989858691324e-16
397.26,8.537724860820891e-14,1.430820110016136e-16
397.27,8.536759760583897e-14,1.4339749043304858e-16
397.28,8.53574386000641e-14,1.435390481233388e-16
397.29,8.534720545748245e-14,1.4337476687065567e-16
397.3,8.533648142135575e-14,1.4353509010290425e-16
397.31,8.532638681064318e-14,1.4310778346590309e-16
397.32,8.531566573987619e-14,1.4323338926740043e-16
397.33,8.530557680344078e-14,1.432168060330295e-16
397.34,8.529497447596966e-14,1.432087337097941e-16
397.35,8.528468646680157e-14,1.4327440278299372e-16
397.36,8.527451638402516e-14,1.4325853361482524e-16
397.37,8.52641465615134e-14,1.4323890328281938e-16
397.38,8.525462755304457e-14,1.4394093446449103e-16
397.39,8.524345852818092e-14,1.4308530026776072e-16
397.4,8.523344504561288e-14,1.4318424913102553e-16
397.41,8.522269179746549e-14,1.4280237741512928e-16
397.42,8.521255152350661e-14,1.428812212458719e-16
397.43,8.520218500352411e-14,1.4305684388797449e-16
397.44,8.51921528894645e-14,1.4289494561561111e-16
397.45,8.518158008464086e-14,1.4281274392531425e-16
397.46,8.517162285399922e-14,1.4287010903112123e-16
397.47,8.515985028399225e-14,1.424647176916594e-16
397.48,8.515091354339844e-14,1.4273578474453753e-16
397.49,8.51402843588032e-14,1.423118879847241e-16
397.5,8.512985443244401e-14,1.426923500989897e-16
397.51,8.511939731100321e-14,1.4236880772647985e-16
397.52,8.510934759782334e-14,1.4262501958648986e-16
397.53,8.509923487268018e-14,1.4273892024164621e-16
397.54,8.508882181873459e-14,1.4246845444102592e-16
397.55,8.507828659932966e-14,1.4268144699493892e-16
397.56,8.506803498668086e-14,1.4230023788014615e-16
397.57,8.505869846534281e-14,1.427149677285141e-16
397.58,8.50475962189265e-14,1.424543161199509e-16
397.59,8.503715103985381e-14,1.4231573381562942e-16
397.6,8.502704775271558e-14,1.4230036132323903e-16
397.61,8.501684712079044e-14,1.423751038506852e-16
397.62,8.50065891556233e-14,1.4236053284989357e-16
397.63,8.499613523131122e-14,1.4211826665662575e-16
397.64,8.498606297705105e-14,1.4240444461173304e-16
397.65,8.497499456953029e-14,1.4086711119154702e-16
397.66,8.49650551143071e-14,1.423767220927624e-16
397.67,8.495531123360292e-14,1.4206446146226945e-16
397.68,8.494489052091128e-14,1.4197675453825916e-16
397.69,8.493432607164434e-14,1.4197447529673097e-16
397.7,8.492428341126535e-14,1.420312581873798e-16
397.71,8.491380365123702e-14,1.4194844373572902e-16
397.72,8.490364206387148e-14,1.4172995286867365e-16
397.73,8.489341956391868e-14,1.4193445582030124e-16
397.74,8.488299195346947e-14,1.4227799237915939e-16
397.75,8.487390573578335e-14,1.4171715935708093e-16
397.76,8.486256136046464e-14,1.421255985035073e-16
397.77,8.485219906180354e-14,1.4177234471378428e-16
397.78,8.484206823741539e-14,1.4184885703549371e-16
397.79,8.483166199745731e-14,1.4180746589603337e-16
397.8,8.482131839046217e-14,1.4180014595648887e-16
397.81,8.481118790639732e-14,1.4166960190467632e-16
397.82,8.480108997892109e-14,1.4188911833314328e-16
397.83,8.479056035653518e-14,1.4151640417746966e-16
397.84,8.477911699219296e-14,1.405213409009455e-16
397.85,8.476980745232083e-14,1.4144680658736425e-16
397.86,8.476019818387604e-14,1.4143128432295752e-16
397.87,8.474953787960308e-14,1.414179306576992e-16
397.88,8.473924751785196e-14,1.4139543636568448e-16
397.89,8.472786610391002e-14,1.4065799605555914e-16
397.9,8.471869835547829e-14,1.4132155166176891e-16
397.91,8.470863014393025e-14,1.4127566758167323e-16
397.92,8.469699370984924e-14,1.4133286771135045e-16
397.93,8.46885719546206e-14,1.4104621542869104e-16
397.94,8.467788605458439e-14,1.4125622728192948e-16
397.95,8.466786967218182e-14,1.4110155793994125e-16
397.96,8.465753988987226e-14,1.412355209960963e-16
397.97,8.464718263976228e-14,1.4120029730861505e-16
397.98,8.463741728128091e-14,1.4109556988462515e-16
397.99,8.462692102739288e-14,1.4128553035846152e-16
398.0,8.461666915734802e-14,1.411779643911842e-16
398.01,8.460636589162442e-14,1.4141372059764419e-16
398.02,8.459621171129405e-14,1.4100358661563352e-16
398.03,8.458589576194833e-14,1.409951129973554e-16
398.04,8.457608206591949e-14,1.41516717357534e-16
398.05,8.456547069691159e-14,1.4103987126215203e-16
398.06,8.455526990103291e-14,1.4095333944592177e-16
398.07,8.45449423639119e-14,1.4089622049511713e-16
398.08,8.453478595907736e-14,1.4093716331682945e-16
398.09,8.452464293506017e-14,1.4094099869539226e-16
398.1,8.451460481782098e-14,1.4098613921668368e-16
398.11,8.450406171714331e-14,1.4112817958876436e-16
398.12,8.449408888281691e-14,1.4085058589102372e-16
398.13,8.448394346143777e-14,1.4067182720757187e-16
398.14,8.447348587093869e-14,1.4084093869605371e-16
398.15,8.446370820284729e-14,1.4083109573323111e-16
398.16,8.445300487758203e-14,1.407876641452518e-16
398.17,8.444289141672792e-14,1.4071881029101975e-16
398.18,8.443276270073665e-14,1.4076058469949415e-16
398.19,8.442279825984679e-14,1.4074236369423398e-16
398.2,8.441259023401506e-14,1.4045639540407263e-16
398.21,8.440209583503555e-14,1.4071782578264953e-16
398.22,8.439196849399186e-14,1.4057972854574605e-16
398.23,8.43816251343726e-14,1.4049411186458505e-16
398.24,8.437153735554124e-14,1.405966646393245e-16
398.25,8.436117865635846e-14,1.404975741722604e-16
398.26,8.435111644530717e-14,1.4046069972149457e-16
398.27,8.434088930797845e-14,1.4058098999886673e-16
398.28,8.433077841914178e-14,1.4037376841988093e-16
398.29,8.432096384919817e-14,1.4061172761744156e-16
398.3,8.431036136018488e-14,1.4049549833256655e-16
398.31,8.430056373255548e-14,1.4069178304760044e-16
398.32,8.428946691197889e-14,1.403858655881101e-16
398.33,8.428025871871188e-14,1.403873612271523e-16
398.34,8.426984967779686e-14,1.4032588697895656e-16
398.35,8.425972917411016e-14,1.402006408192687e-16
398.36,8.424925174888972e-14,1.4020542065922877e-16
398.37,8.423900414195231e-14,1.4015574369583612e-16
398.38,8.422914907059354e-14,1.4037288811055024e-16
398.39,8.421877680089988e-14,1.4012869562751164e-16
398.4,8.42086679039037e-14,1.3992502492708307e-16
398.41,8.419823414156311e-14,1.3999136999755173e-16
398.42,8.418876920799785e-14,1.4013750341597983e-16
398.43,8.417835623095367e-14,1.4044299196791766e-16
398.44,8.416822528819893e-14,1.4008125454043887e-16
398.45,8.415792468820662e-14,1.400888149384953e-16
398.46,8.414725474205858e-14,1.4002474133378611e-16
398.47,8.413752037577589e-14,1.4010371032354624e-16
398.48,8.412774496833447e-14,1.4011451154796511e-16
398.49,8.411732432551177e-14,1.4010405508194146e-16
398.5,8.410739947718686e-14,1.3994395878881493e-16
398.51,8.409718964994447e-14,1.3990260772002454e-16
398.52,8.408692832570321e-14,1.3997762138711952e-16
398.53,8.407686303872481e-14,1.400325615459152e-16
398.54,8.406646114653541e-14,1.3983965134993836e-16
398.55,8.405674034521731e-14,1.3974379631448779e-16
398.56,8.404656798690277e-14,1.4002520550928917e-16
398.57,8.403640164182788e-14,1.3991420863257038e-16
398.58,8.402613106575722e-14,1.4007658353504238e-16
398.59,8.401591050929435e-14,1.3999508298319277e-16
398.6,8.400566408539706e-14,1.39813057512943e-16
398.61,8.399573418196598e-14,1.40045937484754e-16
398.62,8.398541891431871e-14,1.3977401777481325e-16
398.63,8.397574785324465e-14,1.397897447010754e-16
398.64,8.396518337404011e-14,1.3972484005279158e-16
398.65,8.395519426923788e-14,1.3990815652853288e-16
398.66,8.39453240520788e-14,1.399229976498716e-16
398.67,8.393490744033772e-14,1.3981739350638008e-16
398.68,8.39247739151865e-14,1.3983095891494102e-16
398.69,8.391447453152771e-14,1.3962670529555407e-16
398.7,8.390452457510981e-14,1.3961183287340236e-16
398.71,8.389434592819524e-14,1.396243022720662e-16
398.72,8.388436319306896e-14,1.3961690020116217e-16
398.73,8.387407773635737e-14,1.3964534621022885e-16
398.74,8.386426681352049e-14,1.398262907918871e-16
398.75,8.385400038394754e-14,1.3965609600904372e-16
398.76,8.384394673686604e-14,1.395387074697993e-16
398.77,8.383375095705944e-14,1.3967131100209622e-16
398.78,8.382334999973968e-14,1.397423167408125e-16
398.79,8.381353137170798e-14,1.395455476703232e-16
398.8,8.3803516671031e-14,1.3966035448992581e-16
398.81,8.379320678809301e-14,1.397134616115657e-16
398.82,8.378245505226398e-14,1.3913354124584532e-16
398.83,8.377321051374965e-14,1.3943654028005865e-16
398.84,8.376299802831481e-14,1.3960350134642314e-16
398.85,8.375282141691014e-14,1.395002038389574e-16
398.86,8.374288318696795e-14,1.3963297859443428e-16
398.87,8.373252699435333e-14,1.3949041055105866e-16
398.88,8.372267631146843e-14,1.3921226156846003e-16
398.89,8.37125172299616e-14,1.3969464753740444e-16
398.9,8.370286942258022e-14,1.395423008923328e-16
398.91,8.369361981456495e-14,1.3998029291607374e-16
398.92,8.368245322770009e-14,1.3941739523295638e-16
398.93,8.36716391541582e-14,1.3929137029706726e-16
398.94,8.366190714324481e-14,1.3941629908061405e-16
398.95,8.365176399284865e-14,1.393778724800936e-16
398.96,8.364182160727963e-14,1.3961233035935384e-16
398.97,8.363188528689932e-14,1.3934006100693887e-16
398.98,8.362158267985648e-14,1.392970733906816e-16
398.99,8.361150310673294e-14,1.3942042832317535e-16
399.0,8.36015948123178e-14,1.3936161268618396e-16
399.01,8.359151654046193e-14,1.3913104684785965e-16
399.02,8.358133088895035e-14,1.3931036581228255e-16
399.03,8.357102857903162e-14,1.3929797242549673e-16
399.04,8.35613067467556e-14,1.3933599955643176e-16
399.05,8.355099720259574e-14,1.394166512044253e-16
399.06,8.354116718338469e-14,1.3907924380125342e-16
399.07,8.353061066904794e-14,1.3910787799671923e-16
399.08,8.352045913309933e-14,1.3906161087128264e-16
399.09,8.351010293074766e-14,1.391105897436596e-16
399.1,8.35008102586317e-14,1.3895986824675476e-16
399.11,8.349081225576586e-14,1.3919820542798155e-16
399.12,8.34803896770281e-14,1.390481571009012e-16
399.13,8.34705771431486e-14,1.3922437123658234e-16
399.14,8.34605847477072e-14,1.392579468349831e-16
399.15,8.345051249419337e-14,1.3935550900382855e-16
399.16,8.344047173581296e-14,1.3915070257631285e-16
399.17,8.343030567175404e-14,1.3931076186147232e-16
399.18,8.341932451355195e-14,1.3847999340283527e-16
399.19,8.341012561065343e-14,1.390663544087874e-16
399.2,8.34001637518839e-14,1.391273952176467e-16
399.21,8.339017961357273e-14,1.391922771942408e-16
399.22,8.338006937055502e-14,1.3904077081824104e-16
399.23,8.336998754729766e-14,1.3907375378573988e-16
399.24,8.335966816345267e-14,1.3897848733822333e-16
399.25,8.335019823816847e-14,1.391307767195452e-16
399.26,8.333984331924703e-14,1.390673232592471e-16
399.27,8.332963474593178e-14,1.3897943596357476e-16
399.28,8.331984207631935e-14,1.3910402037156418e-16
399.29,8.330974212398891e-14,1.3902446820007251e-16
399.3,8.329991081986494e-14,1.3876573733223752e-16
399.31,8.328964698754139e-14,1.390740388635568e-16
399.32,8.327970461268653e-14,1.3906644066658084e-16
399.33,8.327089086773446e-14,1.4032861179056803e-16
399.34,8.325987706054391e-14,1.3926925025328493e-16
399.35,8.3248466772631e-14,1.3867520531126395e-16
399.36,8.323874212017111e-14,1.3938255029007763e-16
399.37,8.322923242803063e-14,1.386808958557481e-16
399.38,8.321946973045743e-14,1.3907962788360045e-16
399.39,8.320920915607636e-14,1.3881795049429697e-16
399.4,8.319939735668909e-14,1.390858631180233e-16
399.41,8.318930743135037e-14,1.390590139315978e-16
399.42,8.317953717985516e-14,1.3883700259092068e-16
399.43,8.316963758759901e-14,1.3914864448420815e-16
399.44,8.315916813945399e-14,1.3953969637409075e-16
399.45,8.314920471528138e-14,1.3892690247812835e-16
399.46,8.313959694741658e-14,1.3911168835824968e-16
399.47,8.31286879851347e-14,1.385712710085732e-16
399.48,8.311931698970841e-14,1.3886661047563766e-16
399.49,8.310919760278643e-14,1.389522029671858e-16
399.5,8.309929528392936e-14,1.3893404413345137e-16
399.51,8.308851901036206e-14,1.3850786466076565e-16
399.52,8.307922270954317e-14,1.3892946915150502e-16
399.53,8.306918290314574e-14,1.385839431408166e-16
399.54,8.305813479610661e-14,1.388480886567133e-16
399.55,8.304958707515292e-14,1.3912827378669758e-16
399.56,8.303933382227961e-14,1.3886104392822908e-16
399.57,8.302927718177637e-14,1.3884864818306724e-16
399.58,8.301923964669626e-14,1.3887871944812197e-16
399.59,8.300893421648474e-14,1.387178102044592e-16
399.6,8.299908241515895e-14,1.387190172086363e-16
399.61,8.298933409349814e-14,1.3881571852955838e-16
399.62,8.2981189743183e-14,1.398630434865216e-16
399.63,8.296731307217026e-14,1.3834470000591501e-16
399.64,8.295935338459851e-14,1.3890889703112112e-16
399.65,8.294946723542609e-14,1.3886235839017527e-16
399.66,8.293927270964977e-14,1.3885174896397005e-16
399.67,8.292910284702471e-14,1.387347032566881e-16
399.68,8.291943866083715e-14,1.3885666441542174e-16
399.69,8.290902462031474e-14,1.3866108611799541e-16
399.7,8.28990346010169e-14,1.3877233585714641e-16
399.71,8.288964341946064e-14,1.386591083847162e-16
399.72,8.287914152736777e-14,1.3886988219338197e-16
399.73,8.286929653164557e-14,1.3878239450908195e-16
399.74,8.28593989884144e-14,1.3893044978528753e-16
399.75,8.284936596017688e-14,1.3875871550213696e-16
399.76,8.283932161589639e-14,1.3870243709937028e-16
399.77,8.282935702576114e-14,1.387716043404886e-16
399.78,8.28195206761937e-14,1.3897300918107304e-16
399.79,8.280942678580003e-14,1.3889589618267903e-16
399.8,8.279911379430309e-14,1.3888222037581718e-16
399.81,8.279104546325458e-14,1.38540069005172e-16
399.82,8.277935645429878e-14,1.388189063403812e-16
399.83,8.276930969806862e-14,1.3861400583796527e-16
399.84,8.27596668941857e-14,1.3875275050174338e-16
399.85,8.274938915400347e-14,1.3862803191474474e-16
399.86,8.273966257351847e-14,1.3852820205388368e-16
399.87,8.272960411151352e-14,1.3860074725815165e-16
399.88,8.271882967579442e-14,1.388153669277389e-16
399.89,8.271011009762843e-14,1.3881488860474444e-16
399.9,8.270113135935825e-14,1.3911555978794821e-16
399.91,8.269004818558844e-14,1.3871505338059881e-16
399.92,8.268011565735907e-14,1.3874280237633575e-16
399.93,8.267009594177535e-14,1.38660932013908e-16
399.94,8.26600356186212e-14,1.387968585802838e-16
399.95,8.26501692846351e-14,1.3870368806183834e-16
399.96,8.264004021771796e-14,1.38677959204203e-16
399.97,8.263080099173098e-14,1.3908000828001406e-16
399.98,8.262011751656335e-14,1.3865114819031937e-16
399.99,8.261064515619959e-14,1.389525640553009e-16
400.0,8.260042507612394e-14,1.3860279815914477e-16
400.01,8.259005012664187e-14,1.3826921441387824e-16
400.02,8.258045779531516e-14,1.3878759369288876e-16
400.03,8.257055637580836e-14,1.3875632204459287e-16
400.04,8.256054176564032e-14,1.3866337085682778e-16
400.05,8.25505734075344e-14,1.3861748939603814e-16
400.06,8.254072242257576e-14,1.3844298195575275e-16
400.07,8.253120528941284e-14,1.3946640683441587e-16
400.08,8.252096947779708e-14,1.3849314781086085e-16
400.09,8.251107203371645e-14,1.3865772468730647e-16
400.1,8.2501076095683e-14,1.385184465468685e-16
400.11,8.249100050381897e-14,1.3852067932836294e-16
400.12,8.248118417203739e-14,1.3861805168151034e-16
400.13,8.247180861851546e-14,1.3873672815511783e-16
400.14,8.246110009293694e-14,1.3854808471211182e-16
400.15,8.245221893065985e-14,1.3863003152599651e-16
400.16,8.244137279437394e-14,1.387830560195978e-16
400.17,8.243170757901512e-14,1.3863511812993222e-16
400.18,8.242139174797085e-14,1.3859772616729293e-16
400.19,8.241155117123283e-14,1.3834824131721193e-16
400.2,8.24016993933636e-14,1.3859581687483854e-16
400.21,8.239146557059388e-14,1.3832699041806028e-16
400.22,8.238214831858944e-14,1.3852187997582542e-16
400.23,8.237182429895259e-14,1.385433321588281e-16
400.24,8.236108228051467e-14,1.3754400490661904e-16
400.25,8.235238689897277e-14,1.3849547166089882e-16
400.26,8.234219127743576e-14,1.3819628515359323e-16
400.27,8.233238713621564e-14,1.3853886764219244e-16
400.28,8.232217145667822e-14,1.383113058414592e-16
400.29,8.23124831486353e-14,1.38453778470792e-16
400.3,8.230272340703675e-14,1.387316851893006e-16
400.31,8.229275564503349e-14,1.3852763412760894e-16
400.32,8.228270090015602e-14,1.3850861932002478e-16
400.33,8.227268773494223e-14,1.3858238547572177e-16
400.34,8.226268822580785e-14,1.384129192921748e-16
400.35,8.225361893820925e-14,1.3831304691314083e-16
400.36,8.22431012351363e-14,1.3851518884667716e-16
400.37,8.223323992940185e-14,1.385562217386319e-16
400.38,8.222323446926445e-14,1.3841769312508235e-16
400.39,8.221334281543296e-14,1.3849066050919883e-16
400.4,8.220368607425808e-14,1.3845441471558883e-16
400.41,8.219357774891475e-14,1.3851442679962153e-16
400.42,8.218606426826878e-14,1.399109691924812e-16
400.43,8.217384344539553e-14,1.3866941800872328e-16
400.44,8.216444995692696e-14,1.3839855486808612e-16
400.45,8.215433637228736e-14,1.3853550385036283e-16
400.46,8.214426969093152e-14,1.3846514839716672e-16
400.47,8.213451469859778e-14,1.386341960563875e-16
400.48,8.212437859395054e-14,1.3842301406896995e-16
400.49,8.211486291228296e-14,1.3863762697241146e-16
400.5,8.210448503755077e-14,1.3838291250225546e-16
400.51,8.209168930018106e-14,1.3465626537548215e-16
400.52,8.208505583463624e-14,1.3837439054042875e-16
400.53,8.20762974064117e-14,1.394919200858777e-16
400.54,8.206513439535871e-14,1.3833632744182404e-16
400.55,8.205505526157275e-14,1.3827718453454462e-16
400.56,8.204519219682253e-14,1.3842998591160985e-16
400.57,8.203540310571e-14,1.381930507006649e-16
400.58,8.202569033978826e-14,1.3834839522356122e-16
400.59,8.201568837197392e-14,1.3838573820941598e-16
400.6,8.200531886236226e-14,1.3827921762989102e-16
400.61,8.199617965951293e-14,1.384551675826981e-16
400.62,8.19840975650008e-14,1.375942817037421e-16
400.63,8.197636604886307e-14,1.3827955312934996e-16
400.64,8.196655954321266e-14,1.3827645996320807e-16
400.65,8.195624065971297e-14,1.382107028004385e-16
400.66,8.194664045599602e-14,1.3814953490099462e-16
400.67,8.193699819752762e-14,1.3842864771700756e-16
400.68,8.192727744399615e-14,1.384070220642196e-16
400.69,8.191702953239385e-14,1.380761459883016e-16
400.7,8.190734820468254e-14,1.3818319168406058e-16
400.71,8.189824788136534e-14,1.3772682820425634e-16
400.72,8.188741502626121e-14,1.3801766136598422e-16
400.73,8.187781415474825e-14,1.3831597099830965e-16
400.74,8.186772245815705e-14,1.3827296018600119e-16
400.75,8.185807075593935e-14,1.380233741902364e-16
400.76,8.184814081818604e-14,1.3806352539725085e-16
400.77,8.183873034830705e-14,1.38183426587474e-16
400.78,8.182870733620856e-14,1.3854800109508337e-16
400.79,8.181884897319594e-14,1.381002083670792e-16
400.8,8.18099091003325e-14,1.4019232389476287e-16
400.81,8.17990624898799e-14,1.382835890492585e-16
400.82,8.178932504435861e-14,1.381636945681767e-16
400.83,8.177939851993749e-14,1.381269359123038e-16
400.84,8.17693573453911e-14,1.3811530995639559e-16
400.85,8.17596211652179e-14,1.3805857037987486e-16
400.86,8.174995629575106e-14,1.3824703365001015e-16
400.87,8.174092577831948e-14,1.3861297323815596e-16
400.88,8.173036549707164e-14,1.383048400995442e-16
400.89,8.171341596613785e-14,1.360930305358884e-16
400.9,8.171057115419825e-14,1.3821509876342538e-16
400.91,8.17002466696984e-14,1.3802114794463204e-16
400.92,8.169090195407168e-14,1.381519893608818e-16
400.93,8.168116775379082e-14,1.381343160775888e-16
400.94,8.167154188667129e-14,1.382110825064801e-16
400.95,8.166122059849599e-14,1.3800512580904124e-16
400.96,8.165208125416602e-14,1.3823618569343723e-16
400.97,8.164158020274677e-14,1.3819154127866982e-16
400.98,8.163396482870562e-14,1.3813825321637707e-16
400.99,8.16222531946416e-14,1.3829075141416138e-16
401.0,8.161188119431584e-14,1.3802163078914174e-16
401.01,8.160272745418598e-14,1.3779704836744987e-16
401.02,8.159266805313064e-14,1.3802202681726754e-16
401.03,8.158281104428478e-14,1.3799105285121173e-16
401.04,8.157323820159701e-14,1.3802368798747539e-16
401.05,8.156355202619452e-14,1.3780680688490294e-16
401.06,8.155376551341776e-14,1.3816073053398244e-16
401.07,8.154399691610644e-14,1.3755167535937015e-16
401.08,8.153391214204629e-14,1.3792268048931345e-16
401.09,8.15239928097809e-14,1.376796546591044e-16
401.1,8.151429921496775e-14,1.3786546977722362e-16
401.11,8.150435730822969e-14,1.379466485954527e-16
401.12,8.149536088365179e-14,1.3823951588439876e-16
401.13,8.148504391263787e-14,1.3795990523474703e-16
401.14,8.147501529784032e-14,1.3790028598606716e-16
401.15,8.146495522263086e-14,1.378357024619966e-16
401.16,8.14563671507619e-14,1.378383003173064e-16
401.17,8.144573657005526e-14,1.3792470113768997e-16
401.18,8.1436086381265e-14,1.3784896164621483e-16
401.19,8.142593954374676e-14,1.377109141522982e-16
401.2,8.14167292728328e-14,1.3801050751698568e-16
401.21,8.140621703631922e-14,1.3785567369716252e-16
401.22,8.139662020115316e-14,1.3773435277182227e-16
401.23,8.138721217517587e-14,1.3772804274446768e-16
401.24,8.137722010322604e-14,1.3751642524883579e-16
401.25,8.136710273405162e-14,1.3765242537787516e-16
401.26,8.135775928829584e-14,1.377547747464358e-16
401.27,8.134761595512788e-14,1.3765529236030201e-16
401.28,8.133810059170593e-14,1.378190615557613e-16
401.29,8.13283557776137e-14,1.376748838716536e-16
401.3,8.131818652591423e-14,1.3733153402208286e-16
401.31,8.13086563648716e-14,1.3764152182937436e-16
401.32,8.129836927469766e-14,1.372633108496502e-16
401.33,8.128917535644703e-14,1.3771444698376283e-16
401.34,8.127953578030455e-14,1.3784064779007283e-16
401.35,8.126935911097882e-14,1.3748987090693705e-16
401.36,8.126071027658564e-14,1.3806601553491467e-16
401.37,8.125007426283247e-14,1.3754171989777277e-16
401.38,8.12401850503965e-14,1.3751643169717871e-16
401.39,8.123076583082784e-14,1.3775381961297236e-16
401.4,8.12210557104553e-14,1.3777296739826059e-16
401.41,8.120992488450459e-14,1.3684283992272708e-16
401.42,8.120160917955922e-14,1.3769182101356006e-16
401.43,8.119102300944132e-14,1.3744506043545768e-16
401.44,8.118207727132379e-14,1.376405989665886e-16
401.45,8.117204051164454e-14,1.375507600540776e-16
401.46,8.11623665322546e-14,1.375805860284115e-16
401.47,8.115263046354526e-14,1.3733901492651683e-16
401.48,8.114278126783505e-14,1.3745705781426015e-16
401.49,8.113275580934266e-14,1.373649897728807e-16
401.5,8.112491570279608e-14,1.3740360399515388e-16
401.51,8.111385127002487e-14,1.3740659846311495e-16
401.52,8.110416560656783e-14,1.3737987060824982e-16
401.53,8.109406781387034e-14,1.3738195437813766e-16
401.54,8.108441540289763e-14,1.37405190432594e-16
401.55,8.107453464066732e-14,1.3737441931399492e-16
401.56,8.106480922794647e-14,1.3731154012180971e-16
401.57,8.105466638136854e-14,1.3718365244776126e-16
401.58,8.104539311468791e-14,1.371608221387719e-16
401.59,8.103551014718592e-14,1.3783444747262192e-16
401.6,8.102554877570306e-14,1.3659706026158608e-16
401.61,8.101619167258631e-14,1.371549411370598e-16
401.62,8.100655480122181e-14,1.3735969247805153e-16
401.63,8.099677506280386e-14,1.371679506929568e-16
401.64,8.098695383595691e-14,1.3714804521690761e-16
401.65,8.097734654720818e-14,1.37093520288953e-16
401.66,8.096782239386333e-14,1.3724300294966057e-16
401.67,8.095784330765663e-14,1.370417911374263e-16
401.68,8.094842818721765e-14,1.3725712492271637e-16
401.69,8.093836033273204e-14,1.367932178314007e-16
401.7,8.092902001739054e-14,1.3703303984597895e-16
401.71,8.091841818715585e-14,1.3692149118642074e-16
401.72,8.09094010352561e-14,1.3703508868493993e-16
401.73,8.089949099880112e-14,1.3697396921158915e-16
401.74,8.088982908904987e-14,1.3704115007806158e-16
401.75,8.088018430467192e-14,1.3693543184651785e-16
401.76,8.08703180564034e-14,1.3693712074232278e-16
401.77,8.086025980291436e-14,1.3690963706757313e-16
401.78,8.08490657197154e-14,1.3651668963185366e-16
401.79,8.084102236953955e-14,1.3686991184192923e-16
401.8,8.083095476872007e-14,1.373187410205018e-16
401.81,8.082180073879991e-14,1.3691402680681178e-16
401.82,8.081219265145085e-14,1.3681284609084246e-16
401.83,8.08022988052201e-14,1.360712548060513e-16
401.84,8.079268754330291e-14,1.3677017053272923e-16
401.85,8.078284739608068e-14,1.3658285307169243e-16
401.86,8.077309528073045e-14,1.3634535774947313e-16
401.87,8.076394265083871e-14,1.37159491074064e-16
401.88,8.075362214966796e-14,1.3664788258028013e-16
401.89,8.074499836786363e-14,1.3732880605837821e-16
401.9,8.07342748253816e-14,1.364817658414901e-16
401.91,8.072472522038205e-14,1.3664482205922814e-16
401.92,8.071613069247957e-14,1.3698459006223962e-16
401.93,8.070556004682871e-14,1.3668339209466615e-16
401.94,8.069596011522083e-14,1.3654961163110666e-16
401.95,8.068631505446604e-14,1.3676579191751077e-16
401.96,8.067637823599554e-14,1.3638484922508825e-16
401.97,8.066715582593821e-14,1.3667143187693954e-16
401.98,8.065705004800607e-14,1.3649663836567048e-16
401.99,8.064726890197543e-14,1.364914921419787e-16
402.0,8.063768514628218e-14,1.3642706027804713e-16
402.01,8.062802944553686e-14,1.364939457063834e-16
402.02,8.061841255102099e-14,1.3641156793963363e-16
402.03,8.060858689544742e-14,1.3632770737233825e-16
402.04,8.059875826450402e-14,1.3660291548243322e-16
402.05,8.058947287780907e-14,1.3658833942102004e-16
402.06,8.057941497694626e-14,1.3613883371884225e-16
402.07,8.056979373218117e-14,1.3632189663743485e-16
402.08,8.056033827867727e-14,1.362588371449419e-16
402.09,8.055093818914427e-14,1.358576035027155e-16
402.1,8.054093799941326e-14,1.3625424660013623e-16
402.11,8.053113991409932e-14,1.361244798657126e-16
402.12,8.05216070870542e-14,1.3594211731541538e-16
402.13,8.051260713238678e-14,1.3702081275800922e-16
402.14,8.050229337266477e-14,1.3602919543890314e-16
402.15,8.049256623623882e-14,1.360242392640614e-16
402.16,8.048302981434336e-14,1.3614046454230383e-16
402.17,8.04731019548504e-14,1.3604235402549602e-16
402.18,8.046368166145867e-14,1.3592588323904712e-16
402.19,8.045380830936868e-14,1.3588570199045086e-16
402.2,8.044421742558852e-14,1.3576775747544985e-16
402.21,8.04348919450497e-14,1.3600485236111537e-16
402.22,8.04256864974544e-14,1.3618009655851384e-16
402.23,8.041546375486566e-14,1.3593556559756932e-16
402.24,8.040602039858351e-14,1.3576889650879217e-16
402.25,8.039607621000224e-14,1.358384125408733e-16
402.26,8.038642786388329e-14,1.3591035078717749e-16
402.27,8.037697709767344e-14,1.3583609822294516e-16
402.28,8.036742739866831e-14,1.357268065982128e-16
402.29,8.035759969412985e-14,1.357373009291126e-16
402.3,8.03473459583058e-14,1.3564363963872804e-16
402.31,8.033894915183675e-14,1.354473647564923e-16
402.32,8.032929227780202e-14,1.36217863272683e-16
402.33,8.031888486476609e-14,1.3561399935931921e-16
402.34,8.03099101540366e-14,1.3583077606353418e-16
402.35,8.02999384717906e-14,1.3547343871073142e-16
402.36,8.029021175905487e-14,1.3566155197359064e-16
402.37,8.028063109801394e-14,1.3548604653398157e-16
402.38,8.027083605452413e-14,1.355219998630313e-16
402.39,8.02613282262981e-14,1.3564178324398667e-16
402.4,8.02513031042081e-14,1.3540630649981784e-16
402.41,8.024233852021886e-14,1.3541738675563782e-16
402.42,8.023231985937657e-14,1.3551766769849945e-16
402.43,8.022321130814499e-14,1.3571056436968883e-16
402.44,8.021313666500087e-14,1.352790677767547e-16
402.45,8.020371924535665e-14,1.3532555710297075e-16
402.46,8.019411210646043e-14,1.3530898872226122e-16
402.47,8.018442020913831e-14,1.3537300521185335e-16
402.48,8.017459321127142e-14,1.3530992753732664e-16
402.49,8.016549717662898e-14,1.3527785768012186e-16
402.5,8.015556938290481e-14,1.3521345458340125e-16
402.51,8.014584263229354e-14,1.3521851106413217e-16
402.52,8.013635416063739e-14,1.351742317289727e-16
402.53,8.012678735751599e-14,1.3503032832080902e-16
402.54,8.011714528339311e-14,1.3514620763013555e-16
402.55,8.010743451547665e-14,1.350486870818741e-16
402.56,8.009778964095517e-14,1.3501576664122405e-16
402.57,8.008819224771447e-14,1.3500199426746133e-16
402.58,8.00788936372611e-14,1.3501769231421517e-16
402.59,8.006899464104453e-14,1.34892014230876e-16
402.6,8.005964524690368e-14,1.3486540575783648e-16
402.61,8.004993885382216e-14,1.3492888204056342e-16
402.62,8.004041714693377e-14,1.349716168241413e-16
402.63,8.003060559447585e-14,1.34986734982912e-16
402.64,8.002135511121734e-14,1.3500551463997596e-16
402.65,8.001152152419223e-14,1.3464021495557218e-16
402.66,8.000227052788925e-14,1.3480691767141573e-16
402.67,7.999238561754122e-14,1.3471962867799067e-16
402.68,7.998285380340537e-14,1.3442072976762255e-16
402.69,7.997336260007411e-14,1.3467191202506834e-16
402.7,7.996353463388599e-14,1.3466683796420693e-16
402.71,7.995424264062015e-14,1.3468882917146394e-16
402.72,7.994477757573452e-14,1.3472551515660123e-16
402.73,7.993508001647144e-14,1.3461521421381484e-16
402.74,7.992566370468751e-14,1.3454709740777375e-16
402.75,7.99158183350987e-14,1.3448359720176168e-16
402.76,7.990580091646296e-14,1.3435267971202178e-16
402.77,7.989628629117056e-14,1.3432324557447636e-16
402.78,7.988694752475428e-14,1.3426496114871364e-16
402.79,7.987772479488334e-14,1.3444245541047162e-16
402.8,7.986805507511758e-14,1.3457675952236893e-16
402.81,7.985903520727172e-14,1.3435609309491427e-16
402.82,7.984882166446494e-14,1.3433753274707176e-16
402.83,7.983942760614739e-14,1.3421865079182506e-16
402.84,7.982987957195971e-14,1.3438407629618858e-16
402.85,7.982031519093352e-14,1.3415040179429302e-16
402.86,7.981057478624405e-14,1.3407593172141474e-16
402.87,7.980116361264557e-14,1.3433120617553965e-16
402.88,7.979177178935396e-14,1.34088042281465e-16
402.89,7.978207292203982e-14,1.340782513203463e-16
402.9,7.977226038983789e-14,1.3470341829241386e-16
402.91,7.976255165609936e-14,1.3423888197008053e-16
402.92,7.975302117321305e-14,1.3384616181379807e-16
402.93,7.974388860729683e-14,1.3413771191274908e-16
402.94,7.97339377696049e-14,1.3421691212867805e-16
402.95,7.972450242531464e-14,1.338695835980667e-16
402.96,7.971507509352873e-14,1.33809911147036e-16
402.97,7.970534726263364e-14,1.3388747290275696e-16
402.98,7.969582025242418e-14,1.3396171457098667e-16
402.99,7.96865687660681e-14,1.3368292331573801e-16
403.0,7.967701616894943e-14,1.3374932483596518e-16
403.01,7.966784946112887e-14,1.3392497657940606e-16
403.02,7.965810609300551e-14,1.337202640904013e-16
403.03,7.964809303294441e-14,1.334915783352401e-16
403.04,7.963908824350908e-14,1.3381790039761526e-16
403.05,7.962935634852694e-14,1.3364712380825502e-16
403.06,7.961966426840079e-14,1.3343487601853265e-16
403.07,7.961001994128379e-14,1.3345125169435578e-16
403.08,7.960059172865183e-14,1.3322860471776256e-16
403.09,7.959127068184894e-14,1.3344698014919756e-16
403.1,7.958169824603169e-14,1.3365668491104712e-16
403.11,7.957198883046189e-14,1.3314285838621665e-16
403.12,7.956304909614465e-14,1.3331339492781267e-16
403.13,7.955315634316247e-14,1.3342945719493154e-16
403.14,7.954375140756645e-14,1.333979248370805e-16
403.15,7.953388065629882e-14,1.335079992337197e-16
403.16,7.952446985774223e-14,1.330147064030419e-16
403.17,7.951525717978817e-14,1.3329381050291103e-16
403.18,7.950508237745345e-14,1.331334937790377e-16
403.19,7.949616689669276e-14,1.3324228534077211e-16
403.2,7.948654224307194e-14,1.3363737580712626e-16
403.21,7.947700961546811e-14,1.3309658852549044e-16
403.22,7.946758793972595e-14,1.3312002568909843e-16
403.23,7.945811291293681e-14,1.3315415722613051e-16
403.24,7.944780802935328e-14,1.323698875954082e-16
403.25,7.943894745950404e-14,1.331042050913113e-16
403.26,7.942978928594532e-14,1.330774576615567e-16
403.27,7.942021483594404e-14,1.3329906641623236e-16
403.28,7.941066813745061e-14,1.3282291203237607e-16
403.29,7.940213150163258e-14,1.3287676792984182e-16
403.3,7.939121762057097e-14,1.3317781717254211e-16
403.31,7.938209509598899e-14,1.3284089769951492e-16
403.32,7.937298881342735e-14,1.3276377389753654e-16
403.33,7.936257533977911e-14,1.3214064104123363e-16
403.34,7.935356830111062e-14,1.326577549617297e-16
403.35,7.934422075064493e-14,1.3271653317250237e-16
403.36,7.93350623998537e-14,1.3231054157868878e-16
403.37,7.932515225836245e-14,1.327046068984601e-16
403.38,7.93147343353042e-14,1.317923849450394e-16
403.39,7.930670772822157e-14,1.3233426503063437e-16
403.4,7.929704206036071e-14,1.324153514513144e-16
403.41,7.928767820988793e-14,1.3301033060368281e-16
403.42,7.92778748296953e-14,1.325428305483702e-16
403.43,7.926828925042225e-14,1.3237695270843589e-16
403.44,7.925904002444945e-14,1.3256573747917142e-16
403.45,7.924913799425741e-14,1.3222336875601705e-16
403.46,7.923961173436625e-14,1.3222012819216444e-16
403.47,7.923131037864805e-14,1.3295788006424538e-16
403.48,7.922121892518565e-14,1.3241936985889214e-16
403.49,7.921178063153029e-14,1.323791524064463e-16
403.5,7.920217823124131e-14,1.322487634175273e-16
403.51,7.919267663097292e-14,1.3223772518119047e-16
403.52,7.918321001034826e-14,1.3219531037054758e-16
403.53,7.917385214642973e-14,1.3210838444670002e-16
403.54,7.916443687806475e-14,1.3195356576003095e-16
403.55,7.915513585610358e-14,1.3246365835411888e-16
403.56,7.914444575795467e-14,1.3208936092349864e-16
403.57,7.913444551217765e-14,1.3218277157804542e-16
403.58,7.912645237581853e-14,1.3188146032048137e-16
403.59,7.911694345086682e-14,1.3186003792471293e-16
403.6,7.910761239283086e-14,1.319356628613054e-16
403.61,7.90981847716368e-14,1.318258757218153e-16
403.62,7.908889527995624e-14,1.3192962799036925e-16
403.63,7.907904537694728e-14,1.3181609109753207e-16
403.64,7.906975129853417e-14,1.3186337089980618e-16
403.65,7.906056851637489e-14,1.3197649595981743e-16
403.66,7.905086395238972e-14,1.3158947512327375e-16
403.67,7.904150723271664e-14,1.3175454591927548e-16
403.68,7.903192509607238e-14,1.315737102757893e-16
403.69,7.902274473941284e-14,1.3161446128098864e-16
403.7,7.901325821751161e-14,1.3182188273306535e-16
403.71,7.900386827905711e-14,1.3169290241224765e-16
403.72,7.899423053153563e-14,1.3142815620557984e-16
403.73,7.898482131115312e-14,1.314847452679738e-16
403.74,7.897580401612278e-14,1.3166109681466883e-16
403.75,7.896574811110959e-14,1.310266261065105e-16
403.76,7.89565117540033e-14,1.3139328494839077e-16
403.77,7.894722562376507e-14,1.315613234206808e-16
403.78,7.893784383377869e-14,1.3129869654832688e-16
403.79,7.892829187107593e-14,1.314258363257074e-16
403.8,7.89198088352096e-14,1.3165355593278607e-16
403.81,7.890966262802705e-14,1.312825114237297e-16
403.82,7.889981465663039e-14,1.3071924736793926e-16
403.83,7.889055019513581e-14,1.313363431693661e-16
403.84,7.888242119599079e-14,1.3134510779536685e-16
403.85,7.887205974372672e-14,1.3114344686192536e-16
403.86,7.886210783669166e-14,1.3112586209645934e-16
403.87,7.88534011605574e-14,1.3112035157647646e-16
403.88,7.884334589542346e-14,1.3106909476208733e-16
403.89,7.883411738142013e-14,1.3101166460583495e-16
403.9,7.882507748462723e-14,1.3092349884617252e-16
403.91,7.881568610072134e-14,1.307013804034443e-16
403.92,7.880559046818053e-14,1.3097521429887062e-16
403.93,7.879676584458443e-14,1.306946148718379e-16
403.94,7.87872863667874e-14,1.3082942021025483e-16
403.95,7.877798754746828e-14,1.3084457429548877e-16
403.96,7.876821294230938e-14,1.3072142964814353e-16
403.97,7.875897447279995e-14,1.3072572117117156e-16
403.98,7.874977840897605e-14,1.3075541149557207e-16
403.99,7.874030458624287e-14,1.3083145565002233e-16
404.0,7.873139426736937e-14,1.3041273729347662e-16
404.01,7.87212340003483e-14,1.3095482602267773e-16
404.02,7.871204756974727e-14,1.3070809089855367e-16
404.03,7.87029023320823e-14,1.308524428124614e-16
404.04,7.869314744112797e-14,1.3054113218069146e-16
404.05,7.868412247118603e-14,1.3059923058661722e-16
404.06,7.867498884623245e-14,1.3135057571831852e-16
404.07,7.866510962173505e-14,1.3056621857320465e-16
404.08,7.8655839920167e-14,1.3044607050587956e-16
404.09,7.864660657340057e-14,1.311032622735032e-16
404.1,7.863712110517209e-14,1.3041747201452032e-16
404.11,7.86277526366755e-14,1.302284222724596e-16
404.12,7.86182379942039e-14,1.303275407781842e-16
404.13,7.860867198736209e-14,1.3002467175757782e-16
404.14,7.859970120377638e-14,1.3035215271215358e-16
404.15,7.859045208708507e-14,1.3019961887477114e-16
404.16,7.858099180368423e-14,1.302611878782337e-16
404.17,7.857187749190907e-14,1.303345816160266e-16
404.18,7.856290995007128e-14,1.3071580094698193e-16
404.19,7.855245234516748e-14,1.3011376125128493e-16
404.2,7.854333399821187e-14,1.3042061490298006e-16
404.21,7.853391742520122e-14,1.3021992231498933e-16
404.22,7.85247604340418e-14,1.3023373563528866e-16
404.23,7.851530563249471e-14,1.300660502136251e-16
404.24,7.850589483190396e-14,1.3006840664674586e-16
404.25,7.849662909451105e-14,1.3003821612361639e-16
404.26,7.848722308277124e-14,1.300122879961099e-16
404.27,7.848015643524701e-14,1.2940874268783882e-16
404.28,7.846854467000557e-14,1.3000314504310007e-16
404.29,7.84582855383632e-14,1.2947832992868359e-16
404.3,7.844993617967833e-14,1.299337958082615e-16
404.31,7.844050353754585e-14,1.3008297181268301e-16
404.32,7.84310315802068e-14,1.2965912301831973e-16
404.33,7.84218953245872e-14,1.2979125963995563e-16
404.34,7.841248546708514e-14,1.2947366723473918e-16
404.35,7.84035833314054e-14,1.2983916164906785e-16
404.36,7.838690978034709e-14,1.2832981927648916e-16
404.37,7.838429325115285e-14,1.2939963220166497e-16
404.38,7.837465133448451e-14,1.2933799785839057e-16
404.39,7.83657033594545e-14,1.2946196783320418e-16
404.4,7.835631149564061e-14,1.2950344379389442e-16
404.41,7.834708592394136e-14,1.2950139808583094e-16
404.42,7.833787561319848e-14,1.2957677132667244e-16
404.43,7.83284022374144e-14,1.294180342144561e-16
404.44,7.83192927281472e-14,1.2955340402676123e-16
404.45,7.830979823544654e-14,1.3103489476448293e-16
404.46,7.830023256434543e-14,1.2933577335148622e-16
404.47,7.829020124064085e-14,1.2847971033435564e-16
404.48,7.828187034620099e-14,1.2936851494892936e-16
404.49,7.827259131263774e-14,1.2945081669471732e-16
404.5,7.826355182108038e-14,1.2939266460802506e-16
404.51,7.825392615772778e-14,1.2970474583013815e-16
404.52,7.824462390135598e-14,1.2927296806267448e-16
404.53,7.823539951999514e-14,1.292540967745271e-16
404.54,7.82265072896751e-14,1.2925085288282875e-16
404.55,7.82168805011634e-14,1.2933867078255634e-16
404.56,7.820746086981941e-14,1.2997095253533473e-16
404.57,7.819855554366943e-14,1.2979691490911686e-16
404.58,7.818858980731633e-14,1.2914880685811143e-16
404.59,7.81794937559206e-14,1.2930430319623028e-16
404.6,7.8170026899482e-14,1.2904280975182996e-16
404.61,7.816072171741648e-14,1.2905687220926479e-16
404.62,7.815158327644796e-14,1.291687974843836e-16
404.63,7.814335353014563e-14,1.2972707094494372e-16
404.64,7.813335102434733e-14,1.291480515100601e-16
404.65,7.812330573105693e-14,1.2856243076890052e-16
404.66,7.811408057418781e-14,1.2887464835053986e-16
404.67,7.810499622239503e-14,1.2889251036381434e-16
404.68,7.809583681215345e-14,1.2905156827243572e-16
404.69,7.808646696073043e-14,1.2910297940747632e-16
404.7,7.807740101669632e-14,1.2919548676767602e-16
404.71,7.80677706169023e-14,1.2886233861461647e-16
404.72,7.805846231460614e-14,1.2851183733221753e-16
404.73,7.80495969107035e-14,1.2869976254138068e-16
404.74,7.803901472545781e-14,1.263151245491028e-16
404.75,7.803069172808024e-14,1.2873309925172104e-16
404.76,7.802141546760811e-14,1.286042342326358e-16
404.77,7.801199710081839e-14,1.2873012524452151e-16
404.78,7.800293223431e-14,1.2880196500657593e-16
404.79,7.799347863566357e-14,1.285503381699755e-16
404.8,7.798440855943972e-14,1.2866882430549817e-16
404.81,7.797498984748651e-14,1.2870442949749007e-16
404.82,7.796636252097125e-14,1.2868178044011058e-16
404.83,7.795818692801244e-14,1.3141522126475554e-16
404.84,7.794715118207774e-14,1.2861242848762345e-16
404.85,7.793796793782439e-14,1.2865502251746532e-16
404.86,7.792872107579873e-14,1.285418373845591e-16
404.87,7.791961418191552e-14,1.2865503053612805e-16
404.88,7.791060149622726e-14,1.289549759526143e-16
404.89,7.790086997649238e-14,1.2850048784264405e-16
404.9,7.789088886096418e-14,1.2829154603096834e-16
404.91,7.788152542748135e-14,1.2803625460085424e-16
404.92,7.787341984597461e-14,1.2822608488809575e-16
404.93,7.78638117534869e-14,1.28333716871602e-16
404.94,7.785502555586734e-14,1.2848462206735639e-16
404.95,7.784530409316857e-14,1.276581045176267e-16
404.96,7.783595096178585e-14,1.2816518769043322e-16
404.97,7.782670483457037e-14,1.281787311724428e-16
404.98,7.781736256874607e-14,1.282680505234233e-16
404.99,7.780826064827603e-14,1.2860813670814145e-16
405.0,7.779901523930289e-14,1.281405788993415e-16
405.01,7.779018653612061e-14,1.2862672042752445e-16
405.02,7.778052246086475e-14,1.2813384629113286e-16
405.03,7.777139845641298e-14,1.282326066971947e-16
405.04,7.776198412621787e-14,1.279975531328869e-16
405.05,7.77527258946083e-14,1.2820625475790776e-16
405.06,7.774325415428538e-14,1.2766299004558654e-16
405.07,7.773430991911718e-14,1.2813344177290609e-16
405.08,7.772515458351829e-14,1.280793643147426e-16
405.09,7.77161718789007e-14,1.2832565392618272e-16
405.1,7.770500732972674e-14,1.2736867782597372e-16
405.11,7.769745436010597e-14,1.279696143945176e-16
405.12,7.76878081659993e-14,1.2798601227822792e-16
405.13,7.76786926665034e-14,1.279538085599484e-16
405.14,7.766953942941877e-14,1.279866522015858e-16
405.15,7.766052362591605e-14,1.2803882438577593e-16
405.16,7.76509443689422e-14,1.2782461956274375e-16
405.17,7.764121291294828e-14,1.277187740098332e-16
405.18,7.76327417262578e-14,1.2792797642929877e-16
405.19,7.762352385717891e-14,1.2797094647608923e-16
405.2,7.761433806733291e-14,1.279023967520452e-16
405.21,7.76051645667849e-14,1.2786368865168838e-16
405.22,7.759517467745054e-14,1.275741370881463e-16
405.23,7.758617585594633e-14,1.2774928543416102e-16
405.24,7.75773600730058e-14,1.2790142224327353e-16
405.25,7.756790588209774e-14,1.2771588397985623e-16
405.26,7.755760401467178e-14,1.2754136930870097e-16
405.27,7.755004529514882e-14,1.2770820111976186e-16
405.28,7.754031734806472e-14,1.2760920788535208e-16
405.29,7.753183811386845e-14,1.2772785450905993e-16
405.3,7.752235039376858e-14,1.2762370169323463e-16
405.31,7.751287206605933e-14,1.2749967823855222e-16
405.32,7.750362989763077e-14,1.2756397942154365e-16
405.33,7.749460113091299e-14,1.2756429851742713e-16
405.34,7.748494744978842e-14,1.2812306347834511e-16
405.35,7.747596824329783e-14,1.269221727228237e-16
405.36,7.746690477426235e-14,1.273757828744669e-16
405.37,7.745802019327188e-14,1.2786477717992267e-16
405.38,7.744845721917817e-14,1.274951053529986e-16
405.39,7.743943416709316e-14,1.2738714088349925e-16
405.4,7.743000219188807e-14,1.2753870145830783e-16
405.41,7.742097773679906e-14,1.2728890310509368e-16
405.42,7.741165875771496e-14,1.2744253262627653e-16
405.43,7.740236124052672e-14,1.273885204198511e-16
405.44,7.739560650920199e-14,1.2883190267003783e-16
405.45,7.738431264416575e-14,1.2774566371940933e-16
405.46,7.73750220493354e-14,1.2733286003495494e-16
405.47,7.736569913315957e-14,1.2722371111171867e-16
405.48,7.735602883595853e-14,1.2726853058712853e-16
405.49,7.73473044672047e-14,1.2736038793432326e-16
405.5,7.73385412233953e-14,1.273290302584896e-16
405.51,7.732917399705588e-14,1.2723499187241733e-16
405.52,7.731986113786436e-14,1.2726554443786027e-16
405.53,7.731140714333649e-14,1.274793371633186e-16
405.54,7.730027680756809e-14,1.2614811758195331e-16
405.55,7.72920112679373e-14,1.27300815138963e-16
405.56,7.728302958925981e-14,1.2717243033178475e-16
405.57,7.727387113502534e-14,1.2715507732395817e-16
405.58,7.726479647973681e-14,1.2717193922571828e-16
405.59,7.725498134377909e-14,1.271717468241532e-16
405.6,7.724637056615509e-14,1.271456257072649e-16
405.61,7.723696103148007e-14,1.2715305473163945e-16
405.62,7.722829679077677e-14,1.2755013701662548e-16
405.63,7.721865912172955e-14,1.2747923186171129e-16
405.64,7.720926388573385e-14,1.269116156363993e-16
405.65,7.720043297689638e-14,1.2686186908590623e-16
405.66,7.719138476695707e-14,1.2705898918264171e-16
405.67,7.718193603551266e-14,1.2698127497280132e-16
405.68,7.717259348034852e-14,1.2700104293488647e-16
405.69,7.716306123819383e-14,1.2699605942636935e-16
405.7,7.71543793384609e-14,1.2675351987752187e-16
405.71,7.714451576327728e-14,1.2674219004446086e-16
405.72,7.71380710499109e-14,1.2719470412959744e-16
405.73,7.712718851930504e-14,1.2699490667734722e-16
405.74,7.711791168811874e-14,1.2720467766764536e-16
405.75,7.710892877977139e-14,1.2692872728088435e-16
405.76,7.710018521727271e-14,1.2696068511259564e-16
405.77,7.709119847853001e-14,1.2704029911042708e-16
405.78,7.70814179098624e-14,1.2695855040526155e-16
405.79,7.707234156443719e-14,1.268695461190451e-16
405.8,7.706408376448045e-14,1.2668482082775462e-16
405.81,7.705443881902799e-14,1.2732223319792098e-16
405.82,7.704498701458793e-14,1.268476208144032e-16
405.83,7.703553852640387e-14,1.27059153573851e-16
405.84,7.702648711289228e-14,1.267840031344356e-16
405.85,7.701715921266173e-14,1.2659676478826455e-16
405.86,7.700808228862711e-14,1.2693096870335056e-16
405.87,7.699906435185738e-14,1.2673195033035965e-16
405.88,7.69898739853348e-14,1.2672545187121058e-16
405.89,7.69799099880397e-14,1.266238560086561e-16
405.9,7.697187685683826e-14,1.268559955355775e-16
405.91,7.696271523554652e-14,1.2681508930371222e-16
405.92,7.695372157899564e-14,1.2687725385412163e-16
405.93,7.694437096358812e-14,1.2659143881074366e-16
405.94,7.693527812361446e-14,1.26687704786039e-16
405.95,7.692628829768499e-14,1.2672020482766848e-16
405.96,7.691680760869313e-14,1.2670126541794725e-16
405.97,7.690790086375398e-14,1.2659103497419997e-16
405.98,7.689851842894762e-14,1.26562492696946e-16
405.99,7.689002012313012e-14,1.26768842734615e-16
406.0,7.688025682276418e-14,1.2659915592903397e-16
406.01,7.687143508405513e-14,1.265867981219456e-16
406.02,7.68620416351557e-14,1.265811135273779e-16
406.03,7.685393232832111e-14,1.268921933360909e-16
406.04,7.684391283328722e-14,1.2656896783260677e-16
406.05,7.683494857203429e-14,1.265515448229827e-16
406.06,7.682568560498789e-14,1.26614761270178e-16
406.07,7.681655072061229e-14,1.2666987657255555e-16
406.08,7.680753250225282e-14,1.2675490196788146e-16
406.09,7.679816276903724e-14,1.2647808906703616e-16
406.1,7.678964013650677e-14,1.2664598161109147e-16
406.11,7.678026671932748e-14,1.2630708706753559e-16
406.12,7.677114992912095e-14,1.2642496752854918e-16
406.13,7.676199858290918e-14,1.2648981087380152e-16
406.14,7.675266337210606e-14,1.2636243462426757e-16
406.15,7.674368126612371e-14,1.2602976799777075e-16
406.16,7.673457440679409e-14,1.2603731356428295e-16
406.17,7.672555594461699e-14,1.2648858022622694e-16
406.18,7.671629658303783e-14,1.263456827677234e-16
406.19,7.670716215381562e-14,1.2636969173930293e-16
406.2,7.669828922492262e-14,1.262630152588013e-16
406.21,7.668971757107118e-14,1.262462598213803e-16
406.22,7.667994429523174e-14,1.2628095859457843e-16
406.23,7.667139315675576e-14,1.264999445449749e-16
406.24,7.666216898454233e-14,1.2631150320310243e-16
406.25,7.665237256847614e-14,1.2622704920118258e-16
406.26,7.664383468734755e-14,1.2630960689501276e-16
406.27,7.663446350348579e-14,1.2633782664466575e-16
406.28,7.662535125393691e-14,1.2628605362450162e-16
406.29,7.661640127529382e-14,1.2628857147038472e-16
406.3,7.660729765558572e-14,1.2627528078722046e-16
406.31,7.659831379566262e-14,1.2622365146316727e-16
406.32,7.65888700530055e-14,1.2613227864678559e-16
406.33,7.658030445262344e-14,1.2632105692481218e-16
406.34,7.657137309813914e-14,1.2605080629894872e-16
406.35,7.656186955779673e-14,1.2643877389497004e-16
406.36,7.655303060321131e-14,1.2643202898723939e-16
406.37,7.654369772616743e-14,1.2613751942879594e-16
406.38,7.65345514155102e-14,1.2623948984119268e-16
406.39,7.652551380185257e-14,1.2617306085221738e-16
406.4,7.651659575878068e-14,1.2631887987505777e-16
406.41,7.650725363828638e-14,1.2618187495527222e-16
406.42,7.649842241233335e-14,1.263205685679902e-16
406.43,7.648920033375899e-14,1.2592978518489043e-16
406.44,7.648000982595813e-14,1.2626511167839984e-16
406.45,7.647127460093515e-14,1.26253100441999e-16
406.46,7.646211347258762e-14,1.2621923957962837e-16
406.47,7.645303232012465e-14,1.260922271200601e-16
406.48,7.644402308377756e-14,1.2609357889961385e-16
406.49,7.643491336276171e-14,1.2621490308671164e-16
406.5,7.64259802572846e-14,1.2616925942405304e-16
406.51,7.641677295935874e-14,1.260345837876278e-16
406.52,7.640780822226235e-14,1.2611917814938723e-16
406.53,7.639865517947789e-14,1.2620659336108473e-16
406.54,7.638939818004495e-14,1.260572185041222e-16
406.55,7.638061973331308e-14,1.2608725871981524e-16
406.56,7.637142409628017e-14,1.2612063845267919e-16
406.57,7.636273951316287e-14,1.2595404843782466e-16
406.58,7.635332931782336e-14,1.2586509642477419e-16
406.59,7.634463520477588e-14,1.261078349416196e-16
406.6,7.633538548458684e-14,1.2601235065383104e-16
406.61,7.632646475683161e-14,1.2617928539285186e-16
406.62,7.631698492297267e-14,1.2617423820581277e-16
406.63,7.630831923565827e-14,1.2607002512567357e-16
406.64,7.629918128653088e-14,1.2614331333937084e-16
406.65,7.629014420851274e-14,1.2600445248364377e-16
406.66,7.628103557187421e-14,1.2593154927476425e-16
406.67,7.62719288111659e-14,1.260149311156899e-16
406.68,7.62630987100404e-14,1.259689072293424e-16
406.69,7.625385142022881e-14,1.259719141167585e-16
406.7,7.624570819165538e-14,1.263576101831701e-16
406.71,7.623624402607283e-14,1.2629482300846079e-16
406.72,7.622666509534424e-14,1.2571718847887456e-16
406.73,7.621767278590841e-14,1.2585687343430317e-16
406.74,7.620867003112123e-14,1.2589165128181889e-16
406.75,7.619940812313589e-14,1.2563717393732633e-16
406.76,7.61906163864716e-14,1.2575966763036997e-16
406.77,7.618191711188164e-14,1.259980543773829e-16
406.78,7.617255530898645e-14,1.2598800961582658e-16
406.79,7.616374353168005e-14,1.261562629153177e-16
406.8,7.615472729613386e-14,1.2602107525497602e-16
406.81,7.614578634055492e-14,1.2579850608491196e-16
406.82,7.613638876578047e-14,1.2595695294099488e-16
406.83,7.612752404844596e-14,1.2579794264763494e-16
406.84,7.611840760745786e-14,1.259246615899705e-16
406.85,7.610939526340497e-14,1.255209438679497e-16
406.86,7.610053827666309e-14,1.2574282593436562e-16
406.87,7.609142662149877e-14,1.2567656813881742e-16
406.88,7.608245650593558e-14,1.2575348398334884e-16
406.89,7.607355670894059e-14,1.2587968858604652e-16
406.9,7.606450004111707e-14,1.2580983715929972e-16
406.91,7.60552752362532e-14,1.2590010512615288e-16
406.92,7.604662411928569e-14,1.2623026072307095e-16
406.93,7.603728030320556e-14,1.25684806771006e-16
406.94,7.602827625200004e-14,1.2564411640979882e-16
406.95,7.601926518087045e-14,1.2567315973071072e-16
406.96,7.600994784186584e-14,1.2584479605134001e-16
406.97,7.600158335589314e-14,1.2579341470195385e-16
406.98,7.599249670326912e-14,1.2578998177524124e-16
406.99,7.598326061581211e-14,1.2576530298616985e-16
407.0,7.597427419387796e-14,1.2568675344228515e-16
407.01,7.596530613313623e-14,1.2557174955570892e-16
407.02,7.595592747768043e-14,1.25476098228442e-16
407.03,7.594719434516167e-14,1.2552382881452973e-16
407.04,7.593852133895617e-14,1.2575383878794667e-16
407.05,7.592929754076349e-14,1.25551809686391e-16
407.06,7.592031780012943e-14,1.2537649507987029e-16
407.07,7.59113653825183e-14,1.2572326859432106e-16
407.08,7.590226209992016e-14,1.2566403536376811e-16
407.09,7.589330934057457e-14,1.2561326724506773e-16
407.1,7.58842017664444e-14,1.254563742828371e-16
407.11,7.587543703246061e-14,1.256150214585673e-16
407.12,7.586666598040105e-14,1.2548740309792052e-16
407.13,7.585727780807918e-14,1.255687678912256e-16
407.14,7.58487549473395e-14,1.2521656267189089e-16
407.15,7.583879001906289e-14,1.258406821097864e-16
407.16,7.58303782387339e-14,1.255842156729994e-16
407.17,7.582163113788583e-14,1.25592721116057e-16
407.18,7.581053300924742e-14,1.249700584897036e-16
407.19,7.580365962666972e-14,1.2530332790059962e-16
407.2,7.579457444578851e-14,1.2564691978255662e-16
407.21,7.578563162149818e-14,1.2553598209760013e-16
407.22,7.577656834236924e-14,1.2551900072317596e-16
407.23,7.576699901529635e-14,1.2491003711724507e-16
407.24,7.575900798642464e-14,1.2614253857401492e-16
407.25,7.574975354457011e-14,1.252709096830588e-16
407.26,7.57405099522993e-14,1.251859406251941e-16
407.27,7.573152302620467e-14,1.2510067235439608e-16
407.28,7.572270750913339e-14,1.2547042680333873e-16
407.29,7.571367071738691e-14,1.2535822525896502e-16
407.3,7.570525866903717e-14,1.2548991575284872e-16
407.31,7.569551824470891e-14,1.2537993233970718e-16
407.32,7.568639156535744e-14,1.2537359376341714e-16
407.33,7.567707094609339e-14,1.2519925415540568e-16
407.34,7.566916409638116e-14,1.2560541091321339e-16
407.35,7.565993816478007e-14,1.2531212037147223e-16
407.36,7.565144054566332e-14,1.2545572778119785e-16
407.37,7.564204161210653e-14,1.2521422256230246e-16
407.38,7.563320212891986e-14,1.2529254458267128e-16
407.39,7.562406177454406e-14,1.253570024682555e-16
407.4,7.561540784627135e-14,1.2525087106540147e-16
407.41,7.560407628139508e-14,1.2565827975593686e-16
407.42,7.559670278595724e-14,1.253726717525378e-16
407.43,7.558847856369536e-14,1.2541089586829692e-16
407.44,7.557920393716561e-14,1.252044406396065e-16
407.45,7.557012423626469e-14,1.2518654680194746e-16
407.46,7.556134726086141e-14,1.2522346767746482e-16
407.47,7.555261723698922e-14,1.2528155103436076e-16
407.48,7.554372006939666e-14,1.2528984827378613e-16
407.49,7.553437351169217e-14,1.250154077769039e-16
407.5,7.552596498410088e-14,1.255193624075334e-16
407.51,7.551681767213235e-14,1.2567555096416164e-16
407.52,7.55078965690037e-14,1.2519986279861964e-16
407.53,7.549890029609e-14,1.251944775307307e-16
407.54,7.548993033543956e-14,1.2518025154083877e-16
407.55,7.548096511873698e-14,1.2530952873477634e-16
407.56,7.547237273893177e-14,1.2513318399898804e-16
407.57,7.546296483956932e-14,1.2515780641531605e-16
407.58,7.545438447712657e-14,1.2528594224886798e-16
407.59,7.544530209781793e-14,1.2525516116845387e-16
407.6,7.543599780260564e-14,1.2411434284316526e-16
407.61,7.542859600097031e-14,1.2516009032830873e-16
407.62,7.541837360805398e-14,1.2496723769176725e-16
407.63,7.540950340964958e-14,1.251540127239521e-16
407.64,7.540043360385984e-14,1.251793909716182e-16
407.65,7.53920116379627e-14,1.2497635662881042e-16
407.66,7.538312365948916e-14,1.2483034789151072e-16
407.67,7.537352356142491e-14,1.2487491077010776e-16
407.68,7.536443407359661e-14,1.2482513620662592e-16
407.69,7.535701984950498e-14,1.2503582100654228e-16
407.7,7.534719911913446e-14,1.2506636717893526e-16
407.71,7.533823471559599e-14,1.2496731326985888e-16
407.72,7.532929668097111e-14,1.250992109790791e-16
407.73,7.53200467104237e-14,1.2521148589680382e-16
407.74,7.531157469680729e-14,1.2502264337060622e-16
407.75,7.530265217602406e-14,1.2485093960876964e-16
407.76,7.529365674947548e-14,1.2531908477128598e-16
407.77,7.528464959931287e-14,1.2515739110548507e-16
407.78,7.527601095793603e-14,1.2490395959530129e-16
407.79,7.526691140136912e-14,1.2495908309604366e-16
407.8,7.525787483739542e-14,1.249109831913534e-16
407.81,7.524966105333812e-14,1.2521152754463938e-16
407.82,7.524009017352655e-14,1.2468707721256538e-16
407.83,7.523099857200282e-14,1.2488290836083876e-16
407.84,7.522259169815403e-14,1.2487565010966492e-16
407.85,7.521352281273882e-14,1.2490521110227324e-16
407.86,7.52052309220081e-14,1.2447292129312041e-16
407.87,7.519509504461026e-14,1.246129160790454e-16
407.88,7.518682312621816e-14,1.2484491122817276e-16
407.89,7.517794941472207e-14,1.2492854156694206e-16
407.9,7.516926811518238e-14,1.2480808405669788e-16
407.91,7.516022070744495e-14,1.2472955253449735e-16
407.92,7.515145391190353e-14,1.248413819193957e-16
407.93,7.514246485313716e-14,1.247383665797579e-16
407.94,7.513507399746473e-14,1.2555368466509319e-16
407.95,7.512436103034756e-14,1.2489604873748814e-16
407.96,7.511594145454986e-14,1.2480233806259938e-16
407.97,7.51069797416446e-14,1.2460126001204422e-16
407.98,7.509781306250416e-14,1.2475475219225093e-16
407.99,7.508900268801307e-14,1.247766275140399e-16
408.0,7.507940914572156e-14,1.24953219062685e-16
408.01,7.507137926303514e-14,1.2456785883394085e-16
408.02,7.506227230314306e-14,1.2468926265065542e-16
408.03,7.505338266707293e-14,1.2371704114074161e-16
408.04,7.504484467465944e-14,1.2468219122027642e-16
408.05,7.50351832760575e-14,1.244703664375588e-16
408.06,7.502697411660153e-14,1.2461121999818478e-16
408.07,7.501678813311095e-14,1.2430562425915e-16
408.08,7.500910659691041e-14,1.2451553945188452e-16
408.09,7.500027480318798e-14,1.2474555964199066e-16
408.1,7.499123779501261e-14,1.2493113004101281e-16
408.11,7.498294357670787e-14,1.2474731130740674e-16
408.12,7.497489374953099e-14,1.2446062346111114e-16
408.13,7.496537316494783e-14,1.2437882800944174e-16
408.14,7.495642746109701e-14,1.245587335280713e-16
408.15,7.494713989299151e-14,1.2450664225524118e-16
408.16,7.493845176871772e-14,1.2458160763171083e-16
408.17,7.492942653656256e-14,1.2451530644580924e-16
408.18,7.492051466128765e-14,1.245411291944299e-16
408.19,7.491164751370147e-14,1.244357878468809e-16
408.2,7.490230297137494e-14,1.2448534130820154e-16
408.21,7.489860337518422e-14,1.280453987298925e-16
408.22,7.488531496213412e-14,1.2431214371882515e-16
408.23,7.48758400022439e-14,1.2463004664872778e-16
408.24,7.486728934154536e-14,1.244217815744567e-16
408.25,7.485903778006913e-14,1.2422381244313681e-16
408.26,7.484955392931975e-14,1.2422654884717877e-16
408.27,7.484074424935385e-14,1.2439208814943813e-16
408.28,7.483197768318434e-14,1.2429660931906383e-16
408.29,7.482324591239317e-14,1.2421133143821929e-16
408.3,7.481507474783671e-14,1.232529743635151e-16
408.31,7.480589105928007e-14,1.2434175802173724e-16
408.32,7.47961727536196e-14,1.2455614552043607e-16
408.33,7.478768970403805e-14,1.2420543681653684e-16
408.34,7.4778613548538e-14,1.2402146184361389e-16
408.35,7.477016621909959e-14,1.2408784227063345e-16
408.36,7.476139753669824e-14,1.2427654281756624e-16
408.37,7.475259674629248e-14,1.241448088320904e-16
408.38,7.474494660366796e-14,1.2484080800384117e-16
408.39,7.473386391308259e-14,1.2357739605600673e-16
408.4,7.472604592974759e-14,1.2419582544573813e-16
408.41,7.47169029300476e-14,1.2437986740291162e-16
408.42,7.470827199229495e-14,1.2398792784157356e-16
408.43,7.46994339087398e-14,1.2402969182811656e-16
408.44,7.469058345781689e-14,1.2377977666406737e-16
408.45,7.468143522741243e-14,1.2373419901368824e-16
408.46,7.467293370693063e-14,1.2405687768739648e-16
408.47,7.4664199944737e-14,1.2408390513974414e-16
408.48,7.465593061227673e-14,1.2390800390647772e-16
408.49,7.464626262413948e-14,1.2389735111638073e-16
408.5,7.463886637564263e-14,1.237836446071504e-16
408.51,7.462879909479474e-14,1.2403036891452508e-16
408.52,7.46198258514051e-14,1.239263735212858e-16
408.53,7.461122554510796e-14,1.2388502277516924e-16
408.54,7.460259626461346e-14,1.240163574092813e-16
408.55,7.459404557538462e-14,1.2394661874934846e-16
408.56,7.45849704770677e-14,1.2391695239207252e-16
408.57,7.457543168235161e-14,1.2377547108227995e-16
408.58,7.456780816559528e-14,1.2391472643385985e-16
408.59,7.455827680657702e-14,1.2501363968724332e-16
408.6,7.454955837482396e-14,1.2383367676482457e-16
408.61,7.454035573570412e-14,1.2380867805087037e-16
408.62,7.453188229834639e-14,1.2373462534393098e-16
408.63,7.452336429615795e-14,1.2363629272982052e-16
408.64,7.451438036387402e-14,1.2358283340985551e-16
408.65,7.450572137549995e-14,1.2376766113805188e-16
408.66,7.449664402850612e-14,1.2361581981881395e-16
408.67,7.448861339768953e-14,1.2372129186718227e-16
408.68,7.44776438376593e-14,1.235039312857294e-16
408.69,7.447029528974592e-14,1.2360068726899954e-16
408.7,7.446136073616856e-14,1.2342705749504174e-16
408.71,7.445271532931285e-14,1.2358392560625051e-16
408.72,7.444409231213627e-14,1.2356110021030315e-16
408.73,7.44350787392927e-14,1.235427012032105e-16
408.74,7.442635994331005e-14,1.2345706190631097e-16
408.75,7.441706390664224e-14,1.2352916779452337e-16
408.76,7.440926832147989e-14,1.2359074416208547e-16
408.77,7.440490846502593e-14,1.2306917001410693e-16
408.78,7.439132427467908e-14,1.2345256094135193e-16
408.79,7.43824529901835e-14,1.2323614344713486e-16
408.8,7.437378723120425e-14,1.2337318729500102e-16
408.81,7.436485512591009e-14,1.2340636269500263e-16
408.82,7.43564294335125e-14,1.2339006961157688e-16
408.83,7.434745775450506e-14,1.2331103583098496e-16
408.84,7.43386382309613e-14,1.2339186282385302e-16
408.85,7.432955573278284e-14,1.23217174543232e-16
408.86,7.431999342194514e-14,1.2317971295412902e-16
408.87,7.431234788823195e-14,1.2325808362650213e-16
408.88,7.430335132099922e-14,1.2321404735718045e-16
408.89,7.429540507169681e-14,1.2326166056015107e-16
408.9,7.428604006090274e-14,1.232436781853125e-16
408.91,7.427720612726628e-14,1.2327501492460192e-16
408.92,7.42685381864167e-14,1.2325786738643444e-16
408.93,7.425950533187629e-14,1.2281483691128243e-16
408.94,7.425118364887607e-14,1.2288036580276477e-16
408.95,7.424234781473019e-14,1.232492209437188e-16
408.96,7.423321738054225e-14,1.2318685431231828e-16
408.97,7.422459892646049e-14,1.2312252789230753e-16
408.98,7.42161012365802e-14,1.2305449991781512e-16
408.99,7.420735447871123e-14,1.2305633502924644e-16
409.0,7.419828331061642e-14,1.230293915341105e-16
409.01,7.418967030882965e-14,1.2304492940732234e-16
409.02,7.41811224036382e-14,1.230125491924951e-16
409.03,7.417185782265246e-14,1.2277892710357771e-16
409.04,7.416315248018234e-14,1.2338960505033967e-16
409.05,7.415428756369156e-14,1.2302613313433169e-16
409.06,7.414599026963971e-14,1.2297018006383511e-16
409.07,7.413698431035021e-14,1.2288983916591236e-16
409.08,7.412840100574984e-14,1.229606608470332e-16
409.09,7.411934632001335e-14,1.2252664913442173e-16
409.1,7.411106215929606e-14,1.228768156535479e-16
409.11,7.410185635896471e-14,1.2257122502397675e-16
409.12,7.409361711843776e-14,1.2255951260713932e-16
409.13,7.408455782620735e-14,1.2264525128061147e-16
409.14,7.40758104387431e-14,1.2256972379020946e-16
409.15,7.406804899963673e-14,1.2330360595509896e-16
409.16,7.40590747380015e-14,1.2279037019766633e-16
409.17,7.404978298910394e-14,1.2275116569404669e-16
409.18,7.40408882051916e-14,1.2236833659163094e-16
409.19,7.403237115545988e-14,1.2256861792974143e-16
409.2,7.402261861182512e-14,1.2165042410854262e-16
409.21,7.401471984728659e-14,1.2260179586123865e-16
409.22,7.400643843800998e-14,1.226967392255917e-16
409.23,7.399677976252072e-14,1.2250969253110796e-16
409.24,7.398823880906059e-14,1.2237910248016796e-16
409.25,7.397946073663879e-14,1.2244062119613974e-16
409.26,7.397105359452033e-14,1.2248300783067964e-16
409.27,7.39623504459872e-14,1.2244783099410062e-16
409.28,7.395342313239172e-14,1.2235560997371366e-16
409.29,7.394377985372898e-14,1.2244150635097602e-16
409.3,7.393582011818826e-14,1.2180929162892057e-16
409.31,7.39279922989577e-14,1.2209158753702954e-16
409.32,7.39189821447209e-14,1.2228047565542484e-16
409.33,7.390993117535544e-14,1.221689909753402e-16
409.34,7.39015651840713e-14,1.223249950753422e-16
409.35,7.389275766580643e-14,1.2211986418747356e-16
409.36,7.388362390639153e-14,1.2207696348396793e-16
409.37,7.387523765141093e-14,1.2198505200062971e-16
409.38,7.386694042812309e-14,1.225915617219834e-16
409.39,7.385783154249822e-14,1.2200547515153494e-16
409.4,7.384909643914589e-14,1.221349221223469e-16
409.41,7.384039541939622e-14,1.220741803830541e-16
409.42,7.383177423647718e-14,1.2210682518571044e-16
409.43,7.382293018229928e-14,1.2205784846594073e-16
409.44,7.381481420900388e-14,1.2220200503103741e-16
409.45,7.380569187442619e-14,1.221453295627439e-16
409.46,7.379693435495972e-14,1.2188517491511243e-16
409.47,7.378764049426128e-14,1.2192217870491115e-16
409.48,7.37784114421658e-14,1.2159921740325867e-16
409.49,7.377098464298522e-14,1.218714639722132e-16
409.5,7.376241853748492e-14,1.220595034561081e-16
409.51,7.375339543172423e-14,1.219042646154189e-16
409.52,7.374433479633034e-14,1.2179498723638878e-16
409.53,7.373621741450977e-14,1.2176842263303993e-16
409.54,7.372735787904689e-14,1.2166194676326348e-16
409.55,7.371892330233458e-14,1.217240898837049e-16
409.56,7.370953125424076e-14,1.216157291064554e-16
409.57,7.370275113646261e-14,1.2343463704920937e-16
409.58,7.369258828351667e-14,1.2189322084412604e-16
409.59,7.368332826530432e-14,1.2218332656810445e-16
409.6,7.367551086344319e-14,1.2174823727210341e-16
409.61,7.36662678210488e-14,1.2171099241254242e-16
409.62,7.365908480412337e-14,1.2282224587642758e-16
409.63,7.365016280993897e-14,1.219344521000691e-16
409.64,7.364059472505307e-14,1.2151862245818636e-16
409.65,7.363233270285595e-14,1.212685797464642e-16
409.66,7.362456466550737e-14,1.2173408843562563e-16
409.67,7.36147668549223e-14,1.2148770896984887e-16
409.68,7.360608876688199e-14,1.2120095841976705e-16
409.69,7.359736505212795e-14,1.2146785935574149e-16
409.7,7.35882715846399e-14,1.2135301734283383e-16
409.71,7.358035003740257e-14,1.2181826886092562e-16
409.72,7.357161290716296e-14,1.2146065360522458e-16
409.73,7.356258447393221e-14,1.2141889897885662e-16
409.74,7.355365640572448e-14,1.211657837672596e-16
409.75,7.354599489969772e-14,1.2151057922220274e-16
409.76,7.353711312760789e-14,1.2147132025686944e-16
409.77,7.352837740472076e-14,1.2134886201305825e-16
409.78,7.351962491646102e-14,1.2124184626132852e-16
409.79,7.351073575119134e-14,1.2126584180027553e-16
409.8,7.350187250146619e-14,1.2096419094130545e-16
409.81,7.34933619007249e-14,1.212139572858252e-16
409.82,7.348478975447669e-14,1.211725931581563e-16
409.83,7.347582089669182e-14,1.2107865098326688e-16
409.84,7.346760588921408e-14,1.2128648680032338e-16
409.85,7.345871245922028e-14,1.209034284804527e-16
409.86,7.345000888768621e-14,1.209870626610289e-16
409.87,7.344148352158926e-14,1.2099981419513476e-16
409.88,7.343300848653241e-14,1.2094746180634628e-16
409.89,7.342426392515868e-14,1.2107992540587581e-16
409.9,7.341545991421783e-14,1.2083862207602595e-16
409.91,7.340696525056618e-14,1.2109593474220164e-16
409.92,7.339780632122721e-14,1.208137816531521e-16
409.93,7.338963477804963e-14,1.2077340948378864e-16
409.94,7.33811539783154e-14,1.2093423227731746e-16
409.95,7.337231615372295e-14,1.2082128277347885e-16
409.96,7.336388715857445e-14,1.2083499227402194e-16
409.97,7.335374812751303e-14,1.2034835923178952e-16
409.98,7.334723614387892e-14,1.210187301868431e-16
409.99,7.333780185653758e-14,1.2060408556018404e-16
410.0,7.332946474748598e-14,1.2091610214101956e-16
410.01,7.332135141641684e-14,1.2093364068276341e-16
410.02,7.331216334301698e-14,1.2065750876963924e-16
410.03,7.330329327645159e-14,1.205492072044261e-16
410.04,7.329460373128224e-14,1.1998621191318892e-16
410.05,7.328740370040222e-14,1.2041919607713382e-16
410.06,7.327802047656837e-14,1.2047785235259972e-16
410.07,7.326878534361477e-14,1.2054769026403781e-16
410.08,7.326054822577215e-14,1.2047518867392804e-16
410.09,7.325145119615275e-14,1.2017588332390308e-16
410.1,7.32439547323594e-14,1.2111236234705797e-16
410.11,7.323449313228127e-14,1.2026556944895715e-16
410.12,7.322617339594076e-14,1.2063889616600855e-16
410.13,7.32175451541133e-14,1.2074888344728697e-16
410.14,7.320901749219123e-14,1.2036112411637838e-16
410.15,7.320008679158313e-14,1.2041237582275206e-16
410.16,7.319153863490659e-14,1.2021278145993105e-16
410.17,7.31819371681425e-14,1.200523709126088e-16
410.18,7.317453931647689e-14,1.2035975693576304e-16
410.19,7.316593477157083e-14,1.2032562301244518e-16
410.2,7.315740678673219e-14,1.202431008638202e-16
410.21,7.314887657312996e-14,1.200735396374831e-16
410.22,7.31403945425137e-14,1.2035388809810518e-16
410.23,7.313153817180501e-14,1.199659529909054e-16
410.24,7.31227469170349e-14,1.1995484118874542e-16
410.25,7.311438044266325e-14,1.2017991844232712e-16
410.26,7.310569569045676e-14,1.2015185113770972e-16
410.27,7.309647979723489e-14,1.1967025875742159e-16
410.28,7.30886212337505e-14,1.2012243255288656e-16
410.29,7.307972819977783e-14,1.1978339171471436e-16
410.3,7.307091202908315e-14,1.1987056967897227e-16
410.31,7.30625677376672e-14,1.1968629740296094e-16
410.32,7.305393405106689e-14,1.1981371912633932e-16
410.33,7.304519804491257e-14,1.1976364770487734e-16
410.34,7.303686715211918e-14,1.1982173929515697e-16
410.35,7.302829088371547e-14,1.1979403572942508e-16
410.36,7.301968716764633e-14,1.196982375661975e-16
410.37,7.301124049976648e-14,1.1984777840983427e-16
410.38,7.300255620478058e-14,1.197186724868656e-16
410.39,7.299399492832585e-14,1.1965334202006217e-16
410.4,7.298521450508398e-14,1.1963829075680997e-16
410.41,7.297689442089945e-14,1.1967123929509966e-16
410.42,7.296821466300857e-14,1.1966906891249028e-16
410.43,7.295966275374971e-14,1.195748708528823e-16
410.44,7.295136663626259e-14,1.1963000331700698e-16
410.45,7.294273806970813e-14,1.1959946450529062e-16
410.46,7.293376530983678e-14,1.1945861541812769e-16
410.47,7.292539395191578e-14,1.1951347351573322e-16
410.48,7.29170197085466e-14,1.1953308911980335e-16
410.49,7.290838943793007e-14,1.193377466961817e-16
410.5,7.289948346650289e-14,1.19196866549915e-16
410.51,7.289089372450126e-14,1.1957371363750625e-16
410.52,7.28831269093681e-14,1.1967763255203707e-16
410.53,7.287449102282195e-14,1.1945942973927085e-16
410.54,7.286550653371818e-14,1.1919758704458127e-16
410.55,7.285770605932998e-14,1.197541929713731e-16
410.56,7.28492432662985e-14,1.193710794447821e-16
410.57,7.284050991224116e-14,1.1962343010099826e-16
410.58,7.283122400714433e-14,1.191144387286947e-16
410.59,7.282277337965871e-14,1.192874999248425e-16
410.6,7.28144305197698e-14,1.194294691572757e-16
410.61,7.280569110483436e-14,1.1933954091768588e-16
410.62,7.279734917016142e-14,1.1883332540581585e-16
410.63,7.278833706190589e-14,1.1892142862994063e-16
410.64,7.27795673098699e-14,1.186708288892628e-16
410.65,7.277155947506405e-14,1.1886929597889392e-16
410.66,7.276299723665724e-14,1.1900858620202655e-16
410.67,7.275439980661885e-14,1.189903747430944e-16
410.68,7.274590605544531e-14,1.1901922210842096e-16
410.69,7.273715121468322e-14,1.1907744725856041e-16
410.7,7.272878958099175e-14,1.189946404015281e-16
410.71,7.272001549387359e-14,1.1890661021899665e-16
410.72,7.271183397024087e-14,1.1884800556252847e-16
410.73,7.270437042569161e-14,1.1965609557426606e-16
410.74,7.26947757254583e-14,1.186883159847336e-16
410.75,7.268643172555938e-14,1.1898515399859122e-16
410.76,7.267714387172277e-14,1.1849859856251689e-16
410.77,7.266994691303906e-14,1.1953547858466973e-16
410.78,7.266064722115974e-14,1.1871494187610584e-16
410.79,7.265241807448755e-14,1.188358430612016e-16
410.8,7.264375559376075e-14,1.1886342991983854e-16
410.81,7.263512034504009e-14,1.1885964317708704e-16
410.82,7.262799747255273e-14,1.1911311908198117e-16
410.83,7.261812472369766e-14,1.1862677057372003e-16
410.84,7.260951420424012e-14,1.1862696785501967e-16
410.85,7.260108367116434e-14,1.1864829010156227e-16
410.86,7.259264886541055e-14,1.187410567758284e-16
410.87,7.258399681215554e-14,1.1864194953656913e-16
410.88,7.257550990123242e-14,1.184382520577644e-16
410.89,7.256679309365202e-14,1.1860830518493836e-16
410.9,7.255843288452754e-14,1.182813654768669e-16
410.91,7.255034877602434e-14,1.1905350205081197e-16
410.92,7.25413077961902e-14,1.184357784099067e-16
410.93,7.253276529610027e-14,1.1830057217613615e-16
410.94,7.252434776569963e-14,1.1835182971380975e-16
410.95,7.251571622681478e-14,1.1832853235329402e-16
410.96,7.250748692627333e-14,1.1827309626056734e-16
410.97,7.249890582218649e-14,1.1844997806337114e-16
410.98,7.249056850212947e-14,1.1835844235724706e-16
410.99,7.248199017202553e-14,1.1810760105311991e-16
411.0,7.247295166295296e-14,1.1779437246291039e-16
411.01,7.246482955841416e-14,1.180316101722431e-16
411.02,7.245645081264869e-14,1.1817697249663556e-16
411.03,7.244818564486302e-14,1.1767261728239937e-16
411.04,7.243950685813955e-14,1.180560877336779e-16
411.05,7.243090317175935e-14,1.180635555572478e-16
411.06,7.242235931124113e-14,1.1731409371596406e-16
411.07,7.241380282997929e-14,1.179400688848222e-16
411.08,7.240552587153703e-14,1.1804857784757534e-16
411.09,7.239593574375785e-14,1.1824333752601643e-16
411.1,7.238843735322173e-14,1.1801375720002433e-16
411.11,7.238008456684616e-14,1.1800782463368592e-16
411.12,7.237172989324068e-14,1.1782563488175954e-16
411.13,7.23630319546841e-14,1.1780344692177717e-16
411.14,7.235473075214109e-14,1.1795442853489118e-16
411.15,7.234648825859675e-14,1.1771799576993873e-16
411.16,7.23376502552885e-14,1.1792280648766083e-16
411.17,7.232980107731485e-14,1.17655485732057e-16
411.18,7.232180955527882e-14,1.1826044265514874e-16
411.19,7.23120883587011e-14,1.175135180192584e-16
411.2,7.230400270401807e-14,1.1821197980542178e-16
411.21,7.22953571332441e-14,1.1787636081088513e-16
411.22,7.228679993699075e-14,1.176267767461608e-16
411.23,7.227834985658374e-14,1.1767232128514617e-16
411.24,7.226971529836318e-14,1.1799151268680662e-16
411.25,7.226129895464325e-14,1.173289898946005e-16
411.26,7.225278394104767e-14,1.1871723113724337e-16
411.27,7.224482509609395e-14,1.18005204847217e-16
411.28,7.223600935832155e-14,1.1780697823373884e-16
411.29,7.222734008864225e-14,1.1757241161786254e-16
411.3,7.221953817155264e-14,1.176094934930249e-16
411.31,7.221062597138288e-14,1.175987773615613e-16
411.32,7.220242544800567e-14,1.1765664657662538e-16
411.33,7.219365494330234e-14,1.1743699149450131e-16
411.34,7.218526487444593e-14,1.1762082257765636e-16
411.35,7.217755366169802e-14,1.1677320500309585e-16
411.36,7.216802202631856e-14,1.1785426515208408e-16
411.37,7.216005534110286e-14,1.1735770008812106e-16
411.38,7.215160541499797e-14,1.1736917188662367e-16
411.39,7.214322670895948e-14,1.1736331013844368e-16
411.4,7.213458019649821e-14,1.1724320911883739e-16
411.41,7.212593748695198e-14,1.1726958546930396e-16
411.42,7.211780151813721e-14,1.1753140383483179e-16
411.43,7.210915872576057e-14,1.1723175067568886e-16
411.44,7.210042996777525e-14,1.1731870048135184e-16
411.45,7.209257364035025e-14,1.1734886466910702e-16
411.46,7.208374669363607e-14,1.1718171338103622e-16
411.47,7.20754746830508e-14,1.1714680805496377e-16
411.48,7.206711528524656e-14,1.1724223561468596e-16
411.49,7.205873056306256e-14,1.1704494028984939e-16
411.5,7.205024150846852e-14,1.1723846739007037e-16
411.51,7.204182435227353e-14,1.170253180752437e-16
411.52,7.203329759438279e-14,1.1721030299037278e-16
411.53,7.20248279997924e-14,1.1733679685932842e-16
411.54,7.201491662869474e-14,1.1647305313128783e-16
411.55,7.200804464305723e-14,1.1715662617189886e-16
411.56,7.199980863079968e-14,1.172157086341091e-16
411.57,7.199098425657676e-14,1.1687380825383483e-16
411.58,7.198288715534103e-14,1.1712762892699795e-16
411.59,7.197519704537205e-14,1.17519121551332e-16
411.6,7.196595036824285e-14,1.1729180291912347e-16
411.61,7.19579208338388e-14,1.171324401353074e-16
411.62,7.194929215779981e-14,1.16966320980742e-16
411.63,7.194118240261394e-14,1.1674645275640365e-16
411.64,7.19325102349104e-14,1.168445736227354e-16
411.65,7.19238572338234e-14,1.16797544093077e-16
411.66,7.191544114599861e-14,1.167889530674582e-16
411.67,7.190709145787484e-14,1.166436212600353e-16
411.68,7.18987841956018e-14,1.1670265371503736e-16
411.69,7.189025307512935e-14,1.168356669447991e-16
411.7,7.188184727535853e-14,1.164250660487045e-16
411.71,7.187306257231594e-14,1.1676205774275126e-16
411.72,7.186478074589919e-14,1.1680896439909744e-16
411.73,7.18565637047273e-14,1.16932106617634e-16
411.74,7.18481984312404e-14,1.1690024844909716e-16
411.75,7.184005522723905e-14,1.1655540211371217e-16
411.76,7.183138636400319e-14,1.1658391057722022e-16
411.77,7.18230753706478e-14,1.166050642622802e-16
411.78,7.181458080845278e-14,1.167466708743253e-16
411.79,7.180778059886076e-14,1.1697202451735822e-16
411.8,7.179782418147165e-14,1.1623079421299257e-16
411.81,7.178941330013508e-14,1.1664504658211016e-16
411.82,7.17809909669063e-14,1.165836916536013e-16
411.83,7.177202571135174e-14,1.1640151629535164e-16
411.84,7.176450156043124e-14,1.166246825181739e-16
411.85,7.175578907185268e-14,1.1657649370807942e-16
411.86,7.174732391370605e-14,1.16296492653595e-16
411.87,7.173908523669904e-14,1.1651506946893494e-16
411.88,7.17298846883148e-14,1.1610973589731025e-16
411.89,7.17225689498021e-14,1.1640481454949963e-16
411.9,7.171427830697138e-14,1.1634417707586124e-16
411.91,7.170539997326149e-14,1.1627204902623408e-16
411.92,7.169739635219165e-14,1.165019560286416e-16
411.93,7.168883959650656e-14,1.1646660343854679e-16
411.94,7.168034838366849e-14,1.1653538342942695e-16
411.95,7.167208508366597e-14,1.1621351383021907e-16
411.96,7.16637526549028e-14,1.1631633147662478e-16
411.97,7.165522859110744e-14,1.169898596919609e-16
411.98,7.164631904568325e-14,1.16623482441677e-16
411.99,7.163843006101896e-14,1.165200432928917e-16
412.0,7.163027270769962e-14,1.162165071895565e-16
412.01,7.162168975191588e-14,1.1623504210027185e-16
412.02,7.161337517961621e-14,1.1625308950909958e-16
412.03,7.160485424768496e-14,1.1632606774485264e-16
412.04,7.159647498191131e-14,1.1616037695926009e-16
412.05,7.158838293853713e-14,1.1623184514965587e-16
412.06,7.158352901412373e-14,1.1690820012706302e-16
412.07,7.157141646069433e-14,1.163570560754905e-16
412.08,7.156264403599903e-14,1.1561304129525968e-16
412.09,7.1554822118344e-14,1.1614741772481954e-16
412.1,7.154635498431173e-14,1.1620594694024364e-16
412.11,7.153812695447878e-14,1.1618561704748273e-16
412.12,7.152976991789634e-14,1.1606583039147323e-16
412.13,7.152143800095079e-14,1.16147639870701e-16
412.14,7.151334150600306e-14,1.160220883552963e-16
412.15,7.150032419048617e-14,1.1320263894121603e-16
412.16,7.149653348336558e-14,1.1612383149655e-16
412.17,7.148849886167578e-14,1.160555902581988e-16
412.18,7.147973266579824e-14,1.1607512409966074e-16
412.19,7.147096323529721e-14,1.1594983861786417e-16
412.2,7.1462482983474e-14,1.1597501698914812e-16
412.21,7.145459490553334e-14,1.159903223303559e-16
412.22,7.144599341926696e-14,1.1588727408851596e-16
412.23,7.143767200404793e-14,1.159295987717804e-16
412.24,7.142874575672711e-14,1.1696152021845588e-16
412.25,7.14209007476056e-14,1.159366403737187e-16
412.26,7.141344358258277e-14,1.1557713106969822e-16
412.27,7.140454562009936e-14,1.158983254415256e-16
412.28,7.139609560320164e-14,1.1591593248557478e-16
412.29,7.138780645064446e-14,1.1591892690864323e-16
412.3,7.137981649131833e-14,1.1592333192558754e-16
412.31,7.137140968902186e-14,1.1590995921533049e-16
412.32,7.13627431251947e-14,1.1578968773821993e-16
412.33,7.13537798476011e-14,1.1574429278207006e-16
412.34,7.134627301040191e-14,1.1583803686443322e-16
412.35,7.133913439695614e-14,1.166484335017963e-16
412.36,7.132957457722501e-14,1.1580412330195607e-16
412.37,7.132115474257007e-14,1.1570722132844412e-16
412.38,7.13131527893798e-14,1.160633994321434e-16
412.39,7.130459167677352e-14,1.1552826318975808e-16
412.4,7.129599929660252e-14,1.156227684720099e-16
412.41,7.128775397937905e-14,1.1560868950712785e-16
412.42,7.127977210715931e-14,1.162081808578766e-16
412.43,7.127135116730731e-14,1.1567104914502328e-16
412.44,7.126165260605597e-14,1.1526268620018238e-16
412.45,7.125427591659596e-14,1.1560975085729692e-16
412.46,7.124619364953047e-14,1.156226336136873e-16
412.47,7.123803844288936e-14,1.1551297772017863e-16
412.48,7.122955898401101e-14,1.1535351639629322e-16
412.49,7.122111052504666e-14,1.156891436604173e-16
412.5,7.121247187175938e-14,1.1561407528055237e-16
412.51,7.120441438889885e-14,1.1533102824337586e-16
412.52,7.119701364971411e-14,1.1552175275889523e-16
412.53,7.118856725922764e-14,1.147208145231971e-16
412.54,7.117911269731043e-14,1.1556598201654552e-16
412.55,7.11715038529543e-14,1.1549344859428386e-16
412.56,7.11628872411772e-14,1.1546396821129402e-16
412.57,7.115441707190146e-14,1.1538775248781952e-16
412.58,7.114639896526416e-14,1.1549274710986073e-16
412.59,7.113817120730061e-14,1.1552370625529927e-16
412.6,7.112987184645293e-14,1.152687745912722e-16
412.61,7.112226633655886e-14,1.1546130070161076e-16
412.62,7.111699953692748e-14,1.1907316861233914e-16
412.63,7.110475567445953e-14,1.1544669473289866e-16
412.64,7.109643513990309e-14,1.153941728023625e-16
412.65,7.108861728652218e-14,1.1538381617618746e-16
412.66,7.10798790800881e-14,1.1522382000371874e-16
412.67,7.107157955434873e-14,1.152820441916292e-16
412.68,7.106317703449323e-14,1.1520827933768625e-16
412.69,7.10547705247096e-14,1.1482515973229354e-16
412.7,7.104624619062201e-14,1.147546007665455e-16
412.71,7.103580146180981e-14,1.1401288148291725e-16
412.72,7.10302172721008e-14,1.1525154188181775e-16
412.73,7.102285000869269e-14,1.1525197233994258e-16
412.74,7.101172847153538e-14,1.1532191361786638e-16
412.75,7.100541500806854e-14,1.152600734056388e-16
412.76,7.099702312959567e-14,1.1518051309173348e-16
412.77,7.098904820977522e-14,1.1522271344313664e-16
412.78,7.098035046830878e-14,1.152883069945908e-16
412.79,7.097208222872782e-14,1.1513164609569066e-16
412.8,7.096349305575114e-14,1.1552809134413746e-16
412.81,7.095564616729685e-14,1.1520829521558374e-16
412.82,7.094736414604141e-14,1.1520786052452022e-16
412.83,7.093943586965878e-14,1.1510797955770108e-16
412.84,7.093094120001064e-14,1.1516066893372382e-16
412.85,7.092254057497153e-14,1.149846677749047e-16
412.86,7.091431947635143e-14,1.150639331825394e-16
412.87,7.090658928402855e-14,1.1520153106169335e-16
412.88,7.089951138730446e-14,1.1522973658552327e-16
412.89,7.088792915464015e-14,1.1430747223932255e-16
412.9,7.088137437718541e-14,1.1515735879264458e-16
412.91,7.087305619654064e-14,1.1508301358889073e-16
412.92,7.086455690191506e-14,1.148865065066719e-16
412.93,7.085670867269108e-14,1.1507931769324761e-16
412.94,7.084824899510523e-14,1.1513225212591774e-16
412.95,7.083949810316113e-14,1.1496288461619636e-16
412.96,7.083054317749003e-14,1.1465737895569792e-16
412.97,7.082337447768863e-14,1.1500641298790389e-16
412.98,7.081656144005214e-14,1.152485387921058e-16
412.99,7.080676311801705e-14,1.150629124950698e-16
413.0,7.079826446585235e-14,1.1494342170295215e-16
413.01,7.078973996005861e-14,1.148364238791719e-16
413.02,7.07818974197537e-14,1.1493936791815445e-16
413.03,7.077372192857739e-14,1.150360668156655e-16
413.04,7.076543002933357e-14,1.148471434983042e-16
413.05,7.075816893867822e-14,1.1514769352201395e-16
413.06,7.074851970081667e-14,1.1471159069450437e-16
413.07,7.074071980076503e-14,1.1492504229707897e-16
413.08,7.073348142609834e-14,1.1511720563405227e-16
413.09,7.072443252113307e-14,1.1521452388515352e-16
413.1,7.07162074311971e-14,1.1490684523985412e-16
413.11,7.070782932227442e-14,1.1500752403577225e-16
413.12,7.06996314811658e-14,1.1488842518405155e-16
413.13,7.069053382663929e-14,1.1458106348400314e-16
413.14,7.068313605787407e-14,1.1470099452412588e-16
413.15,7.067454453982415e-14,1.148123424106346e-16
413.16,7.066660110713682e-14,1.1492215548594163e-16
413.17,7.065828131965901e-14,1.147437176640615e-16
413.18,7.065006416340781e-14,1.1487858428642067e-16
413.19,7.064169410231497e-14,1.1486385356957038e-16
413.2,7.063354623985057e-14,1.1459045947269645e-16
413.21,7.062529252215148e-14,1.1482516488151543e-16
413.22,7.061744050657796e-14,1.1478048979035045e-16
413.23,7.060699992766866e-14,1.142646449064033e-16
413.24,7.060008798923448e-14,1.1474500635146189e-16
413.25,7.059126375143637e-14,1.1456084615044433e-16
413.26,7.058432764673953e-14,1.1480294777846169e-16
413.27,7.057516312442084e-14,1.146026001006585e-16
413.28,7.056764337715459e-14,1.1478549980643992e-16
413.29,7.055947755451165e-14,1.1474272269702962e-16
413.3,7.055119771971704e-14,1.1477013880273993e-16
413.31,7.054292347791811e-14,1.146447283594007e-16
413.32,7.053446085121099e-14,1.1426759651205865e-16
413.33,7.052520695978009e-14,1.1376364591373343e-16
413.34,7.05181556712249e-14,1.1479530882794786e-16
413.35,7.05099811613247e-14,1.1457507970125236e-16
413.36,7.050195212715124e-14,1.1474443488248877e-16
413.37,7.049388068026669e-14,1.147752500365257e-16
413.38,7.048565449886477e-14,1.1464171005675488e-16
413.39,7.047742995042504e-14,1.1481274902880867e-16
413.4,7.046887894036734e-14,1.1466154574849217e-16
413.41,7.046056540367468e-14,1.141651874261894e-16
413.42,7.0451974061535e-14,1.14889691473199e-16
413.43,7.044416814614394e-14,1.144261792159447e-16
413.44,7.043602866697403e-14,1.1471237224825485e-16
413.45,7.04280505300181e-14,1.145545398472017e-16
413.46,7.041971221402566e-14,1.144958736667935e-16
413.47,7.041154623552235e-14,1.146159253259875e-16
413.48,7.040296682274358e-14,1.144681817964423e-16
413.49,7.039529277040353e-14,1.146340077914677e-16
413.5,7.038799805880199e-14,1.148993691606517e-16
413.51,7.038072495031209e-14,1.1528577428872713e-16
413.52,7.037036236989931e-14,1.1455438746891258e-16
413.53,7.036213146533619e-14,1.1447391778133183e-16
413.54,7.035416958281136e-14,1.1456080569509346e-16
413.55,7.034557677134747e-14,1.1445993395968882e-16
413.56,7.033736971422047e-14,1.1463005842082544e-16
413.57,7.032977109110952e-14,1.1455876350866436e-16
413.58,7.032154758370064e-14,1.1453612690417897e-16
413.59,7.031377321624068e-14,1.1441175559140483e-16
413.6,7.030466707574049e-14,1.1474177907358386e-16
413.61,7.029664838844295e-14,1.1457088974729417e-16
413.62,7.028809121498269e-14,1.1378930261406773e-16
413.63,7.028033195974455e-14,1.1448433414008688e-16
413.64,7.027181985868e-14,1.144305652745159e-16
413.65,7.026403174986608e-14,1.1445475884161234e-16
413.66,7.025573332624992e-14,1.1442225091218009e-16
413.67,7.024790968680907e-14,1.1455952945834914e-16
413.68,7.023934689806724e-14,1.1399261553105655e-16
413.69,7.023133628736392e-14,1.1442160726958135e-16
413.7,7.022285553697551e-14,1.1444739590508427e-16
413.71,7.021495119120759e-14,1.145717663176365e-16
413.72,7.02063902091499e-14,1.1428416211864188e-16
413.73,7.019843493656646e-14,1.14354598174874e-16
413.74,7.019022923087152e-14,1.1446871367776889e-16
413.75,7.018163012546692e-14,1.14224484450063e-16
413.76,7.017398254947548e-14,1.14328800733837e-16
413.77,7.016532538127539e-14,1.1416873700760034e-16
413.78,7.015803767495128e-14,1.1459861440281076e-16
413.79,7.014916280227829e-14,1.145291104315704e-16
413.8,7.014145671172251e-14,1.1430480660657169e-16
413.81,7.013296764599952e-14,1.144157996508307e-16
413.82,7.012491067471693e-14,1.143055428838209e-16
413.83,7.011671603027935e-14,1.1413845064993828e-16
413.84,7.01087752493925e-14,1.1434264674214408e-16
413.85,7.010050744008113e-14,1.143231729693643e-16
413.86,7.009238244375517e-14,1.1369722707944022e-16
413.87,7.008385576603062e-14,1.1443835937889332e-16
413.88,7.007592149783104e-14,1.142732607031325e-16
413.89,7.006767210816221e-14,1.1433828717745367e-16
413.9,7.005946678301918e-14,1.142069182155029e-16
413.91,7.005113645368051e-14,1.1415902833042337e-16
413.92,7.004377727058073e-14,1.142779592695637e-16
413.93,7.003511537928257e-14,1.1426526556451219e-16
413.94,7.002693684855127e-14,1.1430763972785867e-16
413.95,7.001849656779476e-14,1.1404732348894762e-16
413.96,7.001051378274582e-14,1.141970442341247e-16
413.97,7.000250478736162e-14,1.1416097952940528e-16
413.98,6.999447237353049e-14,1.1428427047084028e-16
413.99,6.998594290183927e-14,1.1420649870551401e-16
414.0,6.997758329325881e-14,1.140131731673203e-16
414.01,6.996975789880883e-14,1.1416845561124073e-16
414.02,6.996192985024465e-14,1.143879904650304e-16
414.03,6.995346682366105e-14,1.1422911914365702e-16
414.04,6.994456372995303e-14,1.1404534292980367e-16
414.05,6.993663497045318e-14,1.13696623696429e-16
414.06,6.992890831501625e-14,1.1406035740007305e-16
414.07,6.992063681866738e-14,1.138315018174839e-16
414.08,6.991244011059822e-14,1.1401675183150694e-16
414.09,6.990455206597708e-14,1.141187347086463e-16
414.1,6.98963116471413e-14,1.1398009097280307e-16
414.11,6.988870623316328e-14,1.1427545508999168e-16
414.12,6.988013707403854e-14,1.1418194513838874e-16
414.13,6.987233138260353e-14,1.1415453930887338e-16
414.14,6.986403878620192e-14,1.1415684963438717e-16
414.15,6.9855574410256e-14,1.141940914948322e-16
414.16,6.984744348154186e-14,1.1381435518111812e-16
414.17,6.983906524759526e-14,1.1380601566641386e-16
414.18,6.983149698439047e-14,1.1399273882288373e-16
414.19,6.982283583168693e-14,1.1377245665629334e-16
414.2,6.981466036294565e-14,1.1394028901226004e-16
414.21,6.980668995178079e-14,1.1390899710515354e-16
414.22,6.979827075364112e-14,1.1366364615448518e-16
414.23,6.979073488269538e-14,1.1407569442150876e-16
414.24,6.978245941545289e-14,1.1408180005899658e-16
414.25,6.977417266778509e-14,1.138493518877443e-16
414.26,6.976623938192e-14,1.1383308777690332e-16
414.27,6.975801478340612e-14,1.1390597827248523e-16
414.28,6.974998316647877e-14,1.139619751305229e-16
414.29,6.974177039828811e-14,1.1380917540869165e-16
414.3,6.973354765005398e-14,1.1393066546002928e-16
414.31,6.972583403396342e-14,1.1396031213617427e-16
414.32,6.971735717892049e-14,1.138996090945748e-16
414.33,6.970898462621592e-14,1.1373255499439737e-16
414.34,6.970120292335234e-14,1.1387477686795936e-16
414.35,6.969294186172845e-14,1.138189336349352e-16
414.36,6.968521398639991e-14,1.1404693069322142e-16
414.37,6.967666965703544e-14,1.1363800705455544e-16
414.38,6.966883296532851e-14,1.1393928999054337e-16
414.39,6.96606566837046e-14,1.1375336573374934e-16
414.4,6.965293714913228e-14,1.140091428882143e-16
414.41,6.964396797129661e-14,1.1351603233061783e-16
414.42,6.963628704048753e-14,1.1369721597872204e-16
414.43,6.96279545993178e-14,1.137144587412249e-16
414.44,6.962013440132905e-14,1.13800444123353e-16
414.45,6.96121418000713e-14,1.13694374828372e-16
414.46,6.9603941934074e-14,1.1362194339896112e-16
414.47,6.959536095583905e-14,1.134053821851336e-16
414.48,6.958751486585847e-14,1.1361429894798353e-16
414.49,6.958021443898596e-14,1.1414791497788855e-16
414.5,6.957147608001821e-14,1.139058958358955e-16
414.51,6.956271327574798e-14,1.132443513941363e-16
414.52,6.955495374982235e-14,1.1344382587216326e-16
414.53,6.95468732377483e-14,1.1346775834443113e-16
414.54,6.953821956815557e-14,1.132258390304382e-16
414.55,6.953091348633534e-14,1.1365883118414867e-16
414.56,6.952222571665868e-14,1.1354446441889422e-16
414.57,6.951461823828254e-14,1.1358653264463138e-16
414.58,6.950753097771117e-14,1.1397776933461482e-16
414.59,6.94985576631174e-14,1.1385565678371554e-16
414.6,6.949042134138957e-14,1.1331530454096225e-16
414.61,6.948231470440657e-14,1.135149250378649e-16
414.62,6.947431013261018e-14,1.1357400726863467e-16
414.63,6.946651917785557e-14,1.1328918893849263e-16
414.64,6.945819721202183e-14,1.132711442893756e-16
414.65,6.945012507174478e-14,1.134385035459519e-16
414.66,6.944199692733895e-14,1.1339029647773004e-16
414.67,6.943430389370553e-14,1.1339471181780245e-16
414.68,6.942613553511118e-14,1.1388978066840066e-16
414.69,6.941767485729701e-14,1.133757866436464e-16
414.7,6.940980536530298e-14,1.1359280743655293e-16
414.71,6.94014331512585e-14,1.137376216542315e-16
414.72,6.939349357511068e-14,1.1343727237138286e-16
414.73,6.938550674838739e-14,1.1351525607952714e-16
414.74,6.937731927283791e-14,1.1339695251441703e-16
414.75,6.936905941777291e-14,1.132881433557668e-16
414.76,6.936143238141237e-14,1.1349638451004397e-16
414.77,6.935319803395586e-14,1.1370254866136898e-16
414.78,6.934486431812879e-14,1.1338649758013978e-16
414.79,6.933689382142586e-14,1.1348324466736652e-16
414.8,6.932925826642924e-14,1.1357405085211843e-16
414.81,6.932081472288898e-14,1.1342075331659332e-16
414.82,6.931289551295796e-14,1.1323846960640852e-16
414.83,6.93048115204991e-14,1.1325247048177998e-16
414.84,6.92967921963513e-14,1.1316859129267442e-16
414.85,6.928918938172226e-14,1.141327027068949e-16
414.86,6.928059531051808e-14,1.1329474811113803e-16
414.87,6.92723969271817e-14,1.1326262516170757e-16
414.88,6.92642785989087e-14,1.129624207967466e-16
414.89,6.925620262805284e-14,1.129880778871595e-16
414.9,6.9248120439238e-14,1.1315957202624396e-16
414.91,6.924044339750738e-14,1.134873324322498e-16
414.92,6.92314526156998e-14,1.1296117022225076e-16
414.93,6.922420500885208e-14,1.1295521460000245e-16
414.94,6.921636729537039e-14,1.134905036686814e-16
414.95,6.920791662988983e-14,1.1309034829870263e-16
414.96,6.919985702737321e-14,1.1320855402892601e-16
414.97,6.919142314859376e-14,1.1344023360953105e-16
414.98,6.918365133988383e-14,1.129804124968072e-16
414.99,6.9175633099026e-14,1.1307499965949383e-16
415.0,6.916724643416122e-14,1.121705008041644e-16
415.01,6.915942914472894e-14,1.1304823380402155e-16
415.02,6.915134056002013e-14,1.124477179620431e-16
415.03,6.914370991496469e-14,1.136601651337663e-16
415.04,6.91352773268162e-14,1.1309486391780767e-16
415.05,6.912788550830731e-14,1.1331219449460648e-16
415.06,6.911926983072323e-14,1.1343479948623876e-16
415.07,6.911114309521694e-14,1.128965694803502e-16
415.08,6.910328458740847e-14,1.1299283460321252e-16
415.09,6.909628891774562e-14,1.129554573571213e-16
415.1,6.908695572801325e-14,1.1258788857935477e-16
415.11,6.907950649759827e-14,1.132486628891757e-16
415.12,6.907122822752505e-14,1.1302465823564054e-16
415.13,6.90631751450718e-14,1.1288576592664993e-16
415.14,6.905502385797542e-14,1.128287957899771e-16
415.15,6.904746669262475e-14,1.131728222563612e-16
415.16,6.903903982846468e-14,1.126885041447555e-16
415.17,6.903136097959001e-14,1.128837728870312e-16
415.18,6.902354977976947e-14,1.130889159238802e-16
415.19,6.901536283176048e-14,1.131234729051513e-16
415.2,6.900630156598955e-14,1.126785368267696e-16
415.21,6.899956208862341e-14,1.1295070700778828e-16
415.22,6.899106098365477e-14,1.126330402737718e-16
415.23,6.898285212322381e-14,1.1249706197346793e-16
415.24,6.897492397345463e-14,1.1248738470913797e-16
415.25,6.896680501675466e-14,1.126756809226804e-16
415.26,6.895889696235917e-14,1.125269441391316e-16
415.27,6.895076094765204e-14,1.1275523191992095e-16
415.28,6.894271603846931e-14,1.125167885864311e-16
415.29,6.893432593225656e-14,1.126719051697979e-16
415.3,6.89273280651928e-14,1.1275796363880688e-16
415.31,6.891839102731697e-14,1.1269202984553583e-16
415.32,6.891073661644557e-14,1.1262228442123452e-16
415.33,6.890271147016654e-14,1.1260909106636823e-16
415.34,6.889476402683872e-14,1.1276649254161036e-16
415.35,6.888662995994486e-14,1.1257665888031404e-16
415.36,6.887877754448041e-14,1.126738032102684e-16
415.37,6.887061190368612e-14,1.1268288118859732e-16
415.38,6.886275961346007e-14,1.1239275025149404e-16
415.39,6.885463093221173e-14,1.1198195550088042e-16
415.4,6.884716919611499e-14,1.1276084953714974e-16
415.41,6.883884166861904e-14,1.1258509361665482e-16
415.42,6.883039916445328e-14,1.1224026738348295e-16
415.43,6.882275378390144e-14,1.1241076503952126e-16
415.44,6.881451700385035e-14,1.121927690626766e-16
415.45,6.8806532804801e-14,1.1209744636254726e-16
415.46,6.879809982413571e-14,1.1192780450947712e-16
415.47,6.879084900875095e-14,1.1220436527170125e-16
415.48,6.878165424218649e-14,1.1350737813359242e-16
415.49,6.877455780637727e-14,1.1228609638422957e-16
415.5,6.876674399900822e-14,1.1246342376132945e-16
415.51,6.875867389863835e-14,1.1233688502352638e-16
415.52,6.875069060169612e-14,1.1250407340961274e-16
415.53,6.874267915409048e-14,1.1236420905093862e-16
415.54,6.873467669004654e-14,1.1235688821972943e-16
415.55,6.872693267011804e-14,1.1234168827445612e-16
415.56,6.871839900068784e-14,1.1226987111102573e-16
415.57,6.871005866122058e-14,1.119876035984801e-16
415.58,6.870269764394606e-14,1.1225497116897989e-16
415.59,6.869429039942532e-14,1.1202644164984432e-16
415.6,6.868654300503207e-14,1.1204417459429727e-16
415.61,6.867882402739214e-14,1.1210008680639683e-16
415.62,6.867059556087821e-14,1.1211501322961922e-16
415.63,6.866276205580323e-14,1.120296589330607e-16
415.64,6.865448649923857e-14,1.1164811793779844e-16
415.65,6.864739381760009e-14,1.114335954633453e-16
415.66,6.863894757520233e-14,1.1210887999890828e-16
415.67,6.863082858460198e-14,1.120584529425985e-16
415.68,6.862273492595987e-14,1.1187537793848077e-16
415.69,6.861500132333576e-14,1.1192335052042186e-16
415.7,6.860703336541135e-14,1.1202470502503246e-16
415.71,6.859915696611748e-14,1.1206842069647714e-16
415.72,6.859112042611144e-14,1.1190976479183306e-16
415.73,6.85828527780344e-14,1.123600098271172e-16
415.74,6.857526052145495e-14,1.1155587924532358e-16
415.75,6.856710882396777e-14,1.1198075458741937e-16
415.76,6.855909031565074e-14,1.1190692359612961e-16
415.77,6.855098339722181e-14,1.119104029761618e-16
415.78,6.854329804638013e-14,1.1174085517725706e-16
415.79,6.853550657375216e-14,1.116918607544617e-16
415.8,6.852741141315189e-14,1.1189451772419543e-16
415.81,6.85194585656973e-14,1.11906134467179e-16
415.82,6.851219861435663e-14,1.1178009245959126e-16
415.83,6.850333499280098e-14,1.117100616043222e-16
415.84,6.849502087619904e-14,1.116069513310978e-16
415.85,6.84874232951876e-14,1.1169751609708358e-16
415.86,6.847986508437394e-14,1.117214214634962e-16
415.87,6.84715270825682e-14,1.1165047380956414e-16
415.88,6.846364653116984e-14,1.1172522117402448e-16
415.89,6.845563748362679e-14,1.1180284261414158e-16
415.9,6.844795149483798e-14,1.1175991823518169e-16
415.91,6.844075205545461e-14,1.1157808716757523e-16
415.92,6.843184288604562e-14,1.1165742992708622e-16
415.93,6.842407897497597e-14,1.116701992034494e-16
415.94,6.841621863541051e-14,1.1158304939370387e-16
415.95,6.840842311982472e-14,1.1169444578852101e-16
415.96,6.840002888029638e-14,1.1146068256493863e-16
415.97,6.839236225552547e-14,1.1142328012691815e-16
415.98,6.83840852226194e-14,1.115090117461288e-16
415.99,6.837645593731212e-14,1.1138159792983989e-16
416.0,6.836441632611989e-14,1.1305015219256129e-16
416.01,6.836081531092735e-14,1.112942035477211e-16
416.02,6.83517145447082e-14,1.1167103125546213e-16
416.03,6.834438093687282e-14,1.1133913857730206e-16
416.04,6.833660826731153e-14,1.112724844628793e-16
416.05,6.832876606289896e-14,1.1117152718328942e-16
416.06,6.832079259267249e-14,1.1131621515261354e-16
416.07,6.83128110397484e-14,1.113207280127978e-16
416.08,6.830499510756854e-14,1.1121574794451953e-16
416.09,6.829770976657937e-14,1.1185366534114774e-16
416.1,6.828873661407939e-14,1.1126524085130413e-16
416.11,6.828107304087634e-14,1.1132829413130493e-16
416.12,6.827301431875647e-14,1.1115961401604626e-16
416.13,6.826520349461066e-14,1.1129233003724422e-16
416.14,6.825731402303934e-14,1.1115513631322664e-16
416.15,6.824959377487853e-14,1.1108548706212722e-16
416.16,6.824164653710457e-14,1.1106882469900148e-16
416.17,6.823386251250599e-14,1.1121389935641878e-16
416.18,6.822575421124722e-14,1.1040681471238299e-16
416.19,6.821791624688771e-14,1.110648626727243e-16
416.2,6.820983569166222e-14,1.1086928751863643e-16
416.21,6.820210549453941e-14,1.109809872312302e-16
416.22,6.819412133029178e-14,1.1100800271311476e-16
416.23,6.818556827967582e-14,1.110942506186043e-16
416.24,6.817830803378027e-14,1.1081288521542516e-16
416.25,6.817023755933205e-14,1.1092964839883208e-16
416.26,6.81625032681783e-14,1.1098233820857538e-16
416.27,6.81548974896182e-14,1.1086859840607692e-16
416.28,6.814655304096482e-14,1.1080901699383683e-16
416.29,6.813799086425158e-14,1.1010403215323239e-16
416.3,6.813048060493086e-14,1.1010414719679943e-16
416.31,6.812290687875658e-14,1.1081738525863757e-16
416.32,6.81148066314757e-14,1.1066679045308901e-16
416.33,6.810705806887558e-14,1.1090338984308598e-16
416.34,6.80992340961955e-14,1.1076361914270603e-16
416.35,6.809129272346075e-14,1.1077211716136846e-16
416.36,6.80829217126637e-14,1.1024727969773868e-16
416.37,6.80751613194965e-14,1.1058791771729799e-16
416.38,6.806693800023322e-14,1.111125486360841e-16
416.39,6.805967532449959e-14,1.1064572281570927e-16
416.4,6.805151791718531e-14,1.1053068008925788e-16
416.41,6.80440009677009e-14,1.1065560050395326e-16
416.42,6.803616895258664e-14,1.1072484574374377e-16
416.43,6.802797752433078e-14,1.1041515289005103e-16
416.44,6.80202558904452e-14,1.104493447980334e-16
416.45,6.801198642142036e-14,1.1033101635833608e-16
416.46,6.800473688255795e-14,1.103638565361334e-16
416.47,6.799596527903256e-14,1.1086178880375052e-16
416.48,6.798945008497747e-14,1.1045618858529257e-16
416.49,6.798071068974823e-14,1.1036522047796416e-16
416.5,6.797285019705105e-14,1.1036787201483037e-16
416.51,6.796508197479365e-14,1.1043509072820873e-16
416.52,6.795709566716578e-14,1.1032643535676465e-16
416.53,6.79491952961997e-14,1.1029324268087544e-16
416.54,6.794100178864563e-14,1.1012433953695702e-16
416.55,6.793303357457639e-14,1.1018637682478132e-16
416.56,6.792504986971977e-14,1.0718785747467079e-16
416.57,6.791766478571998e-14,1.1008261169771993e-16
416.58,6.790988693936268e-14,1.1007641816576732e-16
416.59,6.79021669408153e-14,1.1036855818126297e-16
416.6,6.789415603803218e-14,1.1011802776794032e-16
416.61,6.788661047052365e-14,1.1010367328045569e-16
416.62,6.787851717389379e-14,1.1012641330303353e-16
416.63,6.787088943695782e-14,1.1043836142698294e-16
416.64,6.78622001799106e-14,1.0992119035621933e-16
416.65,6.785285526352807e-14,1.1068212597009569e-16
416.66,6.78470780807374e-14,1.0991863489770125e-16
416.67,6.783904829090499e-14,1.1001606895942759e-16
416.68,6.783115321871263e-14,1.1005030021328145e-16
416.69,6.7823540466113e-14,1.103481123472803e-16
416.7,6.781555390434733e-14,1.0991775459442647e-16
416.71,6.780778473898143e-14,1.0999731949040598e-16
416.72,6.780005541510297e-14,1.1001045222273905e-16
416.73,6.779218004625235e-14,1.0988628494654919e-16
416.74,6.778509082459242e-14,1.1005487681057189e-16
416.75,6.77762331897069e-14,1.0981383130240538e-16
416.76,6.776847342538091e-14,1.0989562658911747e-16
416.77,6.77607397059117e-14,1.0982847830526708e-16
416.78,6.775346701264922e-14,1.0983360649825664e-16
416.79,6.774505768913334e-14,1.1014043382984887e-16
416.8,6.773702441991873e-14,1.097601321425513e-16
416.81,6.7729518227038e-14,1.0971573882439623e-16
416.82,6.772134843023895e-14,1.0954337063632799e-16
416.83,6.771370854871375e-14,1.1040909610717667e-16
416.84,6.770558353836686e-14,1.0973313982123828e-16
416.85,6.769847777407088e-14,1.0973914959167601e-16
416.86,6.76904449993096e-14,1.0983591142171495e-16
416.87,6.768201688644235e-14,1.0970419310290435e-16
416.88,6.76741896023438e-14,1.0973362952069158e-16
416.89,6.766665237593688e-14,1.0960537663551695e-16
416.9,6.76590867742989e-14,1.096927636273379e-16
416.91,6.765097230967555e-14,1.0950131571479891e-16
416.92,6.764280928258952e-14,1.0893605539330934e-16
416.93,6.763478826764326e-14,1.0921494547845457e-16
416.94,6.76275186846756e-14,1.0948445359897611e-16
416.95,6.762019330275394e-14,1.0949496346390386e-16
416.96,6.761180361830665e-14,1.093672771941661e-16
416.97,6.760387546865799e-14,1.0943616486451378e-16
416.98,6.759644723593902e-14,1.0946319638063005e-16
416.99,6.758929918709582e-14,1.0955851523480554e-16
417.0,6.758001007598062e-14,1.091030407947598e-16
417.01,6.757259031191983e-14,1.0928966712339875e-16
417.02,6.756445545147809e-14,1.0911728007128456e-16
417.03,6.755690557251075e-14,1.0904478894378598e-16
417.04,6.754927945433382e-14,1.0915813144517009e-16
417.05,6.754133459871823e-14,1.0930317501879926e-16
417.06,6.753357620070603e-14,1.0906758066158678e-16
417.07,6.752606972175198e-14,1.0872639759781895e-16
417.08,6.751673933036007e-14,1.0921503516967695e-16
417.09,6.750993961453519e-14,1.0867742193111666e-16
417.1,6.750257466962902e-14,1.0886381161125716e-16
417.11,6.749436383722791e-14,1.0909051127488554e-16
417.12,6.748629008267075e-14,1.0886956209560408e-16
417.13,6.747916987300109e-14,1.0901479480568373e-16
417.14,6.747072970441491e-14,1.0869064543202895e-16
417.15,6.746315578654363e-14,1.0883358564633347e-16
417.16,6.745536389399757e-14,1.0898667889553445e-16
417.17,6.74468218716639e-14,1.0766740436905464e-16
417.18,6.743956837272803e-14,1.0877181557551809e-16
417.19,6.743241962081529e-14,1.0924663639529343e-16
417.2,6.742413333233018e-14,1.0869438951271419e-16
417.21,6.741647509899406e-14,1.0880400595489978e-16
417.22,6.740869548603287e-14,1.0885068804155849e-16
417.23,6.740096983104659e-14,1.0884105245896392e-16
417.24,6.739269351966595e-14,1.0854565433628132e-16
417.25,6.738511623695161e-14,1.0870169625086919e-16
417.26,6.737699038363858e-14,1.0851438228256965e-16
417.27,6.736788669611105e-14,1.0793889115546318e-16
417.28,6.736215055324554e-14,1.0879464037114198e-16
417.29,6.73541747886284e-14,1.0860118333031533e-16
417.3,6.734637734095747e-14,1.0862225936597022e-16
417.31,6.7338444635111e-14,1.085080146292965e-16
417.32,6.733157050960094e-14,1.0865049877549271e-16
417.33,6.732299486377474e-14,1.0835352492726024e-16
417.34,6.731514548144492e-14,1.0855092564474001e-16
417.35,6.730736750559599e-14,1.0831359901078219e-16
417.36,6.729975262688279e-14,1.086473586415435e-16
417.37,6.729209954804934e-14,1.0872839362964205e-16
417.38,6.72851571218674e-14,1.0858641995428859e-16
417.39,6.727636191045938e-14,1.0847492045167776e-16
417.4,6.726792426690408e-14,1.0822899200892251e-16
417.41,6.726058820477151e-14,1.0774580064212987e-16
417.42,6.725378558237501e-14,1.0864156004561507e-16
417.43,6.724533182928954e-14,1.0849280675968756e-16
417.44,6.723767060834694e-14,1.0870235912080173e-16
417.45,6.723109952423839e-14,1.0813168052883804e-16
417.46,6.722175998401117e-14,1.0801341188721655e-16
417.47,6.721424803322433e-14,1.0845303913843679e-16
417.48,6.720626405233187e-14,1.0814712177294448e-16
417.49,6.719804771104466e-14,1.0791312101867779e-16
417.5,6.71891059081597e-14,1.0741331474794994e-16
417.51,6.718322705097021e-14,1.082900480401287e-16
417.52,6.717503852249714e-14,1.080164131704288e-16
417.53,6.716688483165726e-14,1.0794837803372194e-16
417.54,6.715936238348768e-14,1.0777320031154973e-16
417.55,6.715215388174041e-14,1.0807100209799941e-16
417.56,6.714436830128657e-14,1.0814722206073181e-16
417.57,6.713642421509507e-14,1.0793814484438644e-16
417.58,6.712872550573679e-14,1.079785482471581e-16
417.59,6.712090268100482e-14,1.0772498718960546e-16
417.6,6.71131554861181e-14,1.0805448327820493e-16
417.61,6.710553238250669e-14,1.0792861303573394e-16
417.62,6.709970429010929e-14,1.0870572388591891e-16
417.63,6.709060094596725e-14,1.0793186241552098e-16
417.64,6.708231630054528e-14,1.0777136679011987e-16
417.65,6.707468791226745e-14,1.0786665621475384e-16
417.66,6.706717881973079e-14,1.0786797483124122e-16
417.67,6.705900964744998e-14,1.0773651822028687e-16
417.68,6.705132613487891e-14,1.0768672238665998e-16
417.69,6.704372407588898e-14,1.0780192384133512e-16
417.7,6.703586150913669e-14,1.0780716847904144e-16
417.71,6.702777646138267e-14,1.0758934668269394e-16
417.72,6.701984304549775e-14,1.0744264550591051e-16
417.73,6.701283544267909e-14,1.0778742001759526e-16
417.74,6.700473873671893e-14,1.0752286124547408e-16
417.75,6.69975538863834e-14,1.0787906399752024e-16
417.76,6.698770655262854e-14,1.0677681304380007e-16
417.77,6.69825812548299e-14,1.0813269910556508e-16
417.78,6.69740249233516e-14,1.0756177259883508e-16
417.79,6.696601137326204e-14,1.0753253316778088e-16
417.8,6.695892164387951e-14,1.0757848887561597e-16
417.81,6.695057139266953e-14,1.0725403671440447e-16
417.82,6.694323866864064e-14,1.0756616957427538e-16
417.83,6.693509549328729e-14,1.0718131643764559e-16
417.84,6.692851380438168e-14,1.0759451734692323e-16
417.85,6.691959404708545e-14,1.0719863139062523e-16
417.86,6.69122607346553e-14,1.0739208762792682e-16
417.87,6.690474869580311e-14,1.0736347933582621e-16
417.88,6.689695289163823e-14,1.0739162688624769e-16
417.89,6.688925096778227e-14,1.0783911937082914e-16
417.9,6.688129410463015e-14,1.0734768347702693e-16
417.91,6.687369099002867e-14,1.0748221931444111e-16
417.92,6.686587472126412e-14,1.0737818267114641e-16
417.93,6.685799473058105e-14,1.0732123936485145e-16
417.94,6.684992136879792e-14,1.0718602142418083e-16
417.95,6.684260782545133e-14,1.0724396691870126e-16
417.96,6.683417873946402e-14,1.0692016150794731e-16
417.97,6.68271182501887e-14,1.0694736064411793e-16
417.98,6.682004589135972e-14,1.0764321663371891e-16
417.99,6.681176682469544e-14,1.0710333621019256e-16
418.0,6.680417102429443e-14,1.071827428476751e-16
418.01,6.679690947513131e-14,1.074448342652638e-16
418.02,6.67887894684943e-14,1.0725790636676374e-16
418.03,6.67812940303505e-14,1.0715342863810484e-16
418.04,6.677328456314129e-14,1.0703686164804294e-16
418.05,6.67658370485746e-14,1.0719296173970162e-16
418.06,6.675792035581759e-14,1.0711598204214631e-16
418.07,6.675022329914498e-14,1.0707680073431454e-16
418.08,6.674274351494764e-14,1.0709184630884362e-16
418.09,6.673488119183761e-14,1.0707221938999262e-16
418.1,6.672738463413702e-14,1.0691785376547005e-16
418.11,6.671932595913274e-14,1.0697363451969764e-16
418.12,6.671193965592583e-14,1.0702715957119871e-16
418.13,6.670413899294526e-14,1.0695611339345608e-16
418.14,6.66963263258139e-14,1.0682672808764698e-16
418.15,6.668870130359508e-14,1.0683285082540143e-16
418.16,6.668115471376308e-14,1.0701813713595555e-16
418.17,6.667339847383822e-14,1.0692061043780144e-16
418.18,6.666580260384358e-14,1.0678988097641495e-16
418.19,6.665805511058288e-14,1.067846151345202e-16
418.2,6.665032201763407e-14,1.0685507589531369e-16
418.21,6.664277782568766e-14,1.0672340407037084e-16
418.22,6.663488602111485e-14,1.0671345599604333e-16
418.23,6.662732729591581e-14,1.0677036514011514e-16
418.24,6.661966761116621e-14,1.0663131604835693e-16
418.25,6.661178219225941e-14,1.0658546710811645e-16
418.26,6.660419750291642e-14,1.066742225340571e-16
418.27,6.659661582762081e-14,1.0679957675657692e-16
418.28,6.65888479842113e-14,1.0641384686601903e-16
418.29,6.658111765679072e-14,1.065285591955635e-16
418.3,6.657365707728942e-14,1.0647690065438587e-16
418.31,6.656601125961111e-14,1.0661729737273644e-16
418.32,6.655815790036418e-14,1.0650006178017947e-16
418.33,6.655046273007201e-14,1.066691728672608e-16
418.34,6.654318728206283e-14,1.0671823827244781e-16
418.35,6.653532737993071e-14,1.0661705697840387e-16
418.36,6.652733312514837e-14,1.0642946140323655e-16
418.37,6.651968898121303e-14,1.0629732500994739e-16
418.38,6.651194793990773e-14,1.0640001270567481e-16
418.39,6.650469157359041e-14,1.0661765026637038e-16
418.4,6.649706179758106e-14,1.0657441028242115e-16
418.41,6.648927227402815e-14,1.0643193616781437e-16
418.42,6.648145881273124e-14,1.0630632975967435e-16
418.43,6.647450551932181e-14,1.0639663342464402e-16
418.44,6.646681064078163e-14,1.0619762392215643e-16
418.45,6.645838129380073e-14,1.06142718581332e-16
418.46,6.645064808785599e-14,1.0638871190128142e-16
418.47,6.644327154670685e-14,1.0629667178580434e-16
418.48,6.64360910901401e-14,1.0689464630484177e-16
418.49,6.642788072985723e-14,1.0624835886469125e-16
418.5,6.642009595307926e-14,1.059203458187415e-16
418.51,6.641239095623346e-14,1.0592259910582432e-16
418.52,6.640597551630626e-14,1.0734793807611859e-16
418.53,6.63976289805477e-14,1.0619337628639426e-16
418.54,6.638960994879526e-14,1.0607358869639466e-16
418.55,6.638212338966806e-14,1.0625069992617418e-16
418.56,6.63740309612896e-14,1.0622934417934402e-16
418.57,6.636693576132993e-14,1.0608141048292469e-16
418.58,6.635984039287995e-14,1.0628306921774731e-16
418.59,6.635144380009819e-14,1.0618273292394289e-16
418.6,6.634392176211848e-14,1.0629562417270815e-16
418.61,6.633601554931124e-14,1.0588504800092241e-16
418.62,6.632894079351643e-14,1.0600354923188149e-16
418.63,6.63210729047466e-14,1.0615491904054564e-16
418.64,6.631357639403414e-14,1.0608980760465577e-16
418.65,6.630580504067434e-14,1.062658758368524e-16
418.66,6.629819687639844e-14,1.0607022934491816e-16
418.67,6.629033028596e-14,1.05959146696194e-16
418.68,6.628296378106934e-14,1.0603578429000815e-16
418.69,6.627525493950771e-14,1.0600453468168002e-16
418.7,6.626758269288845e-14,1.0633388504103358e-16
418.71,6.62600284499742e-14,1.0577479438462345e-16
418.72,6.625233757708344e-14,1.0586351382545084e-16
418.73,6.624478928230648e-14,1.060442544695913e-16
418.74,6.623697766937186e-14,1.0574364305365731e-16
418.75,6.622953852707078e-14,1.0618309257220324e-16
418.76,6.622166639824281e-14,1.0585192804112219e-16
418.77,6.62141906739854e-14,1.0592483612104738e-16
418.78,6.620667015917779e-14,1.0543840996364447e-16
418.79,6.619890326901021e-14,1.0578761619435858e-16
418.8,6.619140905329981e-14,1.0567980981484433e-16
418.81,6.618379273868439e-14,1.0585326036657521e-16
418.82,6.617647161395025e-14,1.0567212170198545e-16
418.83,6.616884420422887e-14,1.0567260432802215e-16
418.84,6.616087880175682e-14,1.0564104918993606e-16
418.85,6.615365387096954e-14,1.0580956525074585e-16
418.86,6.614588077212004e-14,1.0578767158611282e-16
418.87,6.613794131931515e-14,1.0586743134373292e-16
418.88,6.613086686555914e-14,1.0611695625145052e-16
418.89,6.612298771757313e-14,1.0566990005287093e-16
418.9,6.611506293341135e-14,1.0566233500625714e-16
418.91,6.610879556974644e-14,1.0658709620136944e-16
418.92,6.609999755344172e-14,1.0589897376305796e-16
418.93,6.609241701923913e-14,1.0567898029090429e-16
418.94,6.608524811357417e-14,1.0543465788338573e-16
418.95,6.607703349502996e-14,1.0560149760179938e-16
418.96,6.606991505623934e-14,1.0571572650790379e-16
418.97,6.606184702679551e-14,1.0500393000715363e-16
418.98,6.605457369951004e-14,1.0556988058543767e-16
418.99,6.604660712845505e-14,1.0560569123471358e-16
419.0,6.603950907474708e-14,1.0607398726891776e-16
419.01,6.603146266942783e-14,1.0522953808162211e-16
419.02,6.602402173879368e-14,1.053981131386941e-16
419.03,6.601626500819566e-14,1.0557328664517375e-16
419.04,6.600938349331503e-14,1.0556867899911408e-16
419.05,6.599969985990415e-14,1.048547339741771e-16
419.06,6.59936356043024e-14,1.0561031311640426e-16
419.07,6.598621790852718e-14,1.053637055334365e-16
419.08,6.597823823138584e-14,1.052982543725872e-16
419.09,6.597135241949628e-14,1.0545636627002888e-16
419.1,6.596346117515837e-14,1.0552654329458358e-16
419.11,6.595549664758516e-14,1.0509990218835657e-16
419.12,6.594830042488945e-14,1.0543647419685934e-16
419.13,6.594056718459445e-14,1.0531444387006692e-16
419.14,6.593326263989551e-14,1.049941421390173e-16
419.15,6.592517653677148e-14,1.0554757068113049e-16
419.16,6.591799262741246e-14,1.0553817629158832e-16
419.17,6.59103618671401e-14,1.052432459645831e-16
419.18,6.590292683923878e-14,1.0544927586547881e-16
419.19,6.589529089629376e-14,1.0529817792744946e-16
419.2,6.588777582514463e-14,1.0519149689298089e-16
419.21,6.587997015777602e-14,1.0521001252521647e-16
419.22,6.587241767641202e-14,1.0527507902630233e-16
419.23,6.586508593805173e-14,1.048930589478334e-16
419.24,6.585751254352869e-14,1.0441349501736222e-16
419.25,6.584970604841222e-14,1.0527510251376055e-16
419.26,6.584210680476856e-14,1.0507174921251177e-16
419.27,6.583457922954764e-14,1.0518624726482246e-16
419.28,6.582702559899057e-14,1.0502353680509723e-16
419.29,6.581919250615013e-14,1.0526795915692859e-16
419.3,6.581216669473727e-14,1.0535285071908952e-16
419.31,6.580374923871244e-14,1.0504976651661718e-16
419.32,6.57967099180576e-14,1.0506590304720187e-16
419.33,6.578857275473e-14,1.042581290544925e-16
419.34,6.578192422105434e-14,1.0531789740446236e-16
419.35,6.577411456930925e-14,1.0519142384875458e-16
419.36,6.576647131130306e-14,1.0512397506153879e-16
419.37,6.575905402916142e-14,1.048772514986442e-16
419.38,6.575137806026256e-14,1.0492127941708466e-16
419.39,6.574390298760773e-14,1.0530617273009925e-16
419.4,6.573623317664111e-14,1.0531038056263821e-16
419.41,6.572868286824335e-14,1.0491647398728356e-16
419.42,6.572289732230735e-14,1.0580537289101766e-16
419.43,6.571375475359156e-14,1.0502425083766316e-16
419.44,6.570598031349891e-14,1.0496427496399671e-16
419.45,6.569836982182975e-14,1.0494269676723968e-16
419.46,6.569082561340945e-14,1.0464645145721803e-16
419.47,6.568335136177932e-14,1.0486990441111646e-16
419.48,6.567566453858764e-14,1.0514893074263484e-16
419.49,6.566886448707442e-14,1.0500541487736702e-16
419.5,6.566095838743779e-14,1.0469509284261776e-16
419.51,6.565272413405091e-14,1.0498350937879181e-16
419.52,6.564548851866893e-14,1.0510042706729168e-16
419.53,6.56380491475111e-14,1.049658451908601e-16
419.54,6.563061852246742e-14,1.0477292397071951e-16
419.55,6.562326252387939e-14,1.0493894871625727e-16
419.56,6.561575324353525e-14,1.0481048420949033e-16
419.57,6.560793708295984e-14,1.0487891695089615e-16
419.58,6.560231349950231e-14,1.0546087747576906e-16
419.59,6.55930386537747e-14,1.0460244225070209e-16
419.6,6.558560015179992e-14,1.0496708987033749e-16
419.61,6.55777377979871e-14,1.0479593006449148e-16
419.62,6.557034780747805e-14,1.046191306150089e-16
419.63,6.556284538854173e-14,1.0473440885507091e-16
419.64,6.555534075846431e-14,1.048784965584581e-16
419.65,6.55476474806879e-14,1.0480792854467689e-16
419.66,6.554018676736647e-14,1.0470608941262222e-16
419.67,6.553243905704209e-14,1.0396693650082661e-16
419.68,6.552533215658339e-14,1.047771834204789e-16
419.69,6.551688137813163e-14,1.0462601527870112e-16
419.7,6.551007328325788e-14,1.0474982316565177e-16
419.71,6.55026667120565e-14,1.0474709110599015e-16
419.72,6.549499072087397e-14,1.04699273920675e-16
419.73,6.548792457313311e-14,1.0431971056805105e-16
419.74,6.547980549710891e-14,1.0483817599499318e-16
419.75,6.547247613761265e-14,1.0470740567126019e-16
419.76,6.546531203983336e-14,1.0471716979548433e-16
419.77,6.54567574151952e-14,1.048737590698047e-16
419.78,6.544968615080855e-14,1.0469362522393671e-16
419.79,6.544251572621175e-14,1.047358261676327e-16
419.8,6.54347556294927e-14,1.0494676284886055e-16
419.81,6.542727207546615e-14,1.045861401652548e-16
419.82,6.541994730031452e-14,1.0466532952026587e-16
419.83,6.541217876004252e-14,1.0446748697267852e-16
419.84,6.54047737673809e-14,1.0446503658906665e-16
419.85,6.539766243316662e-14,1.0623309984225686e-16
419.86,6.538963104073787e-14,1.046510614027404e-16
419.87,6.538217867965135e-14,1.043716811639498e-16
419.88,6.537487457869792e-14,1.0441250306563924e-16
419.89,6.536742624237451e-14,1.0447647283940194e-16
419.9,6.535983597086074e-14,1.0464616443407661e-16
419.91,6.535237081010846e-14,1.0444741887927052e-16
419.92,6.534497432328984e-14,1.045859510765932e-16
419.93,6.533759432524897e-14,1.0453656988388428e-16
419.94,6.532830653175607e-14,1.0110471479789392e-16
419.95,6.532218772817531e-14,1.0455375875879864e-16
419.96,6.531527777106199e-14,1.0465503015204798e-16
419.97,6.5307445663888e-14,1.0442052527450349e-16
419.98,6.529942571361013e-14,1.0452983618541714e-16
419.99,6.529204638224863e-14,1.0447914245660235e-16
420.0,6.528493793886369e-14,1.0446341793966472e-16
420.01,6.527742168910802e-14,1.0438791409654385e-16
420.02,6.526955125227805e-14,1.0440899799920083e-16
420.03,6.526174512709724e-14,1.044757371670181e-16
420.04,6.525493866982449e-14,1.043068326085875e-16
420.05,6.52472693120096e-14,1.0446195404404239e-16
420.06,6.523984326719492e-14,1.0445330956119857e-16
420.07,6.523242445038156e-14,1.043975315034239e-16
420.08,6.52249588491335e-14,1.04442260958355e-16
420.09,6.521722086899523e-14,1.0441510416203752e-16
420.1,6.521003612357515e-14,1.044544827647947e-16
420.11,6.520249412555926e-14,1.0385140196839212e-16
420.12,6.519490826738406e-14,1.0424344312572241e-16
420.13,6.518742482857082e-14,1.042685870030913e-16
420.14,6.517995197672193e-14,1.0479339237120361e-16
420.15,6.517258972133907e-14,1.0438417307625762e-16
420.16,6.516510962307256e-14,1.0429275831319516e-16
420.17,6.515759487406649e-14,1.0421648167229171e-16
420.18,6.515045655030654e-14,1.0464150867669871e-16
420.19,6.514251680829103e-14,1.041527785805128e-16
420.2,6.513516635425045e-14,1.0423006586452637e-16
420.21,6.512790509858718e-14,1.0468128996215416e-16
420.22,6.512030166746466e-14,1.0421024507298868e-16
420.23,6.511179484085312e-14,1.0415964692330569e-16
420.24,6.510518364439278e-14,1.0428440797759456e-16
420.25,6.509793868150264e-14,1.0423256087132696e-16
420.26,6.509040636375957e-14,1.0412879557081685e-16
420.27,6.508311694373835e-14,1.0424970573153834e-16
420.28,6.50753330803194e-14,1.0423034569326497e-16
420.29,6.506796544616803e-14,1.0396664696192171e-16
420.3,6.506036991661075e-14,1.0424440869875827e-16
420.31,6.505287201561274e-14,1.0414132855591354e-16
420.32,6.504602668906996e-14,1.0386314629103955e-16
420.33,6.503780456129697e-14,1.0413067716828274e-16
420.34,6.503061544870264e-14,1.041708426658262e-16
420.35,6.502325592883425e-14,1.04134364560989e-16
420.36,6.501561178595396e-14,1.0403587903922526e-16
420.37,6.500823696656941e-14,1.042175947107063e-16
420.38,6.500066533980203e-14,1.041152202841702e-16
420.39,6.499336418289827e-14,1.0417491840633571e-16
420.4,6.498624095199049e-14,1.0419774107502408e-16
420.41,6.497871543930609e-14,1.0506373162798133e-16
420.42,6.497107457728685e-14,1.0411812399882343e-16
420.43,6.496348600178305e-14,1.0408068089323241e-16
420.44,6.495629973717185e-14,1.040751275760447e-16
420.45,6.494856639515113e-14,1.0399888676727735e-16
420.46,6.494106933995199e-14,1.0393563884628113e-16
420.47,6.493393473999523e-14,1.0402290166487893e-16
420.48,6.492702636762227e-14,1.0415635830415188e-16
420.49,6.49183860280207e-14,1.0403079642599247e-16
420.5,6.490594918583483e-14,1.0264946348122384e-16
420.51,6.490393572691393e-14,1.0397157640946746e-16
420.52,6.48975462986698e-14,1.0426680782219135e-16
420.53,6.488761581226873e-14,1.0365564318174041e-16
420.54,6.488168612135376e-14,1.0393055903626931e-16
420.55,6.487379028070966e-14,1.0413589757477483e-16
420.56,6.48667992866633e-14,1.0394089413617444e-16
420.57,6.485940170839755e-14,1.0371805501604992e-16
420.58,6.485182574417042e-14,1.0386705223788933e-16
420.59,6.484646911190307e-14,1.043266391323716e-16
420.6,6.483695452753987e-14,1.0396985198214894e-16
420.61,6.482966889098559e-14,1.038528824087186e-16
420.62,6.482181694389874e-14,1.0383396807448229e-16
420.63,6.481482147650201e-14,1.0383029339902311e-16
420.64,6.480741221263738e-14,1.0392874935511935e-16
420.65,6.480004722240916e-14,1.0385044941487148e-16
420.66,6.479233949018517e-14,1.0403500917980154e-16
420.67,6.478482474418531e-14,1.0381085538162756e-16
420.68,6.477826852612234e-14,1.0359556610084384e-16
420.69,6.477023164843795e-14,1.0388831042004417e-16
420.7,6.476268962842747e-14,1.0375820588432921e-16
420.71,6.475529300980629e-14,1.036866733116112e-16
420.72,6.474744323276466e-14,1.036260045035233e-16
420.73,6.474066891740651e-14,1.0386266096078258e-16
420.74,6.473301655646414e-14,1.0385130191263769e-16
420.75,6.472619115583526e-14,1.039841319455309e-16
420.76,6.471810552315055e-14,1.0374761458670785e-16
420.77,6.471188514727973e-14,1.0405511639205081e-16
420.78,6.470323831434612e-14,1.0382501568579758e-16
420.79,6.469596008770596e-14,1.0379102720584791e-16
420.8,6.468848315620229e-14,1.0370015281967649e-16
420.81,6.46811548033883e-14,1.0373722833489882e-16
420.82,6.467371041918057e-14,1.0383864823125712e-16
420.83,6.466629354396478e-14,1.036929794325846e-16
420.84,6.465963511525801e-14,1.0366777325704277e-16
420.85,6.465118695963812e-14,1.0364632992216291e-16
420.86,6.46435825251474e-14,1.038400498661609e-16
420.87,6.463645438118587e-14,1.0373488924559698e-16
420.88,6.462919952771568e-14,1.0342926927429478e-16
420.89,6.462203570385483e-14,1.0378293075731058e-16
420.9,6.461429019347003e-14,1.0374083660089085e-16
420.91,6.460704428787885e-14,1.0368584388535537e-16
420.92,6.459958382893883e-14,1.0366880931154247e-16
420.93,6.459195133810904e-14,1.0422372971842738e-16
420.94,6.45843350829788e-14,1.037101661643705e-16
420.95,6.45774563823701e-14,1.0375908805367526e-16
420.96,6.456987148253545e-14,1.0350751922537049e-16
420.97,6.456265745639204e-14,1.0371638612273333e-16
420.98,6.455546511158866e-14,1.0375873064787321e-16
420.99,6.454774439298112e-14,1.036647185527434e-16
421.0,6.45402802736191e-14,1.0365794765851066e-16
421.01,6.453288911405363e-14,1.0358397120792307e-16
421.02,6.45228977517828e-14,1.0254928365462226e-16
421.03,6.451774780230251e-14,1.0346759176806222e-16
421.04,6.451069287489287e-14,1.0352519681986806e-16
421.05,6.450326651764386e-14,1.0361224866366942e-16
421.06,6.449587684737197e-14,1.035417283331468e-16
421.07,6.448842856110085e-14,1.0344636516535731e-16
421.08,6.44811906125835e-14,1.0346691189113696e-16
421.09,6.447366659055312e-14,1.0356733146915892e-16
421.1,6.446624260345167e-14,1.0358878162745221e-16
421.11,6.44589028579705e-14,1.0364055574695871e-16
421.12,6.445122567606035e-14,1.0335104444721695e-16
421.13,6.444473742967074e-14,1.0343746881798737e-16
421.14,6.443702868431887e-14,1.0340373351544227e-16
421.15,6.442929183129097e-14,1.0354286205079597e-16
421.16,6.442216666235952e-14,1.0349646699570427e-16
421.17,6.441461210024443e-14,1.0345724414851648e-16
421.18,6.440732671468825e-14,1.03387054971756e-16
421.19,6.44001390912817e-14,1.0363280270529891e-16
421.2,6.439235163619272e-14,1.0306686517095114e-16
421.21,6.438410366738158e-14,1.0356304611958885e-16
421.22,6.437776531933606e-14,1.0321644984873308e-16
421.23,6.43699173341276e-14,1.0329393446394158e-16
421.24,6.436304424634361e-14,1.0345497311772821e-16
421.25,6.435605126268002e-14,1.036075439419479e-16
421.26,6.434867049052237e-14,1.0347523678921547e-16
421.27,6.434067121309305e-14,1.0320429372386829e-16
421.28,6.433369646041581e-14,1.0346785933387748e-16
421.29,6.432614431013843e-14,1.030963490294979e-16
421.3,6.431901681410955e-14,1.026314962193311e-16
421.31,6.431164538188617e-14,1.032165229916968e-16
421.32,6.43045240835946e-14,1.0330557974361715e-16
421.33,6.429685112095387e-14,1.0334893657190635e-16
421.34,6.428942286745883e-14,1.0335627027393221e-16
421.35,6.428223483354761e-14,1.0289955546344142e-16
421.36,6.427421733494194e-14,1.0283514247112567e-16
421.37,6.426726168174588e-14,1.0320787872462713e-16
421.38,6.425862885447373e-14,1.0320475642805225e-16
421.39,6.425366526245662e-14,1.0349929903292029e-16
421.4,6.424499001430371e-14,1.0330920736319524e-16
421.41,6.423813672652143e-14,1.0394455445633287e-16
421.42,6.42305892685263e-14,1.032087152656376e-16
421.43,6.422360925031649e-14,1.0354678641368713e-16
421.44,6.421619073336471e-14,1.0305121621861102e-16
421.45,6.420858255838146e-14,1.0323765590694709e-16
421.46,6.420107631699714e-14,1.0322419931037174e-16
421.47,6.419457689028266e-14,1.0342911531798434e-16
421.48,6.418533279350645e-14,1.0262910788632458e-16
421.49,6.417850076549745e-14,1.0282637632562198e-16
421.5,6.417147186027607e-14,1.0297307778235887e-16
421.51,6.416423800363286e-14,1.0301669413963292e-16
421.52,6.415693537516257e-14,1.0309705263651209e-16
421.53,6.414974510003188e-14,1.0324746861366436e-16
421.54,6.414216140608397e-14,1.0276302637359647e-16
421.55,6.41349493926336e-14,1.0311624113821291e-16
421.56,6.412778932986912e-14,1.0329430179272196e-16
421.57,6.412033226875308e-14,1.0305025267469481e-16
421.58,6.411280256419714e-14,1.0314713037163916e-16
421.59,6.410573756111777e-14,1.0314246366823172e-16
421.6,6.409832910126182e-14,1.0301843734140964e-16
421.61,6.40905146478882e-14,1.0282724878111556e-16
421.62,6.40838186279005e-14,1.0289034349732472e-16
421.63,6.4076231307289e-14,1.0302835036013786e-16
421.64,6.406902541203624e-14,1.0326868918976673e-16
421.65,6.406189235842513e-14,1.0292252226676651e-16
421.66,6.405391743524794e-14,1.0293042047769943e-16
421.67,6.404693042555605e-14,1.0280663106326796e-16
421.68,6.403934993596966e-14,1.028156488746381e-16
421.69,6.403212307428992e-14,1.0294033679715351e-16
421.7,6.402490085956526e-14,1.0283355174183351e-16
421.71,6.40184104928898e-14,1.0289660438734772e-16
421.72,6.401044438579768e-14,1.0293117706194315e-16
421.73,6.400263921385054e-14,1.0293970109054139e-16
421.74,6.399456410952224e-14,1.0217663570771553e-16
421.75,6.39881446739164e-14,1.0271816032447321e-16
421.76,6.398110915626994e-14,1.0291288402721397e-16
421.77,6.397380833671768e-14,1.0305370556420332e-16
421.78,6.396581392025765e-14,1.0276842079990702e-16
421.79,6.3958666223359e-14,1.0283944712537384e-16
421.8,6.395161325961882e-14,1.0283756028620201e-16
421.81,6.394462224997391e-14,1.0289043646794573e-16
421.82,6.393668822133178e-14,1.0292710979376189e-16
421.83,6.392911982353938e-14,1.0250397127125395e-16
421.84,6.392203261324861e-14,1.0245896219815823e-16
421.85,6.391493109295048e-14,1.0289769561177159e-16
421.86,6.390804875457146e-14,1.027356438660554e-16
421.87,6.390003455698854e-14,1.0270027387033205e-16
421.88,6.38931922850097e-14,1.0269295756537751e-16
421.89,6.388587841674931e-14,1.0266541424677989e-16
421.9,6.387892907351843e-14,1.0298483915557511e-16
421.91,6.38711596034575e-14,1.0284880280866546e-16
421.92,6.3863778925334e-14,1.0243417448440893e-16
421.93,6.385668095403703e-14,1.0264857410233522e-16
421.94,6.384882166014487e-14,1.0265586298501403e-16
421.95,6.384189590832964e-14,1.026409225395651e-16
421.96,6.383461683803444e-14,1.0258390797336052e-16
421.97,6.382730722007047e-14,1.0256977671135223e-16
421.98,6.382027418168083e-14,1.028103079108844e-16
421.99,6.381242929190243e-14,1.023076110803546e-16
422.0,6.380581515020098e-14,1.0288454800517394e-16
422.01,6.379807404569948e-14,1.023761208689989e-16
422.02,6.379088717880963e-14,1.0261013271852028e-16
422.03,6.378350045560843e-14,1.0258522372185518e-16
422.04,6.377624926334124e-14,1.025000473428074e-16
422.05,6.376897379678265e-14,1.0251245452268315e-16
422.06,6.376168597639497e-14,1.0248078277544962e-16
422.07,6.375428175347628e-14,1.0242686412331494e-16
422.08,6.374715816997215e-14,1.0238279744668808e-16
422.09,6.373954950277811e-14,1.0241459263945002e-16
422.1,6.373220585811217e-14,1.0240824124177788e-16
422.11,6.3725355390897e-14,1.0238819972854717e-16
422.12,6.371775511486494e-14,1.0243182462114392e-16
422.13,6.371062708594303e-14,1.0244009216878123e-16
422.14,6.370336268893505e-14,1.0233731672057341e-16
422.15,6.369607947419906e-14,1.0233655979482988e-16
422.16,6.368867057713334e-14,1.02428711057959e-16
422.17,6.368143095356832e-14,1.0226827890972137e-16
422.18,6.367442060128184e-14,1.0238936719951496e-16
422.19,6.366691277877017e-14,1.0243983443313109e-16
422.2,6.365933634084691e-14,1.0198183660665109e-16
422.21,6.365234701090136e-14,1.0227674769559303e-16
422.22,6.364530978008397e-14,1.0249521522283554e-16
422.23,6.363780133738703e-14,1.0228988799851847e-16
422.24,6.363022545243782e-14,1.0237177350812101e-16
422.25,6.362296955519611e-14,1.0196403456470365e-16
422.26,6.36158855394387e-14,1.020176377236197e-16
422.27,6.360867195149976e-14,1.0213503229999868e-16
422.28,6.360157105091537e-14,1.0261362734268742e-16
422.29,6.359411631504289e-14,1.0197315869546636e-16
422.3,6.358664404157702e-14,1.0201107636472358e-16
422.31,6.357960029088583e-14,1.0220337523893794e-16
422.32,6.357238653479172e-14,1.0228920915958673e-16
422.33,6.356484153805086e-14,1.0195072936549413e-16
422.34,6.355756036807924e-14,1.0235863061314102e-16
422.35,6.355025636044184e-14,1.02074417087434e-16
422.36,6.354392241101986e-14,1.0235194718103486e-16
422.37,6.35359042348237e-14,1.0240557188603412e-16
422.38,6.352925859599434e-14,1.0211467139743689e-16
422.39,6.352129010823291e-14,1.0198480937607839e-16
422.4,6.351403056734651e-14,1.0200606527601667e-16
422.41,6.350718635405104e-14,1.0212448792845163e-16
422.42,6.350000490684956e-14,1.0191369441706433e-16
422.43,6.34924840816939e-14,1.0197520069547921e-16
422.44,6.348543185720165e-14,1.0206821552187638e-16
422.45,6.347801923301285e-14,1.0200137418150623e-16
422.46,6.347110604622062e-14,1.0214890777444597e-16
422.47,6.346342960630698e-14,1.018656469608977e-16
422.48,6.34560441916506e-14,1.0174764555925803e-16
422.49,6.344915038980901e-14,1.0260443533548292e-16
422.5,6.344103350412377e-14,1.0098830575635933e-16
422.51,6.343445575301224e-14,1.0177790872100053e-16
422.52,6.342731949206674e-14,1.0197762168417347e-16
422.53,6.34198459460497e-14,1.0184750795791434e-16
422.54,6.341283960149392e-14,1.0181479530034097e-16
422.55,6.34045104179737e-14,1.0133675081088175e-16
422.56,6.339794779213926e-14,1.0164893045523753e-16
422.57,6.339084345180311e-14,1.0176695930186254e-16
422.58,6.338356511317693e-14,1.0177426181596521e-16
422.59,6.33764347717194e-14,1.0190166713353009e-16
422.6,6.336902649166065e-14,1.0173250365808913e-16
422.61,6.336180851475552e-14,1.0179452106105428e-16
422.62,6.335522685160676e-14,1.0212538486457015e-16
422.63,6.334779374673144e-14,1.0177255451609904e-16
422.64,6.33407482647002e-14,1.0258493694825611e-16
422.65,6.333286536028617e-14,1.0170765888688543e-16
422.66,6.332579139884128e-14,1.0179823749506654e-16
422.67,6.331849139722444e-14,1.0169792185475913e-16
422.68,6.331120306077318e-14,1.0162689774858023e-16
422.69,6.330403673066487e-14,1.016784908369904e-16
422.7,6.329688291860375e-14,1.017937092420488e-16
422.71,6.328897552033678e-14,1.0129342963015556e-16
422.72,6.328232207673088e-14,1.0200462145910794e-16
422.73,6.327500792249927e-14,1.0196863528124008e-16
422.74,6.326764061917835e-14,1.0149388344514786e-16
422.75,6.326058061538094e-14,1.0153256446841495e-16
422.76,6.325345593287238e-14,1.0157923153869301e-16
422.77,6.324613972555425e-14,1.0137187371906083e-16
422.78,6.323899446962666e-14,1.0148117049196186e-16
422.79,6.323123706571145e-14,1.0140202383113961e-16
422.8,6.322474385142193e-14,1.0155426567836218e-16
422.81,6.321842642473214e-14,1.0198590517592815e-16
422.82,6.32115885408374e-14,1.0141094600657103e-16
422.83,6.320257866915653e-14,1.0127322424704908e-16
422.84,6.319576656486064e-14,1.0157995306147905e-16
422.85,6.3188683818813e-14,1.0168059668950054e-16
422.86,6.318132355309053e-14,1.0136808861034769e-16
422.87,6.317381957101195e-14,1.0124403138352073e-16
422.88,6.316661332537329e-14,1.0115003071145384e-16
422.89,6.315934260969032e-14,1.0086144786731401e-16
422.9,6.315162146406091e-14,1.0113326639918506e-16
422.91,6.314426115351147e-14,1.0043288464725048e-16
422.92,6.313778714259048e-14,1.0132489468595325e-16
422.93,6.313073861748726e-14,1.0123003693325604e-16
422.94,6.312298448435765e-14,1.0138705234027849e-16
422.95,6.311637451987067e-14,1.0114246155018877e-16
422.96,6.310930669683487e-14,1.0122942685986358e-16
422.97,6.310197731386971e-14,1.0120540693521122e-16
422.98,6.309483080670536e-14,1.012617437140375e-16
422.99,6.308708732561183e-14,9.985571318750576e-17
423.0,6.30803880575854e-14,1.0112742275608947e-16
423.01,6.30730641750286e-14,1.0116682255796659e-16
423.02,6.306574748400537e-14,1.0106130282449654e-16
423.03,6.305864811930421e-14,1.008135146608656e-16
423.04,6.305146918363387e-14,1.0103230919944084e-16
423.05,6.30443148716888e-14,1.0107881180781363e-16
423.06,6.303699165236066e-14,1.0112018286415008e-16
423.07,6.303018159383616e-14,1.0102946437566408e-16
423.08,6.302229959719058e-14,1.0076074332015211e-16
423.09,6.301561306262669e-14,1.0146603563261355e-16
423.1,6.300812645819302e-14,1.0086345411681367e-16
423.11,6.300117084083344e-14,1.0085372036573158e-16
423.12,6.299393778890297e-14,1.0108938988107254e-16
423.13,6.298670177010777e-14,1.008764344264258e-16
423.14,6.297952455530843e-14,1.0095470540547662e-16
423.15,6.297252361530126e-14,1.0101470594868557e-16
423.16,6.296510688209402e-14,1.0106649419139407e-16
423.17,6.29581947463518e-14,1.0097975281994805e-16
423.18,6.295046655795504e-14,1.0021431755254297e-16
423.19,6.294409094557709e-14,1.0064296297736081e-16
423.2,6.293631424796093e-14,1.0090311927627676e-16
423.21,6.292924587681113e-14,1.0054572086978742e-16
423.22,6.292205626038253e-14,1.0088435666813601e-16
423.23,6.291488106174171e-14,1.007220314086628e-16
423.24,6.290763268257066e-14,1.0073063858936791e-16
423.25,6.2900829766688e-14,1.0052500640441533e-16
423.26,6.289348606464944e-14,1.0066474830677827e-16
423.27,6.28859733884386e-14,1.0136572206750325e-16
423.28,6.287891024947212e-14,1.0048559510048538e-16
423.29,6.287164927829842e-14,1.0073095920639998e-16
423.3,6.286481706523569e-14,1.0062802925987917e-16
423.31,6.285736417275533e-14,1.0043592498802097e-16
423.32,6.285010504339499e-14,1.0013452434183177e-16
423.33,6.28431595105705e-14,1.0064782917734049e-16
423.34,6.283611175392271e-14,1.0042602714227093e-16
423.35,6.282869151235313e-14,1.0031316164850146e-16
423.36,6.282190084767988e-14,1.0047770886528157e-16
423.37,6.281436510233096e-14,1.004575980149536e-16
423.38,6.280747612231868e-14,1.005449341751748e-16
423.39,6.279998783562997e-14,1.0035906459382797e-16
423.4,6.279303768711342e-14,1.0030666030424522e-16
423.41,6.278612788774256e-14,1.004848681321994e-16
423.42,6.277865444942932e-14,1.0037274636554858e-16
423.43,6.277260409296938e-14,1.0020509536868387e-16
423.44,6.276465123051573e-14,1.004640273955658e-16
423.45,6.275715200404355e-14,1.004353913248132e-16
423.46,6.274978914952724e-14,1.001807864936016e-16
423.47,6.274290908443534e-14,1.0028996623120452e-16
423.48,6.273558182824663e-14,1.0032975988852358e-16
423.49,6.272851878264625e-14,1.0016048153460454e-16
423.5,6.272132117431719e-14,1.0020675941215042e-16
423.51,6.271435385383424e-14,1.0023698160293525e-16
423.52,6.27070038269261e-14,1.0054359265325335e-16
423.53,6.270031476412283e-14,9.990327210589765e-17
423.54,6.269263014934836e-14,1.0005898604567313e-16
423.55,6.268575030652362e-14,1.0008550577602762e-16
423.56,6.267968748685345e-14,1.0061907957291337e-16
423.57,6.267109796772952e-14,9.997094342499237e-17
423.58,6.266431365651721e-14,1.000565030529776e-16
423.59,6.265694326974188e-14,9.994028019775127e-17
423.6,6.264975215412952e-14,9.993479692179019e-17
423.61,6.264341993948427e-14,1.00606795360282e-16
423.62,6.263556654796489e-14,9.993105733582944e-17
423.63,6.262885828688931e-14,1.0007736637836148e-16
423.64,6.262135217923249e-14,9.989269372398559e-17
423.65,6.261427435843863e-14,9.980176089079526e-17
423.66,6.260702328619924e-14,9.974999024914958e-17
423.67,6.259962255579484e-14,9.981120493900254e-17
423.68,6.259314013313268e-14,1.0034028902429545e-16
423.69,6.258558304242374e-14,9.983916977445987e-17
423.7,6.258208779834774e-14,9.97175172588723e-17
423.71,6.257112998405767e-14,9.983505053623649e-17
423.72,6.256447261206966e-14,9.982457571143914e-17
423.73,6.25571087347995e-14,9.976325173085574e-17
423.74,6.25499232394369e-14,9.970440202596831e-17
423.75,6.25430308058628e-14,9.974501541096212e-17
423.76,6.253594888893901e-14,9.97325477406638e-17
423.77,6.252853858021729e-14,9.970378021789768e-17
423.78,6.252156980866346e-14,9.965341740422959e-17
423.79,6.25069785133653e-14,9.6432189387707e-17
423.8,6.250742234362979e-14,9.957220693835595e-17
423.81,6.250011302119622e-14,9.97222368812542e-17
423.82,6.249305638101847e-14,9.957154827213582e-17
423.83,6.248583041913581e-14,9.956231019352807e-17
423.84,6.24790929119578e-14,9.963578967587734e-17
423.85,6.247166538266631e-14,9.950339550013651e-17
423.86,6.246464596737687e-14,9.966284294351648e-17
423.87,6.24572243771043e-14,9.939406575611463e-17
423.88,6.24499109556919e-14,1.0129438026356265e-16
423.89,6.24431476139046e-14,9.949118414748744e-17
423.9,6.243624447743953e-14,9.924693126308742e-17
423.91,6.242913508054708e-14,9.916660468110208e-17
423.92,6.24219773317086e-14,9.950486497521256e-17
423.93,6.241486386159414e-14,9.958988029497795e-17
423.94,6.240796379104832e-14,9.925902998063823e-17
423.95,6.240068508938025e-14,9.936281681880595e-17
423.96,6.23944533419409e-14,9.935759945131977e-17
423.97,6.238627916108598e-14,9.937354952044793e-17
423.98,6.237931650734988e-14,9.931035011085392e-17
423.99,6.237223097799664e-14,9.915506013175494e-17
424.0,6.236521900255784e-14,9.928143710627783e-17
424.01,6.235803195751783e-14,9.930060827166377e-17
424.02,6.235044685287402e-14,9.915151365201526e-17
424.03,6.23438041521634e-14,9.910003285720352e-17
424.04,6.233653732857449e-14,9.911325013324856e-17
424.05,6.232949658172613e-14,9.906668536164397e-17
424.06,6.232322479580888e-14,9.952034040629232e-17
424.07,6.23155041485667e-14,9.915772618045362e-17
424.08,6.230839817290176e-14,9.882530794713879e-17
424.09,6.230127076544403e-14,9.875199132767531e-17
424.1,6.229400479479345e-14,9.905488544654206e-17
424.11,6.22870983405571e-14,9.889094883607316e-17
424.12,6.227989921792272e-14,9.912412137546042e-17
424.13,6.227290036851662e-14,9.914341458127555e-17
424.14,6.226565521821972e-14,9.887860457924651e-17
424.15,6.225867374658913e-14,9.872773016099679e-17
424.16,6.2251730883891e-14,9.894900553696149e-17
424.17,6.224622122392494e-14,9.976454287688351e-17
424.18,6.223784501396298e-14,9.900276655830583e-17
424.19,6.223046485861577e-14,9.867942961391955e-17
424.2,6.22233754710332e-14,9.894942330956686e-17
424.21,6.221620690586441e-14,9.877817112131154e-17
424.22,6.220915018870779e-14,9.892228383086999e-17
424.23,6.220230898631589e-14,9.895512625020404e-17
424.24,6.219488663537997e-14,9.877316013733212e-17
424.25,6.218768997986533e-14,9.865580602775758e-17
424.26,6.218065134698799e-14,9.866807349307567e-17
424.27,6.217413841189152e-14,9.88934867512569e-17
424.28,6.216678878339472e-14,9.869638889782242e-17
424.29,6.215958743698619e-14,9.881945836505365e-17
424.3,6.215243474208748e-14,9.87560991352001e-17
424.31,6.214545299175581e-14,9.86908380888941e-17
424.32,6.213853430627853e-14,9.860864754447133e-17
424.33,6.213083228303948e-14,9.822922605512864e-17
424.34,6.212411313981207e-14,9.850026114486328e-17
424.35,6.211763055162602e-14,9.690808269371756e-17
424.36,6.211034630344935e-14,9.855894013868876e-17
424.37,6.210302531495461e-14,9.848463904271432e-17
424.38,6.20959244755563e-14,9.847757667083469e-17
424.39,6.208886371067084e-14,9.842254547377502e-17
424.4,6.208195979458953e-14,9.856109739264517e-17
424.41,6.207477139449138e-14,9.848105253245792e-17
424.42,6.206748164635771e-14,9.851464095500548e-17
424.43,6.206033800616439e-14,9.864666816525382e-17
424.44,6.205876328162886e-14,1.0274725910421497e-16
424.45,6.20467458986673e-14,9.848544830606646e-17
424.46,6.203985262247257e-14,9.840191131371273e-17
424.47,6.203335930040306e-14,9.896478168935304e-17
424.48,6.202550420538058e-14,9.843335965780841e-17
424.49,6.201863764628038e-14,9.8307598801514e-17
424.5,6.201118839390212e-14,9.828391309806606e-17
424.51,6.200424369147888e-14,9.833236896712378e-17
424.52,6.199700392518806e-14,9.832772363352034e-17
424.53,6.199151409341695e-14,9.824063734102567e-17
424.54,6.198305521496468e-14,9.823057701818983e-17
424.55,6.197588257768489e-14,9.812365425110181e-17
424.56,6.196898012674712e-14,9.818771444608552e-17
424.57,6.196187881502574e-14,9.805238808034828e-17
424.58,6.195472238334646e-14,9.822721857253035e-17
424.59,6.194808186428875e-14,9.816567597961417e-17
424.6,6.194050335321422e-14,9.823303883638395e-17
424.61,6.193318323905074e-14,9.767024234364551e-17
424.62,6.192593614685406e-14,9.825173728403249e-17
424.63,6.1919944190434e-14,9.811780836627199e-17
424.64,6.19128956265258e-14,9.819850367417209e-17
424.65,6.190569991485578e-14,9.822912899717373e-17
424.66,6.189824506965583e-14,9.781830286550654e-17
424.67,6.189158122919839e-14,9.806987418179662e-17
424.68,6.188495479329307e-14,9.787772441924281e-17
424.69,6.187720545169517e-14,9.80475589034754e-17
424.7,6.187024166827363e-14,9.801301234782186e-17
424.71,6.186321095185989e-14,9.73322974347349e-17
424.72,6.185640299767991e-14,9.794159262709527e-17
424.73,6.18496148200887e-14,9.795735470433703e-17
424.74,6.18424669589334e-14,9.778959221180381e-17
424.75,6.18355330487084e-14,9.791329447374921e-17
424.76,6.182802434762408e-14,9.774795051253354e-17
424.77,6.18215275406933e-14,9.794181769145717e-17
424.78,6.18150571401859e-14,9.820317863202721e-17
424.79,6.180746050292539e-14,9.797720580720716e-17
424.8,6.180126110305741e-14,9.795098805101058e-17
424.81,6.179311165535442e-14,9.752879825180157e-17
424.82,6.178613701114179e-14,9.778146085050733e-17
424.83,6.177937623486723e-14,9.775120606874067e-17
424.84,6.177220988672153e-14,9.768958268518741e-17
424.85,6.176507783120444e-14,9.778080128130066e-17
424.86,6.175854304465243e-14,9.792286501781271e-17
424.87,6.175197803350663e-14,9.744966461477315e-17
424.88,6.174424222387388e-14,9.777562980986011e-17
424.89,6.173756836292247e-14,9.754458840364426e-17
424.9,6.173010934152759e-14,9.762001731849734e-17
424.91,6.172318001557912e-14,9.761211721773033e-17
424.92,6.171616366299717e-14,9.756799353314944e-17
424.93,6.170917795087523e-14,9.767484925720524e-17
424.94,6.170234736098773e-14,9.766873801761994e-17
424.95,6.16951271459161e-14,9.765471903597928e-17
424.96,6.168897112254524e-14,9.703399175921255e-17
424.97,6.168145307444785e-14,9.776396482779213e-17
424.98,6.167427837635888e-14,9.758436135520132e-17
424.99,6.166694119432709e-14,9.732416551063517e-17
425.0,6.16606423559311e-14,9.784737573595883e-17
425.01,6.16530224410773e-14,9.745318916855388e-17
425.02,6.164619773487102e-14,9.747561185145766e-17
425.03,6.163891556408457e-14,9.71715742744302e-17
425.04,6.163200076447708e-14,9.734512581412834e-17
425.05,6.162542184688321e-14,9.737828009729118e-17
425.06,6.16175709846296e-14,9.74755883963195e-17
425.07,6.161096276726954e-14,9.72374187234421e-17
425.08,6.160403596262288e-14,9.72353233669822e-17
425.09,6.159705203278819e-14,9.729058942025882e-17
425.1,6.159017808853271e-14,9.713811087470832e-17
425.11,6.158260088107847e-14,9.721409643403357e-17
425.12,6.157621686682688e-14,9.716651807457427e-17
425.13,6.156984153598618e-14,9.703940086310278e-17
425.14,6.156234083871295e-14,9.726183813446521e-17
425.15,6.155491541216808e-14,9.752019858790986e-17
425.16,6.154798053280857e-14,9.718340789855055e-17
425.17,6.154124609915578e-14,9.701181929152515e-17
425.18,6.153430400991305e-14,9.718524138371088e-17
425.19,6.152719729542905e-14,9.713462680023877e-17
425.2,6.152002614974343e-14,9.62819806341852e-17
425.21,6.151355296754191e-14,9.743236880631951e-17
425.22,6.150612883645096e-14,9.696142776653149e-17
425.23,6.149906026789084e-14,9.66023578474853e-17
425.24,6.14912265863223e-14,9.583837648281816e-17
425.25,6.148537936825678e-14,9.700060492416652e-17
425.26,6.147793616354797e-14,9.715098897049532e-17
425.27,6.147134863288333e-14,9.691155169704014e-17
425.28,6.146428224407809e-14,9.667375211686656e-17
425.29,6.145830316741922e-14,9.744794806209238e-17
425.3,6.14503371567517e-14,9.680995102136593e-17
425.31,6.144351708193242e-14,9.673503638703993e-17
425.32,6.143657475218754e-14,9.660206680645526e-17
425.33,6.142995746735684e-14,9.701359279910502e-17
425.34,6.142304256125147e-14,9.693487120745129e-17
425.35,6.141506717718758e-14,9.694610274353449e-17
425.36,6.140877351578566e-14,9.670171799308203e-17
425.37,6.1401801487621e-14,9.699091666628141e-17
425.38,6.139437903921447e-14,9.676735988854559e-17
425.39,6.138743995338821e-14,9.690340801904135e-17
425.4,6.138066468233214e-14,9.676723967508764e-17
425.41,6.137417645545728e-14,9.711944419075371e-17
425.42,6.136657794938846e-14,9.669694313481936e-17
425.43,6.136020679408848e-14,9.677143281661865e-17
425.44,6.135301486087663e-14,9.661536488116804e-17
425.45,6.134665621902089e-14,9.678014969735368e-17
425.46,6.133906490658758e-14,9.662309887434038e-17
425.47,6.133179517268326e-14,9.660231913873342e-17
425.48,6.132537727129291e-14,9.689520673855765e-17
425.49,6.13182473946486e-14,9.647434641445006e-17
425.5,6.131178897727526e-14,9.681660807656225e-17
425.51,6.130382328692325e-14,9.638722362156447e-17
425.52,6.129760924119928e-14,9.67181237220722e-17
425.53,6.12905280703759e-14,9.647250642519309e-17
425.54,6.128355483801749e-14,9.65644715762645e-17
425.55,6.127673457418151e-14,9.636569777446199e-17
425.56,6.126970217117801e-14,9.647453172772212e-17
425.57,6.126260925833896e-14,9.645238072383674e-17
425.58,6.125587429491216e-14,9.644647582668343e-17
425.59,6.124891076998677e-14,9.642479391364696e-17
425.6,6.124211148823391e-14,9.655373327601374e-17
425.61,6.123455161800968e-14,9.646718590284842e-17
425.62,6.122839400908135e-14,9.653112141986332e-17
425.63,6.122119168753214e-14,9.650844617350418e-17
425.64,6.121364529044833e-14,9.607645769217414e-17
425.65,6.120734087235741e-14,9.64729293468887e-17
425.66,6.120043041849676e-14,9.654821995485047e-17
425.67,6.119344806361547e-14,9.641941718055414e-17
425.68,6.118628603935698e-14,9.617012473493452e-17
425.69,6.117919097754043e-14,9.627949367547111e-17
425.7,6.117233208919143e-14,9.644579156443474e-17
425.71,6.116555044661132e-14,9.645962235816233e-17
425.72,6.11590391575463e-14,9.642010913010282e-17
425.73,6.115189360085434e-14,9.65285263400622e-17
425.74,6.11447012723789e-14,9.626070397174382e-17
425.75,6.113764697473176e-14,9.604745921272647e-17
425.76,6.113066385501197e-14,9.622243133464291e-17
425.77,6.112446876802376e-14,9.669992626469754e-17
425.78,6.111705085993399e-14,9.621232296506311e-17
425.79,6.111014565777313e-14,9.606267440371455e-17
425.8,6.110318982367032e-14,9.63098156613436e-17
425.81,6.109607945693451e-14,9.639943310636499e-17
425.82,6.108945579934186e-14,9.615886381617715e-17
425.83,6.108246709256914e-14,9.61351296227859e-17
425.84,6.107551544206587e-14,9.632427175436507e-17
425.85,6.106887124849574e-14,9.624622379284959e-17
425.86,6.10621719199161e-14,9.603273019271154e-17
425.87,6.105397543477757e-14,9.599864295599685e-17
425.88,6.104829732199741e-14,9.62392032831315e-17
425.89,6.104130727301832e-14,9.613925308545658e-17
425.9,6.10339103834798e-14,9.610931398365389e-17
425.91,6.102709904618686e-14,9.623093947573321e-17
425.92,6.102037218734072e-14,9.608227371222793e-17
425.93,6.101323768839903e-14,9.602532484958382e-17
425.94,6.10065936258071e-14,9.624623295660302e-17
425.95,6.099963500027488e-14,9.620917485313096e-17
425.96,6.09921952988132e-14,9.59384515894416e-17
425.97,6.098552721106327e-14,9.600959204133654e-17
425.98,6.097883483201741e-14,9.609607309356927e-17
425.99,6.097199154753132e-14,9.602315246332904e-17
426.0,6.096510897292943e-14,9.606480970643522e-17
426.01,6.095802059212796e-14,9.592747128886137e-17
426.02,6.095127227645981e-14,9.599015399504386e-17
426.03,6.094422105335318e-14,9.592327374976349e-17
426.04,6.093744438084373e-14,9.58612517321408e-17
426.05,6.093042612906116e-14,9.589210792414517e-17
426.06,6.092375313102849e-14,9.606551263328029e-17
426.07,6.091674314096521e-14,9.584596055093116e-17
426.08,6.09099247324235e-14,9.581737749657397e-17
426.09,6.090288495011538e-14,9.591433612357263e-17
426.1,6.089630882533357e-14,9.591467549524959e-17
426.11,6.08896862760516e-14,9.602407732350684e-17
426.12,6.088232248310748e-14,9.582410531410918e-17
426.13,6.087494999375765e-14,9.558869588127499e-17
426.14,6.086845859715774e-14,9.586181518047641e-17
426.15,6.086110161671402e-14,9.562199738020841e-17
426.16,6.08551124028049e-14,9.60654259979808e-17
426.17,6.084790616546519e-14,9.57992811600671e-17
426.18,6.084123091614079e-14,9.567712014088097e-17
426.19,6.083389763715596e-14,9.569723102695186e-17
426.2,6.082718366273481e-14,9.579499647717206e-17
426.21,6.082024139960994e-14,9.573589791918376e-17
426.22,6.08133983953821e-14,9.540391575096231e-17
426.23,6.080623397995553e-14,9.552111216069614e-17
426.24,6.079975944263083e-14,9.611752871434537e-17
426.25,6.079282096680605e-14,9.58976484300878e-17
426.26,6.078593563558757e-14,9.566264636405474e-17
426.27,6.077919738594263e-14,9.609453497979861e-17
426.28,6.077238585629413e-14,9.566451002396074e-17
426.29,6.076555991745519e-14,9.588323781295135e-17
426.3,6.07586445824388e-14,9.563927268939288e-17
426.31,6.075114444947461e-14,9.537136674242202e-17
426.32,6.074447645259615e-14,9.570565170986508e-17
426.33,6.073766939390012e-14,9.545055213490326e-17
426.34,6.073077332880326e-14,9.556934154969495e-17
426.35,6.072443935976613e-14,9.55257018807811e-17
426.36,6.071666589690422e-14,9.526971261814587e-17
426.37,6.071006950416181e-14,9.556273079753986e-17
426.38,6.070330801754141e-14,9.54713291759004e-17
426.39,6.069658169159632e-14,9.549766217287553e-17
426.4,6.06892843157654e-14,9.543414859630385e-17
426.41,6.068255057543933e-14,9.54788254215611e-17
426.42,6.067605396946178e-14,9.567888768004755e-17
426.43,6.066913073477868e-14,9.5500727909106e-17
426.44,6.066248781284406e-14,9.544049763612658e-17
426.45,6.06552341748207e-14,9.551604026119668e-17
426.46,6.064827906831669e-14,9.551370062535035e-17
426.47,6.064145768470947e-14,9.537046071587906e-17
426.48,6.063497897667762e-14,9.554570295472221e-17
426.49,6.062826313035182e-14,9.555722804259623e-17
426.5,6.062120105567996e-14,9.571599136255231e-17
426.51,6.061390884413572e-14,9.532376035101637e-17
426.52,6.060728233048603e-14,9.553187057797062e-17
426.53,6.060054976383943e-14,9.53534472084172e-17
426.54,6.059347144884389e-14,9.529112572252632e-17
426.55,6.058660297189067e-14,9.541431157694329e-17
426.56,6.057980797608289e-14,9.54552850374013e-17
426.57,6.057288178043136e-14,9.547144178730167e-17
426.58,6.056589457069787e-14,9.536132340097296e-17
426.59,6.055944862681658e-14,9.540716069059373e-17
426.6,6.055276355541488e-14,9.557302340586537e-17
426.61,6.054574517455443e-14,9.542891352954406e-17
426.62,6.053908584978342e-14,9.554598032009403e-17
426.63,6.053210554828826e-14,9.534099139872017e-17
426.64,6.052565569747261e-14,9.560202620849774e-17
426.65,6.05184200270176e-14,9.539233676773244e-17
426.66,6.051171987677784e-14,9.510429807896696e-17
426.67,6.050454415755537e-14,9.532781814303904e-17
426.68,6.049781113050649e-14,9.534645540324472e-17
426.69,6.049092703980179e-14,9.515918724153469e-17
426.7,6.048404644623794e-14,9.570902689171347e-17
426.71,6.047715612594217e-14,9.540380660827216e-17
426.72,6.047027709030596e-14,9.508601994667544e-17
426.73,6.046367598928489e-14,9.560154437979853e-17
426.74,6.045675089182297e-14,9.530874881337977e-17
426.75,6.044997041089599e-14,9.553632016847163e-17
426.76,6.04435468480857e-14,9.492238922431549e-17
426.77,6.043626806546164e-14,9.529078332757561e-17
426.78,6.042936872232624e-14,9.489543770018227e-17
426.79,6.042251139282894e-14,9.510723279012444e-17
426.8,6.0415948624505e-14,9.521998937040622e-17
426.81,6.040901138278e-14,9.511887639626669e-17
426.82,6.040102017282473e-14,9.484653191139495e-17
426.83,6.039582199693851e-14,9.537855751723806e-17
426.84,6.0386606139556e-14,9.359074055200939e-17
426.85,6.038012073066852e-14,9.430919320009826e-17
426.86,6.037474847248723e-14,9.51464960561303e-17
426.87,6.036790354165385e-14,9.493465258972705e-17
426.88,6.03613083294666e-14,9.473299556832767e-17
426.89,6.035437873279526e-14,9.511879035694622e-17
426.9,6.034735548162854e-14,9.481709171854731e-17
426.91,6.034069456680562e-14,9.483518429677912e-17
426.92,6.033378165308463e-14,9.486393307477409e-17
426.93,6.032738819501614e-14,9.571032919480554e-17
426.94,6.031968409293316e-14,9.478660041539018e-17
426.95,6.031337784563056e-14,9.524145348082252e-17
426.96,6.03065435056004e-14,9.480529234584291e-17
426.97,6.029952390435028e-14,9.499418298882221e-17
426.98,6.029300881715609e-14,9.499334051165268e-17
426.99,6.028629468274031e-14,9.51104676904649e-17
427.0,6.027940795310728e-14,9.487384063542979e-17
427.01,6.027272582389726e-14,9.491513218030523e-17
427.02,6.026574930839412e-14,9.467771988347978e-17
427.03,6.025893340150556e-14,9.467495258976745e-17
427.04,6.025250606374194e-14,9.510731182856741e-17
427.05,6.024527519312415e-14,9.500290484131507e-17
427.06,6.023843355949336e-14,9.490947784118459e-17
427.07,6.023154537487314e-14,9.495309813380279e-17
427.08,6.022487281258033e-14,9.488324507834946e-17
427.09,6.021831875145333e-14,9.493965728446243e-17
427.1,6.021114268917835e-14,9.458553989632088e-17
427.11,6.020479091215077e-14,9.506390656582538e-17
427.12,6.019730088498216e-14,9.495599610562482e-17
427.13,6.01907228586089e-14,9.460654168486447e-17
427.14,6.018433448227219e-14,9.486309828115253e-17
427.15,6.017729357643957e-14,9.492103773880174e-17
427.16,6.017068005739126e-14,9.488194113325422e-17
427.17,6.016395204306917e-14,9.491101430939754e-17
427.18,6.015684163490077e-14,9.483420519763931e-17
427.19,6.015037701167136e-14,9.49297585995102e-17
427.2,6.014335968462455e-14,9.496273779925519e-17
427.21,6.013804318546187e-14,9.656610892113469e-17
427.22,6.01296254180765e-14,9.472565168022123e-17
427.23,6.012301700604403e-14,9.487566761438704e-17
427.24,6.011625482909448e-14,9.481454034420357e-17
427.25,6.01094590084343e-14,9.468028771860087e-17
427.26,6.010279176146083e-14,9.480713683245739e-17
427.27,6.009567988208416e-14,9.474949496653894e-17
427.28,6.008875425157567e-14,9.465933705187917e-17
427.29,6.008229402916634e-14,9.492942508065795e-17
427.3,6.007456676778216e-14,9.500347931565754e-17
427.31,6.006866551770897e-14,9.489371207873348e-17
427.32,6.006212970269824e-14,9.474675426142947e-17
427.33,6.005521580621322e-14,9.46694344363294e-17
427.34,6.00483325759281e-14,9.460287891838793e-17
427.35,6.004171128762616e-14,9.46800012575386e-17
427.36,6.003464248821638e-14,9.472746597701609e-17
427.37,6.002884380885339e-14,9.542370477360587e-17
427.38,6.002097700702842e-14,9.464276749691849e-17
427.39,6.001479196191067e-14,9.466123907936638e-17
427.4,6.000788718656335e-14,9.477377646298739e-17
427.41,6.000091879188433e-14,9.462399023877874e-17
427.42,5.999428049945617e-14,9.481260481807442e-17
427.43,5.998742635359015e-14,9.45711893027765e-17
427.44,5.998058737631831e-14,9.458706587249888e-17
427.45,5.997375686543276e-14,9.452031817390084e-17
427.46,5.996764549193253e-14,9.414178789199783e-17
427.47,5.996002245087759e-14,9.453861146422826e-17
427.48,5.99532477035699e-14,9.455785119794195e-17
427.49,5.994677185328255e-14,9.462761464504646e-17
427.5,5.994010789363588e-14,9.453806592876822e-17
427.51,5.993303111613299e-14,9.444380989410614e-17
427.52,5.992678249251652e-14,9.455849014175889e-17
427.53,5.991984985374188e-14,9.45798183050422e-17
427.54,5.991295316980998e-14,9.443545262977217e-17
427.55,5.990738782365138e-14,9.441201213134099e-17
427.56,5.989976742148221e-14,9.455457758753311e-17
427.57,5.989298797150548e-14,9.467208310026604e-17
427.58,5.988582097219725e-14,9.450340184781568e-17
427.59,5.987885155480874e-14,9.470156776200874e-17
427.6,5.987244410288584e-14,9.45130791965332e-17
427.61,5.986565032042164e-14,9.451785988405524e-17
427.62,5.985888490796577e-14,9.442024288204601e-17
427.63,5.985199203538522e-14,9.438219073769898e-17
427.64,5.984696138921991e-14,9.80523188144078e-17
427.65,5.983845331148755e-14,9.43961790353722e-17
427.66,5.983171130088803e-14,9.411421395183482e-17
427.67,5.982482459607253e-14,9.432116697249686e-17
427.68,5.981828794043905e-14,9.44062243322828e-17
427.69,5.981143818247918e-14,9.437248851847539e-17
427.7,5.980475343926458e-14,9.444579177949102e-17
427.71,5.979805792177548e-14,9.438671659297739e-17
427.72,5.979130592224961e-14,9.430252796213763e-17
427.73,5.978634233161826e-14,9.518475996530472e-17
427.74,5.977755802924229e-14,9.431258663513714e-17
427.75,5.977139786263761e-14,9.449864292945758e-17
427.76,5.976419714406712e-14,9.425616754676322e-17
427.77,5.975736877891175e-14,9.420849770426078e-17
427.78,5.975093462619199e-14,9.425204469534298e-17
427.79,5.974408309278421e-14,9.427975694147575e-17
427.8,5.973729117949922e-14,9.428226872547415e-17
427.81,5.973063682108697e-14,9.415607343963872e-17
427.82,5.972371177179368e-14,9.355070914586217e-17
427.83,5.971718994504224e-14,9.41504797348998e-17
427.84,5.971010357339942e-14,9.451102848893376e-17
427.85,5.970368869965187e-14,9.435213621113701e-17
427.86,5.96968883847499e-14,9.417741473071928e-17
427.87,5.969017134128179e-14,9.429567383819039e-17
427.88,5.96834379035421e-14,9.42693372267677e-17
427.89,5.967674274494816e-14,9.432664973673484e-17
427.9,5.966985919813539e-14,9.387239779019902e-17
427.91,5.966365883628838e-14,9.428525106018704e-17
427.92,5.965647629941421e-14,9.41423524489571e-17
427.93,5.965026751325126e-14,9.42504957079502e-17
427.94,5.96425998395858e-14,9.414001881167187e-17
427.95,5.963640739743203e-14,9.414857931452853e-17
427.96,5.962964407527617e-14,9.404586478467122e-17
427.97,5.962289038097238e-14,9.408794271089839e-17
427.98,5.961621859765751e-14,9.413200278265063e-17
427.99,5.960956230558017e-14,9.427166784091083e-17
428.0,5.96024022935807e-14,9.400127247212239e-17
428.01,5.959605988702282e-14,9.407113066698967e-17
428.02,5.958901040068621e-14,9.395000181297075e-17
428.03,5.958271511554821e-14,9.433638244929682e-17
428.04,5.957572829096116e-14,9.401868265490088e-17
428.05,5.956908397985011e-14,9.407956583343064e-17
428.06,5.956249890536596e-14,9.400780421835202e-17
428.07,5.955561767955109e-14,9.401154064491305e-17
428.08,5.9549098006634e-14,9.401987167089865e-17
428.09,5.954250184640045e-14,9.409996282662309e-17
428.1,5.953565210038844e-14,9.409374670875065e-17
428.11,5.952918584725445e-14,9.354340409532703e-17
428.12,5.952231317670132e-14,9.398360682939365e-17
428.13,5.951524328808437e-14,9.40219229894194e-17
428.14,5.950884362040346e-14,9.405186070633113e-17
428.15,5.95020904703687e-14,9.415363456222667e-17
428.16,5.949551759144425e-14,9.405979780519144e-17
428.17,5.948856555164776e-14,9.410779586461039e-17
428.18,5.948152836277387e-14,9.407185825962522e-17
428.19,5.947480940129343e-14,9.411816756983141e-17
428.2,5.946843757020165e-14,9.458186035284396e-17
428.21,5.946159891456022e-14,9.391177182937884e-17
428.22,5.94550861851881e-14,9.383882990661308e-17
428.23,5.944852349328747e-14,9.392222889908301e-17
428.24,5.944172229363565e-14,9.393409607022664e-17
428.25,5.943508056184774e-14,9.408889821140166e-17
428.26,5.942828835309974e-14,9.384745622605163e-17
428.27,5.942187268538772e-14,9.420982147576265e-17
428.28,5.941445214248074e-14,9.368852999344608e-17
428.29,5.940766799492047e-14,9.416991720680404e-17
428.3,5.940144863714081e-14,9.396066871606687e-17
428.31,5.939452571460518e-14,9.386013655942449e-17
428.32,5.938788626838849e-14,9.392872660058699e-17
428.33,5.938136771811082e-14,9.381897534490557e-17
428.34,5.937387825573037e-14,9.407137300013007e-17
428.35,5.936809998144463e-14,9.387627889965268e-17
428.36,5.936149477893974e-14,9.384855756197645e-17
428.37,5.93547668751655e-14,9.372519618844632e-17
428.38,5.935081006946226e-14,9.151954208438677e-17
428.39,5.934117425790481e-14,9.374623648793787e-17
428.4,5.933461436408946e-14,9.361997178555449e-17
428.41,5.932747604865998e-14,9.39413470532079e-17
428.42,5.932120719177418e-14,9.365452066456516e-17
428.43,5.931427715956799e-14,9.369502458458992e-17
428.44,5.930773635471366e-14,9.369195998759172e-17
428.45,5.930086790198091e-14,9.372025748795435e-17
428.46,5.929435404713631e-14,9.368762289803771e-17
428.47,5.928723073713773e-14,9.421618263046843e-17
428.48,5.928100344770618e-14,9.368538898810627e-17
428.49,5.927431034423063e-14,9.374016120911061e-17
428.5,5.92675804425321e-14,9.362614465644024e-17
428.51,5.926091275292114e-14,9.341502654100415e-17
428.52,5.925433893597967e-14,9.37083382820627e-17
428.53,5.924750105441535e-14,9.360621502553374e-17
428.54,5.924034487422884e-14,9.3495680026106e-17
428.55,5.923475769728863e-14,9.337395989652067e-17
428.56,5.922726539225163e-14,9.344083905213494e-17
428.57,5.922097028786191e-14,9.359471967144411e-17
428.58,5.921441639809889e-14,9.361506221648288e-17
428.59,5.920774707855097e-14,9.344874270205115e-17
428.6,5.920183396802335e-14,9.342047148894481e-17
428.61,5.91946414021367e-14,9.33759812197345e-17
428.62,5.918786784069806e-14,9.355439974516463e-17
428.63,5.918084783940816e-14,9.374150944464951e-17
428.64,5.917421254448819e-14,9.342135595400152e-17
428.65,5.916691901093573e-14,9.355315288846149e-17
428.66,5.916101909885856e-14,9.37818410302376e-17
428.67,5.915323553985865e-14,9.321041231316842e-17
428.68,5.914752979151298e-14,9.325543890642808e-17
428.69,5.914080595271908e-14,9.340660820988443e-17
428.7,5.913437053596735e-14,9.357399662480351e-17
428.71,5.912757428383145e-14,9.346416373651815e-17
428.72,5.912079111797944e-14,9.291972129967798e-17
428.73,5.911477733367505e-14,9.362834775779764e-17
428.74,5.910756543066984e-14,9.320919284694757e-17
428.75,5.91012685569122e-14,9.38021750107932e-17
428.76,5.90946026687553e-14,9.332268742639323e-17
428.77,5.908784676935514e-14,9.357624224492625e-17
428.78,5.908104883184553e-14,9.344656970000406e-17
428.79,5.907418691069956e-14,9.317905416806873e-17
428.8,5.906742852699909e-14,9.327724728839835e-17
428.81,5.906417754246242e-14,9.340205960260989e-17
428.82,5.905408201215461e-14,9.322430826865136e-17
428.83,5.904806957638132e-14,9.336804253587543e-17
428.84,5.90411091873698e-14,9.325996982956877e-17
428.85,5.903454527469309e-14,9.349944945176348e-17
428.86,5.902767171728605e-14,9.314633546783156e-17
428.87,5.902115131167089e-14,9.343431765694321e-17
428.88,5.901450116584902e-14,9.324212014754388e-17
428.89,5.900800578654589e-14,9.328751924467501e-17
428.9,5.900073330069127e-14,9.309511786753237e-17
428.91,5.899521258037006e-14,9.323063998420519e-17
428.92,5.898762846218257e-14,9.295684777229152e-17
428.93,5.898184709901928e-14,9.338947545185187e-17
428.94,5.897472836051106e-14,9.316534948558224e-17
428.95,5.896797527446751e-14,9.316869299483839e-17
428.96,5.896063026986882e-14,9.311690456762258e-17
428.97,5.895502757014061e-14,9.329905046447147e-17
428.98,5.894810484829818e-14,9.324297654063268e-17
428.99,5.894175603367021e-14,9.357809385952617e-17
429.0,5.89354234650052e-14,9.38719304868264e-17
429.01,5.892846219118567e-14,9.313543190873294e-17
429.02,5.89213432762593e-14,9.294939770374895e-17
429.03,5.891489208791353e-14,9.30471072610238e-17
429.04,5.890829672993422e-14,9.305347047809082e-17
429.05,5.890184530491315e-14,9.29696219562332e-17
429.06,5.889524864499208e-14,9.323336558097657e-17
429.07,5.888842312480503e-14,9.310343740726314e-17
429.08,5.888093110279495e-14,9.231589278545384e-17
429.09,5.887547630769967e-14,9.28653234244586e-17
429.1,5.88686557806044e-14,9.304769670297064e-17
429.11,5.886073194264832e-14,9.287787385935237e-17
429.12,5.88554167608159e-14,9.300295027915947e-17
429.13,5.884884060904693e-14,9.32603804963717e-17
429.14,5.884231885558873e-14,9.295801769207878e-17
429.15,5.883552438980483e-14,9.26815908344397e-17
429.16,5.882913783971301e-14,9.295656041673412e-17
429.17,5.882244235104082e-14,9.29079684339405e-17
429.18,5.881244911678112e-14,9.254780717514511e-17
429.19,5.880897512925249e-14,9.307474059371517e-17
429.2,5.880234258904079e-14,9.359462982586223e-17
429.21,5.879569313703888e-14,9.28889079007973e-17
429.22,5.878945882545932e-14,9.314963556435381e-17
429.23,5.878300773649532e-14,9.369307512555865e-17
429.24,5.877565212602095e-14,9.275333264226677e-17
429.25,5.876923612199761e-14,9.293752185457415e-17
429.26,5.876292300290295e-14,9.327640887427335e-17
429.27,5.87554162431725e-14,9.226134172716964e-17
429.28,5.874939741798782e-14,9.247879063476725e-17
429.29,5.874312960860481e-14,9.300756548745175e-17
429.3,5.873611883068781e-14,9.27533063708743e-17
429.31,5.872971023082783e-14,9.278009198798146e-17
429.32,5.872319992680852e-14,9.274163345815152e-17
429.33,5.871620747828243e-14,9.245775681501712e-17
429.34,5.870956024459204e-14,9.278765243632812e-17
429.35,5.870280351516838e-14,9.218802013055066e-17
429.36,5.869601525291571e-14,9.264073467883292e-17
429.37,5.868996414664455e-14,9.271331494633586e-17
429.38,5.86831942523317e-14,9.263568174573722e-17
429.39,5.867692195553644e-14,9.262268596811951e-17
429.4,5.867003015165337e-14,9.245698624303912e-17
429.41,5.86634826840444e-14,9.274426266403794e-17
429.42,5.865700887351322e-14,9.252480250635148e-17
429.43,5.865018296184827e-14,9.264848220284865e-17
429.44,5.864323513143085e-14,9.21401719353688e-17
429.45,5.863694689327187e-14,9.239862188052045e-17
429.46,5.863045006495772e-14,9.240754609573516e-17
429.47,5.862412536145195e-14,9.269011498422165e-17
429.48,5.861741974350892e-14,9.234506912172165e-17
429.49,5.861068008149394e-14,9.313826540726267e-17
429.5,5.860452180313646e-14,9.263844183267163e-17
429.51,5.859792335549238e-14,9.235955647388887e-17
429.52,5.859103197628031e-14,9.258991632635493e-17
429.53,5.858431395461097e-14,9.197131772584366e-17
429.54,5.857764246176486e-14,9.252375795865702e-17
429.55,5.857147282546151e-14,9.255931296143479e-17
429.56,5.856434526978986e-14,9.230858777184648e-17
429.57,5.855792146148284e-14,9.203801816068543e-17
429.58,5.855191940048663e-14,9.22909767500619e-17
429.59,5.854497510953777e-14,9.246952123421673e-17
429.6,5.853824027777711e-14,9.241194042935726e-17
429.61,5.853187424659082e-14,9.225865504090359e-17
429.62,5.852544963391168e-14,9.250087559089354e-17
429.63,5.851845659310766e-14,9.227036684629313e-17
429.64,5.85117047574274e-14,9.240999863978744e-17
429.65,5.85057474813959e-14,9.237318438441678e-17
429.66,5.849880490088514e-14,9.206871887516498e-17
429.67,5.84922053311199e-14,9.24385513599051e-17
429.68,5.848562730467521e-14,9.202822731495788e-17
429.69,5.847920384339696e-14,9.257788982231963e-17
429.7,5.847323337515243e-14,9.27198567271829e-17
429.71,5.846565593411116e-14,9.203648669931504e-17
429.72,5.845971173024369e-14,9.233482420955645e-17
429.73,5.845289138085601e-14,9.218767229345707e-17
429.74,5.844625197826225e-14,9.201937499091397e-17
429.75,5.843984597022279e-14,9.233802800142442e-17
429.76,5.843323683613617e-14,9.211958782839467e-17
429.77,5.842681348482501e-14,9.2297135832268e-17
429.78,5.841966879129975e-14,9.197284605625072e-17
429.79,5.841379631005881e-14,9.213774262172834e-17
429.8,5.840719734470526e-14,9.223174540769742e-17
429.81,5.840037658467034e-14,9.200461564034571e-17
429.82,5.839383825834635e-14,9.197745818301417e-17
429.83,5.838719222431793e-14,9.195501084419364e-17
429.84,5.838034542086567e-14,9.20048831370448e-17
429.85,5.837433226719975e-14,9.215417194501058e-17
429.86,5.836769770996347e-14,9.208544014081821e-17
429.87,5.836115997967614e-14,9.204954806891993e-17
429.88,5.835460768740222e-14,9.188725591320484e-17
429.89,5.834756710414902e-14,9.190621105594286e-17
429.9,5.834143131823157e-14,9.200989139297533e-17
429.91,5.833492251487863e-14,9.197297232501087e-17
429.92,5.832837046054856e-14,9.198186799800428e-17
429.93,5.832171038619772e-14,9.19586404388491e-17
429.94,5.83151436470906e-14,9.195630555589267e-17
429.95,5.830851399945673e-14,9.194956655272513e-17
429.96,5.830203966462344e-14,9.177173355213118e-17
429.97,5.829584581535849e-14,9.197236546354643e-17
429.98,5.828894564737585e-14,9.191529384725988e-17
429.99,5.828266107575435e-14,9.192228983225032e-17
430.0,5.827584730797208e-14,9.183971940340035e-17
430.01,5.82693199648796e-14,9.196890810090403e-17
430.02,5.826263276878749e-14,9.17730225560837e-17
430.03,5.825606195868556e-14,9.163178508642777e-17
430.04,5.824969876791936e-14,9.186228496427688e-17
430.05,5.824302522547439e-14,9.172944990341133e-17
430.06,5.823683391044841e-14,9.161978921975585e-17
430.07,5.823002646048674e-14,9.169173486866712e-17
430.08,5.822340478571627e-14,9.164812339422143e-17
430.09,5.821685544062141e-14,9.167949415144575e-17
430.1,5.821091624005776e-14,9.189426061888104e-17
430.11,5.820407859361074e-14,9.18344220508427e-17
430.12,5.819696154903199e-14,9.171337376832964e-17
430.13,5.819067032533232e-14,9.164284424041706e-17
430.14,5.818387350741968e-14,9.147557328997475e-17
430.15,5.817831253505458e-14,9.184580061516125e-17
430.16,5.81703809166447e-14,9.123392106351305e-17
430.17,5.816455503654138e-14,9.163154299690548e-17
430.18,5.815818203305542e-14,9.17105846159973e-17
430.19,5.815192989292065e-14,9.155225460550503e-17
430.2,5.814540458550715e-14,9.154743678501439e-17
430.21,5.813842081682109e-14,9.112507953373632e-17
430.22,5.8131775890697e-14,9.158891312340814e-17
430.23,5.812548319548115e-14,9.164270232724049e-17
430.24,5.811903178843352e-14,9.157886373850539e-17
430.25,5.811228703995761e-14,9.071028662836552e-17
430.26,5.810604697701959e-14,9.145887108998927e-17
430.27,5.809946646689897e-14,9.132961066554801e-17
430.28,5.809310730098943e-14,9.168127585107127e-17
430.29,5.808556318137673e-14,9.14984134353826e-17
430.3,5.807996028229514e-14,9.143528789578878e-17
430.31,5.807225831424414e-14,9.07302167200466e-17
430.32,5.806692162622035e-14,9.145561394773015e-17
430.33,5.80605960547359e-14,9.15774881555337e-17
430.34,5.805363734481116e-14,9.097142797061098e-17
430.35,5.804751248437256e-14,9.112659338022066e-17
430.36,5.804071928005987e-14,9.119313048870324e-17
430.37,5.803413277228058e-14,9.118672183379801e-17
430.38,5.802761495870646e-14,9.089625034866022e-17
430.39,5.802122770687429e-14,9.124915452585931e-17
430.4,5.801457109866138e-14,9.111311092833232e-17
430.41,5.800823062947564e-14,9.134298801620016e-17
430.42,5.80015186064994e-14,9.104483595608084e-17
430.43,5.799500593846117e-14,9.100386097750221e-17
430.44,5.798889662935243e-14,9.109803824867208e-17
430.45,5.798223700640485e-14,9.125281365557367e-17
430.46,5.797551068007874e-14,9.111599003103989e-17
430.47,5.796933530164364e-14,9.131673202670523e-17
430.48,5.796268258735676e-14,9.103536067716417e-17
430.49,5.795609054240436e-14,9.103058444427923e-17
430.5,5.794956240934765e-14,9.090421222422604e-17
430.51,5.794318504284348e-14,9.133773761519108e-17
430.52,5.793673700626944e-14,9.124796912983836e-17
430.53,5.793012387544696e-14,9.086518319054832e-17
430.54,5.792364413174227e-14,9.098760847126932e-17
430.55,5.791686994782315e-14,9.093078611060314e-17
430.56,5.79108826130694e-14,9.106632291209635e-17
430.57,5.79040955948103e-14,9.096624123193092e-17
430.58,5.789767269447502e-14,9.096228991899213e-17
430.59,5.78913426929262e-14,9.106150548787185e-17
430.6,5.788371957637321e-14,9.085569527706068e-17
430.61,5.787786508327764e-14,9.040764193810708e-17
430.62,5.787187503521228e-14,9.090180565185225e-17
430.63,5.78655132116284e-14,9.101743785915302e-17
430.64,5.785928090924775e-14,9.115198827356636e-17
430.65,5.785240550659455e-14,9.088517169857387e-17
430.66,5.784561665402294e-14,9.075653832469909e-17
430.67,5.783849929793578e-14,9.118030122291115e-17
430.68,5.783286824787612e-14,9.075255857104105e-17
430.69,5.782607111534439e-14,9.057490021204797e-17
430.7,5.781978274399569e-14,9.021112930250128e-17
430.71,5.781347008723328e-14,9.075387852627608e-17
430.72,5.78072294575821e-14,9.100196374773167e-17
430.73,5.780061020633804e-14,9.054981670747248e-17
430.74,5.779371510120151e-14,9.063228299461642e-17
430.75,5.778745466699964e-14,9.073805366204536e-17
430.76,5.778057216240521e-14,9.064855392393399e-17
430.77,5.777455973268031e-14,9.074614744072307e-17
430.78,5.776794404711397e-14,9.018256855884981e-17
430.79,5.776167997474455e-14,9.050926628798486e-17
430.8,5.775508346486043e-14,9.06385162563316e-17
430.81,5.774859855819566e-14,9.063455772160682e-17
430.82,5.774165224522278e-14,9.034750954938309e-17
430.83,5.773561696800943e-14,9.057451021170955e-17
430.84,5.77292762042016e-14,9.050246105557887e-17
430.85,5.772240306747497e-14,9.039108805836889e-17
430.86,5.771627365292658e-14,9.057976867844621e-17
430.87,5.771045413524405e-14,9.080536450085248e-17
430.88,5.770321151197482e-14,9.042548394784006e-17
430.89,5.769697730317104e-14,9.044209586793068e-17
430.9,5.7690489742139e-14,9.037922398073422e-17
430.91,5.768406692462803e-14,9.040126590709614e-17
430.92,5.767742532788212e-14,9.034847900036373e-17
430.93,5.767043034814294e-14,9.005389521106774e-17
430.94,5.766426759563307e-14,9.046533852232479e-17
430.95,5.765784113501418e-14,9.056585010294614e-17
430.96,5.765176845732078e-14,9.056738594621707e-17
430.97,5.76449808931283e-14,9.045097857229156e-17
430.98,5.763870750857213e-14,9.025393336735686e-17
430.99,5.763212673267044e-14,9.019298588931263e-17
431.0,5.762577415084576e-14,9.02909036433081e-17
431.01,5.761929879424284e-14,9.034895254769285e-17
431.02,5.761271793640741e-14,9.024363529615363e-17
431.03,5.760650338974955e-14,9.023879774917864e-17
431.04,5.760045822440496e-14,9.051639337572171e-17
431.05,5.759361270885909e-14,9.044544933840942e-17
431.06,5.758711497116877e-14,9.06253388065485e-17
431.07,5.758036853662059e-14,8.999072192745888e-17
431.08,5.757409906493133e-14,9.004522127077262e-17
431.09,5.75677534451247e-14,9.020840995969176e-17
431.1,5.756102125757295e-14,9.00636997397601e-17
431.11,5.755472956906918e-14,8.990255409365255e-17
431.12,5.754836977825513e-14,9.000685955547698e-17
431.13,5.754202155908429e-14,8.989690064244456e-17
431.14,5.753572475991981e-14,9.006855725440203e-17
431.15,5.753084911131347e-14,9.029000096567485e-17
431.16,5.752238622635681e-14,8.969828338374102e-17
431.17,5.751616669795635e-14,8.999025628886487e-17
431.18,5.750993409107381e-14,9.003092267136231e-17
431.19,5.750304163155671e-14,8.990013694228909e-17
431.2,5.74969839335432e-14,9.01120053042777e-17
431.21,5.749032791662435e-14,9.000477949851082e-17
431.22,5.748470792839884e-14,9.033466250262864e-17
431.23,5.747728467809018e-14,8.990668854954924e-17
431.24,5.747138486548412e-14,8.989003794657593e-17
431.25,5.74647074145061e-14,8.991272096811136e-17
431.26,5.745821712318175e-14,8.98945666102755e-17
431.27,5.745163329227189e-14,8.979608541564594e-17
431.28,5.744525327598049e-14,8.973741031905196e-17
431.29,5.743881920920758e-14,8.971018368582846e-17
431.3,5.743246655959562e-14,8.990659953717946e-17
431.31,5.742531631782919e-14,8.928528808873986e-17
431.32,5.741932804233104e-14,8.974974354526401e-17
431.33,5.741332278879013e-14,8.983178621606175e-17
431.34,5.740665426853626e-14,8.972883281117736e-17
431.35,5.740021659507585e-14,8.977743779808317e-17
431.36,5.739424033605731e-14,8.989190303837189e-17
431.37,5.738750427764042e-14,8.967762289001587e-17
431.38,5.738123490026479e-14,8.96916342254313e-17
431.39,5.737446566270701e-14,8.95005475603038e-17
431.4,5.736853898237565e-14,8.985201938295454e-17
431.41,5.736194036473485e-14,8.97725705342408e-17
431.42,5.735604023513288e-14,8.966888084019285e-17
431.43,5.734892616924255e-14,8.955223190393701e-17
431.44,5.734269110136042e-14,8.954746456597643e-17
431.45,5.733604077708026e-14,8.947723348183267e-17
431.46,5.733018172966678e-14,8.982382666391889e-17
431.47,5.732331997055617e-14,8.95554994119788e-17
431.48,5.731695883852428e-14,8.957565891457434e-17
431.49,5.731364318147363e-14,9.070046048815995e-17
431.5,5.73042282129745e-14,8.968145749026458e-17
431.51,5.729742835636248e-14,8.948428817628605e-17
431.52,5.72913396056864e-14,8.945150297738894e-17
431.53,5.728495388199214e-14,8.947323434305843e-17
431.54,5.727858576102249e-14,8.939000717211722e-17
431.55,5.727235215218154e-14,8.961371240958335e-17
431.56,5.726571971708723e-14,8.942666172874116e-17
431.57,5.725925517715307e-14,8.937307208322485e-17
431.58,5.724910230945368e-14,8.545060915848874e-17
431.59,5.724659453676217e-14,8.950104777812199e-17
431.6,5.72397599617613e-14,8.917852344784068e-17
431.61,5.723357245827892e-14,8.921554519830385e-17
431.62,5.72271368745388e-14,8.927013079138041e-17
431.63,5.722088463962584e-14,8.946810138151263e-17
431.64,5.721441306305056e-14,8.945446326100967e-17
431.65,5.720816130670884e-14,8.941685142331775e-17
431.66,5.720153400750257e-14,8.921216966323884e-17
431.67,5.719404434788646e-14,8.960485975049049e-17
431.68,5.718871639553405e-14,8.905411624256894e-17
431.69,5.718206498151555e-14,8.882830764261857e-17
431.7,5.717615102102219e-14,8.889837008444666e-17
431.71,5.716961572527536e-14,8.923273106547915e-17
431.72,5.716313252222166e-14,8.926262765997004e-17
431.73,5.715690782254846e-14,8.918288832907999e-17
431.74,5.715038576268947e-14,8.903414608844604e-17
431.75,5.714404100524733e-14,8.922613257111305e-17
431.76,5.713698914374017e-14,8.879606966206196e-17
431.77,5.713134138421382e-14,8.916855656318037e-17
431.78,5.712508595460832e-14,8.910031697492882e-17
431.79,5.711848371843243e-14,8.903481910924284e-17
431.8,5.711204565936132e-14,8.908469434868169e-17
431.81,5.71057189325961e-14,8.88906243683788e-17
431.82,5.71004371317099e-14,8.910824048534894e-17
431.83,5.709292386973771e-14,8.898731655003434e-17
431.84,5.70866669974187e-14,8.883186378532803e-17
431.85,5.708015632677688e-14,8.94485623314547e-17
431.86,5.707387491446258e-14,8.897498709723705e-17
431.87,5.706735068230157e-14,8.870581652464664e-17
431.88,5.70611151408517e-14,8.887011545224813e-17
431.89,5.705457959409386e-14,8.889939363839499e-17
431.9,5.704832186230088e-14,8.878093841841188e-17
431.91,5.704211579283112e-14,8.893223400886191e-17
431.92,5.703563621930517e-14,8.885384889495738e-17
431.93,5.702922290658828e-14,8.887492022564293e-17
431.94,5.702284277063822e-14,8.890793384215613e-17
431.95,5.701643048108646e-14,8.899893970351148e-17
431.96,5.701094027591953e-14,8.946147505715108e-17
431.97,5.700328415054854e-14,8.845595048450073e-17
431.98,5.699726341906204e-14,8.870163304595378e-17
431.99,5.699108653291685e-14,8.880811050731146e-17
432.0,5.698474906946533e-14,8.87628024844506e-17
432.01,5.697820997534913e-14,8.882762720828772e-17
432.02,5.697195777441973e-14,8.889322247046629e-17
432.03,5.696585891518305e-14,8.886891913020842e-17
432.04,5.695901794462838e-14,8.867431514611953e-17
432.05,5.695106184806792e-14,8.820599744833464e-17
432.06,5.694664210276021e-14,8.877146940938672e-17
432.07,5.69399184030459e-14,8.879251338092265e-17
432.08,5.693344727225185e-14,8.864183581268756e-17
432.09,5.692721036985037e-14,8.85770370989179e-17
432.1,5.692077758747228e-14,8.860233172764664e-17
432.11,5.691463205704094e-14,8.847004901716317e-17
432.12,5.690834248283422e-14,8.841817418556178e-17
432.13,5.690190282529645e-14,8.863401790739357e-17
432.14,5.689572806371055e-14,8.782284636157116e-17
432.15,5.68892978243317e-14,8.856083866326684e-17
432.16,5.688277572280069e-14,8.86155408685846e-17
432.17,5.68764816054775e-14,8.860886968024671e-17
432.18,5.687001592234396e-14,8.84983084194319e-17
432.19,5.686376722045572e-14,8.840064257327537e-17
432.2,5.685744581042783e-14,8.833203878700934e-17
432.21,5.685100654461158e-14,8.847710461809184e-17
432.22,5.684478509046944e-14,8.880260211985922e-17
432.23,5.683890234932008e-14,9.038552684357049e-17
432.24,5.683216256567371e-14,8.856322243565809e-17
432.25,5.682568052262081e-14,8.806774710992342e-17
432.26,5.681958397971329e-14,8.869042694252161e-17
432.27,5.68129725006169e-14,8.839909850287409e-17
432.28,5.680666096770189e-14,8.833000585852915e-17
432.29,5.6800191055622865e-14,8.831752458596741e-17
432.3,5.6793847985967513e-14,8.85672326693579e-17
432.31,5.6787589664309205e-14,8.82429933154434e-17
432.32,5.677366923753649e-14,8.616018793046042e-17
432.33,5.677476158269235e-14,8.825340005157932e-17
432.34,5.676819811246259e-14,8.807440064341955e-17
432.35,5.6762399662780586e-14,8.856679713784151e-17
432.36,5.675590737953076e-14,8.83533712501753e-17
432.37,5.674962349735144e-14,8.814979877675263e-17
432.38,5.674333713650247e-14,8.819854000009204e-17
432.39,5.673695680221704e-14,8.842713728442526e-17
432.4,5.6730293088269805e-14,8.786612770497686e-17
432.41,5.6726228678489494e-14,8.841103989117867e-17
432.42,5.671779361930652e-14,8.821430313777361e-17
432.43,5.671179120192498e-14,8.822494378369546e-17
432.44,5.6705245654430497e-14,8.808593379688948e-17
432.45,5.669887034305316e-14,8.793538278151501e-17
432.46,5.6692647780651564e-14,8.81477992012438e-17
432.47,5.668623599025436e-14,8.816785342434919e-17
432.48,5.667990099942127e-14,8.791461054007766e-17
432.49,5.6673661012593234e-14,8.805649263588861e-17
432.5,5.66670903456916e-14,8.773710577595025e-17
432.51,5.666092998863628e-14,8.794503605219297e-17
432.52,5.665471055847622e-14,8.81143349931258e-17
432.53,5.664836043724685e-14,8.800926284292907e-17
432.54,5.664193033232992e-14,8.792915775700138e-17
432.55,5.6635560078813594e-14,8.799651130099006e-17
432.56,5.662932657336761e-14,8.786842302964469e-17
432.57,5.6622515516214564e-14,8.805661682537052e-17
432.58,5.661664609982245e-14,8.79308853888097e-17
432.59,5.661143102694298e-14,8.832515041434495e-17
432.6,5.6604033471097957e-14,8.795537532743998e-17
432.61,5.659794923113744e-14,8.80519651913328e-17
432.62,5.65912291001399e-14,8.798969616212783e-17
432.63,5.6585350135368556e-14,8.79419425797676e-17
432.64,5.6578622273278816e-14,8.795642109348828e-17
432.65,5.657282287061123e-14,8.811336538357288e-17
432.66,5.656567999541754e-14,8.773856113499919e-17
432.67,5.656003264636354e-14,8.794635278753515e-17
432.68,5.655302966061658e-14,8.785779446984037e-17
432.69,5.654723964935108e-14,8.791208527894903e-17
432.7,5.654106477284819e-14,8.799077326124331e-17
432.71,5.653473033826112e-14,8.79204583246153e-17
432.72,5.6528330035388986e-14,8.779349344759347e-17
432.73,5.652210277781407e-14,8.788091996571207e-17
432.74,5.6516049665772824e-14,8.749375558583714e-17
432.75,5.6509404502136614e-14,8.884821479167449e-17
432.76,5.650293022331761e-14,8.804904452109614e-17
432.77,5.649678663540033e-14,8.782350282127339e-17
432.78,5.6490550069710095e-14,8.800565117688133e-17
432.79,5.648455770676935e-14,8.783682241804327e-17
432.8,5.647805455889491e-14,8.782128743046522e-17
432.81,5.647180425975882e-14,8.781206174610155e-17
432.82,5.646533321185608e-14,8.77926427174244e-17
432.83,5.645902615828273e-14,8.764129862577505e-17
432.84,5.645374725454666e-14,8.781771459408979e-17
432.85,5.644629660649184e-14,8.753064697368956e-17
432.86,5.6439653188353014e-14,8.763190129767582e-17
432.87,5.643367999078345e-14,8.768068531789095e-17
432.88,5.6427681686344196e-14,8.770996049919503e-17
432.89,5.6421389013730405e-14,8.755600482332527e-17
432.9,5.6414619606354354e-14,8.7693227705159e-17
432.91,5.640898292337132e-14,8.761708361488736e-17
432.92,5.64026783230859e-14,8.75892237027414e-17
432.93,5.639584621876767e-14,8.77012050004807e-17
432.94,5.639083943614161e-14,8.777332468099312e-17
432.95,5.638352572871836e-14,8.748510599129166e-17
432.96,5.637647696839558e-14,8.723254144337844e-17
432.97,5.637092861405497e-14,8.75733949554974e-17
432.98,5.636471777279905e-14,8.737183301131462e-17
432.99,5.635795223570999e-14,8.784290240987053e-17
433.0,5.6352232713054234e-14,8.739074874999189e-17
433.01,5.6346008631202516e-14,8.735803043167101e-17
433.02,5.633962901133179e-14,8.724604434213927e-17
433.03,5.633340014192881e-14,8.646954631505204e-17
433.04,5.632691487663103e-14,8.736607722404458e-17
433.05,5.6320497418013593e-14,8.715285171941508e-17
433.06,5.631444991569491e-14,8.736492373304372e-17
433.07,5.630814553390229e-14,8.746880888714682e-17
433.08,5.6303795671563065e-14,8.849191357143983e-17
433.09,5.6295721278540126e-14,8.738949313363463e-17
433.1,5.628948636795702e-14,8.734582215126944e-17
433.11,5.628421660980786e-14,8.779314586701968e-17
433.12,5.627630861299286e-14,8.807409661466774e-17
433.13,5.627093803605481e-14,8.742500667097776e-17
433.14,5.626379075548647e-14,8.712928965146633e-17
433.15,5.6258105417915825e-14,8.729456338530243e-17
433.16,5.6251698732764947e-14,8.699759440495602e-17
433.17,5.6245571520586744e-14,8.726406792845984e-17
433.18,5.6239277025729335e-14,8.72205281471177e-17
433.19,5.6233225259205125e-14,8.723361437090407e-17
433.2,5.6227722250186924e-14,8.724168296798702e-17
433.21,5.621947477138807e-14,8.713696792626108e-17
433.22,5.621386983222236e-14,8.74991135632977e-17
433.23,5.6207901508552e-14,8.735392730502366e-17
433.24,5.6201535789546777e-14,8.735980119145452e-17
433.25,5.619541518032885e-14,8.703041021679546e-17
433.26,5.6188868309759254e-14,8.733217548096228e-17
433.27,5.6182858170124585e-14,8.733008531545728e-17
433.28,5.6176775893373206e-14,8.72449051716836e-17
433.29,5.6171396709767385e-14,8.711081625949077e-17
433.3,5.616386509731507e-14,8.712162255486569e-17
433.31,5.6157966916848984e-14,8.725711677762704e-17
433.32,5.615160358028642e-14,8.7031965842107e-17
433.33,5.614553974455957e-14,8.729187313593229e-17
433.34,5.613920305975624e-14,8.695785603834989e-17
433.35,5.613245225305352e-14,8.700459994680646e-17
433.36,5.612681309417287e-14,8.713003612605222e-17
433.37,5.6120455574373353e-14,8.714630985483873e-17
433.38,5.6113761835432746e-14,8.689212592278557e-17
433.39,5.6107589154015523e-14,8.719049411771849e-17
433.4,5.610126496108575e-14,8.698278640916345e-17
433.41,5.609543827890888e-14,8.719377894403913e-17
433.42,5.6089295831435626e-14,8.709225609727461e-17
433.43,5.608194144787836e-14,8.72711315371243e-17
433.44,5.60753576681334e-14,8.649070782051002e-17
433.45,5.607070677670835e-14,8.731453155230199e-17
433.46,5.606417107794039e-14,8.712715432030926e-17
433.47,5.605765632348308e-14,8.727490901587096e-17
433.48,5.605148134430462e-14,8.705516237033149e-17
433.49,5.6045476254840744e-14,8.697868505959204e-17
433.5,5.603910954292423e-14,8.69144258758097e-17
433.51,5.603371126082373e-14,8.67728975751711e-17
433.52,5.6026612269432463e-14,8.707739327582231e-17
433.53,5.602026623444992e-14,8.700074521031314e-17
433.54,5.60141334993686e-14,8.692304417671716e-17
433.55,5.6008085734681595e-14,8.716266796534202e-17
433.56,5.6001672113824346e-14,8.712893646221256e-17
433.57,5.599535878426383e-14,8.681353646515758e-17
433.58,5.598933335798221e-14,8.673507596286891e-17
433.59,5.598293180489696e-14,8.683141977385389e-17
433.6,5.5977050128009386e-14,8.6969463372053e-17
433.61,5.597036231772725e-14,8.68088593757592e-17
433.62,5.5963941489351895e-14,8.664718812275849e-17
433.63,5.5958003804492546e-14,8.653304115369837e-17
433.64,5.595205641693279e-14,8.681474058238435e-17
433.65,5.594595065232542e-14,8.67071771876774e-17
433.66,5.5939500288124827e-14,8.689350790361245e-17
433.67,5.593366291997781e-14,8.703365118362836e-17
433.68,5.592688037499994e-14,8.670160952999955e-17
433.69,5.5920710412507347e-14,8.672299038246247e-17
433.7,5.5914537730713206e-14,8.692555629688355e-17
433.71,5.590860877242133e-14,8.695567336727712e-17
433.72,5.5902120072023137e-14,8.670595157320954e-17
433.73,5.589591537090126e-14,8.657746905009024e-17
433.74,5.5889233547855974e-14,8.68793501883374e-17
433.75,5.5883454632054934e-14,8.668225810307672e-17
433.76,5.5877028712249545e-14,8.663600565805026e-17
433.77,5.5870969004548624e-14,8.676878924578617e-17
433.78,5.5865060257867736e-14,8.66961441919275e-17
433.79,5.585830206018033e-14,8.669205238940816e-17
433.8,5.5852363759867705e-14,8.676973141772614e-17
433.81,5.5846120022957854e-14,8.670355843550886e-17
433.82,5.5839886175366e-14,8.676147888462638e-17
433.83,5.583371722298169e-14,8.662157351438061e-17
433.84,5.582719733391228e-14,8.660129653710548e-17
433.85,5.5821539867422007e-14,8.666350791748479e-17
433.86,5.581504615266065e-14,8.666017271889084e-17
433.87,5.5808852084330596e-14,8.657155102974745e-17
433.88,5.580245917120186e-14,8.663173876941421e-17
433.89,5.5796562241615606e-14,8.658583443373329e-17
433.9,5.5790676046500624e-14,8.695015591836341e-17
433.91,5.5783866852377544e-14,8.646730307246037e-17
433.92,5.577771536928851e-14,8.652888611710706e-17
433.93,5.577163455890468e-14,8.668935042497568e-17
433.94,5.576529962727711e-14,8.644126965354943e-17
433.95,5.575956471119273e-14,8.684907330255532e-17
433.96,5.575286343119827e-14,8.65540075459328e-17
433.97,5.574674243437508e-14,8.659316331678098e-17
433.98,5.574053446378089e-14,8.662243983966319e-17
433.99,5.5734157722444695e-14,8.665916382804067e-17
434.0,5.572814091435768e-14,8.650323668437292e-17
434.01,5.5722463687918194e-14,8.633485094667894e-17
434.02,5.571582739980204e-14,8.644083732606208e-17
434.03,5.570933820314468e-14,8.666234348973572e-17
434.04,5.570291944608282e-14,8.646339280591462e-17
434.05,5.569723995686284e-14,8.636621391536454e-17
434.06,5.5690944448273946e-14,8.652053518111716e-17
434.07,5.568474149977083e-14,8.627126702713907e-17
434.08,5.567867418036664e-14,8.66971457579098e-17
434.09,5.5672618115985524e-14,8.62340729577081e-17
434.1,5.566606439988994e-14,8.64775187745444e-17
434.11,5.565952430906491e-14,8.593017214410871e-17
434.12,5.5653829542933575e-14,8.637645894627792e-17
434.13,5.564778705179473e-14,8.655772664631599e-17
434.14,5.564189235872684e-14,8.641343152491726e-17
434.15,5.563521157064046e-14,8.613586485305458e-17
434.16,5.5629151805213954e-14,8.643093726648762e-17
434.17,5.562293626708148e-14,8.611920313534239e-17
434.18,5.561652085056155e-14,8.62286138484528e-17
434.19,5.561069759810901e-14,8.617894226532755e-17
434.2,5.560419016629751e-14,8.62382967081661e-17
434.21,5.559831698317402e-14,8.646055352992977e-17
434.22,5.5591843626798825e-14,8.609929754778573e-17
434.23,5.55857146592351e-14,8.643484941134808e-17
434.24,5.5579783584938496e-14,8.635998985294826e-17
434.25,5.557369743692774e-14,8.616716481081476e-17
434.26,5.556712636965791e-14,8.617321860944958e-17
434.27,5.556132137385634e-14,8.629057088599694e-17
434.28,5.5555965548862956e-14,8.643326612843663e-17
434.29,5.5548691529214554e-14,8.632684921128048e-17
434.3,5.55425183955689e-14,8.619359167935687e-17
434.31,5.553649247863449e-14,8.611169910522411e-17
434.32,5.552984187716337e-14,8.622979600279284e-17
434.33,5.5523960274314805e-14,8.617683746285687e-17
434.34,5.5517756744623813e-14,8.628859930708647e-17
434.35,5.5511603323035344e-14,8.59350608963058e-17
434.36,5.5505022869256505e-14,8.61398910708933e-17
434.37,5.549924420240964e-14,8.588269201652635e-17
434.38,5.5493138713958406e-14,8.623903035584056e-17
434.39,5.548710126602313e-14,8.619726304763933e-17
434.4,5.54808243703896e-14,8.616652669145522e-17
434.41,5.547472006894854e-14,8.616182037440042e-17
434.42,5.546862978691959e-14,8.624157961371495e-17
434.43,5.546240359428655e-14,8.607504077689682e-17
434.44,5.5455947680546556e-14,8.601951707920344e-17
434.45,5.544979464067813e-14,8.598055696279148e-17
434.46,5.544247159861093e-14,8.59580930562281e-17
434.47,5.5437543273416125e-14,8.608478198870946e-17
434.48,5.543156321997141e-14,8.600920235468493e-17
434.49,5.542508608877722e-14,8.608771419733431e-17
434.5,5.5419171457186764e-14,8.607989872920879e-17
434.51,5.5412777282650414e-14,8.596644351307824e-17
434.52,5.540662026619929e-14,8.610285773491126e-17
434.53,5.540034802823518e-14,8.602465032544214e-17
434.54,5.5393632403726806e-14,8.536267522630601e-17
434.55,5.538815645753574e-14,8.580283803129214e-17
434.56,5.5382843495442974e-14,8.640683146760374e-17
434.57,5.53763166411925e-14,8.596742858300103e-17
434.58,5.5369896459971227e-14,8.620349751493833e-17
434.59,5.5364459150768846e-14,8.604034761540662e-17
434.6,5.53577680735775e-14,8.605630807835889e-17
434.61,5.535117788161624e-14,8.609793050072919e-17
434.62,5.534549002448572e-14,8.621782183379899e-17
434.63,5.534129109758796e-14,8.63496729882634e-17
434.64,5.5331771201378095e-14,8.487974787216413e-17
434.65,5.5326810930361735e-14,8.590556799170062e-17
434.66,5.532071236087821e-14,8.58566724790424e-17
434.67,5.5315457677903026e-14,8.547448695195233e-17
434.68,5.5308458098077915e-14,8.59689711553583e-17
434.69,5.5302397401354644e-14,8.586041602720388e-17
434.7,5.5296565265236274e-14,8.582780420554213e-17
434.71,5.529005773125702e-14,8.570722676383405e-17
434.72,5.528347719560066e-14,8.573715852806467e-17
434.73,5.527784067925525e-14,8.587910230981079e-17
434.74,5.527272767730211e-14,8.617018724509473e-17
434.75,5.5265468345939586e-14,8.583689510919078e-17
434.76,5.525878931879283e-14,8.567594425646338e-17
434.77,5.525319972215212e-14,8.583202379263841e-17
434.78,5.524716840757292e-14,8.587632168786428e-17
434.79,5.5240895108044525e-14,8.568977614722944e-17
434.8,5.52346648419262e-14,8.578627616106428e-17
434.81,5.522882061350849e-14,8.607589368705632e-17
434.82,5.522267640132476e-14,8.562349838276364e-17
434.83,5.521655620030997e-14,8.600097149898913e-17
434.84,5.521025900392323e-14,8.586979521684547e-17
434.85,5.520394446336928e-14,8.558840250618928e-17
434.86,5.519802074638913e-14,8.585385249733534e-17
434.87,5.519162660855517e-14,8.560758970060677e-17
434.88,5.518565350641742e-14,8.574915215537208e-17
434.89,5.517965372533385e-14,8.541793608395413e-17
434.9,5.517383607340242e-14,8.594664812825657e-17
434.91,5.5167859091951205e-14,8.641810137469108e-17
434.92,5.516023082451201e-14,8.59240836711985e-17
434.93,5.515505701313627e-14,8.579457222426378e-17
434.94,5.514858199338735e-14,8.573511641562282e-17
434.95,5.514272480903551e-14,8.565552235563963e-17
434.96,5.513701780861089e-14,8.603795457854977e-17
434.97,5.5130299102707346e-14,8.550446600594005e-17
434.98,5.512447574846192e-14,8.5614126895101e-17
434.99,5.511854271243105e-14,8.577571881963403e-17
435.0,5.511275854170015e-14,8.590521932277726e-17
435.01,5.510621215563444e-14,8.55878107384498e-17
435.02,5.5099965499672664e-14,8.562364811291532e-17
435.03,5.50939677040783e-14,8.56801960870516e-17
435.04,5.50875699894582e-14,8.558641322701783e-17
435.05,5.508137398999123e-14,8.554812783475467e-17
435.06,5.5075710989187885e-14,8.573119982514328e-17
435.07,5.5069800306056893e-14,8.53314555291605e-17
435.08,5.506301428578317e-14,8.55259550567685e-17
435.09,5.505784766808923e-14,8.586189758971395e-17
435.1,5.505116166482234e-14,8.559784304777029e-17
435.11,5.504482045600129e-14,8.53992203683828e-17
435.12,5.503906867617437e-14,8.567317014118071e-17
435.13,5.503241582787541e-14,8.52676594435902e-17
435.14,5.5026934218567094e-14,8.56459519307851e-17
435.15,5.502038003398329e-14,8.536902232212075e-17
435.16,5.5013855859887446e-14,8.562713916081338e-17
435.17,5.5009726360820146e-14,8.591607922223263e-17
435.18,5.500190510631257e-14,8.491190629616965e-17
435.19,5.4996183807202305e-14,8.546873222762343e-17
435.2,5.4990004313436804e-14,8.54113418482643e-17
435.21,5.4984208396567385e-14,8.555346701583732e-17
435.22,5.497786183991506e-14,8.543429888534025e-17
435.23,5.4971689315771987e-14,8.533937568830119e-17
435.24,5.496592608274276e-14,8.555741992680822e-17
435.25,5.496042507301653e-14,8.574434571351248e-17
435.26,5.495351051213529e-14,8.522060318189643e-17
435.27,5.494710495250194e-14,8.539967315090495e-17
435.28,5.49412735562857e-14,8.53871067945376e-17
435.29,5.4935115218027623e-14,8.489474609591638e-17
435.3,5.492902545592586e-14,8.5347732413858e-17
435.31,5.492330056089606e-14,8.547103426301242e-17
435.32,5.4917105565857063e-14,8.536697533290644e-17
435.33,5.491078357723388e-14,8.526585116885595e-17
435.34,5.490668086682296e-14,8.467624719782317e-17
435.35,5.48985582285581e-14,8.535539804473466e-17
435.36,5.4892162731834115e-14,8.497110037997152e-17
435.37,5.488641489201192e-14,8.524887029911162e-17
435.38,5.488102490759885e-14,8.563969586020103e-17
435.39,5.487439701633323e-14,8.539943454918303e-17
435.4,5.486824584605532e-14,8.560507114631564e-17
435.41,5.486217856885551e-14,8.480553002887709e-17
435.42,5.4856011535258246e-14,8.529702204851328e-17
435.43,5.4843314768957786e-14,8.503334288613528e-17
435.44,5.4843650986342775e-14,8.523605992639429e-17
435.45,5.483769311596905e-14,8.50696546957109e-17
435.46,5.483181634937601e-14,8.524247724280864e-17
435.47,5.482523038271527e-14,8.502775726114465e-17
435.48,5.48195514989893e-14,8.514855236710885e-17
435.49,5.4813426063959117e-14,8.517064667175919e-17
435.5,5.4807373440547667e-14,8.524268298649696e-17
435.51,5.480110348781201e-14,8.514275603187223e-17
435.52,5.479567415446143e-14,8.657964448292079e-17
435.53,5.478902038229566e-14,8.4985813755965e-17
435.54,5.4782996259084e-14,8.519866008694501e-17
435.55,5.477668215669831e-14,8.512087748367375e-17
435.56,5.47708209674932e-14,8.504846419410284e-17
435.57,5.476475562807199e-14,8.502179572136573e-17
435.58,5.475872283861476e-14,8.502388540154343e-17
435.59,5.475232851924852e-14,8.50311942356304e-17
435.6,5.4746811740958715e-14,8.533097895158019e-17
435.61,5.4740807720638815e-14,8.492524244758323e-17
435.62,5.4734865421970936e-14,8.530605510849445e-17
435.63,5.47281512796977e-14,8.512164167965043e-17
435.64,5.472245178087425e-14,8.505600141078701e-17
435.65,5.4716163254454875e-14,8.504086039832065e-17
435.66,5.470996327346322e-14,8.496433844457915e-17
435.67,5.470417122667802e-14,8.504754622790284e-17
435.68,5.4697981067596734e-14,8.500176337024282e-17
435.69,5.469052197017578e-14,8.469088921984319e-17
435.7,5.468660496213921e-14,8.508913143923613e-17
435.71,5.467978248487696e-14,8.49584367858155e-17
435.72,5.46734537216368e-14,8.467229081781202e-17
435.73,5.4667803174795787e-14,8.488308505452435e-17
435.74,5.466176581780214e-14,8.500829152631431e-17
435.75,5.465565508423844e-14,8.509796765769408e-17
435.76,5.464938814663654e-14,8.475585452844374e-17
435.77,5.464341790082623e-14,8.489355904795269e-17
435.78,5.463773092146549e-14,8.518883581234994e-17
435.79,5.463090430622808e-14,8.447309634059003e-17
435.8,5.462540645302594e-14,8.482147886293188e-17
435.81,5.4618995079520703e-14,8.477476347003754e-17
435.82,5.4613176763455756e-14,8.481900326691922e-17
435.83,5.460728750177079e-14,8.492434839176669e-17
435.84,5.460069449942338e-14,8.495335632709887e-17
435.85,5.4595069319233385e-14,8.475312841310348e-17
435.86,5.4589002006190924e-14,8.489817009762264e-17
435.87,5.458303487138023e-14,8.493703838600292e-17
435.88,5.4576871600626e-14,8.492519300100608e-17
435.89,5.4570887254096925e-14,8.480008800540696e-17
435.9,5.456452407932874e-14,8.431318199510628e-17
435.91,5.4558752430254224e-14,8.452932558779163e-17
435.92,5.4552479297860303e-14,8.483694283013729e-17
435.93,5.454670607487451e-14,8.479273111272755e-17
435.94,5.4540668495234355e-14,8.48471756170191e-17
435.95,5.4534531260464056e-14,8.478046540974065e-17
435.96,5.4528559370028665e-14,8.48010325425029e-17
435.97,5.4522139085949284e-14,8.436060047736749e-17
435.98,5.451662105716315e-14,8.488406158984852e-17
435.99,5.45107566943318e-14,8.529042262114446e-17
436.0,5.4504271200382764e-14,8.441276427967286e-17
436.01,5.4498394800978105e-14,8.465458054774758e-17
436.02,5.449221373197446e-14,8.472639994145864e-17
436.03,5.44862969404592e-14,8.477516219626186e-17
436.04,5.448018270974772e-14,8.457315979224932e-17
436.05,5.447429882090036e-14,8.467599732022291e-17
436.06,5.4468247575932416e-14,8.482260006133537e-17
436.07,5.446219838461271e-14,8.477190594678643e-17
436.08,5.445543754199814e-14,8.42240256376741e-17
436.09,5.444990485404324e-14,8.454256061004347e-17
436.1,5.444405413076726e-14,8.456640992322701e-17
436.11,5.4437943069060396e-14,8.478173243428438e-17
436.12,5.4432024590657996e-14,8.461998317181618e-17
436.13,5.442595322881893e-14,8.458861167794493e-17
436.14,5.441999155508822e-14,8.453400579439594e-17
436.15,5.441392002375069e-14,8.465731268890049e-17
436.16,5.440796528444064e-14,8.460852776247339e-17
436.17,5.440156525977271e-14,8.21667480702252e-17
436.18,5.4395759975924836e-14,8.432040274752232e-17
436.19,5.438989707247224e-14,8.447815991297107e-17
436.2,5.4383923058747233e-14,8.489750238297437e-17
436.21,5.437773031989211e-14,8.450395771360974e-17
436.22,5.437190685225764e-14,8.443366592458576e-17
436.23,5.4365596772822515e-14,8.447595670010623e-17
436.24,5.4359874035093846e-14,8.451746022031723e-17
436.25,5.4353457960400576e-14,8.443190385639336e-17
436.26,5.4349086827105655e-14,8.723301396719552e-17
436.27,5.4341686442963717e-14,8.437362097297486e-17
436.28,5.43355438013679e-14,8.446634920850297e-17
436.29,5.432948543953724e-14,8.41910658277189e-17
436.3,5.4323542688756497e-14,8.436659242412248e-17
436.31,5.43174989849593e-14,8.450799010194432e-17
436.32,5.431119305079844e-14,8.427326060152581e-17
436.33,5.430504184706314e-14,8.419318893011577e-17
436.34,5.429961251864412e-14,8.382352421294367e-17
436.35,5.42944237329202e-14,8.424224053740764e-17
436.36,5.428723011807997e-14,8.427029163111919e-17
436.37,5.428152420428722e-14,8.43029732441361e-17
436.38,5.427538114030351e-14,8.412865523157653e-17
436.39,5.4270021784416515e-14,8.435595930896888e-17
436.4,5.426366397215883e-14,8.427698897335204e-17
436.41,5.425758046730483e-14,8.426142409855164e-17
436.42,5.42516662536941e-14,8.427934659731182e-17
436.43,5.424572322010055e-14,8.387049533218181e-17
436.44,5.423960769733237e-14,8.447501933299205e-17
436.45,5.423354678036937e-14,8.435359827060356e-17
436.46,5.422608660690132e-14,8.34574977847828e-17
436.47,5.422153751208884e-14,8.42044561011894e-17
436.48,5.421547459761374e-14,8.410789161057354e-17
436.49,5.420942288271992e-14,8.431706950281011e-17
436.5,5.42034851357133e-14,8.404422421361994e-17
436.51,5.4197341333559356e-14,8.353612016975807e-17
436.52,5.419133000691826e-14,8.429225217336635e-17
436.53,5.4185277416994196e-14,8.362953733597138e-17
436.54,5.4179045902318747e-14,8.402014200850154e-17
436.55,5.4173459500291497e-14,8.422838713531394e-17
436.56,5.416745996962829e-14,8.423387283909634e-17
436.57,5.416151690236736e-14,8.402764739421867e-17
436.58,5.4155632042386314e-14,8.398011237455922e-17
436.59,5.4149170227611785e-14,8.381215001005413e-17
436.6,5.4143070070107753e-14,8.513026183083116e-17
436.61,5.413760580311013e-14,8.375473088757597e-17
436.62,5.4131514010758237e-14,8.41184272051545e-17
436.63,5.412553378677198e-14,8.396708626474257e-17
436.64,5.411953630834621e-14,8.413588245326784e-17
436.65,5.411340842992065e-14,8.382558699020441e-17
436.66,5.4107514567012445e-14,8.390542834902995e-17
436.67,5.410164266506059e-14,8.3990678421338e-17
436.68,5.4095702281095515e-14,8.375659195970602e-17
436.69,5.408982313418656e-14,8.391326611370887e-17
436.7,5.408416383628909e-14,8.393478450330622e-17
436.71,5.4076984843129874e-14,8.377138623251224e-17
436.72,5.407185903901045e-14,8.358595841432903e-17
436.73,5.4065605083636434e-14,8.372965705781873e-17
436.74,5.405963504776871e-14,8.381415548255619e-17
436.75,5.4053716381316316e-14,8.377742048917002e-17
436.76,5.4047768962672053e-14,8.39408478455702e-17
436.77,5.4041720798619136e-14,8.383956011838819e-17
436.78,5.403533246033543e-14,8.412782912585991e-17
436.79,5.4029498852701115e-14,8.376416767463394e-17
436.8,5.402387802321794e-14,8.384303473210219e-17
436.81,5.4018309968231266e-14,8.400699508273125e-17
436.82,5.4011902862391753e-14,8.37500925972413e-17
436.83,5.4005828660264784e-14,8.367428773212029e-17
436.84,5.3999949269907616e-14,8.360805509736615e-17
436.85,5.399378382313767e-14,8.369478325043979e-17
436.86,5.398719761735827e-14,8.350251471823229e-17
436.87,5.398207934853442e-14,8.379918332238706e-17
436.88,5.397641242387222e-14,8.33732136256281e-17
436.89,5.3970061134691743e-14,8.367860357720098e-17
436.9,5.396339823599833e-14,8.341661699939179e-17
436.91,5.395813668431497e-14,8.35962640328226e-17
436.92,5.395222109005386e-14,8.369465622324466e-17
436.93,5.394582871042049e-14,8.380428803483004e-17
436.94,5.394028400074865e-14,8.353351820315406e-17
436.95,5.393421757769249e-14,8.326821776324751e-17
436.96,5.392948777163668e-14,8.388267487308474e-17
436.97,5.392224392211724e-14,8.425575595422929e-17
436.98,5.3916233415543054e-14,8.371417410169747e-17
436.99,5.3911075306814344e-14,8.313291011641223e-17
437.0,5.3904454995316036e-14,8.355000702059839e-17
437.01,5.3898599967585935e-14,8.361429277303862e-17
437.02,5.389228931763583e-14,8.393746349154282e-17
437.03,5.388658894894143e-14,8.352123134890194e-17
437.04,5.388082984869747e-14,8.349307008503874e-17
437.05,5.387473468605149e-14,8.357234396756885e-17
437.06,5.3868200565505944e-14,8.354288855276929e-17
437.07,5.3862326603847497e-14,8.323580118422114e-17
437.08,5.385726335085355e-14,8.377360326341466e-17
437.09,5.385067827452023e-14,8.332851137213006e-17
437.1,5.38451136248596e-14,8.333871471985994e-17
437.11,5.3839115606459454e-14,8.355818816358679e-17
437.12,5.383354987659455e-14,8.351781632604688e-17
437.13,5.382709342704286e-14,8.321330413282488e-17
437.14,5.382083832891047e-14,8.303758342070893e-17
437.15,5.381482992987727e-14,8.32592304593023e-17
437.16,5.380938975294597e-14,8.33532550341828e-17
437.17,5.3803564712898716e-14,8.340456422159435e-17
437.18,5.379733025320844e-14,8.309293932233206e-17
437.19,5.379160042478271e-14,8.332662859442295e-17
437.2,5.378537107698334e-14,8.32290330861661e-17
437.21,5.377961288344444e-14,8.325854010080831e-17
437.22,5.377358527529342e-14,8.314602161289505e-17
437.23,5.376762180664888e-14,8.299497104295449e-17
437.24,5.376153931035941e-14,8.32139280062847e-17
437.25,5.375588054580596e-14,8.30072586507047e-17
437.26,5.374978794977761e-14,8.337873743382361e-17
437.27,5.374402092081528e-14,8.311651257209532e-17
437.28,5.373767212692209e-14,8.348403634060982e-17
437.29,5.3732336906663307e-14,8.330062732309705e-17
437.3,5.372630299947935e-14,8.325353646861914e-17
437.31,5.372027921694131e-14,8.308250831673761e-17
437.32,5.3714131224061835e-14,8.301720690150887e-17
437.33,5.3708296942193494e-14,8.314102061659986e-17
437.34,5.3702473535437614e-14,8.324816169888685e-17
437.35,5.369587179610385e-14,8.34736139181928e-17
437.36,5.3690393700114705e-14,8.307391050976749e-17
437.37,5.368440513714219e-14,8.317159125283238e-17
437.38,5.367820414688738e-14,8.294797326428585e-17
437.39,5.367278103317846e-14,8.311511862830935e-17
437.4,5.3666829131210183e-14,8.2974009978525e-17
437.41,5.366150313391923e-14,8.322096622376782e-17
437.42,5.365537466605005e-14,8.316483613598243e-17
437.43,5.3649068835792785e-14,8.314648095579418e-17
437.44,5.3642955906439503e-14,8.291608744749625e-17
437.45,5.363741852801356e-14,8.290078482176477e-17
437.46,5.363105483694217e-14,8.30379873580964e-17
437.47,5.362559504404116e-14,8.293298384429042e-17
437.48,5.361926768123005e-14,8.303770471409087e-17
437.49,5.36140907299242e-14,8.280197995069152e-17
437.5,5.3607839536388954e-14,8.276950035395978e-17
437.51,5.360132512649507e-14,8.299830548666803e-17
437.52,5.359584576815763e-14,8.286843318187382e-17
437.53,5.3589780525800296e-14,8.27083846123566e-17
437.54,5.3583583750420145e-14,8.286490698898623e-17
437.55,5.3578193382245254e-14,8.27351079792772e-17
437.56,5.357209411580754e-14,8.272619475518212e-17
437.57,5.356612081283683e-14,8.279988878221188e-17
437.58,5.35602181751827e-14,8.286230552212518e-17
437.59,5.35546765959763e-14,8.295974270987799e-17
437.6,5.3549066451612816e-14,8.306064511654582e-17
437.61,5.35423379732003e-14,8.262896724830487e-17
437.62,5.3536470076235136e-14,8.267349163504319e-17
437.63,5.3530840561824875e-14,8.247562048684781e-17
437.64,5.352492873666172e-14,8.279556671331715e-17
437.65,5.351869752291031e-14,8.267010827233942e-17
437.66,5.351279672029039e-14,8.269151556661557e-17
437.67,5.350719609721254e-14,8.26542636581907e-17
437.68,5.3500940535338486e-14,8.239757383709177e-17
437.69,5.349510762478206e-14,8.256524159278916e-17
437.7,5.34893330084489e-14,8.268129589864463e-17
437.71,5.3483578240908656e-14,8.267783793534962e-17
437.72,5.347724026087779e-14,8.26216842919772e-17
437.73,5.347169512729594e-14,8.255592312553721e-17
437.74,5.3465810761800655e-14,8.250438399679384e-17
437.75,5.345997600341229e-14,8.255218743187109e-17
437.76,5.3454076922702297e-14,8.264583945219493e-17
437.77,5.3448027461591335e-14,8.255078735497784e-17
437.78,5.3442451652606216e-14,8.253433407299664e-17
437.79,5.3436225706006196e-14,8.256232707534144e-17
437.8,5.343036392159265e-14,8.253166344538335e-17
437.81,5.342460368695278e-14,8.2465353335002e-17
437.82,5.341888044547626e-14,8.253645829981515e-17
437.83,5.341276460719232e-14,8.250317322999728e-17
437.84,5.340673563301466e-14,8.221830510789464e-17
437.85,5.3400727799733245e-14,8.245266918305845e-17
437.86,5.3395327224281966e-14,8.252494189536997e-17
437.87,5.3389593099787425e-14,8.255956184557016e-17
437.88,5.338349815756624e-14,8.250325579724954e-17
437.89,5.337746907899311e-14,8.265222949200414e-17
437.9,5.3371615197341e-14,8.242674260790156e-17
437.91,5.336539524961327e-14,8.226366672325076e-17
437.92,5.3359438279562e-14,8.243244760800369e-17
437.93,5.3353828722263e-14,8.218193223594351e-17
437.94,5.334774480525418e-14,8.229321566666936e-17
437.95,5.334185756842122e-14,8.207362187151547e-17
437.96,5.333622840099882e-14,8.224640786457494e-17
437.97,5.3330495013510654e-14,8.232475451176588e-17
437.98,5.3324424462712415e-14,8.224106907060879e-17
437.99,5.3318498191217914e-14,8.214406129265278e-17
438.0,5.331267642248967e-14,8.212864482413285e-17
438.01,5.330614007422565e-14,8.221228923923682e-17
438.02,5.330078796561944e-14,8.219427396384174e-17
438.03,5.3295054375750155e-14,8.217676388177472e-17
438.04,5.3289129307643464e-14,8.231308987119771e-17
438.05,5.32833093480602e-14,8.231514836779668e-17
438.06,5.3277217131723505e-14,8.217449050603874e-17
438.07,5.3271277929479054e-14,8.222054050560141e-17
438.08,5.3263884667779086e-14,8.203080157383431e-17
438.09,5.32600836819884e-14,8.210265821866976e-17
438.1,5.325389242817079e-14,8.218783720971706e-17
438.11,5.324808312584397e-14,8.204872476165e-17
438.12,5.3241836395964926e-14,8.204578814262239e-17
438.13,5.3237178488812415e-14,8.206758403707463e-17
438.14,5.3230549507126326e-14,8.222179961212872e-17
438.15,5.322451409347417e-14,8.193008664041817e-17
438.16,5.3218338707278137e-14,8.201404202854199e-17
438.17,5.321171007339034e-14,8.184989207904222e-17
438.18,5.32067777177882e-14,8.196348182430486e-17
438.19,5.320103410508117e-14,8.18649334446587e-17
438.2,5.31950240142119e-14,8.212826764425503e-17
438.21,5.3188932087096405e-14,8.182026749730219e-17
438.22,5.3182244023441494e-14,8.17971554830368e-17
438.23,5.317784642410444e-14,8.204027051387494e-17
438.24,5.317207744635647e-14,8.19294312919726e-17
438.25,5.3165974728428683e-14,8.192081840141456e-17
438.26,5.3160270532042434e-14,8.199439665441794e-17
438.27,5.315429216555816e-14,8.186739172989656e-17
438.28,5.314834656368386e-14,8.181545146428784e-17
438.29,5.3142344980498786e-14,8.192835038323861e-17
438.3,5.313637708989587e-14,8.161933720096564e-17
438.31,5.313224097076588e-14,8.203572614447595e-17
438.32,5.3125053934559864e-14,8.18834662552293e-17
438.33,5.311910900021024e-14,8.17632479108268e-17
438.34,5.3113148361103347e-14,8.166354369997146e-17
438.35,5.310736067248241e-14,8.168013470030319e-17
438.36,5.310128949835278e-14,8.165849077444562e-17
438.37,5.3095248553400736e-14,8.141141207651198e-17
438.38,5.3090007810657924e-14,8.181872467527093e-17
438.39,5.3082498543216004e-14,8.143086991643044e-17
438.4,5.307795361124514e-14,8.153545757655977e-17
438.41,5.307247038185593e-14,8.174635637033352e-17
438.42,5.30661640361729e-14,8.158166476009305e-17
438.43,5.306064924403052e-14,8.153603276813079e-17
438.44,5.305466450781817e-14,8.165889542372985e-17
438.45,5.304873231291252e-14,8.148468505851524e-17
438.46,5.304286638394615e-14,8.193191153687175e-17
438.47,5.3037687102681626e-14,8.183125718037215e-17
438.48,5.303205326303697e-14,8.164331851520857e-17
438.49,5.302404159148521e-14,8.112414892200354e-17
438.5,5.301977036533596e-14,8.161332224174522e-17
438.51,5.30148244541383e-14,8.176751298131213e-17
438.52,5.300833755099588e-14,8.163017899902283e-17
438.53,5.30020532411633e-14,8.14609063546934e-17
438.54,5.2996384353489237e-14,8.156076269534867e-17
438.55,5.299085748710354e-14,8.204562259368402e-17
438.56,5.2984474431298865e-14,8.1213346857431e-17
438.57,5.2980186494697744e-14,8.317892081512766e-17
438.58,5.2972696506943375e-14,8.108732300455965e-17
438.59,5.296733027821902e-14,8.151695902754218e-17
438.6,5.2961236016707803e-14,8.142322607143726e-17
438.61,5.2955901499107627e-14,8.141642947151159e-17
438.62,5.2949688200331956e-14,8.146264872148076e-17
438.63,5.294383300387983e-14,8.139063174907295e-17
438.64,5.293778240382473e-14,8.117308564864511e-17
438.65,5.293239318821195e-14,8.140753941871752e-17
438.66,5.292607746700467e-14,8.118773242513484e-17
438.67,5.2921344784074717e-14,8.167731903243367e-17
438.68,5.291469021883755e-14,8.13021287858755e-17
438.69,5.290906122888588e-14,8.151616818391767e-17
438.7,5.2903156709640275e-14,8.135891177901376e-17
438.71,5.2897345803714593e-14,8.131583720379578e-17
438.72,5.289144638732944e-14,8.135817082259856e-17
438.73,5.288539783299432e-14,8.12366794231003e-17
438.74,5.2879396298645225e-14,8.116583028573805e-17
438.75,5.287367059025414e-14,8.112267925280976e-17
438.76,5.2867424959025097e-14,8.097055099330398e-17
438.77,5.286228983421229e-14,8.135501740004176e-17
438.78,5.285663523322108e-14,8.120415093120696e-17
438.79,5.285064783169319e-14,8.11044509236691e-17
438.8,5.284476722205688e-14,8.118449175609397e-17
438.81,5.283911518991877e-14,8.119202572438311e-17
438.82,5.283316700626223e-14,8.109514542274581e-17
438.83,5.2827336740580006e-14,8.129129067598977e-17
438.84,5.282210994985552e-14,8.135849843247747e-17
438.85,5.28165572107032e-14,8.146194146954208e-17
438.86,5.280982789571495e-14,8.125625824037517e-17
438.87,5.280418560605362e-14,8.091666700524185e-17
438.88,5.2798266955201803e-14,8.110770979765079e-17
438.89,5.279238614771288e-14,8.098613234685192e-17
438.9,5.278682578643577e-14,8.109574381181619e-17
438.91,5.2780943092489067e-14,8.112389876444982e-17
438.92,5.2775769749957367e-14,8.133354456821565e-17
438.93,5.2768932610423006e-14,8.104972819861063e-17
438.94,5.27627744933158e-14,7.973252932060316e-17
438.95,5.2757532397088665e-14,8.082544218524871e-17
438.96,5.2751981198228274e-14,8.097681601719914e-17
438.97,5.274606118829524e-14,8.102340103747733e-17
438.98,5.2740284730203257e-14,8.091467043200861e-17
438.99,5.273316649039343e-14,8.044532331119193e-17
439.0,5.272867937913275e-14,8.10670805237009e-17
439.01,5.2724502262524786e-14,8.16790089957875e-17
439.02,5.271720140554201e-14,8.081276061127318e-17
439.03,5.271141471505224e-14,8.134149335429435e-17
439.04,5.2705486278508253e-14,8.079769437547975e-17
439.05,5.269970705317556e-14,8.09114284697051e-17
439.06,5.2693921658052055e-14,8.083869318716338e-17
439.07,5.2687930851991425e-14,8.070271716696967e-17
439.08,5.2682399374729194e-14,8.078205443542987e-17
439.09,5.2676502591115566e-14,8.093879199583436e-17
439.1,5.2670544174285944e-14,8.049845216868833e-17
439.11,5.2664763348643306e-14,8.093177529474739e-17
439.12,5.265859034444055e-14,8.063810250980809e-17
439.13,5.26534456749957e-14,8.079162331912503e-17
439.14,5.2647264536910415e-14,8.072676925684812e-17
439.15,5.2642368476357305e-14,8.114879716527405e-17
439.16,5.263607984113411e-14,8.095402017349099e-17
439.17,5.263004307310602e-14,8.071223168775444e-17
439.18,5.262436765070053e-14,8.074693477294702e-17
439.19,5.2619609962130324e-14,8.067068370773222e-17
439.2,5.2613274961233015e-14,8.094663046378692e-17
439.21,5.260701765097255e-14,8.080732605630091e-17
439.22,5.260113930600044e-14,8.078161387238659e-17
439.23,5.2595545959666405e-14,8.064673713839485e-17
439.24,5.2590045773657073e-14,8.083089340946589e-17
439.25,5.2583905228887044e-14,8.04291915919497e-17
439.26,5.257800578948228e-14,8.049339062522948e-17
439.27,5.2572309651380465e-14,8.055135117536221e-17
439.28,5.2573140491092634e-14,8.405804928189407e-17
439.29,5.256105063537279e-14,8.061790145706123e-17
439.3,5.255447492046047e-14,8.053641462378771e-17
439.31,5.254916930398491e-14,8.062998545450948e-17
439.32,5.254393594388031e-14,8.061548402054413e-17
439.33,5.2537537873073427e-14,8.04593265748897e-17
439.34,5.253309457975578e-14,8.112821486387807e-17
439.35,5.2525804814538374e-14,8.038129152928098e-17
439.36,5.25203835423375e-14,8.054259269885918e-17
439.37,5.251474259517328e-14,7.852440317096065e-17
439.38,5.250884514530769e-14,8.0557374294769e-17
439.39,5.2502995476069555e-14,8.036072070630669e-17
439.4,5.249735027307467e-14,8.045366295306997e-17
439.41,5.249148087261015e-14,8.042685844598183e-17
439.42,5.24857392526052e-14,8.058465177045336e-17
439.43,5.2479744058861023e-14,8.029372561802788e-17
439.44,5.247405447775519e-14,8.0458986773705e-17
439.45,5.246852967767251e-14,8.037789491160618e-17
439.46,5.2462286392418154e-14,8.015790622130541e-17
439.47,5.2457042296260216e-14,8.065650626761843e-17
439.48,5.2451040366613995e-14,8.018855441274749e-17
439.49,5.244544107598263e-14,8.050467008535894e-17
439.5,5.243962093436247e-14,8.055690706018343e-17
439.51,5.243391068241515e-14,8.035228345696709e-17
439.52,5.242804905882674e-14,8.041222658608214e-17
439.53,5.2422202468956635e-14,8.022568921208449e-17
439.54,5.241649097710953e-14,8.027323969270625e-17
439.55,5.2410878644862066e-14,8.020103301103933e-17
439.56,5.240502796611513e-14,8.041684029712028e-17
439.57,5.239968982069033e-14,8.037368684710014e-17
439.58,5.239357082695277e-14,8.019438004850876e-17
439.59,5.238765535224272e-14,8.026446586069248e-17
439.6,5.238228350866155e-14,8.05186893686753e-17
439.61,5.2376360776699686e-14,8.0344006109115e-17
439.62,5.2370316166355034e-14,8.015518081141102e-17
439.63,5.2364852415283095e-14,8.052365534175711e-17
439.64,5.2359210627781145e-14,8.058803802432022e-17
439.65,5.2353248949538386e-14,8.015865358906992e-17
439.66,5.2347189815013733e-14,8.030809902741857e-17
439.67,5.2342201636451826e-14,8.044715886516432e-17
439.68,5.233603968706757e-14,8.019024048795366e-17
439.69,5.233045615602171e-14,8.020865113756957e-17
439.7,5.232449915834121e-14,8.024949152941929e-17
439.71,5.2318874990825086e-14,8.019998280549366e-17
439.72,5.2312627301226954e-14,7.982700498683139e-17
439.73,5.230728293109212e-14,8.034134328531186e-17
439.74,5.230142401093337e-14,8.006099427465654e-17
439.75,5.229588074320361e-14,8.036758604129467e-17
439.76,5.2289192704780656e-14,7.942827603905972e-17
439.77,5.228431260738597e-14,8.00361812996643e-17
439.78,5.227873503692108e-14,8.025110910705953e-17
439.79,5.227285662065574e-14,8.019514206712802e-17
439.8,5.226701621612436e-14,7.996853259861198e-17
439.81,5.226164469150146e-14,8.0111571062632e-17
439.82,5.225543788118857e-14,8.004584188902258e-17
439.83,5.224985373288584e-14,8.000503231153948e-17
439.84,5.2243301998836845e-14,7.959725933827291e-17
439.85,5.2238482938393606e-14,8.01970127766878e-17
439.86,5.2232679415128635e-14,7.994808152845269e-17
439.87,5.2226913085145893e-14,8.002783203009863e-17
439.88,5.222139945965272e-14,8.001624011838947e-17
439.89,5.2215397899239856e-14,7.996560376628003e-17
439.9,5.220987952245335e-14,7.990621350163988e-17
439.91,5.2204271030322364e-14,8.004608137358862e-17
439.92,5.219847243812601e-14,7.992521337183333e-17
439.93,5.219351817820034e-14,7.99571347588416e-17
439.94,5.218688496296578e-14,7.988219228300082e-17
439.95,5.218113972586791e-14,7.99625794020786e-17
439.96,5.217554519956071e-14,8.013859540007761e-17
439.97,5.2169679576277205e-14,7.979825503577015e-17
439.98,5.2163869752248356e-14,7.980126565914665e-17
439.99,5.215841015616536e-14,8.011806434734822e-17
440.0,5.2152753624724043e-14,7.974636501322036e-17
440.01,5.214656519385994e-14,8.016410006507075e-17
440.02,5.2141197857150617e-14,8.11808134848157e-17
440.03,5.213532174190025e-14,7.989011059752918e-17
440.04,5.2129768260634057e-14,7.985708677380558e-17
440.05,5.212340417217349e-14,7.91925196219599e-17
440.06,5.2118333054226665e-14,8.003951765460502e-17
440.07,5.211253468392895e-14,7.979496245849678e-17
440.08,5.210660839003837e-14,7.975640185761603e-17
440.09,5.210131170126557e-14,7.999028008145263e-17
440.1,5.20953940904263e-14,8.023454142389688e-17
440.11,5.2088327298316196e-14,7.956668273389039e-17
440.12,5.2083712724162975e-14,7.985649749852751e-17
440.13,5.2078148150153706e-14,7.991069974017716e-17
440.14,5.207217094112816e-14,7.986639122455772e-17
440.15,5.2066695540356336e-14,7.975722487871008e-17
440.16,5.2060823767074275e-14,7.973063864225744e-17
440.17,5.205512281678855e-14,7.962068840435987e-17
440.18,5.2049198881647535e-14,7.954458507085152e-17
440.19,5.2043828198432007e-14,7.944357062782911e-17
440.2,5.204371196963404e-14,7.937138685146462e-17
440.21,5.203217149569289e-14,7.966113019775148e-17
440.22,5.202667709688475e-14,7.95195074723531e-17
440.23,5.2021111098764916e-14,7.95549374744882e-17
440.24,5.201543057377474e-14,7.985608022981205e-17
440.25,5.200950218890248e-14,7.961231479812841e-17
440.26,5.200386073635523e-14,7.95970047710405e-17
440.27,5.1998253047248374e-14,7.952069543817977e-17
440.28,5.199242682759177e-14,7.936565602804039e-17
440.29,5.1985836704516976e-14,7.925013327109557e-17
440.3,5.198099234615099e-14,7.951366133673024e-17
440.31,5.197546397788869e-14,7.947703653251915e-17
440.32,5.196962581197788e-14,7.960276299798035e-17
440.33,5.1963617297710015e-14,7.943425486091377e-17
440.34,5.195841223737494e-14,7.956887203755011e-17
440.35,5.1952457237804185e-14,7.978516845554172e-17
440.36,5.1946835668333085e-14,7.895829047390577e-17
440.37,5.194118166494427e-14,7.93594911399428e-17
440.38,5.193617696555126e-14,7.968784674553726e-17
440.39,5.1929647001994146e-14,7.935198732948233e-17
440.4,5.1924069354100104e-14,7.945108486397297e-17
440.41,5.191803771129651e-14,7.94001936484847e-17
440.42,5.191259638839504e-14,7.949336045078311e-17
440.43,5.1906994509045134e-14,7.935400625522014e-17
440.44,5.1901463957389583e-14,7.949749326500576e-17
440.45,5.189682127384427e-14,7.998005551946309e-17
440.46,5.189000430718125e-14,7.942061665115218e-17
440.47,5.188425937303668e-14,7.985979763934997e-17
440.48,5.187863852282359e-14,7.925553878574917e-17
440.49,5.187279709131925e-14,7.931939236604893e-17
440.5,5.186714593413091e-14,7.940619018402802e-17
440.51,5.1861428637598506e-14,7.932144439396505e-17
440.52,5.185557057034172e-14,7.935838790918119e-17
440.53,5.185019575908491e-14,7.88748069127104e-17
440.54,5.184342082784636e-14,7.867740801627763e-17
440.55,5.1838311862766675e-14,7.906920337985286e-17
440.56,5.1833350221034144e-14,7.945168421395583e-17
440.57,5.182736560651497e-14,7.936397813731e-17
440.58,5.1821778776980025e-14,7.933602736633883e-17
440.59,5.18159853776665e-14,7.931394175926969e-17
440.6,5.181024076938221e-14,7.922116945743186e-17
440.61,5.1804692321833065e-14,7.929929655415297e-17
440.62,5.1798965731992283e-14,7.922078455042996e-17
440.63,5.179319703160348e-14,7.958322595189696e-17
440.64,5.178764409292119e-14,7.904536844073018e-17
440.65,5.178180173697472e-14,7.915248055708071e-17
440.66,5.177604414328163e-14,7.915469570861523e-17
440.67,5.177055151007491e-14,7.924994062064638e-17
440.68,5.1764933715747276e-14,7.934045927106035e-17
440.69,5.175968473055838e-14,7.928136653838191e-17
440.7,5.175305235863981e-14,7.910701450591271e-17
440.71,5.17481515714031e-14,7.924221713754499e-17
440.72,5.1742467967193906e-14,7.881659617059748e-17
440.73,5.1736718029612204e-14,7.887780446127874e-17
440.74,5.173103240845407e-14,7.907121369213376e-17
440.75,5.172500493753297e-14,7.918254574675662e-17
440.76,5.1719434354575667e-14,7.915683264813892e-17
440.77,5.1713894128315926e-14,7.908249401667637e-17
440.78,5.170772506316239e-14,7.965186146018976e-17
440.79,5.170274272596043e-14,7.913725756155844e-17
440.8,5.169698454059961e-14,7.923131423281213e-17
440.81,5.169170721345827e-14,7.983147183485485e-17
440.82,5.168550107238833e-14,7.865671501016565e-17
440.83,5.167979830653012e-14,7.906099180474325e-17
440.84,5.167440986199822e-14,7.89622834650254e-17
440.85,5.166839613548838e-14,7.892950605427207e-17
440.86,5.166292977519366e-14,7.900878953197227e-17
440.87,5.165724072208448e-14,7.880239189279925e-17
440.88,5.165145909238893e-14,7.925588403796313e-17
440.89,5.1645948628909654e-14,7.8942069094708e-17
440.9,5.164082241362405e-14,7.972154462805116e-17
440.91,5.1634839602386174e-14,7.992082400937666e-17
440.92,5.162911586055581e-14,7.907794593889763e-17
440.93,5.162362672555392e-14,7.898175574338154e-17
440.94,5.161740447155526e-14,7.888639303728815e-17
440.95,5.1611912843832655e-14,7.880988630075922e-17
440.96,5.1606664880901966e-14,7.894342297137858e-17
440.97,5.1600693984384243e-14,7.884787193104327e-17
440.98,5.159496925435243e-14,7.89795243723839e-17
440.99,5.158992500137484e-14,7.881333949404982e-17
441.0,5.158291564940358e-14,7.893066862871993e-17
441.01,5.157791139013448e-14,7.900937755137628e-17
441.02,5.157228528487124e-14,7.895369898773762e-17
441.03,5.156663464165532e-14,7.896180195873676e-17
441.04,5.1561105983676896e-14,7.888040341454856e-17
441.05,5.1555553587428235e-14,7.899682548527463e-17
441.06,5.154972559405269e-14,7.888521474009222e-17
441.07,5.15441917294731e-14,7.90228529102322e-17
441.08,5.153917556250134e-14,7.884347047549161e-17
441.09,5.1533063358025986e-14,7.885088604959254e-17
441.1,5.152716856326318e-14,7.873843471977348e-17
441.11,5.152184366773482e-14,7.88092660223944e-17
441.12,5.151558908027737e-14,7.888086998219583e-17
441.13,5.151036704886599e-14,7.897476911224695e-17
441.14,5.150468910353007e-14,7.868711365734499e-17
441.15,5.1499226168892156e-14,7.880354278279336e-17
441.16,5.149330580307032e-14,7.891310527149969e-17
441.17,5.14881472608374e-14,7.945049302395769e-17
441.18,5.148237455735017e-14,7.887465105373004e-17
441.19,5.1476451051994125e-14,7.881172848192093e-17
441.2,5.1471060613345336e-14,7.883002317530699e-17
441.21,5.146531245664185e-14,7.873332266106954e-17
441.22,5.1459894569624875e-14,7.852094727206747e-17
441.23,5.1454132371716754e-14,7.8739223797249e-17
441.24,5.1447970909594745e-14,7.878923936223265e-17
441.25,5.144260599232542e-14,7.86219547504161e-17
441.26,5.143724294873716e-14,7.875372587425821e-17
441.27,5.1431119232304506e-14,7.866403350899966e-17
441.28,5.142584852007872e-14,7.872931116386e-17
441.29,5.142015797066361e-14,7.894767138361173e-17
441.3,5.141449019657937e-14,7.870586920220617e-17
441.31,5.140833909188413e-14,7.882066521796109e-17
441.32,5.1403286778314456e-14,7.854508786489649e-17
441.33,5.1397680026310305e-14,7.870103562092062e-17
441.34,5.139183201562885e-14,7.858211608634638e-17
441.35,5.138626712285084e-14,7.856263678486392e-17
441.36,5.138112965651676e-14,7.862264229917247e-17
441.37,5.137514367640753e-14,7.86594507175164e-17
441.38,5.136960559061551e-14,7.847201080030008e-17
441.39,5.1364001798874706e-14,7.88461804157348e-17
441.4,5.135825227486273e-14,7.86178071575725e-17
441.41,5.135296154437137e-14,7.890284037797598e-17
441.42,5.134688566946774e-14,7.84455687435084e-17
441.43,5.1341142092795136e-14,7.787440855125807e-17
441.44,5.13356084649707e-14,7.827680142757983e-17
441.45,5.1330203538367284e-14,7.858554843755152e-17
441.46,5.132461630937508e-14,7.87112638118392e-17
441.47,5.131885679586659e-14,7.851491296959552e-17
441.48,5.131346136842259e-14,7.857893181743202e-17
441.49,5.1307753400631996e-14,7.853159710576885e-17
441.5,5.130212887319918e-14,7.845776190596145e-17
441.51,5.1296617435090076e-14,7.845445986523371e-17
441.52,5.129074240939719e-14,7.848546883626942e-17
441.53,5.1284843056689175e-14,7.8564851040521e-17
441.54,5.127975951637646e-14,7.848195871842499e-17
441.55,5.127420842859368e-14,7.853141840711354e-17
441.56,5.1268380981648546e-14,7.851711815826183e-17
441.57,5.1262892018342276e-14,7.843599917938082e-17
441.58,5.1256906932267736e-14,7.834973600790245e-17
441.59,5.1251517946507425e-14,7.843377432887027e-17
441.6,5.124539698840648e-14,7.82819257331458e-17
441.61,5.1240232846786186e-14,7.836304736602264e-17
441.62,5.1235025778907504e-14,7.844004087220256e-17
441.63,5.122940356395847e-14,7.836645983796376e-17
441.64,5.122362712630521e-14,7.836878797267881e-17
441.65,5.121798221005407e-14,7.843207178696252e-17
441.66,5.121219912023068e-14,7.839981735629222e-17
441.67,5.1206788519250514e-14,7.831834952694267e-17
441.68,5.1201048142465565e-14,7.829351179486075e-17
441.69,5.119547987084137e-14,7.830599918203298e-17
441.7,5.118996100343465e-14,7.822234937935502e-17
441.71,5.118428204828837e-14,7.830749575026005e-17
441.72,5.117870573440944e-14,7.821182886224024e-17
441.73,5.117317118302302e-14,7.832573275624704e-17
441.74,5.116768505624711e-14,7.834724275454668e-17
441.75,5.1161845493852986e-14,7.826459200972327e-17
441.76,5.115649289307438e-14,7.824385404135828e-17
441.77,5.115068493004967e-14,7.824581049942392e-17
441.78,5.1144895773515686e-14,7.83201985021599e-17
441.79,5.113945417917006e-14,7.824862360597915e-17
441.8,5.113407870619739e-14,7.815888451106792e-17
441.81,5.1128489784785574e-14,7.820921336018513e-17
441.82,5.112277698517002e-14,7.812127256673961e-17
441.83,5.1116994081492e-14,7.833444410136778e-17
441.84,5.111206736125672e-14,7.828265839989699e-17
441.85,5.1105945230585886e-14,7.82974739097383e-17
441.86,5.11003652765071e-14,7.829407170043219e-17
441.87,5.109505129664076e-14,7.817236581450851e-17
441.88,5.1089139088502195e-14,7.796001850899371e-17
441.89,5.108296998539529e-14,7.8161841735277e-17
441.9,5.1078329675840784e-14,7.789842001023051e-17
441.91,5.107273630242439e-14,7.832864944045437e-17
441.92,5.106679200941705e-14,7.800711345245116e-17
441.93,5.106135784676145e-14,7.841637404840106e-17
441.94,5.105580298598924e-14,7.852969837255668e-17
441.95,5.105000100641164e-14,7.802654761915343e-17
441.96,5.1044424993640545e-14,7.793483781053478e-17
441.97,5.1039365180854804e-14,7.811328412277918e-17
441.98,5.103287677301668e-14,7.793355407817272e-17
441.99,5.102815306332402e-14,7.804676110820653e-17
442.0,5.102223233943362e-14,7.802900073292057e-17
442.01,5.101664664771874e-14,7.79607823090992e-17
442.02,5.10110474372272e-14,7.809881137637661e-17
442.03,5.10058140788603e-14,7.813949463349279e-17
442.04,5.1000287751762893e-14,7.861637169937816e-17
442.05,5.099451747667029e-14,7.802421495449754e-17
442.06,5.098804513539614e-14,7.756023258531783e-17
442.07,5.098289664240903e-14,7.810057752769012e-17
442.08,5.097762386597597e-14,7.76377762597172e-17
442.09,5.0972121587764704e-14,7.793295124901255e-17
442.1,5.096605801415001e-14,7.788483337621965e-17
442.11,5.0961141040417226e-14,7.800581555456165e-17
442.12,5.095516933783646e-14,7.797176105476266e-17
442.13,5.094982162344726e-14,7.78135260396008e-17
442.14,5.094446650196467e-14,7.779323910307781e-17
442.15,5.093817043327829e-14,7.778143133394133e-17
442.16,5.093327209411091e-14,7.794574657414823e-17
442.17,5.0927438739600036e-14,7.77463746613199e-17
442.18,5.092186955690178e-14,7.774696172711798e-17
442.19,5.091648630001506e-14,7.784303083528421e-17
442.2,5.0910945530247714e-14,7.788276913323492e-17
442.21,5.0905430456230103e-14,7.790213376260049e-17
442.22,5.089977077984863e-14,7.779271371097143e-17
442.23,5.0894163948388863e-14,7.779818393568968e-17
442.24,5.08890523682799e-14,7.810468579697688e-17
442.25,5.08832607547083e-14,7.791103282860634e-17
442.26,5.08771426561151e-14,7.761115486754554e-17
442.27,5.087201171606477e-14,7.784842540752866e-17
442.28,5.086577754120431e-14,7.769045188115762e-17
442.29,5.0860771184138756e-14,7.776559428952923e-17
442.3,5.085526173394336e-14,7.776426581555936e-17
442.31,5.084929576298064e-14,7.750822793356901e-17
442.32,5.084392933853091e-14,7.756283264010222e-17
442.33,5.083867624482557e-14,7.726981319239324e-17
442.34,5.0833536352924634e-14,7.770090685065121e-17
442.35,5.0827516068085085e-14,7.75512244887217e-17
442.36,5.082211526754097e-14,7.778699752392047e-17
442.37,5.081609010509729e-14,7.731262595140713e-17
442.38,5.0810738000215453e-14,7.77121274196409e-17
442.39,5.080539426211159e-14,7.771764993141418e-17
442.4,5.079869148997572e-14,7.768626153935886e-17
442.41,5.079394662660188e-14,7.761367056325693e-17
442.42,5.0787197689021486e-14,7.783722396700371e-17
442.43,5.078262206125921e-14,7.767729451548575e-17
442.44,5.07779592003224e-14,7.769484925398309e-17
442.45,5.077210032902058e-14,7.765964259771813e-17
442.46,5.076683191270946e-14,7.741534288288743e-17
442.47,5.076112750385705e-14,7.760374188622326e-17
442.48,5.0755360207546425e-14,7.762295278433387e-17
442.49,5.075246794870787e-14,7.862379386453048e-17
442.5,5.074422821881517e-14,7.765334758509857e-17
442.51,5.0738401816085963e-14,7.71842786160643e-17
442.52,5.073294872405308e-14,7.761068633805173e-17
442.53,5.0728971541451114e-14,7.811182391730308e-17
442.54,5.07222650443342e-14,7.757445409042483e-17
442.55,5.0716642966567396e-14,7.778715228033305e-17
442.56,5.071118082275126e-14,7.753465540592332e-17
442.57,5.070555868879417e-14,7.758472246779941e-17
442.58,5.069984676802027e-14,7.730664880394213e-17
442.59,5.0694577246975385e-14,7.779280907406576e-17
442.6,5.0688367689831416e-14,7.703427571819905e-17
442.61,5.068414689478727e-14,7.763365600568332e-17
442.62,5.06777684739851e-14,7.74031994688847e-17
442.63,5.067213950916101e-14,7.74177709519757e-17
442.64,5.066650754667399e-14,7.729078263824672e-17
442.65,5.0661210177987125e-14,7.749429829921545e-17
442.66,5.065572916681449e-14,7.756255844426716e-17
442.67,5.065080283881307e-14,7.754831257228073e-17
442.68,5.0644827507027284e-14,7.746168274751757e-17
442.69,5.063905003399442e-14,7.741922736093249e-17
442.7,5.0633459231169576e-14,7.770026531853175e-17
442.71,5.0627434999417154e-14,7.728905043219736e-17
442.72,5.0622608528262403e-14,7.733976210949898e-17
442.73,5.061705385069961e-14,7.732176889112031e-17
442.74,5.061138735415765e-14,7.740031051014283e-17
442.75,5.0605824390558445e-14,7.734832430747954e-17
442.76,5.0600039349050774e-14,7.712192429195311e-17
442.77,5.0595130129718545e-14,7.728804180826734e-17
442.78,5.0589053414738114e-14,7.723931853782505e-17
442.79,5.0585042728445897e-14,7.717843413949328e-17
442.8,5.057832245097348e-14,7.74250980715074e-17
442.81,5.057266975768677e-14,7.721764312388253e-17
442.82,5.0567403949946655e-14,7.726341828660687e-17
442.83,5.056140305479254e-14,7.711300179654665e-17
442.84,5.0556231370296526e-14,7.714227340270066e-17
442.85,5.0550816365536025e-14,7.71692522891431e-17
442.86,5.0546316084640096e-14,7.753064812387974e-17
442.87,5.05398910824896e-14,7.708531720939611e-17
442.88,5.0530541616555095e-14,7.538604010711575e-17
442.89,5.052869775965059e-14,7.724761491204738e-17
442.9,5.0522994652109323e-14,7.708247513637784e-17
442.91,5.0517441680717133e-14,7.708036366077206e-17
442.92,5.05121633447932e-14,7.734466112926797e-17
442.93,5.050664050340884e-14,7.691066302063139e-17
442.94,5.050133958146747e-14,7.725770304012849e-17
442.95,5.049591454548249e-14,7.726597515252802e-17
442.96,5.049118120889599e-14,7.784816257340766e-17
442.97,5.048421414883575e-14,7.652437760765328e-17
442.98,5.047913376707645e-14,7.699766961511717e-17
442.99,5.0473470041200714e-14,7.711203377409889e-17
443.0,5.046813463767174e-14,7.719302046735929e-17
443.01,5.0462701433351714e-14,7.712090502366925e-17
443.02,5.045708050758673e-14,7.699702778783867e-17
443.03,5.0451858093481976e-14,7.728593961641386e-17
443.04,5.04464235056349e-14,7.755391113253066e-17
443.05,5.0441573972733854e-14,7.754808418718218e-17
443.06,5.0434688693525577e-14,7.702666463822881e-17
443.07,5.0429395127646916e-14,7.692452511740996e-17
443.08,5.0424058098207575e-14,7.677315695232877e-17
443.09,5.0418585283877804e-14,7.704956477609354e-17
443.1,5.041318366096101e-14,7.692974895114347e-17
443.11,5.0407731593056466e-14,7.708562793695476e-17
443.12,5.040221141898326e-14,7.707617386025179e-17
443.13,5.040107173202198e-14,7.758378015966763e-17
443.14,5.039098609161175e-14,7.680641836788804e-17
443.15,5.038557842659209e-14,7.669552946395273e-17
443.16,5.03800694720664e-14,7.699097151102645e-17
443.17,5.037479470837036e-14,7.687077797992815e-17
443.18,5.036901882794432e-14,7.703544828645283e-17
443.19,5.036271939221452e-14,7.608620884414149e-17
443.2,5.0358307086432114e-14,7.679925338887925e-17
443.21,5.0352676128556855e-14,7.696246231021324e-17
443.22,5.034102800559427e-14,7.253695653969064e-17
443.23,5.0341544327889274e-14,7.675580959721905e-17
443.24,5.033627466626122e-14,7.693597938192538e-17
443.25,5.033073067630179e-14,7.685290858333324e-17
443.26,5.032522889649989e-14,7.671696506308545e-17
443.27,5.031976008588992e-14,7.69354886276932e-17
443.28,5.031423825317233e-14,7.677503554561015e-17
443.29,5.0308566209761833e-14,7.676249104371585e-17
443.3,5.0303203001497544e-14,7.686619469317802e-17
443.31,5.029709238968595e-14,7.835773489946598e-17
443.32,5.0292273857763545e-14,7.666056485830751e-17
443.33,5.028665314214752e-14,7.672233667183821e-17
443.34,5.028151227850763e-14,7.668589608063527e-17
443.35,5.027597127650462e-14,7.689237650092581e-17
443.36,5.027039480351871e-14,7.692489836220696e-17
443.37,5.026509416842184e-14,7.671039069836568e-17
443.38,5.025952237616631e-14,7.670475300624115e-17
443.39,5.02540402042305e-14,7.694017495608293e-17
443.4,5.0248411656141927e-14,7.679680106955334e-17
443.41,5.0243343549551954e-14,7.697867497715087e-17
443.42,5.0237616193043555e-14,7.679825485025183e-17
443.43,5.0232008462285575e-14,7.661805301222181e-17
443.44,5.0226576701736843e-14,7.659339286944748e-17
443.45,5.022075229502723e-14,7.652264178774879e-17
443.46,5.0215580134014726e-14,7.67354048124599e-17
443.47,5.0210343694689975e-14,7.677275449073648e-17
443.48,5.020471697347543e-14,7.65543516187264e-17
443.49,5.0199405067268255e-14,7.676819287112162e-17
443.5,5.0193684943078824e-14,7.655042040095746e-17
443.51,5.0187937727945405e-14,7.632285633327906e-17
443.52,5.018282197355014e-14,7.656475897973852e-17
443.53,5.017738944718107e-14,7.6645110932302e-17
443.54,5.0172032444314074e-14,7.666737089588419e-17
443.55,5.0165660045606745e-14,7.603692163766657e-17
443.56,5.016086284189271e-14,7.654436029991359e-17
443.57,5.015547486527556e-14,7.663035588892297e-17
443.58,5.01502868884096e-14,7.62063634547949e-17
443.59,5.0144695128533874e-14,7.651622488359605e-17
443.6,5.0139489365521703e-14,7.66910087821856e-17
443.61,5.013357202590608e-14,7.651630187126297e-17
443.62,5.012822004713144e-14,7.648281553148309e-17
443.63,5.012253934132666e-14,7.645959569319862e-17
443.64,5.0117284576023805e-14,7.636679675161194e-17
443.65,5.011157468109455e-14,7.642024030294885e-17
443.66,5.0106432053021777e-14,7.638466254896485e-17
443.67,5.0100735979695284e-14,7.637611619570601e-17
443.68,5.009545358202706e-14,7.64959220639096e-17
443.69,5.009012421869334e-14,7.610799462248503e-17
443.7,5.0084819435561764e-14,7.633132086883425e-17
443.71,5.007891910728189e-14,7.626500596330336e-17
443.72,5.00735184254323e-14,7.61870051218483e-17
443.73,5.006812996078265e-14,7.626677238456497e-17
443.74,5.006263621553153e-14,7.637164593518595e-17
443.75,5.005713186849677e-14,7.619807327147412e-17
443.76,5.005163257974697e-14,7.586607233320473e-17
443.77,5.004634924658634e-14,7.640873504253465e-17
443.78,5.004134707437806e-14,7.687194038244123e-17
443.79,5.0035479752432205e-14,7.614638453218299e-17
443.8,5.0029853825319813e-14,7.599365920649069e-17
443.81,5.002483109008984e-14,7.64486589764971e-17
443.82,5.0018865789007375e-14,7.612455795850271e-17
443.83,5.001377069848401e-14,7.636414070593469e-17
443.84,5.0008238087291436e-14,7.626725713859041e-17
443.85,5.0002793832276885e-14,7.606658608246467e-17
443.86,4.9997085591944597e-14,7.593105060872635e-17
443.87,4.999102840545507e-14,7.593186234057961e-17
443.88,4.998649166650316e-14,7.622195812347786e-17
443.89,4.998144584079758e-14,7.629169582736923e-17
443.9,4.997550602996599e-14,7.63343820986892e-17
443.91,4.997007721501091e-14,7.61856462491963e-17
443.92,4.996469424924446e-14,7.61953733506428e-17
443.93,4.99591062741845e-14,7.604395324507487e-17
443.94,4.995360356999487e-14,7.599962308897926e-17
443.95,4.994824476599532e-14,7.615775820123224e-17
443.96,4.9943780713933534e-14,7.530100237514256e-17
443.97,4.993762005036348e-14,7.611405921173671e-17
443.98,4.993206521203346e-14,7.619884939558849e-17
443.99,4.992676696809019e-14,7.593888335892701e-17
444.0,4.9921212661724314e-14,7.602531225456975e-17
444.01,4.9915880433700227e-14,7.600458299063175e-17
444.02,4.99102675409772e-14,7.605106243988114e-17
444.03,4.990491960603554e-14,7.609854602175896e-17
444.04,4.989929261778034e-14,7.588472075495082e-17
444.05,4.9897416858915236e-14,7.96940371588358e-17
444.06,4.988883555311107e-14,7.612942042048141e-17
444.07,4.9883244232787004e-14,7.612632665368692e-17
444.08,4.987759136688502e-14,7.583558682237917e-17
444.09,4.9872229319418145e-14,7.597248833644739e-17
444.1,4.98674489959968e-14,7.618352791239355e-17
444.11,4.986150513799143e-14,7.589359656902011e-17
444.12,4.985622025020492e-14,7.58313631863249e-17
444.13,4.9850370835519447e-14,7.605400553417407e-17
444.14,4.9842432590992044e-14,7.470929771898922e-17
444.15,4.983978034512779e-14,7.594282661318151e-17
444.16,4.9834308535077014e-14,7.591483326907359e-17
444.17,4.982937771539047e-14,7.599180190000805e-17
444.18,4.9823486743858656e-14,7.595380237927898e-17
444.19,4.981798359115201e-14,7.588436772637573e-17
444.2,4.981258495278347e-14,7.588220443001882e-17
444.21,4.980686025693209e-14,7.567403098005119e-17
444.22,4.9801903449291214e-14,7.605672449309251e-17
444.23,4.979558809609117e-14,7.595747771555475e-17
444.24,4.979106506333319e-14,7.597353232686788e-17
444.25,4.978581866738309e-14,7.577202525554132e-17
444.26,4.9780083793346635e-14,7.569925099930232e-17
444.27,4.977484012804816e-14,7.574712778916796e-17
444.28,4.976936395485988e-14,7.580906020193056e-17
444.29,4.97636354631709e-14,7.567196513699379e-17
444.3,4.975892647409711e-14,7.601883934431859e-17
444.31,4.975314632299079e-14,7.592619492368868e-17
444.32,4.9747186731620474e-14,7.518615677201095e-17
444.33,4.974204917231469e-14,7.560096954262506e-17
444.34,4.973684035060823e-14,7.572189657888686e-17
444.35,4.973162606694477e-14,7.57952900708236e-17
444.36,4.972597316238714e-14,7.565556986521716e-17
444.37,4.9720803463640277e-14,7.576440769030037e-17
444.38,4.971515323967218e-14,7.543941919595566e-17
444.39,4.9709645041233095e-14,7.699212459601907e-17
444.4,4.970441530614985e-14,7.552942890338959e-17
444.41,4.96994619456311e-14,7.583877888496662e-17
444.42,4.9693621962390967e-14,7.561798120613284e-17
444.43,4.9688541691803503e-14,7.570854602754321e-17
444.44,4.968283380055876e-14,7.551874796924635e-17
444.45,4.967733589383374e-14,7.55600046592886e-17
444.46,4.9672059292994135e-14,7.557512077353662e-17
444.47,4.966663884450363e-14,7.605857071215362e-17
444.48,4.966150522543873e-14,7.526563221485687e-17
444.49,4.965588898820049e-14,7.5293666997477e-17
444.5,4.965069704416568e-14,7.551958678931379e-17
444.51,4.964522822552171e-14,7.546048359560397e-17
444.52,4.963959261111985e-14,7.548654139297952e-17
444.53,4.963424354791882e-14,7.544127358389202e-17
444.54,4.962883798419507e-14,7.537481310999138e-17
444.55,4.9623621241318804e-14,7.555370255041121e-17
444.56,4.9618177944340695e-14,7.545636496935507e-17
444.57,4.961273129269218e-14,7.520211005747743e-17
444.58,4.9607174530855774e-14,7.532134824151039e-17
444.59,4.960204489911276e-14,7.554474191728423e-17
444.6,4.9596601217395694e-14,7.53193088523122e-17
444.61,4.959105889402676e-14,7.527790711944654e-17
444.62,4.9585879481343724e-14,7.53707262592191e-17
444.63,4.9580580827455034e-14,7.528058386048544e-17
444.64,4.9575171442390817e-14,7.529082830371376e-17
444.65,4.9569423227273257e-14,7.494082180956268e-17
444.66,4.956426267931529e-14,7.536150702504146e-17
444.67,4.9558676537792654e-14,7.515346694989976e-17
444.68,4.9553122768088734e-14,7.525465227150859e-17
444.69,4.9549815944334506e-14,7.584137918475145e-17
444.7,4.954263733153683e-14,7.5292799211144e-17
444.71,4.953716231373543e-14,7.520712757385824e-17
444.72,4.9532126371671904e-14,7.501388319037935e-17
444.73,4.952665169528908e-14,7.534991151942213e-17
444.74,4.9521087526379404e-14,7.525817814883142e-17
444.75,4.951602643779709e-14,7.530371495963948e-17
444.76,4.951070163224031e-14,7.555785065464878e-17
444.77,4.95047874745715e-14,7.527593363174442e-17
444.78,4.950009437148583e-14,7.457797612479811e-17
444.79,4.9494303780970763e-14,7.529377342548072e-17
444.8,4.948888622749838e-14,7.514136803401838e-17
444.81,4.94828751702012e-14,7.402930010904625e-17
444.82,4.947784543985851e-14,7.506636727999967e-17
444.83,4.9472848244305516e-14,7.512985714030565e-17
444.84,4.9467513928060936e-14,7.507644459350361e-17
444.85,4.946343042162697e-14,7.44286049088764e-17
444.86,4.9456593623216775e-14,7.50428219614706e-17
444.87,4.945114868318322e-14,7.497917342625907e-17
444.88,4.944585599676099e-14,7.510897502960244e-17
444.89,4.9440707445207164e-14,7.511944243421742e-17
444.9,4.943500372818677e-14,7.520597677285945e-17
444.91,4.9430104646041416e-14,7.525562003829227e-17
444.92,4.9424470164340416e-14,7.510742883239731e-17
444.93,4.9418517643628086e-14,7.506816084608488e-17
444.94,4.941412094965544e-14,7.528831917891133e-17
444.95,4.940861372257731e-14,7.52772379704728e-17
444.96,4.940320620921845e-14,7.511983423447304e-17
444.97,4.939769352405366e-14,7.507052598093383e-17
444.98,4.939217055043232e-14,7.50178219484612e-17
444.99,4.9386997799012083e-14,7.491852415231504e-17
445.0,4.9381572998346984e-14,7.496130807085481e-17
445.01,4.93764272566579e-14,7.496351322233001e-17
445.02,4.937107193513402e-14,7.497097386446462e-17
445.03,4.9365278918135196e-14,7.490704285619492e-17
445.04,4.9360250323938173e-14,7.495101943822414e-17
445.05,4.935479256643037e-14,7.4971564980603e-17
445.06,4.93492714992252e-14,7.483539916096997e-17
445.07,4.93439381422471e-14,7.487975770854777e-17
445.08,4.933885084758376e-14,7.508795590796936e-17
445.09,4.933347048475824e-14,7.500346268498212e-17
445.1,4.9327938596177466e-14,7.502058940752577e-17
445.11,4.93225606312272e-14,7.509616120528848e-17
445.12,4.931763172481264e-14,7.495772684028534e-17
445.13,4.931175554129391e-14,7.47676609596534e-17
445.14,4.930588625914788e-14,7.511539891554345e-17
445.15,4.930102959116446e-14,7.472899009995478e-17
445.16,4.929643455110349e-14,7.469056446074182e-17
445.17,4.929043166279979e-14,7.518790921653105e-17
445.18,4.928506750276714e-14,7.463875604960032e-17
445.19,4.9279684307744446e-14,7.486504333932175e-17
445.2,4.927580091088684e-14,7.532846612139111e-17
445.21,4.926916642507302e-14,7.476355540360492e-17
445.22,4.926362994240724e-14,7.478520775446261e-17
445.23,4.925839082361686e-14,7.469332023245634e-17
445.24,4.9252291327825585e-14,7.480851526755406e-17
445.25,4.9247663827193653e-14,7.476969962971411e-17
445.26,4.924261336224062e-14,7.474221369591831e-17
445.27,4.923702320409561e-14,7.467218459863597e-17
445.28,4.923210241416593e-14,7.465294811107927e-17
445.29,4.9226349416276406e-14,7.461794189840998e-17
445.3,4.92216841333059e-14,7.502939499842827e-17
445.31,4.921569144780705e-14,7.452653156990802e-17
445.32,4.9210190421510246e-14,7.463233877649878e-17
445.33,4.920486776713421e-14,7.443242045951866e-17
445.34,4.919984302512442e-14,7.46263281432277e-17
445.35,4.919444183775288e-14,7.480245177507756e-17
445.36,4.9188799595480803e-14,7.453891470301105e-17
445.37,4.9183328646532556e-14,7.46236464191749e-17
445.38,4.917777141629682e-14,7.461200933095255e-17
445.39,4.917340036155345e-14,7.483331119744093e-17
445.4,4.9168208561577306e-14,7.464824587800135e-17
445.41,4.9162908170088744e-14,7.484841967244116e-17
445.42,4.915682739050529e-14,7.424610340285143e-17
445.43,4.9151611943706126e-14,7.448291609370082e-17
445.44,4.914623342215569e-14,7.432133518641991e-17
445.45,4.9140815908377136e-14,7.452440538446836e-17
445.46,4.913579758670242e-14,7.459588609430725e-17
445.47,4.91304179948668e-14,7.456434093508486e-17
445.48,4.912505583949583e-14,7.451690063323783e-17
445.49,4.9119639872372187e-14,7.433842452151572e-17
445.5,4.911441461033809e-14,7.445461236188843e-17
445.51,4.910896226993998e-14,7.446667007036896e-17
445.52,4.910373294203902e-14,7.444443291953933e-17
445.53,4.909843799018543e-14,7.436811882714036e-17
445.54,4.909298370287649e-14,7.451226044635493e-17
445.55,4.9087717808714164e-14,7.441531908866137e-17
445.56,4.908244663644723e-14,7.438621081097295e-17
445.57,4.9076960962416807e-14,7.423504511742223e-17
445.58,4.9071722445520504e-14,7.441118870035112e-17
445.59,4.9066599300325525e-14,7.439215438153017e-17
445.6,4.906114972559483e-14,7.430255990447655e-17
445.61,4.905580231709954e-14,7.434793479277392e-17
445.62,4.905055681936043e-14,7.437365746306222e-17
445.63,4.904500762299114e-14,7.428245982297739e-17
445.64,4.903973213687643e-14,7.43394192720494e-17
445.65,4.9034713349910365e-14,7.433628832792029e-17
445.66,4.902928986414574e-14,7.426199029925649e-17
445.67,4.902374789408947e-14,7.434453454972463e-17
445.68,4.9018636623918706e-14,7.428150061778058e-17
445.69,4.901355242632053e-14,7.413365825011072e-17
445.7,4.900787438343188e-14,7.428299182245976e-17
445.71,4.9002667005155035e-14,7.426784001588781e-17
445.72,4.8997432038562065e-14,7.429321339408801e-17
445.73,4.8992092135300074e-14,7.418090697076894e-17
445.74,4.8986522947087574e-14,7.40631996760218e-17
445.75,4.898152361022547e-14,7.422510266349155e-17
445.76,4.8976216020630034e-14,7.430257606114266e-17
445.77,4.897085145860331e-14,7.418547558395471e-17
445.78,4.8965722444331685e-14,7.414705032020719e-17
445.79,4.8960069487151574e-14,7.391445014501225e-17
445.8,4.895477935947941e-14,7.416690918568103e-17
445.81,4.8949777894630604e-14,7.406129610382066e-17
445.82,4.8944134423496706e-14,7.426115976562767e-17
445.83,4.893897054727442e-14,7.41100737126865e-17
445.84,4.893355322829842e-14,7.4032183448642e-17
445.85,4.8928768784323965e-14,7.40499241359512e-17
445.86,4.8923094116650105e-14,7.399095745540303e-17
445.87,4.891750742515073e-14,7.392636867224875e-17
445.88,4.891197454953897e-14,7.408373975295575e-17
445.89,4.8907029558855604e-14,7.40434293354182e-17
445.9,4.8901729477347745e-14,7.402244387159179e-17
445.91,4.8896604644647367e-14,7.389209843212504e-17
445.92,4.88913740234935e-14,7.404086731257366e-17
445.93,4.8885765596780885e-14,7.398645846585048e-17
445.94,4.888059404107875e-14,7.393201905357895e-17
445.95,4.887486162839122e-14,7.41475635329879e-17
445.96,4.886937197841186e-14,7.374840721987628e-17
445.97,4.886451996492926e-14,7.391262457773668e-17
445.98,4.885968920274243e-14,7.39504978146317e-17
445.99,4.8854352844402627e-14,7.391873316003492e-17
446.0,4.8848976660512134e-14,7.392770150468548e-17
446.01,4.884270852867962e-14,7.366578401568187e-17
446.02,4.883821967976568e-14,7.406139269356277e-17
446.03,4.8833477468888784e-14,7.398734931862537e-17
446.04,4.882775250134294e-14,7.406767687231849e-17
446.05,4.882275911911643e-14,7.399169576697208e-17
446.06,4.8817006572641474e-14,7.376364846740421e-17
446.07,4.8811888317626453e-14,7.387235638643846e-17
446.08,4.880658868355231e-14,7.394355079023285e-17
446.09,4.8801383961260904e-14,7.377059416885338e-17
446.1,4.879654645780799e-14,7.384052469170577e-17
446.11,4.8790535716234405e-14,7.388837352091347e-17
446.12,4.878536669882581e-14,7.381755758038581e-17
446.13,4.877997204013235e-14,7.364059307222902e-17
446.14,4.877480701739315e-14,7.375881875741514e-17
446.15,4.8769372734238405e-14,7.35610929888694e-17
446.16,4.8764453118751654e-14,7.381003842599979e-17
446.17,4.875911243151398e-14,7.381636861454663e-17
446.18,4.875468406685066e-14,7.38482054825931e-17
446.19,4.874919070669763e-14,7.413246900497631e-17
446.2,4.8743418853831e-14,7.386315800441749e-17
446.21,4.873803677497565e-14,7.379421787955613e-17
446.22,4.873304954617942e-14,7.393296325773235e-17
446.23,4.872731784878678e-14,7.369949777023483e-17
446.24,4.8722396361083936e-14,7.379271165355945e-17
446.25,4.871685195800513e-14,7.383605824824244e-17
446.26,4.8711563244904535e-14,7.374167639572106e-17
446.27,4.8705277607511767e-14,7.367837018904287e-17
446.28,4.870012171398889e-14,7.307952458860748e-17
446.29,4.869563006249077e-14,7.352083064644635e-17
446.3,4.869045620806207e-14,7.356831303906495e-17
446.31,4.868452935415426e-14,7.284706479405282e-17
446.32,4.8679726028939e-14,7.345056507562827e-17
446.33,4.867472191696705e-14,7.365696478400835e-17
446.34,4.866952274271893e-14,7.401998042390123e-17
446.35,4.866423660296333e-14,7.353308922612136e-17
446.36,4.865574552228602e-14,7.202380805902157e-17
446.37,4.86535891275907e-14,7.421507729343644e-17
446.38,4.8648195760375216e-14,7.351777170920829e-17
446.39,4.864318767533459e-14,7.355945824000323e-17
446.4,4.8639183077412003e-14,7.338565344930823e-17
446.41,4.863248480954943e-14,7.35895384811445e-17
446.42,4.8627216180961025e-14,7.344857295894107e-17
446.43,4.8622326125258663e-14,7.341972398985559e-17
446.44,4.861675204085564e-14,7.347405053670742e-17
446.45,4.861113176728114e-14,7.336938212109152e-17
446.46,4.8606342098239136e-14,7.374392777743511e-17
446.47,4.859980750352599e-14,7.293140820658195e-17
446.48,4.859587108405398e-14,7.346814067358886e-17
446.49,4.8590758786632266e-14,7.369813272616542e-17
446.5,4.858521155988549e-14,7.346846411720973e-17
446.51,4.8579752049733925e-14,7.344193152334515e-17
446.52,4.857473442610973e-14,7.348031659405415e-17
446.53,4.8569217380530916e-14,7.327357772700663e-17
446.54,4.8564452280533715e-14,7.338931326458936e-17
446.55,4.855911620764677e-14,7.338913944626105e-17
446.56,4.855345855797944e-14,7.331185239434621e-17
446.57,4.854844703454197e-14,7.350076666630734e-17
446.58,4.8543000195812856e-14,7.32350452651694e-17
446.59,4.853790635344501e-14,7.341051823892988e-17
446.6,4.853322573420843e-14,7.378841509011815e-17
446.61,4.8527510799199e-14,7.329092715277154e-17
446.62,4.85219868539769e-14,7.348665055127637e-17
446.63,4.8516640800246974e-14,7.305185375834316e-17
446.64,4.85123252556355e-14,7.373022544272681e-17
446.65,4.850584980806942e-14,7.32671821768599e-17
446.66,4.8501356758710796e-14,7.346373184886916e-17
446.67,4.849607412498782e-14,7.329613408693864e-17
446.68,4.849063676603458e-14,7.328287209910449e-17
446.69,4.8485473154219105e-14,7.328873575252159e-17
446.7,4.8480224880939725e-14,7.323359904940232e-17
446.71,4.847529410025019e-14,7.343441023445376e-17
446.72,4.8469710570036755e-14,7.337488616653315e-17
446.73,4.846477705470282e-14,7.299730883494351e-17
446.74,4.8459132626554283e-14,7.317380074088571e-17
446.75,4.8453865605242766e-14,7.331161852899214e-17
446.76,4.844859826390692e-14,7.320038924250623e-17
446.77,4.8443537810233546e-14,7.318564336399966e-17
446.78,4.843726967634617e-14,7.244037808089052e-17
446.79,4.843320026322979e-14,7.315976350210505e-17
446.8,4.842792473518074e-14,7.368946036612969e-17
446.81,4.842295277268527e-14,7.335280384965788e-17
446.82,4.841501040525986e-14,7.294607490334467e-17
446.83,4.8412047975272476e-14,7.313120182670153e-17
446.84,4.840674137680874e-14,7.310123778711969e-17
446.85,4.8401872561096035e-14,7.318475243190572e-17
446.86,4.8396515049916395e-14,7.320618822824997e-17
446.87,4.839142627415384e-14,7.304414080920719e-17
446.88,4.8385986102623943e-14,7.326446962922496e-17
446.89,4.838136594146158e-14,7.295268493208364e-17
446.9,4.8375402526959646e-14,7.303304226419046e-17
446.91,4.837054727942811e-14,7.3358038308656e-17
446.92,4.836456250679767e-14,7.302372004656249e-17
446.93,4.835979491458708e-14,7.305987038380421e-17
446.94,4.835457917523041e-14,7.304055361134345e-17
446.95,4.834936617811485e-14,7.336890390361445e-17
446.96,4.834395152450678e-14,7.293812716098624e-17
446.97,4.8338530882859764e-14,7.284102066115243e-17
446.98,4.8334428317690725e-14,7.312277122028341e-17
446.99,4.8328328575596915e-14,7.293830405524825e-17
447.0,4.832296591572824e-14,7.298092420923217e-17
447.01,4.831779304409743e-14,7.294959085077757e-17
447.02,4.831260780917661e-14,7.293484836482266e-17
447.03,4.830748239433837e-14,7.292294949376946e-17
447.04,4.8302112550280456e-14,7.285264831488338e-17
447.05,4.829686228473725e-14,7.285391902884925e-17
447.06,4.829175765229905e-14,7.304132428344119e-17
447.07,4.828479320904012e-14,7.55484719155131e-17
447.08,4.828227780443306e-14,7.299723517084374e-17
447.09,4.827555459027397e-14,7.271016299127641e-17
447.1,4.827073716541829e-14,7.285091994359764e-17
447.11,4.826498067343516e-14,7.220895612600797e-17
447.12,4.8260577086742764e-14,7.277698061129971e-17
447.13,4.8255742907418007e-14,7.284277076474013e-17
447.14,4.824965073423566e-14,7.272199309020784e-17
447.15,4.824467689907067e-14,7.281826999705125e-17
447.16,4.8241443311061313e-14,7.504130346649468e-17
447.17,4.8234458154174633e-14,7.283477866196615e-17
447.18,4.82297518456137e-14,7.299138847801275e-17
447.19,4.8223927625471506e-14,7.270766906308332e-17
447.2,4.8218853696269366e-14,7.279844462626984e-17
447.21,4.8213739646025174e-14,7.269343961435401e-17
447.22,4.8208143660295306e-14,7.279640973758874e-17
447.23,4.820324609802412e-14,7.280116668330498e-17
447.24,4.819816709579429e-14,7.28919796290683e-17
447.25,4.819301465762403e-14,7.214307055319289e-17
447.26,4.818745633347934e-14,7.284114530824933e-17
447.27,4.818234745753638e-14,7.271050401937221e-17
447.28,4.817719005387145e-14,7.283718808080788e-17
447.29,4.8172014254132514e-14,7.281216260723764e-17
447.3,4.8166736702871424e-14,7.271062757364342e-17
447.31,4.816144245335918e-14,7.280245298488034e-17
447.32,4.8156136971523707e-14,7.250784301338469e-17
447.33,4.8151179394820583e-14,7.251520126067555e-17
447.34,4.814653854073819e-14,7.264433568360591e-17
447.35,4.8140213050270593e-14,7.228990037251551e-17
447.36,4.813577760799512e-14,7.285644495132106e-17
447.37,4.8130709614428055e-14,7.31168216443851e-17
447.38,4.812498792094662e-14,7.247985153166185e-17
447.39,4.8120120007990206e-14,7.298899004311572e-17
447.4,4.811491150591286e-14,7.270639399190125e-17
447.41,4.810945072494411e-14,7.26603731716795e-17
447.42,4.810458025134517e-14,7.307048337449585e-17
447.43,4.8098714275251924e-14,7.230945089151633e-17
447.44,4.809398170862411e-14,7.263064217602229e-17
447.45,4.808861304947104e-14,7.267540229221121e-17
447.46,4.8083747028914266e-14,7.273803641096369e-17
447.47,4.8078247774093683e-14,7.244319703566267e-17
447.48,4.807322948372064e-14,7.259175509988714e-17
447.49,4.806810455387136e-14,7.266763409047493e-17
447.5,4.806275615519092e-14,7.256212762389025e-17
447.51,4.8057266648968174e-14,7.219458896682713e-17
447.52,4.805248972155329e-14,7.267686073785751e-17
447.53,4.804744029736894e-14,7.248227223454421e-17
447.54,4.804223746990884e-14,7.242909406442439e-17
447.55,4.803685140842571e-14,7.24438095090325e-17
447.56,4.803172338625842e-14,7.241715177293582e-17
447.57,4.802747090279309e-14,7.234255572290185e-17
447.58,4.8021146713723e-14,7.255169476440214e-17
447.59,4.801620375673863e-14,7.240517587340423e-17
447.6,4.801072534532434e-14,7.233598599712903e-17
447.61,4.800547000676513e-14,7.225665760068611e-17
447.62,4.800065122463554e-14,7.251349929493353e-17
447.63,4.799535142761366e-14,7.253709015346109e-17
447.64,4.7990746560915644e-14,7.272972807312401e-17
447.65,4.7985152022432605e-14,7.252522717062686e-17
447.66,4.7979900848411296e-14,7.264015872513681e-17
447.67,4.797448358766947e-14,7.231958299730678e-17
447.68,4.796941023861791e-14,7.226535018148569e-17
447.69,4.796431886275724e-14,7.236938318156735e-17
447.7,4.795908602585921e-14,7.245709637869459e-17
447.71,4.795428546966853e-14,7.258874938731458e-17
447.72,4.794860512810422e-14,7.182564385910748e-17
447.73,4.794355665185976e-14,7.244642365153926e-17
447.74,4.79385617467307e-14,7.249211192547225e-17
447.75,4.793329067520967e-14,7.23387332201584e-17
447.76,4.7928078049404935e-14,7.23460895148182e-17
447.77,4.792295020964267e-14,7.22295385481269e-17
447.78,4.79178910205287e-14,7.242005581967589e-17
447.79,4.791267773666985e-14,7.230968597825219e-17
447.8,4.7907685578939756e-14,7.217411449070091e-17
447.81,4.79013734831695e-14,7.26552129508405e-17
447.82,4.789712249332561e-14,7.224042993599631e-17
447.83,4.789198266098266e-14,7.236876395363694e-17
447.84,4.788648935732732e-14,7.175882018121481e-17
447.85,4.7881318178653723e-14,7.218132234847165e-17
447.86,4.787629601946455e-14,7.205489077821554e-17
447.87,4.7871131825276195e-14,7.215630526665992e-17
447.88,4.7866265565602256e-14,7.219392217919154e-17
447.89,4.786093374287822e-14,7.2587937161116e-17
447.9,4.7855081338050084e-14,7.120924551934408e-17
447.91,4.785065997732419e-14,7.218835920884194e-17
447.92,4.78446002066413e-14,7.182076674943363e-17
447.93,4.783994778849326e-14,7.175285685507862e-17
447.94,4.783526337054351e-14,7.21141531232718e-17
447.95,4.782984958403902e-14,7.21487159322883e-17
447.96,4.7824581110346583e-14,7.210098044790335e-17
447.97,4.7819428670130814e-14,7.198100211065111e-17
447.98,4.7814401553461816e-14,7.216453839970122e-17
447.99,4.780845488110026e-14,6.904499357798708e-17
448.0,4.780404838716394e-14,7.22515760103071e-17
448.01,4.7798913945443537e-14,7.193641366893798e-17
448.02,4.779385069345895e-14,7.20513508764281e-17
448.03,4.778870788145055e-14,7.212813209736865e-17
448.04,4.7783777212992426e-14,7.212223196982478e-17
448.05,4.777827916342165e-14,7.202657823612965e-17
448.06,4.7773143654963174e-14,7.22583936232656e-17
448.07,4.7768283896586685e-14,7.237475622523801e-17
448.08,4.7760338807729674e-14,7.244700371330026e-17
448.09,4.7757898449300275e-14,7.20374616350892e-17
448.1,4.7752693083927555e-14,7.19264288649513e-17
448.11,4.774748344751147e-14,7.202114214868694e-17
448.12,4.7742302681550114e-14,7.178684078336524e-17
448.13,4.77372186584341e-14,7.180636689974366e-17
448.14,4.773198548964013e-14,7.218656241779535e-17
448.15,4.772610524304317e-14,7.129688702415767e-17
448.16,4.7721583316745264e-14,7.221651072804661e-17
448.17,4.7716946350724427e-14,7.218239811055091e-17
448.18,4.771139457859046e-14,7.194813824548525e-17
448.19,4.7706255628449244e-14,7.236323951167892e-17
448.2,4.770092018926671e-14,7.181197276985337e-17
448.21,4.7695791070184597e-14,7.184901392498274e-17
448.22,4.7690821381164785e-14,7.18128622279952e-17
448.23,4.7685732820966246e-14,7.192992125304517e-17
448.24,4.768032438294495e-14,7.199593410740295e-17
448.25,4.767554555127533e-14,7.185221017304911e-17
448.26,4.767003650186028e-14,7.231032420306327e-17
448.27,4.766521801316222e-14,7.182748215409629e-17
448.28,4.7660162533907736e-14,7.191639883593845e-17
448.29,4.76548579093943e-14,7.178542554797529e-17
448.3,4.764962192479792e-14,7.189085274217516e-17
448.31,4.764466523914857e-14,7.170836790243299e-17
448.32,4.763969784975956e-14,7.199424575610195e-17
448.33,4.763415713334399e-14,7.084993420154256e-17
448.34,4.7629110243419596e-14,7.151158091162994e-17
448.35,4.762347525467571e-14,7.141165264340267e-17
448.36,4.761896245603711e-14,7.181551455331257e-17
448.37,4.761385605139313e-14,7.171925942656004e-17
448.38,4.7608713862503636e-14,7.181027081293188e-17
448.39,4.760336909192735e-14,7.163116903553426e-17
448.4,4.759850637788805e-14,7.176346844883335e-17
448.41,4.759314587649453e-14,7.177752462103945e-17
448.42,4.758755551372621e-14,7.144356504879512e-17
448.43,4.758272344541885e-14,7.149040721394461e-17
448.44,4.7578289758412335e-14,7.184773577727456e-17
448.45,4.757266005474066e-14,7.161810139149592e-17
448.46,4.756771843596557e-14,7.173446531589143e-17
448.47,4.7562468150393364e-14,7.163399617892917e-17
448.48,4.7557384669229624e-14,7.168197294068825e-17
448.49,4.755221163423174e-14,7.17905662313792e-17
448.5,4.754706442397676e-14,7.172344209132752e-17
448.51,4.754194201449427e-14,7.141549593412349e-17
448.52,4.753708413217338e-14,7.15704914222414e-17
448.53,4.7531984849410874e-14,7.179143701314199e-17
448.54,4.752656918277273e-14,7.134511796010842e-17
448.55,4.752159981435537e-14,7.161355572824188e-17
448.56,4.751631263538301e-14,7.162028727778798e-17
448.57,4.751197437520012e-14,7.158431923278262e-17
448.58,4.75061607697196e-14,7.158023391764039e-17
448.59,4.750102500644204e-14,7.164961597029354e-17
448.6,4.7495844054051414e-14,7.111983942497955e-17
448.61,4.7490659423839215e-14,7.177415778908493e-17
448.62,4.748588283646202e-14,7.167050975794645e-17
448.63,4.7480761065316173e-14,7.213245207954691e-17
448.64,4.74754750304899e-14,7.142212712834584e-17
448.65,4.747034764874261e-14,7.149366070660567e-17
448.66,4.746540775554259e-14,7.161498950704449e-17
448.67,4.746020301470489e-14,7.152516275733709e-17
448.68,4.745485284414916e-14,7.163978357724513e-17
448.69,4.744805426709586e-14,7.054889275495089e-17
448.7,4.74450032997161e-14,7.230757748530617e-17
448.71,4.7439611056903054e-14,7.151265849080671e-17
448.72,4.743395691100728e-14,7.172045784110883e-17
448.73,4.7429427744888614e-14,7.145406285821396e-17
448.74,4.742440965243702e-14,7.154335679708077e-17
448.75,4.741934856173481e-14,7.148014972157988e-17
448.76,4.741419435342035e-14,7.13669555501851e-17
448.77,4.7408994712483634e-14,7.141564131693273e-17
448.78,4.740412838061229e-14,7.141946212948915e-17
448.79,4.739856929922792e-14,6.99581883778364e-17
448.8,4.739373146971721e-14,7.153184033122093e-17
448.81,4.738857129222012e-14,7.13035031218246e-17
448.82,4.738353026140512e-14,7.13553486152495e-17
448.83,4.737849935131822e-14,7.136321407267885e-17
448.84,4.737335299825004e-14,7.140902269053482e-17
448.85,4.7368067950986026e-14,7.123821156072129e-17
448.86,4.7363064041610176e-14,7.136089589293301e-17
448.87,4.7357939226681975e-14,7.118914508607644e-17
448.88,4.7353453972359776e-14,7.139606792922815e-17
448.89,4.7347631683183904e-14,7.117908215222846e-17
448.9,4.7342662680386394e-14,7.135342216190371e-17
448.91,4.733756780082786e-14,7.13010765440662e-17
448.92,4.7332405564937166e-14,7.126563750390331e-17
448.93,4.7327350725767655e-14,7.132576974524526e-17
448.94,4.732241088512893e-14,7.126806654555511e-17
448.95,4.7317356712167176e-14,7.122159113269113e-17
448.96,4.731226927317637e-14,7.162302561938709e-17
448.97,4.7307067160368506e-14,7.115759232420493e-17
448.98,4.7301960652146904e-14,7.123360000531832e-17
448.99,4.729686020693051e-14,7.132962617495355e-17
449.0,4.7291792121808005e-14,7.119417987722581e-17
449.01,4.728687887390581e-14,7.11766496694462e-17
449.02,4.72815502504045e-14,7.119988942451492e-17
449.03,4.727642931310637e-14,7.125406315099734e-17
449.04,4.7271647858024143e-14,7.103165150383653e-17
449.05,4.726631219465881e-14,7.182843432491072e-17
449.06,4.726109163134067e-14,7.095582519959786e-17
449.07,4.725611095902923e-14,7.110237737774217e-17
449.08,4.72510328379274e-14,7.145121743753662e-17
449.09,4.724621057677926e-14,7.115624379416525e-17
449.1,4.72407155675614e-14,7.103397440652192e-17
449.11,4.723588475269648e-14,7.124130971659123e-17
449.12,4.723064567874671e-14,7.117218334157143e-17
449.13,4.722563096917472e-14,7.105322780338709e-17
449.14,4.722070414730007e-14,7.102438897285662e-17
449.15,4.721581725300759e-14,7.105049965642582e-17
449.16,4.7210596024300874e-14,7.11727346916119e-17
449.17,4.7205357668864236e-14,7.11796351453253e-17
449.18,4.720014160899809e-14,7.112050554844147e-17
449.19,4.719576552886403e-14,7.102029429674944e-17
449.2,4.719004905063202e-14,7.110501829967828e-17
449.21,4.718472442456531e-14,7.107812649028653e-17
449.22,4.717971488005716e-14,7.089058598597687e-17
449.23,4.7174924869019037e-14,7.098844881518022e-17
449.24,4.7169913110755174e-14,7.106002332924718e-17
449.25,4.716472682575734e-14,7.097837758903521e-17
449.26,4.715964350921053e-14,7.089510902914794e-17
449.27,4.71543337695196e-14,7.105087053797576e-17
449.28,4.714948208249307e-14,7.103629892915912e-17
449.29,4.714449377260485e-14,7.112750457362269e-17
449.3,4.7139272168721e-14,7.105196179156011e-17
449.31,4.713428118343845e-14,7.093215303232508e-17
449.32,4.712877369048226e-14,7.060625980825457e-17
449.33,4.712474206356808e-14,7.10970742047457e-17
449.34,4.7119046311883145e-14,7.111727138198329e-17
449.35,4.711401438782942e-14,7.093151601355857e-17
449.36,4.710860063494027e-14,7.090178220329268e-17
449.37,4.7103640832768774e-14,7.104320704061711e-17
449.38,4.7098919213037026e-14,7.090082835150672e-17
449.39,4.70935731984297e-14,7.069613092779052e-17
449.4,4.70886775596975e-14,7.083199744542912e-17
449.41,4.708357227491522e-14,7.099314275708016e-17
449.42,4.707886389318594e-14,7.098876968201794e-17
449.43,4.707317598282485e-14,7.069554229937414e-17
449.44,4.706824729007173e-14,7.074128732046275e-17
449.45,4.706323678542012e-14,7.071787951826745e-17
449.46,4.705833162158051e-14,7.078687265076948e-17
449.47,4.705319655483918e-14,7.069917198552627e-17
449.48,4.7048146918284585e-14,7.075931685860872e-17
449.49,4.7042990493303444e-14,7.08040775228561e-17
449.5,4.703806055879512e-14,7.077807019991416e-17
449.51,4.703293802727859e-14,7.069899930491624e-17
449.52,4.702788025056506e-14,7.078314969620432e-17
449.53,4.7022842726282946e-14,7.082018824163805e-17
449.54,4.7017619335980294e-14,7.082118835664117e-17
449.55,4.7012676624246717e-14,7.059242856105899e-17
449.56,4.700787708226909e-14,7.076734337025191e-17
449.57,4.7002417797094924e-14,7.050121435553516e-17
449.58,4.6997564632079646e-14,7.062777074126838e-17
449.59,4.6992765546864126e-14,7.062288238770712e-17
449.6,4.698723903891097e-14,7.057216988061628e-17
449.61,4.698236232397369e-14,7.052495760499022e-17
449.62,4.6977409115730614e-14,7.047675937119959e-17
449.63,4.697235048220252e-14,7.060982788719818e-17
449.64,4.696726191499574e-14,7.045675634054629e-17
449.65,4.696212455847872e-14,7.069276370997018e-17
449.66,4.695720409683907e-14,7.057418158114519e-17
449.67,4.695218099574318e-14,7.051848414549576e-17
449.68,4.6946492783602824e-14,7.049103401823016e-17
449.69,4.694221670824545e-14,7.071081455815111e-17
449.7,4.693702703428558e-14,7.072450508702448e-17
449.71,4.6931731852551515e-14,7.051599920642252e-17
449.72,4.6926798769260833e-14,7.049883215063323e-17
449.73,4.6921648843096604e-14,7.050894181880747e-17
449.74,4.691704023972906e-14,7.077546800022404e-17
449.75,4.6912021918785395e-14,7.054101879458473e-17
449.76,4.690696501750495e-14,7.057171130655247e-17
449.77,4.69013849630469e-14,7.046952066667635e-17
449.78,4.6896827892085864e-14,7.069359207216583e-17
449.79,4.6891607299894836e-14,7.052657453188508e-17
449.8,4.6886876753792835e-14,7.051762540173246e-17
449.81,4.688200114292862e-14,7.085679202320589e-17
449.82,4.6876291955726365e-14,7.060236558416867e-17
449.83,4.687142275533777e-14,7.081797854896595e-17
449.84,4.686663665708604e-14,7.057871122208183e-17
449.85,4.6861546081635127e-14,7.060195010529921e-17
449.86,4.685562244521823e-14,7.015627449936431e-17
449.87,4.6851309541692723e-14,7.047965136822332e-17
449.88,4.684625975093741e-14,7.03908488558588e-17
449.89,4.684115621874492e-14,7.029549875853301e-17
449.9,4.683645203551368e-14,7.034155346727783e-17
449.91,4.683145708207478e-14,7.058698599374317e-17
449.92,4.6826587693265936e-14,7.042811099170235e-17
449.93,4.6821294862774234e-14,7.041095180673298e-17
449.94,4.681662671719186e-14,7.029113944147601e-17
449.95,4.6810944755676864e-14,7.04715076143942e-17
449.96,4.680635102512188e-14,7.035557843609188e-17
449.97,4.680115294399413e-14,7.035693274740454e-17
449.98,4.679603994944548e-14,7.034146691063914e-17
449.99,4.679089975842231e-14,7.029039246049885e-17
450.0,4.6786159592786964e-14,7.027207710031915e-17
450.01,4.6780921198191396e-14,7.014633926675886e-17
450.02,4.677597939366515e-14,7.033409262385056e-17
450.03,4.677093201009263e-14,7.046184291025301e-17
450.04,4.676554887698608e-14,6.996127808731315e-17
450.05,4.676103542862769e-14,7.02131565350795e-17
450.06,4.675576928394417e-14,7.029602052579149e-17
450.07,4.675067658586968e-14,7.026643398132311e-17
450.08,4.6745768610697296e-14,7.023813575398983e-17
450.09,4.674064835424329e-14,7.01398441965411e-17
450.1,4.6735875387682015e-14,7.038271398589546e-17
450.11,4.6730964699918716e-14,6.988701382460638e-17
450.12,4.672625070429972e-14,7.063103043898338e-17
450.13,4.672117871323879e-14,7.028695145397211e-17
450.14,4.671523169585047e-14,7.012525880134869e-17
450.15,4.671072764774541e-14,7.029421253660583e-17
450.16,4.670591451099058e-14,7.014059448726216e-17
450.17,4.6700619998992727e-14,6.999892265448255e-17
450.18,4.669563314779237e-14,7.014109587097174e-17
450.19,4.669091644817821e-14,7.012389544957271e-17
450.2,4.668537063286365e-14,6.984774219198714e-17
450.21,4.667797197016497e-14,7.04105506301752e-17
450.22,4.667653804758409e-14,7.067311730259201e-17
450.23,4.667079696244396e-14,7.003986501140496e-17
450.24,4.666516548084124e-14,6.974562897000975e-17
450.25,4.666103425616263e-14,6.991518445009278e-17
450.26,4.6655754052998485e-14,7.011333695798327e-17
450.27,4.6650494067208237e-14,7.008763885817094e-17
450.28,4.664667301349609e-14,7.131898793269526e-17
450.29,4.664034212324719e-14,7.009516625890817e-17
450.3,4.663620767372258e-14,6.96775232308528e-17
450.31,4.663157765121532e-14,7.12741053490049e-17
450.32,4.6625460970788275e-14,6.994084073757304e-17
450.33,4.6620494239805007e-14,7.000987897450994e-17
450.34,4.661515400393086e-14,7.006097403022669e-17
450.35,4.6610440836300387e-14,6.997122119574122e-17
450.36,4.66056396328695e-14,7.007546758441991e-17
450.37,4.6600361410022764e-14,6.998961787282841e-17
450.38,4.659486475563419e-14,6.992915228470057e-17
450.39,4.659007607698915e-14,6.957619783561123e-17
450.4,4.6586163244568025e-14,7.017064205053268e-17
450.41,4.658060906907523e-14,7.003935262229174e-17
450.42,4.6575390984926646e-14,6.963273095621776e-17
450.43,4.657079902501389e-14,7.015205799550831e-17
450.44,4.6565588399566426e-14,6.997195990890823e-17
450.45,4.6560748579453705e-14,7.00011698623687e-17
450.46,4.6555960416180623e-14,6.992390209545033e-17
450.47,4.655076528499506e-14,7.00691468113411e-17
450.48,4.6545411410558714e-14,6.988893185657244e-17
450.49,4.654073139056358e-14,7.017757069410645e-17
450.5,4.653542109034605e-14,6.986336012603495e-17
450.51,4.653042266984582e-14,6.965130944304449e-17
450.52,4.6525610706975464e-14,6.982137942923667e-17
450.53,4.65204297117101e-14,6.980550035790321e-17
450.54,4.6515534464043417e-14,6.973727703209843e-17
450.55,4.6510594008592086e-14,6.9796880771303e-17
450.56,4.650560091320928e-14,6.981790476378428e-17
450.57,4.650063055287495e-14,6.954227344052088e-17
450.58,4.649647569541115e-14,6.976593626763536e-17
450.59,4.6490287337972073e-14,6.985924662208553e-17
450.6,4.648577468395508e-14,6.965786884345113e-17
450.61,4.648078697241449e-14,6.977510467659827e-17
450.62,4.6475766097244846e-14,6.974072919812499e-17
450.63,4.647103166527849e-14,6.989474063614594e-17
450.64,4.6465653834053014e-14,6.961119323607308e-17
450.65,4.646163414016641e-14,6.98129516640205e-17
450.66,4.64562147658388e-14,7.001389903093666e-17
450.67,4.645009260708683e-14,6.996407542767582e-17
450.68,4.6445862751267645e-14,6.979235488080824e-17
450.69,4.644079009652585e-14,6.978287825912857e-17
450.7,4.6435718649349526e-14,6.946571130302221e-17
450.71,4.6430957121668815e-14,6.976761562942155e-17
450.72,4.6426569944707265e-14,7.039687956007614e-17
450.73,4.6420844146532244e-14,6.966319237919581e-17
450.74,4.6415439283067e-14,6.939981676287533e-17
450.75,4.641118436803313e-14,6.961996153378905e-17
450.76,4.6404947592847116e-14,6.960787263067121e-17
450.77,4.6401256597837944e-14,6.96268234313986e-17
450.78,4.639586412780662e-14,6.956688098297927e-17
450.79,4.639137417577447e-14,6.993304181461242e-17
450.8,4.638617837568014e-14,6.959440423872711e-17
450.81,4.638102058364168e-14,6.942668839968712e-17
450.82,4.6376199624385385e-14,6.952280963738929e-17
450.83,4.6372231656560454e-14,6.96031579371951e-17
450.84,4.6366929180000445e-14,7.024558041112976e-17
450.85,4.636177766777417e-14,6.990036614901065e-17
450.86,4.6356225153223794e-14,6.955295206723659e-17
450.87,4.6351276845701e-14,6.951217922553442e-17
450.88,4.6345953371726255e-14,6.92341541758979e-17
450.89,4.634126705498366e-14,6.944416228448706e-17
450.9,4.633635734498652e-14,6.956825915333194e-17
450.91,4.633133089142167e-14,6.942457906135136e-17
450.92,4.6327747964591295e-14,7.118320003347067e-17
450.93,4.6321542822798823e-14,6.940219776515558e-17
450.94,4.631670613137041e-14,6.93380475673342e-17
450.95,4.6311686256796855e-14,6.949478237783591e-17
450.96,4.6306549768207495e-14,6.93667467100319e-17
450.97,4.630182114335597e-14,6.948732862237253e-17
450.98,4.629668315350217e-14,6.946983908631039e-17
450.99,4.6291881060412514e-14,6.9510776116876e-17
451.0,4.628668436138995e-14,6.941060037556777e-17
451.01,4.627970887458564e-14,6.555124231843167e-17
451.02,4.627722774827498e-14,6.932744998836779e-17
451.03,4.627165024319262e-14,6.947851440418988e-17
451.04,4.6267033905092566e-14,6.937385769126125e-17
451.05,4.6261414172585803e-14,6.919923350919112e-17
451.06,4.625703593953169e-14,6.956604357847723e-17
451.07,4.625164363840196e-14,6.875480655599291e-17
451.08,4.624720386761901e-14,6.928993406202615e-17
451.09,4.6242032201368485e-14,6.931544001172468e-17
451.1,4.623598737501985e-14,6.869139717358972e-17
451.11,4.6232371921910234e-14,6.93160272278011e-17
451.12,4.622700477502708e-14,6.931457525004776e-17
451.13,4.622229726777255e-14,6.932741736236711e-17
451.14,4.621738902225107e-14,6.936073915861877e-17
451.15,4.621244917675347e-14,6.935218447488443e-17
451.16,4.620743906366679e-14,6.953983117667888e-17
451.17,4.620264702197273e-14,6.93365573597054e-17
451.18,4.619731370754683e-14,6.923456810373425e-17
451.19,4.6192322234985276e-14,6.893156055671035e-17
451.2,4.618791161570896e-14,6.945943409868238e-17
451.21,4.618272189748136e-14,6.922193538667604e-17
451.22,4.617789216913093e-14,6.921225146448235e-17
451.23,4.617304213874269e-14,6.919027476096135e-17
451.24,4.616764348639545e-14,6.910636242445576e-17
451.25,4.616286754778302e-14,6.917168655132995e-17
451.26,4.615812399033791e-14,6.926406482585693e-17
451.27,4.615297611494052e-14,6.918405964764335e-17
451.28,4.614829660657585e-14,6.934704259419067e-17
451.29,4.614324173324068e-14,6.905106998176258e-17
451.3,4.6138298307112894e-14,6.911620521758166e-17
451.31,4.61331627898502e-14,6.916057010594443e-17
451.32,4.612838645153109e-14,6.9145065660876e-17
451.33,4.61234611322803e-14,6.918778041089621e-17
451.34,4.6118357370129563e-14,6.877546008688739e-17
451.35,4.611343421183136e-14,6.905269824851761e-17
451.36,4.6109312444131084e-14,6.93476526189385e-17
451.37,4.61039164848916e-14,6.91119214348427e-17
451.38,4.609874194189912e-14,6.915573988482467e-17
451.39,4.609431449942598e-14,6.925159498840405e-17
451.4,4.608869908856834e-14,6.901350897948827e-17
451.41,4.608377091410607e-14,6.89787307021357e-17
451.42,4.607896127795644e-14,6.895996620495079e-17
451.43,4.607395323697119e-14,6.916471698248103e-17
451.44,4.606904770912914e-14,6.906575865878981e-17
451.45,4.6064102822928187e-14,6.900193670395163e-17
451.46,4.605893544037575e-14,6.89847862140621e-17
451.47,4.60541507840784e-14,6.906930116513853e-17
451.48,4.60493540912846e-14,6.890867364268145e-17
451.49,4.604451021993791e-14,6.954728649785431e-17
451.5,4.603939344418933e-14,6.89500117617969e-17
451.51,4.6034878577868627e-14,6.920447174917389e-17
451.52,4.602982530434329e-14,6.893326086274231e-17
451.53,4.602466933163301e-14,6.904412459712886e-17
451.54,4.601977721735278e-14,6.880421255160569e-17
451.55,4.6015332649389846e-14,6.898683963588719e-17
451.56,4.601023609091827e-14,6.908120347640065e-17
451.57,4.600537595335184e-14,6.926821976061705e-17
451.58,4.6000481085641726e-14,6.88426229487243e-17
451.59,4.599517586030729e-14,6.86491530395165e-17
451.6,4.599026883829894e-14,6.881208755161098e-17
451.61,4.598532774683206e-14,6.879405756118185e-17
451.62,4.598019151560829e-14,6.878325265570057e-17
451.63,4.597545066390608e-14,6.879545165866904e-17
451.64,4.597045266438834e-14,6.864271285380597e-17
451.65,4.5965455993672247e-14,6.855562480714243e-17
451.66,4.5960430066699886e-14,6.867822924452869e-17
451.67,4.595555330086519e-14,6.882069212492432e-17
451.68,4.595084008359551e-14,6.867903281580063e-17
451.69,4.5945880220496777e-14,6.865270767582218e-17
451.7,4.5941184832726613e-14,6.870232140165418e-17
451.71,4.593622301059454e-14,6.891997368014846e-17
451.72,4.593135945573024e-14,6.877957123529127e-17
451.73,4.5926468471333806e-14,6.875366042468131e-17
451.74,4.5920954479224196e-14,6.863577027081342e-17
451.75,4.5917438847101523e-14,6.854691736359763e-17
451.76,4.591175706371366e-14,6.89002725298525e-17
451.77,4.590668358548323e-14,6.874920286495209e-17
451.78,4.590174062323881e-14,6.87062428668656e-17
451.79,4.5896752318981085e-14,6.867573845381563e-17
451.8,4.589180258534857e-14,6.848759710654759e-17
451.81,4.588697416305932e-14,6.870302899147229e-17
451.82,4.588207816915987e-14,6.845727834998092e-17
451.83,4.587664230713264e-14,6.843727322741095e-17
451.84,4.587192527383047e-14,7.094899980639456e-17
451.85,4.58674371141367e-14,6.86569710643486e-17
451.86,4.586235813342369e-14,6.858601877765714e-17
451.87,4.5857527538479556e-14,6.860239306681207e-17
451.88,4.585262564302798e-14,6.859920598105099e-17
451.89,4.5848851062977164e-14,6.914967359794776e-17
451.9,4.5842920733466425e-14,6.867812888360985e-17
451.91,4.583859450153981e-14,6.905290620201506e-17
451.92,4.5832655062353157e-14,6.844465571085291e-17
451.93,4.582239959057981e-14,6.732625064233645e-17
451.94,4.582344313533937e-14,6.863180962455615e-17
451.95,4.581824187566839e-14,6.865894709151115e-17
451.96,4.5813618594233964e-14,6.854527210347566e-17
451.97,4.58088661850846e-14,6.863422452615474e-17
451.98,4.580361994195581e-14,6.855880845282624e-17
451.99,4.5798665881190724e-14,6.849691634507038e-17
452.0,4.579395685903838e-14,6.854179682256007e-17
452.01,4.578864876028154e-14,6.860718070676444e-17
452.02,4.57854895612442e-14,6.873861578907921e-17
452.03,4.5779046672232197e-14,6.851109173960827e-17
452.04,4.577404085249632e-14,6.834388695053887e-17
452.05,4.576922306440667e-14,6.84441946905368e-17
452.06,4.576437194276856e-14,6.843491821531903e-17
452.07,4.575958738372785e-14,6.818413348628106e-17
452.08,4.5754413456395857e-14,6.826699268171188e-17
452.09,4.575074815425792e-14,6.880344800965312e-17
452.1,4.574495369972892e-14,6.852846797297561e-17
452.11,4.574045206859375e-14,6.832447982077313e-17
452.12,4.573528652101958e-14,6.846154297746439e-17
452.13,4.573095572332854e-14,6.892230755348192e-17
452.14,4.5725270986961086e-14,6.834827927439385e-17
452.15,4.572016755996706e-14,6.821622614761531e-17
452.16,4.571549623793926e-14,6.851222916405736e-17
452.17,4.5710529449746226e-14,6.841707555161525e-17
452.18,4.57035187478518e-14,6.654615541146775e-17
452.19,4.5700633556993585e-14,6.814282064315332e-17
452.2,4.569645787066609e-14,6.859343349208433e-17
452.21,4.569074343204853e-14,6.827444160996899e-17
452.22,4.568620402710718e-14,6.833336202374543e-17
452.23,4.568132638204438e-14,6.834846806019488e-17
452.24,4.567634203208186e-14,6.826453816264806e-17
452.25,4.567136649615068e-14,6.821291666366646e-17
452.26,4.566669907248489e-14,6.853379270633929e-17
452.27,4.566160735865478e-14,6.827474252967715e-17
452.28,4.5656734461661406e-14,6.83180824849274e-17
452.29,4.5651578271710454e-14,6.828199141909615e-17
452.3,4.5646996272657173e-14,6.83531915877731e-17
452.31,4.5642079251654214e-14,6.81740803429716e-17
452.32,4.5637320814157767e-14,6.824288458218047e-17
452.33,4.5632442728001384e-14,6.804519176086113e-17
452.34,4.5627591951280015e-14,6.826178120364906e-17
452.35,4.5622426726555e-14,6.777441111605616e-17
452.36,4.5617851068463207e-14,6.800719539367336e-17
452.37,4.5612780016005747e-14,6.819561468208398e-17
452.38,4.5607890182830463e-14,6.82522373898437e-17
452.39,4.560322559642431e-14,6.81345486822828e-17
452.4,4.559828512563768e-14,6.816360530516474e-17
452.41,4.5593556695700656e-14,6.821740329175575e-17
452.42,4.5588423813515495e-14,6.805370473936058e-17
452.43,4.5584461474720594e-14,6.85016414350694e-17
452.44,4.55789803813514e-14,6.81636281273961e-17
452.45,4.55740290313245e-14,6.80597951486431e-17
452.46,4.556922960875957e-14,6.797907300384847e-17
452.47,4.556428498690487e-14,6.81707432540828e-17
452.48,4.555926076638521e-14,6.811451240233243e-17
452.49,4.555449960049563e-14,6.808878222108915e-17
452.5,4.554970890966556e-14,6.81140228110295e-17
452.51,4.5544920904007705e-14,6.806065375818933e-17
452.52,4.5539798034450413e-14,6.80835885669724e-17
452.53,4.553501988912113e-14,6.804541000720722e-17
452.54,4.553061805126058e-14,6.79008413633626e-17
452.55,4.552566332007223e-14,6.861257418203624e-17
452.56,4.5520653602518675e-14,6.786603659226092e-17
452.57,4.5514183536289755e-14,6.81403639829358e-17
452.58,4.551074698481403e-14,6.808695588734798e-17
452.59,4.550599520503413e-14,6.808859127122735e-17
452.6,4.550197056946717e-14,6.914139452785189e-17
452.61,4.549566769148103e-14,6.732311212656176e-17
452.62,4.549147003532619e-14,6.800774943035881e-17
452.63,4.548652698725606e-14,6.76069274350029e-17
452.64,4.548181604263842e-14,6.791665965154999e-17
452.65,4.5476814803673446e-14,6.797129472878973e-17
452.66,4.547198883092452e-14,6.78071363834503e-17
452.67,4.546706870046865e-14,6.804698135757073e-17
452.68,4.546224289929493e-14,6.800282592344823e-17
452.69,4.5457052056764023e-14,6.769884641836915e-17
452.7,4.5452381438691423e-14,6.804212983991012e-17
452.71,4.544761709261249e-14,6.802230590404661e-17
452.72,4.54428271904084e-14,6.808175842420514e-17
452.73,4.5436820952217734e-14,6.764839696979653e-17
452.74,4.5433270203181545e-14,6.794011287440318e-17
452.75,4.542818725285983e-14,6.791040598950053e-17
452.76,4.5423354024980813e-14,6.796610018307413e-17
452.77,4.541850101045392e-14,6.795103045790055e-17
452.78,4.541364910103367e-14,6.777270426689335e-17
452.79,4.5408705164040955e-14,6.787096762039515e-17
452.8,4.540420950578291e-14,6.809362412244987e-17
452.81,4.5398540385536815e-14,6.771807354008984e-17
452.82,4.539417348651264e-14,6.760567135550135e-17
452.83,4.5389398495978167e-14,6.787898456984656e-17
452.84,4.538464612049847e-14,6.764938017693931e-17
452.85,4.537987600362043e-14,6.803504456792823e-17
452.86,4.5374804087314085e-14,6.779789607377196e-17
452.87,4.5370031165072875e-14,6.76928573040614e-17
452.88,4.536507594601592e-14,6.776632511387126e-17
452.89,4.536024848756304e-14,6.786267106113889e-17
452.9,4.5355685281929985e-14,6.80866675323705e-17
452.91,4.535095490900538e-14,6.780821175874222e-17
452.92,4.534596126476795e-14,6.792250469855995e-17
452.93,4.5341041014379566e-14,6.771015332927657e-17
452.94,4.5335743149356325e-14,6.765453143742394e-17
452.95,4.533173417656113e-14,6.7877204392357e-17
452.96,4.5326692031070256e-14,6.803160327835424e-17
452.97,4.532160499564167e-14,6.780789419697482e-17
452.98,4.531665418065194e-14,6.770927164176909e-17
452.99,4.531208251674217e-14,6.769879715564105e-17
453.0,4.5307040155687444e-14,6.766368882492193e-17
453.01,4.5302171659366573e-14,6.773367431416779e-17
453.02,4.5297473815995216e-14,6.770323465166478e-17
453.03,4.5292259510095535e-14,6.7413053227292e-17
453.04,4.528813180750978e-14,6.785032966111471e-17
453.05,4.52829497513146e-14,6.783743308148661e-17
453.06,4.527813844622157e-14,6.768040170072556e-17
453.07,4.5273183708824284e-14,6.75826008368184e-17
453.08,4.526834670791708e-14,6.76508510590893e-17
453.09,4.526411663524532e-14,6.80322815406595e-17
453.1,4.525868777880373e-14,6.760530085033844e-17
453.11,4.5253820541386186e-14,6.793278242110149e-17
453.12,4.5249472155157426e-14,6.709498518013099e-17
453.13,4.524413292253435e-14,6.746080891400977e-17
453.14,4.5239500991518464e-14,6.758327776656353e-17
453.15,4.523460534847453e-14,6.745776290893723e-17
453.16,4.522956519360229e-14,6.753652376780169e-17
453.17,4.522514714832262e-14,6.797466560338305e-17
453.18,4.5220179196108304e-14,6.755368462110419e-17
453.19,4.5215092763804735e-14,6.736233254480923e-17
453.2,4.521094526397236e-14,6.781727164989115e-17
453.21,4.52055461591561e-14,6.748986989055336e-17
453.22,4.520076001543875e-14,6.75680976550692e-17
453.23,4.5195973949863925e-14,6.746145603400853e-17
453.24,4.5191391158196225e-14,6.74538658556295e-17
453.25,4.5186353624672263e-14,6.747863599569919e-17
453.26,4.5181698099219574e-14,6.772261986692512e-17
453.27,4.51766859120005e-14,6.741242831926156e-17
453.28,4.5172061918199794e-14,6.736872662495335e-17
453.29,4.5167145039549764e-14,6.747399042900964e-17
453.3,4.5162277189934426e-14,6.754041994642759e-17
453.31,4.515745809183624e-14,6.744676016797613e-17
453.32,4.515242100254307e-14,6.744107060737736e-17
453.33,4.514778473809467e-14,6.74380176190684e-17
453.34,4.514299556236772e-14,6.731867998743764e-17
453.35,4.5138123595577426e-14,6.746038807211902e-17
453.36,4.5133227621055e-14,6.733920510841825e-17
453.37,4.512864554622629e-14,6.744103114295514e-17
453.38,4.5123764977891257e-14,6.729987423901246e-17
453.39,4.511896981921166e-14,6.749450284939688e-17
453.4,4.5113980259664263e-14,6.741787896303441e-17
453.41,4.510931436061778e-14,6.737197985648685e-17
453.42,4.510444158588072e-14,6.732226088236574e-17
453.43,4.5099565724002454e-14,6.727410482024554e-17
453.44,4.509482210976994e-14,6.73581974744367e-17
453.45,4.5090038047804396e-14,6.732415958687825e-17
453.46,4.508529260208373e-14,6.728886151102538e-17
453.47,4.5080414039737155e-14,6.730622051385853e-17
453.48,4.5075667439365036e-14,6.731249966437858e-17
453.49,4.507074384350571e-14,6.727486440801554e-17
453.5,4.5065980605582934e-14,6.730804878752657e-17
453.51,4.5061180282124315e-14,6.750909372596384e-17
453.52,4.505641458415882e-14,6.72897457367426e-17
453.53,4.505159242192653e-14,6.70412751099903e-17
453.54,4.504687233905976e-14,6.726265011226749e-17
453.55,4.50418393831049e-14,6.734438296046787e-17
453.56,4.5037378240069415e-14,6.730229593644386e-17
453.57,4.503238956300111e-14,6.70923395236701e-17
453.58,4.502732755525254e-14,6.710115228968872e-17
453.59,4.502283043654932e-14,6.724469415166151e-17
453.6,4.50181549548905e-14,6.721586601452447e-17
453.61,4.501329417906551e-14,6.724964767119095e-17
453.62,4.500868161126837e-14,6.746447257452069e-17
453.63,4.500345949003664e-14,6.709894814296542e-17
453.64,4.4999190136410224e-14,6.694510245820346e-17
453.65,4.4993923064174264e-14,6.719375269706382e-17
453.66,4.498907448333333e-14,6.682658043926706e-17
453.67,4.498502877285811e-14,6.74188497458511e-17
453.68,4.4979361145229794e-14,6.715621623689493e-17
453.69,4.497486332497748e-14,6.719572041501233e-17
453.7,4.4970138391227334e-14,6.701415591189213e-17
453.71,4.496611937402683e-14,6.726357595053809e-17
453.72,4.49602854529466e-14,6.698064493646959e-17
453.73,4.495556522873054e-14,6.712513958379848e-17
453.74,4.4950903760226266e-14,6.700794521727082e-17
453.75,4.494557303255681e-14,6.724049168912129e-17
453.76,4.494117972563967e-14,6.699739018873156e-17
453.77,4.4936658427909196e-14,6.693298146911275e-17
453.78,4.4931871978383616e-14,6.700881247489789e-17
453.79,4.492722098701682e-14,6.734573288467982e-17
453.8,4.4922033411306686e-14,6.706405542638462e-17
453.81,4.491740251609193e-14,6.700638685021882e-17
453.82,4.491242185928944e-14,6.705280173876037e-17
453.83,4.490777343790778e-14,6.707789765541852e-17
453.84,4.4903319118249636e-14,6.719842809015345e-17
453.85,4.489841224888954e-14,6.716016400344916e-17
453.86,4.489316187656042e-14,6.692658056292218e-17
453.87,4.4888393550921584e-14,6.712648216109122e-17
453.88,4.488378197056192e-14,6.698862298443368e-17
453.89,4.487976791679925e-14,6.702603791425084e-17
453.9,4.487399405006929e-14,6.676360890186364e-17
453.91,4.486955164763656e-14,6.707042240120009e-17
453.92,4.4864582435842646e-14,6.691506914188586e-17
453.93,4.486001088200764e-14,6.688467122825967e-17
453.94,4.48551776402056e-14,6.682284869068716e-17
453.95,4.4850490634930375e-14,6.693988554260552e-17
453.96,4.4845583933182824e-14,6.690588371217284e-17
453.97,4.4840653606611605e-14,6.689723111568088e-17
453.98,4.483640195682732e-14,6.671319787965391e-17
453.99,4.4831201610645105e-14,6.683716450819078e-17
454.0,4.482659120579314e-14,6.678830846113963e-17
454.01,4.48218295284847e-14,6.702284597357118e-17
454.02,4.481655505113354e-14,6.693676809969854e-17
454.03,4.481237154920117e-14,6.690162427801396e-17
454.04,4.480778713958985e-14,6.690621372400387e-17
454.05,4.48031522544139e-14,6.707940865846289e-17
454.06,4.4798161907778164e-14,6.700818146219654e-17
454.07,4.47926956944297e-14,6.658454179393621e-17
454.08,4.4788194643113446e-14,6.669498415377656e-17
454.09,4.478345037092578e-14,6.670137888762819e-17
454.1,4.4778566411553523e-14,6.687472446509918e-17
454.11,4.4774013059900485e-14,6.677912572689214e-17
454.12,4.4769191178000015e-14,6.686143088912623e-17
454.13,4.4765291905005796e-14,6.682153190492306e-17
454.14,4.475952224680283e-14,6.681456254197455e-17
454.15,4.475432170848834e-14,6.523631600924204e-17
454.16,4.4751091703641875e-14,6.728759475965517e-17
454.17,4.474512751369874e-14,6.648234381740956e-17
454.18,4.474106389688781e-14,6.680490316116221e-17
454.19,4.4735624182244356e-14,6.643168719977534e-17
454.2,4.4731031263251334e-14,6.669475067915934e-17
454.21,4.4726451776883356e-14,6.660274237542842e-17
454.22,4.4721077422137096e-14,6.552365228130578e-17
454.23,4.471678373460073e-14,6.671041144306117e-17
454.24,4.471215569873002e-14,6.660954589092245e-17
454.25,4.470669173402133e-14,6.682443027235299e-17
454.26,4.470210119299402e-14,6.60253958277239e-17
454.27,4.469750605274934e-14,6.670875542819695e-17
454.28,4.4693125050864176e-14,6.704253940194322e-17
454.29,4.468814585104243e-14,6.66356199454788e-17
454.3,4.468354783258078e-14,6.658988833358907e-17
454.31,4.4678799790197103e-14,6.687491761693695e-17
454.32,4.4673749844981594e-14,6.619195620549089e-17
454.33,4.466964360555574e-14,6.664116340939683e-17
454.34,4.4664735918353914e-14,6.661771849911476e-17
454.35,4.465967955955472e-14,6.662037232214702e-17
454.36,4.4654817370103776e-14,6.671542132506526e-17
454.37,4.46503232417647e-14,6.667163824341684e-17
454.38,4.464556245777056e-14,6.648748053275432e-17
454.39,4.464081369814851e-14,6.689806903750115e-17
454.4,4.4636060800901626e-14,6.646305563212855e-17
454.41,4.4630804294427914e-14,6.615866884081806e-17
454.42,4.4626796324517646e-14,6.64480564506234e-17
454.43,4.462232667951955e-14,6.676784594797249e-17
454.44,4.461692933690343e-14,6.665438319495194e-17
454.45,4.461163841103706e-14,6.651220764180897e-17
454.46,4.460740948229572e-14,6.6307829781465e-17
454.47,4.460265881827471e-14,6.643323896978587e-17
454.48,4.459801633211772e-14,6.64384916699285e-17
454.49,4.459334875078455e-14,6.665910987324099e-17
454.5,4.458850677492495e-14,6.635036253565855e-17
454.51,4.458351069307494e-14,6.63323778447036e-17
454.52,4.457964221850186e-14,6.619097480056919e-17
454.53,4.457453854757752e-14,6.632649615591074e-17
454.54,4.4569276340593495e-14,6.650917616212883e-17
454.55,4.4564702234498485e-14,6.637645436136935e-17
454.56,4.4559884627989836e-14,6.649133769588411e-17
454.57,4.455464222766244e-14,6.598187119980993e-17
454.58,4.455063136456357e-14,6.631345770734042e-17
454.59,4.4546653207883125e-14,6.681312811946984e-17
454.6,4.454096501123975e-14,6.632375911501247e-17
454.61,4.453655575395751e-14,6.765759582022778e-17
454.62,4.453159954865882e-14,6.635523030971005e-17
454.63,4.452661891257015e-14,6.612158379631642e-17
454.64,4.4522226453858834e-14,6.643547059987044e-17
454.65,4.4517787230353724e-14,6.62175457570123e-17
454.66,4.4512739524171986e-14,6.627153157487686e-17
454.67,4.4507866907710857e-14,6.618576595148872e-17
454.68,4.450349806473418e-14,6.662504516247959e-17
454.69,4.449864960310235e-14,6.583140147112932e-17
454.7,4.449349193826843e-14,6.606893424214531e-17
454.71,4.4488490986561176e-14,6.605810152088679e-17
454.72,4.448392652674135e-14,6.643702379801891e-17
454.73,4.4479855723698607e-14,6.612415822281802e-17
454.74,4.44747338299173e-14,6.619188784464336e-17
454.75,4.4470460881311306e-14,6.617712195054929e-17
454.76,4.4465142195884326e-14,6.602556977500329e-17
454.77,4.446398293795963e-14,6.585374793737373e-17
454.78,4.4456168231660916e-14,6.604614581216869e-17
454.79,4.4451504167895743e-14,6.611690666281532e-17
454.8,4.4446457231681414e-14,6.615376112050577e-17
454.81,4.444189043230632e-14,6.60789038390565e-17
454.82,4.443675532724326e-14,6.609172123338619e-17
454.83,4.4432308963053555e-14,6.605215402420094e-17
454.84,4.442728523502478e-14,6.597484901109505e-17
454.85,4.4422613115814775e-14,6.612555753383808e-17
454.86,4.441024313252505e-14,6.359361024375208e-17
454.87,4.4413597909219205e-14,6.626262646903766e-17
454.88,4.4408485452280095e-14,6.615769472844418e-17
454.89,4.440383711386501e-14,6.607539186007767e-17
454.9,4.439888207737655e-14,6.560753160910447e-17
454.91,4.439460469663381e-14,6.593790055736266e-17
454.92,4.4389782354256116e-14,6.644415643558825e-17
454.93,4.438483859677936e-14,6.59984461689379e-17
454.94,4.438032009557506e-14,6.594650383287146e-17
454.95,4.4375362237770684e-14,6.763371855691828e-17
454.96,4.4370954246647936e-14,6.601316932138336e-17
454.97,4.4366277792043517e-14,6.578637127461234e-17
454.98,4.436135586112453e-14,6.592724480270777e-17
454.99,4.435690987501471e-14,6.602762758406073e-17
455.0,4.435218724513598e-14,6.592847924693332e-17
455.01,4.4348046786180425e-14,6.58598476239577e-17
455.02,4.4342042968598945e-14,6.594906318651462e-17
455.03,4.433788501699933e-14,6.597765129530579e-17
455.04,4.433329566940534e-14,6.577587043981337e-17
455.05,4.432825353207306e-14,6.593668436112744e-17
455.06,4.432398347041791e-14,6.60579661255643e-17
455.07,4.431907565592678e-14,6.590466501554738e-17
455.08,4.431419623339846e-14,6.593468890632578e-17
455.09,4.430964016263085e-14,6.590813688541451e-17
455.1,4.430436035216329e-14,6.571178068554719e-17
455.11,4.4300135601336317e-14,6.583042489249233e-17
455.12,4.4295318167462235e-14,6.570046240476343e-17
455.13,4.4291424761511516e-14,6.607011805204846e-17
455.14,4.4286059701692535e-14,6.567159625760624e-17
455.15,4.428156377859744e-14,6.591595920723297e-17
455.16,4.427646462127486e-14,6.574358570946165e-17
455.17,4.4271902671322147e-14,6.579792078479038e-17
455.18,4.426723728120971e-14,6.587997042407973e-17
455.19,4.426298788377597e-14,6.587933883685829e-17
455.2,4.425776233699211e-14,6.576864548013036e-17
455.21,4.425310303908683e-14,6.608160483191283e-17
455.22,4.424819048343667e-14,6.546174284460742e-17
455.23,4.424345097064879e-14,6.573827882354354e-17
455.24,4.4239234534016836e-14,6.5887550923691e-17
455.25,4.423446206764665e-14,6.571286588527747e-17
455.26,4.4229444865842285e-14,6.557643117148185e-17
455.27,4.4225454230708426e-14,6.570872501151479e-17
455.28,4.42204658740481e-14,6.576821170166382e-17
455.29,4.4215218028056447e-14,6.563807360115285e-17
455.3,4.421081203030617e-14,6.57299210151006e-17
455.31,4.4206112855999684e-14,6.578315706607899e-17
455.32,4.4201442451635354e-14,6.5647953033297e-17
455.33,4.419681403895704e-14,6.541683065753187e-17
455.34,4.419198485841228e-14,6.548916409045578e-17
455.35,4.418744878088166e-14,6.566689486767998e-17
455.36,4.418255866729321e-14,6.549656468484055e-17
455.37,4.4177765282905475e-14,6.55516905784512e-17
455.38,4.4173525772150464e-14,6.560193606067474e-17
455.39,4.41684095623723e-14,6.548087316147007e-17
455.4,4.416351341530248e-14,6.533849993497411e-17
455.41,4.41591409837895e-14,6.551731841821323e-17
455.42,4.4154030655554456e-14,6.544747402486147e-17
455.43,4.4149885450295924e-14,6.548338483718646e-17
455.44,4.414521571378508e-14,6.557846720920314e-17
455.45,4.414055461987786e-14,6.560973843556113e-17
455.46,4.4135782719646215e-14,6.535101072686258e-17
455.47,4.413100046584747e-14,6.532705496204416e-17
455.48,4.412607879116308e-14,6.54767780630959e-17
455.49,4.412169238553001e-14,6.563883717462307e-17
455.5,4.411742094201193e-14,6.550779840288893e-17
455.51,4.4112436253296715e-14,6.523585572261073e-17
455.52,4.410769624747655e-14,6.543622793626598e-17
455.53,4.4103469491058993e-14,6.556987656872607e-17
455.54,4.409823940899284e-14,6.540101910014224e-17
455.55,4.409347148199646e-14,6.540748973192886e-17
455.56,4.408907740386388e-14,6.533319658115655e-17
455.57,4.408429127367118e-14,6.539358944694204e-17
455.58,4.407968749771562e-14,6.53868754598195e-17
455.59,4.407489654421342e-14,6.54216187254122e-17
455.6,4.407138667564324e-14,6.612106381245308e-17
455.61,4.406566699170458e-14,6.536331050755344e-17
455.62,4.4060984576551895e-14,6.542517672036968e-17
455.63,4.40554336764403e-14,6.509790119023126e-17
455.64,4.4051289213974665e-14,6.522997639035079e-17
455.65,4.404669633932844e-14,6.517406466232786e-17
455.66,4.4042155012464095e-14,6.525123545936507e-17
455.67,4.403762015820702e-14,6.555347345423676e-17
455.68,4.4033022677294095e-14,6.540707876535915e-17
455.69,4.402831475363611e-14,6.523130654331743e-17
455.7,4.4023227960098845e-14,6.52427730998508e-17
455.71,4.401808233064419e-14,6.473831115303886e-17
455.72,4.401328621340537e-14,6.500959508705382e-17
455.73,4.400933080459173e-14,6.525106365738636e-17
455.74,4.400573598400182e-14,6.545609185110526e-17
455.75,4.400007752315142e-14,6.519983885610186e-17
455.76,4.399546267113532e-14,6.50820505774556e-17
455.77,4.399114078616304e-14,6.52727369371526e-17
455.78,4.3987012733664534e-14,6.431848646794396e-17
455.79,4.39814622514593e-14,6.505119940440555e-17
455.8,4.397694121543484e-14,6.507169521702837e-17
455.81,4.397220968085023e-14,6.515306588869823e-17
455.82,4.396756362476363e-14,6.517755234815119e-17
455.83,4.396299090921629e-14,6.505115162109303e-17
455.84,4.3958039021610456e-14,6.51044397835055e-17
455.85,4.3953423892624785e-14,6.498993575152546e-17
455.86,4.3948686158472994e-14,6.503555250178829e-17
455.87,4.395033115803279e-14,6.942742528160426e-17
455.88,4.3939671290943605e-14,6.513175964275078e-17
455.89,4.393463703893059e-14,6.505761368056333e-17
455.9,4.3930336984596877e-14,6.503981421434588e-17
455.91,4.392577359829339e-14,6.511476967047021e-17
455.92,4.392095751388528e-14,6.513818228420544e-17
455.93,4.3916215002726105e-14,6.508109419924254e-17
455.94,4.391286406740619e-14,6.558835711363473e-17
455.95,4.3906799415054004e-14,6.504631560527201e-17
455.96,4.3903352744985166e-14,6.510710472634517e-17
455.97,4.389745462593721e-14,6.488018789346423e-17
455.98,4.3893762614404714e-14,6.518036194051025e-17
455.99,4.388774110134321e-14,6.494764096200004e-17
456.0,4.388389807825983e-14,6.501399898359179e-17
456.01,4.387897254516079e-14,6.48917935003158e-17
456.02,4.3874666007388124e-14,6.501248135158085e-17
456.03,4.386760591235136e-14,6.462836537879643e-17
456.04,4.386539621883254e-14,6.508988277235706e-17
456.05,4.386036102472671e-14,6.501126281000295e-17
456.06,4.385562104668328e-14,6.495878783911181e-17
456.07,4.385122924147745e-14,6.494934308427378e-17
456.08,4.3846564899746284e-14,6.489449062417955e-17
456.09,4.3841674267727275e-14,6.491559405676759e-17
456.1,4.3837201648082964e-14,6.494321611924157e-17
456.11,4.383236131423983e-14,6.484432740338557e-17
456.12,4.382868393071168e-14,6.492959276050836e-17
456.13,4.3823446337819965e-14,6.501547747675066e-17
456.14,4.381819138438255e-14,6.449474398173506e-17
456.15,4.3814205565591274e-14,6.488397665230202e-17
456.16,4.380951488721493e-14,6.490415799778541e-17
456.17,4.380470847023816e-14,6.485833829171801e-17
456.18,4.3800426768269956e-14,6.48422094359924e-17
456.19,4.379561925272994e-14,6.486654339985624e-17
456.2,4.3791036005402516e-14,6.467310856875985e-17
456.21,4.378560140689568e-14,6.441792981350228e-17
456.22,4.378173586309167e-14,6.472001602882856e-17
456.23,4.377741572654757e-14,6.494649804827741e-17
456.24,4.377231003786387e-14,6.480241308564332e-17
456.25,4.376732571788058e-14,6.464740225327072e-17
456.26,4.376281199670039e-14,6.46192706600658e-17
456.27,4.375825582160053e-14,6.471680127177598e-17
456.28,4.375378095194506e-14,6.477984515408153e-17
456.29,4.374872735964979e-14,6.469643706190583e-17
456.3,4.3744461105580446e-14,6.505762222602309e-17
456.31,4.373998012504187e-14,6.489755668788908e-17
456.32,4.373528105280855e-14,6.466579891219024e-17
456.33,4.373073160000883e-14,6.455434866835801e-17
456.34,4.372611512422597e-14,6.474195503921071e-17
456.35,4.3721318434333995e-14,6.467406020593148e-17
456.36,4.3716737959262354e-14,6.462669863887697e-17
456.37,4.371200150726658e-14,6.46533323012127e-17
456.38,4.370747312445048e-14,6.471982504335546e-17
456.39,4.370243338974026e-14,6.421813789449668e-17
456.4,4.369821825898988e-14,6.472087097627e-17
456.41,4.369365576615392e-14,6.464782389559277e-17
456.42,4.3688445178037794e-14,6.409843971181651e-17
456.43,4.36842186891115e-14,6.458250314323421e-17
456.44,4.36795890187895e-14,6.453070126166364e-17
456.45,4.3674431729474386e-14,6.46916590792623e-17
456.46,4.3670204136394946e-14,6.44666317231586e-17
456.47,4.366573023449634e-14,6.446156168268714e-17
456.48,4.36622087096937e-14,6.499908614828298e-17
456.49,4.3657426216131375e-14,6.489366915464519e-17
456.5,4.365177420810016e-14,6.452823582257113e-17
456.51,4.3646720679731244e-14,6.42037837565425e-17
456.52,4.3642643574508516e-14,6.449654442784319e-17
456.53,4.363797992680542e-14,6.448184778560306e-17
456.54,4.3632993246952664e-14,6.465976737311517e-17
456.55,4.362922015738371e-14,6.463969980393702e-17
456.56,4.362429537667768e-14,6.455476094754289e-17
456.57,4.36190706187048e-14,6.443849456333583e-17
456.58,4.3613858541636684e-14,6.248095320549706e-17
456.59,4.3610168173541957e-14,6.440346741754519e-17
456.6,4.360582058247731e-14,6.467472574526289e-17
456.61,4.3600953921345567e-14,6.430522154688459e-17
456.62,4.3596868342225765e-14,6.463237946200463e-17
456.63,4.3592008626052824e-14,6.43776337076894e-17
456.64,4.3587126087434793e-14,6.41591913522337e-17
456.65,4.3582914591785365e-14,6.440734327265453e-17
456.66,4.357863667232964e-14,6.467307012896866e-17
456.67,4.3573900601626816e-14,6.430289173244868e-17
456.68,4.356855156756226e-14,6.396487260782526e-17
456.69,4.356413432508718e-14,6.416520730152706e-17
456.7,4.3559638825816976e-14,6.431341886905124e-17
456.71,4.3555064890140445e-14,6.422681371771425e-17
456.72,4.3550538279759466e-14,6.433849142621486e-17
456.73,4.3545552739321974e-14,6.413480074633671e-17
456.74,4.3541310183103925e-14,6.422135201962982e-17
456.75,4.35370675224646e-14,6.457524657230782e-17
456.76,4.353151613045872e-14,6.395638618073759e-17
456.77,4.35274277909622e-14,6.425865135084404e-17
456.78,4.3522826533444307e-14,6.435247288493995e-17
456.79,4.3518170498760496e-14,6.423212173127943e-17
456.8,4.351352817139792e-14,6.426745991196537e-17
456.81,4.350904545893911e-14,6.405784260276358e-17
456.82,4.3504225892725324e-14,6.409325578136011e-17
456.83,4.349993759196437e-14,6.427029388956902e-17
456.84,4.3495447705552874e-14,6.486581235773044e-17
456.85,4.349039098883579e-14,6.40436325226284e-17
456.86,4.348611085640531e-14,6.43074368040023e-17
456.87,4.3481267078511344e-14,6.420308389325604e-17
456.88,4.347681761669414e-14,6.428097391815852e-17
456.89,4.347234845528294e-14,6.44343629639783e-17
456.9,4.3467747106315325e-14,6.430540985361169e-17
456.91,4.346290575954831e-14,6.413952969683692e-17
456.92,4.345836433597707e-14,6.407080245135086e-17
456.93,4.345356535797388e-14,6.356223985179035e-17
456.94,4.344926627304441e-14,6.421472748531175e-17
456.95,4.3444798657338964e-14,6.43718175696115e-17
456.96,4.3439967650043817e-14,6.419277821479596e-17
456.97,4.343564506154674e-14,6.439756988534712e-17
456.98,4.3431006859494185e-14,6.435635945226866e-17
456.99,4.342629321613322e-14,6.417023533989314e-17
457.0,4.342183936962041e-14,6.4187739018444e-17
457.01,4.3416942959692074e-14,6.383305716799944e-17
457.02,4.341254077348762e-14,6.427935530094499e-17
457.03,4.340792435774623e-14,6.413382385667688e-17
457.04,4.340300231731167e-14,6.40982991352812e-17
457.05,4.3398929706869505e-14,6.401832429321606e-17
457.06,4.3393959609338257e-14,6.404078010429901e-17
457.07,4.3389548527561753e-14,6.387840702405889e-17
457.08,4.3384877451408575e-14,6.415287888501185e-17
457.09,4.33808243180775e-14,6.425682894994563e-17
457.1,4.337555813615959e-14,6.394785470793088e-17
457.11,4.337139394815229e-14,6.393018194689295e-17
457.12,4.3366541284561535e-14,6.393900819932309e-17
457.13,4.336188011307285e-14,6.386834641462124e-17
457.14,4.335741423153471e-14,6.408832953968651e-17
457.15,4.335282645200634e-14,6.376107660725055e-17
457.16,4.3348377198692076e-14,6.415799537827628e-17
457.17,4.3343731101322776e-14,6.395993999541634e-17
457.18,4.3339217364596204e-14,6.381936639965494e-17
457.19,4.3334510420095763e-14,6.38057016166277e-17
457.2,4.332969861393235e-14,6.371532543903396e-17
457.21,4.332551699424503e-14,6.395846748396738e-17
457.22,4.332071820107443e-14,6.387238453486009e-17
457.23,4.331625576764578e-14,6.391889963483206e-17
457.24,4.331166096300859e-14,6.388362643126253e-17
457.25,4.330711535053947e-14,6.389802164845639e-17
457.26,4.3302498886143144e-14,6.371966906651864e-17
457.27,4.32979765801359e-14,6.389595443327809e-17
457.28,4.329322754043261e-14,6.376652317237837e-17
457.29,4.3288853472759225e-14,6.380173341136326e-17
457.3,4.328426586450789e-14,6.394561080458845e-17
457.31,4.327977272442189e-14,6.374534862008783e-17
457.32,4.327503783492417e-14,6.379074945269354e-17
457.33,4.327048835698865e-14,6.383392542142624e-17
457.34,4.326591352090266e-14,6.363168869924984e-17
457.35,4.326123877657069e-14,6.386879475580292e-17
457.36,4.325701827048819e-14,6.385523706008201e-17
457.37,4.3252147730407344e-14,6.379520154408156e-17
457.38,4.3247663020739705e-14,6.379334776555251e-17
457.39,4.3242938593265345e-14,6.368551380584847e-17
457.4,4.323855126278888e-14,6.376769497574634e-17
457.41,4.32341324642009e-14,6.380962486668242e-17
457.42,4.322924264177535e-14,6.361142851944661e-17
457.43,4.322541275259882e-14,6.391320482337769e-17
457.44,4.321974779582992e-14,6.354078356664311e-17
457.45,4.321571574316581e-14,6.363477988583828e-17
457.46,4.3211265218836754e-14,6.361004042841952e-17
457.47,4.3206803602623115e-14,6.391083311459183e-17
457.48,4.3202049528694975e-14,6.397833071942745e-17
457.49,4.319756837607836e-14,6.372546713420191e-17
457.5,4.319291972146452e-14,6.378222575006042e-17
457.51,4.318840537690392e-14,6.369992633816158e-17
457.52,4.3183792665436994e-14,6.381086578623914e-17
457.53,4.3179256739159065e-14,6.385314400150502e-17
457.54,4.3174434903859676e-14,6.353076363846756e-17
457.55,4.3170057845033207e-14,6.370409881428129e-17
457.56,4.316459589325531e-14,6.336663458252836e-17
457.57,4.316102411335031e-14,6.370898264705138e-17
457.58,4.315625484726839e-14,6.358351019641966e-17
457.59,4.3151929818969256e-14,6.361760178166164e-17
457.6,4.314759082942729e-14,6.336270677514962e-17
457.61,4.314321148175602e-14,6.346975087610191e-17
457.62,4.313821687786842e-14,6.366451028630636e-17
457.63,4.3133669635327965e-14,6.35621270849764e-17
457.64,4.312897848310748e-14,6.359348433360619e-17
457.65,4.312429448294101e-14,6.33218145445127e-17
457.66,4.311979648216228e-14,6.364465549500146e-17
457.67,4.3115697691855256e-14,6.34808800252404e-17
457.68,4.311135427889418e-14,6.340601441199915e-17
457.69,4.310656986368069e-14,6.399795032420587e-17
457.7,4.3101994241976003e-14,6.36507011381893e-17
457.71,4.309749809607139e-14,6.353232852831052e-17
457.72,4.3092697877583065e-14,6.351614108693868e-17
457.73,4.308818264365372e-14,6.342914085713233e-17
457.74,4.308368418485293e-14,6.400318443854459e-17
457.75,4.307904695644993e-14,6.355358018398821e-17
457.76,4.307458385412423e-14,6.346383907187165e-17
457.77,4.30699404317436e-14,6.349858144606299e-17
457.78,4.3065440330138194e-14,6.334705534614607e-17
457.79,4.306078362128523e-14,6.353740502324663e-17
457.8,4.305639943676483e-14,6.345288377232834e-17
457.81,4.305175559364287e-14,6.34501283075555e-17
457.82,4.304730216447612e-14,6.334159816997184e-17
457.83,4.304267137711051e-14,6.303433199264325e-17
457.84,4.3038187091193384e-14,6.36847728352809e-17
457.85,4.303359667000534e-14,6.338520846009519e-17
457.86,4.302918212146166e-14,6.336929023457245e-17
457.87,4.302456442038129e-14,6.338736073939745e-17
457.88,4.301997062764393e-14,6.349150595941946e-17
457.89,4.301540782827439e-14,6.341560856016264e-17
457.9,4.3011275969940735e-14,6.321880553209992e-17
457.91,4.300587600546153e-14,6.336274461534141e-17
457.92,4.300175819589642e-14,6.285391519464318e-17
457.93,4.2997402313645215e-14,6.328890422109038e-17
457.94,4.299267025730409e-14,6.331524719258476e-17
457.95,4.2988608320897774e-14,6.345719465730218e-17
457.96,4.29838915802022e-14,6.323814120165076e-17
457.97,4.297929195292718e-14,6.332915226804755e-17
457.98,4.29745601233154e-14,6.344914429504455e-17
457.99,4.297005766857454e-14,6.328384752642838e-17
458.0,4.29660037009926e-14,6.25298291663045e-17
458.01,4.29614826005805e-14,6.364524984116974e-17
458.02,4.295648644797394e-14,6.342379885077737e-17
458.03,4.2952010840485535e-14,6.295547442522266e-17
458.04,4.294759780967404e-14,6.390799695456225e-17
458.05,4.2942657262810367e-14,6.316136616667493e-17
458.06,4.293847785807043e-14,6.320696279537213e-17
458.07,4.293435664645598e-14,6.318211318669347e-17
458.08,4.2929410484407466e-14,6.315519071262099e-17
458.09,4.292499241140929e-14,6.324876112917223e-17
458.1,4.292030687062756e-14,6.307221326459142e-17
458.11,4.2915947155702354e-14,6.330915616072994e-17
458.12,4.291087727288972e-14,6.316256446951878e-17
458.13,4.2905371170868696e-14,6.295641015178183e-17
458.14,4.290211386701011e-14,6.315791983365975e-17
458.15,4.289776139130878e-14,6.333059633364291e-17
458.16,4.289103316892744e-14,6.20448530293503e-17
458.17,4.2888395704713585e-14,6.29664284675096e-17
458.18,4.2884334140258306e-14,6.328139796477257e-17
458.19,4.287986213562462e-14,6.30215999001314e-17
458.2,4.2875526484210637e-14,6.334539334305524e-17
458.21,4.287025461197955e-14,6.282929456691046e-17
458.22,4.28662152080026e-14,6.274837358938814e-17
458.23,4.2861707282287875e-14,6.309877438171972e-17
458.24,4.2856991967112085e-14,6.322734851018488e-17
458.25,4.28523761182345e-14,6.31390956516179e-17
458.26,4.284786724236303e-14,6.327810727140904e-17
458.27,4.284349609206095e-14,6.313189329069056e-17
458.28,4.283904359398304e-14,6.318282331373396e-17
458.29,4.283427594165652e-14,6.318264802790438e-17
458.3,4.282992525886969e-14,6.31103492524705e-17
458.31,4.282520332922864e-14,6.31624460445245e-17
458.32,4.282089238517471e-14,6.309491959157907e-17
458.33,4.2816569037095774e-14,6.301352092396911e-17
458.34,4.281207598352153e-14,6.310380860025793e-17
458.35,4.280717476920684e-14,6.304446159721757e-17
458.36,4.280272322528153e-14,6.322606841142542e-17
458.37,4.2797887647807646e-14,6.266566285033057e-17
458.38,4.279452618917364e-14,6.335151836467189e-17
458.39,4.2789499613633266e-14,6.304952144673738e-17
458.4,4.278488936054488e-14,6.307974871255941e-17
458.41,4.278028223640441e-14,6.296835235447257e-17
458.42,4.277569485094815e-14,6.314728850552168e-17
458.43,4.2771980552090925e-14,6.3011249166276e-17
458.44,4.276695573330444e-14,6.337860873868635e-17
458.45,4.276242572397041e-14,6.319044792513996e-17
458.46,4.275809779909225e-14,6.301685504711517e-17
458.47,4.275312597757853e-14,6.312692059905445e-17
458.48,4.274875683676728e-14,6.295344748062464e-17
458.49,4.274414678966482e-14,6.299502199889363e-17
458.5,4.2739916338567147e-14,6.29456487800865e-17
458.51,4.2735176606031075e-14,6.345128578748198e-17
458.52,4.273086984258497e-14,6.29421293798721e-17
458.53,4.272678446662057e-14,6.265812662497001e-17
458.54,4.272174407583029e-14,6.278117343005615e-17
458.55,4.2720476510732774e-14,6.423573819761106e-17
458.56,4.2712807445866066e-14,6.310038009099131e-17
458.57,4.270834995495751e-14,6.300489487362292e-17
458.58,4.2704354554573725e-14,6.349178153040335e-17
458.59,4.269912341120667e-14,6.305260947985033e-17
458.6,4.269393347458399e-14,6.270298429944924e-17
458.61,4.2690478871026746e-14,6.29970387466816e-17
458.62,4.268652538530629e-14,6.30616780016365e-17
458.63,4.268247218676778e-14,6.287955242573701e-17
458.64,4.267738648527689e-14,6.324918746658988e-17
458.65,4.2672091668422e-14,6.298228454724415e-17
458.66,4.266789650681621e-14,6.299482302233844e-17
458.67,4.266309324928991e-14,6.282917948338768e-17
458.68,4.2658671744487445e-14,6.2738404247022e-17
458.69,4.2654171690134894e-14,6.281001191711208e-17
458.7,4.2649654403659266e-14,6.272666464632676e-17
458.71,4.2649139843819965e-14,6.67816832111728e-17
458.72,4.264055037672245e-14,6.286169990455075e-17
458.73,4.263674908527957e-14,6.282872964547847e-17
458.74,4.2631616219587306e-14,6.285485088111495e-17
458.75,4.262788650508513e-14,6.277117170326687e-17
458.76,4.262292927760133e-14,6.283951980933241e-17
458.77,4.261846542008384e-14,6.280672984411709e-17
458.78,4.261444413115098e-14,6.271697671624985e-17
458.79,4.260927138406407e-14,6.281283159339142e-17
458.8,4.260648039133139e-14,6.268123033462913e-17
458.81,4.259948909721652e-14,6.248339585981262e-17
458.82,4.2595889522096065e-14,6.297336961091068e-17
458.83,4.2591460701477515e-14,6.284535888055669e-17
458.84,4.258644493568918e-14,6.258219451773544e-17
458.85,4.258247597367698e-14,6.268176199057111e-17
458.86,4.257672075744614e-14,6.260591848811829e-17
458.87,4.257340332904828e-14,6.293534375572885e-17
458.88,4.256931603267602e-14,6.29225565210051e-17
458.89,4.2564235050095096e-14,6.214146767791347e-17
458.9,4.256076230875781e-14,6.25831811818725e-17
458.91,4.255547200433524e-14,6.265329239899498e-17
458.92,4.255085906612889e-14,6.286879248007322e-17
458.93,4.254644507728468e-14,6.269446580409562e-17
458.94,4.2542088181083075e-14,6.257265086171247e-17
458.95,4.253746975383399e-14,6.291155811520884e-17
458.96,4.253310301053043e-14,6.280923054543336e-17
458.97,4.252887497553374e-14,6.275913199678886e-17
458.98,4.252437387781763e-14,6.271203089902849e-17
458.99,4.251954528372086e-14,6.2602229213082e-17
459.0,4.2515167581467894e-14,6.27323377329832e-17
459.01,4.251078897331872e-14,6.281041439548974e-17
459.02,4.2506836098625134e-14,6.26851165809954e-17
459.03,4.250142305615851e-14,6.270134627526565e-17
459.04,4.249756823083635e-14,6.277640795908841e-17
459.05,4.249260955393978e-14,6.273383856028148e-17
459.06,4.24873616763523e-14,6.266025056828053e-17
459.07,4.2483798135202117e-14,6.270068205157734e-17
459.08,4.247972508018059e-14,6.270445471154333e-17
459.09,4.24748576537431e-14,6.280440662981642e-17
459.1,4.247037413481318e-14,6.238878016550249e-17
459.11,4.246576036639542e-14,6.269465201837948e-17
459.12,4.2461885811797545e-14,6.260848563536872e-17
459.13,4.245709308674455e-14,6.269135639604431e-17
459.14,4.245246882535044e-14,6.260817862553696e-17
459.15,4.244899218850035e-14,6.31034433628676e-17
459.16,4.2443439652958e-14,6.283864285332174e-17
459.17,4.2439333447018874e-14,6.253176237296018e-17
459.18,4.243479185768878e-14,6.265474843913461e-17
459.19,4.243021537496384e-14,6.2532864363909e-17
459.2,4.2425628708413527e-14,6.253507618568885e-17
459.21,4.242127744309729e-14,6.243831860260932e-17
459.22,4.241667506100626e-14,6.260004416836182e-17
459.23,4.241258284998963e-14,6.258039654743503e-17
459.24,4.240773591364122e-14,6.253642723024131e-17
459.25,4.240339299572822e-14,6.254174095425183e-17
459.26,4.2398305868398327e-14,6.256601365872613e-17
459.27,4.239421921363468e-14,6.258469152982705e-17
459.28,4.2390057841949287e-14,6.264042891502852e-17
459.29,4.238564592409623e-14,6.249427082040959e-17
459.3,4.238069308646291e-14,6.239613896657859e-17
459.31,4.237679344975976e-14,6.255692616487528e-17
459.32,4.237228274877162e-14,6.252748485333276e-17
459.33,4.2367593151914003e-14,6.255140945747953e-17
459.34,4.236324918539595e-14,6.24829643212372e-17
459.35,4.235873596928168e-14,6.240448704267224e-17
459.36,4.235455801319685e-14,6.268986019683185e-17
459.37,4.2349154875289205e-14,6.193515161006134e-17
459.38,4.234568157679885e-14,6.248137414336058e-17
459.39,4.2340902463531753e-14,6.24748276937479e-17
459.4,4.2336560742322984e-14,6.255683964496691e-17
459.41,4.233196482533295e-14,6.250706422273289e-17
459.42,4.2327757339648974e-14,6.25397393727279e-17
459.43,4.232332287942234e-14,6.262856810652376e-17
459.44,4.231867668366586e-14,6.23607142897471e-17
459.45,4.231388398987569e-14,6.225150989175134e-17
459.46,4.230970583121078e-14,6.239022702595905e-17
459.47,4.230477298973068e-14,6.241282374961363e-17
459.48,4.230039702313525e-14,6.237582604460669e-17
459.49,4.2296397140793053e-14,6.245526707700357e-17
459.5,4.229164725879947e-14,6.238086912054904e-17
459.51,4.2287672414622337e-14,6.245184449856421e-17
459.52,4.2283358996512855e-14,6.246402611973276e-17
459.53,4.227718494780581e-14,6.212896070183102e-17
459.54,4.227426329265698e-14,6.208928731497432e-17
459.55,4.2269690708106216e-14,6.25027504198052e-17
459.56,4.2265302556921416e-14,6.232709676368896e-17
459.57,4.2260687515641086e-14,6.248870778054886e-17
459.58,4.225651243163301e-14,6.237032206301527e-17
459.59,4.225205998996919e-14,6.219083389367089e-17
459.6,4.224760962055425e-14,6.238153596255603e-17
459.61,4.2242893055865244e-14,6.22239130272625e-17
459.62,4.2238950076523526e-14,6.219765846939423e-17
459.63,4.2233220736526176e-14,6.276391359151025e-17
459.64,4.223007166136503e-14,6.243751620552269e-17
459.65,4.222553130492942e-14,6.233649671589948e-17
459.66,4.2220865677681277e-14,6.212796118998186e-17
459.67,4.2216195772868996e-14,6.238266999063561e-17
459.68,4.221262017185143e-14,6.24475379178833e-17
459.69,4.220747411326914e-14,6.238851738970239e-17
459.7,4.220370774299242e-14,6.279887150545773e-17
459.71,4.2198464128411837e-14,6.205794860561021e-17
459.72,4.219338106875726e-14,6.245048278372288e-17
459.73,4.219005723784548e-14,6.233962674960383e-17
459.74,4.218548024322068e-14,6.226793523071568e-17
459.75,4.2181136433707124e-14,6.234501776861793e-17
459.76,4.217710550678181e-14,6.241510012696696e-17
459.77,4.217209171690725e-14,6.226917251594573e-17
459.78,4.2167561829567525e-14,6.217440194555326e-17
459.79,4.216296209927018e-14,6.229761487449282e-17
459.8,4.2158864152176345e-14,6.238999837170231e-17
459.81,4.215733378761618e-14,6.017013179904957e-17
459.82,4.214947151593894e-14,6.2213684990111e-17
459.83,4.214521469164931e-14,6.210903312347786e-17
459.84,4.214107814506623e-14,6.22432204123625e-17
459.85,4.213626002603082e-14,6.21933626216017e-17
459.86,4.213192387767206e-14,6.199561119725836e-17
459.87,4.212759688955197e-14,6.208079295894328e-17
459.88,4.2122596153834845e-14,6.221108154856753e-17
459.89,4.211740875829817e-14,6.199548429065452e-17
459.9,4.2114244569404013e-14,6.188436279106242e-17
459.91,4.210996248640914e-14,6.211166145685467e-17
459.92,4.2105612882029264e-14,6.205828082033874e-17
459.93,4.2101305491827376e-14,6.232778859106654e-17
459.94,4.209660451282103e-14,6.22689763249704e-17
459.95,4.209196884023311e-14,6.232165541341051e-17
459.96,4.208763705439713e-14,6.209034662878298e-17
459.97,4.208624423983907e-14,6.29242676893373e-17
459.98,4.207904093085122e-14,6.215749367538776e-17
459.99,4.20737199254383e-14,6.185775144719976e-17
460.0,4.207032951185802e-14,6.223456268837088e-17
460.01,4.206594064928429e-14,6.215019124040667e-17
460.02,4.206129743605751e-14,6.208174954404414e-17
460.03,4.205677278053354e-14,6.202655625793667e-17
460.04,4.205254227210017e-14,6.183310981887513e-17
460.05,4.204793884877188e-14,6.222207147881013e-17
460.06,4.20433049356344e-14,6.234980708407837e-17
460.07,4.203916325520049e-14,6.208600773878518e-17
460.08,4.2034588353878426e-14,6.221028974113421e-17
460.09,4.2030175738713584e-14,6.222328036215763e-17
460.1,4.202605664306278e-14,6.197805694040213e-17
460.11,4.2021513484681946e-14,6.208688195924293e-17
460.12,4.2017174906617313e-14,6.213641636523033e-17
460.13,4.2012410300648444e-14,6.214671909361401e-17
460.14,4.200778105783237e-14,6.155467870748278e-17
460.15,4.200377295703476e-14,6.192603307389207e-17
460.16,4.1999375771442904e-14,6.205957533002103e-17
460.17,4.199552326254089e-14,6.198092180787361e-17
460.18,4.199043437750986e-14,6.209180513222357e-17
460.19,4.1986079374975785e-14,6.183875329200934e-17
460.2,4.198190584722549e-14,6.205736556382247e-17
460.21,4.1977417432154986e-14,6.190378211121242e-17
460.22,4.1972747881966404e-14,6.193953074667914e-17
460.23,4.196783709008954e-14,6.179058725036722e-17
460.24,4.196422013214896e-14,6.193927609242616e-17
460.25,4.1959659199348713e-14,6.192505410159691e-17
460.26,4.1955158660378997e-14,6.198212011670754e-17
460.27,4.1949932639915327e-14,6.160985406498254e-17
460.28,4.194635465447e-14,6.186940286333969e-17
460.29,4.194203616032891e-14,6.196041760099095e-17
460.3,4.1937385139490355e-14,6.204139114249383e-17
460.31,4.193317128386016e-14,6.203321986738825e-17
460.32,4.192857270830794e-14,6.18727846041169e-17
460.33,4.1924300162455896e-14,6.197174992506523e-17
460.34,4.191998614084966e-14,6.216326605705977e-17
460.35,4.191554844571307e-14,6.172104433748629e-17
460.36,4.191092355703431e-14,6.172080374330921e-17
460.37,4.1906921061497634e-14,6.196125131534677e-17
460.38,4.190190150249444e-14,6.172748953293566e-17
460.39,4.1898412645888814e-14,6.295183479680552e-17
460.4,4.189354483806524e-14,6.139138322279596e-17
460.41,4.188903875978745e-14,6.191734185343076e-17
460.42,4.188525832371844e-14,6.289752736986121e-17
460.43,4.1880718515666614e-14,6.160473620394163e-17
460.44,4.187573010436519e-14,6.184391190816791e-17
460.45,4.187163224998931e-14,6.181884635655535e-17
460.46,4.1866859487729095e-14,6.177460357793546e-17
460.47,4.186286302300893e-14,6.196134055013903e-17
460.48,4.1859176386360325e-14,6.22427887551047e-17
460.49,4.185402016686352e-14,6.191542201772964e-17
460.5,4.184983989374558e-14,6.20152174595844e-17
460.51,4.18460253027882e-14,6.226622937281068e-17
460.52,4.183865371763729e-14,6.063674698783919e-17
460.53,4.183692523024183e-14,6.193455049017744e-17
460.54,4.183207057025728e-14,6.186459765030011e-17
460.55,4.1827696355653996e-14,6.187522587966322e-17
460.56,4.182300284923712e-14,6.167056608148368e-17
460.57,4.1818411179977487e-14,6.169771202425565e-17
460.58,4.181447763298475e-14,6.18015652264713e-17
460.59,4.180967725815823e-14,6.16932510649973e-17
460.6,4.1806786981520963e-14,6.22937458036969e-17
460.61,4.180130915555515e-14,6.171411499182369e-17
460.62,4.1796923669667065e-14,6.184516145888845e-17
460.63,4.17922957756262e-14,6.168675388903966e-17
460.64,4.1788225968098776e-14,6.205757390358065e-17
460.65,4.178325436934022e-14,6.15584034220094e-17
460.66,4.17791677049762e-14,6.174517478280813e-17
460.67,4.177495045981945e-14,6.1698126494687e-17
460.68,4.177027640718867e-14,6.147445049922713e-17
460.69,4.1766086992486553e-14,6.165888099259484e-17
460.7,4.1761629233513645e-14,6.164705117216874e-17
460.71,4.175754943696971e-14,6.170015312352278e-17
460.72,4.175263967107856e-14,6.163963781274799e-17
460.73,4.174843437316498e-14,6.164894263633262e-17
460.74,4.1744162272797115e-14,6.163722209873796e-17
460.75,4.174012562581183e-14,6.18846648873256e-17
460.76,4.173526189786151e-14,6.164092717353751e-17
460.77,4.173128310090179e-14,6.173864506958181e-17
460.78,4.172690042377226e-14,6.176605724922931e-17
460.79,4.172191046326629e-14,6.159059928697843e-17
460.8,4.171784938509152e-14,6.159068115003548e-17
460.81,4.171335926437415e-14,6.137770841107556e-17
460.82,4.170861116652249e-14,6.137097349794077e-17
460.83,4.170480232378521e-14,6.187031579096953e-17
460.84,4.170032134959856e-14,6.169759759147824e-17
460.85,4.169597706659869e-14,6.155103461277751e-17
460.86,4.169142370560056e-14,6.152370653107548e-17
460.87,4.168783728870835e-14,6.209759560785555e-17
460.88,4.168272029490698e-14,6.140287662563684e-17
460.89,4.1678434118948414e-14,6.153647479083823e-17
460.9,4.167375735370628e-14,6.169204688563179e-17
460.91,4.166899913685593e-14,6.155856475782238e-17
460.92,4.1664358095273307e-14,6.114097479678179e-17
460.93,4.166091397824908e-14,6.143255305149587e-17
460.94,4.1656419003228925e-14,6.13732563019148e-17
460.95,4.1652049550781833e-14,6.130804382184318e-17
460.96,4.164775895865323e-14,6.178279716539239e-17
460.97,4.1643429022465687e-14,6.141584003831558e-17
460.98,4.163911392075236e-14,6.15412427693413e-17
460.99,4.163483794656304e-14,6.166712505303724e-17
461.0,4.162978549423668e-14,6.120615274094205e-17
461.01,4.162578093654443e-14,6.133154109593218e-17
461.02,4.162132058319262e-14,6.127673628052313e-17
461.03,4.1617152164155087e-14,6.150319867242252e-17
461.04,4.161248057192733e-14,6.133636435079835e-17
461.05,4.1608742252295424e-14,6.174380554437343e-17
461.06,4.1603726943374604e-14,6.100716467177953e-17
461.07,4.159964824751933e-14,6.13896989910831e-17
461.08,4.1595349790792395e-14,6.141048958787127e-17
461.09,4.159066635405935e-14,6.128083612441483e-17
461.1,4.1586675386394846e-14,6.129120294430615e-17
461.11,4.1581986874459836e-14,6.128363240604913e-17
461.12,4.157790436165626e-14,6.136112888166147e-17
461.13,4.157331828478111e-14,6.131707556940667e-17
461.14,4.156919270695108e-14,6.142990418001318e-17
461.15,4.1564528255137194e-14,6.113033575040601e-17
461.16,4.1560351861342324e-14,6.14106995011747e-17
461.17,4.155582768292033e-14,6.129523379898542e-17
461.18,4.155153286079683e-14,6.130124307652599e-17
461.19,4.154716133148785e-14,6.119829939938313e-17
461.2,4.154283723217816e-14,6.127114909409904e-17
461.21,4.153832766128093e-14,6.117855551652243e-17
461.22,4.153422425120881e-14,6.142076422052423e-17
461.23,4.152978676216983e-14,6.127359830688267e-17
461.24,4.1525605126899766e-14,6.140360722614309e-17
461.25,4.152112114454337e-14,6.13454552451657e-17
461.26,4.1516673771310614e-14,6.117589976007996e-17
461.27,4.151236948784021e-14,6.123456332078711e-17
461.28,4.1507996929141717e-14,6.120993548502579e-17
461.29,4.150361482668034e-14,6.11693172820412e-17
461.3,4.1499264487931605e-14,6.120092505164424e-17
461.31,4.149489918811666e-14,6.112642642844819e-17
461.32,4.149030458004623e-14,6.125702843471159e-17
461.33,4.148638767060813e-14,6.116070955828033e-17
461.34,4.148203516986134e-14,6.149129207575921e-17
461.35,4.14775666982788e-14,6.123414524736175e-17
461.36,4.147301893895057e-14,6.110741497740944e-17
461.37,4.1468856793905806e-14,6.110252712234047e-17
461.38,4.146427596900402e-14,6.105916124838779e-17
461.39,4.1460144033452417e-14,6.1132210283605e-17
461.4,4.1455615648968365e-14,6.104988660435406e-17
461.41,4.145141707838637e-14,6.12922128784158e-17
461.42,4.1447378713505865e-14,6.10604976824362e-17
461.43,4.1442713582814124e-14,6.108957136872282e-17
461.44,4.143833286606069e-14,6.11183192486681e-17
461.45,4.1434145703545325e-14,6.09705182850182e-17
461.46,4.1429283440100005e-14,6.140842903444036e-17
461.47,4.142521304041389e-14,6.090010354652257e-17
461.48,4.1421107675875044e-14,6.141875182086861e-17
461.49,4.141661500584135e-14,6.095291735097176e-17
461.5,4.141203214037328e-14,6.009463860541689e-17
461.51,4.140786965822786e-14,6.095654388930935e-17
461.52,4.140355345935529e-14,6.102431106235498e-17
461.53,4.139924766693589e-14,6.099600292362858e-17
461.54,4.1394775347873036e-14,6.068406581331092e-17
461.55,4.139043823308762e-14,6.107209246332292e-17
461.56,4.138607935586958e-14,6.083815322253005e-17
461.57,4.1381771982751196e-14,6.085691907524798e-17
461.58,4.1377462777169474e-14,6.101616757445862e-17
461.59,4.137281635497874e-14,6.089510075254822e-17
461.6,4.1368985885456504e-14,6.0696565786212e-17
461.61,4.1364374034233125e-14,6.104348663281184e-17
461.62,4.1360351988642245e-14,6.105716067444624e-17
461.63,4.135556480059547e-14,6.072704041011881e-17
461.64,4.1351585838258385e-14,6.107961031885118e-17
461.65,4.134691891143241e-14,6.074827308280488e-17
461.66,4.1343002975288105e-14,6.078867899850952e-17
461.67,4.133803471001488e-14,6.079665956809547e-17
461.68,4.133345912445595e-14,6.061498036909558e-17
461.69,4.1329961406367066e-14,6.084094224275174e-17
461.7,4.1325404333146e-14,6.081418801262238e-17
461.71,4.1320922953702604e-14,6.080065438361918e-17
461.72,4.1316748032836896e-14,6.085980101501052e-17
461.73,4.131239272027291e-14,6.102606335922972e-17
461.74,4.1308078080274544e-14,6.069756184633288e-17
461.75,4.130382801636813e-14,6.079175431608683e-17
461.76,4.129898491361943e-14,6.09849717014659e-17
461.77,4.129529064365919e-14,6.034993251114119e-17
461.78,4.1290838875310557e-14,6.070635331324348e-17
461.79,4.128631371737723e-14,6.064427374632246e-17
461.8,4.128183775947807e-14,6.059062646988487e-17
461.81,4.127797517173083e-14,6.074758013613999e-17
461.82,4.127354731503621e-14,6.093732288147508e-17
461.83,4.126909015419145e-14,6.069643220528819e-17
461.84,4.1264986679150445e-14,6.082167395226944e-17
461.85,4.1260887773998776e-14,6.038352229639667e-17
461.86,4.1256157351865806e-14,6.001093049803355e-17
461.87,4.125209309612218e-14,6.066565402051326e-17
461.88,4.1247456205239985e-14,6.058592613355263e-17
461.89,4.124309134501587e-14,6.064800879411425e-17
461.9,4.123888052530591e-14,6.046163791923803e-17
461.91,4.1234744453484765e-14,6.077271273368107e-17
461.92,4.1230212003959726e-14,6.044821404996797e-17
461.93,4.122612224189601e-14,6.080258436235138e-17
461.94,4.122328504134767e-14,6.133179435759267e-17
461.95,4.1217837393483035e-14,6.109078508750471e-17
461.96,4.121275162470326e-14,6.027392360752699e-17
461.97,4.120849948716853e-14,6.077211726335442e-17
461.98,4.1203921183229775e-14,6.090464593610478e-17
461.99,4.1199989847867656e-14,6.05810344159419e-17
462.0,4.1195584050852653e-14,6.054652254568816e-17
462.01,4.1191428831305264e-14,5.998374049474445e-17
462.02,4.118685435123282e-14,6.066575271731176e-17
462.03,4.1183079927116404e-14,6.030870853398855e-17
462.04,4.117824897448808e-14,5.988337083980641e-17
462.05,4.117377427480273e-14,6.033161676621472e-17
462.06,4.1169640262234914e-14,6.057697609870202e-17
462.07,4.1164181647812496e-14,6.015821595108566e-17
462.08,4.1161077056602796e-14,6.062470880382626e-17
462.09,4.115678582718487e-14,6.05058038405244e-17
462.1,4.115272766076488e-14,6.054430097029759e-17
462.11,4.114843873405948e-14,6.053795220022545e-17
462.12,4.114397849950374e-14,6.065858544818742e-17
462.13,4.113939997586489e-14,6.01452595305297e-17
462.14,4.113540393231437e-14,6.040947653395869e-17
462.15,4.113076749481317e-14,6.026554435101418e-17
462.16,4.1126160864939794e-14,6.007949485292149e-17
462.17,4.112219885117074e-14,6.038046664961579e-17
462.18,4.1117919451495365e-14,6.028144822057792e-17
462.19,4.1113632192543394e-14,6.022810239064552e-17
462.2,4.1108785990049225e-14,5.992981408178335e-17
462.21,4.11050798267059e-14,6.040528928527393e-17
462.22,4.110063844566385e-14,6.026816616798507e-17
462.23,4.1097092282462694e-14,6.002809820358083e-17
462.24,4.109202067223719e-14,6.034104218464702e-17
462.25,4.108783883166007e-14,6.025707962351347e-17
462.26,4.108352765871244e-14,6.020829195916375e-17
462.27,4.107932660114174e-14,6.019640905454257e-17
462.28,4.1075116289278773e-14,6.03407154015952e-17
462.29,4.107123862376124e-14,6.032074960198965e-17
462.3,4.106620387893808e-14,6.012931044100832e-17
462.31,4.10615147761996e-14,6.005877044956301e-17
462.32,4.1057840416146223e-14,6.028635009524045e-17
462.33,4.1053426425619975e-14,5.992322039843059e-17
462.34,4.104921597787511e-14,6.022912423551507e-17
462.35,4.10451157417156e-14,6.004964753577183e-17
462.36,4.104066754963756e-14,6.009103448494802e-17
462.37,4.103610448037997e-14,6.027920823256885e-17
462.38,4.103181529991376e-14,5.984938335243104e-17
462.39,4.10278742848851e-14,6.012007108901706e-17
462.4,4.1023001146254226e-14,6.082040694740737e-17
462.41,4.1018978847149566e-14,6.005425085002375e-17
462.42,4.101461608778804e-14,6.010055569051893e-17
462.43,4.101070863099092e-14,6.024047128028437e-17
462.44,4.100617198388887e-14,6.016835030163829e-17
462.45,4.100148096668988e-14,6.000700130767279e-17
462.46,4.0997525621172e-14,5.992567029572777e-17
462.47,4.099267157034317e-14,6.016429457875682e-17
462.48,4.098800851679447e-14,6.028931224545906e-17
462.49,4.098726124027256e-14,5.943535222917049e-17
462.5,4.098001827946925e-14,6.01520549899066e-17
462.51,4.09760929688669e-14,5.998392621981734e-17
462.52,4.097219984290587e-14,5.996734244449704e-17
462.53,4.096744828145775e-14,6.008709855207268e-17
462.54,4.0963173562455654e-14,6.011114098944751e-17
462.55,4.0958946868441714e-14,6.001480504671527e-17
462.56,4.0958583427828664e-14,6.09731343130146e-17
462.57,4.095033790222332e-14,5.955093506453959e-17
462.58,4.094649303759848e-14,6.009525884751215e-17
462.59,4.094190309814773e-14,6.0020419069244e-17
462.6,4.0937690311711154e-14,5.986558764156504e-17
462.61,4.093287663599183e-14,6.005192098891795e-17
462.62,4.092933757866527e-14,5.990637711630843e-17
462.63,4.092451191734931e-14,5.997539364727333e-17
462.64,4.092028288905183e-14,5.98986970377128e-17
462.65,4.09122878296246e-14,5.647758274015598e-17
462.66,4.091174727170166e-14,5.984852634802601e-17
462.67,4.090786520138492e-14,5.981560764640512e-17
462.68,4.0903435160940166e-14,5.989624853524613e-17
462.69,4.089925433625361e-14,5.997222937097356e-17
462.7,4.089486749735139e-14,5.981331380056041e-17
462.71,4.0890422626186556e-14,5.99552524870611e-17
462.72,4.088531057464315e-14,5.983159327831374e-17
462.73,4.088199901539889e-14,5.977038223134468e-17
462.74,4.08764992259871e-14,6.070821109044027e-17
462.75,4.08729054193677e-14,5.982332995894156e-17
462.76,4.0869446019451946e-14,5.959446253200989e-17
462.77,4.086472693441746e-14,5.975615083972638e-17
462.78,4.086086501863007e-14,5.983826983092361e-17
462.79,4.0856234922799647e-14,5.977274512090486e-17
462.8,4.085185533065809e-14,5.992746229412618e-17
462.81,4.0847416635240514e-14,5.955134699215344e-17
462.82,4.0843617088858307e-14,5.960002879551549e-17
462.83,4.083922645226986e-14,5.972539077175267e-17
462.84,4.0834708835785626e-14,5.968261256425068e-17
462.85,4.083068892621651e-14,5.9760875314723e-17
462.86,4.082622445361106e-14,5.957026472993419e-17
462.87,4.082210078444826e-14,5.975216101156104e-17
462.88,4.081759924898967e-14,5.966240619232192e-17
462.89,4.081327203104129e-14,5.956765142840689e-17
462.9,4.080926532388628e-14,5.959014789705494e-17
462.91,4.080503924318738e-14,5.955107889177382e-17
462.92,4.0801277591737285e-14,6.0322327352973e-17
462.93,4.0796330850391127e-14,5.946957432940798e-17
462.94,4.07921326138241e-14,5.952455562306541e-17
462.95,4.078802399346194e-14,5.941853437825125e-17
462.96,4.0783612031714654e-14,5.945061636620286e-17
462.97,4.0779761825277517e-14,5.94637827197439e-17
462.98,4.077538594904463e-14,5.95198532686721e-17
462.99,4.0771036113885314e-14,5.956161882158543e-17
463.0,4.0767469135429685e-14,5.954859049228339e-17
463.01,4.076249200225916e-14,5.931956293235791e-17
463.02,4.07575918126659e-14,5.947749102773654e-17
463.03,4.07540121460545e-14,5.953948651422154e-17
463.04,4.074953449990925e-14,5.949062199530293e-17
463.05,4.0744875143397e-14,5.941563795601417e-17
463.06,4.074089052427731e-14,5.929513650544922e-17
463.07,4.0736811804397746e-14,5.954161169537007e-17
463.08,4.0732338020589916e-14,5.940874051352856e-17
463.09,4.0728216792549644e-14,5.941076381102987e-17
463.1,4.072409998590609e-14,5.933024698232475e-17
463.11,4.071953168060916e-14,5.935425260617941e-17
463.12,4.071540497083225e-14,5.923507911496492e-17
463.13,4.071134446835988e-14,5.939351649014982e-17
463.14,4.0707188875377394e-14,5.940754907181585e-17
463.15,4.070258581855027e-14,5.923733187748878e-17
463.16,4.0698596789602365e-14,5.933871144659152e-17
463.17,4.0694214050090074e-14,5.937047722995439e-17
463.18,4.068992679712212e-14,5.92115983959804e-17
463.19,4.068545920233669e-14,5.911756786986694e-17
463.2,4.068140203706087e-14,5.927870599527744e-17
463.21,4.067696822895937e-14,5.923281546920851e-17
463.22,4.0672883269016724e-14,5.915567763967178e-17
463.23,4.066887619280796e-14,5.92982268347336e-17
463.24,4.066471990877437e-14,5.927594679145045e-17
463.25,4.066002844720579e-14,5.919403211909487e-17
463.26,4.065600540949282e-14,5.920354428611138e-17
463.27,4.0651451917551293e-14,5.912228192655256e-17
463.28,4.0647561734803605e-14,5.926655403515673e-17
463.29,4.064294588756454e-14,5.907554982847286e-17
463.3,4.0639093542636966e-14,5.901132313351204e-17
463.31,4.0633609621351467e-14,5.901500811498485e-17
463.32,4.0630592562647556e-14,5.929852473018065e-17
463.33,4.06261239590196e-14,5.911124629049842e-17
463.34,4.0622103847604046e-14,5.905693437376647e-17
463.35,4.061801138218369e-14,5.924025726500406e-17
463.36,4.0613475160347694e-14,5.909859797378474e-17
463.37,4.0609368824831256e-14,5.91512271983834e-17
463.38,4.060474997056977e-14,5.913387046697152e-17
463.39,4.060162137757263e-14,5.990378002200078e-17
463.4,4.05965159709545e-14,5.899910498667578e-17
463.41,4.059253804682061e-14,5.924755253987711e-17
463.42,4.058811327822888e-14,5.907330166829728e-17
463.43,4.0583837612859776e-14,5.896807394104842e-17
463.44,4.0579652372881633e-14,5.892538616148156e-17
463.45,4.057541872711215e-14,5.907076752343454e-17
463.46,4.0571228697135804e-14,5.918824208514826e-17
463.47,4.056842115727011e-14,5.929478914960178e-17
463.48,4.056221555512419e-14,5.878912221621306e-17
463.49,4.0558454084151895e-14,5.907387927301066e-17
463.5,4.055381425794275e-14,5.891663766022183e-17
463.51,4.054808731297919e-14,5.863250316973237e-17
463.52,4.054530899997212e-14,5.895106154754205e-17
463.53,4.054222436116474e-14,5.920074416780453e-17
463.54,4.0537357020992156e-14,5.897008022161745e-17
463.55,4.0533150331866594e-14,5.921149983471545e-17
463.56,4.052858282079341e-14,5.907031172297046e-17
463.57,4.0524598365673304e-14,5.828069295560387e-17
463.58,4.052034537885945e-14,5.886379946348478e-17
463.59,4.051600230930349e-14,5.883401186627673e-17
463.6,4.051241810966758e-14,5.90395662396316e-17
463.61,4.050765133968601e-14,5.897315642927963e-17
463.62,4.0502996794690917e-14,5.848474543595466e-17
463.63,4.049927890724024e-14,5.8786338209943e-17
463.64,4.049502082432661e-14,5.87483117428525e-17
463.65,4.049031224965365e-14,5.869802639171247e-17
463.66,4.0487301046310496e-14,6.1157936065175e-17
463.67,4.048247680479446e-14,5.878878130943263e-17
463.68,4.0478159509606447e-14,5.87136787023753e-17
463.69,4.047395835219123e-14,5.898822863230149e-17
463.7,4.046975627415634e-14,5.883752875184671e-17
463.71,4.046542791976392e-14,5.892442300928958e-17
463.72,4.0461231472970774e-14,5.878473461635085e-17
463.73,4.0456296683623986e-14,5.848560942004155e-17
463.74,4.045416106505463e-14,5.927506957760348e-17
463.75,4.0440303057500145e-14,5.642668278351043e-17
463.76,4.044427134047764e-14,5.866032833618285e-17
463.77,4.0440939122683424e-14,5.902157734937449e-17
463.78,4.04346193113592e-14,5.841798981558818e-17
463.79,4.04316092646155e-14,5.852420944525714e-17
463.8,4.0427657033191875e-14,5.898266425843249e-17
463.81,4.0423174607407873e-14,5.877991287256203e-17
463.82,4.0420761963999457e-14,5.87600904198003e-17
463.83,4.041495927865788e-14,5.891724347421398e-17
463.84,4.040945569034573e-14,5.860009103843149e-17
463.85,4.040654233268643e-14,5.86390105584297e-17
463.86,4.0401998138093677e-14,5.811161783625801e-17
463.87,4.039839558232034e-14,5.882111077974653e-17
463.88,4.0393931974317495e-14,5.873524163979183e-17
463.89,4.0389490580527394e-14,5.859989581995386e-17
463.9,4.0384940129631627e-14,5.843823816019856e-17
463.91,4.038186153272292e-14,6.020929317963094e-17
463.92,4.037696621209567e-14,5.865089331033703e-17
463.93,4.037221786581812e-14,5.842874812444898e-17
463.94,4.0369623521205955e-14,5.906294121163724e-17
463.95,4.036467277498401e-14,5.883539714407747e-17
463.96,4.0359782324410786e-14,5.837274332779171e-17
463.97,4.035594072079554e-14,5.856008345189513e-17
463.98,4.035172895059724e-14,5.867491801987021e-17
463.99,4.03476439836009e-14,5.869427022655531e-17
464.0,4.034415756930743e-14,5.882420535059268e-17
464.01,4.0339262947846716e-14,5.867809730557318e-17
464.02,4.03358927216271e-14,5.876403604289695e-17
464.03,4.033068745868089e-14,5.853415536085566e-17
464.04,4.032693655492824e-14,5.878627012338799e-17
464.05,4.03218602756405e-14,5.839279344947663e-17
464.06,4.031802757815181e-14,5.843952068361974e-17
464.07,4.031380417089313e-14,5.848621523739076e-17
464.08,4.030942906871618e-14,5.837383372176813e-17
464.09,4.030520747713912e-14,5.86164341963385e-17
464.1,4.0301524863703906e-14,5.859412672702758e-17
464.11,4.029702189237372e-14,5.832544641221762e-17
464.12,4.029307384326459e-14,5.867698051665088e-17
464.13,4.028853317594354e-14,5.84393304908764e-17
464.14,4.0284874282724536e-14,5.855489187409449e-17
464.15,4.0280004148878184e-14,5.824856582905424e-17
464.16,4.027608415115207e-14,5.817807413797638e-17
464.17,4.027179831234544e-14,5.862865896128022e-17
464.18,4.0267624110671486e-14,5.869737618900005e-17
464.19,4.026364667554135e-14,5.844827743827395e-17
464.2,4.02595399507726e-14,5.850542872643691e-17
464.21,4.025544118583645e-14,5.811793144797814e-17
464.22,4.0251025071370414e-14,5.83493985591656e-17
464.23,4.024698419455303e-14,5.841245173601873e-17
464.24,4.024236220095422e-14,5.821574333999854e-17
464.25,4.023832741813962e-14,5.828020790589279e-17
464.26,4.023426968803355e-14,5.82691917825894e-17
464.27,4.0232419133058553e-14,5.936681206843732e-17
464.28,4.022628845289007e-14,5.873970244600718e-17
464.29,4.022166373508008e-14,5.851665329745139e-17
464.3,4.021896283241049e-14,5.836764128092974e-17
464.31,4.021331427816566e-14,5.828988527738576e-17
464.32,4.020908295310877e-14,5.818427821857337e-17
464.33,4.0204769543625855e-14,5.815771661322147e-17
464.34,4.0200969625346584e-14,5.856799704381304e-17
464.35,4.0197256687054376e-14,5.84713183406042e-17
464.36,4.0192774727219834e-14,5.840182614511675e-17
464.37,4.018747691053934e-14,5.779459406486863e-17
464.38,4.018419143462139e-14,5.827287877810796e-17
464.39,4.01798741234262e-14,5.837544606454822e-17
464.4,4.017570255104799e-14,5.81254523921443e-17
464.41,4.0171267150619346e-14,5.812208002944653e-17
464.42,4.016733880384237e-14,5.827286869530669e-17
464.43,4.016342687007379e-14,5.833463458748896e-17
464.44,4.015889973835924e-14,5.811010582931747e-17
464.45,4.015455305411034e-14,5.845152496206094e-17
464.46,4.014899740191262e-14,5.79394785649564e-17
464.47,4.014580785400017e-14,5.771955548467883e-17
464.48,4.01423706902929e-14,5.82301103941886e-17
464.49,4.0138051785800065e-14,5.823271840964397e-17
464.5,4.013391001017164e-14,5.820895969014277e-17
464.51,4.0130247041200824e-14,5.832013405025678e-17
464.52,4.012496526458604e-14,5.777206980058575e-17
464.53,4.0121297059169166e-14,5.82063639749993e-17
464.54,4.011716331765909e-14,5.840794734158021e-17
464.55,4.0112702672512755e-14,5.826536038011635e-17
464.56,4.0108785236687576e-14,5.816275160869147e-17
464.57,4.010462876086546e-14,5.798732880301533e-17
464.58,4.0100406019370224e-14,5.806165199602772e-17
464.59,4.0096086433269627e-14,5.818217065270582e-17
464.6,4.009190746935576e-14,5.807501437229554e-17
464.61,4.0087884723007174e-14,5.798283936512258e-17
464.62,4.008372579877347e-14,5.804697540083941e-17
464.63,4.00795989356269e-14,5.749067095208288e-17
464.64,4.0075534533098985e-14,5.79574067347986e-17
464.65,4.007131859812588e-14,5.7997311755873e-17
464.66,4.006738140998021e-14,5.800491379761797e-17
464.67,4.0062965660246334e-14,5.802469020221265e-17
464.68,4.005870388448315e-14,5.782810647369508e-17
464.69,4.005509845220561e-14,5.808437999666732e-17
464.7,4.005052188616706e-14,5.801033812141954e-17
464.71,4.004626651909472e-14,5.788684371390504e-17
464.72,4.0041760077242847e-14,5.764949728902026e-17
464.73,4.003848004828798e-14,5.822343770484456e-17
464.74,4.003381300090102e-14,5.797898389816988e-17
464.75,4.002996246289175e-14,5.822180517506884e-17
464.76,4.002541565885178e-14,5.79475918847554e-17
464.77,4.002223670527283e-14,5.856454536791899e-17
464.78,4.0016962339847735e-14,5.794680427056833e-17
464.79,4.0013347283059355e-14,5.798567617681908e-17
464.8,4.000873469665228e-14,5.796133035274893e-17
464.81,4.0003909502011033e-14,5.792300400631347e-17
464.82,4.0000377109674835e-14,5.767890503563512e-17
464.83,3.999612316201977e-14,5.78514808993537e-17
464.84,3.999226394045915e-14,5.789268541384836e-17
464.85,3.9987866072509356e-14,5.787977576869342e-17
464.86,3.998383595098085e-14,5.775553293626583e-17
464.87,3.997966449478729e-14,5.785933164925302e-17
464.88,3.997551231990314e-14,5.772720536009241e-17
464.89,3.99715655307519e-14,5.791354060741643e-17
464.9,3.996751134023819e-14,5.785787542888471e-17
464.91,3.9963052590542984e-14,5.784565342852472e-17
464.92,3.995932017634186e-14,5.796086902871653e-17
464.93,3.9954903829227615e-14,5.770399363611431e-17
464.94,3.995079063648299e-14,5.780150364514435e-17
464.95,3.994637433825673e-14,5.789601112594921e-17
464.96,3.994240109552443e-14,5.785696273756641e-17
464.97,3.9938193888115455e-14,5.763659862445295e-17
464.98,3.993415964055783e-14,5.778694047798153e-17
464.99,3.9929613349605704e-14,5.741900743716549e-17
465.0,3.9926068521171384e-14,5.804551922602195e-17
465.01,3.9921702245423966e-14,5.778282958984948e-17
465.02,3.991753885564334e-14,5.78567150347564e-17
465.03,3.991346542809248e-14,5.780204800115311e-17
465.04,3.9909230205888894e-14,5.77189618340169e-17
465.05,3.9904950119053005e-14,5.76280461770552e-17
465.06,3.9900664470860724e-14,5.779764289369953e-17
465.07,3.989684625824928e-14,5.765807368405841e-17
465.08,3.989260641801161e-14,5.76622933514611e-17
465.09,3.988840572358237e-14,5.767868025300397e-17
465.1,3.988431014204463e-14,5.770582809995986e-17
465.11,3.988028173147125e-14,5.780179579947163e-17
465.12,3.987596311920678e-14,5.755094545428875e-17
465.13,3.987210081142165e-14,5.775872913529262e-17
465.14,3.9867709019769764e-14,5.769427690314933e-17
465.15,3.986380790853513e-14,5.784159319459419e-17
465.16,3.985951601109686e-14,5.772378770246238e-17
465.17,3.985526037332614e-14,5.763178558100998e-17
465.18,3.985091619954723e-14,5.750166741729404e-17
465.19,3.9846968222073355e-14,5.756487378004248e-17
465.2,3.984325293075614e-14,5.785376130723403e-17
465.21,3.9838792932903265e-14,5.755652815652032e-17
465.22,3.983460834712295e-14,5.760469140600007e-17
465.23,3.983043098053012e-14,5.751204422447464e-17
465.24,3.982634497391709e-14,5.73839246464579e-17
465.25,3.9822148309758944e-14,5.753264785249347e-17
465.26,3.981823773429358e-14,5.786799429214505e-17
465.27,3.9814220134953894e-14,5.81770380695876e-17
465.28,3.9809785384661026e-14,5.759384798075032e-17
465.29,3.9806154989774716e-14,5.766326111956128e-17
465.3,3.980130333791574e-14,5.751078724086752e-17
465.31,3.979748718491801e-14,5.762751471950957e-17
465.32,3.9793372652600745e-14,5.74855465795071e-17
465.33,3.9789647433914626e-14,5.773136443287165e-17
465.34,3.978517696413937e-14,5.771456992545147e-17
465.35,3.978099147675009e-14,5.742157827627361e-17
465.36,3.9777000134931716e-14,5.767193578998665e-17
465.37,3.9772428276478565e-14,5.749635975944684e-17
465.38,3.976870282047998e-14,5.762686203684248e-17
465.39,3.9764055674194307e-14,5.718533973630292e-17
465.4,3.9760720012217583e-14,5.758473058907932e-17
465.41,3.975618599441765e-14,5.769350606602846e-17
465.42,3.975178198228872e-14,5.743822738475743e-17
465.43,3.9747682280645246e-14,5.737674860451445e-17
465.44,3.974303095882899e-14,5.725498681642995e-17
465.45,3.9739911668225304e-14,5.764229378642514e-17
465.46,3.973591477088348e-14,5.746989983019613e-17
465.47,3.973137283803539e-14,5.744980599581307e-17
465.48,3.972674953335685e-14,5.657449406113876e-17
465.49,3.972312725039109e-14,5.730604338779202e-17
465.5,3.971907323299675e-14,5.788980675986944e-17
465.51,3.971484767037738e-14,5.747602681820125e-17
465.52,3.971072409326387e-14,5.736808865998426e-17
465.53,3.970636745401723e-14,5.793319185542917e-17
465.54,3.9702351091954875e-14,5.726065807927472e-17
465.55,3.9698421650912796e-14,5.739982653910117e-17
465.56,3.9694306593522076e-14,5.739447599196003e-17
465.57,3.9690033598326794e-14,5.724404092195428e-17
465.58,3.968621949552692e-14,5.754058537921589e-17
465.59,3.968200130267098e-14,5.758588858592908e-17
465.6,3.967783321157107e-14,5.746138205345338e-17
465.61,3.967399721894205e-14,5.74238585742921e-17
465.62,3.966942522568445e-14,5.704600148406743e-17
465.63,3.9665350468454725e-14,5.740751849975701e-17
465.64,3.966133241888935e-14,5.73963505380607e-17
465.65,3.965720653866289e-14,5.728248618009365e-17
465.66,3.9653131564907085e-14,5.74435618774586e-17
465.67,3.964900830931484e-14,5.736292827181826e-17
465.68,3.964483112068761e-14,5.728626179303233e-17
465.69,3.964099219698601e-14,5.746554696635311e-17
465.7,3.9636812980182055e-14,5.72523946000796e-17
465.71,3.963279419588467e-14,5.704758685836893e-17
465.72,3.96284416470801e-14,5.731897644444319e-17
465.73,3.962431734177063e-14,5.744281222418629e-17
465.74,3.96203511810214e-14,5.734248441021415e-17
465.75,3.961620307801038e-14,5.697084953055268e-17
465.76,3.961207581476817e-14,5.733067796350076e-17
465.77,3.9607811843610147e-14,5.75276857558425e-17
465.78,3.9603981055149814e-14,5.728808353258755e-17
465.79,3.960011351814295e-14,5.773139761094614e-17
465.8,3.9595401436358294e-14,5.740845711135753e-17
465.81,3.9591522353377925e-14,5.739565305381928e-17
465.82,3.958736592514657e-14,5.745928778475064e-17
465.83,3.9583126532342094e-14,5.751815317763059e-17
465.84,3.957922193963005e-14,5.721034173847623e-17
465.85,3.957505717767712e-14,5.731747240778406e-17
465.86,3.957074372941217e-14,5.707735569718005e-17
465.87,3.95670219232605e-14,5.70916223797218e-17
465.88,3.956267657309908e-14,5.798595113898811e-17
465.89,3.9558667740159837e-14,5.749624871862867e-17
465.9,3.955456107305529e-14,5.732547175643596e-17
465.91,3.9550345933630084e-14,5.749717398218171e-17
465.92,3.9546002385135216e-14,5.745962832152907e-17
465.93,3.9542374735356234e-14,5.716190352017915e-17
465.94,3.95381460963546e-14,5.726456189563444e-17
465.95,3.9532698689592205e-14,5.58613334792723e-17
465.96,3.952969066028633e-14,5.6817347027152e-17
465.97,3.952590849598291e-14,5.732299100995075e-17
465.98,3.952246662431237e-14,5.658121125663479e-17
465.99,3.951743671294113e-14,5.740884552235273e-17
466.0,3.951368895183618e-14,5.712693364768286e-17
466.01,3.9510055079781e-14,5.689410019258088e-17
466.02,3.950548155612267e-14,5.711800090958635e-17
466.03,3.950132922113581e-14,5.720587497378718e-17
466.04,3.9497352172036344e-14,5.717642757791365e-17
466.05,3.9493697375719714e-14,5.729455674247383e-17
466.06,3.948929825434525e-14,5.719051625210623e-17
466.07,3.9484407522869744e-14,5.700939610295353e-17
466.08,3.94802525618211e-14,5.706085624091119e-17
466.09,3.947682512152588e-14,5.71833873431249e-17
466.1,3.947281152836736e-14,5.699414946929974e-17
466.11,3.9468483923981876e-14,5.731615420987749e-17
466.12,3.946454424601288e-14,5.690952329289785e-17
466.13,3.946032744306137e-14,5.71662871873302e-17
466.14,3.945602128440044e-14,5.708533235222255e-17
466.15,3.945215702697579e-14,5.736555170275089e-17
466.16,3.944790548088997e-14,5.695548478615288e-17
466.17,3.944432557555552e-14,5.712379205715933e-17
466.18,3.943983002588078e-14,5.723110577114842e-17
466.19,3.9436000469607143e-14,5.729008376272541e-17
466.2,3.943192465174111e-14,5.707832267518346e-17
466.21,3.942756789194461e-14,5.728357361102614e-17
466.22,3.942345388530642e-14,5.717201500920292e-17
466.23,3.9419005429953036e-14,5.717850813850644e-17
466.24,3.941546928039851e-14,5.704770023630164e-17
466.25,3.9410894168343134e-14,5.725090177590937e-17
466.26,3.940729783817308e-14,5.72040213757501e-17
466.27,3.94029446267979e-14,5.717243816668346e-17
466.28,3.939906940339986e-14,5.705777056564765e-17
466.29,3.939521124768653e-14,5.719336645759857e-17
466.3,3.9391274361487344e-14,5.758333514027189e-17
466.31,3.938676744295635e-14,5.708245557767735e-17
466.32,3.9383111134615863e-14,5.697565525518369e-17
466.33,3.937860751819008e-14,5.695800221918196e-17
466.34,3.937529306187345e-14,5.850650900272485e-17
466.35,3.9370392027310925e-14,5.710583090671748e-17
466.36,3.936665068975279e-14,5.707911248232845e-17
466.37,3.936229629265019e-14,5.693698132053877e-17
466.38,3.9357717928421554e-14,5.721236175973855e-17
466.39,3.9353879108547835e-14,5.671069399658838e-17
466.4,3.935037643137633e-14,5.711433039446096e-17
466.41,3.9346101094743576e-14,5.719605950452872e-17
466.42,3.934180316179768e-14,5.709548550455072e-17
466.43,3.933832718009122e-14,5.676790294272665e-17
466.44,3.9333797579989734e-14,5.678560790242975e-17
466.45,3.9329869890637044e-14,5.709376511374926e-17
466.46,3.9325885313909303e-14,5.701720137973246e-17
466.47,3.9321740686417054e-14,5.701912103448081e-17
466.48,3.9317098106530946e-14,5.715964222193763e-17
466.49,3.9313677302655125e-14,5.69497357724668e-17
466.5,3.93045756551059e-14,5.790323793781444e-17
466.51,3.93051380746007e-14,5.711441040731054e-17
466.52,3.930136030867766e-14,5.695528548225026e-17
466.53,3.929742491840783e-14,5.696341629785797e-17
466.54,3.929271230985152e-14,5.66951379561534e-17
466.55,3.9289094950420844e-14,5.699756721342374e-17
466.56,3.9284916387033294e-14,5.703330040839973e-17
466.57,3.92812356895892e-14,5.71465697970996e-17
466.58,3.9276826923513865e-14,5.701836675792788e-17
466.59,3.927378074273032e-14,5.798667113976984e-17
466.6,3.92690783050834e-14,5.696256105828545e-17
466.61,3.9264656524044915e-14,5.706524676899592e-17
466.62,3.926065126917388e-14,5.703902882085381e-17
466.63,3.9256575420399974e-14,5.716359453311166e-17
466.64,3.9252591533539615e-14,5.689170436961753e-17
466.65,3.9247500623389744e-14,5.68096058220674e-17
466.66,3.924423726018509e-14,5.715503885081295e-17
466.67,3.924025542712485e-14,5.688350629638831e-17
466.68,3.9236771381176055e-14,5.675332203982321e-17
466.69,3.923210345138479e-14,5.692128186289313e-17
466.7,3.922824632440737e-14,5.688082955199233e-17
466.71,3.922386487347644e-14,5.700534785047887e-17
466.72,3.921947219666215e-14,5.696066651305352e-17
466.73,3.9216235491685755e-14,5.692516518933082e-17
466.74,3.921085510950165e-14,5.683704596151712e-17
466.75,3.920858064652688e-14,5.68781740212636e-17
466.76,3.92036391799556e-14,5.702539003960008e-17
466.77,3.9200087408192885e-14,5.68988541807825e-17
466.78,3.919575019747584e-14,5.68423306881927e-17
466.79,3.9191512828045735e-14,5.67375255460107e-17
466.8,3.918753622495424e-14,5.691700432628286e-17
466.81,3.918343146517811e-14,5.689246852366374e-17
466.82,3.9179217136515395e-14,5.69346769234167e-17
466.83,3.917562613957515e-14,5.702352601673536e-17
466.84,3.9171200354106815e-14,5.682885657026858e-17
466.85,3.916731091525469e-14,5.685768373424969e-17
466.86,3.916318988703465e-14,5.675053211905049e-17
466.87,3.915906726117389e-14,5.680682614800006e-17
466.88,3.9154885822918934e-14,5.685409215356386e-17
466.89,3.915107582140715e-14,5.675631176805936e-17
466.9,3.914698654166226e-14,5.688169305509638e-17
466.91,3.914322355284613e-14,5.700563415981464e-17
466.92,3.913902153549486e-14,5.678228712970088e-17
466.93,3.9134599094416854e-14,5.668658224653735e-17
466.94,3.913095792704528e-14,5.683752814244559e-17
466.95,3.912606946072847e-14,5.688341700597397e-17
466.96,3.912301155120343e-14,5.694707168884011e-17
466.97,3.9118376154412874e-14,5.687813002927023e-17
466.98,3.911438841029065e-14,5.683041216964509e-17
466.99,3.911053512452764e-14,5.674682349727394e-17
467.0,3.9105605825595853e-14,5.670764078348724e-17
467.01,3.9102271520344833e-14,5.68680651879471e-17
467.02,3.90986187193976e-14,5.68718775179066e-17
467.03,3.9094262054974634e-14,5.671350882459747e-17
467.04,3.909000563521294e-14,5.666994165487942e-17
467.05,3.9086310328324776e-14,5.679271177884402e-17
467.06,3.908214836593018e-14,5.68566392369113e-17
467.07,3.907813894384066e-14,5.674824180201509e-17
467.08,3.907400042613069e-14,5.677295248024275e-17
467.09,3.906997556629882e-14,5.661795670473313e-17
467.1,3.906583651823012e-14,5.67695422106067e-17
467.11,3.906201783256188e-14,5.67574577013037e-17
467.12,3.905749136470398e-14,5.681143306103319e-17
467.13,3.905402520329388e-14,5.689494789578999e-17
467.14,3.90497072901217e-14,5.666125025741484e-17
467.15,3.9045827600668495e-14,5.685331892502286e-17
467.16,3.904219891599908e-14,5.71487558645419e-17
467.17,3.903747568485684e-14,5.670445494497716e-17
467.18,3.903370462778123e-14,5.673387341776625e-17
467.19,3.902974989940331e-14,5.674482946310617e-17
467.2,3.902579638985689e-14,5.671149817976898e-17
467.21,3.9021447390979986e-14,5.677243278831303e-17
467.22,3.901688800039237e-14,5.669054909297753e-17
467.23,3.90130591396518e-14,5.657049091974731e-17
467.24,3.9009037958352693e-14,5.653854076230266e-17
467.25,3.900508639467256e-14,5.66841524802846e-17
467.26,3.900056282571249e-14,5.658212932861547e-17
467.27,3.8996527837157594e-14,5.654773605476418e-17
467.28,3.899308006540243e-14,5.667328380702275e-17
467.29,3.898925507054491e-14,5.66574934235421e-17
467.3,3.89852047330842e-14,5.672599090654269e-17
467.31,3.898098548237255e-14,5.676051667132259e-17
467.32,3.8977309886046215e-14,5.686030884358668e-17
467.33,3.8973229490105715e-14,5.646193681582899e-17
467.34,3.896886455892745e-14,5.670624969492394e-17
467.35,3.896493009234428e-14,5.66264228435206e-17
467.36,3.896155190061694e-14,5.695254921196458e-17
467.37,3.895704363711915e-14,5.668021414756353e-17
467.38,3.895288816716931e-14,5.662299096750569e-17
467.39,3.894899188355664e-14,5.670797146594278e-17
467.4,3.8944751866359003e-14,5.650559941874493e-17
467.41,3.894079641976113e-14,5.647557385871185e-17
467.42,3.8936882990667525e-14,5.708825652230553e-17
467.43,3.893280762839249e-14,5.672975545562519e-17
467.44,3.892877616071091e-14,5.6912263818766e-17
467.45,3.892487772546085e-14,5.63456811362056e-17
467.46,3.892069959258938e-14,5.658483902477977e-17
467.47,3.891597736305911e-14,5.633550044653969e-17
467.48,3.891271682310338e-14,5.665178185081953e-17
467.49,3.8908583893366545e-14,5.646834393655232e-17
467.5,3.8903786883619695e-14,5.631809252616444e-17
467.51,3.890049570645931e-14,5.63751144542305e-17
467.52,3.889682121392772e-14,5.66887575735214e-17
467.53,3.8892907940599486e-14,5.660206680506512e-17
467.54,3.8888610579096905e-14,5.657074250596558e-17
467.55,3.888422305577297e-14,5.663315786842614e-17
467.56,3.888000746310355e-14,5.670349603941547e-17
467.57,3.887634627924693e-14,5.656370277924821e-17
467.58,3.8872091665651994e-14,5.674644355524991e-17
467.59,3.8868523604013235e-14,5.672231999126748e-17
467.6,3.8864599271734394e-14,5.384167040811886e-17
467.61,3.8860419014102906e-14,5.65212561337546e-17
467.62,3.885666277722124e-14,5.664958776372713e-17
467.63,3.885229589560055e-14,5.65459029648168e-17
467.64,3.884823274713488e-14,5.641621965968888e-17
467.65,3.8844167923153464e-14,5.668172876624028e-17
467.66,3.884025445444638e-14,5.649763243239898e-17
467.67,3.883609945808128e-14,5.621117573380892e-17
467.68,3.8832424794402485e-14,5.662031146583456e-17
467.69,3.882933531912611e-14,5.961372947104032e-17
467.7,3.88234465151644e-14,5.59539717221656e-17
467.71,3.882011229883926e-14,5.652083144373776e-17
467.72,3.88168346761163e-14,5.683071439281875e-17
467.73,3.8812543892134344e-14,5.666541216922382e-17
467.74,3.8808088661255016e-14,5.66439722700768e-17
467.75,3.880369359470087e-14,5.631048765717241e-17
467.76,3.880415960381162e-14,5.819998449555131e-17
467.77,3.87964040772182e-14,5.652915014847915e-17
467.78,3.879135353885184e-14,5.632592742159996e-17
467.79,3.878800893756737e-14,5.641386221543117e-17
467.8,3.8784025533675864e-14,5.674059633384465e-17
467.81,3.8780034241147363e-14,5.653250495270285e-17
467.82,3.8776145009628034e-14,5.649849971227488e-17
467.83,3.877214294114749e-14,5.644590477378195e-17
467.84,3.8767874829346906e-14,5.649657200160688e-17
467.85,3.8763593385898594e-14,5.57883473325461e-17
467.86,3.876012467688543e-14,5.634485542682094e-17
467.87,3.875595541363789e-14,5.656749731435627e-17
467.88,3.875208198083811e-14,5.632839775839726e-17
467.89,3.87478018266297e-14,5.63836428875047e-17
467.9,3.8743999572417176e-14,5.642602308304882e-17
467.91,3.873991710165694e-14,5.631748102726705e-17
467.92,3.8736035330794755e-14,5.663290281593227e-17
467.93,3.873223268075612e-14,5.683106535304252e-17
467.94,3.8728011270847675e-14,5.663356834650896e-17
467.95,3.872413070361723e-14,5.635758351368762e-17
467.96,3.8719677791087247e-14,5.614094474484801e-17
467.97,3.8715839752496604e-14,5.641031777310509e-17
467.98,3.8712577078274436e-14,5.66559171007625e-17
467.99,3.8708252598127496e-14,5.646269259904901e-17
468.0,3.8704199735739684e-14,5.652453930655272e-17
468.01,3.869992474940172e-14,5.632887487745353e-17
468.02,3.8695126951548575e-14,5.597759714925371e-17
468.03,3.869223963675571e-14,5.637243766230892e-17
468.04,3.8687941941898326e-14,5.622433450425085e-17
468.05,3.868341763808851e-14,5.634175269381367e-17
468.06,3.86800881050644e-14,5.62842639023489e-17
468.07,3.8675973330020475e-14,5.623294278568064e-17
468.08,3.867189672144027e-14,5.629159029359343e-17
468.09,3.866773746239295e-14,5.635763085807943e-17
468.1,3.8663926694297456e-14,5.619862996860233e-17
468.11,3.8659851743784407e-14,5.618616871860552e-17
468.12,3.865591602195415e-14,5.633996698966199e-17
468.13,3.8652015909011434e-14,5.640990599774433e-17
468.14,3.8648168017325727e-14,5.624821648016541e-17
468.15,3.864540683712461e-14,5.620452349660337e-17
468.16,3.863972758314329e-14,5.617728220660089e-17
468.17,3.863606667194831e-14,5.629523347826887e-17
468.18,3.8632359903419746e-14,5.5469514660953844e-17
468.19,3.8628682745438984e-14,5.65223080822789e-17
468.2,3.8623887739701906e-14,5.620803249167176e-17
468.21,3.861992343204251e-14,5.677336482821469e-17
468.22,3.8615492116135895e-14,5.578653617250716e-17
468.23,3.8612341478512846e-14,5.628670015663702e-17
468.24,3.86078076607919e-14,5.638134294008286e-17
468.25,3.860407942661447e-14,5.62288504865121e-17
468.26,3.8599956674313476e-14,5.615007085095139e-17
468.27,3.859702998504955e-14,5.685238325750867e-17
468.28,3.859202975572142e-14,5.629345321757658e-17
468.29,3.85881530528824e-14,5.598307647255869e-17
468.3,3.8583799271522575e-14,5.626028695374774e-17
468.31,3.857953921119084e-14,5.662692573692521e-17
468.32,3.857630531474729e-14,5.603700362137683e-17
468.33,3.857196936192895e-14,5.620774513012431e-17
468.34,3.856802904694887e-14,5.619849019736936e-17
468.35,3.8563386274206414e-14,5.554196366200375e-17
468.36,3.855986544038798e-14,5.60600231212539e-17
468.37,3.8556574949425345e-14,5.638103317258099e-17
468.38,3.85522077792261e-14,5.599329513827908e-17
468.39,3.8549310866856714e-14,5.706172895345117e-17
468.4,3.854527983934037e-14,5.623083263401191e-17
468.41,3.8540362516236367e-14,5.609405567890099e-17
468.42,3.853637190369942e-14,5.614699459694845e-17
468.43,3.853237188236716e-14,5.606161031456182e-17
468.44,3.8528164549023294e-14,5.602880563194274e-17
468.45,3.852422868258084e-14,5.618262413034554e-17
468.46,3.8520410743428984e-14,5.61875187194377e-17
468.47,3.851641788892211e-14,5.600914577633152e-17
468.48,3.8511701737183354e-14,5.558054025156536e-17
468.49,3.850887312285463e-14,5.633824563156303e-17
468.5,3.850414695374849e-14,5.597058394222047e-17
468.51,3.850006638358257e-14,5.584308144854491e-17
468.52,3.849657412904474e-14,5.612320629802235e-17
468.53,3.8492836728431966e-14,5.63455205554047e-17
468.54,3.84883646032612e-14,5.597151216809336e-17
468.55,3.848432838462315e-14,5.604912137991105e-17
468.56,3.8480373906847555e-14,5.593589666396609e-17
468.57,3.8476354945104044e-14,5.589902220477468e-17
468.58,3.847238770496515e-14,5.59854489671627e-17
468.59,3.846857896744318e-14,5.599421252640444e-17
468.6,3.8464462300744277e-14,5.589660137379698e-17
468.61,3.846056812554075e-14,5.594515549263603e-17
468.62,3.845587406561695e-14,5.5352191020889096e-17
468.63,3.8452617739529784e-14,5.570822901317213e-17
468.64,3.844891137700031e-14,5.60250445555867e-17
468.65,3.844459999890555e-14,5.594924207313111e-17
468.66,3.8440612944169974e-14,5.604511079029579e-17
468.67,3.843694186480695e-14,5.602514162618001e-17
468.68,3.843299435525987e-14,5.580115536281705e-17
468.69,3.8429007367516054e-14,5.58656525946019e-17
468.7,3.842415336070351e-14,5.606477996329586e-17
468.71,3.842056572481981e-14,5.556126259281154e-17
468.72,3.8417084392557946e-14,5.587741281706652e-17
468.73,3.841265035062644e-14,5.551648122339457e-17
468.74,3.840913969566214e-14,5.604909800257797e-17
468.75,3.8404421255709425e-14,5.54614400745911e-17
468.76,3.840103682568492e-14,5.579709723028196e-17
468.77,3.839727895647956e-14,5.601115598849267e-17
468.78,3.8393624274579054e-14,5.628188165334425e-17
468.79,3.838913442417775e-14,5.585780829436202e-17
468.8,3.838512796907405e-14,5.590806775589426e-17
468.81,3.838157774395191e-14,5.578742979111444e-17
468.82,3.8376565098629483e-14,5.520089603971473e-17
468.83,3.837282295197966e-14,5.573915838309326e-17
468.84,3.8369637934172455e-14,5.61309092563145e-17
468.85,3.836532534435546e-14,5.578083991369398e-17
468.86,3.8361120749927774e-14,5.593675435696583e-17
468.87,3.8357533530066164e-14,5.574964530730478e-17
468.88,3.835323414998826e-14,5.567481907811349e-17
468.89,3.834982789625233e-14,5.585349085217079e-17
468.9,3.83454699810232e-14,5.572344606628197e-17
468.91,3.834162281112827e-14,5.573816447103769e-17
468.92,3.8337374979046816e-14,5.558906586424081e-17
468.93,3.833356877468408e-14,5.57826343617676e-17
468.94,3.8329766419322665e-14,5.578368576420818e-17
468.95,3.832561273426246e-14,5.57587870523611e-17
468.96,3.832177011956068e-14,5.581164831580334e-17
468.97,3.831768461645523e-14,5.558239224051173e-17
468.98,3.831385265572569e-14,5.570083393531242e-17
468.99,3.831011004756183e-14,5.581971963422103e-17
469.0,3.830588856356276e-14,5.559581467539049e-17
469.01,3.830203449892014e-14,5.578782925563132e-17
469.02,3.8298139674254214e-14,5.568908302681375e-17
469.03,3.82943260048698e-14,5.596764265133347e-17
469.04,3.8289936104788546e-14,5.560453275381033e-17
469.05,3.8286146674874985e-14,5.56779637025744e-17
469.06,3.82820853551171e-14,5.549507299934112e-17
469.07,3.827810195647005e-14,5.56403499121856e-17
469.08,3.827447588715063e-14,5.567481617009921e-17
469.09,3.827042440492295e-14,5.564545322262315e-17
469.1,3.8266593145732547e-14,5.565265695231431e-17
469.11,3.826234956403345e-14,5.5501791704137227e-17
469.12,3.825858790550319e-14,5.558654676175957e-17
469.13,3.82544615039498e-14,5.554275693628007e-17
469.14,3.8250751090348686e-14,5.56353726403184e-17
469.15,3.8246773341195236e-14,5.562560514875353e-17
469.16,3.824286439334219e-14,5.544547763057137e-17
469.17,3.823900781242551e-14,5.569893548949193e-17
469.18,3.8234870636988185e-14,5.559391475449887e-17
469.19,3.823093741176062e-14,5.5503781502404175e-17
469.2,3.8226343754185616e-14,5.557635396241078e-17
469.21,3.822362021865903e-14,5.558550819307621e-17
469.22,3.821908416330464e-14,5.54165093261985e-17
469.23,3.821497501072677e-14,5.521415632893625e-17
469.24,3.821111507694606e-14,5.5394676698927473e-17
469.25,3.82069650546607e-14,5.489268631009715e-17
469.26,3.8203343155575767e-14,5.543509459286257e-17
469.27,3.8199636751311656e-14,5.595619724139173e-17
469.28,3.8195356219972305e-14,5.552574447536896e-17
469.29,3.81917265216067e-14,5.587348866139226e-17
469.3,3.8187780482431094e-14,5.543125711948681e-17
469.31,3.818387679415928e-14,5.561189384408044e-17
469.32,3.817977010869005e-14,5.5433858673697556e-17
469.33,3.817564965233794e-14,5.526060807338924e-17
469.34,3.8171150721448574e-14,5.5397782875632387e-17
469.35,3.816783573019471e-14,5.5390432241588446e-17
469.36,3.8163968661401636e-14,5.547681270100106e-17
469.37,3.816001815729372e-14,5.539047825552654e-17
469.38,3.815595725923571e-14,5.559099856766482e-17
469.39,3.8151965985019506e-14,5.541121927849794e-17
469.4,3.814809052684272e-14,5.549496040696326e-17
469.41,3.8143922705674705e-14,5.520517166016094e-17
469.42,3.8140564235430566e-14,5.521638280400635e-17
469.43,3.813615543730372e-14,5.5231852377522034e-17
469.44,3.8132179145110865e-14,5.5156445538774586e-17
469.45,3.812803676248764e-14,5.515772561956384e-17
469.46,3.812431658641203e-14,5.5113479589586775e-17
469.47,3.812054585302504e-14,5.4815998416943735e-17
469.48,3.811665542538609e-14,5.5386600471417275e-17
469.49,3.8112672462367696e-14,5.53615066137633e-17
469.5,3.810874121521659e-14,5.526894376570497e-17
469.51,3.810479399233889e-14,5.5361051312449764e-17
469.52,3.81008509150017e-14,5.5380271249509717e-17
469.53,3.809705272018611e-14,5.517747369152383e-17
469.54,3.8093120912770915e-14,5.5178949656280875e-17
469.55,3.8088878578109714e-14,5.509225046387768e-17
469.56,3.808510077098747e-14,5.530703689489873e-17
469.57,3.808138681911335e-14,5.528170061708379e-17
469.58,3.807726587332592e-14,5.508296874260952e-17
469.59,3.8073152707687903e-14,5.5031757446167536e-17
469.6,3.8069614806484186e-14,5.5167992756928166e-17
469.61,3.806556250814398e-14,5.5107870527954786e-17
469.62,3.806163513205777e-14,5.5125276673162993e-17
469.63,3.805750915540212e-14,5.513489671593699e-17
469.64,3.805299973771894e-14,5.510933999987123e-17
469.65,3.8049875601898425e-14,5.4392565972972136e-17
469.66,3.8045871663345466e-14,5.514822262334403e-17
469.67,3.804225876808861e-14,5.4878050303094464e-17
469.68,3.803800353620744e-14,5.490688870056265e-17
469.69,3.803412091653043e-14,5.52948402693955e-17
469.7,3.803019058533247e-14,5.509492242767145e-17
469.71,3.8026313896304844e-14,5.505817631421459e-17
469.72,3.802213162539005e-14,5.498027401690999e-17
469.73,3.8017888988809e-14,5.635938727421321e-17
469.74,3.801471813171387e-14,5.521661512438322e-17
469.75,3.8010752141029136e-14,5.490622538367875e-17
469.76,3.800672298418753e-14,5.5168551820269465e-17
469.77,3.800266160613829e-14,5.5128579127403024e-17
469.78,3.799889059877592e-14,5.504902466349193e-17
469.79,3.799488868720047e-14,5.4946440814114023e-17
469.8,3.799027038869931e-14,5.4773838040961816e-17
469.81,3.798675935575252e-14,5.4855602888772726e-17
469.82,3.7982914794797745e-14,5.501562975896629e-17
469.83,3.7979590499065207e-14,5.490314238452822e-17
469.84,3.7975243458427227e-14,5.480869213166433e-17
469.85,3.7971664709964577e-14,5.512476952292524e-17
469.86,3.796768618893926e-14,5.557064180094995e-17
469.87,3.796372591834184e-14,5.504509361792102e-17
469.88,3.795955066715181e-14,5.480084004571618e-17
469.89,3.795551651493739e-14,5.426998078299629e-17
469.9,3.7951752125717416e-14,5.5030306271346827e-17
469.91,3.794814056861896e-14,5.479585284573633e-17
469.92,3.7944408306723403e-14,5.4893989588780695e-17
469.93,3.7940415342897036e-14,5.476562102798795e-17
469.94,3.7936026155358825e-14,5.478544773350169e-17
469.95,3.793234135413826e-14,5.476303072813078e-17
469.96,3.79282931620863e-14,5.485162074461611e-17
469.97,3.792443248647114e-14,5.471349621432212e-17
469.98,3.792055531641933e-14,5.4689902874062594e-17
469.99,3.7916512335054805e-14,5.486478564105625e-17
470.0,3.7912817175665595e-14,5.478465901951151e-17
470.01,3.790877609378317e-14,5.4835060769290834e-17
470.02,3.790511692073323e-14,5.468376454573652e-17
470.03,3.7901266368453346e-14,5.4603788278429746e-17
470.04,3.7897080762235565e-14,5.4843001817647646e-17
470.05,3.789319294823585e-14,5.471291521146194e-17
470.06,3.788941781746334e-14,5.4669215276983537e-17
470.07,3.78850042906802e-14,5.4570211944764384e-17
470.08,3.788225048631999e-14,5.501423600870566e-17
470.09,3.7877584197882796e-14,5.4796760468994894e-17
470.1,3.787381690266931e-14,5.461822439338395e-17
470.11,3.786960123048998e-14,5.430866765750826e-17
470.12,3.78660548321543e-14,5.452618723858109e-17
470.13,3.78619095683904e-14,5.4607551426494185e-17
470.14,3.785829231541005e-14,5.4486633396269274e-17
470.15,3.7854294195313126e-14,5.458374689698057e-17
470.16,3.785004714670668e-14,5.464551013858991e-17
470.17,3.7845999980169197e-14,5.427246183359274e-17
470.18,3.784254923178899e-14,5.4750526399724974e-17
470.19,3.783855032645087e-14,5.487281122838563e-17
470.2,3.783480938560074e-14,5.4585037316827585e-17
470.21,3.7831044226624614e-14,5.4650218641691014e-17
470.22,3.7826924942105757e-14,5.453622459871516e-17
470.23,3.7823155200124163e-14,5.4529596262282645e-17
470.24,3.7819091443012694e-14,5.457904996267878e-17
470.25,3.7815093023501735e-14,5.4574135401838547e-17
470.26,3.7812289862045825e-14,5.4598496008413334e-17
470.27,3.78071526690639e-14,5.4613592120567964e-17
470.28,3.7805396836513785e-14,5.434145600033624e-17
470.29,3.779922940727149e-14,5.4395952880480663e-17
470.3,3.779584590679388e-14,5.428270525469135e-17
470.31,3.7791412611855854e-14,5.3961502578126035e-17
470.32,3.7788115870389453e-14,5.4411576969555474e-17
470.33,3.778418999777822e-14,5.446707270863148e-17
470.34,3.77803521812546e-14,5.455061722734321e-17
470.35,3.777495033154676e-14,5.62721984868209e-17
470.36,3.777154963364262e-14,5.4413307021681094e-17
470.37,3.776930114745324e-14,5.4553569342483614e-17
470.38,3.776453608249353e-14,5.441202676586332e-17
470.39,3.7760866725864e-14,5.4567849666915393e-17
470.4,3.775669521370533e-14,5.442121006337483e-17
470.41,3.775293069814995e-14,5.441779746136362e-17
470.42,3.7749180186787564e-14,5.437020705376779e-17
470.43,3.774528890999087e-14,5.452506452837616e-17
470.44,3.774086053369788e-14,5.1333013380974277e-17
470.45,3.773739077758124e-14,5.439716234236358e-17
470.46,3.7733842103709975e-14,5.439831951594079e-17
470.47,3.772948786519963e-14,5.425531264999918e-17
470.48,3.772568146887308e-14,5.435768706106644e-17
470.49,3.772152540847279e-14,5.4371921477604104e-17
470.5,3.7717716310763124e-14,5.428117790685321e-17
470.51,3.771356762131407e-14,5.4190325400958205e-17
470.52,3.7710309504592e-14,5.4307203606209934e-17
470.53,3.77061485108281e-14,5.437141692903134e-17
470.54,3.770247563397328e-14,5.4563545932702433e-17
470.55,3.7698456065274005e-14,5.4058401002291305e-17
470.56,3.769473790701825e-14,5.421063849914348e-17
470.57,3.7690734119668914e-14,5.4706356760777547e-17
470.58,3.768681009877114e-14,5.4248829992259014e-17
470.59,3.768298786234544e-14,5.422172902227204e-17
470.6,3.7679267399709954e-14,5.431638444779287e-17
470.61,3.767521862999802e-14,5.406646784954984e-17
470.62,3.7671640252737125e-14,5.429186265252385e-17
470.63,3.766695913758122e-14,5.40023329792636e-17
470.64,3.766371140319716e-14,5.417599038422803e-17
470.65,3.765967642766641e-14,5.412767464811133e-17
470.66,3.765590978892618e-14,5.421421030799159e-17
470.67,3.7652088294387484e-14,5.405153614743044e-17
470.68,3.764819012627322e-14,5.416645917372678e-17
470.69,3.7644254216888637e-14,5.419282384276754e-17
470.7,3.764038854202726e-14,5.3978182233463934e-17
470.71,3.763642999600636e-14,5.4499508020383036e-17
470.72,3.763248272992394e-14,5.399537694422015e-17
470.73,3.762893312710391e-14,5.412586262662139e-17
470.74,3.7624721364247754e-14,5.408211136639541e-17
470.75,3.762055585360862e-14,5.3848640516666497e-17
470.76,3.7617076168454163e-14,5.393551440372545e-17
470.77,3.761347468924403e-14,5.4100177401772703e-17
470.78,3.7609581247901676e-14,5.40988866314737e-17
470.79,3.760602377816152e-14,5.420582578758986e-17
470.8,3.760181051201977e-14,5.416271830891906e-17
470.81,3.7597545907320246e-14,5.3820153798625394e-17
470.82,3.7594163368307547e-14,5.3824338131726013e-17
470.83,3.7590079724614513e-14,5.3805895326494447e-17
470.84,3.75860964631504e-14,5.3917200862486374e-17
470.85,3.7582315603846374e-14,5.398938154764579e-17
470.86,3.7577941174702746e-14,5.410843311625772e-17
470.87,3.757468061076111e-14,5.3969961325496626e-17
470.88,3.7570763465450047e-14,5.3485043482189204e-17
470.89,3.756680633410957e-14,5.386684609400848e-17
470.9,3.756277902454745e-14,5.3822156131211906e-17
470.91,3.755904078321252e-14,5.382794530449741e-17
470.92,3.755514590879331e-14,5.395087321894363e-17
470.93,3.7551486165597636e-14,5.389295960594378e-17
470.94,3.754758182852481e-14,5.3824896965864855e-17
470.95,3.7543713029829504e-14,5.3863342841573824e-17
470.96,3.753982121508088e-14,5.3834715771789585e-17
470.97,3.753618935689114e-14,5.383267923649757e-17
470.98,3.7532150201910757e-14,5.3850134799780726e-17
470.99,3.7528747865967847e-14,5.405319288380186e-17
471.0,3.752437275931556e-14,5.3729224312567524e-17
471.01,3.752050376543096e-14,5.376320516083928e-17
471.02,3.751674126122914e-14,5.3844893484127575e-17
471.03,3.751281931701837e-14,5.3853596506540157e-17
471.04,3.7508946775302024e-14,5.3700365726787214e-17
471.05,3.750515574541178e-14,5.375389102947626e-17
471.06,3.7501015092077635e-14,5.3822217280937086e-17
471.07,3.749727010474671e-14,5.360393024166929e-17
471.08,3.7493284399907995e-14,5.355435643701877e-17
471.09,3.7489772850582193e-14,5.3671534393190997e-17
471.1,3.748591771454668e-14,5.406020667476815e-17
471.11,3.74818220688839e-14,5.3800128395456735e-17
471.12,3.747795118264367e-14,5.382434573437512e-17
471.13,3.7474371137612657e-14,5.357675241711342e-17
471.14,3.747030386018169e-14,5.3615182374310916e-17
471.15,3.746666798169363e-14,5.366890923856644e-17
471.16,3.7462754437093327e-14,5.3538538127964874e-17
471.17,3.745886880255951e-14,5.359635002141907e-17
471.18,3.745490923575255e-14,5.391978028872143e-17
471.19,3.745124274850613e-14,5.3745979330946964e-17
471.2,3.7447314202740993e-14,5.368615794440326e-17
471.21,3.744361118345254e-14,5.347338546064804e-17
471.22,3.7440046112422884e-14,5.366722610171985e-17
471.23,3.743621748779819e-14,5.3712977971959445e-17
471.24,3.7432075356103756e-14,5.361187192918627e-17
471.25,3.742805607952185e-14,5.352156469979602e-17
471.26,3.742534641962499e-14,5.3946109143925414e-17
471.27,3.742004219191496e-14,5.332797921081122e-17
471.28,3.741605599761229e-14,5.3361161221216764e-17
471.29,3.741246730344429e-14,5.347996912452313e-17
471.3,3.740907330000263e-14,5.376493980063421e-17
471.31,3.740524375682372e-14,5.360986392130494e-17
471.32,3.740154338535665e-14,5.34833099271235e-17
471.33,3.739742039036166e-14,5.3500447719974196e-17
471.34,3.739320473449304e-14,5.358495062627115e-17
471.35,3.7389503478542337e-14,5.3236788909285835e-17
471.36,3.7386244625886426e-14,5.321173276366249e-17
471.37,3.738204599380494e-14,5.342994657636889e-17
471.38,3.737840895967961e-14,5.337876066748788e-17
471.39,3.737490943357318e-14,5.3606691214870707e-17
471.4,3.7370513502900164e-14,5.3416186712175556e-17
471.41,3.736668869217324e-14,5.3274239397144055e-17
471.42,3.7362906561525296e-14,5.346468085896345e-17
471.43,3.7358964515256764e-14,5.3234237139202545e-17
471.44,3.73554023058876e-14,5.3539535217851144e-17
471.45,3.735135441765059e-14,5.46920170358526e-17
471.46,3.734767548331222e-14,5.338051337708501e-17
471.47,3.734353306000691e-14,5.3219475291565124e-17
471.48,3.733959670208181e-14,5.328434643692837e-17
471.49,3.7335368844974345e-14,5.3091762925990004e-17
471.5,3.733207222811245e-14,5.326629206790296e-17
471.51,3.732847154503231e-14,5.328019622023676e-17
471.52,3.732357668981248e-14,5.293869654435798e-17
471.53,3.7320900581222574e-14,5.3562070021167953e-17
471.54,3.731510972291342e-14,5.2667124408935133e-17
471.55,3.7312960480114124e-14,5.3305163435508206e-17
471.56,3.73092136460064e-14,5.340840926920989e-17
471.57,3.7305491208776044e-14,5.31804312345293e-17
471.58,3.730129465044576e-14,5.290158627099928e-17
471.59,3.7297418036968774e-14,5.324760415106022e-17
471.6,3.7294045010788306e-14,5.320711651039927e-17
471.61,3.7289246850335076e-14,5.317280381568953e-17
471.62,3.728742236141445e-14,5.397674625775391e-17
471.63,3.7288852026120936e-14,5.3066302925326177e-17
471.64,3.7278645178063246e-14,5.311665878583984e-17
471.65,3.727502750796511e-14,5.2928157482974813e-17
471.66,3.7270487856850216e-14,5.296914252743771e-17
471.67,3.726729940773262e-14,5.319240786353289e-17
471.68,3.726336935887561e-14,5.307941513048031e-17
471.69,3.7259417430446694e-14,5.3174562985083126e-17
471.7,3.7255069678274005e-14,5.3740791969036366e-17
471.71,3.725201468225035e-14,5.313400437684112e-17
471.72,3.7248210729218874e-14,5.308936707044332e-17
471.73,3.724402204150413e-14,5.3018201177669214e-17
471.74,3.724033786395152e-14,5.315950908231661e-17
471.75,3.7236621906905796e-14,5.314229999137783e-17
471.76,3.723289712602064e-14,5.3153347931364236e-17
471.77,3.722893246153083e-14,5.304608405837536e-17
471.78,3.722497107983946e-14,5.322369958626374e-17
471.79,3.722078453108908e-14,5.2919927257816133e-17
471.8,3.72174002014651e-14,5.3027361805004997e-17
471.81,3.721409701986328e-14,5.311457240533482e-17
471.82,3.7209689029143815e-14,5.2878470421180356e-17
471.83,3.720574484491094e-14,5.3023979563036683e-17
471.84,3.720208348406887e-14,5.2895149871802694e-17
471.85,3.7198254313498884e-14,5.3028145820213365e-17
471.86,3.7194555284836725e-14,5.3021773847705025e-17
471.87,3.7190387223893325e-14,5.3133096872001623e-17
471.88,3.7187390314219366e-14,5.3040361540018195e-17
471.89,3.7183331855429626e-14,5.316790929709587e-17
471.9,3.7179058527329475e-14,5.2987840235740524e-17
471.91,3.717595876327139e-14,5.2898350797981834e-17
471.92,3.717172178532532e-14,5.313415146339734e-17
471.93,3.7167794951409545e-14,5.290400067825257e-17
471.94,3.716382146119639e-14,5.30341572081674e-17
471.95,3.71603054690514e-14,5.290700409741834e-17
471.96,3.715652168468604e-14,5.336962271414567e-17
471.97,3.715270598225916e-14,5.282024075847785e-17
471.98,3.7148817347481405e-14,5.2974115752255854e-17
471.99,3.714486120854343e-14,5.29601669740345e-17
472.0,3.71415760566844e-14,5.3147017340824496e-17
472.01,3.713731381215385e-14,5.285779519556996e-17
472.02,3.7133742870633864e-14,5.2998175628040054e-17
472.03,3.712996612950443e-14,5.2898397077523563e-17
472.04,3.712604858911414e-14,5.2896573644292615e-17
472.05,3.712249749420622e-14,5.310415455571067e-17
472.06,3.71182146458925e-14,5.2640225214050744e-17
472.07,3.711462530517937e-14,5.290047089547012e-17
472.08,3.711065649275719e-14,5.281788867770222e-17
472.09,3.7107787402105015e-14,5.346352851259251e-17
472.1,3.71031660818445e-14,5.292483578139019e-17
472.11,3.7099743682643495e-14,5.3265680760687794e-17
472.12,3.7095982654720944e-14,5.278105257931207e-17
472.13,3.709106073411852e-14,5.2473767324006474e-17
472.14,3.7088148240734576e-14,5.3231632462914817e-17
472.15,3.7084856693510456e-14,5.298508594015031e-17
472.16,3.7079893693722486e-14,5.2876549661757836e-17
472.17,3.70766490684981e-14,5.277787995838444e-17
472.18,3.707291454382631e-14,5.266897544473634e-17
472.19,3.70691149915952e-14,5.283461649859809e-17
472.2,3.7065091682493514e-14,5.2708618375445754e-17
472.21,3.706155569431042e-14,5.2891543090755506e-17
472.22,3.705769821304209e-14,5.274693721856193e-17
472.23,3.7053452907118325e-14,5.2489029609975655e-17
472.24,3.704947568394737e-14,5.2426845043254664e-17
472.25,3.704856128004985e-14,5.484507186231107e-17
472.26,3.7042150399810733e-14,5.227344466303819e-17
472.27,3.703882354970014e-14,5.288165807139031e-17
472.28,3.703473717016858e-14,5.2766669252867317e-17
472.29,3.703114042196578e-14,5.2799327212415507e-17
472.3,3.702733569634176e-14,5.283746413000608e-17
472.31,3.702369309435994e-14,5.26515174455354e-17
472.32,3.7019621001956055e-14,5.268526591372707e-17
472.33,3.701559613354989e-14,5.27526894855141e-17
472.34,3.701227073071571e-14,5.28027760228182e-17
472.35,3.7008541676165e-14,5.269328299120798e-17
472.36,3.700489372990549e-14,5.274454391274437e-17
472.37,3.7000861061968264e-14,5.263567051178154e-17
472.38,3.6997170349805006e-14,5.282484626864983e-17
472.39,3.699331445775122e-14,5.273640396517667e-17
472.4,3.698933711669796e-14,5.2570727008680297e-17
472.41,3.698553537845743e-14,5.259132688355843e-17
472.42,3.69817000040752e-14,5.234682810646846e-17
472.43,3.6978171529696405e-14,5.261165541380885e-17
472.44,3.6974206704543507e-14,5.278725234014727e-17
472.45,3.6971160078133806e-14,5.278681906846696e-17
472.46,3.696640332878406e-14,5.2537928631169083e-17
472.47,3.69628174098679e-14,5.2358616010427446e-17
472.48,3.69586301358033e-14,5.2155773329049094e-17
472.49,3.695518532359343e-14,5.256144988567927e-17
472.5,3.6951719112600696e-14,5.272390808948328e-17
472.51,3.6947198178582845e-14,5.205436662789278e-17
472.52,3.694403466867979e-14,5.2725489930631024e-17
472.53,3.6940149074814883e-14,5.2544598990573484e-17
472.54,3.6936318680343696e-14,5.248839516805814e-17
472.55,3.693268109250807e-14,5.256412314030014e-17
472.56,3.692894904272026e-14,5.2445968287556474e-17
472.57,3.692519547949567e-14,5.2540390713584516e-17
472.58,3.692183261495062e-14,5.279939319961565e-17
472.59,3.691752950801973e-14,5.2558539013551e-17
472.6,3.6913747309749495e-14,5.2139594406543744e-17
472.61,3.690978470950611e-14,5.24632240705619e-17
472.62,3.6905435346417045e-14,5.2224113884467227e-17
472.63,3.690259878137268e-14,5.269245810858458e-17
472.64,3.68983324396242e-14,5.238628059350986e-17
472.65,3.6894715743512e-14,5.2347209461359044e-17
472.66,3.6890851313218926e-14,5.236111118962355e-17
472.67,3.6887465262598426e-14,5.263198847788379e-17
472.68,3.688351142665166e-14,5.254720052865712e-17
472.69,3.687981419974665e-14,5.225880783750235e-17
472.7,3.687616389730125e-14,5.2495668378608236e-17
472.71,3.687242405830127e-14,5.257893653755577e-17
472.72,3.6868313113086706e-14,5.212981901058823e-17
472.73,3.6864735219726514e-14,5.2553710047054625e-17
472.74,3.6860984051603456e-14,5.2479307756751766e-17
472.75,3.685725059153683e-14,5.26384262323501e-17
472.76,3.685363690006803e-14,5.2951800396787796e-17
472.77,3.684964953019167e-14,5.245879932417114e-17
472.78,3.6845575526573764e-14,5.2110282559430657e-17
472.79,3.684240325091506e-14,5.261970978427882e-17
472.8,3.6838484065067335e-14,5.250387459240799e-17
472.81,3.683458791680615e-14,5.221676962254093e-17
472.82,3.683045266230533e-14,5.243534336280291e-17
472.83,3.682708153711909e-14,5.251308417375288e-17
472.84,3.6823337284869764e-14,5.250980336275368e-17
472.85,3.6819243257173084e-14,5.2284674771905016e-17
472.86,3.6815781486636065e-14,5.230314182770334e-17
472.87,3.681166073834955e-14,5.2196112475487466e-17
472.88,3.680832361339664e-14,5.23304804877368e-17
472.89,3.6804298292175495e-14,5.232064052389854e-17
472.9,3.680064083844637e-14,5.2317513933101947e-17
472.91,3.67971381901658e-14,5.2423642025882955e-17
472.92,3.6793145335556105e-14,5.240161602283771e-17
472.93,3.678933394781607e-14,5.2307916108286327e-17
472.94,3.678552951662274e-14,5.236510556991274e-17
472.95,3.678178822408027e-14,5.22784844771572e-17
472.96,3.677802208971912e-14,5.230893138659135e-17
472.97,3.67744185837511e-14,5.213831799457344e-17
472.98,3.677052390029609e-14,5.2213117058667035e-17
472.99,3.6766731597797506e-14,5.230331097167089e-17
473.0,3.676310107679706e-14,5.230291290474918e-17
473.01,3.675930513183834e-14,5.2111253985225374e-17
473.02,3.675556296242089e-14,5.2213124842992983e-17
473.03,3.675161405537418e-14,5.202155560119747e-17
473.04,3.6748075561336394e-14,5.218731385577541e-17
473.05,3.674431206142987e-14,5.208745741690932e-17
473.06,3.674054989618783e-14,5.219432135486465e-17
473.07,3.673675664850365e-14,5.1943645034832045e-17
473.08,3.6733535024020404e-14,5.2339356169037186e-17
473.09,3.672923383128139e-14,5.215706141428291e-17
473.1,3.6725688886925396e-14,5.238273002637043e-17
473.11,3.6721814139824386e-14,5.2277729311440963e-17
473.12,3.671813402349867e-14,5.228904094324737e-17
473.13,3.6714559721046044e-14,5.238820111931966e-17
473.14,3.671088334410967e-14,5.24468313274504e-17
473.15,3.670714773562899e-14,5.251461538057824e-17
473.16,3.6703012940540383e-14,5.230535409590793e-17
473.17,3.6699033006406947e-14,5.218233313606359e-17
473.18,3.669568811008289e-14,5.224350715512063e-17
473.19,3.669272232356208e-14,5.209128376001153e-17
473.2,3.668793951026687e-14,5.213384916067732e-17
473.21,3.668458308574662e-14,5.2226710444473823e-17
473.22,3.6680661855245944e-14,5.224282677792583e-17
473.23,3.667702189529378e-14,5.2681145282121315e-17
473.24,3.6673040581175196e-14,5.2189552716861484e-17
473.25,3.666923149624097e-14,5.1996031159627195e-17
473.26,3.666552174213772e-14,5.2210204286699294e-17
473.27,3.66617645760519e-14,5.150086134811579e-17
473.28,3.665797958424703e-14,5.208674718988076e-17
473.29,3.665446368962067e-14,5.222654504469477e-17
473.3,3.6650602730720366e-14,5.2144715290595086e-17
473.31,3.664655711425218e-14,5.211512654020127e-17
473.32,3.664289257339382e-14,5.202467862849503e-17
473.33,3.663938658078401e-14,5.2038746116074414e-17
473.34,3.66353973201532e-14,5.221755996504017e-17
473.35,3.663190023642955e-14,5.216835552467469e-17
473.36,3.662829153015219e-14,5.243789417914862e-17
473.37,3.662429644762796e-14,5.1957772999734834e-17
473.38,3.6620643435093434e-14,5.212573340851508e-17
473.39,3.6616722737815726e-14,5.2157598373477147e-17
473.4,3.661305878755368e-14,5.214747351915974e-17
473.41,3.6609902622728635e-14,5.232891764406216e-17
473.42,3.6605715941688484e-14,5.202382490776721e-17
473.43,3.660183844339257e-14,5.219200210974214e-17
473.44,3.659832451992818e-14,5.217740705961058e-17
473.45,3.6594464337257446e-14,5.20954176502745e-17
473.46,3.6590531428750084e-14,5.213182918990274e-17
473.47,3.658694122018961e-14,5.222005541938453e-17
473.48,3.65832884881551e-14,5.21518222715769e-17
473.49,3.6579262703794374e-14,5.182462602685664e-17
473.5,3.657564107203221e-14,5.22295876874293e-17
473.51,3.657218976352872e-14,5.20588631117531e-17
473.52,3.656823737578602e-14,5.2098189529615564e-17
473.53,3.656442765040674e-14,5.2033929450943146e-17
473.54,3.6560818848773574e-14,5.2046810204543816e-17
473.55,3.655698397398864e-14,5.1995704422192067e-17
473.56,3.6553190763312e-14,5.196987400029212e-17
473.57,3.654961280545437e-14,5.2194462991247347e-17
473.58,3.654724881654614e-14,5.340633682312094e-17
473.59,3.6541744522034936e-14,5.2071102068486416e-17
473.6,3.653828143394096e-14,5.182960699466266e-17
473.61,3.653487198085634e-14,5.2073357677939e-17
473.62,3.653057774555328e-14,5.164716236217717e-17
473.63,3.652728402505588e-14,5.202480929159664e-17
473.64,3.652343377621805e-14,5.202768966874089e-17
473.65,3.6519824249156225e-14,5.180349717221534e-17
473.66,3.65157193508345e-14,5.203618603197186e-17
473.67,3.6511923464532654e-14,5.1081035619300604e-17
473.68,3.650866728525327e-14,5.1803881981269735e-17
473.69,3.6504661993404664e-14,5.201386923269954e-17
473.7,3.6501057865657046e-14,5.2216204823280046e-17
473.71,3.649678309775601e-14,5.202893081881655e-17
473.72,3.6493769543475125e-14,5.205835807028318e-17
473.73,3.6490012410564724e-14,5.2013389308118425e-17
473.74,3.648610187424316e-14,5.2053498205230064e-17
473.75,3.648273951933575e-14,5.1936745475745434e-17
473.76,3.647893342823571e-14,5.21284722278058e-17
473.77,3.6475490056019516e-14,5.1716868415461854e-17
473.78,3.6471246807701464e-14,5.185174152249931e-17
473.79,3.6467717451902335e-14,5.187418061266475e-17
473.8,3.646628174131441e-14,5.2784267005594327e-17
473.81,3.6460171386110694e-14,5.196949680975065e-17
473.82,3.645657171633185e-14,5.197502487418688e-17
473.83,3.645266213306856e-14,5.2029574132356395e-17
473.84,3.6449783404518507e-14,5.206888940394984e-17
473.85,3.6445380069993196e-14,5.190428734571203e-17
473.86,3.644170993208321e-14,5.210482411197932e-17
473.87,3.6438054643136224e-14,5.238250369375939e-17
473.88,3.64342938206867e-14,5.207756166393167e-17
473.89,3.643021161622892e-14,5.1613446690012017e-17
473.9,3.6426752807714984e-14,5.203166594197096e-17
473.91,3.6423105347942356e-14,5.1936668577271313e-17
473.92,3.641966550167647e-14,5.20581545774129e-17
473.93,3.6415773933009693e-14,5.216448962440292e-17
473.94,3.6411841548043806e-14,5.1925005232072167e-17
473.95,3.6408129013819614e-14,5.192001344225078e-17
473.96,3.640510583922995e-14,5.191039530576709e-17
473.97,3.6400797685824605e-14,5.1952821070930943e-17
473.98,3.639709953137583e-14,5.1865725834801445e-17
473.99,3.639324416740953e-14,5.18504196275349e-17
474.0,3.638954508325657e-14,5.1920436324780547e-17
474.01,3.638595582610313e-14,5.2032957962943856e-17
474.02,3.638202625766089e-14,5.204759564946993e-17
474.03,3.637848670986787e-14,5.1811843998359185e-17
474.04,3.637466374778721e-14,5.211534131145122e-17
474.05,3.637144053082401e-14,5.20087361246274e-17
474.06,3.6367314001036126e-14,5.192239653618437e-17
474.07,3.636339819418199e-14,5.183609306094996e-17
474.08,3.6359939550356656e-14,5.188675593043967e-17
474.09,3.63561255557301e-14,5.218936606036567e-17
474.1,3.635263302143209e-14,5.185048764424964e-17
474.11,3.634837263079386e-14,5.207637955645898e-17
474.12,3.634502265349005e-14,5.19160642839598e-17
474.13,3.6341672346479475e-14,5.184993860552035e-17
474.14,3.633756682046132e-14,5.1858762764059103e-17
474.15,3.6334111846607524e-14,5.191396183947019e-17
474.16,3.633050234083674e-14,5.181497928904085e-17
474.17,3.6326256236435075e-14,5.176310924982433e-17
474.18,3.632327191688318e-14,5.210720433581382e-17
474.19,3.631909904184742e-14,5.1922331690454546e-17
474.2,3.6319875327023235e-14,5.1987913554953625e-17
474.21,3.631172378483066e-14,5.168940906895241e-17
474.22,3.630706159432777e-14,5.1666126224942694e-17
474.23,3.63045507215831e-14,5.1864790018654545e-17
474.24,3.630070153386268e-14,5.180565604658434e-17
474.25,3.6296799268669063e-14,5.1829686064899074e-17
474.26,3.629339759814016e-14,5.191631236802787e-17
474.27,3.6289557250490935e-14,5.1825582010778286e-17
474.28,3.6285944269972386e-14,5.1800931406235484e-17
474.29,3.627457941119177e-14,4.799072264764794e-17
474.3,3.627840076525202e-14,5.1847941036619043e-17
474.31,3.62745000245758e-14,5.1694698446555063e-17
474.32,3.627071646135463e-14,5.1626614071936126e-17
474.33,3.6267105931376324e-14,5.163750414541311e-17
474.34,3.626368507131312e-14,5.193860808396634e-17
474.35,3.625974325448033e-14,5.170039710383164e-17
474.36,3.625631224169621e-14,5.184399719691752e-17
474.37,3.625252890340631e-14,5.1890792609178124e-17
474.38,3.624871737055604e-14,5.3647670960886583e-17
474.39,3.624528454486931e-14,5.1784475761467983e-17
474.4,3.6241759803286133e-14,5.178578432148408e-17
474.41,3.623785884065256e-14,5.191404389183977e-17
474.42,3.6234076369129025e-14,5.2056634599532707e-17
474.43,3.6230380100057876e-14,5.176809844206187e-17
474.44,3.6226806228191725e-14,5.1775673482613245e-17
474.45,3.6222834480162307e-14,5.206607511373052e-17
474.46,3.621952264845811e-14,5.187812660385449e-17
474.47,3.6215828712364214e-14,5.188002499365796e-17
474.48,3.621233233798258e-14,5.1998352805451153e-17
474.49,3.620816816022126e-14,5.1637121205787064e-17
474.5,3.6204539266304494e-14,5.177753223671799e-17
474.51,3.6200690133337267e-14,5.1742456072146495e-17
474.52,3.6197256233309874e-14,5.189664735509829e-17
474.53,3.619280529719171e-14,5.1431079467855395e-17
474.54,3.6189863503371274e-14,5.1769747542871703e-17
474.55,3.6185972278888717e-14,5.18190237799492e-17
474.56,3.618299636124119e-14,5.2006769200988454e-17
474.57,3.617911660354832e-14,5.1811966113697175e-17
474.58,3.617524329185074e-14,5.1674492074823794e-17
474.59,3.6171490014166e-14,5.17565865582762e-17
474.6,3.616742995409349e-14,5.166919936180551e-17
474.61,3.616393510002458e-14,5.1829755242305015e-17
474.62,3.616038763025791e-14,5.1724141357051234e-17
474.63,3.615672824185252e-14,5.171671693403759e-17
474.64,3.6152864082865766e-14,5.1836126304586065e-17
474.65,3.614907829372305e-14,5.172227047950621e-17
474.66,3.6145806977895184e-14,5.170955464292446e-17
474.67,3.614200758209076e-14,5.1740119619331035e-17
474.68,3.613820481076311e-14,5.176267433212552e-17
474.69,3.613446955118885e-14,5.1597322867985516e-17
474.7,3.6130776398408475e-14,5.1835987006305297e-17
474.71,3.61272288096251e-14,5.168409780580732e-17
474.72,3.612326640358922e-14,5.1727086378237684e-17
474.73,3.6119408429157354e-14,5.139771258105793e-17
474.74,3.6116076290256966e-14,5.16652554988678e-17
474.75,3.6112622285074154e-14,5.184993556493465e-17
474.76,3.610858736517373e-14,5.1693537664520374e-17
474.77,3.610496905217465e-14,5.163899191824313e-17
474.78,3.610146507652477e-14,5.167986108816494e-17
474.79,3.6097891707128245e-14,5.1486620220527845e-17
474.8,3.609437731802915e-14,5.1757027229469854e-17
474.81,3.6090168746316705e-14,5.1714163690462975e-17
474.82,3.608700921589688e-14,5.185824257686252e-17
474.83,3.6082738749443553e-14,5.1583969250252795e-17
474.84,3.6079376457774716e-14,5.1706265589918475e-17
474.85,3.60756494462936e-14,5.167582281350078e-17
474.86,3.60720311405789e-14,5.1684803938458704e-17
474.87,3.606821429960521e-14,5.165935557906745e-17
474.88,3.606476788763643e-14,5.17112476577251e-17
474.89,3.606097741249853e-14,5.1626548219545466e-17
474.9,3.605739500242753e-14,5.1598300415104864e-17
474.91,3.6053362948502405e-14,5.154516775180779e-17
474.92,3.6050056234983694e-14,5.175419397870521e-17
474.93,3.6046283086508174e-14,5.164533347423078e-17
474.94,3.6042207240339624e-14,5.147636565842621e-17
474.95,3.603918392934305e-14,5.191532597917072e-17
474.96,3.6035140794843716e-14,5.162392163066126e-17
474.97,3.6031603558498016e-14,5.154605459123598e-17
474.98,3.602798333835625e-14,5.171090646704171e-17
474.99,3.6024372068195046e-14,5.1559645024991615e-17
475.0,3.602067994347367e-14,5.164784426927527e-17
475.01,3.601670461168311e-14,5.144093247319439e-17
475.02,3.601308058226659e-14,5.14698644005981e-17
475.03,3.600975919158347e-14,5.1460817031459464e-17
475.04,3.600529313463588e-14,5.1719291415305553e-17
475.05,3.6002157014732414e-14,5.1632802987190635e-17
475.06,3.5998721058662405e-14,5.166166561936176e-17
475.07,3.599477407917414e-14,5.149884572323551e-17
475.08,3.5990966525390945e-14,5.162389588626328e-17
475.09,3.59874225361146e-14,5.1561219709454235e-17
475.1,3.598378206523826e-14,5.1589534227473207e-17
475.11,3.598003372498534e-14,5.158755472370053e-17
475.12,3.597665418933043e-14,5.117026835545316e-17
475.13,3.5972860618157836e-14,5.1612609092577054e-17
475.14,3.596917293866891e-14,5.1469683989506925e-17
475.15,3.596568844107261e-14,5.183572049112192e-17
475.16,3.596179410110776e-14,5.1410127456198494e-17
475.17,3.59583497181953e-14,5.159941290012918e-17
475.18,3.595459244630967e-14,5.1716164989005485e-17
475.19,3.595078476526809e-14,5.145541954231437e-17
475.2,3.594704159845008e-14,5.128194531414187e-17
475.21,3.594350441439275e-14,5.1802534925116317e-17
475.22,3.5940052238880284e-14,5.180387632190455e-17
475.23,3.593643982197726e-14,5.1673653232705015e-17
475.24,3.5933510049735443e-14,5.2215940511520755e-17
475.25,3.592903123992666e-14,5.1656652152531364e-17
475.26,3.592483742450935e-14,5.135844175038395e-17
475.27,3.592164216460484e-14,5.1535560249211785e-17
475.28,3.591777673574647e-14,5.130346467347228e-17
475.29,3.591487112596986e-14,5.150660636129104e-17
475.3,3.590995948363893e-14,5.1417214201474225e-17
475.31,3.590699644433738e-14,5.156715948138571e-17
475.32,3.59042075572515e-14,5.1614444100399925e-17
475.33,3.589963016296715e-14,5.135496620254821e-17
475.34,3.589651132321105e-14,5.151137369628948e-17
475.35,3.589193115052973e-14,5.182235297754653e-17
475.36,3.5888796931041914e-14,5.14383774289785e-17
475.37,3.588528469771918e-14,5.1376142904615516e-17
475.38,3.588172975259495e-14,5.1704034419226163e-17
475.39,3.587856164591613e-14,5.0754986211732784e-17
475.4,3.587427158842276e-14,5.145527086246545e-17
475.41,3.587050355694052e-14,5.149889341801348e-17
475.42,3.586682587283954e-14,5.148047248417199e-17
475.43,3.586316998920493e-14,5.128475269603356e-17
475.44,3.585983777325358e-14,5.140225159447889e-17
475.45,3.585565773225214e-14,5.12876437778273e-17
475.46,3.5852834218710885e-14,5.1318556511152676e-17
475.47,3.584825469566004e-14,5.1195592901947e-17
475.48,3.584819617752908e-14,5.517574014587108e-17
475.49,3.5841411282378214e-14,5.1422241168276083e-17
475.5,3.583722520416198e-14,5.111158425446794e-17
475.51,3.5834123148683916e-14,5.170743923032892e-17
475.52,3.583078438208837e-14,5.194390246999133e-17
475.53,3.582692450490631e-14,5.112266422131642e-17
475.54,3.582282454499763e-14,5.11208236291688e-17
475.55,3.581595363099046e-14,5.149784851295542e-17
475.56,3.581531121836353e-14,5.126810374111932e-17
475.57,3.5809088195690776e-14,4.976830333424494e-17
475.58,3.5808201998481376e-14,5.1210085263129e-17
475.59,3.58048244329523e-14,5.1661907248636054e-17
475.6,3.580090124192369e-14,5.119903132543719e-17
475.61,3.579689727512564e-14,5.128477565735301e-17
475.62,3.5793998146390475e-14,5.1344198147844027e-17
475.63,3.579040901754612e-14,5.1572981376315544e-17
475.64,3.578668939776581e-14,5.1215348396524885e-17
475.65,3.578332301234009e-14,5.1345133545344305e-17
475.66,3.5778137623294855e-14,5.1460036783412505e-17
475.67,3.5775614793185176e-14,5.1029579311498813e-17
475.68,3.5771908920382836e-14,5.1197005489923614e-17
475.69,3.576855801217599e-14,5.1606789853222846e-17
475.7,3.57646572385015e-14,5.1231060740916826e-17
475.71,3.576100253276861e-14,5.118314604773328e-17
475.72,3.5757272098675546e-14,5.121566271154286e-17
475.73,3.575382127708994e-14,5.1218793231891e-17
475.74,3.575038291728334e-14,5.1372362964016036e-17
475.75,3.57467192228107e-14,5.130223658036623e-17
475.76,3.574284137210661e-14,5.127395507460869e-17
475.77,3.573949830433535e-14,5.156961775655235e-17
475.78,3.573580943844126e-14,5.1403164127883144e-17
475.79,3.5731866813603914e-14,5.122843307322765e-17
475.8,3.57284321214741e-14,5.100809829894895e-17
475.81,3.572429095367091e-14,5.095384283151476e-17
475.82,3.572092370454871e-14,5.1272862429353434e-17
475.83,3.571742431419822e-14,5.1162569962647314e-17
475.84,3.571397494683052e-14,5.1320996776746925e-17
475.85,3.571025279251704e-14,5.1173997974925317e-17
475.86,3.570686929377056e-14,5.1269167552680434e-17
475.87,3.5702797835236e-14,5.1001837491470434e-17
475.88,3.5699761495117106e-14,5.13066333229837e-17
475.89,3.569513862934124e-14,5.116960147704497e-17
475.9,3.569254710307707e-14,5.119144059735408e-17
475.91,3.5688298404648436e-14,5.098104650249726e-17
475.92,3.5684436389246174e-14,5.119938337539287e-17
475.93,3.5681407130374624e-14,5.1146786704058355e-17
475.94,3.567792211356309e-14,5.1331807572573103e-17
475.95,3.567363836848606e-14,5.1198613571394454e-17
475.96,3.5670221989086285e-14,5.12138642484111e-17
475.97,3.5665817949968475e-14,5.1124990719031e-17
475.98,3.566292354511834e-14,5.1265515874086176e-17
475.99,3.5659535698250245e-14,5.112719833999472e-17
476.0,3.565485099902455e-14,4.983533564521175e-17
476.01,3.5651559200938134e-14,5.086589828229554e-17
476.02,3.564834864361583e-14,5.1198325289153537e-17
476.03,3.564478017040077e-14,5.105021035086646e-17
476.04,3.564111303199516e-14,5.11030785650934e-17
476.05,3.5637673865383104e-14,5.121636731554161e-17
476.06,3.5633965712694247e-14,5.1075409698716206e-17
476.07,3.5630352771228155e-14,5.096386922830733e-17
476.08,3.562697471835577e-14,5.113999555404291e-17
476.09,3.562311412264663e-14,5.12100147398663e-17
476.1,3.561896307360318e-14,5.1245322691171866e-17
476.11,3.561516280734401e-14,5.091808976543704e-17
476.12,3.5612466816726284e-14,5.113618586873209e-17
476.13,3.5608427215712315e-14,5.10429761292192e-17
476.14,3.560524523464459e-14,5.0761833429656264e-17
476.15,3.560172015373825e-14,5.1024635611602534e-17
476.16,3.55976997115702e-14,5.1074948162332546e-17
476.17,3.559399324461953e-14,5.0975838147235495e-17
476.18,3.5590619047074876e-14,5.08285931438075e-17
476.19,3.559089421367807e-14,5.201289262009689e-17
476.2,3.558344969810915e-14,5.1076326667010084e-17
476.21,3.557972599454297e-14,5.108268831342818e-17
476.22,3.557599579404979e-14,5.094713234772727e-17
476.23,3.557234714632692e-14,5.090483700454827e-17
476.24,3.556907421797005e-14,5.104696930287139e-17
476.25,3.556536116815074e-14,5.127829015906914e-17
476.26,3.5561396972524407e-14,5.094253361522041e-17
476.27,3.5557640638607507e-14,5.054432858389157e-17
476.28,3.5554341891119365e-14,5.1310829540185114e-17
476.29,3.555083337863988e-14,5.0961404469581415e-17
476.3,3.55471450926579e-14,5.086330963563178e-17
476.31,3.554323349444448e-14,5.10198520423962e-17
476.32,3.5539971024689066e-14,5.085202478029262e-17
476.33,3.553623972334041e-14,5.089200168793007e-17
476.34,3.553250201116786e-14,5.0820444128327496e-17
476.35,3.5528975195043646e-14,5.090771922893786e-17
476.36,3.552562793271046e-14,5.0973861959394257e-17
476.37,3.5521976329347e-14,5.0926661797598046e-17
476.38,3.551810307450847e-14,5.0791117305381936e-17
476.39,3.55151472849484e-14,5.089739408933376e-17
476.4,3.551067134444973e-14,5.0836513594026086e-17
476.41,3.5507151518173326e-14,5.087495755337353e-17
476.42,3.550280947512283e-14,5.057629953675178e-17
476.43,3.550003866157256e-14,5.079412224168096e-17
476.44,3.5496348191957407e-14,5.0810636441091135e-17
476.45,3.549307151569872e-14,5.0830357732173605e-17
476.46,3.548966353268383e-14,5.0888184233762165e-17
476.47,3.5485409010952736e-14,5.072525309697322e-17
476.48,3.548199596831523e-14,5.0580324066114934e-17
476.49,3.547854170937391e-14,5.084692810915616e-17
476.5,3.547465516498672e-14,5.0327851903309846e-17
476.51,3.5471043118190524e-14,5.0881387116320807e-17
476.52,3.5467589698486934e-14,5.0530379976090986e-17
476.53,3.546397150169494e-14,5.08613155821773e-17
476.54,3.5461135102076126e-14,5.1104285695720184e-17
476.55,3.545690906535024e-14,5.080411185431128e-17
476.56,3.5453500566117406e-14,5.085723066461772e-17
476.57,3.54495308768933e-14,5.072577088188855e-17
476.58,3.544614502617472e-14,5.028434786991372e-17
476.59,3.5442326779884504e-14,5.0642291356091224e-17
476.6,3.543885349065937e-14,5.068468365407747e-17
476.61,3.5435253171448253e-14,5.0848916889440395e-17
476.62,3.5431108837284055e-14,5.043049388137724e-17
476.63,3.542792778799085e-14,5.066973639489135e-17
476.64,3.542422668507673e-14,5.0575388742179176e-17
476.65,3.542046818526757e-14,5.06625064914261e-17
476.66,3.541747924904231e-14,5.0797755064523206e-17
476.67,3.54137050590879e-14,5.0659475823696604e-17
476.68,3.5410084373239725e-14,5.075707204385021e-17
476.69,3.5406243870682504e-14,5.0699806102067183e-17
476.7,3.540286888698275e-14,5.073742656947477e-17
476.71,3.5399211007809883e-14,5.0712407004088e-17
476.72,3.539544662707467e-14,5.074861306707971e-17
476.73,3.539203388172928e-14,5.085454244910664e-17
476.74,3.538851574120221e-14,5.070449794836428e-17
476.75,3.538484522695628e-14,5.049529279946753e-17
476.76,3.53811674917032e-14,5.0508289311757403e-17
476.77,3.5377639315850054e-14,5.081627205025122e-17
476.78,3.5374147056342493e-14,5.0698415407137047e-17
476.79,3.537046559586888e-14,5.062711820841494e-17
476.8,3.5366569466129803e-14,5.0467255923548426e-17
476.81,3.536332430572797e-14,5.0579473955753527e-17
476.82,3.535958525121058e-14,5.060935118895685e-17
476.83,3.5356035002850925e-14,5.05205103433059e-17
476.84,3.5352509947494224e-14,5.05545207024788e-17
476.85,3.5348947190264133e-14,5.051388674021328e-17
476.86,3.534530866047881e-14,5.0559068696923155e-17
476.87,3.5341700559711246e-14,5.050239249277258e-17
476.88,3.5337946359532226e-14,5.0470663376798516e-17
476.89,3.533447132062748e-14,5.0501339283108225e-17
476.9,3.533063912918821e-14,5.0363261233516984e-17
476.91,3.5327277079576985e-14,5.044432147285305e-17
476.92,3.5323551569195656e-14,5.028249275415098e-17
476.93,3.532032492585214e-14,5.03707564594835e-17
476.94,3.5316563698852187e-14,5.042244758769344e-17
476.95,3.531322451892593e-14,5.0468173341821606e-17
476.96,3.5309562295223854e-14,5.064747363954174e-17
476.97,3.530580627820727e-14,5.047494363283459e-17
476.98,3.53022784588298e-14,5.0202800894299927e-17
476.99,3.529886739100346e-14,5.036633410964722e-17
477.0,3.529507708351044e-14,5.0266296189310585e-17
477.01,3.5291480354880437e-14,5.052393352167378e-17
477.02,3.5287906959953254e-14,5.022641291021442e-17
477.03,3.528455024545928e-14,5.036899481902158e-17
477.04,3.5280941363913454e-14,5.040486741476777e-17
477.05,3.527720880774694e-14,5.0358019404824235e-17
477.06,3.52734145032762e-14,5.016048341044103e-17
477.07,3.5269719872396357e-14,5.027112031615976e-17
477.08,3.526617357564364e-14,5.0480572535354673e-17
477.09,3.526311731449992e-14,5.0280372816222346e-17
477.1,3.525937462321291e-14,5.050442233136416e-17
477.11,3.525507204780368e-14,4.99300453186468e-17
477.12,3.5252103347765425e-14,5.060835626181486e-17
477.13,3.524822067311281e-14,4.979210336231991e-17
477.14,3.524517904589318e-14,5.0331998486530503e-17
477.15,3.524155991212117e-14,5.0413229021244005e-17
477.16,3.523776947452888e-14,5.0274372875949743e-17
477.17,3.5234500006487014e-14,5.0489095824343855e-17
477.18,3.523052592644461e-14,5.0149648218640804e-17
477.19,3.522689253832782e-14,5.01321969016588e-17
477.2,3.522326290373886e-14,5.010560371817347e-17
477.21,3.522010768804325e-14,5.035005696599439e-17
477.22,3.521626663738615e-14,5.012944042482749e-17
477.23,3.521278025530733e-14,4.998720392759646e-17
477.24,3.520921712259768e-14,5.02194568364659e-17
477.25,3.5205661899471505e-14,5.020290050343212e-17
477.26,3.520201289856093e-14,4.991070197219633e-17
477.27,3.5198396549392505e-14,5.01758850757873e-17
477.28,3.5194897143718e-14,5.023209944280005e-17
477.29,3.5191875809842866e-14,5.0676037140797496e-17
477.3,3.51878563818263e-14,5.009918504885909e-17
477.31,3.518454963987888e-14,5.0433876292384004e-17
477.32,3.518053250953976e-14,5.0041859753186944e-17
477.33,3.517712473752235e-14,5.0108064849418495e-17
477.34,3.517319689123233e-14,4.986504518694068e-17
477.35,3.5170186489797445e-14,5.0530571708084755e-17
477.36,3.5166257960876546e-14,5.023041244637382e-17
477.37,3.516279120230429e-14,5.0055125648126317e-17
477.38,3.515921653722821e-14,5.0052899231508756e-17
477.39,3.5155633905823705e-14,4.98919401088648e-17
477.4,3.515195973109374e-14,4.988746499151724e-17
477.41,3.5148512151273586e-14,5.020783724912079e-17
477.42,3.514490382615374e-14,4.9912267574462626e-17
477.43,3.5141796402272867e-14,5.028881888222045e-17
477.44,3.5137650166701874e-14,5.003033230700274e-17
477.45,3.513405181649555e-14,5.002281892355519e-17
477.46,3.5131032614610986e-14,4.990165265325709e-17
477.47,3.512712521803194e-14,4.992896791061487e-17
477.48,3.5123430356394016e-14,5.005306939931746e-17
477.49,3.5119961210391476e-14,5.0069847809511464e-17
477.5,3.511651891562008e-14,4.991252164063557e-17
477.51,3.511293534089351e-14,4.993183538686045e-17
477.52,3.510885556080686e-14,5.0244176740190793e-17
477.53,3.510561990872207e-14,5.005711203442324e-17
477.54,3.5102160546379407e-14,4.9897092812429644e-17
477.55,3.5098176055834625e-14,4.9862221877848625e-17
477.56,3.5095027345715814e-14,4.9967320599072955e-17
477.57,3.5091550006485355e-14,4.991643352719895e-17
477.58,3.5087810200349e-14,4.988405910575648e-17
477.59,3.508377085787065e-14,4.957878887138732e-17
477.6,3.508057679356141e-14,4.9801488874578806e-17
477.61,3.5077535548344166e-14,4.984320895614904e-17
477.62,3.5073765185510013e-14,4.962906299252901e-17
477.63,3.5070080560580753e-14,4.988712721806986e-17
477.64,3.506677522074359e-14,4.9879613796114724e-17
477.65,3.5063010301194306e-14,5.019302330683464e-17
477.66,3.505930812106887e-14,4.9852767536924336e-17
477.67,3.5055982111004646e-14,4.9817712742946757e-17
477.68,3.5052416200068555e-14,5.044616217999684e-17
477.69,3.504861931518115e-14,4.9792825047430256e-17
477.7,3.5045495472437364e-14,4.975197009681487e-17
477.71,3.5043926607472925e-14,4.975908300730744e-17
477.72,3.5038061310848e-14,4.9742511495832015e-17
477.73,3.5034584469499755e-14,4.9895448991964977e-17
477.74,3.503126203101729e-14,4.990360448586992e-17
477.75,3.5027473976320154e-14,4.973334980627915e-17
477.76,3.502398781675986e-14,4.9663282273352604e-17
477.77,3.502062548538068e-14,4.968859911701177e-17
477.78,3.5016800719519054e-14,4.9723225388841875e-17
477.79,3.5012805982716115e-14,4.9283677572396594e-17
477.8,3.500997068136084e-14,4.9886643088393997e-17
477.81,3.5006755535104936e-14,4.993975885028157e-17
477.82,3.500286561211444e-14,4.9811648532385966e-17
477.83,3.4999064804762593e-14,4.972291511791085e-17
477.84,3.499554571600891e-14,4.964013543696899e-17
477.85,3.4992076958772825e-14,4.9722975578383064e-17
477.86,3.498846397012775e-14,4.957856465550892e-17
477.87,3.498509587673525e-14,4.989908958893031e-17
477.88,3.49812750254442e-14,4.949982359731352e-17
477.89,3.4977753099409096e-14,4.9461395116240345e-17
477.9,3.497437020501147e-14,4.938256528442222e-17
477.91,3.497060595528211e-14,4.970419109608761e-17
477.92,3.496737068890476e-14,4.941298869454966e-17
477.93,3.4963693071330237e-14,4.964371162416308e-17
477.94,3.496017483524744e-14,4.962152526208118e-17
477.95,3.495643394525925e-14,4.942654622564239e-17
477.96,3.495347910978957e-14,4.959977074854433e-17
477.97,3.4949479914941045e-14,4.948831943321371e-17
477.98,3.494593829742869e-14,4.9528153557468864e-17
477.99,3.4942518626736214e-14,4.9578713823844746e-17
478.0,3.49392956963744e-14,4.9451500079043095e-17
478.01,3.4935332648680614e-14,4.939777217778144e-17
478.02,3.493193416831947e-14,4.949725960880456e-17
478.03,3.49283798749934e-14,4.9536081153972236e-17
478.04,3.4924391093891837e-14,4.949115456123986e-17
478.05,3.4921640411529163e-14,4.986107650069338e-17
478.06,3.491787378270816e-14,4.955566778453604e-17
478.07,3.4913884124395837e-14,4.8569359578271667e-17
478.08,3.4910423006641463e-14,4.933439715474712e-17
478.09,3.490682184543614e-14,4.9570908105709565e-17
478.1,3.4903498831686595e-14,4.9331343702240675e-17
478.11,3.490019408506341e-14,4.9549807991751775e-17
478.12,3.4896675402941265e-14,4.965481861649456e-17
478.13,3.4892727473349314e-14,4.934943582292332e-17
478.14,3.489014623474317e-14,5.276086369549053e-17
478.15,3.4885268506411104e-14,4.907172361218045e-17
478.16,3.488204833984915e-14,5.10328327361627e-17
478.17,3.487883167649991e-14,4.946260953066022e-17
478.18,3.487525503038155e-14,4.959534136472061e-17
478.19,3.4871466699633443e-14,4.9221352583039016e-17
478.2,3.486816659577923e-14,4.943595520844247e-17
478.21,3.4864846303390396e-14,4.9252007339860794e-17
478.22,3.486117143080677e-14,4.924573342933521e-17
478.23,3.485970154148947e-14,5.0830598683516826e-17
478.24,3.485419046490119e-14,4.941097060742162e-17
478.25,3.485038810372777e-14,4.926598165947601e-17
478.26,3.4846966306850466e-14,4.919516156012852e-17
478.27,3.484305965591365e-14,4.916790991652096e-17
478.28,3.483989791807446e-14,4.921691974018043e-17
478.29,3.483661783371769e-14,4.923770964304206e-17
478.3,3.4833029479731565e-14,4.915505993963506e-17
478.31,3.4829597159107115e-14,4.927920969118487e-17
478.32,3.482629530904926e-14,4.8723397614769214e-17
478.33,3.482244806816348e-14,4.9314855900080255e-17
478.34,3.4818556223685856e-14,4.910565619694674e-17
478.35,3.481538477674759e-14,4.9231328815630924e-17
478.36,3.4811616339894054e-14,4.9332428285191247e-17
478.37,3.480825987473889e-14,4.919389156543178e-17
478.38,3.480475908560266e-14,4.932598034615831e-17
478.39,3.4801294713382405e-14,4.9151994507581646e-17
478.4,3.4797507412553467e-14,4.9145049788438086e-17
478.41,3.479428667680311e-14,4.890393001927123e-17
478.42,3.479062276886061e-14,4.922597460283043e-17
478.43,3.47869969440161e-14,4.923928511891796e-17
478.44,3.478344410940807e-14,4.909828875160764e-17
478.45,3.4780086766527674e-14,4.893959585097667e-17
478.46,3.477675674860689e-14,4.910952682739882e-17
478.47,3.47734809556735e-14,4.9412644816036426e-17
478.48,3.4769228710186084e-14,4.8835340482986015e-17
478.49,3.476596383794459e-14,4.910295488701165e-17
478.5,3.476226241062101e-14,4.895223374141452e-17
478.51,3.4759043267322e-14,4.8993035749885055e-17
478.52,3.475545565023715e-14,4.910454533687693e-17
478.53,3.475183062500306e-14,4.898364186383786e-17
478.54,3.4748969021544283e-14,4.8986721228793373e-17
478.55,3.474504456531507e-14,4.915908249346005e-17
478.56,3.4741160868840216e-14,4.879964793932177e-17
478.57,3.4737992421834875e-14,4.907753123883011e-17
478.58,3.473467878017817e-14,4.923907089138203e-17
478.59,3.4730970348689915e-14,4.9149292753394035e-17
478.6,3.472724535776319e-14,4.898499325877648e-17
478.61,3.472382727904416e-14,4.893427661425893e-17
478.62,3.472045055325179e-14,4.8922033873644677e-17
478.63,3.471680494552871e-14,4.905881483110952e-17
478.64,3.471337111917498e-14,4.9043379019272234e-17
478.65,3.470934730997506e-14,4.9072650188151177e-17
478.66,3.4706631691167984e-14,4.906101072246358e-17
478.67,3.470161214405663e-14,4.852161776126405e-17
478.68,3.469892943997868e-14,4.890382688429186e-17
478.69,3.469597615214204e-14,4.886441966697176e-17
478.7,3.46922700948925e-14,4.886995377374269e-17
478.71,3.468820825241186e-14,4.8797987083033083e-17
478.72,3.468539518579888e-14,4.884350828464108e-17
478.73,3.468186681768723e-14,4.911369619157857e-17
478.74,3.4678031137277504e-14,4.887543797125295e-17
478.75,3.467466203832061e-14,4.879569693760331e-17
478.76,3.4671352093733736e-14,4.8816513106064814e-17
478.77,3.466778904111354e-14,4.891123118343599e-17
478.78,3.4664350329130156e-14,4.909273392946428e-17
478.79,3.4660779184956516e-14,4.8846710019611275e-17
478.8,3.46573602971074e-14,4.889699007816271e-17
478.81,3.465342515964501e-14,4.882207811474954e-17
478.82,3.4650077962138363e-14,4.890867328274676e-17
478.83,3.464661545524237e-14,4.8848536823145066e-17
478.84,3.464324686928305e-14,4.8746404301623915e-17
478.85,3.463966120108284e-14,4.8778747865781895e-17
478.86,3.463604089486871e-14,4.866049740856383e-17
478.87,3.4632781489740114e-14,4.8818750632813495e-17
478.88,3.462882708440543e-14,4.8802471306668906e-17
478.89,3.46257532668664e-14,4.900887876626498e-17
478.9,3.4621999465550405e-14,4.862843312890385e-17
478.91,3.461926836550508e-14,4.898608271244361e-17
478.92,3.461488004953409e-14,4.8747288436173597e-17
478.93,3.4611501323891903e-14,4.870602094346853e-17
478.94,3.460809403403544e-14,4.877280092064322e-17
478.95,3.460437852235096e-14,4.8621516313742956e-17
478.96,3.4601059291739333e-14,4.856064016650181e-17
478.97,3.459762352511513e-14,4.866450401214974e-17
478.98,3.4594149595647354e-14,4.85774619757381e-17
478.99,3.459077859370868e-14,4.896816408162282e-17
479.0,3.4587387565297445e-14,4.8971411847645603e-17
479.01,3.458363719367856e-14,4.876277459118957e-17
479.02,3.4580379542324666e-14,4.880407149941544e-17
479.03,3.457655587054312e-14,4.8486440270648414e-17
479.04,3.45732606608941e-14,4.8530794949957686e-17
479.05,3.456981755502169e-14,4.842376279735132e-17
479.06,3.456616750804961e-14,4.856598187723696e-17
479.07,3.4563018797710876e-14,4.872784051521811e-17
479.08,3.455885228150673e-14,4.8510009127650004e-17
479.09,3.455502253341418e-14,4.8725231703149296e-17
479.1,3.4552496802921146e-14,4.8523467544416624e-17
479.11,3.4548813496164846e-14,4.8556162550241985e-17
479.12,3.454531675178931e-14,4.865014178233549e-17
479.13,3.4541964606443596e-14,4.849261360546836e-17
479.14,3.453822661298263e-14,4.83530551093631e-17
479.15,3.453526142579219e-14,4.858222957673513e-17
479.16,3.453121006665708e-14,4.846921125377571e-17
479.17,3.452794645138957e-14,4.8544905865147385e-17
479.18,3.4524082939013464e-14,4.8431756551409784e-17
479.19,3.452087003418792e-14,4.8515994755671366e-17
479.2,3.451747108291849e-14,4.837396238118948e-17
479.21,3.4513884987057415e-14,4.8515627148188204e-17
479.22,3.4510651227922923e-14,4.8597189639399e-17
479.23,3.45070545018222e-14,4.8722102042474896e-17
479.24,3.450331259104629e-14,4.8858103307718585e-17
479.25,3.4499946930363e-14,4.8375230322806294e-17
479.26,3.44966160642342e-14,4.8328071689175866e-17
479.27,3.4492932794489354e-14,4.8279806123644855e-17
479.28,3.448938952782951e-14,4.82307350673866e-17
479.29,3.448634801372864e-14,4.8476563363483206e-17
479.3,3.448252500365346e-14,4.8405876986648966e-17
479.31,3.4479640826807314e-14,4.844601372369561e-17
479.32,3.447534232103879e-14,4.83577838534363e-17
479.33,3.447117296159988e-14,4.696889187055455e-17
479.34,3.446866316453464e-14,4.839801873303543e-17
479.35,3.446543276935483e-14,4.834693896233091e-17
479.36,3.446167514733091e-14,4.843179083290775e-17
479.37,3.445799707267615e-14,4.84559364568687e-17
479.38,3.445482545231028e-14,4.8386223430353004e-17
479.39,3.445121694048828e-14,4.840136765533983e-17
479.4,3.44466566729623e-14,4.860052096301029e-17
479.41,3.444464338985e-14,4.814842334477553e-17
479.42,3.4439807164256333e-14,4.5138058678652674e-17
479.43,3.4437615687763076e-14,4.890679981064583e-17
479.44,3.443323037324318e-14,4.789489169596373e-17
479.45,3.4430123326763423e-14,4.795629813657057e-17
479.46,3.44272988772224e-14,4.842959393054841e-17
479.47,3.442352547208345e-14,4.8275798805200077e-17
479.48,3.442006214190408e-14,4.849383349514106e-17
479.49,3.441599252072378e-14,4.672912276224656e-17
479.5,3.4412950471465807e-14,4.815820825078949e-17
479.51,3.440689817946958e-14,4.930285538175719e-17
479.52,3.440604046354919e-14,4.82026921765818e-17
479.53,3.440243197789478e-14,4.8314008241273144e-17
479.54,3.439889312279067e-14,4.8266710875588113e-17
479.55,3.439571115985956e-14,4.831786897724912e-17
479.56,3.439241401592288e-14,4.822157912909053e-17
479.57,3.438879771764589e-14,4.82730918179296e-17
479.58,3.438481761518195e-14,4.8154074894432615e-17
479.59,3.438177577593068e-14,4.8136805837630234e-17
479.6,3.4378464930552863e-14,4.8414593124615356e-17
479.61,3.4374892705887164e-14,4.8488607117010266e-17
479.62,3.4371619112054746e-14,4.8281487905287554e-17
479.63,3.4367969462685193e-14,4.8173980485675467e-17
479.64,3.436445788296525e-14,4.816443971173174e-17
479.65,3.4360983134986336e-14,4.819651495005966e-17
479.66,3.4357494435779867e-14,4.7924174622362095e-17
479.67,3.4354008493898976e-14,4.818673290157224e-17
479.68,3.435023765085153e-14,4.8028760435048595e-17
479.69,3.4347056617244966e-14,4.81112007944721e-17
479.7,3.434440486746027e-14,4.82042334094015e-17
479.71,3.434023161109239e-14,4.8132602787799876e-17
479.72,3.433681623308449e-14,4.8052160341871256e-17
479.73,3.4333224691250624e-14,4.800694995635645e-17
479.74,3.432952816096264e-14,4.809096372172474e-17
479.75,3.432632176706421e-14,4.7901727409530507e-17
479.76,3.4323278987417614e-14,4.800871732049453e-17
479.77,3.431950881469161e-14,4.8183482811731553e-17
479.78,3.4316268932983965e-14,4.801138464086526e-17
479.79,3.431210063602033e-14,4.7810100417179865e-17
479.8,3.430893141771792e-14,4.808853877912371e-17
479.81,3.430564758116357e-14,4.814862980490252e-17
479.82,3.430222415292765e-14,4.830440333296973e-17
479.83,3.4298688999729786e-14,4.809492507395451e-17
479.84,3.42952693445221e-14,4.8297570502272105e-17
479.85,3.4291923924716396e-14,4.8117931309776714e-17
479.86,3.428840471096227e-14,4.807844788527603e-17
479.87,3.428473576586725e-14,4.813364951357584e-17
479.88,3.427887656744704e-14,4.7353574259852857e-17
479.89,3.427778207972671e-14,4.80409394457316e-17
479.9,3.4274496664987106e-14,4.8358032834105903e-17
479.91,3.4270817120779016e-14,4.871532548762629e-17
479.92,3.4267547824338626e-14,4.782471870812357e-17
479.93,3.426389782692059e-14,4.788217757306851e-17
479.94,3.426072501522648e-14,4.79499270488811e-17
479.95,3.4256755899368063e-14,4.802476597965314e-17
479.96,3.4253955597595117e-14,4.8025039193840836e-17
479.97,3.4250291532094636e-14,4.8191457616698236e-17
479.98,3.424689279532104e-14,4.802711446289823e-17
479.99,3.424332839879824e-14,4.8035077767655185e-17
480.0,3.423992220428483e-14,4.7944834795585605e-17
480.01,3.4236442511826616e-14,4.803345094792985e-17
480.02,3.423306721456286e-14,4.8030107731989645e-17
480.03,3.4229764804457684e-14,4.769573557309216e-17
480.04,3.422656044977144e-14,4.819829719346502e-17
480.05,3.4222716911922855e-14,4.805133390064489e-17
480.06,3.42192760176196e-14,4.793921749234179e-17
480.07,3.421597377903944e-14,4.7958066946816785e-17
480.08,3.4212517355196034e-14,4.813308817749677e-17
480.09,3.420898015721975e-14,4.804907154341171e-17
480.1,3.420573655546375e-14,4.7799937777766146e-17
480.11,3.4201994569004484e-14,4.789293543208165e-17
480.12,3.419894943705227e-14,4.740335603274559e-17
480.13,3.4196030142987114e-14,4.7501368373956793e-17
480.14,3.419190689594684e-14,4.8018348307849925e-17
480.15,3.4188314034509047e-14,4.806293075955919e-17
480.16,3.4184673185264126e-14,4.7836391735447567e-17
480.17,3.418114751990125e-14,4.779325759754375e-17
480.18,3.4178104568221925e-14,4.805722878529798e-17
480.19,3.4174499055510083e-14,4.7945264196101104e-17
480.2,3.417104664114389e-14,4.783539628624797e-17
480.21,3.416701421428637e-14,4.732963329182306e-17
480.22,3.41641963456038e-14,4.7793612903003564e-17
480.23,3.416075600361167e-14,4.793052182810449e-17
480.24,3.4157346510835766e-14,4.7895718911488887e-17
480.25,3.415386222643678e-14,4.783839507647219e-17
480.26,3.4150458014008066e-14,4.781288999289824e-17
480.27,3.414683704593078e-14,4.7890392872421674e-17
480.28,3.4143458362258265e-14,4.782518683417632e-17
480.29,3.4140123699880447e-14,4.792838633561049e-17
480.3,3.413666123959667e-14,4.8028355136927913e-17
480.31,3.413306625165539e-14,4.7856626429742315e-17
480.32,3.4129863485041075e-14,4.7753282092504156e-17
480.33,3.412651765290828e-14,4.7730718043165765e-17
480.34,3.4122783339421454e-14,4.804492184594725e-17
480.35,3.411942786405674e-14,4.810370965103429e-17
480.36,3.4116101572888276e-14,4.7838782633520417e-17
480.37,3.4112388496967267e-14,4.7741188017652285e-17
480.38,3.410936409217979e-14,4.800338627353158e-17
480.39,3.4105709523412576e-14,4.781202252443389e-17
480.4,3.4102398519939944e-14,4.770177449588258e-17
480.41,3.409855983279744e-14,4.780540128669472e-17
480.42,3.409527577379524e-14,4.77351050147289e-17
480.43,3.4092055421693175e-14,4.7722485161707393e-17
480.44,3.408985598833188e-14,4.818941338752373e-17
480.45,3.4084857079694226e-14,4.755680521083442e-17
480.46,3.408144200908696e-14,4.782627802489784e-17
480.47,3.4078596997016085e-14,4.786711241120902e-17
480.48,3.407461757936775e-14,4.806982404190849e-17
480.49,3.407124484261221e-14,4.779917433456349e-17
480.5,3.406789017640395e-14,4.765697819072053e-17
480.51,3.4064702601934244e-14,4.767039367698679e-17
480.52,3.406101615447658e-14,4.787414305671745e-17
480.53,3.405751207670267e-14,4.774989885118158e-17
480.54,3.405398677234939e-14,4.781470791171053e-17
480.55,3.405066353154543e-14,4.79577305955831e-17
480.56,3.404769511526495e-14,4.7771495822265177e-17
480.57,3.4044051008002756e-14,4.760217911458814e-17
480.58,3.404090050579162e-14,4.800884475639673e-17
480.59,3.4037098242981955e-14,4.792884565435187e-17
480.6,3.403339512811657e-14,4.774278437491112e-17
480.61,3.403042225170235e-14,4.791262566781238e-17
480.62,3.402656379340502e-14,4.7565579830180326e-17
480.63,3.402331070837598e-14,4.7548649448561193e-17
480.64,3.40198135598274e-14,4.764232266076423e-17
480.65,3.401657291244893e-14,4.773851304256492e-17
480.66,3.4013303109663426e-14,4.796043981122532e-17
480.67,3.4009502567396126e-14,4.767997963916055e-17
480.68,3.4006237483505774e-14,4.7783373287244825e-17
480.69,3.400281012415844e-14,4.770521095495904e-17
480.7,3.399926039159653e-14,4.7655280352399814e-17
480.71,3.39959685026172e-14,4.769534205059276e-17
480.72,3.3992772060353105e-14,4.7745739051760795e-17
480.73,3.39891505111541e-14,4.773677999329806e-17
480.74,3.39855424142587e-14,4.7629219652605103e-17
480.75,3.398232342061348e-14,4.7690318212450386e-17
480.76,3.397889298112221e-14,4.7724472864700625e-17
480.77,3.397542305908363e-14,4.7748084056750146e-17
480.78,3.397187807489315e-14,4.764010233492852e-17
480.79,3.396857209955765e-14,4.771837019460117e-17
480.8,3.396527115628005e-14,4.7632675434593194e-17
480.81,3.396205764581699e-14,4.7713413852366595e-17
480.82,3.395822038089558e-14,4.7596372130587395e-17
480.83,3.395488156119825e-14,4.7474592914428036e-17
480.84,3.395156598822014e-14,4.748470807279736e-17
480.85,3.394807399377417e-14,4.775948472383341e-17
480.86,3.394449924631577e-14,4.759032158969477e-17
480.87,3.3941321474236923e-14,4.766641318483874e-17
480.88,3.393793709846012e-14,4.7471438421820987e-17
480.89,3.393470351485698e-14,4.785896644401623e-17
480.9,3.3930944446829176e-14,4.7588366891788056e-17
480.91,3.392755867389685e-14,4.7583006449249263e-17
480.92,3.3924007246434196e-14,4.7623058712029254e-17
480.93,3.392096298156937e-14,4.7751586330038805e-17
480.94,3.391689231928994e-14,4.739718281009135e-17
480.95,3.391377169880041e-14,4.7589143797639434e-17
480.96,3.3910642887921e-14,4.7597864031036217e-17
480.97,3.3906966103376714e-14,4.773754026064476e-17
480.98,3.390360753989592e-14,4.775961155677915e-17
480.99,3.3900382868386926e-14,4.757173864158262e-17
481.0,3.3897217526144174e-14,4.75195859497375e-17
481.01,3.3893309095161287e-14,4.766183082029605e-17
481.02,3.3889808769313996e-14,4.778449072223893e-17
481.03,3.3886176442703674e-14,4.7457441953429405e-17
481.04,3.3883322508395185e-14,4.749705206507357e-17
481.05,3.387939301218668e-14,4.745982034746216e-17
481.06,3.387557259671934e-14,4.7424449906235606e-17
481.07,3.3873083117486745e-14,4.7641665127259705e-17
481.08,3.386995628756709e-14,4.779204206113774e-17
481.09,3.386608418804963e-14,4.771333366909623e-17
481.1,3.3862992739106815e-14,4.758964062659216e-17
481.11,3.385967147008632e-14,4.7552615391159097e-17
481.12,3.38558831177442e-14,4.760858928728488e-17
481.13,3.385263850286328e-14,4.751134935351436e-17
481.14,3.384930694176764e-14,4.760835852287798e-17
481.15,3.3845928736984456e-14,4.779387044558915e-17
481.16,3.384240205076636e-14,4.762322321718153e-17
481.17,3.3839085353971984e-14,4.77926131325282e-17
481.18,3.383576976307718e-14,4.763871004769304e-17
481.19,3.3832384315883786e-14,4.7567799950247273e-17
481.2,3.3829301664252215e-14,4.780778536227566e-17
481.21,3.3825584712911857e-14,4.754332028017626e-17
481.22,3.3822040382322365e-14,4.7623046400197986e-17
481.23,3.3818562541259594e-14,4.755014797962221e-17
481.24,3.3814906066184304e-14,4.7419905837064184e-17
481.25,3.381176930763935e-14,4.753636562258553e-17
481.26,3.380882564290616e-14,4.764081769900136e-17
481.27,3.380480214395901e-14,4.7576959599029465e-17
481.28,3.380136857511599e-14,4.7457158745567414e-17
481.29,3.379701044744492e-14,4.765202681069918e-17
481.3,3.3794742709374396e-14,4.748356742174128e-17
481.31,3.3791353345608466e-14,4.7695084156238685e-17
481.32,3.378819762262837e-14,4.758599000106532e-17
481.33,3.378448727853749e-14,4.739312026715352e-17
481.34,3.378105204455005e-14,4.752629717892663e-17
481.35,3.377784445699644e-14,4.762439119065691e-17
481.36,3.377452513947134e-14,4.7596067097083677e-17
481.37,3.3768981453027784e-14,4.6987031955173356e-17
481.38,3.3767516454509534e-14,4.767887084842943e-17
481.39,3.376424031495008e-14,4.744955675746977e-17
481.4,3.376107774839363e-14,4.756907127078999e-17
481.41,3.375752203393095e-14,4.7427203998492583e-17
481.42,3.375414068066286e-14,4.743190670103401e-17
481.43,3.375075727990972e-14,4.767835843746233e-17
481.44,3.374759810182361e-14,4.7444037894438835e-17
481.45,3.374381289076543e-14,4.750102175942985e-17
481.46,3.3740768000362665e-14,4.7099642354255175e-17
481.47,3.373742208382158e-14,4.759511654832746e-17
481.48,3.373366008949644e-14,4.741768348480765e-17
481.49,3.373069844601943e-14,4.7540456849004995e-17
481.5,3.372696117912213e-14,4.7500311254356726e-17
481.51,3.3723637993909636e-14,4.751434725371955e-17
481.52,3.3720198326249775e-14,4.744794179676593e-17
481.53,3.371661204002749e-14,4.740296438072774e-17
481.54,3.371364568337046e-14,4.7640845439869825e-17
481.55,3.370967498278638e-14,4.721745474003565e-17
481.56,3.370676937254184e-14,4.736551248237268e-17
481.57,3.370337550661104e-14,4.747584764267518e-17
481.58,3.369997030284805e-14,4.743965432997468e-17
481.59,3.369756295157018e-14,4.852457026766792e-17
481.6,3.369302565366877e-14,4.740114988343009e-17
481.61,3.368983879872739e-14,4.7345955215064686e-17
481.62,3.3687098175465395e-14,4.86487866222102e-17
481.63,3.368306389774785e-14,4.7550095073549427e-17
481.64,3.3679266718492765e-14,4.7387950050467996e-17
481.65,3.36757085089224e-14,4.7410927048957514e-17
481.66,3.367235191850553e-14,4.738221601485245e-17
481.67,3.366948326963644e-14,4.7676880599854054e-17
481.68,3.366609035944053e-14,4.7534709349950827e-17
481.69,3.366261195899127e-14,4.742996908173754e-17
481.7,3.36589104646034e-14,4.727656052955204e-17
481.71,3.365613529941962e-14,4.733282444964669e-17
481.72,3.365214481246596e-14,4.734710656945375e-17
481.73,3.364907332125448e-14,4.7351447871606543e-17
481.74,3.3645849242754245e-14,4.7435380148395867e-17
481.75,3.3642311772799296e-14,4.7316106246038096e-17
481.76,3.3638901932502857e-14,4.740330425859851e-17
481.77,3.363573315318565e-14,4.7453527738111235e-17
481.78,3.363213378133624e-14,4.7319162899611464e-17
481.79,3.362864286284237e-14,4.738062938112234e-17
481.8,3.362552876117785e-14,4.7528408664077026e-17
481.81,3.362156924335246e-14,4.7027296228966013e-17
481.82,3.36184938339689e-14,4.7267875049683874e-17
481.83,3.3615266316900584e-14,4.7477663114971863e-17
481.84,3.3611900693281224e-14,4.744692381595209e-17
481.85,3.3608402336147615e-14,4.7372139540748135e-17
481.86,3.3605263362655125e-14,4.75231890386637e-17
481.87,3.360151596688885e-14,4.725406017025497e-17
481.88,3.359868210195245e-14,4.759939168937062e-17
481.89,3.359495918452437e-14,4.7367883691349756e-17
481.9,3.359254971226802e-14,4.730074382835252e-17
481.91,3.3588206902945654e-14,4.731291415053818e-17
481.92,3.3585101373847453e-14,4.7175607664577695e-17
481.93,3.358161723773817e-14,4.743659281088493e-17
481.94,3.3578125377255023e-14,4.743738850916472e-17
481.95,3.35752260952732e-14,4.731871950622735e-17
481.96,3.357125571166765e-14,4.726216940015286e-17
481.97,3.356814718818531e-14,4.749758818256428e-17
481.98,3.35647372601029e-14,4.737943740155403e-17
481.99,3.3563570044276174e-14,4.896176047029045e-17
482.0,3.35581325388709e-14,4.7474702092597816e-17
482.01,3.3553846724961665e-14,4.6567545406616205e-17
482.02,3.355119881287945e-14,4.746002037385935e-17
482.03,3.354785414657555e-14,4.7309918219683604e-17
482.04,3.3544312715344157e-14,4.738595348743762e-17
482.05,3.354092745061563e-14,4.722568902948953e-17
482.06,3.353624114227724e-14,4.708782385018974e-17
482.07,3.353427071445111e-14,4.715728361037136e-17
482.08,3.352798432287217e-14,4.3368382366572835e-17
482.09,3.3527682577463075e-14,4.736142098403039e-17
482.1,3.352542186132047e-14,4.799210354328484e-17
482.11,3.352104776317201e-14,4.734369242509834e-17
482.12,3.3517360574732496e-14,4.732340954437913e-17
482.13,3.3514140325365e-14,4.718231839593279e-17
482.14,3.351062228335601e-14,4.717030331311731e-17
482.15,3.3507462013981944e-14,4.7357424719370587e-17
482.16,3.350411779049191e-14,4.728276541525389e-17
482.17,3.349997503434992e-14,4.7202781769431934e-17
482.18,3.3497191396407335e-14,4.712376980506876e-17
482.19,3.349407265737029e-14,4.7171012626298215e-17
482.2,3.349043461777582e-14,4.7319785619028415e-17
482.21,3.3487234788737316e-14,4.747765712720605e-17
482.22,3.3483823633481843e-14,4.738165731308755e-17
482.23,3.348053044615325e-14,4.729023775421732e-17
482.24,3.347709932149518e-14,4.72387024442421e-17
482.25,3.347373329068621e-14,4.7228764770387045e-17
482.26,3.347057676678709e-14,4.725030488484816e-17
482.27,3.346722540936547e-14,4.754638861662357e-17
482.28,3.346369717345085e-14,4.7052061122722026e-17
482.29,3.34602828121097e-14,4.7243659866993095e-17
482.3,3.345688478203433e-14,4.716783486654904e-17
482.31,3.3453378493018164e-14,4.7106004331246127e-17
482.32,3.345036718986827e-14,4.7398795710935295e-17
482.33,3.3446910753893e-14,4.731917708264834e-17
482.34,3.3443341441329955e-14,4.7029160825890055e-17
482.35,3.344042063770023e-14,4.7360821290507145e-17
482.36,3.3437003075271635e-14,4.7470098826727236e-17
482.37,3.343356721649705e-14,4.726768633253826e-17
482.38,3.343021278432487e-14,4.7191705253982616e-17
482.39,3.342659344416351e-14,4.705608256733094e-17
482.4,3.3423500834649363e-14,4.7216717785250297e-17
482.41,3.342002305597732e-14,4.7623916297076096e-17
482.42,3.341620073384868e-14,4.706450394219595e-17
482.43,3.3413351873495345e-14,4.715128375007606e-17
482.44,3.3409839271548937e-14,4.721564165165505e-17
482.45,3.3406670771600275e-14,4.7103231157589236e-17
482.46,3.340333119461299e-14,4.713190172640384e-17
482.47,3.339988947364966e-14,4.730287216797923e-17
482.48,3.3396697224094895e-14,4.737954516053807e-17
482.49,3.339317800898372e-14,4.716275699692485e-17
482.5,3.338979075099101e-14,4.7082380946903433e-17
482.51,3.338644814666358e-14,4.702898701947605e-17
482.52,3.338305020418409e-14,4.7003886901541006e-17
482.53,3.337983333249229e-14,4.724980175210407e-17
482.54,3.3376535642030867e-14,4.7348460985428065e-17
482.55,3.3372680248277086e-14,4.712904830556058e-17
482.56,3.336960340151022e-14,4.7035980303932446e-17
482.57,3.336637723817463e-14,4.718344008084843e-17
482.58,3.3362941914757846e-14,4.68949405633174e-17
482.59,3.336066986972052e-14,4.7291479778053256e-17
482.6,3.335642027045419e-14,4.7243888116097323e-17
482.61,3.3353081761926176e-14,4.711170123507791e-17
482.62,3.3349581627190014e-14,4.7092005602689344e-17
482.63,3.334640139569315e-14,4.717340494454418e-17
482.64,3.334302992465069e-14,4.700128657529455e-17
482.65,3.333965342545987e-14,4.714410693600606e-17
482.66,3.3336135484160454e-14,4.70085974721377e-17
482.67,3.333327248180689e-14,4.719517738096196e-17
482.68,3.332939787345781e-14,4.6964913716837544e-17
482.69,3.3326334938595407e-14,4.695721751508071e-17
482.7,3.332273278852251e-14,4.696524489330927e-17
482.71,3.3319725591627935e-14,4.721600189556529e-17
482.72,3.3315987539580727e-14,4.685585891721195e-17
482.73,3.331286343933155e-14,4.7090194323046496e-17
482.74,3.330949099459004e-14,4.707490704440016e-17
482.75,3.330614280749968e-14,4.7057406989183215e-17
482.76,3.3302829535703674e-14,4.683851899209252e-17
482.77,3.329941109770317e-14,4.7016590306226795e-17
482.78,3.3296005586614356e-14,4.703787394788927e-17
482.79,3.329291757817509e-14,4.7003988636818807e-17
482.8,3.32896692180705e-14,4.701886729996488e-17
482.81,3.328632376071046e-14,4.7121105578206984e-17
482.82,3.3283232600168567e-14,4.714134878735288e-17
482.83,3.3277939801244333e-14,4.667205752788556e-17
482.84,3.327613806459004e-14,4.695306469073404e-17
482.85,3.3272812119015374e-14,4.710605887905878e-17
482.86,3.3269659050931193e-14,4.7036503703846956e-17
482.87,3.326592736731136e-14,4.702893261397692e-17
482.88,3.326284376916116e-14,4.694750807104317e-17
482.89,3.325938402233756e-14,4.690329883418054e-17
482.9,3.3256112953002275e-14,4.692174383526633e-17
482.91,3.3253040706613925e-14,4.701171112063176e-17
482.92,3.3249420787955767e-14,4.6912706625154236e-17
482.93,3.324606929086099e-14,4.7028643424010067e-17
482.94,3.324281464708959e-14,4.6906823292975887e-17
482.95,3.3239447629333834e-14,4.694467829168847e-17
482.96,3.323616108563051e-14,4.6971585957979556e-17
482.97,3.3232768668182795e-14,4.70722870962652e-17
482.98,3.322940548125266e-14,4.706179798778464e-17
482.99,3.3226066112772686e-14,4.671142866826659e-17
483.0,3.322271582334813e-14,4.7098712872376584e-17
483.01,3.3219359079840143e-14,4.717987422961833e-17
483.02,3.321614027950581e-14,4.703589324202151e-17
483.03,3.3213047417175955e-14,4.7506585121766966e-17
483.04,3.320934537248137e-14,4.682364166775994e-17
483.05,3.3206102534921316e-14,4.702877075452653e-17
483.06,3.3202806139425466e-14,4.6960195947427745e-17
483.07,3.319956772599523e-14,4.698113921489939e-17
483.08,3.319650693400651e-14,4.694523761411674e-17
483.09,3.3192391859794546e-14,4.6544464664529915e-17
483.1,3.318941644610186e-14,4.679439386976325e-17
483.11,3.318613294967882e-14,4.6927391015068835e-17
483.12,3.318249709000182e-14,4.663103215412653e-17
483.13,3.317961172594939e-14,4.682527316882348e-17
483.14,3.317606697276471e-14,4.6941207669796415e-17
483.15,3.317291757605857e-14,4.697354676977267e-17
483.16,3.316937476280915e-14,4.6780854952581706e-17
483.17,3.316619797872714e-14,4.68601992728679e-17
483.18,3.3163411892875004e-14,4.6594951052414174e-17
483.19,3.315944070113399e-14,4.6716534631975877e-17
483.2,3.315599947376856e-14,4.6790760045394505e-17
483.21,3.3152846492766857e-14,4.67432347891537e-17
483.22,3.31494513682042e-14,4.6880773109505514e-17
483.23,3.314667664618646e-14,4.661931940474149e-17
483.24,3.3142873633012477e-14,4.684116915216426e-17
483.25,3.3139273626103984e-14,4.6765111758211835e-17
483.26,3.313617959393015e-14,4.657193305354325e-17
483.27,3.313299878861944e-14,4.940095394679617e-17
483.28,3.3129823855976276e-14,4.6786246113580197e-17
483.29,3.312596020385489e-14,4.672398500528793e-17
483.3,3.312322397915743e-14,4.67310756991386e-17
483.31,3.3119725225842794e-14,4.6875169115604123e-17
483.32,3.311611125338206e-14,4.674067050430085e-17
483.33,3.3112846283166225e-14,4.642096482086261e-17
483.34,3.3107092862952416e-14,4.6151085969398586e-17
483.35,3.310610934776317e-14,4.618772053623844e-17
483.36,3.3097930206738386e-14,4.5635150807070544e-17
483.37,3.3099496171599766e-14,4.6670585141372356e-17
483.38,3.3096503826594556e-14,4.6685776192379575e-17
483.39,3.309300689731397e-14,4.6516394965201125e-17
483.4,3.308954087561815e-14,4.658483175800047e-17
483.41,3.3086301329342036e-14,4.6433803705719243e-17
483.42,3.308306753327679e-14,4.682257048775486e-17
483.43,3.3079674205098204e-14,4.681659735554548e-17
483.44,3.307661461593076e-14,4.6581925309703225e-17
483.45,3.307484437655919e-14,4.664655433612044e-17
483.46,3.3069961561694194e-14,4.6600099959854624e-17
483.47,3.3066619035903e-14,4.660462342015837e-17
483.48,3.306328541068563e-14,4.664520002059498e-17
483.49,3.305974251228304e-14,4.670786685881955e-17
483.5,3.305637227733919e-14,4.6731720758619215e-17
483.51,3.305316991511115e-14,4.6605663063302245e-17
483.52,3.304989223956733e-14,4.657265551314985e-17
483.53,3.304676278789176e-14,4.668138491421962e-17
483.54,3.304370149095546e-14,4.649969907006022e-17
483.55,3.304003375858293e-14,4.6780687402630934e-17
483.56,3.3036738799852966e-14,4.6651759804234436e-17
483.57,3.3033635955572156e-14,4.661400317036516e-17
483.58,3.302992252432926e-14,4.640361831667191e-17
483.59,3.302709614091882e-14,4.661263651088587e-17
483.6,3.302359356895262e-14,4.657435580963718e-17
483.61,3.302018420736302e-14,4.6511723529177865e-17
483.62,3.301668896751993e-14,4.659660837936697e-17
483.63,3.301320678185906e-14,4.657932232281262e-17
483.64,3.301039169545834e-14,4.6504207953430634e-17
483.65,3.300686770614027e-14,4.648258902663522e-17
483.66,3.300375195157041e-14,4.6578800858546354e-17
483.67,3.300024977985003e-14,4.648641674936238e-17
483.68,3.299731471734415e-14,4.6629862905095426e-17
483.69,3.299380321620302e-14,4.641999201090102e-17
483.7,3.2990323820177205e-14,4.6470106233319856e-17
483.71,3.298710148823171e-14,4.645460868064942e-17
483.72,3.2983022548107556e-14,4.663102001087294e-17
483.73,3.298072726543514e-14,4.6407508530570725e-17
483.74,3.297739965436112e-14,4.6608818553091336e-17
483.75,3.29739526541153e-14,4.645524119764816e-17
483.76,3.2968961455366545e-14,4.677806424875548e-17
483.77,3.296728891403695e-14,4.642767686140997e-17
483.78,3.296403632368063e-14,4.6636470590993074e-17
483.79,3.2962500845031945e-14,4.7671604211026356e-17
483.8,3.2957528102371296e-14,4.6371720793443035e-17
483.81,3.295429920295454e-14,4.661063971496685e-17
483.82,3.295107690619334e-14,4.613728957479816e-17
483.83,3.294747274890747e-14,4.6413931351135055e-17
483.84,3.2944212362277645e-14,4.649713812852198e-17
483.85,3.2940821492596114e-14,4.6191194492887866e-17
483.86,3.293800799913426e-14,4.669452835041228e-17
483.87,3.293410573271397e-14,4.618225305062767e-17
483.88,3.29309916583126e-14,4.6292951090207775e-17
483.89,3.292744615652033e-14,4.651678693568005e-17
483.9,3.2924138189538e-14,4.626679206216842e-17
483.91,3.292090504041805e-14,4.637000411661644e-17
483.92,3.291804874527789e-14,4.6439532707174904e-17
483.93,3.2914656757898925e-14,4.6390375678737625e-17
483.94,3.291124410807116e-14,4.6317956356903236e-17
483.95,3.290798842079707e-14,4.657183528178265e-17
483.96,3.2904684421201343e-14,4.6364093604661425e-17
483.97,3.290101655659181e-14,4.6502588447251264e-17
483.98,3.289854199240624e-14,4.557467391186336e-17
483.99,3.2894957374796755e-14,4.641358256017224e-17
484.0,3.289160502289836e-14,4.6244354949055097e-17
484.01,3.288790012203535e-14,4.632534770196215e-17
484.02,3.2884986378985957e-14,4.627907086892646e-17
484.03,3.288201016871826e-14,4.639168755343447e-17
484.04,3.287809972074291e-14,4.621839560762458e-17
484.05,3.2874956316986974e-14,4.627964183578691e-17
484.06,3.287144398088717e-14,4.6156712034732033e-17
484.07,3.28693098881988e-14,4.646180475911267e-17
484.08,3.286525857567507e-14,4.626317332500796e-17
484.09,3.286177204652102e-14,4.608653645003211e-17
484.1,3.2858687058201244e-14,4.621262136718787e-17
484.11,3.2855450646425736e-14,4.624475449539238e-17
484.12,3.28518511719559e-14,4.621378816733367e-17
484.13,3.2848794796474223e-14,4.629492027157639e-17
484.14,3.2845473584209965e-14,4.6351774485326794e-17
484.15,3.2842782461350103e-14,4.630102186036953e-17
484.16,3.283912736018516e-14,4.6273320990234826e-17
484.17,3.2835357245007675e-14,4.5819306919437656e-17
484.18,3.28317579455218e-14,4.586546244875689e-17
484.19,3.28288965210296e-14,4.614668900988793e-17
484.2,3.282594358415392e-14,4.6074276963026094e-17
484.21,3.282177716986942e-14,4.5794551927464317e-17
484.22,3.281908401318381e-14,4.6149469155854285e-17
484.23,3.281589549733447e-14,4.6069822339023445e-17
484.24,3.281184582310263e-14,4.640471761208937e-17
484.25,3.2809347051994275e-14,4.623280815738132e-17
484.26,3.2805549031967075e-14,4.607356159131756e-17
484.27,3.2802865431747945e-14,4.604694903627597e-17
484.28,3.279957140158232e-14,4.6138238075674616e-17
484.29,3.2795718245044334e-14,4.602861166983091e-17
484.3,3.279292645008795e-14,4.609299905512535e-17
484.31,3.278958830799566e-14,4.5895581838097344e-17
484.32,3.278621551070175e-14,4.592911706527148e-17
484.33,3.278307914351721e-14,4.642952444127009e-17
484.34,3.277968959632517e-14,4.595392982021093e-17
484.35,3.2776718202829705e-14,4.6316130331683557e-17
484.36,3.277341870488134e-14,4.600320987039564e-17
484.37,3.2770022359394525e-14,4.6184092618934145e-17
484.38,3.2766619161159826e-14,4.617512898511136e-17
484.39,3.2763257919503665e-14,4.587881347976688e-17
484.4,3.276015699202853e-14,4.6166985299740175e-17
484.41,3.2756797868481223e-14,4.616222758762413e-17
484.42,3.2753932035445645e-14,4.5967204108883557e-17
484.43,3.275038597262012e-14,4.607677051456886e-17
484.44,3.274691780478319e-14,4.592957648920111e-17
484.45,3.274381024353468e-14,4.5991649123175984e-17
484.46,3.2740625145490875e-14,4.597898515987369e-17
484.47,3.273724427682493e-14,4.585833411291332e-17
484.48,3.273392789020002e-14,4.588195608932633e-17
484.49,3.273064346315302e-14,4.5961376833225523e-17
484.5,3.2727329758625846e-14,4.588188484416151e-17
484.51,3.2723624306464796e-14,4.587979451942598e-17
484.52,3.272064364374286e-14,4.597950483745357e-17
484.53,3.271772598353694e-14,4.602727676818715e-17
484.54,3.2714275191327535e-14,4.586907220252426e-17
484.55,3.271145559432542e-14,4.610079765244998e-17
484.56,3.270788835618352e-14,4.5864090967403145e-17
484.57,3.270451271096329e-14,4.587911621400539e-17
484.58,3.270128034650414e-14,4.588831024730159e-17
484.59,3.2697902566504973e-14,4.5812879232567045e-17
484.6,3.269500660616802e-14,4.599737657814047e-17
484.61,3.269118775157657e-14,4.5751979447720993e-17
484.62,3.268819953807065e-14,4.577372860771533e-17
484.63,3.268496926198351e-14,4.586706044722899e-17
484.64,3.268156778947374e-14,4.581428921012394e-17
484.65,3.267836061005024e-14,4.587100719152189e-17
484.66,3.267507676730676e-14,4.5808114518125345e-17
484.67,3.2671911338912326e-14,4.5874960637517917e-17
484.68,3.266846897311362e-14,4.5732064242877056e-17
484.69,3.266524770298867e-14,4.579371952644773e-17
484.7,3.266208843422433e-14,4.577302890102641e-17
484.71,3.265871689146412e-14,4.5715337701091456e-17
484.72,3.26555819501195e-14,4.571875550965808e-17
484.73,3.265219028416573e-14,4.5751728270012314e-17
484.74,3.264886587722432e-14,4.584309376139449e-17
484.75,3.2645799089670214e-14,4.574166033518021e-17
484.76,3.264233568220914e-14,4.568709297199213e-17
484.77,3.263938492625437e-14,4.5706027954591094e-17
484.78,3.263640879403827e-14,4.583964485455827e-17
484.79,3.2632701405488315e-14,4.56254108205892e-17
484.8,3.26290498879819e-14,4.5571783336000127e-17
484.81,3.262584167742053e-14,4.546982534101784e-17
484.82,3.262269786150413e-14,4.5639882952186827e-17
484.83,3.26196160008405e-14,4.5671415035416215e-17
484.84,3.2615945806501396e-14,4.5534796713148714e-17
484.85,3.261309222603345e-14,4.550027069639094e-17
484.86,3.2609933367125173e-14,4.5524417486572383e-17
484.87,3.260651313140718e-14,4.537330953900492e-17
484.88,3.2603457684478695e-14,4.5839730147687194e-17
484.89,3.260009870386548e-14,4.564808456508646e-17
484.9,3.2596549078300955e-14,4.5349822190527236e-17
484.91,3.259404187890227e-14,4.5761449879354794e-17
484.92,3.258964205012225e-14,4.576251689751211e-17
484.93,3.2586909442989516e-14,4.578532800385201e-17
484.94,3.258355378151196e-14,4.540344943840982e-17
484.95,3.258040373810612e-14,4.562645090285126e-17
484.96,3.257736383992085e-14,4.5838246500830347e-17
484.97,3.257470720056053e-14,4.567781885857326e-17
484.98,3.257074868843553e-14,4.5556495497907615e-17
484.99,3.256747518696422e-14,4.5612353728815613e-17
485.0,3.256395291460967e-14,4.5549644906192585e-17
485.01,3.2561065447704e-14,4.5475803802546153e-17
485.02,3.2557886258760404e-14,4.557647159707595e-17
485.03,3.2554165272015975e-14,4.5473241499024046e-17
485.04,3.255130745442279e-14,4.552907805713583e-17
485.05,3.2548290132578125e-14,4.5958834116046454e-17
485.06,3.2544828326828065e-14,4.5392148341622035e-17
485.07,3.254155034583139e-14,4.5465856589143083e-17
485.08,3.253884383868782e-14,4.606553739006398e-17
485.09,3.253512316321189e-14,4.543530393832518e-17
485.1,3.253219264518816e-14,4.5601184780271774e-17
485.11,3.252752666428391e-14,4.525415124986324e-17
485.12,3.2525385659476236e-14,4.5476147385966186e-17
485.13,3.252279677683815e-14,4.571065872778325e-17
485.14,3.251910606560587e-14,4.569512610562447e-17
485.15,3.2515433480706225e-14,4.535393100787245e-17
485.16,3.251241566165986e-14,4.551851995095142e-17
485.17,3.2508910761065586e-14,4.5478111456949637e-17
485.18,3.2505910444251073e-14,4.546503581748477e-17
485.19,3.250253751575851e-14,4.5252898347007545e-17
485.2,3.2499234626924794e-14,4.533048163808223e-17
485.21,3.249588383386569e-14,4.535486428034614e-17
485.22,3.2492593767547426e-14,4.523632964902177e-17
485.23,3.2489844751409985e-14,4.534782439716287e-17
485.24,3.248631873070239e-14,4.541530810378614e-17
485.25,3.24830215774523e-14,4.5332592591169625e-17
485.26,3.247996784272224e-14,4.5357852394620543e-17
485.27,3.2476459813680543e-14,4.53083828286362e-17
485.28,3.247338393726342e-14,4.534374070144586e-17
485.29,3.247008100665474e-14,4.53618950660617e-17
485.3,3.2466948621633185e-14,4.5321244203637354e-17
485.31,3.2462133649627494e-14,4.3272311131997695e-17
485.32,3.245866822923263e-14,4.4826311832630075e-17
485.33,3.2457259484790225e-14,4.537808985797311e-17
485.34,3.2453545338010075e-14,4.5401714971339544e-17
485.35,3.24509639862529e-14,4.5626561448468385e-17
485.36,3.244760724530827e-14,4.533356641154407e-17
485.37,3.244451003493165e-14,4.536101021698227e-17
485.38,3.2440813312405513e-14,4.5222249673858524e-17
485.39,3.243787260330883e-14,4.5021662756621376e-17
485.4,3.243418866743815e-14,4.516637348959264e-17
485.41,3.2431342929935903e-14,4.5361342232722e-17
485.42,3.242833083813798e-14,4.534508728372552e-17
485.43,3.242501641578024e-14,4.529646884483464e-17
485.44,3.242200556807167e-14,4.522906978296463e-17
485.45,3.2418300760715754e-14,4.5156986656687943e-17
485.46,3.2414980758523975e-14,4.5177124101543e-17
485.47,3.241195178364064e-14,4.51656591429101e-17
485.48,3.2408871205001895e-14,4.518570985076614e-17
485.49,3.240537194337645e-14,4.5151227065592e-17
485.5,3.240172403427124e-14,4.4794933192079076e-17
485.51,3.239847885131968e-14,4.48780834141901e-17
485.52,3.239557439105318e-14,4.5144491176799924e-17
485.53,3.2394235900942713e-14,4.588508151054537e-17
485.54,3.2389490041536397e-14,4.5207885713309075e-17
485.55,3.2386249384129426e-14,4.519253937626179e-17
485.56,3.238213132629601e-14,4.543812901593594e-17
485.57,3.237970881620509e-14,4.493490121555753e-17
485.58,3.237634098388286e-14,4.4858812363273045e-17
485.59,3.237302956247236e-14,4.5125209477908655e-17
485.6,3.236973224873517e-14,4.461629938887607e-17
485.61,3.236651749771229e-14,4.513979946439075e-17
485.62,3.2363688718112734e-14,4.505637328681234e-17
485.63,3.236024993711326e-14,4.5106987258902396e-17
485.64,3.23570778490282e-14,4.515072480246121e-17
485.65,3.235329926447754e-14,4.490848603225905e-17
485.66,3.235012707792081e-14,4.509585535834717e-17
485.67,3.234716046219813e-14,4.493472804218198e-17
485.68,3.234412427479807e-14,4.503977111296006e-17
485.69,3.233944186006903e-14,4.4915830902276156e-17
485.7,3.233768097510663e-14,4.498067715290977e-17
485.71,3.2334529750461685e-14,4.491945959039052e-17
485.72,3.233114021671248e-14,4.4949503965890755e-17
485.73,3.2327919580234234e-14,4.502303789158851e-17
485.74,3.232463787873309e-14,4.504214152953649e-17
485.75,3.232121223720853e-14,4.501744628659939e-17
485.76,3.2318375578923565e-14,4.4993507231310754e-17
485.77,3.231512059091876e-14,4.5051451666312934e-17
485.78,3.231172579685354e-14,4.494821823929626e-17
485.79,3.2308616955191167e-14,4.4772017581403554e-17
485.8,3.230558597412883e-14,4.4883334576925397e-17
485.81,3.230228664852912e-14,4.494769487848177e-17
485.82,3.229895873536499e-14,4.4788820916672494e-17
485.83,3.2295822979978394e-14,4.4943019063980854e-17
485.84,3.229542553474152e-14,4.412731848024409e-17
485.85,3.228952351703202e-14,4.506704441198605e-17
485.86,3.228589637150463e-14,4.469152311198297e-17
485.87,3.2282893553882723e-14,4.489793876796913e-17
485.88,3.2279541625433087e-14,4.485847282347918e-17
485.89,3.2276397148663325e-14,4.476023203173944e-17
485.9,3.2273417842703396e-14,4.514573348012856e-17
485.91,3.2270014870681705e-14,4.4681769608481505e-17
485.92,3.2266699108982957e-14,4.473188944445137e-17
485.93,3.225646992590084e-14,4.3690175822976915e-17
485.94,3.226159657027624e-14,4.558890749920423e-17
485.95,3.225734314700781e-14,4.6100583173133654e-17
485.96,3.2253825708110806e-14,4.48521413816913e-17
485.97,3.2250933016422056e-14,4.4918542992954356e-17
485.98,3.224765853083651e-14,4.5051295312723963e-17
485.99,3.224422366786132e-14,4.4739876617003045e-17
486.0,3.224118774437606e-14,4.4864806991604514e-17
486.01,3.2238226475470917e-14,4.4984871093028966e-17
486.02,3.223543416654542e-14,4.663809925546239e-17
486.03,3.223143690585611e-14,4.4858200127860376e-17
486.04,3.222801947437165e-14,4.490793059455554e-17
486.05,3.2224809805706165e-14,4.467534809730692e-17
486.06,3.2221273925164324e-14,4.494215608773964e-17
486.07,3.221863120668725e-14,4.46531212998849e-17
486.08,3.221547783316632e-14,4.477533244515907e-17
486.09,3.221237770137778e-14,4.475690284473993e-17
486.1,3.2209063992297746e-14,4.4662935028600235e-17
486.11,3.220603545626538e-14,4.442137399581524e-17
486.12,3.220284548345999e-14,4.4855017826651006e-17
486.13,3.219944210651744e-14,4.489302330927669e-17
486.14,3.219629304349033e-14,4.47687590416151e-17
486.15,3.21936439203983e-14,4.4755141589222274e-17
486.16,3.2189786815752827e-14,4.4690098285504086e-17
486.17,3.218687025054036e-14,4.479122361268129e-17
486.18,3.218336430458772e-14,4.43055745024559e-17
486.19,3.217949238625866e-14,4.4592559100424373e-17
486.2,3.2177046717795364e-14,4.457914834486501e-17
486.21,3.217384264650594e-14,4.4827113005701904e-17
486.22,3.217049156242327e-14,4.461117598419024e-17
486.23,3.216732509750557e-14,4.4618551852817996e-17
486.24,3.216422288805461e-14,4.455558726843735e-17
486.25,3.216097082044111e-14,4.475168936401908e-17
486.26,3.2157882868852305e-14,4.5119478315156864e-17
486.27,3.2154455375629575e-14,4.438349780469686e-17
486.28,3.215124514730059e-14,4.449498972210217e-17
486.29,3.214804946755659e-14,4.4379617173132274e-17
486.3,3.2144830133266145e-14,4.441289440695162e-17
486.31,3.214168176900614e-14,4.455427176527224e-17
486.32,3.213840054846533e-14,4.4504401307817925e-17
486.33,3.213599839615068e-14,4.476734946289153e-17
486.34,3.213205908391162e-14,4.462573771952893e-17
486.35,3.212904460484398e-14,4.4480307085434893e-17
486.36,3.212560181022735e-14,4.456966323301855e-17
486.37,3.212268221220304e-14,4.450251454039528e-17
486.38,3.211927889604203e-14,4.4555982724083625e-17
486.39,3.2116355195902126e-14,4.4678984975689646e-17
486.4,3.211306600675785e-14,4.458471563859677e-17
486.41,3.211007098074943e-14,4.4590572313121905e-17
486.42,3.210664715602548e-14,4.453194001583916e-17
486.43,3.210346403825092e-14,4.466671823069392e-17
486.44,3.210004497796794e-14,4.423899087364397e-17
486.45,3.2097244046136146e-14,4.457601897092405e-17
486.46,3.209224620868133e-14,4.397249874110002e-17
486.47,3.20905669903376e-14,4.437027509315726e-17
486.48,3.208733221287328e-14,4.4376448030460387e-17
486.49,3.2084278667158014e-14,4.4532103765123625e-17
486.5,3.2080953261545375e-14,4.451598925969608e-17
486.51,3.2077673152357613e-14,4.4424969793707605e-17
486.52,3.2074661718380004e-14,4.465744521938205e-17
486.53,3.207144990745754e-14,4.456393537105845e-17
486.54,3.2068211548221546e-14,4.4485158105919716e-17
486.55,3.2065159502735416e-14,4.435259539739591e-17
486.56,3.206150374737577e-14,4.4408650257278374e-17
486.57,3.205868571049233e-14,4.443921367152744e-17
486.58,3.205536719558593e-14,4.437899848470309e-17
486.59,3.205210815628416e-14,4.443349670445091e-17
486.6,3.204899342917713e-14,4.446396684712733e-17
486.61,3.204578430573995e-14,4.435090611282888e-17
486.62,3.204269304887615e-14,4.435575055957426e-17
486.63,3.2039468536434695e-14,4.439352969234276e-17
486.64,3.203642507841989e-14,4.4412769830024114e-17
486.65,3.2032987243191954e-14,4.4337823683257973e-17
486.66,3.20299457773994e-14,4.4381120318587524e-17
486.67,3.202669292033882e-14,4.443213435716354e-17
486.68,3.202351160649544e-14,4.4174538056316945e-17
486.69,3.202061635226976e-14,4.4346711748862875e-17
486.7,3.2018086036068175e-14,4.4869120584879755e-17
486.71,3.201397192579057e-14,4.421330592025733e-17
486.72,3.2010942050730163e-14,4.4428423912826014e-17
486.73,3.200763850895296e-14,4.425136671413335e-17
486.74,3.20042127519962e-14,4.456617477500282e-17
486.75,3.200131610931959e-14,4.446743848937181e-17
486.76,3.1998109282049684e-14,4.418759974030177e-17
486.77,3.19947924480922e-14,4.4211827660908654e-17
486.78,3.199173371945097e-14,4.442321356932189e-17
486.79,3.1988660516340114e-14,4.4246569572613946e-17
486.8,3.1985408228777966e-14,4.437053059595956e-17
486.81,3.198231362630563e-14,4.4109046530296925e-17
486.82,3.197878812732629e-14,4.419404095268392e-17
486.83,3.197551365058423e-14,4.431491217058002e-17
486.84,3.197278059794977e-14,4.434246894366406e-17
486.85,3.19695006019362e-14,4.4273394313104305e-17
486.86,3.196635491737197e-14,4.4016904046832694e-17
486.87,3.1963109743815937e-14,4.453740355465225e-17
486.88,3.195992431047456e-14,4.4030297427635404e-17
486.89,3.195688493601227e-14,4.428257891230404e-17
486.9,3.195357748293003e-14,4.4240292022298224e-17
486.91,3.195054428444319e-14,4.4349493606277716e-17
486.92,3.1946983235819914e-14,4.423036465333778e-17
486.93,3.194413856453796e-14,4.438411193079933e-17
486.94,3.194078240733477e-14,4.4238848768258564e-17
486.95,3.1937675695732824e-14,4.4136210620807826e-17
486.96,3.1934492997478657e-14,4.417326031659174e-17
486.97,3.1931386568336997e-14,4.3824714789511355e-17
486.98,3.1928236773348566e-14,4.4325387950628924e-17
486.99,3.19249534791813e-14,4.43562408046505e-17
487.0,3.1921848196391333e-14,4.4200207748783275e-17
487.01,3.191870194043297e-14,4.425665896631121e-17
487.02,3.191558933418538e-14,4.448792541845797e-17
487.03,3.191204246146771e-14,4.453032255378753e-17
487.04,3.190917326594107e-14,4.416738982988746e-17
487.05,3.190570616393903e-14,4.389666452529578e-17
487.06,3.1902927359036515e-14,4.4236682011484454e-17
487.07,3.1899422314921394e-14,4.408820653287742e-17
487.08,3.189652844571067e-14,4.43700189905581e-17
487.09,3.189333721403896e-14,4.4193752317555484e-17
487.1,3.1889929968960504e-14,4.4483714753998374e-17
487.11,3.188685750559156e-14,4.413642484077389e-17
487.12,3.1883899025752034e-14,4.4144564067031875e-17
487.13,3.188046838384539e-14,4.407456205816118e-17
487.14,3.187771441047128e-14,4.431143059219225e-17
487.15,3.1874111343688924e-14,4.416676529297804e-17
487.16,3.187134488082981e-14,4.4222772985669446e-17
487.17,3.186793828156697e-14,4.4120971389366214e-17
487.18,3.1864880360921997e-14,4.415414557891297e-17
487.19,3.186247350431394e-14,4.412420988032559e-17
487.2,3.185865554181009e-14,4.3968997885154013e-17
487.21,3.1856714979349686e-14,4.311954543514461e-17
487.22,3.185204568486045e-14,4.413493168135724e-17
487.23,3.184894547852744e-14,4.428527349729978e-17
487.24,3.184569202628231e-14,4.391894106991747e-17
487.25,3.184264270446157e-14,4.382635001896541e-17
487.26,3.183940805893065e-14,4.412461982206678e-17
487.27,3.183618874482683e-14,4.419914154863251e-17
487.28,3.18331013419644e-14,4.3259551320997845e-17
487.29,3.183075407595834e-14,4.3526069699130873e-17
487.3,3.183278158130035e-14,4.839642496118283e-17
487.31,3.182374238918452e-14,4.4177320532222943e-17
487.32,3.182037037920719e-14,4.4028943143837564e-17
487.33,3.181712370654111e-14,4.4182384205908564e-17
487.34,3.1813995867042075e-14,4.4002111507592146e-17
487.35,3.1811154406868756e-14,4.4099648441524676e-17
487.36,3.180774407219062e-14,4.3931870061351896e-17
487.37,3.180495910653033e-14,4.399071104226233e-17
487.38,3.180128243291153e-14,4.4018988576406186e-17
487.39,3.179965057244342e-14,4.4269156658773e-17
487.4,3.17951246579084e-14,4.4129125427684224e-17
487.41,3.179208089360935e-14,4.405436854276509e-17
487.42,3.1788863457775616e-14,4.3930760957228226e-17
487.43,3.1785831347418535e-14,4.398460499376357e-17
487.44,3.178261307818976e-14,4.3886361507019066e-17
487.45,3.177936768135705e-14,4.392645846374959e-17
487.46,3.177643091418285e-14,4.390127093680868e-17
487.47,3.1772994007516927e-14,4.4086355515178065e-17
487.48,3.1770241977882196e-14,4.423208246933082e-17
487.49,3.176677280491802e-14,4.401093558694349e-17
487.5,3.1763815329121134e-14,4.3849883356236063e-17
487.51,3.176057075167473e-14,4.397117790288922e-17
487.52,3.1757326941023784e-14,4.396098324635553e-17
487.53,3.175431700657368e-14,4.386500685005245e-17
487.54,3.17517646937748e-14,4.472603578036412e-17
487.55,3.174801376492613e-14,4.409593181036671e-17
487.56,3.1745174250880905e-14,4.4198477973846496e-17
487.57,3.174115096083618e-14,4.350327785204989e-17
487.58,3.173832974590906e-14,4.37754812934242e-17
487.59,3.1735031692709455e-14,4.38450929985035e-17
487.6,3.173218177272112e-14,4.4061601731619e-17
487.61,3.172854006183163e-14,4.377330059446667e-17
487.62,3.172620502438045e-14,4.394624103660207e-17
487.63,3.172224984338976e-14,4.362133897468438e-17
487.64,3.17191361743789e-14,4.393876974695404e-17
487.65,3.1716248150264e-14,4.3949588916041925e-17
487.66,3.1713635148796433e-14,4.4004468732192016e-17
487.67,3.171129321832775e-14,4.433962588662874e-17
487.68,3.170702498461811e-14,4.4065575727766866e-17
487.69,3.170383852297406e-14,4.38507284153231e-17
487.7,3.16999679558762e-14,4.3813791795137945e-17
487.71,3.169753300482615e-14,4.3816470400734145e-17
487.72,3.169446752312295e-14,4.391605241930213e-17
487.73,3.169101234077444e-14,4.421938687760483e-17
487.74,3.168847226868938e-14,4.385589895264191e-17
487.75,3.168497720135039e-14,4.3822626086834036e-17
487.76,3.1681696586846175e-14,4.389416772344905e-17
487.77,3.1678652849614895e-14,4.383977783608634e-17
487.78,3.167539898128893e-14,4.392082742316958e-17
487.79,3.1672474063440537e-14,4.3956552526022193e-17
487.8,3.1668903503107397e-14,4.3813001076054216e-17
487.81,3.166646541792077e-14,4.376555253529419e-17
487.82,3.166246948173146e-14,4.382508763988529e-17
487.83,3.165992367776231e-14,4.424255368205032e-17
487.84,3.1656822972150167e-14,4.381691668712445e-17
487.85,3.165356591517261e-14,4.383890748804409e-17
487.86,3.1650266736780175e-14,4.3756918302052036e-17
487.87,3.1646789452926906e-14,4.3758230805640377e-17
487.88,3.1643857238924515e-14,4.370659895713485e-17
487.89,3.164119383657518e-14,4.387006756859315e-17
487.9,3.163776649038846e-14,4.381630488951347e-17
487.91,3.163316440313891e-14,4.411197506068986e-17
487.92,3.1629896326789296e-14,4.208765163751179e-17
487.93,3.162827396336591e-14,4.368538807882366e-17
487.94,3.1625139879094436e-14,4.3709387714188424e-17
487.95,3.162207198349302e-14,4.385555381088221e-17
487.96,3.161881247191272e-14,4.3738963161098237e-17
487.97,3.161542654433252e-14,4.386090709048251e-17
487.98,3.1612632087058996e-14,4.3790324904788823e-17
487.99,3.160948733886838e-14,4.3728232995559593e-17
488.0,3.1606214020038535e-14,4.3871702956882783e-17
488.01,3.160254838072456e-14,4.381142584985233e-17
488.02,3.159994651700996e-14,4.375268497630307e-17
488.03,3.159725207235356e-14,4.3738840684644604e-17
488.04,3.159397209330835e-14,4.393100392314378e-17
488.05,3.1590672803954686e-14,4.3712914378448436e-17
488.06,3.158764327657259e-14,4.37335921597122e-17
488.07,3.158448539835552e-14,4.3795563044849324e-17
488.08,3.1581557553997084e-14,4.3776491453642535e-17
488.09,3.1578892478423193e-14,4.3963173996584174e-17
488.1,3.157463445014829e-14,4.387337813042542e-17
488.11,3.157170749066703e-14,4.368105685058576e-17
488.12,3.156780392051152e-14,4.3797800234640125e-17
488.13,3.156549400318153e-14,4.377817603870367e-17
488.14,3.15621868406636e-14,4.379270868507909e-17
488.15,3.155968198842533e-14,4.3706259309388085e-17
488.16,3.155647664505102e-14,4.3908126200712254e-17
488.17,3.1553212548586796e-14,4.375696140205161e-17
488.18,3.155007976264676e-14,4.3839708049075624e-17
488.19,3.1546748827855405e-14,4.3632487607808124e-17
488.2,3.15436965145261e-14,4.375069066441987e-17
488.21,3.1540552915757726e-14,4.381474903262979e-17
488.22,3.1537498541775685e-14,4.377068004554746e-17
488.23,3.1534182717008693e-14,4.379056158501488e-17
488.24,3.153182425883895e-14,4.3691948337192596e-17
488.25,3.1528144451439107e-14,4.370123582512059e-17
488.26,3.152532807777869e-14,4.3841715169110146e-17
488.27,3.1521859667853026e-14,4.3722493456913096e-17
488.28,3.151866140585606e-14,4.361274500998193e-17
488.29,3.1515570895980905e-14,4.358617502840621e-17
488.3,3.1512614812750023e-14,4.3668788342929745e-17
488.31,3.150952315230183e-14,4.425445337710014e-17
488.32,3.1505932100812426e-14,4.369659237944232e-17
488.33,3.1502533318570846e-14,4.3603454800587546e-17
488.34,3.150009456982507e-14,4.359052286658076e-17
488.35,3.14969508294307e-14,4.388908671746386e-17
488.36,3.1493232064554355e-14,4.3723415630248415e-17
488.37,3.149052039800537e-14,4.382392147955792e-17
488.38,3.148735116680431e-14,4.365745913309928e-17
488.39,3.1483861731022824e-14,4.366057363363137e-17
488.4,3.148115251971925e-14,4.3754721713677664e-17
488.41,3.147844494666887e-14,4.3679843151090575e-17
488.42,3.147515359915458e-14,4.3714823584935447e-17
488.43,3.1472084737019675e-14,4.3720091850504557e-17
488.44,3.146884719817293e-14,4.359413994758569e-17
488.45,3.146546935616999e-14,4.367489220636957e-17
488.46,3.1462283541854254e-14,4.3547200712040353e-17
488.47,3.145936060637966e-14,4.3705741657439134e-17
488.48,3.1456292372088616e-14,4.3632012624573735e-17
488.49,3.145304658555434e-14,4.358705426834489e-17
488.5,3.145016252937044e-14,4.360764543445158e-17
488.51,3.144708942846047e-14,4.3716241684961014e-17
488.52,3.144372352416777e-14,4.3657433633043473e-17
488.53,3.1440618122267633e-14,4.3554059737905164e-17
488.54,3.143763378240341e-14,4.363067971275212e-17
488.55,3.1434517061606104e-14,4.359348146547793e-17
488.56,3.143132090204493e-14,4.3556263867184856e-17
488.57,3.1428310713851e-14,4.360578385645684e-17
488.58,3.142538288205606e-14,4.3699018314946765e-17
488.59,3.1421916149007295e-14,4.349364595604699e-17
488.6,3.1418974521135816e-14,4.3656162700407134e-17
488.61,3.1415758104900344e-14,4.3598869950560894e-17
488.62,3.1412762183898904e-14,4.366175253470532e-17
488.63,3.1409880523953125e-14,4.3712924005806936e-17
488.64,3.140626588864843e-14,4.358775228629492e-17
488.65,3.140324105655186e-14,4.352105212541655e-17
488.66,3.140013567831869e-14,4.361703750741658e-17
488.67,3.139693676003599e-14,4.337312770998487e-17
488.68,3.139395323764507e-14,4.349652378036835e-17
488.69,3.13906799334497e-14,4.3391085447600975e-17
488.7,3.138774461122111e-14,4.3468855293142823e-17
488.71,3.138464931203534e-14,4.356375349454261e-17
488.72,3.138107739727945e-14,4.3494743427586966e-17
488.73,3.1378263358665435e-14,4.352025366137018e-17
488.74,3.13753074845417e-14,4.3522522649676334e-17
488.75,3.137226547059295e-14,4.35153417757214e-17
488.76,3.136876526493424e-14,4.3523901445168474e-17
488.77,3.1365932326929496e-14,4.3556499236375545e-17
488.78,3.136306820962655e-14,4.3559194291163896e-17
488.79,3.135977193660592e-14,4.356695948845236e-17
488.8,3.1356864650250864e-14,4.3557887492096647e-17
488.81,3.135322274398762e-14,4.351086332868499e-17
488.82,3.135031320078883e-14,4.359667609596218e-17
488.83,3.134748117532928e-14,4.351347777043194e-17
488.84,3.1343920866130806e-14,4.3564900456433316e-17
488.85,3.134132481097281e-14,4.357267955562034e-17
488.86,3.133842836451808e-14,4.389246868388897e-17
488.87,3.133502801108807e-14,4.338298238187975e-17
488.88,3.133200855472412e-14,4.345588376517032e-17
488.89,3.132904124969589e-14,4.3535007942957163e-17
488.9,3.132557018585333e-14,4.3527234351803786e-17
488.91,3.132232300245376e-14,4.345750577427727e-17
488.92,3.13193452554878e-14,4.3575443262202465e-17
488.93,3.131630924845413e-14,4.351700982489895e-17
488.94,3.131354095310822e-14,4.350788720383128e-17
488.95,3.1310110347986135e-14,4.3380116165918496e-17
488.96,3.130688196878988e-14,4.361440034895567e-17
488.97,3.130448183256977e-14,4.371333809656002e-17
488.98,3.130089307460219e-14,4.3415471970903435e-17
488.99,3.129804332292786e-14,4.350554547356695e-17
489.0,3.129454348010873e-14,4.349582221221591e-17
489.01,3.1291355985932585e-14,4.350115932547383e-17
489.02,3.12882974216516e-14,4.339168320389618e-17
489.03,3.1285020730660564e-14,4.3392779403961586e-17
489.04,3.128214371467252e-14,4.3183135721931095e-17
489.05,3.1279064903148105e-14,4.3607198813538925e-17
489.06,3.1275760251272885e-14,4.346213154977656e-17
489.07,3.127329647797254e-14,4.3684957012937146e-17
489.08,3.126887505362507e-14,4.3448797430378924e-17
489.09,3.126665514454754e-14,4.3389039428843776e-17
489.1,3.126354031597376e-14,4.344178569038617e-17
489.11,3.126069433921752e-14,4.337484757313359e-17
489.12,3.1257501436362126e-14,4.3504585346228517e-17
489.13,3.1254418163291165e-14,4.3539968054459547e-17
489.14,3.125098319429901e-14,4.345275813870912e-17
489.15,3.1248119449396555e-14,4.3517665606340997e-17
489.16,3.124633698147371e-14,4.362829204556489e-17
489.17,3.1242257831708364e-14,4.359702011237867e-17
489.18,3.1239017975228683e-14,4.335679284694205e-17
489.19,3.12358256142806e-14,4.335294105005898e-17
489.2,3.1232516758379e-14,4.344371346036244e-17
489.21,3.1229706060877727e-14,4.3483709502388886e-17
489.22,3.12263887711823e-14,4.347622937324108e-17
489.23,3.122344380820093e-14,4.3407117121094164e-17
489.24,3.121953375840768e-14,4.3079357722144125e-17
489.25,3.1217525471701015e-14,4.3817316471748017e-17
489.26,3.121440828797442e-14,4.3459023390226923e-17
489.27,3.121100815289936e-14,4.330524425829883e-17
489.28,3.120893091269476e-14,4.371939125346748e-17
489.29,3.120481917466278e-14,4.3423580867990434e-17
489.3,3.120123464793559e-14,4.3205562710970916e-17
489.31,3.1198802727221425e-14,4.3425597913965386e-17
489.32,3.119552540528646e-14,4.3503996305418896e-17
489.33,3.119276338056594e-14,4.344429242218865e-17
489.34,3.118940264021833e-14,4.320688035660622e-17
489.35,3.1186156025839046e-14,4.336935918632657e-17
489.36,3.1183419712896114e-14,4.331941885286622e-17
489.37,3.1180065994046574e-14,4.3289854350077035e-17
489.38,3.117725428707074e-14,4.321439731579626e-17
489.39,3.1174038741945795e-14,4.328166343827234e-17
489.4,3.117112666102255e-14,4.334093952902458e-17
489.41,3.116797897963783e-14,4.303145534395144e-17
489.42,3.1165003141112314e-14,4.315781193525456e-17
489.43,3.116177654248042e-14,4.3358106002855566e-17
489.44,3.11570229940026e-14,4.304405431874961e-17
489.45,3.1155044884715305e-14,4.326463220099409e-17
489.46,3.1152421455384546e-14,4.3399198701509204e-17
489.47,3.114724877875752e-14,4.2384149470572276e-17
489.48,3.1146269031049226e-14,4.333853837582077e-17
489.49,3.1143141386030986e-14,4.3101386285187175e-17
489.5,3.114023207966297e-14,4.3211881833094375e-17
489.51,3.113624890927219e-14,4.290960505206064e-17
489.52,3.1133951557879476e-14,4.3292263481724555e-17
489.53,3.113104468102341e-14,4.3431690322285556e-17
489.54,3.1127411578598464e-14,4.334980532934297e-17
489.55,3.1124646161267347e-14,4.316635054750026e-17
489.56,3.112127407642779e-14,4.325483497360426e-17
489.57,3.111863010512036e-14,4.329001360193819e-17
489.58,3.111522938882372e-14,4.3329355639664356e-17
489.59,3.1112432504698765e-14,4.3366496201250934e-17
489.6,3.1109166925810785e-14,4.317368574236997e-17
489.61,3.1106282479733466e-14,4.31754069509805e-17
489.62,3.1102703563478707e-14,4.313615744969401e-17
489.63,3.110030552529459e-14,4.33371539757298e-17
489.64,3.1096870273714965e-14,4.313550447884532e-17
489.65,3.109400091884926e-14,4.327769281775913e-17
489.66,3.1090815980955454e-14,4.3184683784483434e-17
489.67,3.108748146091546e-14,4.327360664774839e-17
489.68,3.1084797099760624e-14,4.3310038278926097e-17
489.69,3.108229874164793e-14,4.358190227766416e-17
489.7,3.107847167865648e-14,4.3231488470490945e-17
489.71,3.107546623164844e-14,4.315066327681598e-17
489.72,3.107246231658433e-14,4.329856793344327e-17
489.73,3.1069302790074066e-14,4.319240038466562e-17
489.74,3.106660974932336e-14,4.336280428334324e-17
489.75,3.106312829366705e-14,4.309118124286002e-17
489.76,3.1060336549933704e-14,4.3364913219159473e-17
489.77,3.1056972503552394e-14,4.3212531772112074e-17
489.78,3.105998845276607e-14,4.6940109092726546e-17
489.79,3.105029148513619e-14,4.290803172714637e-17
489.8,3.1047484376547925e-14,4.329258908565419e-17
489.81,3.104468402584338e-14,4.3254254149327145e-17
489.82,3.104179422689949e-14,4.3247354606828423e-17
489.83,3.103863877581955e-14,4.322977384082003e-17
489.84,3.103557861289027e-14,4.309364616160636e-17
489.85,3.103253044034481e-14,4.3139368318862247e-17
489.86,3.1029530974962777e-14,4.3242866305995716e-17
489.87,3.102720747291398e-14,4.159913984520298e-17
489.88,3.102333374678803e-14,4.3523597298919135e-17
489.89,3.102271017880569e-14,4.511712986041397e-17
489.9,3.1017399693609584e-14,4.33914252572771e-17
489.91,3.1014278281185675e-14,4.312860149034508e-17
489.92,3.101099258441304e-14,4.321244110937936e-17
489.93,3.100761793839895e-14,4.3109126556018376e-17
489.94,3.100431824480572e-14,4.304894101747184e-17
489.95,3.100180510498568e-14,4.31100160663594e-17
489.96,3.099915581612363e-14,4.26232826913812e-17
489.97,3.099558371272225e-14,4.304574350260447e-17
489.98,3.099210513682719e-14,4.30343036638225e-17
489.99,3.0989602314984635e-14,4.31339791407743e-17
490.0,3.098648770541053e-14,4.318323460277613e-17
490.01,3.0983296338366415e-14,4.307665923662564e-17
490.02,3.098041329056417e-14,4.316272577919536e-17
490.03,3.097749188488193e-14,4.3218465921803636e-17
490.04,3.097413248567849e-14,4.294965368650402e-17
490.05,3.0971693783114266e-14,4.329742299942153e-17
490.06,3.096845145430869e-14,4.31307612045745e-17
490.07,3.096519587093236e-14,4.295941266473171e-17
490.08,3.096211325522133e-14,4.30201238392002e-17
490.09,3.0958823030848594e-14,4.3046896431197026e-17
490.1,3.095566404854845e-14,4.2935967397217673e-17
490.11,3.0952701590546975e-14,4.270736900551146e-17
490.12,3.094975784053085e-14,4.310716116254602e-17
490.13,3.094666900838355e-14,4.308734217296611e-17
490.14,3.094349436374879e-14,4.318280748592534e-17
490.15,3.0940564603480004e-14,4.2996411050368543e-17
490.16,3.093732879704415e-14,4.287917606603404e-17
490.17,3.0934597288033765e-14,4.305602224898715e-17
490.18,3.0931347092803986e-14,4.2826419185217115e-17
490.19,3.092832316138562e-14,4.297593711216375e-17
490.2,3.0926241684876664e-14,4.400973879662514e-17
490.21,3.0921888560525706e-14,4.264234979122057e-17
490.22,3.0919162507134545e-14,4.3101921780434707e-17
490.23,3.0915914111903655e-14,4.307497045463205e-17
490.24,3.091307689545873e-14,4.291849623079034e-17
490.25,3.0909930175754964e-14,4.3056861218082246e-17
490.26,3.0906820543368505e-14,4.301710753940984e-17
490.27,3.0903867950756876e-14,4.2914495256421796e-17
490.28,3.090081421809052e-14,4.2802870260271154e-17
490.29,3.08975825662842e-14,4.2931484491923786e-17
490.3,3.089457182112766e-14,4.2689312371449807e-17
490.31,3.089137630546324e-14,4.299350029264403e-17
490.32,3.0888412468255063e-14,4.297796143607337e-17
490.33,3.0885656978766345e-14,4.299244919345895e-17
490.34,3.088241379632673e-14,4.303709920624271e-17
490.35,3.087924214771024e-14,4.281247957404044e-17
490.36,3.087635468295815e-14,4.2735877622786584e-17
490.37,3.087308121890329e-14,4.2758266842001475e-17
490.38,3.0870447553566593e-14,4.287696114225382e-17
490.39,3.086699120352822e-14,4.294221691657442e-17
490.4,3.0864139009334257e-14,4.2984876034316056e-17
490.41,3.086119857015716e-14,4.302100533739514e-17
490.42,3.085808669473769e-14,4.2731636788978935e-17
490.43,3.085510263550527e-14,4.2710129112654134e-17
490.44,3.085203078175322e-14,4.2889519898539236e-17
490.45,3.0849034118863415e-14,4.276175075842535e-17
490.46,3.084606146870464e-14,4.2816774027397403e-17
490.47,3.084267194852749e-14,4.2627775100348514e-17
490.48,3.083968314633084e-14,4.277013173296912e-17
490.49,3.083685144672884e-14,4.303123200071429e-17
490.5,3.0833658300425424e-14,4.274855815988763e-17
490.51,3.0830634427036345e-14,4.2670231011360905e-17
490.52,3.0827789770345015e-14,4.2964935306311767e-17
490.53,3.082478861906834e-14,4.2936140932893687e-17
490.54,3.082150342086757e-14,4.283098865109918e-17
490.55,3.081848652624855e-14,4.284130372356835e-17
490.56,3.08158169713078e-14,4.282364164006003e-17
490.57,3.0812389103446665e-14,4.29273785072891e-17
490.58,3.080936988283777e-14,4.2825154129629044e-17
490.59,3.080654990063187e-14,4.276812616673234e-17
490.6,3.080314834339434e-14,4.2746139368693227e-17
490.61,3.080055616484199e-14,4.27595428858787e-17
490.62,3.0797176593293284e-14,4.2760283644621614e-17
490.63,3.0794133798176514e-14,4.277478783612542e-17
490.64,3.079122580759576e-14,4.286659897052493e-17
490.65,3.078814230646323e-14,4.2784925319089537e-17
490.66,3.078507091347517e-14,4.297476860879758e-17
490.67,3.0782067425879506e-14,4.283425323335398e-17
490.68,3.0778925207584955e-14,4.274142369027853e-17
490.69,3.077584205381999e-14,4.2528356842189424e-17
490.7,3.077229078630674e-14,4.279354294575211e-17
490.71,3.0769659076490266e-14,4.270517178502017e-17
490.72,3.0766779862191696e-14,4.2640294248252563e-17
490.73,3.076385324686751e-14,4.250890200184771e-17
490.74,3.076071553784081e-14,4.267186601951151e-17
490.75,3.075796557671304e-14,4.244294233746568e-17
490.76,3.075459208893474e-14,4.262665952925346e-17
490.77,3.075175955632222e-14,4.271513423518579e-17
490.78,3.074854415263605e-14,4.2622804463372134e-17
490.79,3.0745506997279695e-14,4.2696400467190043e-17
490.8,3.074249288952378e-14,4.2655183543509037e-17
490.81,3.073987122524021e-14,4.282375886269593e-17
490.82,3.0736388664429984e-14,4.186219301087182e-17
490.83,3.0733477602843544e-14,4.2558731934110866e-17
490.84,3.072987540257134e-14,4.254067975336982e-17
490.85,3.072729573230264e-14,4.2668754088061067e-17
490.86,3.072454270470825e-14,4.2773308644629746e-17
490.87,3.0721137788184054e-14,4.249551549409047e-17
490.88,3.0718497437917824e-14,4.2370957855788316e-17
490.89,3.07151978386092e-14,4.2534103354461887e-17
490.9,3.0712307176779586e-14,4.257189649411973e-17
490.91,3.070920087385475e-14,4.2731907618263175e-17
490.92,3.070647872774768e-14,4.2649976223871076e-17
490.93,3.070235299446609e-14,4.216553480187555e-17
490.94,3.070019779470831e-14,4.25935589956442e-17
490.95,3.069703566525458e-14,4.274407413201519e-17
490.96,3.069377182582345e-14,4.2361243883718867e-17
490.97,3.069129530958793e-14,4.222735669923467e-17
490.98,3.0687930975571874e-14,4.258202666077323e-17
490.99,3.068481969012153e-14,4.2657198578861136e-17
491.0,3.0681860346602884e-14,4.2539854780434605e-17
491.01,3.0678885828649055e-14,4.251077031643281e-17
491.02,3.0675569721864316e-14,4.3016729480374096e-17
491.03,3.0672883203998914e-14,4.26006865303324e-17
491.04,3.066981043300196e-14,4.2476325388696597e-17
491.05,3.066691255454275e-14,4.248117278446518e-17
491.06,3.0662809621642757e-14,4.3036202572194854e-17
491.07,3.06607198053748e-14,4.2379735095032726e-17
491.08,3.065740954253739e-14,4.2453396743102823e-17
491.09,3.065468972142249e-14,4.249124402272198e-17
491.1,3.065164048281634e-14,4.240878172621512e-17
491.11,3.0648293358456753e-14,4.258405234791739e-17
491.12,3.0645559649934894e-14,4.246837287725532e-17
491.13,3.064413498580425e-14,4.125551563010048e-17
491.14,3.063958854754636e-14,4.2113637883109935e-17
491.15,3.0634357193137316e-14,4.017936086424416e-17
491.16,3.0633624549451713e-14,4.238591033311503e-17
491.17,3.063141867563744e-14,4.326161289603185e-17
491.18,3.0627423735882636e-14,4.2561824694968596e-17
491.19,3.062448317709809e-14,4.2381034472732744e-17
491.2,3.062179198577488e-14,4.2425737548845075e-17
491.21,3.06181402527123e-14,4.2450045475587405e-17
491.22,3.061535767783323e-14,4.273175116007837e-17
491.23,3.061241161623743e-14,4.238223491686196e-17
491.24,3.061220264942109e-14,4.043659080801819e-17
491.25,3.060621755575188e-14,4.247382433060913e-17
491.26,3.060345198359083e-14,4.226085216524775e-17
491.27,3.060027068830447e-14,4.244840226222617e-17
491.28,3.0597055650518946e-14,4.2501925621565465e-17
491.29,3.059445085605152e-14,4.2348271286683496e-17
491.3,3.0591272106103543e-14,4.2354671375459937e-17
491.31,3.0588488060746625e-14,4.243014939947152e-17
491.32,3.058521423955469e-14,4.2417766855040946e-17
491.33,3.058288043221933e-14,4.2338882555321656e-17
491.34,3.057922361659916e-14,4.227787030316513e-17
491.35,3.0576078294276066e-14,4.220538757249357e-17
491.36,3.057318640386734e-14,4.237088064049875e-17
491.37,3.0570200164954076e-14,4.239505027581862e-17
491.38,3.056713713470508e-14,4.2143367176402505e-17
491.39,3.0563944419455665e-14,4.234974614071046e-17
491.4,3.0561236937488935e-14,4.2227508338572975e-17
491.41,3.055828943975109e-14,4.235146902226188e-17
491.42,3.055565613057893e-14,4.216580872763087e-17
491.43,3.055196641453712e-14,4.208980411507878e-17
491.44,3.0549141120830156e-14,4.2189438897537676e-17
491.45,3.054607785542666e-14,4.2233392677807107e-17
491.46,3.0542815133443224e-14,4.211647320459559e-17
491.47,3.054006014772504e-14,4.206380686124652e-17
491.48,3.0537047129757013e-14,4.2278101222063166e-17
491.49,3.0533633975701114e-14,4.24327175995919e-17
491.5,3.0531008292767296e-14,4.217695155269088e-17
491.51,3.052772471378699e-14,4.215991178548758e-17
491.52,3.052489049639526e-14,4.2179781049524934e-17
491.53,3.052192315091382e-14,4.229514872349965e-17
491.54,3.051894766576322e-14,4.2183666104130647e-17
491.55,3.051599567499537e-14,4.2061767617653096e-17
491.56,3.0512773937303045e-14,4.219459877997065e-17
491.57,3.0509841218981373e-14,4.201340825776776e-17
491.58,3.050808994156225e-14,4.355780712826848e-17
491.59,3.0503827390027045e-14,4.2173471123474945e-17
491.6,3.050089590261043e-14,4.20123699136791e-17
491.61,3.049883451986253e-14,4.312800495951281e-17
491.62,3.049499491480406e-14,4.221382281015712e-17
491.63,3.049210112375324e-14,4.218273821324089e-17
491.64,3.048886888428968e-14,4.221266722223693e-17
491.65,3.048625890560293e-14,4.230936081735145e-17
491.66,3.0482981261735434e-14,4.216545736962698e-17
491.67,3.048017694931264e-14,4.227542841228726e-17
491.68,3.047696148460804e-14,4.219560843544333e-17
491.69,3.0473532930591e-14,4.2051337008258963e-17
491.7,3.047091791006311e-14,4.2108997644422815e-17
491.71,3.046788070527275e-14,4.209669669375945e-17
491.72,3.046497256146509e-14,4.1975644888887926e-17
491.73,3.046186960549972e-14,4.206933547683499e-17
491.74,3.045977965781064e-14,4.208668561706381e-17
491.75,3.045592479494213e-14,4.205789917179918e-17
491.76,3.045274682495817e-14,4.1978951426775696e-17
491.77,3.044995030888826e-14,4.178933348737309e-17
491.78,3.0447045143556523e-14,4.214107395523651e-17
491.79,3.044397084336832e-14,4.20986295163266e-17
491.8,3.0440933706687944e-14,4.2080360195559254e-17
491.81,3.0437936030185333e-14,4.198879651060956e-17
491.82,3.0434937915454555e-14,4.195381657308475e-17
491.83,3.0431812154090995e-14,4.1954949822389445e-17
491.84,3.0429003113283656e-14,4.210333097431586e-17
491.85,3.042557992639895e-14,4.202700402735899e-17
491.86,3.0419384938715966e-14,4.211026928704697e-17
491.87,3.04196263559489e-14,4.191050554098474e-17
491.88,3.041725144065359e-14,4.190943271199905e-17
491.89,3.0414210984164885e-14,4.184175763054816e-17
491.9,3.041095885852074e-14,4.205525161266836e-17
491.91,3.040784398610578e-14,4.178683017938913e-17
491.92,3.040490071020788e-14,4.1886262967745844e-17
491.93,3.0402052189386834e-14,4.200333877157343e-17
491.94,3.0399316105956186e-14,4.2598488327535513e-17
491.95,3.039597548106217e-14,4.1927450378945915e-17
491.96,3.039283926341254e-14,4.1680135147049244e-17
491.97,3.03898405398863e-14,4.18982456276964e-17
491.98,3.038708833488885e-14,4.188582545430629e-17
491.99,3.0384036248981785e-14,4.199023049557588e-17
492.0,3.0380939350239134e-14,4.193968360726367e-17
492.01,3.037804334557265e-14,4.1850698017437055e-17
492.02,3.037510302305597e-14,4.1869420125729245e-17
492.03,3.0371804150947125e-14,4.190670694809814e-17
492.04,3.03689996176837e-14,4.203617279243483e-17
492.05,3.0366104362161784e-14,4.196464461675709e-17
492.06,3.0362972716915084e-14,4.161322592944741e-17
492.07,3.0360185978644735e-14,4.182553370274028e-17
492.08,3.0356790034853566e-14,4.179988516996475e-17
492.09,3.035418176527963e-14,4.1834831625303854e-17
492.1,3.035125286973362e-14,4.1933786310718895e-17
492.11,3.034794700255376e-14,4.171340999550436e-17
492.12,3.0345250513561375e-14,4.170182768120334e-17
492.13,3.0342193280118925e-14,4.1754383996450975e-17
492.14,3.033924957590169e-14,4.200275551315581e-17
492.15,3.0336434747063336e-14,4.175573803505091e-17
492.16,3.0333203682812945e-14,4.1889588369152963e-17
492.17,3.0328692474947015e-14,4.1211825570021584e-17
492.18,3.0327510189747776e-14,4.2118787156339585e-17
492.19,3.032443744560241e-14,4.1785125577292354e-17
492.2,3.0321291417951866e-14,4.184999032894737e-17
492.21,3.0318555833678995e-14,4.1543809322451914e-17
492.22,3.03153745270234e-14,4.174136449855224e-17
492.23,3.031251488873807e-14,4.17944085840558e-17
492.24,3.030925006902499e-14,4.176315729166236e-17
492.25,3.030640034379893e-14,4.1820699469129556e-17
492.26,3.030354559018471e-14,4.169295961209669e-17
492.27,3.0300524559413354e-14,4.1740366314589617e-17
492.28,3.029742015694364e-14,4.181924724189968e-17
492.29,3.0294280597604894e-14,4.153085025948532e-17
492.3,3.0291447171201965e-14,4.1689760579437815e-17
492.31,3.02881643176863e-14,4.145663250190235e-17
492.32,3.028573335047464e-14,4.162493434788041e-17
492.33,3.028254195335658e-14,4.16586751150805e-17
492.34,3.027952265842814e-14,4.1844177041484385e-17
492.35,3.027668953021061e-14,4.158411290749215e-17
492.36,3.027363251470615e-14,4.166150568598012e-17
492.37,3.02706925734659e-14,4.168399310218473e-17
492.38,3.026774076033641e-14,4.171312207247015e-17
492.39,3.0265047629620056e-14,4.175695410733777e-17
492.4,3.026173575335745e-14,4.154454520817439e-17
492.41,3.0258808599140276e-14,4.1744652567277875e-17
492.42,3.025575955195429e-14,4.1551817131320276e-17
492.43,3.0252915283076566e-14,4.1674723255209444e-17
492.44,3.0249649723601924e-14,4.1570772518992904e-17
492.45,3.024687468326381e-14,4.160357417346719e-17
492.46,3.0243889186147356e-14,4.166268273000082e-17
492.47,3.0241048321685644e-14,4.159965391067997e-17
492.48,3.02379858225956e-14,4.160307872078234e-17
492.49,3.0234852355208236e-14,4.1633143726411714e-17
492.5,3.023207983865746e-14,4.159079088172328e-17
492.51,3.0229192795409714e-14,4.1549265274018935e-17
492.52,3.0226089175744854e-14,4.153749313881968e-17
492.53,3.022292087743607e-14,4.157151922587502e-17
492.54,3.0220011246746964e-14,4.1508237669650095e-17
492.55,3.0217376669725366e-14,4.169301280615359e-17
492.56,3.021430423234122e-14,4.1777473727064704e-17
492.57,3.021128665282175e-14,4.1789157036112934e-17
492.58,3.020816319630843e-14,4.157456252429179e-17
492.59,3.020516998001982e-14,4.139425406262632e-17
492.6,3.020218633021591e-14,4.153659632059363e-17
492.61,3.019905956071851e-14,4.145343165451567e-17
492.62,3.019615106082695e-14,4.143754387111952e-17
492.63,3.0193293845774685e-14,4.1616000625042775e-17
492.64,3.0190404876781004e-14,4.1428863339048924e-17
492.65,3.0187843524949647e-14,4.1532337106026765e-17
492.66,3.018471650785585e-14,4.132323858668969e-17
492.67,3.018157688091484e-14,4.171137752457336e-17
492.68,3.01784236526974e-14,4.151563963220628e-17
492.69,3.017533780556001e-14,4.139394195761494e-17
492.7,3.0173153152190106e-14,4.159643348386187e-17
492.71,3.0169220895630484e-14,4.1447471500944203e-17
492.72,3.0166699056239144e-14,4.138297857068763e-17
492.73,3.016370080769488e-14,4.129555510164616e-17
492.74,3.0160809660071746e-14,4.147638470832693e-17
492.75,3.015778457566241e-14,4.1387569890516164e-17
492.76,3.0155740292344743e-14,4.1672584399587535e-17
492.77,3.0151812990733205e-14,4.142116656882789e-17
492.78,3.0148812903040307e-14,4.143120217610959e-17
492.79,3.01477370286813e-14,4.2209235326803677e-17
492.8,3.0142820108280804e-14,4.1461474445522667e-17
492.81,3.014003367099476e-14,4.1240902744371855e-17
492.82,3.013732810476348e-14,4.1436106116095483e-17
492.83,3.01340999263324e-14,4.134706027498832e-17
492.84,3.0131280617936056e-14,4.188575586101837e-17
492.85,3.0128640873800057e-14,4.1591704219113384e-17
492.86,3.012525096481902e-14,4.122674648448624e-17
492.87,3.0122265850239684e-14,4.139157061066879e-17
492.88,3.011941228894663e-14,4.1405187521783126e-17
492.89,3.01164009890169e-14,4.138455417465886e-17
492.9,3.01120915115626e-14,4.0812111833662906e-17
492.91,3.011032946050459e-14,4.119172631166333e-17
492.92,3.01071133889601e-14,4.1319557552804455e-17
492.93,3.010496466021065e-14,4.115115712693299e-17
492.94,3.0101756657412626e-14,4.128728681959998e-17
492.95,3.009863526368613e-14,4.144186273493202e-17
492.96,3.009521029715241e-14,4.122397992564357e-17
492.97,3.009302972590435e-14,4.140995784365412e-17
492.98,3.0089629381990714e-14,4.1264238808505147e-17
492.99,3.0086286135511e-14,4.1062522671832065e-17
493.0,3.008382360826522e-14,4.1362436974843155e-17
493.01,3.0080408789814814e-14,4.1200600223852575e-17
493.02,3.0077814757939544e-14,4.14265744069703e-17
493.03,3.0074883375220556e-14,4.1274814603167884e-17
493.04,3.007197237677814e-14,4.1388820433876816e-17
493.05,3.0069168074896224e-14,4.118923892515294e-17
493.06,3.006596537912427e-14,4.130521078665132e-17
493.07,3.006309127692045e-14,4.1284861989230475e-17
493.08,3.005992226699486e-14,4.127708983964333e-17
493.09,3.005769664654824e-14,4.156813724674569e-17
493.1,3.005838979033269e-14,4.325847845106904e-17
493.11,3.005130971711902e-14,4.1312164163025376e-17
493.12,3.004850397769516e-14,4.1264155510003606e-17
493.13,3.0045187450274185e-14,4.101487849763398e-17
493.14,3.004236492933825e-14,4.1274302350641426e-17
493.15,3.003954695986199e-14,4.13406467936009e-17
493.16,3.003654654454256e-14,4.110854097036613e-17
493.17,3.0033565926755787e-14,4.1211564259682153e-17
493.18,3.0030360805262135e-14,4.121984040932284e-17
493.19,3.0027991477394955e-14,4.127586273015937e-17
493.2,3.002494216836226e-14,4.12350773258329e-17
493.21,3.0022323458608244e-14,4.141108368344008e-17
493.22,3.00179886717617e-14,4.053737960768251e-17
493.23,3.001597040199017e-14,4.11426562119073e-17
493.24,3.0012907063815916e-14,4.1026247960601124e-17
493.25,3.0010063950912724e-14,4.116302224005981e-17
493.26,3.00072169050299e-14,4.120492247890025e-17
493.27,3.00041908341467e-14,4.12329200085529e-17
493.28,3.0000981511638685e-14,4.1166249795916583e-17
493.29,2.999803829964127e-14,4.116104752933027e-17
493.3,2.999533282181294e-14,4.110287595450578e-17
493.31,2.999268705100511e-14,4.114185254973112e-17
493.32,2.998944231904209e-14,4.049131432501654e-17
493.33,2.9986759236702274e-14,4.1306629142406787e-17
493.34,2.998369111154677e-14,4.116659309846158e-17
493.35,2.998102130464565e-14,4.057367647611541e-17
493.36,2.997781177593811e-14,4.112695177407822e-17
493.37,2.9974820672759595e-14,4.121293351233502e-17
493.38,2.9970190295385054e-14,4.084627811349415e-17
493.39,2.9969048933371557e-14,4.0881134517219286e-17
493.4,2.996542745876715e-14,4.084370632992976e-17
493.41,2.996338367213175e-14,4.122977672501187e-17
493.42,2.9960129123718616e-14,4.1095328357952383e-17
493.43,2.9957152019209546e-14,4.110320506065144e-17
493.44,2.9954107455788925e-14,4.100519716268963e-17
493.45,2.995071997969172e-14,4.078714577934596e-17
493.46,2.99483681826337e-14,4.097073165676016e-17
493.47,2.9945236601912755e-14,4.0953936199156933e-17
493.48,2.9942564345753824e-14,4.101895229722926e-17
493.49,2.9939224462380537e-14,4.088916094750287e-17
493.5,2.9936593850042014e-14,4.0992161560587266e-17
493.51,2.993363104192788e-14,4.0994200711630834e-17
493.52,2.993082646517279e-14,4.0897740816649785e-17
493.53,2.9927527425583506e-14,4.085631382096141e-17
493.54,2.992448317355672e-14,4.0898212199918117e-17
493.55,2.992191712302182e-14,4.1131129978416e-17
493.56,2.991870713815817e-14,4.0975517271674024e-17
493.57,2.99157256434296e-14,4.096988733589983e-17
493.58,2.991322158952884e-14,4.092189395057833e-17
493.59,2.991020587662208e-14,4.1081722329412347e-17
493.6,2.9907105831679057e-14,4.093056754061893e-17
493.61,2.9904365794105064e-14,4.095635322644038e-17
493.62,2.99016279514808e-14,4.097791175641629e-17
493.63,2.9902734498942996e-14,4.1742490700112084e-17
493.64,2.989556597620055e-14,4.110520640777275e-17
493.65,2.9892208552282005e-14,4.0829048020449474e-17
493.66,2.988918098335919e-14,4.0677451869103036e-17
493.67,2.988709215521414e-14,4.081723104990771e-17
493.68,2.9883371444006827e-14,4.0866305786833396e-17
493.69,2.988077640663145e-14,4.085166622133437e-17
493.7,2.98778708662544e-14,4.0850876387925226e-17
493.71,2.9875199257696454e-14,4.101646807709605e-17
493.72,2.9866271954560134e-14,3.673437500151391e-17
493.73,2.986904727048889e-14,4.0893609657595295e-17
493.74,2.9865801887274435e-14,4.135444739810131e-17
493.75,2.986312684430654e-14,4.079142336071718e-17
493.76,2.985991237953572e-14,4.0967777803183025e-17
493.77,2.9857261964615284e-14,4.1050624124769224e-17
493.78,2.985433441593512e-14,4.08012104513293e-17
493.79,2.985220318215253e-14,4.1384951204508625e-17
493.8,2.984852031328309e-14,4.0990179738460156e-17
493.81,2.984506241837599e-14,4.227151455512259e-17
493.82,2.984259431316955e-14,4.079896757123558e-17
493.83,2.9841832130679883e-14,4.1351540343424706e-17
493.84,2.983668062367652e-14,4.067662848465531e-17
493.85,2.983391477409697e-14,4.129456610059201e-17
493.86,2.9831056032475135e-14,4.094345820620515e-17
493.87,2.982801521851349e-14,4.078463489030346e-17
493.88,2.982513161269541e-14,4.0797444979578594e-17
493.89,2.98223424426055e-14,4.0828009049114944e-17
493.9,2.9818959492804605e-14,4.0593968514795455e-17
493.91,2.9816562462292717e-14,4.08392661542385e-17
493.92,2.981379982068669e-14,4.0915521861625664e-17
493.93,2.9810726602795505e-14,4.0910408447191226e-17
493.94,2.9807685043437453e-14,4.032594283528365e-17
493.95,2.980464593522979e-14,4.0936958797465476e-17
493.96,2.980217912484127e-14,4.091476595649786e-17
493.97,2.9798665481947354e-14,4.075129419650095e-17
493.98,2.9795885431914446e-14,4.079993223588724e-17
493.99,2.979291514652096e-14,4.077076020220092e-17
494.0,2.979031252104142e-14,4.0660302056749644e-17
494.01,2.978717816134562e-14,4.072397205622397e-17
494.02,2.9784243814083786e-14,4.077197090804358e-17
494.03,2.978175469470408e-14,4.122044379174163e-17
494.04,2.977822462385794e-14,4.084819096279925e-17
494.05,2.977529735917459e-14,4.056078998876736e-17
494.06,2.9772322732888707e-14,4.0726775251320256e-17
494.07,2.976959384650273e-14,4.0874674876881426e-17
494.08,2.976675457205068e-14,4.05987014594873e-17
494.09,2.9763902220726394e-14,4.077069081863126e-17
494.1,2.976085726029592e-14,4.0633988250180513e-17
494.11,2.975780924880342e-14,4.0595846072189734e-17
494.12,2.9755495114922596e-14,4.069819997279759e-17
494.13,2.975207955097021e-14,4.0719731504936984e-17
494.14,2.9749350305877455e-14,4.0667028486102647e-17
494.15,2.974621631580442e-14,4.082221328517298e-17
494.16,2.9743622050343266e-14,4.074177661255252e-17
494.17,2.9740501019970114e-14,4.07447517563513e-17
494.18,2.973788073359168e-14,4.097658243791243e-17
494.19,2.973466834361948e-14,4.069693544117606e-17
494.2,2.9732031689842236e-14,4.091055146056588e-17
494.21,2.9728246269998225e-14,4.0648249415144e-17
494.22,2.972608002922425e-14,4.083924680150818e-17
494.23,2.9722915355967555e-14,4.071856145172257e-17
494.24,2.972002317584375e-14,4.0817720408651113e-17
494.25,2.971734601832718e-14,4.079861630591321e-17
494.26,2.971442034408007e-14,4.066395160465636e-17
494.27,2.971137654792231e-14,4.0626383631652373e-17
494.28,2.97083919153355e-14,4.0661903927571407e-17
494.29,2.9705771602412884e-14,4.072693284057503e-17
494.3,2.9702420861256137e-14,4.084118944910612e-17
494.31,2.969959246333484e-14,4.0529012222434645e-17
494.32,2.9696318183444545e-14,4.020282958057716e-17
494.33,2.969400426815388e-14,4.0602846538805504e-17
494.34,2.969118656653851e-14,4.072928637469955e-17
494.35,2.9688250276486486e-14,4.0797826652798586e-17
494.36,2.968515766102489e-14,4.0691820214317676e-17
494.37,2.9682202654485064e-14,4.053759690141005e-17
494.38,2.967929620290392e-14,4.069046248932354e-17
494.39,2.967671882669145e-14,4.05468395884878e-17
494.4,2.9673305520837094e-14,4.049652018452564e-17
494.41,2.9670634075397275e-14,4.043361653784803e-17
494.42,2.9667696648499427e-14,4.058267046557081e-17
494.43,2.966475568962781e-14,4.0629549110573844e-17
494.44,2.9662070258527127e-14,4.0617873797149614e-17
494.45,2.9659003080545986e-14,4.057037544928924e-17
494.46,2.965614485340826e-14,4.054339143554463e-17
494.47,2.965299614050428e-14,4.050799695807733e-17
494.48,2.9650428692820053e-14,4.0452374457541475e-17
494.49,2.964737546136659e-14,4.0777310950248107e-17
494.5,2.964415157299334e-14,4.052048266638441e-17
494.51,2.9641443692825003e-14,4.0413125808951286e-17
494.52,2.9638572521421185e-14,4.0488568141757956e-17
494.53,2.9635767566478737e-14,4.0468572900499103e-17
494.54,2.963281309563536e-14,4.0574697268839094e-17
494.55,2.9629976215085665e-14,4.0382340581697496e-17
494.56,2.9628013913208577e-14,4.149175295757574e-17
494.57,2.962410334537855e-14,4.081377545361178e-17
494.58,2.962135568423717e-14,4.050370292547339e-17
494.59,2.9618314826136045e-14,4.071952253009975e-17
494.6,2.961558644482416e-14,4.064140337482873e-17
494.61,2.961255225017109e-14,4.052000237660652e-17
494.62,2.9609978968518975e-14,4.074640605838473e-17
494.63,2.960670296737751e-14,4.0671224491216096e-17
494.64,2.960386145166114e-14,4.052351625707044e-17
494.65,2.960099986674359e-14,4.045428876282846e-17
494.66,2.959799873960219e-14,4.0494936109871794e-17
494.67,2.959528134030395e-14,4.071733281536326e-17
494.68,2.9592177528600846e-14,4.048353416196681e-17
494.69,2.958935110069212e-14,4.05677101409895e-17
494.7,2.9586475201281596e-14,4.048959782631223e-17
494.71,2.958336898103325e-14,4.0419797492753516e-17
494.72,2.958085367626527e-14,4.0582140650752433e-17
494.73,2.9577638066860166e-14,4.048199526178558e-17
494.74,2.957492883490981e-14,4.042237264885879e-17
494.75,2.957206086164899e-14,4.039292259030055e-17
494.76,2.956931876151647e-14,4.044259643319605e-17
494.77,2.95661275272173e-14,4.049699241436855e-17
494.78,2.9563279153392437e-14,4.056854857881148e-17
494.79,2.956032939907599e-14,4.050164537372564e-17
494.8,2.955752409142971e-14,4.037331646752337e-17
494.81,2.9554463981290783e-14,4.048360246837712e-17
494.82,2.9551510787844086e-14,4.0579164199933616e-17
494.83,2.954901130562646e-14,4.0431762197437276e-17
494.84,2.9545803642800553e-14,4.0235804087925343e-17
494.85,2.954325586530994e-14,4.062078655990186e-17
494.86,2.9539959747493526e-14,4.0480558042379095e-17
494.87,2.953764297804365e-14,4.03188266126775e-17
494.88,2.953424145260608e-14,4.0299554062794877e-17
494.89,2.953134656128251e-14,4.02676980289609e-17
494.9,2.952866900882271e-14,4.042562637256538e-17
494.91,2.952530045352323e-14,4.050295474753548e-17
494.92,2.952281512967689e-14,4.0494873188205006e-17
494.93,2.951997278936012e-14,4.041637566320452e-17
494.94,2.951682862953179e-14,4.037406260390072e-17
494.95,2.9514149890537524e-14,4.0524230082287794e-17
494.96,2.951123703494249e-14,4.03532450089469e-17
494.97,2.9508379433057765e-14,4.038056849633131e-17
494.98,2.950470118049136e-14,4.0305720057870524e-17
494.99,2.9502542642428445e-14,4.035706523572718e-17
495.0,2.950019615864906e-14,4.001478922614741e-17
495.01,2.9496872880677545e-14,4.0447282516124556e-17
495.02,2.949393034526845e-14,4.035215932349438e-17
495.03,2.949113137243512e-14,4.023530570892689e-17
495.04,2.94883724015986e-14,4.0407744199678424e-17
495.05,2.9485217528592966e-14,4.013285794116232e-17
495.06,2.948225274816557e-14,4.056042324082629e-17
495.07,2.9480088890237964e-14,4.1494547984257537e-17
495.08,2.947714919119749e-14,3.998689904894396e-17
495.09,2.947560290869712e-14,4.408624877411092e-17
495.1,2.947096563645754e-14,4.025768665085285e-17
495.11,2.9467902141018737e-14,4.012873401488659e-17
495.12,2.9465175408431406e-14,4.047466745622635e-17
495.13,2.9462226696415594e-14,4.0442209708109256e-17
495.14,2.9459361002107795e-14,4.0448704061361756e-17
495.15,2.94564304528269e-14,4.018770151311217e-17
495.16,2.9453868200477035e-14,4.035338397645734e-17
495.17,2.9450855701159724e-14,4.0607997974187025e-17
495.18,2.9439329034672816e-14,3.792912609779474e-17
495.19,2.944488574791488e-14,4.037133365868038e-17
495.2,2.944230316951261e-14,4.037627337741837e-17
495.21,2.943906345517162e-14,4.020654947039886e-17
495.22,2.943642150653215e-14,4.031452214576711e-17
495.23,2.943338374848052e-14,4.031381310154691e-17
495.24,2.943053176679567e-14,4.0258063221784134e-17
495.25,2.9427490747685715e-14,4.028257295654152e-17
495.26,2.942468081894054e-14,4.047785137797996e-17
495.27,2.942095505498984e-14,3.9904065583890425e-17
495.28,2.941899816671337e-14,4.026653610716734e-17
495.29,2.941630936994501e-14,4.036204770822554e-17
495.3,2.941299538901512e-14,4.0267430430430625e-17
495.31,2.941045008002492e-14,4.042453430782029e-17
495.32,2.940745395283923e-14,4.0317331177100194e-17
495.33,2.940480840208464e-14,4.089819744986519e-17
495.34,2.9401651395568374e-14,4.025953543484862e-17
495.35,2.939893096597158e-14,4.027801132237936e-17
495.36,2.939536575022204e-14,4.0074757609462096e-17
495.37,2.939331065727909e-14,4.0343485318098405e-17
495.38,2.93901016900354e-14,4.038575646462127e-17
495.39,2.938732870371622e-14,4.02988683289638e-17
495.4,2.9384458797263166e-14,4.007443430631164e-17
495.41,2.938198999340267e-14,4.041442200197481e-17
495.42,2.9379129581951565e-14,4.043749629413837e-17
495.43,2.93757465211418e-14,4.021776698978483e-17
495.44,2.937305309080421e-14,4.035015316825603e-17
495.45,2.937056706868962e-14,4.042551065238377e-17
495.46,2.936987472198981e-14,4.132701453072784e-17
495.47,2.936433037014309e-14,4.027921874210929e-17
495.48,2.9361484471174096e-14,4.025130332689914e-17
495.49,2.935994355652989e-14,4.002758117334455e-17
495.5,2.935572467801611e-14,4.0215250906825306e-17
495.51,2.9352870429328596e-14,4.023988757385827e-17
495.52,2.9349782914309906e-14,4.012518932887658e-17
495.53,2.934729305296662e-14,4.013322875655819e-17
495.54,2.9344403692753653e-14,4.029851203533996e-17
495.55,2.934147270201497e-14,4.0234016373677434e-17
495.56,2.9338500055781386e-14,4.012747941519555e-17
495.57,2.933588526441895e-14,4.027944725207776e-17
495.58,2.9332887543708574e-14,4.03051788850243e-17
495.59,2.9329503660425175e-14,3.999522078301499e-17
495.6,2.932715677911017e-14,4.0209004066412034e-17
495.61,2.9324216750886435e-14,4.009909952491305e-17
495.62,2.932168959317636e-14,4.012047712450482e-17
495.63,2.931820673647541e-14,4.01695018380294e-17
495.64,2.9315725113782976e-14,4.02293696964553e-17
495.65,2.9312624985777233e-14,4.003513995289729e-17
495.66,2.930990858780218e-14,4.0054676423341566e-17
495.67,2.9306710960417985e-14,4.0066149459813844e-17
495.68,2.9304138049736947e-14,4.014348362481164e-17
495.69,2.9301184251329974e-14,4.013179316118467e-17
495.7,2.929746541438758e-14,4.0125985879523537e-17
495.71,2.9295221196499686e-14,3.8850213398065833e-17
495.72,2.9292237093994394e-14,4.025081492116924e-17
495.73,2.9289835611401405e-14,4.016937690551555e-17
495.74,2.9287061410073716e-14,4.008601104991367e-17
495.75,2.9284034881250163e-14,4.0153098168306713e-17
495.76,2.9281247258936333e-14,4.011467003551329e-17
495.77,2.9278355740265965e-14,4.009502242551344e-17
495.78,2.927561085369248e-14,4.004363125958789e-17
495.79,2.9272900950328066e-14,4.0173229566219334e-17
495.8,2.926891483377979e-14,4.0902748630500017e-17
495.81,2.9267058259080934e-14,4.013495549466129e-17
495.82,2.9263862981426174e-14,4.018170416844867e-17
495.83,2.926114766454795e-14,4.0167100326408776e-17
495.84,2.92584249857703e-14,4.00641622732831e-17
495.85,2.925552526660401e-14,4.0143318430208926e-17
495.86,2.925259631369533e-14,3.998865159220147e-17
495.87,2.924982412691895e-14,4.000627265841137e-17
495.88,2.924675708045324e-14,3.988901440877783e-17
495.89,2.924412869622085e-14,4.00167921780808e-17
495.9,2.924131111492903e-14,3.9945949222273e-17
495.91,2.923821472469603e-14,4.0159711737045224e-17
495.92,2.9235495318342004e-14,4.0141722513253124e-17
495.93,2.923250074835043e-14,4.0137624901682675e-17
495.94,2.9229843996174336e-14,4.036852219425998e-17
495.95,2.922672586378711e-14,3.9959969697613227e-17
495.96,2.9224049592293e-14,4.002323358866185e-17
495.97,2.9221474538984134e-14,4.0199446451156985e-17
495.98,2.9218512070345204e-14,4.003037998041857e-17
495.99,2.9215869713214445e-14,4.007605978511709e-17
496.0,2.9212536060571934e-14,4.004389708038397e-17
496.01,2.9209639026685446e-14,4.005636133265637e-17
496.02,2.9206799969178685e-14,3.9998950001942374e-17
496.03,2.9204193971634014e-14,4.002544767626784e-17
496.04,2.92012238758136e-14,4.0050852317497485e-17
496.05,2.9198616227870716e-14,4.022859218606767e-17
496.06,2.919561627250924e-14,4.000006882656683e-17
496.07,2.919328009348071e-14,4.044012374565843e-17
496.08,2.918994040957822e-14,3.97491203661488e-17
496.09,2.91867916553907e-14,3.9873065447680904e-17
496.1,2.918387219826338e-14,3.98149577899938e-17
496.11,2.918123267498762e-14,3.996905755494941e-17
496.12,2.917835364203898e-14,4.004141788828893e-17
496.13,2.9175483292025504e-14,3.998325138349892e-17
496.14,2.917265188905814e-14,4.0046044079011946e-17
496.15,2.916930937460332e-14,4.0018378390202153e-17
496.16,2.9166956579380914e-14,3.9864044983170677e-17
496.17,2.916417556371585e-14,3.988791293053948e-17
496.18,2.916157285875646e-14,4.015117553346579e-17
496.19,2.915848783009459e-14,3.9981052993693375e-17
496.2,2.915573905779488e-14,3.993781373951236e-17
496.21,2.915285956835306e-14,3.9940800663145214e-17
496.22,2.9149842461688605e-14,3.9963289100920015e-17
496.23,2.9146983884488424e-14,3.9871159169679735e-17
496.24,2.9144596311909236e-14,4.00275874140427e-17
496.25,2.914135111494309e-14,3.9975231988980053e-17
496.26,2.9138765716455185e-14,4.0048449116874685e-17
496.27,2.9135630864902004e-14,3.9918182508798564e-17
496.28,2.913292799431634e-14,3.9993346629329706e-17
496.29,2.9129887917690764e-14,3.993486225402042e-17
496.3,2.912699492494016e-14,3.9885331410807985e-17
496.31,2.912448678743957e-14,4.005491439580997e-17
496.32,2.912151092850233e-14,4.0012261202609294e-17
496.33,2.9118679605137495e-14,3.9907962069458035e-17
496.34,2.91156988058987e-14,3.981000285578763e-17
496.35,2.91131568052263e-14,3.9791715595946414e-17
496.36,2.9109951207684595e-14,3.9848192263174066e-17
496.37,2.9107319804844084e-14,3.998720099627821e-17
496.38,2.910454613347138e-14,3.9886492251064824e-17
496.39,2.910165952979688e-14,3.9910746594264075e-17
496.4,2.909871672620348e-14,3.9886957429904555e-17
496.41,2.9095822369065765e-14,3.9942092261456167e-17
496.42,2.9092933408797195e-14,3.984710371397454e-17
496.43,2.9090190254099086e-14,3.991274882041166e-17
496.44,2.908746303456839e-14,3.992203224516348e-17
496.45,2.9084230620590604e-14,3.9840251734340605e-17
496.46,2.908171277645218e-14,3.969458703132887e-17
496.47,2.9078749342480824e-14,3.9840927128192374e-17
496.48,2.9075960090423487e-14,3.974176988574026e-17
496.49,2.907300723126547e-14,3.981409379774461e-17
496.5,2.907034774400118e-14,3.9748590692064147e-17
496.51,2.9067064861570834e-14,3.9662059251990515e-17
496.52,2.9064652532464734e-14,3.9878976967382866e-17
496.53,2.9062031212545354e-14,3.9951996823160423e-17
496.54,2.905877525175448e-14,3.991613580575818e-17
496.55,2.9056254967680315e-14,3.982430866786721e-17
496.56,2.905317067228409e-14,3.9918790351877433e-17
496.57,2.905047464057804e-14,3.979187214378479e-17
496.58,2.904736001257523e-14,3.973695703045788e-17
496.59,2.904490313635731e-14,3.986211634683943e-17
496.6,2.9042285710152864e-14,3.974233114888529e-17
496.61,2.9039173061185414e-14,3.9757642437376564e-17
496.62,2.9036285507073784e-14,3.9906496565469075e-17
496.63,2.9033355996479067e-14,3.968138759989891e-17
496.64,2.9030761387457e-14,3.983304583229471e-17
496.65,2.9028054324496066e-14,3.99659565874329e-17
496.66,2.902491730725357e-14,3.960155877967155e-17
496.67,2.902202573432414e-14,3.985403446042482e-17
496.68,2.901884781715028e-14,3.9431695882464925e-17
496.69,2.9016439938769894e-14,3.964250176788807e-17
496.7,2.901368928047506e-14,3.982763317537162e-17
496.71,2.9010714051608465e-14,3.9643250824918075e-17
496.72,2.900790593384981e-14,3.980046603726465e-17
496.73,2.900503800165007e-14,3.994269422699309e-17
496.74,2.90025097972699e-14,3.970270497108431e-17
496.75,2.899946752583037e-14,3.973820324158291e-17
496.76,2.899696966243843e-14,3.988639075249352e-17
496.77,2.899369420537475e-14,3.965862778958664e-17
496.78,2.899127981427471e-14,3.974044856526303e-17
496.79,2.898815007275477e-14,3.964431814461945e-17
496.8,2.898524933826731e-14,3.969262834413448e-17
496.81,2.898260561450728e-14,3.937138337181872e-17
496.82,2.8979561518083885e-14,3.958464522517847e-17
496.83,2.897684659166252e-14,3.9611322656064797e-17
496.84,2.897394228505585e-14,3.979163389090215e-17
496.85,2.897090878428834e-14,3.9597473757878185e-17
496.86,2.896839706497703e-14,3.9822894662153e-17
496.87,2.896560624492706e-14,3.9563269829208266e-17
496.88,2.8962810388258174e-14,3.971836941196738e-17
496.89,2.8959735638203095e-14,3.9665789777312614e-17
496.9,2.89568383166918e-14,3.9654454739210147e-17
496.91,2.895433678460887e-14,3.9618713199836696e-17
496.92,2.895113419630012e-14,3.9540821666588586e-17
496.93,2.894847255978797e-14,3.9510225160364085e-17
496.94,2.894586437522583e-14,3.968048044370122e-17
496.95,2.8945813474483226e-14,3.992155835333953e-17
496.96,2.894030207487955e-14,3.9861435555046233e-17
496.97,2.8937191191610605e-14,3.9605714390552565e-17
496.98,2.89345170779565e-14,3.957289947903376e-17
496.99,2.893153516653354e-14,3.9495075629689495e-17
497.0,2.892884094255729e-14,3.9669560701277406e-17
497.01,2.892591387170252e-14,3.972559334155587e-17
497.02,2.8923050475474656e-14,3.9697997269434767e-17
497.03,2.8920399435757956e-14,3.944119155523212e-17
497.04,2.891674346302857e-14,3.9956913331925255e-17
497.05,2.891574521932925e-14,4.064785450890559e-17
497.06,2.891187921518592e-14,3.953231011382447e-17
497.07,2.890901919224826e-14,3.971352810704647e-17
497.08,2.8906326398078775e-14,3.969262283613375e-17
497.09,2.89032923123643e-14,3.941647010659585e-17
497.1,2.89006408181975e-14,3.964884514541642e-17
497.11,2.88976815788445e-14,3.953421582023476e-17
497.12,2.8895280799731124e-14,3.964811162656137e-17
497.13,2.889210208916059e-14,3.960893215837215e-17
497.14,2.888936133197996e-14,3.9472526364567174e-17
497.15,2.8886652738587015e-14,3.953709528708589e-17
497.16,2.888365911721799e-14,3.9472738278027285e-17
497.17,2.888099838570824e-14,3.941194980921347e-17
497.18,2.887806852280011e-14,3.9527290265167236e-17
497.19,2.887543318174105e-14,3.954240736494627e-17
497.2,2.8872487531123325e-14,3.9387213540618184e-17
497.21,2.886965163763854e-14,3.960629860540659e-17
497.22,2.8866732774724167e-14,3.95194006195732e-17
497.23,2.8863862176741025e-14,3.972649348157177e-17
497.24,2.8861365925481646e-14,3.958789118160777e-17
497.25,2.8858390200753964e-14,3.952269901642965e-17
497.26,2.88537538586499e-14,3.805689734753219e-17
497.27,2.885275209816579e-14,3.953756481205029e-17
497.28,2.88500935528518e-14,3.972718821307995e-17
497.29,2.8847484898037794e-14,3.8579394231320154e-17
497.3,2.8844047153008727e-14,3.975728113427719e-17
497.31,2.8841346526028384e-14,3.946841110045882e-17
497.32,2.883881326256418e-14,3.9418530532095994e-17
497.33,2.8835961585487946e-14,3.9382845045392096e-17
497.34,2.883285059723802e-14,3.9411981293546364e-17
497.35,2.883027388775589e-14,3.931522409508197e-17
497.36,2.882751240276303e-14,3.938286506512655e-17
497.37,2.882452075986784e-14,3.935820417945193e-17
497.38,2.882182815437693e-14,3.9460183901996784e-17
497.39,2.8818557568974446e-14,3.9506060683488774e-17
497.4,2.8816259631140923e-14,3.9405709894308137e-17
497.41,2.8813313581876655e-14,3.927499164350164e-17
497.42,2.881110000706544e-14,3.9917586350305076e-17
497.43,2.8807682740609654e-14,3.9437117818927516e-17
497.44,2.8804840420055823e-14,3.930711872719923e-17
497.45,2.880210662370261e-14,3.937369714807343e-17
497.46,2.8799361873092806e-14,3.9423237143651583e-17
497.47,2.879653796372469e-14,3.946409954854666e-17
497.48,2.879321208307328e-14,3.942691518987438e-17
497.49,2.879096505266205e-14,3.930019405951775e-17
497.5,2.8788176281589766e-14,3.932434524673947e-17
497.51,2.8785239497440347e-14,3.941039109460577e-17
497.52,2.878262573339215e-14,3.9340090133534415e-17
497.53,2.8780059141389206e-14,3.963870764063134e-17
497.54,2.877676111165135e-14,3.928147773894938e-17
497.55,2.8774236087096846e-14,3.929118623583184e-17
497.56,2.8771242286815055e-14,3.936288185041367e-17
497.57,2.8766192256581097e-14,4.140408129618416e-17
497.58,2.8765400355843986e-14,3.902715670953821e-17
497.59,2.8762788534733276e-14,3.9256032565156184e-17
497.6,2.875986123561708e-14,3.9230480859487503e-17
497.61,2.875735869497326e-14,3.9335667748152664e-17
497.62,2.8754211102827006e-14,3.925773811546124e-17
497.63,2.875175486587422e-14,3.9350278509973724e-17
497.64,2.8748973644709076e-14,3.933570085625522e-17
497.65,2.8746407511358433e-14,3.9436655716054416e-17
497.66,2.8745568264080326e-14,4.199892550946276e-17
497.67,2.873964162838004e-14,3.817197185011845e-17
497.68,2.8738446838308746e-14,3.958833982558419e-17
497.69,2.8734790014664025e-14,3.9285723193667925e-17
497.7,2.873218601276684e-14,3.9434375333055905e-17
497.71,2.872931734069452e-14,3.932535534271266e-17
497.72,2.872634251615408e-14,3.928657888598439e-17
497.73,2.872379531296637e-14,3.9185218185008754e-17
497.74,2.872086865405577e-14,3.910186858441544e-17
497.75,2.871884117590927e-14,3.883244125854631e-17
497.76,2.8715211733966524e-14,3.917390652032279e-17
497.77,2.871252893909584e-14,3.9300057660891486e-17
497.78,2.8709836803958456e-14,3.93973501022635e-17
497.79,2.870694301553367e-14,3.933218882678866e-17
497.8,2.870403417756102e-14,3.924319562819122e-17
497.81,2.870133869532347e-14,3.9192985160821314e-17
497.82,2.869853009831869e-14,3.940056566261076e-17
497.83,2.869566015859461e-14,3.9103752735625775e-17
497.84,2.8692840143342945e-14,3.9359941157381695e-17
497.85,2.868991475379499e-14,3.901114996934807e-17
497.86,2.86871475989627e-14,3.899322828303223e-17
497.87,2.8684523407528084e-14,3.920958012292589e-17
497.88,2.868224032198477e-14,3.8886237551165353e-17
497.89,2.867898774308631e-14,3.920542876752862e-17
497.9,2.867637326229619e-14,3.904079083789012e-17
497.91,2.8673422437193607e-14,3.922243509924903e-17
497.92,2.867076402217868e-14,3.9335063369341724e-17
497.93,2.8667733074569504e-14,3.9185647631963736e-17
497.94,2.866499422320078e-14,3.921851281606397e-17
497.95,2.8662094471555663e-14,3.9135007674260205e-17
497.96,2.865949481874437e-14,3.92547261006442e-17
497.97,2.865654102770101e-14,3.905611590874185e-17
497.98,2.865391414232981e-14,3.916972239071998e-17
497.99,2.865128682329185e-14,3.905853561924739e-17
498.0,2.8648344323661505e-14,3.9004528728218925e-17
498.01,2.864534132438856e-14,3.9195672149388395e-17
498.02,2.864269899255584e-14,3.919575813749706e-17
498.03,2.863997409737032e-14,3.907454519991542e-17
498.04,2.8637125709965965e-14,3.914400346521261e-17
498.05,2.863441289887426e-14,3.908046009614067e-17
498.06,2.863160756799513e-14,3.9017155594065156e-17
498.07,2.8628795526068034e-14,3.912417705584528e-17
498.08,2.862595106317441e-14,3.898055158954825e-17
498.09,2.862289798929961e-14,3.8942194157086626e-17
498.1,2.8620467183428266e-14,3.918324865252989e-17
498.11,2.8617793533155065e-14,3.912920610455839e-17
498.12,2.8614760488023844e-14,3.895160976306069e-17
498.13,2.861207052653824e-14,3.89509497559536e-17
498.14,2.860923876151691e-14,3.901117913055421e-17
498.15,2.860662454092808e-14,3.901468561265673e-17
498.16,2.860333425582808e-14,3.8993321432631246e-17
498.17,2.860113696603906e-14,3.9261903152605545e-17
498.18,2.8598075326365134e-14,3.904688730823453e-17
498.19,2.859534034876612e-14,3.980625559019551e-17
498.2,2.859250856065387e-14,3.903654214942258e-17
498.21,2.858984327752256e-14,3.900269457052518e-17
498.22,2.858704884781506e-14,3.877138190821617e-17
498.23,2.858419099129287e-14,3.902121639474844e-17
498.24,2.858159932364791e-14,3.907471995828972e-17
498.25,2.857856228334013e-14,3.885236623806496e-17
498.26,2.857585505668218e-14,3.888721647613238e-17
498.27,2.85734014590933e-14,3.903587291201304e-17
498.28,2.85704036025049e-14,3.908446242238896e-17
498.29,2.8567413089170127e-14,3.9014099418051757e-17
498.3,2.85648309728292e-14,3.8953251587647305e-17
498.31,2.856200733146107e-14,3.904044484567217e-17
498.32,2.8559212033332816e-14,3.898935326261605e-17
498.33,2.8556451107210705e-14,3.888987798195563e-17
498.34,2.8553526185711266e-14,3.885096470255682e-17
498.35,2.855085582791567e-14,3.893586750774944e-17
498.36,2.854835598772641e-14,3.909175602527559e-17
498.37,2.854529289922919e-14,3.895739194659312e-17
498.38,2.854262332880885e-14,3.900893348466101e-17
498.39,2.8539761408848826e-14,3.89706965999493e-17
498.4,2.85368284690993e-14,3.8990766164775114e-17
498.41,2.8534177711348807e-14,3.9006592833070006e-17
498.42,2.85312329878076e-14,3.872232468832774e-17
498.43,2.8528591860279904e-14,3.847261900083348e-17
498.44,2.8525847954974125e-14,3.883533494355192e-17
498.45,2.852301035951899e-14,3.87589584816587e-17
498.46,2.852027081756956e-14,3.885899542439621e-17
498.47,2.851750504426521e-14,3.8715949831897056e-17
498.48,2.85149276891997e-14,3.8811147977446463e-17
498.49,2.8512052682207825e-14,3.9038715282757527e-17
498.5,2.850933332328853e-14,3.896970104519941e-17
498.51,2.8506569513487697e-14,3.878949753327403e-17
498.52,2.8503693365676456e-14,3.888560128280319e-17
498.53,2.85011194334954e-14,3.893773525001958e-17
498.54,2.8498271983214145e-14,3.857292439644319e-17
498.55,2.849542543525491e-14,3.8910553578818686e-17
498.56,2.8493024160158705e-14,3.893464943013864e-17
498.57,2.8489849365612615e-14,3.8627640080306396e-17
498.58,2.8487231395875457e-14,3.885851171247834e-17
498.59,2.848422626473661e-14,3.8744885923979e-17
498.6,2.848146435292777e-14,3.8677112441974753e-17
498.61,2.847909412997037e-14,3.889566496396174e-17
498.62,2.847599427746567e-14,3.876521208989626e-17
498.63,2.847297820091758e-14,3.9344963223377816e-17
498.64,2.847040326395806e-14,3.881439342314005e-17
498.65,2.846770557266367e-14,3.884120155115949e-17
498.66,2.8464991799396253e-14,3.8675762708523485e-17
498.67,2.846242451811774e-14,3.878844983918028e-17
498.68,2.845941311838655e-14,3.864366981620952e-17
498.69,2.8456657455450524e-14,3.8832486542222493e-17
498.7,2.845391511034099e-14,3.883049914452534e-17
498.71,2.8451373670647385e-14,3.881903007973257e-17
498.72,2.844757975227113e-14,3.895782652292377e-17
498.73,2.8445596835918016e-14,3.8769955992762364e-17
498.74,2.8442939396639595e-14,3.879407966324955e-17
498.75,2.844022305888606e-14,3.8642310827146113e-17
498.76,2.843744969019813e-14,3.853013685690629e-17
498.77,2.8434519534447715e-14,3.872948350836004e-17
498.78,2.8431623459167127e-14,3.8852738966070326e-17
498.79,2.84288393361355e-14,3.8642391000740204e-17
498.8,2.842625415980654e-14,3.885515162336754e-17
498.81,2.842406541794363e-14,3.890871357639672e-17
498.82,2.8420801466257558e-14,3.862933368851888e-17
498.83,2.8418289651475395e-14,3.8667620888466586e-17
498.84,2.8415218324311898e-14,3.8685133518880396e-17
498.85,2.8412386547321738e-14,3.8709622493438555e-17
498.86,2.8409748175231203e-14,3.874575778415181e-17
498.87,2.840675889895407e-14,3.8563274093384e-17
498.88,2.8404324209229248e-14,3.884026272345568e-17
498.89,2.840137042572119e-14,3.8597054557434175e-17
498.9,2.839865133239925e-14,3.816338873415629e-17
498.91,2.8395818912617195e-14,3.8566932616916466e-17
498.92,2.8394292017976117e-14,4.019993344138734e-17
498.93,2.8390347284937938e-14,3.871868141854065e-17
498.94,2.8387454322024208e-14,3.794720757892877e-17
498.95,2.8385033064547806e-14,3.845294702191362e-17
498.96,2.8381907689255183e-14,3.908616514120123e-17
498.97,2.8379400828273525e-14,3.855209509021196e-17
498.98,2.8376604424017748e-14,3.8563248513811666e-17
498.99,2.837395385683895e-14,3.8274463281278265e-17
499.0,2.837095445087992e-14,3.85814691653286e-17
499.01,2.8367999746985714e-14,3.8575957144273754e-17
499.02,2.83653348816425e-14,3.85577103114787e-17
499.03,2.8364407528216384e-14,3.764635691757073e-17
499.04,2.8359942994723858e-14,3.861474189060022e-17
499.05,2.835730537745289e-14,3.864252091495146e-17
499.06,2.835446490735734e-14,3.8581508663321544e-17
499.07,2.83518665620785e-14,3.8542829500728086e-17
499.08,2.8348847602864947e-14,3.874179129277137e-17
499.09,2.8346137829989246e-14,3.85757595270036e-17
499.1,2.834335934502283e-14,3.855871817045707e-17
499.11,2.834090933313724e-14,3.8613796520884587e-17
499.12,2.8338756026390722e-14,4.157428640360379e-17
499.13,2.8335359807716932e-14,3.85118532283638e-17
499.14,2.8332498571872274e-14,3.851357595562156e-17
499.15,2.8329885475813887e-14,3.8614769139361416e-17
499.16,2.8326958411992626e-14,3.845151519699277e-17
499.17,2.8324052748334106e-14,3.861646289962953e-17
499.18,2.8321602320951775e-14,3.853349156101026e-17
499.19,2.8318569831476015e-14,3.842499073382497e-17
499.2,2.831601947423496e-14,3.8591871158514196e-17
499.21,2.831279754818818e-14,3.886212931007741e-17
499.22,2.8310508106840394e-14,3.8427655575689173e-17
499.23,2.830793547230116e-14,3.84770720547138e-17
499.24,2.83050642341415e-14,3.855359795314657e-17
499.25,2.8302202703124903e-14,3.847336471533877e-17
499.26,2.8299720797968525e-14,3.8376486319794325e-17
499.27,2.82969093111033e-14,3.8480232229000684e-17
499.28,2.829395656701485e-14,3.8435208374716836e-17
499.29,2.8291203066206757e-14,3.826631344956898e-17
499.3,2.8287960711172668e-14,3.857473874303463e-17
499.31,2.8285872643177466e-14,3.834194295092368e-17
499.32,2.8283003086283415e-14,3.8476453455938196e-17
499.33,2.8280261919318087e-14,3.8386474130730163e-17
499.34,2.8279256175985028e-14,3.8324689590144456e-17
499.35,2.8274908470201223e-14,3.839412712005843e-17
499.36,2.8272293368405338e-14,3.8752403177011565e-17
499.37,2.8269506410500063e-14,3.751679071735081e-17
499.38,2.8266738013666544e-14,3.8597187126102033e-17
499.39,2.8264062461592557e-14,3.8519882211569e-17
499.4,2.8261213310519744e-14,3.901471150502918e-17
499.41,2.8258416534577186e-14,3.8470825774470775e-17
499.42,2.825565787607804e-14,3.836084120524577e-17
499.43,2.8252604623198166e-14,3.8784150586098955e-17
499.44,2.8249948315103833e-14,3.831339330693718e-17
499.45,2.824757416446606e-14,3.842651913789013e-17
499.46,2.8244583071768457e-14,3.843020803380767e-17
499.47,2.824196109188061e-14,3.826686902501118e-17
499.48,2.8239436291975807e-14,3.8452180340354225e-17
499.49,2.823648375801976e-14,3.841591060255967e-17
499.5,2.8233688779929017e-14,3.836373111749486e-17
499.51,2.8230973290665107e-14,3.831745602085529e-17
499.52,2.822819844364289e-14,3.8301975585039385e-17
499.53,2.8226021121206945e-14,3.8535590708591836e-17
499.54,2.8222358546907354e-14,3.837698546364569e-17
499.55,2.822029512716207e-14,3.836439546312385e-17
499.56,2.8217407018799766e-14,3.819923707397099e-17
499.57,2.8214725585048437e-14,3.8325938382792055e-17
499.58,2.8211833132725243e-14,3.831157761959041e-17
499.59,2.8209045584426064e-14,3.8328876338954603e-17
499.6,2.8206289798424884e-14,3.831946921807882e-17
499.61,2.8203607936637657e-14,3.8364054972357056e-17
499.62,2.8200939146909213e-14,3.8279690649021224e-17
499.63,2.8198070831028126e-14,3.833522776670876e-17
499.64,2.8195195994486452e-14,3.814042063816101e-17
499.65,2.8191311948079502e-14,3.773284941445694e-17
499.66,2.819036380957685e-14,3.839457987592147e-17
499.67,2.818723162746897e-14,3.8417193156062856e-17
499.68,2.8184538116403337e-14,3.822833276994587e-17
499.69,2.8182094224746928e-14,3.8322753461058835e-17
499.7,2.8179026018708242e-14,3.8318665026044766e-17
499.71,2.817612339676648e-14,3.807856577863322e-17
499.72,2.8173563150404066e-14,3.820372598042606e-17
499.73,2.817072646723885e-14,3.8229804090391236e-17
499.74,2.8167070327276032e-14,3.8317846276364094e-17
499.75,2.8165454879635602e-14,3.8237809169071404e-17
499.76,2.8162659305848625e-14,3.811569754801526e-17
499.77,2.8159697486318736e-14,3.822845562351058e-17
499.78,2.8157093178693334e-14,3.8287350752709183e-17
499.79,2.8154286516085852e-14,3.816327071154987e-17
499.8,2.8151799181749832e-14,3.807420287747397e-17
499.81,2.8148993931435233e-14,3.8145847275775104e-17
499.82,2.814569794030853e-14,3.843392768850269e-17
499.83,2.8143227913140835e-14,3.8236890807592634e-17
499.84,2.814089192641507e-14,3.8220743745148934e-17
499.85,2.8138382556363668e-14,3.853885952654999e-17
499.86,2.8135303103286203e-14,3.824409540156528e-17
499.87,2.8132737376691835e-14,3.825079873258423e-17
499.88,2.8129925691917176e-14,3.802719782472142e-17
499.89,2.8127046431159202e-14,3.8279994900458817e-17
499.9,2.8124202827913053e-14,3.809476610882484e-17
499.91,2.8120946889618317e-14,3.7647170145624916e-17
499.92,2.8118762870794867e-14,3.800868397522275e-17
499.93,2.8116306362267966e-14,3.8030319399163774e-17
499.94,2.811356795023189e-14,3.80778083198064e-17
499.95,2.8110856296843654e-14,3.8090467449649057e-17
499.96,2.810788278339196e-14,3.7461134648694794e-17
499.97,2.8105270952214608e-14,3.802417186791844e-17
499.98,2.8102572611855982e-14,3.8114474071376916e-17
499.99,2.8099491519906184e-14,3.7944886844154924e-17
500.0,2.8097390810876478e-14,3.8123092420336575e-17
500.01,2.809439206461035e-14,3.8117929482145246e-17
500.02,2.809185848179506e-14,3.807574779770816e-17
500.03,2.8088939445295142e-14,3.8096508403961744e-17
500.04,2.80864659923509e-14,3.7862525962819177e-17
500.05,2.8083538524081834e-14,3.82225450744303e-17
500.06,2.8080992590522076e-14,3.8242323160852244e-17
500.07,2.8078355566625048e-14,3.8055413988560717e-17
500.08,2.8075373845612252e-14,3.783403763414049e-17
500.09,2.8072609350842796e-14,3.797304498656648e-17
500.1,2.8070190608676127e-14,3.8059040392747075e-17
500.11,2.8067498853716196e-14,3.794953210660158e-17
500.12,2.8064489114286866e-14,3.815404696257113e-17
500.13,2.8061829925510942e-14,3.81492953329759e-17
500.14,2.805907384070817e-14,3.795691916655553e-17
500.15,2.8056375430269942e-14,3.807262793013945e-17
500.16,2.8053619190937193e-14,3.790664651393537e-17
500.17,2.8050898537683078e-14,3.8087729610524643e-17
500.18,2.804840545723543e-14,3.8257533941273007e-17
500.19,2.8045404717051972e-14,3.8066629589445845e-17
500.2,2.80427029987562e-14,3.802850249441763e-17
500.21,2.8040059926986362e-14,3.789725986135811e-17
500.22,2.803726695338848e-14,3.795634236632166e-17
500.23,2.8034649897834473e-14,3.8014114077828873e-17
500.24,2.8031811490290057e-14,3.795563914987977e-17
500.25,2.8029152297448587e-14,3.804772207503552e-17
500.26,2.802657508257541e-14,3.7957022007922747e-17
500.27,2.802377532766937e-14,3.7976554965454457e-17
500.28,2.802098926251579e-14,3.800769451849545e-17
500.29,2.8018308909926958e-14,3.792937432397886e-17
500.3,2.8015609588835597e-14,3.7941755748068925e-17
500.31,2.8013004634924062e-14,3.793421080623542e-17
500.32,2.8010236054983634e-14,3.798516833074195e-17
500.33,2.8007602366358018e-14,3.7951528805725025e-17
500.34,2.8004884837206948e-14,3.796510855385458e-17
500.35,2.8001844211723603e-14,3.784775857729649e-17
500.36,2.799910238645636e-14,3.785431521029094e-17
500.37,2.7996438522041756e-14,3.782080155592494e-17
500.38,2.799397603254171e-14,3.786347770547527e-17
500.39,2.7991025550082075e-14,3.7913452052394434e-17
500.4,2.7988573319841944e-14,3.788689023903572e-17
500.41,2.798572651315255e-14,3.7793733994860495e-17
500.42,2.7983239460254393e-14,3.8134692253287575e-17
500.43,2.798049787078975e-14,3.8023326584631645e-17
500.44,2.7977485754512058e-14,3.788692151595423e-17
500.45,2.797507085431128e-14,3.7880466546422566e-17
500.46,2.7972122297352434e-14,3.7946465564904226e-17
500.47,2.7969580048819966e-14,3.766666455623535e-17
500.48,2.7966861146871862e-14,3.787024538350137e-17
500.49,2.7964167945757765e-14,3.79363328355541e-17
500.5,2.7961200451495483e-14,3.7880429050692695e-17
500.51,2.7958721290786788e-14,3.779671520469095e-17
500.52,2.7955922584512963e-14,3.786242055177789e-17
500.53,2.7953250837605815e-14,3.7897056982305424e-17
500.54,2.7951118461074827e-14,3.822444074464339e-17
500.55,2.7947972444525252e-14,3.7909024347633324e-17
500.56,2.7945045670755635e-14,3.7884441798707795e-17
500.57,2.7942619663900324e-14,3.798257178548014e-17
500.58,2.794020507237407e-14,3.8485494430381223e-17
500.59,2.7936868854249527e-14,3.770736928136635e-17
500.6,2.7933546314954202e-14,3.778061151377471e-17
500.61,2.7931645460252317e-14,3.7796509186644266e-17
500.62,2.7928972774378627e-14,3.7676683800226455e-17
500.63,2.7925978977787402e-14,3.785224201017729e-17
500.64,2.7923560800708216e-14,3.7961855563174534e-17
500.65,2.7920981387953156e-14,3.777518820558616e-17
500.66,2.791811573484484e-14,3.78256688569584e-17
500.67,2.7915271061402574e-14,3.769733224811894e-17
500.68,2.7912720183245863e-14,3.772902474212341e-17
500.69,2.7910263003483305e-14,3.7831655797989875e-17
500.7,2.7907476045151026e-14,3.7828762241968236e-17
500.71,2.790472903315521e-14,3.7748079622023125e-17
500.72,2.7901949010563008e-14,3.781208063623731e-17
500.73,2.789919623162735e-14,3.77893240698769e-17
500.74,2.7896539417488685e-14,3.774266177065642e-17
500.75,2.7893374249006655e-14,3.7703948224404695e-17
500.76,2.789137362123924e-14,3.7843805348127825e-17
500.77,2.7888638917762264e-14,3.7732259718820796e-17
500.78,2.7885555676857185e-14,3.767350615132649e-17
500.79,2.788300215424974e-14,3.775215186189642e-17
500.8,2.7880926644714464e-14,3.7651226971666566e-17
500.81,2.787787536940719e-14,3.796232280322357e-17
500.82,2.7875054050986145e-14,3.774458664446692e-17
500.83,2.787219561377373e-14,3.784717166046026e-17
500.84,2.7869541548573968e-14,3.7694898254983386e-17
500.85,2.786676304910439e-14,3.7619562205102267e-17
500.86,2.786441858456657e-14,3.781236183828168e-17
500.87,2.7861734943399685e-14,3.7817084953269167e-17
500.88,2.7858559767781846e-14,3.763651127442234e-17
500.89,2.785704676462534e-14,3.960689382276797e-17
500.9,2.7853225557073117e-14,3.781640993277647e-17
500.91,2.78506896560632e-14,3.763355614561862e-17
500.92,2.7848025929961084e-14,3.7821243823735465e-17
500.93,2.784537681831979e-14,3.764239123916124e-17
500.94,2.78424922515751e-14,3.7540993758664006e-17
500.95,2.7839774911645096e-14,3.7566016028929277e-17
500.96,2.783714801381402e-14,3.768310216872086e-17
500.97,2.783451225375841e-14,3.7747908583547925e-17
500.98,2.7832011148250855e-14,3.745475783950139e-17
500.99,2.7828714398059722e-14,3.7578829506543283e-17
501.0,2.7826530404245665e-14,3.763665444241977e-17
501.01,2.78234502621114e-14,3.704688789421435e-17
501.02,2.7821153426197593e-14,3.763244731173925e-17
501.03,2.7818323338933274e-14,3.775216938067804e-17
501.04,2.7815706258860164e-14,3.7644890490255317e-17
501.05,2.7813177649604608e-14,3.7675205677662e-17
501.06,2.7810644019074102e-14,3.755471932500188e-17
501.07,2.780755624486394e-14,3.750642004712826e-17
501.08,2.7804683248908885e-14,3.761060719197715e-17
501.09,2.7802312996530863e-14,3.761839056603335e-17
501.1,2.7799655679438023e-14,3.7500447623754753e-17
501.11,2.779662384200886e-14,3.765324910301321e-17
501.12,2.7794216452895e-14,3.757094436729184e-17
501.13,2.7791315307310176e-14,3.75656424616559e-17
501.14,2.7789320432241746e-14,3.758021726071124e-17
501.15,2.7786325530058607e-14,3.747688103017669e-17
501.16,2.7783631218477488e-14,3.759561882323895e-17
501.17,2.7781256248552745e-14,3.833745503714163e-17
501.18,2.7778175451847157e-14,3.7732793604714336e-17
501.19,2.777536234920477e-14,3.776994369554733e-17
501.2,2.777230903870109e-14,3.676658881230387e-17
501.21,2.7770069724570043e-14,3.7587335377627564e-17
501.22,2.7767351621354848e-14,3.7463772911632404e-17
501.23,2.7765302261636348e-14,3.7454883297594476e-17
501.24,2.7762055427853513e-14,3.786022034125446e-17
501.25,2.7759422732434098e-14,3.7508711978717826e-17
501.26,2.7756634313841183e-14,3.7460191655621584e-17
501.27,2.7753579826287027e-14,3.758838759531005e-17
501.28,2.7750944927794755e-14,3.73127791763617e-17
501.29,2.774857671475031e-14,3.7460321180116273e-17
501.3,2.7745827071943236e-14,3.7455422950378244e-17
501.31,2.774345639126687e-14,3.759998583964191e-17
501.32,2.774033856480684e-14,3.7507172269416403e-17
501.33,2.773876591241349e-14,3.8005477615392146e-17
501.34,2.7735134994163003e-14,3.758087830107244e-17
501.35,2.7732302570454787e-14,3.751953813676888e-17
501.36,2.772976972114999e-14,3.750006473053529e-17
501.37,2.7727163930815016e-14,3.728779893930409e-17
501.38,2.7724300302134695e-14,3.749141816541818e-17
501.39,2.7721670119603493e-14,3.745536806712169e-17
501.4,2.7718849944978848e-14,3.739578577674397e-17
501.41,2.7716420254600536e-14,3.745385310566155e-17
501.42,2.771327978257066e-14,3.960342159326627e-17
501.43,2.7710966073177898e-14,3.737953175663616e-17
501.44,2.770824707673431e-14,3.748382961541655e-17
501.45,2.7705722595202993e-14,3.7477899496844414e-17
501.46,2.770308207739271e-14,3.769276644453915e-17
501.47,2.7700299605775608e-14,3.727931874955749e-17
501.48,2.7697504306342245e-14,3.7465644313275606e-17
501.49,2.7694742424556844e-14,3.7252067666613875e-17
501.5,2.769232768366036e-14,3.73109108723086e-17
501.51,2.768819187149419e-14,3.38069123694306e-17
501.52,2.7687232571595946e-14,3.7490763655911473e-17
501.53,2.7683995818856453e-14,3.7550380994746465e-17
501.54,2.768149298726707e-14,3.7379981174549325e-17
501.55,2.7679089812051647e-14,3.772435803318668e-17
501.56,2.7676085513810963e-14,3.765389190410588e-17
501.57,2.767324258420851e-14,3.7426489411020445e-17
501.58,2.767127626961905e-14,3.79494552092794e-17
501.59,2.7667978609266545e-14,3.7265698532352547e-17
501.6,2.7664969977038834e-14,3.646969663422844e-17
501.61,2.7663052975052228e-14,3.735424392670235e-17
501.62,2.7659927654422917e-14,3.5749766801021025e-17
501.63,2.7657374163890238e-14,3.737532714300267e-17
501.64,2.7654750694572054e-14,3.732664594286038e-17
501.65,2.7652387523077665e-14,3.752013568670289e-17
501.66,2.7649687475619544e-14,3.742981411099699e-17
501.67,2.764681686664907e-14,3.7270251273301784e-17
501.68,2.7644296033198232e-14,3.729918821225452e-17
501.69,2.7641099697559157e-14,3.7190703659232854e-17
501.7,2.7639108006865913e-14,3.7373597487406504e-17
501.71,2.7635721811218318e-14,3.7285233466870554e-17
501.72,2.7633611022156242e-14,3.731729718142341e-17
501.73,2.7630364705213704e-14,3.709518623092296e-17
501.74,2.7627800728926885e-14,3.726699125442689e-17
501.75,2.7625608744216263e-14,3.732027160210229e-17
501.76,2.762334426339204e-14,3.740216714322848e-17
501.77,2.7620080116092032e-14,3.727939657267457e-17
501.78,2.7617573383960714e-14,3.729859226578317e-17
501.79,2.7613610608440526e-14,3.677544896780439e-17
501.8,2.761189050946289e-14,3.720798396390506e-17
501.81,2.7609423381609205e-14,3.73385247983261e-17
501.82,2.7607704730273006e-14,3.7374936136200894e-17
501.83,2.7604181984284084e-14,3.718663353411746e-17
501.84,2.7601592515779343e-14,3.723319527810387e-17
501.85,2.7598735742306043e-14,3.715838613420404e-17
501.86,2.7596138941049265e-14,3.733085034545911e-17
501.87,2.759367510391882e-14,3.7081076558179033e-17
501.88,2.7590756696646273e-14,3.726299358572109e-17
501.89,2.7588060931907276e-14,3.7164311944402093e-17
501.9,2.7585282612246077e-14,3.726917246945196e-17
501.91,2.7583616767045017e-14,3.698518824249369e-17
501.92,2.7580231404781747e-14,3.7265962833777316e-17
501.93,2.7577805671358093e-14,3.6679722259492826e-17
501.94,2.7574847120667522e-14,3.742965935435402e-17
501.95,2.7572438916646712e-14,3.73127477162853e-17
501.96,2.756968191531932e-14,3.7283419883585133e-17
501.97,2.756722352465843e-14,3.7382024511170534e-17
501.98,2.7564141085847318e-14,3.713644650223698e-17
501.99,2.7561369991969056e-14,3.714753052771971e-17
502.0,2.7558592667607663e-14,3.771029363997197e-17
502.01,2.755628309247015e-14,3.722309622996116e-17
502.02,2.7553637442643752e-14,3.722752184484619e-17
502.03,2.755089357977447e-14,3.720890631477025e-17
502.04,2.7548536293447723e-14,3.733313832090386e-17
502.05,2.75457668000979e-14,3.7243272138172723e-17
502.06,2.754304968020164e-14,3.723934864825192e-17
502.07,2.7540370839762725e-14,3.709543251770682e-17
502.08,2.7538104951290953e-14,3.745747198345699e-17
502.09,2.7535153375134975e-14,3.695192561871761e-17
502.1,2.7532084023492815e-14,3.721192349918199e-17
502.11,2.7529345142006965e-14,3.708971121454391e-17
502.12,2.752693669699299e-14,3.704794339014349e-17
502.13,2.752430295896172e-14,3.7148766486248037e-17
502.14,2.7521746545742365e-14,3.722601296261563e-17
502.15,2.7518999694992856e-14,3.719972711532213e-17
502.16,2.7516364523229253e-14,3.7173546605905485e-17
502.17,2.7513818108822313e-14,3.7214693351509796e-17
502.18,2.7511106759815833e-14,3.686557380289672e-17
502.19,2.750844036400929e-14,3.722023175546456e-17
502.2,2.7505842644579923e-14,3.7123087617521544e-17
502.21,2.7503153471840373e-14,3.7116301932819357e-17
502.22,2.750061116442202e-14,3.71010545122284e-17
502.23,2.7497755287231264e-14,3.711223680868808e-17
502.24,2.749492182990944e-14,3.7022755776050364e-17
502.25,2.7492609887358976e-14,3.7045579996430084e-17
502.26,2.7490059545028228e-14,3.708036433454833e-17
502.27,2.748723115117802e-14,3.736575380039178e-17
502.28,2.748442986557893e-14,3.7133648367433086e-17
502.29,2.7481844003052295e-14,3.720193480507291e-17
502.3,2.7479378110029e-14,3.712689657625666e-17
502.31,2.7476667447248272e-14,3.70693600994927e-17
502.32,2.7473654483616486e-14,3.7150136811649986e-17
502.33,2.747128012844866e-14,3.718691065623321e-17
502.34,2.7468464138738568e-14,3.689287701257872e-17
502.35,2.746619894251439e-14,3.689826160029854e-17
502.36,2.7463109095982722e-14,3.7170862324027085e-17
502.37,2.746079947327797e-14,3.700101612150673e-17
502.38,2.7458406671584268e-14,3.727137917610724e-17
502.39,2.7455747569775996e-14,3.729467671000589e-17
502.4,2.7452894984990064e-14,3.712572969725257e-17
502.41,2.745004567221124e-14,3.6952971408594546e-17
502.42,2.744747391066326e-14,3.71551562680893e-17
502.43,2.7444841522750787e-14,3.6978785043027976e-17
502.44,2.74420901633909e-14,3.6907668403634817e-17
502.45,2.743956650815998e-14,3.679611164648975e-17
502.46,2.7436885609936022e-14,3.698102284064629e-17
502.47,2.7434266310206448e-14,3.714753213463818e-17
502.48,2.7431544268663835e-14,3.6981686067843707e-17
502.49,2.7428862293311863e-14,3.6970374762232806e-17
502.5,2.742624674919501e-14,3.71003442489632e-17
502.51,2.7423451777713457e-14,3.709563647823038e-17
502.52,2.742096507704673e-14,3.6923105187574834e-17
502.53,2.7418202003340577e-14,3.695593140923385e-17
502.54,2.7415671449090894e-14,3.6643246917098046e-17
502.55,2.7412819708863152e-14,3.734555682582918e-17
502.56,2.7410655050718583e-14,3.708829186012533e-17
502.57,2.7407778433580808e-14,3.707526603602184e-17
502.58,2.740516237503019e-14,3.6999747310046226e-17
502.59,2.740263199332726e-14,3.706241438175186e-17
502.6,2.7399799137014537e-14,3.689740504231826e-17
502.61,2.7397034667922372e-14,3.7053709235760833e-17
502.62,2.7394674186079563e-14,3.7061318483855853e-17
502.63,2.7391858436246957e-14,3.6950931336396755e-17
502.64,2.7389377950089445e-14,3.704959599935689e-17
502.65,2.738646652295278e-14,3.6839352106814084e-17
502.66,2.7384223595545747e-14,3.7144452189962415e-17
502.67,2.738147860192948e-14,3.699798997335064e-17
502.68,2.7378807477943884e-14,3.681206017189138e-17
502.69,2.7376814005508125e-14,3.763264903516926e-17
502.7,2.7373239517539614e-14,3.6937266709275887e-17
502.71,2.73708904571124e-14,3.698572542677632e-17
502.72,2.7368122718532414e-14,3.69870641742423e-17
502.73,2.7365598444719277e-14,3.6797538673891385e-17
502.74,2.736299601581584e-14,3.6835869044995425e-17
502.75,2.7360308617021795e-14,3.693008019981732e-17
502.76,2.7357759969195255e-14,3.694895518956446e-17
502.77,2.7355569588742957e-14,3.7164743429889704e-17
502.78,2.735234579040642e-14,3.679411774946824e-17
502.79,2.7350177021734047e-14,3.7066876999568347e-17
502.8,2.7347081883415872e-14,3.698018637237239e-17
502.81,2.73445049013859e-14,3.6864567289445974e-17
502.82,2.7341820833771376e-14,3.697655002782994e-17
502.83,2.7339375184194865e-14,3.694302792068569e-17
502.84,2.7336486637486962e-14,3.68281515051951e-17
502.85,2.7334051093582593e-14,3.6903192455049884e-17
502.86,2.7330295419740565e-14,3.666203885097437e-17
502.87,2.732868998093549e-14,3.6918864383552977e-17
502.88,2.7325509303292247e-14,3.830560372341675e-17
502.89,2.73234220923418e-14,3.675259267665737e-17
502.9,2.7320787198716098e-14,3.68357931681244e-17
502.91,2.7318418154690024e-14,3.6812547453528744e-17
502.92,2.7316488386998978e-14,3.687309280980194e-17
502.93,2.731279001822837e-14,3.694097768077246e-17
502.94,2.731022416021793e-14,3.684829556180352e-17
502.95,2.7307984464917553e-14,3.6939030173450734e-17
502.96,2.7304922636162793e-14,3.685009334901187e-17
502.97,2.7300413894555868e-14,3.689217999497032e-17
502.98,2.7299728485743276e-14,3.678155642489107e-17
502.99,2.729707201919043e-14,3.6824038099983107e-17
503.0,2.7294452204260792e-14,3.681403712656028e-17
503.01,2.7291974714706798e-14,3.688478976847464e-17
503.02,2.7289222037239975e-14,3.686529712381574e-17
503.03,2.7286500597177338e-14,3.6711699285098865e-17
503.04,2.728411126258087e-14,3.677482992553324e-17
503.05,2.7281284061102828e-14,3.694125160856836e-17
503.06,2.7285913569311276e-14,3.703676065568465e-17
503.07,2.727623352731741e-14,3.682199350929802e-17
503.08,2.7273299717030263e-14,3.678021589682751e-17
503.09,2.727069345154262e-14,3.679843610507928e-17
503.1,2.7268278445236744e-14,3.669332595371587e-17
503.11,2.7265532787493888e-14,3.682928106688783e-17
503.12,2.726299643650204e-14,3.6714427671992047e-17
503.13,2.7260146177222166e-14,3.672793965255427e-17
503.14,2.7257841587341038e-14,3.6759093039957425e-17
503.15,2.7255589343434058e-14,3.665113371648744e-17
503.16,2.7252517997775846e-14,3.676509694608403e-17
503.17,2.7249787235792842e-14,3.666818578739263e-17
503.18,2.7247160246695492e-14,3.675357883930711e-17
503.19,2.7244569024736738e-14,3.6824025989707815e-17
503.2,2.7242124379007372e-14,3.691366500102066e-17
503.21,2.7239648395825704e-14,3.684926351720857e-17
503.22,2.7236511622131868e-14,3.6801109783711515e-17
503.23,2.7234013710026174e-14,3.664913951268879e-17
503.24,2.7232030313837953e-14,3.659424486519196e-17
503.25,2.7228695163478933e-14,3.6485010697800516e-17
503.26,2.7226307904805195e-14,3.677621787971029e-17
503.27,2.7223617720781454e-14,3.671974822846696e-17
503.28,2.7221747727386648e-14,3.691872634456918e-17
503.29,2.7218355092525773e-14,3.664616161628842e-17
503.3,2.7215807864432174e-14,3.668107851543884e-17
503.31,2.7213687808130717e-14,3.629842481210447e-17
503.32,2.7210497737656664e-14,3.660690551210205e-17
503.33,2.7207918093892753e-14,3.648421063236497e-17
503.34,2.7205327252646204e-14,3.669887792646208e-17
503.35,2.7202772806014013e-14,3.678165402629672e-17
503.36,2.7200002386970192e-14,3.676092100210893e-17
503.37,2.719741535406257e-14,3.6678918914296655e-17
503.38,2.7194756401678744e-14,3.662390536141512e-17
503.39,2.719229121797511e-14,3.670332880920543e-17
503.4,2.718955033491919e-14,3.671832326540132e-17
503.41,2.7186999457273898e-14,3.652719487137486e-17
503.42,2.7184339415621777e-14,3.654665271471623e-17
503.43,2.7181850933774835e-14,3.664262599131202e-17
503.44,2.717903463471199e-14,3.663850384184894e-17
503.45,2.7176510001464704e-14,3.6564878004587673e-17
503.46,2.7173700362953097e-14,3.6532000992601154e-17
503.47,2.717086113967472e-14,3.6402871924924755e-17
503.48,2.7168580226933613e-14,3.6659046017545334e-17
503.49,2.716567107145747e-14,3.6699231026523046e-17
503.5,2.7163274918206034e-14,3.650232562165264e-17
503.51,2.7160868672117733e-14,3.654746736024471e-17
503.52,2.715814243879336e-14,3.66360797099479e-17
503.53,2.7155858343207574e-14,3.662629522830734e-17
503.54,2.7153002023802466e-14,3.644793871918774e-17
503.55,2.715058379105253e-14,3.6774764682220767e-17
503.56,2.7147669421106106e-14,3.650263573124674e-17
503.57,2.7144997936522163e-14,3.6380093152059495e-17
503.58,2.7142705151526344e-14,3.674552325746074e-17
503.59,2.7139268779235904e-14,3.816743545791249e-17
503.6,2.7137390058275573e-14,3.6639482447894113e-17
503.61,2.7134413795840807e-14,3.650491978194516e-17
503.62,2.7132161254929454e-14,3.661448666472965e-17
503.63,2.712938694689306e-14,3.662645217978426e-17
503.64,2.712694535438297e-14,3.6594408639851945e-17
503.65,2.712416532771671e-14,3.6428401868472767e-17
503.66,2.7121706688160032e-14,3.658567094691599e-17
503.67,2.711930826392921e-14,3.6495931155511055e-17
503.68,2.7116332745206157e-14,3.65132843413941e-17
503.69,2.7113830059105207e-14,3.637627874683706e-17
503.7,2.7111276927325032e-14,3.6660626984998634e-17
503.71,2.7108418799674672e-14,3.6531428392623904e-17
503.72,2.7105881894766565e-14,3.657464673866414e-17
503.73,2.7103271743987923e-14,3.6606792015717356e-17
503.74,2.7100906545836394e-14,3.646627590026977e-17
503.75,2.7098037437032626e-14,3.646270765413081e-17
503.76,2.709562857717387e-14,3.665966202801841e-17
503.77,2.709287881347725e-14,3.656879342048696e-17
503.78,2.7090582382924923e-14,3.652387017488704e-17
503.79,2.7087807187315027e-14,3.653723968091758e-17
503.8,2.708537234710321e-14,3.6525718844874026e-17
503.81,2.708243774264257e-14,3.649376748658496e-17
503.82,2.7079877890461734e-14,3.640822385498209e-17
503.83,2.7077577471158265e-14,3.659605705009232e-17
503.84,2.7074804788528913e-14,3.656785548839731e-17
503.85,2.7071938079852044e-14,3.6514527643813705e-17
503.86,2.7069326023261855e-14,3.6510410441226644e-17
503.87,2.706698063135723e-14,3.636349589526454e-17
503.88,2.7063995236172763e-14,3.659341067613957e-17
503.89,2.706184706677183e-14,3.644393902234966e-17
503.9,2.7059661547541833e-14,3.626374141758746e-17
503.91,2.7056764269776643e-14,3.643357505300743e-17
503.92,2.705422803658967e-14,3.648065340285281e-17
503.93,2.705142048014341e-14,3.646996838479856e-17
503.94,2.7049057305881493e-14,3.6754644870682723e-17
503.95,2.7045924891389615e-14,3.648998575238747e-17
503.96,2.7043451498172264e-14,3.6353346046953486e-17
503.97,2.7040745554881775e-14,3.6499102481464607e-17
503.98,2.7038124620414165e-14,3.665439994611014e-17
503.99,2.703572830992465e-14,3.639147094221089e-17
504.0,2.703322519490804e-14,3.6333838270259524e-17
504.01,2.7030540736083814e-14,3.641186523723898e-17
504.02,2.7027687632021826e-14,3.660222656950117e-17
504.03,2.702538619999706e-14,3.654970130572162e-17
504.04,2.7022810886335812e-14,3.639696416283959e-17
504.05,2.7020224497520704e-14,3.6339964507629923e-17
504.06,2.7017722741059602e-14,3.655757910407683e-17
504.07,2.701485866310115e-14,3.624134607849609e-17
504.08,2.7012399206955478e-14,3.632762730355082e-17
504.09,2.700973825653317e-14,3.640043543504916e-17
504.1,2.7007113192817995e-14,3.647625008432366e-17
504.11,2.7004651610626206e-14,3.62864930868026e-17
504.12,2.7001831046810937e-14,3.633685816468411e-17
504.13,2.69994984228969e-14,3.6200996266606984e-17
504.14,2.6996993084808108e-14,3.6309947217480463e-17
504.15,2.69941235345528e-14,3.6279386219697924e-17
504.16,2.6991639454454808e-14,3.634406633298401e-17
504.17,2.6989171485574392e-14,3.6351863206353424e-17
504.18,2.6986464929927505e-14,3.6346723493966164e-17
504.19,2.6983793204628724e-14,3.633702105768483e-17
504.2,2.6981220433347766e-14,3.639037129716425e-17
504.21,2.6978573397121264e-14,3.6285311669010736e-17
504.22,2.6975991220119624e-14,3.6323625719544565e-17
504.23,2.6973411574502014e-14,3.632767005112365e-17
504.24,2.6970997505198317e-14,3.6218639525399757e-17
504.25,2.6968282267229485e-14,3.635190064106357e-17
504.26,2.696553815260816e-14,3.637323471861916e-17
504.27,2.6962990315810657e-14,3.630591292512653e-17
504.28,2.6960433002537608e-14,3.6418041352405717e-17
504.29,2.6957976694230957e-14,3.6171017002703515e-17
504.3,2.6954941795548112e-14,3.608449053850178e-17
504.31,2.6952682047743914e-14,3.6277448661980686e-17
504.32,2.6949637414886206e-14,3.6356903656012256e-17
504.33,2.6947244498528158e-14,3.627922369103827e-17
504.34,2.6945025925684965e-14,3.6275475932581886e-17
504.35,2.6942406446328506e-14,3.643037078562007e-17
504.36,2.6939819346715044e-14,3.622704152189563e-17
504.37,2.6937289509763304e-14,3.636587891293993e-17
504.38,2.693446956015313e-14,3.608030365761389e-17
504.39,2.6932530287532123e-14,3.6150117071378414e-17
504.4,2.6929496462920184e-14,3.6190004197679114e-17
504.41,2.6926908263894332e-14,3.6304841332596544e-17
504.42,2.6924424659148424e-14,3.647320449082156e-17
504.43,2.6921805750626783e-14,3.628856253571739e-17
504.44,2.6919479390404576e-14,3.6651531140464035e-17
504.45,2.6916542657708887e-14,3.621825059998263e-17
504.46,2.69139206347582e-14,3.629121527332929e-17
504.47,2.6911388515715897e-14,3.6162876326223326e-17
504.48,2.6908969025633598e-14,3.61708818058103e-17
504.49,2.6906131196324635e-14,3.5869902365523784e-17
504.5,2.6903142829491114e-14,3.6377272095628597e-17
504.51,2.690101711228795e-14,3.623506330796628e-17
504.52,2.6898390136770483e-14,3.628962558591431e-17
504.53,2.689600372358676e-14,3.6117513992025915e-17
504.54,2.6893142745978974e-14,3.621443562952143e-17
504.55,2.6890787083339866e-14,3.631781268422402e-17
504.56,2.6887975461220814e-14,3.624744163838282e-17
504.57,2.6885212563388337e-14,3.571207021964098e-17
504.58,2.688307585375602e-14,3.609551497901694e-17
504.59,2.688019020271126e-14,3.612091189127941e-17
504.6,2.687779351954252e-14,3.6169009751183666e-17
504.61,2.6875060744338827e-14,3.608464950280668e-17
504.62,2.6872829668624e-14,3.607152081426434e-17
504.63,2.6869972873775776e-14,3.667182194683534e-17
504.64,2.686697007940192e-14,3.6076404925309367e-17
504.65,2.6864659450726295e-14,3.6240809637344144e-17
504.66,2.6861001824082155e-14,3.597954974585981e-17
504.67,2.6859756845804102e-14,3.61466424774119e-17
504.68,2.6857020260018764e-14,3.6082481633558146e-17
504.69,2.685463109881362e-14,3.6178849082411325e-17
504.7,2.6852081820322386e-14,3.614158136474437e-17
504.71,2.684937954671411e-14,3.612938793395595e-17
504.72,2.6846699566044553e-14,3.6180729399187155e-17
504.73,2.68443606395372e-14,3.615110419461153e-17
504.74,2.6840543995708422e-14,3.636111317933067e-17
504.75,2.6838414390884602e-14,3.6299700110053465e-17
504.76,2.6836509846150048e-14,3.606342019723093e-17
504.77,2.68343049987138e-14,3.606278207290162e-17
504.78,2.683170470996399e-14,3.613501025161217e-17
504.79,2.6828686381451962e-14,3.5964071099593675e-17
504.8,2.6826438029042995e-14,3.619456090007209e-17
504.81,2.6823717034862912e-14,3.6128820245111777e-17
504.82,2.682095645448726e-14,3.611765361976051e-17
504.83,2.6818669448876035e-14,3.6031448055308966e-17
504.84,2.681616957709011e-14,3.6837203787408655e-17
504.85,2.6813609096817418e-14,3.598570930210423e-17
504.86,2.681117724222623e-14,3.6015830471713143e-17
504.87,2.6808373843594657e-14,3.6064464368999146e-17
504.88,2.6805548459770055e-14,3.601495501506299e-17
504.89,2.6803338194507643e-14,3.597552256174385e-17
504.9,2.6800688529890926e-14,3.5971254480853545e-17
504.91,2.679772332233635e-14,3.5984585352942244e-17
504.92,2.6795545011620433e-14,3.611488258278124e-17
504.93,2.679281111706868e-14,3.5878252973902935e-17
504.94,2.6789737739823136e-14,3.567596153082722e-17
504.95,2.6787573314139442e-14,3.587857741539702e-17
504.96,2.6785377249655056e-14,3.597544573317582e-17
504.97,2.6782452736769994e-14,3.5932150456637626e-17
504.98,2.6780097487143484e-14,3.593547322228243e-17
504.99,2.6777599036290202e-14,3.595751287297739e-17
505.0,2.677497831295869e-14,3.5832252596867493e-17
505.01,2.6772117530260808e-14,3.605779764685064e-17
505.02,2.6769479135965057e-14,3.5967745978846876e-17
505.03,2.676722059686392e-14,3.6091596854289665e-17
505.04,2.6764896390606923e-14,3.5962951527000416e-17
505.05,2.6761789395162523e-14,3.598799012086384e-17
505.06,2.6759440638826122e-14,3.58131243471713e-17
505.07,2.6756742555177694e-14,3.5938151770775504e-17
505.08,2.675444030985003e-14,3.5301149020071416e-17
505.09,2.6751244210198586e-14,3.570151811158982e-17
505.1,2.674933272108262e-14,3.600128882512636e-17
505.11,2.674898171577043e-14,3.671505221897269e-17
505.12,2.6743984263835215e-14,3.58926717046217e-17
505.13,2.6741622722965902e-14,3.59839825356964e-17
505.14,2.6738765295986376e-14,3.602302990102796e-17
505.15,2.673657019709146e-14,3.591546025861251e-17
505.16,2.673370772366423e-14,3.5868694243310074e-17
505.17,2.673142028145168e-14,3.6125903522396865e-17
505.18,2.672837975081933e-14,3.551033824940351e-17
505.19,2.67260908082451e-14,3.590604148119275e-17
505.2,2.6723619303480048e-14,3.5947517577219086e-17
505.21,2.672116141359226e-14,3.6335333678124527e-17
505.22,2.671835168221053e-14,3.59451618384198e-17
505.23,2.67158417367769e-14,3.5972620284312384e-17
505.24,2.6713564965553034e-14,3.594954925647351e-17
505.25,2.6711210328334477e-14,3.5924818441869594e-17
505.26,2.670796270331738e-14,3.5930280219997145e-17
505.27,2.6710359918929382e-14,3.542887790974746e-17
505.28,2.6703241716404756e-14,3.5920227737899226e-17
505.29,2.6700449863077738e-14,3.5846021860467556e-17
505.3,2.6697974526498236e-14,3.58255129443369e-17
505.31,2.669515917661041e-14,3.5908866485672e-17
505.32,2.6692992070913934e-14,3.578140072843559e-17
505.33,2.669052194663451e-14,3.5871203133314924e-17
505.34,2.6687635081068317e-14,3.5558329306496826e-17
505.35,2.6685181741428555e-14,3.594798137725666e-17
505.36,2.6675173871798353e-14,3.291194817317112e-17
505.37,2.668012475307622e-14,3.5951219546858667e-17
505.38,2.6677288991968647e-14,3.589768275455771e-17
505.39,2.6675344941750853e-14,3.587726589763592e-17
505.4,2.6672115557380053e-14,3.5835923168536513e-17
505.41,2.666979227202831e-14,3.5850204962641753e-17
505.42,2.666723773044828e-14,3.5788419767163703e-17
505.43,2.6664634145498757e-14,3.5744076666461676e-17
505.44,2.666207327547158e-14,3.5751338024704417e-17
505.45,2.6660078418204516e-14,3.8147614192895995e-17
505.46,2.665697014410745e-14,3.52436121881819e-17
505.47,2.6654541224164263e-14,3.567838808380253e-17
505.48,2.6651557729013546e-14,3.5765363436586157e-17
505.49,2.6649369686207536e-14,3.603792835523263e-17
505.5,2.6646893681420495e-14,3.577887997322171e-17
505.51,2.664469331128527e-14,3.5855348502058224e-17
505.52,2.6640732084191936e-14,3.592452326249129e-17
505.53,2.6639307443874145e-14,3.577175834112185e-17
505.54,2.663699683266296e-14,3.606081377799749e-17
505.55,2.6634099848003072e-14,3.58300881853044e-17
505.56,2.6627193646766366e-14,3.384139748480767e-17
505.57,2.662891482315193e-14,3.590646873212895e-17
505.58,2.662634104880451e-14,3.577663635371642e-17
505.59,2.6623749609099512e-14,3.5759472548362754e-17
505.6,2.6621131217005903e-14,3.587498114264353e-17
505.61,2.661892038565999e-14,3.5969131766725086e-17
505.62,2.6616040005694882e-14,3.5718291301010215e-17
505.63,2.6613466412140103e-14,3.589259426918062e-17
505.64,2.661097748038553e-14,3.5825233207851956e-17
505.65,2.6608876206656027e-14,3.5685343204669196e-17
505.66,2.6605984574109715e-14,3.5865284364542536e-17
505.67,2.660313788991519e-14,3.5776311324273964e-17
505.68,2.660098678700057e-14,3.5678409056649226e-17
505.69,2.6598100200747723e-14,3.56425016313137e-17
505.7,2.6596019304363655e-14,3.55742772928251e-17
505.71,2.6593398029210797e-14,3.584726979462626e-17
505.72,2.659022662701113e-14,3.5598919166907163e-17
505.73,2.6588389434586082e-14,3.576391466059088e-17
505.74,2.658585676652592e-14,3.595518129584827e-17
505.75,2.6583078667526493e-14,3.568921473939141e-17
505.76,2.6580346888993285e-14,3.5684159682388124e-17
505.77,2.6578025091699493e-14,3.5763066128579913e-17
505.78,2.6575691188509902e-14,3.577583952630849e-17
505.79,2.6572728503398818e-14,3.5522089399282244e-17
505.8,2.6570465774001885e-14,3.5690666363171135e-17
505.81,2.6567577857691548e-14,3.56751056948149e-17
505.82,2.6565153719796486e-14,3.57184756711096e-17
505.83,2.656285346763887e-14,3.574967895757055e-17
505.84,2.6560190162106886e-14,3.566450764302795e-17
505.85,2.6557579835169063e-14,3.5717972458684414e-17
505.86,2.6554977201256357e-14,3.569754133651039e-17
505.87,2.6553732698155524e-14,3.590074203678429e-17
505.88,2.6549594428173446e-14,3.568743830941451e-17
505.89,2.65474822431568e-14,3.576981632422559e-17
505.9,2.6544982784342113e-14,3.5729369823264527e-17
505.91,2.6542273528250855e-14,3.555405219518151e-17
505.92,2.653953025846738e-14,3.537806249813037e-17
505.93,2.6537130789067816e-14,3.5458942372518543e-17
505.94,2.6534772873294143e-14,3.5761465173053953e-17
505.95,2.653217927635589e-14,3.563263677277872e-17
505.96,2.6529518469272366e-14,3.563651258493729e-17
505.97,2.6526945174839357e-14,3.564292855335558e-17
505.98,2.6525523635583735e-14,3.5893277228260016e-17
505.99,2.652179669295642e-14,3.565988374798268e-17
506.0,2.6519235427848837e-14,3.559704696980244e-17
506.01,2.651703854921912e-14,3.580149323848665e-17
506.02,2.6514822158252826e-14,3.5661143519539384e-17
506.03,2.6511724857283706e-14,3.573802169854551e-17
506.04,2.6509143601501403e-14,3.5462125874276114e-17
506.05,2.6506807350363492e-14,3.586107572884054e-17
506.06,2.650442609594627e-14,3.5357183590468824e-17
506.07,2.650144328208153e-14,3.565882408056242e-17
506.08,2.6499272799409032e-14,3.560452563809731e-17
506.09,2.649665577878476e-14,3.562034250433431e-17
506.1,2.6494675295370617e-14,3.566525481548987e-17
506.11,2.6491831508783115e-14,3.573788903713031e-17
506.12,2.648898744433609e-14,3.5686402994063074e-17
506.13,2.6486631518607727e-14,3.5538180125515444e-17
506.14,2.6483853971733134e-14,3.555619184182175e-17
506.15,2.6481041312377496e-14,3.5668724159621076e-17
506.16,2.647870758317728e-14,3.564958851393317e-17
506.17,2.6476094341135184e-14,3.541514792649017e-17
506.18,2.647373416061371e-14,3.5600433573627604e-17
506.19,2.647110436379468e-14,3.567707982510011e-17
506.2,2.646876894521748e-14,3.5662408942167324e-17
506.21,2.6466144925778472e-14,3.5747943972556725e-17
506.22,2.646365052987726e-14,3.545460128946407e-17
506.23,2.646056265391293e-14,3.543063496727946e-17
506.24,2.6458100165942262e-14,3.575312728817525e-17
506.25,2.6455707694959193e-14,3.540152776849476e-17
506.26,2.645329537040574e-14,3.537211470819439e-17
506.27,2.645127298010279e-14,3.5562585483670504e-17
506.28,2.644886663716092e-14,3.5671488510695204e-17
506.29,2.6445407273471946e-14,3.5011401773689664e-17
506.3,2.6443016762611747e-14,3.5305911753774787e-17
506.31,2.6440716304245784e-14,3.5617814765916927e-17
506.32,2.6438396967781362e-14,3.540317851868016e-17
506.33,2.643661240122661e-14,3.5758542678972724e-17
506.34,2.6433117948515474e-14,3.5616524148957125e-17
506.35,2.643058735315792e-14,3.539823315127354e-17
506.36,2.6428390573543795e-14,3.552848047093031e-17
506.37,2.6425661795333183e-14,3.5415780445364927e-17
506.38,2.642299587936207e-14,3.547277478010912e-17
506.39,2.6420509001117228e-14,3.542231227660747e-17
506.4,2.6417342907081833e-14,3.5329456173661744e-17
506.41,2.6415517082880436e-14,3.5417692515763494e-17
506.42,2.6413469081803148e-14,3.6002715005657215e-17
506.43,2.641035943485858e-14,3.562521857288797e-17
506.44,2.640783743868591e-14,3.541724044629002e-17
506.45,2.6405474280364736e-14,3.540573225729125e-17
506.46,2.640293693616305e-14,3.5531281507495107e-17
506.47,2.640012304831317e-14,3.540835853716026e-17
506.48,2.639794924156274e-14,3.550166088581648e-17
506.49,2.6395360737487224e-14,3.5491373028702366e-17
506.5,2.6392611280959004e-14,3.546630747636572e-17
506.51,2.6390444858637048e-14,3.4739792229755007e-17
506.52,2.638782207511187e-14,3.5453521039045334e-17
506.53,2.6385206526574547e-14,3.5456139100374167e-17
506.54,2.638258372347121e-14,3.5463370636791657e-17
506.55,2.6380518372079832e-14,3.564592272704625e-17
506.56,2.6377537481441377e-14,3.538766843554092e-17
506.57,2.6375050715023116e-14,3.5629648650835704e-17
506.58,2.6372483344184235e-14,3.539336878023988e-17
506.59,2.636981533703061e-14,3.549326763136654e-17
506.6,2.636685898410235e-14,3.419638806153518e-17
506.61,2.6365207784669454e-14,3.54863567098418e-17
506.62,2.6362044974206036e-14,3.534837715503231e-17
506.63,2.636019854935678e-14,3.5428921076361867e-17
506.64,2.6357836232521746e-14,3.550970928155397e-17
506.65,2.6355049244759465e-14,3.5460052383512427e-17
506.66,2.6352625237900926e-14,3.562261797866817e-17
506.67,2.6349734925774768e-14,3.5391393464184165e-17
506.68,2.6347304108116037e-14,3.532245568565286e-17
506.69,2.634418268991515e-14,3.5517977248167024e-17
506.7,2.6342346373835622e-14,3.523612682048777e-17
506.71,2.634159637445888e-14,3.762588730972555e-17
506.72,2.633726449071395e-14,3.531052681415842e-17
506.73,2.6334734565378523e-14,3.519940865215417e-17
506.74,2.63322799154772e-14,3.5429366429288677e-17
506.75,2.6330470097725396e-14,3.5748772964762876e-17
506.76,2.632680873026058e-14,3.514358081927006e-17
506.77,2.632457751597191e-14,3.529699085771693e-17
506.78,2.6322822710749216e-14,3.549982078024683e-17
506.79,2.6319491258607145e-14,3.538308387474905e-17
506.8,2.6317612059420663e-14,3.492288710678466e-17
506.81,2.6314181169136598e-14,3.503839385279982e-17
506.82,2.6312983152138376e-14,3.445873063056842e-17
506.83,2.630975033138018e-14,3.519699260454334e-17
506.84,2.6306964965863935e-14,3.5366372453281675e-17
506.85,2.6304509666951557e-14,3.532954596197594e-17
506.86,2.6301987947828423e-14,3.5269708536987737e-17
506.87,2.6299867964874366e-14,3.547611082603464e-17
506.88,2.6296969259091588e-14,3.534320655649631e-17
506.89,2.62944276593595e-14,3.529514454748828e-17
506.9,2.6292083471726056e-14,3.539334505278393e-17
506.91,2.6292630707881084e-14,3.857857444960313e-17
506.92,2.628680714073906e-14,3.5214485823642623e-17
506.93,2.6283793948882322e-14,3.53588661218576e-17
506.94,2.6281716167703675e-14,3.5146209881855575e-17
506.95,2.6279318849887055e-14,3.513423031534814e-17
506.96,2.6276542043202612e-14,3.5310342694095085e-17
506.97,2.6274390345933767e-14,3.5280417468519213e-17
506.98,2.627202451576597e-14,3.534166475159205e-17
506.99,2.6269285099034296e-14,3.533186169560111e-17
507.0,2.626413646085679e-14,3.321791038842162e-17
507.01,2.6264486547878953e-14,3.52898453241858e-17
507.02,2.6261490404557966e-14,3.517257878396669e-17
507.03,2.6259251151889004e-14,3.5321871436372385e-17
507.04,2.6256801576093108e-14,3.520892473996751e-17
507.05,2.6253985125038708e-14,3.512778659404834e-17
507.06,2.6251840075724212e-14,3.506972013875939e-17
507.07,2.624934036199668e-14,3.5266829138397074e-17
507.08,2.624673304925786e-14,3.530202862862976e-17
507.09,2.6243653500808414e-14,3.504787031867185e-17
507.1,2.6241827731159504e-14,3.521927437553374e-17
507.11,2.623936910246916e-14,3.527489496148534e-17
507.12,2.6236564074533163e-14,3.5297391872411183e-17
507.13,2.6234508400645504e-14,3.5430398862495046e-17
507.14,2.6231671966355247e-14,3.530813463203843e-17
507.15,2.6229022751681394e-14,3.545417090035669e-17
507.16,2.6226266564596698e-14,3.536219625541978e-17
507.17,2.622419324931444e-14,3.527683391077475e-17
507.18,2.6221490218548128e-14,3.5138546383048774e-17
507.19,2.6218120795045277e-14,3.405889315529957e-17
507.2,2.62165958676685e-14,3.531687490175756e-17
507.21,2.621423804939328e-14,3.526302078982625e-17
507.22,2.6210960994021532e-14,3.4853824521136024e-17
507.23,2.620909895244822e-14,3.5292561831289726e-17
507.24,2.6206458950961935e-14,3.5240799767423835e-17
507.25,2.620403922148456e-14,3.530163673075575e-17
507.26,2.620156080474782e-14,3.5141941877025996e-17
507.27,2.6198689285452238e-14,3.505426605694625e-17
507.28,2.619631350329705e-14,3.506578619982026e-17
507.29,2.619393230888038e-14,3.515869570255875e-17
507.3,2.6191577737312092e-14,3.519112234427685e-17
507.31,2.6189044024320706e-14,3.515547284057983e-17
507.32,2.6186184225273944e-14,3.511113846951574e-17
507.33,2.6183812531627034e-14,3.522995477471766e-17
507.34,2.61815699136768e-14,3.511791552927456e-17
507.35,2.6178882444576584e-14,3.5329715421442444e-17
507.36,2.6176394529398843e-14,3.535025684976245e-17
507.37,2.6173846236711617e-14,3.5044053570213135e-17
507.38,2.6171574808064434e-14,3.526427710126199e-17
507.39,2.6168862413293897e-14,3.515997562987715e-17
507.4,2.6166428477971333e-14,3.5128732766992824e-17
507.41,2.6163940513147304e-14,3.4922935899160624e-17
507.42,2.6161512651987765e-14,3.521059807314351e-17
507.43,2.6159299447239988e-14,3.566289165430307e-17
507.44,2.6156139147559812e-14,3.545628762392177e-17
507.45,2.615378869789201e-14,3.518097001255531e-17
507.46,2.6151498845206153e-14,3.5237436895530715e-17
507.47,2.6149043096840426e-14,3.5192644311518443e-17
507.48,2.614654618383208e-14,3.539361037456113e-17
507.49,2.6143922152060245e-14,3.514415706851625e-17
507.5,2.6141445470469754e-14,3.502786373699331e-17
507.51,2.6138985230415248e-14,3.505742320907841e-17
507.52,2.6136592182492366e-14,3.556303171045632e-17
507.53,2.6134538963307127e-14,3.588296272655892e-17
507.54,2.6131354512265096e-14,3.5089672655155003e-17
507.55,2.6129114189017557e-14,3.5058642117037934e-17
507.56,2.612637803475065e-14,3.502700294110456e-17
507.57,2.6124028376083262e-14,3.5171612131862564e-17
507.58,2.6121223649377705e-14,3.5037967178226805e-17
507.59,2.6119022555642256e-14,3.498334274850051e-17
507.6,2.6116390132897525e-14,3.506069991681406e-17
507.61,2.611401153797995e-14,3.501183636519297e-17
507.62,2.611174691834978e-14,3.5187460013331016e-17
507.63,2.6108865796941082e-14,3.5239113307865834e-17
507.64,2.610672219025748e-14,3.545779027016066e-17
507.65,2.6104033997472717e-14,3.511973067274275e-17
507.66,2.610154418819755e-14,3.50359482978753e-17
507.67,2.6099160295998768e-14,3.498331542706857e-17
507.68,2.6096519984154728e-14,3.502260429970081e-17
507.69,2.609401267845558e-14,3.5044620193943936e-17
507.7,2.6091203964328612e-14,3.451902176453191e-17
507.71,2.608919366893208e-14,3.506174129888834e-17
507.72,2.6086281545576265e-14,3.4816532833777335e-17
507.73,2.6084087185195877e-14,3.492398197244685e-17
507.74,2.6081571599757386e-14,3.508780911959232e-17
507.75,2.6079123957095642e-14,3.498082270251746e-17
507.76,2.6076574390035705e-14,3.504689821158898e-17
507.77,2.6074045881954135e-14,3.535745136587071e-17
507.78,2.607132893871258e-14,3.4798032909972944e-17
507.79,2.6068926345938422e-14,3.504446930310104e-17
507.8,2.6066506063507942e-14,3.463108713655259e-17
507.81,2.606398355143841e-14,3.510686737252661e-17
507.82,2.6061565412802856e-14,3.498918394363236e-17
507.83,2.6059219528467788e-14,3.5066825898882424e-17
507.84,2.6056662000909534e-14,3.500370330847638e-17
507.85,2.6054017415288016e-14,3.4935280931635484e-17
507.86,2.6051776988873763e-14,3.4979858233464613e-17
507.87,2.6049060410935552e-14,3.4951406490091024e-17
507.88,2.6046965533771155e-14,3.5009997818259204e-17
507.89,2.6044235905251453e-14,3.506272673091414e-17
507.9,2.6041719176739886e-14,3.491308790148698e-17
507.91,2.603920830325471e-14,3.499288510589612e-17
507.92,2.6036679508404676e-14,3.4845370244694204e-17
507.93,2.6034288596172026e-14,3.486277361939645e-17
507.94,2.603163475827826e-14,3.502709415327806e-17
507.95,2.6029121204187862e-14,3.5037814247172767e-17
507.96,2.602676355986825e-14,3.4964762926908526e-17
507.97,2.6024398406454017e-14,3.472566767547283e-17
507.98,2.6021807035797374e-14,3.500546678084642e-17
507.99,2.601917484554588e-14,3.5093548392701005e-17
508.0,2.6016839423690828e-14,3.488449380897823e-17
508.01,2.6014336118393074e-14,3.496286984322069e-17
508.02,2.6011776108482012e-14,3.4984241298580764e-17
508.03,2.600932820964944e-14,3.483848025632372e-17
508.04,2.6006448269280734e-14,3.46410083957736e-17
508.05,2.6004253498502045e-14,3.489978023315099e-17
508.06,2.6001942277823353e-14,3.492359985309831e-17
508.07,2.5999409261179674e-14,3.491320700865805e-17
508.08,2.5996817365126553e-14,3.4946178598908125e-17
508.09,2.5994398886749877e-14,3.4881558203358524e-17
508.1,2.5991867292659857e-14,3.4853825868408015e-17
508.11,2.5989615349160516e-14,3.489563800513887e-17
508.12,2.5986910165223312e-14,3.479268260908291e-17
508.13,2.5984576146015935e-14,3.491609789238454e-17
508.14,2.598201286827589e-14,3.4782126300018145e-17
508.15,2.5979364861151353e-14,3.485231837603818e-17
508.16,2.5977045958779606e-14,3.4775640194367535e-17
508.17,2.59748785364133e-14,3.513987820836389e-17
508.18,2.5972157769846185e-14,3.4986620922355086e-17
508.19,2.5969578977231996e-14,3.481731016025009e-17
508.2,2.5967043400893108e-14,3.4815278214272995e-17
508.21,2.5964638492363276e-14,3.493991061588563e-17
508.22,2.5962360952538747e-14,3.470364923722736e-17
508.23,2.5959658242116503e-14,3.4755779362439386e-17
508.24,2.5956959788667536e-14,3.501825048679378e-17
508.25,2.5954220719878045e-14,3.515395113973178e-17
508.26,2.5952323159589503e-14,3.481145829529015e-17
508.27,2.594992845994925e-14,3.4714378439944577e-17
508.28,2.5947213466594438e-14,3.477556689520122e-17
508.29,2.594480758083868e-14,3.499868594721205e-17
508.3,2.5942394386374128e-14,3.476866931770866e-17
508.31,2.5939966084585318e-14,3.4730353540389135e-17
508.32,2.593699036701899e-14,3.466859668386496e-17
508.33,2.593487543588361e-14,3.504345337279997e-17
508.34,2.5932368203026792e-14,3.487722953031321e-17
508.35,2.5929862345718695e-14,3.4674966448999714e-17
508.36,2.5927484692396903e-14,3.485894509521771e-17
508.37,2.5925700091428494e-14,3.432715722043001e-17
508.38,2.5922437228770434e-14,3.4716931593075717e-17
508.39,2.5919495043972427e-14,3.469271235115827e-17
508.4,2.591778505264361e-14,3.481352695539175e-17
508.41,2.5915062818101926e-14,3.5005053849106e-17
508.42,2.591270020794232e-14,3.474468681664203e-17
508.43,2.591008856568341e-14,3.4764817133840755e-17
508.44,2.5907500855789296e-14,3.4788442485032705e-17
508.45,2.5905043700500945e-14,3.465270832910832e-17
508.46,2.5902736383732267e-14,3.45977699302083e-17
508.47,2.590028397125906e-14,3.471020866152846e-17
508.48,2.5897629324568426e-14,3.476578235616132e-17
508.49,2.589517102525191e-14,3.458219516474964e-17
508.5,2.589284596579406e-14,3.46544924962476e-17
508.51,2.589025940338414e-14,3.4686110183365473e-17
508.52,2.588778697181798e-14,3.473295299807549e-17
508.53,2.5885417435906574e-14,3.464705330053725e-17
508.54,2.588293087732186e-14,3.464648622050795e-17
508.55,2.588055926959483e-14,3.45892965204636e-17
508.56,2.587803452095933e-14,3.4632386819482875e-17
508.57,2.587589296480392e-14,3.485760140199474e-17
508.58,2.587309470316595e-14,3.4738085516158665e-17
508.59,2.5870001017833988e-14,3.4641373976901757e-17
508.6,2.5867934070125535e-14,3.468339668811467e-17
508.61,2.5865595660534802e-14,3.4670330833790676e-17
508.62,2.58631439139197e-14,3.4628278309803434e-17
508.63,2.586073898134706e-14,3.470045214745747e-17
508.64,2.5858162481711553e-14,3.461893294141181e-17
508.65,2.585575938832787e-14,3.4691092701217226e-17
508.66,2.5853298267695828e-14,3.46633299955931e-17
508.67,2.5851018160455682e-14,3.4720314165616895e-17
508.68,2.5845495078349866e-14,3.3599999231969053e-17
508.69,2.584592603873029e-14,3.4424931918001307e-17
508.7,2.5843522785427862e-14,3.461519993834018e-17
508.71,2.5840820254541513e-14,3.465215087841227e-17
508.72,2.5838479355574316e-14,3.466296997608009e-17
508.73,2.5836807632617455e-14,3.4466480394672714e-17
508.74,2.5833717226640917e-14,3.4490442431653616e-17
508.75,2.5830920837890772e-14,3.462327709164527e-17
508.76,2.582825194655113e-14,3.4891436468393546e-17
508.77,2.5826380728614608e-14,3.450625755191695e-17
508.78,2.582222243009142e-14,3.474508509288706e-17
508.79,2.582124309380945e-14,3.4602451856620866e-17
508.8,2.581857470957723e-14,3.4647122685884176e-17
508.81,2.5816395160668682e-14,3.447296733185689e-17
508.82,2.5813921596752512e-14,3.4621286251961914e-17
508.83,2.581137624490922e-14,3.450187297513101e-17
508.84,2.580896162509538e-14,3.4600571276413614e-17
508.85,2.580667799022117e-14,3.453627148624505e-17
508.86,2.5804315177587645e-14,3.467722361142723e-17
508.87,2.580126601011441e-14,3.452649995342372e-17
508.88,2.57991803083795e-14,3.457147679783811e-17
508.89,2.5796558526755422e-14,3.440139963337021e-17
508.9,2.5793908326047676e-14,3.4540335272155266e-17
508.91,2.5792117848055466e-14,3.4441017773221734e-17
508.92,2.5789195447850147e-14,3.454311854092268e-17
508.93,2.578682038660501e-14,3.454012366639385e-17
508.94,2.5784245032469424e-14,3.4736024672373937e-17
508.95,2.5781945852730506e-14,3.461239736733018e-17
508.96,2.5779299138358477e-14,3.5058735622914445e-17
508.97,2.5777046946270274e-14,3.455876993655299e-17
508.98,2.5774401992306334e-14,3.439784344218068e-17
508.99,2.5772279943713127e-14,3.5246459558857305e-17
509.0,2.576969125705578e-14,3.4479312789979995e-17
509.01,2.576688670322837e-14,3.44384007688769e-17
509.02,2.5766751378417616e-14,3.4297382653203334e-17
509.03,2.5761713590417684e-14,3.4882181826453186e-17
509.04,2.575956454177512e-14,3.439217611816875e-17
509.05,2.5757445671527635e-14,3.4568698572281514e-17
509.06,2.5754864408093702e-14,3.461003028340472e-17
509.07,2.575218759198178e-14,3.4533490079829806e-17
509.08,2.5750196216866903e-14,3.4357660455147703e-17
509.09,2.574737529755278e-14,3.441022639367269e-17
509.1,2.5745205726145172e-14,3.4354228850430304e-17
509.11,2.5742648532822542e-14,3.429531233674873e-17
509.12,2.5739762554702797e-14,3.4681185285146013e-17
509.13,2.573771689187442e-14,3.4364164595680394e-17
509.14,2.57349308730383e-14,3.4250003180184895e-17
509.15,2.573272010515902e-14,3.442287092986248e-17
509.16,2.5729896989139617e-14,3.444046157231094e-17
509.17,2.5728006374470306e-14,3.434676053577342e-17
509.18,2.5725349367911892e-14,3.437091439884484e-17
509.19,2.572266905652387e-14,3.4172804868519545e-17
509.2,2.572133975750373e-14,3.437747646861744e-17
509.21,2.572070917305438e-14,3.793110488904533e-17
509.22,2.5715576092487925e-14,3.4402596703576214e-17
509.23,2.5713253849672097e-14,3.426587685328072e-17
509.24,2.5710637530494668e-14,3.42760169726654e-17
509.25,2.5708134947967246e-14,3.416602028487115e-17
509.26,2.5705859552858833e-14,3.421181877111667e-17
509.27,2.5703444411888158e-14,3.431153758786831e-17
509.28,2.5700770436237992e-14,3.419165296917296e-17
509.29,2.569831872467225e-14,3.4338281828174124e-17
509.3,2.5697879898947647e-14,3.418639359003679e-17
509.31,2.569346033278265e-14,3.4247446655105293e-17
509.32,2.5691102336286137e-14,3.429607150811014e-17
509.33,2.5688604205285265e-14,3.4301934433470464e-17
509.34,2.5685838824322583e-14,3.447008505098951e-17
509.35,2.5683476951840366e-14,3.4310530251276665e-17
509.36,2.5681389623352312e-14,3.426158060678652e-17
509.37,2.5678849731303117e-14,3.423177475339294e-17
509.38,2.5676645802359207e-14,3.4237470818121287e-17
509.39,2.5674113964241368e-14,3.3285090647362743e-17
509.4,2.5671591863610506e-14,3.415471087031208e-17
509.41,2.5668986897083956e-14,3.388378206284475e-17
509.42,2.566663270132504e-14,3.4335818262064504e-17
509.43,2.5663689409083272e-14,3.4410600471418486e-17
509.44,2.5662152625053255e-14,3.427448305730826e-17
509.45,2.5659352489207343e-14,3.432652761618493e-17
509.46,2.5656716214483334e-14,3.41305024380349e-17
509.47,2.565443733208286e-14,3.4234351391085995e-17
509.48,2.5651419590643078e-14,3.4020055356472726e-17
509.49,2.5649371019980335e-14,3.4170196213838164e-17
509.5,2.5643924041127426e-14,3.414484370813453e-17
509.51,2.564503840455433e-14,3.423272693105317e-17
509.52,2.5642214894225987e-14,3.378415194925024e-17
509.53,2.5639023678043616e-14,3.407354714679534e-17
509.54,2.5637296044041533e-14,3.4202523572455016e-17
509.55,2.5634897837311927e-14,3.4198956327447593e-17
509.56,2.563231852687696e-14,3.425123131377329e-17
509.57,2.563015421899257e-14,3.41982031670882e-17
509.58,2.5626588472859486e-14,3.3441031460534077e-17
509.59,2.5625056591022754e-14,3.423587201599246e-17
509.6,2.5622855754474174e-14,3.409218564687962e-17
509.61,2.5619198059483537e-14,3.3184848210940035e-17
509.62,2.5617568242592078e-14,3.4033993028117506e-17
509.63,2.5615361467027202e-14,3.399483952019917e-17
509.64,2.561308638610683e-14,3.4139229992251304e-17
509.65,2.5610354617634736e-14,3.4049493076343126e-17
509.66,2.560811236790926e-14,3.4237216267904627e-17
509.67,2.5605571710492393e-14,3.408558455980072e-17
509.68,2.5602840291334056e-14,3.406854243415558e-17
509.69,2.5600588234134937e-14,3.411355146137132e-17
509.7,2.5598034931453686e-14,3.469878199398819e-17
509.71,2.5595803876656947e-14,3.4071645932180327e-17
509.72,2.5593307008325047e-14,3.4118476196377837e-17
509.73,2.5591205781919723e-14,3.407970546174592e-17
509.74,2.5588054810932884e-14,3.396123966619604e-17
509.75,2.5586003723549673e-14,3.400847027117205e-17
509.76,2.5584276440072266e-14,3.4186567325030734e-17
509.77,2.5581303120689864e-14,3.4038850029423616e-17
509.78,2.5578311233666098e-14,3.3946022415282246e-17
509.79,2.557631318795945e-14,3.4798565469592644e-17
509.8,2.5573956348196e-14,3.4098716983414823e-17
509.81,2.5571378083957447e-14,3.412848308088042e-17
509.82,2.556869733751172e-14,3.4036921592903975e-17
509.83,2.5566517791049885e-14,3.403725751857942e-17
509.84,2.556418529441058e-14,3.418013191465642e-17
509.85,2.5561769613241895e-14,3.4014263624933776e-17
509.86,2.5559132847931885e-14,3.4002829861728097e-17
509.87,2.555693128279722e-14,3.397300151144294e-17
509.88,2.5553635985115937e-14,3.325721904599074e-17
509.89,2.5551577890153765e-14,3.3736758526379774e-17
509.9,2.5549641315020553e-14,3.3976597603704445e-17
509.91,2.554680045917277e-14,3.3737784967080926e-17
509.92,2.5543894513756242e-14,3.36740564625301e-17
509.93,2.5542387421892023e-14,3.4081828052024747e-17
509.94,2.553960966266768e-14,3.376948771351754e-17
509.95,2.5537417686549785e-14,3.3866409939850066e-17
509.96,2.5534784502085994e-14,3.388298024686071e-17
509.97,2.5532351880494747e-14,3.3671636555932057e-17
509.98,2.5529262085053004e-14,3.367363059793299e-17
509.99,2.552768020173795e-14,3.390533503554997e-17
510.0,2.5525546967753925e-14,3.382267338820729e-17
510.01,2.5523036232445742e-14,3.395799049237524e-17
510.02,2.5520517641738466e-14,3.391529923323614e-17
510.03,2.5517945760714612e-14,3.378443607171688e-17
510.04,2.551542073663864e-14,3.388400212220722e-17
510.05,2.551297237192247e-14,3.388362816274883e-17
510.06,2.551123550360192e-14,3.3943030715654915e-17
510.07,2.550850731567307e-14,3.392576713594845e-17
510.08,2.5505662761510923e-14,3.3735851600273164e-17
510.09,2.5503530239762844e-14,3.3870760409113355e-17
510.1,2.5501181897921992e-14,3.381972723595087e-17
510.11,2.549927566579395e-14,3.4229328469128066e-17
510.12,2.5496029366263013e-14,3.381030347907175e-17
510.13,2.5493543303239766e-14,3.378518295810361e-17
510.14,2.5491188847206728e-14,3.408114407400816e-17
510.15,2.548817477447844e-14,3.35504300752835e-17
510.16,2.548631795845031e-14,3.394875291706498e-17
510.17,2.5484268258100954e-14,3.367363295729638e-17
510.18,2.5481845969777544e-14,3.380289957797104e-17
510.19,2.5479355619032495e-14,3.3842376226518054e-17
510.2,2.547717228284257e-14,3.3840850859220746e-17
510.21,2.5473955833806696e-14,3.3772331555186166e-17
510.22,2.5471714360977132e-14,3.3731723403077746e-17
510.23,2.5470792938191685e-14,3.42873310003022e-17
510.24,2.5466907171175527e-14,3.360469818940043e-17
510.25,2.5464330488611552e-14,3.3560884757319575e-17
510.26,2.546213717362461e-14,3.3852803733451034e-17
510.27,2.5458760872712505e-14,3.3526413765078686e-17
510.28,2.545780831254364e-14,3.375671307235581e-17
510.29,2.5454956036742253e-14,3.363409263542758e-17
510.3,2.545261061582892e-14,3.3776564330243674e-17
510.31,2.5450135323701287e-14,3.3587648764526244e-17
510.32,2.5447874749429894e-14,3.3779541470183805e-17
510.33,2.544562689940241e-14,3.3750705087913306e-17
510.34,2.544270569876996e-14,3.358347936381364e-17
510.35,2.5440551368717142e-14,3.3720758158175633e-17
510.36,2.543800534265231e-14,3.372790279882434e-17
510.37,2.543591337556905e-14,3.373626159842633e-17
510.38,2.5432878559479987e-14,3.356583185704118e-17
510.39,2.5429922965374434e-14,3.3402418879704553e-17
510.4,2.5428131183367026e-14,3.3533486646700154e-17
510.41,2.542596885395279e-14,3.3689032844809715e-17
510.42,2.5423610169755105e-14,3.3690678916520303e-17
510.43,2.5421150472907565e-14,3.351900269264679e-17
510.44,2.5418936094529874e-14,3.3717957685236904e-17
510.45,2.541637021635897e-14,3.3696239271579137e-17
510.46,2.5413848933114352e-14,3.356305913306738e-17
510.47,2.5411661000906556e-14,3.368625536630038e-17
510.48,2.5409002608388096e-14,3.3509728397682733e-17
510.49,2.540641180188599e-14,3.343654476931867e-17
510.5,2.5404497365246785e-14,3.3695176923471044e-17
510.51,2.5400865476999305e-14,3.324307950695681e-17
510.52,2.5399465161783166e-14,3.3531654909784465e-17
510.53,2.5397550933323892e-14,3.373322096002836e-17
510.54,2.5394654011043498e-14,3.363829726462867e-17
510.55,2.5392229876686922e-14,3.361513288115871e-17
510.56,2.5389950156019707e-14,3.350996737259916e-17
510.57,2.5387444786345833e-14,3.3662869934744423e-17
510.58,2.5385151230812306e-14,3.3697188842867885e-17
510.59,2.5382477683796712e-14,3.35427057658158e-17
510.6,2.5380267000713058e-14,3.352418979639197e-17
510.61,2.5377835278439974e-14,3.349304956337933e-17
510.62,2.5375417862164104e-14,3.355990783060031e-17
510.63,2.5372932134654867e-14,3.352784625654291e-17
510.64,2.537064534376661e-14,3.360059326119024e-17
510.65,2.536755522267624e-14,3.307057872514143e-17
510.66,2.5365802508824048e-14,3.353864455998e-17
510.67,2.536316958560531e-14,3.3693014230070584e-17
510.68,2.5361368402490073e-14,3.340401403365054e-17
510.69,2.535915516081733e-14,3.368537952329074e-17
510.7,2.5356520784096662e-14,3.3572424052388224e-17
510.71,2.535457558594877e-14,3.357843674966617e-17
510.72,2.5351043174354e-14,3.3427156073568124e-17
510.73,2.5348395586762317e-14,3.330434155430076e-17
510.74,2.5346654131189178e-14,3.356714237577714e-17
510.75,2.534238047208268e-14,3.282239763057986e-17
510.76,2.534014141123778e-14,3.2246875552552915e-17
510.77,2.5339514664021084e-14,3.350595247971126e-17
510.78,2.5336852999903665e-14,3.3308545151893364e-17
510.79,2.5334368218668507e-14,3.3493813033734766e-17
510.8,2.5332258236147366e-14,3.3547424003273845e-17
510.81,2.5329764510685625e-14,3.354451495021784e-17
510.82,2.5327557507234504e-14,3.3449836929068013e-17
510.83,2.532476434907175e-14,3.3418369244650005e-17
510.84,2.532269736908997e-14,3.349831486132968e-17
510.85,2.5318613247606642e-14,3.03355024002057e-17
510.86,2.5317644229740486e-14,3.341653659931721e-17
510.87,2.531524224341896e-14,3.3252457449380323e-17
510.88,2.5313289079594373e-14,3.346736141073597e-17
510.89,2.5310460016432093e-14,3.3308514562746765e-17
510.9,2.5308006492673985e-14,3.3328446542616305e-17
510.91,2.5305763581665056e-14,3.3364490290583195e-17
510.92,2.530348602874574e-14,3.353508633818976e-17
510.93,2.530092550441092e-14,3.3374002026117216e-17
510.94,2.5295034047808954e-14,3.4478860090265634e-17
510.95,2.5296284110514112e-14,3.330719690812635e-17
510.96,2.529386952322111e-14,3.344453852074414e-17
510.97,2.5291593536187374e-14,3.346617298459548e-17
510.98,2.5288635394443568e-14,3.3109186350636436e-17
510.99,2.528654935851566e-14,3.3365788977318806e-17
511.0,2.5285015501911495e-14,3.395326094895686e-17
511.01,2.5281595947479102e-14,3.319801304125902e-17
511.02,2.5279158870382297e-14,3.3132455312001394e-17
511.03,2.527743149237071e-14,3.383973794468868e-17
511.04,2.527459947712226e-14,3.31684257474066e-17
511.05,2.52723881135522e-14,3.351908816347015e-17
511.06,2.5269800183924135e-14,3.327248578692615e-17
511.07,2.5265268661322234e-14,3.2821845344442904e-17
511.08,2.5264980444090948e-14,3.3292190805161497e-17
511.09,2.526268886587705e-14,3.326600337326487e-17
511.1,2.526057371612603e-14,3.422743590335088e-17
511.11,2.5257752558203374e-14,3.319648130065922e-17
511.12,2.525570961794458e-14,3.358546314206055e-17
511.13,2.525327467621382e-14,3.322249111184977e-17
511.14,2.5250931092099377e-14,3.327015873220091e-17
511.15,2.5247931137156232e-14,3.3117818682426416e-17
511.16,2.5245973002067458e-14,3.3199847202211096e-17
511.17,2.5244204015090293e-14,3.3681782342646734e-17
511.18,2.524114465871228e-14,3.327288032816525e-17
511.19,2.5238838942119842e-14,3.3181744261816965e-17
511.2,2.523648161211528e-14,3.320215632734125e-17
511.21,2.52336784482794e-14,3.34332442043532e-17
511.22,2.523159797575513e-14,3.336775944006866e-17
511.23,2.5229235388713845e-14,3.3151244871835375e-17
511.24,2.5226859110860463e-14,3.3322781377695377e-17
511.25,2.5224409981730123e-14,3.313038344056419e-17
511.26,2.5221733580033866e-14,3.292227421026538e-17
511.27,2.521976692906773e-14,3.3334894946011294e-17
511.28,2.5218392457237625e-14,3.396307324555185e-17
511.29,2.5214925450347388e-14,3.322427691253371e-17
511.3,2.521238124365991e-14,3.331223302930158e-17
511.31,2.5210081090487226e-14,3.3241864255901924e-17
511.32,2.520770185781718e-14,3.322028358037506e-17
511.33,2.5205311108457598e-14,3.309228051296583e-17
511.34,2.5202859955692477e-14,3.312766435707205e-17
511.35,2.5200838604320903e-14,3.338809087428512e-17
511.36,2.5198079734230872e-14,3.3270405147870014e-17
511.37,2.519580791895991e-14,3.3324688756585785e-17
511.38,2.5193617234049767e-14,3.402458232053938e-17
511.39,2.519112187658725e-14,3.3319458025188305e-17
511.4,2.5188551975134164e-14,3.3082103910897133e-17
511.41,2.518648825534947e-14,3.3391296133917644e-17
511.42,2.51838743203533e-14,3.3131342495844706e-17
511.43,2.518158496219037e-14,3.318565456094606e-17
511.44,2.5179589806493705e-14,3.329906413175819e-17
511.45,2.5176640663352727e-14,3.308717616525885e-17
511.46,2.5174507480342512e-14,3.336467416558028e-17
511.47,2.517085025034749e-14,3.167301111302822e-17
511.48,2.5169822421739245e-14,3.337259248142513e-17
511.49,2.516717506374587e-14,3.300164147209063e-17
511.5,2.5164678649001497e-14,3.2725759309985354e-17
511.51,2.5162460440405975e-14,3.322755031078877e-17
511.52,2.51604120737025e-14,3.3649607413497875e-17
511.53,2.515770029320663e-14,3.3047853330379617e-17
511.54,2.5155230452227427e-14,3.3058260328762134e-17
511.55,2.515312507046122e-14,3.292558733278662e-17
511.56,2.515055732745176e-14,3.3030368891076876e-17
511.57,2.51484581512562e-14,3.337098946919887e-17
511.58,2.5145801839883707e-14,3.3181771808172726e-17
511.59,2.5143343980927402e-14,3.315362975090847e-17
511.6,2.5141148190488933e-14,3.317824348630903e-17
511.61,2.5138512184138238e-14,3.3049442112043394e-17
511.62,2.5136388269670252e-14,3.305585029682689e-17
511.63,2.5133978253854025e-14,3.3066749554989635e-17
511.64,2.5131926813564554e-14,3.347241372060114e-17
511.65,2.5129095583189164e-14,3.3177922193781424e-17
511.66,2.5126963568055008e-14,3.309855968698539e-17
511.67,2.5124362071396666e-14,3.3012233150114315e-17
511.68,2.5122037910381536e-14,3.307465018485751e-17
511.69,2.5119019177719906e-14,3.308293089175638e-17
511.7,2.511722631021563e-14,3.3121207039893846e-17
511.71,2.5114948671769952e-14,3.306326529917236e-17
511.72,2.5112608881168802e-14,3.3164590784133334e-17
511.73,2.5110221304512216e-14,3.332651303487734e-17
511.74,2.5107781242607985e-14,3.3139120438421674e-17
511.75,2.5105339418293504e-14,3.299373922984081e-17
511.76,2.5103134033997897e-14,3.324279201974954e-17
511.77,2.510072392661682e-14,3.35674121446874e-17
511.78,2.5098309933770854e-14,3.3029079682211313e-17
511.79,2.5095869528591002e-14,3.2764213354767055e-17
511.8,2.5093674356402237e-14,3.29674983168247e-17
511.81,2.5091159942749707e-14,3.305866604375217e-17
511.82,2.5088962645658828e-14,3.330437631783477e-17
511.83,2.5086292966222205e-14,3.293129369816387e-17
511.84,2.508403702667416e-14,3.3093051236077903e-17
511.85,2.508183524961026e-14,3.301930848437311e-17
511.86,2.5079253153490523e-14,3.279093628869119e-17
511.87,2.5077077746451703e-14,3.31255062724707e-17
511.88,2.5074594657889715e-14,3.3053293552747704e-17
511.89,2.5072257522043034e-14,3.296194901834841e-17
511.9,2.50698995840961e-14,3.2900292279881965e-17
511.91,2.506782648952283e-14,3.3093205925019926e-17
511.92,2.50651058290207e-14,3.299158577378606e-17
511.93,2.5062666635796967e-14,3.294780083837565e-17
511.94,2.5060397704068405e-14,3.306926995527543e-17
511.95,2.5057882548377298e-14,3.3091573984706555e-17
511.96,2.505572558992459e-14,3.285033178490023e-17
511.97,2.505327906456013e-14,3.3028040986090866e-17
511.98,2.5050917870786972e-14,3.297733224922229e-17
511.99,2.5048676815094575e-14,3.2904421405735664e-17
512.0,2.5046200957043785e-14,3.294336271204521e-17
512.01,2.504372169693729e-14,3.2980682135598785e-17
512.02,2.5041504172203054e-14,3.2916134988694847e-17
512.03,2.5039145013105995e-14,3.2865992882929463e-17
512.04,2.503670404167745e-14,3.295161903810976e-17
512.05,2.5034233027346564e-14,3.3064087552681763e-17
512.06,2.5032059515200302e-14,3.2852294156546986e-17
512.07,2.5029554641779875e-14,3.288760463826204e-17
512.08,2.502738384299646e-14,3.307723723506896e-17
512.09,2.5024968937544597e-14,3.288686037743476e-17
512.1,2.5022512662093478e-14,3.296539065376663e-17
512.11,2.5020184985224268e-14,3.295131916083828e-17
512.12,2.5017900631615853e-14,3.28231775470995e-17
512.13,2.5015425271045845e-14,3.275778571094596e-17
512.14,2.5013161058617254e-14,3.3095997162785164e-17
512.15,2.5010640214630278e-14,3.2875865951546115e-17
512.16,2.500850878673059e-14,3.2922089411941845e-17
512.17,2.5006032512007227e-14,3.290071761656303e-17
512.18,2.5003952084995275e-14,3.2985412643352557e-17
512.19,2.5001645519264912e-14,3.256059863111189e-17
512.2,2.4998902307266122e-14,3.2935776538455626e-17
512.21,2.499640704669315e-14,3.302093660183717e-17
512.22,2.4994231380766083e-14,3.2862645174173694e-17
512.23,2.4992361128940846e-14,3.2496764022580614e-17
512.24,2.4989660259090652e-14,3.271540604140895e-17
512.25,2.4987134484328967e-14,3.291415603005143e-17
512.26,2.4984918155707706e-14,3.276317623660211e-17
512.27,2.4982715997341903e-14,3.2628493808425177e-17
512.28,2.497995367449497e-14,3.275360193202553e-17
512.29,2.497720383732619e-14,3.31319702207877e-17
512.3,2.497535154456402e-14,3.284340155734796e-17
512.31,2.4972913153599996e-14,3.293879598780488e-17
512.32,2.4970620498636774e-14,3.2907379684098276e-17
512.33,2.496869485460081e-14,3.3013330975792477e-17
512.34,2.4965877747715057e-14,3.275601893041182e-17
512.35,2.496388971217514e-14,3.274704366107614e-17
512.36,2.496141563025311e-14,3.250297637651705e-17
512.37,2.495872127455105e-14,3.2787531022474784e-17
512.38,2.495645227367977e-14,3.283392406345491e-17
512.39,2.4954290700136004e-14,3.2877816777201896e-17
512.4,2.4951796991818763e-14,3.276494983469128e-17
512.41,2.494937833598295e-14,3.289441825344144e-17
512.42,2.4946948127346372e-14,3.320987685141403e-17
512.43,2.4944652381604216e-14,3.261743159956616e-17
512.44,2.4942514027843903e-14,3.2905316230190045e-17
512.45,2.494014685057512e-14,3.292558483341358e-17
512.46,2.4937585122022556e-14,3.266639200320884e-17
512.47,2.4935218051606152e-14,3.279960752624711e-17
512.48,2.493367223524793e-14,3.2477989084111804e-17
512.49,2.4930817493297758e-14,3.279997585846288e-17
512.5,2.4927694520427354e-14,3.307389407113046e-17
512.51,2.4925727003747547e-14,3.287653170879099e-17
512.52,2.4923810468042448e-14,3.266684595586806e-17
512.53,2.4919159669820018e-14,3.380024594392218e-17
512.54,2.4917971602842397e-14,3.305840423933073e-17
512.55,2.491645913204172e-14,3.283511176891102e-17
512.56,2.4914431330011555e-14,3.280114731664486e-17
512.57,2.491168024889113e-14,3.280607380371384e-17
512.58,2.490958229587709e-14,3.2798900329140607e-17
512.59,2.490692111400688e-14,3.2861052999201264e-17
512.6,2.4904751252036594e-14,3.291355155898684e-17
512.61,2.4902496149188887e-14,3.278806515731825e-17
512.62,2.490026150962865e-14,3.2147747744677925e-17
512.63,2.4897878174098958e-14,3.2783338119789576e-17
512.64,2.4895437139061367e-14,3.282660337587575e-17
512.65,2.4893183480763333e-14,3.263181497745311e-17
512.66,2.4890742642346553e-14,3.2840371924287815e-17
512.67,2.4888316880298166e-14,3.267413995515249e-17
512.68,2.4885795523272383e-14,3.292984394111366e-17
512.69,2.4883771125718206e-14,3.274223466580125e-17
512.7,2.488195759537474e-14,3.2628288518599825e-17
512.71,2.4878609123749492e-14,3.281775690468944e-17
512.72,2.48777800069046e-14,3.2306176811899466e-17
512.73,2.4874342507135152e-14,3.278244032886837e-17
512.74,2.48717590167663e-14,3.309571574457169e-17
512.75,2.4869374257470964e-14,3.2773921125337103e-17
512.76,2.4867315248298678e-14,3.2664780717478576e-17
512.77,2.4864696170914337e-14,3.2774853123407e-17
512.78,2.486250664766043e-14,3.282205921589881e-17
512.79,2.4860537449548444e-14,3.274543196436785e-17
512.8,2.4857865653921114e-14,3.2679215467881737e-17
512.81,2.4855426764531473e-14,3.27538931871512e-17
512.82,2.4852983169494842e-14,3.277429475297195e-17
512.83,2.485088582308226e-14,3.2803695130978285e-17
512.84,2.4848504003596635e-14,3.2650554790350726e-17
512.85,2.4845950085456368e-14,3.285596340710942e-17
512.86,2.4843661057959502e-14,3.2651595286552936e-17
512.87,2.484146812260789e-14,3.2593178223664434e-17
512.88,2.4839231263146956e-14,3.2835021628992904e-17
512.89,2.483664076623265e-14,3.2724227504679635e-17
512.9,2.483569873523193e-14,3.363312275112135e-17
512.91,2.483201359732765e-14,3.276252865543382e-17
512.92,2.4829665901994237e-14,3.275139125382239e-17
512.93,2.482773147691148e-14,3.2649973853085104e-17
512.94,2.4824932831123248e-14,3.277482554621225e-17
512.95,2.4822871672805058e-14,3.275944840783167e-17
512.96,2.481810944977178e-14,3.279728145873144e-17
512.97,2.4818150203116266e-14,3.270988324994549e-17
512.98,2.4815222787324817e-14,3.274148864103009e-17
512.99,2.4813351614329772e-14,3.2805969395778845e-17
513.0,2.4812180171522032e-14,3.2774369748315354e-17
513.01,2.4808685272212732e-14,3.269068933815855e-17
513.02,2.4805906509250696e-14,3.277350296857737e-17
513.03,2.4804167822430755e-14,3.279405813811724e-17
513.04,2.4802131004135777e-14,3.2681115243036925e-17
513.05,2.4798864974631516e-14,3.2792688380389597e-17
513.06,2.4803669799484177e-14,3.2923194512625473e-17
513.07,2.47945373337265e-14,3.2819702344548494e-17
513.08,2.4792315859397178e-14,3.27139460467043e-17
513.09,2.4789837216044426e-14,3.27090072471458e-17
513.1,2.4787559066724293e-14,3.2743777912962885e-17
513.11,2.4785105809159406e-14,3.266589036880499e-17
513.12,2.478329475394839e-14,3.2661269278988346e-17
513.13,2.478017721603372e-14,3.266218655619868e-17
513.14,2.477816298115005e-14,3.2904817861986875e-17
513.15,2.477239436479924e-14,2.948482992067851e-17
513.16,2.4773601252200743e-14,3.278520083579882e-17
513.17,2.477138760845022e-14,3.272232768430271e-17
513.18,2.4769459770308772e-14,3.265125877773434e-17
513.19,2.476670042815909e-14,3.2735828519056676e-17
513.2,2.4764391851168262e-14,3.267948380240068e-17
513.21,2.4761759018064608e-14,3.2712383788674166e-17
513.22,2.475933469403995e-14,3.26967277780572e-17
513.23,2.4757261935887858e-14,3.2753671069409895e-17
513.24,2.475395145893882e-14,3.3666149427566274e-17
513.25,2.4750581144104612e-14,3.2819293578111634e-17
513.26,2.4750661006984293e-14,3.2710677004480585e-17
513.27,2.4747099939557632e-14,3.2723616948066276e-17
513.28,2.4745308326992972e-14,3.285227777067844e-17
513.29,2.474363154481324e-14,3.2708387857088575e-17
513.3,2.4741772558830514e-14,3.2694704131354576e-17
513.31,2.4736800014674033e-14,3.249972206183413e-17
513.32,2.473559890046128e-14,3.265831229951639e-17
513.33,2.473361577817229e-14,3.3295953368568805e-17
513.34,2.4731370553354114e-14,3.276001765277747e-17
513.35,2.4729187130041108e-14,3.305458481489067e-17
513.36,2.4726804443796166e-14,3.273847705259411e-17
513.37,2.4724528703034927e-14,3.27707806005852e-17
513.38,2.4722255720558105e-14,3.2693682425441475e-17
513.39,2.471993434026374e-14,3.2751673319621646e-17
513.4,2.4717505017655725e-14,3.2679809930823455e-17
513.41,2.4715062693424472e-14,3.270831882351013e-17
513.42,2.47127010650502e-14,3.261485510372585e-17
513.43,2.4710680056050477e-14,3.280796455292012e-17
513.44,2.4712450887919835e-14,3.2987397052663187e-17
513.45,2.470549583699569e-14,3.27403657155776e-17
513.46,2.4703835018017068e-14,3.273052155516892e-17
513.47,2.4702132122971705e-14,3.271046692361976e-17
513.48,2.4698697776127904e-14,3.2735507312496445e-17
513.49,2.46950323450764e-14,3.255847145059658e-17
513.5,2.4694332620764235e-14,3.279081117565244e-17
513.51,2.4691778462900665e-14,3.259631650717581e-17
513.52,2.468925453002636e-14,3.269834203015555e-17
513.53,2.468714282065456e-14,3.278331601281204e-17
513.54,2.4684919375570167e-14,3.270143595736542e-17
513.55,2.468242501651841e-14,3.25966229567715e-17
513.56,2.4680526669940378e-14,3.266901713571622e-17
513.57,2.4677980057638582e-14,3.281751190725162e-17
513.58,2.4675302549555026e-14,3.253105620962852e-17
513.59,2.4673194292724973e-14,3.268242167345159e-17
513.6,2.4670894447538223e-14,3.272640788043669e-17
513.61,2.466755775491652e-14,3.2550603234147734e-17
513.62,2.4665812854859843e-14,3.262445210187894e-17
513.63,2.4664184005465317e-14,3.270125424422399e-17
513.64,2.466159599190002e-14,3.269005935466307e-17
513.65,2.4659450017272356e-14,3.2660307068422165e-17
513.66,2.4659200106877388e-14,3.298192561028226e-17
513.67,2.4654530593740546e-14,3.2527582559953706e-17
513.68,2.4652151453972745e-14,3.281091049828875e-17
513.69,2.4650337927233454e-14,3.277618838280932e-17
513.7,2.4646824178559425e-14,3.267681302144821e-17
513.71,2.4645060458403895e-14,3.265261407911995e-17
513.72,2.4643484409789007e-14,3.269841779811921e-17
513.73,2.4639551329452906e-14,3.243268935423913e-17
513.74,2.4638406432728437e-14,3.272097505182227e-17
513.75,2.4635586149193072e-14,3.263297670213387e-17
513.76,2.4633586721699256e-14,3.242125713426629e-17
513.77,2.4632881836013132e-14,3.308264996920471e-17
513.78,2.4628864973090504e-14,3.270026722078149e-17
513.79,2.4626304764025356e-14,3.265992495305604e-17
513.8,2.4624434128320182e-14,3.2726419807257875e-17
513.81,2.4623050527363357e-14,3.286259126055144e-17
513.82,2.4619912737227492e-14,3.283091384062317e-17
513.83,2.4617672338577084e-14,3.291493692979822e-17
513.84,2.461482444789432e-14,3.277808450474607e-17
513.85,2.4612306782217914e-14,3.224913320422431e-17
513.86,2.461017387264967e-14,3.276629175018006e-17
513.87,2.4608174615137577e-14,3.2673583413005195e-17
513.88,2.4605701194298795e-14,3.2694804295851797e-17
513.89,2.4603843997153695e-14,3.315999820392174e-17
513.9,2.4601449077224107e-14,3.2642125412818435e-17
513.91,2.4598690162280534e-14,3.2693583911010976e-17
513.92,2.4596708351183763e-14,3.283272033535227e-17
513.93,2.4594330388044496e-14,3.2769546963636734e-17
513.94,2.4591532990291102e-14,3.2199542689649065e-17
513.95,2.4589438282651863e-14,3.289026425339549e-17
513.96,2.4587475522686525e-14,3.276331968784427e-17
513.97,2.4585007845507494e-14,3.269217310343447e-17
513.98,2.458259440453354e-14,3.2807398745319864e-17
513.99,2.4580487463136484e-14,3.278944023100236e-17
514.0,2.4578436260273806e-14,3.272025608877075e-17
514.01,2.4575790068847963e-14,3.27335757250685e-17
514.02,2.4572311286808567e-14,3.2397668838106224e-17
514.03,2.4571522560747083e-14,3.221120963214836e-17
514.04,2.4567869855647083e-14,3.248450470797012e-17
514.05,2.4566307340461482e-14,3.259704977915441e-17
514.06,2.456464788784787e-14,3.284713813422024e-17
514.07,2.456195103596594e-14,3.281102319467002e-17
514.08,2.4559524975412208e-14,3.2699474651029527e-17
514.09,2.455748048976385e-14,3.2802414822796764e-17
514.1,2.4555316475152872e-14,3.2757577105254995e-17
514.11,2.4552391813616726e-14,3.244101630697736e-17
514.12,2.4550820334680197e-14,3.1846501364077635e-17
514.13,2.454788812321842e-14,3.2687941410012406e-17
514.14,2.4545627715800185e-14,3.2684564482354934e-17
514.15,2.4543328487998528e-14,3.273467516398433e-17
514.16,2.4540948236192656e-14,3.2686137746052015e-17
514.17,2.4538778705713023e-14,3.255951386263372e-17
514.18,2.4536080089531504e-14,3.270651341653819e-17
514.19,2.453465482238603e-14,3.295573213723578e-17
514.2,2.4531765121370303e-14,3.2786669258432786e-17
514.21,2.4531476264138118e-14,3.2710618022436556e-17
514.22,2.4526631087774737e-14,3.249410453425892e-17
514.23,2.4525092205655704e-14,3.275546561585889e-17
514.24,2.4523343393491888e-14,3.3039295054249096e-17
514.25,2.4519945319448712e-14,3.2692348019327864e-17
514.26,2.4517509722594364e-14,3.248400258586927e-17
514.27,2.4515650141724535e-14,3.27990390020186e-17
514.28,2.4513105318798212e-14,3.2734000313879494e-17
514.29,2.451069194627094e-14,3.259322977074838e-17
514.3,2.4509351663780914e-14,3.288885380680297e-17
514.31,2.4506307544219516e-14,3.264675513959149e-17
514.32,2.4504497688047386e-14,3.2864586602002554e-17
514.33,2.450272435062209e-14,3.302865667820161e-17
514.34,2.449943642270795e-14,3.288197355519203e-17
514.35,2.449711564703404e-14,3.2611711744321575e-17
514.36,2.449478311472492e-14,3.2781025444687407e-17
514.37,2.449248964380478e-14,3.269421826413064e-17
514.38,2.449016827382233e-14,3.2615929366214216e-17
514.39,2.448761426208493e-14,3.21832763028449e-17
514.4,2.4485722555385393e-14,3.2737131276340856e-17
514.41,2.448348615540082e-14,3.268319334809611e-17
514.42,2.4480793846462424e-14,3.267302769995596e-17
514.43,2.447862587018436e-14,3.282498236717626e-17
514.44,2.4476057051134996e-14,3.2533029983175457e-17
514.45,2.447508670154116e-14,3.3282781797677056e-17
514.46,2.4471963878183318e-14,3.284096178001022e-17
514.47,2.4468513186335943e-14,3.2309637758907427e-17
514.48,2.4467015426371513e-14,3.2839842832622256e-17
514.49,2.4465082329465265e-14,3.283902008549161e-17
514.5,2.4458285308605684e-14,3.0898108837939485e-17
514.51,2.446006970139775e-14,3.263800510786896e-17
514.52,2.445740365327923e-14,3.2552662687643874e-17
514.53,2.4455384298101144e-14,3.2685614753133124e-17
514.54,2.4454432520448215e-14,3.3360750094227767e-17
514.55,2.4449940389451005e-14,3.227180419937833e-17
514.56,2.4448140645682054e-14,3.253376495261475e-17
514.57,2.444646042294463e-14,3.2923820158948456e-17
514.58,2.4444062020028723e-14,3.267945255154886e-17
514.59,2.444173078834755e-14,3.312401610157223e-17
514.6,2.443942126350227e-14,3.2732351208692297e-17
514.61,2.4437535070575097e-14,3.2639597630824936e-17
514.62,2.4435069515085645e-14,3.2687063292257346e-17
514.63,2.4432215281947188e-14,3.266569286429296e-17
514.64,2.4429936324212434e-14,3.2770536008530283e-17
514.65,2.4427674667105906e-14,3.2586735525020927e-17
514.66,2.4425875990324423e-14,3.301100336984918e-17
514.67,2.442256722071418e-14,3.2321515063800813e-17
514.68,2.4420767291984017e-14,3.2575842827432644e-17
514.69,2.4420607177752323e-14,3.360628293836498e-17
514.7,2.4416823788590202e-14,3.418030483039314e-17
514.71,2.4413530526211862e-14,3.2492625397661233e-17
514.72,2.4411513674057687e-14,3.2605025516333927e-17
514.73,2.4409495551176262e-14,3.280011247967618e-17
514.74,2.440713242801834e-14,3.281377098063428e-17
514.75,2.4404651941823724e-14,3.2694747463584544e-17
514.76,2.4402475629765023e-14,3.262593636844471e-17
514.77,2.440025772252417e-14,3.2733319389449045e-17
514.78,2.4397702886964713e-14,3.263622349519819e-17
514.79,2.438936495018488e-14,2.885402837441642e-17
514.8,2.439340700525674e-14,3.2761700948854596e-17
514.81,2.4390062611111685e-14,3.218254490654801e-17
514.82,2.4388317013737786e-14,3.2564952149024445e-17
514.83,2.438634232338288e-14,3.273265950744225e-17
514.84,2.4383975601504594e-14,3.282891864668575e-17
514.85,2.4381669826068358e-14,3.256137969528939e-17
514.86,2.4379309478355617e-14,3.255894000902046e-17
514.87,2.4377117881482494e-14,3.266288180186548e-17
514.88,2.4376714764896716e-14,3.2703635337704696e-17
514.89,2.4372329053150303e-14,3.2633313092401754e-17
514.9,2.4370196995229995e-14,3.270774475603163e-17
514.91,2.4367796880633342e-14,3.262926511119169e-17
514.92,2.4365080652031732e-14,3.253913224516027e-17
514.93,2.4363185276076967e-14,3.2671268229479064e-17
514.94,2.4359822420852402e-14,3.186534914827765e-17
514.95,2.4358434598272875e-14,3.271280227508521e-17
514.96,2.4356780761203633e-14,3.281765827282724e-17
514.97,2.4354913057868943e-14,3.2124058803169436e-17
514.98,2.4353657366169046e-14,3.378979191974057e-17
514.99,2.434898837210314e-14,3.240437736379917e-17
515.0,2.4347468555037516e-14,3.275175185601779e-17
515.01,2.4345406737364544e-14,3.2366706303308525e-17
515.02,2.434233988143191e-14,3.2525373205654713e-17
515.03,2.4340361637887915e-14,3.2542064754341817e-17
515.04,2.4338124411461247e-14,3.258063146134164e-17
515.05,2.4335591950006583e-14,3.252897185797985e-17
515.06,2.4333628465094084e-14,3.227685762895867e-17
515.07,2.4331045739066582e-14,3.248558343799728e-17
515.08,2.432844078380739e-14,3.2387553035837324e-17
515.09,2.432696771648619e-14,3.2826281094723337e-17
515.1,2.432404139251261e-14,3.2422359180409325e-17
515.11,2.4321902237998463e-14,3.258248408441258e-17
515.12,2.431961077342359e-14,3.2545924197614667e-17
515.13,2.4317416791849352e-14,3.241819138717471e-17
515.14,2.4315004159426458e-14,3.2601606118325356e-17
515.15,2.4313560682757143e-14,3.278886660165467e-17
515.16,2.431013368170612e-14,3.2219700233327246e-17
515.17,2.4308364883453046e-14,3.252948762489994e-17
515.18,2.4305681984372167e-14,3.261394961095735e-17
515.19,2.4303664614680784e-14,3.263571211083688e-17
515.2,2.430132290211711e-14,3.286343568541517e-17
515.21,2.4298835505661175e-14,3.239950376832148e-17
515.22,2.4295383656781084e-14,3.145619139626212e-17
515.23,2.429456139845507e-14,3.2664213290321453e-17
515.24,2.429186041485438e-14,3.1994394251205353e-17
515.25,2.4289710105332553e-14,3.2289500974539824e-17
515.26,2.428781847442442e-14,3.25984469702164e-17
515.27,2.4285964065272876e-14,3.314977666658828e-17
515.28,2.428288114807465e-14,3.2485585535179914e-17
515.29,2.428042157182565e-14,3.223553959675203e-17
515.3,2.4278353180034935e-14,3.247460843346145e-17
515.31,2.4276833450403227e-14,3.317487787596669e-17
515.32,2.427380059317293e-14,3.178120800170769e-17
515.33,2.4271562766930304e-14,3.2339684003506874e-17
515.34,2.426932120165208e-14,3.2389852362957817e-17
515.35,2.426689224523911e-14,3.229330612793506e-17
515.36,2.4264641072298464e-14,3.25378139604306e-17
515.37,2.4262308503822425e-14,3.247555573882532e-17
515.38,2.4260051874197318e-14,3.246675725471264e-17
515.39,2.4257642021054007e-14,3.238230731399422e-17
515.4,2.425563235958951e-14,3.242414996924152e-17
515.41,2.425294174856655e-14,3.2378116052686846e-17
515.42,2.425086952971432e-14,3.235982153847628e-17
515.43,2.4248755681840243e-14,3.2782833149739714e-17
515.44,2.4246666190736657e-14,3.274869376966584e-17
515.45,2.424388401409461e-14,3.233650250493393e-17
515.46,2.4241121655051197e-14,3.163777450792877e-17
515.47,2.4239420748387453e-14,3.239123599681356e-17
515.48,2.4237027271402983e-14,3.230260104170637e-17
515.49,2.4234758778064586e-14,3.2349857994530516e-17
515.5,2.423266112271172e-14,3.2415874856574063e-17
515.51,2.4230493667578953e-14,3.2555817057388666e-17
515.52,2.422800881910757e-14,3.2219303200910315e-17
515.53,2.4225732132850954e-14,3.230219781914484e-17
515.54,2.4223489363539827e-14,3.2707302395276285e-17
515.55,2.4221040889460555e-14,3.2327596987985054e-17
515.56,2.421923064331945e-14,3.28147318479438e-17
515.57,2.421655154648836e-14,3.221923776815366e-17
515.58,2.4213878761005865e-14,3.1818908106894334e-17
515.59,2.4211972885132417e-14,3.214826824112008e-17
515.6,2.4209732531312877e-14,3.230057439397884e-17
515.61,2.420779936004804e-14,3.238598567769071e-17
515.62,2.4205204039249882e-14,3.215791143689576e-17
515.63,2.420356939980011e-14,3.350380558189419e-17
515.64,2.420057118884979e-14,3.2297654933867904e-17
515.65,2.419829079622578e-14,3.2344897572959747e-17
515.66,2.4196007352826484e-14,3.231434610448945e-17
515.67,2.4194082324244043e-14,3.233542132338848e-17
515.68,2.4191368453846035e-14,3.23068053015308e-17
515.69,2.4189375134362893e-14,3.2527722772477085e-17
515.7,2.418669129351259e-14,3.2030462859310873e-17
515.71,2.418442874895038e-14,3.157540631068454e-17
515.72,2.4182247295358014e-14,3.2398315973573834e-17
515.73,2.4180120805492344e-14,3.2473778524182204e-17
515.74,2.417769505714334e-14,3.220573457923647e-17
515.75,2.417534198185435e-14,3.1770410027790254e-17
515.76,2.4173242933165062e-14,3.1996533599263655e-17
515.77,2.4170977432351145e-14,3.240333771071573e-17
515.78,2.416877505849258e-14,3.266183535146817e-17
515.79,2.4166350953848987e-14,3.2099753517784545e-17
515.8,2.4164228408048332e-14,3.2398211638869084e-17
515.81,2.416173759256172e-14,3.241157873860306e-17
515.82,2.4159577510540928e-14,3.213198180268928e-17
515.83,2.4157231913435555e-14,3.222374982461538e-17
515.84,2.4155080894469195e-14,3.219571561635078e-17
515.85,2.415278121176671e-14,3.218354683114459e-17
515.86,2.415057386824202e-14,3.244411818916434e-17
515.87,2.414819726772022e-14,3.23355903012468e-17
515.88,2.4145942701769303e-14,3.22210231423578e-17
515.89,2.414360618637217e-14,3.205211089122958e-17
515.9,2.4141265093411987e-14,3.2259115247249646e-17
515.91,2.4138956666212763e-14,3.21527312665246e-17
515.92,2.4136797403944198e-14,3.2091585913505574e-17
515.93,2.4134390684916395e-14,3.196328027237195e-17
515.94,2.413221930898713e-14,3.2191184097198166e-17
515.95,2.4129922673215738e-14,3.2079414721377486e-17
515.96,2.4127691167833426e-14,3.2255584763102444e-17
515.97,2.4125420650742084e-14,3.2263091859609814e-17
515.98,2.4123265356611175e-14,3.198140739099123e-17
515.99,2.4120724458878897e-14,3.200422609369396e-17
516.0,2.4118537246214347e-14,3.224409058803626e-17
516.01,2.4116351921904868e-14,3.174033202074752e-17
516.02,2.4114011999436994e-14,3.1983550102243275e-17
516.03,2.4111705541619434e-14,3.23234342193328e-17
516.04,2.410934847989726e-14,3.248263606524769e-17
516.05,2.4107253697509964e-14,3.217924094853718e-17
516.06,2.4105000958819295e-14,3.1941613537908786e-17
516.07,2.4102836915356323e-14,3.200827147123137e-17
516.08,2.410010882937218e-14,3.19571370408118e-17
516.09,2.4098204160721862e-14,3.202900874771039e-17
516.1,2.4095681807653403e-14,3.195705072120873e-17
516.11,2.4093636565653952e-14,3.2033187451001217e-17
516.12,2.4091041016207558e-14,3.1859749656933924e-17
516.13,2.4089098998910355e-14,3.201660385900338e-17
516.14,2.408664466494717e-14,3.213290101196039e-17
516.15,2.4084583721483928e-14,3.2024748982715356e-17
516.16,2.408256541535262e-14,3.122079468209026e-17
516.17,2.4079746466842587e-14,3.2106494695742335e-17
516.18,2.4077257255995526e-14,3.177633768233734e-17
516.19,2.4075477335966826e-14,3.1775333000333955e-17
516.2,2.4072970940305706e-14,3.193346155069597e-17
516.21,2.4070642277744318e-14,3.230205260705258e-17
516.22,2.4068518156618387e-14,3.21359755195618e-17
516.23,2.4066551334217452e-14,3.175200939284679e-17
516.24,2.4064124170525035e-14,3.199826982290541e-17
516.25,2.406206748948193e-14,3.172677861450894e-17
516.26,2.4059426337124983e-14,3.204556664415236e-17
516.27,2.4057087741722056e-14,3.2031308689339633e-17
516.28,2.4054937538761318e-14,3.1938649003444977e-17
516.29,2.4052709437717226e-14,3.193312164386223e-17
516.3,2.405046035585236e-14,3.202218877782404e-17
516.31,2.4048110590749153e-14,3.20258717992934e-17
516.32,2.404607518713442e-14,3.205820146708211e-17
516.33,2.4043579105052743e-14,3.189509809439645e-17
516.34,2.4041465941149445e-14,3.188076331858556e-17
516.35,2.4038856907883792e-14,3.1948925919828464e-17
516.36,2.403699975540034e-14,3.1675659646631473e-17
516.37,2.4034799441203644e-14,3.195094293591889e-17
516.38,2.4032350722912477e-14,3.1941381824503706e-17
516.39,2.40299955228246e-14,3.181062138873015e-17
516.4,2.4027808731518177e-14,3.200813146664898e-17
516.41,2.402558467463486e-14,3.1867862172417957e-17
516.42,2.4023456946714084e-14,3.1847324127170827e-17
516.43,2.4021056287003722e-14,3.18012695105151e-17
516.44,2.4018994394333978e-14,3.164747359191039e-17
516.45,2.4016525102568716e-14,3.17370376761403e-17
516.46,2.401410297931662e-14,3.179358261561511e-17
516.47,2.4013996530278952e-14,3.0853932197785445e-17
516.48,2.4010329071170836e-14,3.1565514008711095e-17
516.49,2.400748762825965e-14,3.1783568419278004e-17
516.5,2.4005025017492107e-14,3.186851336954777e-17
516.51,2.400300950397775e-14,3.183954470168957e-17
516.52,2.4001310116579757e-14,3.1516921346604065e-17
516.53,2.3998391539555276e-14,3.165516079434451e-17
516.54,2.399598599636864e-14,3.182808319155953e-17
516.55,2.3993443085256492e-14,3.1824814260382486e-17
516.56,2.3991971840548245e-14,3.1712446900808514e-17
516.57,2.3989382912932085e-14,3.1799213348858474e-17
516.58,2.3987115728852663e-14,3.174416625734634e-17
516.59,2.398477790566793e-14,3.191323626403606e-17
516.6,2.3982732341602936e-14,3.157625259618898e-17
516.61,2.3980439319922157e-14,3.175825724982755e-17
516.62,2.3977928846218647e-14,3.168554078759111e-17
516.63,2.3975623972632807e-14,3.183826020855574e-17
516.64,2.3973884009748862e-14,3.1423663679918245e-17
516.65,2.3971615878205077e-14,3.186817237104029e-17
516.66,2.3968895443509713e-14,3.169219180601494e-17
516.67,2.3966988568384494e-14,3.1699385313520535e-17
516.68,2.396462811181408e-14,3.162797764613066e-17
516.69,2.3962426123462318e-14,3.1673425724983194e-17
516.7,2.39600733427401e-14,3.163732276619769e-17
516.71,2.395760370129534e-14,3.163444305974378e-17
516.72,2.3955246852123877e-14,3.163950695996594e-17
516.73,2.395319433080667e-14,3.1417854020923516e-17
516.74,2.395108720509399e-14,3.160497313515232e-17
516.75,2.3948842573693993e-14,3.1614942186539304e-17
516.76,2.3946463364026754e-14,3.167170352379837e-17
516.77,2.39441669456082e-14,3.1665570868199945e-17
516.78,2.394221348050684e-14,3.166539603195473e-17
516.79,2.3940046739044205e-14,3.1564607444378365e-17
516.8,2.3937147545278896e-14,3.172767233191946e-17
516.81,2.3936840906526282e-14,3.150749204812058e-17
516.82,2.3933058008746698e-14,3.1234564640176366e-17
516.83,2.3930824944347686e-14,3.157427682603991e-17
516.84,2.392770644222346e-14,3.059345708412434e-17
516.85,2.392619083073847e-14,3.159496214853811e-17
516.86,2.3924175232251748e-14,3.167008932755248e-17
516.87,2.392077454020797e-14,3.197932400897686e-17
516.88,2.3919580655850677e-14,3.1614749980671785e-17
516.89,2.3917071971247362e-14,3.1506944525109317e-17
516.9,2.3914957191910136e-14,3.163363900975995e-17
516.91,2.3915466953106318e-14,3.020425736483202e-17
516.92,2.3910550066385745e-14,3.152924295504304e-17
516.93,2.39080984004407e-14,3.1588778254410145e-17
516.94,2.390495698135257e-14,3.149888897515513e-17
516.95,2.3903812499338202e-14,3.1498277588686734e-17
516.96,2.390179987281995e-14,3.153165029664709e-17
516.97,2.389922229325492e-14,3.158471097010176e-17
516.98,2.3896180050852155e-14,3.1506916863362434e-17
516.99,2.3894958319366314e-14,3.142259249708269e-17
517.0,2.3887247707160654e-14,3.1039000572456794e-17
517.01,2.3890289313581794e-14,3.146511138015085e-17
517.02,2.3888135143974475e-14,3.144651049497249e-17
517.03,2.388584472369937e-14,3.138917948763724e-17
517.04,2.3883628718949267e-14,3.1431435733598457e-17
517.05,2.388114874479158e-14,3.1507823308584933e-17
517.06,2.387931253417384e-14,3.1478741319008523e-17
517.07,2.387681525132905e-14,3.148352780241667e-17
517.08,2.3874446074571912e-14,3.130885746356834e-17
517.09,2.3874312267530482e-14,3.463763921666622e-17
517.1,2.386982538574739e-14,3.14077758923093e-17
517.11,2.3867874004261526e-14,3.135336822497161e-17
517.12,2.386503923925229e-14,3.139847763048398e-17
517.13,2.3863878918519584e-14,3.1477851963356113e-17
517.14,2.3861125171163118e-14,3.11845386391419e-17
517.15,2.3858908894045337e-14,3.14641564980729e-17
517.16,2.3856341511784188e-14,3.1349779676412976e-17
517.17,2.3854593208344745e-14,3.136463489886946e-17
517.18,2.3853024087890205e-14,3.1201816551242037e-17
517.19,2.3851560805399488e-14,3.1515048497207085e-17
517.2,2.3847315048515433e-14,3.1191172621544237e-17
517.21,2.38462149836102e-14,3.1387911175820953e-17
517.22,2.3843638942531114e-14,3.1430326087570954e-17
517.23,2.384068874654103e-14,3.122216913748069e-17
517.24,2.383797233150073e-14,3.1196612895157037e-17
517.25,2.383747706692006e-14,3.1465181640311257e-17
517.26,2.383412294859547e-14,3.12408270736955e-17
517.27,2.3831764311450804e-14,3.116108676122393e-17
517.28,2.3829730387491808e-14,3.1215601200171535e-17
517.29,2.3823464985360282e-14,3.0684422351238175e-17
517.3,2.3825566032831426e-14,3.129589476890806e-17
517.31,2.3823177567193306e-14,3.134631136310036e-17
517.32,2.382082641427565e-14,3.117381606756348e-17
517.33,2.3818487226663266e-14,3.125223845326143e-17
517.34,2.381598434754288e-14,3.1144038014807415e-17
517.35,2.3813945910286422e-14,3.114720200325472e-17
517.36,2.3812078082442802e-14,3.1364387931324046e-17
517.37,2.3809485794351796e-14,3.11666395261733e-17
517.38,2.3807766475180492e-14,3.114903633953153e-17
517.39,2.3805226293958022e-14,3.10950649763963e-17
517.4,2.3802830480754645e-14,3.079942263235195e-17
517.41,2.3800704320150893e-14,3.110480568816976e-17
517.42,2.3798431336338286e-14,3.126750384409437e-17
517.43,2.379601679612556e-14,3.1124688670618635e-17
517.44,2.379391736846175e-14,3.098641664654243e-17
517.45,2.379208719379464e-14,3.11352821339793e-17
517.46,2.3789765212123013e-14,3.119272401362086e-17
517.47,2.3787335193809672e-14,3.1143255841479646e-17
517.48,2.3784988566562788e-14,3.1086859344225724e-17
517.49,2.3783563938286057e-14,3.1303808048585364e-17
517.5,2.3780455732200066e-14,3.0967070861936115e-17
517.51,2.3778207362627672e-14,3.1174106630408244e-17
517.52,2.377615199612506e-14,3.105191261442952e-17
517.53,2.3773775086794085e-14,3.082937126586949e-17
517.54,2.377156189666609e-14,3.102121887058091e-17
517.55,2.3770126609934604e-14,3.129337111107755e-17
517.56,2.3767538528354795e-14,3.10606086607477e-17
517.57,2.3764772485809405e-14,3.098459079184226e-17
517.58,2.376357521356668e-14,3.115029941684972e-17
517.59,2.3760618501877073e-14,3.0973288472948605e-17
517.6,2.3756397107856663e-14,3.062466847337232e-17
517.61,2.375577404384797e-14,3.094801499693323e-17
517.62,2.3753844743872788e-14,3.077254162934213e-17
517.63,2.375166893542633e-14,3.0928454763619184e-17
517.64,2.374935511751382e-14,3.0991238588036463e-17
517.65,2.3747231123650252e-14,3.091331502157419e-17
517.66,2.374458226485368e-14,3.082184311824957e-17
517.67,2.3743770036901207e-14,3.0540736389252595e-17
517.68,2.374066018775042e-14,3.082867917252624e-17
517.69,2.3738448152225833e-14,3.1113977921857994e-17
517.7,2.3735881718694023e-14,3.0775126503775956e-17
517.71,2.3732568216284852e-14,3.0412359838167655e-17
517.72,2.373191318221973e-14,3.109271247256377e-17
517.73,2.372975653010883e-14,3.104192950592877e-17
517.74,2.3727004493222593e-14,3.0815341050182255e-17
517.75,2.3724005162503835e-14,3.063382237056859e-17
517.76,2.3723511375150488e-14,3.0467607088615495e-17
517.77,2.3719589966097393e-14,3.06137841352225e-17
517.78,2.3718145576109115e-14,3.097258544071781e-17
517.79,2.371621902751367e-14,3.093024310590286e-17
517.8,2.371368124725974e-14,3.0793195931178316e-17
517.81,2.3711376175240205e-14,3.0928617507296015e-17
517.82,2.3709536405786707e-14,3.090445958348394e-17
517.83,2.3707084106300896e-14,3.073879568013933e-17
517.84,2.3704594044198e-14,3.0888988431091206e-17
517.85,2.370335356823e-14,3.044686747377124e-17
517.86,2.3700657469646987e-14,3.093270357304005e-17
517.87,2.3697980249201857e-14,3.094136853731447e-17
517.88,2.369575652205616e-14,3.0633660969983867e-17
517.89,2.36940719091448e-14,3.082027907735089e-17
517.9,2.3691360545274658e-14,3.094300152918128e-17
517.91,2.368927350061811e-14,3.070944534807915e-17
517.92,2.3687098876969146e-14,3.0716859286166966e-17
517.93,2.368474269754511e-14,3.049570520476907e-17
517.94,2.368298427298834e-14,3.0278528290438124e-17
517.95,2.368073597500908e-14,3.0770956511889555e-17
517.96,2.3678972719713415e-14,3.106752779827836e-17
517.97,2.367564515743117e-14,3.0524323503643126e-17
517.98,2.367486388137615e-14,3.104239826153126e-17
517.99,2.367147965554973e-14,3.0449965175514927e-17
518.0,2.3669088555816145e-14,3.0539135841907094e-17
518.01,2.366681492702387e-14,3.0563862668770226e-17
518.02,2.3666439200126198e-14,3.112530397288117e-17
518.03,2.3663126079771782e-14,3.0495804142091905e-17
518.04,2.366014220904424e-14,3.056482063059973e-17
518.05,2.3658228827665122e-14,3.066319132753271e-17
518.06,2.3655074504724697e-14,3.0189437581800056e-17
518.07,2.3653923729936318e-14,3.053399713246155e-17
518.08,2.3651750544575494e-14,3.0525791341521214e-17
518.09,2.3649811705253913e-14,3.0722152552312224e-17
518.1,2.3647326830319522e-14,3.06701987718556e-17
518.11,2.3644972307502867e-14,3.06050284346889e-17
518.12,2.3642796974503844e-14,3.025013473167231e-17
518.13,2.364243484018583e-14,3.167641151162184e-17
518.14,2.3638492012802017e-14,3.060072521555611e-17
518.15,2.3636069987124532e-14,3.0513860260678436e-17
518.16,2.3634263093362955e-14,3.066594706893486e-17
518.17,2.363136329249342e-14,3.040601645817087e-17
518.18,2.3628684867249925e-14,3.017087528326832e-17
518.19,2.3627581235917556e-14,3.061803735425621e-17
518.2,2.362550487174545e-14,3.0596131680652475e-17
518.21,2.3623616833746747e-14,3.060541011998777e-17
518.22,2.3620734111147894e-14,3.076657765028835e-17
518.23,2.3618869551999994e-14,3.0597726946270473e-17
518.24,2.3616279130669475e-14,3.036490838504891e-17
518.25,2.361424220839479e-14,3.055136718894803e-17
518.26,2.3611834518215976e-14,3.0491779064505726e-17
518.27,2.3610091244439787e-14,3.068829785536893e-17
518.28,2.3607447420733904e-14,3.0340845605265756e-17
518.29,2.3605541618311615e-14,3.0500356281927783e-17
518.3,2.360192350299734e-14,2.975008318131511e-17
518.31,2.360054521488178e-14,3.0534697418903643e-17
518.32,2.3598600637452618e-14,3.0501533274473374e-17
518.33,2.3596617873571057e-14,3.107733834669455e-17
518.34,2.35940960986135e-14,3.0492342847758644e-17
518.35,2.3591620990345954e-14,3.048625488114097e-17
518.36,2.3590047552856153e-14,3.0477827113357627e-17
518.37,2.3587612142502432e-14,3.031671034386207e-17
518.38,2.358561578664901e-14,3.0455584808237596e-17
518.39,2.3583831214755195e-14,3.044961986198504e-17
518.4,2.3581222748879172e-14,3.0504702374819823e-17
518.41,2.3578911946234872e-14,3.046174910950585e-17
518.42,2.3576514055408573e-14,3.032470278540411e-17
518.43,2.357430977351508e-14,3.0478838395627914e-17
518.44,2.3576175154160088e-14,3.269765134658507e-17
518.45,2.3570162128206823e-14,3.044053631407614e-17
518.46,2.3568264222822725e-14,3.047228598599463e-17
518.47,2.3565904568896445e-14,3.0564009910113783e-17
518.48,2.3562422601589774e-14,2.9580171543372186e-17
518.49,2.3562049278869016e-14,3.0977908325717116e-17
518.5,2.3558999264390913e-14,3.0368615410735176e-17
518.51,2.3556509565039385e-14,3.0090046387993586e-17
518.52,2.3553886327346465e-14,2.999512552760831e-17
518.53,2.35528584802173e-14,3.0559127492283727e-17
518.54,2.3548606589941723e-14,2.92321695608765e-17
518.55,2.3548060044038132e-14,2.9016137117949604e-17
518.56,2.3546120396837734e-14,3.05183853876697e-17
518.57,2.3543898827258513e-14,3.043884134121387e-17
518.58,2.3541480950425338e-14,3.0450780540049235e-17
518.59,2.3539310971785542e-14,3.045705518577359e-17
518.6,2.3536708767230496e-14,2.9988932821923267e-17
518.61,2.3535157890370824e-14,3.0774196948140516e-17
518.62,2.353262654304776e-14,3.0213160760111375e-17
518.63,2.3530476433298975e-14,3.038811340623776e-17
518.64,2.3529594000816205e-14,2.8783787232945647e-17
518.65,2.3526424269574552e-14,3.0445675763624416e-17
518.66,2.3523887405301468e-14,3.0198128252195255e-17
518.67,2.3521652916637925e-14,3.0561187750456866e-17
518.68,2.351959854059645e-14,3.0280076982638943e-17
518.69,2.3516710514488402e-14,2.985286199975994e-17
518.7,2.3515077101045023e-14,3.027724581918321e-17
518.71,2.351286655167177e-14,3.0044481072385703e-17
518.72,2.3510684911056263e-14,3.0375935774126504e-17
518.73,2.3514254520150073e-14,3.413179669705581e-17
518.74,2.3506299919739925e-14,3.0215756116179794e-17
518.75,2.350503457444944e-14,3.070428833205908e-17
518.76,2.350192785330314e-14,3.048099943622992e-17
518.77,2.3500024992397185e-14,3.03462022491459e-17
518.78,2.3497573599030136e-14,3.0234081544942556e-17
518.79,2.3496559329723255e-14,3.107661698912912e-17
518.8,2.3493641393356573e-14,3.026968403939545e-17
518.81,2.3490494373683088e-14,3.0062016275949274e-17
518.82,2.348367102087697e-14,2.8861802085239534e-17
518.83,2.3486931097324723e-14,3.021490205908652e-17
518.84,2.3484532371444206e-14,3.00992621260111e-17
518.85,2.3482031186443026e-14,3.034740149595234e-17
518.86,2.3481599095838904e-14,3.075015232919547e-17
518.87,2.347774625813232e-14,3.013568696138892e-17
518.88,2.347546383554688e-14,3.020807141183512e-17
518.89,2.3472813915503816e-14,3.0476705861899225e-17
518.9,2.3470984112291888e-14,3.0194268255268816e-17
518.91,2.346854926780853e-14,2.999550603322549e-17
518.92,2.3467095751828978e-14,3.0281978844214395e-17
518.93,2.3464882327071567e-14,3.0141530971359836e-17
518.94,2.3462374173970456e-14,3.0085852299603705e-17
518.95,2.3459586448473e-14,3.0240942050815355e-17
518.96,2.3458172808202714e-14,3.026245991855259e-17
518.97,2.3455963824769112e-14,3.017797540647607e-17
518.98,2.345349989245026e-14,3.013920289095036e-17
518.99,2.3451500324668976e-14,3.009928055041227e-17
519.0,2.3449162907921766e-14,3.0148991640351004e-17
519.01,2.3446983706402472e-14,3.017488746341164e-17
519.02,2.3445251275415794e-14,3.014688752193313e-17
519.03,2.3442971476291502e-14,3.02731409302705e-17
519.04,2.3440513675756072e-14,3.016570482704584e-17
519.05,2.343854202450833e-14,3.002327418115705e-17
519.06,2.3436018487063643e-14,2.996351796466267e-17
519.07,2.3433911961202694e-14,3.008498493616304e-17
519.08,2.3431849986434286e-14,3.0100326917573937e-17
519.09,2.3429029071765298e-14,2.960995804966348e-17
519.1,2.3427889052348803e-14,3.046379024428276e-17
519.11,2.3425435741289294e-14,3.012662811820596e-17
519.12,2.3423497640413623e-14,3.024796026992421e-17
519.13,2.3420734313504516e-14,3.0077394997320974e-17
519.14,2.3418778757911893e-14,3.024122317887249e-17
519.15,2.3416526813934158e-14,3.0296736486362125e-17
519.16,2.341450529156988e-14,3.0156956497293e-17
519.17,2.3412197240881555e-14,3.069653607180718e-17
519.18,2.3410215241235726e-14,3.004353805439776e-17
519.19,2.340802987284258e-14,3.02940514952858e-17
519.2,2.3405839513878884e-14,2.98914902548904e-17
519.21,2.3403056336784583e-14,2.942316278684107e-17
519.22,2.3401438005210126e-14,3.015018601755991e-17
519.23,2.3399376407834375e-14,3.01997016229566e-17
519.24,2.3397171323539623e-14,3.016666856577096e-17
519.25,2.339400784403757e-14,2.939853440348206e-17
519.26,2.3390738626866086e-14,2.786912520857502e-17
519.27,2.339080793653918e-14,3.0216887969139994e-17
519.28,2.338830611260468e-14,3.0023869373175826e-17
519.29,2.338585312811166e-14,2.971845039543668e-17
519.3,2.3383771545995702e-14,3.010087148662512e-17
519.31,2.3382404384250203e-14,3.093986181361539e-17
519.32,2.3379486185931816e-14,2.996209540229848e-17
519.33,2.3377473023229572e-14,3.0193885002052746e-17
519.34,2.3374847461521514e-14,3.0087363129199347e-17
519.35,2.3373946803257208e-14,3.013223655894419e-17
519.36,2.337130504559422e-14,3.011682693180793e-17
519.37,2.336893355474569e-14,2.976056025321141e-17
519.38,2.336647854787468e-14,3.00866955789818e-17
519.39,2.3364223102504877e-14,3.008738871864541e-17
519.4,2.3362125713819638e-14,3.009430490656044e-17
519.41,2.3359976807291595e-14,3.015830036995476e-17
519.42,2.3357978448035958e-14,3.029115914445302e-17
519.43,2.33559006977576e-14,3.059658813278346e-17
519.44,2.335364805325917e-14,3.0019163199882703e-17
519.45,2.335161148986753e-14,2.990450972889468e-17
519.46,2.334936274739197e-14,3.013369378057569e-17
519.47,2.334700133907978e-14,3.012378073327946e-17
519.48,2.3344746515829272e-14,3.001172319735604e-17
519.49,2.3342794049008934e-14,3.022967934767546e-17
519.5,2.3339870584450734e-14,2.957449273797646e-17
519.51,2.3338266109126778e-14,3.0199892689591857e-17
519.52,2.333628316331471e-14,3.0403017345536083e-17
519.53,2.333403842325224e-14,3.021028438426786e-17
519.54,2.3331942778485577e-14,2.990895805351624e-17
519.55,2.3329744611745008e-14,3.028939949940838e-17
519.56,2.3328080193016876e-14,3.069155157552098e-17
519.57,2.33246233231342e-14,2.903916812718607e-17
519.58,2.3322987365374264e-14,3.0052445935613975e-17
519.59,2.3320798924689428e-14,2.9950254956607765e-17
519.6,2.331886486020373e-14,3.0020637604193674e-17
519.61,2.3316249620484217e-14,3.00360377938764e-17
519.62,2.3314535109507975e-14,3.0104607935171674e-17
519.63,2.3312403921712737e-14,3.004619059351454e-17
519.64,2.3310168412946124e-14,3.014076813753158e-17
519.65,2.3307929209291318e-14,2.99928336566106e-17
519.66,2.3305749734366484e-14,3.014515013121516e-17
519.67,2.33033757931378e-14,3.0144701842430126e-17
519.68,2.3301240175818554e-14,2.991808436690236e-17
519.69,2.329955778920824e-14,3.058681072923306e-17
519.7,2.3297106606231294e-14,3.032729312557906e-17
519.71,2.3294934820024154e-14,2.9925886370075305e-17
519.72,2.329282476697494e-14,2.976336569669022e-17
519.73,2.3290637261129977e-14,2.995330338607874e-17
519.74,2.3288558678446264e-14,2.994735423159173e-17
519.75,2.328603001176898e-14,2.9924496021088144e-17
519.76,2.3283929382912742e-14,3.010597258649656e-17
519.77,2.3281643330403684e-14,2.979243281601735e-17
519.78,2.327981810494783e-14,3.00803121589895e-17
519.79,2.327752543343027e-14,3.006973023411578e-17
519.8,2.3275301695500094e-14,3.0080491974825736e-17
519.81,2.3273357584293792e-14,3.0130909448143046e-17
519.82,2.3271040457200058e-14,3.0089460120026713e-17
519.83,2.3269151869444476e-14,3.0107502193315055e-17
519.84,2.3266485084351966e-14,3.004376976280014e-17
519.85,2.3264591472087056e-14,3.006750509420588e-17
519.86,2.3262041008074577e-14,2.9965711560931404e-17
519.87,2.3260274551475308e-14,3.028148241063918e-17
519.88,2.325809929672177e-14,2.997838329042489e-17
519.89,2.325588745148616e-14,3.0049578787308257e-17
519.9,2.3253875601528277e-14,3.0326456177079295e-17
519.91,2.3251749224909087e-14,2.9921044620934775e-17
519.92,2.3249522446084553e-14,3.017621164401551e-17
519.93,2.3247163311414734e-14,3.010490568007708e-17
519.94,2.3245043984051143e-14,2.995516724648751e-17
519.95,2.3242727437285598e-14,3.0217703070539103e-17
519.96,2.324078322783307e-14,2.995745225016653e-17
519.97,2.3238715915566458e-14,2.9858181217520095e-17
519.98,2.3236308558615653e-14,2.963563304498711e-17
519.99,2.323444942472877e-14,3.029950794643122e-17
520.0,2.3232264727786706e-14,3.020908453473534e-17
520.01,2.3230021886538002e-14,3.0102917111222565e-17
520.02,2.3227645463294056e-14,2.9606449284027914e-17
520.03,2.3225720794177146e-14,2.9932318016381984e-17
520.04,2.3223198476417842e-14,3.0104586812079547e-17
520.05,2.3221233573717818e-14,3.0101088391063955e-17
520.06,2.3219317385651284e-14,2.9821057837461054e-17
520.07,2.3216827157340467e-14,3.010606660807858e-17
520.08,2.321504920627252e-14,3.031818640199179e-17
520.09,2.321272895638481e-14,2.9902686569692957e-17
520.1,2.3210273222539862e-14,3.06334963220573e-17
520.11,2.3208355406027067e-14,2.997840875009708e-17
520.12,2.3206487840669425e-14,3.0415919300165627e-17
520.13,2.3203776214333325e-14,2.9725036564905266e-17
520.14,2.320192914932397e-14,3.005702198688651e-17
520.15,2.31999305593122e-14,2.973041920960446e-17
520.16,2.3197642468856273e-14,2.994827715398197e-17
520.17,2.3195403166667713e-14,3.027568552908844e-17
520.18,2.3193439803980907e-14,3.0171964532417357e-17
520.19,2.319107788414186e-14,3.01407747389175e-17
520.2,2.3188965420655298e-14,2.999297919275905e-17
520.21,2.3186725129263865e-14,3.00167262410044e-17
520.22,2.3184498732996155e-14,2.984231338075981e-17
520.23,2.3182389203098962e-14,2.9902695097182503e-17
520.24,2.3180279366327408e-14,3.012003929757203e-17
520.25,2.3178317313842226e-14,2.998645301215988e-17
520.26,2.3176067638799934e-14,3.0203080226977866e-17
520.27,2.3174252251828176e-14,2.973053655994075e-17
520.28,2.31717690158018e-14,3.015342589814962e-17
520.29,2.316935503367988e-14,3.0142322667351525e-17
520.3,2.3167329937685818e-14,3.0035698146129635e-17
520.31,2.31650532767649e-14,2.997654394648272e-17
520.32,2.316225727060106e-14,2.9994637052795133e-17
520.33,2.3161182927231094e-14,3.0116873499399603e-17
520.34,2.315876568828485e-14,2.9994551984721685e-17
520.35,2.3156563916361416e-14,3.025159503825553e-17
520.36,2.315437819067228e-14,3.0063871903961717e-17
520.37,2.315240149354873e-14,3.0086137867388595e-17
520.38,2.315006886337208e-14,2.994904632629134e-17
520.39,2.314810918925177e-14,3.0068330879585443e-17
520.4,2.3145478537502344e-14,3.0056980105010394e-17
520.41,2.3144328158853438e-14,2.972487687198409e-17
520.42,2.3141502476289016e-14,3.0131621159919e-17
520.43,2.3139450484315947e-14,3.0184624498170946e-17
520.44,2.3137165698891305e-14,3.025374848947214e-17
520.45,2.3135118201116587e-14,3.0145375927023805e-17
520.46,2.3132416739571527e-14,3.030299686643929e-17
520.47,2.3130606406911437e-14,3.00223147312231e-17
520.48,2.3128754130767098e-14,3.0037043165363146e-17
520.49,2.312635972923025e-14,3.012796662208675e-17
520.5,2.312440780521505e-14,3.0151898115537735e-17
520.51,2.3123136883325327e-14,2.9898004480626964e-17
520.52,2.3120151351232125e-14,3.00823505347469e-17
520.53,2.3117560988573385e-14,3.033356864828911e-17
520.54,2.3115930773754122e-14,3.010398291237545e-17
520.55,2.3113479778186677e-14,3.014203481781086e-17
520.56,2.3111480252288623e-14,3.0013187313459016e-17
520.57,2.3109470971229166e-14,2.9948606402441154e-17
520.58,2.3106592457226548e-14,3.0221269509980887e-17
520.59,2.3105148767866674e-14,2.9967131092122865e-17
520.6,2.3102992493346925e-14,3.014899427476391e-17
520.61,2.3100683794217956e-14,3.006726713006434e-17
520.62,2.30984901761301e-14,3.028229119409456e-17
520.63,2.309672791278545e-14,3.000397045664788e-17
520.64,2.3094198767462398e-14,3.032884841422893e-17
520.65,2.3092159262490373e-14,2.9946736173666756e-17
520.66,2.309031707091876e-14,3.018973338503425e-17
520.67,2.308745026442664e-14,3.0451005516304444e-17
520.68,2.3085748820009603e-14,3.009114413616288e-17
520.69,2.30834915742605e-14,3.0261055342491665e-17
520.7,2.308136214821565e-14,3.01443416365338e-17
520.71,2.3079203241218335e-14,3.024011314832859e-17
520.72,2.3077244430890122e-14,3.0075068379311315e-17
520.73,2.3074810129575602e-14,3.0176911673740326e-17
520.74,2.3072942109991034e-14,3.012326184125443e-17
520.75,2.3069714991199405e-14,3.01075916610947e-17
520.76,2.3068432122545438e-14,3.054648961422096e-17
520.77,2.3066173382665893e-14,3.016113590260683e-17
520.78,2.306415508151522e-14,2.999298847779493e-17
520.79,2.3062781957303304e-14,3.0144531139267175e-17
520.8,2.3059857468439264e-14,3.0162474071010796e-17
520.81,2.305783075871197e-14,2.9985832628442246e-17
520.82,2.3055579894773398e-14,3.0078986971066554e-17
520.83,2.3053564225283108e-14,3.007568512419326e-17
520.84,2.3051535035693026e-14,2.997590540890443e-17
520.85,2.3045392700333253e-14,3.195050089655382e-17
520.86,2.3047033771419977e-14,3.014248882665167e-17
520.87,2.3045074319577793e-14,3.003848892986734e-17
520.88,2.3042800303461654e-14,3.005168492957979e-17
520.89,2.3040560944929105e-14,3.0280819142367e-17
520.9,2.3038682357672812e-14,3.012665402522446e-17
520.91,2.3036746885027036e-14,3.019845371522661e-17
520.92,2.3034156202622145e-14,2.9861841521255204e-17
520.93,2.3032309154561986e-14,3.019908168220791e-17
520.94,2.303349259946037e-14,3.066206705661841e-17
520.95,2.3027882804132508e-14,3.0190262280311093e-17
520.96,2.30258218662173e-14,3.017755472332216e-17
520.97,2.3023555704997364e-14,3.014361374929871e-17
520.98,2.3021297568706588e-14,3.012210329502971e-17
520.99,2.301949518037388e-14,3.0234164306378403e-17
521.0,2.301707094505e-14,3.020813615681988e-17
521.01,2.301505392288733e-14,2.991730026381769e-17
521.02,2.3012599460936662e-14,3.003589532237268e-17
521.03,2.3009772159719533e-14,2.9840555922748856e-17
521.04,2.3007265919327415e-14,2.9768883255729054e-17
521.05,2.300649521629247e-14,3.016713047195914e-17
521.06,2.3003781689133937e-14,3.004034857116065e-17
521.07,2.3001650500539883e-14,2.996446297819955e-17
521.08,2.2999994687984422e-14,3.025351962131725e-17
521.09,2.299784216553566e-14,3.016949418591088e-17
521.1,2.299601148454308e-14,3.0000143855906856e-17
521.11,2.2993514426839787e-14,2.993985453077985e-17
521.12,2.2990433605938926e-14,2.996450717036656e-17
521.13,2.298924607423665e-14,3.009036510719384e-17
521.14,2.2987039590254004e-14,3.0072144329490494e-17
521.15,2.2984819714496055e-14,3.018783106571215e-17
521.16,2.2982772906691613e-14,3.01742913121589e-17
521.17,2.298061220114189e-14,3.0156154955930614e-17
521.18,2.2978675604370506e-14,3.011904223783358e-17
521.19,2.297583921088704e-14,2.9704795411900166e-17
521.2,2.297448548798547e-14,3.0188086718463665e-17
521.21,2.2972090927166383e-14,3.0092801067310304e-17
521.22,2.297019789452548e-14,3.015044664674283e-17
521.23,2.2970631623093687e-14,3.1068620447088164e-17
521.24,2.2965427676976516e-14,3.009770839010578e-17
521.25,2.2963614353254545e-14,3.016026443593552e-17
521.26,2.296222108878139e-14,3.030952550454683e-17
521.27,2.295956782632097e-14,3.035405221957917e-17
521.28,2.2956576630730094e-14,2.973876241521194e-17
521.29,2.2955292850604133e-14,3.0076622655705234e-17
521.3,2.295263821321419e-14,3.0028783849332276e-17
521.31,2.2950765326081418e-14,3.0080738974329155e-17
521.32,2.2949261819422462e-14,3.009279462018513e-17
521.33,2.2946465156737084e-14,3.011849873067036e-17
521.34,2.2944766459711736e-14,3.0549255878431195e-17
521.35,2.2942594357895917e-14,3.0073437142238703e-17
521.36,2.2940078916637783e-14,3.02364084062412e-17
521.37,2.2938431894076503e-14,2.999469126605252e-17
521.38,2.2935815484738316e-14,3.005441246295386e-17
521.39,2.2933419266541067e-14,3.0140399920246153e-17
521.4,2.293110846691501e-14,2.977850160647293e-17
521.41,2.292924248384954e-14,3.001377771951085e-17
521.42,2.292755674399782e-14,3.02493251862274e-17
521.43,2.292510294951512e-14,3.0092787043865997e-17
521.44,2.2923361681513208e-14,3.022050439107269e-17
521.45,2.2920673549256157e-14,3.0263772112697876e-17
521.46,2.2918995932485317e-14,2.9987489864194585e-17
521.47,2.291702610438661e-14,3.015094239392847e-17
521.48,2.2914045548335566e-14,3.009684128055191e-17
521.49,2.2911910356934133e-14,2.9950946488694655e-17
521.5,2.2910132406417445e-14,2.995885801680317e-17
521.51,2.2908638641590176e-14,3.033821761019623e-17
521.52,2.2905141825341766e-14,2.967588921174703e-17
521.53,2.2903911466896675e-14,3.020433505175729e-17
521.54,2.2901591278316466e-14,3.015175239899603e-17
521.55,2.2900385495214248e-14,3.010125894727272e-17
521.56,2.2898572446021082e-14,3.043967324709524e-17
521.57,2.289526480871672e-14,3.033822323895282e-17
521.58,2.2893123095645018e-14,3.0109048770363023e-17
521.59,2.2891256503400522e-14,3.0018996946255415e-17
521.6,2.2889334659413154e-14,3.034850657609859e-17
521.61,2.2886599881618384e-14,3.0051894631091466e-17
521.62,2.2884754835250996e-14,3.0205875954399075e-17
521.63,2.2881597518093202e-14,3.025013035836192e-17
521.64,2.288108338910757e-14,2.991030953290826e-17
521.65,2.2878551249413154e-14,2.996535079697122e-17
521.66,2.2875988733688875e-14,3.034559475625572e-17
521.67,2.2874002666380673e-14,3.0085602310726387e-17
521.68,2.2871734668318155e-14,3.004954635980269e-17
521.69,2.2870510473469675e-14,3.054344361230801e-17
521.7,2.2867506339694186e-14,3.000942925066753e-17
521.71,2.2866250669834544e-14,3.0324981181462867e-17
521.72,2.2863573809235226e-14,3.0165350408511285e-17
521.73,2.2862044163984512e-14,2.996734622824046e-17
521.74,2.2858975016396987e-14,3.014349041580435e-17
521.75,2.2857219005233785e-14,3.028339901357866e-17
521.76,2.285511818437475e-14,3.015213893391457e-17
521.77,2.285267041434227e-14,3.007275011586907e-17
521.78,2.2850902475276453e-14,3.0288569304021026e-17
521.79,2.2848638805385724e-14,3.0143051657680974e-17
521.8,2.2846551643366708e-14,3.0180349591069634e-17
521.81,2.284383365153739e-14,2.981807531847125e-17
521.82,2.284325577909204e-14,3.028717654939555e-17
521.83,2.284005835202889e-14,3.010017337036553e-17
521.84,2.2838279024703802e-14,3.007052936355357e-17
521.85,2.283608232924798e-14,3.024032442361589e-17
521.86,2.283378828196297e-14,3.0189312405931404e-17
521.87,2.283187965742789e-14,3.023174285003085e-17
521.88,2.282970029138771e-14,2.9963140395068277e-17
521.89,2.2828460182612737e-14,3.015590518608578e-17
521.9,2.282550418910803e-14,3.015817468381116e-17
521.91,2.2823800282413455e-14,3.0700068405306116e-17
521.92,2.282131051927947e-14,3.014971247891968e-17
521.93,2.2819131368387853e-14,3.027150748302674e-17
521.94,2.2817056410826454e-14,3.03691145470825e-17
521.95,2.281482632659356e-14,3.0299645363632623e-17
521.96,2.28117008380801e-14,2.95205476868806e-17
521.97,2.281054772262035e-14,2.985287426956198e-17
521.98,2.2808674367828026e-14,3.0414992412612545e-17
521.99,2.2806102678017126e-14,3.023660044323484e-17
522.0,2.2804850762879426e-14,3.1264340868133405e-17
522.01,2.2801851851625647e-14,2.98769055329884e-17
522.02,2.279968834797815e-14,3.001792558375069e-17
522.03,2.2798135106816906e-14,3.056321716033061e-17
522.04,2.2795624926067167e-14,3.0118780789656725e-17
522.05,2.2793571379738152e-14,2.9992026619754224e-17
522.06,2.2791040505343733e-14,2.9586032391034054e-17
522.07,2.2788102465139187e-14,2.906326358635393e-17
522.08,2.27871854379774e-14,3.013361238928601e-17
522.09,2.27848483174573e-14,3.06168918708266e-17
522.1,2.2782846441790374e-14,3.006724907401954e-17
522.11,2.278117985712846e-14,3.040965607951183e-17
522.12,2.2779396678120883e-14,3.06185063964605e-17
522.13,2.277678740901788e-14,3.03528301909579e-17
522.14,2.2774453372213735e-14,3.015783138811195e-17
522.15,2.2772330329846802e-14,2.9774942760563504e-17
522.16,2.277012724053932e-14,3.012388565882889e-17
522.17,2.2768262882312083e-14,3.010751516244128e-17
522.18,2.276546883260101e-14,2.982156004338997e-17
522.19,2.276386855469158e-14,3.0105401715148104e-17
522.2,2.2761933585626504e-14,3.038145895152159e-17
522.21,2.2759294058807062e-14,2.998223032602536e-17
522.22,2.2757804998987497e-14,3.034234972901129e-17
522.23,2.275539100287906e-14,3.006569622197862e-17
522.24,2.275413525420328e-14,3.0510976816519774e-17
522.25,2.275127505510465e-14,3.020915578503452e-17
522.26,2.2748707862387876e-14,2.968329896458632e-17
522.27,2.274646170970768e-14,3.0109682760161926e-17
522.28,2.2744683786664987e-14,2.9981806319929663e-17
522.29,2.2740290052094204e-14,2.7994932809398543e-17
522.3,2.2740625593605077e-14,3.0077533784767276e-17
522.31,2.2738136295447753e-14,3.0120826932757236e-17
522.32,2.2736423395605394e-14,3.00187068451068e-17
522.33,2.273417621290348e-14,2.968556523254511e-17
522.34,2.273203401517038e-14,3.001168342796686e-17
522.35,2.272993619391e-14,3.016870882655721e-17
522.36,2.2727708919323896e-14,3.0172287914459e-17
522.37,2.2725886657489305e-14,3.015858774210003e-17
522.38,2.2723844241994268e-14,3.067374562278212e-17
522.39,2.272122260473951e-14,2.9888028875017623e-17
522.4,2.271923293428738e-14,3.037126559460263e-17
522.41,2.2717947809828693e-14,3.025179553141737e-17
522.42,2.2715473066101944e-14,2.968087065174828e-17
522.43,2.2713088590463395e-14,2.9909038660830876e-17
522.44,2.2710971630632754e-14,3.007638216411632e-17
522.45,2.2708273563053346e-14,2.9822787335274836e-17
522.46,2.2707131597474665e-14,3.029250331648662e-17
522.47,2.2704821530888802e-14,3.0018449065748894e-17
522.48,2.2703578074536943e-14,3.120838142393939e-17
522.49,2.269983934682459e-14,3.109670616814192e-17
522.5,2.2698375304916275e-14,2.979386114346159e-17
522.51,2.269659388318501e-14,2.9959004211102306e-17
522.52,2.2693790498535207e-14,2.966677960660712e-17
522.53,2.269192952819144e-14,3.0147311815848384e-17
522.54,2.269000938973293e-14,3.029990445925897e-17
522.55,2.2687995880970312e-14,3.008244570740967e-17
522.56,2.2685978816969364e-14,3.0172171153848366e-17
522.57,2.2683359234171178e-14,2.999424965807121e-17
522.58,2.26802087538099e-14,3.069295514442738e-17
522.59,2.267917435170339e-14,2.982344955979383e-17
522.6,2.267774326681506e-14,2.9972966353432433e-17
522.61,2.267517582296612e-14,2.984801241014478e-17
522.62,2.2672764387866947e-14,2.9802706565036297e-17
522.63,2.267073454788459e-14,2.9847048949957907e-17
522.64,2.2668809250523025e-14,3.009324302748797e-17
522.65,2.266699560132793e-14,2.99274057617844e-17
522.66,2.266434151725474e-14,2.996841204808763e-17
522.67,2.267003551031324e-14,3.2420835077115464e-17
522.68,2.266031278074896e-14,2.9890223934081124e-17
522.69,2.265817480737946e-14,2.943321434258459e-17
522.7,2.2655993380410586e-14,2.9766700730063574e-17
522.71,2.2654039480818057e-14,2.9788405398650714e-17
522.72,2.2651861192193514e-14,2.983945966021558e-17
522.73,2.264905445410844e-14,2.9194916728927676e-17
522.74,2.2647567096013728e-14,2.980633871567424e-17
522.75,2.2645861904431367e-14,3.019420948972303e-17
522.76,2.264417859730078e-14,3.0403392896180785e-17
522.77,2.2642788457143265e-14,3.115105553729091e-17
522.78,2.2639343397509156e-14,2.965431860509946e-17
522.79,2.2637346160299887e-14,2.9958315320175375e-17
522.8,2.2635800805494275e-14,2.997739964113597e-17
522.81,2.2632758896142214e-14,2.96720635697792e-17
522.82,2.263102989893386e-14,2.9959453637539796e-17
522.83,2.2629556067501204e-14,3.0035337677032274e-17
522.84,2.2626892205937578e-14,3.0012354329858786e-17
522.85,2.2624710304734358e-14,3.0277473766249685e-17
522.86,2.2622370208591322e-14,2.970164012027706e-17
522.87,2.2620759500680387e-14,2.9906966026943366e-17
522.88,2.2618500614245646e-14,3.003019567370665e-17
522.89,2.261609406143421e-14,2.9660685864476154e-17
522.9,2.2613743783826975e-14,2.9621244248818825e-17
522.91,2.261175820858154e-14,2.977950332553113e-17
522.92,2.261008938305647e-14,2.9942428895076894e-17
522.93,2.260747179031189e-14,2.991351627672866e-17
522.94,2.2605673370260026e-14,3.002152051604507e-17
522.95,2.2603517948600276e-14,2.980287737187353e-17
522.96,2.2601776961262457e-14,2.980499719493764e-17
522.97,2.259951910061645e-14,2.975678972462412e-17
522.98,2.259727841369354e-14,2.977798879937134e-17
522.99,2.2594680265499517e-14,2.968620038428588e-17
523.0,2.2593180926463342e-14,3.004549012641589e-17
523.01,2.2590633033448382e-14,2.890506234527846e-17
523.02,2.2588882087900503e-14,2.992746749537681e-17
523.03,2.2586474329410276e-14,2.963685233848331e-17
523.04,2.2584577616451684e-14,2.9700245680928025e-17
523.05,2.2583026262630044e-14,3.0164931902583156e-17
523.06,2.2580837721425062e-14,3.0350520791765603e-17
523.07,2.2578719221753108e-14,2.9963718057345576e-17
523.08,2.2576152043353582e-14,2.956455642452548e-17
523.09,2.2574144111969778e-14,2.969149035210787e-17
523.1,2.2572154978223194e-14,2.978361654251672e-17
523.11,2.2569912462231977e-14,2.939909871889672e-17
523.12,2.2567776796249766e-14,2.984961157069041e-17
523.13,2.2565841608190537e-14,2.979482531327425e-17
523.14,2.2564114920255652e-14,2.996000500206174e-17
523.15,2.25617752509478e-14,2.974742439136313e-17
523.16,2.2559464260896142e-14,2.976643439329869e-17
523.17,2.2557248715063378e-14,2.963630275663244e-17
523.18,2.2555465782700807e-14,2.97207236638451e-17
523.19,2.255372192158624e-14,3.039324505339114e-17
523.2,2.2551936859643306e-14,3.149191290477671e-17
523.21,2.2548935321618113e-14,2.957945696919865e-17
523.22,2.254717266977677e-14,2.987169824030576e-17
523.23,2.254527484341117e-14,3.0172280199249244e-17
523.24,2.254276323949677e-14,2.954665170495038e-17
523.25,2.2540342251078516e-14,2.904400405394595e-17
523.26,2.253856853794262e-14,2.9639013330111556e-17
523.27,2.253648790591777e-14,2.954404109520241e-17
523.28,2.2534214674592555e-14,2.959615494582295e-17
523.29,2.253219867332453e-14,2.975922731739661e-17
523.3,2.253015682430415e-14,2.979654526107385e-17
523.31,2.2528154371963897e-14,2.9662880818845086e-17
523.32,2.2526445640461255e-14,2.9886157234133665e-17
523.33,2.2524051150034665e-14,2.963551448116802e-17
523.34,2.2521950530808023e-14,2.969227737475909e-17
523.35,2.2519361014531878e-14,2.933955854647627e-17
523.36,2.2517846008736143e-14,2.9554947846284093e-17
523.37,2.2515593799108817e-14,2.9317580177024725e-17
523.38,2.2513063262127455e-14,2.937531524925037e-17
523.39,2.251077038078897e-14,2.9110172557006324e-17
523.4,2.2509506457709934e-14,2.9733111472000045e-17
523.41,2.2507239270795734e-14,2.96948918744649e-17
523.42,2.2505444625310943e-14,3.02318608795818e-17
523.43,2.2503040858592202e-14,2.964463198474142e-17
523.44,2.250100688023409e-14,2.9923478490615654e-17
523.45,2.2498963555879097e-14,2.9460261582798375e-17
523.46,2.2496688298877005e-14,2.936006465477821e-17
523.47,2.2494442209310334e-14,2.9536549604406385e-17
523.48,2.2492580350324384e-14,2.9582357687006854e-17
523.49,2.249039970694154e-14,2.933205301936716e-17
523.5,2.248814371388588e-14,2.918342357158092e-17
523.51,2.248651581198244e-14,2.943959411837646e-17
523.52,2.2484252722486544e-14,2.9661489124988545e-17
523.53,2.2481936746653497e-14,2.940395354778228e-17
523.54,2.2479803749356736e-14,2.9097959498997574e-17
523.55,2.2477917393655875e-14,2.945236909001231e-17
523.56,2.2475836965495408e-14,2.956397864122902e-17
523.57,2.2474017891893132e-14,2.956781500400637e-17
523.58,2.247151614124513e-14,2.948051641669479e-17
523.59,2.246961428706913e-14,2.9829530048533565e-17
523.6,2.2467584244810298e-14,2.922473407058376e-17
523.61,2.246559750460874e-14,2.9440826497673595e-17
523.62,2.246315931077363e-14,2.9517125548349316e-17
523.63,2.246144577687005e-14,2.954886768489179e-17
523.64,2.2458979983493225e-14,2.9269629435930906e-17
523.65,2.2457271594888237e-14,2.955856759510808e-17
523.66,2.2455248589459663e-14,2.9492098756897927e-17
523.67,2.2452976037943215e-14,2.945403310948566e-17
523.68,2.245073001037294e-14,2.9551994554819055e-17
523.69,2.2448930960739833e-14,2.9053275629451284e-17
523.7,2.2446617222034442e-14,2.926612908051775e-17
523.71,2.2444543359535323e-14,2.9512096333954826e-17
523.72,2.2442619078020816e-14,2.950221840982718e-17
523.73,2.2440396876737206e-14,2.939246474610483e-17
523.74,2.2438286285817457e-14,2.923371762918852e-17
523.75,2.2436453994914682e-14,2.9412296470836205e-17
523.76,2.243418644435266e-14,2.9507459674893866e-17
523.77,2.2431995220145036e-14,2.944576941477967e-17
523.78,2.2430104340288397e-14,2.8985294818661204e-17
523.79,2.242795555727682e-14,2.9351587229053824e-17
523.8,2.2425835108295504e-14,2.9217509303504533e-17
523.81,2.2423785899061262e-14,2.943719476153531e-17
523.82,2.2421787699477314e-14,2.94200999259428e-17
523.83,2.2419588091652118e-14,2.929853268159735e-17
523.84,2.2417647799756777e-14,2.920103458925144e-17
523.85,2.2415387047811046e-14,2.946650754000549e-17
523.86,2.241326240414546e-14,2.9420044361299357e-17
523.87,2.2411590523883878e-14,2.9074110053703367e-17
523.88,2.2409352429426644e-14,2.9239511326984304e-17
523.89,2.2406897356202417e-14,2.920794368604297e-17
523.9,2.240519587463864e-14,2.9290589675738425e-17
523.91,2.2402949332533094e-14,2.918992170446866e-17
523.92,2.2401007733722636e-14,2.9104729804886995e-17
523.93,2.2398777047000813e-14,2.9279553718195265e-17
523.94,2.2396749982444695e-14,2.922004681715614e-17
523.95,2.239457757354792e-14,2.92980988856872e-17
523.96,2.2392718708577947e-14,2.938671806749273e-17
523.97,2.23904985775317e-14,2.9313896515901496e-17
523.98,2.2388346353436303e-14,2.9265286025043195e-17
523.99,2.238664175059681e-14,2.915055003715898e-17
524.0,2.2384207498315127e-14,2.933072017679339e-17
524.01,2.238203166543085e-14,2.921597682737683e-17
524.02,2.2380239621016327e-14,2.9130189956948195e-17
524.03,2.2378003309324334e-14,2.9079254154804055e-17
524.04,2.2376058710220764e-14,2.925692323055841e-17
524.05,2.2374016415138648e-14,2.906411171196171e-17
524.06,2.2371810340452152e-14,2.9086743935270623e-17
524.07,2.2369931014396778e-14,2.960632458483057e-17
524.08,2.236762696123913e-14,2.9114733203563975e-17
524.09,2.2365522411274995e-14,2.937140936796224e-17
524.1,2.2363356144614906e-14,2.9058969035378585e-17
524.11,2.2361430602783758e-14,2.922192406892522e-17
524.12,2.235934831953843e-14,2.903936639026472e-17
524.13,2.2357507292767846e-14,2.90497676164581e-17
524.14,2.2355415151927568e-14,2.884377786081199e-17
524.15,2.2353464208975825e-14,2.896339808069456e-17
524.16,2.2351077608082157e-14,2.929892403792956e-17
524.17,2.234980516106621e-14,2.9064173870849064e-17
524.18,2.2346748812620612e-14,2.906192068395181e-17
524.19,2.2344843890813782e-14,2.904884640949875e-17
524.2,2.2342733492506064e-14,2.907624058220686e-17
524.21,2.2340447375296433e-14,2.9125439497819165e-17
524.22,2.2338741095638936e-14,2.902582570825067e-17
524.23,2.2336910016528984e-14,2.87486710707699e-17
524.24,2.2334323643519934e-14,2.8980192986026517e-17
524.25,2.2332521879068543e-14,2.911991653336777e-17
524.26,2.2331257092851638e-14,2.899164033260386e-17
524.27,2.2328666339464125e-14,2.883852195440226e-17
524.28,2.232629252429738e-14,2.9003028384534535e-17
524.29,2.2324057201733678e-14,2.913473104839674e-17
524.3,2.2322249937523565e-14,2.906422094529279e-17
524.31,2.2320437503614595e-14,2.898385967099603e-17
524.32,2.2318274310151417e-14,2.871385364976005e-17
524.33,2.231594483662972e-14,2.880629036854127e-17
524.34,2.2314025435720716e-14,2.9052144928394647e-17
524.35,2.2311321152780453e-14,2.9317899899594564e-17
524.36,2.2309893030182877e-14,2.919906592704413e-17
524.37,2.230765101721316e-14,2.9103054213355984e-17
524.38,2.2305513638759388e-14,2.919064845125371e-17
524.39,2.2303599439166523e-14,2.8840428750379905e-17
524.4,2.2301631369529064e-14,2.900246399055781e-17
524.41,2.229950414826433e-14,2.869788934704145e-17
524.42,2.229732183421774e-14,2.899509238027718e-17
524.43,2.2295603952538553e-14,2.913034227859493e-17
524.44,2.2293242096328363e-14,2.896403845024681e-17
524.45,2.229044404540151e-14,2.8692692737911395e-17
524.46,2.228901588677814e-14,2.8910939007974983e-17
524.47,2.228701830281374e-14,2.9083975703651615e-17
524.48,2.2284940114730647e-14,2.894663045670715e-17
524.49,2.228302690893899e-14,2.878107495374481e-17
524.5,2.2281063095816155e-14,2.861715522365433e-17
524.51,2.2278692584385034e-14,2.890637862004353e-17
524.52,2.2276870976006498e-14,2.890510717788924e-17
524.53,2.2274565106202032e-14,2.88334276386797e-17
524.54,2.2272276218999696e-14,2.8762753763844985e-17
524.55,2.227052637980986e-14,2.889919664286258e-17
524.56,2.2268184942191075e-14,2.8833672022398675e-17
524.57,2.2266347336184893e-14,2.8930961337020136e-17
524.58,2.2264323518267253e-14,2.866208898689508e-17
524.59,2.226234556555993e-14,2.862855398392069e-17
524.6,2.2259971717735852e-14,2.84772403309092e-17
524.61,2.225857855078893e-14,2.876861202116375e-17
524.62,2.225609612368085e-14,2.880726330143094e-17
524.63,2.2253768427039804e-14,2.792314070999955e-17
524.64,2.2251859676062943e-14,2.87284477463515e-17
524.65,2.2249938943679668e-14,2.890460417521523e-17
524.66,2.2246919729101854e-14,2.9401647239103903e-17
524.67,2.2245945762056403e-14,2.8869295668412986e-17
524.68,2.224388034454929e-14,2.8367141921100873e-17
524.69,2.2242419595567237e-14,2.888688701864413e-17
524.7,2.2239390797006337e-14,2.880016927088105e-17
524.71,2.2237810242162667e-14,2.8724365221923507e-17
524.72,2.2235498772464272e-14,2.8609233427216946e-17
524.73,2.22329313814723e-14,2.853621136676461e-17
524.74,2.2231506013129208e-14,2.866214467535523e-17
524.75,2.222939263702703e-14,2.872315768153646e-17
524.76,2.2227173322008406e-14,2.869007120286874e-17
524.77,2.222512045982296e-14,2.826714886276585e-17
524.78,2.2223215964814674e-14,2.857193008976514e-17
524.79,2.221849438074978e-14,2.7925117924150364e-17
524.8,2.2219097761361085e-14,2.8692420713706995e-17
524.81,2.221674032601384e-14,2.83895934669909e-17
524.82,2.2215060375364563e-14,2.8641425113881986e-17
524.83,2.221292740134633e-14,2.859709047649017e-17
524.84,2.2210852023146708e-14,2.850134184633373e-17
524.85,2.2208498671902702e-14,2.857414006670226e-17
524.86,2.2207024660780893e-14,2.852490320936319e-17
524.87,2.220468632497847e-14,2.846429886594454e-17
524.88,2.2202769872263416e-14,3.1008125656613597e-17
524.89,2.2200345325547412e-14,2.860308017423729e-17
524.9,2.219862078518357e-14,2.8391694961824075e-17
524.91,2.2195940507462304e-14,2.84297584006779e-17
524.92,2.219445921896066e-14,2.857762612223926e-17
524.93,2.2192334260078663e-14,2.854628536710179e-17
524.94,2.2190361658612084e-14,2.858459084104067e-17
524.95,2.2188526898989004e-14,2.828181110044827e-17
524.96,2.2186584616326844e-14,2.8457326251112256e-17
524.97,2.21843782246919e-14,2.923614825590491e-17
524.98,2.2183029241709146e-14,2.909101438371951e-17
524.99,2.218010555416327e-14,2.831230697188926e-17
525.0,2.2178264049299648e-14,2.8769513841920795e-17
525.01,2.2175945830063657e-14,2.878971150507811e-17
525.02,2.2173743297299874e-14,2.8435736581956524e-17
525.03,2.2171527547200793e-14,2.8235592815110725e-17
525.04,2.2170598436141348e-14,2.849769593176631e-17
525.05,2.2167764269410467e-14,2.842713731291572e-17
525.06,2.2165774497890692e-14,2.863278809357889e-17
525.07,2.2163845861901674e-14,2.852104522667997e-17
525.08,2.2161732188015288e-14,2.8476044905306456e-17
525.09,2.2159719828807257e-14,2.8587837971852763e-17
525.1,2.215731646973217e-14,2.856958881882726e-17
525.11,2.21556006435324e-14,2.8406682211834475e-17
525.12,2.2153447294082925e-14,2.8442387221788204e-17
525.13,2.2151409479209786e-14,2.80693228500418e-17
525.14,2.2149251243424014e-14,2.8349632433367254e-17
525.15,2.2147449620627192e-14,2.8647546589048244e-17
525.16,2.2145701158993038e-14,2.8437279128148366e-17
525.17,2.2142362618012795e-14,2.839551981738134e-17
525.18,2.21410880781455e-14,2.8343413112124043e-17
525.19,2.2138814441129914e-14,2.862466517577932e-17
525.2,2.2136864475278072e-14,2.8044882914209455e-17
525.21,2.2134788498928287e-14,2.8309605215661076e-17
525.22,2.2133585133622152e-14,2.852200484881197e-17
525.23,2.2131053547612652e-14,2.8302002938559025e-17
525.24,2.212906282218952e-14,2.829999006976905e-17
525.25,2.2126956483995544e-14,2.842958689135689e-17
525.26,2.2124654977613244e-14,2.82831881992038e-17
525.27,2.212277459128839e-14,2.8311397347124604e-17
525.28,2.212049808613235e-14,2.8672844010762156e-17
525.29,2.2118731733487782e-14,2.8221064006856e-17
525.3,2.211659979353581e-14,2.852527073588168e-17
525.31,2.2114722667350453e-14,2.808899416909953e-17
525.32,2.2112906788768044e-14,2.8395177798686e-17
525.33,2.2110668685139674e-14,2.83144167290362e-17
525.34,2.21088428361226e-14,2.8712100501571334e-17
525.35,2.2106609541781868e-14,2.838795270406186e-17
525.36,2.210440019843493e-14,2.83554484770522e-17
525.37,2.2101893691521132e-14,2.875848688801189e-17
525.38,2.2100502941215644e-14,2.828295122819607e-17
525.39,2.2096949159273385e-14,2.7578315176941742e-17
525.4,2.209634284946459e-14,2.7957851875006244e-17
525.41,2.2094227783234692e-14,2.8413867473120504e-17
525.42,2.2092266754542757e-14,2.812836760008978e-17
525.43,2.209026677366151e-14,2.832918759195889e-17
525.44,2.2088438450794657e-14,2.8561897418604955e-17
525.45,2.2085966048032454e-14,2.804453118024641e-17
525.46,2.2084063565798193e-14,2.9193921138072806e-17
525.47,2.2081864626477953e-14,2.839157761168526e-17
525.48,2.207974071056336e-14,2.8383285821446024e-17
525.49,2.207803590701653e-14,2.776504845866996e-17
525.5,2.2075297780307104e-14,2.785729492355648e-17
525.51,2.2073883750369206e-14,2.8198926302570964e-17
525.52,2.2071969890917992e-14,2.8401526615329275e-17
525.53,2.2069929766244163e-14,2.8372572587925473e-17
525.54,2.2067296268779134e-14,2.782431798884775e-17
525.55,2.206558947814443e-14,2.8878828776581483e-17
525.56,2.2063185276356864e-14,2.790415831428753e-17
525.57,2.206228225538124e-14,2.8261930838873355e-17
525.58,2.205959890362472e-14,2.80107271057112e-17
525.59,2.205743532067256e-14,2.8319063670710037e-17
525.6,2.2055619853720537e-14,2.803431537863506e-17
525.61,2.2053618123400577e-14,2.827035484805253e-17
525.62,2.2051585349747042e-14,2.8306213828041185e-17
525.63,2.2049082820961618e-14,2.811598496952728e-17
525.64,2.204773105538241e-14,2.885543849586664e-17
525.65,2.2045281474781766e-14,2.831415047751462e-17
525.66,2.2042912110794744e-14,2.7850281093095225e-17
525.67,2.2041572835685566e-14,2.7751017584634572e-17
525.68,2.203888369452658e-14,2.820326382571386e-17
525.69,2.2036918104731284e-14,2.786616612711521e-17
525.7,2.2035173868253878e-14,2.814007862950201e-17
525.71,2.2033262535610852e-14,2.836809024260437e-17
525.72,2.203101793887548e-14,2.7812093575082095e-17
525.73,2.2029530791513997e-14,2.8429970007525425e-17
525.74,2.2026972911240947e-14,2.8214036711639634e-17
525.75,2.2025410141802586e-14,2.832036686329456e-17
525.76,2.202290079112012e-14,2.7670021101954672e-17
525.77,2.202109949036353e-14,2.845066968111158e-17
525.78,2.2019077498803263e-14,2.785605351176085e-17
525.79,2.2016714235450367e-14,2.78567182977258e-17
525.8,2.201451408100008e-14,2.811171579196054e-17
525.81,2.2013696218436092e-14,2.869285336189346e-17
525.82,2.2011241086857214e-14,2.835470017424437e-17
525.83,2.2007664315771317e-14,2.804186019935067e-17
525.84,2.2006844769078665e-14,2.807083171551992e-17
525.85,2.200464650524252e-14,2.780588713834714e-17
525.86,2.200238905080919e-14,2.811386055352787e-17
525.87,2.2000604114993134e-14,2.78998218493464e-17
525.88,2.1998483739130018e-14,2.8155829140379976e-17
525.89,2.1996251533793628e-14,2.819864754776628e-17
525.9,2.1994597249357034e-14,2.8129547008312004e-17
525.91,2.199249289855213e-14,2.803701220220542e-17
525.92,2.1990598259024863e-14,2.896754248589954e-17
525.93,2.198851395855969e-14,2.799190724718318e-17
525.94,2.1986222996525302e-14,2.7231302227359463e-17
525.95,2.1984511786207875e-14,2.80373649536575e-17
525.96,2.198246744897231e-14,2.815863716544717e-17
525.97,2.1980038639228798e-14,2.7592466794128394e-17
525.98,2.1978167728864017e-14,2.8057295562590977e-17
525.99,2.1976714867653058e-14,2.8179128504080347e-17
526.0,2.19748484626876e-14,2.84427522413967e-17
526.01,2.1972101867652077e-14,2.794536862075172e-17
526.02,2.197017097528246e-14,2.783536691199549e-17
526.03,2.1968396336395576e-14,2.7690238135121354e-17
526.04,2.1966088575817813e-14,2.803379325796247e-17
526.05,2.196389098507647e-14,2.7818347655218666e-17
526.06,2.1962355769574705e-14,2.812052511388656e-17
526.07,2.1959821581248084e-14,2.783656187109687e-17
526.08,2.195827074090526e-14,2.8043453713827753e-17
526.09,2.1956577769671052e-14,2.819627733913084e-17
526.1,2.1954068876403163e-14,2.782066734597603e-17
526.11,2.1951908530826246e-14,2.794401206368952e-17
526.12,2.195018076884455e-14,2.77715754040233e-17
526.13,2.1948011158733587e-14,2.7990013453705e-17
526.14,2.1947086969831676e-14,2.798764770289917e-17
526.15,2.1943629733384103e-14,2.80091828658107e-17
526.16,2.194156680752971e-14,2.7708085902068285e-17
526.17,2.1940178078183476e-14,2.810222638293023e-17
526.18,2.1937250422061542e-14,2.78906161831703e-17
526.19,2.1935774489308492e-14,2.7749890160541005e-17
526.2,2.1934221545018034e-14,2.8360926614784154e-17
526.21,2.1931831476422253e-14,2.7394974675952473e-17
526.22,2.1929699090518638e-14,2.7941302764317976e-17
526.23,2.1928580366443827e-14,2.985018026517513e-17
526.24,2.1925952562243793e-14,2.7908629903451135e-17
526.25,2.192395869611196e-14,2.786330743668915e-17
526.26,2.1921729733855383e-14,2.817111644973364e-17
526.27,2.1919249577118593e-14,2.7424215559104877e-17
526.28,2.1918181359507024e-14,2.834975503518448e-17
526.29,2.191584480271791e-14,2.780550903293772e-17
526.3,2.1913739994227813e-14,2.775731743792159e-17
526.31,2.1911561388676878e-14,2.755423280841294e-17
526.32,2.1909677746338298e-14,2.7546485474828793e-17
526.33,2.1907745788690745e-14,2.798682593024097e-17
526.34,2.1905934664707756e-14,2.763526994928329e-17
526.35,2.1903371428505863e-14,2.7834222108800825e-17
526.36,2.190153798863284e-14,2.8173011089095225e-17
526.37,2.1899778677324675e-14,2.7835460204434626e-17
526.38,2.1897497450229708e-14,2.7730980864052035e-17
526.39,2.1895617144118438e-14,2.7394075355391273e-17
526.4,2.1893378950982265e-14,2.810004738660065e-17
526.41,2.1891250769851353e-14,2.7688951814884618e-17
526.42,2.1889767078559306e-14,2.788439670671188e-17
526.43,2.1888478180632532e-14,2.784452862024264e-17
526.44,2.1885435892052643e-14,2.800690950360173e-17
526.45,2.18837076962152e-14,2.7990874558016515e-17
526.46,2.1881522891609534e-14,2.812120757983841e-17
526.47,2.187942656149416e-14,2.7673520928398597e-17
526.48,2.1877376817050468e-14,2.7224417987843174e-17
526.49,2.1875499029092348e-14,2.7878176490216544e-17
526.5,2.1873368476881997e-14,2.78230823110957e-17
526.51,2.1871326391421125e-14,2.7790068302167107e-17
526.52,2.1871686539782907e-14,3.124150619574032e-17
526.53,2.1867207781620365e-14,2.7846790185305557e-17
526.54,2.186536622473503e-14,2.832955602801351e-17
526.55,2.186322708848421e-14,2.786898424966263e-17
526.56,2.186117960755699e-14,2.7899876048648904e-17
526.57,2.1859263729631185e-14,2.753555158853394e-17
526.58,2.1857254058822773e-14,2.77600845135888e-17
526.59,2.1854932686290353e-14,2.794535529192511e-17
526.6,2.185341510011273e-14,2.785346819047441e-17
526.61,2.1843407869815664e-14,2.4868996033554237e-17
526.62,2.1848721195644468e-14,2.7876481032454843e-17
526.63,2.1847218737553467e-14,2.7880049207107917e-17
526.64,2.1845035666952386e-14,2.774455729259687e-17
526.65,2.1845772786419836e-14,2.8821825494713745e-17
526.66,2.1841055529496173e-14,2.7426932648200023e-17
526.67,2.1839196056620256e-14,2.7845346701931805e-17
526.68,2.1836693828755842e-14,2.761394308624005e-17
526.69,2.1835294870710254e-14,2.8092085429806844e-17
526.7,2.183543933321928e-14,2.7395079730749176e-17
526.71,2.1830413248864223e-14,2.6665904166685792e-17
526.72,2.1829175198668454e-14,2.8065056376432015e-17
526.73,2.182703785528591e-14,2.7646351638540106e-17
526.74,2.1824980333518263e-14,2.7656069546743593e-17
526.75,2.182303765213205e-14,2.7619284221566466e-17
526.76,2.1820981344119784e-14,2.785328895488504e-17
526.77,2.181913791545665e-14,2.7691816095230543e-17
526.78,2.181710512086908e-14,2.7752818568927418e-17
526.79,2.181564201798925e-14,2.764325925538589e-17
526.8,2.181316796264095e-14,2.7799813397618385e-17
526.81,2.1811196484445338e-14,2.793360751109855e-17
526.82,2.180902690753674e-14,2.7550688715321087e-17
526.83,2.1806816288348104e-14,2.7788171871939245e-17
526.84,2.1805180489703504e-14,2.762793897741272e-17
526.85,2.1802989953192188e-14,2.7830504231872925e-17
526.86,2.1800937398653267e-14,2.7737732600034253e-17
526.87,2.179905687592478e-14,2.7686783383787293e-17
526.88,2.179709190248306e-14,2.7394250618906187e-17
526.89,2.179499400235077e-14,2.78178031139127e-17
526.9,2.1792884415201182e-14,2.78516349428434e-17
526.91,2.1791385103650114e-14,2.78040361396712e-17
526.92,2.1788518104125382e-14,2.7527208685819926e-17
526.93,2.1786633772804612e-14,2.745165754603032e-17
526.94,2.178495886414793e-14,2.7560746332784745e-17
526.95,2.178337737163866e-14,2.8616044111244603e-17
526.96,2.1781167965782345e-14,2.763400285022573e-17
526.97,2.1779230159919182e-14,2.7968991924228475e-17
526.98,2.1777123203683548e-14,2.792117564779121e-17
526.99,2.1775142012787016e-14,2.783208699562306e-17
527.0,2.1772983061150274e-14,2.729850187447764e-17
527.01,2.1770837282202385e-14,2.776181344701953e-17
527.02,2.1768825454608964e-14,2.776619018537142e-17
527.03,2.1767016963787538e-14,2.791293649989713e-17
527.04,2.1764804728243795e-14,2.7211757501809247e-17
527.05,2.1763019785513405e-14,2.643573242738861e-17
527.06,2.176109351269582e-14,2.806605825577395e-17
527.07,2.1758818920548828e-14,2.7886631072250654e-17
527.08,2.1756789199330782e-14,2.781176105295109e-17
527.09,2.1754862183981035e-14,2.772422968991861e-17
527.1,2.175285214063763e-14,2.7683103907122692e-17
527.11,2.1750848874500138e-14,2.759169996607559e-17
527.12,2.174894709305222e-14,2.7815845394542425e-17
527.13,2.1747286292252668e-14,2.7860608335740376e-17
527.14,2.1744096082160243e-14,2.7674196559285978e-17
527.15,2.174311007350616e-14,2.7965246339574965e-17
527.16,2.1741102856841676e-14,2.7818472179255836e-17
527.17,2.173860867403405e-14,2.7807505815724665e-17
527.18,2.1737240759421937e-14,2.768571447724405e-17
527.19,2.173475482075926e-14,2.8166010312608537e-17
527.2,2.173272928912076e-14,2.764442876926365e-17
527.21,2.1730901418929495e-14,2.7558584589271108e-17
527.22,2.1728625453089933e-14,2.783147391291174e-17
527.23,2.1726984458622737e-14,2.7659791987643824e-17
527.24,2.1725154555903074e-14,2.792435137667637e-17
527.25,2.1723011353585654e-14,2.7919231404563775e-17
527.26,2.172077429021819e-14,2.7672169818021196e-17
527.27,2.171915043796611e-14,2.784534300753987e-17
527.28,2.1716851891629378e-14,2.7814786429540123e-17
527.29,2.171472510037916e-14,2.7205369139285383e-17
527.3,2.1712745681000453e-14,2.7826862176885136e-17
527.31,2.1710907876111345e-14,2.778784200225717e-17
527.32,2.17093209211128e-14,2.79825714809391e-17
527.33,2.1707355185934654e-14,2.8308972149287366e-17
527.34,2.1704898474644994e-14,2.7743480216553027e-17
527.35,2.1703157603621605e-14,2.786842116270595e-17
527.36,2.17010785188532e-14,2.711884812828512e-17
527.37,2.1699023357208285e-14,2.7678482900048008e-17
527.38,2.1696834435548083e-14,2.7930935387580554e-17
527.39,2.1695043950689063e-14,2.7768096277482956e-17
527.4,2.1692847182905244e-14,2.765125880549503e-17
527.41,2.169123857632261e-14,2.7818521657363133e-17
527.42,2.1688693425343175e-14,2.7765766634850135e-17
527.43,2.1687097236997853e-14,2.777931664386347e-17
527.44,2.168505473219322e-14,2.8295708563881897e-17
527.45,2.1683318713954357e-14,2.7734231123391956e-17
527.46,2.1681147822356404e-14,2.7583887170969283e-17
527.47,2.1678756527091426e-14,2.7685145465318543e-17
527.48,2.1677099123522694e-14,2.812798816955847e-17
527.49,2.167501161103041e-14,2.7883918106232376e-17
527.5,2.1673302298043823e-14,2.7716996735401487e-17
527.51,2.1671179282283597e-14,2.7603109265112578e-17
527.52,2.1669179588614847e-14,2.7628171754153906e-17
527.53,2.1667306086651744e-14,2.790543090906947e-17
527.54,2.1665194309972257e-14,2.782185296247762e-17
527.55,2.1663090750909525e-14,2.766594947892691e-17
527.56,2.1661188498146354e-14,2.7702473993639223e-17
527.57,2.165900325084304e-14,2.7782758119985336e-17
527.58,2.165735350913201e-14,2.786317433237083e-17
527.59,2.165520488489237e-14,2.7611409587383283e-17
527.6,2.1653276557376203e-14,2.76617726186028e-17
527.61,2.1651122962892823e-14,2.782711100902075e-17
527.62,2.164916425242132e-14,2.7725395713461755e-17
527.63,2.1647125628282097e-14,2.7636033665824015e-17
527.64,2.1645419952706945e-14,2.778573563311998e-17
527.65,2.1643169750443206e-14,2.7736563447996196e-17
527.66,2.1641128908965384e-14,2.778240181783717e-17
527.67,2.1639208906500438e-14,2.7743813925441913e-17
527.68,2.163739381579183e-14,2.7732534944649666e-17
527.69,2.1635474056133045e-14,2.777793927601558e-17
527.7,2.163344653764191e-14,2.793359590945258e-17
527.71,2.163132317687641e-14,2.794137079143306e-17
527.72,2.1629264902846552e-14,2.7766152563751346e-17
527.73,2.1627554770853732e-14,2.7766058338737345e-17
527.74,2.1625389407706498e-14,2.791759198031657e-17
527.75,2.1623384227020884e-14,2.783581430454102e-17
527.76,2.162159452787064e-14,2.777937286089791e-17
527.77,2.1619705363523122e-14,2.7555209302366126e-17
527.78,2.1617692951532275e-14,2.79817221512944e-17
527.79,2.1615395664548445e-14,2.787768858261689e-17
527.8,2.1613284455107003e-14,2.7820393796871026e-17
527.81,2.1611814106876864e-14,2.7483056167479054e-17
527.82,2.1609474928295073e-14,2.7755066373648318e-17
527.83,2.160785689763904e-14,2.7944164718838325e-17
527.84,2.160529642279055e-14,2.78269872957823e-17
527.85,2.1603363789820433e-14,2.7808674264686524e-17
527.86,2.1601499625611656e-14,2.78218301653914e-17
527.87,2.1599860764650462e-14,2.798183175712883e-17
527.88,2.159742833995844e-14,2.777170212855535e-17
527.89,2.1595144275158995e-14,2.793630855826046e-17
527.9,2.1593585296635014e-14,2.7770857083324464e-17
527.91,2.159183596572991e-14,2.8000075228145375e-17
527.92,2.158940784992988e-14,2.7470026157402965e-17
527.93,2.1587795304239536e-14,2.7850509654242585e-17
527.94,2.1585939318766526e-14,2.7861647906016043e-17
527.95,2.1583947911135504e-14,2.79059157377733e-17
527.96,2.1581705379549113e-14,2.814157312108383e-17
527.97,2.1579756575680546e-14,2.7880816420467015e-17
527.98,2.1577630073218215e-14,2.7846931402218807e-17
527.99,2.157600704566639e-14,2.790882666786043e-17
528.0,2.1574071696129033e-14,2.779798711179776e-17
528.01,2.1572086253548894e-14,2.780585297599232e-17
528.02,2.156994024386833e-14,2.7784435059808625e-17
528.03,2.1568060223265302e-14,2.8039352441468993e-17
528.04,2.1566112609650046e-14,2.7875751605343994e-17
528.05,2.156392751764946e-14,2.807543068295599e-17
528.06,2.156238157879076e-14,2.7946741503946335e-17
528.07,2.1559752076226066e-14,2.76907690055414e-17
528.08,2.155814975253324e-14,2.7743657348706385e-17
528.09,2.155596185415288e-14,2.780598802968337e-17
528.1,2.1554375283402633e-14,2.7694914992322253e-17
528.11,2.1552355415617558e-14,2.801739301120258e-17
528.12,2.1550033828541442e-14,2.780492213068171e-17
528.13,2.154787114555205e-14,2.7729921697954534e-17
528.14,2.1545996032451127e-14,2.8000279980740464e-17
528.15,2.1544136071973863e-14,2.786126785169467e-17
528.16,2.1542186068117003e-14,2.770751421505007e-17
528.17,2.1540215033859145e-14,2.783253536751208e-17
528.18,2.1538272877802114e-14,2.7901070706930304e-17
528.19,2.153648233632583e-14,2.7663310516994244e-17
528.2,2.1533200933642013e-14,2.7506500070935735e-17
528.21,2.1531850061721454e-14,2.786158075302327e-17
528.22,2.15302318914627e-14,2.7695047159523788e-17
528.23,2.1528141790017686e-14,2.799295958170493e-17
528.24,2.1526176888285224e-14,2.787930968182567e-17
528.25,2.1524110772391734e-14,2.763721813697162e-17
528.26,2.1522446068750065e-14,2.771377240885054e-17
528.27,2.1520193981014995e-14,2.7779875117149995e-17
528.28,2.1518740982351095e-14,2.7763607383435877e-17
528.29,2.15161565797702e-14,2.773221722404669e-17
528.3,2.1514767497594572e-14,2.791335197738426e-17
528.31,2.1512558613681992e-14,2.779627738427482e-17
528.32,2.1510124058045456e-14,2.784382254634003e-17
528.33,2.1508495325318892e-14,2.8006684828824755e-17
528.34,2.150635555778855e-14,2.781956486433518e-17
528.35,2.150484662990835e-14,2.780722956750085e-17
528.36,2.150250700671459e-14,2.7715848543769217e-17
528.37,2.1500622106355005e-14,2.7421738862367546e-17
528.38,2.1498642071131005e-14,2.778158003961675e-17
528.39,2.1496768606794987e-14,2.7686199845745313e-17
528.4,2.1494675713919144e-14,2.7746899408167495e-17
528.41,2.1492351390111106e-14,2.782821797613769e-17
528.42,2.1490725269359602e-14,2.787133711586146e-17
528.43,2.148882350884344e-14,2.799005751619687e-17
528.44,2.1486961082929776e-14,2.7843125327768074e-17
528.45,2.1484947101782478e-14,2.77463353623718e-17
528.46,2.1482657889947194e-14,2.7353664537012065e-17
528.47,2.1480867344175007e-14,2.785198118210235e-17
528.48,2.1479014979819948e-14,2.7813159908396726e-17
528.49,2.1476962508379222e-14,2.784974239431234e-17
528.5,2.1474667284714625e-14,2.787813866921273e-17
528.51,2.1472935401846317e-14,2.789109257927124e-17
528.52,2.1470845521388924e-14,2.776380190647299e-17
528.53,2.146919725603596e-14,2.7878699335259705e-17
528.54,2.1466304611099413e-14,2.7502288514153224e-17
528.55,2.1465387472853904e-14,2.6434315199708075e-17
528.56,2.146295889071741e-14,2.773370469661624e-17
528.57,2.1460959430335604e-14,2.827912123427804e-17
528.58,2.145938862600577e-14,2.78026801429109e-17
528.59,2.145678076422107e-14,2.7760963700077615e-17
528.6,2.145554790300661e-14,2.724353983507642e-17
528.61,2.1453124722542658e-14,2.768429074569724e-17
528.62,2.145153476100431e-14,2.785536838450662e-17
528.63,2.144936895261053e-14,2.7964314541316674e-17
528.64,2.144690419689759e-14,2.988797646928022e-17
528.65,2.1445302263558977e-14,2.7763179647764806e-17
528.66,2.1443581704998e-14,2.7666775981502122e-17
528.67,2.1441372584722374e-14,2.7720895529449808e-17
528.68,2.1439189585521378e-14,2.774276473313957e-17
528.69,2.1437400049147984e-14,2.7891848631616533e-17
528.7,2.143554404219399e-14,2.794608632342018e-17
528.71,2.143406137995632e-14,2.80691778587264e-17
528.72,2.143155707917991e-14,2.7714916601749257e-17
528.73,2.1432347988837312e-14,2.917532943682321e-17
528.74,2.1427601881293592e-14,2.795324950817271e-17
528.75,2.142593917581813e-14,2.786092528092554e-17
528.76,2.142383642230643e-14,2.785139320160088e-17
528.77,2.1421637820187762e-14,2.7532354945353364e-17
528.78,2.1419655725115754e-14,2.796363974344393e-17
528.79,2.1417684248216118e-14,2.7808158673551934e-17
528.8,2.1416237963376322e-14,2.765519693534363e-17
528.81,2.141386295711151e-14,2.7683369234824133e-17
528.82,2.141284276667898e-14,2.6224863373126035e-17
528.83,2.141028386835537e-14,2.780188120064634e-17
528.84,2.140808663734402e-14,2.7743046870227233e-17
528.85,2.1406303009138787e-14,2.7988679357528133e-17
528.86,2.1403767129557358e-14,2.7543722137360027e-17
528.87,2.1402354298520698e-14,2.764473390064906e-17
528.88,2.139997209260672e-14,2.7879721311548756e-17
528.89,2.1398649653158048e-14,2.801574081569893e-17
528.9,2.1396359851204565e-14,2.7754313204073434e-17
528.91,2.139417419512031e-14,2.7466423218195592e-17
528.92,2.1392153978209606e-14,2.7700996917033093e-17
528.93,2.1390557350128985e-14,2.777812491278431e-17
528.94,2.1388144565722284e-14,2.7524721612340055e-17
528.95,2.1386079072000588e-14,2.7440613875285058e-17
528.96,2.1384589466386873e-14,2.790180379693586e-17
528.97,2.1382862311915342e-14,2.8019498539393226e-17
528.98,2.1380494957662434e-14,2.7560157158646698e-17
528.99,2.1378538466392762e-14,2.788037786472242e-17
529.0,2.1376859142356135e-14,2.7637204422608325e-17
529.01,2.1374758651936857e-14,2.7672612217317044e-17
529.02,2.137384527413577e-14,2.9257551872771964e-17
529.03,2.1370802104443107e-14,2.7742479097851205e-17
529.04,2.136852595716031e-14,2.7456768771160112e-17
529.05,2.1367063162127015e-14,2.806528936167371e-17
529.06,2.136482706181031e-14,2.779470556931889e-17
529.07,2.136324482815089e-14,2.796109120819574e-17
529.08,2.136122726809797e-14,2.784014651939606e-17
529.09,2.1359035930304313e-14,2.7449509677756135e-17
529.1,2.1356763147133072e-14,2.783460748194205e-17
529.11,2.135570673428112e-14,2.7499526920683375e-17
529.12,2.1353340463697034e-14,2.774250247162974e-17
529.13,2.1350515218342304e-14,2.7619265408304454e-17
529.14,2.134922302147055e-14,2.7751959883945803e-17
529.15,2.1346947291275665e-14,2.7720645479783152e-17
529.16,2.1345615610156306e-14,2.799856884643978e-17
529.17,2.1343456566545393e-14,2.765382460642794e-17
529.18,2.1341233378840112e-14,2.771601622237484e-17
529.19,2.133926890409045e-14,2.7603428779247742e-17
529.2,2.133780645586794e-14,2.785850815898583e-17
529.21,2.133558351516328e-14,2.764040341323797e-17
529.22,2.1333355903584092e-14,2.7442053575633592e-17
529.23,2.1331684435650396e-14,2.786207736610311e-17
529.24,2.1329111308979094e-14,2.7674798478811265e-17
529.25,2.1327765918948323e-14,2.7913973824061226e-17
529.26,2.1326094292141726e-14,2.7821901935970916e-17
529.27,2.1323535452832068e-14,2.750685629080273e-17
529.28,2.1321594882240795e-14,2.7573105098942515e-17
529.29,2.1319873735868112e-14,2.764468675880059e-17
529.3,2.131789909062112e-14,2.7648471905758008e-17
529.31,2.1315882204745327e-14,2.6984546530472713e-17
529.32,2.1314070948688513e-14,2.7647251734617856e-17
529.33,2.1312369494617708e-14,2.8431378344494395e-17
529.34,2.131007570833481e-14,2.8186432137338674e-17
529.35,2.130852518134086e-14,2.775922786029401e-17
529.36,2.1305809870772145e-14,2.778559828401447e-17
529.37,2.1304105707635975e-14,2.755668618363674e-17
529.38,2.1302156190391186e-14,2.7683697729094045e-17
529.39,2.130056944855099e-14,2.7682040092007035e-17
529.4,2.129879270304638e-14,2.7293398448846452e-17
529.41,2.12964906392588e-14,2.776862646868834e-17
529.42,2.129353617504581e-14,2.7627312579006862e-17
529.43,2.1292674024787816e-14,2.8172117943308507e-17
529.44,2.1291162244876507e-14,2.8311150397713963e-17
529.45,2.1288226311991775e-14,2.7617281660468662e-17
529.46,2.1286472276361525e-14,2.749189717045581e-17
529.47,2.128484216844437e-14,2.7610983144909018e-17
529.48,2.1282813877947327e-14,2.80693150114761e-17
529.49,2.1281415396578915e-14,2.7485302971364632e-17
529.5,2.1279374794973168e-14,2.8064633914424883e-17
529.51,2.1276623880982795e-14,2.7622313469879827e-17
529.52,2.1274631387990905e-14,2.826146586833666e-17
529.53,2.1273362392467014e-14,2.7702849261105018e-17
529.54,2.1270984862600944e-14,2.78912208564162e-17
529.55,2.1269182493355273e-14,2.7601423626720726e-17
529.56,2.1267029089116334e-14,2.7252276576578667e-17
529.57,2.1264989385691723e-14,2.7689371734370465e-17
529.58,2.1263961539221526e-14,2.7454657667596902e-17
529.59,2.126139909322212e-14,2.7365994215424327e-17
529.6,2.1259026528326743e-14,2.767915782042097e-17
529.61,2.1256590126841343e-14,2.8382787395547293e-17
529.62,2.1255619163456444e-14,2.7586690046913336e-17
529.63,2.1253502745340684e-14,2.7750907458157765e-17
529.64,2.1251591306372937e-14,2.772316111375075e-17
529.65,2.1249368175861208e-14,2.7403682270762982e-17
529.66,2.124763504101488e-14,2.794002932668057e-17
529.67,2.1246333096807554e-14,2.7507009969298983e-17
529.68,2.124443270997199e-14,2.7638396690819008e-17
529.69,2.1241337145715302e-14,2.7327022583531244e-17
529.7,2.1238975664499234e-14,2.81397690479556e-17
529.71,2.123765516741296e-14,2.728646279850384e-17
529.72,2.123599759300742e-14,2.787651630007626e-17
529.73,2.1234011489021563e-14,2.777154080347184e-17
529.74,2.1231922033534274e-14,2.7519230955395357e-17
529.75,2.1229689003155504e-14,2.7188376349598577e-17
529.76,2.1229106422381888e-14,2.7562889522024606e-17
529.77,2.1226362558963156e-14,2.76813743108348e-17
529.78,2.1224050268475067e-14,2.7661923517542155e-17
529.79,2.122192136568695e-14,2.796514859404561e-17
529.8,2.1220329608558286e-14,2.7602135659294534e-17
529.81,2.1218276090429995e-14,2.7508485385273482e-17
529.82,2.12165921853904e-14,2.7436766921603722e-17
529.83,2.1214802601130477e-14,2.7464425097352146e-17
529.84,2.1212589812720912e-14,2.7693505532873468e-17
529.85,2.121151245308025e-14,2.7880724852937556e-17
529.86,2.120880030934168e-14,2.6720902590264004e-17
529.87,2.1206867345434297e-14,2.767078069015253e-17
529.88,2.1204505712118974e-14,2.7379135872763765e-17
529.89,2.120279562412674e-14,2.7571402104323733e-17
529.9,2.1200941029198183e-14,2.7704137084289735e-17
529.91,2.119898770922894e-14,2.79489294656988e-17
529.92,2.1196933673553095e-14,2.77803510454989e-17
529.93,2.119500323070481e-14,2.7577446138453793e-17
529.94,2.119369181966104e-14,2.7463893184956182e-17
529.95,2.1190995860093234e-14,2.7419360410244274e-17
529.96,2.1189437685783208e-14,2.779842936025576e-17
529.97,2.1186806335929702e-14,2.7443295627017262e-17
529.98,2.1185320731106205e-14,2.751140769415624e-17
529.99,2.1183291831687377e-14,2.762543538430801e-17
530.0,2.118135724593545e-14,2.7320862089511792e-17
530.01,2.117974878280402e-14,2.791372585015119e-17
530.02,2.1177501047884087e-14,2.7594122108286125e-17
530.03,2.117615146794303e-14,2.8289809114269105e-17
530.04,2.117386139484957e-14,2.739753427410239e-17
530.05,2.1171918941244414e-14,2.7243415875883068e-17
530.06,2.116982243174857e-14,2.7430964992431898e-17
530.07,2.1167902714891493e-14,2.7408684505686107e-17
530.08,2.116433772687345e-14,2.755113188624981e-17
530.09,2.1164516476615174e-14,2.7320166982702708e-17
530.1,2.1162318992524407e-14,2.776581503984632e-17
530.11,2.116017794553504e-14,2.7480420518515703e-17
530.12,2.1159511186354528e-14,2.805116001085968e-17
530.13,2.115636124599821e-14,2.7224756471015072e-17
530.14,2.115416276961989e-14,2.7367754248046222e-17
530.15,2.1152222618492882e-14,2.7267768343631683e-17
530.16,2.1150759544831226e-14,2.7546657517891347e-17
530.17,2.1148088182300464e-14,2.7401024115462176e-17
530.18,2.114656898672596e-14,2.7289551766166398e-17
530.19,2.1144355867591613e-14,2.7432026204763534e-17
530.2,2.1142739029911328e-14,2.741740743125718e-17
530.21,2.1141356306297632e-14,2.8437624278202005e-17
530.22,2.1139090449568152e-14,2.7030183204661802e-17
530.23,2.1136883562139137e-14,2.7352487355384323e-17
530.24,2.1134895912298903e-14,2.7037425221101163e-17
530.25,2.1133013551081906e-14,2.764652887907423e-17
530.26,2.1130938211526986e-14,2.7068375128338272e-17
530.27,2.112917657087503e-14,2.817070653099826e-17
530.28,2.1126499069545772e-14,2.778349964539134e-17
530.29,2.112533971001753e-14,2.7363988194732157e-17
530.3,2.112334607847491e-14,2.781258190636399e-17
530.31,2.1121443140049027e-14,2.7040394870887013e-17
530.32,2.1119366803019797e-14,2.7352949733339862e-17
530.33,2.1117746347479062e-14,2.721109599544037e-17
530.34,2.1115464516478927e-14,2.719954826121925e-17
530.35,2.111339393162576e-14,2.7386049828555016e-17
530.36,2.1111660313125464e-14,2.7560434076935517e-17
530.37,2.110914821863858e-14,2.6890484060798646e-17
530.38,2.1107718844459347e-14,2.713376383988057e-17
530.39,2.1106335863752953e-14,2.781838736158046e-17
530.4,2.1104213930804654e-14,2.7303255091408423e-17
530.41,2.1101638904814486e-14,2.7160324216214984e-17
530.42,2.1100186560347475e-14,2.7168169449589235e-17
530.43,2.10982103473109e-14,2.741155539370424e-17
530.44,2.1095804185733713e-14,2.738061113464208e-17
530.45,2.1094098319397347e-14,2.723031534869892e-17
530.46,2.1091434038547816e-14,2.4379698385242553e-17
530.47,2.109037597460279e-14,2.7509239615419826e-17
530.48,2.1088509367494206e-14,2.7383178169068567e-17
530.49,2.1086586873127735e-14,2.7095404830450816e-17
530.5,2.1085062752732175e-14,2.7385106833539976e-17
530.51,2.1082999354632855e-14,2.7053638876861065e-17
530.52,2.108085523261945e-14,2.6723378345902148e-17
530.53,2.1080546552929442e-14,2.736676638043175e-17
530.54,2.1076991068856317e-14,2.704368619123311e-17
530.55,2.1069422132200275e-14,2.7217314466027863e-17
530.56,2.1073274104457562e-14,2.833239460687931e-17
530.57,2.107094609433403e-14,2.7558137006261103e-17
530.58,2.106956838531583e-14,2.7221676668916127e-17
530.59,2.1065096812903472e-14,2.63553781992569e-17
530.6,2.106572226888562e-14,2.7116278275629577e-17
530.61,2.1063327135846005e-14,2.7244972026049778e-17
530.62,2.1061810920566664e-14,2.777971948750373e-17
530.63,2.105951116662951e-14,2.7199267387772992e-17
530.64,2.1056049214438977e-14,2.7256660335358057e-17
530.65,2.105579143446928e-14,2.717657294073915e-17
530.66,2.1053533493614566e-14,2.7511719424689527e-17
530.67,2.1051900278842878e-14,2.7148765534976942e-17
530.68,2.1050083636556632e-14,2.7170288132367878e-17
530.69,2.1048109561281324e-14,2.6974401068110437e-17
530.7,2.1046091447093263e-14,2.7159390197845972e-17
530.71,2.1044235088872895e-14,2.744810655668972e-17
530.72,2.1042765842287604e-14,2.7394360909155445e-17
530.73,2.1039434520522304e-14,2.6892876248217542e-17
530.74,2.1037808182637908e-14,2.7117143066434045e-17
530.75,2.1036138793544078e-14,2.7385727176380323e-17
530.76,2.103491308703763e-14,2.6999060785326517e-17
530.77,2.10327445933237e-14,2.7154438628281708e-17
530.78,2.1030565724302282e-14,2.683817264112473e-17
530.79,2.102867169712858e-14,2.7250778308323735e-17
530.8,2.102702766430442e-14,2.6845096995512403e-17
530.81,2.1025016741269736e-14,2.6852032331080144e-17
530.82,2.1022763350172093e-14,2.720178810016775e-17
530.83,2.102119565345144e-14,2.7185451593212836e-17
530.84,2.1018924433788443e-14,2.7208381796817152e-17
530.85,2.1016971686112957e-14,2.6876000459863184e-17
530.86,2.101544435218345e-14,2.716014992493446e-17
530.87,2.1013545999902177e-14,2.7060111737381475e-17
530.88,2.101133984018295e-14,2.7026416196688604e-17
530.89,2.1010026584051128e-14,2.7404123676069296e-17
530.9,2.100698539122551e-14,2.677156613442646e-17
530.91,2.1005481795327185e-14,2.6811578044805763e-17
530.92,2.1003686469636448e-14,2.7119356874843537e-17
530.93,2.1001683040148895e-14,2.712922584391574e-17
530.94,2.0999761343342913e-14,2.72316583388786e-17
530.95,2.0997779507159532e-14,2.6927262644514376e-17
530.96,2.0995996762355062e-14,2.6880430478074787e-17
530.97,2.099410821314084e-14,2.7018610334330983e-17
530.98,2.0992271419044502e-14,2.7617088505240922e-17
530.99,2.0989659983845377e-14,2.7691476921785395e-17
531.0,2.098850822116335e-14,2.7003025476427714e-17
531.01,2.09863493319507e-14,2.711939560498854e-17
531.02,2.098422898166791e-14,2.717134992047028e-17
531.03,2.0982493343622804e-14,2.684244431158075e-17
531.04,2.0980999592644313e-14,2.6770054411553452e-17
531.05,2.0979077430413827e-14,2.7097105454746363e-17
531.06,2.0976884009506094e-14,2.7200659896706872e-17
531.07,2.0974157581842603e-14,2.6887121510954052e-17
531.08,2.0975075037663718e-14,2.7190303269709028e-17
531.09,2.0971292575350017e-14,2.6816571045707334e-17
531.1,2.0968868643653098e-14,2.6933826884502383e-17
531.11,2.0967435264001878e-14,2.706385257747192e-17
531.12,2.0965081633160576e-14,2.6854701305730397e-17
531.13,2.0963740699063756e-14,2.6875216355429106e-17
531.14,2.096133105941423e-14,2.6723995345592445e-17
531.15,2.0959393124873162e-14,2.705404274009675e-17
531.16,2.0957716055893172e-14,2.6912585298263482e-17
531.17,2.0955893021717638e-14,2.6806932108278784e-17
531.18,2.0953592743697866e-14,2.6666699476499688e-17
531.19,2.0951770748133208e-14,2.6784031337013542e-17
531.2,2.094988451459514e-14,2.6850281659818155e-17
531.21,2.0948272616285264e-14,2.6662865787465648e-17
531.22,2.0946928464414045e-14,2.707940061586495e-17
531.23,2.0944282412093546e-14,2.7187323499404225e-17
531.24,2.094257206644524e-14,2.6970116465488904e-17
531.25,2.0940459784228262e-14,2.6861357412685522e-17
531.26,2.0938657426946866e-14,2.6758212563001582e-17
531.27,2.093689550254182e-14,2.6920508595674096e-17
531.28,2.093474480455035e-14,2.6730466408400787e-17
531.29,2.0933020412237067e-14,2.6554393647514007e-17
531.3,2.093099442655198e-14,2.6876810102926482e-17
531.31,2.092901982338914e-14,2.694961367492859e-17
531.32,2.0927326759820248e-14,2.68551134044891e-17
531.33,2.0925116478244183e-14,2.692747906204611e-17
531.34,2.092336476028077e-14,2.6844299493036784e-17
531.35,2.0921414810201772e-14,2.674846331133058e-17
531.36,2.0919620233612924e-14,2.7106224402650635e-17
531.37,2.0917485025094507e-14,2.6861803016174964e-17
531.38,2.0915738294279602e-14,2.6919455089205076e-17
531.39,2.0913923299206112e-14,2.6768790563523935e-17
531.4,2.091189442128347e-14,2.6849350561278994e-17
531.41,2.090996714234217e-14,2.6875613204885614e-17
531.42,2.0908295349505156e-14,2.690798872448559e-17
531.43,2.0905770205600294e-14,2.6631885388140816e-17
531.44,2.090429996920002e-14,2.6869602015097568e-17
531.45,2.0901913098241216e-14,2.6853917484442306e-17
531.46,2.0900161867747242e-14,2.6841694809080456e-17
531.47,2.0898606913062186e-14,2.6958452879798327e-17
531.48,2.089661632092939e-14,2.669446201861466e-17
531.49,2.089468751765003e-14,2.6688929076978116e-17
531.5,2.089273772434067e-14,2.6755530001096e-17
531.51,2.0890907092426232e-14,2.6842937347733255e-17
531.52,2.088890141280346e-14,2.6709383657943584e-17
531.53,2.0887006117343122e-14,2.6681881184183036e-17
531.54,2.0884861406466887e-14,2.6763694890655638e-17
531.55,2.0883189000881156e-14,2.6764548753433677e-17
531.56,2.08813927847635e-14,2.6733047853486805e-17
531.57,2.0879600895705843e-14,2.6794019121553586e-17
531.58,2.0877509344231726e-14,2.6688747589221283e-17
531.59,2.0875738843567733e-14,2.6736239873650075e-17
531.6,2.0873850611347898e-14,2.6837998133576362e-17
531.61,2.0871992793120418e-14,2.6773090914137422e-17
531.62,2.0869748139294987e-14,2.6720695752762628e-17
531.63,2.0867897699860113e-14,2.6589531458328214e-17
531.64,2.086613294229037e-14,2.6787426871308542e-17
531.65,2.086430648404872e-14,2.6614035109478665e-17
531.66,2.0862257907301327e-14,2.6896668406979393e-17
531.67,2.086037419324786e-14,2.6580796676039527e-17
531.68,2.0858558625552473e-14,2.646227385472998e-17
531.69,2.085645310011842e-14,2.6703627251952e-17
531.7,2.0854334708261134e-14,2.645489425366347e-17
531.71,2.0852394432613474e-14,2.6790055130072778e-17
531.72,2.0851086705859552e-14,2.6626478125176742e-17
531.73,2.0848864153232135e-14,2.6608554180835013e-17
531.74,2.0846818021259542e-14,2.66416632608914e-17
531.75,2.084477329441978e-14,2.674653377718004e-17
531.76,2.0843294646636437e-14,2.66105418781673e-17
531.77,2.0841411048695662e-14,2.641474306784466e-17
531.78,2.08392324272758e-14,2.664650437880365e-17
531.79,2.083728825732355e-14,2.6504632288252175e-17
531.8,2.0835770747892844e-14,2.6571567792715342e-17
531.81,2.0833960946125897e-14,2.6402531557018253e-17
531.82,2.0831617890725202e-14,2.6553796550060645e-17
531.83,2.083003919236994e-14,2.6800593904294636e-17
531.84,2.082782560251324e-14,2.6607266713302455e-17
531.85,2.0826205368444118e-14,2.6367007902447397e-17
531.86,2.082459347734803e-14,2.66648980323538e-17
531.87,2.0822250243195015e-14,2.6396162849427015e-17
531.88,2.0820291362308236e-14,2.6613576088200203e-17
531.89,2.08182925157179e-14,2.6343775648328242e-17
531.9,2.0816732855539002e-14,2.64265743121959e-17
531.91,2.0814585113338095e-14,2.652433637104928e-17
531.92,2.081269527464395e-14,2.6659386076663117e-17
531.93,2.081083628015586e-14,2.658335881559171e-17
531.94,2.0809110166953226e-14,2.6470401776903643e-17
531.95,2.0807089417012658e-14,2.6209808795456383e-17
531.96,2.080484623607904e-14,2.6504164433464015e-17
531.97,2.0803014578721446e-14,2.6285252892898086e-17
531.98,2.0801158809395592e-14,2.6269194161536026e-17
531.99,2.0799429303949075e-14,2.6349561244554766e-17
532.0,2.0797235999843174e-14,2.6275850778469885e-17
532.01,2.0795694909215204e-14,2.65609403035537e-17
532.02,2.0794100974781476e-14,2.6678622010763697e-17
532.03,2.0791754631882686e-14,2.628639014238448e-17
532.04,2.0789809833087315e-14,2.6331413939400627e-17
532.05,2.0789141391793242e-14,2.7053496331567576e-17
532.06,2.0786580933527818e-14,2.638160759080182e-17
532.07,2.078452461953175e-14,2.6448395657071935e-17
532.08,2.078233853015411e-14,2.6536216116928982e-17
532.09,2.078080865476605e-14,2.648754704917917e-17
532.1,2.0778455874279346e-14,2.650218121288601e-17
532.11,2.077696917851934e-14,2.6524852276728352e-17
532.12,2.0774910954939544e-14,2.6358782206900424e-17
532.13,2.077273004404203e-14,2.6488931938810227e-17
532.14,2.077104223101389e-14,2.6471676596568612e-17
532.15,2.076948643500013e-14,2.650428002969726e-17
532.16,2.0767008415863073e-14,2.6395579462453276e-17
532.17,2.0765249293823272e-14,2.6578708283660984e-17
532.18,2.0763322374637178e-14,2.6309154310604102e-17
532.19,2.0761574014447945e-14,2.657705508445863e-17
532.2,2.0759798459299236e-14,2.655050097538274e-17
532.21,2.075789887562214e-14,2.6484713642409415e-17
532.22,2.0755225030975977e-14,2.6397845953032016e-17
532.23,2.0754143657794934e-14,2.646778250571238e-17
532.24,2.0751732478960566e-14,2.5941078375359084e-17
532.25,2.0750102572691406e-14,2.634920323711275e-17
532.26,2.0748224001985176e-14,2.6447726043209552e-17
532.27,2.0746471669497653e-14,2.6254548464575332e-17
532.28,2.074467857703098e-14,2.6300766520710437e-17
532.29,2.0742718478439095e-14,2.6551603415915914e-17
532.3,2.074080760481765e-14,2.6459029002415335e-17
532.31,2.0738893962250647e-14,2.6796256827938535e-17
532.32,2.0737133748432305e-14,2.6343497456557195e-17
532.33,2.0734890973175176e-14,2.6188798821021767e-17
532.34,2.0733360793752e-14,2.645719132874815e-17
532.35,2.0731291540822578e-14,2.621575416349528e-17
532.36,2.072940381992743e-14,2.6131738223040536e-17
532.37,2.0727357965675683e-14,2.6015307643222997e-17
532.38,2.072599463273601e-14,2.6482524872688705e-17
532.39,2.072381286689158e-14,2.5900504331332815e-17
532.4,2.072228984341988e-14,2.70934629868058e-17
532.41,2.071983590179773e-14,2.627022281435017e-17
532.42,2.0718560756058156e-14,2.5898850934853113e-17
532.43,2.071612911426893e-14,2.626865605682324e-17
532.44,2.071416640163522e-14,2.6083720228867123e-17
532.45,2.07128361836071e-14,2.6217232126532986e-17
532.46,2.0710588009146614e-14,2.6200254807254354e-17
532.47,2.0708831189195054e-14,2.6532569099596316e-17
532.48,2.0707678737079273e-14,2.663046143249299e-17
532.49,2.0705395996729263e-14,2.884503510998984e-17
532.5,2.0703217475299182e-14,2.629829071024012e-17
532.51,2.0701336206276832e-14,2.5437211558394266e-17
532.52,2.069884570800937e-14,2.5916894477090852e-17
532.53,2.0697371401475952e-14,2.6157063449538937e-17
532.54,2.069572179641737e-14,2.6161903446485343e-17
532.55,2.069366595234094e-14,2.6109407577129694e-17
532.56,2.0691860357059112e-14,2.6550264780483984e-17
532.57,2.0689974697656063e-14,2.6026725480676466e-17
532.58,2.0687329284424e-14,2.431643114834506e-17
532.59,2.068617942021794e-14,2.6245163501461018e-17
532.6,2.068452466750286e-14,2.648793914798381e-17
532.61,2.06824169695993e-14,2.62394210134951e-17
532.62,2.0680394227440184e-14,2.6088865822350892e-17
532.63,2.0678646576510616e-14,2.6169716950230053e-17
532.64,2.067657944724498e-14,2.5940190592001232e-17
532.65,2.0675110737315232e-14,2.6490897778476952e-17
532.66,2.0673065634978732e-14,2.615259565505157e-17
532.67,2.0669937902836356e-14,2.720459281618222e-17
532.68,2.066902533557168e-14,2.5986050138779135e-17
532.69,2.0667262500372916e-14,2.6327456729336963e-17
532.7,2.0665428141838584e-14,2.6190466631583895e-17
532.71,2.0663440278893575e-14,2.5994926037992986e-17
532.72,2.066164626202671e-14,2.6187220474750558e-17
532.73,2.0659917325365686e-14,2.6044368947146924e-17
532.74,2.0658216622358782e-14,2.656723573284513e-17
532.75,2.0656219963569636e-14,2.637391558370647e-17
532.76,2.0653450036162295e-14,2.656800351535959e-17
532.77,2.065255089804466e-14,2.6664569540256106e-17
532.78,2.0650389131838403e-14,2.6375082405837807e-17
532.79,2.0648597961170795e-14,2.6330139132143664e-17
532.8,2.0646312100884424e-14,2.6321378791214978e-17
532.81,2.064457033853947e-14,2.5956791028173785e-17
532.82,2.064306077834439e-14,2.6031220906598334e-17
532.83,2.064121771523214e-14,2.637678312762009e-17
532.84,2.063923220015129e-14,2.6185091034300434e-17
532.85,2.0637056228113568e-14,2.6459087210522604e-17
532.86,2.063551884641032e-14,2.6302595542347285e-17
532.87,2.0633284878491453e-14,2.6005355707275306e-17
532.88,2.0631639069174356e-14,2.6065992105926573e-17
532.89,2.0629467596285346e-14,2.594380313944495e-17
532.9,2.0627979920103123e-14,2.599111198855436e-17
532.91,2.062599878194395e-14,2.595506915140719e-17
532.92,2.06245975994792e-14,2.641401972276094e-17
532.93,2.0622270834706778e-14,2.606924261698107e-17
532.94,2.0620122350864658e-14,2.6203470305660342e-17
532.95,2.061839439328691e-14,2.615513038098398e-17
532.96,2.0615845378566095e-14,2.476420330559419e-17
532.97,2.061471807441874e-14,2.6125007486662862e-17
532.98,2.0612453769190148e-14,2.5883689567636245e-17
532.99,2.0610835947286e-14,2.575181106050596e-17
533.0,2.0609137635735958e-14,2.583824968073062e-17
533.01,2.0607888279821766e-14,2.6775899225181077e-17
533.02,2.0605236429651466e-14,2.603345041471719e-17
533.03,2.0603692451810784e-14,2.5979450627351865e-17
533.04,2.0601651077515806e-14,2.609143601956709e-17
533.05,2.0599609463717986e-14,2.613800275124097e-17
533.06,2.0597835555418874e-14,2.601872436162984e-17
533.07,2.059607434958239e-14,2.5622549258710715e-17
533.08,2.0594059892714287e-14,2.5926344038992726e-17
533.09,2.0592365988278698e-14,2.582889847024378e-17
533.1,2.0590973375152294e-14,2.6303983892593e-17
533.11,2.0588468667810435e-14,2.6133062094826694e-17
533.12,2.0586631785996404e-14,2.598572489122573e-17
533.13,2.0584868854477784e-14,2.621392181121512e-17
533.14,2.0582668253278973e-14,2.6124281512070198e-17
533.15,2.0581017099888192e-14,2.6045679869685994e-17
533.16,2.0578520938799767e-14,2.567816183745311e-17
533.17,2.0577372065574907e-14,2.6104307911583736e-17
533.18,2.0575042344352378e-14,2.52808160100368e-17
533.19,2.0574318277473158e-14,2.6297724485145166e-17
533.2,2.0571710077719936e-14,2.608986189580132e-17
533.21,2.0569789716494347e-14,2.5939346262188717e-17
533.22,2.056786986236808e-14,2.605419416303865e-17
533.23,2.056594025643638e-14,2.6119206565468364e-17
533.24,2.0564084181935353e-14,2.6004643508460608e-17
533.25,2.0561927397470552e-14,2.5927414421660288e-17
533.26,2.0560306403435686e-14,2.608607919786086e-17
533.27,2.0558499210193208e-14,2.5625128083272893e-17
533.28,2.0557446090400688e-14,2.5927761414680642e-17
533.29,2.0554367225877163e-14,2.5728062945962377e-17
533.3,2.055294892207166e-14,2.5866715641699182e-17
533.31,2.0551099432920487e-14,2.603207162781521e-17
533.32,2.054920024630737e-14,2.607841389880773e-17
533.33,2.0547192317093043e-14,2.594423575985329e-17
533.34,2.054489119866717e-14,2.571232702853981e-17
533.35,2.054343411812475e-14,2.5879723457448047e-17
533.36,2.054200418118739e-14,2.5916626960841752e-17
533.37,2.054048308184843e-14,2.6017921617941983e-17
533.38,2.0537750696833977e-14,2.59644805008114e-17
533.39,2.0536197381064738e-14,2.5638459305747752e-17
533.4,2.0534381916048178e-14,2.5929220218085492e-17
533.41,2.0532173021779215e-14,2.5863938642165037e-17
533.42,2.0530760178862785e-14,2.5846006191529397e-17
533.43,2.052761444973573e-14,2.595280867479259e-17
533.44,2.0526341353699754e-14,2.5531366168307693e-17
533.45,2.0525146696813625e-14,2.5749525144295773e-17
533.46,2.052386931504124e-14,2.606695455642467e-17
533.47,2.0520600322427498e-14,2.5814225427792136e-17
533.48,2.0519553461158343e-14,2.562118513862602e-17
533.49,2.0517480418946908e-14,2.58688069402489e-17
533.5,2.051536859298761e-14,2.5990021564561762e-17
533.51,2.0513868576175315e-14,2.6041600897797184e-17
533.52,2.051080758958754e-14,2.6050451209177676e-17
533.53,2.050988408089754e-14,2.569452964429943e-17
533.54,2.0508345667722725e-14,2.6230010034553656e-17
533.55,2.0506856616251217e-14,2.5921292324711624e-17
533.56,2.05041578253332e-14,2.575392100426661e-17
533.57,2.0502517188236164e-14,2.5922767130686393e-17
533.58,2.0500582850087603e-14,2.5801399983598687e-17
533.59,2.0498721127157494e-14,2.6004850152634135e-17
533.6,2.0496848840253493e-14,2.5984771493072348e-17
533.61,2.0494404899962626e-14,2.618541074107229e-17
533.62,2.0492660072179337e-14,2.547493085810099e-17
533.63,2.0491215453660902e-14,2.5941765343802764e-17
533.64,2.049012949007473e-14,2.5972724535977017e-17
533.65,2.048729700159781e-14,2.577304390680532e-17
533.66,2.0485870371970445e-14,2.591890819028318e-17
533.67,2.0483977317201395e-14,2.5972338878768256e-17
533.68,2.0481766898211418e-14,2.564285764277697e-17
533.69,2.048045112935504e-14,2.6616618971261593e-17
533.7,2.0477542094435715e-14,2.6201143593224803e-17
533.71,2.0476497113556547e-14,2.5442353422006453e-17
533.72,2.0474600178051294e-14,2.5814247406213553e-17
533.73,2.0473444995355173e-14,2.55516150329351e-17
533.74,2.0470951165418417e-14,2.5835319792796993e-17
533.75,2.0469066014854457e-14,2.606476731420464e-17
533.76,2.0467181503592226e-14,2.554327892394749e-17
533.77,2.0465342818731277e-14,2.5716454561627387e-17
533.78,2.046335854182199e-14,2.6121192015339672e-17
533.79,2.0461308643230224e-14,2.6283874072326644e-17
533.8,2.0459925368642577e-14,2.5842642567948355e-17
533.81,2.0457747266510624e-14,2.5658045798342475e-17
533.82,2.0456796449919924e-14,2.5914658585367892e-17
533.83,2.0454107062431692e-14,2.570006470115465e-17
533.84,2.0452140551993772e-14,2.6070534193109007e-17
533.85,2.0450619061161348e-14,2.5499793389894227e-17
533.86,2.044883855915709e-14,2.548428591921527e-17
533.87,2.044677411038659e-14,2.5995782305487795e-17
533.88,2.0444558727585982e-14,2.6030743076566864e-17
533.89,2.0443366392919458e-14,2.5652568526043943e-17
533.9,2.0441215116110747e-14,2.5805704346505667e-17
533.91,2.0439956187062773e-14,2.5614399208627184e-17
533.92,2.0437547158043422e-14,2.5936093333252466e-17
533.93,2.0437846096117917e-14,2.5397407313264987e-17
533.94,2.0433655975533907e-14,2.5943057339795095e-17
533.95,2.0432024148223202e-14,2.538503955752658e-17
533.96,2.043002825664333e-14,2.598360645798944e-17
533.97,2.0427884521345623e-14,2.560816314615947e-17
533.98,2.0426340936791987e-14,2.5703146699338214e-17
533.99,2.0424663166416607e-14,2.5739261275798054e-17
534.0,2.0423291744466285e-14,2.559518821319439e-17
534.01,2.0420785950373398e-14,2.5847369952966895e-17
534.02,2.0419130538155724e-14,2.682376556142065e-17
534.03,2.041709799090396e-14,2.5823430427852737e-17
534.04,2.0415525274079145e-14,2.577994478834792e-17
534.05,2.0413262802126032e-14,2.5758922516102754e-17
534.06,2.041115276878178e-14,2.5380350528339506e-17
534.07,2.040969186524293e-14,2.5818742821603428e-17
534.08,2.0407914316043397e-14,2.5855839637842703e-17
534.09,2.04066376922171e-14,2.5655936170113682e-17
534.1,2.0403830798198675e-14,2.572371381432773e-17
534.11,2.0402882001246894e-14,2.5716906117370096e-17
534.12,2.0400387612417516e-14,2.5891217738130338e-17
534.13,2.0399538205623226e-14,2.5685379627648033e-17
534.14,2.0396253606171984e-14,2.5728196261973706e-17
534.15,2.0394335984077364e-14,2.5986342306468884e-17
534.16,2.0392964434155754e-14,2.5655717485965904e-17
534.17,2.0391153459950513e-14,2.5860884586340083e-17
534.18,2.03897806656846e-14,2.5554398666537256e-17
534.19,2.0387437814850297e-14,2.5576329214234507e-17
534.2,2.038575550316569e-14,2.5813373408639062e-17
534.21,2.0383836270997148e-14,2.5232887238510948e-17
534.22,2.0382506892818365e-14,2.5762898659196915e-17
534.23,2.0379841973201938e-14,2.5825306855625194e-17
534.24,2.0378269311419645e-14,2.5992532984811548e-17
534.25,2.0376364900141738e-14,2.586330807806066e-17
534.26,2.03745392370196e-14,2.5842669964749847e-17
534.27,2.0373154961986345e-14,2.5540656430427853e-17
534.28,2.037064949061636e-14,2.5873272644004467e-17
534.29,2.036902006634764e-14,2.5723151490051734e-17
534.3,2.0367389588421774e-14,2.571754715247833e-17
534.31,2.036564871927968e-14,2.8377635993901064e-17
534.32,2.0363425208049385e-14,2.5818088150891446e-17
534.33,2.0360938457587707e-14,2.5650788471219158e-17
534.34,2.035966159179116e-14,2.5586407851445138e-17
534.35,2.0358178883550446e-14,2.5931239406036954e-17
534.36,2.0356394637690263e-14,2.5399901658097036e-17
534.37,2.035393530272752e-14,2.572412972168464e-17
534.38,2.035200695999171e-14,2.5393524729102236e-17
534.39,2.035038060192526e-14,2.578737400874914e-17
534.4,2.0343882081366332e-14,2.3403129803718556e-17
534.41,2.0346531812733524e-14,2.5556834390309263e-17
534.42,2.0344722288067876e-14,2.58051843013264e-17
534.43,2.0342990435790786e-14,2.557911012245369e-17
534.44,2.0341139528933788e-14,2.559260723052859e-17
534.45,2.033963435021297e-14,2.5456645622903323e-17
534.46,2.0337544291920283e-14,2.6112319340297284e-17
534.47,2.0333028965253142e-14,2.5394644274279414e-17
534.48,2.0333804429187317e-14,2.5844233314684113e-17
534.49,2.0339761484552488e-14,2.69785910132481e-17
534.5,2.033022082927401e-14,2.4979381402719627e-17
534.51,2.0328131405592218e-14,2.576689727591353e-17
534.52,2.0326492100543387e-14,2.5721931015820634e-17
534.53,2.0323414437638932e-14,2.5715673635715183e-17
534.54,2.032284017695626e-14,2.5425199094062053e-17
534.55,2.0320654139602942e-14,2.5717397990856658e-17
534.56,2.0318936067371843e-14,2.577839066723504e-17
534.57,2.0317394962370165e-14,2.5703236451284128e-17
534.58,2.0316200339114215e-14,2.6449178411074423e-17
534.59,2.031361752719876e-14,2.5912822633681187e-17
534.6,2.031139369856764e-14,2.5814126396240896e-17
534.61,2.0309904856926322e-14,2.5724537580691767e-17
534.62,2.030801141785269e-14,2.5596698684274484e-17
534.63,2.0306202939910846e-14,2.5575929754654503e-17
534.64,2.0304200197566863e-14,2.563961716591202e-17
534.65,2.0302259500423952e-14,2.563585060261922e-17
534.66,2.0300387960378832e-14,2.5685448266836332e-17
534.67,2.0298802663325377e-14,2.598175389514832e-17
534.68,2.0296946905475575e-14,2.5656424776412177e-17
534.69,2.0295004538647835e-14,2.5764364410950957e-17
534.7,2.0293085061388582e-14,2.582103557449079e-17
534.71,2.029152374324034e-14,2.564769444214518e-17
534.72,2.028920402441272e-14,2.5311766424422173e-17
534.73,2.0287723880091528e-14,2.5653454686751154e-17
534.74,2.0285824540766276e-14,2.615117963845122e-17
534.75,2.0283933109821216e-14,2.5828861972913715e-17
534.76,2.028226145810435e-14,2.6039455962682396e-17
534.77,2.0280522937729567e-14,2.577196797114568e-17
534.78,2.027859839613782e-14,2.5936381310756816e-17
534.79,2.0276931004682795e-14,2.5543398745812864e-17
534.8,2.0274957047263347e-14,2.5597524453790236e-17
534.81,2.0272794777551404e-14,2.5571369301358884e-17
534.82,2.0271227379658706e-14,2.5920793448899422e-17
534.83,2.0268953049129488e-14,2.56213051518445e-17
534.84,2.02678100960139e-14,2.5935453633831038e-17
534.85,2.0265373240125292e-14,2.5797267279534073e-17
534.86,2.0263837750884157e-14,2.5742251309823974e-17
534.87,2.026144724075934e-14,2.564497243846116e-17
534.88,2.0260005859072173e-14,2.5643852245665296e-17
534.89,2.02583948527879e-14,2.5708216957821875e-17
534.9,2.025631810796302e-14,2.5681649494379295e-17
534.91,2.0254812519465402e-14,2.5744946582525792e-17
534.92,2.0253868101617752e-14,2.603670263073641e-17
534.93,2.024784612349398e-14,2.5290811819460043e-17
534.94,2.0248856013452072e-14,2.5610535495027062e-17
534.95,2.0247569151827374e-14,2.57258706839323e-17
534.96,2.024534408680789e-14,2.5684378813814425e-17
534.97,2.0243507248452623e-14,2.5736057858210697e-17
534.98,2.0241857450302022e-14,2.5780598601854603e-17
534.99,2.0239776658225804e-14,2.5621575052799583e-17
535.0,2.0238291236025677e-14,2.5595721356977538e-17
535.01,2.0235351641300508e-14,2.5465462542080812e-17
535.02,2.023428395564134e-14,2.5621709381033952e-17
535.03,2.023254713935492e-14,2.5616348671443372e-17
535.04,2.023077415987172e-14,2.5718813993995805e-17
535.05,2.0228779092797657e-14,2.5542030362904948e-17
535.06,2.0227277663291507e-14,2.5925246822261098e-17
535.07,2.0224996842314374e-14,2.5615836497446063e-17
535.08,2.0223679646557827e-14,2.5836313347620596e-17
535.09,2.0221542685005077e-14,2.5603240418287078e-17
535.1,2.0219766660416704e-14,2.555039825704544e-17
535.11,2.0217731476348877e-14,2.58264676466779e-17
535.12,2.0216331695105855e-14,2.5716617717236708e-17
535.13,2.0214305673959728e-14,2.5510195446041384e-17
535.14,2.0212299659496507e-14,2.5688058130195293e-17
535.15,2.021075895469168e-14,2.552368791971126e-17
535.16,2.0208998253140258e-14,2.5734094288484173e-17
535.17,2.0206779138797895e-14,2.5807697462744625e-17
535.18,2.0205007773908226e-14,2.5628705820545626e-17
535.19,2.020336114829042e-14,2.5577373051809497e-17
535.2,2.020163486480817e-14,2.5956445212070475e-17
535.21,2.01996506209738e-14,2.5535899182640943e-17
535.22,2.019753183999628e-14,2.562298843607314e-17
535.23,2.0195698053085173e-14,2.5814780693692547e-17
535.24,2.019446366448942e-14,2.5736406987711183e-17
535.25,2.0192482139384576e-14,2.5678211535613186e-17
535.26,2.0190426670150777e-14,2.5610648726696755e-17
535.27,2.018851530945386e-14,2.5921010905313302e-17
535.28,2.01864167921623e-14,2.5576835921009634e-17
535.29,2.0185130721410373e-14,2.566170043260827e-17
535.3,2.018333465300617e-14,2.565797210291002e-17
535.31,2.018132121134916e-14,2.5610603191569292e-17
535.32,2.0179595121611516e-14,2.5627603462688578e-17
535.33,2.0177813227383976e-14,2.5612479735325295e-17
535.34,2.0175905952398793e-14,2.565661528445698e-17
535.35,2.0174184648070986e-14,2.5674187474331197e-17
535.36,2.0172130511979325e-14,2.5700447403777998e-17
535.37,2.017055849281059e-14,2.572294680690196e-17
535.38,2.016844704256752e-14,2.5611034968891776e-17
535.39,2.0166838158208568e-14,2.5618698738897335e-17
535.4,2.0164805921875882e-14,2.5632078693979118e-17
535.41,2.016267161150628e-14,2.550726823037e-17
535.42,2.016109075850231e-14,2.5617399821346563e-17
535.43,2.0159406499903064e-14,2.5744366607620816e-17
535.44,2.0157762474575018e-14,2.571893638030217e-17
535.45,2.015578176162377e-14,2.575255194016929e-17
535.46,2.0153868049347726e-14,2.5584693722043787e-17
535.47,2.0152006790161674e-14,2.5605413976719498e-17
535.48,2.015022084972006e-14,2.570809100594298e-17
535.49,2.014843385956415e-14,2.5776738178843318e-17
535.5,2.0146427686387676e-14,2.5629334053525514e-17
535.51,2.014474849826618e-14,2.5732043102567794e-17
535.52,2.014304129760783e-14,2.5774810492958404e-17
535.53,2.014122647854072e-14,2.5781173760842284e-17
535.54,2.0139155782809446e-14,2.572640093510421e-17
535.55,2.0137790917069063e-14,2.5857581136530722e-17
535.56,2.013595888239296e-14,2.567418241624394e-17
535.57,2.0133695744681677e-14,2.572250992146526e-17
535.58,2.0131755502792326e-14,2.5518930723629847e-17
535.59,2.0129921556759274e-14,2.570889695974868e-17
535.6,2.0128522152824253e-14,2.5579315640362463e-17
535.61,2.0126340043433395e-14,2.5711919844304158e-17
535.62,2.0124430943274408e-14,2.5711930064120038e-17
535.63,2.0122739801161168e-14,2.5610504616579842e-17
535.64,2.0120724092889964e-14,2.5462405351244278e-17
535.65,2.0119152342627735e-14,2.5766878624251746e-17
535.66,2.0117506160913537e-14,2.5714165043640958e-17
535.67,2.0115622734550277e-14,2.5614557667890217e-17
535.68,2.011338800346618e-14,2.5359541187899202e-17
535.69,2.0112435379412664e-14,2.5813734100520942e-17
535.7,2.011006339258857e-14,2.5761147140274236e-17
535.71,2.0108081731469653e-14,2.5675995161215817e-17
535.72,2.0106657410220164e-14,2.552107547394111e-17
535.73,2.0104798198492327e-14,2.5833445114289448e-17
535.74,2.0102815600297573e-14,2.5903973388763485e-17
535.75,2.0100945707966625e-14,2.5590781694092015e-17
535.76,2.009936215957779e-14,2.5886700286360184e-17
535.77,2.0097059965311423e-14,2.545870094203362e-17
535.78,2.0095795756700315e-14,2.595329344843386e-17
535.79,2.0093599646514787e-14,2.5744352028844386e-17
535.8,2.0091630041362886e-14,2.585345488874095e-17
535.81,2.0090469402030878e-14,2.5768800590903692e-17
535.82,2.0088452284789506e-14,2.575508042879353e-17
535.83,2.0086728462693532e-14,2.5903328242492698e-17
535.84,2.008456040094838e-14,2.5681317230216232e-17
535.85,2.0082519572322678e-14,2.5495344763169096e-17
535.86,2.0081312403614846e-14,2.5608344953430574e-17
535.87,2.00795426536596e-14,2.5833214812763543e-17
535.88,2.0077434833395047e-14,2.562795333452985e-17
535.89,2.0075487463469056e-14,2.5913934832465747e-17
535.9,2.0076305698141438e-14,2.674606572685889e-17
535.91,2.0071265269772437e-14,2.5256216079805044e-17
535.92,2.0070005699638672e-14,2.550931825635217e-17
535.93,2.0068431124065712e-14,2.5804973298521453e-17
535.94,2.0066496259137964e-14,2.5825247746868157e-17
535.95,2.0064803865277162e-14,2.5660826844859862e-17
535.96,2.0062847709971552e-14,2.5822766880548633e-17
535.97,2.0060964545200693e-14,2.5668365040064706e-17
535.98,2.0059274098464902e-14,2.5934685567150307e-17
535.99,2.0057078982309192e-14,2.516095172058479e-17
536.0,2.005518979580257e-14,2.5433646814833367e-17
536.01,2.0053710021525368e-14,2.552695130214194e-17
536.02,2.0052007652140057e-14,2.576841910196062e-17
536.03,2.0050279978099622e-14,2.578696156714123e-17
536.04,2.0048072918729754e-14,2.5438840776220962e-17
536.05,2.0046565170646675e-14,2.56730352785019e-17
536.06,2.004464642290323e-14,2.5470332266262036e-17
536.07,2.0042840922347444e-14,2.595876431280597e-17
536.08,2.0041112121288832e-14,2.5637150606906863e-17
536.09,2.003882536032393e-14,2.5254581732010257e-17
536.1,2.003773628623264e-14,2.564321552985808e-17
536.11,2.0035321873259293e-14,2.5652403404934777e-17
536.12,2.0033581838309313e-14,2.5626658349690217e-17
536.13,2.0031847495367758e-14,2.558745526163592e-17
536.14,2.003015308312783e-14,2.5698668382635183e-17
536.15,2.0028088985233528e-14,2.5406728711207885e-17
536.16,2.0027039439704342e-14,2.5605242801361326e-17
536.17,2.0024509954859172e-14,2.5532173899551377e-17
536.18,2.002312610044739e-14,2.5585696881582103e-17
536.19,2.002097254267767e-14,2.567835092367917e-17
536.2,2.001882075649927e-14,2.5579132837653684e-17
536.21,2.0017254060671436e-14,2.5425677622989843e-17
536.22,2.0015545174396582e-14,2.5313662595793458e-17
536.23,2.0013861920329785e-14,2.571107990159236e-17
536.24,2.0011996099700597e-14,2.5541770670674242e-17
536.25,2.0010574192338475e-14,2.542799589396904e-17
536.26,2.000832500558823e-14,2.5546394629503876e-17
536.27,2.000686274735457e-14,2.5683812919851846e-17
536.28,2.000470689253034e-14,2.5519185407142002e-17
536.29,2.000254553288903e-14,2.545557532103588e-17
536.3,2.000066550896685e-14,2.5608770559598955e-17
536.31,1.9999211435801152e-14,2.5466855991258165e-17
536.32,1.9997395345930456e-14,2.5641901165464463e-17
536.33,1.9995746303333006e-14,2.5918180491471997e-17
536.34,1.9994172383151277e-14,2.5379849293756345e-17
536.35,1.999230473499125e-14,2.5611840058448908e-17
536.36,1.998984702509532e-14,2.5851753579931837e-17
536.37,1.998868233647633e-14,2.5697880205513226e-17
536.38,1.998612493482936e-14,2.5215595998769046e-17
536.39,1.9984656478370776e-14,2.5127387569437592e-17
536.4,1.9982959102064242e-14,2.545280276768033e-17
536.41,1.998122046711058e-14,2.5676913340655713e-17
536.42,1.9979145709673372e-14,2.5497007266825694e-17
536.43,1.997838528198458e-14,2.739673168411577e-17
536.44,1.9975679358234317e-14,2.5432097033558887e-17
536.45,1.997451954909074e-14,2.6719047535126033e-17
536.46,1.9972460741390864e-14,2.587077570362914e-17
536.47,1.9970114010579443e-14,2.5046003433308837e-17
536.48,1.9968276250893563e-14,2.5430149715714247e-17
536.49,1.9966750472336933e-14,2.5509032752779515e-17
536.5,1.9964896879452366e-14,2.5735676540971982e-17
536.51,1.9963544990795136e-14,2.5951274215622697e-17
536.52,1.9963034946683618e-14,2.7247720188532712e-17
536.53,1.9959571961331713e-14,2.574208622254883e-17
536.54,1.9957821303049855e-14,2.567714560975495e-17
536.55,1.9955709100992943e-14,2.5349417955014676e-17
536.56,1.995415844385712e-14,2.5088679084498544e-17
536.57,1.9952095773988474e-14,2.52997582171535e-17
536.58,1.99506569784008e-14,2.5552926970560592e-17
536.59,1.9948612611187543e-14,2.571148989569729e-17
536.6,1.994688155686906e-14,2.5452149942370584e-17
536.61,1.9946152862059392e-14,2.4939373371042102e-17
536.62,1.994346433449095e-14,2.5694771250798292e-17
536.63,1.99413392827058e-14,2.5309687586797215e-17
536.64,1.993976120938026e-14,2.5634460067643684e-17
536.65,1.99378505126037e-14,2.5014249911750282e-17
536.66,1.9936053116928345e-14,2.550920295290826e-17
536.67,1.993392590048821e-14,2.5451418597120932e-17
536.68,1.993230017614795e-14,2.5823535761582632e-17
536.69,1.9930323826824235e-14,2.56686872982113e-17
536.7,1.9929374877636303e-14,2.5003695793240836e-17
536.71,1.992691317860906e-14,2.504294762499355e-17
536.72,1.992511793473501e-14,2.527371998538613e-17
536.73,1.992339928992044e-14,2.5372821433367023e-17
536.74,1.9921641817208647e-14,2.479867199886608e-17
536.75,1.991975210013111e-14,2.5470045823894063e-17
536.76,1.9917952132981294e-14,2.5657750784579725e-17
536.77,1.9915810621661996e-14,2.5488318003701925e-17
536.78,1.99143441548708e-14,2.5572203507854883e-17
536.79,1.9912484511200053e-14,2.5158899361108436e-17
536.8,1.9910856373753078e-14,2.538071976252154e-17
536.81,1.9909249027575892e-14,2.6311921596088312e-17
536.82,1.9907133397920634e-14,2.5338995270285266e-17
536.83,1.9905650787138056e-14,2.501621741320057e-17
536.84,1.990350878000643e-14,2.542112640921216e-17
536.85,1.9901770539148963e-14,2.523380746803574e-17
536.86,1.9899722679365322e-14,2.5607419899431246e-17
536.87,1.9898303575625257e-14,2.5471284001710305e-17
536.88,1.989611049031873e-14,2.4979928250037863e-17
536.89,1.9894785179721593e-14,2.5911695862801428e-17
536.9,1.9892606229205964e-14,2.4023234030330912e-17
536.91,1.9891168480786544e-14,2.5575244199274843e-17
536.92,1.9889363281877406e-14,2.520752536170532e-17
536.93,1.9887545869836235e-14,2.5529322259898123e-17
536.94,1.9885633637997756e-14,2.5270950598111538e-17
536.95,1.988345151267348e-14,2.525024559520646e-17
536.96,1.988200313325834e-14,2.5481841196877526e-17
536.97,1.9879852128954023e-14,2.528176267028333e-17
536.98,1.987853890405485e-14,2.5282616928175584e-17
536.99,1.9876173087093343e-14,2.5319423411002932e-17
537.0,1.9874830810497005e-14,2.5473786150220842e-17
537.01,1.9873866419396357e-14,2.5324843647240194e-17
537.02,1.9871269221836298e-14,2.5486083927595416e-17
537.03,1.9869462038675105e-14,2.534810055697988e-17
537.04,1.9867321310039625e-14,2.5582243699810864e-17
537.05,1.9865943577885802e-14,2.5411389356778853e-17
537.06,1.9864027180682697e-14,2.5330241966141577e-17
537.07,1.9862181524460982e-14,2.5184839578056613e-17
537.08,1.9860581959311226e-14,2.5375881512667824e-17
537.09,1.985873565290207e-14,2.5258704111761894e-17
537.1,1.98578682606187e-14,2.5368237206340525e-17
537.11,1.9855089378290325e-14,2.5359336968914005e-17
537.12,1.9853634358304227e-14,2.5684011157456244e-17
537.13,1.9850696063107484e-14,2.5637479241285168e-17
537.14,1.9849727515623832e-14,2.5462947508601247e-17
537.15,1.9847686987501627e-14,2.53815365921874e-17
537.16,1.9846073853861553e-14,2.5399007163195224e-17
537.17,1.9844142844956548e-14,2.548586109575224e-17
537.18,1.9842717208903384e-14,2.5227574869210632e-17
537.19,1.984162443841756e-14,2.5252276793478045e-17
537.2,1.983895190792723e-14,2.5409053324091086e-17
537.21,1.983729546664843e-14,2.5363282430739558e-17
537.22,1.9834580815668476e-14,2.5590264907839786e-17
537.23,1.9833665584484865e-14,2.5861709194605128e-17
537.24,1.9831814364837356e-14,2.5224562167510328e-17
537.25,1.9829975057970567e-14,2.5207305073403713e-17
537.26,1.9828025765604706e-14,2.558158633656255e-17
537.27,1.982625868214794e-14,2.5354481934852102e-17
537.28,1.9825386570554066e-14,2.5822332787768e-17
537.29,1.982298358807552e-14,2.5777036449360882e-17
537.3,1.9820892061275978e-14,2.507886577683245e-17
537.31,1.9818573419577883e-14,2.4680844124641396e-17
537.32,1.981747472529808e-14,2.5353835026908398e-17
537.33,1.9815652610883726e-14,2.5422486405561732e-17
537.34,1.9813698142885432e-14,2.5259443764481223e-17
537.35,1.9811976123701115e-14,2.5543629168983263e-17
537.36,1.9810023989593727e-14,2.5229420067228158e-17
537.37,1.9809117465960826e-14,2.591066985404354e-17
537.38,1.9806872471552276e-14,2.5263720890574228e-17
537.39,1.980472294443354e-14,2.5010326345406722e-17
537.4,1.9802609481737465e-14,2.458942937563256e-17
537.41,1.980171019113109e-14,2.5540765819402015e-17
537.42,1.979927496626152e-14,2.5168906500287724e-17
537.43,1.979782800509892e-14,2.5260077701620168e-17
537.44,1.9796021429174952e-14,2.5285311791577916e-17
537.45,1.9793638779727765e-14,2.504386022228092e-17
537.46,1.9792848784078248e-14,2.5948974606870186e-17
537.47,1.9791014053183807e-14,2.5267740996962072e-17
537.48,1.9788340868657807e-14,2.4984753932034207e-17
537.49,1.9786960171079796e-14,2.4646083181892266e-17
537.5,1.9785475967428584e-14,2.517568462361304e-17
537.51,1.9783113671524668e-14,2.5270265922877175e-17
537.52,1.9781554752956674e-14,2.529205789511735e-17
537.53,1.9780098829498472e-14,2.497787215045415e-17
537.54,1.9777561774247285e-14,2.4834423615741892e-17
537.55,1.9776571260335093e-14,2.6023155757656206e-17
537.56,1.9774852065438743e-14,2.52294347700846e-17
537.57,1.977239669735838e-14,2.511393805937801e-17
537.58,1.9771043382958533e-14,2.4785152973619868e-17
537.59,1.9769358710496687e-14,2.5005220907375417e-17
537.6,1.976721817316705e-14,2.5239391806938665e-17
537.61,1.9765557630366414e-14,2.5043633171190633e-17
537.62,1.9764191730335342e-14,2.5137316720937452e-17
537.63,1.9761951593801826e-14,2.5215980026810504e-17
537.64,1.9760064656162075e-14,2.612871009381701e-17
537.65,1.9758771794002836e-14,2.478833966466169e-17
537.66,1.9756677568643197e-14,2.518352972695012e-17
537.67,1.975513378986958e-14,2.4875148547418533e-17
537.68,1.9753028614072296e-14,2.5202752559484693e-17
537.69,1.9751081408699573e-14,2.5104939737950285e-17
537.7,1.9749383557719534e-14,2.5269111510557526e-17
537.71,1.9747914060317978e-14,2.4848900161691754e-17
537.72,1.97459669822923e-14,2.520445332109107e-17
537.73,1.9743934049294424e-14,2.5682316114490415e-17
537.74,1.9742458958229337e-14,2.4871001321417334e-17
537.75,1.9740533219161373e-14,2.541308298849085e-17
537.76,1.9738597076214338e-14,2.5065780173084118e-17
537.77,1.9736909724294853e-14,2.5091567133572655e-17
537.78,1.973564920959296e-14,2.5161078100819486e-17
537.79,1.9733618166304258e-14,2.4930031203750305e-17
537.8,1.9731820069957733e-14,2.5474676673607712e-17
537.81,1.972991176864303e-14,2.5063323050512213e-17
537.82,1.9727593826724493e-14,2.5615762557704337e-17
537.83,1.972667767995708e-14,2.5109654610865177e-17
537.84,1.972454108140337e-14,2.5266244987160888e-17
537.85,1.9722877860583047e-14,2.5210770146319015e-17
537.86,1.9721018035213315e-14,2.499808878784837e-17
537.87,1.971637757097901e-14,2.5802213219683508e-17
537.88,1.971808570731896e-14,2.471926944331982e-17
537.89,1.9715872763734864e-14,2.5427178422279607e-17
537.9,1.9713726237928303e-14,2.4982259972738835e-17
537.91,1.97118565802635e-14,2.5604531960317698e-17
537.92,1.9710388648328116e-14,2.4966945380954515e-17
537.93,1.9708444154175308e-14,2.485027995235827e-17
537.94,1.970671857872046e-14,2.498107297312357e-17
537.95,1.9704868630666376e-14,2.4856419088455116e-17
537.96,1.970314368645774e-14,2.4491277285108095e-17
537.97,1.9701719122807335e-14,2.5078252833768743e-17
537.98,1.9699421415143615e-14,2.5039504340594712e-17
537.99,1.96977223710771e-14,2.503766891057067e-17
538.0,1.9695157385139856e-14,2.5632256647397362e-17
538.01,1.9694454963242173e-14,2.4917153636603403e-17
538.02,1.9692471429625207e-14,2.5067353522221968e-17
538.03,1.9691188308597552e-14,2.493414642787001e-17
538.04,1.968900012104021e-14,2.5004958023029988e-17
538.05,1.968712043113091e-14,2.501280455532781e-17
538.06,1.9685280631366877e-14,2.5179540070094174e-17
538.07,1.9682781054022828e-14,2.4943919884359436e-17
538.08,1.968167054529154e-14,2.505388936032027e-17
538.09,1.967949893427004e-14,2.4893428727129032e-17
538.1,1.9678251243616502e-14,2.4984723654042104e-17
538.11,1.9676575853543337e-14,2.4837944883936486e-17
538.12,1.9675067137494123e-14,2.500467199542497e-17
538.13,1.967291774358514e-14,2.4853536939500914e-17
538.14,1.967144766209819e-14,2.483252416372134e-17
538.15,1.966952219632523e-14,2.499314132289708e-17
538.16,1.9667502284903782e-14,2.4074419154841924e-17
538.17,1.966572601050149e-14,2.4872860339743392e-17
538.18,1.9663840190430686e-14,2.4972477233155362e-17
538.19,1.966244725988969e-14,2.4813436669274475e-17
538.2,1.966071430636491e-14,2.4841275567136922e-17
538.21,1.965916531597388e-14,2.490710646680866e-17
538.22,1.9657371064379495e-14,2.4925452053604082e-17
538.23,1.9655266141981545e-14,2.4593444744665177e-17
538.24,1.965327050463038e-14,2.4911200984672674e-17
538.25,1.9652147421924586e-14,2.3132982487830072e-17
538.26,1.9649403294826322e-14,2.505552270678605e-17
538.27,1.9647798144734335e-14,2.4677832536896578e-17
538.28,1.9646308309250838e-14,2.4822089308091867e-17
538.29,1.964437802471441e-14,2.5171732271693365e-17
538.3,1.964293177493193e-14,2.490339992292805e-17
538.31,1.9641108857185487e-14,2.464354873788808e-17
538.32,1.9639112122301266e-14,2.4841411617746714e-17
538.33,1.9637779307262753e-14,2.4788852006315122e-17
538.34,1.963902628154222e-14,2.7314322494381944e-17
538.35,1.9633566920768425e-14,2.5244337436690587e-17
538.36,1.963193467061256e-14,2.4570684532195423e-17
538.37,1.963050794210197e-14,2.4967486456840604e-17
538.38,1.9627481175509056e-14,2.3971188448699208e-17
538.39,1.962732026748475e-14,2.5013444864090724e-17
538.4,1.9625265621209085e-14,2.4855308027553407e-17
538.41,1.96232715109315e-14,2.5091508982930553e-17
538.42,1.9621478603844423e-14,2.48214593262091e-17
538.43,1.9621716850225098e-14,2.3836413812417394e-17
538.44,1.961785930180978e-14,2.5282575024182284e-17
538.45,1.961627392216585e-14,2.4458544207452977e-17
538.46,1.9614500591302593e-14,2.482954465388583e-17
538.47,1.9613811982952248e-14,2.5167089110707963e-17
538.48,1.961101588441984e-14,2.4795650286685723e-17
538.49,1.9609597594998516e-14,2.489860580014047e-17
538.5,1.9607598548042602e-14,2.4600218185269968e-17
538.51,1.9606146955074145e-14,2.4981455319568158e-17
538.52,1.9604790608914206e-14,2.4230396099159174e-17
538.53,1.960140788522212e-14,2.4495967067365414e-17
538.54,1.9600385948413618e-14,2.4616077811981494e-17
538.55,1.9598792953961638e-14,2.4893307460274535e-17
538.56,1.959675675624927e-14,2.4850840881573366e-17
538.57,1.9595065276010716e-14,2.470704590469677e-17
538.58,1.9593516623148236e-14,2.47967226265921e-17
538.59,1.959124291390768e-14,2.455016178591541e-17
538.6,1.9590175299255008e-14,2.481979062645075e-17
538.61,1.9588666002004766e-14,2.4894003040496597e-17
538.62,1.9586253878269653e-14,2.4833602345262163e-17
538.63,1.9584562982457847e-14,2.455291333703342e-17
538.64,1.9582482042327674e-14,2.4724821894547522e-17
538.65,1.9580768743181243e-14,2.4743776701644162e-17
538.66,1.9579421884365213e-14,2.487110632605543e-17
538.67,1.9577444174620978e-14,2.4487908428707488e-17
538.68,1.9575905763855194e-14,2.4982296051915958e-17
538.69,1.957411293019215e-14,2.4732969772671274e-17
538.7,1.95724281208212e-14,2.4681884407439148e-17
538.71,1.9570337059294662e-14,2.467526504228792e-17
538.72,1.9568567213748304e-14,2.4536121025105428e-17
538.73,1.9566786764092124e-14,2.4654804648190206e-17
538.74,1.956498871230579e-14,2.4632642771373878e-17
538.75,1.956326055052298e-14,2.46388474593047e-17
538.76,1.9561467178241523e-14,2.463218771664057e-17
538.77,1.9559591585222176e-14,2.486356087121524e-17
538.78,1.9558006024206194e-14,2.468679230304326e-17
538.79,1.955626737166016e-14,2.4997958139392805e-17
538.8,1.955459948268601e-14,2.4651995392163684e-17
538.81,1.955285141806291e-14,2.47368728028508e-17
538.82,1.9551086971188767e-14,2.4833281828678965e-17
538.83,1.954942630440679e-14,2.4615374268159253e-17
538.84,1.954763459426054e-14,2.4732089132833566e-17
538.85,1.9545547451462275e-14,2.4671662033733974e-17
538.86,1.954281396486086e-14,2.4369499534146108e-17
538.87,1.9546433571991457e-14,2.5409735815220977e-17
538.88,1.9540183917133412e-14,2.4626584798154176e-17
538.89,1.9538135389002e-14,2.4443492706375275e-17
538.9,1.953651232975671e-14,2.4738545478698928e-17
538.91,1.9535292107898902e-14,2.4686649626889792e-17
538.92,1.9533947075614283e-14,2.4716550136384914e-17
538.93,1.953173755159529e-14,2.4532180275062113e-17
538.94,1.9529857352319474e-14,2.465974634723865e-17
538.95,1.952922036847146e-14,2.4889661543534892e-17
538.96,1.952606291120093e-14,2.456640506438011e-17
538.97,1.9524255566180383e-14,2.4677563088487967e-17
538.98,1.952300598039964e-14,2.4455181313442674e-17
538.99,1.9520969492682723e-14,2.458363032768425e-17
539.0,1.9519396689060515e-14,2.475350316360134e-17
539.01,1.9518443935628733e-14,2.4901418363771573e-17
539.02,1.9515863099755774e-14,2.4763868993222242e-17
539.03,1.9514217501478513e-14,2.4661034283938475e-17
539.04,1.9512367037844346e-14,2.449440978007284e-17
539.05,1.9511008503764452e-14,2.4765292850856728e-17
539.06,1.9508751033516994e-14,2.441723037461432e-17
539.07,1.9506719491899355e-14,2.4558098955570436e-17
539.08,1.9504892333383377e-14,2.449494396023678e-17
539.09,1.9504062362981525e-14,2.4968454483369508e-17
539.1,1.9501960970265935e-14,2.4550124763368135e-17
539.11,1.9499700418281586e-14,2.4492969488813807e-17
539.12,1.9498288043993338e-14,2.4513150744544896e-17
539.13,1.9496443854963822e-14,2.461388302941566e-17
539.14,1.9494986921836325e-14,2.4592100233567302e-17
539.15,1.949294356895333e-14,2.446696424636789e-17
539.16,1.9491263107819385e-14,2.4588013246965248e-17
539.17,1.9488890354411777e-14,2.4672755531126007e-17
539.18,1.9487576667332524e-14,2.4755673703828538e-17
539.19,1.948600048746329e-14,2.4603308027910563e-17
539.2,1.948415910206937e-14,2.4436366569183495e-17
539.21,1.9482640523794623e-14,2.446222897558716e-17
539.22,1.9481158939305202e-14,2.4719261857785195e-17
539.23,1.9478833918943956e-14,2.4648190039384703e-17
539.24,1.9477210540785052e-14,2.4233104070413788e-17
539.25,1.9475521820906636e-14,2.4420142506566142e-17
539.26,1.947323141619433e-14,2.442992440925131e-17
539.27,1.9472237970325286e-14,2.472912497133388e-17
539.28,1.9470378461015396e-14,2.4508752152213644e-17
539.29,1.9468361015672495e-14,2.4413132308028956e-17
539.3,1.9466553249452233e-14,2.4473543116311215e-17
539.31,1.9465023136467056e-14,2.4469296488493477e-17
539.32,1.9463269812687242e-14,2.4653240934244013e-17
539.33,1.9461485520666957e-14,2.4541138280358694e-17
539.34,1.9459710372501487e-14,2.439300932043748e-17
539.35,1.945790471681379e-14,2.4331716062987347e-17
539.36,1.9456608037226417e-14,2.4752804915560217e-17
539.37,1.9454471409707888e-14,2.4523609130451704e-17
539.38,1.9452398574530965e-14,2.4352289424665088e-17
539.39,1.9451082694512538e-14,2.4398408816881248e-17
539.4,1.9449539979205102e-14,2.4551802812308777e-17
539.41,1.944744709958304e-14,2.4406441877809943e-17
539.42,1.944578298936589e-14,2.4415870557966833e-17
539.43,1.9444240242488942e-14,2.455919369705387e-17
539.44,1.9442095625346932e-14,2.42225856247441e-17
539.45,1.9440683310188606e-14,2.454812764204351e-17
539.46,1.943867073339004e-14,2.4422057598066233e-17
539.47,1.9436497918336592e-14,2.4492172457842243e-17
539.48,1.9435255306278578e-14,2.4474554220557955e-17
539.49,1.943308967503435e-14,2.4160785210374974e-17
539.5,1.9431383173800824e-14,2.426823305571603e-17
539.51,1.942999170567611e-14,2.4613206932520606e-17
539.52,1.9428208648219886e-14,2.4301888312795276e-17
539.53,1.9426305284842188e-14,2.4090534050940504e-17
539.54,1.942464834882166e-14,2.4352236274414683e-17
539.55,1.942311306166549e-14,2.4515654530582508e-17
539.56,1.9421238571860677e-14,2.453733063443622e-17
539.57,1.9419420635562633e-14,2.4336591579138098e-17
539.58,1.9417927983374073e-14,2.4663892352121356e-17
539.59,1.9415984471804143e-14,2.441128401508724e-17
539.6,1.9414004181204014e-14,2.4388290805099444e-17
539.61,1.9412638946373886e-14,2.4433326924610497e-17
539.62,1.9411120166099337e-14,2.443478463183259e-17
539.63,1.940940093680115e-14,2.447654427972206e-17
539.64,1.9407269416898545e-14,2.4348441263260632e-17
539.65,1.9405793438378038e-14,2.472518363956264e-17
539.66,1.940428992113215e-14,2.4457952834070714e-17
539.67,1.940194578900326e-14,2.439581996375756e-17
539.68,1.939990713973364e-14,2.415961324474852e-17
539.69,1.9398801285174088e-14,2.4270591248798265e-17
539.7,1.939636883771376e-14,2.4017083156758333e-17
539.71,1.9395285304901866e-14,2.4312524044523197e-17
539.72,1.9393332958576617e-14,2.4284046255569603e-17
539.73,1.939164116097216e-14,2.4467040356884544e-17
539.74,1.9390149529852404e-14,2.4475645823047392e-17
539.75,1.9388242190626875e-14,2.4314416100650777e-17
539.76,1.9385636191356937e-14,2.3845614569073137e-17
539.77,1.9384861331085396e-14,2.4153898286649213e-17
539.78,1.9382873895092542e-14,2.4114261303289112e-17
539.79,1.9380993640725474e-14,2.405990926934901e-17
539.8,1.9379332199799887e-14,2.4335091440072495e-17
539.81,1.9377715539048302e-14,2.423239714605293e-17
539.82,1.937564548379522e-14,2.4117306325529456e-17
539.83,1.9374349994801324e-14,2.4431593062998032e-17
539.84,1.936873735420312e-14,2.2357591774164798e-17
539.85,1.9371483051718786e-14,2.4669563099688502e-17
539.86,1.9369168259256848e-14,2.4246220605960453e-17
539.87,1.9367213489132006e-14,2.4176432042625378e-17
539.88,1.9365963148833937e-14,2.4483680726580764e-17
539.89,1.936402676413958e-14,2.4443368590485657e-17
539.9,1.936221898261841e-14,2.4352130380317065e-17
539.91,1.9360169732868265e-14,2.4349419708956253e-17
539.92,1.9358914465460276e-14,2.41205990355059e-17
539.93,1.9356469900678165e-14,2.422528167852468e-17
539.94,1.9355042923322867e-14,2.4265846774012162e-17
539.95,1.9353139439897275e-14,2.42854124626999e-17
539.96,1.935158925985081e-14,2.4156327133393355e-17
539.97,1.934942479050137e-14,2.413291924095207e-17
539.98,1.9348118201017248e-14,2.4416075792927097e-17
539.99,1.934614919733394e-14,2.4177347667827152e-17
540.0,1.9344498677283312e-14,2.4253660227689826e-17
540.01,1.9342541178149427e-14,2.354792831750786e-17
540.02,1.934094152284121e-14,2.424995701981726e-17
540.03,1.9339595072223624e-14,2.4077442891929134e-17
540.04,1.9337557504888386e-14,2.4155404929449438e-17
540.05,1.9336483651840624e-14,2.4660246123108194e-17
540.06,1.9334320159687608e-14,2.4362184294831543e-17
540.07,1.9332440117303157e-14,2.403949983004242e-17
540.08,1.9330245580383107e-14,2.408344274050759e-17
540.09,1.9329043913304152e-14,2.4327527826401868e-17
540.1,1.9326909087577914e-14,2.3716707825170097e-17
540.11,1.9325658687841915e-14,2.4250384996308878e-17
540.12,1.9323851857773573e-14,2.4538023599861212e-17
540.13,1.9322605960415923e-14,2.4546172827593742e-17
540.14,1.931998444319553e-14,2.411345039069308e-17
540.15,1.9318649553695383e-14,2.4231372841042005e-17
540.16,1.931665809131868e-14,2.4209357550841458e-17
540.17,1.9314992407882954e-14,2.430842643512497e-17
540.18,1.931320518143364e-14,2.4039974258306727e-17
540.19,1.931096443648967e-14,2.373679178202698e-17
540.2,1.9309965923061823e-14,2.4191827569598365e-17
540.21,1.9307864863582203e-14,2.4098454331692776e-17
540.22,1.9306280043589746e-14,2.4255032219022305e-17
540.23,1.930456346298075e-14,2.402216150223103e-17
540.24,1.930322360453164e-14,2.4200225861663997e-17
540.25,1.9300965121371558e-14,2.418376668709983e-17
540.26,1.9298963834010142e-14,2.407970735371735e-17
540.27,1.9298000641981077e-14,2.4713304400074214e-17
540.28,1.9299845044516194e-14,2.7293321585851976e-17
540.29,1.9294184967032016e-14,2.4273858422943057e-17
540.3,1.9291397582005284e-14,2.3311557761568444e-17
540.31,1.929066454240192e-14,2.3922961006111013e-17
540.32,1.928913724631113e-14,2.4131594223054946e-17
540.33,1.9287099851237444e-14,2.4498203408376513e-17
540.34,1.9285397555309737e-14,2.4125797555961872e-17
540.35,1.9283206900872345e-14,2.4146157337755283e-17
540.36,1.9282825878484283e-14,2.449563777533012e-17
540.37,1.928077230444386e-14,2.2533997474776013e-17
540.38,1.9278679501012985e-14,2.4231198449543008e-17
540.39,1.9276482439745324e-14,2.43675408864796e-17
540.4,1.9275247535642902e-14,2.4168923508665844e-17
540.41,1.9273492877170074e-14,2.3917355819428776e-17
540.42,1.9271882670108916e-14,2.4399463029520243e-17
540.43,1.9269864147575405e-14,2.3974015596899332e-17
540.44,1.926777769560878e-14,2.406782468333422e-17
540.45,1.9265945254310067e-14,2.3605048488970214e-17
540.46,1.9264097717378074e-14,2.2140423756634232e-17
540.47,1.9262708701501066e-14,2.3826482168258646e-17
540.48,1.926091863852669e-14,2.3980155318772332e-17
540.49,1.9259640681643623e-14,2.4269214174365056e-17
540.5,1.925808270469747e-14,2.396017031154755e-17
540.51,1.9256057430414448e-14,2.408472540933608e-17
540.52,1.925459124650242e-14,2.4039170265426038e-17
540.53,1.925214062900658e-14,2.4329630409321328e-17
540.54,1.9250921068538168e-14,2.424169746964707e-17
540.55,1.9248768825597076e-14,2.428904645314496e-17
540.56,1.924739505569626e-14,2.4440002058001702e-17
540.57,1.9245884441138594e-14,2.40049773918576e-17
540.58,1.9243872876467098e-14,2.404874137571568e-17
540.59,1.9242600990443105e-14,2.4021770877312654e-17
540.6,1.9240512515763247e-14,2.389955646935943e-17
540.61,1.9239040594726636e-14,2.395615884843532e-17
540.62,1.9236311637896026e-14,2.4153887573376656e-17
540.63,1.9235623712283244e-14,2.4438024198437335e-17
540.64,1.9233488588457832e-14,2.442314837807303e-17
540.65,1.9232173026177122e-14,2.4338173467976018e-17
540.66,1.9230146869402013e-14,2.3959408282988718e-17
540.67,1.9228456702735613e-14,2.4145310047959706e-17
540.68,1.9226754433982087e-14,2.3976164642288037e-17
540.69,1.9224966957366035e-14,2.404280868951005e-17
540.7,1.9223423550230038e-14,2.3848904252188373e-17
540.71,1.9220965929617406e-14,2.4513841902384084e-17
540.72,1.9219603643398868e-14,2.4107390556865575e-17
540.73,1.9218187860098242e-14,2.4278567742569656e-17
540.74,1.921636246934049e-14,2.393079592994999e-17
540.75,1.921495583693373e-14,2.3368407880777084e-17
540.76,1.9212753752798975e-14,2.397889889694817e-17
540.77,1.9211455715584986e-14,2.3891385937154142e-17
540.78,1.9209614755656697e-14,2.388357564428426e-17
540.79,1.9208078225415076e-14,2.410488525494538e-17
540.8,1.9205341616086518e-14,2.475327499710742e-17
540.81,1.920420124344111e-14,2.399066961700992e-17
540.82,1.9202798435280072e-14,2.4360582901141856e-17
540.83,1.9200762860447803e-14,2.3572205592240764e-17
540.84,1.9200016757429683e-14,2.590036903662374e-17
540.85,1.9197325144499506e-14,2.4140087447950177e-17
540.86,1.9196063870992794e-14,2.3587261793153476e-17
540.87,1.9193840676819323e-14,2.3853880917610388e-17
540.88,1.9192696451246817e-14,2.4078862523075765e-17
540.89,1.9189820995348884e-14,2.4788606227535244e-17
540.9,1.918893602755372e-14,2.3951558128245617e-17
540.91,1.9187256374565225e-14,2.3965006542418655e-17
540.92,1.918540163228293e-14,2.414065810345865e-17
540.93,1.9183699618255308e-14,2.411597854680263e-17
540.94,1.9181961466330795e-14,2.406892960484236e-17
540.95,1.918030145843549e-14,2.347773650616991e-17
540.96,1.9178630954035575e-14,2.4095109962598334e-17
540.97,1.9176847902536342e-14,2.392623848942904e-17
540.98,1.9174516674932894e-14,2.4825515300048146e-17
540.99,1.9173320813656088e-14,2.4179107731880455e-17
541.0,1.9171886221967227e-14,2.3861326657801e-17
541.01,1.916990486359765e-14,2.3933016963008873e-17
541.02,1.9168132787505838e-14,2.415754021699748e-17
541.03,1.9166496118313717e-14,2.410512673081465e-17
541.04,1.9165145066163874e-14,2.3695922574683695e-17
541.05,1.9162951524652212e-14,2.3995601603193268e-17
541.06,1.9161588650377536e-14,2.397555048021224e-17
541.07,1.9159284757120547e-14,2.484323783165359e-17
541.08,1.915774845071228e-14,2.393527669306989e-17
541.09,1.9156373719617365e-14,2.3915206075472875e-17
541.1,1.915439910048211e-14,2.4002115640012248e-17
541.11,1.9152514072000847e-14,2.3908610127248432e-17
541.12,1.9150908130754872e-14,2.3947247617848592e-17
541.13,1.9149672142928433e-14,2.360854966844581e-17
541.14,1.9147287528026043e-14,2.3756982259898222e-17
541.15,1.9146373001775592e-14,2.417380191877724e-17
541.16,1.9144093279008695e-14,2.481335114575825e-17
541.17,1.9142237852425593e-14,2.3893864495980336e-17
541.18,1.9140706274490147e-14,2.384798437150286e-17
541.19,1.913898319100255e-14,2.4039335309947888e-17
541.2,1.913706172871819e-14,2.3572867994454184e-17
541.21,1.913583429007882e-14,2.3958511500571444e-17
541.22,1.9133939921700185e-14,2.357507850355304e-17
541.23,1.9131937640717628e-14,2.3611640489245038e-17
541.24,1.913048565473208e-14,2.4237213230739865e-17
541.25,1.912872320963802e-14,2.4971046762845973e-17
541.26,1.912668339729758e-14,2.3719277591298756e-17
541.27,1.9124977028369753e-14,2.414931581448275e-17
541.28,1.9123459816451836e-14,2.402936627037648e-17
541.29,1.9121887483493782e-14,2.3556659579610315e-17
541.3,1.912004012355727e-14,2.4059615227688992e-17
541.31,1.911882410348682e-14,2.3133450681024258e-17
541.32,1.9116667738958358e-14,2.3761183100939742e-17
541.33,1.9114527663237692e-14,2.416456761302475e-17
541.34,1.9113626099042336e-14,2.4792189757666144e-17
541.35,1.9111492593698206e-14,2.3499052323787943e-17
541.36,1.9109714098507284e-14,2.4154523047034308e-17
541.37,1.910804259405479e-14,2.3958154583651233e-17
541.38,1.9106906048872305e-14,2.3922580657124283e-17
541.39,1.910442578062978e-14,2.389745755634503e-17
541.4,1.910307072556095e-14,2.328346190712695e-17
541.41,1.9101431426409725e-14,2.3667016915874888e-17
541.42,1.9099521276449255e-14,2.3775763104213712e-17
541.43,1.9098219131168062e-14,2.4718735051824905e-17
541.44,1.9096407801538483e-14,2.369629606346083e-17
541.45,1.9094248736370113e-14,2.408918916911656e-17
541.46,1.909276934826048e-14,2.3888057259475117e-17
541.47,1.909145777884058e-14,2.403416349575686e-17
541.48,1.9089076726903328e-14,2.4232904480008097e-17
541.49,1.9087114298953462e-14,2.3213122300561472e-17
541.5,1.908620118188129e-14,2.3890163713756873e-17
541.51,1.9084153637808364e-14,2.376804474485996e-17
541.52,1.9082912225010578e-14,2.475316452333822e-17
541.53,1.9080857278180258e-14,2.405304870239066e-17
541.54,1.9079007012930372e-14,2.4061488550762254e-17
541.55,1.9077412893116237e-14,2.380505549531714e-17
541.56,1.907546984031733e-14,2.4379490832948135e-17
541.57,1.9073593312014917e-14,2.3918232959617634e-17
541.58,1.9071926806917535e-14,2.3371776469994246e-17
541.59,1.9070596126834594e-14,2.4296828113317158e-17
541.6,1.906863056154377e-14,2.3811430742484682e-17
541.61,1.9067456592021557e-14,2.473338121489201e-17
541.62,1.9065390154853413e-14,2.3939288213811858e-17
541.63,1.906345395087127e-14,2.3990652443710503e-17
541.64,1.9062055366759947e-14,2.3902940834609973e-17
541.65,1.9060179027094866e-14,2.383481885446517e-17
541.66,1.9058164885056465e-14,2.4141069434171934e-17
541.67,1.9056376828408634e-14,2.3925835884404197e-17
541.68,1.905494245464983e-14,2.384156526619698e-17
541.69,1.9053434731232144e-14,2.3743026402138567e-17
541.7,1.9052367098466096e-14,2.464200357518772e-17
541.71,1.904990926921796e-14,2.393850004159386e-17
541.72,1.9048137745258615e-14,2.381925491520176e-17
541.73,1.904645976375447e-14,2.3943971447014083e-17
541.74,1.9044608501712015e-14,2.3692089103069433e-17
541.75,1.904299462573297e-14,2.386820818430941e-17
541.76,1.9041175085912345e-14,2.351578665213754e-17
541.77,1.9039638946602216e-14,2.3725360278887752e-17
541.78,1.9038036265189538e-14,2.387280200196408e-17
541.79,1.9037073489836663e-14,2.4391222622197545e-17
541.8,1.903453696161254e-14,2.3808869963303656e-17
541.81,1.903241471437138e-14,2.4088293877897513e-17
541.82,1.9030481046105487e-14,2.419342511038965e-17
541.83,1.902916410986304e-14,2.3599939809093438e-17
541.84,1.9027866036615223e-14,2.3855378740460855e-17
541.85,1.9025221435106066e-14,2.366704479112497e-17
541.86,1.90245377594341e-14,2.3982031449081876e-17
541.87,1.9022607424002177e-14,2.386990062340511e-17
541.88,1.9021584541564443e-14,2.429879326481703e-17
541.89,1.901917137196168e-14,2.3804047573410118e-17
541.9,1.901787001916371e-14,2.3923135596401338e-17
541.91,1.9015546980848825e-14,2.4125522636974007e-17
541.92,1.9014815288056217e-14,2.4102443899191362e-17
541.93,1.9012097823496787e-14,2.382968442186356e-17
541.94,1.9010714340275707e-14,2.3421995958178724e-17
541.95,1.9008851698245104e-14,2.3972404982945508e-17
541.96,1.9007359094591988e-14,2.399571449194793e-17
541.97,1.9006037675593306e-14,2.4100370105501297e-17
541.98,1.9004103386792964e-14,2.3903777290278406e-17
541.99,1.9002099800759085e-14,2.389440851410967e-17
542.0,1.9000593525138288e-14,2.388548124517717e-17
542.01,1.8998856723486928e-14,2.423808955242849e-17
542.02,1.8996863672166764e-14,2.3675780920554003e-17
542.03,1.89952467116405e-14,2.370783862713278e-17
542.04,1.8993734987055975e-14,2.3921213707949424e-17
542.05,1.8991859618685928e-14,2.3842712068955895e-17
542.06,1.8990803500575553e-14,2.3861568812226678e-17
542.07,1.898866774473262e-14,2.3838911727627198e-17
542.08,1.8986483654701327e-14,2.3954311497909292e-17
542.09,1.89852138307739e-14,2.3888240085683398e-17
542.1,1.898282133982975e-14,2.459831731146359e-17
542.11,1.8981909773628347e-14,2.38307319821023e-17
542.12,1.8979661425163343e-14,2.349756784427849e-17
542.13,1.8978516827945912e-14,2.384506784389308e-17
542.14,1.8976430201051685e-14,2.4124133703354744e-17
542.15,1.8975475619935233e-14,2.3713392977245487e-17
542.16,1.897313446354387e-14,2.3675248519868624e-17
542.17,1.89718313204293e-14,2.3891816028173273e-17
542.18,1.8969535033820056e-14,2.3839158580077694e-17
542.19,1.8967041343584397e-14,2.4705936790074027e-17
542.2,1.8967045730760017e-14,2.397500826759523e-17
542.21,1.896458016740733e-14,2.3695818714412207e-17
542.22,1.89632044227896e-14,2.378560660610967e-17
542.23,1.8961607343915826e-14,2.396578721687959e-17
542.24,1.8960312269985953e-14,2.3670657411667288e-17
542.25,1.8957895712920676e-14,2.3963982781845826e-17
542.26,1.895490454189501e-14,2.3564466701923145e-17
542.27,1.8954661083596516e-14,2.3837984473297543e-17
542.28,1.895758489792406e-14,2.4942495002587595e-17
542.29,1.8951544754192078e-14,2.3542022148254634e-17
542.3,1.8949345053316807e-14,2.3650618406498505e-17
542.31,1.894783417996766e-14,2.3888260185559724e-17
542.32,1.8947043397945607e-14,2.476962116186486e-17
542.33,1.8944313203659746e-14,2.3407025004778254e-17
542.34,1.8942539848806505e-14,2.3680473891206932e-17
542.35,1.8941451190030048e-14,2.35337045436455e-17
542.36,1.8939217599506695e-14,2.3978092309050805e-17
542.37,1.8932632089775174e-14,2.4915435269425217e-17
542.38,1.893593766682113e-14,2.392242858617184e-17
542.39,1.8933936461993924e-14,2.3599506702699556e-17
542.4,1.893265268683985e-14,2.3917623383269306e-17
542.41,1.893092503555563e-14,2.3788389347783865e-17
542.42,1.8929047855995457e-14,2.366816507215917e-17
542.43,1.8927204797230416e-14,2.3775317326024872e-17
542.44,1.892547216222631e-14,2.3654199222239195e-17
542.45,1.8923738093438074e-14,2.388737816711735e-17
542.46,1.8920579624172392e-14,2.3913533582354783e-17
542.47,1.8921133456658244e-14,2.3985899260877035e-17
542.48,1.8918872695547298e-14,2.3625485131026367e-17
542.49,1.8917237980759697e-14,2.3872942595811345e-17
542.5,1.8915843610418934e-14,2.3883326269816945e-17
542.51,1.8913347611434203e-14,2.3493427361976733e-17
542.52,1.8912116118005942e-14,2.375040262608936e-17
542.53,1.890987300148839e-14,2.3633418760616036e-17
542.54,1.890882405798912e-14,2.3800831036187816e-17
542.55,1.890697749631637e-14,2.3388125366157642e-17
542.56,1.8905243751204112e-14,2.3688790833551332e-17
542.57,1.8903667862191502e-14,2.370926224141246e-17
542.58,1.8901793418046357e-14,2.3878184936819615e-17
542.59,1.8900461803439445e-14,2.388377654467211e-17
542.6,1.8897748980587422e-14,2.3352267493838197e-17
542.61,1.889651368018903e-14,2.3753084049519664e-17
542.62,1.8894974087399307e-14,2.3593644783341816e-17
542.63,1.889398374761307e-14,2.4092977988381645e-17
542.64,1.889163499219794e-14,2.343527195481112e-17
542.65,1.888998147669927e-14,2.373681343329844e-17
542.66,1.888828257363165e-14,2.343459807628242e-17
542.67,1.888666554060754e-14,2.3653475714732434e-17
542.68,1.8884876779131066e-14,2.375554676652045e-17
542.69,1.8883260615235426e-14,2.3741530634507343e-17
542.7,1.8881727411052025e-14,2.3811237276234086e-17
542.71,1.8880286966880842e-14,2.386392667671081e-17
542.72,1.887849737671095e-14,2.3833256890507966e-17
542.73,1.887700152801187e-14,2.367932906352539e-17
542.74,1.8874941464165917e-14,2.38835300759152e-17
542.75,1.8873241669226147e-14,2.3658667443239275e-17
542.76,1.887176286755273e-14,2.3653984449146152e-17
542.77,1.886989546275826e-14,2.368986962456529e-17
542.78,1.88681020669647e-14,2.3813830271721354e-17
542.79,1.8866430542456098e-14,2.3815570284806268e-17
542.8,1.886414209475361e-14,2.3481994903191008e-17
542.81,1.8863757105276826e-14,2.371354754013275e-17
542.82,1.886197533873863e-14,2.4107152163051725e-17
542.83,1.886002590289181e-14,2.3817204397474363e-17
542.84,1.885849383574742e-14,2.3578251671815062e-17
542.85,1.8855987985703184e-14,2.373962604689067e-17
542.86,1.8854421464059108e-14,2.365022550202949e-17
542.87,1.8853366397815142e-14,2.4013030906603326e-17
542.88,1.8851421073789045e-14,2.3711887721376785e-17
542.89,1.884956370106541e-14,2.3667610658230975e-17
542.9,1.8848218808703577e-14,2.3802651183898454e-17
542.91,1.884645543365357e-14,2.4185076169882865e-17
542.92,1.88450905999965e-14,2.3745102394118385e-17
542.93,1.8842904776993114e-14,2.3715328339733836e-17
542.94,1.8840922192081625e-14,2.3910203489867373e-17
542.95,1.8839377976325647e-14,2.3899676373670544e-17
542.96,1.8838052949230952e-14,2.3849270723302654e-17
542.97,1.8835889914342523e-14,2.3333356266999904e-17
542.98,1.8834354531023304e-14,2.3771831528422903e-17
542.99,1.8832453748659674e-14,2.367509477255239e-17
543.0,1.883082321433703e-14,2.378601372254563e-17
543.01,1.8829428990445505e-14,2.3644487652780118e-17
543.02,1.8827596483997957e-14,2.358605751297705e-17
543.03,1.8826091183409056e-14,2.3818843669698862e-17
543.04,1.8824258703352478e-14,2.3746629018277127e-17
543.05,1.882260491182575e-14,2.3712338643291126e-17
543.06,1.8820589322990957e-14,2.3611449776155545e-17
543.07,1.8819757218019973e-14,2.3559321260429172e-17
543.08,1.8817466641464846e-14,2.3748013976102827e-17
543.09,1.8815796048499694e-14,2.36409943635428e-17
543.1,1.8814277309435938e-14,2.36594332027558e-17
543.11,1.8812852790695415e-14,2.3444255183237967e-17
543.12,1.8811179744861813e-14,2.3670778316813726e-17
543.13,1.880920016523866e-14,2.3767740382836468e-17
543.14,1.8807354265011703e-14,2.3927410971517983e-17
543.15,1.8805614661662122e-14,2.368386203912066e-17
543.16,1.880443275896908e-14,2.3709820626592297e-17
543.17,1.880154470433087e-14,2.3464577315764838e-17
543.18,1.8800850165224226e-14,2.3341981378419118e-17
543.19,1.8799182253125574e-14,2.3762104430596787e-17
543.2,1.8797436807285033e-14,2.371998985725489e-17
543.21,1.8795549182100723e-14,2.367308537675216e-17
543.22,1.879384540298413e-14,2.3568876778699058e-17
543.23,1.8792102671513603e-14,2.3910653693039176e-17
543.24,1.8790973325541328e-14,2.3837368165196995e-17
543.25,1.8788998002274528e-14,2.3565203707689918e-17
543.26,1.878765499205928e-14,2.3781569642908724e-17
543.27,1.878572630694122e-14,2.3405672908211582e-17
543.28,1.8784155741653534e-14,2.3703636841964123e-17
543.29,1.8782269923079323e-14,2.3500721809002414e-17
543.3,1.8780600746904365e-14,2.3646797527063932e-17
543.31,1.8778813686010008e-14,2.3660225734460948e-17
543.32,1.8777418624923503e-14,2.4078418129382923e-17
543.33,1.8775344744711193e-14,2.352524793061573e-17
543.34,1.8773569273699825e-14,2.3554619707092487e-17
543.35,1.877215258789159e-14,2.3611933766381267e-17
543.36,1.8770726672606256e-14,2.3498642382342965e-17
543.37,1.8768790316100766e-14,2.3429591407424138e-17
543.38,1.876718007916614e-14,2.3514814095108288e-17
543.39,1.8765356997218383e-14,2.367133152110988e-17
543.4,1.8763653181605583e-14,2.35498619209892e-17
543.41,1.876213669372485e-14,2.3603835913863765e-17
543.42,1.8760422956870074e-14,2.3510230092709406e-17
543.43,1.8758905762909084e-14,2.3485243007455248e-17
543.44,1.875731940361975e-14,2.375574828174617e-17
543.45,1.8755497072735535e-14,2.3404761146703497e-17
543.46,1.8753937951705295e-14,2.355951111575385e-17
543.47,1.8752114824126307e-14,2.35381886769695e-17
543.48,1.8750413766106566e-14,2.3996893120539534e-17
543.49,1.8748587648308088e-14,2.3627900201334292e-17
543.5,1.8747337003740465e-14,2.3631324829200302e-17
543.51,1.8745533970684356e-14,2.3467234515649525e-17
543.52,1.8743549884462752e-14,2.3753731463196393e-17
543.53,1.874182640680836e-14,2.3507875604123233e-17
543.54,1.8740245083329868e-14,2.349289655435368e-17
543.55,1.873924050561504e-14,2.367549029678826e-17
543.56,1.8737229998661954e-14,2.3214147448460775e-17
543.57,1.873510577962544e-14,2.3659078105368625e-17
543.58,1.873369101635739e-14,2.3694904789304118e-17
543.59,1.8732104469226715e-14,2.3455714549350923e-17
543.6,1.872943710138771e-14,2.346204728384193e-17
543.61,1.8728525735292482e-14,2.3318396975936002e-17
543.62,1.8726944590327026e-14,2.3706233505414614e-17
543.63,1.8725260066894882e-14,2.335975949609402e-17
543.64,1.8723864462614603e-14,2.3399352788412395e-17
543.65,1.8722165966525782e-14,2.371781223136768e-17
543.66,1.8720455833191747e-14,2.37791905060415e-17
543.67,1.871874963596206e-14,2.390593153139432e-17
543.68,1.8717595199335566e-14,2.3465206282133318e-17
543.69,1.8714517144099515e-14,2.358736042754993e-17
543.7,1.8714038668555293e-14,2.379798488327383e-17
543.71,1.8711833962416165e-14,2.365484477257639e-17
543.72,1.8710633347341817e-14,2.355379504350158e-17
543.73,1.870848708500413e-14,2.3648599765848518e-17
543.74,1.8707000298962715e-14,2.3717511631832025e-17
543.75,1.8705112505492216e-14,2.3606250126505615e-17
543.76,1.8703806488337797e-14,2.3607707726663444e-17
543.77,1.870165328544393e-14,2.331813902796751e-17
543.78,1.8700449377780858e-14,2.3298279164982504e-17
543.79,1.869854972499733e-14,2.3255472624253382e-17
543.8,1.8696997837689584e-14,2.3485195489647625e-17
543.81,1.8695694816654473e-14,2.391166376034561e-17
543.82,1.8693210133210498e-14,2.317848182709893e-17
543.83,1.8691444456000004e-14,2.3285777282861914e-17
543.84,1.8689998169689384e-14,2.34428139884987e-17
543.85,1.8688543538210293e-14,2.3450438733496434e-17
543.86,1.8686258522093386e-14,2.322775781555563e-17
543.87,1.8685907607828923e-14,2.4042315551394708e-17
543.88,1.8683279012184154e-14,2.3014120033683107e-17
543.89,1.8681938016181803e-14,2.348175833996879e-17
543.9,1.8680256606420804e-14,2.360068123757222e-17
543.91,1.867823396187961e-14,2.3439899135475434e-17
543.92,1.8676868659974114e-14,2.355640894696507e-17
543.93,1.8675232540296305e-14,2.352398348341468e-17
543.94,1.8673493440093735e-14,2.3431758302825574e-17
543.95,1.8671365294243803e-14,2.3772017895420624e-17
543.96,1.867022639691313e-14,2.3380383076080525e-17
543.97,1.8668171140541527e-14,2.3575272546660506e-17
543.98,1.8666883708500327e-14,2.341440736963659e-17
543.99,1.866456494711722e-14,2.3208059866260762e-17
544.0,1.8663438015831295e-14,2.335099057409429e-17
544.01,1.86622006437022e-14,2.3557539188464872e-17
544.02,1.8659942112664875e-14,2.3410174642104695e-17
544.03,1.8658478578083853e-14,2.3543994172141714e-17
544.04,1.8657388392050853e-14,2.4086155081485134e-17
544.05,1.865523102885315e-14,2.3397533970497232e-17
544.06,1.865361607549678e-14,2.374783803600625e-17
544.07,1.8651461592642686e-14,2.3061995828736407e-17
544.08,1.8650173606735918e-14,2.3585905508014112e-17
544.09,1.8648315088445304e-14,2.3147654941510525e-17
544.1,1.8646804698082455e-14,2.336843659131276e-17
544.11,1.8644820534909745e-14,2.3245810099543096e-17
544.12,1.8643375984801873e-14,2.3453683612733485e-17
544.13,1.864585645449341e-14,2.581418089109738e-17
544.14,1.8640363931200844e-14,2.3483192682825315e-17
544.15,1.8638166426451196e-14,2.3325116824242994e-17
544.16,1.863704719308404e-14,2.3655688172545776e-17
544.17,1.8634993686302947e-14,2.3166008104328874e-17
544.18,1.8633927760037255e-14,2.33134041224823e-17
544.19,1.8632060658143908e-14,2.3399921666877832e-17
544.2,1.8630259736462233e-14,2.3419497819493244e-17
544.21,1.8628308816538583e-14,2.296556522081879e-17
544.22,1.8622726721261087e-14,2.0651846690736564e-17
544.23,1.862529409516665e-14,2.3332995056154184e-17
544.24,1.8624556981559118e-14,2.4151134391017852e-17
544.25,1.8621892241267643e-14,2.356621719114626e-17
544.26,1.8620408823508263e-14,2.322646452393097e-17
544.27,1.8618261079516906e-14,2.2905502332701194e-17
544.28,1.8616819396073074e-14,2.3254802599676276e-17
544.29,1.8614893727389407e-14,2.3371276551482053e-17
544.3,1.8614660700977695e-14,2.398559067167453e-17
544.31,1.8612095622109418e-14,2.524318296812353e-17
544.32,1.8610071678057183e-14,2.3284128451407737e-17
544.33,1.860904812398022e-14,2.3303108194967028e-17
544.34,1.8606804677335282e-14,2.3172819668798037e-17
544.35,1.8605421490010424e-14,2.2952368615878917e-17
544.36,1.8603426694392482e-14,2.3062244874836002e-17
544.37,1.8602001460371913e-14,2.332586338295316e-17
544.38,1.8599948035679605e-14,2.3129243458024256e-17
544.39,1.8598733731152245e-14,2.3174489150260487e-17
544.4,1.8597834056729243e-14,2.3928121082168056e-17
544.41,1.8595586546510217e-14,2.3560056460189933e-17
544.42,1.8593608018826787e-14,2.3370952481800155e-17
544.43,1.859219378392116e-14,2.359590737800556e-17
544.44,1.8590649168055153e-14,2.2990840945249614e-17
544.45,1.8588564613429062e-14,2.3303627483916452e-17
544.46,1.8587155149620554e-14,2.343121834672048e-17
544.47,1.858515989498041e-14,2.3321108100040758e-17
544.48,1.8583598797900964e-14,2.307027671092709e-17
544.49,1.8582565157745483e-14,2.339454330787603e-17
544.5,1.858051016194987e-14,2.304469541141784e-17
544.51,1.857928845327257e-14,2.3494536427230773e-17
544.52,1.8576939165195082e-14,2.3247172586379335e-17
544.53,1.857554839168401e-14,2.268592219704551e-17
544.54,1.8573825735022454e-14,2.3331110202624635e-17
544.55,1.8572400857754006e-14,2.3495597478291303e-17
544.56,1.8570319460201048e-14,2.3031306363541915e-17
544.57,1.8568467236857205e-14,2.2980156805958332e-17
544.58,1.8567586129644076e-14,2.304027646993121e-17
544.59,1.856563654228941e-14,2.308552281738891e-17
544.6,1.8564053092311573e-14,2.3598892984152213e-17
544.61,1.8562607643010248e-14,2.331626526916605e-17
544.62,1.856120362657945e-14,2.302605648465628e-17
544.63,1.8558865074708944e-14,2.3485873136884622e-17
544.64,1.855778803616222e-14,2.326843000687378e-17
544.65,1.8555330341573197e-14,2.2943805329943732e-17
544.66,1.8554080400224722e-14,2.3145315212785196e-17
544.67,1.8552402934600487e-14,2.2922909406403118e-17
544.68,1.8551023490043224e-14,2.3758487833734306e-17
544.69,1.8548521695688138e-14,2.365150852019094e-17
544.7,1.8547282753344836e-14,2.3374509239643696e-17
544.71,1.854623889077987e-14,2.3122327284656544e-17
544.72,1.8544081170539686e-14,2.344593990955943e-17
544.73,1.8542499080058326e-14,2.323197042517517e-17
544.74,1.8540347305103507e-14,2.2705621797624858e-17
544.75,1.8538916603707616e-14,2.3298860086252664e-17
544.76,1.8537391690626712e-14,2.3137528679460917e-17
544.77,1.85360352911711e-14,2.3122387081350046e-17
544.78,1.8534386408591976e-14,2.291717961735203e-17
544.79,1.8532416782949824e-14,2.3147305001310057e-17
544.8,1.853211728182069e-14,2.4033863960873817e-17
544.81,1.8529122030728992e-14,2.3309203982871353e-17
544.82,1.8527216655259517e-14,2.306435038446402e-17
544.83,1.8525694391570693e-14,2.2666374063672238e-17
544.84,1.8523969454774293e-14,2.3202331350000747e-17
544.85,1.852252736511025e-14,2.3360607160861376e-17
544.86,1.852089119202926e-14,2.31045155345176e-17
544.87,1.851927935384237e-14,2.3039749721666484e-17
544.88,1.8517420113096038e-14,2.3179315401971706e-17
544.89,1.8516923770170185e-14,2.3852627392577347e-17
544.9,1.8514332879208597e-14,2.3226947099677433e-17
544.91,1.8512514568417865e-14,2.3309946895175965e-17
544.92,1.8510561324962116e-14,2.2402038758769468e-17
544.93,1.8509367352648358e-14,2.3241636536489047e-17
544.94,1.8507642049261435e-14,2.3374925714378694e-17
544.95,1.8506042925634948e-14,2.3213072986226628e-17
544.96,1.8504456308115652e-14,2.305683755114842e-17
544.97,1.8502885592076607e-14,2.3353338533109547e-17
544.98,1.850162965435609e-14,2.406076228232705e-17
544.99,1.849944966157561e-14,2.31403099978024e-17
545.0,1.849803420251515e-14,2.3444981557519676e-17
545.01,1.8496291892385995e-14,2.238944157865542e-17
545.02,1.8494192981982112e-14,2.3374645239469547e-17
545.03,1.8493281910340806e-14,2.3149996316221432e-17
545.04,1.8491219995936404e-14,2.308278073183168e-17
545.05,1.848968661187386e-14,2.334190188792336e-17
545.06,1.8488129885229458e-14,2.318540539260759e-17
545.07,1.8486361232508586e-14,2.415629773666557e-17
545.08,1.8484815832194866e-14,2.334932460643305e-17
545.09,1.848313607072417e-14,2.3093236410852322e-17
545.1,1.8482154534271965e-14,2.2478430276637036e-17
545.11,1.847945253946898e-14,2.2975737092608436e-17
545.12,1.847850100453204e-14,2.287990312212658e-17
545.13,1.8476363377290555e-14,2.310860120988682e-17
545.14,1.8474845661977827e-14,2.3172325717349718e-17
545.15,1.847333566188586e-14,2.2941000678766832e-17
545.16,1.8471218562031576e-14,2.3972668715675696e-17
545.17,1.8469732691400646e-14,2.306574370367002e-17
545.18,1.8468555985452042e-14,2.2748180485166893e-17
545.19,1.8467715295348182e-14,2.2907799203004482e-17
545.2,1.8464726480805994e-14,2.2969124917219378e-17
545.21,1.846354681934568e-14,2.25632396397046e-17
545.22,1.846159530955456e-14,2.3080180856124035e-17
545.23,1.8459808410985504e-14,2.3380494322338328e-17
545.24,1.8458319628546873e-14,2.2490857330807048e-17
545.25,1.8455750019368706e-14,2.3848785871560095e-17
545.26,1.84550979828653e-14,2.345148716719924e-17
545.27,1.845348980199103e-14,2.2647400592209602e-17
545.28,1.8452017805765288e-14,2.2966563401720557e-17
545.29,1.8450285929954593e-14,2.3247948595727916e-17
545.3,1.844812612018652e-14,2.2542606542221425e-17
545.31,1.844687837040038e-14,2.3071057956616865e-17
545.32,1.8445010026569787e-14,2.3200025396382105e-17
545.33,1.844368513743915e-14,2.26198993948605e-17
545.34,1.8440772587852162e-14,2.361765365947519e-17
545.35,1.8440752770422826e-14,2.3304047988092345e-17
545.36,1.8438275785231454e-14,2.2896814162534755e-17
545.37,1.8437537905014028e-14,2.3142235441887277e-17
545.38,1.8435485282609956e-14,2.2912359975913105e-17
545.39,1.8433398093865288e-14,2.2745461257715606e-17
545.4,1.8432082041682117e-14,2.295652927293287e-17
545.41,1.8430410012899026e-14,2.2962569684156873e-17
545.42,1.8428991506162987e-14,2.300652365048051e-17
545.43,1.842564271050183e-14,2.303733649932797e-17
545.44,1.8425600809274433e-14,2.3189979874909727e-17
545.45,1.8423776418925723e-14,2.2995854289974743e-17
545.46,1.8422592032111125e-14,2.3173915554746818e-17
545.47,1.84206589541565e-14,2.305410332252205e-17
545.48,1.8418922353100856e-14,2.294644008184478e-17
545.49,1.841722876686534e-14,2.2943819008366607e-17
545.5,1.8415991923293085e-14,2.2783249578164906e-17
545.51,1.841397018523434e-14,2.303893125809392e-17
545.52,1.8411087036722937e-14,2.262652723724392e-17
545.53,1.8411077611843086e-14,2.2948184552133964e-17
545.54,1.840906605633119e-14,2.3044659918938422e-17
545.55,1.840762664228607e-14,2.3143258684483642e-17
545.56,1.8405944831903285e-14,2.2958199292514216e-17
545.57,1.8404201914164067e-14,2.3037242905805544e-17
545.58,1.840258399699971e-14,2.3023357307416394e-17
545.59,1.8400787839643153e-14,2.3164775385769993e-17
545.6,1.839955889037947e-14,2.289058806342895e-17
545.61,1.839646683939153e-14,2.2101669644873574e-17
545.62,1.8396067715246706e-14,2.2993162524327077e-17
545.63,1.8394505194360466e-14,2.2996906606690854e-17
545.64,1.8392566466948987e-14,2.3437222552120175e-17
545.65,1.839110975465614e-14,2.286704549806099e-17
545.66,1.8388313110093417e-14,2.3250843153670993e-17
545.67,1.8388072606641137e-14,2.2717267434565296e-17
545.68,1.8386332604432318e-14,2.3138635237080895e-17
545.69,1.8384830494651234e-14,2.279633025050608e-17
545.7,1.8381909843568115e-14,2.2105543780405055e-17
545.71,1.8381300501886232e-14,2.3088035280667804e-17
545.72,1.8379628510488083e-14,2.300230371586146e-17
545.73,1.8378261074424098e-14,2.3093784298204637e-17
545.74,1.8376431569039426e-14,2.280862144275349e-17
545.75,1.8375082799883562e-14,2.2697685015448348e-17
545.76,1.8373261720327735e-14,2.299185609206932e-17
545.77,1.837138405942538e-14,2.2997681610234324e-17
545.78,1.836988287392788e-14,2.2888741460476785e-17
545.79,1.836768478891116e-14,2.222446206654346e-17
545.8,1.8366364221019678e-14,2.2938785322911694e-17
545.81,1.8364942068105625e-14,2.2923720293623634e-17
545.82,1.8363364160265733e-14,2.301967237860353e-17
545.83,1.836189024183301e-14,2.3117559725721647e-17
545.84,1.8359744808524338e-14,2.270884170669689e-17
545.85,1.8358834419158852e-14,2.2803406785411814e-17
545.86,1.8356263664432326e-14,2.2502741132457616e-17
545.87,1.835531626534866e-14,2.2729938824204596e-17
545.88,1.8353948806891064e-14,2.220659665785391e-17
545.89,1.8351731449549126e-14,2.3006948561372946e-17
545.9,1.835073033706486e-14,2.2595762524069898e-17
545.91,1.834874019370078e-14,2.314572561312876e-17
545.92,1.834688069817695e-14,2.2789727668147806e-17
545.93,1.8345752145173347e-14,2.3012148908306485e-17
545.94,1.834380380176698e-14,2.2817518548887536e-17
545.95,1.834232040701873e-14,2.2333753364487888e-17
545.96,1.8340435462207856e-14,2.2771528417701733e-17
545.97,1.8339208403466445e-14,2.2397816627177168e-17
545.98,1.833721832993234e-14,2.294592710320339e-17
545.99,1.8335671670700353e-14,2.2902906330001466e-17
546.0,1.833413363562284e-14,2.2959760490696962e-17
546.01,1.833230830346818e-14,2.295415056906211e-17
546.02,1.8331076723626985e-14,2.2705162418127062e-17
546.03,1.832892698960607e-14,2.2776610591553035e-17
546.04,1.832876962959259e-14,2.2235624382664918e-17
546.05,1.832568944579124e-14,2.270032691370001e-17
546.06,1.8324736761045175e-14,2.2618462234334426e-17
546.07,1.8322412664880716e-14,2.2778147754877357e-17
546.08,1.8321111121965e-14,2.2602355372696578e-17
546.09,1.8319419687692358e-14,2.2834419688961188e-17
546.1,1.8317726399708687e-14,2.281620184145512e-17
546.11,1.8316037810417982e-14,2.262568491324903e-17
546.12,1.831475498913121e-14,2.2952952678282383e-17
546.13,1.8314731775550717e-14,2.5087653099503456e-17
546.14,1.8309656819889757e-14,2.2849339675952423e-17
546.15,1.8309721580607246e-14,2.2768515362422758e-17
546.16,1.830785086053767e-14,2.2935824900828203e-17
546.17,1.8305315121207952e-14,2.1811573626387857e-17
546.18,1.8304825755868263e-14,2.302988027500142e-17
546.19,1.830330527388563e-14,2.2664120904289805e-17
546.2,1.8302362896683183e-14,2.2879451605944664e-17
546.21,1.8299768120255278e-14,2.2802966251134038e-17
546.22,1.829541469580482e-14,2.206770995122409e-17
546.23,1.8296107274335154e-14,2.2789502991626464e-17
546.24,1.8295407444727822e-14,2.2860317952349885e-17
546.25,1.829325407873055e-14,2.2885184158392627e-17
546.26,1.8292095135306724e-14,2.3161219409828023e-17
546.27,1.8290034568043968e-14,2.268521762707825e-17
546.28,1.8288635439490815e-14,2.2671017972758103e-17
546.29,1.8287205266181856e-14,2.2758874214724312e-17
546.3,1.828532009734481e-14,2.2845263098149656e-17
546.31,1.8284875457705928e-14,2.3309435519668115e-17
546.32,1.8281851213476297e-14,2.2631709753648915e-17
546.33,1.828040271612911e-14,2.288952145430782e-17
546.34,1.8278470654549116e-14,2.2849081582412076e-17
546.35,1.8277259422446444e-14,2.2835653664118203e-17
546.36,1.8275289039902e-14,2.27928319828626e-17
546.37,1.827420724881133e-14,2.278957070699462e-17
546.38,1.8272523082028828e-14,2.237925179714982e-17
546.39,1.827101560910888e-14,2.2824039649907604e-17
546.4,1.826918832840927e-14,2.3382122515139036e-17
546.41,1.8267329743260727e-14,2.28735274280406e-17
546.42,1.8265771155051793e-14,2.274517760105916e-17
546.43,1.8264302719312976e-14,2.288556566681988e-17
546.44,1.8262440207193653e-14,2.273406925089079e-17
546.45,1.82610528034034e-14,2.2801826762941374e-17
546.46,1.8259190071489762e-14,2.270738736016719e-17
546.47,1.8257776045724065e-14,2.272707812174046e-17
546.48,1.8256109484923785e-14,2.2805607910671552e-17
546.49,1.8254196035507437e-14,2.309569855494573e-17
546.5,1.8253180561596294e-14,2.2732098514934518e-17
546.51,1.8251043325315303e-14,2.277864329721578e-17
546.52,1.8249953482370852e-14,2.2797055043080266e-17
546.53,1.8248125202149448e-14,2.264285082908198e-17
546.54,1.824656258437351e-14,2.2720516976775384e-17
546.55,1.8244598290222566e-14,2.2638581274799096e-17
546.56,1.824266401507616e-14,2.2415551635439527e-17
546.57,1.824120458570929e-14,2.2516550526628308e-17
546.58,1.8240081386408587e-14,2.270661983483078e-17
546.59,1.8238301496689706e-14,2.251199787789981e-17
546.6,1.8236472837268387e-14,2.267966996533913e-17
546.61,1.823533390805863e-14,2.2889712931789448e-17
546.62,1.8233478434906275e-14,2.2857517769962445e-17
546.63,1.8231971572413102e-14,2.2720394837839154e-17
546.64,1.8230176055040433e-14,2.270946429393736e-17
546.65,1.822806776866831e-14,2.2423993581619096e-17
546.66,1.8229416511601262e-14,2.4019249541818998e-17
546.67,1.8224882802153734e-14,2.2268614749775807e-17
546.68,1.8223340978720608e-14,2.237838385823461e-17
546.69,1.8221531205610037e-14,2.2411953509911403e-17
546.7,1.8220499029971728e-14,2.2727527809733363e-17
546.71,1.8218944028542538e-14,2.270369281785198e-17
546.72,1.8217092302742172e-14,2.2618236452349014e-17
546.73,1.8215319518695903e-14,2.2660959456323216e-17
546.74,1.8214458294535265e-14,2.301497476683144e-17
546.75,1.8212628366548147e-14,2.2598927723004968e-17
546.76,1.8210851543810082e-14,2.246853184784259e-17
546.77,1.8209205984669037e-14,2.2630943090421762e-17
546.78,1.8207519926234605e-14,2.229058788107597e-17
546.79,1.8205903262166567e-14,2.2663629461265454e-17
546.8,1.8204278573223815e-14,2.2627458653980848e-17
546.81,1.820211784623922e-14,2.247403119855063e-17
546.82,1.8200802196410678e-14,2.2296513524736922e-17
546.83,1.8199465545883523e-14,2.2935943113306668e-17
546.84,1.8197108428155052e-14,2.245294584705377e-17
546.85,1.8196259328475845e-14,2.235012595766319e-17
546.86,1.8193794276962962e-14,2.245618428910521e-17
546.87,1.8192917238093103e-14,2.2235043040477163e-17
546.88,1.8191483305475254e-14,2.2707113332811076e-17
546.89,1.818976864302675e-14,2.278949409844646e-17
546.9,1.8187253926183712e-14,2.217812425446666e-17
546.91,1.818680730766893e-14,2.2489524480729236e-17
546.92,1.8184147133787044e-14,2.2588684813958573e-17
546.93,1.8183002012191543e-14,2.2511553509944522e-17
546.94,1.8181803321772796e-14,2.274835983825378e-17
546.95,1.8180078157453147e-14,2.234331588126557e-17
546.96,1.8178672586756357e-14,2.238207829575651e-17
546.97,1.8176404243177732e-14,2.2441141353629688e-17
546.98,1.817515619371288e-14,2.2418511467270763e-17
546.99,1.8173450882634815e-14,2.2493340818769435e-17
547.0,1.8171945335010616e-14,2.2546927666133302e-17
547.01,1.8170353848136976e-14,2.275269247606698e-17
547.02,1.8168448156676253e-14,2.2377063938907077e-17
547.03,1.8166923420857957e-14,2.241791791485255e-17
547.04,1.81654892753419e-14,2.2537166415957757e-17
547.05,1.816419213717069e-14,2.2493269434582328e-17
547.06,1.8161957141703283e-14,2.239697022651199e-17
547.07,1.816027716674203e-14,2.2541241625128336e-17
547.08,1.8158804892596732e-14,2.25180574440831e-17
547.09,1.8158000716967703e-14,2.2354578716318647e-17
547.1,1.8155444373750633e-14,2.2366282038584666e-17
547.11,1.8154927642261134e-14,2.2790989180510917e-17
547.12,1.8152178014082467e-14,2.2349099457653762e-17
547.13,1.815093922591452e-14,2.247845593055864e-17
547.14,1.8150180659437188e-14,2.2715896536815482e-17
547.15,1.8147788702883546e-14,2.2597869873340476e-17
547.16,1.814626038376402e-14,2.2642729732286226e-17
547.17,1.8144719357760933e-14,2.2566408613107647e-17
547.18,1.814323962689038e-14,2.26854106630312e-17
547.19,1.8141573731106325e-14,2.266415197659148e-17
547.2,1.813950599329404e-14,2.2358582719720627e-17
547.21,1.8137991427657016e-14,2.2368554897298653e-17
547.22,1.8136543988494097e-14,2.256429284304976e-17
547.23,1.8135435218455013e-14,2.274602917020002e-17
547.24,1.8133124525906552e-14,2.2429345066732742e-17
547.25,1.813160832374332e-14,2.2522383777578336e-17
547.26,1.8130147144669226e-14,2.2470859555419593e-17
547.27,1.812852128296997e-14,2.2646271344830974e-17
547.28,1.8126986756058075e-14,2.2418017685255844e-17
547.29,1.8125063009600487e-14,2.2296059387603305e-17
547.3,1.8123794452304432e-14,2.2526250705607832e-17
547.31,1.812225877148066e-14,2.25349673146175e-17
547.32,1.812089485202624e-14,2.280657570776762e-17
547.33,1.8118894963049654e-14,2.251007608153699e-17
547.34,1.811697332164559e-14,2.2474518232027965e-17
547.35,1.8115927843689456e-14,2.270189621417609e-17
547.36,1.8114234125936828e-14,2.2556822864667475e-17
547.37,1.8112547125897303e-14,2.2719620604414585e-17
547.38,1.8110939544575642e-14,2.2520273286713682e-17
547.39,1.810899913968869e-14,2.2610338145311674e-17
547.4,1.8107443636511727e-14,2.238663288859175e-17
547.41,1.8106055944069006e-14,2.269131730711264e-17
547.42,1.8104247353500653e-14,2.2554430548132957e-17
547.43,1.8102407412679505e-14,2.2365578725676317e-17
547.44,1.8101168041056283e-14,2.2279935066360453e-17
547.45,1.8099897852013212e-14,2.2531354366859398e-17
547.46,1.809803867412642e-14,2.241963561091254e-17
547.47,1.8096097776582338e-14,2.2492552873943694e-17
547.48,1.80949788059074e-14,2.2755151857388843e-17
547.49,1.809319493000743e-14,2.230886093694798e-17
547.5,1.8091535216126134e-14,2.2772816551646e-17
547.51,1.8089240639808814e-14,2.248931695989914e-17
547.52,1.808837748953156e-14,2.2681213521746348e-17
547.53,1.8086431521599236e-14,2.2426300006577225e-17
547.54,1.8085130059492745e-14,2.2254688550200605e-17
547.55,1.8083252449895255e-14,2.2093452106090072e-17
547.56,1.8082158746507143e-14,2.2672394951942625e-17
547.57,1.8080397319710335e-14,2.2485266985246542e-17
547.58,1.8078732899308454e-14,2.2476638240948796e-17
547.59,1.8077249432277405e-14,2.2318549675223522e-17
547.6,1.8075378357645758e-14,2.258788458419106e-17
547.61,1.807415144062396e-14,2.24596195595807e-17
547.62,1.8071067283050695e-14,2.216834097080713e-17
547.63,1.8068889837097525e-14,2.0346100596673918e-17
547.64,1.8069995003646948e-14,2.293907650589323e-17
547.65,1.806789862734821e-14,2.2522035206405e-17
547.66,1.8065826347815102e-14,2.2291709279323992e-17
547.67,1.8064823046774753e-14,2.2831232947925323e-17
547.68,1.8063258622667124e-14,2.254951341676293e-17
547.69,1.8060890349224912e-14,2.2638823661060218e-17
547.7,1.8059753191682813e-14,2.2474093655197107e-17
547.71,1.8057721113786743e-14,2.2611133335817868e-17
547.72,1.8056187188687513e-14,2.2647909956304707e-17
547.73,1.8054915158012375e-14,2.2536237214625067e-17
547.74,1.8053278765155947e-14,2.245233646409912e-17
547.75,1.8051767178561263e-14,2.2395255857507848e-17
547.76,1.8049479024951133e-14,2.2245565805908647e-17
547.77,1.8048120015929308e-14,2.222273036915634e-17
547.78,1.8046735749321752e-14,2.25870651293607e-17
547.79,1.804484448906232e-14,2.2289031296102612e-17
547.8,1.8043954966520395e-14,2.222091119460164e-17
547.81,1.8042172011000118e-14,2.2226644876934728e-17
547.82,1.8039903945555335e-14,2.2836869389310145e-17
547.83,1.8038695845326814e-14,2.237162796290598e-17
547.84,1.8037444359352138e-14,2.2234773206400218e-17
547.85,1.8035628785555256e-14,2.213271269703612e-17
547.86,1.8034024546586336e-14,2.1901843396054487e-17
547.87,1.803225255817558e-14,2.2298170491298165e-17
547.88,1.8030943186580833e-14,2.2472427537520827e-17
547.89,1.802925774075583e-14,2.2084962874596576e-17
547.9,1.802748552150043e-14,2.2425966598969105e-17
547.91,1.8025532531596103e-14,2.2413329910955463e-17
547.92,1.802454315793659e-14,2.2676341901477684e-17
547.93,1.802255692798542e-14,2.2295161296322888e-17
547.94,1.802137095241651e-14,2.2412791590336864e-17
547.95,1.80194644797304e-14,2.2206194424772904e-17
547.96,1.80181189552822e-14,2.2359281072127197e-17
547.97,1.8016299482046203e-14,2.2321711933988832e-17
547.98,1.801535560490477e-14,2.1753116430986883e-17
547.99,1.801335159386992e-14,2.2182824595242095e-17
548.0,1.80111998728383e-14,2.183905606744643e-17
548.01,1.8010090960835224e-14,2.2342980184529276e-17
548.02,1.800843666088344e-14,2.2333359346820366e-17
548.03,1.8007333246707755e-14,2.250634765204813e-17
548.04,1.8005376233529775e-14,2.2332938549295625e-17
548.05,1.8003343644225745e-14,2.2022698358382514e-17
548.06,1.8002081391676864e-14,2.2740726566556402e-17
548.07,1.799467535504005e-14,1.9074782694457904e-17
548.08,1.7998644957803193e-14,2.2357090750155625e-17
548.09,1.7997196299862384e-14,2.2065217884724917e-17
548.1,1.7995494695100775e-14,2.211479321740271e-17
548.11,1.7993996553391625e-14,2.2199814476618416e-17
548.12,1.799199736566766e-14,2.2266571948739236e-17
548.13,1.7991224573771402e-14,2.2469980411289124e-17
548.14,1.7989164896007975e-14,2.165309965750518e-17
548.15,1.7989531582397493e-14,2.3492423158389017e-17
548.16,1.7987320787827025e-14,2.1672442932074818e-17
548.17,1.7984684541979393e-14,2.2503867330528733e-17
548.18,1.7982116322375585e-14,2.1969613982123336e-17
548.19,1.798123976017418e-14,2.2012468259165973e-17
548.2,1.7979810579162027e-14,2.2231990162194596e-17
548.21,1.7977664381735794e-14,2.2602256798859066e-17
548.22,1.797664045346846e-14,2.250569500542019e-17
548.23,1.7974950630561203e-14,2.1646998342313414e-17
548.24,1.797294993638487e-14,2.1708543714621924e-17
548.25,1.7972041238971142e-14,2.0781803120661916e-17
548.26,1.7969865743030933e-14,2.2284628412478852e-17
548.27,1.796876341941688e-14,2.2225208036153314e-17
548.28,1.796683305478945e-14,2.228129072708442e-17
548.29,1.7965447691484616e-14,2.2328245988764994e-17
548.3,1.796386995190629e-14,2.236116697520253e-17
548.31,1.7962101007682095e-14,2.262882036822975e-17
548.32,1.7960544501469793e-14,2.1825609810093425e-17
548.33,1.795901864131877e-14,2.2385250265774203e-17
548.34,1.795636649477167e-14,2.1541314772999116e-17
548.35,1.7955814357506905e-14,2.22809856634987e-17
548.36,1.7954543093644335e-14,2.2438382228200202e-17
548.37,1.7952247962423893e-14,2.2027262571829185e-17
548.38,1.7951209505407217e-14,2.2549085968878504e-17
548.39,1.794895490063532e-14,2.2151290278934466e-17
548.4,1.794784722767589e-14,2.241807100069394e-17
548.41,1.7946003101738068e-14,2.179504434947858e-17
548.42,1.7944902417199813e-14,2.248174997803207e-17
548.43,1.7942583613875094e-14,2.250638830243832e-17
548.44,1.7941227129379102e-14,2.2477598812803058e-17
548.45,1.7940283830440893e-14,2.2491878331471724e-17
548.46,1.7938085778762865e-14,2.2138973487400155e-17
548.47,1.7936925487656976e-14,2.2555059860543156e-17
548.48,1.7935184167451113e-14,2.2248561804957867e-17
548.49,1.79335146901018e-14,2.231950476915905e-17
548.5,1.7931500664874826e-14,2.1872363536208373e-17
548.51,1.7929832817909466e-14,2.214993451486534e-17
548.52,1.7928669886522708e-14,2.2588039242129535e-17
548.53,1.7927120562279357e-14,2.2191083900148554e-17
548.54,1.7925855878199097e-14,2.212543932942772e-17
548.55,1.7923920764660942e-14,2.2152896155829276e-17
548.56,1.7922794146937062e-14,2.2428078361110857e-17
548.57,1.79207202563199e-14,2.2136958828599626e-17
548.58,1.7918860576659273e-14,2.237412192447231e-17
548.59,1.7917154240711816e-14,2.1644996404775285e-17
548.6,1.7915763659204765e-14,2.2051040929477645e-17
548.61,1.7914567923457868e-14,2.2750345970301868e-17
548.62,1.7912819460233907e-14,2.192939626578532e-17
548.63,1.791207868200181e-14,2.3689793760069353e-17
548.64,1.7909319786041758e-14,2.220019476929191e-17
548.65,1.7908540811592488e-14,2.2145950056007564e-17
548.66,1.790676306903749e-14,2.2240312271566526e-17
548.67,1.7905108652795352e-14,2.2365373550847142e-17
548.68,1.7902599273881936e-14,2.184165293449347e-17
548.69,1.790191780707213e-14,2.2186171904242995e-17
548.7,1.790030418827548e-14,2.2466110946761328e-17
548.71,1.7898611502993048e-14,2.2279095193061052e-17
548.72,1.789707616891255e-14,2.2417423267996632e-17
548.73,1.7895359065692093e-14,2.2386143610187685e-17
548.74,1.7894111865261006e-14,2.210439517328575e-17
548.75,1.7892336780876117e-14,2.228406526213275e-17
548.76,1.7890492622175214e-14,2.2103647048402743e-17
548.77,1.7888110288945322e-14,2.189612180309727e-17
548.78,1.7887734381980474e-14,2.2398571568660744e-17
548.79,1.7885988784537733e-14,2.2009274374083366e-17
548.8,1.7884525682440106e-14,2.2166930003736797e-17
548.81,1.7882560922356897e-14,2.2282593427594588e-17
548.82,1.7881238738251253e-14,2.233740026257867e-17
548.83,1.78798883146075e-14,2.248341491991033e-17
548.84,1.7878040323651985e-14,2.2339558405336353e-17
548.85,1.787665656523894e-14,2.218818097947576e-17
548.86,1.7873776286027957e-14,2.215277746648202e-17
548.87,1.787301644295994e-14,2.2074910752890205e-17
548.88,1.7871681394963764e-14,2.198404881707863e-17
548.89,1.7870211904110107e-14,2.2124460473412326e-17
548.9,1.7868242174025396e-14,2.2093972632087626e-17
548.91,1.7866792419744908e-14,2.225109389437098e-17
548.92,1.7865959828670587e-14,2.238305280271801e-17
548.93,1.7863725009536976e-14,2.1840922164422156e-17
548.94,1.7862367906771515e-14,2.2018852787057863e-17
548.95,1.785931966842151e-14,2.202983859349952e-17
548.96,1.7859053758255424e-14,2.1719647437790586e-17
548.97,1.785762002760029e-14,2.2160537515338498e-17
548.98,1.785614866861579e-14,2.2160727924053462e-17
548.99,1.7854045526480683e-14,2.1623524012199e-17
549.0,1.7852708916009796e-14,2.232666408472151e-17
549.01,1.7851590836935697e-14,2.2175113595347205e-17
549.02,1.7849832797802413e-14,2.1877248556559156e-17
549.03,1.784800616064765e-14,2.2113891917748818e-17
549.04,1.784510258211575e-14,2.241624418781301e-17
549.05,1.7845092472180474e-14,2.1859381810997955e-17
549.06,1.7843140351119236e-14,2.2092105632224088e-17
549.07,1.7842029116152685e-14,2.2149112522450568e-17
549.08,1.7839874793995487e-14,2.1476393593373635e-17
549.09,1.7838458244165242e-14,2.2106696807241332e-17
549.1,1.7837248054353898e-14,2.2289251334335264e-17
549.11,1.783598901615509e-14,2.2047159422869197e-17
549.12,1.783395435970008e-14,2.2047973823858015e-17
549.13,1.7831444173032793e-14,2.258308392077398e-17
549.14,1.7831160278841076e-14,2.203406622065164e-17
549.15,1.7829424479764248e-14,2.2308203092486434e-17
549.16,1.7827339321188426e-14,2.212936458088979e-17
549.17,1.7826644173155148e-14,2.2048701916039048e-17
549.18,1.782459862875827e-14,2.196361581872921e-17
549.19,1.782363185737464e-14,2.2660980872764195e-17
549.2,1.7821794897308402e-14,2.223058931649894e-17
549.21,1.7819802231846152e-14,2.2036149413518038e-17
549.22,1.7816930599338127e-14,2.2362076035189185e-17
549.23,1.78170947001735e-14,2.2146698869221984e-17
549.24,1.781505296914781e-14,2.2061344041324526e-17
549.25,1.781324682130144e-14,2.2112628608957224e-17
549.26,1.7812292021824206e-14,2.2328999541111916e-17
549.27,1.781024537554961e-14,2.213337389264545e-17
549.28,1.7809934178958367e-14,2.215207488238743e-17
549.29,1.7807476922415693e-14,2.2450552667027663e-17
549.3,1.780555404738844e-14,2.210533589671497e-17
549.31,1.7803295809074605e-14,2.2655614550412487e-17
549.32,1.7802790450041448e-14,2.2449783690580413e-17
549.33,1.7800859867484823e-14,2.198583040325486e-17
549.34,1.7799135560318332e-14,2.2052519333081686e-17
549.35,1.7797522767311947e-14,2.254962553138336e-17
549.36,1.779624389288032e-14,2.1729480598917333e-17
549.37,1.7795342378679914e-14,2.163178774537967e-17
549.38,1.779254762633704e-14,2.2421573467902874e-17
549.39,1.7791031805305487e-14,2.216688624868031e-17
549.4,1.778907556850248e-14,2.2783850634165695e-17
549.41,1.7788006600809856e-14,2.2015682406745424e-17
549.42,1.778648021452159e-14,2.205148915477452e-17
549.43,1.77849271242802e-14,2.198750984376768e-17
549.44,1.7783113328767355e-14,2.2530189163955807e-17
549.45,1.7782216852061266e-14,2.2029493668172234e-17
549.46,1.7780915660143866e-14,2.1754709340499836e-17
549.47,1.7778227515425432e-14,2.204436315755948e-17
549.48,1.7776822615656218e-14,2.2177841880837066e-17
549.49,1.7774983166292452e-14,2.2732366020651626e-17
549.5,1.777393967548072e-14,2.198657445087515e-17
549.51,1.7773084491235777e-14,2.1933474312570398e-17
549.52,1.7770717854851433e-14,2.1995317869396185e-17
549.53,1.776935731409329e-14,2.1954675521691346e-17
549.54,1.7767837615410298e-14,2.176965750948538e-17
549.55,1.7766582008563028e-14,2.158625445130203e-17
549.56,1.7764985306256005e-14,2.199018053819327e-17
549.57,1.776304225710591e-14,2.1914644870325818e-17
549.58,1.7761041199966205e-14,2.241414777413873e-17
549.59,1.7759974502658284e-14,2.1917609146459643e-17
549.6,1.7759155269185252e-14,2.246388944525925e-17
549.61,1.7756523726866727e-14,2.211068122871054e-17
549.62,1.7755390106724258e-14,2.1986538834546104e-17
549.63,1.7753764859081918e-14,2.208226331079972e-17
549.64,1.7751993724337654e-14,2.194868915728636e-17
549.65,1.7750744714117034e-14,2.2280884775519543e-17
549.66,1.7749135435031746e-14,2.174325085831711e-17
549.67,1.7747351566265935e-14,2.270724342284075e-17
549.68,1.774525953744224e-14,2.1979335389745283e-17
549.69,1.7744018653018733e-14,2.206238163155304e-17
549.7,1.774261576526573e-14,2.2113309851190495e-17
549.71,1.7741702778440212e-14,2.208681129296772e-17
549.72,1.773956465325905e-14,2.1792982050074004e-17
549.73,1.7738583241011662e-14,2.1811194375525712e-17
549.74,1.7736421226016115e-14,2.2054521259297926e-17
549.75,1.7734678726251815e-14,2.1764494387938674e-17
549.76,1.7733381069764647e-14,2.2549021602090952e-17
549.77,1.7731582171463215e-14,2.198043303924299e-17
549.78,1.7730036639117596e-14,2.1955255500545816e-17
549.79,1.77285569232602e-14,2.208310653547729e-17
549.8,1.7726853540601935e-14,2.244697958762654e-17
549.81,1.7725294431233012e-14,2.1830020638129398e-17
549.82,1.7724138585448087e-14,2.1677078878087102e-17
549.83,1.7722440374000336e-14,2.1826186569877866e-17
549.84,1.7720655964079387e-14,2.217662129519726e-17
549.85,1.7719643538596923e-14,2.2519156952312598e-17
549.86,1.771766531552432e-14,2.1744423722816052e-17
549.87,1.7715983401804598e-14,2.1632149849568587e-17
549.88,1.7714350185169567e-14,2.1930430969524313e-17
549.89,1.7712096401758528e-14,2.2138914195123184e-17
549.9,1.771147622953847e-14,2.1998975712825357e-17
549.91,1.7709561874636858e-14,2.1439700098334573e-17
549.92,1.7708378485603503e-14,2.2010166208900547e-17
549.93,1.7706652308545204e-14,2.2151822271373557e-17
549.94,1.7705403001289338e-14,2.2159298191016336e-17
549.95,1.770355576281382e-14,2.1941160138901195e-17
549.96,1.7701971043743074e-14,2.1598490245673494e-17
549.97,1.7700498544753996e-14,2.189954051906071e-17
549.98,1.76975052572339e-14,2.1799130317176365e-17
549.99,1.769725498396815e-14,2.2397533124814388e-17
550.0,1.7696224556423722e-14,2.1662679677858923e-17
550.01,1.7694285754674924e-14,2.2046971288109755e-17
550.02,1.769238390112103e-14,2.2348695602415802e-17
550.03,1.7691599004846803e-14,2.2188580010535397e-17
550.04,1.7689068855529584e-14,2.2168196089024427e-17
550.05,1.768726328175645e-14,2.1886673287746144e-17
550.06,1.768646115547179e-14,2.2070241875943197e-17
550.07,1.768365367787208e-14,1.9472154807715252e-17
550.08,1.7684095730683734e-14,2.175664723148875e-17
550.09,1.7682275670462016e-14,2.187866215800948e-17
550.1,1.7679955264798324e-14,2.1937840562178602e-17
550.11,1.7679143014099648e-14,2.302482132553895e-17
550.12,1.7677232697922746e-14,2.1742752579668773e-17
550.13,1.7675557655678956e-14,2.1787309028946288e-17
550.14,1.7674634265058458e-14,2.1795691673008055e-17
550.15,1.767273120573316e-14,2.1937168980940367e-17
550.16,1.7665853173636105e-14,2.183658591620965e-17
550.17,1.7669362723084203e-14,2.2063094389188574e-17
550.18,1.7668003153892227e-14,2.169035272007168e-17
550.19,1.7665831684120752e-14,2.1863743920842663e-17
550.2,1.7664287302976775e-14,2.1619455844684465e-17
550.21,1.7663025063514652e-14,2.180508186788873e-17
550.22,1.7661468828301393e-14,2.1865075406928944e-17
550.23,1.7659985771874976e-14,2.186212728410415e-17
550.24,1.765803293256334e-14,2.1977238945067454e-17
550.25,1.765785382568971e-14,2.0315790472455914e-17
550.26,1.7655403893503726e-14,2.2064099334524647e-17
550.27,1.7653644641911223e-14,2.183177119834471e-17
550.28,1.7652051153588037e-14,2.1947947050876512e-17
550.29,1.765013049015359e-14,2.2201501229196148e-17
550.3,1.7649088871736375e-14,2.1562510930615306e-17
550.31,1.7647616716210356e-14,2.2060654331765708e-17
550.32,1.764604070941744e-14,2.1884620295297157e-17
550.33,1.7643986401512022e-14,2.175241362404195e-17
550.34,1.764399781237305e-14,2.1196032630093758e-17
550.35,1.7641327368958436e-14,2.1795526903140778e-17
550.36,1.7639644136085292e-14,2.1825404158954972e-17
550.37,1.763782086689592e-14,2.1932552228329138e-17
550.38,1.763629762691483e-14,2.1844542348019885e-17
550.39,1.7635048991401144e-14,2.1179087809674936e-17
550.4,1.763355121530686e-14,2.2061054345986672e-17
550.41,1.763140716508025e-14,2.1564061817913364e-17
550.42,1.7630388878509863e-14,2.2136603835248777e-17
550.43,1.7628892460541676e-14,2.2316317830747097e-17
550.44,1.7627485173893745e-14,2.1916666588324736e-17
550.45,1.7625886638417288e-14,2.1764055650253944e-17
550.46,1.7623800529420667e-14,2.1998379333884147e-17
550.47,1.762235246284922e-14,2.1792717874671083e-17
550.48,1.7621109624005098e-14,2.159563736752396e-17
550.49,1.7619387206170383e-14,2.184096212371629e-17
550.5,1.7617867834716702e-14,2.185534497944689e-17
550.51,1.7616534464818013e-14,2.198143855350403e-17
550.52,1.7614948039723863e-14,2.2263028017872955e-17
550.53,1.7613477828912e-14,2.1976979857866697e-17
550.54,1.761205733905424e-14,2.1814395305029017e-17
550.55,1.761016257533488e-14,2.161858003485059e-17
550.56,1.7608786489933278e-14,2.1566450287934504e-17
550.57,1.760665443523081e-14,2.142841239323621e-17
550.58,1.7605417042103603e-14,2.1712953797025867e-17
550.59,1.760395131393151e-14,2.2249524665314964e-17
550.6,1.760072269993069e-14,2.007390561795158e-17
550.61,1.760057328984519e-14,2.2203411088436185e-17
550.62,1.7599556161433925e-14,2.2138846378516263e-17
550.63,1.759804544739835e-14,2.1810709376499848e-17
550.64,1.7595844228744065e-14,2.138209151140023e-17
550.65,1.7594374868628253e-14,2.168674182522895e-17
550.66,1.7592292802494045e-14,2.1658240796911354e-17
550.67,1.7591400972913812e-14,2.1984394296750664e-17
550.68,1.7589792503603662e-14,2.1693567452505735e-17
550.69,1.7587189304216394e-14,2.1686796036478678e-17
550.7,1.7586232968435972e-14,2.1836700967873154e-17
550.71,1.7585183491108935e-14,2.175962283096069e-17
550.72,1.7583965483753938e-14,2.1884182860880444e-17
550.73,1.7581661308827533e-14,2.1427510289793954e-17
550.74,1.758041319424133e-14,2.1661944099308538e-17
550.75,1.7578084495587895e-14,2.179238670981746e-17
550.76,1.7577393789229217e-14,2.1561008472635747e-17
550.77,1.757647095482301e-14,2.1760967120162685e-17
550.78,1.7574182267570625e-14,2.1473099700522994e-17
550.79,1.7572515376925253e-14,2.1611895843815756e-17
550.8,1.757180803624201e-14,2.1721595766640503e-17
550.81,1.7569760432554728e-14,2.1556490714615048e-17
550.82,1.7567576638543408e-14,2.1636368618395003e-17
550.83,1.756672631723879e-14,2.1491176514207883e-17
550.84,1.7564891929980062e-14,2.2152444002988525e-17
550.85,1.7563280236828715e-14,2.1595602643814035e-17
550.86,1.7562400279196084e-14,2.158949234861917e-17
550.87,1.7560404364038623e-14,2.164279605987023e-17
550.88,1.7558817703808694e-14,2.1609648358477473e-17
550.89,1.7557583524592874e-14,2.151283862571957e-17
550.9,1.7556493172524754e-14,2.1627124434194775e-17
550.91,1.7554391184796422e-14,2.1814825905566107e-17
550.92,1.7553064413882263e-14,2.1877907537949095e-17
550.93,1.7551224007917234e-14,2.2019381405705392e-17
550.94,1.7549620104619545e-14,2.1391596385934752e-17
550.95,1.7547856236598873e-14,2.139616600163439e-17
550.96,1.7546735921120952e-14,2.177094841712813e-17
550.97,1.7545072837467266e-14,2.148163352505739e-17
550.98,1.7543396728785813e-14,2.147736703360904e-17
550.99,1.7541768838908788e-14,2.162742922526524e-17
551.0,1.7540224050732204e-14,2.1530306028408385e-17
551.01,1.7539013388058064e-14,2.1713549946435507e-17
551.02,1.7537617870051012e-14,2.168191003135386e-17
551.03,1.7535762296701498e-14,2.178156435151116e-17
551.04,1.7533986948270387e-14,2.180079359536214e-17
551.05,1.7532769889568588e-14,2.1778009605080362e-17
551.06,1.7531152828551334e-14,2.1520243277553736e-17
551.07,1.7529631225596964e-14,2.1510978010414595e-17
551.08,1.752785723890604e-14,2.1508338754376092e-17
551.09,1.7526136102957856e-14,2.155750847050505e-17
551.1,1.7524788305466238e-14,2.1797892851059393e-17
551.11,1.752327361803704e-14,2.181961312660855e-17
551.12,1.7521639784766893e-14,2.1550290501924538e-17
551.13,1.7520063586706607e-14,2.1662018168396274e-17
551.14,1.751810130606092e-14,2.1544248055821198e-17
551.15,1.7517714038718166e-14,2.151089299753536e-17
551.16,1.7515526271391812e-14,2.1391827257932517e-17
551.17,1.7513822695846558e-14,2.1689275394189276e-17
551.18,1.7511933251803203e-14,2.142842255002471e-17
551.19,1.7510943183249596e-14,2.1731044749217064e-17
551.2,1.750974404743948e-14,2.186696402873893e-17
551.21,1.7508008246132688e-14,2.156048757512222e-17
551.22,1.7506529327203085e-14,2.1942277439382035e-17
551.23,1.7504610213936207e-14,2.19438530318339e-17
551.24,1.7503709517840944e-14,2.151572138543049e-17
551.25,1.7501558376724884e-14,2.1684937084833282e-17
551.26,1.750057976559262e-14,2.1659085395585843e-17
551.27,1.7498394815314882e-14,2.1857276820004648e-17
551.28,1.7496751865385496e-14,2.1579862703368506e-17
551.29,1.7495817967733472e-14,2.1919059684851905e-17
551.3,1.7494070390679863e-14,2.17555151516958e-17
551.31,1.7492813568921128e-14,2.1586251417331733e-17
551.32,1.7490405134582466e-14,2.1465867603869425e-17
551.33,1.749046564642308e-14,2.175106726415185e-17
551.34,1.7488091957170362e-14,2.169232973832747e-17
551.35,1.748690382648121e-14,2.164275283605394e-17
551.36,1.7484683965856072e-14,2.164964981519779e-17
551.37,1.748328123769824e-14,2.1609928816864564e-17
551.38,1.7482414945587763e-14,2.1995958922079678e-17
551.39,1.7479282485446916e-14,2.1464298498926335e-17
551.4,1.7478757793651776e-14,2.1528931806861058e-17
551.41,1.7476734819675314e-14,2.1551352214821945e-17
551.42,1.7476251858997627e-14,2.2119494207244982e-17
551.43,1.7474049970280928e-14,2.1718583995606137e-17
551.44,1.747256104882088e-14,2.1526948514237652e-17
551.45,1.7470953394440227e-14,2.1778586851146552e-17
551.46,1.7469667929467022e-14,2.1473688582628687e-17
551.47,1.746874170334007e-14,2.189649370213624e-17
551.48,1.7467235743567222e-14,2.1669156941738807e-17
551.49,1.74647041230669e-14,2.1741557808300123e-17
551.5,1.746329788574052e-14,2.1695570594080784e-17
551.51,1.746197592230506e-14,2.2091181710249193e-17
551.52,1.7460222149459304e-14,2.159397111707877e-17
551.53,1.7458129563460355e-14,2.1722071892892097e-17
551.54,1.745749114076475e-14,2.1616443796066318e-17
551.55,1.7455434839862694e-14,2.162691263415105e-17
551.56,1.745480493603758e-14,2.146346281709592e-17
551.57,1.745301659122116e-14,2.3442322277073143e-17
551.58,1.7450887191001333e-14,2.1407893498801394e-17
551.59,1.7449191023201123e-14,2.1559732115365965e-17
551.6,1.7447820626995175e-14,2.190917396102818e-17
551.61,1.744605445960503e-14,2.1372737499107656e-17
551.62,1.744411609490172e-14,2.1269999853341025e-17
551.63,1.744348448969032e-14,2.14129571761403e-17
551.64,1.7441903741162154e-14,2.1291803022996204e-17
551.65,1.744002841473431e-14,2.077285434471332e-17
551.66,1.7439159954918227e-14,2.2020626311686396e-17
551.67,1.7437261193740446e-14,2.141589106698737e-17
551.68,1.743580104710749e-14,2.1511764494387405e-17
551.69,1.7433545882224386e-14,2.1594254543611217e-17
551.7,1.743256007817385e-14,2.167523077505034e-17
551.71,1.743149694626573e-14,2.1634895871424412e-17
551.72,1.7429618933456456e-14,2.1274435815544854e-17
551.73,1.7428321348200926e-14,2.1384583434368117e-17
551.74,1.742618647599313e-14,2.0742087516287712e-17
551.75,1.74247864711722e-14,2.1494028854798027e-17
551.76,1.7423252401932013e-14,2.1480311744035946e-17
551.77,1.7421720167646397e-14,2.1269117330778338e-17
551.78,1.7419549283471836e-14,2.1093071781461665e-17
551.79,1.7418409388964453e-14,2.1511349501174368e-17
551.8,1.7417301300810583e-14,2.158493666391271e-17
551.81,1.7415547376908167e-14,2.1326005751479956e-17
551.82,1.7414034923210715e-14,2.143818994469526e-17
551.83,1.741161590508805e-14,2.088641587062599e-17
551.84,1.741147155382752e-14,2.1465048819499008e-17
551.85,1.7409377573575406e-14,2.1231409537370153e-17
551.86,1.7407799188773175e-14,2.1092675768343955e-17
551.87,1.740620272694207e-14,2.1294282028411715e-17
551.88,1.7405245752608997e-14,2.1672272639429113e-17
551.89,1.74035939476527e-14,2.1589144220250216e-17
551.9,1.740189651346928e-14,2.1366946419071067e-17
551.91,1.7400141497474604e-14,2.145038980473738e-17
551.92,1.7404556818181228e-14,2.4382855180373146e-17
551.93,1.7397799387302412e-14,2.1647998516624802e-17
551.94,1.7395700719337614e-14,2.1542812307898376e-17
551.95,1.7393710909802256e-14,2.1368874978946642e-17
551.96,1.739241237320603e-14,2.116046667914713e-17
551.97,1.739141691827831e-14,2.1307519837625753e-17
551.98,1.738954551207228e-14,2.1583430159772723e-17
551.99,1.738828910081072e-14,2.131817643931599e-17
552.0,1.7386447045804484e-14,2.1002695125057294e-17
552.01,1.7382366392691438e-14,1.892379788281125e-17
552.02,1.7383648362139726e-14,2.1492939386715234e-17
552.03,1.738260439887188e-14,2.2070150557890273e-17
552.04,1.738108182582255e-14,2.1871351010801148e-17
552.05,1.7379192889631885e-14,2.1218479957822786e-17
552.06,1.7378958079507958e-14,2.1392280960522782e-17
552.07,1.7376062428768984e-14,2.1488798970040947e-17
552.08,1.7374530104996204e-14,2.1424165866459754e-17
552.09,1.7370838821795368e-14,2.0294073491510914e-17
552.1,1.736993602667596e-14,2.1469575640034373e-17
552.11,1.737004529770908e-14,2.1470438783964624e-17
552.12,1.736886167199225e-14,2.1741289431357e-17
552.13,1.7366796262865236e-14,2.1448147607906557e-17
552.14,1.7365847602393605e-14,2.1296466825399724e-17
552.15,1.7363289504172445e-14,2.119734765244058e-17
552.16,1.7362373469116553e-14,2.1455487092488974e-17
552.17,1.736065791872647e-14,2.1042420757038553e-17
552.18,1.735932047844911e-14,2.1593896472384833e-17
552.19,1.7356907299355557e-14,2.2564176640206765e-17
552.2,1.7356112757843892e-14,2.1497243206368973e-17
552.21,1.735417839581544e-14,2.1550960545887084e-17
552.22,1.7353103410253525e-14,2.1502756363430665e-17
552.23,1.7352148226521536e-14,2.1679683163703803e-17
552.24,1.7350033592356418e-14,2.132845628612714e-17
552.25,1.7348161839346116e-14,2.1469778884612963e-17
552.26,1.734692056363711e-14,2.1219284032425142e-17
552.27,1.7345358524863933e-14,2.1333192445511668e-17
552.28,1.7344246076148864e-14,2.1871892025404217e-17
552.29,1.7342615209509555e-14,2.13273059682176e-17
552.3,1.7340799457481735e-14,2.1506674333732635e-17
552.31,1.733943354997026e-14,2.167344446807386e-17
552.32,1.7338191395840815e-14,2.16916632204754e-17
552.33,1.733685671296408e-14,2.1457622274289245e-17
552.34,1.7334652399586844e-14,2.1542301975913324e-17
552.35,1.7333112827286208e-14,2.1074342857194246e-17
552.36,1.7331421766752716e-14,2.1004110698853255e-17
552.37,1.7330772490674383e-14,2.1681539206676677e-17
552.38,1.7328605510260915e-14,2.138196076437181e-17
552.39,1.7326931266784744e-14,2.1435674378856475e-17
552.4,1.7325642088951772e-14,2.1680748931187227e-17
552.41,1.7324551366783377e-14,2.1966309865013627e-17
552.42,1.7321951408133296e-14,2.1411987966737193e-17
552.43,1.7321055498096228e-14,2.161718885245384e-17
552.44,1.7319417740655818e-14,2.087209491153618e-17
552.45,1.7317849402392462e-14,2.1514951750635085e-17
552.46,1.731676524934171e-14,2.1441751912780406e-17
552.47,1.7315009510457927e-14,2.1543446737407888e-17
552.48,1.7313520192392773e-14,2.147845379069162e-17
552.49,1.7311559143815582e-14,2.1342459147963656e-17
552.5,1.73107191107192e-14,2.1999739830009588e-17
552.51,1.7308593035650358e-14,2.1420469136518437e-17
552.52,1.730741010666353e-14,2.1375311718622742e-17
552.53,1.730585960696598e-14,2.1014102939544375e-17
552.54,1.7304144871300295e-14,2.1138404725974562e-17
552.55,1.7302893656707748e-14,2.1571292745878006e-17
552.56,1.7300993258971903e-14,2.1413460749253258e-17
552.57,1.73001137992853e-14,2.068786471319723e-17
552.58,1.7298094865436247e-14,2.1295943848476292e-17
552.59,1.7296446930050632e-14,2.2186117712740754e-17
552.6,1.7294789320358418e-14,2.138894425440601e-17
552.61,1.7293317106531756e-14,2.1189087039559617e-17
552.62,1.729254043841078e-14,2.098516394892695e-17
552.63,1.7290312450312856e-14,2.1188025623433963e-17
552.64,1.728898167088428e-14,2.155912512228456e-17
552.65,1.7287217173218495e-14,2.1277820806560213e-17
552.66,1.7286170844923555e-14,2.112987923474613e-17
552.67,1.7284069752094256e-14,2.1236635966515274e-17
552.68,1.7282460218120244e-14,2.181187086615266e-17
552.69,1.7280969549473868e-14,2.1317633261935728e-17
552.7,1.727956376605927e-14,2.1291429218292256e-17
552.71,1.7279193506761002e-14,2.1093570752127612e-17
552.72,1.727667153723848e-14,2.1090245953940256e-17
552.73,1.727537653965527e-14,2.1446145953843543e-17
552.74,1.7273623734901206e-14,2.1332952494510087e-17
552.75,1.7272273988460403e-14,2.122477743657378e-17
552.76,1.7270909114186176e-14,2.1508639712098164e-17
552.77,1.7268507747108507e-14,2.1689079500874347e-17
552.78,1.7267386678622512e-14,2.1300946680925323e-17
552.79,1.726604836340075e-14,2.1641290653459887e-17
552.8,1.7265849612186315e-14,2.188680324869311e-17
552.81,1.726304304242488e-14,2.116151338652501e-17
552.82,1.726190993986182e-14,2.1325189554687994e-17
552.83,1.7260127775149723e-14,2.1373731471985467e-17
552.84,1.7258722464642765e-14,2.1041266003416582e-17
552.85,1.7257198277313392e-14,2.1515748947320937e-17
552.86,1.7254451643790255e-14,2.1312995674841826e-17
552.87,1.7253951239481568e-14,2.154824376136394e-17
552.88,1.7252270363011136e-14,2.1300885127989465e-17
552.89,1.7251499144448384e-14,2.2063943835310506e-17
552.9,1.7249483735853158e-14,2.1293975083384597e-17
552.91,1.7248327024546837e-14,2.091584724921772e-17
552.92,1.7246311645899853e-14,2.1308829737014842e-17
552.93,1.7245356513250634e-14,2.126733360878023e-17
552.94,1.724382864024323e-14,2.157948415739275e-17
552.95,1.7241070256423403e-14,2.1220923970699313e-17
552.96,1.724005877558411e-14,2.1244898940306506e-17
552.97,1.7239413190519586e-14,2.1773529713976378e-17
552.98,1.7237340482652876e-14,2.2021924588892134e-17
552.99,1.7235931071823184e-14,2.1002128095416996e-17
553.0,1.723466004415314e-14,2.1303722022395016e-17
553.01,1.723290972390068e-14,2.1402920551303737e-17
553.02,1.7231470016542647e-14,2.1511455388459106e-17
553.03,1.7230407040784253e-14,2.1373167047005197e-17
553.04,1.7227389126486534e-14,2.075974688659067e-17
553.05,1.722675276555758e-14,2.1399617416795843e-17
553.06,1.722564519705667e-14,2.1511742010529173e-17
553.07,1.722356282851233e-14,2.1574317366204282e-17
553.08,1.7222369432867647e-14,2.1092094465519518e-17
553.09,1.72211914883054e-14,2.1168033677503344e-17
553.1,1.7219422035028496e-14,2.1330468846329788e-17
553.11,1.72170687958687e-14,2.1301989559101787e-17
553.12,1.7216685659354395e-14,2.1370432050465057e-17
553.13,1.721404737727035e-14,2.090415251154438e-17
553.14,1.7213237266158742e-14,2.166957889106838e-17
553.15,1.7211952067337238e-14,2.1243699555827202e-17
553.16,1.7210517242651218e-14,2.1738655249532862e-17
553.17,1.7208551206488225e-14,2.1421492046139338e-17
553.18,1.7207380850016455e-14,2.123872894745176e-17
553.19,1.7205611176777347e-14,2.1291774699906127e-17
553.2,1.7203882738114392e-14,2.1193207349939653e-17
553.21,1.720292881631504e-14,2.0870215994198606e-17
553.22,1.7200476146823872e-14,2.058977724338003e-17
553.23,1.719928484466727e-14,2.1594778156502325e-17
553.24,1.7198023267831e-14,2.1043152504741897e-17
553.25,1.719653395086225e-14,2.1325934475048278e-17
553.26,1.7194948909577364e-14,2.139575151714941e-17
553.27,1.7193424236403213e-14,2.1053077707864277e-17
553.28,1.7192027765687793e-14,2.1241571464097224e-17
553.29,1.7190815622243803e-14,2.107288481867522e-17
553.3,1.718866644313541e-14,2.1256965319939507e-17
553.31,1.7187040493976132e-14,2.0104521591178507e-17
553.32,1.718641246939715e-14,2.1592472679587912e-17
553.33,1.7184310243674823e-14,2.109104121175245e-17
553.34,1.718257826389199e-14,2.1212088466211585e-17
553.35,1.718138011376463e-14,2.1378450904528243e-17
553.36,1.7179713616632703e-14,2.1395746008951205e-17
553.37,1.717836008762696e-14,2.119376265263621e-17
553.38,1.7176946240783295e-14,2.1132825669819416e-17
553.39,1.717548682615114e-14,2.1334529504304595e-17
553.4,1.71738200396169e-14,1.9984641038884757e-17
553.41,1.7172680417504184e-14,2.1246673258191412e-17
553.42,1.717080489895532e-14,2.1316155217044705e-17
553.43,1.716918508631951e-14,2.1653925216874805e-17
553.44,1.7167629912460934e-14,2.1126777040252707e-17
553.45,1.7166336945606467e-14,2.1582173824936225e-17
553.46,1.7164833963576806e-14,2.114243282969787e-17
553.47,1.716340870444058e-14,2.1471539757983918e-17
553.48,1.7161908951731513e-14,2.1324037310839402e-17
553.49,1.7160579250658684e-14,2.015848007003587e-17
553.5,1.7158769404390374e-14,2.1173388807706048e-17
553.51,1.7157198506240375e-14,2.1294235048130566e-17
553.52,1.7155375405860317e-14,2.0962896161260555e-17
553.53,1.7154230835255254e-14,2.120517739240084e-17
553.54,1.715278497089762e-14,2.1372688815869444e-17
553.55,1.7151257221469502e-14,2.123131272694992e-17
553.56,1.714910784241209e-14,2.1333407905520887e-17
553.57,1.714846410912179e-14,2.1033717744368058e-17
553.58,1.7147643325445484e-14,2.0245831893104454e-17
553.59,1.7145140475344022e-14,2.0945464799702044e-17
553.6,1.7143572463589176e-14,2.1046376843240078e-17
553.61,1.714205050466338e-14,2.1213194042776627e-17
553.62,1.7140812594912465e-14,2.12540136334182e-17
553.63,1.7138468443644337e-14,2.0991427472178e-17
553.64,1.7137704661603385e-14,2.1291613248471636e-17
553.65,1.713546641678688e-14,2.0768006913498003e-17
553.66,1.7134764516339353e-14,2.1092046851969516e-17
553.67,1.713393350367527e-14,2.0661532134506683e-17
553.68,1.713164357504876e-14,2.1095147834230815e-17
553.69,1.7129889373466297e-14,2.1222402573818752e-17
553.7,1.7128418852797494e-14,2.119151509182963e-17
553.71,1.712718844408119e-14,2.1169446272852347e-17
553.72,1.712546772438369e-14,2.141941334055921e-17
553.73,1.712429549668438e-14,2.116883328696952e-17
553.74,1.71224296261568e-14,2.067125030755682e-17
553.75,1.712119976156162e-14,2.1047736070128992e-17
553.76,1.7120779411140646e-14,2.092654750920178e-17
553.77,1.7117674489998206e-14,2.083173914120627e-17
553.78,1.711623307145361e-14,2.1150427758599898e-17
553.79,1.7114986601509925e-14,2.1055893581700048e-17
553.8,1.7113416630975434e-14,2.107325698229754e-17
553.81,1.711239323961733e-14,2.1453497553308993e-17
553.82,1.7111003633832157e-14,2.082534424963809e-17
553.83,1.7109783344953763e-14,2.092947054479189e-17
553.84,1.7107498951382794e-14,2.1031127230316526e-17
553.85,1.7107515988030782e-14,2.1672437124241476e-17
553.86,1.7104273077210463e-14,2.0943183169386724e-17
553.87,1.7103436607178648e-14,2.108559398633465e-17
553.88,1.7101357949889516e-14,2.1071714541524342e-17
553.89,1.7100215842281957e-14,2.1286907676818478e-17
553.9,1.7099520067586582e-14,2.0829788010418972e-17
553.91,1.7097158181709697e-14,2.1548756194645694e-17
553.92,1.7096016841351286e-14,2.3104342104753914e-17
553.93,1.7093930790731738e-14,2.1278179933124975e-17
553.94,1.709346448724138e-14,2.1868714935292173e-17
553.95,1.7090623479305633e-14,2.087461130841485e-17
553.96,1.709026908647688e-14,2.0424787402676478e-17
553.97,1.708790299097945e-14,2.1128480824737877e-17
553.98,1.7087197030610844e-14,2.10617446990203e-17
553.99,1.708596982444807e-14,2.0812988556517723e-17
554.0,1.708367097680382e-14,2.0941711682700466e-17
554.01,1.7079710979347713e-14,2.0672332534237784e-17
554.02,1.7080596456346143e-14,2.0842344851659363e-17
554.03,1.70794474449154e-14,2.1768467896093333e-17
554.04,1.7077228938469138e-14,2.1125897665570376e-17
554.05,1.7076120484910665e-14,2.1581915287834505e-17
554.06,1.707465383772425e-14,2.1165586273391652e-17
554.07,1.707277702048969e-14,2.1196852173458665e-17
554.08,1.70710751463185e-14,2.1371552877550062e-17
554.09,1.706972819451995e-14,2.1025943547625216e-17
554.1,1.7070683700157706e-14,2.1095825930262266e-17
554.11,1.7067084377850535e-14,2.1183566166761568e-17
554.12,1.706571306997265e-14,2.1512879264524572e-17
554.13,1.7063656257655837e-14,2.1179653228183962e-17
554.14,1.7062671341280035e-14,2.1177849537630287e-17
554.15,1.7060793252639935e-14,2.11151299481532e-17
554.16,1.7059811547094246e-14,2.1250614929356052e-17
554.17,1.7057846809257612e-14,2.1550308484870737e-17
554.18,1.7056657754961638e-14,2.1305877535709577e-17
554.19,1.705216562556748e-14,2.305314054263595e-17
554.2,1.705342476371888e-14,2.104354557851266e-17
554.21,1.7051887716911005e-14,2.142800818089794e-17
554.22,1.705048252278037e-14,2.1236521819780157e-17
554.23,1.704912937571546e-14,2.1115156080687947e-17
554.24,1.7047993595669156e-14,2.1139836600889468e-17
554.25,1.704633327890449e-14,2.0888293824088945e-17
554.26,1.7044545305641262e-14,2.126893080662357e-17
554.27,1.7043083172163705e-14,2.1057989372110867e-17
554.28,1.704023437419408e-14,2.0746969383130098e-17
554.29,1.7039964515298174e-14,2.123478438120745e-17
554.3,1.7037725088675825e-14,2.1158878086038896e-17
554.31,1.7037444219332004e-14,2.1527862244734307e-17
554.32,1.7035260436720993e-14,2.083878658484486e-17
554.33,1.7034020254545184e-14,2.1460502578631104e-17
554.34,1.703241075615673e-14,2.102122600468613e-17
554.35,1.703172159679233e-14,2.1463158565493766e-17
554.36,1.702972046616319e-14,2.0984053589159607e-17
554.37,1.702844260470414e-14,2.0715821615004728e-17
554.38,1.7026804495303105e-14,2.11417458430865e-17
554.39,1.7024908533615363e-14,2.0813746510743055e-17
554.4,1.702407951221443e-14,2.1304292812647147e-17
554.41,1.7022125201471827e-14,2.121390104592994e-17
554.42,1.7020530630596095e-14,2.085217601154332e-17
554.43,1.7019030645769654e-14,2.094032792311909e-17
554.44,1.7017958877723942e-14,2.0646803115149993e-17
554.45,1.7016190869255864e-14,2.0749425720904134e-17
554.46,1.701461906808867e-14,2.0837561883401835e-17
554.47,1.701294284306705e-14,2.1118115486730552e-17
554.48,1.7011150032283406e-14,2.0418494324948175e-17
554.49,1.7010643982438005e-14,2.137077491300324e-17
554.5,1.7008240244267437e-14,2.1155605513228607e-17
554.51,1.700727977646944e-14,2.0865829306011842e-17
554.52,1.7005678160607843e-14,2.0991184877153076e-17
554.53,1.7004550508110088e-14,2.1239385425617906e-17
554.54,1.7003868845946633e-14,2.07349646296632e-17
554.55,1.7000998662444756e-14,2.1176949428881237e-17
554.56,1.6999765439601788e-14,2.1140363238996156e-17
554.57,1.6998262725582753e-14,2.0237022720666875e-17
554.58,1.699708387594283e-14,2.133666208499938e-17
554.59,1.6995221334214856e-14,2.0893327670222542e-17
554.6,1.699393391137158e-14,2.0948891908937967e-17
554.61,1.6992702855506754e-14,2.0777938887703008e-17
554.62,1.6990403998306958e-14,2.1077725908151094e-17
554.63,1.6989759388081054e-14,2.145649183261579e-17
554.64,1.6987625253408026e-14,2.0936217849866897e-17
554.65,1.6986073250115155e-14,2.0941732347190226e-17
554.66,1.698571981835026e-14,2.0757520912382546e-17
554.67,1.698372314433567e-14,2.0826555077586025e-17
554.68,1.6981844109908626e-14,2.106523997406446e-17
554.69,1.6980889022622204e-14,2.0829642981352966e-17
554.7,1.6979900885627194e-14,2.0952726704028508e-17
554.71,1.697604245926115e-14,2.087148697083892e-17
554.72,1.6976162589260256e-14,2.0728412345985945e-17
554.73,1.6974649296817907e-14,2.0612843669989663e-17
554.74,1.697312517915525e-14,2.0970553540454182e-17
554.75,1.6972184786533425e-14,2.1225946005435766e-17
554.76,1.697100151242127e-14,2.04510959892619e-17
554.77,1.6969056696846227e-14,2.0863541691189035e-17
554.78,1.6967739672311108e-14,2.0936100909652905e-17
554.79,1.696539267330437e-14,2.097331775869358e-17
554.8,1.696366580505226e-14,2.091247118383407e-17
554.81,1.6962522195733977e-14,2.061000415061709e-17
554.82,1.696121445669308e-14,2.056528145979117e-17
554.83,1.695938369444052e-14,2.0989417623864206e-17
554.84,1.6958470376218114e-14,2.1242408945746107e-17
554.85,1.6957197437439904e-14,2.0194186135558367e-17
554.86,1.695486466824525e-14,2.0780100815131535e-17
554.87,1.6954038820272095e-14,2.0644715195032497e-17
554.88,1.695267900273492e-14,2.078575690848687e-17
554.89,1.6950265383673037e-14,2.0566534475042948e-17
554.9,1.6949554305131046e-14,2.0974296457584838e-17
554.91,1.6948312678748877e-14,2.1028327973625242e-17
554.92,1.694617148080737e-14,2.0817110368957103e-17
554.93,1.694506080512013e-14,2.1597641746904127e-17
554.94,1.6943298577070487e-14,2.0448687377104827e-17
554.95,1.6941832433662124e-14,2.0784937667060966e-17
554.96,1.693977889485618e-14,2.072738682360855e-17
554.97,1.6938729820252584e-14,2.0895586525996686e-17
554.98,1.6937395866086116e-14,2.112376837898606e-17
554.99,1.693599964666261e-14,2.0659447343772742e-17
555.0,1.6934189274150057e-14,2.0991502243519128e-17
555.01,1.693273463866789e-14,2.0947322131922227e-17
555.02,1.6931041140483892e-14,2.1459847721864924e-17
555.03,1.6929458482545645e-14,2.033611734961167e-17
555.04,1.692819982032641e-14,2.0805340413616613e-17
555.05,1.6926271285331415e-14,2.0985013181736215e-17
555.06,1.692566947845574e-14,2.077104179504405e-17
555.07,1.6924252135685786e-14,2.117587677163282e-17
555.08,1.692247710787003e-14,2.0850434059453103e-17
555.09,1.6920473430582776e-14,2.0869926639142787e-17
555.1,1.691966905236209e-14,2.0998270906714216e-17
555.11,1.6917857927070273e-14,2.1205458684559555e-17
555.12,1.6916570124362774e-14,2.0592983340009606e-17
555.13,1.6914826041067076e-14,2.0687777649673587e-17
555.14,1.6913373604480473e-14,2.124612928133432e-17
555.15,1.6912257476736433e-14,2.1066523179596604e-17
555.16,1.6911002635579697e-14,2.103518014530344e-17
555.17,1.6909208344950192e-14,2.1017691290101578e-17
555.18,1.6907352576809977e-14,2.0662239298964018e-17
555.19,1.6906171586424498e-14,2.0809432984675068e-17
555.2,1.69032380657382e-14,2.1146222719079035e-17
555.21,1.6903473643606295e-14,2.0362135973972013e-17
555.22,1.690167431648859e-14,2.061951883056657e-17
555.23,1.6901070226321656e-14,2.10631009164258e-17
555.24,1.689912881678094e-14,2.0861032482953505e-17
555.25,1.6896894762746056e-14,2.082753675689899e-17
555.26,1.6895626344200332e-14,2.071822711999417e-17
555.27,1.68941506220097e-14,2.10625556350171e-17
555.28,1.6892786631329432e-14,2.0794319129242846e-17
555.29,1.6890972290342534e-14,2.055709089498265e-17
555.3,1.688894220251607e-14,2.0507536276196233e-17
555.31,1.6887624239243558e-14,2.0745894296085604e-17
555.32,1.6886986536533232e-14,2.079779514904342e-17
555.33,1.6885607930352345e-14,2.1107480437278148e-17
555.34,1.68839146414317e-14,2.0810915458630204e-17
555.35,1.6882758662143573e-14,2.0796834317970537e-17
555.36,1.6880872606020527e-14,2.0855437411622964e-17
555.37,1.687945132900899e-14,2.0741977897452857e-17
555.38,1.6877914922562343e-14,2.053794191395147e-17
555.39,1.6876003778040258e-14,2.0983455902935056e-17
555.4,1.6875109797234414e-14,2.0803385362888217e-17
555.41,1.6873032912434478e-14,1.9994607739597245e-17
555.42,1.6871914243203098e-14,1.9420911939261542e-17
555.43,1.6871051762764003e-14,2.1159346430432974e-17
555.44,1.6868771285818186e-14,2.0778962046537136e-17
555.45,1.6867451213517242e-14,2.0769329736561186e-17
555.46,1.686606357057079e-14,2.0827799999101718e-17
555.47,1.6865022044545125e-14,2.0244919296969018e-17
555.48,1.686235962876466e-14,2.0978564517411158e-17
555.49,1.6862291107806373e-14,2.076033839702046e-17
555.5,1.6859349282873616e-14,2.0367568379858663e-17
555.51,1.6858024533706022e-14,2.075961785798818e-17
555.52,1.6857991133381106e-14,2.094898142519768e-17
555.53,1.6855989996133975e-14,2.061345211806558e-17
555.54,1.685478255261288e-14,2.0799939705302756e-17
555.55,1.6852666147451528e-14,2.0770323860968006e-17
555.56,1.685144468367553e-14,2.0563828281983307e-17
555.57,1.6849669725598822e-14,2.0914173854100453e-17
555.58,1.6848388047013938e-14,2.0650479896118667e-17
555.59,1.684705511877494e-14,2.0910202661436857e-17
555.6,1.6845302458248687e-14,2.028015440652579e-17
555.61,1.6843646696570355e-14,2.0365480856632653e-17
555.62,1.684242766846093e-14,2.0623950805720777e-17
555.63,1.6841626420518494e-14,2.0566091105388723e-17
555.64,1.6839830787555258e-14,2.053080182039099e-17
555.65,1.683880634960233e-14,2.073907266474481e-17
555.66,1.683747981317758e-14,2.1000758728590766e-17
555.67,1.6835499904628187e-14,2.0747786150295173e-17
555.68,1.683423008552818e-14,2.1455945620475326e-17
555.69,1.683296306039389e-14,2.0649333534090644e-17
555.7,1.6831158800159065e-14,2.0478162735874338e-17
555.71,1.682965172029258e-14,2.0971453599307928e-17
555.72,1.6828317172269964e-14,2.0992688706858593e-17
555.73,1.682682217561016e-14,2.0863627715995103e-17
555.74,1.6825293997628824e-14,2.0835008706804102e-17
555.75,1.682413772856709e-14,2.0848910649921217e-17
555.76,1.6821903784219705e-14,2.0557004638604437e-17
555.77,1.682692391740442e-14,2.191672858436119e-17
555.78,1.6819512105212977e-14,2.0690521260855486e-17
555.79,1.681808104286403e-14,2.009845737314659e-17
555.8,1.6816160352153505e-14,2.064251325285232e-17
555.81,1.6814954097893168e-14,2.079012941208987e-17
555.82,1.6813389705698528e-14,2.0507079610232915e-17
555.83,1.681186220810327e-14,2.1071785939073915e-17
555.84,1.681095278606894e-14,2.0646399777460633e-17
555.85,1.6808858184438034e-14,2.0524500690067188e-17
555.86,1.6802084540788607e-14,1.8115579811414292e-17
555.87,1.6805499008469488e-14,2.0460136444510707e-17
555.88,1.6804367591819542e-14,2.0909061121349112e-17
555.89,1.680338997637506e-14,2.0803047161776192e-17
555.9,1.6801558305602312e-14,2.061877058262384e-17
555.91,1.6799710765228696e-14,2.052518492338581e-17
555.92,1.679793856613215e-14,2.072428510381169e-17
555.93,1.6797981295769073e-14,2.0249090360781686e-17
555.94,1.6795778675139488e-14,2.0969643161105308e-17
555.95,1.6795839448833036e-14,2.3203844615448352e-17
555.96,1.679273942157184e-14,2.04357080722446e-17
555.97,1.6790475519507653e-14,1.9839334353419165e-17
555.98,1.679111490664789e-14,2.085375625860846e-17
555.99,1.6788232011696926e-14,2.044901444965474e-17
556.0,1.6784692117103372e-14,1.990258981331305e-17
556.01,1.6784754221881147e-14,2.058948716451316e-17
556.02,1.6784358298070538e-14,1.9983022089880606e-17
556.03,1.678243389886854e-14,2.003291230393417e-17
556.04,1.6782372148367676e-14,1.991779362372822e-17
556.05,1.6779197475403902e-14,2.0519631048562094e-17
556.06,1.6777907178146856e-14,2.051162946788515e-17
556.07,1.677683792370201e-14,2.0280694372372977e-17
556.08,1.6775196568717445e-14,2.051606089330235e-17
556.09,1.677452650907e-14,2.0828032428221387e-17
556.1,1.677157741008206e-14,2.0442549567347646e-17
556.11,1.6771760810148433e-14,2.001893411137686e-17
556.12,1.676908185432911e-14,2.0250939782292022e-17
556.13,1.676679031792511e-14,1.9302586021679782e-17
556.14,1.6764882204638465e-14,2.0334076951514588e-17
556.15,1.6764706243597513e-14,2.0422667182819622e-17
556.16,1.6763122687490176e-14,2.0330558786571046e-17
556.17,1.6761997785373666e-14,2.064800184476986e-17
556.18,1.6759898117141214e-14,2.0470057862106518e-17
556.19,1.6758848305801045e-14,2.0497420238241127e-17
556.2,1.6758245489406055e-14,1.9889385282095736e-17
556.21,1.675662893184613e-14,2.0819564619718452e-17
556.22,1.675414417996482e-14,2.0163680657493748e-17
556.23,1.67522868405062e-14,2.0291172824684124e-17
556.24,1.6751926911716874e-14,2.1039388440525918e-17
556.25,1.6749577410838256e-14,2.012252960562175e-17
556.26,1.6748398313389477e-14,2.0710908737867764e-17
556.27,1.674651228365491e-14,1.9986090290860184e-17
556.28,1.674570002356532e-14,2.0317207299822068e-17
556.29,1.674458502224707e-14,1.9818767735078834e-17
556.3,1.6742572985081442e-14,1.983801845991215e-17
556.31,1.6741551572253103e-14,2.0821232959052337e-17
556.32,1.6740009485393497e-14,2.0440954778664257e-17
556.33,1.673843423544243e-14,2.0584442547444358e-17
556.34,1.6737031749050164e-14,2.0258032383288742e-17
556.35,1.6735165662878023e-14,2.0541276394889e-17
556.36,1.6733871688535436e-14,2.0089605331261294e-17
556.37,1.6732500384384738e-14,1.997703460569463e-17
556.38,1.673082997125015e-14,1.9443488328110583e-17
556.39,1.6729713983012432e-14,2.0147081656304923e-17
556.4,1.6728612580891806e-14,2.0528611114725834e-17
556.41,1.6727047908331655e-14,2.0391112999886352e-17
556.42,1.672485511047457e-14,2.098470265820197e-17
556.43,1.672376903876557e-14,2.012423911690976e-17
556.44,1.672142952894398e-14,2.0332258647692218e-17
556.45,1.67212204038991e-14,2.0329581958095502e-17
556.46,1.6719541796147422e-14,2.04859850566396e-17
556.47,1.6717401739514233e-14,1.942659390800649e-17
556.48,1.671687324640033e-14,2.039049470400422e-17
556.49,1.6715275402302324e-14,2.0149439591748338e-17
556.5,1.6713808421821547e-14,2.0419247936307156e-17
556.51,1.671386045989966e-14,2.0883625655747435e-17
556.52,1.671056384746621e-14,2.030180353693112e-17
556.53,1.6709288756290802e-14,2.0257257849669532e-17
556.54,1.670739009894739e-14,2.0199636680231766e-17
556.55,1.670649012483049e-14,2.034722593684857e-17
556.56,1.6704765725613223e-14,1.979999918548012e-17
556.57,1.6703736383119532e-14,2.051109313939259e-17
556.58,1.6701855669090506e-14,1.9916476228194774e-17
556.59,1.6700269327209797e-14,2.0325865599781917e-17
556.6,1.6698664337757305e-14,2.0111909173091332e-17
556.61,1.6697533057865948e-14,2.0238906313023453e-17
556.62,1.6695644081926795e-14,2.0516209034143742e-17
556.63,1.6694865706845152e-14,2.033972859342533e-17
556.64,1.669299965957114e-14,2.0285038485119128e-17
556.65,1.669188250888618e-14,1.9815957577941773e-17
556.66,1.6690415866554182e-14,2.0181205391797827e-17
556.67,1.668840896927169e-14,2.024524013461337e-17
556.68,1.6687355059037942e-14,2.027705339210901e-17
556.69,1.6686281432350917e-14,2.0057457957354557e-17
556.7,1.6684684761298563e-14,2.0255827963523588e-17
556.71,1.668267701971443e-14,2.045626122010304e-17
556.72,1.6681589486773613e-14,2.0156897208404048e-17
556.73,1.668060220057367e-14,2.0402062579604284e-17
556.74,1.6678499856480428e-14,1.9524802775834382e-17
556.75,1.6678176770941865e-14,2.052268428828942e-17
556.76,1.6675400965132568e-14,2.0274874576172672e-17
556.77,1.667418285672666e-14,2.0238383481309845e-17
556.78,1.6673345262013536e-14,2.0371599973258343e-17
556.79,1.6671171864782974e-14,1.9998403951727356e-17
556.8,1.6669811479950392e-14,2.030187286632685e-17
556.81,1.666897676411637e-14,2.0496467200117262e-17
556.82,1.6667516066767438e-14,2.055052182114005e-17
556.83,1.666523158576393e-14,1.945177776412079e-17
556.84,1.6664988584694524e-14,2.040361587224445e-17
556.85,1.666272216839722e-14,2.0171138587311617e-17
556.86,1.6661322405614462e-14,2.0264823980058066e-17
556.87,1.6659962698985388e-14,2.0254837733879827e-17
556.88,1.665828916209832e-14,1.9970654221811942e-17
556.89,1.665664247035172e-14,2.0332580946222413e-17
556.9,1.6655583087763374e-14,2.0208397942183033e-17
556.91,1.6654271605026998e-14,2.0130112862771472e-17
556.92,1.665237738399234e-14,1.9101432774455635e-17
556.93,1.665114045200299e-14,2.039541693733382e-17
556.94,1.6650020875970965e-14,1.9953777888492894e-17
556.95,1.6648038296340982e-14,2.022449120563861e-17
556.96,1.6647187565413992e-14,2.0031159423488398e-17
556.97,1.664543718427683e-14,2.022950893957085e-17
556.98,1.6643509637183314e-14,2.0699238954923495e-17
556.99,1.6642278167170366e-14,2.026607069099188e-17
557.0,1.664095901034823e-14,2.0056335480696522e-17
557.01,1.6639210343082874e-14,1.9253056266981488e-17
557.02,1.6637835739109313e-14,2.0356367989439018e-17
557.03,1.6636638211710033e-14,1.9928055063976752e-17
557.04,1.6635389731615014e-14,2.0247681427965345e-17
557.05,1.6633699003716618e-14,2.049780978662549e-17
557.06,1.6632428771736274e-14,2.0398122157533736e-17
557.07,1.662997512497326e-14,2.08267901519468e-17
557.08,1.6629359032505584e-14,2.057725457150482e-17
557.09,1.6627899511811892e-14,2.016738332132317e-17
557.1,1.6625940923358947e-14,1.9164443042267348e-17
557.11,1.662485562308264e-14,2.0592387705186448e-17
557.12,1.662356252432737e-14,2.0155309840265072e-17
557.13,1.6622467641735198e-14,2.0344742218762183e-17
557.14,1.6620157197537485e-14,2.0232019762854235e-17
557.15,1.6619622707722344e-14,1.993454080864338e-17
557.16,1.6617340088712374e-14,2.0702460451001952e-17
557.17,1.6615756045118003e-14,1.9823935880352174e-17
557.18,1.6614729002353196e-14,2.0072777893070944e-17
557.19,1.661308335352418e-14,1.9631158829472198e-17
557.2,1.6611855348022414e-14,2.0344005939274907e-17
557.21,1.661063881003543e-14,2.0476235726241964e-17
557.22,1.660914713299832e-14,1.9968731649471796e-17
557.23,1.660717911066658e-14,2.011796898220157e-17
557.24,1.6606323344823437e-14,2.0276909189113105e-17
557.25,1.66048998186672e-14,2.088588330820873e-17
557.26,1.6603367741004462e-14,1.9696729364643096e-17
557.27,1.660187490792574e-14,2.004842527369458e-17
557.28,1.659919262242244e-14,1.937807806755587e-17
557.29,1.6599274348159243e-14,2.0042626614705856e-17
557.3,1.659650883688377e-14,1.94450599258113e-17
557.31,1.659643019720125e-14,2.0258763172811324e-17
557.32,1.6594612734935798e-14,1.99547364913915e-17
557.33,1.6593142567286122e-14,1.9846828237379685e-17
557.34,1.659247872368233e-14,2.0726901864933374e-17
557.35,1.659030166141774e-14,1.9847604015485244e-17
557.36,1.6588869273327837e-14,1.9968496076190872e-17
557.37,1.6585806055476475e-14,1.933433012444617e-17
557.38,1.6586585557212063e-14,2.0043002284296222e-17
557.39,1.658548233008808e-14,2.0646194183392405e-17
557.4,1.6582918552906997e-14,1.9960446241191038e-17
557.41,1.6581620661744565e-14,1.9917654766112524e-17
557.42,1.658058001028238e-14,2.0343683982343246e-17
557.43,1.6578681994400294e-14,2.0248684672450745e-17
557.44,1.6577409632146312e-14,2.004710767374178e-17
557.45,1.6575880734570627e-14,1.9830923050198086e-17
557.46,1.6573173484378287e-14,2.0239088242531472e-17
557.47,1.6573238546378792e-14,1.994183214517727e-17
557.48,1.657157564275395e-14,1.9385099750998493e-17
557.49,1.6570147001356012e-14,2.0097310152037255e-17
557.5,1.656895336444047e-14,1.99855877667335e-17
557.51,1.6567318085356185e-14,1.9993456707849125e-17
557.52,1.656619006875109e-14,2.059712542797916e-17
557.53,1.656415044207095e-14,1.9756984280078065e-17
557.54,1.6563250127947855e-14,1.9857073001537497e-17
557.55,1.6560902359826668e-14,2.0439343540986197e-17
557.56,1.6560298148707965e-14,1.977646871379957e-17
557.57,1.6558942036972366e-14,2.0139588887945514e-17
557.58,1.655722545879218e-14,1.9831598256251296e-17
557.59,1.6556033262519176e-14,2.0336703598028535e-17
557.6,1.6554852777463872e-14,1.9949642593394012e-17
557.61,1.6553736031194617e-14,2.0282271266513063e-17
557.62,1.6551451293629052e-14,1.9598374243767322e-17
557.63,1.6550132107008554e-14,2.0059413280104528e-17
557.64,1.6548062609315145e-14,2.0736879090000834e-17
557.65,1.6547544439788165e-14,1.9886294897288008e-17
557.66,1.654556665434706e-14,2.0002646530916234e-17
557.67,1.6544730326278634e-14,2.0355320974889043e-17
557.68,1.6541959049740336e-14,2.0060053475352328e-17
557.69,1.6541480352348226e-14,1.9985592402455017e-17
557.7,1.654033167840515e-14,2.0334123037267693e-17
557.71,1.6538621486924587e-14,2.0157950030984835e-17
557.72,1.6537511798982005e-14,2.024724694013632e-17
557.73,1.653555165618844e-14,2.049804698153676e-17
557.74,1.6534411443036992e-14,2.019011048394544e-17
557.75,1.6533202337663934e-14,1.9990398241785996e-17
557.76,1.6531648924079458e-14,2.0153158885887232e-17
557.77,1.6528996672293155e-14,1.952584105896914e-17
557.78,1.6527998776340715e-14,2.0123949063615876e-17
557.79,1.6527364211702207e-14,1.9924580053832044e-17
557.8,1.6525491870982538e-14,1.9935013074624182e-17
557.81,1.6523764107281034e-14,2.085464188060435e-17
557.82,1.652298496737715e-14,2.062909124280774e-17
557.83,1.6521272411268853e-14,1.9969878891710934e-17
557.84,1.651976288635496e-14,1.9964168769934654e-17
557.85,1.6518275820080312e-14,1.9672711005867363e-17
557.86,1.6517467667248805e-14,1.804131205077012e-17
557.87,1.6515255516337212e-14,1.944765240378288e-17
557.88,1.6514487068320678e-14,2.024255205782835e-17
557.89,1.6512584150932185e-14,1.9786457308414252e-17
557.9,1.6511130253219844e-14,2.0653164578146885e-17
557.91,1.65105696824679e-14,2.0410575751003723e-17
557.92,1.650885091367779e-14,2.012191363220812e-17
557.93,1.6506923432837442e-14,1.9685504065506014e-17
557.94,1.6505422068974654e-14,2.033647751416994e-17
557.95,1.6506436936877822e-14,2.0490188255596355e-17
557.96,1.6502888577082366e-14,2.027938294495661e-17
557.97,1.650160467260888e-14,2.0107021388619605e-17
557.98,1.6499840022467512e-14,1.9878347607903917e-17
557.99,1.6498256169412673e-14,1.9666749281910266e-17
558.0,1.6497868097744787e-14,2.0248541478320813e-17
558.01,1.6495636773156782e-14,2.0189644651562786e-17
558.02,1.6494377130996906e-14,1.994712886077986e-17
558.03,1.649229996305543e-14,1.979502219652852e-17
558.04,1.6494686010336536e-14,1.7580744685257505e-17
558.05,1.6490110518860964e-14,1.995090510511139e-17
558.06,1.64886276518056e-14,2.0149767443237695e-17
558.07,1.6487023922865853e-14,1.9942607727190325e-17
558.08,1.6485457662327564e-14,2.015310952774589e-17
558.09,1.6485268242579425e-14,2.004430461157897e-17
558.1,1.6482539966049657e-14,2.00157260000433e-17
558.11,1.6481744022363886e-14,1.9631813858206042e-17
558.12,1.647968094506608e-14,1.9635850859486715e-17
558.13,1.64801840903702e-14,2.0135869862668592e-17
558.14,1.64767678056289e-14,1.9903477563725515e-17
558.15,1.6475826875362148e-14,2.0145530713286048e-17
558.16,1.647414325045185e-14,1.990911429115262e-17
558.17,1.6472839429894292e-14,1.9915907411900993e-17
558.18,1.6471814800902845e-14,1.913362116312653e-17
558.19,1.6469537916462832e-14,2.0081041781466825e-17
558.2,1.646842425091897e-14,1.991391514773299e-17
558.21,1.6466921514138988e-14,1.9870728592342017e-17
558.22,1.6466423191953545e-14,2.067081449901617e-17
558.23,1.6464253755369574e-14,2.0070496890166056e-17
558.24,1.6462988116447616e-14,2.0114564892573082e-17
558.25,1.6460841765429086e-14,1.997466581015612e-17
558.26,1.6459702498732348e-14,1.9606223739010334e-17
558.27,1.6458494796829852e-14,1.932659706733741e-17
558.28,1.6457157063003462e-14,1.9886448688114527e-17
558.29,1.6454860515021282e-14,2.0090728936422128e-17
558.3,1.6454403418700157e-14,1.9894843916358252e-17
558.31,1.6452618735824503e-14,1.9711571253698132e-17
558.32,1.645124620461356e-14,1.9970469636859955e-17
558.33,1.644978210395377e-14,1.9815902042919557e-17
558.34,1.6448290423225088e-14,1.9964325341206706e-17
558.35,1.644727742125081e-14,1.9461693500365885e-17
558.36,1.6445343166644188e-14,1.9205281531315494e-17
558.37,1.6444157302157695e-14,1.980049590812557e-17
558.38,1.6443056210983266e-14,2.0185084521533454e-17
558.39,1.6440860644472526e-14,1.8410895093967317e-17
558.4,1.644008150561391e-14,1.990511766860261e-17
558.41,1.6438565483971255e-14,2.0251652936325365e-17
558.42,1.6437207034815636e-14,2.019486269954721e-17
558.43,1.6436000007018503e-14,1.9514481641974204e-17
558.44,1.6435003367082946e-14,1.9407790844613592e-17
558.45,1.643219776886114e-14,1.9189529556030055e-17
558.46,1.6431618143557007e-14,1.9975911198041525e-17
558.47,1.64296625058094e-14,1.977276495763815e-17
558.48,1.6427522899862073e-14,2.0496179563026597e-17
558.49,1.6427341065340533e-14,2.016636836786423e-17
558.5,1.64257264243531e-14,1.9823994902615238e-17
558.51,1.6424270079325135e-14,2.0037295276335893e-17
558.52,1.6422813290346737e-14,1.972325645725401e-17
558.53,1.642156002530303e-14,1.9692583488316502e-17
558.54,1.6418842943052905e-14,1.9678273101370568e-17
558.55,1.6417980465676036e-14,1.977537517454287e-17
558.56,1.641828685150202e-14,1.984328730464202e-17
558.57,1.6415535208662876e-14,1.9530641574148454e-17
558.58,1.641428053721267e-14,2.0183746973430824e-17
558.59,1.641296426805014e-14,1.98151752760579e-17
558.6,1.641115964098338e-14,1.997048191834592e-17
558.61,1.6409800993532364e-14,1.9460755021172228e-17
558.62,1.6408750068384428e-14,1.9775903993034923e-17
558.63,1.6406714253031816e-14,1.9741128368427507e-17
558.64,1.6405565236864215e-14,1.9581490931227183e-17
558.65,1.6404823711027446e-14,1.9802849144260577e-17
558.66,1.6402489713963827e-14,1.9660493073390032e-17
558.67,1.6400989409573256e-14,1.9620529849770582e-17
558.68,1.6400044719759132e-14,1.9850904275088805e-17
558.69,1.63987102172429e-14,1.9661403128616895e-17
558.7,1.6396345051716964e-14,2.0075964067814834e-17
558.71,1.6395430977470322e-14,1.9869497928311216e-17
558.72,1.6393651874962156e-14,1.9719911460617487e-17
558.73,1.63932008613322e-14,1.9660244981357144e-17
558.74,1.6391675416124135e-14,1.956602902908185e-17
558.75,1.639049750588125e-14,1.9820955427837675e-17
558.76,1.6388606461774876e-14,1.9354725097142032e-17
558.77,1.6387396160615383e-14,1.9912351981417405e-17
558.78,1.6385776232697524e-14,1.988834025664385e-17
558.79,1.6384566726008842e-14,1.9558614019429813e-17
558.8,1.6383024318344137e-14,1.9863512460573585e-17
558.81,1.638188066486775e-14,2.0125305047277002e-17
558.82,1.6380055847325837e-14,1.9949202250140223e-17
558.83,1.637901480707987e-14,1.9801955388869074e-17
558.84,1.637739699775576e-14,1.967669558031374e-17
558.85,1.6375969993739718e-14,1.9252484359087675e-17
558.86,1.6374871836182943e-14,1.9835086258758423e-17
558.87,1.6373120020989942e-14,1.9902080473935206e-17
558.88,1.6371426171205838e-14,1.982435318553464e-17
558.89,1.637001573446583e-14,1.9730946238182742e-17
558.9,1.6369047377553858e-14,2.0337042950682087e-17
558.91,1.6367253641703936e-14,1.984920033976578e-17
558.92,1.636564025845598e-14,1.9903639075817687e-17
558.93,1.6364835805447283e-14,1.976540854044522e-17
558.94,1.6363621067089175e-14,1.963113299930432e-17
558.95,1.636166223495508e-14,1.9844033861311614e-17
558.96,1.636053830165411e-14,1.9916196522581715e-17
558.97,1.6359090373255077e-14,1.9629978986640804e-17
558.98,1.6357514669107963e-14,1.983733590614983e-17
558.99,1.6357020919705618e-14,2.0309761663766512e-17
559.0,1.635431136668203e-14,1.9788456701522175e-17
559.01,1.6353071852942478e-14,2.0168095385492946e-17
559.02,1.6350868980817442e-14,1.979321863495882e-17
559.03,1.6350680823980843e-14,1.991286074874359e-17
559.04,1.6348755948803528e-14,1.9807840006411063e-17
559.05,1.6348221359457632e-14,1.9782560237300872e-17
559.06,1.63452162193534e-14,1.97730125856052e-17
559.07,1.6344751052237233e-14,1.996683092298164e-17
559.08,1.6343863477228225e-14,1.9980753161409327e-17
559.09,1.6341876931223897e-14,1.9961336992891717e-17
559.1,1.6340122279526235e-14,1.9701074387287417e-17
559.11,1.6338922904435548e-14,1.955535283706616e-17
559.12,1.633788325339126e-14,2.0179202507828687e-17
559.13,1.6336297824654677e-14,1.9877547535655493e-17
559.14,1.6335331057163907e-14,2.0141472412370757e-17
559.15,1.6333384540901836e-14,1.9945983009290084e-17
559.16,1.6331796728107382e-14,1.9638624192505785e-17
559.17,1.6330968965505145e-14,1.980706593076888e-17
559.18,1.63289316343511e-14,1.9449320965605067e-17
559.19,1.632833606399824e-14,1.990277868741823e-17
559.2,1.632632464181042e-14,1.982007867627927e-17
559.21,1.6325195690647062e-14,2.0138849152155108e-17
559.22,1.6323331109975758e-14,1.9842787150608183e-17
559.23,1.632168714143107e-14,1.984665213561705e-17
559.24,1.632066503464993e-14,1.9963611035039417e-17
559.25,1.632013064980495e-14,1.9809137913779365e-17
559.26,1.6317516918173783e-14,1.9873128149685945e-17
559.27,1.6318769750872858e-14,1.9487056935017493e-17
559.28,1.6314174900560648e-14,2.0146394390793273e-17
559.29,1.6313047837191512e-14,1.9713915122252777e-17
559.3,1.6312206817732166e-14,2.0689786051122245e-17
559.31,1.6310851710591284e-14,1.985413787604491e-17
559.32,1.6309399403882136e-14,1.9926822398110738e-17
559.33,1.6307969533237507e-14,1.9775033707592192e-17
559.34,1.630665458681811e-14,1.990618805561462e-17
559.35,1.630511287067674e-14,2.0125884008774087e-17
559.36,1.6303575713702022e-14,2.0826965474177562e-17
559.37,1.6301787474111706e-14,1.983199339774804e-17
559.38,1.6300584967796867e-14,1.970248051856133e-17
559.39,1.629899594496973e-14,2.0390688442210553e-17
559.4,1.6297814396757463e-14,1.9680530963188094e-17
559.41,1.629650392829286e-14,1.9529789777911547e-17
559.42,1.6295520673171932e-14,1.984301280864523e-17
559.43,1.6293862168505938e-14,1.9763473333534123e-17
559.44,1.629287083778896e-14,2.03125676854187e-17
559.45,1.6291876170457884e-14,1.9715694074180662e-17
559.46,1.6288702469826773e-14,1.9706139019680404e-17
559.47,1.6288238589941895e-14,1.994896169562266e-17
559.48,1.628548796670424e-14,1.981685137259786e-17
559.49,1.6285419363884613e-14,1.9761823944476866e-17
559.5,1.6284625920124278e-14,2.0164972045757302e-17
559.51,1.6282834471283363e-14,2.0033233804205297e-17
559.52,1.6281573427340147e-14,1.9844468255932516e-17
559.53,1.628077432041337e-14,1.9549462760563025e-17
559.54,1.6277682712582112e-14,1.974936643866856e-17
559.55,1.6277071920989706e-14,1.980681674416595e-17
559.56,1.627572566295818e-14,1.9774848778935268e-17
559.57,1.6273358740675474e-14,1.9534733786131852e-17
559.58,1.6272475986649648e-14,1.9877617678055076e-17
559.59,1.627114305698922e-14,1.9839195662867175e-17
559.6,1.6269942653757508e-14,1.995940629225739e-17
559.61,1.626839230019381e-14,1.9741650732191606e-17
559.62,1.6268210041816356e-14,1.867874087095144e-17
559.63,1.6265763224927186e-14,1.9834632243368036e-17
559.64,1.6262924668462927e-14,1.9742544098821007e-17
559.65,1.6262711452417077e-14,1.9955235946101153e-17
559.66,1.6261455499409867e-14,1.9203226048972262e-17
559.67,1.6259795921093198e-14,2.0221764721481196e-17
559.68,1.6258522414305967e-14,1.9937563073062087e-17
559.69,1.6257409913793565e-14,1.9890633505522152e-17
559.7,1.6256207772765618e-14,1.9856238582558587e-17
559.71,1.6247020631204223e-14,1.7352678520590472e-17
559.72,1.625257160200289e-14,1.9735836774202853e-17
559.73,1.625106487304127e-14,2.02461611404117e-17
559.74,1.6249760484949887e-14,1.9609828724320195e-17
559.75,1.624853776401065e-14,1.9314585593538917e-17
559.76,1.6248157612961525e-14,1.9828753913951075e-17
559.77,1.6245974089237343e-14,1.9844976166876213e-17
559.78,1.624485168972482e-14,1.9822292563250835e-17
559.79,1.6242825489655593e-14,1.9450488644645493e-17
559.8,1.624106860985409e-14,1.740449661063138e-17
559.81,1.6240247599353956e-14,1.986411155021881e-17
559.82,1.623931543178381e-14,1.9841733137451678e-17
559.83,1.623717405184098e-14,1.9601877110007052e-17
559.84,1.6236452232584607e-14,1.957425487181339e-17
559.85,1.6234976115070226e-14,2.0250485786780767e-17
559.86,1.6233470182266676e-14,1.9950279444142356e-17
559.87,1.623196868605817e-14,1.9784068045696253e-17
559.88,1.6229225448940257e-14,1.9304574610150126e-17
559.89,1.6227641778884616e-14,1.915154206747498e-17
559.9,1.6227857028532728e-14,1.993715501161035e-17
559.91,1.6226123835548036e-14,2.006184061241424e-17
559.92,1.622427547708483e-14,1.9889957664225343e-17
559.93,1.622393750255249e-14,1.9953010284627328e-17
559.94,1.6224820903121986e-14,2.0871474448104538e-17
559.95,1.6220319608976904e-14,1.993832132083374e-17
559.96,1.621995136829595e-14,1.9915750613829104e-17
559.97,1.6217475910859784e-14,2.010497119218375e-17
559.98,1.621434361406806e-14,2.0162924006536434e-17
559.99,1.6214874804518072e-14,2.0009333870752976e-17
560.0,1.6214387545256433e-14,1.98841811791252e-17
560.01,1.6211989381220916e-14,1.9971004943321557e-17
560.02,1.6211341150911814e-14,2.046612047285434e-17
560.03,1.620925754332133e-14,1.9852921224037795e-17
560.04,1.6207435620042922e-14,1.9487250802240716e-17
560.05,1.6206616899214245e-14,1.993562391467974e-17
560.06,1.620463621429565e-14,1.979438028960185e-17
560.07,1.6204238032290677e-14,2.0819052061830088e-17
560.08,1.6203454292683324e-14,1.9995295348715086e-17
560.09,1.6201197990446612e-14,1.9927693369877223e-17
560.1,1.619924085727355e-14,1.9669998798711928e-17
560.11,1.6198013098360442e-14,2.0726527374333536e-17
560.12,1.619703865144263e-14,1.9805102853478747e-17
560.13,1.61945197581187e-14,1.974738424305072e-17
560.14,1.6194050422909582e-14,1.9995742169274793e-17
560.15,1.6192515634966566e-14,1.9733462317851017e-17
560.16,1.6191178557893802e-14,1.9684441167298884e-17
560.17,1.6189241570619468e-14,1.9762429065200714e-17
560.18,1.6187495363419426e-14,1.989466831746526e-17
560.19,1.6187428155746734e-14,2.005528569695708e-17
560.2,1.6184847075522254e-14,2.0651502814593018e-17
560.21,1.618445586385653e-14,2.0059964096403445e-17
560.22,1.6182311082469523e-14,1.9897334875451518e-17
560.23,1.618148240130822e-14,1.977173277028794e-17
560.24,1.617975143554903e-14,1.9810219875778236e-17
560.25,1.6177641187060957e-14,1.9617489222859066e-17
560.26,1.6177119123077562e-14,1.984954822928893e-17
560.27,1.617592349142436e-14,2.0057661752690437e-17
560.28,1.6174340710574766e-14,2.0022402620057905e-17
560.29,1.617244025978132e-14,2.0349907291162688e-17
560.3,1.617109288824967e-14,1.9609834611604236e-17
560.31,1.6169846364889598e-14,1.994189365223314e-17
560.32,1.616921428791914e-14,2.036693961646139e-17
560.33,1.6167438322767626e-14,2.003384117452944e-17
560.34,1.61650781027597e-14,2.0042930881809782e-17
560.35,1.6163996808680945e-14,1.982001911319849e-17
560.36,1.6163062087751488e-14,1.9636109691451258e-17
560.37,1.61619493640048e-14,1.9852246999961062e-17
560.38,1.6159076983449944e-14,1.9809287788416804e-17
560.39,1.6158363515838467e-14,1.956800112814101e-17
560.4,1.6157574788877382e-14,1.9637179798312314e-17
560.41,1.615602421366177e-14,2.0390739986957722e-17
560.42,1.6154416574086515e-14,1.993723656900928e-17
560.43,1.615339870397179e-14,2.0311114578635953e-17
560.44,1.615104902304863e-14,1.9534858909768416e-17
560.45,1.614705690072213e-14,1.8977352481713386e-17
560.46,1.6148801759246358e-14,1.9602129515910405e-17
560.47,1.6146627830199622e-14,1.9709814482899572e-17
560.48,1.6146074716129254e-14,1.9631277292184183e-17
560.49,1.614382997465403e-14,1.9328613211115706e-17
560.5,1.6143030346448255e-14,2.0771928704378322e-17
560.51,1.6142043961252644e-14,1.9713085927700748e-17
560.52,1.6140274132303617e-14,1.99536054655546e-17
560.53,1.614018875693531e-14,2.001218163980092e-17
560.54,1.613727629865495e-14,1.9886386924275557e-17
560.55,1.613615777274178e-14,1.9899555356173312e-17
560.56,1.6134882512118987e-14,1.921237472144544e-17
560.57,1.613303932590366e-14,1.9633527125366484e-17
560.58,1.6131881136548366e-14,1.9849145162666688e-17
560.59,1.6130158288044062e-14,2.0444381482978053e-17
560.6,1.612968151032526e-14,2.0066162204275626e-17
560.61,1.6128499776529673e-14,2.0017259116746424e-17
560.62,1.612670519184834e-14,1.9846160818351246e-17
560.63,1.6125041483288205e-14,1.9902927868194964e-17
560.64,1.6124103953179784e-14,2.0107188879130456e-17
560.65,1.6121800832339024e-14,1.8980272201635367e-17
560.66,1.6120318459316665e-14,1.9835469801209287e-17
560.67,1.611847020903277e-14,1.9545621026305876e-17
560.68,1.6117103694018193e-14,1.9991387754431584e-17
560.69,1.6115904999790716e-14,1.9478555207843672e-17
560.7,1.6115725876203706e-14,1.978598216223022e-17
560.71,1.6114095074575065e-14,1.9889018848271283e-17
560.72,1.6113000690388692e-14,1.99222936405119e-17
560.73,1.6111204651483525e-14,2.0169233287666554e-17
560.74,1.6110031862404266e-14,1.926513121817383e-17
560.75,1.61079453768978e-14,1.960276030543229e-17
560.76,1.610689001612385e-14,2.0272260546720248e-17
560.77,1.610481047870564e-14,1.9772947881464822e-17
560.78,1.6104320682990802e-14,1.9799815376702935e-17
560.79,1.610219045882231e-14,2.0206809487307182e-17
560.8,1.610188473488456e-14,2.0081567640765717e-17
560.81,1.6099684298723726e-14,1.9827859021400785e-17
560.82,1.6098430490378394e-14,2.0374303851518082e-17
560.83,1.6097901853310278e-14,1.9510897392146303e-17
560.84,1.609548690442738e-14,2.004252677495598e-17
560.85,1.6093542293247603e-14,2.0135977490364787e-17
560.86,1.60919514495211e-14,2.0058005872945775e-17
560.87,1.6091780119145846e-14,1.9778084537402574e-17
560.88,1.6090091286969293e-14,2.0295042267555516e-17
560.89,1.608857381933772e-14,1.986628441775264e-17
560.9,1.608752291003206e-14,1.9750818676167128e-17
560.91,1.6086399464855447e-14,2.052154436706738e-17
560.92,1.6084810380723566e-14,1.961853591670992e-17
560.93,1.6083344301261303e-14,1.9941620541456427e-17
560.94,1.6082273229930765e-14,2.0504410076004836e-17
560.95,1.6080380778271644e-14,1.938741537831638e-17
560.96,1.6079916048361057e-14,2.0142962517707584e-17
560.97,1.6078333654835933e-14,2.0368234314271367e-17
560.98,1.607582758574178e-14,1.9747108560625185e-17
560.99,1.6074775731269998e-14,1.9819748007350758e-17
561.0,1.6073690863678884e-14,1.9874916939809615e-17
561.01,1.6072349613297365e-14,1.955124703223231e-17
561.02,1.607196986767324e-14,2.07410509574373e-17
561.03,1.6069574162554387e-14,1.960412133737276e-17
561.04,1.6067170062448838e-14,1.9538278562190388e-17
561.05,1.60662734274063e-14,1.9818448993925964e-17
561.06,1.6064599111476823e-14,1.8967252838315724e-17
561.07,1.6063028481705612e-14,1.9711379467760825e-17
561.08,1.606230291438529e-14,1.9900525374894076e-17
561.09,1.6060717046180826e-14,1.9664103012981215e-17
561.1,1.6059814446922597e-14,1.9411329146624554e-17
561.11,1.605823886420394e-14,2.0137511608199452e-17
561.12,1.605641026891978e-14,1.9561800807464683e-17
561.13,1.6055041448915557e-14,1.948957801142418e-17
561.14,1.6053623121437162e-14,1.978255492029121e-17
561.15,1.6052548309966024e-14,1.9887637545309645e-17
561.16,1.6051164242088402e-14,1.9794976025499204e-17
561.17,1.6049800353518848e-14,1.940484575533124e-17
561.18,1.6048248006516766e-14,1.99836441704665e-17
561.19,1.6047678352469875e-14,1.9224103955568094e-17
561.2,1.6045037965437955e-14,1.944034014874078e-17
561.21,1.6044086914901033e-14,1.984695786123712e-17
561.22,1.6042544236795748e-14,1.9869565818049647e-17
561.23,1.6041245939802438e-14,1.9761796673795963e-17
561.24,1.604147846627088e-14,2.1187332908604522e-17
561.25,1.6037670578941816e-14,1.9361386460317484e-17
561.26,1.6037270259836538e-14,1.998434791284968e-17
561.27,1.6035913603166593e-14,2.0098158148924356e-17
561.28,1.6035557821790012e-14,1.920425998213158e-17
561.29,1.6033015705389957e-14,1.9749972272901868e-17
561.3,1.6032519714227327e-14,2.016758914874082e-17
561.31,1.6029578926407042e-14,1.916702024141424e-17
561.32,1.6028686075027045e-14,1.969615097618504e-17
561.33,1.6026799215223376e-14,1.9509039345528032e-17
561.34,1.6025808414344842e-14,1.9809532436390006e-17
561.35,1.6024548517466172e-14,2.0038090455520192e-17
561.36,1.6023467453302358e-14,1.971959732217492e-17
561.37,1.602343628962184e-14,1.979400591445896e-17
561.38,1.6020349049696774e-14,1.9625290884795508e-17
561.39,1.601926254198959e-14,1.965781539437862e-17
561.4,1.6017505266315603e-14,1.957292221819012e-17
561.41,1.601629734343292e-14,1.9894218490746296e-17
561.42,1.601460765709711e-14,1.937460034025631e-17
561.43,1.601323594859163e-14,1.9645629413722924e-17
561.44,1.6011683791367037e-14,1.9739668853915814e-17
561.45,1.60107581932879e-14,1.953722403125489e-17
561.46,1.6010952590485932e-14,1.9777774249159588e-17
561.47,1.6008657816063002e-14,1.9732881806439853e-17
561.48,1.6006303650688683e-14,1.9683255467857866e-17
561.49,1.600528084137341e-14,1.9693276110102388e-17
561.5,1.6003709808267435e-14,1.9705313566453496e-17
561.51,1.6001594304423728e-14,1.9560612224134233e-17
561.52,1.6001175644714212e-14,1.992617340094921e-17
561.53,1.5999683240018827e-14,1.9108596711027743e-17
561.54,1.5998071913167267e-14,1.9785973175973743e-17
561.55,1.59980191655901e-14,2.09151465694716e-17
561.56,1.5995531543452486e-14,1.9675764513962974e-17
561.57,1.599375605865807e-14,1.9708063967642694e-17
561.58,1.5992900059692425e-14,1.9380829786527486e-17
561.59,1.5991433527903806e-14,1.9849622256643657e-17
561.6,1.5989598085477414e-14,2.0004158574060496e-17
561.61,1.598764239715942e-14,1.8965893889932135e-17
561.62,1.5988121119467835e-14,1.9679336749356696e-17
561.63,1.598537586315338e-14,1.9393488495781675e-17
561.64,1.5984824801690075e-14,2.1235619003355044e-17
561.65,1.5982625001934072e-14,1.9552641017093034e-17
561.66,1.59812795298156e-14,1.9809147974529273e-17
561.67,1.5979833152087896e-14,1.9557920954609153e-17
561.68,1.5978941079930145e-14,1.998866964060666e-17
561.69,1.5976803633229513e-14,1.9983900105343712e-17
561.7,1.597582916618875e-14,1.9318848917622724e-17
561.71,1.5975045499814672e-14,2.0271214434860615e-17
561.72,1.597284973497279e-14,1.9857646324305523e-17
561.73,1.5971899156943264e-14,2.1448642204702607e-17
561.74,1.5970506218926143e-14,1.9544581735226694e-17
561.75,1.596899552956411e-14,1.910327900358796e-17
561.76,1.5967470233967765e-14,1.962518811869912e-17
561.77,1.59664073209425e-14,1.977373298673423e-17
561.78,1.5965733754486157e-14,1.984093641595608e-17
561.79,1.596343375268213e-14,1.9367543769528784e-17
561.8,1.5959988238895126e-14,1.9043690180775943e-17
561.81,1.5960584121414268e-14,1.932507308660959e-17
561.82,1.5958375660721818e-14,2.0425513189602233e-17
561.83,1.5958275981927418e-14,1.9774355384793818e-17
561.84,1.5956562324434092e-14,1.924734938988114e-17
561.85,1.5955208091890072e-14,1.9661718098724683e-17
561.86,1.5953657352564723e-14,1.9448044342435438e-17
561.87,1.5952643913059382e-14,1.9872526045784996e-17
561.88,1.5950834740819127e-14,1.9460597560868514e-17
561.89,1.5948617053694932e-14,1.8533806943968166e-17
561.9,1.594818471478137e-14,1.938420122803811e-17
561.91,1.5945803403800797e-14,1.974032645600992e-17
561.92,1.5945326505948803e-14,1.9489700642072727e-17
561.93,1.5943719158045047e-14,1.9319532955210882e-17
561.94,1.5942876490600617e-14,1.95360759129516e-17
561.95,1.594145467068702e-14,1.9435330939862562e-17
561.96,1.593958628284997e-14,1.9322616240173313e-17
561.97,1.593838935709876e-14,1.9686109312646665e-17
561.98,1.593554771418905e-14,2.1360435865477615e-17
561.99,1.5935342639901432e-14,1.9527018876103783e-17
562.0,1.593334617129172e-14,1.9203100775616867e-17
562.01,1.5932769902085134e-14,1.9333130338895503e-17
562.02,1.5931735353939697e-14,1.9479115491052787e-17
562.03,1.593039425039371e-14,1.955647207661813e-17
562.04,1.5928638572120226e-14,1.943978929218991e-17
562.05,1.5927701595515608e-14,2.0003937152944556e-17
562.06,1.592604175836806e-14,1.9537894886904792e-17
562.07,1.592431635052828e-14,1.823338245256914e-17
562.08,1.5923405636811805e-14,1.9762927542409988e-17
562.09,1.5921106614834737e-14,1.8891906093033526e-17
562.1,1.5920444642904746e-14,1.9363543307278276e-17
562.11,1.591899801330468e-14,1.9204699717886984e-17
562.12,1.5917482987368187e-14,1.9433125270114676e-17
562.13,1.591608445832458e-14,1.926713109667487e-17
562.14,1.5914911022542522e-14,2.011619635275933e-17
562.15,1.591335218921085e-14,1.9679878741394323e-17
562.16,1.5913400385865302e-14,1.9881105840681376e-17
562.17,1.5910855490282034e-14,1.9592875433449138e-17
562.18,1.5910156098699085e-14,1.907417799590232e-17
562.19,1.5907498102560028e-14,1.9509928534742073e-17
562.2,1.5906822138927105e-14,1.9666049958190856e-17
562.21,1.5905330156612928e-14,1.9601992498332218e-17
562.22,1.5904013129170155e-14,1.9428709483584587e-17
562.23,1.590321524584808e-14,1.908293064893859e-17
562.24,1.5900806987874905e-14,1.965283653593285e-17
562.25,1.5899994043710008e-14,2.0120968859096843e-17
562.26,1.58982165468441e-14,1.981556077472729e-17
562.27,1.5898003100916133e-14,1.9302680854060517e-17
562.28,1.5895297159242995e-14,1.9463954371798478e-17
562.29,1.589404896736414e-14,1.976543241528321e-17
562.3,1.5893124890877932e-14,1.957287566359887e-17
562.31,1.5891685784100185e-14,1.9562211815997793e-17
562.32,1.58899527383414e-14,1.895121270470482e-17
562.33,1.5888836506802354e-14,2.0421239584715738e-17
562.34,1.5887251546568212e-14,1.919991878062512e-17
562.35,1.5886097861029348e-14,1.9143924745424263e-17
562.36,1.5885424755916035e-14,1.9446873009353764e-17
562.37,1.588315421656602e-14,1.9750652068434567e-17
562.38,1.5881800171338047e-14,1.9253696571761993e-17
562.39,1.5880734260039365e-14,1.9349704434756876e-17
562.4,1.5879156874171695e-14,1.9338929676045686e-17
562.41,1.5877466214363727e-14,1.9514636502192726e-17
562.42,1.5875964643525667e-14,1.9606760197704632e-17
562.43,1.587512056946313e-14,1.932105380444875e-17
562.44,1.587339213486289e-14,1.9481682576888556e-17
562.45,1.587293537435442e-14,1.998973181789903e-17
562.46,1.5871063797170044e-14,1.9540516769371496e-17
562.47,1.5869496256934135e-14,1.9363424219986338e-17
562.48,1.5868752717391026e-14,1.931537068281286e-17
562.49,1.5867616206758796e-14,1.990939466946367e-17
562.5,1.5864453138338206e-14,1.9468755999188918e-17
562.51,1.586440447810706e-14,1.9123833877277635e-17
562.52,1.5863323200504785e-14,1.958870855682684e-17
562.53,1.586116919897632e-14,1.9716781211270627e-17
562.54,1.5859775333506833e-14,2.0252368032095742e-17
562.55,1.5859336929244062e-14,1.9095823252049055e-17
562.56,1.585739947460493e-14,1.9328119135027863e-17
562.57,1.585585018924279e-14,1.918898980865585e-17
562.58,1.5854274552163724e-14,1.9922422060003293e-17
562.59,1.58527734991038e-14,1.9194010458764653e-17
562.6,1.585197067818005e-14,1.937997498643519e-17
562.61,1.5850131130722505e-14,1.9705429282290664e-17
562.62,1.5848940562665338e-14,1.9314536778716645e-17
562.63,1.5847105758454354e-14,1.9799975315579005e-17
562.64,1.584710486538321e-14,1.9341869729588354e-17
562.65,1.5844634908926776e-14,1.9190149431743706e-17
562.66,1.5843581988229767e-14,1.9205998040149897e-17
562.67,1.5842183874479103e-14,1.9431784573275962e-17
562.68,1.584049750555652e-14,1.900529340764298e-17
562.69,1.58394810720002e-14,1.94517613161464e-17
562.7,1.583747416925052e-14,1.9678302216071387e-17
562.71,1.583613638305045e-14,1.9235808925169105e-17
562.72,1.5834646765388034e-14,1.957561311619923e-17
562.73,1.5834361956960397e-14,1.9667076753655536e-17
562.74,1.5832431589854862e-14,1.9228549592261075e-17
562.75,1.5830786368822312e-14,1.9609901829270013e-17
562.76,1.5829111982546117e-14,1.9008172264494373e-17
562.77,1.582832533314141e-14,1.9598222314009377e-17
562.78,1.5827321732947233e-14,1.9170258314944744e-17
562.79,1.5825319371302036e-14,1.907846034566522e-17
562.8,1.58241771044916e-14,1.9342788097978747e-17
562.81,1.5821907668448738e-14,1.911113345186162e-17
562.82,1.582256194226377e-14,1.9391534165902215e-17
562.83,1.5820084633054553e-14,1.9396645068786004e-17
562.84,1.581895540369376e-14,1.9365767471892934e-17
562.85,1.5817252683332292e-14,1.9333025783545547e-17
562.86,1.581607227813831e-14,1.9557631750424105e-17
562.87,1.58143486578545e-14,1.942877216133705e-17
562.88,1.581348594067067e-14,1.9080373446059564e-17
562.89,1.5811990310016147e-14,1.9372107140942804e-17
562.9,1.58102868546702e-14,1.8947480639967732e-17
562.91,1.580957571677254e-14,1.8978274514479546e-17
562.92,1.5807797288212477e-14,1.9151605420722988e-17
562.93,1.5806041145065008e-14,1.8934598151846925e-17
562.94,1.580515080751656e-14,1.9242479776779508e-17
562.95,1.5803891834253088e-14,1.9410023215755375e-17
562.96,1.580313638585542e-14,1.9445626865798032e-17
562.97,1.5801060206856938e-14,1.9519269975392337e-17
562.98,1.5799575235415838e-14,1.917001113271129e-17
562.99,1.5797555952176517e-14,1.91786627209297e-17
563.0,1.5797815216758544e-14,1.8806483577513122e-17
563.01,1.5795500644845974e-14,1.882097481433929e-17
563.02,1.5794337280484244e-14,1.931337008043494e-17
563.03,1.5792941337840167e-14,1.913502450046079e-17
563.04,1.5790883825060454e-14,1.9227176799049156e-17
563.05,1.5789968610065992e-14,1.908534388269773e-17
563.06,1.5787906689104934e-14,1.9139183119015033e-17
563.07,1.5787091987303146e-14,1.9204889712793454e-17
563.08,1.5785352809179064e-14,1.9100433663612006e-17
563.09,1.5784712311555674e-14,1.8499575474735086e-17
563.1,1.5783072334795783e-14,1.912232033862361e-17
563.11,1.578166348186419e-14,1.9176060595095163e-17
563.12,1.5780871391075195e-14,1.9458131326939832e-17
563.13,1.57788215531874e-14,1.921515977192946e-17
563.14,1.5777924556627148e-14,1.8807430967626605e-17
563.15,1.5776201378217454e-14,1.892648499466845e-17
563.16,1.5775079360878213e-14,1.911480170270775e-17
563.17,1.577340901917794e-14,1.9143937778894363e-17
563.18,1.57716932892248e-14,1.8610822864429362e-17
563.19,1.577022811888713e-14,1.8922214482106067e-17
563.2,1.577018444053196e-14,1.9510307350172226e-17
563.21,1.5765338615160362e-14,1.9580360426625082e-17
563.22,1.5767415551215267e-14,1.9101699574595193e-17
563.23,1.5765056021471408e-14,1.8896898921111717e-17
563.24,1.5764000189686265e-14,1.8905166513444155e-17
563.25,1.5762501899072143e-14,1.8986207763271924e-17
563.26,1.5761741118038696e-14,1.9162865865014186e-17
563.27,1.57583320413805e-14,1.8759397312317245e-17
563.28,1.5759024193814478e-14,1.926763862073247e-17
563.29,1.5756999456165433e-14,1.8590740141526835e-17
563.3,1.5755022673429127e-14,1.8983318509107696e-17
563.31,1.5755103300610205e-14,1.9155175992852086e-17
563.32,1.5753083396442852e-14,1.920531978548034e-17
563.33,1.5751988921749824e-14,1.9217654570229538e-17
563.34,1.5750169972323683e-14,1.925131501131915e-17
563.35,1.5749152410265034e-14,1.9092905299987535e-17
563.36,1.5747035746216012e-14,1.888964990820513e-17
563.37,1.57462605273808e-14,1.8866493989888492e-17
563.38,1.574447694488518e-14,1.8397090212754628e-17
563.39,1.574339497430732e-14,1.8818134997306333e-17
563.4,1.5742663095594153e-14,1.8464403159539663e-17
563.41,1.5740679936449683e-14,1.8951546021145397e-17
563.42,1.573943800944022e-14,1.9060073390790262e-17
563.43,1.5738136353662477e-14,1.9132870857364468e-17
563.44,1.5736128178439946e-14,1.898938074715828e-17
563.45,1.573475275266755e-14,1.902584832559993e-17
563.46,1.5733928841290954e-14,1.8762408545693487e-17
563.47,1.5730944722843837e-14,1.8408991300265264e-17
563.48,1.573200397510597e-14,1.9210962928765772e-17
563.49,1.573003683511997e-14,1.897227046939649e-17
563.5,1.5728433707603708e-14,1.942933690935322e-17
563.51,1.5727091066839723e-14,1.920414594983312e-17
563.52,1.5726332870852357e-14,1.9139764257474588e-17
563.53,1.5724214843005472e-14,1.8950151797998386e-17
563.54,1.572314737814139e-14,1.9908397262235356e-17
563.55,1.5721339233631343e-14,1.8942353146039045e-17
563.56,1.5726678682753586e-14,2.1453945682271062e-17
563.57,1.5718750934561996e-14,1.8783816196806653e-17
563.58,1.5719359711944146e-14,1.892115773421945e-17
563.59,1.5716543996998023e-14,1.89856059679583e-17
563.6,1.5714942167720708e-14,1.8998387701757492e-17
563.61,1.571382624420977e-14,1.913309612104429e-17
563.62,1.571231893272801e-14,1.922269290486717e-17
563.63,1.571121388340497e-14,2.0090270702804917e-17
563.64,1.570993046070754e-14,1.8868699564519336e-17
563.65,1.5705189517785795e-14,1.740644974035759e-17
563.66,1.570675327684666e-14,1.897293107867015e-17
563.67,1.5704688088723764e-14,1.932861861777894e-17
563.68,1.5704015936341138e-14,1.9137277549619353e-17
563.69,1.5703258214158667e-14,1.8943829013375173e-17
563.7,1.570082315764991e-14,1.917658997566639e-17
563.71,1.569984956177031e-14,1.9008262966656235e-17
563.72,1.5699367050373192e-14,1.9825949788880018e-17
563.73,1.5697663419793514e-14,1.899771376378887e-17
563.74,1.5696070891989622e-14,2.0846556052690976e-17
563.75,1.5694840073988883e-14,1.8909958223747618e-17
563.76,1.5693810308279195e-14,1.790253358173749e-17
563.77,1.569350062424045e-14,1.9716521440543673e-17
563.78,1.569023275499372e-14,1.8729946570134074e-17
563.79,1.5687254567304233e-14,1.7795744111110798e-17
563.8,1.56879230785106e-14,1.8762308229338123e-17
563.81,1.5687397840829713e-14,1.9467846692029606e-17
563.82,1.5686276220357612e-14,1.9275319269997434e-17
563.83,1.5685062085482204e-14,1.9632211913805868e-17
563.84,1.5682224355893975e-14,1.874095725145915e-17
563.85,1.5682435819191852e-14,1.8546673042172186e-17
563.86,1.568043029089141e-14,1.9009914512204408e-17
563.87,1.567840393428675e-14,1.8791731743067086e-17
563.88,1.567741330870524e-14,1.918793752458891e-17
563.89,1.5675518058319712e-14,1.8618498347621253e-17
563.9,1.567579953127591e-14,1.9283947371777926e-17
563.91,1.5673580711629766e-14,1.880466967194879e-17
563.92,1.5671599219838104e-14,1.7687016512360838e-17
563.93,1.5668898158197043e-14,1.8412626273410882e-17
563.94,1.566770181271868e-14,1.838971096339078e-17
563.95,1.5668200170478256e-14,1.9167751111605287e-17
563.96,1.566618475825766e-14,1.8658974488269953e-17
563.97,1.56652381683929e-14,1.8731243861545486e-17
563.98,1.566358648642662e-14,1.854970954199151e-17
563.99,1.5663723927082637e-14,1.8938382204991287e-17
564.0,1.5661108539452933e-14,1.9097072714629995e-17
564.01,1.5659364428326285e-14,1.8464090636869027e-17
564.02,1.5657470669972496e-14,1.837566870470134e-17
564.03,1.5656460191199947e-14,1.9019825471533486e-17
564.04,1.5654851852192967e-14,1.846502133453429e-17
564.05,1.565411509004141e-14,1.874172141722219e-17
564.06,1.5652242970114195e-14,1.8442192861139262e-17
564.07,1.5651617560419832e-14,1.850557292771353e-17
564.08,1.5651395374123964e-14,1.8590627720425475e-17
564.09,1.5648739899413707e-14,1.8594425343282824e-17
564.1,1.5646724594166965e-14,1.893310742877593e-17
564.11,1.564648719848804e-14,1.8787701245356472e-17
564.12,1.5644335074998018e-14,1.846242026268872e-17
564.13,1.5643435097464144e-14,1.8508776153190798e-17
564.14,1.5641557318912278e-14,1.8496124697285665e-17
564.15,1.5640797571441363e-14,1.8429268442135677e-17
564.16,1.5640354847599393e-14,1.823184181743992e-17
564.17,1.5638722353597286e-14,1.7977508842579113e-17
564.18,1.5637090847181193e-14,1.8552410116793644e-17
564.19,1.5635570996167833e-14,1.8962273427796168e-17
564.2,1.5633787182416996e-14,1.864364518168196e-17
564.21,1.5632341681085854e-14,1.81151315644281e-17
564.22,1.5631580664535406e-14,1.8587027292900405e-17
564.23,1.5628686210159647e-14,1.824826511188159e-17
564.24,1.5628798429450886e-14,1.8795028500553366e-17
564.25,1.5627494367288083e-14,1.8554204427984288e-17
564.26,1.5625376352691574e-14,1.7796174301723064e-17
564.27,1.5624925719716998e-14,1.887052119355446e-17
564.28,1.5623135264766545e-14,1.810294435468909e-17
564.29,1.5622151278548002e-14,1.878530990809961e-17
564.3,1.5624739672997704e-14,1.9913849688679273e-17
564.31,1.5619091095405983e-14,1.846674792821747e-17
564.32,1.5617464408328506e-14,1.8459223865792162e-17
564.33,1.561607951455146e-14,1.8585271673281337e-17
564.34,1.5615131758655292e-14,1.853232789478601e-17
564.35,1.561404915699136e-14,1.8218383163209826e-17
564.36,1.561263032705328e-14,1.8817812134195614e-17
564.37,1.5610499078556243e-14,1.801327628212527e-17
564.38,1.5608833194437128e-14,1.8341562433454096e-17
564.39,1.5607652547246535e-14,1.8579158031414786e-17
564.4,1.560718512319655e-14,1.8481530449691797e-17
564.41,1.560522655149821e-14,1.8236765312304534e-17
564.42,1.5604525351684103e-14,1.8253687028366306e-17
564.43,1.5602596866370646e-14,1.850229176794086e-17
564.44,1.5602186450861414e-14,1.844314526431574e-17
564.45,1.5600178716575394e-14,1.8400995411141904e-17
564.46,1.5599699289942454e-14,1.885062345453598e-17
564.47,1.5596102472695444e-14,1.7971530027340475e-17
564.48,1.5596914704027764e-14,1.8464905896149255e-17
564.49,1.5594816932547458e-14,1.8364597330673656e-17
564.5,1.5592477468042985e-14,1.811823275515699e-17
564.51,1.5592317728426977e-14,1.850226098605883e-17
564.52,1.5592585159417506e-14,1.9217741302192958e-17
564.53,1.5590787161729467e-14,1.877614657568785e-17
564.54,1.5589755577379363e-14,1.9165437095747795e-17
564.55,1.558698045248344e-14,1.8442916827018006e-17
564.56,1.5585236462503777e-14,1.8447058272569044e-17
564.57,1.558436327620859e-14,1.8357323205880955e-17
564.58,1.5582594698992547e-14,1.8222636642844482e-17
564.59,1.5581607710590103e-14,1.8572603309779166e-17
564.6,1.5580533276269982e-14,1.8740369036785457e-17
564.61,1.5579577391604603e-14,1.9052852259255476e-17
564.62,1.557882331222229e-14,1.873987126778673e-17
564.63,1.5576916228965945e-14,1.9091056197629423e-17
564.64,1.5575442073185992e-14,1.8594747763029647e-17
564.65,1.5573463347226138e-14,1.8533802640366395e-17
564.66,1.557199234060159e-14,1.8666195120028867e-17
564.67,1.5570622904013773e-14,1.8386080888542372e-17
564.68,1.5569474572988383e-14,1.8327268116416998e-17
564.69,1.5568417993679736e-14,1.881447029333844e-17
564.7,1.556640272453652e-14,1.8394847274767874e-17
564.71,1.5566793745174192e-14,1.8508679706716665e-17
564.72,1.556367620537697e-14,1.8437653403005e-17
564.73,1.556382717509355e-14,1.8660707122181426e-17
564.74,1.5560825224497872e-14,1.8269984976090685e-17
564.75,1.5560702338510822e-14,1.8630911352148627e-17
564.76,1.5558454113952223e-14,1.8570146464988516e-17
564.77,1.555748939831829e-14,1.819056018994765e-17
564.78,1.5555741684597865e-14,1.838649075698749e-17
564.79,1.5554077576388887e-14,1.8081202769565748e-17
564.8,1.5554978968041664e-14,1.8113660086990247e-17
564.81,1.5550804421366188e-14,1.8307199413338413e-17
564.82,1.5551024749526637e-14,1.8619612013676675e-17
564.83,1.554967070828221e-14,1.8480250870554427e-17
564.84,1.5548144205021507e-14,1.8609849541131963e-17
564.85,1.5546527176247118e-14,1.8422565002242278e-17
564.86,1.5544556374288716e-14,1.7819925687206736e-17
564.87,1.554385016091453e-14,1.8498557615368275e-17
564.88,1.5542935251965484e-14,1.8347668918108918e-17
564.89,1.5543208796484813e-14,1.7914147983953208e-17
564.9,1.5539266390948672e-14,1.8450797759759466e-17
564.91,1.5538685645501127e-14,1.862627060213336e-17
564.92,1.553770390176439e-14,1.8507834607180194e-17
564.93,1.5535432434797542e-14,1.7711755456443786e-17
564.94,1.5535091880376195e-14,1.8689925729976102e-17
564.95,1.5533111781602927e-14,1.8198049527609837e-17
564.96,1.5529692557243622e-14,1.7145135276573724e-17
564.97,1.5530634992587396e-14,1.8079672949079488e-17
564.98,1.553110590505888e-14,1.7572054083748108e-17
564.99,1.5527623633761615e-14,1.810203017250169e-17
565.0,1.552738700758524e-14,1.877468995984329e-17
565.01,1.552563464760159e-14,1.832473736654145e-17
565.02,1.5524496279158006e-14,1.807200933718544e-17
565.03,1.5522417433680132e-14,1.847098404685289e-17
565.04,1.5520335529291055e-14,1.825812301775584e-17
565.05,1.5521382700378694e-14,1.8410524702484072e-17
565.06,1.5518739873333156e-14,1.8041353489315255e-17
565.07,1.5518294517767168e-14,1.706186037932438e-17
565.08,1.551663150904723e-14,1.8213757715420012e-17
565.09,1.5515206356281797e-14,1.8115951651869064e-17
565.1,1.5513555851453962e-14,1.8290398631682265e-17
565.11,1.551239592586384e-14,1.863369745257338e-17
565.12,1.5510636459124636e-14,1.82172728673585e-17
565.13,1.5508653574057477e-14,1.8655133941330184e-17
565.14,1.550808163348336e-14,1.8277677881926872e-17
565.15,1.5507013880664564e-14,1.8327661384963765e-17
565.16,1.5504527651449946e-14,1.6655997067526806e-17
565.17,1.550427620541175e-14,1.8538785061488393e-17
565.18,1.5502774296458777e-14,1.884236419712222e-17
565.19,1.5502499912644523e-14,1.8895423424139624e-17
565.2,1.549979084234545e-14,1.8621779613931588e-17
565.21,1.5499059860184264e-14,1.8339804711649692e-17
565.22,1.54965297436142e-14,1.849693443977753e-17
565.23,1.5496022327584377e-14,1.8281734298636123e-17
565.24,1.5494142479123876e-14,1.783052192074424e-17
565.25,1.5492647487198777e-14,1.7351942497557165e-17
565.26,1.54923951934057e-14,1.8497832656388637e-17
565.27,1.5490165685154042e-14,1.798862089563084e-17
565.28,1.548999750465733e-14,1.8680888286086728e-17
565.29,1.5488424786523228e-14,1.7968060427512284e-17
565.3,1.5487080612827056e-14,1.8312424526050522e-17
565.31,1.5485639765712727e-14,1.9004701324898234e-17
565.32,1.5484065606180385e-14,1.7948714048737133e-17
565.33,1.5482836183696124e-14,1.8534442016850658e-17
565.34,1.5480492306233093e-14,1.765636415429867e-17
565.35,1.5480587678733543e-14,1.7877203896619578e-17
565.36,1.5478972322822967e-14,1.8503855384894003e-17
565.37,1.5477819447483187e-14,1.8404026204037525e-17
565.38,1.5476803413409492e-14,1.872942268587965e-17
565.39,1.5474994097385576e-14,1.8124390512866526e-17
565.4,1.547366115708428e-14,1.872485688032511e-17
565.41,1.5472359260659053e-14,1.797703964687106e-17
565.42,1.547109408996057e-14,1.837709024088761e-17
565.43,1.5468454362143023e-14,1.842694931641961e-17
565.44,1.5468532964762645e-14,1.8459274329430485e-17
565.45,1.546775255403e-14,1.863347114458086e-17
565.46,1.5465520787461575e-14,1.8039064466299472e-17
565.47,1.546395988102784e-14,1.8457548495531695e-17
565.48,1.5463257443996137e-14,1.814854235451982e-17
565.49,1.5461136185845846e-14,1.848257957926297e-17
565.5,1.5459986229932378e-14,1.7864775165328796e-17
565.51,1.5458903953917993e-14,1.8510296864689976e-17
565.52,1.5456816012471998e-14,1.849613882670813e-17
565.53,1.545642438004839e-14,1.825494378573311e-17
565.54,1.545489537705949e-14,1.812128023332591e-17
565.55,1.5454345709774062e-14,1.8758535089179188e-17
565.56,1.5452294198161468e-14,1.7541225369970685e-17
565.57,1.5451241928263744e-14,1.856986557696203e-17
565.58,1.544935166585391e-14,1.815472509292637e-17
565.59,1.5448645279951868e-14,1.8314639134990048e-17
565.6,1.5447604998704096e-14,1.8303832102046664e-17
565.61,1.5445393838203132e-14,1.896102421469176e-17
565.62,1.5444248896905895e-14,1.817684613675411e-17
565.63,1.5442628784481514e-14,1.754754291239428e-17
565.64,1.5441593471018985e-14,1.781887623670606e-17
565.65,1.5441741508569655e-14,1.7096616490325318e-17
565.66,1.5439084428776386e-14,1.7464764868090858e-17
565.67,1.543812402561769e-14,1.8894672036939595e-17
565.68,1.5436367097088945e-14,1.7904940612351604e-17
565.69,1.5435798600486043e-14,1.871475506707407e-17
565.7,1.5433771549494635e-14,1.9051808278939103e-17
565.71,1.5432467409794394e-14,1.8008891874279047e-17
565.72,1.5431111005855426e-14,1.812608092274384e-17
565.73,1.543025333151804e-14,1.861986944455734e-17
565.74,1.5430671731489875e-14,1.9333285405475215e-17
565.75,1.5427883182694108e-14,1.8902821695167247e-17
565.76,1.542569174275179e-14,1.841504331738095e-17
565.77,1.5424931429145628e-14,1.827497628848377e-17
565.78,1.5422997615193315e-14,1.7861719242971796e-17
565.79,1.5423077643807248e-14,1.899058271829449e-17
565.8,1.5420460081781524e-14,1.8405945907233024e-17
565.81,1.5419433061647495e-14,1.8283819109709973e-17
565.82,1.5418053593929203e-14,1.8650745833628552e-17
565.83,1.5417489091842582e-14,1.9941470808178048e-17
565.84,1.541522003689098e-14,1.8544359800942604e-17
565.85,1.5413928539207018e-14,1.8464845679097676e-17
565.86,1.541297581906765e-14,1.8313767221038257e-17
565.87,1.541151972535982e-14,1.8346038756220908e-17
565.88,1.541119927980654e-14,1.86792845452771e-17
565.89,1.5408578052894908e-14,1.8250501536589102e-17
565.9,1.5407219358701964e-14,1.7543357487817396e-17
565.91,1.5406282423968593e-14,1.8072400768163133e-17
565.92,1.5404855266648465e-14,2.097944861582295e-17
565.93,1.5403358570725278e-14,1.836971694144024e-17
565.94,1.5402128917655913e-14,1.8394167672299723e-17
565.95,1.540081769423821e-14,1.8566129329280284e-17
565.96,1.5399460128943678e-14,1.7791860562711394e-17
565.97,1.5398966053715637e-14,1.816372301762717e-17
565.98,1.5396979769838308e-14,1.8353670942333348e-17
565.99,1.5395069047582402e-14,1.7710379621132188e-17
566.0,1.539440279091873e-14,1.821614986048056e-17
566.01,1.5391507345948356e-14,1.8525800040324404e-17
566.02,1.539162849422485e-14,1.8352039964874308e-17
566.03,1.539033016058446e-14,1.8321565610290255e-17
566.04,1.5389295844521885e-14,1.8225978918475393e-17
566.05,1.5387847725306188e-14,1.8001187388749512e-17
566.06,1.5386723384789813e-14,1.7906959806128576e-17
566.07,1.5385138628017505e-14,1.816919411880451e-17
566.08,1.538394738536672e-14,1.8056612674271433e-17
566.09,1.5382666018040008e-14,1.8035266797364668e-17
566.1,1.538000708323264e-14,1.7736544064128717e-17
566.11,1.5379990232039183e-14,1.8140962071373875e-17
566.12,1.5378489530980275e-14,1.826806834382619e-17
566.13,1.5377613479780457e-14,1.8683200285693344e-17
566.14,1.537632060672782e-14,1.7925253386283218e-17
566.15,1.5375258563490146e-14,1.8142392559653475e-17
566.16,1.5373309766580822e-14,1.8147828894927103e-17
566.17,1.537215921268245e-14,1.864438845638579e-17
566.18,1.5371262690628164e-14,1.7517404130367766e-17
566.19,1.5369311631536472e-14,1.7657294464781628e-17
566.2,1.5367837623353154e-14,1.8113256262920398e-17
566.21,1.5366711239079043e-14,1.8106656575905096e-17
566.22,1.5365438337734224e-14,1.8070848908893986e-17
566.23,1.536452724850086e-14,1.8026372426454424e-17
566.24,1.5363197832089175e-14,1.7846809297015896e-17
566.25,1.5361592183013285e-14,1.8408992704508747e-17
566.26,1.5360533750545703e-14,1.8319985412133047e-17
566.27,1.535892395498302e-14,1.9780366068026022e-17
566.28,1.535725325201344e-14,1.8408559892253615e-17
566.29,1.535625152575027e-14,1.8248143531140858e-17
566.3,1.535493269227282e-14,1.8038599855002397e-17
566.31,1.5354339998779052e-14,1.867658632062286e-17
566.32,1.5352781321297622e-14,1.8088223641650134e-17
566.33,1.5351103731066067e-14,1.777347427457727e-17
566.34,1.535000019896822e-14,1.8397210262045175e-17
566.35,1.5348539773428176e-14,1.8024588177692218e-17
566.36,1.5347490557671304e-14,1.814362919594832e-17
566.37,1.5345488387567142e-14,1.7823968905916447e-17
566.38,1.5344788395048207e-14,1.8192158227256473e-17
566.39,1.5343127540361496e-14,1.8342367723678562e-17
566.4,1.5342160589888034e-14,1.7997431181332746e-17
566.41,1.5340637892957693e-14,1.8331244233641954e-17
566.42,1.53391219001578e-14,1.8055331754477474e-17
566.43,1.5338075666876835e-14,1.7890881807542792e-17
566.44,1.5336909570879284e-14,1.802978153586005e-17
566.45,1.533541952579084e-14,1.8865884187563143e-17
566.46,1.5333728519096887e-14,1.7625822283960592e-17
566.47,1.533274830585555e-14,1.8227187621297996e-17
566.48,1.5331583204750557e-14,1.8130707392334224e-17
566.49,1.5330303915059034e-14,1.890139812735998e-17
566.5,1.5328745825325002e-14,1.8244959576902637e-17
566.51,1.532731177773025e-14,1.8227972368874666e-17
566.52,1.5326672983523793e-14,1.8371048359825565e-17
566.53,1.53250778651614e-14,1.7957787062022368e-17
566.54,1.532368420271621e-14,1.8321238519572657e-17
566.55,1.532306885992251e-14,1.8616954915787734e-17
566.56,1.5321131450409237e-14,1.83307446957954e-17
566.57,1.5319166200441055e-14,1.862893417660414e-17
566.58,1.5318138950771434e-14,1.869581172898614e-17
566.59,1.5316910305191404e-14,1.829359734699909e-17
566.6,1.531553122011925e-14,1.8416894185493122e-17
566.61,1.531441222475028e-14,1.833427905321382e-17
566.62,1.5313238186150137e-14,1.8149496179580862e-17
566.63,1.5311878378867264e-14,1.82851763699142e-17
566.64,1.5310744674044035e-14,1.8518642554168722e-17
566.65,1.5309493230609854e-14,1.8245899569312963e-17
566.66,1.530782954363023e-14,1.8309215655393348e-17
566.67,1.530664094020734e-14,1.827431499203063e-17
566.68,1.5305245320159916e-14,1.8123954321191806e-17
566.69,1.53042643189834e-14,1.810685369079929e-17
566.7,1.5302548729593297e-14,1.857450726534475e-17
566.71,1.5301378140150767e-14,1.820753363615254e-17
566.72,1.530014371237324e-14,1.8571523850181276e-17
566.73,1.529866823022657e-14,1.833877168901388e-17
566.74,1.5297510914216228e-14,1.8402918235196626e-17
566.75,1.5296144047204653e-14,1.8232230003280905e-17
566.76,1.529499074755847e-14,1.8167474344157424e-17
566.77,1.5293478624886554e-14,1.817518530087115e-17
566.78,1.529215428350418e-14,1.802795063390083e-17
566.79,1.529109760831716e-14,1.8049650412320145e-17
566.8,1.5289228221258467e-14,1.8554042574754358e-17
566.81,1.5287950899094176e-14,1.8044583128399772e-17
566.82,1.5286756976726736e-14,1.830708112163963e-17
566.83,1.5285715062833335e-14,1.8295770020217695e-17
566.84,1.5283711431602938e-14,1.821657216825985e-17
566.85,1.5283388709685203e-14,1.834408968726826e-17
566.86,1.5281861977925263e-14,1.8369910051281688e-17
566.87,1.52802994110942e-14,1.8391178708653183e-17
566.88,1.527921846657446e-14,1.8359817407543755e-17
566.89,1.5277801179951208e-14,1.8211305501282356e-17
566.9,1.5276889307856926e-14,1.786849914169453e-17
566.91,1.5275287946269966e-14,1.861786241545997e-17
566.92,1.5273788749267955e-14,1.824576602534986e-17
566.93,1.5273245245701048e-14,1.818019447769262e-17
566.94,1.527111010518516e-14,1.821432099692231e-17
566.95,1.527004835383878e-14,1.834009514735358e-17
566.96,1.5268732659512246e-14,1.8788706227159563e-17
566.97,1.526693819418381e-14,1.8404924550257938e-17
566.98,1.5266392987649698e-14,1.8324328086209273e-17
566.99,1.526464892440727e-14,1.8308697662537023e-17
567.0,1.52636163118826e-14,1.8479336005202865e-17
567.01,1.5262137565808436e-14,1.815669797681631e-17
567.02,1.526039036431021e-14,1.8028929565713643e-17
567.03,1.5259787203091464e-14,1.8365476816995086e-17
567.04,1.5258572438299012e-14,1.8421640526942922e-17
567.05,1.5256760839400525e-14,1.829438504251286e-17
567.06,1.525819206089572e-14,1.8007112332065997e-17
567.07,1.5254566744962774e-14,1.830044404293078e-17
567.08,1.5252787831971953e-14,1.8173684053873042e-17
567.09,1.5250739833029695e-14,1.8635288649222616e-17
567.1,1.5250241326065642e-14,1.8090480061802702e-17
567.11,1.5249296017932498e-14,1.8350648860150995e-17
567.12,1.5247658632716703e-14,1.8315537670128042e-17
567.13,1.5246567888187774e-14,1.8456835458271806e-17
567.14,1.5244343315785435e-14,1.8369232068897e-17
567.15,1.524356236390746e-14,1.8320175642100382e-17
567.16,1.5241664032671536e-14,1.8592690451246726e-17
567.17,1.524135303915208e-14,1.8287536149278792e-17
567.18,1.5239648552376265e-14,1.8351066321239832e-17
567.19,1.523864017313111e-14,1.8187978949840503e-17
567.2,1.5237235797383448e-14,1.7697042361720275e-17
567.21,1.5236879792427715e-14,1.8547549700324997e-17
567.22,1.523405452314723e-14,1.8338310270391044e-17
567.23,1.5233410343591737e-14,1.88152284519173e-17
567.24,1.5232966557916575e-14,1.8504104628303858e-17
567.25,1.5230328660527246e-14,1.8081944124419326e-17
567.26,1.522950360639288e-14,1.838370299027016e-17
567.27,1.5227667164831497e-14,1.8358016239599323e-17
567.28,1.522720324869735e-14,1.8361460365997903e-17
567.29,1.522606882095012e-14,1.8498389983465447e-17
567.3,1.52242955347727e-14,1.8669085106890522e-17
567.31,1.5223426366753967e-14,1.8435728518695425e-17
567.32,1.5222063820416914e-14,1.930341954685472e-17
567.33,1.5220891376828846e-14,1.8373817735317498e-17
567.34,1.5218786808877962e-14,1.8449483366633263e-17
567.35,1.5217884432153847e-14,1.8210216699413795e-17
567.36,1.5216314679022356e-14,1.8147047941763365e-17
567.37,1.521513887178405e-14,1.811782170005274e-17
567.38,1.5214403517337965e-14,1.8428717166641964e-17
567.39,1.5212558712979134e-14,1.852405856783471e-17
567.4,1.521181157638114e-14,1.8574378352594155e-17
567.41,1.521731271086828e-14,1.8100994661156487e-17
567.42,1.5209191118664032e-14,1.8563761831743805e-17
567.43,1.5206421507150257e-14,1.8260883267146207e-17
567.44,1.5206291292841514e-14,1.8377808837030912e-17
567.45,1.5204726169729847e-14,1.7412266070084815e-17
567.46,1.5203350285508607e-14,1.8263611491715086e-17
567.47,1.5202482838104808e-14,1.858155325346223e-17
567.48,1.5200901298727554e-14,1.8502813967603383e-17
567.49,1.5200234572108387e-14,1.852472715282034e-17
567.5,1.5195447599370063e-14,1.6521417433454774e-17
567.51,1.519733055264433e-14,1.8481188273279897e-17
567.52,1.519499097620132e-14,1.847122517697665e-17
567.53,1.5194734061326917e-14,1.8094874377125455e-17
567.54,1.5193930356099975e-14,1.773899507548013e-17
567.55,1.5192691973022343e-14,1.846253641260846e-17
567.56,1.5190671263089582e-14,1.8196384916139876e-17
567.57,1.5189171055803175e-14,1.8548611299542728e-17
567.58,1.5187549821686902e-14,1.8555799657102365e-17
567.59,1.5189901058037767e-14,1.9755825169404468e-17
567.6,1.5185572837899388e-14,1.8357895636885577e-17
567.61,1.518474340504366e-14,1.822055229053756e-17
567.62,1.5183422867716294e-14,1.826439499362056e-17
567.63,1.518290881548939e-14,1.817091434754496e-17
567.64,1.5180708538191028e-14,1.8902730606020553e-17
567.65,1.5179359258318862e-14,1.8527459117628226e-17
567.66,1.517808724133503e-14,1.876351417449062e-17
567.67,1.5175410369930122e-14,1.7823034730982813e-17
567.68,1.5174026895298074e-14,1.732299318575345e-17
567.69,1.5173722071222757e-14,1.8580660034017398e-17
567.7,1.517200327101806e-14,1.866626749557251e-17
567.71,1.517062856893921e-14,1.7993586391778013e-17
567.72,1.517079367613769e-14,1.8691184824951143e-17
567.73,1.517029596632207e-14,1.922499092526384e-17
567.74,1.5167120920771093e-14,1.843849663439671e-17
567.75,1.516666481275894e-14,1.8777718711441645e-17
567.76,1.5164088027789062e-14,1.8254184273003544e-17
567.77,1.516167989977387e-14,1.835105734228993e-17
567.78,1.516195191672937e-14,1.847723307979623e-17
567.79,1.5161734550183404e-14,1.892073979603143e-17
567.8,1.5159288737299657e-14,1.8260195556065533e-17
567.81,1.515872489943651e-14,1.9013206152821755e-17
567.82,1.5156885330876026e-14,1.8206230829499656e-17
567.83,1.5155499383776528e-14,1.8278918244637488e-17
567.84,1.5154342667691846e-14,1.8518116922525394e-17
567.85,1.5151357935774137e-14,1.798688446385062e-17
567.86,1.515178499354564e-14,1.9339247923314022e-17
567.87,1.515137500611607e-14,1.851907106802225e-17
567.88,1.5149074509139493e-14,1.8338393700279172e-17
567.89,1.5147678311622593e-14,1.8065125770235492e-17
567.9,1.514631373691942e-14,1.9120790876257948e-17
567.91,1.5145766546978692e-14,1.8451181080446104e-17
567.92,1.514369060624573e-14,1.833616162054441e-17
567.93,1.514239217546066e-14,1.868866230309456e-17
567.94,1.5141212269470416e-14,1.8456451138625856e-17
567.95,1.5140235114787476e-14,1.8449622099971464e-17
567.96,1.5140210861058344e-14,1.8729760273601954e-17
567.97,1.513718175869627e-14,1.8189136761063927e-17
567.98,1.513716065650221e-14,1.8642285976976046e-17
567.99,1.513388681337922e-14,1.8766214733461854e-17
568.0,1.5133566709320776e-14,1.8155445227826418e-17
568.01,1.513214780796224e-14,1.8178015274080292e-17
568.02,1.513083148419513e-14,1.8756674885872528e-17
568.03,1.512989424699593e-14,1.8602144021788807e-17
568.04,1.5127899203982628e-14,1.7918286553447985e-17
568.05,1.512729429296929e-14,1.8432148442728342e-17
568.06,1.5126395412764123e-14,1.8485988152458622e-17
568.07,1.5124680073296184e-14,1.8388572382627854e-17
568.08,1.5121946351189676e-14,1.844052629684075e-17
568.09,1.512201642631961e-14,1.8051870560231032e-17
568.1,1.5119800233479166e-14,1.7944684917354836e-17
568.11,1.5118171429833385e-14,1.887964294655571e-17
568.12,1.5118036110324457e-14,1.847888363958299e-17
568.13,1.5115836643482955e-14,1.8433309836934988e-17
568.14,1.511527699549311e-14,1.8207607572899234e-17
568.15,1.5114153216398523e-14,1.87854974671212e-17
568.16,1.511331997108206e-14,1.8771692350189396e-17
568.17,1.511090580684602e-14,1.725479927958353e-17
568.18,1.5110676944971432e-14,1.831846008623963e-17
568.19,1.5108777893116063e-14,1.8376271846398324e-17
568.2,1.5108179525836335e-14,1.8738442967034508e-17
568.21,1.5106503217451604e-14,1.848289140899444e-17
568.22,1.510496580048107e-14,1.905051864128987e-17
568.23,1.5103651844188614e-14,1.8265773832952107e-17
568.24,1.5098410297392807e-14,1.6815773170101077e-17
568.25,1.5101649474857627e-14,1.839684035062323e-17
568.26,1.509976971333211e-14,1.7397695302774237e-17
568.27,1.5099151299024483e-14,1.8316240523907423e-17
568.28,1.509740730549801e-14,1.7887653170906312e-17
568.29,1.509488573779565e-14,1.779408053954326e-17
568.3,1.5094825667003388e-14,1.83314694992307e-17
568.31,1.5092949353896187e-14,1.7509855354527623e-17
568.32,1.5093079410175737e-14,1.8664092162137626e-17
568.33,1.5091405181656896e-14,1.8328284485046356e-17
568.34,1.5089335167439134e-14,1.782058658012007e-17
568.35,1.5089043628583495e-14,1.7331649723678352e-17
568.36,1.5086882788977756e-14,1.808804140668148e-17
568.37,1.5086291050920183e-14,1.8165989477926435e-17
568.38,1.508387526648217e-14,1.767284350279222e-17
568.39,1.508384647451156e-14,1.8703341629820477e-17
568.4,1.5081942645315974e-14,1.838389123051407e-17
568.41,1.5080827895305473e-14,1.8473853394666123e-17
568.42,1.5079707095773182e-14,1.860622443376278e-17
568.43,1.5078241492635335e-14,1.8840686146437217e-17
568.44,1.507824163721531e-14,1.7727458249011355e-17
568.45,1.5075836590697606e-14,1.8426900436496468e-17
568.46,1.5072700718835486e-14,1.768211185955665e-17
568.47,1.5072555727234432e-14,1.795468042286432e-17
568.48,1.5070546243309415e-14,1.8068677151168673e-17
568.49,1.5070380945886303e-14,1.8625014861893558e-17
568.5,1.5069502608200856e-14,1.8615786475152734e-17
568.51,1.5068013004261263e-14,1.888139812597048e-17
568.52,1.5066581651643507e-14,1.851664101737284e-17
568.53,1.5067011202379054e-14,1.8661943832529333e-17
568.54,1.5063685478964715e-14,1.83288818429361e-17
568.55,1.5062823180915802e-14,1.8470042484649352e-17
568.56,1.5061636784678478e-14,1.7940500329050922e-17
568.57,1.5059583358396255e-14,1.84562915370697e-17
568.58,1.5058452954406726e-14,1.8413671265028748e-17
568.59,1.5057612927811337e-14,1.8487530964418665e-17
568.6,1.50561787555358e-14,1.8557384114166207e-17
568.61,1.5054607958869625e-14,1.8334379732034225e-17
568.62,1.505529824731931e-14,1.911336931537859e-17
568.63,1.505222469938716e-14,1.8287191717967688e-17
568.64,1.5050064364478888e-14,1.788851353755062e-17
568.65,1.5049195652240214e-14,1.7819773363749816e-17
568.66,1.5048680723316782e-14,1.868547952103399e-17
568.67,1.5046256609641444e-14,1.8569852455187774e-17
568.68,1.5045642705282536e-14,1.8306672969415306e-17
568.69,1.504441941166933e-14,1.8154950323430422e-17
568.7,1.5042813934023492e-14,1.8378705472000318e-17
568.71,1.5043002987136516e-14,1.9477894393393668e-17
568.72,1.504092776082024e-14,1.878702996447745e-17
568.73,1.5039321410771145e-14,1.898124781912945e-17
568.74,1.503880785996705e-14,1.826012700228509e-17
568.75,1.503787836371578e-14,1.915070311727165e-17
568.76,1.503565128849868e-14,1.909120412105103e-17
568.77,1.5033809734016218e-14,1.8147653064034105e-17
568.78,1.503380082252589e-14,1.862971721253485e-17
568.79,1.5031802528775128e-14,1.8792932654059695e-17
568.8,1.5030194264761122e-14,1.8641965695256242e-17
568.81,1.5030158663380856e-14,1.9084905042753958e-17
568.82,1.5027885093708003e-14,1.865797709947262e-17
568.83,1.5026436975165464e-14,1.8592529570777775e-17
568.84,1.5025518904284126e-14,1.8271952608861728e-17
568.85,1.5025061397221688e-14,1.8902266691315927e-17
568.86,1.502255504934824e-14,1.8381797530966697e-17
568.87,1.5021819608498694e-14,1.884171229908843e-17
568.88,1.5019641480066422e-14,1.792944377735195e-17
568.89,1.501885045386504e-14,1.837830247742347e-17
568.9,1.501867364956801e-14,1.9066802049601133e-17
568.91,1.501622205665245e-14,1.8187772477371337e-17
568.92,1.5015414236504082e-14,1.8238010371690566e-17
568.93,1.5013627945279443e-14,1.8013858017485402e-17
568.94,1.5011827765978896e-14,1.792327449303688e-17
568.95,1.5011110222919665e-14,1.8321410795951717e-17
568.96,1.500952697917485e-14,1.8027949969332222e-17
568.97,1.500883391942844e-14,1.8272836147827343e-17
568.98,1.5007761433848636e-14,1.8262320702162283e-17
568.99,1.500530536988832e-14,1.8037057108406525e-17
569.0,1.5004656191220704e-14,1.840884973270255e-17
569.01,1.500370316830293e-14,1.8348323533988728e-17
569.02,1.5002261941015332e-14,1.823354945900337e-17
569.03,1.500387965800479e-14,2.0289409313609012e-17
569.04,1.4998685126288767e-14,1.7609882110690855e-17
569.05,1.499842629994495e-14,1.8330599021118363e-17
569.06,1.4997205720829706e-14,1.8438577890942742e-17
569.07,1.4996195079168865e-14,1.8207002482849808e-17
569.08,1.499478004625954e-14,1.8666790442183558e-17
569.09,1.4993155136365107e-14,1.8625548041485472e-17
569.1,1.4992089263993224e-14,1.8473885438017333e-17
569.11,1.4990648129291927e-14,1.8174677517134155e-17
569.12,1.4989280434227303e-14,1.737449007828505e-17
569.13,1.4987620529195114e-14,1.8175176707951616e-17
569.14,1.4986540104360816e-14,1.8382279538841392e-17
569.15,1.498549005844379e-14,1.8379611114981336e-17
569.16,1.4985867981562093e-14,1.9867500335844576e-17
569.17,1.4983102214751348e-14,1.859686608067734e-17
569.18,1.498172755386068e-14,1.8298961475142192e-17
569.19,1.498018758588373e-14,1.7979128658431918e-17
569.2,1.4979137637393676e-14,1.819391207776441e-17
569.21,1.4978366216251008e-14,1.883326926367064e-17
569.22,1.4975941615476436e-14,1.7899909635691778e-17
569.23,1.4974756875629212e-14,1.836042937649706e-17
569.24,1.4974035703256926e-14,1.849343314165248e-17
569.25,1.4972931929192616e-14,1.989310978864846e-17
569.26,1.497249725422549e-14,1.9205514185095692e-17
569.27,1.4970113099774414e-14,1.818788585155203e-17
569.28,1.4969272889728434e-14,1.8334835182836207e-17
569.29,1.4967856184341757e-14,1.8622568886578047e-17
569.3,1.4965573877846536e-14,1.789631569465519e-17
569.31,1.4965610512191214e-14,1.8699765218821578e-17
569.32,1.4963038269159e-14,1.776507663687738e-17
569.33,1.496243740344745e-14,1.8559701988517218e-17
569.34,1.4960903713138578e-14,1.9911360083703792e-17
569.35,1.4960339476949505e-14,1.864821330568968e-17
569.36,1.495850532004158e-14,1.7860823252198184e-17
569.37,1.4957549943774746e-14,1.8219683213278717e-17
569.38,1.4956500347232945e-14,1.8689412975962323e-17
569.39,1.4954680679837386e-14,1.8046901573815065e-17
569.4,1.495293983420477e-14,1.753108078811574e-17
569.41,1.4952953305275413e-14,1.8337735012764685e-17
569.42,1.4950647574806385e-14,1.7811185347087837e-17
569.43,1.494797586423021e-14,1.959199957269967e-17
569.44,1.4949197512010368e-14,1.85881462654335e-17
569.45,1.4947523975503287e-14,1.8204726810448694e-17
569.46,1.4945967142352354e-14,1.824609730138181e-17
569.47,1.4944591842046596e-14,1.8382248062967003e-17
569.48,1.4942725338676568e-14,1.8142446354198407e-17
569.49,1.494166949758355e-14,1.789843208850314e-17
569.5,1.4940843240349854e-14,1.8903520332299602e-17
569.51,1.4938721972496226e-14,1.8490184348398572e-17
569.52,1.4936314222905925e-14,1.8955684631319987e-17
569.53,1.493717061034196e-14,1.8099770374476418e-17
569.54,1.4934727615123738e-14,1.7905775070397615e-17
569.55,1.4934270955442208e-14,1.8254487668420682e-17
569.56,1.493260063457652e-14,1.839117964386104e-17
569.57,1.493219921688335e-14,1.9569828813465718e-17
569.58,1.493068061828976e-14,1.8558129728058076e-17
569.59,1.492804797453444e-14,1.91692545137449e-17
569.6,1.4928058688079354e-14,1.8705969965303683e-17
569.61,1.4924204202103013e-14,1.7336439030713197e-17
569.62,1.492553268226636e-14,1.816963914530543e-17
569.63,1.4924231120428408e-14,1.8132154505229437e-17
569.64,1.492300627121629e-14,1.848062170787e-17
569.65,1.4921036723806494e-14,1.7564021903392573e-17
569.66,1.4920032284059032e-14,1.8662744598901768e-17
569.67,1.4919077345652617e-14,1.813250005734182e-17
569.68,1.4918038185983956e-14,1.6788594245149666e-17
569.69,1.491590832221933e-14,1.7847519025387625e-17
569.7,1.4913508612124072e-14,1.7071185716001406e-17
569.71,1.4913751929628567e-14,1.7710284120891592e-17
569.72,1.491272584132097e-14,1.8651850356599582e-17
569.73,1.4911220939253073e-14,1.7936423775405905e-17
569.74,1.4910245142253542e-14,1.8273157104186974e-17
569.75,1.4909260012511672e-14,1.77329375954538e-17
569.76,1.4907269292963546e-14,1.8051722098065194e-17
569.77,1.4909123325102728e-14,1.9161094550392243e-17
569.78,1.4904626948550954e-14,1.7978601302208026e-17
569.79,1.4903736452605932e-14,1.7268498108784567e-17
569.8,1.49020198874671e-14,1.7882686376658373e-17
569.81,1.4900774700792024e-14,1.7905356429363787e-17
569.82,1.4899361569529386e-14,1.7897754228059156e-17
569.83,1.4898544013059736e-14,1.8131080585458635e-17
569.84,1.4897451010291287e-14,1.8957344242332434e-17
569.85,1.4895718317865746e-14,1.8134527722393833e-17
569.86,1.4894233915455762e-14,1.4990909667303368e-17
569.87,1.4893325337633166e-14,1.7995832245052698e-17
569.88,1.4892628270636297e-14,1.7675417121095203e-17
569.89,1.489060595037092e-14,1.791914857519463e-17
569.9,1.4889455959447782e-14,1.7799334023562215e-17
569.91,1.4888385227735306e-14,1.790092291124004e-17
569.92,1.4887182120348704e-14,1.786486914514489e-17
569.93,1.4885386306924373e-14,1.827198930007916e-17
569.94,1.4884402952429108e-14,1.7997857569863473e-17
569.95,1.488450206085282e-14,1.842742249351634e-17
569.96,1.4881984643131927e-14,1.7848696900579863e-17
569.97,1.48815559539403e-14,1.7705703281907758e-17
569.98,1.4878903667906103e-14,1.7982963405832283e-17
569.99,1.4878047828175436e-14,1.8252243401395445e-17
570.0,1.4876861556153103e-14,1.8518254961278812e-17
570.01,1.4875642677692043e-14,1.8040978487189796e-17
570.02,1.4873982895857224e-14,1.8048763886251593e-17
570.03,1.4872854279187253e-14,1.827132529088144e-17
570.04,1.4871048460274468e-14,1.8295590257798405e-17
570.05,1.4870665946048327e-14,1.8184447915627177e-17
570.06,1.4869857836077545e-14,1.8791978898509793e-17
570.07,1.4867537441489365e-14,1.7744185792060138e-17
570.08,1.4866613326068327e-14,1.8086879709976314e-17
570.09,1.486558560611265e-14,1.8036157740023504e-17
570.1,1.4864374305495392e-14,1.8197458428882148e-17
570.11,1.486299165933277e-14,1.7619133512266806e-17
570.12,1.4861077330237396e-14,1.8299261526849764e-17
570.13,1.485995293223857e-14,1.71168264703495e-17
570.14,1.4859082965207404e-14,1.791366495457416e-17
570.15,1.4857733561995752e-14,1.871053249415845e-17
570.16,1.4856667102061454e-14,1.8478273338534965e-17
570.17,1.4855274773679364e-14,1.7935596573539427e-17
570.18,1.4853600388531177e-14,1.8184060133062697e-17
570.19,1.485282482609742e-14,1.813925130529792e-17
570.2,1.4851575636093512e-14,1.793241780354196e-17
570.21,1.4849824589584857e-14,1.667701106949339e-17
570.22,1.484946652349443e-14,1.7923352058186004e-17
570.23,1.4847559086296516e-14,1.811373191737172e-17
570.24,1.4845761129535464e-14,1.8570368760226765e-17
570.25,1.4845111999861123e-14,1.8269091079471768e-17
570.26,1.4843506253852593e-14,1.7807888422406205e-17
570.27,1.484216916837203e-14,1.816856114524397e-17
570.28,1.4841315334348957e-14,1.8587631101897733e-17
570.29,1.4840258269852463e-14,1.816639899147638e-17
570.3,1.4838488244271663e-14,1.785607702778513e-17
570.31,1.4837275190625525e-14,1.827683468305268e-17
570.32,1.4835777099460485e-14,1.8143649327947214e-17
570.33,1.483408753767238e-14,1.8002338651773565e-17
570.34,1.4833354768117912e-14,1.8235931277940758e-17
570.35,1.483243162648934e-14,1.806383012843003e-17
570.36,1.4831273627025607e-14,1.8221113545487376e-17
570.37,1.4829166576585652e-14,1.8120622877877853e-17
570.38,1.4828657327656482e-14,1.771708596321435e-17
570.39,1.4827650585882582e-14,1.809675275924043e-17
570.4,1.4825455917317383e-14,1.7884336869731552e-17
570.41,1.482474065436146e-14,1.7742209825851482e-17
570.42,1.4822845549236604e-14,1.7471448866291525e-17
570.43,1.4822606224195795e-14,1.7810769318086428e-17
570.44,1.4820834172724978e-14,1.7918414979850994e-17
570.45,1.481961423473907e-14,1.8137719916762813e-17
570.46,1.4818392379734115e-14,1.791376184918449e-17
570.47,1.4817304042397238e-14,1.7675522114938004e-17
570.48,1.4816035050389384e-14,1.829815428507826e-17
570.49,1.481434380327187e-14,1.7455921531027496e-17
570.5,1.4813327173268384e-14,1.7797522137375442e-17
570.51,1.4811914137148528e-14,1.7964820119257922e-17
570.52,1.481070898632028e-14,1.832800032107709e-17
570.53,1.48096358126538e-14,1.7871672661066787e-17
570.54,1.4807908575905963e-14,1.7736693109503543e-17
570.55,1.480708802302112e-14,1.734671408987886e-17
570.56,1.4805360990354892e-14,1.7989804559633014e-17
570.57,1.4804446028604745e-14,1.803766569902635e-17
570.58,1.4803596281659476e-14,1.776702459816082e-17
570.59,1.4801850212364037e-14,1.7606674855641045e-17
570.6,1.4800543474584486e-14,1.7628703441097485e-17
570.61,1.479935501615094e-14,1.8080159341882672e-17
570.62,1.479806151166672e-14,1.7979288998741393e-17
570.63,1.4796456453327308e-14,1.7809521090019353e-17
570.64,1.4795159542463576e-14,1.7701110650714746e-17
570.65,1.479401006141568e-14,1.7906687600115687e-17
570.66,1.4792878565128317e-14,1.772172403642545e-17
570.67,1.479152665233922e-14,1.7695204085557406e-17
570.68,1.4790653240409133e-14,1.7724519710923408e-17
570.69,1.4789088108708497e-14,1.751628008243546e-17
570.7,1.478786542507064e-14,1.8505632764198208e-17
570.71,1.4786747786306076e-14,1.7893357163096938e-17
570.72,1.478513030843125e-14,1.7960760025040832e-17
570.73,1.4784087490891737e-14,1.766404748517302e-17
570.74,1.4782694627054454e-14,1.786939877541789e-17
570.75,1.478135329963004e-14,1.778759028563774e-17
570.76,1.4779861396925864e-14,1.7510992658122124e-17
570.77,1.4779103224406828e-14,1.7602091537459516e-17
570.78,1.4777511542800366e-14,1.7593508145625027e-17
570.79,1.477695953627858e-14,1.8041804390033965e-17
570.8,1.477542685994692e-14,1.7520268654660927e-17
570.81,1.477410119632749e-14,1.7480940144124835e-17
570.82,1.4772678836143184e-14,1.7632821464126623e-17
570.83,1.4771642024402428e-14,1.7802361011348346e-17
570.84,1.4770101243421824e-14,1.7733800013861544e-17
570.85,1.4769471676179317e-14,1.768239624591548e-17
570.86,1.4767603286454093e-14,1.7653960713513574e-17
570.87,1.4765875929287658e-14,1.7402758150554316e-17
570.88,1.476597584151099e-14,1.7787061236692567e-17
570.89,1.4764260952896905e-14,1.778102368055958e-17
570.9,1.476209302441619e-14,1.7216337832852965e-17
570.91,1.4761054816347894e-14,1.75813558463413e-17
570.92,1.4759883500095683e-14,1.7566007157171376e-17
570.93,1.4759718844962943e-14,1.7784871547167034e-17
570.94,1.475742897970581e-14,1.737073378009569e-17
570.95,1.4756386462132003e-14,1.7570820934759933e-17
570.96,1.4755317154391226e-14,1.7320289710539826e-17
570.97,1.4754700525040717e-14,1.740274271503336e-17
570.98,1.475257373685553e-14,1.7704530751272916e-17
570.99,1.4750803419757783e-14,1.7957814321085174e-17
571.0,1.4748540453340832e-14,1.755108908529099e-17
571.01,1.474915385558546e-14,1.7631730063094416e-17
571.02,1.474737411269391e-14,1.711843910802533e-17
571.03,1.474617512251631e-14,1.7482419135413953e-17
571.04,1.4745005891426496e-14,1.776408756522599e-17
571.05,1.4744149041375426e-14,1.7642884334519362e-17
571.06,1.4742180699719292e-14,1.6888004957927352e-17
571.07,1.4741266269193225e-14,1.7442095630561523e-17
571.08,1.474052352501185e-14,1.8105277785481477e-17
571.09,1.4738958362827155e-14,1.7510173488379584e-17
571.1,1.4738099888605106e-14,1.7425849055485e-17
571.11,1.473615164759219e-14,1.7677906369957745e-17
571.12,1.4734866554582222e-14,1.7248613839754292e-17
571.13,1.4733587903263314e-14,1.7513981243044864e-17
571.14,1.4733102315129217e-14,1.7922156756893665e-17
571.15,1.4730834875408333e-14,1.6857527063442498e-17
571.16,1.4730095955226504e-14,1.758701201973976e-17
571.17,1.4729848558781405e-14,1.7219228967438304e-17
571.18,1.472729235446699e-14,1.7405477549973266e-17
571.19,1.4726696617275655e-14,1.7581546256965188e-17
571.2,1.472513708806963e-14,1.7464800852480066e-17
571.21,1.472382343587396e-14,1.744769327347506e-17
571.22,1.4722400666786018e-14,1.7437429896492177e-17
571.23,1.472081568150916e-14,1.7711072141745137e-17
571.24,1.47191993632635e-14,1.6764655254632776e-17
571.25,1.471897587561087e-14,1.7547317097990085e-17
571.26,1.471735385205079e-14,1.592626037762923e-17
571.27,1.4716336822951737e-14,1.7677205253759352e-17
571.28,1.471445821632476e-14,1.8175267834421047e-17
571.29,1.471315699063663e-14,1.745623936975333e-17
571.3,1.4711714456840986e-14,1.7734555094630697e-17
571.31,1.4711377884794137e-14,1.7501371663782767e-17
571.32,1.4709570861470686e-14,1.7932199427389083e-17
571.33,1.4707354394720938e-14,1.6897307884042213e-17
571.34,1.4706872217211092e-14,1.7108260780125406e-17
571.35,1.4699662205910715e-14,1.694698857918249e-17
571.36,1.4704909576599962e-14,1.7334510606239527e-17
571.37,1.4704850532578934e-14,1.795561183094527e-17
571.38,1.470237026074868e-14,1.7615577463028762e-17
571.39,1.470082828100977e-14,1.734934909839844e-17
571.4,1.4699726192350014e-14,1.754668374389556e-17
571.41,1.4698259582460297e-14,1.7547658116672913e-17
571.42,1.4695998108411158e-14,1.7889920907222072e-17
571.43,1.4696570596526143e-14,1.7507985518201526e-17
571.44,1.4696395254194995e-14,1.7943795474155256e-17
571.45,1.4693450518710792e-14,1.7485491115008482e-17
571.46,1.46931736254057e-14,1.7583921497752855e-17
571.47,1.4691093281245022e-14,1.765545362180807e-17
571.48,1.4689839622323592e-14,1.7315698125107665e-17
571.49,1.4688041340587933e-14,1.739752665410645e-17
571.5,1.4686711274893108e-14,1.6993164792804793e-17
571.51,1.4684458363080028e-14,1.7982618543367816e-17
571.52,1.468477520773823e-14,1.7509306571199116e-17
571.53,1.4682765478343018e-14,1.8507293768099336e-17
571.54,1.4682470189490464e-14,1.7355381439287128e-17
571.55,1.4682372602530103e-14,1.7048454771867884e-17
571.56,1.467987048022352e-14,1.7598514891301017e-17
571.57,1.467847809385634e-14,1.745990392531889e-17
571.58,1.4677126197305822e-14,1.7074846536231914e-17
571.59,1.4675675898409283e-14,1.679854717857561e-17
571.6,1.4673518975631818e-14,1.8560288723413317e-17
571.61,1.467442763194774e-14,1.7829279156114412e-17
571.62,1.4672927393116575e-14,1.8472366602166956e-17
571.63,1.467077892828289e-14,1.7074250584856608e-17
571.64,1.467159910972088e-14,1.754027843819627e-17
571.65,1.4668544025332043e-14,1.749133295015624e-17
571.66,1.466718264128277e-14,1.7248297178439185e-17
571.67,1.4666131602296612e-14,1.7527410277170235e-17
571.68,1.4665261712031514e-14,1.6988952744277054e-17
571.69,1.4662857881866212e-14,1.8943954012800074e-17
571.7,1.4662468926631582e-14,1.762516848802917e-17
571.71,1.4662124391349818e-14,1.732692158101473e-17
571.72,1.4659894616157687e-14,1.6898737806490612e-17
571.73,1.465772758704723e-14,1.6985989865014316e-17
571.74,1.465712752371147e-14,1.7460919221330825e-17
571.75,1.4655969820611046e-14,1.700390661390002e-17
571.76,1.465480533082752e-14,1.7640034490800903e-17
571.77,1.465400176833564e-14,1.6966080562594164e-17
571.78,1.4653147005251312e-14,1.8753020350344152e-17
571.79,1.4650855985755012e-14,1.7217445566600085e-17
571.8,1.464898964966574e-14,1.695483548865723e-17
571.81,1.464771593225147e-14,1.660834192393132e-17
571.82,1.4646997347458756e-14,1.700863362552658e-17
571.83,1.464630145954228e-14,1.740735526830953e-17
571.84,1.46451225128107e-14,1.7210404543789602e-17
571.85,1.4643384921432632e-14,1.698450440606264e-17
571.86,1.464283385369659e-14,1.7325824689293752e-17
571.87,1.4642238377033914e-14,1.8290550829808493e-17
571.88,1.464012317848186e-14,1.7273401235437482e-17
571.89,1.4638451130077404e-14,1.7394949162038565e-17
571.9,1.4637559177799364e-14,1.7256767644295015e-17
571.91,1.4636264429641933e-14,1.6800867882609213e-17
571.92,1.4635053416006905e-14,1.717980241581887e-17
571.93,1.4633749881270066e-14,1.7159317144402215e-17
571.94,1.4632608754428083e-14,1.731174878198025e-17
571.95,1.4631313820093824e-14,1.723927527878066e-17
571.96,1.463109841973312e-14,1.7652737334032852e-17
571.97,1.462906237083245e-14,1.7029917259322977e-17
571.98,1.462762513147996e-14,1.7370234066331978e-17
571.99,1.4626302162778567e-14,1.7089548734919915e-17
572.0,1.4624409679757744e-14,1.7343689518987114e-17
572.01,1.4624204231861166e-14,1.744991510578038e-17
572.02,1.462228714861262e-14,1.6716799019658364e-17
572.03,1.4621149204064337e-14,1.710891902318989e-17
572.04,1.4620167221431817e-14,1.7332524452008433e-17
572.05,1.461830514220088e-14,1.654835171056463e-17
572.06,1.4617756831782908e-14,1.7149741808085492e-17
572.07,1.4617196134684004e-14,1.710988079917981e-17
572.08,1.461530595532596e-14,1.7185323524566427e-17
572.09,1.4613443912264378e-14,1.6839798097481918e-17
572.1,1.461271400920556e-14,1.723948241374495e-17
572.11,1.461091115647464e-14,1.6845061214849434e-17
572.12,1.461025413644258e-14,1.7142459884979036e-17
572.13,1.4608329586723554e-14,1.6930053950044434e-17
572.14,1.4607812669266417e-14,1.6866462239629022e-17
572.15,1.4606292039705467e-14,1.6991310793696356e-17
572.16,1.460480465043764e-14,1.6821494852284002e-17
572.17,1.460341159151939e-14,1.6762929005839375e-17
572.18,1.4602351466123746e-14,1.6803407688811885e-17
572.19,1.4601648165367733e-14,1.7211003441357645e-17
572.2,1.4600280779649628e-14,1.6798851967967535e-17
572.21,1.459882178840982e-14,1.723006163860404e-17
572.22,1.459810714299717e-14,1.7245015056569173e-17
572.23,1.4596127295701038e-14,1.6998923907887674e-17
572.24,1.459477418260341e-14,1.6879391954446645e-17
572.25,1.4594554548185645e-14,1.7815371279240846e-17
572.26,1.4591867315388047e-14,1.648839623795653e-17
572.27,1.4592230237086368e-14,1.7437820310474526e-17
572.28,1.4590504148026538e-14,1.695140168499183e-17
572.29,1.458883096964707e-14,1.6704282180564148e-17
572.3,1.458799644102142e-14,1.7137466270128233e-17
572.31,1.4587446214058732e-14,1.790223827551452e-17
572.32,1.4584765910845215e-14,1.7335558234014655e-17
572.33,1.4583381464231876e-14,1.662475380989031e-17
572.34,1.458280383561567e-14,1.704500007885472e-17
572.35,1.4581358572944148e-14,1.6978025125964793e-17
572.36,1.458018231922668e-14,1.7063359975202563e-17
572.37,1.4579002601482487e-14,1.6872425493950188e-17
572.38,1.4578517934816428e-14,1.71837140269707e-17
572.39,1.4576674118275315e-14,1.72422805489767e-17
572.4,1.4574976367617656e-14,1.748425371415694e-17
572.41,1.4574057980899033e-14,1.8445683413112205e-17
572.42,1.4572755248231013e-14,1.730018348994332e-17
572.43,1.4571733677994897e-14,1.7127281622803523e-17
572.44,1.457020977852553e-14,1.6871725010099097e-17
572.45,1.456906549315258e-14,1.728987340591862e-17
572.46,1.4567680810459272e-14,1.688711662068553e-17
572.47,1.456698457157938e-14,1.6710956010292388e-17
572.48,1.456528087538415e-14,1.6985609316446363e-17
572.49,1.4563728275002876e-14,1.694661869553867e-17
572.5,1.4563481579370755e-14,1.857493267367627e-17
572.51,1.4561442023210442e-14,1.674818272478037e-17
572.52,1.4560493487830832e-14,1.7317904676547728e-17
572.53,1.4558771701767014e-14,1.6665784000718576e-17
572.54,1.455861829002797e-14,1.7396985759732636e-17
572.55,1.4556668397379985e-14,1.7062494803699545e-17
572.56,1.4556491354788886e-14,1.6974175595862327e-17
572.57,1.4554352684108584e-14,1.660214354005516e-17
572.58,1.455291493047045e-14,1.7152532939905488e-17
572.59,1.4552944414931435e-14,1.879024122780543e-17
572.6,1.4550508706757532e-14,1.6656116715745986e-17
572.61,1.4549436432765207e-14,1.719747159969908e-17
572.62,1.4548365942043092e-14,1.709036184676016e-17
572.63,1.4546953063580275e-14,1.7483923605332856e-17
572.64,1.454559954214746e-14,1.7015483823213518e-17
572.65,1.4544680282021863e-14,1.6258989732728278e-17
572.66,1.4543330762069362e-14,1.6990316641774707e-17
572.67,1.4542134854210926e-14,1.686893817727313e-17
572.68,1.454322576328707e-14,1.8185621083118323e-17
572.69,1.4538475498310667e-14,1.6581425665444777e-17
572.7,1.4538061727809463e-14,1.691127563617135e-17
572.71,1.4537428628140514e-14,1.719959329439667e-17
572.72,1.4535083870635923e-14,1.6743738656926136e-17
572.73,1.4534664648160332e-14,1.6852262942014233e-17
572.74,1.4533775863700285e-14,1.6513928810881842e-17
572.75,1.4531359056769464e-14,1.5461291973664705e-17
572.76,1.4531112235016984e-14,1.6520010372370653e-17
572.77,1.4532178359297426e-14,1.733264754487972e-17
572.78,1.4528802870367775e-14,1.6146739393839292e-17
572.79,1.4527901297449756e-14,1.7059578897378475e-17
572.8,1.4526216297434345e-14,1.688472955635602e-17
572.81,1.452577134661343e-14,1.6776255611945256e-17
572.82,1.452417389362075e-14,1.7206729694782968e-17
572.83,1.4522817000253617e-14,1.6678202071758797e-17
572.84,1.4521148154214888e-14,1.5745508687076175e-17
572.85,1.4520227036668386e-14,1.6937626200704396e-17
572.86,1.4520444775331006e-14,1.6450829522406407e-17
572.87,1.451788674635494e-14,1.7365572584455126e-17
572.88,1.451610290415276e-14,1.6743960129352617e-17
572.89,1.4515232272779144e-14,1.696793089021774e-17
572.9,1.451379733748693e-14,1.726503573995787e-17
572.91,1.4512307216784806e-14,1.6866979073439774e-17
572.92,1.4511585971564162e-14,1.604326367620513e-17
572.93,1.4509627875603656e-14,1.6838539352300618e-17
572.94,1.4509106620378984e-14,1.671754982605202e-17
572.95,1.4508975725137912e-14,1.5791993180490844e-17
572.96,1.4506291489256994e-14,1.7121257798082488e-17
572.97,1.450377112230475e-14,1.5090590152809153e-17
572.98,1.450481279986273e-14,1.76105413124627e-17
572.99,1.4501941339399177e-14,1.6796320019748923e-17
573.0,1.450129975581311e-14,1.6967725382248534e-17
573.01,1.4500229013727923e-14,1.5765357130487006e-17
573.02,1.449897644774327e-14,1.6801485830178673e-17
573.03,1.4497596504216113e-14,1.655689517986822e-17
573.04,1.4496774593044378e-14,1.58086363789152e-17
573.05,1.449508239282841e-14,1.7211889210044417e-17
573.06,1.449386484125326e-14,1.623782172169258e-17
573.07,1.4493220763738207e-14,1.693781390454086e-17
573.08,1.4491570587719747e-14,1.6397518812417157e-17
573.09,1.4490437945473994e-14,1.6988467312748406e-17
573.1,1.4488355658782673e-14,1.5682982754182495e-17
573.11,1.4488201368480774e-14,1.6763063605272506e-17
573.12,1.4486476984173715e-14,1.677253809287465e-17
573.13,1.4485085654597762e-14,1.5905558613377107e-17
573.14,1.4484491010389555e-14,1.670021596791873e-17
573.15,1.4483263632178076e-14,1.6943745386643747e-17
573.16,1.4481932774512214e-14,1.724432693503707e-17
573.17,1.4481535702973475e-14,1.7176783466574614e-17
573.18,1.4479739662215404e-14,1.6798390137774246e-17
573.19,1.447827262922607e-14,1.6426988164562006e-17
573.2,1.4477046736612168e-14,1.6532954691471867e-17
573.21,1.447566995243002e-14,1.714339503685354e-17
573.22,1.4473686585188322e-14,1.5997851586250814e-17
573.23,1.4473094535026332e-14,1.6833258582263547e-17
573.24,1.4472076167406677e-14,1.7271592425381885e-17
573.25,1.4470555831775388e-14,1.670489755845953e-17
573.26,1.4470040740066248e-14,1.7137443342544065e-17
573.27,1.4468282838324034e-14,1.664648104721695e-17
573.28,1.4466698904891084e-14,1.6197369137618277e-17
573.29,1.4465997147817405e-14,1.6657175744697223e-17
573.3,1.4464098202701795e-14,1.6494851420464786e-17
573.31,1.4462572840781565e-14,1.6916353619343565e-17
573.32,1.446225575282273e-14,1.6753802294376922e-17
573.33,1.4461029492563825e-14,1.6643782050172842e-17
573.34,1.4460070223667218e-14,1.7745659619119285e-17
573.35,1.4458210167294896e-14,1.6949619995272967e-17
573.36,1.4457587802736746e-14,1.6906391772430625e-17
573.37,1.4455827207864267e-14,1.645469257005559e-17
573.38,1.4454776272489397e-14,1.6847905355856985e-17
573.39,1.445369262481109e-14,1.7267578667513452e-17
573.4,1.4452163654502926e-14,1.7339779267712752e-17
573.41,1.445120652152069e-14,1.630492721429527e-17
573.42,1.44490995710131e-14,1.5600499134146557e-17
573.43,1.444870827916787e-14,1.637741416829509e-17
573.44,1.444757326021847e-14,1.6219932525942604e-17
573.45,1.444692545301542e-14,1.6600781677634316e-17
573.46,1.4444831210277075e-14,1.6193942737053676e-17
573.47,1.4444110516369963e-14,1.6781329734813766e-17
573.48,1.4443540376724318e-14,1.7096679783573894e-17
573.49,1.4441286775682992e-14,1.7211097702476626e-17
573.5,1.4440492165740083e-14,1.6781534783160317e-17
573.51,1.443911099181863e-14,1.6891701201916038e-17
573.52,1.4437960545471464e-14,1.707006781483506e-17
573.53,1.4437960747017367e-14,1.869090513671587e-17
573.54,1.443558388236176e-14,1.7279269178172338e-17
573.55,1.4433741384217544e-14,1.642554825380405e-17
573.56,1.4433166885905522e-14,1.7167538169702486e-17
573.57,1.4431122096362892e-14,1.6495432999885625e-17
573.58,1.4430666560865934e-14,1.7127632145719287e-17
573.59,1.4429992585835567e-14,1.7435885714780923e-17
573.6,1.4428131636608567e-14,1.6604159974450577e-17
573.61,1.4426453771308254e-14,1.6828893564766597e-17
573.62,1.442443783983422e-14,1.8209234132517316e-17
573.63,1.4424288623427368e-14,1.6856172437223312e-17
573.64,1.4422926747337514e-14,1.686612247431891e-17
573.65,1.4422028857170597e-14,1.6897664317807356e-17
573.66,1.4420723692541124e-14,1.720807154648737e-17
573.67,1.441963726545959e-14,1.7126023606304325e-17
573.68,1.441813661635364e-14,1.6770706035161105e-17
573.69,1.441685387330681e-14,1.7045126080596007e-17
573.7,1.4415677759947306e-14,1.686796389586079e-17
573.71,1.4411131532678834e-14,1.5703434059040616e-17
573.72,1.4413726162273835e-14,1.699215836453152e-17
573.73,1.4412128275708013e-14,1.676611421634661e-17
573.74,1.4410639008102375e-14,1.6730220342062695e-17
573.75,1.4410537346708918e-14,1.678813461854504e-17
573.76,1.4408549137005687e-14,1.7126393988440428e-17
573.77,1.4407523537124422e-14,1.6679802295640528e-17
573.78,1.4406190853624593e-14,1.6113063034304038e-17
573.79,1.4405291941956543e-14,1.699372936760263e-17
573.8,1.44024450979207e-14,1.5511033360520214e-17
573.81,1.4402136070276915e-14,1.669311065109017e-17
573.82,1.440131221305547e-14,1.677678231929978e-17
573.83,1.440011439860908e-14,1.7167533954569435e-17
573.84,1.4398995759819034e-14,1.7142369350275828e-17
573.85,1.4398011610602463e-14,1.72981474666706e-17
573.86,1.4396503682120274e-14,1.6619583444703724e-17
573.87,1.4394795738974752e-14,1.6626906431548098e-17
573.88,1.4393899967918407e-14,1.6592324047971234e-17
573.89,1.439308785325994e-14,1.599219951384496e-17
573.9,1.439155622785691e-14,1.6667323771434663e-17
573.91,1.4390147278419742e-14,1.636496849109715e-17
573.92,1.4389140908279243e-14,1.7168967059127162e-17
573.93,1.4388075297137494e-14,1.6878676389673555e-17
573.94,1.4386787335937095e-14,1.6794193358394927e-17
573.95,1.4385575130395304e-14,1.6676936721735762e-17
573.96,1.43847931508977e-14,1.7042363801921424e-17
573.97,1.4383104069919292e-14,1.6842564705232524e-17
573.98,1.438246536081117e-14,1.711534223896716e-17
573.99,1.438024660672848e-14,1.6454836636333094e-17
574.0,1.4379592097559424e-14,1.6712229238409e-17
574.01,1.4378349611639938e-14,1.685089803499236e-17
574.02,1.4377407789600968e-14,1.6707508079310917e-17
574.03,1.4375791476038566e-14,1.6935530626396858e-17
574.04,1.4374626909494796e-14,1.677507557213272e-17
574.05,1.4373543023313045e-14,1.710140642793019e-17
574.06,1.4371876695744395e-14,1.792540505412372e-17
574.07,1.4371256411131554e-14,1.7505171201356017e-17
574.08,1.4369455507183957e-14,1.673543127654315e-17
574.09,1.4368645576242536e-14,1.6860074301972243e-17
574.1,1.436655053007288e-14,1.68908347036455e-17
574.11,1.4366701282566364e-14,1.7175325198425277e-17
574.12,1.4365096840322024e-14,1.693428729442186e-17
574.13,1.4363643782011695e-14,1.7082407005247603e-17
574.14,1.436274985382232e-14,1.671094834257532e-17
574.15,1.4361145106025793e-14,1.7176497330621744e-17
574.16,1.4360291202500938e-14,1.5679215274968543e-17
574.17,1.435901899083445e-14,1.6902650868259594e-17
574.18,1.435749993638484e-14,1.6807146910958183e-17
574.19,1.435647306345156e-14,1.752466566265166e-17
574.2,1.43551975259018e-14,1.7228663657511105e-17
574.21,1.4354963078570003e-14,1.7168108306148384e-17
574.22,1.4352851707903677e-14,1.672164299062106e-17
574.23,1.4351270499519093e-14,1.6724763249189925e-17
574.24,1.4349855316446306e-14,1.7216017101417158e-17
574.25,1.4350138658242485e-14,1.6670608610624095e-17
574.26,1.4347924250652738e-14,1.6889297540452826e-17
574.27,1.434687835521628e-14,1.676682342795963e-17
574.28,1.4345087156466352e-14,1.741984593975139e-17
574.29,1.4344353231082237e-14,1.69853366966908e-17
574.3,1.4343483651418083e-14,1.6457297230249124e-17
574.31,1.434213884274212e-14,1.7053508603408228e-17
574.32,1.434062153686777e-14,1.6959025724675314e-17
574.33,1.4339224235473632e-14,1.6685682027852824e-17
574.34,1.4339102751107527e-14,1.709986522548871e-17
574.35,1.4337123023253498e-14,1.6946236948528914e-17
574.36,1.4336074804319233e-14,1.7088520158166487e-17
574.37,1.4334117234408103e-14,1.7144316101038593e-17
574.38,1.433322269015445e-14,1.6845284169127004e-17
574.39,1.4332047795990417e-14,1.6506734517261883e-17
574.4,1.4330948061545552e-14,1.6886663987618918e-17
574.41,1.4329827144124083e-14,1.6811465771281963e-17
574.42,1.4328344388716467e-14,1.6966115646860206e-17
574.43,1.4326846375956208e-14,1.6792227889289715e-17
574.44,1.4326121902334165e-14,1.7012230470693766e-17
574.45,1.4325018229613827e-14,1.6386357187655066e-17
574.46,1.4323752373714933e-14,1.6949495897156083e-17
574.47,1.4322372982935842e-14,1.6783308600742756e-17
574.48,1.4321133024160778e-14,1.6778967773253618e-17
574.49,1.4319851939538044e-14,1.7004060195534877e-17
574.5,1.431905469491188e-14,1.6992095849728705e-17
574.51,1.4317578760597123e-14,1.70783527485509e-17
574.52,1.4316359790185382e-14,1.7028356520104636e-17
574.53,1.4315410767109308e-14,1.7054202483010012e-17
574.54,1.431420012334858e-14,1.677398331442181e-17
574.55,1.4312986464034124e-14,1.6908210506056954e-17
574.56,1.4311666564137687e-14,1.6737820666533674e-17
574.57,1.431054507029357e-14,1.693102090826745e-17
574.58,1.4309590541361898e-14,1.6964621943071287e-17
574.59,1.4307920720163613e-14,1.6984393491134682e-17
574.6,1.4306858577108325e-14,1.6885661900072687e-17
574.61,1.4305724456755264e-14,1.7498869903112786e-17
574.62,1.4304366576002396e-14,1.6925812486687054e-17
574.63,1.430326991376303e-14,1.68316236645235e-17
574.64,1.4301889557813505e-14,1.686081807921659e-17
574.65,1.4301039563580616e-14,1.6919535552920642e-17
574.66,1.429892045457185e-14,1.653933695083879e-17
574.67,1.429818288700855e-14,1.705924597016078e-17
574.68,1.4296907255901594e-14,1.676996707113523e-17
574.69,1.429630925094329e-14,1.6982384335529665e-17
574.7,1.4294419919272166e-14,1.717308389734026e-17
574.71,1.4293908486086063e-14,1.6990067859567306e-17
574.72,1.42927528430442e-14,1.6860317770527056e-17
574.73,1.4291184779799768e-14,1.7168544136444176e-17
574.74,1.4290065084901526e-14,1.7009725495528584e-17
574.75,1.428796213446509e-14,1.7086920619851524e-17
574.76,1.4287494409394158e-14,1.7202728582445336e-17
574.77,1.428638525234431e-14,1.6776499924211255e-17
574.78,1.4284910621803642e-14,1.6708823127559854e-17
574.79,1.4283287401688385e-14,1.6502750034707126e-17
574.8,1.4282932982649022e-14,1.689492570678676e-17
574.81,1.4281597468392798e-14,1.6585266042819495e-17
574.82,1.427985579769374e-14,1.6998843532902173e-17
574.83,1.4279276180596957e-14,1.6929918626405296e-17
574.84,1.4277809925193772e-14,1.761547084252e-17
574.85,1.427765834052065e-14,1.6742644761260288e-17
574.86,1.4275609136186863e-14,1.7041478377104147e-17
574.87,1.427394052217708e-14,1.6654556344818193e-17
574.88,1.427274404081813e-14,1.6537965686180754e-17
574.89,1.4272080727369507e-14,1.677020331043291e-17
574.9,1.4270828600342408e-14,1.7140423770407123e-17
574.91,1.4269279323647146e-14,1.695579694157834e-17
574.92,1.4267875554937226e-14,1.6935096743433226e-17
574.93,1.4266951320598627e-14,1.6816407528947517e-17
574.94,1.426724774377834e-14,1.7842881991321968e-17
574.95,1.4264137368852572e-14,1.679208189657947e-17
574.96,1.4263682778788818e-14,1.705052766721206e-17
574.97,1.4262324995429452e-14,1.678346887015877e-17
574.98,1.426103497030443e-14,1.6752463351838723e-17
574.99,1.426029302685923e-14,1.660701732668848e-17
575.0,1.4258950562028468e-14,1.7173030898421396e-17
575.01,1.4257005139031134e-14,1.669990597631584e-17
575.02,1.4255343929943332e-14,1.618559054173391e-17
575.03,1.4255636855651846e-14,1.6960454075750704e-17
575.04,1.4253896092886808e-14,1.6861471868137657e-17
575.05,1.425249716034878e-14,1.7140309238826482e-17
575.06,1.4251386839358582e-14,1.660938929281695e-17
575.07,1.4250438088133215e-14,1.682563405142726e-17
575.08,1.4248852831904682e-14,1.7219529969098523e-17
575.09,1.4247762965841857e-14,1.694645853805797e-17
575.1,1.4246414357906118e-14,1.6958651520512713e-17
575.11,1.42433528776858e-14,1.687033740459677e-17
575.12,1.4244285464653603e-14,1.7107442772620952e-17
575.13,1.424272695725433e-14,1.720653158099528e-17
575.14,1.4241655800529492e-14,1.716379279404317e-17
575.15,1.4240918187969843e-14,1.7115133973525324e-17
575.16,1.423917711530947e-14,1.683101000367172e-17
575.17,1.423854604150822e-14,1.7225449977815343e-17
575.18,1.423651542697459e-14,1.7114434856594972e-17
575.19,1.423585064574898e-14,1.7426443799170098e-17
575.2,1.4232375443436847e-14,1.8852111428724505e-17
575.21,1.4233301775293793e-14,1.7009848594488683e-17
575.22,1.423249684432198e-14,1.6723703502088574e-17
575.23,1.4231037106022337e-14,1.725812363746785e-17
575.24,1.423041060210364e-14,1.6921218542977617e-17
575.25,1.4228511036597996e-14,1.7340251555810733e-17
575.26,1.4227305626918167e-14,1.7068072489971832e-17
575.27,1.4225926783101834e-14,1.7062628426389278e-17
575.28,1.4224660730310594e-14,1.7305962721589146e-17
575.29,1.42233288052046e-14,1.735562232263318e-17
575.3,1.4222749329629135e-14,1.7127278516063752e-17
575.31,1.4221205163863777e-14,1.6757637543527906e-17
575.32,1.4220098149212084e-14,1.6936573459647798e-17
575.33,1.4219174862891666e-14,1.710551965297933e-17
575.34,1.421735156253396e-14,1.6474010914021005e-17
575.35,1.421641905591846e-14,1.68730059059986e-17
575.36,1.4215320449054708e-14,1.7174173034159038e-17
575.37,1.4213629928226427e-14,1.7027829683766138e-17
575.38,1.4215348389113328e-14,1.8980360671739277e-17
575.39,1.421185910641795e-14,1.7135313752506765e-17
575.4,1.4211108706777807e-14,1.718712606255828e-17
575.41,1.4209998734715487e-14,1.714895048219454e-17
575.42,1.4208847259272739e-14,1.7206350870466447e-17
575.43,1.4207058797623133e-14,1.7409290100676706e-17
575.44,1.4206120376737639e-14,1.7155127628607732e-17
575.45,1.4204516985279374e-14,1.688483051937561e-17
575.46,1.4203582654871245e-14,1.7144209628965072e-17
575.47,1.42030516896123e-14,1.6610515353906363e-17
575.48,1.420047323439298e-14,1.7156072475969543e-17
575.49,1.419881410404163e-14,1.7250887811600948e-17
575.5,1.4198505761876671e-14,1.707515704340866e-17
575.51,1.4198080813323945e-14,1.7511108021730026e-17
575.52,1.4196357998773922e-14,1.7052606073914037e-17
575.53,1.4194810974337425e-14,1.6841151706442453e-17
575.54,1.4193713659293153e-14,1.7393418116023544e-17
575.55,1.4193251588600771e-14,1.694379093358679e-17
575.56,1.4190403237153716e-14,1.695968023145028e-17
575.57,1.4190418217442476e-14,1.732529254667506e-17
575.58,1.4187550677977799e-14,1.6850692971506074e-17
575.59,1.4187917630927032e-14,1.7177352309231282e-17
575.6,1.4186935643125443e-14,1.7511984531612152e-17
575.61,1.4185454001868526e-14,1.6865471314577663e-17
575.62,1.418404659602262e-14,1.7009804284560856e-17
575.63,1.4182587877225168e-14,1.7015766510762257e-17
575.64,1.418102777804946e-14,1.61342341420412e-17
575.65,1.4181239241997652e-14,1.803530461290501e-17
575.66,1.4180063622445902e-14,1.727772408156022e-17
575.67,1.4179009716415802e-14,1.711497252031356e-17
575.68,1.4177270240914689e-14,1.700773220695993e-17
575.69,1.4175821582458301e-14,1.745623614419954e-17
575.7,1.4175440900039414e-14,1.6809798361001303e-17
575.71,1.4173868140556255e-14,1.7296584164558156e-17
575.72,1.4171952867022474e-14,1.6776394430757142e-17
575.73,1.417074187767826e-14,1.737098975459952e-17
575.74,1.4171190848714338e-14,1.6974317478891078e-17
575.75,1.4169285994508033e-14,1.7684430424773333e-17
575.76,1.4166847071215768e-14,1.701226718926146e-17
575.77,1.4166794996860225e-14,1.7309895827744027e-17
575.78,1.4164221647409495e-14,1.715900138794967e-17
575.79,1.4163910314640863e-14,1.702078990804209e-17
575.8,1.4162761510526465e-14,1.708713464569983e-17
575.81,1.4160929156888421e-14,1.6667615301840242e-17
575.82,1.4160705024539567e-14,1.6995006516088205e-17
575.83,1.4158732898785152e-14,1.625875077930369e-17
575.84,1.4157911917223155e-14,1.703675629925444e-17
575.85,1.4156352374786955e-14,1.7046110377931466e-17
575.86,1.4156008183999753e-14,1.710523550747396e-17
575.87,1.4153167426303323e-14,1.6544156101322387e-17
575.88,1.4153581562583376e-14,1.710044151738946e-17
575.89,1.4151779333205784e-14,1.662261175264197e-17
575.9,1.4149972837065799e-14,1.628772138076955e-17
575.91,1.4149205509239738e-14,1.7100896725363232e-17
575.92,1.4147133164089973e-14,1.6713262289448275e-17
575.93,1.4147437870476902e-14,1.6871036342812405e-17
575.94,1.4146266415133544e-14,1.722394847897101e-17
575.95,1.4144732177683185e-14,1.6513985816334517e-17
575.96,1.4142855210969304e-14,1.6160190455590225e-17
575.97,1.4142311824368016e-14,1.7202336962352583e-17
575.98,1.4141022384036047e-14,1.693950242172071e-17
575.99,1.4141707301206514e-14,1.6749743441914442e-17
576.0,1.4139025589826453e-14,1.7150592468019345e-17
576.01,1.4136726625409574e-14,1.7386103101632806e-17
576.02,1.4136231570061e-14,1.696170762803527e-17
576.03,1.4134263787978517e-14,1.53861186974766e-17
576.04,1.4134211790118198e-14,1.7527648819090197e-17
576.05,1.413341114777472e-14,1.597511844708588e-17
576.06,1.4132055097331644e-14,1.729038174116989e-17
576.07,1.4130927246207967e-14,1.7593338637546802e-17
576.08,1.4129984378177821e-14,1.6342537883528638e-17
576.09,1.4127857141997796e-14,1.7090258861927487e-17
576.1,1.4127469101428394e-14,1.7639413781249806e-17
576.11,1.4126036387215499e-14,1.7394547966259897e-17
576.12,1.4123796472659023e-14,1.7387860110191053e-17
576.13,1.4123918850197837e-14,1.6864215223754224e-17
576.14,1.4123645337039952e-14,1.6480133145943705e-17
576.15,1.4121203923086647e-14,1.706296399042249e-17
576.16,1.4120127173704311e-14,1.7038087794885338e-17
576.17,1.411895213797737e-14,1.6873473835498074e-17
576.18,1.4118108157318334e-14,1.7475743962988554e-17
576.19,1.4116327411047165e-14,1.6484168531287883e-17
576.2,1.4115397856715932e-14,1.7648878690467215e-17
576.21,1.4113115122940121e-14,1.6697082127327617e-17
576.22,1.4112002095106283e-14,1.6696237455653267e-17
576.23,1.411319986939686e-14,1.726537936178675e-17
576.24,1.4110656339112663e-14,1.7148233415065892e-17
576.25,1.410820181865514e-14,1.606878367768561e-17
576.26,1.410798803490297e-14,1.6893564834208473e-17
576.27,1.4105902520889338e-14,1.6839419961430987e-17
576.28,1.4105399923626833e-14,1.7475968819310725e-17
576.29,1.4104353563888702e-14,1.7281493126881183e-17
576.3,1.4103125941656857e-14,1.7515614652077246e-17
576.31,1.4102121283261251e-14,1.6962305940485404e-17
576.32,1.4101769345692909e-14,1.7698869242071773e-17
576.33,1.4099663050033268e-14,1.6922990635321247e-17
576.34,1.4098783070959754e-14,1.7126648442058978e-17
576.35,1.4097628107694002e-14,1.7287724297272145e-17
576.36,1.4095373318421902e-14,1.704017550903659e-17
576.37,1.4095480662786453e-14,1.7198112166660327e-17
576.38,1.4093621843935669e-14,1.718813600246054e-17
576.39,1.4091857487767143e-14,1.7026305074936725e-17
576.4,1.4091560314325016e-14,1.6452632746392894e-17
576.41,1.4090435386743963e-14,1.878495612770496e-17
576.42,1.4088557873427347e-14,1.6801194594734657e-17
576.43,1.4087194301646908e-14,1.5967395494994297e-17
576.44,1.4087279910835052e-14,1.7253824090543988e-17
576.45,1.4085365791709955e-14,1.723721630705727e-17
576.46,1.4084423477282024e-14,1.5870535901784922e-17
576.47,1.4082891233207119e-14,1.7306238572855657e-17
576.48,1.4081144954910811e-14,1.687603215875052e-17
576.49,1.4080005589163532e-14,1.6118772358249115e-17
576.5,1.4078165847464947e-14,1.8730720330705173e-17
576.51,1.4077452871558607e-14,1.7066840610549308e-17
576.52,1.4076347932503221e-14,1.7112969560514087e-17
576.53,1.4076118368900844e-14,1.740598117969567e-17
576.54,1.4074714199722479e-14,1.744381964522349e-17
576.55,1.4072289803452571e-14,1.73837463630843e-17
576.56,1.4071874760234298e-14,1.6744060520123076e-17
576.57,1.4070646712346753e-14,1.6985894332782798e-17
576.58,1.4069028299589374e-14,1.698726915323836e-17
576.59,1.4067116070504649e-14,1.7387412208621244e-17
576.6,1.406658466237e-14,1.6548369471614953e-17
576.61,1.406593667813808e-14,1.7330367666659785e-17
576.62,1.4064139786825624e-14,1.695584840332025e-17
576.63,1.406389082221224e-14,1.7200742005552295e-17
576.64,1.4062854838385081e-14,1.7843710809454065e-17
576.65,1.406129578539341e-14,1.7029528814724146e-17
576.66,1.4060418859416487e-14,1.7558002070954252e-17
576.67,1.4058509642249649e-14,1.6725684516049972e-17
576.68,1.4057154290039812e-14,1.6315106216736283e-17
576.69,1.4056982300653549e-14,1.7598937647677287e-17
576.7,1.4055774181903947e-14,1.7000077010751758e-17
576.71,1.4054578181598115e-14,1.690021805362088e-17
576.72,1.4053213350142159e-14,1.7040327348746012e-17
576.73,1.4051539932358861e-14,1.6522821170576817e-17
576.74,1.4050673117385438e-14,1.6914720907923914e-17
576.75,1.4049499557631018e-14,1.7050357514970954e-17
576.76,1.4048660282287891e-14,1.678192206012342e-17
576.77,1.4047234712937737e-14,1.6483082016770222e-17
576.78,1.4045853508786774e-14,1.684875641890278e-17
576.79,1.4044572739919203e-14,1.6970046333356053e-17
576.8,1.404322121220937e-14,1.7008560323595626e-17
576.81,1.4042571952955242e-14,1.7134462737315702e-17
576.82,1.4042434529928788e-14,1.7023847491524402e-17
576.83,1.4039728066073105e-14,1.6788543389326343e-17
576.84,1.4038874690487248e-14,1.7133590662389016e-17
576.85,1.4037908078221365e-14,1.7049806763114652e-17
576.86,1.4036797713307897e-14,1.6905120121051748e-17
576.87,1.4035591307137256e-14,1.751479232395527e-17
576.88,1.403371768855951e-14,1.6800444013692692e-17
576.89,1.403290548112329e-14,1.7148921604957195e-17
576.9,1.4031870788977185e-14,1.7101148778543634e-17
576.91,1.4030887259845717e-14,1.653678928415071e-17
576.92,1.402914725549854e-14,1.6769999481460492e-17
576.93,1.4028568761494797e-14,1.6822854806505614e-17
576.94,1.4026927666169186e-14,1.6838312202505828e-17
576.95,1.4026646881213338e-14,1.7882371452562217e-17
576.96,1.4025015239548878e-14,1.7106188975895467e-17
576.97,1.4023203979396435e-14,1.727337318887799e-17
576.98,1.4022342414669958e-14,1.700967162331022e-17
576.99,1.4021317059879045e-14,1.697324078321666e-17
577.0,1.402020616553682e-14,1.7421367220405926e-17
577.01,1.4018495857534788e-14,1.660393421382536e-17
577.02,1.401773276834476e-14,1.72194990790332e-17
577.03,1.4016578684550057e-14,1.7282674632713906e-17
577.04,1.4013614034897571e-14,1.8175372379403578e-17
577.05,1.4013911746811187e-14,1.75016585758117e-17
577.06,1.4013202158337047e-14,1.7037105597760466e-17
577.07,1.4011528587737166e-14,1.6954933092564224e-17
577.08,1.4010595284034386e-14,1.7115384355212984e-17
577.09,1.4009703480342294e-14,1.666524413265434e-17
577.1,1.40081676442361e-14,1.6889748501993783e-17
577.11,1.4006177170244495e-14,1.6719663811529914e-17
577.12,1.4005592654894472e-14,1.6825394676459745e-17
577.13,1.4002241638479814e-14,1.7581405135761403e-17
577.14,1.400331405186588e-14,1.698901994561824e-17
577.15,1.4002789661380065e-14,1.6821940723878436e-17
577.16,1.400085648037475e-14,1.683795154643272e-17
577.17,1.3999627486765886e-14,1.690110433610424e-17
577.18,1.3998968555260885e-14,1.6682017473142985e-17
577.19,1.3997690065672493e-14,1.7295582044066542e-17
577.2,1.3996713534738096e-14,1.6715648438514886e-17
577.21,1.3995256003609402e-14,1.6730660190674966e-17
577.22,1.399091616107208e-14,1.6540347832992177e-17
577.23,1.3992839854255323e-14,1.7241447034728703e-17
577.24,1.3992248463099374e-14,1.7276494989001162e-17
577.25,1.3990362660922923e-14,1.7090330968082553e-17
577.26,1.3989046933443495e-14,1.708294148626444e-17
577.27,1.398787959809554e-14,1.671854254085063e-17
577.28,1.3986867772681974e-14,1.6709171555136078e-17
577.29,1.3985558305537783e-14,1.7550696835418107e-17
577.3,1.39831038586276e-14,1.6005412113258282e-17
577.31,1.3981218860814009e-14,1.51322976519747e-17
577.32,1.3982120806199588e-14,1.7125290566589023e-17
577.33,1.3981381360324708e-14,1.6400923433680788e-17
577.34,1.3979725834852867e-14,1.69641844382548e-17
577.35,1.3978250762977805e-14,1.681650268805035e-17
577.36,1.3978382450211397e-14,1.787316544129886e-17
577.37,1.3976436788577501e-14,1.702684319758681e-17
577.38,1.3974174115716838e-14,1.7325235998870288e-17
577.39,1.3973735260062917e-14,1.6970913171809894e-17
577.4,1.397189593299434e-14,1.4392378746621973e-17
577.41,1.3971634881572681e-14,1.7131554559830157e-17
577.42,1.3970987280137022e-14,1.7175805312286012e-17
577.43,1.3969064271316764e-14,1.677738244509541e-17
577.44,1.3967614623333089e-14,1.6615874312619323e-17
577.45,1.3966645585280921e-14,1.6766904197401093e-17
577.46,1.3965525717003288e-14,1.6852920739542594e-17
577.47,1.3962702313726991e-14,1.4612127031729086e-17
577.48,1.3962908428385897e-14,1.648519628045723e-17
577.49,1.3962880541175535e-14,1.5336326662212156e-17
577.5,1.396106681091752e-14,1.6858543661340128e-17
577.51,1.3959786003854853e-14,1.7171135914663712e-17
577.52,1.395829478381024e-14,1.660383878668336e-17
577.53,1.3957758772254288e-14,1.7182010089245062e-17
577.54,1.3956670089225928e-14,1.6629637047175067e-17
577.55,1.3954998543793025e-14,1.6627776003547202e-17
577.56,1.3956674968813454e-14,1.8378116285816303e-17
577.57,1.3952691638880696e-14,1.665982726224382e-17
577.58,1.395320133346984e-14,1.6193826408814167e-17
577.59,1.3950491643199225e-14,1.6914234489416095e-17
577.6,1.3948947700701957e-14,1.650530518618476e-17
577.61,1.394761785614187e-14,1.6728935554033127e-17
577.62,1.3946692169256381e-14,1.6562621573109305e-17
577.63,1.3945608917585745e-14,1.7252383929848727e-17
577.64,1.3944533467352106e-14,1.6670518004566652e-17
577.65,1.3939848542914057e-14,1.4623345489317945e-17
577.66,1.3941672557514249e-14,1.6413815171785693e-17
577.67,1.3941921804561807e-14,1.7260260202381792e-17
577.68,1.3939756632813176e-14,1.647428333399787e-17
577.69,1.3938385637434328e-14,1.6521971506179384e-17
577.7,1.3937542591042974e-14,1.691530632418187e-17
577.71,1.3935792371474317e-14,1.6595087433097262e-17
577.72,1.393465436791021e-14,1.7166229199761574e-17
577.73,1.3933828129561345e-14,1.670503811264727e-17
577.74,1.3935071397558106e-14,1.9237056758154877e-17
577.75,1.3931901786469895e-14,1.6734412577809594e-17
577.76,1.3930919204535854e-14,1.709274976105423e-17
577.77,1.3928979826552404e-14,1.6102892871856476e-17
577.78,1.3927737915633449e-14,1.6774596037169436e-17
577.79,1.3926370172037608e-14,1.6553531488619137e-17
577.8,1.3925806924352019e-14,1.6745605384702276e-17
577.81,1.3923658479358626e-14,1.666017627997356e-17
577.82,1.392301639521785e-14,1.651725650434634e-17
577.83,1.3921230534511434e-14,1.7119147543101515e-17
577.84,1.3920904742101488e-14,1.6755356404464125e-17
577.85,1.391961296722017e-14,1.726175165472732e-17
577.86,1.3918230696538056e-14,1.5929470524105424e-17
577.87,1.3917462398331785e-14,1.6625336935045343e-17
577.88,1.3916060825354745e-14,1.6665289368278322e-17
577.89,1.3915185406054458e-14,1.6751391671531177e-17
577.9,1.3913736841575982e-14,1.6922244163401265e-17
577.91,1.3912603300002987e-14,1.6568324655796716e-17
577.92,1.3911300691124495e-14,1.604184881298941e-17
577.93,1.3910550670889936e-14,1.656722312647821e-17
577.94,1.3908630940516568e-14,1.6805508194460753e-17
577.95,1.3907596404470855e-14,1.6542230709765815e-17
577.96,1.390675958523712e-14,1.6844497994333946e-17
577.97,1.3905620176810136e-14,1.646799484199704e-17
577.98,1.390438556827164e-14,1.6653316975043908e-17
577.99,1.3903187735221115e-14,1.6469495572828867e-17
578.0,1.390307418703647e-14,1.6300454174613253e-17
578.01,1.3901281845848289e-14,1.7366947748813096e-17
578.02,1.3899594396565785e-14,1.6719777522602656e-17
578.03,1.38983173589485e-14,1.6442705463136532e-17
578.04,1.3896657850166234e-14,1.6490698840131178e-17
578.05,1.3896005972183639e-14,1.6149025152267092e-17
578.06,1.3894781879374943e-14,1.6454090259069377e-17
578.07,1.3893765674338041e-14,1.637800162522497e-17
578.08,1.3892918622559725e-14,1.6561518128416648e-17
578.09,1.3891122264007688e-14,1.6128332776198533e-17
578.1,1.3889634823226843e-14,1.702010741237028e-17
578.11,1.3888993976365832e-14,1.6474027554171305e-17
578.12,1.388813848059994e-14,1.6382852501059485e-17
578.13,1.3885989930146566e-14,1.6767009434532884e-17
578.14,1.3886027157070344e-14,1.670313436262007e-17
578.15,1.3884102252569369e-14,1.6387981619811028e-17
578.16,1.3883175906216649e-14,1.5808590344571377e-17
578.17,1.388231495195802e-14,1.6591853646843945e-17
578.18,1.388086289800302e-14,1.655506059971e-17
578.19,1.3878970737430282e-14,1.5872286181750547e-17
578.2,1.3878729480206984e-14,1.6621211622924206e-17
578.21,1.387740003739114e-14,1.6407248122224612e-17
578.22,1.387642044237532e-14,1.696310967371961e-17
578.23,1.3875031688793194e-14,1.645632321263024e-17
578.24,1.3873477910837255e-14,1.6165083010691685e-17
578.25,1.3872897974385233e-14,1.655252479487388e-17
578.26,1.3871981902670829e-14,1.633146682858736e-17
578.27,1.3869988772302678e-14,1.648743701788327e-17
578.28,1.386971327304044e-14,1.6357829770447484e-17
578.29,1.3868193068696632e-14,1.635554365383326e-17
578.3,1.386671595741524e-14,1.666560044016724e-17
578.31,1.3865689641527126e-14,1.6910139642328632e-17
578.32,1.3864501997252135e-14,1.6361127831234697e-17
578.33,1.3863365642668854e-14,1.6774016872734056e-17
578.34,1.3862391187102682e-14,1.6307181834925582e-17
578.35,1.3861644126405384e-14,1.6521654295884267e-17
578.36,1.3859782375219363e-14,1.6452165761152212e-17
578.37,1.3859177845153901e-14,1.6710830802498637e-17
578.38,1.3857740738324464e-14,1.62305928706365e-17
578.39,1.3856558308171198e-14,1.611189341151891e-17
578.4,1.385537608023011e-14,1.653426859785554e-17
578.41,1.3854153594103117e-14,1.6516253367155595e-17
578.42,1.3853030751294369e-14,1.6075998129272403e-17
578.43,1.3852012886644182e-14,1.6272451763810792e-17
578.44,1.3850308728284333e-14,1.6311288455791237e-17
578.45,1.3849620156810323e-14,1.6390488858663043e-17
578.46,1.3848212947713356e-14,1.626036262987778e-17
578.47,1.3847140453188009e-14,1.6247352948288037e-17
578.48,1.3845946556334316e-14,1.583258590757739e-17
578.49,1.3844523768435834e-14,1.673954706458513e-17
578.5,1.3843635776526994e-14,1.6422924140957937e-17
578.51,1.3841981704519416e-14,1.5726305028260993e-17
578.52,1.3841313702961213e-14,1.636829381980062e-17
578.53,1.3839927218611011e-14,1.6385266829684882e-17
578.54,1.38386260671017e-14,1.5902852773961964e-17
578.55,1.383821481865623e-14,1.6401700670598704e-17
578.56,1.3836756120655672e-14,1.6229165390293438e-17
578.57,1.383580110383176e-14,1.5861295129225596e-17
578.58,1.3834294332965129e-14,1.641501844671652e-17
578.59,1.3833022998258793e-14,1.6144251885124904e-17
578.6,1.3832180862389642e-14,1.655262349009258e-17
578.61,1.3831020227146648e-14,1.6141131085837055e-17
578.62,1.3829717882375527e-14,1.6182430528356094e-17
578.63,1.3828502680943925e-14,1.6346988879984583e-17
578.64,1.382744374173881e-14,1.689328736539276e-17
578.65,1.3825943805231955e-14,1.6053304517919107e-17
578.66,1.3825365261152217e-14,1.617507200144087e-17
578.67,1.3823724334033326e-14,1.6102758343218073e-17
578.68,1.3822885315374064e-14,1.6379667547499912e-17
578.69,1.3822041328440775e-14,1.6495137951893904e-17
578.7,1.3820298195217788e-14,1.6163570246698488e-17
578.71,1.3819024324989266e-14,1.6149681931319045e-17
578.72,1.3817941937777004e-14,1.6023761091650912e-17
578.73,1.381693631493206e-14,1.5916660357782196e-17
578.74,1.3815601260113788e-14,1.6249135495574236e-17
578.75,1.3815404485931203e-14,1.6692831188897748e-17
578.76,1.381350815403102e-14,1.6123929104946432e-17
578.77,1.3812179066311576e-14,1.623807967719803e-17
578.78,1.3810504959709791e-14,1.5996679181966952e-17
578.79,1.3808791978694995e-14,1.5307365421020087e-17
578.8,1.3808827217198469e-14,1.6155783814250932e-17
578.81,1.3807945432292476e-14,1.583395013594411e-17
578.82,1.3806506909101693e-14,1.5882409892425417e-17
578.83,1.3805341635316444e-14,1.6146128385173145e-17
578.84,1.3804501896679235e-14,1.662554563828887e-17
578.85,1.3803230138930037e-14,1.6367569552443643e-17
578.86,1.3801803400735904e-14,1.603674892100565e-17
578.87,1.3800198539173738e-14,1.5901121532379653e-17
578.88,1.3799219739779889e-14,1.6361412047995567e-17
578.89,1.3798533364083896e-14,1.5979413803330655e-17
578.9,1.3797124785742438e-14,1.6010394972511094e-17
578.91,1.3796218650343148e-14,1.6446194446961888e-17
578.92,1.3794737487740719e-14,1.5988365421501497e-17
578.93,1.379340409003193e-14,1.6559905374559795e-17
578.94,1.3792990562854104e-14,1.605072304271818e-17
578.95,1.3791425030342024e-14,1.61794340039251e-17
578.96,1.379043202091234e-14,1.6924849838483745e-17
578.97,1.3788683315753925e-14,1.5828769177681315e-17
578.98,1.378820926902564e-14,1.6103461471948233e-17
578.99,1.378691692214997e-14,1.6008355140903464e-17
579.0,1.3785456717392194e-14,1.5981307436064326e-17
579.01,1.3784460470468922e-14,1.5975316432383278e-17
579.02,1.3782553488737532e-14,1.5837575273856072e-17
579.03,1.378253515871655e-14,1.5356379649520095e-17
579.04,1.3780784508144853e-14,1.596862013591129e-17
579.05,1.3783605793725086e-14,1.4328201553728717e-17
579.06,1.377851937135074e-14,1.6480973924895565e-17
579.07,1.37773164385712e-14,1.6415247369144073e-17
579.08,1.3776539372802415e-14,1.5876594752319448e-17
579.09,1.377499882272709e-14,1.5811891767894084e-17
579.1,1.3774197149533349e-14,1.6378282404607388e-17
579.11,1.3771954636602022e-14,1.5639853326382377e-17
579.12,1.3771725900832652e-14,1.5002542715256622e-17
579.13,1.3770506186226768e-14,1.559627431508645e-17
579.14,1.376890561712613e-14,1.5148038194027285e-17
579.15,1.3768161927443388e-14,1.5936315980553462e-17
579.16,1.3767812001135799e-14,1.6764374592747878e-17
579.17,1.376568332347495e-14,1.606430386721718e-17
579.18,1.3764816241568256e-14,1.6052180677993616e-17
579.19,1.3763838981282358e-14,1.5921030825353926e-17
579.2,1.3762524366500393e-14,1.589821280851418e-17
579.21,1.3760603002638263e-14,1.4617182699851128e-17
579.22,1.3760517745948558e-14,1.5719831497214813e-17
579.23,1.376015596857811e-14,1.5513953476379215e-17
579.24,1.37577129008289e-14,1.6028402070407847e-17
579.25,1.3756940189517113e-14,1.6471481449805304e-17
579.26,1.3755046291582605e-14,1.593649654205463e-17
579.27,1.3754112401706004e-14,1.570938386213369e-17
579.28,1.3752849096749538e-14,1.5847222859892057e-17
579.29,1.3752181975782574e-14,1.5856873552996943e-17
579.3,1.3748738630009005e-14,1.4901206309180836e-17
579.31,1.3749234177313935e-14,1.58632693676941e-17
579.32,1.3747122137089648e-14,1.4153868567838033e-17
579.33,1.3747283636257524e-14,1.5718441046890155e-17
579.34,1.3745735315763158e-14,1.560501306243924e-17
579.35,1.37447599245363e-14,1.5606271071598954e-17
579.36,1.374400856888327e-14,1.566713872666564e-17
579.37,1.3742842662885963e-14,1.5738872011841305e-17
579.38,1.3741795490453718e-14,1.5744093934479268e-17
579.39,1.3737996114960497e-14,1.5173537550864225e-17
579.4,1.3740087479075737e-14,1.6796585127167193e-17
579.41,1.3738701257426693e-14,1.710819424536049e-17
579.42,1.3736958491287713e-14,1.5750322039205222e-17
579.43,1.3736454859836156e-14,1.6058577006882308e-17
579.44,1.3734792054728709e-14,1.5782095288103844e-17
579.45,1.3733601562705373e-14,1.5913739343972253e-17
579.46,1.3732090550371963e-14,1.6302499483843402e-17
579.47,1.3731705255092491e-14,1.601787183029094e-17
579.48,1.3727788833448789e-14,1.5831818043604567e-17
579.49,1.3727586121348e-14,1.628780025211591e-17
579.5,1.3729171015568941e-14,1.598166627836408e-17
579.51,1.372703863683745e-14,1.600467229120429e-17
579.52,1.3725215045355309e-14,1.5554995203686756e-17
579.53,1.3724010294899007e-14,1.582414490848708e-17
579.54,1.3723316177308859e-14,1.5926526220476662e-17
579.55,1.3720997392959461e-14,1.5967235885407498e-17
579.56,1.3721168609939733e-14,1.579289276803801e-17
579.57,1.3718119202932333e-14,1.6614034966472026e-17
579.58,1.3719048081671038e-14,1.616217529259841e-17
579.59,1.3717326445047354e-14,1.5150203187252472e-17
579.6,1.371624204818412e-14,1.5565932781411425e-17
579.61,1.3714636628179638e-14,1.5368043328747915e-17
579.62,1.371418726490881e-14,1.604401531202596e-17
579.63,1.3713160330335854e-14,1.5695534019523725e-17
579.64,1.3712087956559847e-14,1.598520587548077e-17
579.65,1.3710618921728255e-14,1.5708199036387124e-17
579.66,1.3709382612616513e-14,1.7492536105943923e-17
579.67,1.3708199188752976e-14,1.5706441286870422e-17
579.68,1.3707537953244158e-14,1.6261713272733533e-17
579.69,1.3705826814113504e-14,1.5158376654822295e-17
579.7,1.3704600424783772e-14,1.5693228422215496e-17
579.71,1.3703443869970457e-14,1.558167226463691e-17
579.72,1.3703220298536403e-14,1.5794442044204795e-17
579.73,1.3701499546420396e-14,1.5730157281672943e-17
579.74,1.370043250651327e-14,1.5742660942284718e-17
579.75,1.3699631745038471e-14,1.694632948562685e-17
579.76,1.3698182229049733e-14,1.6036124628570065e-17
579.77,1.3697226889176952e-14,1.6067692019870303e-17
579.78,1.3695551144236636e-14,1.5661445210711952e-17
579.79,1.3694161133055839e-14,1.5604293273383427e-17
579.8,1.3693352337761511e-14,1.60792957009803e-17
579.81,1.3692233462251287e-14,1.581351434177903e-17
579.82,1.3690869036960234e-14,1.5737502511258793e-17
579.83,1.3690615156398815e-14,1.667282192560983e-17
579.84,1.3689716925128432e-14,1.6425205793522087e-17
579.85,1.3687616884398824e-14,1.588194631612681e-17
579.86,1.3686800330575013e-14,1.5747636944125493e-17
579.87,1.368531831638972e-14,1.601579654425071e-17
579.88,1.3684033038350464e-14,1.5632447260562634e-17
579.89,1.3683090619334536e-14,1.5926076472846363e-17
579.9,1.3681862513996427e-14,1.5519362544888523e-17
579.91,1.3681218400606456e-14,1.576195995952066e-17
579.92,1.367927079108887e-14,1.5846505862307463e-17
579.93,1.3678406593090135e-14,1.5268631442476082e-17
579.94,1.3677113369092574e-14,1.546233443424774e-17
579.95,1.3675930179125957e-14,1.5620596147248965e-17
579.96,1.3675260526502496e-14,1.58801185246923e-17
579.97,1.3674705180383005e-14,1.7114278560207874e-17
579.98,1.3672748291537543e-14,1.5785066453871013e-17
579.99,1.3671993994040434e-14,1.5706660898458717e-17
580.0,1.367029655367612e-14,1.580589738222627e-17
580.01,1.3669174919579176e-14,1.6012426796810783e-17
580.02,1.366723917303817e-14,1.485567074894793e-17
580.03,1.366711097665344e-14,1.5699446404447745e-17
580.04,1.3666114954983999e-14,1.6296567081244528e-17
580.05,1.3664380003268964e-14,1.5161153610615767e-17
580.06,1.3664216336654042e-14,1.5985303066369164e-17
580.07,1.3662395300830691e-14,1.577073085857251e-17
580.08,1.3661485331214598e-14,1.6141567321087894e-17
580.09,1.3660216687827552e-14,1.5776988560989794e-17
580.1,1.3658853231207484e-14,1.567000792801838e-17
580.11,1.365569142350653e-14,1.5096990535526876e-17
580.12,1.3656626009636067e-14,1.5518082999420608e-17
580.13,1.3655458483986814e-14,1.550797265433558e-17
580.14,1.3654184869890018e-14,1.5405068951856974e-17
580.15,1.365398696218298e-14,1.5785932220760627e-17
580.16,1.3651955121897373e-14,1.564300853628381e-17
580.17,1.3651265013243187e-14,1.5820998086690874e-17
580.18,1.3649973713267368e-14,1.6229053909995054e-17
580.19,1.3648304479782973e-14,1.6086367070504123e-17
580.2,1.3645087556571076e-14,1.5618075459736035e-17
580.21,1.3647141953669884e-14,1.5911886124823553e-17
580.22,1.3644896089591916e-14,1.5392760231941575e-17
580.23,1.3644113076948651e-14,1.556995404506757e-17
580.24,1.3642590401514251e-14,1.5900481746760463e-17
580.25,1.3641877162154245e-14,1.557717718577705e-17
580.26,1.3640704964799117e-14,1.5500573125327498e-17
580.27,1.3639447028876232e-14,1.5664607529279227e-17
580.28,1.3638323006978445e-14,1.5167165489887162e-17
580.29,1.3635477656659554e-14,1.7109391664471594e-17
580.3,1.3635862165656015e-14,1.5135462525043395e-17
580.31,1.3634980195602215e-14,1.5962578327289595e-17
580.32,1.3633786093326257e-14,1.563310358792384e-17
580.33,1.3631913752057051e-14,1.5302092540266837e-17
580.34,1.363199518815957e-14,1.5455485145833633e-17
580.35,1.3629869980365791e-14,1.6018102509289976e-17
580.36,1.3629810099825514e-14,1.5362851250315686e-17
580.37,1.3628611564258876e-14,1.5624762785716626e-17
580.38,1.3625575541488602e-14,1.7561003126840052e-17
580.39,1.3626207008655383e-14,1.5530786981687348e-17
580.4,1.3624811559170058e-14,1.5842232039375854e-17
580.41,1.3623798709841818e-14,1.58341776531079e-17
580.42,1.3622699815002138e-14,1.6011864570054438e-17
580.43,1.3621139162802893e-14,1.5659340269120268e-17
580.44,1.3620946635137202e-14,1.6476525817035536e-17
580.45,1.3619219414687695e-14,1.5716146722629784e-17
580.46,1.3618038631466702e-14,1.546281743953486e-17
580.47,1.3616829228009047e-14,1.7925110824665146e-17
580.48,1.3614924075932638e-14,1.5248843063797918e-17
580.49,1.3614681968396767e-14,1.5453197760509488e-17
580.5,1.3613450162093229e-14,1.589022621199657e-17
580.51,1.3611782560526359e-14,1.539092211902456e-17
580.52,1.361133292441128e-14,1.5512972512221328e-17
580.53,1.3610678750361365e-14,1.5805994012286164e-17
580.54,1.3608908456594925e-14,1.473088988352383e-17
580.55,1.3607678290416539e-14,1.5749706689779124e-17
580.56,1.360820744717357e-14,1.7023978471770588e-17
580.57,1.3605577884341055e-14,1.512494599952017e-17
580.58,1.3604359435310813e-14,1.5440540017960393e-17
580.59,1.3603299883499468e-14,1.556770422126532e-17
580.6,1.3602787194574344e-14,1.5243019751459617e-17
580.61,1.3600906911242823e-14,1.562288378952077e-17
580.62,1.3599954203937827e-14,1.620238738923077e-17
580.63,1.3599775845052494e-14,1.5850961982116092e-17
580.64,1.3597489529273886e-14,1.5707713832152005e-17
580.65,1.3598089835053009e-14,1.6158197108437372e-17
580.66,1.3595150390609369e-14,1.6188451896852343e-17
580.67,1.3592277653667227e-14,1.5778639817500646e-17
580.68,1.3593507291193182e-14,1.587101257583168e-17
580.69,1.3592737085156157e-14,1.6189681060930197e-17
580.7,1.3589638381394178e-14,1.5072128703255292e-17
580.71,1.35899751378249e-14,1.6031963853327435e-17
580.72,1.3588424690113105e-14,1.6790972143915566e-17
580.73,1.3587404043838418e-14,1.5811245079575298e-17
580.74,1.3587795560749612e-14,1.5546516844893823e-17
580.75,1.3584685574974968e-14,1.5533724851619227e-17
580.76,1.3583817266712445e-14,1.4456049919030942e-17
580.77,1.358275090713975e-14,1.6270859804908735e-17
580.78,1.3581776735697852e-14,1.565163270574811e-17
580.79,1.3580420314201892e-14,1.5566932345426866e-17
580.8,1.3580352368519158e-14,1.5920209977799452e-17
580.81,1.3578077735777577e-14,1.5702565812887487e-17
580.82,1.3577459998284785e-14,1.583159956051907e-17
580.83,1.3576952731992455e-14,1.491464855002755e-17
580.84,1.3574995702927015e-14,1.575117742369135e-17
580.85,1.3572859220226646e-14,1.5700719144505328e-17
580.86,1.3572657398390882e-14,1.5832442459429e-17
580.87,1.3571172794378947e-14,1.5713631557631985e-17
580.88,1.3570259423543538e-14,1.5760317775529865e-17
580.89,1.3570181629452235e-14,1.5567480720410348e-17
580.9,1.3568070148171455e-14,1.5731361169532715e-17
580.91,1.3566933613067467e-14,1.5612020628702835e-17
580.92,1.3566552242271512e-14,1.495256677155603e-17
580.93,1.3564552299832666e-14,1.5484819221634568e-17
580.94,1.3563293366244187e-14,1.5164538739501462e-17
580.95,1.3562193671693638e-14,1.5916880727904208e-17
580.96,1.356106248626499e-14,1.527338187978414e-17
580.97,1.3560184266526091e-14,1.5877788641403493e-17
580.98,1.3560500750179546e-14,1.5699574760714283e-17
580.99,1.355800217711962e-14,1.5624454885997468e-17
581.0,1.3556194131631088e-14,1.56537793312474e-17
581.01,1.3555452274967318e-14,1.512241691307381e-17
581.02,1.3554774260192711e-14,1.609103226523681e-17
581.03,1.3553460886563894e-14,1.587871523718752e-17
581.04,1.3551941556480598e-14,1.5529955379357692e-17
581.05,1.3550648733808756e-14,1.5998524124254576e-17
581.06,1.3549811511343344e-14,1.5613637799775308e-17
581.07,1.3549390165763493e-14,1.5218976047382522e-17
581.08,1.3547772336561862e-14,1.5800878942617743e-17
581.09,1.354595492830632e-14,1.5641869234507385e-17
581.1,1.3544848603622185e-14,1.56576015348165e-17
581.11,1.3544535089505464e-14,1.5824872030737603e-17
581.12,1.354311622041892e-14,1.5426811142569788e-17
581.13,1.3541672375794597e-14,1.5924130286993246e-17
581.14,1.3540025168610515e-14,1.5390035961213644e-17
581.15,1.3540177576259475e-14,1.578271160456416e-17
581.16,1.3538400165070723e-14,1.5403140626186542e-17
581.17,1.3537418178325656e-14,1.569318468361525e-17
581.18,1.3535230151776204e-14,1.564625761745601e-17
581.19,1.353491156655946e-14,1.5652239732071112e-17
581.2,1.3533982365105848e-14,1.549159234552265e-17
581.21,1.3532651888599047e-14,1.542046721596269e-17
581.22,1.3532070440446435e-14,1.6094819116829826e-17
581.23,1.353099046185653e-14,1.5094249934881595e-17
581.24,1.3531031877591876e-14,1.633261673222763e-17
581.25,1.3528773083855634e-14,1.5257471789039343e-17
581.26,1.3527358437639798e-14,1.5766556247289177e-17
581.27,1.3526434153283493e-14,1.5693438650754567e-17
581.28,1.3525313873028497e-14,1.5493802803047665e-17
581.29,1.3523907126638644e-14,1.5612663476564134e-17
581.3,1.352332261240896e-14,1.580086276692823e-17
581.31,1.3521442523528421e-14,1.5580195047988218e-17
581.32,1.3521181208147465e-14,1.5376363983520286e-17
581.33,1.3519655134342374e-14,1.6195990665556992e-17
581.34,1.3518580201259986e-14,1.550213307359334e-17
581.35,1.3517118038579489e-14,1.5620035632072756e-17
581.36,1.3515204078924594e-14,1.527630977697406e-17
581.37,1.3514330753353244e-14,1.534016998150099e-17
581.38,1.3514579666751729e-14,1.6028936384558457e-17
581.39,1.3512948980913179e-14,1.5238887503923892e-17
581.4,1.3511307133263878e-14,1.5376651628279557e-17
581.41,1.3508441576123473e-14,1.6390994441279815e-17
581.42,1.350944861200894e-14,1.570639573887418e-17
581.43,1.350809776176552e-14,1.538177145844067e-17
581.44,1.350677537309357e-14,1.5720467669209267e-17
581.45,1.350543081051322e-14,1.5074065505927537e-17
581.46,1.3504057686852722e-14,1.540240668440624e-17
581.47,1.3502854918644929e-14,1.500838585502181e-17
581.48,1.35020809898655e-14,1.564226422845752e-17
581.49,1.3501055021895508e-14,1.5642965509053707e-17
581.5,1.349741020349557e-14,1.3543644462556968e-17
581.51,1.3499279931314516e-14,1.5645787354561095e-17
581.52,1.349810356229193e-14,1.5483143699976733e-17
581.53,1.3496388042255285e-14,1.5174167961563573e-17
581.54,1.3496260959247307e-14,1.623299239829338e-17
581.55,1.349381592992481e-14,1.5738672689145653e-17
581.56,1.3493585858378346e-14,1.579540839232934e-17
581.57,1.3492004046838588e-14,1.550321538255548e-17
581.58,1.3490824282499158e-14,1.5518037526695185e-17
581.59,1.3493915042309999e-14,1.6575888461017925e-17
581.6,1.3489285999760879e-14,1.5760742512249504e-17
581.61,1.3487973072920663e-14,1.5457362619366937e-17
581.62,1.3486570336353663e-14,1.5871533932079223e-17
581.63,1.3485353754337018e-14,1.581649402407589e-17
581.64,1.3483823215611718e-14,1.5843717764062817e-17
581.65,1.3483450597857593e-14,1.5597688773807903e-17
581.66,1.3481598163761534e-14,1.5622121741214455e-17
581.67,1.3481017754695353e-14,1.5686342153283344e-17
581.68,1.34806782832888e-14,1.535056332180053e-17
581.69,1.3478846016843312e-14,1.5737118992603647e-17
581.7,1.3477864321074702e-14,1.5518013393231e-17
581.71,1.3476499798242997e-14,1.5856175053669103e-17
581.72,1.3475325684428331e-14,1.5719174166681498e-17
581.73,1.3473730912845341e-14,1.6178686749182e-17
581.74,1.347313183722261e-14,1.5608522086865557e-17
581.75,1.3472235588605196e-14,1.6124569742406192e-17
581.76,1.3471160346023214e-14,1.5944102744890375e-17
581.77,1.3469781414955228e-14,1.6349534812646226e-17
581.78,1.346866787540333e-14,1.5574803950774093e-17
581.79,1.3467719208371915e-14,1.56584545508554e-17
581.8,1.3466537200083886e-14,1.5883025439030127e-17
581.81,1.3465329573887248e-14,1.5741532787764686e-17
581.82,1.3464108193588272e-14,1.6337077002529214e-17
581.83,1.3462821706249918e-14,1.568985144927046e-17
581.84,1.3461490644900819e-14,1.5812398998076233e-17
581.85,1.346054974649344e-14,1.5762188003448543e-17
581.86,1.3459603521830824e-14,1.5897712001595664e-17
581.87,1.345874415396336e-14,1.5798153025640934e-17
581.88,1.3458114262733252e-14,1.5895657115132713e-17
581.89,1.3455485212902999e-14,1.504631048747175e-17
581.9,1.3455140852870666e-14,1.6100111072927096e-17
581.91,1.3454324680004327e-14,1.5908596687103698e-17
581.92,1.3453152158558321e-14,1.5851601649513687e-17
581.93,1.3452214569639119e-14,1.585739517017455e-17
581.94,1.3449765382737393e-14,1.564785470675402e-17
581.95,1.3449256158847435e-14,1.4695091667032507e-17
581.96,1.3448369431433848e-14,1.5562215582776635e-17
581.97,1.3447682117092321e-14,1.5883201233456103e-17
581.98,1.3445905161712416e-14,1.6069184039593914e-17
581.99,1.344495666585681e-14,1.6009473138667912e-17
582.0,1.344455035787858e-14,1.5882195055712563e-17
582.01,1.3442777515904891e-14,1.572219847733434e-17
582.02,1.3441623915234701e-14,1.575256189691383e-17
582.03,1.3439731348600225e-14,1.5375152390620704e-17
582.04,1.3439985360165702e-14,1.6814367295478617e-17
582.05,1.3438448545030964e-14,1.5785321671025975e-17
582.06,1.3437320582770909e-14,1.565431130367571e-17
582.07,1.3436257682367133e-14,1.583989668744963e-17
582.08,1.3434701980915492e-14,1.5716401422499444e-17
582.09,1.3434269257653737e-14,1.5864257480835602e-17
582.1,1.343272402502626e-14,1.5879388420176973e-17
582.11,1.3431551593726952e-14,1.578193450729386e-17
582.12,1.3430970653824169e-14,1.5943323757621434e-17
582.13,1.3428995773948737e-14,1.6037334813243757e-17
582.14,1.3428319844659038e-14,1.5892812993247308e-17
582.15,1.3427396275188044e-14,1.5903343131927982e-17
582.16,1.3425589732121064e-14,1.5711347156646132e-17
582.17,1.3424831104756575e-14,1.5545328127741268e-17
582.18,1.3424173829830064e-14,1.564806384993854e-17
582.19,1.3422715360717694e-14,1.5914869734302255e-17
582.2,1.3421762154122186e-14,1.5828682832735644e-17
582.21,1.3420733186804648e-14,1.5918054423245563e-17
582.22,1.3419524783131285e-14,1.5887125623302597e-17
582.23,1.341798956606713e-14,1.5886564374770713e-17
582.24,1.341716926591459e-14,1.5501863047439217e-17
582.25,1.341599477345495e-14,1.5812326445529324e-17
582.26,1.3414805107276304e-14,1.5625127444374052e-17
582.27,1.3413378870955847e-14,1.5251746739614438e-17
582.28,1.3412247686273346e-14,1.5731671480946083e-17
582.29,1.3411402163172767e-14,1.5982478719546906e-17
582.3,1.3410302161822064e-14,1.5932988629411572e-17
582.31,1.340951822223994e-14,1.6126690047440524e-17
582.32,1.3407800870574068e-14,1.583286252596777e-17
582.33,1.3407059335494513e-14,1.5784149758487337e-17
582.34,1.3405583853488363e-14,1.558925356049958e-17
582.35,1.3404643098497634e-14,1.5624813768252963e-17
582.36,1.340298773029329e-14,1.561184860068128e-17
582.37,1.3402181376362337e-14,1.567407353632501e-17
582.38,1.3401392843512227e-14,1.585735770195951e-17
582.39,1.3400368560096687e-14,1.5895740934638675e-17
582.4,1.3399282638278155e-14,1.6181403600846582e-17
582.41,1.339816855918544e-14,1.590932297617502e-17
582.42,1.3397380276735974e-14,1.5908359708493184e-17
582.43,1.3395573002159436e-14,1.5682014503519663e-17
582.44,1.3394921527727163e-14,1.5699031267110997e-17
582.45,1.3393483620963939e-14,1.6265781009917513e-17
582.46,1.3392510623901945e-14,1.612124975253335e-17
582.47,1.3391032541121726e-14,1.5679653616749163e-17
582.48,1.3390348983097446e-14,1.60549681827935e-17
582.49,1.3388638131110064e-14,1.558193616400294e-17
582.5,1.3388329503354055e-14,1.6028715655756342e-17
582.51,1.3387151163566513e-14,1.5966795013085734e-17
582.52,1.3385367265989062e-14,1.613048184821343e-17
582.53,1.338466032282952e-14,1.596332402096129e-17
582.54,1.338332794685029e-14,1.524516416257496e-17
582.55,1.3382250004324604e-14,1.564544340982796e-17
582.56,1.338147723795789e-14,1.5696653166097967e-17
582.57,1.3380541379930098e-14,1.606199615531561e-17
582.58,1.3378972899229945e-14,1.5812084640436613e-17
582.59,1.3378260690962227e-14,1.5893537997744893e-17
582.6,1.3377130745579935e-14,1.6140382176189098e-17
582.61,1.3375717509720546e-14,1.570958043759249e-17
582.62,1.3374312336932433e-14,1.567496821208085e-17
582.63,1.3372888380830121e-14,1.537568324129327e-17
582.64,1.3371660730317742e-14,1.4994481918857115e-17
582.65,1.337128153238751e-14,1.6182890683140055e-17
582.66,1.3369697262814e-14,1.5657186058744602e-17
582.67,1.3368780676395287e-14,1.5217090364557443e-17
582.68,1.3367885444447848e-14,1.58667993754662e-17
582.69,1.3366910711252574e-14,1.545518553956344e-17
582.7,1.3365626131975454e-14,1.5688001135206824e-17
582.71,1.3364580186795727e-14,1.5698209185108478e-17
582.72,1.3363204106724815e-14,1.5708027490105405e-17
582.73,1.3362496414252084e-14,1.70792892999624e-17
582.74,1.336071988189532e-14,1.548886251992663e-17
582.75,1.3360087476071248e-14,1.6120646709211748e-17
582.76,1.335904332780757e-14,1.5358003632190447e-17
582.77,1.335812360297337e-14,1.5873115115339593e-17
582.78,1.3357221927204511e-14,1.5726381266642595e-17
582.79,1.3355555846191802e-14,1.581545073064278e-17
582.8,1.3354585641737276e-14,1.556275999776454e-17
582.81,1.3353908501753764e-14,1.5039262791394508e-17
582.82,1.3352258257612973e-14,1.5558960783786702e-17
582.83,1.3351655145902314e-14,1.5823411816868815e-17
582.84,1.3349991484803411e-14,1.5868541671063876e-17
582.85,1.3349467649364102e-14,1.5459834702763234e-17
582.86,1.3348169840076147e-14,1.591128145806141e-17
582.87,1.3345870315210545e-14,1.5953141139061518e-17
582.88,1.334541757296306e-14,1.5809208370669987e-17
582.89,1.3344276985937205e-14,1.609588379053311e-17
582.9,1.3342151524934655e-14,1.429217508204436e-17
582.91,1.3342478599290475e-14,1.593895978219914e-17
582.92,1.3341039402089302e-14,1.572897812378298e-17
582.93,1.3339969626476138e-14,1.5934435313983888e-17
582.94,1.3339665085000823e-14,1.59877199598305e-17
582.95,1.333784188411638e-14,1.5776762886101562e-17
582.96,1.3337058023143616e-14,1.599023995269282e-17
582.97,1.3335600135973046e-14,1.5764417746694088e-17
582.98,1.3334341102495351e-14,1.594113647175947e-17
582.99,1.332942340952094e-14,1.7469323105126516e-17
583.0,1.3332218521188395e-14,1.5481758047204212e-17
583.01,1.3331719495727332e-14,1.5553050520024634e-17
583.02,1.3329872170931024e-14,1.5657232763219243e-17
583.03,1.3329414389615878e-14,1.592240488019959e-17
583.04,1.332768317115234e-14,1.6117055145442933e-17
583.05,1.3326450331784942e-14,1.6032609650310684e-17
583.06,1.3325345323736558e-14,1.5698308617862736e-17
583.07,1.3324451567018482e-14,1.599841989789768e-17
583.08,1.33212471609464e-14,1.614530855234306e-17
583.09,1.3322056561678593e-14,1.5752628925431635e-17
583.1,1.3320975662604358e-14,1.5386203052303896e-17
583.11,1.3319789760365054e-14,1.5762235829119414e-17
583.12,1.3319014587838953e-14,1.6522804150517866e-17
583.13,1.3318134861268929e-14,1.514288790031356e-17
583.14,1.331669446230989e-14,1.5924084174350655e-17
583.15,1.331545997964797e-14,1.5575403417596233e-17
583.16,1.3314142579399026e-14,1.564451759479357e-17
583.17,1.3314542536575108e-14,1.7458861392822108e-17
583.18,1.331210152932295e-14,1.6179984393711314e-17
583.19,1.3311206967221308e-14,1.5596389689654207e-17
583.2,1.3310209243373018e-14,1.592326738102016e-17
583.21,1.3308424840152916e-14,1.659945075849826e-17
583.22,1.3307950758189411e-14,1.6076688420559143e-17
583.23,1.3306734310310732e-14,1.601212404025762e-17
583.24,1.330556651458635e-14,1.5679519542039556e-17
583.25,1.3304233170863475e-14,1.574057595233159e-17
583.26,1.3303465380109939e-14,1.5601247670007587e-17
583.27,1.330150303934696e-14,1.5538566324722863e-17
583.28,1.330022037162812e-14,1.562434308707346e-17
583.29,1.3299649845012188e-14,1.595815326632144e-17
583.3,1.3298201247446148e-14,1.5907357154577242e-17
583.31,1.3298194880026488e-14,1.572725248956415e-17
583.32,1.3296635545341256e-14,1.6108472571252954e-17
583.33,1.3295638913129386e-14,1.5579231211809276e-17
583.34,1.3294364976808675e-14,1.4852728303787657e-17
583.35,1.3292945447299408e-14,1.4763268108101045e-17
583.36,1.3292287374060513e-14,1.5827623317930512e-17
583.37,1.32913305359174e-14,1.5818895045563992e-17
583.38,1.328999464630748e-14,1.6026141977157715e-17
583.39,1.3288911287996211e-14,1.5653141248354887e-17
583.4,1.3287360543034711e-14,1.5614956129265936e-17
583.41,1.3286533903202383e-14,1.569880589689351e-17
583.42,1.3285571833115511e-14,1.5687086921950046e-17
583.43,1.3285194886068633e-14,1.5339460562276103e-17
583.44,1.3282037892851307e-14,1.5714871429222713e-17
583.45,1.3282238996919167e-14,1.5853285610554377e-17
583.46,1.3281295063116051e-14,1.5887037494073144e-17
583.47,1.3279814081122519e-14,1.5825098496611244e-17
583.48,1.3278958244791116e-14,1.5873764214233565e-17
583.49,1.3278728552668076e-14,1.5866103357804484e-17
583.5,1.3276618509930179e-14,1.6055784245895003e-17
583.51,1.3276103646366717e-14,1.5525949020838036e-17
583.52,1.3273872858879642e-14,1.587530622418252e-17
583.53,1.3274757288342311e-14,1.6197135716385087e-17
583.54,1.3272346204693383e-14,1.6375665066892134e-17
583.55,1.3270533061761402e-14,1.5543613420495664e-17
583.56,1.3270401941427698e-14,1.5964770270299096e-17
583.57,1.3268796523673685e-14,1.5660503526337324e-17
583.58,1.3267353038833767e-14,1.5454723257416103e-17
583.59,1.3266848231669439e-14,1.61725256197873e-17
583.6,1.3265987619511818e-14,1.5049609814961226e-17
583.61,1.326481342891902e-14,1.5953921407152172e-17
583.62,1.3263889179788553e-14,1.5229270044054777e-17
583.63,1.3262142311609336e-14,1.5477029518938084e-17
583.64,1.3261057066118431e-14,1.5776381230621387e-17
583.65,1.3260556737758462e-14,1.598721659683076e-17
583.66,1.3258691286716225e-14,1.5591887093454357e-17
583.67,1.3257984913536927e-14,1.6646043495895142e-17
583.68,1.3256605198084869e-14,1.5631621807829417e-17
583.69,1.325665491760415e-14,1.5377928530744413e-17
583.7,1.3254797587986648e-14,1.5922724336803754e-17
583.71,1.3253617691644233e-14,1.5646463039359107e-17
583.72,1.3252403350911385e-14,1.6039123826744366e-17
583.73,1.3251631514442128e-14,1.627395989484712e-17
583.74,1.3250480445426116e-14,1.5592625874223596e-17
583.75,1.3248887100874035e-14,1.5310714673403657e-17
583.76,1.3247298913037546e-14,1.5879433251372512e-17
583.77,1.324670419466129e-14,1.568625915892594e-17
583.78,1.3248235229484182e-14,1.703375676909205e-17
583.79,1.3244706486918703e-14,1.5705192002214298e-17
583.8,1.3243632559488491e-14,1.560800671262415e-17
583.81,1.32423244240752e-14,1.5707286707402216e-17
583.82,1.324143048614985e-14,1.5742993344647242e-17
583.83,1.3239469438174124e-14,1.5434498949540168e-17
583.84,1.3239439857250864e-14,1.5066559620335792e-17
583.85,1.3237665239375285e-14,1.6039051292266402e-17
583.86,1.323660971857257e-14,1.588546991195717e-17
583.87,1.3236512220994685e-14,1.6461695010991757e-17
583.88,1.3234592426305134e-14,1.5874117777800863e-17
583.89,1.3233296795573446e-14,1.5708134932274005e-17
583.9,1.3232760284131807e-14,1.6005833389955688e-17
583.91,1.3229893884728845e-14,1.6312069333091725e-17
583.92,1.3230846228236238e-14,1.6278080259335256e-17
583.93,1.3230761477252572e-14,1.5795926153613516e-17
583.94,1.322825674119254e-14,1.5850100206719292e-17
583.95,1.32270011666616e-14,1.6156464555622223e-17
583.96,1.32260850585437e-14,1.6228953280576268e-17
583.97,1.322456146680118e-14,1.5803499661365304e-17
583.98,1.3223569584555838e-14,1.5715955689894373e-17
583.99,1.3222447357856512e-14,1.6026628884316988e-17
584.0,1.3221135572537526e-14,1.5486293574174224e-17
584.01,1.3220627727361123e-14,1.5253045345977798e-17
584.02,1.3220634694664822e-14,1.6774313290147863e-17
584.03,1.3218323069398921e-14,1.575538585632339e-17
584.04,1.3217032109918245e-14,1.5074913726421965e-17
584.05,1.3216169123485241e-14,1.6082052143747205e-17
584.06,1.3213987919432334e-14,1.5513069397254133e-17
584.07,1.3213450357491413e-14,1.560164213946459e-17
584.08,1.3212594688474835e-14,1.570780964907639e-17
584.09,1.321036043577719e-14,1.5921645172924413e-17
584.1,1.3210085749615538e-14,1.544930608430959e-17
584.11,1.3209824824074176e-14,1.7143875032295203e-17
584.12,1.3208336547062191e-14,1.5458799975623474e-17
584.13,1.3206972274285554e-14,1.5814968783030824e-17
584.14,1.320593734403918e-14,1.5975534639793917e-17
584.15,1.3204892043379962e-14,1.567530751286435e-17
584.16,1.3204130156449447e-14,1.6403872152122563e-17
584.17,1.3202890949965054e-14,1.5826410960342585e-17
584.18,1.3202103975863844e-14,1.527397121084885e-17
584.19,1.3201053003886455e-14,1.6301650823901663e-17
584.2,1.3199441105592902e-14,1.7866121751952906e-17
584.21,1.3197955335077297e-14,1.543206255458414e-17
584.22,1.3198263847040126e-14,1.6359348457138547e-17
584.23,1.3196499647259717e-14,1.6503089758119665e-17
584.24,1.3195264217376754e-14,1.5673604653153784e-17
584.25,1.3194647887145959e-14,1.5200856592958674e-17
584.26,1.3192762614136864e-14,1.578364859354696e-17
584.27,1.319181190847567e-14,1.567770765443755e-17
584.28,1.3191082373579604e-14,1.4980182196670755e-17
584.29,1.3186652899452385e-14,1.6138210132816447e-17
584.3,1.3188108545810128e-14,1.5673198612297375e-17
584.31,1.3186968311354047e-14,1.5389862184256302e-17
584.32,1.3186005585219569e-14,1.5603738613204128e-17
584.33,1.3185488729209454e-14,1.5323508645376e-17
584.34,1.3183923559354148e-14,1.4953602462010902e-17
584.35,1.318274039902758e-14,1.5479081925215967e-17
584.36,1.318133854743163e-14,1.5794135516112862e-17
584.37,1.3180093445885416e-14,1.513563371014366e-17
584.38,1.3177097403880781e-14,1.4693724867148612e-17
584.39,1.3178455169762871e-14,1.5291421355027863e-17
584.4,1.3177201866971322e-14,1.566212281229935e-17
584.41,1.3175711704796168e-14,1.503824706709259e-17
584.42,1.3175117091051248e-14,1.5642260596039767e-17
584.43,1.3173802644772787e-14,1.5780321916715773e-17
584.44,1.3173002179971659e-14,1.540283094919396e-17
584.45,1.3171893426476197e-14,1.550606248265746e-17
584.46,1.3170789710846893e-14,1.5637926482628854e-17
584.47,1.3167759995811324e-14,1.395075684076807e-17
584.48,1.3168985184955489e-14,1.595413071930932e-17
584.49,1.3167776358731592e-14,1.5635768745912324e-17
584.5,1.3166908185905274e-14,1.6070956287679358e-17
584.51,1.3165110245055e-14,1.5835563072004404e-17
584.52,1.3164598695907206e-14,1.527970932412206e-17
584.53,1.3163082012044984e-14,1.5513314764463562e-17
584.54,1.3162217040244706e-14,1.5765643397628982e-17
584.55,1.3162041043329027e-14,1.595652890295254e-17
584.56,1.3160739731325637e-14,1.4938765834573844e-17
584.57,1.3158475122066056e-14,1.580503218988966e-17
584.58,1.3157667457625336e-14,1.5632630968397277e-17
584.59,1.3156525014184134e-14,1.5519657252137433e-17
584.6,1.3155635529897285e-14,1.5900328636366367e-17
584.61,1.315726500494554e-14,1.588218259883604e-17
584.62,1.3152657725295924e-14,1.5396923276959845e-17
584.63,1.3152031375800237e-14,1.582176178285878e-17
584.64,1.3151233900447393e-14,1.5676052540749675e-17
584.65,1.315130855246515e-14,1.5845270270720268e-17
584.66,1.3148559393766027e-14,1.5405342822121867e-17
584.67,1.3147792128666419e-14,1.5196779832919556e-17
584.68,1.3146518026145036e-14,1.585958434662758e-17
584.69,1.3145378498486438e-14,1.5553506215168794e-17
584.7,1.3145193871047609e-14,1.645714265719191e-17
584.71,1.314352369241339e-14,1.5278997652170197e-17
584.72,1.3141723891240798e-14,1.5164973950976978e-17
584.73,1.31411473297615e-14,1.541288684777092e-17
584.74,1.3141187480768408e-14,1.663484641647006e-17
584.75,1.3138952057154319e-14,1.5507588682409887e-17
584.76,1.313762190680882e-14,1.5561635666126732e-17
584.77,1.313673601719837e-14,1.567444124662673e-17
584.78,1.3135845581336785e-14,1.5681478796447466e-17
584.79,1.3134687274368942e-14,1.5856082440477536e-17
584.8,1.3133270113400337e-14,1.533103585183091e-17
584.81,1.3132665217423373e-14,1.5887581835073816e-17
584.82,1.3131362804556419e-14,1.563576405496368e-17
584.83,1.312953915248288e-14,1.6540951459391114e-17
584.84,1.3128537608786038e-14,1.5562083650504316e-17
584.85,1.3128146217420015e-14,1.577521596469041e-17
584.86,1.3125862080805986e-14,1.5448398018674504e-17
584.87,1.3126247347237215e-14,1.5669597930819678e-17
584.88,1.3124668327128354e-14,1.5745324588274293e-17
584.89,1.3123991165719647e-14,1.5606014047878468e-17
584.9,1.3121589940091384e-14,1.547412516999571e-17
584.91,1.3121431462671528e-14,1.540200504950939e-17
584.92,1.311834691807735e-14,1.4325181394490384e-17
584.93,1.3119365779597568e-14,1.57483601345206e-17
584.94,1.3118259834079613e-14,1.5930270786390456e-17
584.95,1.3117195147719279e-14,1.5565233941702812e-17
584.96,1.3115640211529618e-14,1.5294472881430694e-17
584.97,1.3114826683603268e-14,1.519778798481892e-17
584.98,1.3113944014324092e-14,1.5741817107640326e-17
584.99,1.3112993610786743e-14,1.5347438227303594e-17
585.0,1.3111981401358523e-14,1.556067666472393e-17
585.01,1.3109149823317156e-14,1.3130350100951396e-17
585.02,1.3109459445654104e-14,1.5969321929645806e-17
585.03,1.3109681196887656e-14,1.5972503594953333e-17
585.04,1.310751079469385e-14,1.5731633436038728e-17
585.05,1.3106233954770718e-14,1.539642824219755e-17
585.06,1.3105386222004516e-14,1.5383569863251527e-17
585.07,1.3104092847764276e-14,1.52377283581656e-17
585.08,1.3103645967230414e-14,1.5374732357257708e-17
585.09,1.3101903721101219e-14,1.529782929793761e-17
585.1,1.3101290141266363e-14,1.2764615930397148e-17
585.11,1.3099806436729704e-14,1.5632145928592857e-17
585.12,1.3099832289172024e-14,1.5427070096112997e-17
585.13,1.3097698939791094e-14,1.5297420410382862e-17
585.14,1.3096749398281909e-14,1.5101272845399866e-17
585.15,1.3095566746982713e-14,1.5697519812606275e-17
585.16,1.3094269510590387e-14,1.5375622193991702e-17
585.17,1.3092754888805739e-14,1.551660325845123e-17
585.18,1.3092095405988449e-14,1.538538452343299e-17
585.19,1.3092298718157931e-14,1.2770961197463358e-17
585.2,1.3090071066130445e-14,1.5526587211979665e-17
585.21,1.3088383479867981e-14,1.5042470664672165e-17
585.22,1.3087259512652438e-14,1.486363882061551e-17
585.23,1.3086859718718822e-14,1.5394017261362858e-17
585.24,1.3084532152669501e-14,1.5163846909227587e-17
585.25,1.3084364817319936e-14,1.5342202696905824e-17
585.26,1.3081987429592324e-14,1.3323228585005609e-17
585.27,1.3081722453079909e-14,1.4498182800856282e-17
585.28,1.3084486529659254e-14,1.5834981217172006e-17
585.29,1.3080287145014793e-14,1.5311228833405274e-17
585.3,1.3079361795123043e-14,1.5785846712252488e-17
585.31,1.3077901444081234e-14,1.5499748445280355e-17
585.32,1.3076496769697034e-14,1.509386711772285e-17
585.33,1.3075073020802948e-14,1.508760045136375e-17
585.34,1.307443160537568e-14,1.5276853652394916e-17
585.35,1.3075737400413665e-14,1.532745286291268e-17
585.36,1.3072460959698213e-14,1.5306243249098616e-17
585.37,1.3073729097949631e-14,1.6620009588563143e-17
585.38,1.3070306170862752e-14,1.5166518649808973e-17
585.39,1.3068803199383847e-14,1.5166942736869354e-17
585.4,1.3068453810495807e-14,1.548478658585888e-17
585.41,1.3067316497755868e-14,1.5325759662090753e-17
585.42,1.3065725712486721e-14,1.5320469904546537e-17
585.43,1.3065369741400052e-14,1.535499050489898e-17
585.44,1.306552041826736e-14,1.7620485253839572e-17
585.45,1.3062749151806383e-14,1.528396617307218e-17
585.46,1.3062460489648405e-14,1.641427890691988e-17
585.47,1.3060577450752113e-14,1.4961034463746293e-17
585.48,1.3059549380475405e-14,1.5090560975377162e-17
585.49,1.3058662622085587e-14,1.51572919823498e-17
585.5,1.3057205466575692e-14,1.5010810988087306e-17
585.51,1.3055873779156662e-14,1.5330070542061907e-17
585.52,1.3055184422628706e-14,1.5509474089889233e-17
585.53,1.3058274733805757e-14,1.856559374826285e-17
585.54,1.305306768781569e-14,1.5344586862337818e-17
585.55,1.305135481255653e-14,1.5716750249007725e-17
585.56,1.3051141874414106e-14,1.526227272790089e-17
585.57,1.3049230190472753e-14,1.551902175270932e-17
585.58,1.3047995574907166e-14,1.534949692075204e-17
585.59,1.304752896666689e-14,1.527977619962979e-17
585.6,1.3047242208536786e-14,1.510567140580602e-17
585.61,1.3045212066094898e-14,1.5104599549186366e-17
585.62,1.3042901352624094e-14,1.4567471449694485e-17
585.63,1.3043326886478444e-14,1.5330412230480603e-17
585.64,1.3041574944956813e-14,1.5102462632174808e-17
585.65,1.3041835023996139e-14,1.5125213898574218e-17
585.66,1.304000251453415e-14,1.5099071728697372e-17
585.67,1.3039114826727588e-14,1.524285961734677e-17
585.68,1.3037908578103645e-14,1.5094867501291727e-17
585.69,1.3035978639985078e-14,1.4622443440049615e-17
585.7,1.3035582539600083e-14,1.496131590608461e-17
585.71,1.3035327052464484e-14,1.457261855050359e-17
585.72,1.3033426703254128e-14,1.5186327935475984e-17
585.73,1.3031943259324575e-14,1.4981152611394368e-17
585.74,1.3031467612425675e-14,1.4967447420377286e-17
585.75,1.303016509381151e-14,1.517592916080091e-17
585.76,1.3028948531812525e-14,1.480092805888843e-17
585.77,1.3028084852491395e-14,1.4985527332540917e-17
585.78,1.3026362426567088e-14,1.4913429360271453e-17
585.79,1.302631488658719e-14,1.5434693057090254e-17
585.8,1.3025756126621264e-14,1.6078814021275856e-17
585.81,1.302345777392265e-14,1.5184317294893197e-17
585.82,1.3021903512987455e-14,1.4922011525194856e-17
585.83,1.3021705510338601e-14,1.4697392553710434e-17
585.84,1.3020880011630347e-14,1.533201422920024e-17
585.85,1.3019533979643212e-14,1.5051720810308234e-17
585.86,1.3018155462941757e-14,1.4987092260068644e-17
585.87,1.3017396524829573e-14,1.5280488660921442e-17
585.88,1.30135688912754e-14,1.4319943206476422e-17
585.89,1.3014559857402774e-14,1.444119832033624e-17
585.9,1.3013939664756907e-14,1.5109535687969075e-17
585.91,1.301313354799949e-14,1.5197539887092174e-17
585.92,1.3011244887597527e-14,1.4453607403342713e-17
585.93,1.3010712968569173e-14,1.5166001654661292e-17
585.94,1.3009541756783975e-14,1.4875073860726323e-17
585.95,1.3008432925258836e-14,1.5386403369219466e-17
585.96,1.3007631293617443e-14,1.5342862908925962e-17
585.97,1.3006288154916811e-14,1.530231623280404e-17
585.98,1.3005842071274766e-14,1.454489208805943e-17
585.99,1.3004184890929881e-14,1.5125580693250997e-17
586.0,1.3003174800819945e-14,1.5019450254469064e-17
586.01,1.3001463638932095e-14,1.4821305033761656e-17
586.02,1.3000911208223296e-14,1.4999160960754914e-17
586.03,1.3000724265052948e-14,1.467401117433789e-17
586.04,1.2998909484510316e-14,1.5239938355343888e-17
586.05,1.299772712610979e-14,1.5211667965937936e-17
586.06,1.2996237540761956e-14,1.4992689239828808e-17
586.07,1.2996234214001987e-14,1.53752435592181e-17
586.08,1.299433478473113e-14,1.4849452098230485e-17
586.09,1.2993311483624816e-14,1.4857806861842e-17
586.1,1.2991763815930564e-14,1.4833663747786073e-17
586.11,1.2991095547787173e-14,1.5029086743670562e-17
586.12,1.2989624697365523e-14,1.4649330357825398e-17
586.13,1.2989189053452921e-14,1.4728003682024182e-17
586.14,1.2988639751800982e-14,1.5308300034907345e-17
586.15,1.2987258529225682e-14,1.5023989953654266e-17
586.16,1.298558838770995e-14,1.4767907689624854e-17
586.17,1.2984996600822383e-14,1.4871486955454453e-17
586.18,1.298399291059312e-14,1.438276545992251e-17
586.19,1.2981782946730087e-14,1.491276356093153e-17
586.2,1.2981545520205926e-14,1.50145454043217e-17
586.21,1.298045678180393e-14,1.5004740019608882e-17
586.22,1.2979621031474631e-14,1.498064175300726e-17
586.23,1.2978080260139979e-14,1.4630082202534503e-17
586.24,1.2977383638836168e-14,1.515427072992375e-17
586.25,1.2976375158049656e-14,1.494725070417758e-17
586.26,1.297533884865543e-14,1.5007889400547175e-17
586.27,1.2975095574133787e-14,1.4797589396651866e-17
586.28,1.2973004012915238e-14,1.5391209048530013e-17
586.29,1.2971969247200545e-14,1.4998479963785377e-17
586.3,1.297143974019007e-14,1.4674759692459097e-17
586.31,1.2969594167920363e-14,1.492807742123619e-17
586.32,1.2968328339945523e-14,1.470233027146893e-17
586.33,1.2967421629694958e-14,1.483798654154507e-17
586.34,1.2966394120693571e-14,1.498704125495435e-17
586.35,1.296563351465672e-14,1.4905312451400426e-17
586.36,1.296489288523415e-14,1.554471489985304e-17
586.37,1.2963540453996553e-14,1.5068868887252868e-17
586.38,1.2962379782239014e-14,1.4857660671459456e-17
586.39,1.2961579177686303e-14,1.4730737304271186e-17
586.4,1.2959900164510746e-14,1.4838446316255818e-17
586.41,1.2958959943672733e-14,1.4729300522863868e-17
586.42,1.2957978996919386e-14,1.5026617334050483e-17
586.43,1.295632237745958e-14,1.4844696335223873e-17
586.44,1.2956029177988455e-14,1.4929303593537533e-17
586.45,1.2955230093081669e-14,1.53654540649095e-17
586.46,1.2954122484161448e-14,1.468814660280169e-17
586.47,1.295279735936409e-14,1.4673943124447377e-17
586.48,1.2951310913283982e-14,1.503832102138163e-17
586.49,1.295119487177601e-14,1.532090093840922e-17
586.5,1.2949353262971517e-14,1.4750355514614046e-17
586.51,1.2948494606781172e-14,1.474360520920529e-17
586.52,1.2947914485221615e-14,1.4863714755873258e-17
586.53,1.294617173863712e-14,1.480039725073878e-17
586.54,1.294503084602177e-14,1.5553465960320673e-17
586.55,1.2944203952999233e-14,1.4756855016331446e-17
586.56,1.2942914109247238e-14,1.4985773885125893e-17
586.57,1.2941993584781583e-14,1.5139549905443168e-17
586.58,1.2942759099921696e-14,1.6271667465324783e-17
586.59,1.2939623345521815e-14,1.4499833127293623e-17
586.6,1.2938712182704936e-14,1.5580988651751278e-17
586.61,1.2937550026064577e-14,1.5126963894900168e-17
586.62,1.2936664420379747e-14,1.48235306340512e-17
586.63,1.2935012003902825e-14,1.5004414367297914e-17
586.64,1.2934791225186576e-14,1.4796567352694777e-17
586.65,1.2933568632018963e-14,1.4956803935425697e-17
586.66,1.2931130344191518e-14,1.404161502784922e-17
586.67,1.2931780995992397e-14,1.549581534106731e-17
586.68,1.293024058250669e-14,1.450793657335137e-17
586.69,1.2929658597198545e-14,1.468270400467981e-17
586.7,1.2928203447917713e-14,1.479256679331957e-17
586.71,1.2926802312454503e-14,1.4793544601467716e-17
586.72,1.2925353027503233e-14,1.474419236027958e-17
586.73,1.2925172522116545e-14,1.478990761970692e-17
586.74,1.2923732345461683e-14,1.4838018760484313e-17
586.75,1.2920908118515975e-14,1.509908928618406e-17
586.76,1.2921323591598647e-14,1.4435721595799957e-17
586.77,1.2920875430906256e-14,1.5207291857201618e-17
586.78,1.2919391853208326e-14,1.4677602836646643e-17
586.79,1.2918540780785684e-14,1.4796135757904852e-17
586.8,1.2917137705682968e-14,1.4833819819644295e-17
586.81,1.2915889383864953e-14,1.4702476045080858e-17
586.82,1.2915913593761671e-14,1.5142680965193793e-17
586.83,1.2913796733514688e-14,1.4224909771123983e-17
586.84,1.2913042820919092e-14,1.7197947762680994e-17
586.85,1.2911678439159924e-14,1.4593233952037308e-17
586.86,1.2910354662278609e-14,1.5027194371616176e-17
586.87,1.2910070322275466e-14,1.4486561498705616e-17
586.88,1.29086198339416e-14,1.4719094550298632e-17
586.89,1.2907554747564108e-14,1.4921832939429313e-17
586.9,1.290613870437629e-14,1.4535545001274795e-17
586.91,1.2907027507450211e-14,1.446395680351895e-17
586.92,1.290468140302237e-14,1.4408234091947642e-17
586.93,1.2906399155213464e-14,1.5522237606833295e-17
586.94,1.2902280484668138e-14,1.4974396296563387e-17
586.95,1.2900503666343891e-14,1.4744558200823833e-17
586.96,1.2900492566785132e-14,1.456742529317957e-17
586.97,1.289925915270921e-14,1.4803008107001154e-17
586.98,1.2898190446419633e-14,1.499517371276271e-17
586.99,1.2896788264462294e-14,1.4733650162272118e-17
587.0,1.2897494052429129e-14,1.3845771685143362e-17
587.01,1.2894976418807374e-14,1.466198313124965e-17
587.02,1.2895948483817192e-14,1.46357104798822e-17
587.03,1.2892641591573989e-14,1.4729467734079493e-17
587.04,1.2891492833424326e-14,1.512012607052499e-17
587.05,1.2890511191907013e-14,1.467354789221095e-17
587.06,1.2889833905067241e-14,1.476036218564635e-17
587.07,1.2888586786893196e-14,1.5122343988945105e-17
587.08,1.2887426665270478e-14,1.4654687454778618e-17
587.09,1.2886732520950548e-14,1.3119883047808699e-17
587.1,1.2885265869392165e-14,1.4666506790081416e-17
587.11,1.2883155220221769e-14,1.3367954917004005e-17
587.12,1.2883230517267e-14,1.4249761651059337e-17
587.13,1.2881778460879223e-14,1.4324651145029923e-17
587.14,1.2880996458668576e-14,1.4294903541772844e-17
587.15,1.288000248843652e-14,1.5033051809381502e-17
587.16,1.2878948982567513e-14,1.4733025208295873e-17
587.17,1.2877832140686969e-14,1.4338348486027765e-17
587.18,1.2875944770511982e-14,1.2475239140434948e-17
587.19,1.287587832545593e-14,1.4658014597584568e-17
587.2,1.287383075081858e-14,1.4767641736553558e-17
587.21,1.2873696815007698e-14,1.4974039716239013e-17
587.22,1.2872928917393393e-14,1.5014121146346863e-17
587.23,1.2871562107159712e-14,1.448097007016026e-17
587.24,1.2870556250922203e-14,1.466978080567569e-17
587.25,1.2868553236832458e-14,1.473537062762032e-17
587.26,1.2868485331900611e-14,1.4925755981608865e-17
587.27,1.2865442794832854e-14,1.283061847261958e-17
587.28,1.2865867849955536e-14,1.482244146241103e-17
587.29,1.2865985521877934e-14,1.47253128534933e-17
587.3,1.2864156433465435e-14,1.4952745552854563e-17
587.31,1.286256691833698e-14,1.471736739417424e-17
587.32,1.2861846717751636e-14,1.4257620297614863e-17
587.33,1.2860799529302172e-14,1.4938645059694962e-17
587.34,1.2860122168688334e-14,1.4751910608882867e-17
587.35,1.2858883383102507e-14,1.5039739115384225e-17
587.36,1.2855106903912913e-14,1.3427552693456233e-17
587.37,1.285640386501164e-14,1.4643079839542246e-17
587.38,1.2855228231448625e-14,1.390523652582204e-17
587.39,1.2854321995439942e-14,1.4728980575370202e-17
587.4,1.2853712850639077e-14,1.403181496435886e-17
587.41,1.285236530807515e-14,1.4842729279573003e-17
587.42,1.2851071348213424e-14,1.487475243003216e-17
587.43,1.2850235271228183e-14,1.5183251020788105e-17
587.44,1.2849321906330991e-14,1.4980113746794988e-17
587.45,1.284584153517946e-14,1.474765739978872e-17
587.46,1.2847801033608688e-14,1.4632530220562514e-17
587.47,1.284487279017823e-14,1.45356463153388e-17
587.48,1.2844889362259123e-14,1.4532506103979444e-17
587.49,1.2843949473387052e-14,1.4278458668730448e-17
587.5,1.2842737054225357e-14,1.460145237050533e-17
587.51,1.284195938330586e-14,1.4683391627390504e-17
587.52,1.2840839932059955e-14,1.497327762949093e-17
587.53,1.2839353074868957e-14,1.4840660160803206e-17
587.54,1.2838225949007497e-14,1.591063487404225e-17
587.55,1.2837289406646894e-14,1.458903540025561e-17
587.56,1.2836337208425983e-14,1.4913840253610914e-17
587.57,1.2835290924019493e-14,1.5005284970247252e-17
587.58,1.2835052744972092e-14,1.5247601533945258e-17
587.59,1.28330776720071e-14,1.474233102034074e-17
587.6,1.2832090400716049e-14,1.491423091295573e-17
587.61,1.2831257486451664e-14,1.4570427662338782e-17
587.62,1.2829379353952307e-14,1.510816239866748e-17
587.63,1.282950115593534e-14,1.5572345476421185e-17
587.64,1.2828020293942912e-14,1.4764482931919146e-17
587.65,1.2826527134924175e-14,1.4627219839076703e-17
587.66,1.282555667041696e-14,1.5307747143279667e-17
587.67,1.2824507757662086e-14,1.4807050313422e-17
587.68,1.2823457805955363e-14,1.4809628677538713e-17
587.69,1.2822714897002292e-14,1.495322326426949e-17
587.7,1.2821805874856553e-14,1.4864600287557328e-17
587.71,1.2820022699272602e-14,1.4527454265157557e-17
587.72,1.2819894626842885e-14,1.420179743484297e-17
587.73,1.281816030249372e-14,1.455147776621065e-17
587.74,1.281689569285179e-14,1.4415661634471096e-17
587.75,1.2816259260929978e-14,1.463920961852131e-17
587.76,1.2815286794082212e-14,1.5102026987011663e-17
587.77,1.281436647100925e-14,1.4816332147744496e-17
587.78,1.2813234045904183e-14,1.4693621664468296e-17
587.79,1.2811955739050965e-14,1.4780300902929056e-17
587.8,1.281072370069846e-14,1.4636522860176953e-17
587.81,1.2809981763614188e-14,1.2624124572434191e-17
587.82,1.2808964563268722e-14,1.4596778789247214e-17
587.83,1.2807898147100834e-14,1.479240475186321e-17
587.84,1.2806366043925535e-14,1.4502586334501342e-17
587.85,1.2807866098626007e-14,1.3944632584827152e-17
587.86,1.2804630287491769e-14,1.4677279301660747e-17
587.87,1.2803561617385002e-14,1.5032792604781963e-17
587.88,1.2802574931792499e-14,1.502675120618383e-17
587.89,1.2801093889183673e-14,1.4668358699247952e-17
587.9,1.279899377693938e-14,1.2079197403652842e-17
587.91,1.2799487126961597e-14,1.4837697699857972e-17
587.92,1.2797877221841881e-14,1.4244666984522745e-17
587.93,1.2797090905074693e-14,1.440160179107636e-17
587.94,1.2795876826676134e-14,1.5393443921677828e-17
587.95,1.2794904305184517e-14,1.4618132847338505e-17
587.96,1.2794007496934344e-14,1.4883387969208246e-17
587.97,1.279267308142808e-14,1.454415392811813e-17
587.98,1.2791666978963918e-14,1.451383165307667e-17
587.99,1.2788165619177114e-14,1.209581550263199e-17
588.0,1.2790632537316076e-14,1.5066195670645903e-17
588.01,1.2788466373673531e-14,1.4287390403325727e-17
588.02,1.2787656456404529e-14,1.456253143191379e-17
588.03,1.2786672852138235e-14,1.4546800952487125e-17
588.04,1.2785894802577877e-14,1.4558345735874846e-17
588.05,1.2784483818557883e-14,1.4384249389267102e-17
588.06,1.278311352182349e-14,1.446007055481588e-17
588.07,1.2782768917582006e-14,1.463181578916327e-17
588.08,1.2778442504801354e-14,1.3304529574553801e-17
588.09,1.278018721392762e-14,1.4348307043865847e-17
588.1,1.2779497633114588e-14,1.4650101788917635e-17
588.11,1.2778008420280202e-14,1.459456997214557e-17
588.12,1.2776385395228074e-14,1.4553783175127895e-17
588.13,1.2776641725151997e-14,1.4348800294607663e-17
588.14,1.2774272268057688e-14,1.4344929462303402e-17
588.15,1.2774551167899506e-14,1.4385322271176047e-17
588.16,1.2773328274362597e-14,1.431842292744711e-17
588.17,1.2769013434026093e-14,1.4955928008193036e-17
588.18,1.2771265376482816e-14,1.4912488684137458e-17
588.19,1.2770118346926893e-14,1.4907311595097642e-17
588.2,1.2768614339628712e-14,1.4481197432470872e-17
588.21,1.2767825601930574e-14,1.47692391014606e-17
588.22,1.2766607985058052e-14,1.4492116252061916e-17
588.23,1.276506411017994e-14,1.5275248202341942e-17
588.24,1.2764677509753327e-14,1.5023980628662644e-17
588.25,1.276354586057986e-14,1.4539848896725954e-17
588.26,1.2760358113918688e-14,1.6055169594838623e-17
588.27,1.2760865711583668e-14,1.441837618199942e-17
588.28,1.2759983550640983e-14,1.4394091881638842e-17
588.29,1.2759105616848476e-14,1.476356461806472e-17
588.3,1.2757999869333033e-14,1.3918016989463156e-17
588.31,1.275724733654419e-14,1.4637108696463858e-17
588.32,1.2755785885075959e-14,1.5170228621885458e-17
588.33,1.2754287094270811e-14,1.4192121490994254e-17
588.34,1.2754199252643166e-14,1.5012504550716026e-17
588.35,1.2752381163286814e-14,1.625767637545627e-17
588.36,1.2752271092000882e-14,1.4214401550108308e-17
588.37,1.2751290382986112e-14,1.474724943579082e-17
588.38,1.2749641815934253e-14,1.466041600454353e-17
588.39,1.274947015399806e-14,1.5124018630095608e-17
588.4,1.2747305395144588e-14,1.452998291949609e-17
588.41,1.2746007795103525e-14,1.4908359338362632e-17
588.42,1.2745412395614801e-14,1.5759676717975328e-17
588.43,1.2744250386042133e-14,1.4990741935214982e-17
588.44,1.2743764593493862e-14,1.59251167354878e-17
588.45,1.2743086753989297e-14,1.566577555222206e-17
588.46,1.2741594237145647e-14,1.4858192205921515e-17
588.47,1.274015838401713e-14,1.456963393600968e-17
588.48,1.2738187199874058e-14,1.5331390871182615e-17
588.49,1.2737803701506143e-14,1.4247036859096605e-17
588.5,1.2736606451331106e-14,1.4753418186166876e-17
588.51,1.2734893607790313e-14,1.492889814790316e-17
588.52,1.273486517281113e-14,1.4976521057288017e-17
588.53,1.2734493442103056e-14,1.4906788205155615e-17
588.54,1.2732668549231006e-14,1.4278276574199303e-17
588.55,1.2731609421814713e-14,1.423648905129014e-17
588.56,1.2730536222220674e-14,1.4782821908639756e-17
588.57,1.2728455016584737e-14,1.3968458078597312e-17
588.58,1.2728813384281657e-14,1.4590683449939865e-17
588.59,1.272694615289241e-14,1.4751288804202215e-17
588.6,1.2726326332635384e-14,1.4296387162925057e-17
588.61,1.2724944993426897e-14,1.478206316336319e-17
588.62,1.2724907556898772e-14,1.464583484755581e-17
588.63,1.2723794229735004e-14,1.482905368654346e-17
588.64,1.2720981969460815e-14,1.482141558688282e-17
588.65,1.272130682577959e-14,1.4738160675928862e-17
588.66,1.2720261077821906e-14,1.492043156321754e-17
588.67,1.2719035141468156e-14,1.4551961657271098e-17
588.68,1.2717879561012e-14,1.532857363365153e-17
588.69,1.2716853145107625e-14,1.4588822690412447e-17
588.7,1.2716025818262337e-14,1.462345028802271e-17
588.71,1.271536784797956e-14,1.4764273971333012e-17
588.72,1.271395257922883e-14,1.4040502453204242e-17
588.73,1.2713052429277119e-14,1.4348979640914584e-17
588.74,1.2711733012848784e-14,1.4832199178807495e-17
588.75,1.2710906270592485e-14,1.4428245419604467e-17
588.76,1.2709427694873138e-14,1.477996660296511e-17
588.77,1.2708813076483802e-14,1.6006358204250716e-17
588.78,1.270781962907648e-14,1.4993992584699327e-17
588.79,1.2706404505723125e-14,1.4285400979931817e-17
588.8,1.270545528552401e-14,1.4623402384118892e-17
588.81,1.270444619853685e-14,1.491059568358653e-17
588.82,1.2703830318385215e-14,1.479038469400223e-17
588.83,1.2702099461291193e-14,1.4514567125780553e-17
588.84,1.2702570651066649e-14,1.493806543023928e-17
588.85,1.2700384429983215e-14,1.4757311601527558e-17
588.86,1.2699297501490058e-14,1.542306621540871e-17
588.87,1.2697955172163793e-14,1.472404286620186e-17
588.88,1.2697345591547212e-14,1.4536653420654504e-17
588.89,1.2696178174982127e-14,1.4930522592105086e-17
588.9,1.2695630409721287e-14,1.4806937140994758e-17
588.91,1.26939992494236e-14,1.4684512518095307e-17
588.92,1.2692803199138177e-14,1.4624350096215078e-17
588.93,1.269181715170265e-14,1.498098092727522e-17
588.94,1.2691056643368247e-14,1.4883727584503315e-17
588.95,1.2690310891570821e-14,1.5452059756636348e-17
588.96,1.2688760668524292e-14,1.457424803916701e-17
588.97,1.2686650208244244e-14,1.4249282885754182e-17
588.98,1.2687494443631307e-14,1.4518066580050257e-17
588.99,1.2685489980940035e-14,1.4792221800653363e-17
589.0,1.2684690763706553e-14,1.4372057183052984e-17
589.01,1.2683608217428976e-14,1.483086755919532e-17
589.02,1.2682326294232682e-14,1.459756485348728e-17
589.03,1.2682886532895988e-14,1.5458157388560592e-17
589.04,1.268093914769318e-14,1.5156473161611102e-17
589.05,1.2679260545429394e-14,1.4545502256601845e-17
589.06,1.2678657261794125e-14,1.4608415070817816e-17
589.07,1.2677785666590927e-14,1.4230232489520362e-17
589.08,1.2675902697738262e-14,1.4780567622696362e-17
589.09,1.2674793578278899e-14,1.4555257016076103e-17
589.1,1.2673992899507382e-14,1.477597863810638e-17
589.11,1.2673376028832225e-14,1.445434402363863e-17
589.12,1.2670619695934686e-14,1.4762163816998373e-17
589.13,1.2671376285845519e-14,1.499158667909929e-17
589.14,1.2670031586780312e-14,1.4706861767451167e-17
589.15,1.2668262931306638e-14,1.4322299580585136e-17
589.16,1.2667366376938327e-14,1.418722376952351e-17
589.17,1.2667177419662405e-14,1.4982064250928838e-17
589.18,1.2666558736431293e-14,1.487961808136094e-17
589.19,1.2664797991018622e-14,1.4649925493794235e-17
589.2,1.2664593044513985e-14,1.6318465592436366e-17
589.21,1.266310732356331e-14,1.515308214379574e-17
589.22,1.2661660146340541e-14,1.4735467638707887e-17
589.23,1.2660500287201749e-14,1.4444198380553973e-17
589.24,1.2659043479229452e-14,1.4310272781621203e-17
589.25,1.2658157132612856e-14,1.413296182442137e-17
589.26,1.2656361847214387e-14,1.4160066758386337e-17
589.27,1.2656439408615508e-14,1.457864707384187e-17
589.28,1.2655204339180909e-14,1.455787878176936e-17
589.29,1.2652914431687234e-14,1.1958167700097904e-17
589.3,1.2653491915262061e-14,1.481979737176095e-17
589.31,1.2652414952948779e-14,1.4733946282650878e-17
589.32,1.2651155853248889e-14,1.469395755117537e-17
589.33,1.265034903938411e-14,1.4760338785735315e-17
589.34,1.2648302624868407e-14,1.4105863198394742e-17
589.35,1.264791762757713e-14,1.4675289018889313e-17
589.36,1.2646912306633147e-14,1.4615559243418274e-17
589.37,1.2645443524138967e-14,1.4420613922975382e-17
589.38,1.264870056860888e-14,1.5243170495973662e-17
589.39,1.264429005622694e-14,1.4670472534612068e-17
589.4,1.2643037656420264e-14,1.4895113718591402e-17
589.41,1.2641773816623143e-14,1.469556204755659e-17
589.42,1.2640517845317721e-14,1.451876244615004e-17
589.43,1.2639753148072979e-14,1.4934883748310958e-17
589.44,1.263834703216215e-14,1.4891774216724792e-17
589.45,1.2637045835046585e-14,1.464957894667203e-17
589.46,1.2636397373405978e-14,1.4485322890657556e-17
589.47,1.2631643045091125e-14,1.2297450414322106e-17
589.48,1.263466912957886e-14,1.465141112724783e-17
589.49,1.2633586603781462e-14,1.4844274824288412e-17
589.5,1.2632223614500874e-14,1.4615252859153837e-17
589.51,1.2630773598774019e-14,1.4443547730067387e-17
589.52,1.2630019035617551e-14,1.5012477572330777e-17
589.53,1.2629249250337543e-14,1.4800491400021184e-17
589.54,1.2628493243801605e-14,1.52935511172303e-17
589.55,1.2627007934695934e-14,1.4727876582915293e-17
589.56,1.2625248802494603e-14,1.4874522029143505e-17
589.57,1.2625031715644325e-14,1.4901638313796848e-17
589.58,1.2623833203062093e-14,1.478614416489825e-17
589.59,1.2622442667171629e-14,1.416045768343353e-17
589.6,1.2621463323018575e-14,1.4462556485936803e-17
589.61,1.2621017798254477e-14,1.4850865988125705e-17
589.62,1.2619519580577914e-14,1.4568348509181966e-17
589.63,1.2617354008897195e-14,1.431096462032067e-17
589.64,1.2616856279213438e-14,1.4457927099314132e-17
589.65,1.2616392454440096e-14,1.4104698163311836e-17
589.66,1.261568043741312e-14,1.4687419064603363e-17
589.67,1.2615366130610826e-14,1.5137204978752582e-17
589.68,1.2613693657457473e-14,1.4013666634902807e-17
589.69,1.2612202469763823e-14,1.455936805958794e-17
589.7,1.261163385215549e-14,1.4751493061563358e-17
589.71,1.2610440616600783e-14,1.4718845670637403e-17
589.72,1.2609532393386285e-14,1.4953235800234675e-17
589.73,1.2608149225231608e-14,1.4063069468943627e-17
589.74,1.2607019087040198e-14,1.42400620362983e-17
589.75,1.260651994972821e-14,1.4723622237978867e-17
589.76,1.2605160521452556e-14,1.495907738768318e-17
589.77,1.260402842602664e-14,1.462857287677548e-17
589.78,1.2603280900092611e-14,1.4736884341862376e-17
589.79,1.2602175974916117e-14,1.5130863528117753e-17
589.8,1.2600954543574919e-14,1.4548625682239037e-17
589.81,1.26002921505594e-14,1.4701878565744095e-17
589.82,1.2602813770263965e-14,1.5972412396668886e-17
589.83,1.2598721554474469e-14,1.606310315639822e-17
589.84,1.259691777108998e-14,1.464473846025136e-17
589.85,1.2595555031763131e-14,1.461140153278745e-17
589.86,1.2594829089689744e-14,1.4739600404022608e-17
589.87,1.259372645494022e-14,1.4558410317383356e-17
589.88,1.259265970287378e-14,1.483946630739628e-17
589.89,1.2591259067970616e-14,1.4916790570545572e-17
589.9,1.2590357944303258e-14,1.457595781645361e-17
589.91,1.2591026023612435e-14,1.535219486403757e-17
589.92,1.2587433024875095e-14,1.4142801403479932e-17
589.93,1.2587615152147238e-14,1.4911164365696164e-17
589.94,1.2586399582129318e-14,1.489088088886628e-17
589.95,1.2585381396493562e-14,1.4276959103987465e-17
589.96,1.2584638216564946e-14,1.4755871484836273e-17
589.97,1.2582886667845672e-14,1.4688908149126997e-17
589.98,1.2582413877125032e-14,1.484096769568762e-17
589.99,1.2581200874059306e-14,1.4673795256088335e-17
590.0,1.258024626999221e-14,1.4888405411338516e-17
590.01,1.2579523381328733e-14,1.5290813379805415e-17
590.02,1.2577795470273468e-14,1.4617153357856787e-17
590.03,1.2576581126302799e-14,1.4417119411533458e-17
590.04,1.2576165061667874e-14,1.4661958881736088e-17
590.05,1.25750905177266e-14,1.4444345962870732e-17
590.06,1.2574835035145799e-14,1.4737212698031565e-17
590.07,1.2573123565735506e-14,1.480456115842582e-17
590.08,1.2571732802950574e-14,1.4494835519172732e-17
590.09,1.257007501231394e-14,1.428819361660872e-17
590.1,1.2569550349893647e-14,1.5080890438948665e-17
590.11,1.2568758831513338e-14,1.4804618487473912e-17
590.12,1.2568123393891057e-14,1.4928843746221876e-17
590.13,1.25670528215296e-14,1.436751267584948e-17
590.14,1.2565733273100683e-14,1.4557560492669278e-17
590.15,1.256503749052461e-14,1.410031363543383e-17
590.16,1.2563289386759558e-14,1.443678811836129e-17
590.17,1.2562918633482061e-14,1.4836954899159548e-17
590.18,1.2562119920632986e-14,1.484857593754967e-17
590.19,1.2559914124440244e-14,1.4298043209648566e-17
590.2,1.2559538313909175e-14,1.4898000145936422e-17
590.21,1.2558488279996486e-14,1.4841493057317038e-17
590.22,1.2557691935089692e-14,1.470691214502338e-17
590.23,1.2556885300057656e-14,1.4806520702298913e-17
590.24,1.2555696649664921e-14,1.4529278438655804e-17
590.25,1.255423530642553e-14,1.489001164566276e-17
590.26,1.2553498340952673e-14,1.4718125652412063e-17
590.27,1.2552119758512389e-14,1.478596715537676e-17
590.28,1.2551388482597596e-14,1.450484717581903e-17
590.29,1.2550111467299588e-14,1.464052782179261e-17
590.3,1.2549458103633284e-14,1.5059958554222137e-17
590.31,1.2547921869599321e-14,1.462776911392005e-17
590.32,1.2547513296381806e-14,1.4909491019881777e-17
590.33,1.2546239768274092e-14,1.4632733162675495e-17
590.34,1.2545384272323495e-14,1.5109054985830836e-17
590.35,1.25443242539116e-14,1.4815047039706972e-17
590.36,1.2543290760347536e-14,1.5038701664967888e-17
590.37,1.2542002129074872e-14,1.467596476529947e-17
590.38,1.254115367707498e-14,1.489906358835126e-17
590.39,1.2539753974211029e-14,1.5164101587111712e-17
590.4,1.2538998730535677e-14,1.440832645954635e-17
590.41,1.2537568406266197e-14,1.4483898628956666e-17
590.42,1.253684293645707e-14,1.40434927676115e-17
590.43,1.2533287380131888e-14,1.286526796933221e-17
590.44,1.2534534172110032e-14,1.4486398654678662e-17
590.45,1.2533777026049007e-14,1.48713155172902e-17
590.46,1.253282177427863e-14,1.425989797343099e-17
590.47,1.2531942608455584e-14,1.4752949512549354e-17
590.48,1.2530825503061935e-14,1.4602050634771608e-17
590.49,1.2529541795331723e-14,1.4708613383004857e-17
590.5,1.2528559872387811e-14,1.4501036155973342e-17
590.51,1.2526092581229078e-14,1.388717713827017e-17
590.52,1.2525515799695123e-14,1.5085659159298833e-17
590.53,1.2525588551147694e-14,1.4579201063495403e-17
590.54,1.2524177609283571e-14,1.4790067579219106e-17
590.55,1.2523748034833701e-14,1.5123847951485357e-17
590.56,1.2522464246108533e-14,1.482258811267953e-17
590.57,1.2521273571782296e-14,1.4869566289898307e-17
590.58,1.2520357196890522e-14,1.478931242860969e-17
590.59,1.2519188385706222e-14,1.4476445616294848e-17
590.6,1.2518603335142616e-14,1.5302328758171413e-17
590.61,1.2516398680483396e-14,1.404278104151862e-17
590.62,1.2516648375747938e-14,1.4980733238716314e-17
590.63,1.2514952400502537e-14,1.4410999601606573e-17
590.64,1.2513743612047674e-14,1.4571345151933288e-17
590.65,1.2513143539013566e-14,1.500131991246822e-17
590.66,1.2510948989656418e-14,1.4175076832273705e-17
590.67,1.2510919115155839e-14,1.433606237296809e-17
590.68,1.2510523088968421e-14,1.4972181937396603e-17
590.69,1.2510860841642107e-14,1.502188204269946e-17
590.7,1.2507896176437787e-14,1.5193763360536204e-17
590.71,1.2506441540502347e-14,1.4389649394537668e-17
590.72,1.2505957495942315e-14,1.4722651231620677e-17
590.73,1.2505240209336463e-14,1.457626450315074e-17
590.74,1.2503720148993798e-14,1.476069173538629e-17
590.75,1.2503068556414657e-14,1.47543391404901e-17
590.76,1.2501985953661256e-14,1.466678117147698e-17
590.77,1.250065013754732e-14,1.4633314266807346e-17
590.78,1.2500726464396985e-14,1.468190598198968e-17
590.79,1.2498739470041111e-14,1.4479230831966564e-17
590.8,1.2497325139228118e-14,1.4535482817044835e-17
590.81,1.2496637941225412e-14,1.4719921397434505e-17
590.82,1.2496131580001345e-14,1.5010219166700495e-17
590.83,1.2494837814301443e-14,1.5057109798491227e-17
590.84,1.2493434167003522e-14,1.46420329372238e-17
590.85,1.2492925805565773e-14,1.475221198633768e-17
590.86,1.2491315967605992e-14,1.464856509275292e-17
590.87,1.248841076646305e-14,1.3349398879740715e-17
590.88,1.2489261990166465e-14,1.43407355694136e-17
590.89,1.248836295127335e-14,1.4331956325470593e-17
590.9,1.2487351264061841e-14,1.441295094895793e-17
590.91,1.248570533910171e-14,1.5103508564727303e-17
590.92,1.2485575272293033e-14,1.4021703342500355e-17
590.93,1.2483965086069682e-14,1.4826400501256138e-17
590.94,1.2483420590693067e-14,1.4570764771118812e-17
590.95,1.2482166402771334e-14,1.4413559552973127e-17
590.96,1.2479116090351635e-14,1.4494236036519698e-17
590.97,1.2479962744443235e-14,1.4624051016083644e-17
590.98,1.247924460526438e-14,1.4348407113706806e-17
590.99,1.247785908836994e-14,1.449334558939102e-17
591.0,1.2476104972925041e-14,1.4908396943691028e-17
591.01,1.2475967874663908e-14,1.4687113724684538e-17
591.02,1.2474624735259082e-14,1.4384026793965855e-17
591.03,1.2474288414151362e-14,1.4488934563880224e-17
591.04,1.2472545325591978e-14,1.4222457564227068e-17
591.05,1.2473288103460536e-14,1.4959949870527027e-17
591.06,1.2470856312487905e-14,1.4005675026408312e-17
591.07,1.2469707040901095e-14,1.4687513655834425e-17
591.08,1.2468634156429683e-14,1.4740082698597832e-17
591.09,1.246706805008326e-14,1.4440308925254695e-17
591.1,1.246637514478096e-14,1.4472126728423327e-17
591.11,1.2465716687169065e-14,1.4742390921662984e-17
591.12,1.2465245618482013e-14,1.4802493282167623e-17
591.13,1.2464280914693276e-14,1.3885081299346365e-17
591.14,1.2462565930065255e-14,1.389974536195947e-17
591.15,1.2461710651625149e-14,1.4695771983437976e-17
591.16,1.246091730046718e-14,1.52625865204663e-17
591.17,1.2459303170950963e-14,1.474265783031496e-17
591.18,1.2458248788178622e-14,1.381669843303806e-17
591.19,1.2457795104704016e-14,1.445229355126462e-17
591.2,1.2456163536717316e-14,1.4414151016930507e-17
591.21,1.2455786937966758e-14,1.4581726354047766e-17
591.22,1.2453820441300699e-14,1.4770092075700663e-17
591.23,1.2452815298722594e-14,1.4673411545948434e-17
591.24,1.2452217460104218e-14,1.4453923378663187e-17
591.25,1.2451266955919712e-14,1.4477229714014782e-17
591.26,1.2450534233509986e-14,1.4535968670215144e-17
591.27,1.2449398157383026e-14,1.4150656949384494e-17
591.28,1.2447690521201356e-14,1.4520614116997377e-17
591.29,1.2446857312574283e-14,1.4552922673476628e-17
591.3,1.2447063324616278e-14,1.514945732638542e-17
591.31,1.244457672604414e-14,1.426667406197571e-17
591.32,1.2444512903262637e-14,1.523250099420757e-17
591.33,1.244301883858976e-14,1.4792505545581053e-17
591.34,1.2441128286456417e-14,1.4969244042352508e-17
591.35,1.2440764699621844e-14,1.454206471470509e-17
591.36,1.2440723520033774e-14,1.4352417775433285e-17
591.37,1.2439352577362242e-14,1.411437205220461e-17
591.38,1.2437612664575812e-14,1.475096420509031e-17
591.39,1.2437280859661152e-14,1.516249622049185e-17
591.4,1.2436106222937335e-14,1.4445515589868655e-17
591.41,1.2434986066953571e-14,1.452503008276878e-17
591.42,1.243395515285631e-14,1.4580760615067233e-17
591.43,1.2432989685643036e-14,1.47210736982875e-17
591.44,1.24315297927449e-14,1.4666177913302764e-17
591.45,1.2431282248522258e-14,1.4411072940136197e-17
591.46,1.2429693680187394e-14,1.4495162491997857e-17
591.47,1.2429034761576577e-14,1.456974024770073e-17
591.48,1.2427677029451987e-14,1.519804164185694e-17
591.49,1.2426629892167132e-14,1.4720265507124943e-17
591.5,1.2425779234316557e-14,1.4625024117386426e-17
591.51,1.242467599369078e-14,1.482091129111075e-17
591.52,1.2423281496476225e-14,1.4579731916504755e-17
591.53,1.2422465295172014e-14,1.439182273374012e-17
591.54,1.2421882855895016e-14,1.478445850475125e-17
591.55,1.2420341274003653e-14,1.420699397321121e-17
591.56,1.2419695246827142e-14,1.4531866190890257e-17
591.57,1.2418307720858228e-14,1.5104815846686323e-17
591.58,1.2417510995296755e-14,1.444727525005303e-17
591.59,1.2417058636368395e-14,1.4591121229509657e-17
591.6,1.241580220301888e-14,1.4049942162099723e-17
591.61,1.2414690743773864e-14,1.400540513493202e-17
591.62,1.2413151045104578e-14,1.4292830285082648e-17
591.63,1.241252292667954e-14,1.445102598761462e-17
591.64,1.2410898343257104e-14,1.461255727315821e-17
591.65,1.2410106771807503e-14,1.417368121887101e-17
591.66,1.240876717176662e-14,1.4754818046825195e-17
591.67,1.2408662124471821e-14,1.444317679941205e-17
591.68,1.2406438455460729e-14,1.4024263757504887e-17
591.69,1.2406195998372393e-14,1.4390265411132465e-17
591.7,1.240575642030491e-14,1.4279446744252997e-17
591.71,1.2403903052028318e-14,1.4340265838844988e-17
591.72,1.2403389273759664e-14,1.440809231180328e-17
591.73,1.2402343354022338e-14,1.4637918151596946e-17
591.74,1.240047255037881e-14,1.4399747027806175e-17
591.75,1.2399859494769981e-14,1.4606082463923312e-17
591.76,1.2399138370023008e-14,1.430956084515181e-17
591.77,1.2397981515128457e-14,1.4652513536119204e-17
591.78,1.2396774240064109e-14,1.435618865993603e-17
591.79,1.239622086683235e-14,1.3953399800907693e-17
591.8,1.2396011452040311e-14,1.4692926642013874e-17
591.81,1.2394535378426458e-14,1.5512084258807567e-17
591.82,1.2392979665489484e-14,1.4474399270848467e-17
591.83,1.2392432800520668e-14,1.5007898692165552e-17
591.84,1.2390694634356118e-14,1.435900857390924e-17
591.85,1.2389755926462159e-14,1.4302762748531535e-17
591.86,1.2389870300150091e-14,1.4600853647110083e-17
591.87,1.2387983705443391e-14,1.4407565830392867e-17
591.88,1.2386521445347033e-14,1.4699474301258592e-17
591.89,1.238585291014397e-14,1.4051137165435468e-17
591.9,1.2384520873468981e-14,1.5549801384250645e-17
591.91,1.2384115646934026e-14,1.4464716927103973e-17
591.92,1.2381855861026665e-14,1.4210024141362307e-17
591.93,1.2381724026611944e-14,1.446393150722426e-17
591.94,1.238025102648735e-14,1.3730461935899543e-17
591.95,1.2378762056437367e-14,1.3871905578224956e-17
591.96,1.2378770072654417e-14,1.4383100842575096e-17
591.97,1.2377657974448854e-14,1.4497839877660418e-17
591.98,1.2376089268581816e-14,1.532435278350628e-17
591.99,1.237443898363374e-14,1.5229582934588096e-17
592.0,1.2374967534860731e-14,1.461724228393007e-17
592.01,1.2374213594068554e-14,1.5603656428822634e-17
592.02,1.2372185564123153e-14,1.4733738094257135e-17
592.03,1.2371968399271835e-14,1.4159222862426014e-17
592.04,1.2371434841562696e-14,1.487664384265511e-17
592.05,1.236986575737556e-14,1.4529769689142205e-17
592.06,1.2368861947789486e-14,1.4419332660101825e-17
592.07,1.2368241991571867e-14,1.550381644214373e-17
592.08,1.2364060174206326e-14,1.4552319090950015e-17
592.09,1.2365820533596329e-14,1.4547013663942996e-17
592.1,1.236531619221652e-14,1.4252960255066187e-17
592.11,1.2363082150303239e-14,1.399753930819186e-17
592.12,1.2362903739308644e-14,1.4388904343449053e-17
592.13,1.2362244824084488e-14,1.3803080718332832e-17
592.14,1.2360462064985837e-14,1.4200290948870667e-17
592.15,1.2359598363280866e-14,1.444820066839341e-17
592.16,1.2358281386543935e-14,1.4158898082328433e-17
592.17,1.2356072725509707e-14,1.20512070865707e-17
592.18,1.2356755425010983e-14,1.404134107247268e-17
592.19,1.2355318839024226e-14,1.3795616220699755e-17
592.2,1.2354608826432942e-14,1.4519457259511536e-17
592.21,1.2353601723886393e-14,1.4588319443001305e-17
592.22,1.2352293448387722e-14,1.4211797315900887e-17
592.23,1.235149777148672e-14,1.4286680301627845e-17
592.24,1.2350431974071343e-14,1.437530624046238e-17
592.25,1.2349496188740517e-14,1.4367463681127645e-17
592.26,1.2348438017218159e-14,1.190549526379476e-17
592.27,1.2347719337418104e-14,1.4142295576290588e-17
592.28,1.234614527842237e-14,1.4247096824993117e-17
592.29,1.2345468360180477e-14,1.4520614331948724e-17
592.3,1.2344113083855276e-14,1.421351013841385e-17
592.31,1.2342887235921734e-14,1.451656404127058e-17
592.32,1.234257317620942e-14,1.4198141592492023e-17
592.33,1.2341027169898058e-14,1.3822814623514702e-17
592.34,1.2340308841511002e-14,1.4444154410315757e-17
592.35,1.234131380692842e-14,1.3105160849561584e-17
592.36,1.233814310304387e-14,1.3763188336338405e-17
592.37,1.2336985387086383e-14,1.434954344124907e-17
592.38,1.2336536492468339e-14,1.4029030522327688e-17
592.39,1.233492609601908e-14,1.4174475326096137e-17
592.4,1.23373334659559e-14,1.466667629546082e-17
592.41,1.2332868499280444e-14,1.4120883022338292e-17
592.42,1.2332429186908427e-14,1.4258683472253837e-17
592.43,1.233111818272405e-14,1.4159618765616074e-17
592.44,1.2332318827292579e-14,1.4265217882320122e-17
592.45,1.2328874670481035e-14,1.4010080050889565e-17
592.46,1.2328004981804853e-14,1.413984446189023e-17
592.47,1.2326839223315053e-14,1.3980741107202547e-17
592.48,1.2325951683381128e-14,1.422918944592582e-17
592.49,1.232478230999571e-14,1.465015408627427e-17
592.5,1.2324134036880633e-14,1.4314333126894623e-17
592.51,1.2322585855580561e-14,1.4077773365026488e-17
592.52,1.2321856302171788e-14,1.3981802456219677e-17
592.53,1.232184236038964e-14,1.5823655804124167e-17
592.54,1.2320114115283476e-14,1.4441208563256676e-17
592.55,1.2319031280609714e-14,1.440495433223857e-17
592.56,1.2318071145600046e-14,1.4324269745345475e-17
592.57,1.2316725002696405e-14,1.4270532263691426e-17
592.58,1.2316725161832676e-14,1.4354812236314017e-17
592.59,1.2314921234236938e-14,1.423615010503978e-17
592.6,1.2314331240425652e-14,1.3938520995941792e-17
592.61,1.2313153402312934e-14,1.4522677508240264e-17
592.62,1.2310517955565907e-14,1.4759101481416047e-17
592.63,1.2310863423686984e-14,1.4072372265646655e-17
592.64,1.2309645764523137e-14,1.401002395948203e-17
592.65,1.2307466411436847e-14,1.3690020767548658e-17
592.66,1.2307803402877403e-14,1.418790823276865e-17
592.67,1.2306013532631544e-14,1.439006068453823e-17
592.68,1.2306138282500365e-14,1.428087855123656e-17
592.69,1.2305210469736064e-14,1.4212445235146082e-17
592.7,1.230384703454014e-14,1.4207744917178988e-17
592.71,1.230097455830058e-14,1.2938558529162059e-17
592.72,1.2301341761551951e-14,1.3961018515419223e-17
592.73,1.2300496626958502e-14,1.4423021939844598e-17
592.74,1.229970134394072e-14,1.407993004745784e-17
592.75,1.2298612453859334e-14,1.3716953005270175e-17
592.76,1.229713098485273e-14,1.397085305014794e-17
592.77,1.2296384227256086e-14,1.4013372230942316e-17
592.78,1.2295265538760806e-14,1.3902401408657006e-17
592.79,1.2294606385141915e-14,1.4170235465246963e-17
592.8,1.2294532643220394e-14,1.2020396739498888e-17
592.81,1.229251049083949e-14,1.4073073745429113e-17
592.82,1.2291563917042568e-14,1.4038356624055096e-17
592.83,1.2290925566924985e-14,1.4255241609212965e-17
592.84,1.2289121474098865e-14,1.366258355648603e-17
592.85,1.2288729766011924e-14,1.5068152807564175e-17
592.86,1.2287465730051212e-14,1.412535073118741e-17
592.87,1.2286483860514794e-14,1.384590021857773e-17
592.88,1.2285696910753674e-14,1.40675149596698e-17
592.89,1.2287843151614461e-14,1.279485537261561e-17
592.9,1.2283607757103528e-14,1.38674595195941e-17
592.91,1.2284444097777595e-14,1.4706438712394224e-17
592.92,1.2281769286062496e-14,1.4021084716209924e-17
592.93,1.2281601902773265e-14,1.4338038946806788e-17
592.94,1.2279944675667855e-14,1.424820053453243e-17
592.95,1.2278600835188218e-14,1.402923237701263e-17
592.96,1.227774779409969e-14,1.424649618836303e-17
592.97,1.2276172138275762e-14,1.3682338958843174e-17
592.98,1.2279291111856553e-14,1.4286489223999824e-17
592.99,1.2274226692922874e-14,1.3915925613964086e-17
593.0,1.2273265055171251e-14,1.389557813330538e-17
593.01,1.2272522551561179e-14,1.4028155181364872e-17
593.02,1.227195210917434e-14,1.4143159451075165e-17
593.03,1.2269552765784333e-14,1.3829865350369732e-17
593.04,1.226947916146554e-14,1.4020075988836004e-17
593.05,1.2267558530729223e-14,1.2804802334797795e-17
593.06,1.2267418354871554e-14,1.356456610765431e-17
593.07,1.2270090226793944e-14,1.6004319978245062e-17
593.08,1.2265296738163326e-14,1.411665127273464e-17
593.09,1.2265299144123149e-14,1.3970581527628332e-17
593.1,1.2264024537142848e-14,1.4075076301787518e-17
593.11,1.2262044194971222e-14,1.4044092758400174e-17
593.12,1.2260584409592165e-14,1.3387458603336095e-17
593.13,1.2260232444153945e-14,1.4074842341184757e-17
593.14,1.2261600746143614e-14,1.4607122625372784e-17
593.15,1.2258395668461948e-14,1.3992081950505348e-17
593.16,1.2257718991167793e-14,1.619169883315173e-17
593.17,1.2256943994240131e-14,1.4116683132664654e-17
593.18,1.2255410953553302e-14,1.4095202323777153e-17
593.19,1.225471847660638e-14,1.3662870038842657e-17
593.2,1.2254137546019969e-14,1.457219531179506e-17
593.21,1.2252598852265096e-14,1.429069243414682e-17
593.22,1.2251568812681766e-14,1.4049682756799934e-17
593.23,1.2250837736791424e-14,1.628405935093991e-17
593.24,1.224937886742532e-14,1.4029563961993945e-17
593.25,1.2247078855851132e-14,1.515887445317894e-17
593.26,1.2247918268268513e-14,1.4085117414140745e-17
593.27,1.2246414782392505e-14,1.392390052945085e-17
593.28,1.2245762215845566e-14,1.4251269656073815e-17
593.29,1.2244663622799571e-14,1.390154111550624e-17
593.3,1.2243685311927218e-14,1.3574577645749887e-17
593.31,1.2242015703072492e-14,1.4185370228688315e-17
593.32,1.2238197398857166e-14,1.2993603404282578e-17
593.33,1.2240052865303794e-14,1.3792411548357359e-17
593.34,1.2237209764207296e-14,1.3964259387826247e-17
593.35,1.2238519539793284e-14,1.3529762236346667e-17
593.36,1.2236771130802692e-14,1.3756128480320952e-17
593.37,1.2236388580389683e-14,1.416856326863732e-17
593.38,1.2235449572756935e-14,1.4069191552200697e-17
593.39,1.2234484488979967e-14,1.361797814829545e-17
593.4,1.2232976890149086e-14,1.3687318245019414e-17
593.41,1.2227376075676098e-14,1.1652139012221237e-17
593.42,1.2231800319988102e-14,1.4231132030167253e-17
593.43,1.2230200796330409e-14,1.3955098989166314e-17
593.44,1.2229813278668714e-14,1.3741904332079237e-17
593.45,1.2228584123867502e-14,1.4086028002154683e-17
593.46,1.222771312707187e-14,1.4018297239616027e-17
593.47,1.2226312761693555e-14,1.399692401873228e-17
593.48,1.2225372268900683e-14,1.3244844433757941e-17
593.49,1.2224479596632673e-14,1.3789059546564716e-17
593.5,1.2224429183016203e-14,1.413127927078376e-17
593.51,1.2222204219910846e-14,1.3988654781368728e-17
593.52,1.2221294631022956e-14,1.3894489468616e-17
593.53,1.2220502834920548e-14,1.3787321878262966e-17
593.54,1.2219324768510344e-14,1.3910666309473402e-17
593.55,1.2218299911251427e-14,1.3883401915640466e-17
593.56,1.2217447597452521e-14,1.4176612841456415e-17
593.57,1.2216963907832981e-14,1.4390618020896354e-17
593.58,1.221603818418941e-14,1.4443442050394514e-17
593.59,1.2213605234118843e-14,1.4587496102228425e-17
593.6,1.2213380346753697e-14,1.4002334477069407e-17
593.61,1.2211546701650654e-14,1.3681115141297467e-17
593.62,1.221190325015867e-14,1.3929060320946668e-17
593.63,1.2210292292066161e-14,1.3808462380035256e-17
593.64,1.22099770484509e-14,1.4155807812187754e-17
593.65,1.2208150633110984e-14,1.3670494339192913e-17
593.66,1.2207210411016043e-14,1.402842346822656e-17
593.67,1.2203453944462543e-14,1.2570379013796502e-17
593.68,1.2204690297234257e-14,1.2727422950368953e-17
593.69,1.2204364870070852e-14,1.3566136332279656e-17
593.7,1.2203296886088618e-14,1.3957091446892554e-17
593.71,1.2202830860805644e-14,1.3998372831754085e-17
593.72,1.2201181465888815e-14,1.3551266027189736e-17
593.73,1.2200428472844706e-14,1.3711118925962624e-17
593.74,1.2198719725018334e-14,1.3697250452853595e-17
593.75,1.219822575072606e-14,1.3969838229227523e-17
593.76,1.2197969853334014e-14,1.4242562824503507e-17
593.77,1.2197407231012062e-14,1.4055834000966935e-17
593.78,1.2195276236044793e-14,1.3862163172117496e-17
593.79,1.2194394271430865e-14,1.3525243161349904e-17
593.8,1.2193762081327504e-14,1.3626155350706636e-17
593.81,1.2192164675293827e-14,1.37569339788649e-17
593.82,1.2191244661841446e-14,1.3948950841980538e-17
593.83,1.2191617472331231e-14,1.440223909129386e-17
593.84,1.2189588085378886e-14,1.4140291832532518e-17
593.85,1.2187195679814617e-14,1.3154567058364882e-17
593.86,1.2187683755095145e-14,1.468041400492063e-17
593.87,1.2186123426973641e-14,1.3597969929418967e-17
593.88,1.2185703300243002e-14,1.3486357011750176e-17
593.89,1.2184607922787484e-14,1.348414871624537e-17
593.9,1.218361709983028e-14,1.4028612059695906e-17
593.91,1.2182145394146679e-14,1.338850254683987e-17
593.92,1.2181478310204716e-14,1.392475084995839e-17
593.93,1.2180835508879082e-14,1.4151546584216935e-17
593.94,1.217987680492609e-14,1.3633587191532958e-17
593.95,1.2178354568464764e-14,1.3525727138756222e-17
593.96,1.2177467876458513e-14,1.3945469577133416e-17
593.97,1.2177978079200173e-14,1.4177755281782518e-17
593.98,1.2175294518116276e-14,1.3148136441560294e-17
593.99,1.2174346844353312e-14,1.3762101903015806e-17
594.0,1.2173118514690714e-14,1.3617583778053088e-17
594.01,1.2172406403557143e-14,1.408961312896828e-17
594.02,1.2171750605380153e-14,1.3315901950554375e-17
594.03,1.2170238719944092e-14,1.3754260982787944e-17
594.04,1.2169779479837651e-14,1.4287177194842175e-17
594.05,1.2168669916707583e-14,1.396184221923311e-17
594.06,1.2167629393398594e-14,1.4540993093245043e-17
594.07,1.2165723785842684e-14,1.3411271515787681e-17
594.08,1.2165700854370633e-14,1.393561683560433e-17
594.09,1.2164397463837415e-14,1.4142005931572117e-17
594.1,1.2163815394708102e-14,1.4215822266346192e-17
594.11,1.2162191590049457e-14,1.364690874034148e-17
594.12,1.2161152245684067e-14,1.3473053874967735e-17
594.13,1.2159792446951764e-14,1.3530573364288994e-17
594.14,1.2159629073129866e-14,1.39512354099149e-17
594.15,1.215795199746167e-14,1.4324682726898927e-17
594.16,1.2157339294631816e-14,1.394801948093151e-17
594.17,1.215657300506617e-14,1.3752821529332311e-17
594.18,1.215628361805277e-14,1.415555109108098e-17
594.19,1.2154782167968757e-14,1.3626136278390565e-17
594.2,1.2153880532052161e-14,1.377995495017626e-17
594.21,1.2152813414884323e-14,1.3748499953236001e-17
594.22,1.215188388142682e-14,1.3840733888163856e-17
594.23,1.2150406632134157e-14,1.3967465142347142e-17
594.24,1.214893256423221e-14,1.408741630187976e-17
594.25,1.2149196187621346e-14,1.431765574053318e-17
594.26,1.2147815415387288e-14,1.3806870342373655e-17
594.27,1.2146707584236797e-14,1.3471249587184367e-17
594.28,1.214517272234415e-14,1.3993479949107713e-17
594.29,1.2144702767378542e-14,1.3726352055613164e-17
594.3,1.214413277583928e-14,1.3587437599393075e-17
594.31,1.214258891090766e-14,1.4055161702993825e-17
594.32,1.2141457953885898e-14,1.379063628723395e-17
594.33,1.214009757080469e-14,1.3300286992435715e-17
594.34,1.2139836660505225e-14,1.4386516488627817e-17
594.35,1.2138782581122277e-14,1.4016920898604314e-17
594.36,1.2136956072555286e-14,1.3618332301028885e-17
594.37,1.213892878820645e-14,1.587723138100735e-17
594.38,1.2135296894940374e-14,1.3426670912839376e-17
594.39,1.2134583914741427e-14,1.443184688851303e-17
594.4,1.2133193260735474e-14,1.3492730123622432e-17
594.41,1.213273310670962e-14,1.3572050589245987e-17
594.42,1.2131550162621276e-14,1.3917439583574005e-17
594.43,1.213096400014269e-14,1.372883765135601e-17
594.44,1.2129781437692351e-14,1.392737291390446e-17
594.45,1.2130563908157554e-14,1.4679576557105767e-17
594.46,1.2127981534696242e-14,1.3463272824682652e-17
594.47,1.2127418162158545e-14,1.396223802511745e-17
594.48,1.2126103485195849e-14,1.4099725224700543e-17
594.49,1.2124903428134871e-14,1.363459360799065e-17
594.5,1.212374906553091e-14,1.3610229607218573e-17
594.51,1.2122593998986566e-14,1.3811690841017882e-17
594.52,1.21220481543312e-14,1.418796596025511e-17
594.53,1.2120730279678865e-14,1.3766648268984012e-17
594.54,1.2118274765072173e-14,1.2802429148669856e-17
594.55,1.211910251143449e-14,1.3552817548513635e-17
594.56,1.21177905114275e-14,1.4138675027331524e-17
594.57,1.2117353628814056e-14,1.4246935947124258e-17
594.58,1.2116268713058645e-14,1.4387530620624394e-17
594.59,1.2114750419888114e-14,1.3681511598996833e-17
594.6,1.2114142181893915e-14,1.3735787185429493e-17
594.61,1.2112954489588096e-14,1.434615517929363e-17
594.62,1.2111729435417399e-14,1.3278858046855184e-17
594.63,1.2111380954102301e-14,1.6970813992415834e-17
594.64,1.2109830220118956e-14,1.3372000053325913e-17
594.65,1.2108380529942728e-14,1.3755073871876586e-17
594.66,1.210814429246448e-14,1.3626147124004166e-17
594.67,1.2106772465036715e-14,1.3269287952277304e-17
594.68,1.2105793348357975e-14,1.3568934010949613e-17
594.69,1.210503975822529e-14,1.3574715931116448e-17
594.7,1.2104194254195502e-14,1.4392268605762416e-17
594.71,1.210310726044238e-14,1.3675602362400064e-17
594.72,1.2098678677704697e-14,1.3951075576062522e-17
594.73,1.210063979644016e-14,1.3799577094448024e-17
594.74,1.2100541186659773e-14,1.3408815738282632e-17
594.75,1.2099620013795294e-14,1.3750040782696905e-17
594.76,1.2098441545630542e-14,1.428900927979079e-17
594.77,1.2097204325723492e-14,1.4078858378274706e-17
594.78,1.2095801182973993e-14,1.32575207508549e-17
594.79,1.209725685803222e-14,1.4764267488464897e-17
594.8,1.209448288245894e-14,1.384221238987997e-17
594.81,1.2094065133593658e-14,1.396114462057149e-17
594.82,1.2091979368591846e-14,1.4206279750806154e-17
594.83,1.209086653908389e-14,1.377415274213707e-17
594.84,1.2090092140917131e-14,1.36517998614795e-17
594.85,1.2089308297102246e-14,1.3884679698020232e-17
594.86,1.208841624999575e-14,1.4095574667628165e-17
594.87,1.2087452198322437e-14,1.3402779633523784e-17
594.88,1.2088781120297205e-14,1.3785020658412094e-17
594.89,1.2085186140318915e-14,1.371486838199488e-17
594.9,1.2083557192133238e-14,1.2738526679066912e-17
594.91,1.2083289031984132e-14,1.3807336127559827e-17
594.92,1.2082907237016942e-14,1.3370203806519943e-17
594.93,1.2081692362398895e-14,1.3802693624692192e-17
594.94,1.2080556831033573e-14,1.3752948478245141e-17
594.95,1.2079501337261792e-14,1.3645675142328467e-17
594.96,1.2078732723769058e-14,1.3844994666500953e-17
594.97,1.2079739777403482e-14,1.3410192291546869e-17
594.98,1.207646711709499e-14,1.3652530392935399e-17
594.99,1.2073668059500956e-14,1.3522649704939939e-17
595.0,1.2074093779616045e-14,1.3698472582368043e-17
595.01,1.2072967998500169e-14,1.392114185169679e-17
595.02,1.2073075886620126e-14,1.4020557106494187e-17
595.03,1.2071305020297353e-14,1.400936148653971e-17
595.04,1.2069856897272086e-14,1.358831734180644e-17
595.05,1.2069147604844978e-14,1.3996587302301816e-17
595.06,1.2068735471610002e-14,1.1520767032953883e-17
595.07,1.2067217038657567e-14,1.4309131553412034e-17
595.08,1.2066868925908841e-14,1.4403552500715677e-17
595.09,1.2065589739834972e-14,1.3828516892605833e-17
595.1,1.206381644808083e-14,1.272050479155644e-17
595.11,1.2063788734062524e-14,1.3371621875081197e-17
595.12,1.2062280164937574e-14,1.3842918017390743e-17
595.13,1.2061852878045752e-14,1.367686058269328e-17
595.14,1.2060207622985329e-14,1.3919594594018925e-17
595.15,1.2058540307293498e-14,1.1375144539988507e-17
595.16,1.2058539320894635e-14,1.3677132036327089e-17
595.17,1.2057478318214283e-14,1.3127125045553781e-17
595.18,1.2056275399970615e-14,1.3642221587988056e-17
595.19,1.205547672234657e-14,1.3799299327511149e-17
595.2,1.2054920395605178e-14,1.3709123466635498e-17
595.21,1.2053610222644867e-14,1.357409240643007e-17
595.22,1.2053356537868614e-14,1.3767777736909103e-17
595.23,1.2051415102023265e-14,1.3530494614455478e-17
595.24,1.2048708604782388e-14,1.221607647819592e-17
595.25,1.205024380702438e-14,1.4320303432877224e-17
595.26,1.2048544890813528e-14,1.3833939635884734e-17
595.27,1.2048010580803276e-14,1.388965604725214e-17
595.28,1.2046689541328006e-14,1.3408633166619398e-17
595.29,1.2045688929981135e-14,1.36787703769641e-17
595.3,1.2044481979609931e-14,1.3859055366804785e-17
595.31,1.2043865420883978e-14,1.3854917052710782e-17
595.32,1.2042677371382057e-14,1.3510105543113744e-17
595.33,1.2040144517466453e-14,1.366235384371486e-17
595.34,1.2041082486411788e-14,1.4083570974107392e-17
595.35,1.2040625499801128e-14,1.4209189297351748e-17
595.36,1.2038540045708137e-14,1.3674559130513279e-17
595.37,1.2037850773805699e-14,1.4405405433723356e-17
595.38,1.2036880817346936e-14,1.3807522314740263e-17
595.39,1.2035970130224005e-14,1.3591125487662404e-17
595.4,1.2034673342481382e-14,1.3667122383457841e-17
595.41,1.2033722251688165e-14,1.3987535840398692e-17
595.42,1.2033814240538618e-14,1.504370373183994e-17
595.43,1.2031849446937087e-14,1.3786423626764642e-17
595.44,1.203103416359478e-14,1.352089487168208e-17
595.45,1.203001243389929e-14,1.3546622268842988e-17
595.46,1.202907880039193e-14,1.3254995404236143e-17
595.47,1.202816564875435e-14,1.3650407070024968e-17
595.48,1.2026764849810858e-14,1.3695070203957651e-17
595.49,1.202603598660385e-14,1.3928430325536877e-17
595.5,1.2024762886841003e-14,1.3631166041765068e-17
595.51,1.202736086940338e-14,1.4849643698722476e-17
595.52,1.2023332972591825e-14,1.3872467364678266e-17
595.53,1.202217200738291e-14,1.369344203276398e-17
595.54,1.2021344693535895e-14,1.3767127783360545e-17
595.55,1.201991164879145e-14,1.4172737291281112e-17
595.56,1.2019146415250831e-14,1.3698787696138768e-17
595.57,1.2017969528476107e-14,1.3792042791603628e-17
595.58,1.201755928870216e-14,1.3501069075770291e-17
595.59,1.201572541138666e-14,1.3653910261110785e-17
595.6,1.20188111915404e-14,1.4319552743569687e-17
595.61,1.2014143922104554e-14,1.3479956488841784e-17
595.62,1.2013800406695119e-14,1.3892669424053044e-17
595.63,1.201235212996906e-14,1.363932719125026e-17
595.64,1.2012066917440856e-14,1.3082540783526968e-17
595.65,1.201032894572417e-14,1.3879678867801363e-17
595.66,1.2009286890684586e-14,1.3743627914271336e-17
595.67,1.2008332705283201e-14,1.3832154299924881e-17
595.68,1.2007433353729184e-14,1.3214539009621791e-17
595.69,1.2009717906231677e-14,1.2831066525060154e-17
595.7,1.2005689981333014e-14,1.4060358308799714e-17
595.71,1.2004610661935799e-14,1.3622707077945613e-17
595.72,1.2003558024943893e-14,1.3711950128307022e-17
595.73,1.2002633535538055e-14,1.3940166219185336e-17
595.74,1.2001768313209562e-14,1.3555138722915814e-17
595.75,1.2000440454522971e-14,1.3887464196660856e-17
595.76,1.1999410255806417e-14,1.3481484801081153e-17
595.77,1.1999183757330635e-14,1.3683665214792258e-17
595.78,1.1997890322237915e-14,1.0713101114908518e-17
595.79,1.1997240013806165e-14,1.41897901420473e-17
595.8,1.1996065655984363e-14,1.3803442287513075e-17
595.81,1.1994664957166796e-14,1.3572355877558058e-17
595.82,1.19941578794332e-14,1.3426533088971481e-17
595.83,1.1992853039670389e-14,1.3748099170146805e-17
595.84,1.199142816231695e-14,1.326040389197199e-17
595.85,1.199083677920145e-14,1.3819404140836231e-17
595.86,1.1989735479558345e-14,1.397124040017673e-17
595.87,1.1987490490673462e-14,1.1047577863236832e-17
595.88,1.1987873469630834e-14,1.3672373699301957e-17
595.89,1.1987396287120236e-14,1.374029568273662e-17
595.9,1.1985887035234804e-14,1.3557341955380039e-17
595.91,1.1984970902407008e-14,1.3566628013623213e-17
595.92,1.1983913196918323e-14,1.369202144049092e-17
595.93,1.1983051530290262e-14,1.2902778465971885e-17
595.94,1.1982131910092803e-14,1.3452493054290791e-17
595.95,1.1981514804262648e-14,1.4029713817410502e-17
595.96,1.1977979609037209e-14,1.1820002515200913e-17
595.97,1.1979358314927844e-14,1.3743512596773806e-17
595.98,1.1977687054401498e-14,1.3440817238095668e-17
595.99,1.1977231207673584e-14,1.3529375563459053e-17
596.0,1.1976849506827256e-14,1.422130149028842e-17
596.01,1.197520416875964e-14,1.3792618716958194e-17
596.02,1.197346600934458e-14,1.375392675648211e-17
596.03,1.197326259451959e-14,1.4167160364266612e-17
596.04,1.1972186109807298e-14,1.399814240186954e-17
596.05,1.1969489362540885e-14,1.3606427930104331e-17
596.06,1.1969634564346286e-14,1.3410838884254927e-17
596.07,1.1968408126334616e-14,1.3768184943821443e-17
596.08,1.1968461819386112e-14,1.3792572257780196e-17
596.09,1.1966621658325907e-14,1.3858279324280436e-17
596.1,1.1966207897373375e-14,1.359995136877405e-17
596.11,1.1964569167769708e-14,1.3796354319489684e-17
596.12,1.1964306471099686e-14,1.318659637597928e-17
596.13,1.1963053725388751e-14,1.3662152691530148e-17
596.14,1.1962054796454258e-14,1.4180682757116837e-17
596.15,1.196209165698108e-14,1.3602649986962704e-17
596.16,1.1961364949609246e-14,1.378002357320454e-17
596.17,1.1959530247499937e-14,1.3752827365519747e-17
596.18,1.1959284873613061e-14,1.4304468446185724e-17
596.19,1.1957642895236167e-14,1.3907354306074908e-17
596.2,1.195662241930704e-14,1.3693258799444889e-17
596.21,1.1956072981789757e-14,1.3713994129447476e-17
596.22,1.195464562867148e-14,1.3721167930380775e-17
596.23,1.195358488956736e-14,1.3816708922571638e-17
596.24,1.195228046331367e-14,1.454642057549188e-17
596.25,1.1951324626237061e-14,1.3632676200110864e-17
596.26,1.1950517706688473e-14,1.3528272183406488e-17
596.27,1.1948340929974182e-14,1.3973955974738704e-17
596.28,1.1949418117305315e-14,1.412129153274904e-17
596.29,1.1947601264157213e-14,1.3522010474981994e-17
596.3,1.1945648655390779e-14,1.2770953603404402e-17
596.31,1.1945564677694851e-14,1.367213317661076e-17
596.32,1.1944397703716512e-14,1.3623797036473594e-17
596.33,1.1942486181186301e-14,1.3079031604346208e-17
596.34,1.1941280467342587e-14,1.3501956689217511e-17
596.35,1.1941880858654825e-14,1.3705768084863752e-17
596.36,1.1940305183968828e-14,1.2640704028157266e-17
596.37,1.194050573593065e-14,1.3922187160327573e-17
596.38,1.1938901636942955e-14,1.3405791655022053e-17
596.39,1.1938413756178946e-14,1.3449892429297835e-17
596.4,1.1936371816251884e-14,1.3482033546214739e-17
596.41,1.1935805463917416e-14,1.3747926139726581e-17
596.42,1.193547307138851e-14,1.3878998996602888e-17
596.43,1.1933013073896368e-14,1.3518727823912361e-17
596.44,1.1932994859852376e-14,1.3758556594828443e-17
596.45,1.1933338792101586e-14,1.400594098148727e-17
596.46,1.1930923938843852e-14,1.362702302174725e-17
596.47,1.192977776291311e-14,1.3435893792698496e-17
596.48,1.1929258850583264e-14,1.346099407144388e-17
596.49,1.1928173729339938e-14,1.3676960069292342e-17
596.5,1.1926994346922554e-14,1.3872103479167693e-17
596.51,1.1926616395556005e-14,1.3378478835030215e-17
596.52,1.1925463300754241e-14,1.3877744581715374e-17
596.53,1.1924237476588969e-14,1.3647108695483171e-17
596.54,1.1923306347108993e-14,1.4059018065363196e-17
596.55,1.192209770946628e-14,1.3560829410816077e-17
596.56,1.192093973143365e-14,1.3652409261680283e-17
596.57,1.1920670270969088e-14,1.3783020795379914e-17
596.58,1.1919837724237357e-14,1.382502135985703e-17
596.59,1.1919525423686225e-14,1.4659997612821667e-17
596.6,1.191759440910716e-14,1.4056609417594826e-17
596.61,1.1917606136240216e-14,1.414655981412332e-17
596.62,1.1915796273355883e-14,1.3624242211903443e-17
596.63,1.1914300729728645e-14,1.3641555595024068e-17
596.64,1.1913886816462969e-14,1.3535809807942001e-17
596.65,1.1911599369331869e-14,1.3282634966155669e-17
596.66,1.1911737430018716e-14,1.3323923708205104e-17
596.67,1.191083469470135e-14,1.356600971820185e-17
596.68,1.191102197049181e-14,1.4196071755045512e-17
596.69,1.1908269323035597e-14,1.393551862276726e-17
596.7,1.1908019860378525e-14,1.3589808790531592e-17
596.71,1.19069799283089e-14,1.3645000557498145e-17
596.72,1.1905924863839246e-14,1.3649241987548104e-17
596.73,1.190482695932426e-14,1.3834445719560962e-17
596.74,1.190292692755317e-14,1.379680127887419e-17
596.75,1.1903167970463523e-14,1.368737857950269e-17
596.76,1.1902137239051356e-14,1.3670017115014205e-17
596.77,1.1902243543415793e-14,1.389371884509706e-17
596.78,1.1900064597700648e-14,1.3554714616354796e-17
596.79,1.1899810714739055e-14,1.3683440394953563e-17
596.8,1.1898132540323599e-14,1.3569438794089558e-17
596.81,1.18969165551495e-14,1.343981729821981e-17
596.82,1.18962800055295e-14,1.4210726177892122e-17
596.83,1.1893982308227379e-14,1.3478242672355746e-17
596.84,1.1893712059627542e-14,1.3465080081829138e-17
596.85,1.1891907220165337e-14,1.3025068900745351e-17
596.86,1.1892781212902257e-14,1.3392087403952224e-17
596.87,1.1891239730628185e-14,1.3534615680933706e-17
596.88,1.189056145048724e-14,1.3968052227580033e-17
596.89,1.1889379085685766e-14,1.3877717839477101e-17
596.9,1.1889013492440718e-14,1.3431521106283178e-17
596.91,1.1885146742784012e-14,1.2618414334822468e-17
596.92,1.1886114610772753e-14,1.4158387141396845e-17
596.93,1.188567523590963e-14,1.3864593226996163e-17
596.94,1.1885160254103758e-14,1.4160679239688075e-17
596.95,1.1884188618195234e-14,1.3532540757012933e-17
596.96,1.1882772791117366e-14,1.362385332695221e-17
596.97,1.188171404841573e-14,1.3594456502488898e-17
596.98,1.1880908545424715e-14,1.3598635451882728e-17
596.99,1.1880614900178988e-14,1.4488101784271488e-17
597.0,1.1879022765172304e-14,1.415544231701051e-17
597.01,1.1877312202058866e-14,1.381870555312195e-17
597.02,1.1877049703780701e-14,1.3890107894401864e-17
597.03,1.1875486733180338e-14,1.3318113094781638e-17
597.04,1.1874635211750712e-14,1.3248822171609419e-17
597.05,1.1873585984198653e-14,1.3627855462439818e-17
597.06,1.187366000751186e-14,1.3667850016674473e-17
597.07,1.1871912847189013e-14,1.3626792312468741e-17
597.08,1.1869460798620437e-14,1.2954115924833844e-17
597.09,1.1870100519304968e-14,1.3792350202506769e-17
597.1,1.1868974293340073e-14,1.4195925357709355e-17
597.11,1.1868040425356304e-14,1.3687456713593246e-17
597.12,1.1867213166352325e-14,1.3415602296267867e-17
597.13,1.1866289793969153e-14,1.3561061356616114e-17
597.14,1.186496872066977e-14,1.3491332836077541e-17
597.15,1.186445002305305e-14,1.3814565350642023e-17
597.16,1.1863139656738424e-14,1.3394353511726016e-17
597.17,1.1866024168126216e-14,1.5040389931206606e-17
597.18,1.1862164049530007e-14,1.4066630139273593e-17
597.19,1.1860147814759653e-14,1.4047050322693823e-17
597.2,1.1859874752306345e-14,1.3474188671685155e-17
597.21,1.1858620021204632e-14,1.4100762674886493e-17
597.22,1.1857789891791183e-14,1.3580043373604328e-17
597.23,1.1856478991075123e-14,1.348841900444344e-17
597.24,1.1855292934211782e-14,1.3651897972600582e-17
597.25,1.1854803501622142e-14,1.3539484843891473e-17
597.26,1.1852051713363392e-14,1.3779135089502222e-17
597.27,1.1852628913613186e-14,1.3781014234627007e-17
597.28,1.1851360009653238e-14,1.388962260755644e-17
597.29,1.1850617843527327e-14,1.3481771959114348e-17
597.3,1.1849537116089422e-14,1.3629315635957916e-17
597.31,1.184862626593203e-14,1.316166621526249e-17
597.32,1.1847961926074004e-14,1.3845644002973597e-17
597.33,1.1846521174538081e-14,1.3742721944008705e-17
597.34,1.1846189143528576e-14,1.392698680309602e-17
597.35,1.1850393659317735e-14,1.6565499563408257e-17
597.36,1.1843875456701827e-14,1.3832590664060952e-17
597.37,1.1842706696979499e-14,1.3516118700705505e-17
597.38,1.184226844729176e-14,1.3313160684764512e-17
597.39,1.1841065229774828e-14,1.3647222185268915e-17
597.4,1.183966008863538e-14,1.3499936149748345e-17
597.41,1.1839056819091552e-14,1.3492277975619812e-17
597.42,1.1837516166331876e-14,1.2844390811264702e-17
597.43,1.1836940219979157e-14,1.329655279875545e-17
597.44,1.1834076344148099e-14,1.3073037819298077e-17
597.45,1.1835509769026515e-14,1.3945556759504e-17
597.46,1.1833982594527357e-14,1.3636163501417803e-17
597.47,1.1833021321083353e-14,1.4166361637447083e-17
597.48,1.1832317746095073e-14,1.3221997829475157e-17
597.49,1.183151708124566e-14,1.3678741566835285e-17
597.5,1.1830402665779235e-14,1.3592215710395243e-17
597.51,1.1829569407081564e-14,1.3548331248067993e-17
597.52,1.1828495954418701e-14,1.3170198607067664e-17
597.53,1.1828075855744033e-14,1.431011273653659e-17
597.54,1.1826566953024106e-14,1.3640794656888307e-17
597.55,1.1825220030046228e-14,1.35826304249348e-17
597.56,1.1824742293915882e-14,1.3712507469914691e-17
597.57,1.1823817416500877e-14,1.35944333272713e-17
597.58,1.1821741432524616e-14,1.325790601479255e-17
597.59,1.1822166971102697e-14,1.3862992798119105e-17
597.6,1.1821062676118792e-14,1.382916897840527e-17
597.61,1.1821142226953675e-14,1.5535347980572996e-17
597.62,1.1819099168971581e-14,1.455664457332875e-17
597.63,1.1817537118334414e-14,1.3382275601077207e-17
597.64,1.1816452805925287e-14,1.3170633829897983e-17
597.65,1.1816108312350899e-14,1.3752631339797948e-17
597.66,1.1815105750263515e-14,1.353981504533125e-17
597.67,1.1814313003762663e-14,1.4214440739612663e-17
597.68,1.1812485296191045e-14,1.3521372576563881e-17
597.69,1.1812207422679738e-14,1.3686413705297328e-17
597.7,1.1810997360217435e-14,1.3349482111791985e-17
597.71,1.1809179699522916e-14,1.3045740485676962e-17
597.72,1.180919705859266e-14,1.3501783760447453e-17
597.73,1.1808111956168209e-14,1.3405388051630321e-17
597.74,1.1807703705089567e-14,1.3463704186715581e-17
597.75,1.1806667613369008e-14,1.3765740852613237e-17
597.76,1.1805650645991802e-14,1.3887516620993808e-17
597.77,1.180418260513628e-14,1.3532369086898044e-17
597.78,1.1803514549795727e-14,1.3506380331789824e-17
597.79,1.1802394682984836e-14,1.3574755676808645e-17
597.8,1.180186331633025e-14,1.421969787852859e-17
597.81,1.1800581454644239e-14,1.338606358360855e-17
597.82,1.1799537045061155e-14,1.3758569100053385e-17
597.83,1.179869347083089e-14,1.3260236136663855e-17
597.84,1.1797771141109974e-14,1.3558156350082571e-17
597.85,1.1796883644126972e-14,1.3821778101131307e-17
597.86,1.1795655327655965e-14,1.3489376846109508e-17
597.87,1.1794756835958006e-14,1.3440008466093827e-17
597.88,1.1793314125463353e-14,1.2951447253142884e-17
597.89,1.1791746970397504e-14,1.3086347356963668e-17
597.9,1.1791850215133684e-14,1.3661728417395286e-17
597.91,1.1790787716296891e-14,1.3612386098000607e-17
597.92,1.1790208024175993e-14,1.3531469697747254e-17
597.93,1.1788962830833858e-14,1.3390337736520593e-17
597.94,1.1788352033649005e-14,1.3801229880598871e-17
597.95,1.1787450008686587e-14,1.3719733053256106e-17
597.96,1.1786233861119456e-14,1.3809342932556178e-17
597.97,1.1785300925150856e-14,1.354054315620657e-17
597.98,1.1784446186374835e-14,1.3145239005964697e-17
597.99,1.1783364954781341e-14,1.349616699598079e-17
598.0,1.178234519657035e-14,1.3594304349683139e-17
598.01,1.17816756316921e-14,1.3576249886264764e-17
598.02,1.1780416556963544e-14,1.3729247290796156e-17
598.03,1.1779845678381378e-14,1.3269065708909105e-17
598.04,1.1778176680503681e-14,1.362068834400523e-17
598.05,1.1777521323952874e-14,1.3612152657217407e-17
598.06,1.1776593562526943e-14,1.3715247670508889e-17
598.07,1.1775896484909339e-14,1.410635952474113e-17
598.08,1.1774596076817602e-14,1.3297277590177698e-17
598.09,1.177366971853482e-14,1.3809059398597427e-17
598.1,1.1772482249304709e-14,1.3468443490590482e-17
598.11,1.1772122939545313e-14,1.3826107341423052e-17
598.12,1.1770222357448318e-14,1.326031798306719e-17
598.13,1.177014136417546e-14,1.3829317719241005e-17
598.14,1.1769143437263493e-14,1.3719883610201978e-17
598.15,1.1767781284476458e-14,1.38060419708967e-17
598.16,1.1767298385582666e-14,1.3241974197011782e-17
598.17,1.1765879033932522e-14,1.3479871153272222e-17
598.18,1.1765090456966354e-14,1.3850615728348935e-17
598.19,1.1763585135584405e-14,1.333045569719712e-17
598.2,1.1763356599179817e-14,1.3797172548857104e-17
598.21,1.1762215958476517e-14,1.399326714158034e-17
598.22,1.1761833978198276e-14,1.3531736923576709e-17
598.23,1.1760416186925676e-14,1.3463320669245285e-17
598.24,1.1759183260733404e-14,1.369768022842315e-17
598.25,1.1759200932428342e-14,1.3533948206480667e-17
598.26,1.1757326735244751e-14,1.3612725004920568e-17
598.27,1.1756028755279501e-14,1.3488824264879341e-17
598.28,1.1755378641299398e-14,1.3648961584552702e-17
598.29,1.1754660869954266e-14,1.3389157981005984e-17
598.3,1.1752603423107416e-14,1.2626143111944156e-17
598.31,1.1752565770198317e-14,1.3249547452061616e-17
598.32,1.1751998754605291e-14,1.3934393702062047e-17
598.33,1.1750599305928796e-14,1.3328558715520806e-17
598.34,1.1750357427601821e-14,1.3839233930544704e-17
598.35,1.1748733614147879e-14,1.3495794995373936e-17
598.36,1.1747544546966095e-14,1.3429552839535661e-17
598.37,1.1747255972486266e-14,1.3756031730295103e-17
598.38,1.1746022280587135e-14,1.3162585366196243e-17
598.39,1.1743844128616325e-14,1.3748144339073664e-17
598.4,1.1743167397209346e-14,1.274064486213551e-17
598.41,1.1743344493007652e-14,1.393130447570747e-17
598.42,1.1742013415725429e-14,1.3393021097080197e-17
598.43,1.1740995396714604e-14,1.3537964442608786e-17
598.44,1.1740063368263596e-14,1.376684662851266e-17
598.45,1.1739151195387245e-14,1.3678022039433623e-17
598.46,1.1738503762391915e-14,1.3681968224230967e-17
598.47,1.1737623277963112e-14,1.3441138475692364e-17
598.48,1.1738246228127917e-14,1.5322939011799746e-17
598.49,1.1735304430274191e-14,1.369446304396065e-17
598.5,1.1734065433896165e-14,1.3014841810847672e-17
598.51,1.173366477647284e-14,1.3421754811498034e-17
598.52,1.1732203440731632e-14,1.3797814798336775e-17
598.53,1.1731637737245666e-14,1.3618590597935391e-17
598.54,1.1730986835128858e-14,1.382355597719989e-17
598.55,1.1729869831002834e-14,1.363258981583479e-17
598.56,1.1729154825123125e-14,1.3568954134407722e-17
598.57,1.1726400213488964e-14,1.0773321477712582e-17
598.58,1.1727028249824082e-14,1.3720389656802308e-17
598.59,1.1726151928046663e-14,1.3552080493904754e-17
598.6,1.1724983525376461e-14,1.3621918096525152e-17
598.61,1.1723523596351811e-14,1.3369514437802674e-17
598.62,1.1722854049694594e-14,1.3567954052185428e-17
598.63,1.1722317209072467e-14,1.3431832870568202e-17
598.64,1.1720957392651225e-14,1.3660866235233258e-17
598.65,1.1720588484706885e-14,1.365302928222526e-17
598.66,1.1718181949796249e-14,1.1560001260747502e-17
598.67,1.1718137893278252e-14,1.3100523768036144e-17
598.68,1.171707506626132e-14,1.3082959459793599e-17
598.69,1.1716200760190076e-14,1.330847395349324e-17
598.7,1.1715197680611687e-14,1.3126818571899072e-17
598.71,1.1714176407815048e-14,1.3115952081260636e-17
598.72,1.1713277861699757e-14,1.3181872237265843e-17
598.73,1.171280102166264e-14,1.3854936924915089e-17
598.74,1.1711966207929643e-14,1.3473854773236898e-17
598.75,1.1709132617978954e-14,1.3286169376184672e-17
598.76,1.1709637440203115e-14,1.324909230709877e-17
598.77,1.1708794510417994e-14,1.3095094829494753e-17
598.78,1.1707784165632512e-14,1.3244131457402577e-17
598.79,1.170646188623536e-14,1.3198393510240704e-17
598.8,1.170596516009171e-14,1.3401762131981354e-17
598.81,1.1705195904098767e-14,1.3278047813786482e-17
598.82,1.1704183368224783e-14,1.3662722630073357e-17
598.83,1.1703108168678423e-14,1.3320357518174023e-17
598.84,1.17018148637853e-14,1.4094646700184007e-17
598.85,1.1701334055984735e-14,1.3262395699463003e-17
598.86,1.1700245873094892e-14,1.3609068593480088e-17
598.87,1.1699064146588168e-14,1.3338853342220035e-17
598.88,1.1698027945429007e-14,1.2888733673993111e-17
598.89,1.1697694298977616e-14,1.3252901050915447e-17
598.9,1.1696306888603488e-14,1.3197086633598762e-17
598.91,1.1695206460718689e-14,1.3825024911244281e-17
598.92,1.1694883049739149e-14,1.3504064818069327e-17
598.93,1.1692860063754113e-14,1.2356645626314115e-17
598.94,1.1692948742662607e-14,1.2961769267855976e-17
598.95,1.1691845462379491e-14,1.3418844868867309e-17
598.96,1.1690247566522182e-14,1.323666460340115e-17
598.97,1.1689747675084019e-14,1.3143105539183914e-17
598.98,1.1689575308710778e-14,1.3719450672500963e-17
598.99,1.1687870316882594e-14,1.3060782571352483e-17
599.0,1.1686717771777007e-14,1.3850576780817065e-17
599.01,1.1684053662465315e-14,1.3126313560675705e-17
599.02,1.1683826590834584e-14,1.3089169196283512e-17
599.03,1.1684119623971017e-14,1.3250026949076821e-17
599.04,1.1683576919338605e-14,1.299053539179272e-17
599.05,1.168227582410376e-14,1.3316143137501514e-17
599.06,1.168112552439146e-14,1.2918482648136884e-17
599.07,1.1680745906026923e-14,1.337022499365974e-17
599.08,1.1679197053326434e-14,1.3261527056615864e-17
599.09,1.1677748104345583e-14,1.386460014857106e-17
599.1,1.167798305662798e-14,1.4220343336052614e-17
599.11,1.167666088599585e-14,1.395315966845966e-17
599.12,1.1675484671860796e-14,1.3363415129613381e-17
599.13,1.1674492121214418e-14,1.345999606514277e-17
599.14,1.1673548377270706e-14,1.3195110441281428e-17
599.15,1.1673130342020753e-14,1.3177845975999109e-17
599.16,1.1672334370192484e-14,1.2803057582317085e-17
599.17,1.1670344676733387e-14,1.3170305027600255e-17
599.18,1.1668626819152617e-14,1.3303299183762334e-17
599.19,1.166846873320646e-14,1.2588975848733294e-17
599.2,1.1667941996239267e-14,1.3249403633977058e-17
599.21,1.166685027809608e-14,1.328331350179899e-17
599.22,1.1666110642459098e-14,1.341942104022614e-17
599.23,1.1664988954908534e-14,1.3123495588340797e-17
599.24,1.1665131070156815e-14,1.3696580608093779e-17
599.25,1.1663155569767298e-14,1.2932629349549804e-17
599.26,1.16621504063767e-14,1.3462613547574161e-17
599.27,1.1660496783206983e-14,1.2850145008072506e-17
599.28,1.1659895619305918e-14,1.3072493884930982e-17
599.29,1.1659991491882412e-14,1.4225434410324666e-17
599.3,1.165823440532266e-14,1.337315403468967e-17
599.31,1.1657470639926739e-14,1.3636866406803938e-17
599.32,1.1656646174691214e-14,1.3324758410955336e-17
599.33,1.1655847787760532e-14,1.3779030106454708e-17
599.34,1.1654794038720974e-14,1.3326912159437388e-17
599.35,1.1653860905280462e-14,1.319031809221273e-17
599.36,1.1652240091292091e-14,1.3005368413438214e-17
599.37,1.165187950302662e-14,1.3208468274410503e-17
599.38,1.1651751764461649e-14,1.3422753136753898e-17
599.39,1.165000955221701e-14,1.3192911890500985e-17
599.4,1.1648979696966937e-14,1.3061152755947935e-17
599.41,1.1647592249309667e-14,1.2920636495882948e-17
599.42,1.1646854246293112e-14,1.3741119971948172e-17
599.43,1.1645504489091019e-14,1.3220428297953532e-17
599.44,1.1645308931787601e-14,1.3070192978867608e-17
599.45,1.1643137295293668e-14,1.2800740924937594e-17
599.46,1.1643577720156601e-14,1.3416187993976815e-17
599.47,1.1642910440202757e-14,1.3255088998532009e-17
599.48,1.1641493046588124e-14,1.3380884680104219e-17
599.49,1.1640041864459614e-14,1.2927916810853167e-17
599.5,1.1639487371936017e-14,1.3123295918056544e-17
599.51,1.1637858777502793e-14,1.3304461326003617e-17
599.52,1.1637504562010992e-14,1.3343715975195485e-17
599.53,1.1636304297230313e-14,1.271538681670422e-17
599.54,1.1635936093980743e-14,1.3131413270028164e-17
599.55,1.1635128788237391e-14,1.3337105724297332e-17
599.56,1.1633685736021963e-14,1.3604945099345103e-17
599.57,1.1633002671259038e-14,1.3318953467461958e-17
599.58,1.1631309394161667e-14,1.354143009786089e-17
599.59,1.163056960757493e-14,1.3224889356607534e-17
599.6,1.1630004087154906e-14,1.3083705673301315e-17
599.61,1.1629151243412541e-14,1.343730920542083e-17
599.62,1.1628098908565873e-14,1.3717622877100498e-17
599.63,1.1627239436046969e-14,1.2779911937397829e-17
599.64,1.1625932807689864e-14,1.2796821915457271e-17
599.65,1.1626365368735789e-14,1.3485386768335974e-17
599.66,1.1624422822325018e-14,1.3385322973794571e-17
599.67,1.1623128069717953e-14,1.3232108988222288e-17
599.68,1.162237017090722e-14,1.2528493452305347e-17
599.69,1.1621643756870634e-14,1.3165974082080484e-17
599.7,1.162068755283069e-14,1.3336977241120307e-17
599.71,1.1620246840531695e-14,1.2751750383970704e-17
599.72,1.1618653296969703e-14,1.2994548369800159e-17
599.73,1.1617805333732458e-14,1.2926004314665967e-17
599.74,1.161585695521555e-14,1.1936952446073715e-17
599.75,1.1616058526997352e-14,1.3313339859926584e-17
599.76,1.1615206100561273e-14,1.3151631157964628e-17
599.77,1.1612665806151086e-14,1.2929226218431203e-17
599.78,1.1612279792773339e-14,1.2818643156626106e-17
599.79,1.1612178583182733e-14,1.3542845130970784e-17
599.8,1.1610665243118046e-14,1.412344705258027e-17
599.81,1.1609818805421402e-14,1.2974024211311847e-17
599.82,1.1609684747152004e-14,1.3397084901289737e-17
599.83,1.1606831065146409e-14,1.3381525880696355e-17
599.84,1.1607704275704503e-14,1.3231081158746513e-17
599.85,1.160694735522822e-14,1.331367186733946e-17
599.86,1.1605585229539072e-14,1.4328532668818683e-17
599.87,1.1603616776601827e-14,1.2494623659991482e-17
599.88,1.1603874746033723e-14,1.334797025552473e-17
599.89,1.1603172320872465e-14,1.3385916748701091e-17
599.9,1.1601737923055697e-14,1.2660093887268505e-17
599.91,1.1600945422687697e-14,1.3311818371232318e-17
599.92,1.1600240220636008e-14,1.272420693306495e-17
599.93,1.1599052180691013e-14,1.3100674555270576e-17
599.94,1.1597632137869864e-14,1.3121176907469689e-17
599.95,1.1597296791927817e-14,1.3136011550317668e-17
599.96,1.1595763625299241e-14,1.1903593457610998e-17
599.97,1.1595549996467289e-14,1.3155675139980362e-17
599.98,1.1594668796465912e-14,1.3040002665818428e-17
599.99,1.1593585590500511e-14,1.359600763689379e-17
600.0,1.1592570363550263e-14,1.3257229135370587e-17
